Username;SR;Eliminations;Final Blows;Solo Kills;Shots Fired;Shots Hit;Critical Hits;Damage Done;Objective Kills;Multikills;Environmental Kills;Melee Final Blows;Eliminations per Life;Weapon Accuracy;Healing Done;Teleporter Pads Destroyed;Turrets Destroyed;Offensive Assists;Eliminations - Most in Life;Damage Done - Most in Life;Healing Done - Most in Life;Weapon Accuracy - Best in Game;Kill Streak - Best;Damage Done - Most in Game;Healing Done - Most in Game;Eliminations - Most in Game;Final Blows - Most in Game;Objective Kills - Most in Game;Objective Time - Most in Game;Solo Kills - Most in Game;Offensive Assists - Most in Game;Offensive Assists - Average;Deaths - Average;Solo Kills - Average;Objective Time - Average;Objective Kills - Average;Healing Done - Average;Final Blows - Average;Eliminations - Average;Damage Done - Average;Deaths;Environmental Deaths;Medals - Bronze;Medals - Silver;Medals - Gold;Medals;Cards;Time Played;Games Played;Games Won;Objective Time;Time Spent on Fire;Win Percentage;Enemies Hacked;Enemies EMP'd;Enemies Hacked - Most in Game;Enemies EMP'd - Most in Game | 27;Enemies EMP'd - Average;Enemies Hacked - Average;Multikill - Best;Games Tied;Games Lost;
Badger-1688;3512;10;4;;485;113;21;1,213;;;;;5;23%;;;;;6;653;;23%;6;1,213;;10;4;;00:02;;;;5.96;2.98;00:06;2.98;;11.92;29.8;3,615.18;2;;1;;;1;;2 minutes;0;0;00:02;;100%;6;4;6;;12;18;
BananaNinja-1962;3609;5;3;2;856;269;25;3,794;;;;;1.25;31%;100;;;6;3;2,132;100;;3;3,208;100;5;3;;00:08;2;6;17;11.03;5.51;00:25;2.75;277.24;8.27;13.79;10,467.04;4;;0;0;0;0;;4 minutes;0;0;00:09;00:32;9%;12;7;11;;19;33;;;0;
Bluesummers-11947;2380;23;10;;2,157;917;40;8,150;13;;;;2.29;42%;34;;;7;11;2,021;34;;11;8,150;34;23;10;13;01:01;;7;13;18.97;1.89;01:56;24.66;63.89;18.97;43.64;15,465.29;10;;1;1;1;2;;9 minutes;1;1;01:01;00:53;100%;12;9;12;;17;23;
Bnetplayer-140668;2756;76;48;11;9,974;4,018;234;33,609;24;;;4;1.8;40%;2,637;;;35;7;3,042;892;42%;7;7,409;1,012;16;11;5;01:20;4;9;7;8.35;2.18;00:52;4.77;524.28;9.54;15.1;6,681.99;42;2;4;2;2;7;;57 minutes;5;1;04:24;03:46;20%;126;64;28;;13;25;;;4;
BraveHeart-1474;2646;32;14;5;4,702;1,423;107;14,219;9;;;3;2;30%;1,955;;;8;6;2,839;715;28%;6;8,013;1,030;15;8;5;00:37;4;5;5;9.95;3.1;00:39;5.59;1,215.62;8.7;19.9;8,842.81;16;;3;1;0;4;;20 minutes;2;1;01:02;;79%;47;25;18;;16;29;;;0;
buff4eyes-1647;2641;22;11;;4,297;1,997;114;14,551;14;;;;2;46%;;;;4;6;4,067;;46%;6;14,332;;22;11;14;01:18;;4;5;13.06;1.18;01:36;16.62;;13.06;26.12;17,277.38;11;;1;;;1;;13 minutes;1;;01:21;00:06;;;;;;;;;1;0;
Burdran-1918;0;7;4;;759;340;22;2,987;;;;2;1.4;44%;;;;2;4;933;;44%;4;2,987;;7;4;;00:19;;2;4;9.75;;00:38;1.95;;7.8;13.66;5,829.69;5;;1;1;0;2;;4 minutes;1;0;00:19;;0%;;;;;;;;1;0;
ByeByeMMR-1107;4093;2;2;;381;144;5;1,185;;;;;0.66;37%;;;;;;443;;37%;1;1,185;;2;2;;;;;5;14.2;4.73;;;;9.46;9.46;5,612.88;3;;;0;;0;;1 minute;0;;;;;3;3;3;;14;14;;;0;
Colors-1589;2481;29;9;;3,805;1,226;77;11,394;9;;;;1.52;32%;1,037;;;15;9;1,835;202;34%;9;3,731;506;20;7;6;00:34;;11;6;7.66;0.4;00:45;3.63;418.64;3.63;11.7;4,599.41;19;;3;0;1;4;;23 minutes;2;1;01:53;;42%;61;35;29;;14;25;;;1;
DerpHead-3508;0;221;72;21;26,987;9,990;570;92,735;77;;;3;2.4;37%;8,280;;;106;13;4,291;581;48%;13;11,190;912;27;11;15;01:59;4;15;10;8.84;2.01;00:57;7.39;795.67;6.91;21.23;8,911.58;92;;15;7;5;27;;2 hours;10;7;10:00;09:19;67%;323;163;36;;16;31;;;3;
Desu-1566;0;215;79;18;25,474;11,717;743;126,624;85;3;;7;2.62;45%;5,436;;2;104;12;5,945;456;54%;12;12,556;770;25;9;14;00:56;2;13;11;8.29;1.82;00:54;8.59;549.77;7.98;21.74;12,806.3;82;4;6;9;11;26;2;2 hours;10;4;08:54;13:54;38%;;;;;;;3;1;5;
Doubleko-2830;0;42;19;4;3,643;1,294;65;13,545;14;;;;4.2;35%;634;;;21;13;3,459;385;10%;13;10,375;634;33;15;12;00:48;4;18;21;10.05;4.02;01:21;14.08;637.86;19.11;42.24;13,625.34;10;;2;0;1;4;;17 minutes;1;0;01:20;02:55;18%;39;28;34;;28;39;;;1;
Dust-12446;4112;30;16;4;3,578;1,510;123;12,918;16;;;2;3.75;42%;1,061;;;13;13;2,865;286;44%;13;4,990;357;13;7;8;00:45;3;7;8;5.15;2.57;01:02;10.31;684.03;10.31;19.33;8,327.38;8;;2;1;2;4;;15 minutes;2;1;01:36;04:48;35%;;;;;;;;0;1;
fenner-1643;3332;328;139;29;33,608;13,800;1,121;125,619;142;7;;6;3.77;41%;13,008;;2;128;23;4,492;863;54%;23;17,376;2,249;48;27;29;02:58;7;25;12;7.84;2.61;01:01;12.8;1,172.9;12.53;29.57;11,326.99;87;2;16;9;10;35;6;2 hours;11;6;11:24;15:40;55%;;;;;;;4;1;4;
Flame-12415;2806;7;3;;727;196;19;1,190;2;;;;3.5;26%;75;;;;4;608;75;;4;1,190;75;7;3;2;00:20;;;;7.86;3.93;01:21;7.86;294.76;11.79;27.51;4,676.06;2;;1;0;0;1;;2 minutes;0;;00:20;;;6;4;6;;16;24;;;0;
FrodoSagBag-1891;2475;100;42;8;9,290;2,761;270;25,599;43;;;;7.69;29%;1,165;;;27;20;5,339;250;30%;20;13,453;993;52;20;24;02:04;4;14;12;5.6;3.44;01:35;18.54;502.13;18.1;43.11;11,037.61;13;;;3;5;8;2;35 minutes;2;2;03:40;04:01;76%;;;;;;;4;;1;
Fun-11165;3216;23;14;5;1,986;781;53;6,691;12;;;2;3.83;39%;558;;;5;12;2,086;277;;12;6,691;558;23;14;12;00:47;5;5;11;13.79;11.49;01:48;27.58;1,281.5;32.17;52.86;15,378.7;6;;1;0;;1;;8 minutes;0;0;00:47;02:52;100%;20;11;20;;25;46;
GaleAdelade-1452;4301;92;45;6;9,022;3,539;260;28,464;39;2;;2;4.38;39%;585;;;35;15;4,003;254;43%;15;10,486;306;36;20;18;01:38;5;12;15;9.23;2.63;01:46;17.14;257.4;19.78;40.45;12,515.29;21;;4;2;1;8;;34 minutes;2;2;04:03;05:57;66%;;;;;;;3;;1;
Gods-1217;4265;152;78;21;13,899;5,539;481;50,289;42;3;;3;3.8;39%;2,187;;;31;15;3,551;329;46%;15;11,446;578;38;19;17;00:40;4;9;6;7.49;3.93;00:30;7.87;409.96;14.62;28.49;9,428.86;40;;3;6;5;13;2;1 hour;5;4;02:41;04:49;78%;;;;;;;3;0;1;
guardkiller6-1557;0;71;30;6;11,915;3,821;277;34,942;30;;;5;2.84;32%;5,159;;;21;9;3,877;559;30%;9;15,562;1,948;38;18;15;01:26;2;11;7;8.2;1.96;01:18;9.84;1,693.4;9.84;23.3;11,469.69;25;;6;3;1;9;;47 minutes;3;2;03:57;;55%;80;56;33;;18;26;;;1;
Hach-11556;2426;846;446;164;85,738;35,132;2,574;307,796;276;4;;25;5.42;40%;46,134;2;36;246;18;8,170;1,797;49%;18;18,318;3,307;45;28;19;01:35;15;16;8;5.31;5.59;00:53;9.41;1,573.23;15.2;28.84;10,496.29;156;;22;27;26;75;21;5 hours;29;18;26:20;01:14:05;59%;;;;;;;3;1;11;
HappyPants-1658;0;8;6;;1,230;429;31;3,406;3;;;;0.72;34%;87;;;;3;908;87;56%;3;1,615;87;3;3;3;00:12;;;1;15.46;1.4;00:20;4.21;122.12;8.43;11.24;4,787.83;11;;0;0;;1;;7 minutes;1;0;00:14;00:20;13%;;;;;;;;0;1;
Headshots-21991;3069;213;100;28;29,489;11,378;1,083;101,932;59;3;;11;1.13;38%;3,668;;3;52;7;3,344;390;53%;7;12,747;999;32;14;9;02:14;6;8;4;15.23;2.26;00:49;4.78;297.21;8.1;17.26;8,260.25;188;;10;10;8;29;2;2 hours;12;4;10:14;05:08;31%;;;;;;;4;;8;
HybriDefiant-1190;2309;192;78;12;27,590;9,905;716;86,576;57;;;10;1.77;35%;18,761;;;77;9;4,894;857;46%;9;9,041;2,714;25;9;10;01:18;2;10;6;8.94;0.99;00:50;4.71;1,553.07;6.45;15.89;7,167.15;108;5;15;6;5;27;2;2 hours;12;6;10:09;04:38;47%;;;;;;;3;2;5;
Jimbob-1197;0;4;2;;543;127;12;1,042;2;;;;;23%;;;;;4;462;;20%;4;696;;4;2;2;00:10;;;3;11.72;;00:41;5.86;;5.86;11.72;3,054.75;4;;0;0;0;1;;3 minutes;0;;00:14;00:03;;2;;2;;;6;;;0;
jjlol-11226;0;32;16;2;3,516;1,198;103;12,484;14;;;3;2.46;34%;642;;;14;5;2,800;346;;5;8,184;346;20;10;7;00:57;2;9;13;11.88;1.82;01:37;12.8;586.95;14.63;29.26;11,418.17;13;;;0;0;0;;16 minutes;1;1;01:47;00:01;91%;37;21;24;;19;34;;;0;
JOE-16303;3640;23;13;3;3,563;1,154;74;10,332;4;;;2;1.53;32%;824;;;11;6;1,937;290;28%;6;4,045;290;11;8;2;00:18;;5;8;10.68;2.13;00:33;2.84;586.89;9.26;16.38;7,359.7;15;;1;1;1;3;;17 minutes;1;0;00:47;03:05;21%;32;17;14;;12;23;;;1;
Kimchibear-1750;3031;45;17;5;7,699;2,526;254;22,661;17;;;;1.4;32%;1,893;;;20;9;2,127;312;42%;9;8,190;732;22;7;11;00:36;3;13;7;11.34;1.77;00:28;6.02;670.77;6.02;15.94;8,030.78;32;;3;2;;5;;32 minutes;3;1;01:21;00:47;43%;;;;;;;3;;2;
KJerry-1610;4172;68;35;15;6,332;1,943;180;17,207;9;;;7;2.83;30%;3,392;;;22;13;2,907;739;32%;13;5,571;1,624;28;13;5;00:29;6;10;7;7.7;4.81;00:15;2.89;1,089.45;11.24;21.83;5,526.22;24;;5;1;0;6;;32 minutes;3;3;00:49;02:48;100%;51;30;19;;10;16;
Laquas-1954;3606;81;39;6;8,345;3,449;250;29,232;21;;;2;2.45;41%;1,988;;;30;11;3,294;944;36%;11;10,405;1,430;41;16;9;00:43;4;16;11;12.1;2.2;00:43;7.7;728.92;14.3;29.7;10,720.56;33;;4;1;;5;;37 minutes;3;2;01:57;09:14;85%;82;51;34;;19;30;;;0;
LiNkzr-2434;4517;160;72;18;13,143;5,572;509;55,809;54;3;;2;3.9;42%;7,838;;;47;13;4,626;1,558;51%;13;14,800;2,694;40;20;13;00:55;8;16;10;8.96;3.93;00:55;11.81;1,714.44;15.74;34.99;12,206.69;41;;3;4;6;13;3;59 minutes;5;4;04:13;10:33;76%;;;;;;;3;;1;
Love-14508;0;127;42;8;14,596;5,078;329;47,910;43;;;;2.22;34%;3,472;;;66;9;4,372;446;36%;9;8,140;840;25;10;8;01:12;3;13;10;8.98;1.26;00:49;6.77;547.28;6.62;20.01;7,552.4;57;3;9;2;1;13;;1 hour;6;4;05:16;01:21;60%;;;;;;;3;;2;
lubbock-11706;0;7;3;;824;322;23;2,424;3;;;;;39%;497;;;2;3;983;387;;3;1,693;387;6;3;3;00:25;;;4;14.12;2.01;01:05;6.05;1,002.27;6.05;14.12;4,891.24;7;;1;1;;1;;6 minutes;0;0;00:32;;49%;8;6;4;;12;16;;;0;
matth-2900;4081;39;23;5;5,221;1,894;161;14,817;23;;;;1.11;36%;759;;;;6;932;311;50%;6;1,844;311;7;5;6;00:20;3;;0;16.62;2.37;01:07;10.92;360.64;10.92;18.51;7,035.96;35;;2;1;2;5;;27 minutes;2;1;02:22;02:53;46%;;;;;;;;0;1;
MeePokBoy-1184;0;66;27;6;9,472;3,998;359;39,081;24;;;2;1.01;42%;3,346;;5;27;8;3,093;461;47%;8;8,107;884;19;7;10;00:47;3;10;4;10.77;0.99;00:31;3.97;554.67;4.47;10.94;6,478.7;65;;4;6;4;15;;1 hour;6;1;03:11;00:20;13%;;;;;;;;1;5;
Mickie-11702;3910;172;83;14;16,516;6,319;564;60,765;65;;;3;2.73;38%;460;;2;43;17;4,273;107;41%;17;15,053;385;33;18;17;01:47;4;11;10;14.6;3.24;01:34;15.07;106.73;19.24;39.88;14,090.67;63;;2;6;5;13;3;1 hour;4;2;06:48;16:15;36%;;;;;;;3;;3;
neptuNo-2723;0;103;50;14;9,594;4,623;411;51,043;23;;;3;2.57;48%;5,326;;;32;13;5,393;901;53%;13;15,681;2,049;41;20;10;01:12;6;9;10;12.09;4.23;00:51;6.95;1,610.46;15.11;31.14;15,433.79;40;;1;3;4;9;2;51 minutes;3;0;02:51;06:42;8%;;;;;;;3;;3;
nightmare-15966;2559;13;4;;3,692;1,235;111;10,941;5;;;3;1.08;33%;778;;;5;5;2,741;250;33%;5;10,941;778;13;4;5;01:54;;5;6;14.55;1.21;02:19;6.06;944.02;4.85;15.77;13,273.92;12;;;1;;1;;16 minutes;1;;01:54;;;32;20;32;;24;39;;;1;
Nomad-1999;3215;14;3;;2,175;747;48;6,429;6;;;;2;34%;1,123;;;8;6;1,476;498;20%;6;6,185;1,123;14;3;6;00:41;;8;14;12.51;1.78;01:14;10.72;2,008.07;5.36;25.03;11,497.06;7;;1;1;1;2;;10 minutes;1;0;00:41;00:17;84%;24;12;23;;21;43;;;0;
Nova-1456;3524;78;34;10;7,132;2,559;306;26,572;38;;;;1.77;35%;3,011;;4;32;10;3,620;845;52%;10;10,102;1,088;22;7;8;00:49;2;11;9;11.78;2.67;01:12;10.17;806.43;9.1;20.88;7,116.28;44;;3;2;7;12;2;48 minutes;4;2;04:31;01:03;47%;;;;;;;;0;2;
NzNr-1485;3763;12;5;;1,064;344;25;2,899;6;;;;2;32%;;;;6;9;1,301;;;9;1,995;;10;3;6;00:43;;5;9;9.21;1.53;01:07;9.21;;7.68;18.43;4,453.31;6;;1;1;0;2;;7 minutes;1;;00:43;01:58;;16;8;10;;12;25;;;1;
oPuTo-1727;0;117;40;12;14,014;5,891;559;53,277;37;;;3;2.29;42%;1,774;;2;41;10;3,960;482;43%;10;9,215;482;19;10;6;00:32;3;9;7;9;2.11;00:42;6.53;313.19;7.06;20.66;9,408.23;51;;3;4;7;15;;1 hour;6;3;03:59;07:01;56%;;;;;;;;1;2;
Phantom-1694;0;192;90;24;22,871;9,382;533;87,384;69;;;5;2.66;41%;8,694;;;50;10;5,523;764;46%;10;17,319;1,836;38;18;19;01:43;5;9;6;9.07;3.02;00:54;8.69;1,095.22;11.33;24.18;11,008.78;72;;13;4;2;19;;1 hour;8;4;07:11;07:58;44%;;;;;;;3;;4;
Poke-1171;0;200;74;9;16,280;6,050;526;70,314;68;4;;5;1.88;37%;9,326;;2;79;13;5,371;635;36%;13;10,435;1,212;29;17;9;01:20;3;10;10;12.8;1.08;01:00;8.21;1,126.44;8.93;24.15;8,493.07;106;2;9;7;6;22;3;1 hour;8;4;08:19;11:26;48%;;;;;;;3;1;4;
Realzx-21536;0;26;12;2;4,150;1,655;96;13,986;15;;;;1.3;39%;1,365;;;7;7;2,756;578;45%;7;8,903;597;21;7;15;01:27;;6;5;12.86;1.28;01:13;9.64;877.61;7.71;16.71;8,994.12;20;;1;1;2;4;;17 minutes;2;1;01:54;01:37;35%;23;23;17;;15;15;;;1;
Rebecca-12561;2677;38;12;;5,526;1,748;185;16,715;16;;;;2.37;31%;854;;;9;12;3,875;340;31%;12;12,935;626;36;12;16;01:22;;9;4;7.99;0.49;00:43;7.99;427.22;5.99;18.99;8,357.3;16;;2;1;3;6;;21 minutes;2;;01:27;01:38;;23;14;18;;7;11;;;2;
Rhorik-1715;2396;75;35;10;12,339;4,340;391;34,711;20;;;2;1.38;35%;2,441;;;34;8;3,456;367;39%;8;8,527;622;21;12;8;00:53;3;11;5;8.69;1.61;00:27;3.22;393.1;5.63;12.07;5,590.41;54;;9;3;2;14;2;1 hour;6;1;02:51;02:56;22%;136;73;32;;12;22;;;5;
Rumble-11405;2700;33;15;3;4,007;1,162;107;9,367;7;;;;2.06;28%;2,319;;2;14;10;2,310;543;26%;10;5,552;997;20;12;4;00:40;3;9;9;10.55;1.97;00:40;4.61;1,530.58;9.89;21.77;6,181.59;16;;1;1;0;2;;19 minutes;2;1;01:00;;57%;;;;;;;;0;1;
s1lv3RTank-1958;2495;2;2;;895;156;4;1,546;;;;;0.66;17%;83;;;;2;752;83;17%;2;1,546;83;2;2;;00:01;;;2;6.62;2.2;00:04;;183.27;4.41;4.41;3,413.49;3;;0;0;;1;;3 minutes;0;;00:01;;;7;4;7;;9;15;;;0;
Schooledv2-1230;4091;8;4;2;1,285;505;40;6,429;3;;;;1.33;39%;;;;2;3;2,061;;51%;3;3,600;;6;2;3;00:13;2;2;3;9.61;3.2;00:36;4.8;;6.4;12.81;10,299.06;6;;0;1;0;1;;7 minutes;1;0;00:22;;68%;10;7;4;;11;16;;;0;
SeonsU-1818;3343;19;6;;3,255;1,156;55;8,055;9;;;;2.11;35%;;;;10;6;1,889;;46%;6;3,078;;7;5;6;00:43;;5;11;9.91;1.1;02:09;9.91;;6.61;20.93;8,875.78;9;;1;2;0;3;;12 minutes;1;;01:57;00:14;;27;14;8;;15;30;;;1;
sev-12989;2982;67;28;7;9,241;3,686;287;30,774;19;;;2;1.21;39%;4,730;;;25;11;3,132;384;53%;11;11,501;1,550;32;11;12;01:24;2;14;4;8.35;1.06;00:34;2.88;718.71;4.25;10.18;4,676.37;55;;7;3;2;11;;55 minutes;7;1;03:46;01:04;19%;85;47;26;;7;13;;;5;
Shuri-11224;2799;5;3;;762;236;11;1,515;;;;2;1.66;30%;;;;2;5;1,176;;;5;1,264;;5;3;;00:17;;2;8;11.64;;01:14;;;11.64;19.41;5,882.75;3;;0;0;;1;;4 minutes;0;;00:19;;;8;4;6;;16;31;;;0;
Sk4nk-11901;2850;470;188;31;52,674;24,090;1,880;206,358;179;;;3;2.25;45%;22,203;;22;192;14;4,137;1,305;55%;14;21,185;3,069;48;21;19;01:59;6;19;9;9.88;1.47;00:49;8.5;1,054.84;8.93;22.32;9,803.87;208;2;28;30;10;68;10;3 hours;21;8;17:17;27:58;40%;;;;;;;4;1;12;
SLEDGE-11954;0;98;54;25;11,624;4,912;463;43,403;25;;;;2.57;42%;5,209;;2;32;15;6,958;699;49%;15;14,272;1,776;31;13;10;00:59;8;16;6;7.62;5.01;00:28;5.01;1,045.51;10.83;19.67;8,712.31;38;;4;6;3;13;;54 minutes;5;0;02:19;06:58;9%;;;;;;;;1;4;
Snow-13770;0;1,015;452;92;107,396;49,972;4,314;465,447;314;10;;29;3.13;46%;59,953;;16;366;22;10,609;1,286;56%;22;28,485;3,837;49;27;21;01:28;6;22;11;9.35;2.65;00:41;9.06;1,730.38;13.04;29.29;13,433.81;324;7;39;41;26;106;21;7 hours;35;23;24:11;01:19:01;64%;;;;;;;3;1;11;
SweetSato-1537;0;55;13;;4,736;1,555;157;15,901;20;;;;6.11;32%;1,232;;;32;17;4,612;250;36%;17;8,792;964;29;7;11;01:05;;23;15;4.16;;00:44;9.26;570.66;6.02;25.47;7,364.13;9;;4;0;;4;;21 minutes;2;2;01:36;00:55;100%;63;37;35;;17;29;
Terofied-1105;3738;43;19;5;5,828;1,916;161;15,136;20;;;;1.53;32%;3,292;;;15;5;1,934;537;38%;5;3,702;1,172;12;6;8;00:50;3;6;5;9.5;1.69;00:47;6.78;1,117.54;6.44;14.59;5,137.9;28;;3;2;1;6;;30 minutes;3;;02:20;00:53;;41;26;10;;9;14;;;3;
Thecno-1245;3458;30;14;6;2,481;608;40;5,773;9;;;3;2.14;24%;1,768;;;7;6;1,314;409;22%;6;3,874;1,036;15;6;5;00:21;2;4;3;5.48;2.35;00:23;3.52;692.95;5.48;11.75;2,262.85;14;;1;1;1;3;;21 minutes;3;;00:59;00:20;;;;;;;;;0;2;
thehacker-1190;2124;95;51;15;10,387;3,769;295;42,490;42;;;5;2.37;36%;3,290;;;25;7;4,408;383;29%;7;12,096;976;34;19;14;01:23;6;8;6;9.22;3.45;01:13;9.68;758.55;11.75;21.9;9,795.97;40;;5;4;4;13;;52 minutes;4;2;05:19;04:48;57%;;;;;;;3;;2;
viciouspics-1810;0;65;27;4;5,132;1,936;106;21,931;33;;;;4.06;37%;562;;3;28;30;6,518;187;41%;30;9,364;342;50;20;30;02:06;3;22;11;6.37;1.59;01:08;13.14;223.99;10.75;25.89;8,738.26;16;;3;1;1;6;;26 minutes;3;1;02:51;08:03;35%;;;;;;;3;;2;
Werky-1402;2938;41;18;;6,227;2,121;151;21,935;14;;;;1.46;34%;2,366;;;13;8;3,641;629;39%;8;12,652;1,189;21;11;8;01:28;;8;4;9.11;0.32;00:40;4.55;770.2;5.86;13.34;7,141.64;28;;5;2;1;8;;30 minutes;3;0;02:04;01:58;5%;47;37;28;;12;15;;;3;
Wraxu-1747;4056;54;27;9;5,049;1,954;136;19,999;17;;;4;3.17;38%;2,971;;;25;13;3,504;524;66%;13;7,509;1,236;16;8;8;00:16;4;10;11;7.71;4.08;00:26;7.71;1,347.63;12.24;24.49;9,071.01;17;;2;1;2;5;;29 minutes;2;2;00:58;03:15;75%;54;32;18;;15;24;;;1;
xCritell-1344;0;103;44;11;15,071;4,693;387;43,664;33;;;8;1.39;31%;4,384;;;40;13;2,985;437;32%;13;6,018;803;17;10;9;00:41;5;8;5;9.64;1.43;00:30;4.3;571.3;5.73;13.42;5,689.89;74;;10;5;3;17;;1 hour;8;2;03:56;;21%;;;;;;;;0;6;
Y19251658-2148;4035;244;90;11;27,017;11,246;862;102,929;88;6;;4;2.59;41%;21,696;;;92;16;5,506;1,175;52%;16;16,913;3,869;49;24;21;01:38;3;18;10;10.66;1.24;00:55;9.98;2,461.62;10.21;27.68;11,678.2;94;2;11;8;3;23;5;1 hour;9;5;08:13;10:09;60%;;;;;;;4;;3;
Zaren-21550;2394;13;4;;2,065;706;79;6,015;5;;;2;1.18;34%;666;;3;;3;1,455;250;;3;2,428;250;5;2;3;00:27;;;1;16;;01:24;7.27;968.78;5.81;18.91;8,751.27;11;2;1;1;1;2;;8 minutes;1;;00:58;;;;;;;;;;0;1;
Doubleko-2830;0;42;19;4;3,643;1,294;65;13,545;14;;;;4.2;35%;634;;;21;13;3,459;385;10%;13;10,375;634;33;15;12;00:48;4;18;21;10.05;4.02;01:21;14.08;637.86;19.11;42.24;13,625.34;10;;2;0;1;4;;17 minutes;1;0;01:20;02:55;18%;39;28;34;;28;39;;;1;
guardkiller6-1557;0;71;30;6;11,915;3,821;277;34,942;30;;;5;2.84;32%;5,159;;;21;9;3,877;559;30%;9;15,562;1,948;38;18;15;01:26;2;11;7;8.2;1.96;01:18;9.84;1,693.4;9.84;23.3;11,469.69;25;;6;3;1;9;;47 minutes;3;2;03:57;;55%;80;56;33;;18;26;;;1;
Headshots-21991;3069;213;100;28;29,489;11,378;1,083;101,932;59;3;;11;1.13;38%;3,668;;3;52;7;3,344;390;53%;7;12,747;999;32;14;9;02:14;6;8;4;15.23;2.26;00:49;4.78;297.21;8.1;17.26;8,260.25;188;;10;10;8;29;2;2 hours;12;4;10:14;05:08;31%;;;;;;;4;;8;
jjlol-11226;0;32;16;2;3,516;1,198;103;12,484;14;;;3;2.46;34%;642;;;14;5;2,800;346;;5;8,184;346;20;10;7;00:57;2;9;13;11.88;1.82;01:37;12.8;586.95;14.63;29.26;11,418.17;13;;;0;0;0;;16 minutes;1;1;01:47;00:01;91%;37;21;24;;19;34;;;0;
KJerry-1610;4172;68;35;15;6,332;1,943;180;17,207;9;;;7;2.83;30%;3,392;;;22;13;2,907;739;32%;13;5,571;1,624;28;13;5;00:29;6;10;7;7.7;4.81;00:15;2.89;1,089.45;11.24;21.83;5,526.22;24;;5;1;0;6;;32 minutes;3;3;00:49;02:48;100%;51;30;19;;10;16;
LiNkzr-2434;4517;160;72;18;13,143;5,572;509;55,809;54;3;;2;3.9;42%;7,838;;;47;13;4,626;1,558;51%;13;14,800;2,694;40;20;13;00:55;8;16;10;8.96;3.93;00:55;11.81;1,714.44;15.74;34.99;12,206.69;41;;3;4;6;13;3;59 minutes;5;4;04:13;10:33;76%;;;;;;;3;;1;
Love-14508;0;127;42;8;14,596;5,078;329;47,910;43;;;;2.22;34%;3,472;;;66;9;4,372;446;36%;9;8,140;840;25;10;8;01:12;3;13;10;8.98;1.26;00:49;6.77;547.28;6.62;20.01;7,552.4;57;3;9;2;1;13;;1 hour;6;4;05:16;01:21;60%;;;;;;;3;;2;
matth-2900;4081;39;23;5;5,221;1,894;161;14,817;23;;;;1.11;36%;759;;;;6;932;311;50%;6;1,844;311;7;5;6;00:20;3;;0;16.62;2.37;01:07;10.92;360.64;10.92;18.51;7,035.96;35;;2;1;2;5;;27 minutes;2;1;02:22;02:53;46%;;;;;;;;0;1;
neptuNo-2723;0;103;50;14;9,594;4,623;411;51,043;23;;;3;2.57;48%;5,326;;;32;13;5,393;901;53%;13;15,681;2,049;41;20;10;01:12;6;9;10;12.09;4.23;00:51;6.95;1,610.46;15.11;31.14;15,433.79;40;;1;3;4;9;2;51 minutes;3;0;02:51;06:42;8%;;;;;;;3;;3;
oPuTo-1727;0;117;40;12;14,014;5,891;559;53,277;37;;;3;2.29;42%;1,774;;2;41;10;3,960;482;43%;10;9,215;482;19;10;6;00:32;3;9;7;9;2.11;00:42;6.53;313.19;7.06;20.66;9,408.23;51;;3;4;7;15;;1 hour;6;3;03:59;07:01;56%;;;;;;;;1;2;
Poke-1171;0;200;74;9;16,280;6,050;526;70,314;68;4;;5;1.88;37%;9,326;;2;79;13;5,371;635;36%;13;10,435;1,212;29;17;9;01:20;3;10;10;12.8;1.08;01:00;8.21;1,126.44;8.93;24.15;8,493.07;106;2;9;7;6;22;3;1 hour;8;4;08:19;11:26;48%;;;;;;;3;1;4;
Realzx-21536;0;26;12;2;4,150;1,655;96;13,986;15;;;;1.3;39%;1,365;;;7;7;2,756;578;45%;7;8,903;597;21;7;15;01:27;;6;5;12.86;1.28;01:13;9.64;877.61;7.71;16.71;8,994.12;20;;1;1;2;4;;17 minutes;2;1;01:54;01:37;35%;23;23;17;;15;15;;;1;
SeonsU-1818;3343;19;6;;3,255;1,156;55;8,055;9;;;;2.11;35%;;;;10;6;1,889;;46%;6;3,078;;7;5;6;00:43;;5;11;9.91;1.1;02:09;9.91;;6.61;20.93;8,875.78;9;;1;2;0;3;;12 minutes;1;;01:57;00:14;;27;14;8;;15;30;;;1;
Werky-1402;2938;41;18;;6,227;2,121;151;21,935;14;;;;1.46;34%;2,366;;;13;8;3,641;629;39%;8;12,652;1,189;21;11;8;01:28;;8;4;9.11;0.32;00:40;4.55;770.2;5.86;13.34;7,141.64;28;;5;2;1;8;;30 minutes;3;0;02:04;01:58;5%;47;37;28;;12;15;;;3;
Y19251658-2148;4035;244;90;11;27,017;11,246;862;102,929;88;6;;4;2.59;41%;21,696;;;92;16;5,506;1,175;52%;16;16,913;3,869;49;24;21;01:38;3;18;10;10.66;1.24;00:55;9.98;2,461.62;10.21;27.68;11,678.2;94;2;11;8;3;23;5;1 hour;9;5;08:13;10:09;60%;;;;;;;4;;3;
Badger-1688;3512;10;4;;485;113;21;1,213;;;;;5;23%;;;;;6;653;;23%;6;1,213;;10;4;;00:02;;;;5.96;2.98;00:06;2.98;;11.92;29.8;3,615.18;2;;1;;;1;;2 minutes;0;0;00:02;;100%;6;4;6;;12;18;
buff4eyes-1647;2641;22;11;;4,297;1,997;114;14,551;14;;;;2;46%;;;;4;6;4,067;;46%;6;14,332;;22;11;14;01:18;;4;5;13.06;1.18;01:36;16.62;;13.06;26.12;17,277.38;11;;1;;;1;;13 minutes;1;;01:21;00:06;;;;;;;;;1;0;
DerpHead-3508;0;221;72;21;26,987;9,990;570;92,735;77;;;3;2.4;37%;8,280;;;106;13;4,291;581;48%;13;11,190;912;27;11;15;01:59;4;15;10;8.84;2.01;00:57;7.39;795.67;6.91;21.23;8,911.58;92;;15;7;5;27;;2 hours;10;7;10:00;09:19;67%;323;163;36;;16;31;;;3;
fenner-1643;3332;328;139;29;33,608;13,800;1,121;125,619;142;7;;6;3.77;41%;13,008;;2;128;23;4,492;863;54%;23;17,376;2,249;48;27;29;02:58;7;25;12;7.84;2.61;01:01;12.8;1,172.9;12.53;29.57;11,326.99;87;2;16;9;10;35;6;2 hours;11;6;11:24;15:40;55%;;;;;;;4;1;4;
Flame-12415;2806;7;3;;727;196;19;1,190;2;;;;3.5;26%;75;;;;4;608;75;;4;1,190;75;7;3;2;00:20;;;;7.86;3.93;01:21;7.86;294.76;11.79;27.51;4,676.06;2;;1;0;0;1;;2 minutes;0;;00:20;;;6;4;6;;16;24;;;0;
Gods-1217;4265;152;78;21;13,899;5,539;481;50,289;42;3;;3;3.8;39%;2,187;;;31;15;3,551;329;46%;15;11,446;578;38;19;17;00:40;4;9;6;7.49;3.93;00:30;7.87;409.96;14.62;28.49;9,428.86;40;;3;6;5;13;2;1 hour;5;4;02:41;04:49;78%;;;;;;;3;0;1;
HappyPants-1658;0;8;6;;1,230;429;31;3,406;3;;;;0.72;34%;87;;;;3;908;87;56%;3;1,615;87;3;3;3;00:12;;;1;15.46;1.4;00:20;4.21;122.12;8.43;11.24;4,787.83;11;;0;0;;1;;7 minutes;1;0;00:14;00:20;13%;;;;;;;;0;1;
jjlol-11226;0;32;16;2;3,516;1,198;103;12,484;14;;;3;2.46;34%;642;;;14;5;2,800;346;;5;8,184;346;20;10;7;00:57;2;9;13;11.88;1.82;01:37;12.8;586.95;14.63;29.26;11,418.17;13;;;0;0;0;;16 minutes;1;1;01:47;00:01;91%;37;21;24;;19;34;;;0;
KJerry-1610;4172;68;35;15;6,332;1,943;180;17,207;9;;;7;2.83;30%;3,392;;;22;13;2,907;739;32%;13;5,571;1,624;28;13;5;00:29;6;10;7;7.7;4.81;00:15;2.89;1,089.45;11.24;21.83;5,526.22;24;;5;1;0;6;;32 minutes;3;3;00:49;02:48;100%;51;30;19;;10;16;
MeePokBoy-1184;0;66;27;6;9,472;3,998;359;39,081;24;;;2;1.01;42%;3,346;;5;27;8;3,093;461;47%;8;8,107;884;19;7;10;00:47;3;10;4;10.77;0.99;00:31;3.97;554.67;4.47;10.94;6,478.7;65;;4;6;4;15;;1 hour;6;1;03:11;00:20;13%;;;;;;;;1;5;
Mickie-11702;3910;172;83;14;16,516;6,319;564;60,765;65;;;3;2.73;38%;460;;2;43;17;4,273;107;41%;17;15,053;385;33;18;17;01:47;4;11;10;14.6;3.24;01:34;15.07;106.73;19.24;39.88;14,090.67;63;;2;6;5;13;3;1 hour;4;2;06:48;16:15;36%;;;;;;;3;;3;
NzNr-1485;3763;12;5;;1,064;344;25;2,899;6;;;;2;32%;;;;6;9;1,301;;;9;1,995;;10;3;6;00:43;;5;9;9.21;1.53;01:07;9.21;;7.68;18.43;4,453.31;6;;1;1;0;2;;7 minutes;1;;00:43;01:58;;16;8;10;;12;25;;;1;
oPuTo-1727;0;117;40;12;14,014;5,891;559;53,277;37;;;3;2.29;42%;1,774;;2;41;10;3,960;482;43%;10;9,215;482;19;10;6;00:32;3;9;7;9;2.11;00:42;6.53;313.19;7.06;20.66;9,408.23;51;;3;4;7;15;;1 hour;6;3;03:59;07:01;56%;;;;;;;;1;2;
Rebecca-12561;2677;38;12;;5,526;1,748;185;16,715;16;;;;2.37;31%;854;;;9;12;3,875;340;31%;12;12,935;626;36;12;16;01:22;;9;4;7.99;0.49;00:43;7.99;427.22;5.99;18.99;8,357.3;16;;2;1;3;6;;21 minutes;2;;01:27;01:38;;23;14;18;;7;11;;;2;
Werky-1402;2938;41;18;;6,227;2,121;151;21,935;14;;;;1.46;34%;2,366;;;13;8;3,641;629;39%;8;12,652;1,189;21;11;8;01:28;;8;4;9.11;0.32;00:40;4.55;770.2;5.86;13.34;7,141.64;28;;5;2;1;8;;30 minutes;3;0;02:04;01:58;5%;47;37;28;;12;15;;;3;
Y19251658-2148;4035;244;90;11;27,017;11,246;862;102,929;88;6;;4;2.59;41%;21,696;;;92;16;5,506;1,175;52%;16;16,913;3,869;49;24;21;01:38;3;18;10;10.66;1.24;00:55;9.98;2,461.62;10.21;27.68;11,678.2;94;2;11;8;3;23;5;1 hour;9;5;08:13;10:09;60%;;;;;;;4;;3;
