Username;SR;Recon Kills;Sentry Kills;Tank Kills;Sentry Kills - Most in Game;Recon Kills - Most in Game;Tank Kills - Most in Game;Melee Final Blow - Most in Game;Tank Kills - Average;Sentry Kills - Average;Recon Kills - Average;Eliminations;Final Blows;Solo Kills;Shots Fired;Shots Hit;Critical Hits;Damage Done;Objective Kills;Multikills;Environmental Kills;Melee Final Blows;Critical Hits;Critical Hits per Minute;Critical Hit Accuracy;Eliminations per Life;Weapon Accuracy;Healing Done;Teleporter Pads Destroyed;Turret Destroyed;Self Healing;Eliminations - Most in Life;Damage Done - Most in Life;Healing Done - Most in Life;Weapon Accuracy - Best in Game;Kill Streak - Best;Damage Done - Most in Game;Healing Done - Most in Game;Eliminations - Most in Game;Final Blows - Most in Game;Objective Kills - Most in Game;Objective Time - Most in Game;Solo Kills - Most in Game;Critical Hits - Most in Game;Critical Hits - Most in Life;Self Healing - Most in Game;Melee Final Blows - Average;Self Healing - Average;Deaths - Average;Solo Kills - Average;Objective Time - Average;Objective Kills - Average;Healing Done - Average;Final Blows - Average;Eliminations - Average;Damage Done - Average;Deaths;Environmental Death;Medals - Bronze;Medals - Silver;Medals - Gold;Medals;Cards;Time Played;Games Played;Games Won;Objective Time;Time Spent on Fire;Win Percentage;Multikill - Best;Games Tied;Games Lost;
aahmad3_3;2887;5;19;2;11;3;2;;0.81;7.74;2.03;26;17;3;7,318;1,563;77;22,257;14;;;;77;0.05;4%;0.86;21%;948;;1;948;3;2,529;422;40%;3;7,955;444;16;11;10;00:26;2;48;22;444;;0.65;12.22;1.22;00:20;5.7;386.32;6.92;10.59;9,070.05;30;1;2;1;2;6;;24 minutes;2;;00:51;;;;;2;
abra84kadabra;2388;16;37;7;6;3;3;;1.83;9.68;4.18;60;36;12;10,436;2,561;132;37,005;16;;;;132;0.06;5%;1.81;24%;1,846;;;1,846;7;4,924;270;31%;7;10,143;330;9;7;6;00:07;3;29;18;330;;0.85;8.64;3.14;00:04;4.18;483.41;9.42;15.71;9,689.95;33;1;1;2;1;4;;35 minutes;4;1;00:16;02:15;22%;;1;2;
aisia121;4402;5;17;2;10;2;;;1.9;16.2;4.76;24;17;4;5,012;966;52;15,407;2;;;;52;0.06;5%;1.84;19%;314;;;314;5;3,311;193;25%;5;9,793;193;13;8;;00:14;2;30;14;193;;0.39;12.38;3.81;00:13;1.9;299.12;16.2;22.87;14,682.36;13;;1;1;0;2;;13 minutes;1;1;00:14;;100%;
AkimboMistiK;4291;20;39;13;14;10;6;1;4.37;13.11;6.72;72;48;12;6,105;2,011;167;35,194;36;;;;167;0.1;8%;4.8;32%;1,254;;;1,254;8;7,024;227;37%;8;16,095;384;27;18;12;02:33;5;67;37;384;0.33;0.75;5.04;4.03;02:37;12.1;421.93;16.14;24.21;11,838.51;15;;2;5;5;12;2;27 minutes;3;3;07:47;08:55;100%;
akira082219;0;21;33;11;12;6;3;1;3.85;11.55;7.35;65;41;16;11,109;2,847;134;45,999;30;;;2;134;0.06;4%;2.09;25%;1,476;;;1,476;10;6,625;488;41%;10;17,474;648;21;12;12;01:30;6;27;20;648;0.7;0.67;10.85;5.6;00:58;10.5;516.77;14.35;22.76;16,110.28;31;;3;4;1;8;;36 minutes;3;1;02:47;03:18;28%;;0;2;
Akodak;3000;2;9;3;9;2;3;;6.03;18.09;4.02;14;9;2;1,982;375;19;6,983;5;;;;19;0.04;5%;2.33;18%;185;;;185;6;2,192;174;18%;6;6,983;185;14;9;5;00:06;2;19;11;185;;0.44;12.06;4.02;00:13;10.05;371.97;18.09;28.14;14,037.75;6;;1;0;;1;;6 minutes;0;;00:06;00:20;;;;0;
AllStatsDown;0;7;49;6;28;3;4;;3.08;25.16;3.59;62;40;11;7,627;1,929;134;32,090;22;;;;134;0.09;6%;4.13;25%;1,659;;;1,659;20;9,809;444;25%;20;13,950;762;35;21;18;00:58;5;75;61;762;;1.19;7.7;5.64;00:33;11.29;851.77;20.54;31.83;16,478.75;15;;2;1;4;6;2;23 minutes;2;2;01:05;05:49;84%;;;0;
angels_fan_44;2127;;;;;;;;;;7.48;;;;340;60;3;773;;;;;3;0.02;5%;;17%;475;;;475;;645;453;;1;773;475;;;;00:00;;3;2;475;;3.48;7.48;7.48;00:02;;3,553.57;7.48;7.48;5,791.06;;;;0;0;0;;2 minutes;0;0;00:00;;100%;
APurplePanduh;4021;4;3;2;2;3;2;;2.09;3.14;4.19;9;6;;1,091;425;17;7,565;2;;;;17;0.03;4%;;38%;162;;;162;2;3,208;110;76%;2;3,993;162;5;2;;00:02;;7;4;162;;0.36;9.43;1.04;00:02;2.09;170.16;6.28;9.43;7,926.41;9;1;1;1;1;2;;7 minutes;1;0;00:02;;36%;;;1;
Arash1994;0;10;24;2;11;7;;;0.99;11.96;4.98;36;26;11;3,563;811;74;13,718;11;;;;74;0.1;9%;6;22%;1,946;;1;1,946;8;5,388;475;27%;8;5,801;1,255;19;15;9;00:30;5;40;21;1,255;;2.72;2.99;5.48;00:21;5.48;970.14;12.96;17.94;6,838.84;6;1;3;4;3;10;2;11 minutes;2;2;00:44;02:43;94%;3;;0;
AutoBots_Kick_A;2901;22;53;10;13;6;3;;4.13;21.91;9.09;85;56;16;7,323;2,278;132;38,314;26;;;;132;0.06;5%;3.4;31%;3,092;;;3,092;9;5,593;586;40%;9;10,193;586;19;12;8;00:10;6;31;29;586;;1.48;10.33;6.61;00:04;10.75;1,278.52;23.15;35.14;15,842.72;25;;1;1;2;5;;34 minutes;2;1;00:12;04:26;49%;3;0;1;
AutumnLovely6;2983;8;36;3;11;5;2;;1.31;15.83;3.51;47;29;11;8,194;2,259;115;36,415;23;;;;115;0.07;5%;2.13;27%;1,773;;;1,773;6;6,239;401;22%;6;7,426;559;18;11;11;00:30;4;29;20;559;;1.16;9.67;4.83;00:21;10.11;779.86;12.75;20.66;16,013.15;22;;2;2;4;8;;25 minutes;2;0;00:49;02:12;21%;;0;1;
AyoKlaus;2925;2;7;;7;2;;;2.28;15.96;4.56;10;10;6;1,573;556;29;7,906;3;;;;29;0.09;5%;1.66;35%;184;;;184;5;4,658;184;38%;5;7,166;184;10;10;3;00:04;6;27;11;184;;0.61;13.68;13.68;00:16;6.84;419.51;22.8;22.8;18,028.85;6;;;0;1;1;;5 minutes;0;;00:07;02:46;;;;0;
Bashemdefoe;3000;;7;;4;;;;3.71;26.01;;8;6;;1,631;224;23;3,662;4;;;;23;0.1;10%;8;13%;507;;;507;3;1,315;507;13%;3;2,347;507;5;5;3;00:02;;13;13;507;;2.33;3.71;3.71;00:07;14.86;1,885.07;22.3;29.73;13,609.7;;;0;0;;1;;3 minutes;0;0;00:02;;100%;
bboyer123;2774;2;7;;6;2;;;;12.95;3.7;9;7;2;2,052;790;23;11,968;4;;;;23;0.05;2%;;38%;180;;1;180;4;4,521;163;28%;4;9,794;180;8;6;4;00:19;;20;9;180;;0.4;16.66;3.7;00:36;7.4;333.15;12.95;16.66;22,157.83;9;;0;1;1;2;;7 minutes;1;;00:19;;;;;1;
Beautiful-KEN-;3195;;;;;;;;4.44;;4.44;2;;;1,108;311;7;6,858;;;;;7;0.03;2%;0.66;28%;;;;;;2,340;;28%;1;6,858;;2;;;;;7;3;;;;13.33;;;;;4.44;8.88;30,476.79;3;;0;0;0;1;;3 minutes;0;;;;;;;0;
BEBOFLOW-PR;0;50;60;16;14;19;4;1;2.74;10.3;8.58;126;72;22;18,819;5,959;256;94,246;35;2;;2;256;0.06;4%;2.17;31%;4,161;;;4,161;14;8,295;897;51%;14;13,263;897;36;21;11;00:32;5;31;31;897;0.34;1.04;9.95;3.77;00:18;6;714.38;12.36;21.63;16,181.13;58;;6;6;3;15;3;1 hour;6;2;01:45;03:43;41%;3;1;3;
BEN-B-en;0;13;66;3;20;3;;;0.87;19.25;3.79;82;49;7;13,739;3,039;153;47,412;32;;;;153;0.05;5%;1.9;22%;2,202;;;2,202;11;3,600;411;89%;11;6,200;508;21;16;8;00:08;2;29;18;508;;0.8;12.54;2.04;00:04;9.33;642.6;14.29;23.92;13,834.67;43;;5;3;2;10;;45 minutes;3;1;00:15;02:48;30%;3;1;2;
bhmazz;0;2;10;2;4;2;;1;1.54;7.7;1.54;14;12;3;2,705;523;14;9,500;5;;;;14;0.01;2%;;19%;695;;;695;4;1,981;245;19%;4;3,627;480;7;6;3;00:08;3;10;5;480;0.77;0.85;10.78;2.31;00:13;3.85;535.39;9.24;10.78;7,318.02;14;;1;1;1;2;;13 minutes;1;1;00:17;00:22;39%;;;1;
BlackNight1972;3000;;2;;2;;;;;9.27;;2;2;;315;177;9;3,136;;;;;9;0.13;5%;;56%;;;;;2;2,321;;56%;2;3,136;;2;2;;00:03;;9;5;;;;9.27;;00:14;;;9.27;9.27;14,548.42;2;;;1;0;1;;1 minute;0;;00:03;;;;;0;
BloodHoundHD;4028;;;;;;;;;;16.1;;;;224;139;9;2,279;;;;;9;0.22;6%;;62%;;;;;;2,164;;;1;2,279;;;;;;;9;8;;;;16.1;;;;;;16.1;36,704.4;;;;0;0;0;;39.91836500540376 seconds;0;0;;;9%;;;0;
Blota_Skoles;3358;95;179;66;19;16;10;1;5.19;14.07;7.47;340;193;48;48,879;12,790;734;225,587;102;;;2;734;0.06;5%;1.92;26%;8,465;;1;8,465;15;5,853;514;42%;15;20,151;938;35;19;16;01:34;8;85;26;938;0.15;0.8;13.91;3.77;00:37;8.02;665.63;15.17;26.73;17,739.66;177;;15;11;14;40;4;2 hours;13;8;07:52;13:35;60%;3;0;5;
blueschopper0628;1959;;2;;2;;;;;11.94;;2;2;;1,137;183;14;2,617;;;;;14;0.11;7%;0.66;16%;;;;;;1,310;;27%;1;1,310;;2;2;;;;11;9;;;;17.92;5.97;;;;11.94;11.94;15,636.25;3;;;0;1;1;;1 minute;0;;;;;;;0;
BobbysWorldGamer;2493;;;;;;;;;6.75;;;;;694;89;2;1,182;;;;;2;0.01;2%;0.5;12%;;;;;;752;;;1;1,182;;;;;;;2;2;;;;13.51;;;;;6.75;6.75;7,989.96;2;;0;0;0;0;;1 minute;0;0;;;18%;;;0;
boJangles408;2209;35;94;8;22;7;2;;1.03;12.19;4.54;137;87;26;25,847;4,959;313;80,600;65;;;;313;0.07;6%;2.58;19%;6,789;;1;6,789;18;7,284;725;25%;18;15,159;1,062;25;17;16;00:48;7;63;47;1,062;;1.54;6.87;3.37;00:24;8.43;880.64;11.28;17.77;10,455.04;53;;6;7;10;23;5;1 hour;8;3;03:08;07:31;43%;3;;4;
boneh;4051;9;23;4;8;4;3;;2.23;12.84;5.02;36;24;7;4,996;1,419;91;21,617;12;;;;91;0.1;6%;3.27;28%;273;;;273;10;4,732;273;37%;10;5,598;273;15;12;3;00:33;4;31;24;273;;0.31;6.14;3.91;00:20;6.7;152.51;13.4;20.1;12,074.65;11;;3;1;1;5;;14 minutes;2;2;00:37;00:15;100%;
BunnyFuufu;3926;28;103;20;22;7;4;;3.2;16.52;4.49;151;107;45;12,371;3,865;259;64,961;27;;;;259;0.06;6%;3.35;31%;3,041;;;3,041;10;5,071;301;59%;10;17,342;914;33;27;6;00:25;12;37;19;914;;0.81;7.22;7.22;00:10;4.33;488.02;17.17;24.23;10,424.49;45;;8;7;3;18;;1 hour;6;6;01:07;13:33;100%;
buraki35;4286;5;27;5;25;5;3;;3.97;21.44;3.97;37;29;2;4,638;1,371;53;23,298;27;;;;53;0.07;3%;6.16;29%;414;;;414;11;5,200;191;;11;18,790;414;33;25;25;02:37;2;45;17;414;;0.61;4.76;1.58;02:16;21.44;328.92;23.03;29.38;18,503.85;6;;2;1;3;5;2;11 minutes;1;1;02:51;02:13;100%;3;
Cassia7;3556;24;103;11;14;5;2;;2.42;22.72;5.29;138;78;21;17,322;5,862;237;90,867;57;2;;;237;0.06;4%;2.6;33%;4,407;;;4,407;11;6,842;744;55%;11;12,126;744;19;15;7;00:45;8;39;19;744;;1.19;11.69;4.63;00:24;12.57;972.28;17.2;30.44;20,047.4;53;;5;3;7;15;2;1 hour;5;1;01:48;06:18;27%;3;1;3;
chaikurox;2382;;11;;11;;;;4.35;47.85;4.35;13;9;;1,184;318;34;5,134;2;;;;34;0.13;10%;4.33;26%;327;;;327;11;3,648;269;;11;5,134;327;13;9;2;;;34;26;327;;1.33;13.05;4.35;;8.7;1,421.87;39.15;56.56;22,338.82;3;;0;0;;1;;4 minutes;0;0;;03:03;100%;3;
Chuni-Byo;0;4;11;3;3;2;2;;2.91;10.68;3.88;18;9;;4,691;1,619;69;28,876;6;;;;69;0.09;4%;1.63;34%;537;;;537;6;6,075;224;38%;6;6,346;224;6;2;2;00:37;;15;13;224;;0.73;10.68;;01:41;5.82;521.52;8.74;17.48;28,055.53;11;;2;2;1;5;;12 minutes;1;0;01:44;;38%;;;1;
Conquistasaur;2404;;3;;2;;;;4.24;12.74;;4;3;;1,362;189;17;2,693;2;;;;17;0.06;8%;1.33;13%;200;;;200;;1,321;200;;1;1,802;200;2;2;;00:00;;11;9;200;;0.75;12.74;4.24;00:04;8.49;847.82;12.74;16.99;11,441.89;3;;0;;;0;;4 minutes;0;0;00:00;;42%;;;0;
crimsonview93;2440;7;11;4;6;4;2;;3.59;9.88;6.28;22;15;2;3,355;757;45;11,941;12;;;;45;0.04;5%;1.57;22%;920;;;920;4;2,966;358;;4;7,412;714;12;9;6;00:24;2;23;14;714;;1.01;12.57;1.79;00:39;10.77;826.01;13.47;19.76;10,725.14;14;;;2;3;5;;15 minutes;1;;00:44;00:05;;;;1;
CrispeChris;3343;7;17;9;6;3;3;;6.48;12.24;5.04;33;21;5;3,564;872;85;15,360;10;2;;;85;0.1;9%;8.25;24%;429;;;429;7;3,720;175;39%;7;5,018;175;8;6;5;00:03;2;24;24;175;;0.53;2.88;3.6;00:06;7.2;309.25;15.12;23.76;11,061.36;4;;1;1;0;2;;13 minutes;1;1;00:09;00:58;100%;3;
cyber_animaI;4399;4;12;5;5;2;3;;6.04;14.5;4.83;21;12;4;2,293;689;27;15,216;8;;;;27;0.04;3%;3.5;30%;866;;;866;8;4,449;413;41%;8;9,583;598;9;5;4;01:31;2;15;15;598;;1.57;7.25;4.83;02:35;9.67;1,047.05;14.5;25.39;18,398.01;6;;2;1;1;3;;9 minutes;1;1;02:08;00:45;100%;
CyberBuIIying;4034;;2;;;;;;;8.1;4.05;3;2;;684;196;8;3,384;;;;;8;0.03;4%;0.6;28%;276;;;276;;1,334;195;26%;1;2,329;244;2;;;00:09;;6;5;244;;1.32;20.26;;00:36;;1,120.56;8.1;12.16;13,716.14;5;;0;0;0;1;;3 minutes;0;0;00:09;;55%;;;0;
DEERc_;2430;;3;;3;;;;;7.8;2.6;4;4;2;433;111;9;1,332;;;;;9;0.05;8%;1.33;25%;93;;;93;4;1,332;93;25%;4;1,332;93;4;4;;;2;9;7;93;;0.6;7.8;5.2;;;242.03;10.4;10.4;3,464.08;3;;1;0;0;2;;2 minutes;0;;;;;;;0;
Defyz---;0;2;3;;3;;;;;27.57;18.38;5;2;;367;101;5;1,585;4;;;;5;0.05;4%;2.5;27%;;;;;4;1,075;;25%;4;1,075;;4;2;3;00:06;;4;4;;;;18.38;;01:04;36.77;;18.38;45.96;14,573.27;2;;0;0;0;0;;1 minute;0;0;00:06;00:17;72%;;;0;
Desterix_452;0;;3;;2;;;;;4.82;1.6;4;3;;1,291;208;6;3,611;;;;;6;0.01;2%;0.5;16%;820;;;820;2;1,652;321;11%;2;1,809;441;2;2;;;;6;6;441;;2.23;12.87;1.6;;;1,319.07;4.82;6.43;5,809.32;8;;1;0;1;2;;6 minutes;1;;;;;;0;0;
DEVIL_SHADOW_KSA;0;4;15;3;7;2;2;;3.45;17.29;4.61;22;14;;2,412;714;61;10,681;7;;;;61;0.09;8%;2;29%;554;;;554;10;2,380;122;31%;10;3,405;169;11;6;5;00:09;;43;37;169;;0.82;12.68;1.15;00:14;8.07;639.11;16.14;25.36;12,314.86;11;;1;1;1;3;;11 minutes;1;0;00:12;01:28;2%;;;1;
DigitalNex;3993;;4;;4;;;;;5.86;1.46;5;3;;839;118;4;1,551;;;;;4;0.01;3%;2.5;14%;965;;;965;5;1,503;866;14%;5;1,551;965;5;3;;;;4;3;965;;3.6;2.93;;;;1,416.48;4.4;7.33;2,276.48;2;;2;0;1;3;;4 minutes;1;1;;;100%;
Divinity-X-;4070;18;50;16;12;5;6;1;3.06;9.58;3.45;84;61;16;13,242;3,072;166;56,341;24;;;;166;0.05;5%;1.82;23%;3,057;;;3,057;15;6,487;644;31%;15;14,095;644;21;16;12;00:48;6;33;22;644;0.19;1.08;8.82;3.06;00:17;4.6;586.17;11.69;16.1;10,804.64;46;;8;3;6;17;3;47 minutes;5;2;01:31;09:27;40%;3;;3;
doa3f2p;3304;;5;;5;2;;;;12.14;4.85;;;;1,217;;;7,972;;;;;32;;;;42%;372;;;372;;;;;;7,972;;;;;;;32;21;372;;1.27;12.14;;00:25;;903.6;4.85;16.99;19,357.06;5;;;;0;1;;4 minutes;;;00:10;;;;;0;
DramaticMango;2345;;2;;2;;;;;13.44;;2;2;;153;42;;624;;;;;;;;2;27%;;;;;2;624;;;2;624;;2;2;;;;;;;;;6.72;6.72;;;;13.44;13.44;4,192.97;;;0;0;0;1;;53.643806990236044 seconds;0;;;;;;;0;
Droxzio;3207;4;15;;15;4;;;1.61;24.29;6.47;20;10;2;2,778;564;43;8,975;12;;;;43;0.1;7%;2.85;20%;125;;;125;8;2,649;125;;8;8,975;125;20;10;12;01:12;2;43;11;125;;0.29;11.33;3.23;01:57;19.43;202.49;16.19;32.39;14,538.82;7;;;1;1;2;;6 minutes;1;1;01:12;01:32;100%;
DSZY;2443;2;8;;8;2;;;;32.81;8.2;10;4;;2,148;330;34;4,422;7;;;;34;0.15;10%;5;15%;383;;;383;7;2,791;197;;7;4,422;383;10;4;7;00:01;;34;29;383;;1.72;8.2;4.1;00:06;28.71;1,570.3;16.4;41.02;18,140.8;2;;0;;0;0;;3 minutes;0;;00:01;;;;;0;
eastcoastrider71;2494;31;131;28;14;8;5;;2.73;12.77;3.02;190;131;42;35,442;8,871;479;127,044;59;;;;479;0.07;5%;2.08;25%;5,909;;;5,909;14;10,460;1,323;45%;14;12,914;1,323;26;17;13;01:19;6;42;41;1,323;;0.92;8.87;4.09;00:16;5.75;576.19;12.77;18.52;12,387.45;91;;9;8;12;30;5;1 hour;10;4;02:44;12:04;38%;3;1;5;
ecotaku;2368;76;276;47;26;10;6;;3.03;17.8;4.9;399;246;55;54,868;16,531;910;270,300;170;4;;;910;0.07;5%;2.27;30%;17,601;;;17,601;22;12,972;1,207;50%;22;19,179;1,518;32;21;21;01:36;6;94;69;1,518;;1.42;11.29;3.54;00:22;10.96;1,135.74;15.87;25.74;17,441.64;175;1;14;15;13;42;5;3 hours;15;8;05:52;15:44;50%;4;1;7;
eliteboy_1da;3003;83;146;36;13;18;6;1;3.53;14.32;8.14;265;145;36;31,467;7,831;568;141,057;109;3;;;568;0.07;7%;2.59;24%;11,406;;;11,406;12;4,736;719;42%;12;12,698;1,398;30;17;14;01:07;6;53;43;1,398;0.09;1.55;10.01;3.53;00:51;10.69;1,119.34;14.23;26;13,843.25;102;;11;9;7;27;3;2 hours;10;6;08:47;09:25;61%;3;0;4;
entoe12;0;8;23;;5;2;;;0.34;7.99;2.78;32;13;2;11,981;3,545;106;52,280;7;;;;106;0.05;2%;0.94;29%;2,592;;;2,592;5;4,275;490;50%;5;10,040;666;8;3;3;00:19;;18;11;666;;1.43;11.81;0.69;00:07;2.43;900.73;4.51;11.12;18,167.74;34;;2;3;4;9;;30 minutes;3;0;00:21;00:12;16%;3;0;2;
Erenksk9;4169;13;18;;6;6;;;0.96;17.35;12.53;32;13;3;4,126;762;60;13,474;12;;;;60;0.07;7%;3.2;18%;972;;;972;8;2,828;321;23%;8;4,593;469;10;4;5;00:40;;25;14;469;;1.21;9.64;2.89;00:44;11.57;937.8;12.53;30.85;12,993.53;10;;1;1;1;3;;13 minutes;1;1;00:45;01:18;66%;;;0;
EvanMario;4510;4;39;7;12;;2;;3.04;16.94;1.73;50;35;12;6,924;1,608;114;28,128;20;;;;114;0.07;7%;2.63;23%;1,502;;;1,502;7;3,242;580;29%;7;5,135;580;15;10;7;00:40;3;23;21;580;;1.02;8.25;5.21;00:22;8.68;652.4;15.2;21.72;12,221.55;19;;1;1;4;6;;24 minutes;2;2;00:51;02:09;84%;;;0;
Evilduck1903;2547;;13;;11;;;;;16.8;;13;11;5;2,469;903;24;12,788;4;;;;24;0.04;2%;1.3;36%;744;;;744;7;3,519;514;34%;7;4,867;691;11;9;4;00:00;4;11;7;691;;1.53;12.92;6.46;00:00;5.17;962.13;14.22;16.8;16,533.76;10;;1;1;1;3;;8 minutes;1;0;00:00;01:35;13%;;;1;
Fairystinky;2101;4;23;4;13;;3;;2.75;15.82;2.75;31;21;8;5,550;963;79;15,373;17;;;;79;0.07;8%;1.93;17%;139;;;139;7;2,446;75;25%;7;5,273;139;17;12;9;00:29;4;30;17;139;;0.12;11.01;5.5;00:30;11.69;95.65;14.45;21.33;10,578.68;16;;1;1;2;4;;18 minutes;1;0;00:43;01:02;19%;;1;1;
fishlover267;2449;;;;;;;;;14.27;14.27;2;;;189;43;;675;;;;;;0.02;2%;2;22%;;;;;2;675;;22%;2;675;;2;;;;;;;;;;14.27;;;14.27;;14.27;28.54;9,632.27;;;;0;0;0;;42.280859015882015 seconds;0;;;;;;;0;
Flown_Jebus;0;11;33;3;11;3;2;1;0.88;9.76;3.25;47;34;7;4,677;1,011;111;20,669;10;;;;111;0.08;10%;2.61;21%;301;;;301;12;3,151;116;21%;12;4,435;116;15;12;3;00:34;4;35;31;116;0.29;0.21;5.32;2.07;00:30;2.95;89.07;10.06;13.91;6,117.08;18;;3;2;2;6;;23 minutes;3;3;01:41;02:12;91%;;0;0;
FlyNameHere;2202;5;13;2;11;3;2;;1.62;10.57;4.06;20;12;6;3,492;636;32;10,444;5;;;;32;0.04;5%;1.53;18%;340;;;340;5;1,631;112;15%;5;6,695;178;16;11;5;00:44;5;16;13;178;;0.44;10.57;4.88;00:36;4.06;276.45;9.76;16.26;8,494.85;13;;0;1;2;4;;12 minutes;1;;00:44;;;;0;1;
forrestsmith2;0;2;13;;6;;;;;20.65;3.17;15;11;;2,137;419;36;7,094;5;;;;36;0.08;8%;2.14;19%;205;;;205;3;1,639;205;28%;3;2,201;205;7;7;3;;;11;9;205;;0.47;11.11;;;7.94;326.18;17.47;23.82;11,268.16;7;;0;0;1;2;;7 minutes;1;1;;00:29;86%;;0;0;
fructoseghost;2653;6;117;20;18;2;3;;2.62;15.37;0.78;143;96;23;29,025;7,081;251;112,712;57;;;;251;0.04;3%;1.38;24%;8,675;;;8,675;10;6,569;895;47%;10;11,599;1,116;21;16;9;00:33;4;38;26;1,116;;1.53;13.53;3.02;00:30;7.49;1,139.9;12.61;18.79;14,811.01;103;1;7;6;4;17;;1 hour;8;3;03:54;04:50;40%;3;;5;
FvsNeLL;3451;2;5;;5;2;;;3.96;19.82;7.93;8;3;;878;466;34;7,510;2;;;;34;0.17;7%;2.66;53%;29;;;29;4;3,755;29;;4;7,510;29;8;3;2;00:00;;34;28;29;;0.14;11.89;3.96;00:01;7.93;115.83;11.89;31.72;29,783.18;3;;;1;0;1;;3 minutes;0;0;00:00;00:20;100%;
G1ng3rsHOT;2892;4;11;2;3;;2;;3.22;17.74;6.45;17;7;3;2,802;900;42;15,365;;;;;42;0.07;4%;1.88;32%;1,107;;;1,107;4;2,519;410;19%;4;4,839;410;4;3;;00:01;2;21;21;410;;2.04;14.51;4.83;00:01;1.61;1,784.98;11.29;27.42;24,786.05;9;;1;1;0;2;;9 minutes;1;0;00:01;00:02;20%;;0;0;
Gandalion;0;14;30;2;6;5;2;;0.34;5.15;2.4;46;21;4;12,048;2,304;96;44,118;20;;;;96;0.03;4%;1.06;19%;3,885;;1;3,885;7;3,605;458;44%;7;7,466;930;7;4;5;00:28;;11;7;930;;1.43;7.38;0.68;00:11;3.43;667;3.6;7.89;7,574.26;43;;3;5;1;10;;45 minutes;6;2;01:08;00:25;30%;;0;4;
GoldenBullet20;4287;4;8;5;8;4;5;;8.66;13.85;6.92;17;11;6;961;305;22;5,753;;;;;22;0.09;7%;8.5;31%;637;;;637;12;4,641;478;31%;12;5,753;637;17;11;;00:00;6;22;18;637;;2.65;3.46;10.39;00:01;;1,104.28;19.05;29.44;9,966.9;2;;1;1;1;2;;3 minutes;1;1;00:00;02:34;100%;
GoMu___;4214;;;;;;;;;3.86;3.86;2;;;83;30;;488;2;;;;;0.01;3%;;36%;;;;;;388;;36%;1;488;;2;;2;;;;;;;;7.73;3.86;;7.73;;3.86;7.73;1,885.19;2;;;;;;;1 minute;0;;;;;;;0;
Highlander_scott;4073;;2;;2;;;;3.58;7.17;3.58;4;;;1,698;301;24;10,885;;;;;24;0.08;7%;1.33;17%;222;;;222;3;7,585;170;17%;3;10,195;207;4;;;00:00;;22;16;207;;0.81;10.75;;00:02;3.58;796.06;3.58;14.34;39,030.68;3;;1;0;1;1;;4 minutes;0;;00:00;;;;0;0;
hiijle;0;;11;5;3;;3;;3.78;8.32;0.75;17;11;2;5,189;836;35;13,871;7;;;;35;0.03;4%;1.7;16%;413;;1;413;6;4,149;238;19%;6;4,149;238;6;5;5;00:17;;11;11;238;;0.44;7.57;1.51;00:18;5.3;312.78;8.32;12.87;10,502.78;10;;0;1;0;1;;15 minutes;1;0;00:24;00:14;30%;3;0;1;
hourai127;2224;63;266;55;19;5;5;;2.08;10.07;2.38;384;235;66;103,771;16,963;806;289,094;176;5;;;806;0.04;4%;1.5;16%;13,990;;;13,990;12;8,669;597;65%;12;22,258;919;24;16;13;02:53;5;58;30;919;;0.78;9.65;2.5;00:28;6.66;529.97;8.9;14.54;10,951.21;255;;20;23;17;59;4;4 hours;26;7;12:29;14:26;27%;3;0;19;
Inny21;3069;73;136;32;15;12;6;1;3.63;15.45;8.29;241;162;37;26,074;6,881;321;121,978;89;;;;321;0.05;4%;3.65;26%;6,235;;1;6,235;19;6,689;1,668;36%;19;23,440;1,813;31;23;16;01:13;7;36;21;1,813;0.11;0.99;7.5;4.2;00:30;10.11;708.76;18.41;27.39;13,864.85;66;;3;13;8;24;2;1 hour;9;6;04:24;10:24;62%;;;3;
ioReactz;3584;28;91;13;26;7;4;;2.33;16.33;5.02;132;87;34;12,757;3,681;185;61,611;48;;;;185;0.05;5%;2.49;28%;3,125;;1;3,125;13;3,492;438;47%;13;12,371;636;37;23;11;01:05;9;48;27;636;;0.87;9.51;6.1;00:43;8.61;560.74;15.61;23.68;11,056.91;53;;5;6;7;18;;59 minutes;6;4;04:04;14:10;78%;3;0;1;
IRaTuSz;4587;;;;;;;;;7.32;7.32;2;;;303;125;5;1,869;;;;;5;0.04;4%;;41%;10;;;10;2;1,869;10;;2;1,869;10;2;;;00:07;;5;5;10;;0.08;14.65;;00:55;7.32;73.29;7.32;14.65;13,699.93;2;;0;0;0;0;;1 minute;0;0;00:07;00:14;13%;;0;0;
itsDiety;0;13;52;10;20;4;6;;3.17;16.48;4.12;75;45;11;7,581;1,993;141;34,078;24;;;;141;0.07;7%;3.75;26%;2,314;;;2,314;9;4,730;418;33%;9;14,945;846;29;16;13;00:19;5;71;29;846;;1.28;6.34;3.48;00:16;7.6;733.67;14.26;23.77;10,804.8;20;;3;3;2;9;;30 minutes;3;3;00:50;04:41;97%;3;;0;
ItsRaiyu;4368;11;19;4;11;5;3;;2.1;9.99;5.78;34;19;3;4,408;977;68;21,076;5;;;;68;0.07;6%;5.66;22%;974;;;974;10;4,070;381;17%;10;8,725;381;19;11;3;00:05;2;27;18;381;;1.12;3.15;1.57;00:03;2.62;512.08;9.99;17.88;11,085.48;6;;1;0;3;4;;14 minutes;2;2;00:06;01:14;98%;;;0;
JDG-191;2864;27;163;34;13;6;8;1;2.94;14.11;2.33;224;160;60;35,761;8,918;530;136,243;76;;;;530;0.07;5%;2.54;24%;10,613;;;10,613;11;9,855;1,072;49%;11;12,480;1,182;26;17;18;00:30;11;44;29;1,182;0.08;1.49;7.61;5.19;00:09;6.57;918.86;13.85;19.39;11,795.32;88;;8;12;12;32;6;1 hour;12;8;01:50;16:28;66%;3;1;3;
JOKERFIRST15;4055;57;80;24;29;15;9;1;5.03;16.79;11.96;161;89;22;14,649;3,656;241;67,640;67;2;;;241;0.07;6%;4.23;24%;3,583;;1;3,583;19;5,523;464;40%;19;22,295;829;48;34;24;02:18;10;68;26;829;0.2;1.11;7.97;4.61;01:22;14.06;752.1;18.67;33.79;14,196.48;38;;8;5;9;21;3;53 minutes;5;5;06:34;14:23;100%;4;
JonXSly;3015;496;1,910;432;36;15;13;;4.52;19.98;5.19;2,838;1,798;460;409,439;101,828;5,537;1,777,037;1,255;34;;;5,537;0.07;5%;2.14;24%;68,623;;;68,623;20;12,658;1,020;54%;20;29,156;1,712;56;37;39;03:54;9;139;56;1,712;;0.91;13.85;4.81;00:46;13.13;718.17;18.81;29.7;18,597.52;1,324;;76;80;133;289;53;20 hours;96;36;01:14:36;03:31:44;37%;5;9;51;
jordkin;2331;;5;;5;;;;;19.97;;5;4;;1,821;168;10;1,528;;;;;10;0.05;5%;1.66;9%;;;;;4;1,330;;9%;4;1,468;;5;4;;00:02;;9;8;;;;11.98;;00:11;3.99;;15.98;19.97;6,104.27;3;;0;;;0;;3 minutes;0;0;00:02;;68%;;;0;
JPreecy;2601;;16;4;14;;4;;8.42;33.7;;20;15;3;1,724;506;65;6,217;12;;;;65;0.17;12%;10;29%;592;;;592;18;3,842;497;29%;18;3,842;497;18;14;12;00:02;3;63;63;497;;1.56;4.21;6.32;00:04;25.28;1,248.07;31.6;42.13;13,098.36;2;;0;0;1;2;;6 minutes;0;0;00:02;03:16;84%;;;0;
k33cm;;4;2;;2;4;;;;7.21;14.43;6;3;;1,315;297;5;4,324;4;;;;5;0.02;1%;2;22%;;;;;3;2,294;;22%;3;4,324;;6;3;4;00:02;;5;5;;;;10.82;;00:07;14.43;;10.82;21.65;15,606.23;3;;;1;0;1;;3 minutes;0;;00:02;;;;;0;
Keytix_;0;52;118;30;24;13;7;1;6;23.6;10.4;200;139;32;11,870;3,835;179;74,994;80;5;;;179;0.05;4%;6.45;32%;2,369;;;2,369;17;7,351;365;40%;17;18,448;521;40;34;25;02:05;13;44;23;521;0.2;0.77;6.2;6.4;01:08;16;473.86;27.8;40;14,999.05;31;1;4;3;13;20;4;50 minutes;5;5;05:43;25:18;99%;4;;0;
Kiki-Xillia;2595;2;;;;2;;;;7.32;14.65;3;;;379;75;2;1,315;2;;;;2;0.01;2%;;19%;136;;;136;3;1,064;136;;3;1,315;136;3;;2;00:23;;2;2;136;;1.05;21.97;;02:55;14.65;998.03;7.32;21.97;9,633.96;3;;0;0;;0;;2 minutes;0;;00:23;;;;;0;
KILLER77_HAZZA3;0;82;222;54;15;9;5;1;3.73;15.36;5.67;358;209;57;39,000;11,879;521;205,388;133;2;;2;521;0.04;4%;2.48;30%;13,229;;;13,229;13;8,520;698;57%;13;13,760;1,559;22;12;16;01:19;5;34;26;1,559;0.13;1.22;9.96;3.94;00:25;9.2;915.76;14.46;24.78;14,217.42;144;;16;15;14;44;4;3 hours;14;7;06:11;19:55;47%;3;1;6;
Killswitch2092;2806;2;14;;13;2;;;1.26;17.67;2.52;17;7;4;3,376;762;32;11,329;4;;;;32;0.04;4%;1.3;22%;1,264;;;1,264;6;2,694;474;;6;7,921;907;15;6;4;00:17;3;27;8;907;;1.8;16.41;5.05;00:21;5.05;1,596.04;8.83;21.46;14,306.05;13;;1;2;;3;;11 minutes;1;1;00:17;;78%;;;0;
KingXacTz;0;227;645;107;28;11;8;1;2.6;15.71;5.52;979;603;198;115,942;29,918;1,629;475,164;331;5;;;1,629;0.07;5%;5.72;25%;29,567;;;29,567;24;9,801;1,174;38%;24;28,443;1,617;42;29;24;03:20;11;128;69;1,617;0.02;1.41;4.16;4.82;00:34;8.06;720.21;14.68;23.84;11,574.26;171;1;44;35;64;143;31;5 hours;41;40;23:18;01:20:36;96%;3;;1;
kirA-_-bleAch;0;20;63;11;12;4;6;;2.87;16.44;5.22;94;55;14;12,564;3,960;167;69,650;32;;;;167;0.06;4%;4.27;31%;2,551;;;2,551;16;12,334;389;34%;16;16,956;518;22;14;9;00:20;6;40;37;518;;1.05;5.74;3.65;00:17;8.35;666.01;14.35;24.54;18,184.34;22;;3;4;5;11;2;40 minutes;4;3;01:05;08:53;71%;3;;1;
kk10295;3110;;;;;;;;;13.33;;;;;468;37;2;256;;;;;2;0.04;5%;;7%;;;;;;256;;7%;1;256;;;;;;;2;2;;;;;13.33;;;;13.33;13.33;3,417.6;;;;;;;;48.59651797823608 seconds;0;;;;;;;0;
koba-ya;1337;4;31;3;12;2;;;1.53;15.83;2.04;38;25;16;6,078;1,435;64;19,413;12;;;;64;0.05;4%;12.66;23%;757;;;757;14;7,952;312;40%;14;7,952;312;14;12;6;00:03;11;24;24;312;;0.7;1.53;8.17;00:03;6.13;386.85;12.77;19.41;9,917.62;3;;3;2;2;6;;17 minutes;2;1;00:05;01:46;74%;;0;0;
kon5-TDRoki;2363;5;40;;10;;;;;20.51;2.56;45;27;8;9,639;1,878;166;25,850;19;;;;166;0.12;8%;2.81;19%;1,744;;;1,744;7;2,868;356;49%;7;5,470;403;11;8;4;00:17;3;49;49;403;;1.31;8.2;4.1;00:10;9.74;894.44;13.84;23.08;13,259.6;16;;1;2;1;4;;22 minutes;2;1;00:20;01:26;43%;3;0;1;
koutyatya;0;;;;;;;;;5.21;;;;;431;101;3;1,518;;;;;3;0.03;2%;0.5;23%;;;;;;1,071;;20%;1;1,071;;;;;;;2;2;;;;10.43;;;;;5.21;5.21;7,922.42;2;;0;0;0;1;;1 minute;0;;;;;;0;0;
KSlims;4375;;5;;3;;;;;14.93;;5;3;;1,126;262;19;4,471;;;;;19;0.1;7%;2.5;23%;;;;;3;3,367;;19%;3;3,387;;3;2;;;;10;10;;;;5.97;;;;;8.96;14.93;13,354.31;2;;0;0;1;1;;3 minutes;0;0;;00:03;3%;;;0;
kurosaki158;1715;3;8;;5;;;;1.04;8.34;3.13;12;4;;2,211;467;23;6,708;;;;;23;0.03;4%;0.85;21%;85;;;85;7;3,321;52;19%;7;3,321;52;7;2;;00:01;;14;14;52;;0.12;14.6;;00:02;1.04;88.42;4.17;12.52;6,998.98;14;;1;1;;2;;11 minutes;1;;00:02;;;;;1;
kyo_miyamiya;2137;;;;;;;;;6.07;;;;;1,094;66;4;848;;;;;4;0.04;6%;;6%;;;;;;647;;9%;1;674;;;;;;;4;4;;;;6.07;;;;;;6.07;5,151.7;;;1;0;;1;;1 minute;0;;;;;;;0;
lakejacher;2109;;8;;5;;;;;8.35;1.04;9;4;2;4,824;1,411;24;20,244;3;;;;24;0.02;1%;0.69;29%;1,387;;;1,387;3;4,948;393;;3;11,926;791;5;3;3;00:02;;20;11;791;;1.67;13.57;2.08;00:03;3.13;1,449;4.17;9.4;21,143.74;13;;2;1;0;3;;13 minutes;1;0;00:02;;24%;;;1;
LoggingOut;0;11;51;8;8;3;3;;1.76;11.25;2.42;70;43;14;7,833;2,194;140;38,534;40;;;;140;0.04;6%;1.52;28%;2,224;;1;2,224;7;2,971;521;37%;7;4,881;521;13;7;9;01:02;3;27;18;521;;0.78;10.15;3.09;00:28;8.83;491.06;9.49;15.45;8,507.36;46;;4;4;5;13;;47 minutes;5;2;02:10;05:20;34%;4;;3;
LostkumaTH;0;;3;;3;;;;4.38;13.15;4.38;5;4;;861;210;21;3,007;;;;;21;0.1;10%;;24%;468;;;468;3;985;399;;3;3,007;468;5;4;;;;21;8;468;;2.23;21.92;;;4.38;2,052.79;17.53;21.92;13,185.3;5;;;1;;1;;3 minutes;0;0;;;100%;
l-Twisted_Fate-l;3972;3;2;;;2;;;;3.19;4.79;5;;;1,534;424;7;10,062;2;;;;7;0.02;1%;2.5;27%;214;;;214;2;6,175;156;47%;2;8,855;193;3;;;01:12;;4;4;193;;0.81;3.19;;02:19;3.19;342.12;1.59;7.98;16,072.1;2;;1;1;1;2;;4 minutes;1;1;01:27;00:01;100%;
lucis204;2770;27;18;12;4;13;5;;3.68;5.52;8.28;57;33;7;10,149;1,730;57;28,207;33;;;;57;0.02;3%;1.5;17%;2,912;;;2,912;8;3,243;393;27%;8;7,501;842;21;12;12;01:43;4;17;9;842;;1.27;11.66;2.14;01:16;10.13;894;10.13;17.5;8,660.01;38;;1;2;4;7;;37 minutes;3;1;04:08;00:22;31%;;;2;
LuckyC723;3709;45;119;31;13;8;7;;2.87;11.03;4.17;195;117;27;30,601;8,883;405;147,301;82;;;;405;0.05;4%;1.65;29%;4,546;;;4,546;11;6,097;316;75%;11;14,877;917;23;16;14;01:42;5;54;26;917;;0.6;10.94;2.5;00:56;7.6;421.63;10.85;18.08;13,660.6;118;;13;9;8;31;2;2 hours;11;3;10:05;07:09;27%;3;1;7;
M5roosh_ksa;3563;8;28;3;17;3;3;;4.18;39.07;11.16;39;24;3;3,786;1,015;61;18,137;21;;;;61;0.08;6%;4.33;26%;1,077;;;1,077;22;10,644;319;52%;22;10,644;618;22;13;18;02:24;2;25;25;618;;1.45;12.56;4.18;03:28;29.3;1,502.93;33.49;54.42;25,312.1;9;;1;1;1;2;;12 minutes;1;0;02:29;02:10;38%;;;0;
MamasNippel;3912;15;87;17;16;4;5;;2.64;13.53;2.33;119;78;27;14,281;4,079;264;67,811;53;;;;264;0.07;6%;2.64;28%;2,981;;;2,981;12;6,159;777;100%;12;12,463;777;22;12;16;02:53;6;82;28;777;;0.88;7;4.2;00:48;8.24;463.84;12.13;18.51;10,550.72;45;1;1;4;7;12;;55 minutes;6;2;05:09;13:10;38%;3;0;4;
Marlporo0707;0;;;;;;;;;27.81;;;;;314;83;2;1,232;;;;;2;0.05;2%;;26%;;;;;;1,232;;;1;1,232;;;;;;;2;2;;;;27.81;;;;;27.81;27.81;34,273.08;;;0;0;;0;;33.64758501201868 seconds;0;;;;;;;0;
matheus_pegasus;2747;;2;;2;;;;3.3;6.6;3.3;4;2;;1,652;471;14;6,569;2;;;;14;0.04;2%;0.8;28%;321;;;321;3;4,139;321;28%;3;6,569;321;4;2;2;00:06;;14;7;321;;1.04;16.51;3.3;00:20;6.6;1,059.57;6.6;13.21;21,697.18;5;;0;0;;1;;5 minutes;0;0;00:06;;100%;
Megaan_57;3119;;6;;6;;;;;50.07;;6;3;;1,152;249;27;2,884;5;;;;27;0.21;10%;6;21%;297;;;297;6;2,884;297;;6;2,884;297;6;3;5;01:10;;27;27;297;;2.42;8.34;8.34;09:52;41.72;2,479.55;25.03;50.07;24,063.38;;;0;0;0;1;;2 minutes;0;0;01:10;00:52;3%;;;0;
MEOW987;2674;;5;3;4;;3;;7.86;13.1;2.62;9;8;3;1,005;188;8;3,646;3;;;;8;0.02;4%;1.5;18%;;;;;3;1,087;;;3;2,693;;8;8;3;00:04;3;5;5;;;;15.72;7.86;00:12;7.86;;20.97;23.59;9,558.14;6;;0;0;;0;;5 minutes;0;;00:04;;;;0;0;
Miz_One;1490;27;70;16;22;5;6;1;2.22;9.73;3.75;113;56;13;30,943;7,790;290;132,512;40;;;;290;0.05;3%;2.01;25%;6,426;;;6,426;10;11,981;911;34%;10;32,204;2,555;32;19;18;00:22;3;86;17;2,555;0.13;1.32;7.78;1.8;00:08;5.56;893.16;7.78;15.7;18,419.36;56;1;6;8;7;21;5;1 hour;7;1;01:02;00:53;12%;;2;4;
Mlbjester7;3425;;8;;8;;;;;16.83;2.1;9;4;;2,530;370;22;5,500;5;;;;22;0.05;5%;1.5;14%;70;;;70;3;1,850;70;;3;5,500;70;9;4;5;01:26;;22;9;70;;0.16;12.62;2.1;03:01;10.51;146.45;8.41;18.93;11,570.96;6;;1;;;1;;6 minutes;0;;01:26;;;;;0;
Mr_O_Blood_type_;0;4;5;5;5;3;5;;13.6;13.6;10.88;14;7;;1,633;397;23;6,502;8;;;;23;0.08;5%;7;24%;409;;;409;12;4,237;356;;12;5,085;409;13;7;8;00:20;;21;17;409;;1.54;5.44;;00:54;21.76;1,113.63;19.04;38.09;17,693.2;2;;0;1;0;1;;4 minutes;0;0;00:20;00:24;92%;3;;0;
Mr_savage_75;0;2;7;;7;2;;;3.51;24.61;7.03;10;7;5;1,352;172;51;3,504;;;;;51;0.26;29%;5;12%;188;;;188;7;2,011;115;12%;7;3,504;188;10;7;;;5;51;32;188;;0.97;7.03;17.57;;;661.58;24.61;35.15;12,319.67;2;;;1;1;1;;3 minutes;0;;;00:39;;;;0;
MrBlueyes;2154;472;2,027;414;35;12;10;;3.67;17.97;4.18;2,913;1,994;748;382,337;89,672;5,415;1,377,795;1,200;18;;;5,415;0.06;6%;3.31;23%;90,307;2;;90,307;19;8,862;1,044;70%;19;19,176;1,711;43;34;25;01:10;21;122;69;1,711;;1.11;7.8;6.63;00:18;10.64;800.88;17.68;25.83;12,218.91;880;;103;99;112;313;39;22 hours;113;57;35:14;02:49:38;50%;4;13;43;
MRstyles4u;3112;;4;;4;;;;;10.93;;4;2;;586;72;7;1,160;2;;;;7;0.05;9%;1.33;12%;2;;;2;4;740;2;12%;4;1,160;2;4;2;2;;;7;7;2;;0.01;8.2;2.73;;5.46;5.38;5.46;10.93;3,172.83;3;;1;;1;1;;2 minutes;0;;;;;;;0;
nano1cdo;2349;2;14;;9;2;;;2.42;33.92;4.84;17;7;;1,457;460;16;5,894;12;;;;16;0.03;3%;2.12;31%;289;;;289;5;2,489;289;33%;5;3,345;289;12;5;12;00:33;;16;15;289;;0.71;19.38;;01:22;29.07;700.35;16.96;41.19;14,282.21;8;;1;1;0;2;;6 minutes;0;0;00:33;00:51;24%;3;0;0;
Natz_D_Chow;4100;22;57;8;19;8;3;;2.88;20.57;7.94;87;61;14;7,071;1,723;117;34,672;14;;;;117;0.07;6%;3.78;24%;1,655;;;1,655;11;4,610;746;37%;11;16,794;746;30;18;11;00:25;3;48;21;746;;0.99;8.3;5.05;00:11;5.05;597.51;22.02;31.41;12,518.24;23;;2;1;5;8;2;27 minutes;3;3;00:32;08:44;99%;;;0;
NickalaiHomebrew;3044;49;153;22;11;7;3;;1.76;12.3;3.94;224;102;26;62,149;12,637;605;183,543;87;4;;;605;0.06;4%;1.34;20%;5,816;;;5,816;8;9,554;446;48%;8;18,829;788;20;10;10;00:52;4;65;57;788;;0.6;13.35;2.09;00:16;6.99;467.77;8.2;18.01;14,761.98;166;;6;6;7;19;;2 hours;12;5;03:29;01:23;37%;3;1;7;
nyanyamui_401;0;5;24;5;7;2;3;;1.92;9.23;1.92;34;24;3;11,443;2,879;78;48,301;15;;;;78;0.04;2%;1.41;25%;3,504;;;3,504;6;8,281;1,037;39%;6;15,028;1,104;7;4;5;01:17;;16;16;1,104;;1.86;9.23;1.15;00:44;5.77;1,349.06;9.23;13.08;18,595.39;24;;3;3;2;8;;31 minutes;3;0;01:54;00:12;16%;3;;2;
ohEvasive;3523;;3;;3;;;;;12.54;;3;2;;654;228;9;3,138;;;;;9;0.04;3%;;34%;311;;;311;3;2,348;264;;3;3,138;311;3;2;;00:00;;9;7;311;;1.49;12.54;;00:02;;1,300.78;8.36;12.54;13,125.79;3;;0;0;0;0;;3 minutes;0;0;00:00;;100%;
ohmygoshimjay;0;2;2;;2;2;;;;3.35;3.35;4;;;1,883;393;28;6,570;;;;;28;0.06;7%;0.8;20%;866;;;866;2;4,385;603;11%;2;4,385;603;2;;;;;17;14;603;;2.07;8.37;;;;1,450;1.67;6.7;11,006.46;5;;1;0;1;2;;6 minutes;1;0;;;20%;;;0;
oI_SPY_Io;4521;9;22;2;8;4;2;1;1.4;15.42;6.31;33;17;2;4,364;1,323;62;20,514;18;;;;62;0.06;4%;2.53;30%;1,331;;1;1,331;8;3,384;307;33%;8;4,991;486;12;5;7;00:43;;15;11;486;0.7;1.35;9.11;1.4;01:05;12.62;933.36;11.92;23.14;14,384.92;13;;2;2;2;6;;16 minutes;1;1;01:33;00:56;77%;;;0;
Original_Yankin;2592;;;;;;;;;;7.24;;;;458;234;5;3,650;;;;;5;0.1;2%;;51%;158;;;158;;3,641;158;;1;3,650;158;;;;;;5;5;158;;3.22;7.24;;;7.24;1,147.24;7.24;7.24;26,438.5;;;0;0;0;1;;49.175278023816645 seconds;0;;;;;;;0;
OttoFemtusen;2831;;;;;;;;;37.7;;;;;144;24;;344;;;;;;;;;16%;;;;;;344;;;1;344;;;;;;;;;;;;37.7;;;;;37.7;37.7;12,974.56;;;0;0;0;0;;23.104142988100648 seconds;0;;;;;;;0;
oualid32;4267;7;15;3;6;4;3;;3.03;15.19;7.09;25;15;3;2,169;736;32;12,303;5;;;;32;0.04;4%;3.12;33%;919;;;919;10;3,013;391;29%;10;4,652;442;11;10;3;00:35;2;13;13;442;;1.26;8.1;3.03;00:44;5.06;930.9;15.19;25.32;12,465.32;8;;1;1;2;3;;12 minutes;1;0;00:44;00:53;37%;;0;0;
pin-zoro__;2451;;2;;;;;;;1.83;0.91;3;;;2,487;287;11;4,490;;;;;11;0.01;3%;0.23;11%;441;;;441;;956;164;;1;2,473;326;2;;;00:00;;6;4;326;;0.69;11.89;;00:00;0.91;403.38;;2.74;4,108.41;13;;2;1;1;3;;10 minutes;1;1;00:00;;46%;;;1;
praktommy;3673;95;430;97;20;6;9;1;3.51;15.6;3.44;622;386;117;102,967;23,891;1,494;398,981;191;5;;;1,494;0.07;6%;2.46;23%;23,308;;1;23,308;18;11,681;866;44%;18;26,365;2,125;30;19;15;02:16;8;76;41;2,125;0.03;1.24;9.14;4.24;00:26;6.93;845.79;14;22.57;14,478.25;252;;27;17;32;77;13;5 hours;28;15;12:20;31:03;54%;4;2;11;
Prey1nMantis;2494;16;53;10;12;5;6;;2.49;13.24;3.99;79;56;25;10,885;3,299;155;48,135;32;2;;;155;0.06;4%;3.03;30%;2,255;;;2,255;10;4,806;477;29%;10;7,673;746;19;13;7;00:07;7;31;15;746;;0.87;6.49;6.24;00:01;7.99;563.49;13.99;19.73;12,027.3;26;;2;5;7;14;3;42 minutes;4;1;00:07;04:23;30%;3;0;2;
Prince_Fatman;0;2;16;2;6;;2;;3.98;31.88;3.98;20;13;;2,293;804;44;9,486;10;;;;44;0.08;5%;3.33;35%;1,284;;;1,284;7;2,847;556;53%;7;3,214;556;9;8;5;00:03;;25;25;556;;2.59;11.95;;00:08;19.92;2,558.67;25.9;39.85;18,902.22;6;;1;0;1;2;;8 minutes;1;0;00:04;00:58;18%;;0;0;
PucKProof;3499;3;8;;6;2;;;3.59;28.77;10.78;12;7;2;1,903;645;45;11,206;;;;;45;0.19;6%;4;33%;344;;;344;9;5,201;178;;9;5,201;178;9;5;;00:01;2;22;22;178;;1.47;10.78;7.19;00:03;3.59;1,237.18;25.17;43.15;40,302.52;3;;0;0;1;1;;3 minutes;0;0;00:01;01:05;46%;4;;0;
redsunset7;2665;;6;;6;;;;3.24;19.47;;7;6;2;1,300;244;37;3,809;2;;;;37;0.12;15%;1.75;18%;767;;;767;3;1,627;310;;3;3,809;767;7;6;2;00:03;2;37;29;767;;2.54;12.98;6.49;00:10;6.49;2,489.66;19.47;22.71;12,360.04;4;;0;;;0;;5 minutes;0;0;00:03;00:20;100%;
res1tvih;2842;;2;;2;;;;;10.03;;2;2;2;950;115;9;1,274;;;;;9;0.04;7%;;12%;61;;;61;2;1,200;61;17%;2;1,200;61;2;2;;;2;7;7;61;;0.33;10.03;10.03;;;304.53;10.03;10.03;6,395;2;;0;0;0;1;;3 minutes;0;;;;;;0;0;
ReturnOfGuigs;2704;;;;;;;;;3.61;;;;;377;77;2;1,352;;;;;2;0.02;2%;0.5;20%;38;;;38;;812;38;;1;1,352;38;;;;;;2;;38;;0.45;7.22;;;;135.82;;3.61;4,886.76;2;;0;;;0;;1 minute;0;;;;;;;0;
Rhinoblue123RED;2209;;;;;;;;;6.81;;;;;348;100;;1,498;;;;;;0;1%;0.5;28%;;;;;;1,303;;;1;1,303;;;;;00:15;;;;;;;13.63;;02:19;6.81;;6.81;6.81;10,206.89;2;;0;0;0;0;;1 minute;0;0;00:20;;58%;;;0;
ruinknives;2843;4;19;4;10;2;3;;3.45;16.41;3.45;27;16;4;3,369;993;59;17,637;7;;;;59;0.09;5%;5.4;29%;1,039;;;1,039;11;4,544;464;34%;11;8,310;670;15;9;4;00:06;2;36;23;670;;1.63;4.31;3.45;00:05;6.04;897.11;13.82;23.32;15,234.99;5;;2;2;0;4;;10 minutes;1;1;00:06;01:04;74%;;;0;
RyanAM;3889;36;93;29;14;7;9;;5;16.04;6.21;158;99;22;15,631;5,594;314;97,277;58;5;;;314;0.09;5%;3.95;35%;1,659;;;1,659;8;6,294;299;38%;8;18,433;299;25;18;12;01:30;6;65;38;299;;0.47;6.9;3.79;01:10;10;286.25;17.08;27.26;16,787.39;40;;6;5;9;19;3;57 minutes;6;6;06:47;08:35;100%;4;
S3NTINEL2001;2826;;10;;10;;;;;16.85;1.68;11;7;;688;146;7;2,232;3;;;;7;0.02;4%;5.5;21%;220;;;220;6;1,661;187;;6;2,232;220;11;7;3;00:01;;7;6;220;;0.82;3.37;1.68;00:02;5.05;370.52;11.79;18.53;3,761.62;2;;;2;1;2;;4 minutes;1;1;00:01;;100%;
Saber-x-wolf;2666;4;38;8;10;2;3;;4.51;21.44;2.25;50;31;15;6,698;1,357;131;23,150;14;;;;131;0.16;9%;5.55;20%;314;;;314;10;7,006;256;25%;10;9,114;256;14;10;7;01:05;10;46;46;256;;0.39;5.07;8.46;00:37;7.9;177.46;17.49;28.21;13,064.45;9;;1;1;1;3;;13 minutes;2;0;01:05;03:51;28%;3;;1;
samurainu;2412;17;217;11;16;4;2;;0.65;12.89;1.01;245;150;29;43,211;11,332;433;161,209;131;2;;;433;0.04;3%;2.42;26%;8,381;;;8,381;17;7,825;688;67%;17;11,612;1,067;17;9;11;00:28;2;34;34;1,067;;0.83;6;1.72;00:13;7.78;498.03;8.91;14.55;9,579.34;101;1;14;17;13;44;5;2 hours;17;5;03:46;08:30;27%;3;2;10;
sbkkzy;0;26;141;19;12;3;3;;2.72;20.24;3.73;186;108;15;25,759;6,997;329;113,423;86;4;;;329;0.05;4%;1.97;27%;3,431;;;3,431;13;4,673;389;61%;13;6,456;461;14;8;10;01:49;2;29;29;461;;0.55;13.49;2.15;00:57;12.35;492.69;15.5;26.71;16,288.47;94;;7;8;7;21;;1 hour;7;3;06:39;11:31;39%;3;1;3;
ScaredLilTaco;3412;;;;;;;;;25.31;;;;;30;20;;356;;;;;;0.03;5%;;66%;;;;;;317;;;1;356;;;;;;;;;;;;25.31;;;25.31;;25.31;25.31;9,004.73;;;;0;;0;;30.210805994458497 seconds;0;0;;;100%;
Shadowfox55;2974;20;47;11;14;7;3;;3.4;14.56;6.19;78;41;9;11,545;2,959;133;44,065;34;;;;133;0.05;4%;2.29;25%;3,662;;;3,662;12;7,648;693;24%;12;11,458;973;15;9;8;01:33;3;29;17;973;;1.4;10.53;2.78;01:30;10.53;1,134.81;12.7;24.16;13,653.46;34;1;5;4;2;10;;43 minutes;3;2;04:53;04:27;55%;;;1;
shadowstrixx;2873;;3;;2;;;;;6.56;2.18;4;2;;984;363;7;6,056;2;;;;7;0.04;1%;2;36%;316;;;316;2;2,188;251;45%;2;2,798;251;2;2;2;00:34;;4;4;251;;1.81;4.37;;01:22;4.37;691.11;4.37;8.75;13,250.79;2;;0;0;0;1;;2 minutes;0;0;00:37;00:02;40%;;;0;
Shikurikato-;0;;4;;4;;;;6.86;27.45;;5;3;;1,044;426;7;7,802;4;;;;7;0.05;1%;2.5;40%;166;;;166;4;7,188;166;;4;7,802;166;5;3;4;00:02;;7;7;166;;1.34;13.72;6.86;00:20;27.45;1,137.3;20.58;34.31;53,543.17;2;;0;0;0;1;;2 minutes;0;;00:02;;;;;0;
Signal_Graph;0;;2;;;;;;;20.13;;2;;;658;263;6;3,286;;;;;6;0.06;2%;0.66;39%;10;;;10;;1,550;10;;1;1,550;10;;;;;;3;3;10;;0.1;30.2;10.06;;;101.18;10.06;20.13;33,088.87;3;;0;0;0;0;;1 minute;0;0;;;38%;;;0;
sloohy99;2683;23;130;27;17;4;8;;2.48;11.94;2.11;180;110;46;24,778;7,225;409;115,751;79;2;;;409;0.05;5%;2.19;29%;8,594;;1;8,594;11;5,718;802;36%;11;13,608;1,471;23;16;14;00:41;6;55;32;1,471;;1.25;7.53;4.22;00:09;7.26;789.74;10.1;16.54;10,637.52;82;;10;7;7;23;2;1 hour;11;3;01:39;07:03;29%;4;2;6;
Smithered;0;4;27;3;10;3;2;;4.41;39.73;5.88;34;22;4;3,431;832;66;14,581;10;;;;66;0.1;7%;4.25;24%;834;;;834;9;5,345;501;;9;8,410;501;15;10;6;00:12;2;33;18;501;;1.37;11.77;5.88;00:18;14.71;1,227.12;32.37;50.04;21,460.31;8;1;0;0;1;2;;10 minutes;1;1;00:12;04:06;98%;;0;0;
STOP_iseGamin_tv;3049;27;84;6;12;5;;1;0.82;11.55;3.71;117;54;18;27,762;5,418;345;88,826;41;;;2;345;0.06;6%;1.28;19%;3,461;;;3,461;12;5,316;801;65%;12;10,589;801;14;6;6;00:10;3;52;52;801;0.27;0.69;12.52;2.47;00:05;5.64;476.16;7.42;16.09;12,221.45;91;1;6;6;6;19;;1 hour;7;2;00:38;01:56;31%;;0;5;
subzilllaa;3496;71;329;64;22;5;4;1;3.43;17.65;3.81;464;298;80;62,935;17,553;1,015;294,238;143;2;;;1,015;0.07;5%;2;27%;8,888;;;8,888;14;8,421;526;46%;14;14,968;761;26;18;13;01:08;5;60;30;761;0.05;0.65;12.45;4.29;00:20;7.67;476.98;15.99;24.9;15,790.82;232;;15;13;21;49;7;3 hours;19;8;06:30;31:11;44%;4;2;9;
Surrturr;3138;;5;;4;;;;;9.09;;5;4;;1,899;189;15;4,385;;;;;15;0.05;7%;1.66;9%;536;;;536;4;1,840;508;6%;4;1,840;508;4;3;;;;8;8;508;;1.9;5.45;1.81;;;974.42;7.27;9.09;7,977.38;3;;1;0;0;1;;4 minutes;1;0;;;6%;;;1;
Swegg-Lawdd;0;18;39;12;17;6;4;;4.34;14.11;6.51;69;44;6;6,901;1,816;146;32,170;13;;;;146;0.08;8%;2.87;26%;2,115;;;2,115;11;4,000;426;42%;11;6,863;866;18;14;5;00:12;2;35;13;866;;1.26;8.68;2.17;00:06;4.7;765.41;15.92;24.97;11,642.4;24;1;2;3;4;9;2;27 minutes;3;3;00:18;02:09;94%;;;0;
SwiperThe1;4252;9;19;10;9;4;6;;4.47;8.51;4.03;38;23;13;4,727;1,292;70;22,548;9;;;2;70;0.06;5%;2.71;27%;1,165;;;1,165;8;3,527;307;37%;8;12,758;399;17;10;8;00:06;6;30;11;399;0.89;1.07;6.27;5.82;00:04;4.03;521.64;10.3;17.02;10,099.15;14;;2;2;3;7;2;18 minutes;2;2;00:09;02:05;97%;3;;0;
Taimbot;3653;;11;5;8;;4;;3.35;7.37;0.67;17;12;4;2,078;646;26;10,760;4;;;;26;0.04;4%;2.12;31%;148;;;148;11;4,661;83;34%;11;7,309;83;12;7;4;00:03;2;12;5;83;;0.26;5.36;2.68;00:03;2.68;99.31;8.04;11.4;7,218.28;8;;0;2;1;4;;9 minutes;1;1;00:04;01:43;48%;;;1;
tarnys;0;2;11;3;4;;3;;4.97;18.23;3.31;16;10;5;1,145;294;25;5,273;5;;;;25;0.06;8%;3.2;25%;950;;;950;5;1,847;380;23%;5;3,359;751;8;7;3;00:03;4;16;9;751;;2.54;8.28;8.28;00:06;8.28;1,574.42;16.57;26.51;8,739.32;5;;0;1;1;3;;6 minutes;1;1;00:04;00:54;100%;3;
taylormade99;2527;5;16;3;9;2;2;;4.28;22.87;7.14;24;13;2;3,001;906;56;12,659;13;;;;56;0.1;6%;3.42;30%;;;;;5;3,543;;32%;5;6,252;;13;7;10;00:05;2;43;25;;;;10;2.85;00:09;18.58;;18.58;34.3;18,096.27;7;;0;1;1;3;;8 minutes;1;0;00:06;02:03;58%;;;0;
teehtf;4293;5;4;;3;3;;;;7.96;9.95;9;3;;3,014;732;27;13,153;;;;;27;0.06;3%;1.5;24%;747;;;747;5;5,724;312;21%;5;7,306;428;6;2;;00:08;;11;7;428;;1.75;11.94;;00:17;;1,487.55;5.97;17.92;26,192.84;6;;0;0;1;1;;7 minutes;1;1;00:08;;100%;
The_Bob_tw;3073;;6;2;6;;2;;11.53;34.59;;8;7;3;849;208;15;2,899;3;;;;15;0.11;7%;4;24%;;;;;4;1,474;;;4;2,899;;8;7;3;;3;15;10;;;;11.53;17.29;;17.29;;40.36;46.12;16,715.4;2;;;0;;0;;2 minutes;0;0;;01:20;100%;
The_Evil_Of_Man;0;;;;;;;;;16.44;;;;;176;136;3;2,118;;;;;3;0.05;2%;0.5;77%;;;;;;1,906;;;1;2,118;;;;;;;3;2;;;;32.89;;;16.44;;16.44;16.44;34,829.19;2;;;;;;;55.39454801380634 seconds;0;;;;;;;0;
TheCycl3Path;3000;;;;;;;;;13.41;;;;;445;193;46;2,247;;;;;46;0.62;23%;0.5;43%;55;;;55;;1,565;55;;1;1,585;55;;;;;;44;44;55;;0.74;26.83;;;;742.76;;13.41;30,159.77;2;;;0;;0;;1 minute;0;0;;;38%;;0;0;
TheeObamanation;0;68;239;49;18;11;6;;2.74;13.38;3.8;356;195;48;78,037;16,825;830;287,802;187;4;;;830;0.06;4%;1.52;21%;12,988;;1;12,988;13;13,157;840;33%;13;30,206;1,814;34;15;24;02:12;5;69;44;1,814;;1.04;13.1;2.68;01:11;10.46;727.15;10.91;19.93;16,113.56;234;;17;16;23;56;7;3 hours;18;5;21:19;12:35;28%;3;2;11;
TheRagerGamer;3991;16;44;7;7;4;2;;2.67;16.84;6.12;67;45;11;9,285;2,605;164;44,671;33;;;;164;0.07;6%;2.09;28%;3,018;;;3,018;7;5,123;1,062;49%;7;8,129;1,062;11;7;7;00:16;3;31;20;1,062;;1.28;12.24;4.21;00:21;12.63;1,155.24;17.22;25.64;17,100.36;32;;3;2;2;7;;39 minutes;3;1;00:56;08:48;21%;3;0;2;
Thirsty_Cat;0;17;55;13;8;6;5;;3.97;16.82;5.19;85;50;6;12,128;3,674;264;67,116;35;;;;264;0.11;7%;3.26;30%;1,822;;;1,822;9;11,867;400;42%;9;19,848;457;18;11;8;01:14;2;55;31;457;;0.8;7.95;1.83;01:17;10.7;557.35;15.29;25.99;20,529.1;26;;3;3;4;10;;37 minutes;3;3;04:13;02:17;81%;3;;1;
timohilde86;3478;3;3;;2;3;;;2.46;7.39;7.39;7;4;;1,610;572;12;8,371;3;;;;12;0.04;2%;2.33;35%;712;;;712;5;6,217;704;39%;5;6,217;704;6;3;3;00:04;;12;12;704;;2.5;7.39;2.46;00:09;7.39;1,753.33;9.85;17.24;20,622.81;3;;0;0;;0;;4 minutes;0;0;00:04;;82%;;;0;
tinysparkles;3258;4;7;3;3;3;2;;1.89;4.42;2.52;14;10;6;2,830;911;34;14,723;7;;;;34;0.04;3%;0.7;32%;392;;;392;3;2,640;126;32%;3;4,351;163;6;5;3;00:08;3;19;14;163;;0.48;12.63;3.79;00:11;4.42;247.52;6.31;8.84;9,300.29;20;;1;2;1;4;;13 minutes;2;0;00:17;;10%;;;1;
Toon_Link32;3860;;;;;;;;;;34.84;;;;31;3;;60;;;;;;;;;9%;;;;;;60;;9%;1;60;;;;;;;;;;;;34.84;;;;;;34.84;2,090.42;;;0;0;;0;;14.935995995998383 seconds;0;;;;;;;0;
towearacrown;0;4;3;3;2;3;3;;12.62;12.62;16.83;10;4;;1,288;431;19;10,451;6;;;;19;0.07;4%;2.5;33%;287;;;287;5;5,075;287;52%;5;9,041;287;8;4;5;01:02;;10;7;287;;1.15;16.83;;05:11;25.24;1,206.95;16.83;42.08;43,980.48;4;;;0;1;1;;4 minutes;0;0;01:14;;26%;3;;0;
TROLL_TATOE123;2891;;5;3;5;;3;;9.89;16.49;3.29;9;7;2;1,044;251;18;4,662;4;;;;18;0.07;7%;1.8;24%;286;;;286;5;1,961;286;;5;4,662;286;9;7;4;00:03;2;18;14;286;;1.14;16.49;6.59;00:12;13.19;942.44;23.09;29.69;15,378.14;5;;1;0;;1;;4 minutes;0;0;00:03;01:19;100%;
Uryu_CsP;4529;9;22;7;5;3;4;;4.55;14.31;5.85;38;26;9;5,048;1,131;62;19,541;14;2;;;62;0.05;5%;1.46;22%;2,264;;;2,264;8;2,756;525;30%;8;5,467;850;9;8;6;00:08;5;12;11;850;;1.86;16.91;5.85;00:12;9.1;1,473.24;16.91;24.72;12,714.48;26;;1;2;2;5;;20 minutes;2;1;00:18;02:29;58%;4;0;1;
vansama813;2031;;3;;3;;;;;27.5;9.16;4;2;;961;263;13;4,108;;;;;13;0.12;4%;2;27%;239;;;239;3;2,679;194;;3;2,679;194;3;2;;00:14;;7;7;194;;2.28;18.33;9.16;02:17;9.16;2,188.05;18.33;36.67;37,668.09;2;;0;0;0;0;;1 minute;0;;00:14;;;;;0;
Vince-F95Gunners;3049;360;1,135;212;31;13;8;;3.3;17.67;5.6;1,707;1,133;335;196,943;62,676;3,391;1,033,286;790;12;;;3,391;0.06;5%;2.19;31%;69,760;;;69,760;16;10,549;957;68%;16;25,054;1,764;44;26;30;03:45;12;76;42;1,764;;1.38;12.1;5.21;01:09;12.3;1,086.43;17.64;26.58;16,092.29;777;;60;56;81;197;23;13 hours;64;21;01:14:06;02:02:02;33%;4;6;36;
Wan-0-War;4202;;2;;2;;;;;55.9;;2;;;61;8;;164;2;;;;;0.02;12%;;13%;;;;;2;144;;33%;2;144;;2;;2;;;;;;;;;;;55.9;;27.95;55.9;4,584.71;;;0;0;0;0;;35.880231021903455 seconds;0;0;;00:26;28%;;0;0;
wannchan_1208;3680;;2;;2;;;;;26.15;13.07;3;2;;266;75;;1,292;;;;;;;;3;28%;162;;;162;3;1,292;162;;3;1,292;162;3;2;;00:11;;;;162;;2.33;13.07;;02:33;13.07;2,118.67;26.15;39.23;16,898.28;;;0;0;0;0;;1 minute;0;0;00:11;;100%;
WhiteRangerOwnz;1919;20;86;18;13;5;5;;3.41;16.33;3.79;124;75;21;19,649;5,111;305;74,446;43;;;;305;0.08;5%;2.38;26%;3,586;;;3,586;13;7,786;843;61%;13;15,979;1,630;21;12;8;00:23;5;71;71;1,630;;0.96;9.87;3.98;00:16;8.16;681.07;14.24;23.55;14,139.6;52;;3;5;5;13;2;1 hour;5;1;01:26;15:56;16%;;1;3;
xbLeU;0;15;36;16;6;7;7;;7.05;15.87;6.61;67;38;10;8,246;2,120;133;38,125;30;;;;133;0.08;6%;3.35;25%;2,217;;;2,217;10;8,965;462;23%;10;8,965;560;16;8;15;00:28;3;29;28;560;;1.36;8.81;4.4;00:26;13.22;977.54;16.75;29.54;16,810.55;20;;1;2;2;6;2;26 minutes;2;2;01:00;04:14;79%;4;;0;
Xecrets;3947;6;12;;8;5;;;;13.92;6.96;18;7;3;2,586;1,030;37;16,104;6;;;;37;0.06;3%;3.6;39%;821;;;821;4;4,315;328;55%;4;8,959;769;13;5;4;00:00;2;24;9;769;;1.39;5.8;3.48;00:00;6.96;952.3;8.12;20.88;18,688.15;5;;1;2;0;3;;9 minutes;1;1;00:00;;100%;
XenomorphKiller6;0;16;69;13;11;4;4;;4.42;23.48;5.44;98;64;10;9,872;2,711;193;47,411;67;;;;193;0.12;7%;5.44;27%;1,458;;;1,458;14;7,279;363;48%;14;7,279;363;15;13;13;02:26;4;45;27;363;;0.91;6.12;3.4;03:31;22.8;496.35;21.78;33.35;16,135.65;18;;4;4;6;13;3;26 minutes;3;3;10:21;10:22;86%;3;;0;
XTheFunPolice;3517;20;33;18;13;6;7;;8;14.67;8.89;71;48;19;5,928;2,172;143;38,394;19;;;;143;0.08;6%;3.55;36%;3,220;;;3,220;13;5,870;620;18%;13;12,975;1,030;25;19;10;00:12;8;68;27;1,030;;1.94;8.89;8.44;00:08;8.44;1,431.85;21.34;31.57;17,072.64;20;;1;1;3;4;;27 minutes;2;1;00:18;06:43;43%;3;0;1;
xtrickharder_esp;3952;35;94;31;16;6;7;;6.62;20.09;7.48;160;105;23;19,724;6,271;386;108,113;83;;;;386;0.09;6%;2.28;31%;3,388;;;3,388;15;7,222;309;38%;15;16,422;450;21;14;13;00:12;4;62;33;450;;0.83;14.96;4.91;00:12;17.74;724.22;22.44;34.2;23,110.96;70;;3;3;8;14;2;1 hour;5;4;00:56;13:54;77%;3;0;1;
XxDPROxSKILLZxX;0;;5;;3;;;;;30.75;6.15;6;3;2;485;76;3;1,164;;;;;3;0.02;3%;3;15%;168;;;168;4;642;168;;4;642;168;4;2;;;2;2;2;168;;1.47;12.3;12.3;;;1,036.29;18.45;36.91;7,162.93;2;;0;0;0;0;;1 minute;0;0;;;63%;;0;0;
ZeeTee_;4127;;2;;;;;;1.68;3.36;1.68;4;3;2;1,566;518;22;9,638;;;;;22;0.06;4%;0.66;33%;376;;;376;2;4,298;367;;2;5,544;367;3;2;;;;11;11;367;;1.06;10.1;3.36;;;633.2;5.05;6.73;16,237.67;6;;1;0;1;1;;5 minutes;1;0;;;53%;;;0;
Zsobral;3000;;4;4;4;;4;;18.22;18.22;4.55;9;7;;938;337;15;7,832;;;;;15;0.08;4%;2.25;35%;598;;;598;7;6,264;306;35%;7;7,832;598;9;7;;00:08;;15;13;598;;3.37;18.22;4.55;00:37;;2,724.36;31.89;41;35,681.99;4;;;0;0;1;;2 minutes;0;;00:08;00:44;;;;0;
