Username;SR;Dragonblade Kills;Dragonblade Kills - Most in Game;Damage Reflected;Damage Reflected - Most in Game;Dragonblades;Melee Final Blows - Most in Game;Dragonblade Kills - Average;Damage Reflected - Average;Eliminations;Final Blows;Solo Kills;Shots Fired;Shots Hit;Critical Hits;Damage Done;Objective Kills;Multikills;Environmental Kills;Melee Final Blows;Critical Hits;Critical Hits per Minute;Critical Hit Accuracy;Eliminations per Life;Weapon Accuracy;Healing Done;Teleporter Pads Destroyed;Turrets Destroyed;Eliminations - Most in Life;Damage Done - Most in Life;Healing Done - Most in Life;Weapon Accuracy - Best in Game;Kill Streak - Best;Damage Done - Most in Game;Healing Done - Most in Game;Eliminations - Most in Game;Final Blows - Most in Game;Objective Kills - Most in Game;Objective Time - Most in Game;Solo Kills - Most in Game;Critical Hits - Most in Game;Critical Hits - Most in Life;Melee Final Blows - Average;Deaths - Average;Solo Kills - Average;Objective Time - Average;Objective Kills - Average;Healing Done - Average;Final Blows - Average;Eliminations - Average;Damage Done - Average;Deaths;Environmental Deaths;Medals - Bronze;Medals - Silver;Medals;Medals;Cards;Time Played;Games Played;Games Won;Objective Time;Time Spent on Fire;Win Percentage;Multikill - Best;Games Tied;Games Lost;
aaaangus;0;2;2;831;831;3;;3.52;1,467;13;9;4;234;92;7;5,737;3;;;;7;0.01;7%;1.85;39%;;;;11;3,069;;;11;5,737;;13;9;3;00:35;4;7;2;1.76;12.34;7.05;01:02;5.29;;15.87;22.93;10,119.09;7;;;1;1;;;6 minutes;1;1;00:35;01:14;100%;
aahmad3_3;2887;5;2;2,572;1,062;6;;4.15;2,138;25;16;6;860;226;21;12,130;8;;;;21;0.02;9%;1.66;26%;;;;9;3,907;;;9;4,231;;9;6;4;00:49;4;7;4;;12.46;4.98;01:17;6.64;;13.29;20.77;10,081.18;15;;0;1;1;;;15 minutes;1;0;01:33;;36%;;;1;
abra84kadabra;2388;353;9;217,899;2,739;485;2;2.64;1,635;2,004;763;197;81,410;20,756;1,192;923,005;917;10;;9;1,192;0.01;5%;1.72;25%;2;3;155;22;4,790;78;75%;22;13,455;;27;18;19;03:37;6;22;13;0.06;8.74;1.47;01:37;6.88;0.01;5.72;15.03;6,925.92;1,165;24;82;89;264;;11;24 hours;133;53;03:36:45;22:50;40%;3;6;73;
AkimboMistiK;4291;124;13;28,684;2,619;112;2;5.35;1,240;648;298;68;13,738;4,816;328;234,293;165;9;;18;328;0.02;6%;5.31;35%;;;3;16;5,620;;44%;16;19,319;;45;20;24;01:51;6;24;12;0.77;5.27;2.93;00:51;7.13;;12.87;28;10,126.36;122;2;31;17;57;;5;3 hours;23;22;19:44;30:27;94%;5;;1;
akira082219;0;4;2;4,480;1,262;7;;1.67;1,878;29;10;2;1,724;463;35;19,193;9;;;;35;0.02;7%;1.11;26%;;;;7;2,577;;52%;7;3,692;;10;2;4;00:22;;8;7;;10.89;0.83;00:42;3.77;;4.19;12.15;8,046.18;26;;3;3;6;;;27 minutes;2;1;01:40;01:19;34%;;0;1;
Akodak;3000;;;2,285;1,334;2;;1.37;3,153;8;4;3;448;89;5;5,396;3;;;;5;0;5%;0.66;19%;;;;3;1,636;;32%;3;3,043;;4;4;;00:26;3;3;2;;16.55;4.13;01:44;4.13;;5.51;11.03;7,446.98;12;;0;0;1;;;11 minutes;1;0;01:15;00:49;33%;;;0;
Alelksan;;3;3;394;394;;;10.83;1,423;7;4;2;96;39;3;2,153;4;;;;3;0.02;7%;7;40%;;;2;7;2,153;;40%;7;2,153;;7;4;4;00:22;2;3;3;;3.61;7.22;01:20;14.44;;14.44;25.28;7,776.06;;;;;1;;;1 minute;0;0;00:22;00:29;100%;
AllStatsDown;0;286;17;90,615;4,730;236;3;7.89;2,501;1,097;598;183;28,487;8,362;588;467,865;390;15;;33;588;0.02;7%;2.77;29%;;2;31;20;4,837;;46%;20;24,015;;69;41;27;02:37;10;29;11;0.91;10.93;5.05;01:09;10.76;;16.5;30.28;12,915.3;396;7;22;34;99;;17;7 hours;36;14;41:53;01:10:36;39%;4;2;20;
AmaZem-;3964;5;3;4,126;2,906;3;;2.5;2,063;54;18;5;1,302;437;27;17,731;16;;;2;27;0.02;6%;6.75;33%;;;;15;4,433;;41%;15;10,406;;31;11;8;00:51;3;17;9;1;4;2.5;00:50;8;;9;27;8,865.47;8;;1;2;4;;;20 minutes;2;2;01:40;;100%;
Angel_L_AssAssin;3749;360;14;147,871;5,730;314;4;5.86;2,411;1,914;804;124;55,868;14,999;926;728,402;680;36;;53;926;0.02;6%;4.88;26%;2;;23;23;8,921;78;42%;23;23,537;;49;28;22;02:56;8;33;14;0.86;6.39;2.02;01:23;11.08;0.03;13.1;31.2;11,874.62;392;2;66;81;207;;28;11 hours;61;51;01:25:15;01:28:11;83%;6;0;10;
anti-hero576;2121;3;3;560;560;3;;7.5;1,402;10;5;2;320;76;8;3,557;4;;;;8;0.02;10%;2;23%;;;;6;1,267;;23%;6;3,557;;10;5;4;00:23;2;8;4;;12.51;5;00:58;10.01;;12.51;25.03;8,904.38;5;;0;0;1;;;6 minutes;0;0;00:23;;100%;
APurplePanduh;4021;2,629;21;952,802;6,808;2,029;7;8.57;3,109;11,300;6,011;1,143;261,641;86,655;7,219;4,806,920;3,956;258;2;410;7,219;0.03;8%;4.41;33%;;5;34;36;11,598;;100%;36;27,830;;80;43;35;03:07;12;58;20;1.33;8.34;3.72;01:15;12.9;;19.61;36.87;15,686.42;2,557;22;167;230;895;;191;65 hours;306;189;06:23:47;14:49:51;61%;6;13;104;
Arash1994;0;159;10;50,450;3,983;141;2;5.28;1,675;854;450;117;20,482;7,002;526;311,805;209;8;;16;526;0.02;7%;6.27;34%;;;7;19;6,996;;53%;19;15,945;;47;30;16;01:22;11;28;19;0.53;4.51;3.88;00:42;6.94;;14.94;28.36;10,354.7;136;;31;25;76;;10;5 hours;30;28;21:31;43:31;93%;4;;2;
ATLXyphes;3256;496;16;171,669;5,201;467;3;6.55;2,270;2,624;1,180;239;53,118;17,585;1,367;905,434;878;53;;35;1,367;0.02;7%;5.12;33%;;2;16;26;7,626;;48%;26;21,645;;70;27;34;03:23;8;38;15;0.46;6.76;3.16;01:09;11.6;;15.6;34.69;11,971.63;512;8;61;68;186;;21;15 hours;76;67;01:28:13;02:19:57;88%;5;0;9;
AutoBots_Kick_A;2901;14;4;4,539;1,094;14;;4.08;1,325;78;39;8;2,217;651;57;30,073;29;;;;57;0.02;8%;3.39;29%;;;3;11;5,103;;37%;11;6,254;;15;9;6;00:48;3;11;8;;6.71;2.33;00:58;8.46;;11.38;22.76;8,775.43;23;;2;3;6;;;43 minutes;3;3;03:19;04:03;77%;;0;1;
bboyer123;2774;20;7;5,274;2,331;15;;6.68;1,762;88;43;11;2,421;737;46;33,081;41;;;;46;0.01;6%;2.44;30%;;;;9;2,757;;39%;9;6,880;;31;18;15;02:56;4;9;4;;12.02;3.67;02:33;13.69;;14.36;29.4;11,053.32;36;2;3;3;10;;;45 minutes;3;2;07:39;02:18;56%;;0;1;
BEBOFLOW-PR;0;34;6;21,305;3,186;43;4;3.28;2,061;208;78;19;5,950;1,601;119;88,836;86;2;;10;119;0.01;7%;1.44;26%;;;;8;3,652;;54%;8;13,225;;32;14;21;01:45;3;15;9;0.96;13.93;1.83;01:01;8.31;;7.54;20.12;8,593.73;144;2;9;7;17;;;2 hours;10;4;10:38;01:59;39%;3;0;6;
BEN-B-en;0;135;8;61,852;4,507;185;5;3.85;1,766;679;343;62;24,301;8,251;358;367,808;229;5;;17;358;0.01;4%;1.62;33%;48;;9;18;5,846;48;68%;18;12,574;48;30;17;12;01:07;4;17;9;0.48;11.93;1.77;00:51;6.53;1.37;9.79;19.39;10,503.84;418;9;28;26;79;;5;7 hours;35;12;29:48;21:01;33%;3;1;22;
benjacore;3377;65;9;30,972;2,853;64;2;5.35;2,550;262;110;22;8,205;2,392;166;132,592;118;6;;5;166;0.01;6%;2.31;29%;;;3;15;6,917;;38%;15;12,556;;26;12;12;02:47;3;23;9;0.41;9.3;1.81;01:33;9.71;;9.05;21.57;10,917.07;113;;13;16;36;;;2 hours;12;8;18:59;04:11;63%;5;;4;
BhaagMilkhaBhaag;3000;9;3;6,483;1,526;8;;2.06;1,488;111;55;19;1,663;689;27;28,816;16;;;2;27;0.01;3%;4.44;41%;;;3;13;2,889;;50%;13;6,719;;27;12;4;00:44;4;7;5;0.45;5.73;4.36;00:47;3.67;;12.62;25.47;6,613.8;25;;2;4;8;;4;41 minutes;4;4;03:24;07:13;91%;;;0;
bhmazz;0;13;5;11,505;1,296;16;;1.95;1,729;89;41;18;3,811;842;66;37,941;38;;;;66;0.01;7%;1.23;22%;;;;7;2,139;;28%;7;5,577;;13;7;8;00:56;4;14;6;;10.81;2.7;00:55;5.71;;6.16;13.37;5,701.21;72;;6;3;10;;;1 hour;7;2;06:10;00:01;32%;;0;4;
BloodHoundHD;4028;4;4;1,682;1,682;4;3;5.99;2,521;20;12;3;343;122;7;7,400;10;;;3;7;0.01;5%;2.22;35%;;;;15;4,305;;38%;15;7,184;;19;12;9;00:51;3;7;3;4.49;13.48;4.49;01:30;14.98;;17.98;29.97;11,090.5;9;;1;1;2;;;10 minutes;1;0;01:00;03:05;25%;;1;0;
Blota_Skoles;3358;1,331;17;561,470;6,543;1,232;4;7.25;3,062;5,670;2,945;602;134,925;51,023;3,044;2,617,773;2,151;94;2;137;3,044;0.02;5%;2.52;37%;306;6;35;20;9,998;177;83%;20;25,875;177;66;38;38;03:58;9;39;17;0.74;12.25;3.28;01:28;11.73;1.66;16.06;30.92;14,277.92;2,247;29;158;193;552;;72;41 hours;183;85;04:30:08;06:32:50;46%;6;9;90;
blueschopper0628;1959;47;3;52,373;3,302;72;;2.64;2,942;267;136;36;12,348;2,448;160;131,147;119;;;;160;0.01;6%;0.88;19%;;;3;7;2,773;;35%;7;6,274;;15;7;9;01:19;3;12;7;;16.96;2.02;01:27;6.68;;7.64;15;7,367.84;302;6;13;13;41;;3;3 hours;18;5;26:03;02:22;28%;;2;11;
BobbysWorldGamer;2493;6;2;5,266;1,113;6;;2.83;2,491;39;13;2;1,444;394;25;17,854;10;;;;25;0.01;6%;1.3;27%;;;;7;3,164;;18%;7;6,250;;21;5;7;01:00;;7;7;;14.19;0.94;00:53;4.73;;6.15;18.45;8,447.02;30;;1;0;3;;;30 minutes;2;0;01:53;00:39;18%;;0;2;
boJangles408;2209;;;;;;;;;;;;138;;;1,259;;;;;;;;;24%;;;;;;;;;1,259;;;2;;;2;;;;11.92;11.92;00:01;;;11.92;11.92;7,509.23;2;;0;;1;;;1 minute;;;00:00;;;;;0;
BONBISH;3415;486;16;248,108;6,304;418;;5.93;3,032;2,361;1,305;362;49,694;20,497;1,339;1,004,881;925;18;;12;1,339;0.02;6%;2.12;41%;;9;42;17;5,650;;67%;17;28,212;;54;32;21;03:05;10;50;16;0.14;13.55;4.42;01:31;11.3;;15.94;28.85;12,279.41;1,109;11;75;78;230;;25;18 hours;82;34;02:05:09;02:41:36;42%;4;5;42;
boneh;4051;20;12;8,008;2,331;23;2;3.52;1,411;135;58;18;2,929;801;70;41,296;32;;;4;70;0.02;8%;3.75;27%;;;;9;4,432;;53%;9;13,093;;41;17;8;01:13;6;16;7;0.7;6.34;3.17;00:40;5.63;;10.21;23.78;7,275.47;36;;6;6;12;;;51 minutes;6;6;03:48;01:53;100%;
BunnyFuufu;3926;886;13;269,481;5,432;858;3;6.67;2,031;4,266;2,227;614;106,055;40,294;2,534;1,859,619;1,287;57;;80;2,534;0.02;6%;3.81;37%;75;;36;22;10,904;75;56%;22;24,885;75;61;38;28;03:04;13;36;20;0.6;8.43;4.62;01:03;9.7;0.56;16.78;32.15;14,016.95;1,119;8;98;133;363;;56;27 hours;133;104;02:19:23;04:01:43;78%;5;1;28;
buraki35;4286;1,329;27;392,249;6,053;1,012;4;8.93;2,637;5,307;2,889;613;102,962;38,606;2,572;2,112,650;1,498;115;;129;2,572;0.02;6%;4.04;37%;135;3;25;29;9,575;100;57%;29;26,352;100;63;40;33;03:08;14;45;33;0.86;8.82;4.12;01:04;10.07;0.9;19.42;35.68;14,205.02;1,313;11;73;125;465;;118;27 hours;149;124;02:40:35;08:36:35;83%;5;4;21;
CapuSound99;2434;52;6;24,337;3,940;40;3;4.72;2,211;278;133;29;7,409;2,606;138;106,850;132;6;;10;138;0.01;5%;2.33;35%;;;;14;7,335;;43%;14;12,275;;38;19;25;02:27;7;20;8;0.9;10.81;2.63;01:34;11.99;;12.08;25.25;9,707.67;119;2;13;11;34;;3;2 hours;11;4;17:24;10:04;40%;4;0;6;
Cassia7;3556;31;6;8,589;1,731;33;;3.71;1,030;138;48;9;5,178;1,620;75;77,608;47;3;;;75;0.01;4%;1.97;31%;;;;15;7,416;;53%;15;9,331;;24;8;13;01:07;2;12;8;0.11;8.39;1.07;00:49;5.63;;5.75;16.55;9,307.55;70;2;9;6;20;;;1 hour;8;4;06:51;04:36;43%;4;0;5;
ChaLiWang;3191;24;6;7,575;2,736;23;3;4.23;1,337;116;65;23;2,770;921;61;43,861;22;2;;6;61;0.02;6%;4.29;33%;;;;12;4,486;;43%;12;10,292;;30;18;7;00:33;5;14;9;1.05;4.76;4.05;00:22;3.88;;11.47;20.47;7,740.74;27;;1;4;8;;;45 minutes;6;3;02:07;04:17;47%;3;;3;
Chewdle;3693;548;19;211,398;5,313;481;3;6.24;2,409;2,572;1,353;325;59,341;20,556;1,501;1,022,613;833;45;;45;1,501;0.02;7%;4.12;34%;12;3;37;22;7,078;12;50%;22;23,080;12;56;40;34;02:54;14;50;26;0.51;7.1;3.7;01:09;9.49;0.13;15.41;29.3;11,651.25;624;5;61;82;235;;42;15 hours;88;72;01:41:44;02:50:56;82%;4;0;15;
Chuni-Byo;0;21;6;12,330;1,720;27;;3.39;1,994;108;36;8;4,383;1,153;55;63,212;46;;;;55;0.01;4%;1.63;26%;;;2;12;4,353;;21%;12;9,539;;15;8;10;01:07;;9;7;;10.67;1.29;01:30;7.43;;5.82;17.46;10,223.02;66;;6;4;16;;;1 hour;6;2;09:17;02:17;30%;;0;4;
crimsonview93;2440;;;454;454;;;;1,603;3;;;161;43;6;1,449;;;;;6;0.03;13%;0.75;26%;;;;2;774;;;2;1,449;;3;;;;;6;3;;14.12;;;;;3.53;10.59;5,116.99;4;;;0;1;;;3 minutes;0;;;;;;;0;
CrispeChris;3343;28;12;7,728;2,725;24;2;7.26;2,005;119;58;14;2,751;1,033;49;49,118;24;;;5;49;0.01;4%;3.6;37%;;;;13;6,123;;42%;13;18,442;;40;25;10;01:01;6;15;8;1.29;8.56;3.63;00:46;6.22;;15.05;30.88;12,746.22;33;;4;1;6;;;46 minutes;4;4;02:58;03:57;98%;;0;0;
cyber_animaI;4399;3;3;1,463;536;4;;4.97;2,425;19;10;2;611;174;9;7,895;4;;;;9;0.01;5%;3.16;28%;;;;8;2,414;;50%;8;2,643;;10;5;3;00:30;2;6;3;;9.94;3.31;02:46;6.63;;16.57;31.49;13,089.13;6;;1;0;2;;;10 minutes;1;0;01:40;;55%;;;0;
CyberBuIIying;4034;151;20;43,958;3,739;131;2;6.24;1,819;606;324;87;15,110;5,646;350;290,000;179;15;;12;350;0.02;6%;2.85;37%;;;2;22;7,418;;72%;22;30,083;;58;34;32;02:20;8;33;11;0.49;8.77;3.59;00:39;7.4;;13.4;25.07;11,999.41;212;2;19;22;65;;6;4 hours;24;18;15:59;28:52;72%;4;1;6;
Defyz---;0;9;4;4,588;1,547;10;2;3.59;1,834;57;32;6;1,242;422;31;22,234;7;;;3;31;0.02;7%;3.35;33%;;;4;17;3,905;;41%;17;9,149;;19;16;2;00:20;3;9;8;1.19;6.79;2.39;00:20;2.79;;12.79;22.79;8,890.93;17;;1;4;7;;;22 minutes;3;2;00:52;04:24;90%;;;0;
Demented_Hiei;0;7;4;3,400;1,206;7;;3.43;1,669;30;20;7;1,206;304;32;16,170;7;;;;32;0.02;10%;1.66;25%;;;;7;3,425;;48%;7;6,460;;16;10;4;01:28;3;17;10;;8.83;3.43;01:11;3.43;;9.81;14.72;7,938.25;18;;4;2;7;;;20 minutes;2;1;02:24;;24%;;;2;
Desterix_452;0;72;9;53,560;3,715;89;2;3.32;2,477;429;169;26;14,992;4,291;278;219,433;212;3;;4;278;0.01;6%;1.98;28%;;2;10;16;6,010;33;55%;16;18,965;;44;18;28;03:27;3;25;13;0.18;9.98;1.2;01:34;9.8;;7.81;19.83;10,146.6;216;4;12;25;64;;8;4 hours;22;8;33:57;17:25;36%;3;2;12;
DEVIL_SHADOW_KSA;0;;;240;240;;;;4,327;;;;38;17;;918;;;;;;0.01;5%;0.5;44%;;;;;561;;44%;1;918;;;;;00:02;;;;;36.05;18.02;00:51;;;18.02;18.02;16,551.67;2;;0;0;0;;;58.6453950740397 seconds;0;;00:02;;;;;0;
D-fantasy_;2798;41;11;17,134;4,473;33;;7.55;3,156;158;69;16;5,118;1,701;79;86,531;61;3;;4;79;0.01;4%;2.92;33%;100;;;19;6,797;100;40%;19;23,893;100;31;15;24;01:53;3;15;6;0.73;9.94;2.94;01:41;11.23;18.41;12.7;29.1;15,938.17;54;;5;4;16;;4;1 hour;5;2;09:08;02:18;30%;3;0;4;
DifferentD;3517;1,059;16;410,205;7,912;1,051;3;5.54;2,146;5,112;2,432;542;136,005;41,448;2,739;2,128,353;1,953;79;;88;2,739;0.01;6%;2.69;30%;75;7;64;22;8,390;75;47%;22;21,919;75;50;29;25;03:44;12;33;11;0.46;9.94;2.83;01:32;10.21;0.39;12.72;26.74;11,134.79;1,900;13;190;167;509;;43;41 hours;191;93;04:53:30;03:28:59;48%;6;10;89;
DigitalNex;3993;;;440;286;;;1;441;19;10;2;453;116;7;3,792;3;;;;7;0.01;6%;3.16;25%;;;;7;1,210;;34%;7;2,181;;12;6;3;00:06;;5;3;;6.01;2;00:08;3;;10.02;19.04;3,801.21;6;;0;1;1;;;9 minutes;1;1;00:08;;100%;
Divinity-X-;4070;367;13;113,882;3,940;357;3;5.6;1,741;1,815;849;189;45,525;16,997;971;824,901;590;20;;57;971;0.02;5%;4.05;37%;75;;4;26;8,345;75;71%;26;21,478;75;42;23;22;01:40;7;26;15;0.87;6.84;2.88;00:54;9.01;1.14;12.97;27.74;12,609.22;448;4;47;52;179;;22;12 hours;65;50;59:09;01:13:57;76%;5;1;14;
DramaticMango;2345;;;1,033;922;;;;11,317;;;;54;17;;1,071;;;;;;;;;31%;;;;;825;;33%;1;825;;;;;00:03;;;;;10.95;10.95;01:02;;;10.95;10.95;11,735.27;;;0;0;0;;;1 minute;0;0;00:05;;33%;;;0;
drewsausage;3063;59;15;22,281;3,907;41;2;7.49;2,830;231;118;24;4,512;1,505;82;87,397;86;5;;4;82;0.01;5%;4.2;33%;;;6;17;4,906;;38%;17;14,824;;48;29;21;01:13;9;20;11;0.5;6.98;3.04;00:45;10.92;;14.98;29.34;11,102.32;55;;4;10;22;;5;1 hour;8;7;06:01;16:40;89%;5;;1;
DSZY;2443;105;9;55,190;3,910;115;;4.04;2,125;583;243;59;24,834;6,592;304;283,403;250;7;;6;304;0.01;4%;2.24;26%;;;19;19;7,527;148;49%;19;17,282;;41;17;17;02:29;4;27;13;0.23;10.01;2.27;01:44;9.62;;9.35;22.45;10,914.28;260;;29;25;72;;;5 hours;26;10;45:11;25:55;40%;3;3;12;
DutchieSoInsane;2709;;;808;808;;;;4,258;2;;;87;27;3;1,591;;;;;3;0.01;11%;0.4;31%;;;;;576;;;1;1,591;;2;;;00:01;;3;3;;26.34;5.26;00:09;;;5.26;10.53;8,384.99;5;;;0;0;;;2 minutes;0;;00:01;;;;;0;
eastcoastrider71;2494;;;833;809;;;2.15;1,796;5;3;2;305;46;;1,667;2;;;;;0;2%;1.25;15%;;;;2;630;;5%;2;1,323;;5;3;2;00:18;2;;;;8.62;4.31;01:05;4.31;;6.46;10.77;3,593.49;4;;0;0;0;;;5 minutes;0;0;00:30;;34%;;;0;
ecotaku;2368;;;469;301;;;;411;4;2;;189;59;2;2,750;2;;;;2;0;3%;0.66;31%;;;;3;769;;48%;3;1,388;;3;2;2;00:13;;2;;;5.26;0.87;00:22;1.75;;1.75;3.5;2,411.57;6;;0;0;0;;;3 minutes;1;;00:25;;;;;1;
eliteboy_1da;3003;513;17;208,124;4,816;499;4;5.47;2,222;2,284;1,118;292;64,619;20,273;1,409;985,104;906;16;;74;1,409;0.01;6%;1.95;31%;92;5;26;18;6,780;75;58%;18;19,153;75;53;29;30;02:36;8;34;13;0.79;12.5;3.11;01:20;9.67;0.98;11.93;24.38;10,519.11;1,171;11;94;82;232;;12;20 hours;94;41;02:05:54;01:28:34;43%;4;6;47;
entoe12;0;4;3;2,589;1,105;3;;3.4;2,204;16;7;2;834;162;7;6,871;4;;;;7;0;4%;3.2;19%;;;;7;4,430;;5%;7;4,762;;8;4;3;00:50;;6;5;;4.25;1.7;00:49;3.4;;5.95;13.61;5,848.03;5;;1;1;3;;;11 minutes;1;1;00:58;;53%;;0;0;
Erenksk9;4169;100;10;36,688;4,847;102;2;6.78;2,490;396;219;55;12,239;4,207;289;213,692;136;4;;13;289;0.02;6%;2.09;34%;100;;;15;6,820;100;54%;15;24,649;100;44;28;20;02:06;8;25;13;0.88;12.82;3.73;01:21;9.22;6.78;14.86;26.87;14,501.69;189;;9;13;46;;4;3 hours;15;7;20:03;21:59;46%;4;0;8;
EvanMario;4510;1,328;16;449,503;4,878;1,074;4;7.26;2,459;6,218;3,201;675;134,309;44,309;3,545;2,301,652;1,912;106;3;238;3,545;0.02;8%;4.32;32%;126;;13;27;9,755;100;54%;27;22,206;100;63;37;26;02:28;11;42;18;1.3;7.87;3.69;01:00;10.45;0.68;17.5;34;12,588.78;1,439;19;117;178;535;;96;36 hours;183;159;03:05:35;05:53:35;87%;5;5;18;
Evilduck1903;2547;10;4;2,876;981;10;;5.33;1,536;38;23;10;1,324;394;36;19,555;7;;;;36;0.02;9%;1.35;29%;;;3;6;3,295;;;6;6,408;;18;10;4;00:50;3;16;11;;14.95;5.33;01:02;3.73;;12.28;20.29;10,441.58;28;;1;2;5;;;25 minutes;2;0;01:56;01:32;22%;;;1;
Fade_BR;2818;371;12;193,672;5,003;382;4;3.76;1,963;1,824;817;197;54,948;17,702;810;862,194;815;18;;41;810;0.01;4%;2.02;32%;;2;48;19;6,230;;66%;19;20,223;;51;29;26;04:12;9;28;8;0.41;9.13;1.99;01:17;8.26;;8.28;18.49;8,740.88;901;12;93;78;222;;21;18 hours;99;36;02:07:13;50:59;36%;4;3;60;
Flown_Jebus;0;29;9;12,652;2,157;23;;5.51;2,405;161;92;26;3,097;1,000;88;49,357;37;3;;3;88;0.02;8%;4.73;32%;;;2;18;4,321;;50%;18;6,718;;24;18;8;00:45;4;15;11;0.57;6.46;4.94;00:43;7.03;;17.48;30.59;9,380.56;34;2;5;5;16;;3;53 minutes;5;5;03:47;07:42;95%;4;;0;
flyinganimal;4142;5;2;3,596;890;10;;2.36;1,701;35;19;6;1,286;430;38;20,662;11;;;;38;0.02;8%;1.52;33%;;;;7;4,016;;58%;7;5,770;;13;8;4;00:25;2;18;9;0.47;10.88;2.83;00:50;5.2;;8.98;16.56;9,776.35;23;;3;1;5;;;24 minutes;2;0;01:45;01:02;23%;;;2;
FlyNameHere;2202;;;524;150;2;;;523;4;3;;535;104;3;2,845;2;;;;3;0;2%;0.26;19%;;;10;;654;;26%;1;880;;2;2;;00:25;;2;2;;14.98;;00:32;1.99;;2.99;3.99;2,841.93;15;;1;0;2;;;11 minutes;1;0;00:32;;22%;;0;1;
forrestsmith2;0;491;12;202,249;5,641;426;3;6.1;2,513;2,111;1,018;242;71,236;21,625;1,361;1,021,077;729;30;;41;1,361;0.02;6%;2.66;30%;;6;59;26;9,008;;52%;26;27,047;;50;29;24;02:36;9;37;20;0.5;9.84;3;01:10;9.05;;12.65;26.23;12,689.38;792;12;70;64;189;;17;18 hours;80;42;01:33:59;01:25:52;51%;5;5;34;
fructoseghost;2653;;;3,844;1,610;2;;;2,098;12;6;;567;190;8;8,586;8;;;;8;0;4%;0.4;33%;;;;4;918;;43%;4;2,228;;5;3;5;00:45;;4;2;;16.37;0.54;01:03;4.36;;3.27;6.54;4,686.4;30;;3;1;5;;;20 minutes;2;0;01:56;;0%;;0;2;
G1ng3rsHOT;2892;;;524;273;;;1.72;901;4;2;;117;44;4;2,367;3;;;;4;0.01;9%;1.33;37%;;;;4;1,711;;39%;4;1,711;;4;2;3;00:25;;3;3;;5.16;;00:54;5.16;;3.44;6.88;4,072.45;3;;1;1;2;;;4 minutes;1;0;00:31;;44%;;0;0;
games3_112;2604;;;257;257;;;;360;;;;615;115;6;3,550;;;;;6;0.01;5%;;18%;;;;;2,012;;18%;1;3,550;;;;;00:04;;6;4;;1.4;;00:05;;;;1.4;4,970.3;;;1;;1;;;9 minutes;1;;00:04;;;;;1;
GoldenBullet20;4287;1,459;21;530,200;7,783;1,221;6;7.77;2,825;6,459;2,926;569;137,726;49,911;2,990;2,695,534;2,103;155;;197;2,990;0.02;5%;5.11;36%;75;;30;32;10,765;75;62%;32;34,270;75;63;30;30;03:09;9;35;16;1.04;6.72;3.03;01:14;11.2;0.39;15.58;34.4;14,360.01;1,262;10;116;188;592;;114;35 hours;188;153;03:51:56;07:19:28;81%;5;7;28;
GoMu___;4214;176;11;63,063;4,631;151;2;6.72;2,410;819;444;121;19,393;6,804;543;328,386;280;9;;4;543;0.02;7%;3.07;35%;71;;11;24;7,035;71;59%;24;21,074;71;55;32;20;02:15;9;36;12;0.15;10.16;4.62;01:11;10.7;2.72;16.96;31.3;12,551;266;2;15;25;65;;8;5 hours;26;13;31:17;45:36;49%;3;1;12;
hiijle;0;13;7;8,605;1,835;20;;2.79;1,853;82;29;3;2,135;614;44;31,269;24;2;;2;44;0.01;7%;1.64;28%;;;;7;1,721;;47%;7;7,761;;20;6;7;00:54;;17;5;0.43;10.76;0.64;00:49;5.16;;6.24;17.65;6,733.96;50;;3;3;8;;;58 minutes;5;2;03:50;;43%;3;;3;
hourai127;2224;;;;;;;;;;;;229;38;;1,654;;;;;;0;2%;0.2;16%;;;;;1,109;;;1;1,654;;;;;00:11;;;;;6.81;;00:15;;;;1.36;2,254.14;5;;0;1;1;;;5 minutes;1;0;00:11;;17%;;;1;
IHateUddesd;2737;5;2;2,695;1,045;7;;2.85;1,541;29;17;6;963;260;23;13,500;12;;;;23;0.01;8%;1.2;26%;;;;5;1,588;;34%;5;6,593;;17;10;8;01:35;3;12;5;0.57;13.72;3.43;01:38;6.86;;9.71;16.58;7,718.72;24;;2;1;4;;;23 minutes;2;;02:51;00:20;;3;;2;
Inny21;3069;8;3;4,464;1,661;10;;4.51;2,518;39;17;8;1,463;384;29;17,731;16;;;;29;0.01;7%;1.95;26%;;;;6;2,129;;24%;6;7,389;;22;9;11;01:13;4;13;7;0.56;11.27;4.51;00:56;9.02;;9.58;21.99;10,000.08;20;;0;1;2;;;24 minutes;2;1;01:40;01:24;61%;;;1;
ioReactz;3584;243;14;76,767;4,517;236;6;5.08;1,607;1,211;623;142;26,765;9,467;694;495,273;380;17;;22;694;0.02;7%;2.96;35%;;;25;26;8,804;;58%;26;27,060;;51;26;28;02:32;12;31;17;0.46;8.56;2.97;00:58;7.95;;13.04;25.34;10,367.3;409;7;44;47;134;;15;8 hours;48;36;46:33;42:52;74%;5;0;12;
iqbalhaikal55;3032;32;9;12,798;1,926;38;;3.85;1,540;173;86;26;4,261;1,615;86;72,635;61;2;;3;86;0.01;5%;2.47;37%;;;;13;3,109;;48%;13;12,191;;34;17;14;01:13;7;15;5;0.36;8.42;3.12;00:51;7.34;;10.34;20.81;8,740.16;70;;7;8;20;;2;1 hour;8;4;07:09;07:12;48%;4;;4;
IRaTuSz;4587;2,341;23;618,975;6,820;1,706;5;9.43;2,495;8,538;4,663;974;213,838;70,299;5,379;3,787,911;2,709;180;5;179;5,379;0.02;7%;3.13;32%;86;2;67;26;10,485;75;53%;26;26,667;75;64;37;35;03:26;13;46;14;0.72;10.98;3.92;01:10;10.91;0.34;18.79;34.41;15,267.37;2,725;23;128;220;724;;146;53 hours;248;162;04:51:18;10:51:10;65%;6;17;69;
itsDiety;0;178;15;62,512;3,257;169;;6.03;2,119;765;395;103;22,096;7,923;543;393,127;220;7;2;8;543;0.02;6%;2.53;35%;;;12;14;7,385;;46%;14;21,619;;52;30;19;02:05;15;32;20;0.27;10.23;3.49;00:51;7.45;;13.38;25.93;13,326.21;302;3;19;26;79;;9;5 hours;30;18;25:27;43:46;61%;4;1;10;
itsGenji;3211;960;21;352,505;6,237;815;4;7.11;2,614;4,480;2,094;421;103,692;32,440;2,130;1,699,203;1,401;82;;148;2,130;0.02;6%;4.43;31%;75;;35;25;9,173;75;50%;25;29,485;75;60;32;26;03:18;13;47;15;1.09;7.48;3.12;01:09;10.38;0.55;15.52;33.21;12,599.62;1,010;3;110;124;391;;73;25 hours;135;116;02:36:48;04:25:59;85%;6;2;18;
ItsRaiyu;4368;146;13;57,384;4,640;128;2;7.34;2,888;602;328;100;14,187;4,920;393;268,202;193;14;;12;393;0.02;7%;3.16;34%;;;;27;6,757;;53%;27;21,770;;48;25;23;01:57;8;35;12;0.6;9.56;5.03;00:51;9.71;;16.5;30.29;13,498.05;190;;14;11;47;;10;4 hours;20;12;16:56;36:03;61%;5;0;7;
JDG-191;2864;2;;2,016;1,104;4;;1.96;1,983;22;6;;898;284;19;13,257;14;;;;19;0.02;6%;1.69;31%;;;;5;3,267;;30%;5;6,267;;12;5;8;02:24;;9;4;;12.78;;04:33;13.77;;5.9;21.64;13,041.12;13;;;;3;;;13 minutes;1;;04:37;;;;;1;
JOKERFIRST15;4055;;;583;583;3;2;0.8;468;18;7;4;430;107;9;5,375;3;;;3;9;0.02;8%;3.6;24%;;;;7;1,697;;36%;7;3,118;;14;6;2;00:18;3;7;6;2.4;4.01;3.21;00:16;2.4;;5.62;14.45;4,316.95;5;;2;1;4;;;7 minutes;1;1;00:20;00:54;65%;;;0;
JonXSly;3015;26;7;9,749;1,436;25;;4.84;1,815;83;35;10;3,587;963;55;42,384;44;;;;55;0.01;5%;1.07;26%;;;2;10;2,699;;50%;10;5,830;;19;7;11;01:21;2;12;5;;14.33;1.86;01:13;8.19;;6.51;15.45;7,891.44;77;;7;4;13;;;1 hour;5;1;06:35;02:30;24%;3;0;4;
kadoya3582;3563;2;2;4,151;3,064;4;;2.11;4,382;16;8;;371;122;;7,848;;;;;;0;0%;1.23;32%;;;;5;1,373;;30%;5;5,541;;14;6;;00:19;;;;1.05;13.72;;00:35;1.05;;8.44;16.89;8,284.8;13;;1;;1;;;11 minutes;1;;00:34;;;;;1;
katsuya3;2206;6;6;1,973;1,739;6;;4.9;1,614;43;18;3;1,218;432;26;20,228;20;;;;26;0.02;6%;3.07;35%;;;;8;3,480;;39%;8;17,651;;35;16;16;02:02;3;20;6;0.81;11.45;2.45;02:49;16.36;;14.72;35.18;16,551.54;14;;1;1;3;;;16 minutes;1;1;03:26;03:37;100%;
Keytix_;0;18;6;5,495;2,189;15;;6.75;2,064;79;39;9;1,819;738;33;32,476;23;;;;33;0.01;4%;3.95;40%;;;;22;6,142;;48%;22;9,163;;31;14;14;01:50;3;14;7;;7.51;3.37;01:08;8.63;;14.64;29.66;12,196.48;20;;3;1;5;;2;30 minutes;3;2;03:02;;71%;;;1;
Kiba_Zack;3014;5;3;2,397;1,696;5;;6.2;2,975;37;17;4;719;204;10;10,650;22;;;2;10;0.01;4%;7.4;28%;;;;15;4,455;;25%;15;4,455;;15;8;11;01:13;2;7;7;2.48;6.2;4.96;02:58;27.3;;21.1;45.92;13,219.45;5;;1;0;2;;;11 minutes;1;1;02:24;04:51;100%;
KILLER77_HAZZA3;0;812;16;502,765;8,909;798;2;5.37;3,326;3,692;1,834;471;109,577;33,564;1,889;1,752,702;1,405;45;;63;1,889;0.01;5%;1.98;30%;230;3;23;22;9,480;79;66%;22;35,155;79;63;30;29;02:57;10;40;10;0.41;12.27;3.11;01:23;9.29;1.52;12.13;24.42;11,594.78;1,856;20;127;139;364;;46;33 hours;151;73;03:29:51;02:29:19;48%;5;7;71;
kirA-_-bleAch;0;707;17;319,765;6,325;588;5;5.27;2,384;3,845;1,932;390;109,449;34,592;2,626;1,571,037;1,683;50;;110;2,626;0.02;7%;8.96;31%;;18;66;33;10,450;;52%;33;31,778;;88;44;56;05:08;11;67;34;0.81;3.19;2.9;01:21;12.54;;14.4;28.66;11,711.26;429;5;107;147;398;;55;29 hours;134;67;03:01:43;03:46:40;50%;5;8;59;
kk10295;3110;;;438;438;;;;4,559;;;;;;;586;;;;;;;;;;;;;;586;;;;586;;;;;00:02;;;;;10.4;;00:24;;;;;6,099.18;;;0;;0;;;35.526753006502986 seconds;0;;00:02;;;;;0;
kon5-TDRoki;2363;23;4;11,104;1,170;38;;2.12;1,024;131;50;12;5,276;1,538;74;68,902;47;2;;;74;0.01;4%;1.42;29%;;;7;10;4,479;;39%;10;7,641;;18;9;8;01:15;4;10;7;0.09;8.48;1.1;00:47;4.33;;4.6;12.07;6,352.65;92;;5;7;15;;;1 hour;11;3;08:31;03:09;23%;3;;8;
koutyatya;0;2,073;18;962,342;8,147;1,937;3;6.8;3,159;8,365;3,618;532;279,695;102,438;4,878;4,877,497;3,363;195;;106;4,878;0.02;4%;2.87;36%;88;3;69;26;9,908;70;64%;26;28,111;70;56;25;27;03:29;7;41;16;0.34;9.53;1.74;01:39;11.03;0.28;11.87;27.45;16,009.63;2,906;19;275;330;931;;69;67 hours;305;152;08:27:28;05:57:59;49%;5;15;138;
KSlims;4375;7;5;2,088;1,317;7;;5.05;1,508;56;25;5;1,107;344;37;16,592;29;;;2;37;0.03;10%;3.29;31%;;;;12;3,870;;54%;12;6,063;;22;8;8;00:32;2;13;6;1.44;12.27;3.61;01:43;20.94;;18.05;40.44;11,984.8;17;;1;2;5;;;19 minutes;1;1;02:22;02:54;43%;3;0;1;
kurosaki158;1715;373;13;163,846;3,825;392;4;4.11;1,807;1,641;678;143;66,698;14,885;760;800,191;742;16;2;61;760;0.01;5%;1.73;22%;0;;10;12;4,995;120;40%;12;23,473;;45;22;28;04:32;5;19;11;0.67;10.4;1.57;01:25;8.18;0;7.47;18.09;8,823.18;944;11;80;62;163;;5;19 hours;91;42;02:09:15;26:57;46%;4;4;44;
L1TTL3msAW3S0M3;2566;;;468;422;;;;1,534;;;;139;17;;1,039;;;;;;;;0.2;12%;;;;;467;;;1;527;;;;;00:12;;;;;16.38;;00:44;;;;3.27;3,404.58;5;;1;0;1;;;4 minutes;0;;00:13;;;;;0;
lakejacher;2109;;;615;615;;;;4,965;2;;;88;24;2;1,229;;;;;2;0.01;8%;0.66;27%;;;;2;605;;;2;1,229;;2;;;00:31;;2;2;;24.21;;04:16;;;;16.14;9,917.63;3;;0;;0;;;2 minutes;0;0;00:31;;100%;
Langartija;3035;;;60;60;;;;60;;;;102;24;4;803;;;;;4;0.01;16%;;23%;;;;;803;;23%;;803;;;;;;;4;4;;;;;;;;;803;;;;;;;;3 minutes;1;;;;;;;1;
LEATONER;0;19;6;14,144;4,353;20;;3.84;2,866;97;54;14;3,613;926;40;45,846;43;;;;40;0.01;4%;1.61;25%;;;;12;3,295;;33%;12;9,329;;31;19;10;02:03;5;10;3;;12.15;2.83;02:04;8.71;;10.94;19.65;9,289.19;60;;2;4;11;;;1 hour;5;2;10:15;09:58;40%;;1;2;
LoggingOut;0;189;10;77,997;2,877;186;3;4.51;1,864;1,022;455;99;23,255;9,492;640;474,273;357;11;;23;640;0.02;6%;2.24;40%;100;2;26;18;5,906;100;60%;18;21,210;100;39;18;22;01:44;8;26;9;0.54;10.87;2.36;00:57;8.52;2.38;10.87;24.41;11,332.07;455;10;30;44;117;;8;8 hours;42;18;40:14;35:36;43%;4;2;22;
l-Twisted_Fate-l;3972;84;14;25,134;3,686;69;2;7.38;2,210;380;190;34;9,431;2,740;195;148,269;153;7;;8;195;0.02;7%;3.61;29%;;;2;19;6,093;;37%;19;18,177;;42;22;15;01:48;7;26;9;0.7;9.23;2.98;01:44;13.45;;16.7;33.41;13,038.34;105;;14;14;37;;5;2 hours;11;7;19:45;18:23;62%;4;0;4;
lucis204;2770;2,583;15;1,250,121;11,418;3,034;3;4.31;2,090;12,578;5,529;1,297;617,164;103,217;5,241;5,465,720;5,398;109;3;62;5,241;0.01;5%;1.8;16%;622;22;227;21;6,342;100;80%;21;26,065;172;61;29;38;05:48;11;39;9;0.1;11.64;2.16;01:36;9.02;1.03;9.24;21.03;9,139.55;6,963;66;479;529;1,462;;180;125 hours;598;274;15:57:09;05:44:32;45%;4;35;289;
LuckyC723;3709;7,534;24;2,611,072;6,562;7,694;6;6.58;2,282;33,616;17,715;4,394;872,721;286,672;21,203;14,674,814;11,711;475;8;730;21,203;0.02;7%;2.76;32%;837;61;442;33;11,750;100;100%;33;28,153;100;67;39;35;04:22;14;51;21;0.63;10.61;3.84;01:24;10.23;0.73;15.48;29.37;12,825.03;12,141;135;873;1,099;3,126;;325;254 hours;1,144;577;26:53:27;31:27:42;50%;6;54;513;
M5roosh_ksa;3563;219;13;114,402;4,869;225;3;5.34;2,793;1,079;562;160;33,799;9,659;628;491,069;379;11;;17;628;0.02;6%;2.69;28%;;;18;18;7,088;119;43%;18;23,612;;63;33;23;01:59;10;34;11;0.41;9.76;3.9;01:07;9.25;;13.71;26.33;11,987.27;400;3;32;39;108;;11;8 hours;41;16;45:56;44:37;38%;4;3;23;
MAAFX;2990;;;994;856;2;;1.72;1,715;8;5;2;476;86;4;4,261;5;;;;4;0;4%;0.88;18%;;;;4;1,821;;17%;4;2,300;;6;3;4;00:19;;2;2;;15.53;3.45;00:48;8.62;;8.62;13.8;7,353.42;9;;1;0;2;;;7 minutes;1;0;00:27;;3%;;0;0;
MagIish;4473;12;6;3,928;1,753;15;;3.38;1,109;87;36;5;1,503;557;23;26,421;17;;;;23;0.01;4%;4.83;37%;;;;16;3,703;;39%;16;11,112;;28;10;7;00:53;2;13;5;0.28;5.08;1.41;00:35;4.79;;10.16;24.55;7,457.06;18;;4;2;8;;;31 minutes;4;4;02:05;02:27;100%;
MamasNippel;3912;20;7;11,052;4,219;17;;4.06;2,246;101;47;12;2,342;764;71;37,614;31;;;;71;0.01;9%;1.74;32%;;;;11;2,256;;74%;11;5,750;;21;13;7;00:37;4;15;8;0.2;11.78;2.43;00:42;6.29;;9.54;20.52;7,642.61;58;;3;2;9;;;1 hour;5;2;03:26;01:08;43%;;0;2;
Marlporo0707;0;1,398;29;428,015;5,152;1,216;4;7.75;2,376;5,965;3,090;517;179,871;65,895;3,809;3,119,552;2,061;146;;130;3,809;0.02;5%;3.82;36%;42;2;6;29;9,663;25;53%;29;39,661;25;85;41;37;03:25;8;49;16;0.72;8.64;2.86;01:33;11.43;0.23;17.14;33.1;17,313.68;1,558;14;129;182;589;;69;41 hours;180;104;04:39:53;06:19:55;57%;6;12;64;
masatosann;2383;55;5;23,264;1,741;60;;4.1;1,736;272;130;22;10,299;2,923;169;130,026;125;3;;;169;0.01;5%;1.75;28%;;;4;15;5,820;;66%;15;7,100;;16;8;13;01:16;3;15;5;;11.56;1.64;01:41;9.32;;9.7;20.29;9,703.6;155;;17;15;41;;;3 hours;13;4;22:35;04:58;27%;3;1;8;
matukyo;3857;492;16;182,924;5,193;459;3;7.01;2,609;2,096;994;148;66,235;21,185;1,245;1,022,990;701;37;;49;1,245;0.02;5%;3.36;31%;150;;2;25;11,481;75;50%;25;27,347;75;84;36;48;05:27;6;47;12;0.69;8.87;2.11;01:16;9.99;2.13;14.17;29.89;14,590.64;622;8;60;75;194;;17;15 hours;70;39;01:29:01;01:29:02;55%;4;3;29;
Meepert;0;7;5;1,939;987;5;;2.7;748;54;31;9;971;285;26;11,667;6;;;;26;0.02;9%;6;29%;;2;12;9;2,243;;32%;9;4,886;;26;15;4;00:30;5;17;9;0.38;3.47;3.47;00:16;2.31;;11.96;20.84;4,503.51;9;;2;3;6;;;18 minutes;3;3;00:42;01:25;100%;
Megaan_57;3119;;;1,172;1,172;;;;2,327;3;;;192;60;2;2,870;;;;;2;0;3%;0.75;31%;;;;2;1,034;;31%;2;2,870;;3;;;00:22;;2;2;;7.94;;00:45;1.98;;1.98;5.95;5,698.05;4;;0;1;1;;;4 minutes;1;;00:22;;;;;1;
Miz_One;1490;110;10;66,701;4,467;171;;2.96;1,801;501;199;40;27,880;6,992;316;325,905;220;;;;316;0.01;4%;1.84;25%;;;25;15;6,719;;53%;15;14,864;;25;13;14;01:24;3;16;11;0.02;7.31;1.07;00:56;5.93;;5.37;13.52;8,798.98;271;2;24;19;65;;4;7 hours;37;17;35:01;05:30;46%;3;3;17;
Mr_savage_75;0;54;11;27,909;4,590;55;;5.72;2,961;243;133;39;7,385;2,144;92;111,688;102;2;;3;92;0.01;4%;2.31;29%;;;17;16;6,722;;50%;16;15,007;;40;24;16;02:08;7;14;8;0.31;11.13;4.13;01:24;10.82;;14.11;25.78;11,849.07;105;;5;6;25;;6;2 hours;9;4;13:13;14:30;46%;3;1;4;
MrBlueyes;2154;222;9;64,422;3,408;253;;3.79;1,102;1,086;543;178;49,943;9,475;642;440,597;447;5;;;642;0.01;6%;1.78;18%;;7;38;15;3,960;;41%;15;14,528;;32;18;19;02:49;10;23;11;;10.38;3.04;01:10;7.64;;9.28;18.57;7,534.64;607;6;44;36;95;;3;12 hours;58;20;01:08:56;19:37;34%;3;3;35;
mrfr33s3;2586;4;4;1,712;996;4;;4.1;1,757;27;10;;752;240;16;10,891;12;;;;16;0.01;6%;1.92;31%;;;5;9;2,791;;;9;8,506;;20;7;10;01:00;;13;9;1.02;14.36;1.02;02:01;12.31;;10.26;27.7;11,176.9;14;;1;2;4;;;13 minutes;1;1;01:58;00:20;70%;;;0;
MRstyles4u;3112;;;1,396;881;2;;0.84;1,176;9;4;;635;123;7;4,344;2;;;;7;0;5%;;19%;;;2;4;1,576;;23%;4;2,305;;4;2;2;00:23;;3;2;;7.57;0.84;00:36;1.68;;3.36;7.57;3,658.16;9;;1;1;4;;;13 minutes;1;1;00:43;00:02;56%;;0;0;
Natz_D_Chow;4100;266;12;76,849;3,106;245;3;5.75;1,664;1,250;621;178;27,763;9,237;690;481,107;299;18;;36;690;0.02;7%;3.04;33%;75;;9;21;8,775;75;57%;21;15,890;75;42;22;14;00:59;10;33;16;0.77;8.89;3.85;00:33;6.47;1.62;13.44;27.06;10,417.57;411;3;28;40;117;;18;7 hours;46;39;25:33;59:11;84%;5;1;6;
Ninja5976;3734;376;15;152,086;6,743;325;4;5.93;2,400;2,047;1,111;282;38,149;13,576;1,295;723,270;567;20;;65;1,295;0.03;9%;4.45;35%;11;;12;21;6,157;11;47%;21;23,981;11;60;34;26;03:47;11;38;20;1.02;7.24;4.45;01:02;8.94;0.17;17.53;32.3;11,415.83;459;4;46;57;184;;38;11 hours;63;58;01:05:33;02:23:23;90%;5;1;5;
NINJALEX323;3962;2,868;21;966,263;7,473;2,305;6;7.6;2,563;12,825;6,821;1,514;238,257;83,919;6,658;4,807,058;4,138;308;4;579;6,658;0.02;7%;4.58;35%;595;7;68;37;10,999;174;63%;37;29,260;174;70;34;37;04:50;13;47;21;1.53;7.42;4.01;01:15;10.97;1.57;18.09;34.01;12,751.25;2,799;35;301;367;1,127;;185;77 hours;377;287;07:52:44;15:45:41;76%;6;7;82;
NoirEt_B;3147;24;10;13,206;4,357;23;;5.64;3,107;116;70;27;3,365;1,094;66;51,339;34;;;;66;0.02;6%;2.76;32%;;;9;17;5,379;;36%;17;16,681;;37;21;17;02:10;8;21;6;0.23;9.88;6.35;01:30;7.99;;16.46;27.28;12,077.43;42;;5;3;13;;2;53 minutes;4;3;06:26;05:52;59%;;;2;
nyanyamui_401;0;225;10;101,950;4,293;230;2;5.21;2,361;936;372;65;35,304;11,459;543;536,440;377;23;;7;543;0.01;4%;1.96;32%;;2;19;16;10,282;;60%;16;22,072;;46;22;23;04:24;5;25;8;0.16;11.04;1.5;01:39;8.73;;8.61;21.67;12,423.41;477;7;45;46;127;;2;9 hours;43;19;01:11:28;21:06;44%;5;3;21;
ohEvasive;3523;217;10;88,114;3,225;205;4;5.48;2,227;1,287;630;176;26,366;8,410;691;420,668;387;20;;32;691;0.02;8%;4.4;31%;;;;19;4,889;;64%;19;17,180;;42;24;17;01:45;8;30;12;0.8;7.37;4.44;00:59;9.78;;15.92;32.52;10,631.69;292;;33;40;98;;21;7 hours;40;37;39:20;01:02:29;92%;5;;3;
oI_SPY_Io;4521;2,243;20;647,087;7,711;1,625;6;8.24;2,378;9,256;5,102;1,111;204,409;62,125;5,583;3,635,325;3,100;188;2;330;5,583;0.02;8%;3.72;30%;298;4;70;25;8,347;103;42%;25;28,022;103;76;38;33;03:17;12;51;19;1.21;9.12;4.08;01:14;11.39;1.09;18.74;34.01;13,358.26;2,482;22;200;255;805;;138;56 hours;272;176;05:36:36;11:30:12;64%;6;10;86;
OlyMpiC_GER;3000;;;275;275;;;;1,941;;;;34;14;;546;;;;;;;;0.5;41%;;;;;328;;;1;546;;;;;00:00;;;;;14.11;7.05;00:06;;;7.05;7.05;3,854.43;2;;;;0;;;1 minute;0;;00:00;;;;;0;
Original_Yankin;2592;8;8;2,322;1,975;4;;10.76;3,126;18;10;3;560;164;3;11,428;11;;;;3;0;1%;1.8;29%;;;;5;2,834;;;5;10,100;;16;9;10;01:12;3;3;2;1.34;13.46;4.03;02:16;14.8;;13.46;24.22;15,382.41;10;;1;1;3;;;10 minutes;1;1;01:41;02:15;94%;;;0;
OttoFemtusen;2831;;;48;48;;;3.77;181;8;5;;242;63;6;2,736;4;;;;6;0.02;9%;1.6;26%;;;;6;1,721;;;6;2,736;;8;5;4;00:27;;6;6;;18.86;;01:43;15.09;;18.86;30.18;10,323.47;5;;0;0;1;;;4 minutes;0;;00:27;;;;0;0;
oualid32;4267;51;14;16,856;3,541;53;;5.72;1,892;253;130;35;6,461;2,252;125;102,070;78;7;;;125;0.01;5%;2.87;34%;;;2;20;6,095;;51%;20;20,492;;52;30;16;01:28;13;20;7;0.11;9.87;3.92;01:14;8.75;;14.59;28.39;11,455.45;88;2;7;10;26;;2;1 hour;9;7;11:01;17:00;75%;4;0;2;
praktommy;3673;209;11;99,414;4,083;225;2;4.2;1,998;1,185;557;110;40,102;11,749;789;538,169;433;18;;20;789;0.02;6%;2.29;29%;4;3;31;18;5,547;4;50%;18;22,935;4;46;21;32;02:17;5;39;10;0.4;10.39;2.21;01:05;8.7;0.08;11.19;23.82;10,818.44;517;2;55;42;115;;5;10 hours;50;29;54:30;31:15;58%;5;2;19;
Prey1nMantis;2494;;;555;555;;;;3,352;2;;;86;32;2;1,314;;;;;2;0.01;6%;;37%;;;;2;1,105;;;2;1,314;;2;;;00:00;;2;2;;12.07;;00:00;;;6.03;12.07;7,933.82;2;;0;0;1;;;2 minutes;0;;00:00;;;;;0;
Prince_Fatman;0;9;4;7,395;2,084;12;;2.63;2,162;86;55;19;2,379;745;57;31,719;26;;;;57;0.02;7%;1.91;31%;;;2;9;2,290;;33%;9;10,249;;47;27;18;01:03;8;31;9;0.29;13.15;5.55;00:52;7.6;;16.08;25.14;9,275.59;45;;2;1;7;;;45 minutes;3;2;02:58;04:22;70%;;0;1;
PucKProof;3499;22;5;10,574;4,298;24;;3.92;1,884;124;61;12;4,529;1,711;141;71,901;40;;;;141;0.03;8%;2.38;37%;;;;15;8,468;;43%;15;20,500;;33;14;14;01:13;4;43;23;;9.26;2.13;00:57;7.12;;10.86;22.09;12,811.9;52;;4;2;14;;2;1 hour;6;3;05:23;03:21;53%;3;;3;
redsunset7;2665;5;4;2,127;712;6;;4.71;2,005;26;14;2;845;212;8;12,156;17;;;;8;0;3%;2.16;25%;;;4;7;3,384;;27%;7;8,157;;9;6;8;01:01;;4;2;;11.3;1.88;02:16;16.02;;13.19;24.5;11,455.65;12;;2;1;3;;;14 minutes;1;0;02:24;;39%;3;;1;
rencpee;2745;;;275;275;;;4.38;1,206;7;2;;222;46;;1,471;;;;;;0;2%;3.5;20%;;;;7;1,339;;;7;1,471;;7;2;;00:26;;;;;8.76;;01:54;4.38;;8.76;30.68;6,447.17;2;;0;1;1;;;3 minutes;0;0;00:26;;100%;
Rockethiethm;4289;23;10;6,354;2,897;15;;9.08;2,509;98;56;9;1,360;514;37;29,837;27;2;;3;37;0.02;7%;4.45;37%;;;;11;2,909;;46%;11;14,827;;32;17;11;01:36;5;14;6;1.18;8.68;3.55;01:06;10.66;;22.11;38.7;11,782.81;22;;5;3;9;;;28 minutes;3;3;02:47;07:43;100%;3;
Rundle0509;3962;833;13;286,821;4,555;674;4;5.91;2,037;4,214;2,306;579;85,671;29,361;2,252;1,431,516;1,070;46;;129;2,252;0.02;7%;5.24;34%;208;7;78;24;10,413;75;66%;24;16,981;75;52;29;22;03:53;11;37;15;0.91;5.71;4.11;00:57;7.59;1.47;16.37;29.92;10,167.05;804;9;107;136;392;;81;22 hours;141;135;02:16:00;04:44:33;95%;6;1;5;
RyanAM;3889;213;26;56,940;2,633;195;;6.38;1,707;1,055;534;140;21,466;8,239;611;392,509;292;20;;14;611;0.02;7%;4.5;38%;40;;9;19;7,010;40;63%;19;18,285;40;61;40;21;01:35;11;31;13;0.41;7.01;4.19;00:41;8.75;1.19;16;31.62;11,766.5;234;3;21;28;79;;14;6 hours;33;27;23:07;49:45;80%;4;1;5;
samurainu;2412;2;;2,717;815;8;;0.39;539;16;6;2;2,191;615;32;22,747;3;;;;32;0.01;5%;0.57;28%;;;;4;3,097;;42%;4;3,482;;4;2;3;00:50;2;8;5;;5.55;0.39;00:30;0.59;;1.19;3.17;4,511.65;28;;3;2;7;;;47 minutes;5;0;02:36;;7%;;;5;
sbkkzy;0;12;5;6,469;2,747;12;2;4.85;2,617;52;28;4;1,502;399;29;20,608;19;;;2;29;0.01;7%;2.16;26%;;;;9;3,948;;33%;9;7,290;;16;10;9;01:10;2;10;4;0.8;9.7;1.61;01:17;7.68;;11.32;21.03;8,336.8;24;;3;3;7;;;28 minutes;2;2;03:11;00:40;85%;;;0;
ScaredLilTaco;3412;;;206;206;;;;2,562;;;;27;14;;455;;;;;;;;;51%;;;;;455;;;;455;;;;;00:02;;;;;12.42;;00:32;;;;;5,659.08;;;;0;0;;;1 minute;0;0;00:02;;100%;
ShadezDeath;;71;13;27,408;5,188;58;;6.45;2,492;307;160;46;7,205;2,108;165;105,864;97;2;;2;165;0.02;7%;6.14;29%;;;10;20;7,542;;36%;20;15,320;;43;23;18;02:28;11;21;13;0.18;4.54;4.18;01:05;8.81;;14.54;27.9;9,623.98;50;;3;10;38;;11;1 hour;11;9;11:59;22:33;81%;4;;2;
Shadowfox55;2974;8;6;3,940;934;8;;3.62;1,784;46;17;5;1,283;381;27;16,671;19;;;;27;0.01;7%;1.84;29%;;;;10;2,763;;31%;10;6,222;;24;8;11;00:49;3;14;9;;11.31;2.26;01:01;8.6;;7.69;20.82;7,547.31;25;;5;1;6;;;26 minutes;2;1;02:16;01:00;40%;3;;1;
Shadows1Disciple;2374;;;4,386;1,430;7;;0.24;1,090;39;20;7;2,752;701;46;23,217;11;;;;46;0.01;6%;7.8;25%;;;;10;5,277;;29%;10;5,412;;11;9;5;00:12;4;11;11;0.24;1.24;1.73;00:09;2.73;;4.97;9.69;5,769.55;5;;2;2;4;;;39 minutes;4;2;00:37;;39%;3;;2;
shadowstrixx;2873;23;7;25,656;3,901;26;;2.8;3,125;163;52;10;6,894;1,735;118;78,494;76;;;;118;0.01;6%;1.58;25%;;;3;7;3,224;;41%;7;12,418;;24;9;18;02:34;3;15;13;;12.54;1.21;01:14;9.25;;6.33;19.85;9,559.89;103;;9;6;20;;;1 hour;8;3;10:13;00:51;41%;3;2;3;
Sharpy776;2926;55;7;29,671;4,276;46;2;4.37;2,361;381;221;48;7,310;2,524;160;124,904;141;6;;5;160;0.01;6%;3.69;34%;;;;20;4,718;;44%;20;14,350;;51;30;25;02:44;10;19;11;0.39;8.19;3.81;01:29;11.21;;17.58;30.31;9,937.61;103;;11;13;36;;6;2 hours;13;7;18:42;29:03;54%;3;;6;
Shimada_Bros;3031;4;4;4,653;2,637;3;;4.04;4,704;30;19;6;735;197;12;9,108;11;;;;12;0.01;6%;2.72;26%;;;;6;1,346;;27%;6;6,456;;26;17;10;00:28;4;7;3;;11.12;6.06;00:44;11.12;;19.2;30.32;9,207.78;11;;1;1;3;;;13 minutes;1;1;00:44;02:38;100%;
Signal_Graph;0;;;140;140;;;;2,718;;;;42;4;;212;;;;;;;;;9%;;;;;134;;11%;;134;;;;;00:04;;;;;19.41;;01:28;;;;;4,115.37;;;0;;0;;;40.973254991695285 seconds;0;0;00:04;;25%;;;0;
sloohy99;2683;43;15;13,420;2,500;32;;5.58;1,744;144;81;27;4,550;1,477;80;68,417;48;2;;;80;0.01;5%;2.02;32%;100;;12;13;5,199;100;47%;13;15,877;100;36;23;10;01:13;8;14;9;0.12;9.22;3.5;00:52;6.23;12.99;10.52;18.71;8,890.21;71;3;3;3;10;;;1 hour;8;3;06:41;08:10;42%;3;1;3;
Smansi;2746;3;3;990;990;2;;5.4;1,783;10;2;;276;131;;5,094;5;;;;;;;3.33;47%;;;;5;2,708;;;5;5,094;;10;2;5;00:33;;;;;5.4;1.8;00:59;9;;3.6;18.01;9,177.56;3;;1;1;2;;;7 minutes;1;;00:33;;;;;1;
Smithered;0;892;17;248,111;5,071;763;4;8.63;2,403;3,520;1,956;460;84,457;27,743;2,255;1,502,773;1,259;51;;133;2,255;0.02;8%;3.5;32%;76;6;25;23;8,797;76;60%;23;24,054;76;58;33;29;03:44;9;43;18;1.28;9.73;4.45;01:28;12.19;0.73;18.94;34.08;14,553.82;1,005;10;80;82;298;;57;22 hours;103;64;02:32:48;04:18:31;61%;5;6;34;
SNAKE714;3590;52;13;15,470;2,059;62;;5.14;1,530;280;133;24;9,360;3,466;222;143,874;95;3;;4;222;0.02;6%;6.66;37%;;;;30;11,265;;69%;30;19,114;;53;24;18;01:11;3;26;13;0.39;4.15;2.37;00:58;9.39;;13.15;27.7;14,233.61;42;;9;15;34;;;2 hours;10;4;09:47;05:31;42%;4;1;5;
Spuggtaztic;3000;16;10;5,191;1,437;14;;6.66;2,161;62;32;9;1,690;539;32;29,711;24;;;;32;0.01;5%;2.69;31%;;;;12;4,063;;28%;12;10,663;;37;23;14;01:20;7;14;5;0.41;9.57;3.74;01:35;9.99;;13.32;25.81;12,369.55;23;;1;2;5;;;29 minutes;2;2;03:49;03:31;62%;;;1;
STOP_iseGamin_tv;3049;;;680;372;4;;0.77;530;11;6;4;716;131;16;6,422;5;;;;16;0.02;12%;0.68;18%;;;;3;1,020;;24%;3;3,259;;9;4;4;00:27;3;11;5;;12.47;3.11;00:29;3.89;;4.67;8.57;5,005.74;16;2;0;1;2;;;12 minutes;1;;00:38;;;;;1;
stormavatar;4579;163;11;53,208;3,635;152;2;6.79;2,217;796;361;59;16,975;6,266;434;316,798;208;17;;16;434;0.02;6%;5.13;36%;;;;20;7,478;;55%;20;17,189;;55;22;22;02:03;6;27;17;0.66;6.45;2.45;00:59;8.66;;15.03;33.15;13,197.09;155;;14;26;69;;8;4 hours;24;21;23:48;44:52;85%;4;0;3;
subzilllaa;3496;966;17;302,070;5,773;960;4;6.52;2,041;4,147;2,239;648;94,997;33,260;2,361;1,798,532;1,385;50;3;113;2,361;0.02;7%;2.4;35%;;8;58;28;8,561;;66%;28;20,856;;69;40;30;03:19;12;38;13;0.76;11.62;4.37;01:03;9.35;;15.12;28.02;12,152.27;1,721;15;97;126;388;;52;30 hours;148;80;02:36:26;03:48:15;53%;5;7;61;
swagboy1235;0;;;530;530;;;;1,631;;;;90;44;;1,686;;;;;;0;2%;0.33;48%;;;;;1,266;;48%;1;1,686;;;;;00:03;;;;;9.23;;00:11;;;3.07;3.07;5,188.2;3;;1;;1;;;1 minute;0;0;00:03;;100%;
Swegg-Lawdd;0;366;15;132,845;5,460;290;4;6.9;2,506;1,637;837;186;34,358;10,296;841;600,324;479;34;;69;841;0.02;8%;3.96;29%;32;;6;21;6,588;32;63%;21;20,561;32;47;27;28;02:12;9;31;27;1.3;7.79;3.5;01:00;9.03;0.6;15.78;30.87;11,323.48;413;4;31;55;151;;26;9 hours;53;40;53:11;01:52:52;74%;5;2;12;
SwiperThe1;4252;99;13;31,798;2,502;79;2;6.62;2,128;469;236;77;11,113;3,683;271;190,313;158;7;;10;271;0.02;7%;2.91;33%;;;7;12;5,464;;40%;12;17,867;;43;28;17;01:21;11;27;8;0.66;10.77;5.15;00:58;10.57;;15.79;31.38;12,734.14;161;3;8;13;36;;5;3 hours;15;10;14:38;27:19;67%;5;;5;
T4nh3ngz;3751;5;3;896;195;8;2;1.4;252;66;26;10;1,457;423;29;17,965;13;;;3;29;0.01;6%;5.5;29%;;;4;12;3,973;;42%;12;5,870;;17;8;6;00:30;4;14;14;0.84;3.37;2.81;00:28;3.66;;7.32;18.58;5,059;12;;3;3;8;;;27 minutes;4;4;01:40;01:21;100%;
tails1tale;3470;39;14;11,131;2,837;33;;8.61;2,460;180;89;16;5,361;1,772;100;80,482;75;3;;;100;0.02;5%;3.91;33%;;;;26;6,555;;36%;26;20,205;;49;24;25;02:47;6;21;8;0.22;10.16;3.53;02:08;16.57;;19.66;39.77;17,783.94;46;;3;7;13;;2;1 hour;5;2;09:43;08:40;53%;3;1;1;
Taimbot;3653;8;4;2,523;1,685;8;;4.75;1,499;51;20;6;1,178;433;28;17,788;20;;;;28;0.02;6%;3;36%;;;;10;2,906;;40%;10;10,181;;25;10;11;01:54;4;13;10;;10.1;3.56;01:55;11.88;;11.88;30.31;10,571.63;17;;1;1;3;;;20 minutes;2;2;03:14;01:11;89%;;;0;
teehtf;4293;1,840;16;598,956;8,489;1,486;4;8.44;2,750;7,572;3,879;845;187,880;63,407;5,059;3,255,499;2,401;140;;204;5,059;0.03;7%;5.04;33%;322;2;25;31;11,680;200;66%;31;29,313;200;64;44;27;04:01;10;69;19;0.93;6.88;3.87;01:18;11.02;1.47;17.8;34.76;14,945.8;1,500;16;176;226;682;;124;45 hours;218;175;04:43:12;08:53:15;80%;5;6;36;
TheCryokinetic;3743;14;9;10,382;3,358;12;2;2.92;2,170;102;43;12;3,414;766;53;33,333;43;;;3;53;0.01;6%;3.29;22%;;;2;9;3,507;;30%;9;11,329;;35;16;15;01:24;4;16;8;0.62;6.47;2.5;00:55;8.98;;8.98;21.31;6,966.73;31;2;2;5;9;;;56 minutes;5;5;04:25;02:48;99%;;;0;
TheCycl3Path;3000;48;9;16,343;3,160;33;;8.81;3,001;207;126;46;3,997;1,653;124;78,475;95;3;;2;124;0.02;7%;4.05;41%;;;11;15;5,389;;51%;15;11,790;;34;19;14;01:23;11;25;15;0.36;9.36;8.44;01:53;17.44;;23.13;38.01;14,411.92;51;;3;3;16;;6;1 hour;5;3;10:15;25:03;63%;4;0;2;
TheeObamanation;0;;;;;;;;;4;;;201;45;3;2,072;;;;;3;0.01;6%;2;22%;;;;2;1,384;;;2;2,072;;4;;;00:23;;3;3;;9.15;;01:45;4.57;;;18.31;9,488.81;2;;;;;;;2 minutes;0;;00:23;;;;;0;
TheRagerGamer;3991;90;11;25,808;5,058;68;2;7.31;2,097;325;172;39;7,739;2,430;174;132,077;92;6;;6;174;0.01;7%;2.9;31%;;2;;12;4,801;;44%;12;11,179;;30;15;12;00:54;6;26;19;0.48;9.1;3.16;00:45;7.47;;13.97;26.41;10,734.3;112;4;8;6;24;;3;2 hours;12;7;09:24;20:30;59%;4;1;4;
Thirsty_Cat;0;1,009;22;288,930;4,913;807;4;7.21;2,065;4,329;2,481;614;127,636;45,160;3,946;2,106,927;1,676;79;;75;3,946;0.03;8%;4.03;35%;75;3;46;28;10,890;75;57%;28;29,150;75;74;47;44;06:15;12;82;22;0.53;7.67;4.38;01:21;11.97;0.53;17.73;30.93;15,058.02;1,074;6;74;116;428;;78;29 hours;140;79;03:09:54;05:18:42;56%;5;4;57;
timohilde86;3478;;;292;292;;;3.4;995;7;4;;105;31;2;1,031;3;;;;2;0.01;6%;7;29%;;;;4;549;;29%;4;1,031;;7;4;3;00:00;;2;;;3.4;;00:00;10.22;;13.63;23.85;3,512.16;;;1;0;1;;;2 minutes;0;0;00:00;;100%;
tinysparkles;3258;11;5;6,689;1,976;11;;3.52;2,146;69;36;12;1,575;453;28;23,174;17;;;3;28;0.01;6%;1.86;28%;;;;14;2,847;;56%;14;7,279;;34;15;7;00:51;6;13;5;0.96;11.87;3.85;00:39;5.45;;11.55;22.13;7,435.69;37;;2;3;6;;;37 minutes;3;2;02:04;03:00;51%;;0;1;
tomidaiki;2827;;;94;94;;;;1,048;;;;18;10;;501;;;;;;0.01;10%;0.5;55%;;;;;287;;;1;501;;;;;00:06;;;;;22.3;11.15;01:17;11.15;;11.15;11.15;5,585.63;2;;0;0;0;;;1 minute;0;;00:06;;;;;0;
towearacrown;0;56;11;18,052;2,765;47;3;7.47;2,409;273;157;25;8,557;3,150;235;136,311;109;;;14;235;0.03;7%;4.62;36%;;;;30;7,842;;44%;30;23,787;;47;25;23;01:36;7;49;13;1.86;7.87;3.33;01:27;14.54;;20.95;36.43;18,194.2;59;;4;6;22;;4;1 hour;7;5;10:55;21:57;61%;3;;3;
Ultimate-X23;0;3;2;6,705;3,305;4;;1.61;3,607;27;9;2;1,323;506;21;18,295;17;;;;21;0.01;4%;0.75;38%;;;;4;2,208;;56%;4;9,212;;21;6;15;02:39;;11;3;0.53;19.36;1.07;02:20;9.14;;4.84;14.52;9,841.16;36;;1;0;2;;;28 minutes;2;1;04:20;;34%;;;1;
Uryu_CsP;4529;7;4;3,668;1,684;8;;4.1;2,149;41;18;2;1,038;354;19;17,119;12;;;;19;0.01;5%;2.27;34%;;;;6;1,646;;40%;6;5,478;;15;6;5;00:20;2;7;4;;10.54;1.17;00:33;7.02;;10.54;24.01;10,028.32;18;;1;1;3;;;19 minutes;2;2;00:56;00:03;91%;3;;0;
vansama813;2031;2;;1,579;1,053;3;;2.35;1,856;12;4;2;400;119;6;5,211;5;;;;6;0.01;5%;1.33;29%;;;;6;1,538;;35%;6;3,539;;8;3;4;00:32;;3;2;;10.58;2.35;00:40;5.87;;4.7;14.1;6,127.05;9;;;1;2;;;9 minutes;1;;00:34;;;;;1;
VayneHelsing;2898;;;488;442;;;;1,566;;;;170;58;;2,595;;;;;7;;;;34%;;;;;1,213;;;;2,521;;;;;00:03;;7;4;;19.25;;00:14;;;;;8,326.6;6;;0;;1;;;4 minutes;0;;00:04;;;;;0;
Vince-F95Gunners;3049;530;15;278,690;8,921;480;;5.31;2,797;2,359;1,255;308;61,257;22,560;1,163;1,082,778;974;28;;;1,163;0.01;5%;2.03;36%;28;11;59;16;5,840;28;64%;16;21,474;28;47;26;21;04:50;9;26;10;;11.61;3.09;01:33;9.77;0.27;12.59;23.67;10,867.26;1,157;6;85;91;257;;22;21 hours;100;40;02:34:56;01:51:56;40%;5;6;53;
VoSnYb;3961;;;372;372;;;;4,031;;;;42;10;2;734;;;;;2;0.03;20%;;23%;;;;;734;;;1;734;;;;;;;2;2;;10.83;;;;;10.83;10.83;7,951.54;;;0;0;0;;;1 minute;0;;;;;;;0;
vReveelz;3589;371;19;129,925;7,316;305;4;6.67;2,336;1,817;1,011;272;31,835;10,956;1,110;617,127;586;39;;39;1,110;0.03;10%;3.98;34%;;2;12;20;7,033;;50%;20;20,829;;56;35;33;03:24;13;44;15;0.7;8.19;4.89;01:03;10.53;;18.17;32.66;11,095.45;456;3;37;53;155;;30;10 hours;56;50;58:46;02:22:56;89%;4;0;5;
wannchan_1208;3680;182;18;90,984;10,378;161;;7.52;3,763;746;311;49;20,925;7,396;377;377,648;250;22;;9;377;0.01;5%;3.33;35%;;;;21;6,476;;52%;21;21,108;;51;27;22;02:11;6;32;9;0.37;9.26;2.02;01:11;10.33;;12.86;30.85;15,618.95;224;;20;22;64;;7;5 hours;24;15;28:42;30:06;62%;6;1;8;
WhiteRangerOwnz;1919;1,102;17;528,094;7,894;1,117;4;4.99;2,396;4,890;2,327;541;179,657;42,036;2,620;2,182,913;2,027;52;2;152;2,620;0.01;6%;1.88;23%;58;18;151;22;6,281;56;43%;22;18,806;56;49;25;28;03:30;9;28;9;0.68;11.74;2.45;01:27;9.19;0.26;10.55;22.18;9,902.65;2,589;28;214;202;547;;48;45 hours;220;101;05:21:56;03:09:40;45%;5;13;106;
WidestLowen;3000;;;280;280;;;;1,637;;;;99;36;3;1,340;;;;;3;0.02;8%;;36%;;;;;913;;36%;;1,340;;;;;00:15;;3;2;;17.53;;01:30;;;;;7,832.93;3;;0;0;0;;;1 minute;0;;00:15;;;;;0;
Wonga1963;3412;;;764;764;;;;2,847;3;2;2;186;54;6;2,196;;;;;6;0.02;11%;0.6;29%;;;;;911;;29%;1;2,196;;3;2;;00:11;2;6;3;;18.63;7.45;00:43;;;7.45;11.17;8,182.01;5;;0;1;1;;;4 minutes;0;;00:11;;;;0;0;
x_CyberHunter_x;3000;40;6;12,166;1,861;36;2;5;1,521;227;132;44;3,729;1,567;197;73,581;56;3;;5;197;0.03;12%;3.43;42%;;;4;17;4,610;;56%;17;13,654;;37;20;11;01:08;8;39;14;0.62;8.25;5.5;00:50;7;;16.5;28.38;9,199.67;66;;7;6;20;;;1 hour;8;8;06:44;18:22;99%;5;;0;
xbLeU;0;276;13;105,225;4,369;249;2;8.15;3,107;1,231;656;165;29,809;10,665;800;548,314;427;16;;33;800;0.02;7%;3.23;35%;;;6;24;8,382;;54%;24;18,264;;56;31;22;02:02;9;28;18;0.97;11.22;4.87;01:29;12.6;;19.37;36.35;16,191.51;380;2;20;24;101;;13;8 hours;34;18;50:40;01:37:42;52%;4;4;12;
XDaRkFlMeMaSteX;3020;1,108;17;510,573;12,765;1,120;3;5.55;2,560;5,517;2,636;562;157,201;52,260;3,105;2,570,680;1,929;83;;145;3,105;0.01;5%;2.87;33%;226;;30;25;9,778;126;60%;25;24,389;126;67;34;30;03:23;8;47;15;0.72;9.62;2.81;01:08;9.67;1.13;13.21;27.66;12,889.75;1,920;12;155;178;521;;77;44 hours;199;89;03:48:27;03:54:27;44%;5;12;99;
Xecrets;3947;84;16;23,447;3,589;83;2;7.27;2,031;363;172;40;10,305;3,928;288;187,175;116;5;;3;288;0.03;7%;3.78;38%;;;;23;7,506;;44%;23;25,089;;57;24;29;01:33;7;34;12;0.25;8.31;3.46;00:54;10.04;;14.9;31.44;16,215.31;96;;6;15;33;;6;2 hours;12;10;10:32;15:49;82%;4;;2;
XenomorphKiller6;0;15;4;7,035;1,635;12;;4.19;1,968;93;44;14;1,910;652;73;31,912;34;;;;73;0.03;11%;5.47;34%;;;;15;4,184;;37%;15;4,984;;19;7;7;00:40;3;17;12;;4.75;3.91;00:45;9.5;;12.3;26.01;8,925.67;17;;3;5;10;;2;32 minutes;4;3;02:44;05:53;90%;;;0;
xEvery_;0;124;15;42,471;4,130;101;2;6.1;2,091;521;269;59;13,334;4,962;275;241,855;147;5;;12;275;0.02;5%;4.2;37%;;;6;16;7,018;;60%;16;18,104;;43;28;16;01:26;5;22;9;0.59;6.1;2.9;00:54;7.23;;13.24;25.65;11,908.45;124;;10;19;59;;8;3 hours;20;15;18:29;28:40;74%;3;0;5;
xScarfake;3126;134;10;36,048;3,100;114;4;7.27;1,957;615;327;95;15,052;5,172;400;248,504;193;8;;17;400;0.03;7%;4.52;34%;;2;16;23;6,396;;60%;23;17,051;;50;27;19;01:50;14;32;15;0.92;7.38;5.15;01:10;10.47;;17.75;33.39;13,492.56;136;;9;16;58;;11;3 hours;18;12;21:40;53:00;62%;4;;7;
xShotwell;3676;;;406;406;;;;1,279;;;;121;50;;3,060;;;;;;0;2%;;41%;;;;;1,645;;;;3,060;;;;;00:05;;;;;12.6;;00:16;;;;;9,638.8;4;;0;;1;;;2 minutes;0;;00:05;;;;;0;
XTheFunPolice;3517;12;5;9,015;2,235;12;2;4.04;3,036;75;38;7;2,438;806;47;38,397;29;;;3;47;0.01;5%;3;33%;;;4;11;4,665;;40%;11;12,305;;19;12;9;01:50;3;13;7;1.01;8.41;2.35;01:31;9.76;;12.79;25.25;12,931.43;25;;5;1;8;;3;39 minutes;3;2;04:32;03:56;56%;;1;1;
xtrickharder_esp;3952;405;12;125,560;3,366;323;2;8.06;2,500;1,566;815;237;37,776;11,948;1,053;631,873;554;30;;37;1,053;0.02;8%;3.18;31%;100;6;12;25;8,079;100;47%;25;14,095;100;39;23;27;02:56;13;26;10;0.73;9.77;4.71;01:25;11.03;1.99;16.22;31.17;12,580.55;491;8;42;40;144;;17;10 hours;50;33;01:11:31;01:48:06;64%;4;1;17;
XxDPROxSKILLZxX;0;47;15;10,681;2,051;35;2;6.58;1,496;184;106;32;4,128;1,405;113;74,239;58;4;;4;113;0.02;8%;2.59;34%;;;2;17;4,177;;52%;17;12,545;;41;27;15;01:23;15;15;9;0.56;9.94;4.48;00:48;8.12;;14.84;25.76;10,397.03;71;;5;7;19;;4;1 hour;7;4;05:49;09:46;57%;4;;3;
xXWxTheLeader;2833;18;7;5,989;1,925;19;2;5.7;1,897;108;48;10;2,255;595;45;31,459;44;2;;3;45;0.01;7%;3.72;26%;;;;14;2,716;;31%;14;10,844;;47;21;22;01:23;6;16;6;0.95;9.18;3.16;01:11;13.93;;15.2;34.2;9,963.76;29;;4;2;8;;;39 minutes;3;2;03:46;04:36;76%;3;;1;
YoungShimada;3380;176;22;64,150;4,773;150;2;6.81;2,483;860;410;93;20,937;7,123;518;346,203;325;9;;8;518;0.02;7%;3.98;34%;;;9;24;9,942;;100%;24;23,730;;59;28;30;03:14;9;50;12;0.3;8.36;3.59;01:29;12.58;;15.87;33.28;13,401.26;216;;17;30;78;;11;5 hours;26;15;38:19;47:08;58%;4;1;10;
YUKARI_NISAN;2471;;;1,639;1,639;;;;7,100;2;2;;56;29;;1,958;;;;;;;;0.5;51%;;;;2;593;;51%;2;1,958;;2;2;;00:13;;;;4.33;17.32;;00:58;4.33;;8.66;8.66;8,481.14;4;;;0;1;;;2 minutes;0;;00:13;;;;;0;
Zcity9;3073;;;154;154;;;;457;6;2;;177;11;;550;;;;;;;;;6%;;;;6;550;;6%;6;550;;6;2;;;;;;2.96;;;;;;5.93;17.8;1,630.63;;;0;0;1;;;2 minutes;0;0;;;100%;
Zealousx;3334;;;234;234;;;;1,293;;;;72;30;;996;;;;;;;;;41%;;;;;629;;;;996;;;;;00:10;;;;;11.03;;01:00;;;;;5,497.42;2;;;0;0;;;1 minute;0;;00:10;;;;;0;
ZeeTee_;4127;488;18;166,457;5,822;470;3;7.77;2,652;2,137;1,095;239;51,809;19,208;1,360;1,044,367;734;42;;51;1,360;0.02;7%;3.01;37%;80;4;11;28;10,423;80;69%;28;30,506;80;65;31;24;02:11;8;41;11;0.81;11.28;3.8;01:11;11.69;1.27;17.44;34.04;16,639.66;708;4;38;48;182;;29;14 hours;63;36;01:14:27;02:13:01;58%;4;1;25;
zwordz;4074;538;19;189,801;5,463;448;5;7.19;2,539;2,469;1,309;278;59,233;18,688;1,246;975,038;981;34;2;76;1,246;0.02;6%;3.22;31%;;4;15;23;10,030;;49%;23;21,124;;62;34;35;03:27;12;31;17;1.01;10.24;3.71;01:33;13.12;;17.51;33.02;13,043.93;766;3;52;76;223;;25;16 hours;75;41;01:56:53;02:58:43;54%;6;3;31;
