Username;SR;Deadeye Kills;Deadeye Kills - Most in Game;Fan the Hammer Kills;Melee Final Blow - Most in Game;Fan the Hammer Kills - Average;Deadeye Kills - Average;Eliminations;Final Blows;Solo Kills;Shots Fired;Shots Hit;Critical Hits;Damage Done;Objective Kills;Multikills;Environmental Kills;Melee Final Blows;Critical Hits;Critical Hits per Minute;Critical Hit Accuracy;Eliminations per Life;Weapon Accuracy;Healing Done;Teleporter Pads Destroyed;Turrets Destroyed;Eliminations - Most in Life;Damage Done - Most in Life;Weapon Accuracy - Best in Game;Kill Streak - Best;Damage Done - Most in Game;Eliminations - Most in Game;Final Blows - Most in Game;Objective Kills - Most in Game;Objective Time - Most in Game;Solo Kills - Most in Game;Critical Hits - Most in Game;Critical Hits - Most in Life;Melee Final Blows - Average;Deaths - Average;Solo Kills - Average;Objective Time - Average;Objective Kills - Average;Final Blows - Average;Eliminations - Average;Damage Done - Average;Deaths;Environmental Deaths;Medals - Bronze;Medals - Silver;Medals - Gold;Medals;Cards;Time Played;Games Played;Games Won;Objective Time;Time Spent on Fire;Win Percentage;Multikill - Best;Fan the Hammer Kills - Most in Game;Games Tied;Games Lost;
aahmad3_3;2887;4;3;;;;3.64;8;5;3;223;70;7;5,524;3;;;;7;0;10%;0.5;31%;;;;5;1,349;32%;5;3,051;5;3;3;00:20;3;4;2;;14.57;2.73;00:33;2.73;4.55;7.28;5,030.27;16;;2;1;;2;;12 minutes;1;0;00:37;00:57;0%;3;;;1;
abra84kadabra;2388;;;8;;3.34;0.41;14;9;3;577;116;5;6,845;5;;;;5;0;4%;1.07;20%;;;2;5;1,649;35%;5;1,871;5;4;3;01:04;;2;;;5.44;1.25;00:32;2.09;3.76;5.85;2,865.05;13;;2;2;3;6;;23 minutes;2;1;01:18;;60%;;4;0;1;
aisia121;4402;7;2;4;;2.34;4.09;43;27;5;539;224;22;16,973;12;;;;22;0.01;9%;1.95;41%;;;;5;2,369;60%;5;4,249;14;9;7;00:13;3;10;4;;12.88;2.92;00:28;7.02;15.8;25.17;9,938.14;22;;1;1;2;3;;23 minutes;2;1;00:47;01:10;65%;;3;0;0;
AkimboMistiK;4291;8;4;20;;4.63;1.85;97;51;12;1,563;725;36;48,577;28;;;;36;0.01;4%;2.85;46%;;;;10;3,133;53%;10;8,636;25;14;10;00:50;3;15;6;;7.87;2.78;00:36;6.48;11.81;22.47;11,256.56;34;;4;3;2;9;2;48 minutes;4;3;02:35;02:43;70%;;6;;1;
akira082219;0;25;6;53;1;4.83;2.27;212;124;27;4,410;1,851;44;119,170;74;;;;44;0;2%;1.85;41%;;;;18;6,296;57%;18;15,583;32;19;13;01:33;6;8;3;0.09;10.39;2.46;00:43;6.74;11.3;19.33;10,866.37;114;;9;9;7;24;;2 hours;11;1;07:59;10:46;6%;;10;1;9;
Akodak;3000;27;7;32;;5.78;4.87;125;81;18;2,492;951;37;65,965;43;;;2;37;0;3%;2.19;38%;;;;15;4,289;47%;15;12,863;25;17;14;01:16;4;9;7;0.36;10.29;3.25;00:42;7.76;14.63;22.58;11,918.54;57;;4;3;5;12;2;1 hour;6;3;03:56;04:37;49%;;8;0;2;
Alelksan;0;15;15;30;;18.34;9.17;73;52;21;749;426;17;26,194;28;;;;17;0.01;3%;3.84;56%;;;;13;2,974;;13;22,044;56;40;20;02:14;14;13;3;;11.62;12.84;01:40;17.12;31.8;44.64;16,021.03;19;;;;5;5;2;25 minutes;2;2;02:44;10:57;100%;3;24;
AllStatsDown;0;165;13;144;1;4.31;4.94;963;629;195;13,925;5,826;352;419,375;316;11;;5;352;0.01;6%;2.56;41%;;;3;19;5,959;59%;19;22,031;42;28;18;01:51;12;15;6;0.14;11.22;5.83;00:30;9.46;18.83;28.83;12,558.51;375;6;20;26;32;78;10;7 hours;33;12;17:14;01:13:33;36%;4;10;2;19;
Angel_L_AssAssin;3749;102;11;83;;3.72;4.57;603;332;71;9,840;4,180;136;289,084;252;10;;;136;0;3%;3.4;42%;;;;17;7,980;51%;17;25,025;42;29;20;02:21;8;13;8;;7.93;3.18;00:53;11.29;14.88;27.03;12,961.92;177;;19;18;21;58;8;4 hours;22;14;20:02;35:24;60%;5;10;1;7;
angels_fan_44;2127;18;6;32;;6.24;3.51;96;56;18;1,202;674;22;44,263;31;;;;22;0;3%;1.92;56%;;;6;10;3,019;73%;10;9,241;22;13;8;01:22;7;5;3;;9.75;3.51;00:59;6.04;10.92;18.72;8,631.67;50;;4;5;4;13;;1 hour;5;1;05:03;03:31;24%;3;8;0;3;
APurplePanduh;4021;630;13;202;1;1.41;4.41;4,213;2,604;592;56,969;25,079;2,313;1,873,122;1,342;40;;27;2,313;0.02;9%;3.2;44%;;;19;30;9,440;62%;30;23,052;62;40;26;01:30;13;32;16;0.18;9.2;4.15;00:30;9.41;18.26;29.54;13,135.69;1,313;15;71;124;194;389;46;29 hours;143;101;01:12:39;05:00:45;71%;4;7;3;38;
Arash1994;0;175;9;217;;4.42;3.56;1,405;829;195;15,724;7,662;364;519,544;428;6;;;364;0.01;4%;6.38;48%;;;2;21;9,171;62%;21;18,027;48;34;18;01:16;10;14;10;;4.48;3.97;00:37;8.72;16.89;28.62;10,586.65;220;2;35;45;52;132;23;8 hours;49;43;30:19;01:26:08;88%;3;12;0;5;
ATLXyphes;3256;36;7;8;;1.11;5;221;129;23;2,592;1,219;75;88,544;81;2;;;75;0.01;6%;3.45;47%;;;;18;6,990;55%;18;15,018;30;20;12;01:41;3;9;8;;8.89;3.19;00:41;11.25;17.93;30.71;12,307.2;64;;8;6;4;19;;1 hour;7;5;05:01;13:05;64%;4;2;0;2;
AutoBots_Kick_A;2901;88;10;125;;4.76;3.35;547;336;125;7,863;3,620;205;247,445;179;6;;;205;0.01;5%;2.95;46%;;;7;16;6,251;73%;16;17,100;37;27;15;01:02;12;19;6;;7.04;4.76;00:24;6.81;12.79;20.83;9,425.61;185;4;15;15;14;45;4;5 hours;26;9;10:37;22:52;35%;4;12;4;14;
bboyer123;2774;2;;13;;10.16;1.56;24;17;3;556;294;4;20,506;9;;;;4;0;1%;1.5;52%;;;2;9;5,579;50%;9;11,078;12;7;6;01:10;;3;2;;12.51;2.34;01:20;7.03;13.29;18.77;16,038.29;16;;1;2;1;4;;18 minutes;1;0;01:42;;13%;;7;;1;
Beautiful-KEN-;3195;4;4;5;;4.78;3.82;19;14;6;416;179;6;12,618;4;;;;6;0;3%;2.11;43%;;;;11;3,804;41%;11;8,403;17;13;4;00:17;6;4;2;;8.61;5.74;00:30;3.82;13.4;18.18;12,077.81;9;;1;1;2;3;;11 minutes;1;0;00:32;02:32;40%;3;5;;1;
BEBOFLOW-PR;0;75;8;117;1;5.19;3.33;408;212;45;9,796;3,211;85;217,230;159;2;;3;85;0;2%;1.44;32%;;;;9;4,425;49%;9;9,102;20;13;11;01:11;4;4;4;0.13;12.57;1.99;00:32;7.06;9.42;18.13;9,653.45;283;6;22;10;9;41;;5 hours;23;8;12:00;02:06;34%;3;12;0;15;
BEN-B-en;0;266;5;637;1;7;2.92;1,838;1,096;245;31,573;14,660;370;970,200;606;15;;7;370;0;2%;1.92;46%;;;6;13;6,083;64%;13;13,713;31;20;19;01:26;6;10;5;0.07;10.48;2.69;00:30;6.66;12.05;20.21;10,672.7;953;11;97;73;46;217;3;19 hours;91;39;45:32;01:03:37;42%;4;16;4;48;
BhaagMilkhaBhaag;3000;;;6;;12.07;;13;10;4;124;54;2;2,877;3;;;;2;0;3%;3.25;43%;;;;6;1,376;39%;6;1,957;9;7;2;00:08;3;;;;8.04;8.04;00:17;6.03;20.12;26.15;5,788.21;4;;0;0;1;1;;6 minutes;0;0;00:08;;100%;;3;
bhmazz;0;82;7;88;1;3.62;3.37;423;264;90;5,341;2,159;107;159,389;140;4;;2;107;0;4%;1.4;40%;;;3;10;4,633;52%;10;11,249;28;20;12;01:02;9;14;6;0.08;12.4;3.7;00:35;5.76;10.87;17.43;6,568.54;301;2;16;10;6;32;;5 hours;24;10;14:23;11:49;39%;4;12;1;13;
BloodHoundHD;4028;65;14;66;1;4.46;4.39;347;235;63;5,784;2,377;95;166,547;117;4;;;95;0;3%;2;41%;;;;21;4,897;52%;21;22,562;44;34;14;01:53;14;15;3;0.06;11.69;4.26;00:47;7.91;15.89;23.46;11,262.01;173;;7;11;14;32;;3 hours;15;5;11:37;11:25;32%;3;11;2;8;
Blota_Skoles;3358;126;12;53;;1.75;4.17;714;408;84;9,729;4,524;370;339,536;282;5;;7;370;0.01;8%;2.05;46%;;;;15;6,543;60%;15;18,271;46;31;23;02:04;9;32;9;0.23;11.51;2.78;00:46;9.33;13.5;23.63;11,239.47;348;6;25;29;18;72;;6 hours;30;14;23:28;42:06;47%;3;7;1;15;
blueschopper0628;1959;1,369;13;1,210;1;4.08;4.61;5,592;3,511;1,145;80,919;34,449;1,224;2,457,277;2,224;92;;2;1,224;0;3%;1.43;42%;;7;111;18;4,285;60%;18;20,925;53;29;28;02:32;16;16;8;0;13.18;3.86;00:52;7.5;11.84;18.86;8,287.74;3,908;17;220;187;136;544;10;61 hours;296;138;04:18:45;04:09:56;46%;6;18;20;139;
BobbysWorldGamer;2493;27;7;33;;4.58;3.74;140;77;15;2,386;784;25;52,129;79;;;;25;0;3%;1.17;32%;;;;7;2,094;34%;7;7,199;19;14;15;01:26;6;4;2;;16.52;2.08;01:19;10.97;10.69;19.44;7,239.68;119;4;7;2;1;9;;1 hour;7;2;09:31;02:00;32%;;5;;5;
BONBISH;3415;509;14;768;;6.5;4.31;3,119;1,911;530;40,954;19,879;1,124;1,399,836;1,245;18;;11;1,124;0.01;5%;2.04;48%;;4;26;16;5,922;76%;16;18,797;57;42;38;03:31;14;21;9;0.09;12.93;4.48;00:57;10.54;16.18;26.42;11,858.96;1,527;17;98;122;94;313;17;26 hours;118;48;01:52:18;03:08:10;40%;4;17;7;63;
boneh;4051;17;4;61;1;7.16;1.99;188;95;27;2,311;961;38;58,669;37;;;;38;0;3%;3.24;41%;;;4;14;3,159;51%;14;9,739;42;28;8;01:34;8;7;5;0.11;6.81;3.17;00:33;4.34;11.16;22.08;6,893.5;58;2;7;3;4;14;;1 hour;9;8;04:42;04:49;99%;3;15;;0;
bub_THe-_-Gr8;2994;4;4;7;;14.36;8.2;19;14;7;199;113;4;6,828;7;;;;4;0;3%;3.8;56%;;;2;11;3,911;56%;11;6,828;19;14;7;01:05;7;4;2;;10.26;14.36;02:14;14.36;28.73;38.99;14,012.24;5;;1;;0;1;;7 minutes;0;0;01:05;05:30;99%;;7;;0;
BunnyFuufu;3926;390;11;438;;6.02;5.36;2,479;1,535;437;32,033;16,942;985;1,176,988;772;23;;10;985;0.01;5%;3.71;52%;;;2;21;9,743;100%;21;22,593;55;39;22;02:20;12;36;13;0.13;9.19;6.01;00:39;10.62;21.12;34.11;16,197.79;668;7;34;59;98;192;29;16 hours;73;50;48:09;02:55:42;68%;4;12;1;22;
buraki35;4286;6;5;6;;3.53;3.53;38;17;4;576;258;9;15,761;10;;;;9;0;3%;2.71;44%;;;;11;2,351;56%;11;10,208;28;13;8;00:43;3;5;2;;8.25;2.35;00:34;5.89;10.02;22.4;9,292.25;14;;2;2;1;5;;17 minutes;2;2;00:58;01:20;93%;;2;;0;
Calliade22;2555;3;3;12;;11.99;2.99;25;19;10;252;123;3;7,833;10;;;;3;0;2%;2.77;48%;;;;7;2,382;48%;7;7,833;25;19;10;00:20;10;3;;;8.99;9.99;00:20;9.99;18.99;24.99;7,833.44;9;;;1;2;3;;9 minutes;1;;00:20;01:39;;;12;;1;
CapuSound99;2434;6;4;14;;7.23;3.1;39;23;11;584;215;8;15,123;14;;;;8;0;3%;1.44;36%;;;;6;1,622;37%;6;3,937;17;11;4;00:39;7;6;3;;13.96;5.68;00:39;7.23;11.89;20.16;7,819.84;27;;1;2;2;5;;24 minutes;2;0;01:16;02:26;22%;3;9;;2;
Cassia7;3556;1,408;14;1,237;;4.26;4.85;7,627;4,607;1,071;106,527;58,767;2,400;4,177,429;2,555;101;;26;2,400;0.01;4%;2.81;55%;;;8;21;11,527;71%;21;27,490;53;40;25;01:46;15;23;10;0.08;9.33;3.69;00:35;8.8;15.88;26.29;14,404.1;2,706;30;235;237;272;744;36;64 hours;290;145;02:52:33;06:03:35;50%;5;18;13;132;
chefskywalker420;3558;4;2;5;;3.35;2.68;16;11;;254;106;2;7,709;;;;;2;0;1%;0.88;41%;;;;3;1,215;83%;3;3,531;8;5;;00:25;;;;;12.08;0.67;00:32;0.67;7.38;10.74;5,175.96;18;;1;1;;2;;15 minutes;1;1;00:49;;55%;;2;;1;
Chewdle;3693;92;11;76;1;3.1;3.76;658;410;102;8,827;4,119;255;287,795;195;5;;4;255;0.01;6%;3.69;46%;;;7;24;9,422;57%;24;18,816;56;35;21;01:16;8;20;11;0.16;7.28;4.17;00:35;7.97;16.76;26.91;11,771.2;178;2;12;21;26;58;9;4 hours;24;17;14:30;49:32;70%;4;6;;7;
Chuni-Byo;0;257;10;216;1;3.64;4.33;1,241;662;157;23,972;10,800;289;756,942;463;13;;;289;0;2%;2.3;45%;;;10;17;8,475;79%;17;20,606;39;26;17;02:02;9;11;6;0.01;9.06;2.64;00:43;7.8;11.15;20.91;12,756.01;538;5;65;52;33;150;5;12 hours;59;24;42:40;42:41;40%;4;13;4;31;
Colonel00627;2489;5;5;7;;10.33;7.38;17;10;4;269;155;3;9,182;4;;;;3;0;1%;4.25;57%;;;;12;3,204;;12;5,746;15;9;4;00:08;4;3;2;;5.9;5.9;00:21;5.9;14.76;25.1;13,556.99;4;;0;1;1;2;;11 minutes;1;0;00:14;01:54;19%;;5;;1;
CrispeChris;3343;61;6;120;1;5.74;2.92;538;296;72;5,858;2,703;148;191,432;134;4;;5;148;0.01;5%;3.68;46%;;;5;15;6,961;67%;15;15,415;40;23;12;00:51;6;15;6;0.23;6.99;3.44;00:25;6.41;14.17;25.75;9,165.2;146;2;14;17;12;43;6;3 hours;21;19;08:47;22:12;91%;4;10;;2;
CW-punchL1nez;2903;4;4;5;;11.42;9.14;15;8;5;154;81;2;6,734;;;;;2;0;2%;5;52%;;;;9;4,416;;9;6,734;15;8;;00:16;5;2;2;;6.85;11.42;00:37;2.28;18.28;34.28;15,390.66;3;;0;0;;1;;6 minutes;0;0;00:16;01:24;100%;;5;
cyber_animaI;4399;626;15;473;1;3.84;5.08;3,537;2,056;400;45,492;23,818;1,074;1,735,500;1,150;49;;11;1,074;0.01;4%;3.98;52%;;;10;22;9,406;68%;22;25,083;48;35;24;03:10;10;20;10;0.08;7.2;3.24;00:55;9.33;16.69;28.71;14,089.98;887;7;102;124;112;339;24;24 hours;123;101;01:53:01;03:23:36;82%;5;11;1;21;
CyberBuIIying;4034;38;8;24;;2.77;4.4;208;121;25;2,874;1,308;70;96,965;66;2;;;70;0.01;5%;2.6;45%;;;;13;4,961;62%;13;19,443;39;19;11;00:46;6;17;5;;9.26;2.89;00:28;7.64;14.01;24.08;11,229.36;80;;8;8;1;17;;1 hour;9;7;04:06;06:03;84%;3;7;;1;
Dabattousai;3896;;;;;;2.94;4;3;;97;55;2;3,546;2;;;;2;0;3%;1.33;56%;;;;2;1,828;;2;3,546;4;3;2;;;2;2;;8.82;2.94;;5.88;8.82;11.76;10,431.95;3;;0;0;1;1;;3 minutes;0;;;;;;;;0;
DARK_ASSAS1NATOR;0;1,373;17;1,229;;3.47;3.88;10,834;6,428;1,204;122,494;59,729;3,779;4,128,767;3,799;92;;33;3,779;0.01;6%;5.32;48%;;2;43;25;8,907;77%;25;27,610;69;48;35;02:27;12;30;11;0.09;5.75;3.4;00:51;10.74;18.18;30.64;11,679.98;2,034;21;297;327;387;1,011;163;64 hours;353;327;05:05:23;11:10:42;92%;5;13;4;23;
Defyz---;0;217;11;156;;2.84;3.95;1,709;1,084;266;20,972;11,286;585;782,888;441;14;;8;585;0.01;5%;3.28;53%;;;2;26;10,446;63%;26;24,205;50;34;22;01:49;14;22;9;0.14;9.48;4.84;00:26;8.03;19.74;31.12;14,258.18;521;7;28;48;68;144;18;11 hours;55;42;24:35;01:54:15;76%;4;7;1;11;
Demented_Hiei;0;11;5;22;1;4.55;2.27;82;33;9;1,905;799;25;56,493;38;;;;25;0;3%;1.57;41%;;;;9;4,817;53%;9;12,525;29;13;13;01:34;4;5;5;0.2;10.77;1.86;01:02;7.87;6.83;16.98;11,702.66;52;;3;5;2;11;;58 minutes;5;2;05:01;05:03;48%;;7;;2;
Desterix_452;0;5;3;3;;1.18;1.98;29;11;3;668;248;12;17,865;12;;;;12;0;4%;1.52;37%;;;3;5;2,630;53%;5;7,955;21;10;10;01:06;2;5;2;;7.53;1.18;00:31;4.75;4.36;11.5;7,086.54;19;;5;3;1;8;;25 minutes;3;0;01:18;00:20;9%;;2;;2;
DigitalNex;3993;16;3;64;;6.43;1.6;216;128;31;2,653;1,233;70;81,087;48;2;;;70;0.01;5%;2.48;46%;;;;14;3,839;56%;14;10,025;34;16;12;00:47;5;8;6;;8.74;3.11;00:29;4.82;12.86;21.71;8,150.59;87;3;10;8;2;19;2;1 hour;10;7;04:53;05:54;72%;3;10;;3;
Divinity-X-;4070;1,909;16;775;;1.82;4.48;11,853;6,892;1,591;158,999;89,170;4,023;6,162,220;4,081;135;;45;4,023;0.01;4%;3.27;56%;;;58;26;13,084;90%;26;29,816;62;45;29;02:28;23;28;13;0.1;8.5;3.73;00:40;9.58;16.19;27.84;14,477.72;3,622;44;272;346;440;1,058;141;87 hours;426;279;04:50:01;11:51:24;65%;5;10;10;137;
doa3f2p;3304;;;;;7.27;;2;;;41;11;;681;;;;;;;;;26%;;;;;384;;1;681;2;;;00:00;;;;;14.54;;00:04;;;14.54;4,951.93;2;;;0;0;1;;1 minute;0;;00:00;;;;;;0;
Drew_MK;3016;95;10;136;1;6.95;4.86;615;378;112;7,857;4,072;166;264,924;248;4;;;166;0.01;4%;3.86;51%;;;8;17;9,075;64%;17;28,760;60;33;26;01:51;13;18;6;0.05;8.13;5.73;00:58;12.68;19.33;31.46;13,554.57;159;2;20;16;26;62;7;4 hours;20;11;19:01;51:22;55%;5;13;1;8;
drewsausage;3063;7;6;12;;8.31;4.84;41;17;4;582;223;14;16,238;12;;;;14;0.01;6%;2.27;38%;;;;11;3,087;34%;11;8,039;20;8;8;01:14;2;8;4;;12.46;2.77;01:16;8.31;11.77;28.39;11,245.72;18;;1;2;1;4;;17 minutes;1;1;01:50;01:06;34%;3;6;;1;
DSZY;2443;35;6;9;;1.21;4.71;134;66;11;2,695;1,031;34;80,073;68;5;;;34;0;3%;1.88;38%;;;;11;4,297;36%;11;11,273;19;9;11;01:26;3;4;4;;9.55;1.48;00:57;9.15;8.88;18.04;10,781.41;71;2;11;6;2;19;;1 hour;7;4;07:06;05:21;47%;3;2;;4;
DubiousGerbil;2683;2;2;6;;31;10.33;12;7;2;83;38;2;2,731;5;;;;2;0;5%;3;45%;;;;6;1,174;;6;2,731;12;7;5;00:02;2;2;;;20.67;10.33;00:11;25.84;36.17;62.01;14,112.19;4;;;0;;0;;3 minutes;0;;00:02;00:28;;;6;;0;
DutchieSoInsane;2709;12;5;;1;;3.38;75;48;14;1,001;544;67;42,655;31;;;;67;0.02;12%;1.31;54%;;;6;5;3,030;59%;5;16,804;26;17;11;01:18;3;24;8;0.28;16.09;3.95;01:20;8.75;13.55;21.17;12,043.63;57;4;6;2;2;10;;51 minutes;4;1;04:44;00:40;35%;;;;2;
ecotaku;2368;195;8;360;1;7.64;4.13;1,143;715;233;17,253;7,810;311;519,848;378;11;;7;311;0;3%;2.25;45%;;;2;18;8,879;83%;18;17,654;38;20;18;01:02;9;16;7;0.14;10.76;4.94;00:29;8.02;15.17;24.25;11,033.54;507;8;30;34;20;84;;10 hours;47;20;23:20;49:00;41%;3;16;2;25;
eliizabethx;3614;;;;;11.14;;2;2;;33;16;;1,010;;;;;;;;2;48%;;;;2;1,010;;2;1,010;2;2;;;;;;;11.14;11.14;;;22.28;22.28;11,251.01;;;;;0;0;;1 minute;0;;;;;;;;0;
eliteboy_1da;3003;395;14;609;1;6.13;3.97;2,216;1,429;415;29,006;13,839;705;980,678;800;27;;9;705;0;5%;1.84;47%;;;26;21;5,424;69%;21;21,927;43;32;19;01:56;12;21;6;0.09;12.08;4.17;00:42;8.05;14.38;22.31;9,873.19;1,200;11;90;74;42;205;9;21 hours;99;43;01:11:09;01:39:54;43%;4;14;4;52;
entoe12;0;87;7;96;1;3.36;3.04;568;324;83;13,685;5,094;208;336,900;214;3;;;208;0;4%;1.82;37%;;;3;13;7,172;54%;13;17,973;32;19;20;02:02;6;15;7;0.03;10.9;2.9;00:48;7.5;11.35;19.9;11,808.7;311;;29;22;16;67;2;6 hours;29;9;22:57;10:53;29%;3;12;2;18;
Erenksk9;4169;29;6;52;1;4.75;2.65;277;153;37;4,398;1,899;71;124,752;90;2;;2;71;0;3%;2.21;43%;;;2;13;5,346;58%;13;11,859;22;14;10;01:25;5;10;4;0.18;11.43;3.38;00:46;8.23;13.99;25.34;11,415.14;125;;8;10;11;30;2;2 hours;11;4;08:25;10:40;37%;3;7;0;7;
EvanMario;4510;133;8;132;;4.89;4.93;860;511;125;9,698;4,251;299;303,978;258;8;;7;299;0.01;7%;3.78;43%;;;;14;3,935;56%;14;11,377;36;23;20;00:46;5;18;7;0.25;8.41;4.63;00:29;9.56;18.94;31.89;11,271.96;227;4;21;23;24;69;;5 hours;27;25;13:03;48:30;92%;4;8;0;2;
Evilduck1903;2547;22;4;48;;6.12;2.8;147;84;35;2,063;1,027;49;69,266;40;;;;49;0;4%;1.7;49%;;;2;12;4,192;67%;12;13,562;36;22;13;00:56;10;8;5;;10.96;4.46;00:28;5.1;10.71;18.75;8,835.46;86;;5;11;5;22;;1 hour;8;3;03:45;08:18;34%;;13;0;5;
Fade_BR;2818;150;12;256;;7.11;4.16;803;478;148;11,282;5,345;152;341,041;326;8;;;152;0;2%;2.41;47%;;;19;17;6,347;78%;17;21,246;43;27;24;01:50;14;11;5;;9.22;4.11;00:46;9.05;13.27;22.3;9,473.03;332;;33;28;31;92;5;6 hours;36;16;27:36;55:07;43%;4;18;2;18;
Fairystinky;2101;9;3;5;;1.67;3.02;29;18;4;695;173;10;13,122;11;;;;10;0;5%;0.85;24%;;;;6;1,566;28%;6;2,923;8;7;4;01:16;2;3;2;;11.41;1.34;00:37;3.69;6.04;9.73;4,406.39;34;;3;2;2;8;;32 minutes;3;1;01:51;00:10;30%;3;4;;2;
FastAsDux;2097;2;2;;;;1.52;19;9;2;562;167;8;11,199;4;;;;8;0;4%;1.26;29%;;;;4;1,601;35%;4;6,278;11;5;3;00:24;;4;4;;11.41;1.52;00:36;3.04;6.84;14.45;8,518.86;15;;1;1;0;1;;18 minutes;1;0;00:48;;10%;;;;1;
FeaRisSiKK;3000;4;3;;1;;3.27;30;18;3;366;145;9;10,662;9;;;;9;0.01;6%;5;39%;;;;13;3,502;33%;13;6,857;26;15;9;00:28;2;8;3;0.81;4.91;2.45;00:45;7.36;14.73;24.55;8,725.5;6;;0;1;3;4;;10 minutes;1;1;00:55;01:11;100%;3;
Flown_Jebus;0;185;10;154;;3.39;4.08;1,373;904;226;14,067;7,540;540;531,371;478;15;;20;540;0.01;7%;4.03;53%;;;12;26;9,379;76%;26;15,614;46;30;18;01:53;14;21;10;0.44;7.49;4.98;00:42;10.54;19.93;30.28;11,720.33;340;4;37;46;48;131;19;8 hours;45;35;32:23;02:00:34;78%;4;7;0;10;
flyinganimal;4142;291;17;310;1;5.7;5.35;1,613;972;226;24,551;12,995;494;923,897;573;15;;2;494;0.01;3%;3.25;52%;;;6;22;10,274;67%;22;27,792;53;37;27;03:24;17;21;9;0.03;9.13;4.16;01:19;10.54;17.89;29.69;17,009.04;496;2;26;42;91;159;20;12 hours;54;28;01:12:07;01:39:25;51%;4;16;3;24;
forrestsmith2;0;272;11;453;;6.15;3.69;2,022;1,242;350;26,910;12,621;739;866,205;612;12;;8;739;0.01;5%;2.75;46%;;2;29;19;5,965;81%;19;19,709;50;33;19;01:19;13;21;9;0.1;9.97;4.75;00:26;8.31;16.87;27.46;11,766.58;734;11;49;58;53;160;13;15 hours;74;33;32:13;01:39:59;44%;5;19;5;36;
fructoseghost;2653;;;2;;1.16;0.58;13;4;;437;191;4;13,139;6;;;;4;0;2%;0.43;43%;;;;3;2,266;66%;3;3,426;4;2;2;00:18;;2;2;;17.53;;00:39;3.5;2.33;7.59;7,677.74;30;;2;1;0;3;;22 minutes;2;0;01:06;;29%;;;0;1;
G1ng3rsHOT;2892;2;2;;;4.86;9.73;5;3;3;141;89;;5,273;;;;;;0;1%;2.5;63%;;;;2;2,256;;2;5,273;5;3;;00:11;3;;;;9.73;14.6;00:53;4.86;14.6;24.33;25,663.54;2;;0;0;0;1;;3 minutes;0;;00:11;00:20;;;;0;0;
games3_112;2604;2;;39;1;7.94;0.4;121;64;6;1,931;890;15;50,303;51;;;;15;0;1%;5.5;46%;;;;12;3,927;53%;12;23,615;53;30;32;01:36;4;6;5;0.2;4.48;1.22;00:30;10.38;13.03;24.64;10,244.77;22;;5;4;3;12;;53 minutes;5;4;02:27;05:00;74%;;18;;1;
Ghazzarro;;59;8;104;1;6.49;3.68;463;281;71;5,958;2,882;212;198,433;172;5;;2;212;0.01;7%;3.14;48%;;;;21;6,162;59%;21;24,722;45;32;21;02:06;10;23;8;0.12;9.18;4.43;00:45;10.74;17.56;28.93;12,402.08;147;2;9;23;12;44;4;3 hours;16;11;12:00;22:42;68%;3;12;;5;
GodzillavsMuto;2555;3;3;2;;1.85;2.78;12;6;4;276;116;6;8,483;4;;;;6;0;5%;2.4;42%;;;;3;2,220;;3;6,416;9;6;4;00:00;4;6;2;;4.64;3.71;00:00;3.71;5.56;11.13;7,872.57;5;;;;;;;10 minutes;1;;00:00;;;;2;0;1;
GoldenBullet20;4287;30;10;46;1;4.07;2.65;326;166;38;3,605;1,590;90;110,509;106;;;4;90;0.01;5%;5.71;44%;;;3;19;4,807;56%;19;16,706;39;23;25;01:34;7;14;12;0.35;5.04;3.36;00:36;9.38;14.69;28.85;9,782.44;57;;7;8;12;26;5;1 hour;11;11;06:54;13:20;96%;;9;;0;
GoMu___;4214;301;10;225;1;3.31;4.43;2,167;1,392;376;27,507;13,212;587;929,842;747;10;;6;587;0.01;4%;3.3;48%;;;10;22;9,226;59%;22;25,509;59;42;27;03:01;13;19;6;0.08;9.65;5.53;00:53;10.99;20.49;31.9;13,691.38;656;11;41;58;86;185;24;14 hours;68;37;01:00:27;02:33:28;54%;3;14;0;30;
hiijle;0;120;11;59;1;1.75;3.57;433;241;81;8,019;2,816;90;200,428;128;7;;6;90;0;3%;1.62;35%;;;7;13;4,529;80%;13;9,953;23;15;9;00:39;8;6;4;0.17;7.94;2.41;00:16;3.8;7.17;12.88;5,964.56;267;4;16;6;6;28;;6 hours;34;10;09:24;06:47;31%;4;6;1;22;
honoto-1104;2613;5;3;5;;1.84;1.84;73;35;12;1,354;552;24;39,523;34;;;;24;0.01;4%;2.51;40%;;;;12;4,096;47%;12;11,932;32;14;20;04:41;6;9;6;;10.69;4.42;02:37;12.54;12.91;26.92;14,579.83;29;;1;3;4;9;;38 minutes;3;0;07:06;02:49;11%;;3;0;2;
hourai127;2224;7;6;;;0.23;1.65;36;19;4;833;351;9;26,043;16;;;;9;0;2%;1.8;42%;;;;9;4,520;55%;9;9,507;18;12;8;01:19;3;3;3;;4.72;0.94;00:43;3.78;4.49;8.51;6,157.58;20;;3;3;1;6;;31 minutes;4;0;03:04;;0%;;;;4;
huumQc_;3000;10;3;10;;3.3;3.3;58;42;13;914;460;24;32,228;27;2;;;24;0.01;5%;1.38;50%;;;;6;4,083;60%;6;10,687;17;13;8;01:02;5;8;5;;13.88;4.29;00:40;8.92;13.88;19.16;10,651.42;42;;2;2;6;9;;37 minutes;3;1;02:02;05:03;21%;3;4;0;2;
I_Only_AWP_B;0;14;3;26;1;2.51;1.35;251;147;32;2,586;1,317;86;94,719;66;;;2;86;0.01;6%;4.25;50%;;;;16;6,567;69%;16;10,204;30;18;13;01:03;7;12;9;0.19;5.7;3.09;00:42;6.38;14.22;24.28;9,166.06;59;;10;7;10;27;2;1 hour;10;9;07:19;16:20;84%;3;7;;2;
iekgaa___;4002;8;5;9;;7.8;6.93;51;31;12;643;339;21;23,333;18;;;;21;0.02;6%;3.92;52%;;;;13;4,740;;13;9,494;23;15;9;01:19;6;8;5;;11.26;10.4;02:24;15.6;26.87;44.2;20,225.05;13;2;1;1;2;4;;15 minutes;1;1;02:47;06:23;100%;;6;;0;
IHateUddesd;2737;9;7;3;;2.77;8.31;20;10;;352;116;4;9,012;7;2;;;4;0;3%;0.9;32%;;;;4;1,288;34%;4;5,089;14;8;5;01:23;;2;2;;20.32;0.92;01:59;6.46;9.23;18.47;8,324.55;22;;1;1;1;3;;17 minutes;1;;02:09;00:20;;3;2;;1;
iMightyElephant;0;4;3;4;;2.26;2.26;22;16;8;427;140;5;9,827;6;;;;5;0;3%;0.95;32%;;;;4;1,112;41%;4;3,094;8;8;3;00:36;6;2;;;13.02;4.52;00:36;3.39;9.05;12.45;5,563.72;23;;2;3;1;6;;18 minutes;2;;01:04;;;;2;;2;
Inny21;3069;198;9;311;;6.35;4.04;1,269;760;200;18,192;8,979;356;596,593;457;6;;;356;0;3%;2.64;49%;;;8;16;5,955;80%;16;20,001;41;26;20;01:33;9;12;9;;9.8;4.08;00:42;9.33;15.52;25.92;12,188.83;480;13;37;40;27;104;6;10 hours;49;19;34:22;01:11:16;39%;4;11;3;27;
ioReactz;3584;268;11;330;1;5.35;4.34;1,717;1,089;320;19,480;9,784;528;701,360;593;20;;5;528;0.01;5%;2.98;50%;;;10;21;6,786;69%;21;14,575;45;32;18;02:13;10;16;9;0.08;9.33;5.18;00:40;9.61;17.65;27.84;11,372.37;576;10;52;56;59;167;11;12 hours;62;38;41:24;01:54:16;62%;4;12;2;22;
iqbalhaikal55;3032;46;6;92;;9.57;4.78;337;199;40;4,745;2,221;110;146,367;136;4;;;110;0.01;4%;3.4;46%;;;2;12;5,441;56%;12;20,439;40;28;21;01:33;11;17;6;;10.3;4.16;00:40;14.15;20.7;35.07;15,232.39;99;;5;12;8;25;2;2 hours;10;5;06:32;21:15;51%;3;14;1;4;
IRaTuSz;4587;223;15;117;1;3.12;5.95;1,074;675;199;13,828;6,151;386;454,182;329;18;;2;386;0.01;6%;2.69;44%;;;11;17;7,636;57%;17;17,408;40;25;17;01:08;11;23;11;0.05;10.62;5.31;00:24;8.78;18.01;28.66;12,123.67;398;7;18;25;40;83;8;8 hours;37;20;15:20;01:08:46;52%;5;8;2;16;
itsDiety;0;47;7;21;1;1.96;4.4;276;157;20;3,834;1,700;101;122,521;92;;;;101;0.01;5%;2.19;44%;;;;10;3,618;83%;10;11,286;34;18;13;01:06;4;16;4;0.09;11.81;1.87;00:37;8.62;14.71;25.87;11,486.63;126;2;8;13;7;28;;2 hours;11;7;06:36;12:16;61%;3;3;;4;
itsGenji;3211;5;5;;;;12.91;13;7;;188;66;5;5,004;6;;;;5;0.01;7%;2.6;35%;;;2;5;1,982;35%;5;5,004;13;7;6;00:53;;5;2;;12.91;2.58;02:19;15.5;18.08;33.59;12,929.57;5;;1;0;0;2;;5 minutes;0;0;00:53;01:54;100%;3;
ItsRaiyu;4368;399;11;389;;4.43;4.55;2,887;1,842;547;32,549;16,227;1,111;1,179,416;689;31;;26;1,111;0.01;6%;4.1;49%;;;3;22;9,157;66%;22;21,013;59;40;16;00:50;14;29;16;0.29;8.02;6.24;00:19;7.86;21.01;32.94;13,456.99;703;7;66;65;85;216;33;17 hours;88;76;29:01;03:52:07;86%;4;13;1;10;
Jack_of_Spades13;3322;15;8;14;;6.17;6.61;78;54;14;905;351;20;24,908;27;2;;;20;0.01;5%;5.57;38%;;;;13;3,320;46%;13;12,268;37;28;17;00:54;8;12;5;;6.17;6.17;00:50;11.91;23.82;34.4;10,987.38;14;;2;1;3;6;;30 minutes;2;2;01:54;07:37;100%;3;8;
Jamie_Choi;3000;2;;;;0.67;1.34;32;14;2;461;187;20;14,423;11;;;;20;0.02;10%;3.55;40%;;;;13;5,677;;13;8,422;16;7;8;00:17;2;12;8;;6.03;1.34;00:15;7.37;9.38;21.45;9,669.75;9;;1;1;2;3;;13 minutes;1;1;00:22;03:47;100%;
JaredFogle420;3031;28;10;28;1;5.25;5.25;;;;;;;67,603;;;;;43;;;;59%;;;;;;;;18,813;;;;;;13;5;;8.26;5.82;00:28;11.64;22.15;30.98;12,693.37;44;;;;11;17;4;1 hour;;;;12:42;37%;;9;;3;
JDG-191;2864;18;6;38;1;6.36;3.01;139;87;24;2,405;934;61;60,440;59;;;;61;0.01;6%;1.85;38%;;;6;13;4,578;53%;13;12,009;23;16;12;02:26;5;11;5;0.16;12.55;4.01;01:23;9.87;14.56;23.26;10,118.06;75;;4;7;7;19;;1 hour;6;3;08:20;09:23;54%;;9;0;2;
JOKERFIRST15;4055;185;10;159;;3.79;4.41;1,229;780;176;12,423;5,947;415;419,808;382;13;;7;415;0.01;6%;5.56;47%;;;5;19;6,373;58%;19;19,424;44;29;20;01:40;11;26;15;0.16;5.27;4.19;00:44;9.11;18.61;29.32;10,017.56;221;6;31;32;46;110;19;7 hours;42;40;31:19;01:10:56;95%;4;8;;2;
JonXSly;3015;289;12;253;1;3.65;4.17;1,529;956;255;20,454;8,778;327;632,658;590;17;;;327;0;3%;1.91;42%;;;9;18;4,822;64%;18;17,807;47;31;27;01:55;9;14;6;0.01;11.55;3.68;00:39;8.53;13.82;22.1;9,147.71;799;6;58;65;43;166;9;13 hours;69;29;45:12;59:10;41%;3;10;;40;
katsuya3;2206;10;5;18;;5.2;2.88;80;45;12;1,613;685;17;46,250;35;;;;17;0;2%;1.86;42%;;;5;9;3,471;52%;9;15,948;32;20;15;01:25;7;5;2;;12.42;3.46;01:09;10.11;13;23.11;13,364.99;43;3;4;2;4;10;;51 minutes;3;1;04:00;02:12;19%;3;9;1;2;
Keytix_;0;43;7;125;;9.12;3.13;427;262;75;4,197;2,112;86;140,931;117;;;5;86;0;4%;3.91;50%;;;;15;4,443;58%;15;13,664;56;39;16;01:10;12;9;4;0.36;7.95;5.47;00:30;8.53;19.12;31.16;10,284.82;109;;14;11;13;38;4;2 hours;14;12;07:02;32:58;89%;3;25;;1;
Kiba_Zack;3014;25;6;41;;11.06;6.74;132;75;20;1,375;652;33;45,125;49;;;;33;0.01;5%;3.88;47%;;;2;17;4,686;53%;17;8,590;33;17;12;01:01;5;9;6;;9.17;5.39;01:02;13.22;20.24;35.62;12,178.44;34;;5;3;3;10;;47 minutes;4;2;03:53;16:16;56%;3;12;0;1;
KILLER77_HAZZA3;0;755;13;1,081;;5.86;4.09;4,221;2,640;783;58,595;28,399;1,137;1,962,241;1,415;58;;13;1,137;0;4%;2.03;48%;;;51;19;6,413;82%;19;23,442;49;31;27;02:17;11;18;6;0.07;11.26;4.24;00:43;7.67;14.31;22.88;10,639.95;2,077;20;156;150;112;418;23;38 hours;184;80;02:12:56;03:30:11;43%;5;17;11;93;
KingXacTz;0;2;2;11;;25.84;4.69;16;14;4;261;96;2;4,359;7;;;;2;0;2%;2.66;36%;;;;7;1,910;;7;4,359;16;14;7;00:45;4;2;;;14.09;9.39;01:46;16.44;32.89;37.59;10,241.52;6;;0;0;1;2;;7 minutes;0;0;00:45;00:30;100%;;11;
kirA-_-bleAch;0;177;10;250;;7.29;5.16;935;564;159;14,803;6,183;343;401,053;350;3;;14;343;0.01;5%;6.19;41%;;;4;19;6,588;62%;19;24,636;43;26;26;01:01;8;21;9;0.4;4.4;4.63;00:28;10.21;16.45;27.28;11,702.44;151;8;31;26;36;93;8;7 hours;34;13;16:19;49:41;39%;4;15;1;20;
kk10295;3110;35;5;32;;2.72;2.98;267;147;26;5,118;2,472;91;170,562;114;2;;;91;0;3%;2.38;48%;;;2;13;5,166;72%;13;24,446;31;18;15;00:57;5;15;5;;9.54;2.21;00:42;9.71;12.52;22.75;14,535.6;112;;13;10;5;28;;2 hours;12;5;08:18;03:07;39%;3;5;1;6;
kon5-TDRoki;2363;558;15;891;1;5.44;3.41;3,023;1,860;484;54,963;27,058;731;1,703,360;1,193;28;;3;731;0;2%;2.13;49%;;6;60;21;8,103;77%;21;22,014;61;41;23;03:42;11;16;5;0.01;8.64;2.95;00:51;7.29;11.37;18.48;10,415.41;1,414;16;121;107;76;304;10;33 hours;164;60;02:20:57;01:40:13;36%;4;20;11;92;
koutyatya;0;475;13;543;;5.63;4.93;2,137;1,173;201;43,236;20,147;590;1,381,937;758;39;;13;590;0;2%;2.31;46%;;;3;24;9,573;66%;24;21,107;42;22;22;01:42;5;13;11;0.13;9.58;2.08;00:32;7.87;12.18;22.19;14,350.38;923;4;95;93;76;264;12;20 hours;96;45;52:27;01:14:15;46%;5;16;2;49;
kris1974;4164;;;4;;7.3;1.82;10;6;;207;61;3;3,988;2;;;;3;0;4%;2.5;29%;;;;6;1,884;37%;6;2,812;10;6;2;00:02;;3;;;7.3;;00:04;3.65;10.95;18.25;7,280.92;4;;1;0;;1;;5 minutes;1;0;00:02;00:30;44%;;4;;0;
KSlims;4375;944;17;33;;0.15;4.4;6,867;3,871;738;78,527;41,806;2,859;3,068,046;2,375;82;;20;2,859;0.01;6%;5.27;53%;;;27;24;10,882;90%;24;28,888;58;36;26;02:33;12;32;16;0.09;6.08;3.44;00:46;11.08;18.07;32.05;14,322.35;1,303;9;142;203;291;636;100;44 hours;214;161;02:44:36;07:48:16;75%;5;2;7;47;
kurosaki158;1715;21;6;9;;1.32;3.09;85;49;19;1,913;777;28;56,922;35;;;;28;0;3%;1.03;40%;;;;7;3,367;61%;7;11,358;15;9;8;01:35;4;6;3;;12.06;2.79;00:28;5.15;7.21;12.51;8,377.57;82;;7;1;1;9;;1 hour;7;2;03:13;00:20;24%;3;4;1;4;
L1TTL3msAW3S0M3;2566;;;8;;12.67;1.58;16;13;4;247;93;7;5,252;7;;;;7;0.01;7%;4;37%;;;;6;1,704;;6;5,252;16;13;7;00:22;4;7;6;;6.33;6.33;00:36;11.09;20.59;25.35;8,322.18;4;;1;;1;1;;6 minutes;1;1;00:22;00:53;100%;;8;
Langartija;3035;12;6;14;;5.53;4.74;61;31;9;980;510;10;34,942;26;2;;;10;0;1%;1.74;52%;;;;9;3,009;;9;10,362;24;13;9;01:14;3;4;3;;13.83;3.55;01:34;10.27;12.24;24.1;13,807.32;35;;3;3;2;7;;36 minutes;3;1;03:58;02:41;33%;4;7;;2;
LEATONER;0;;;;;4.74;4.74;4;3;2;104;34;;2,345;;;;;;;;;32%;;;;3;1,690;;3;2,345;4;3;;00:01;2;;;;18.97;9.48;00:05;4.74;14.23;18.97;11,125.37;4;;;;;;;3 minutes;0;;00:01;;;;;;0;
LoggingOut;0;341;13;442;1;5.52;4.26;1,944;1,124;294;28,150;14,817;702;1,036,733;638;26;;6;702;0.01;4%;2.21;52%;;;6;15;8,243;73%;15;25,956;41;28;20;01:10;9;26;7;0.07;10.99;3.67;00:38;7.98;14.06;24.31;12,968.42;879;10;66;64;69;199;12;17 hours;80;39;51:00;02:00:55;48%;5;16;4;37;
LostkumaTH;0;10;4;20;;5.22;2.61;66;44;14;868;420;16;26,844;21;;;2;16;0;3%;2.75;48%;;;;11;3,840;55%;11;10,494;34;22;13;01:07;6;8;4;0.52;6.26;3.65;00:37;5.48;11.48;17.23;7,009.75;24;;2;4;4;10;2;28 minutes;4;3;02:25;00:04;79%;;11;;1;
l-Twisted_Fate-l;3972;18;7;11;;2.42;3.97;102;48;8;1,555;666;58;51,217;37;;;;58;0.01;8%;2.04;42%;;;;11;3,129;58%;11;9,759;27;12;9;00:58;2;14;6;;11.04;1.76;00:44;8.17;10.6;22.52;11,310.69;50;;6;2;2;10;;58 minutes;5;2;03:20;00:44;37%;3;2;;3;
LuckyC723;3709;753;11;536;1;3.16;4.44;4,373;2,700;637;58,921;28,078;1,785;2,080,213;1,580;48;;19;1,785;0.01;6%;2.22;47%;;;20;28;8,380;62%;28;26,822;52;38;23;02:02;10;33;10;0.11;11.61;3.76;00:45;9.33;15.95;25.84;12,292.44;1,966;23;124;152;138;413;19;38 hours;169;80;02:09:38;03:51:01;47%;4;9;7;83;
M5roosh_ksa;3563;9;6;7;;1.73;2.23;58;37;9;1,038;460;29;30,859;17;;;;29;0.01;6%;1.7;44%;;;6;8;2,461;57%;8;5,692;14;10;6;00:15;4;8;4;;8.43;2.23;00:08;4.21;9.18;14.39;7,657.03;34;;4;4;1;9;;39 minutes;4;1;00:32;02:42;18%;;2;0;3;
MAAFX;2990;11;5;29;;13.35;5.06;48;28;8;1,353;452;5;27,117;17;;;2;5;0;1%;1.71;33%;;;3;8;4,179;33%;8;11,540;23;12;10;01:30;3;2;2;0.92;12.89;3.68;00:52;7.82;12.89;22.1;12,489.33;28;;2;0;4;5;;28 minutes;2;1;01:54;01:44;38%;;14;;1;
MagIish;4473;;;;;;0.29;42;22;3;587;254;26;16,364;7;;;;26;0.01;10%;3.23;43%;;;4;7;2,352;45%;7;8,579;18;8;6;00:24;;10;4;;3.84;0.88;00:11;2.06;6.49;12.4;4,834.4;13;;2;1;4;8;;25 minutes;3;3;00:39;;100%;
MamasNippel;3912;69;8;83;;5.64;4.69;438;263;72;4,354;2,586;166;177,417;141;4;;;166;0.01;6%;3.77;59%;;;;24;6,327;75%;24;16,214;37;28;17;01:22;13;15;11;;7.88;4.89;00:28;9.58;17.88;29.78;12,066.34;116;3;7;13;21;41;7;2 hours;15;9;07:01;32:11;58%;4;8;0;6;
Maranata01;4306;58;8;71;1;5.16;4.21;384;255;71;6,218;2,377;222;174,616;116;5;;;222;0.02;9%;2.72;38%;;;;15;4,692;52%;15;13,745;39;25;14;00:51;10;24;8;0.07;10.24;5.16;00:37;8.43;18.53;27.9;12,690.73;141;2;16;9;16;41;3;3 hours;14;5;08:40;26:32;39%;3;12;0;8;
Marlporo0707;0;79;12;40;1;2.09;4.14;459;272;43;7,291;3,537;159;249,508;173;8;;2;159;0.01;4%;3.2;48%;;;;16;8,764;58%;16;15,583;34;21;16;02:25;4;11;6;0.1;7.5;2.25;00:47;9.07;14.27;24.08;13,090.5;143;;12;18;29;59;5;3 hours;19;13;15:09;25:19;67%;4;4;0;6;
masatosann;2383;11;3;8;;2.94;4.05;46;20;4;887;369;10;24,842;23;;;;10;0;2%;2.42;41%;;;;8;3,663;35%;8;6,585;15;6;8;01:10;;3;2;;6.99;1.47;00:37;8.47;7.36;16.94;9,150.43;19;;3;3;3;10;;29 minutes;3;1;01:40;00:39;40%;3;3;0;2;
Meepert;0;8;4;9;;3.59;3.19;54;32;9;502;198;5;13,730;11;;;;5;0;2%;2.25;39%;;;;10;2,110;44%;10;4,957;28;13;6;00:39;4;2;;;9.59;3.59;00:44;4.39;12.79;21.59;5,490.43;24;;1;1;2;4;;23 minutes;3;1;01:51;00:20;52%;;4;;1;
Melamun;3000;46;7;26;;2.32;4.11;279;185;67;3,191;1,665;107;116,041;97;;;;107;0.01;6%;3.87;52%;;;3;19;5,998;64%;19;16,051;49;30;17;01:03;12;19;10;;6.43;5.98;00:35;8.66;16.53;24.93;10,370.74;72;;9;9;15;34;5;1 hour;11;9;06:42;19:15;77%;3;9;;2;
Meldavak;2788;2;2;;;;2.62;7;5;2;160;101;3;7,671;3;;;;3;0.01;2%;1.75;63%;;;;6;2,463;;6;7,671;7;5;3;00:28;2;3;;;5.24;2.62;00:37;3.93;6.55;9.17;10,055.22;4;;;1;2;2;;4 minutes;1;;00:28;;;;;;1;
MEOW987;2674;;;6;;4.73;;13;6;;261;128;4;7,710;4;;;;4;0;3%;;49%;;;;5;2,291;39%;5;4,424;7;4;4;00:15;;4;3;;10.25;0.78;00:21;3.15;4.73;10.25;6,084.07;13;;3;1;0;4;;11 minutes;1;0;00:27;;0%;;5;;1;
Miz_One;1490;6;3;5;;2.49;2.99;22;11;5;607;236;3;14,096;7;;;;3;0;1%;2.75;38%;;;;7;5,207;23%;7;8,803;10;4;4;00:26;3;;;;3.99;2.49;00:15;3.49;5.48;10.97;7,032.53;8;;3;2;0;6;;17 minutes;2;1;00:32;00:14;62%;;3;;1;
Mr_O_Blood_type_;0;5;2;9;;7.99;4.44;29;15;5;627;268;15;16,665;10;;;;15;0.01;5%;1.52;42%;;;;6;3,709;51%;6;5,427;7;5;3;00:21;3;10;7;;16.88;4.44;00:44;8.88;13.32;25.76;14,808.75;19;;;2;2;4;;20 minutes;1;0;00:50;02:40;20%;;3;;1;
Mr_savage_75;0;20;6;39;;6.97;3.57;120;67;20;2,053;808;21;55,382;41;2;;;21;0;2%;2.22;39%;;;;10;3,862;50%;10;15,952;29;18;15;01:13;7;8;3;;9.66;3.57;00:59;7.33;11.98;21.47;9,909.61;54;;5;4;4;12;;1 hour;6;3;05:34;07:56;55%;4;11;;2;
MrBlueyes;2154;20;10;37;;7.05;3.81;101;68;29;1,419;640;20;43,745;40;3;;;20;0;3%;1.65;45%;;;15;9;4,802;66%;9;10,988;30;19;16;01:45;11;6;3;;11.63;5.52;00:49;7.62;12.96;19.25;8,340.92;61;;7;4;2;12;2;1 hour;5;1;04:19;10:39;25%;4;17;0;4;
MRstyles4u;3112;8;5;10;;6.58;5.26;36;22;5;704;259;4;16,215;20;;;;4;0;1%;1.5;36%;;;5;8;2,006;23%;8;10,267;18;13;11;02:06;3;2;2;;15.79;3.29;01:40;13.16;14.48;23.69;10,673.92;24;;;1;1;2;;25 minutes;2;0;02:32;00:53;28%;;6;;1;
Nakles-Archon;0;11;7;2;;1.02;5.64;50;31;7;865;532;15;38,561;19;;;;15;0;2%;3.84;61%;;;;8;6,535;57%;8;23,895;26;17;13;00:38;6;9;6;;6.67;3.59;00:34;9.75;15.91;25.66;19,792.18;13;;3;3;0;6;;27 minutes;2;2;01:07;01:37;97%;;;;0;
Natz_D_Chow;4100;2,211;15;3,339;;7.39;4.89;14,464;9,617;2,839;182,172;88,884;5,581;6,077,703;4,074;164;;65;5,581;0.01;6%;3.59;48%;;3;65;37;11,750;73%;37;28,474;62;51;24;02:01;18;40;16;0.14;8.9;6.28;00:26;9.01;21.28;32.01;13,451.44;4,023;50;263;344;552;1,158;250;86 hours;452;353;03:19:22;21:25:23;78%;5;19;8;91;
Ninja5976;3734;62;16;58;1;3.03;3.24;610;365;62;7,398;3,538;305;248,722;214;6;;5;305;0.02;8%;3.54;47%;;;7;17;5,336;80%;17;22,568;50;32;29;01:41;7;35;13;0.26;9;3.24;00:55;11.2;19.11;31.94;13,025.48;172;2;15;19;19;53;9;3 hours;19;16;17:47;48:03;81%;4;8;1;3;
NINJALEX323;3962;145;12;172;;3.92;3.3;1,156;670;136;13,553;5,985;338;434,943;390;15;;34;338;0.01;5%;2.57;44%;;;3;17;6,195;59%;17;14,231;35;29;16;01:25;9;12;5;0.77;10.23;3.1;00:46;8.89;15.27;26.35;9,915.18;449;10;36;39;25;100;6;9 hours;44;31;33:46;55:06;71%;5;11;1;11;
nyanyamui_401;0;;;;;2.69;;;;;75;31;;1,861;;;;;;;;0.5;41%;;;;;1,511;39%;1;1,511;;;;00:06;;;;;5.39;;00:16;2.69;;2.69;5,019.16;2;;1;0;;1;;2 minutes;0;0;00:06;;1%;;;;0;
ohEvasive;3523;246;8;192;1;3.07;3.94;1,626;967;203;18,373;8,281;599;604,457;582;20;;7;599;0.01;7%;3.15;45%;;;3;22;6,793;70%;22;14,058;37;23;19;01:52;7;18;10;0.11;8.27;3.25;00:42;9.33;15.5;26.07;9,691.65;516;5;55;44;30;130;9;11 hours;62;50;44:39;01:06:13;80%;4;10;2;11;
oI_SPY_Io;4521;89;9;12;1;0.52;3.88;684;418;87;7,484;3,193;390;242,258;220;5;;;390;0.02;12%;3.67;42%;;;2;16;6,320;70%;16;11,732;38;23;20;01:09;8;25;10;0.04;8.12;3.8;00:26;9.61;18.26;29.88;10,586.38;186;3;17;19;25;61;4;4 hours;23;18;10:03;36:06;79%;3;2;;5;
Original_Yankin;2592;11;4;32;;10.2;3.5;51;28;12;1,021;358;4;20,656;20;;;;4;0;1%;1.5;35%;;;9;7;2,182;27%;7;4,195;10;8;7;00:29;3;2;;;10.84;3.82;00:40;6.38;8.93;16.26;6,589.53;34;;4;2;2;9;;33 minutes;3;0;02:06;02:25;8%;4;6;;3;
OttoFemtusen;2831;;;;;;2.91;7;6;;106;49;2;3,120;;;;;2;0;4%;2.33;46%;;;3;4;2,023;;4;2,585;7;6;;00:06;;2;2;;8.73;2.91;00:17;2.91;17.46;20.37;9,078.55;3;;0;0;1;1;;3 minutes;0;;00:06;00:20;;;;;0;
oualid32;4267;1,056;18;675;;3.49;5.46;6,423;3,943;820;77,266;39,487;2,320;2,839,303;2,184;67;;17;2,320;0.01;5%;3.72;51%;;;18;24;10,196;68%;24;30,410;63;38;39;02:43;10;33;17;0.08;8.91;4.24;00:55;11.3;20.4;33.23;14,692.65;1,723;12;118;186;274;578;84;41 hours;193;135;02:58:30;09:07:23;70%;4;12;4;54;
Potaetum;0;;;;;5.49;;;;;23;6;;370;;;;;;;;;26%;;;;;370;26%;1;370;;;;00:00;;;;;5.49;;00:03;5.49;5.49;5.49;2,032.74;;;;;1;1;;58.43253399711102 seconds;0;;00:00;;;;;;0;
praktommy;3673;1,151;13;1,003;1;4.52;5.18;6,074;3,715;916;87,513;39,822;2,030;2,797,821;2,195;61;;10;2,030;0.01;5%;2.83;45%;;;22;27;8,991;100%;27;20,604;49;31;31;03:33;10;23;8;0.04;9.65;4.12;00:44;9.89;16.74;27.37;12,609.36;2,143;25;180;184;168;532;41;49 hours;222;113;02:44:36;05:32:05;50%;4;16;9;100;
Prey1nMantis;2494;35;6;50;;3.84;2.68;264;169;68;3,984;1,720;129;107,641;87;;;;129;0.01;7%;5.28;43%;;;3;13;5,266;54%;13;14,403;42;25;16;00:52;10;16;7;;3.84;5.22;00:23;6.68;12.98;20.28;8,271.59;50;3;14;12;9;36;2;2 hours;13;4;05:05;10:45;28%;3;7;0;9;
Prince_Fatman;0;79;12;154;;7.71;3.95;506;314;91;7,090;3,463;139;230,787;180;8;;;139;0;4%;2.48;48%;;;3;21;8,997;64%;21;18,358;37;25;16;01:22;7;13;5;;10.22;4.56;00:40;9.02;15.73;25.36;11,567.72;204;2;14;15;28;57;7;3 hours;20;11;13:21;37:17;53%;4;17;1;8;
Prophesizee;3087;58;9;54;;4.49;4.82;311;199;73;3,451;1,725;156;131,094;97;5;;5;156;0.01;9%;2.61;49%;;;10;12;3,756;58%;12;17,191;45;30;17;01:22;15;22;8;0.41;9.89;6.07;00:33;8.06;16.55;25.87;10,906.12;119;;9;7;13;30;4;2 hours;12;7;06:46;26:30;60%;4;10;0;4;
PucKProof;3499;11;6;16;;9.37;6.44;61;42;6;795;423;27;29,434;25;;;;27;0.02;6%;3.81;53%;;;;18;6,528;49%;18;13,776;31;27;15;01:54;3;13;7;;9.37;3.51;02:12;14.65;24.61;35.75;17,251.82;16;;2;1;3;7;;22 minutes;2;1;03:46;05:38;58%;;10;;1;
rairai2040;2309;;;;;2.36;;5;2;;240;79;3;4,229;3;;;;3;0;3%;0.62;32%;;;;2;1,352;31%;2;3,444;4;2;2;00:36;;3;2;;18.9;2.36;01:28;7.09;4.72;11.81;9,995.52;8;;1;;;1;;6 minutes;0;0;00:37;;9%;;;;0;
RaxesTheWise;2506;15;3;24;;5.37;3.35;94;55;24;1,849;657;30;45,513;25;;;;30;0.01;4%;3.61;35%;;;3;12;3,982;42%;12;12,279;28;12;8;01:32;5;6;6;;5.82;5.37;00:57;5.59;12.31;21.04;10,190.59;26;;3;2;2;8;;49 minutes;4;3;04:14;04:19;76%;;8;;1;
redsunset7;2665;2;;5;;3.91;1.56;16;11;6;263;104;4;6,650;3;;;;4;0;3%;2.66;39%;;;;6;2,765;42%;6;3,601;12;9;2;00:04;6;3;2;;4.7;4.7;00:05;2.35;8.62;12.53;5,211.54;6;;;1;0;1;;8 minutes;1;;00:07;00:42;;;4;;1;
Remix829;2518;8;6;4;;4.88;9.77;26;19;7;285;137;14;9,545;11;;;;14;0.01;10%;3.71;48%;;;;14;3,869;54%;14;6,926;18;14;11;00:05;5;11;7;;8.55;8.55;00:13;13.44;23.21;31.76;11,662.32;7;;1;1;;2;;12 minutes;1;;00:10;03:20;;;3;0;0;
rencpee;2745;69;4;;1;;2.67;489;272;55;8,721;3,549;166;261,458;211;2;;;166;0;4%;1.64;40%;;;5;16;5,585;63%;16;15,179;28;20;18;01:31;4;13;7;0.03;11.51;2.13;00:47;8.17;10.54;18.95;10,135.19;297;;22;18;10;49;;5 hours;26;11;20:23;05:33;41%;3;;2;14;
Rhinoblue123RED;2209;5;5;4;;4.13;5.16;13;9;5;407;112;6;9,284;;;;;6;0;5%;2.6;27%;;;;9;3,448;;9;5,940;11;9;;00:00;5;3;3;;5.16;5.16;00:00;;9.29;13.42;9,589.16;5;;0;2;1;3;;10 minutes;1;0;00:00;;30%;;4;;1;
rm-rf_slash;2681;;;4;;5.23;1.3;15;11;2;274;123;5;7,406;5;;;;5;0;4%;1.5;44%;;;;6;1,992;44%;6;7,406;15;11;5;00:11;2;5;2;;13.08;2.61;00:14;6.54;14.39;19.62;9,688.54;10;;;;2;2;;9 minutes;1;;00:11;;;;4;;1;
Rockethiethm;4289;14;4;34;;5.83;2.4;135;74;17;1,679;799;44;52,734;30;;;;44;0.01;5%;2.93;47%;;;;12;3,992;54%;12;9,158;20;12;8;00:56;4;18;5;;7.89;2.91;00:22;5.14;12.69;23.16;9,049.32;46;;7;5;2;14;;1 hour;6;4;02:11;05:03;74%;;6;1;1;
ruinknives;2843;75;9;136;;5.81;3.2;602;333;72;9,145;4,938;232;329,389;210;6;;;232;0.01;4%;2.96;53%;;;;13;8,472;64%;13;22,422;42;22;17;03:21;5;16;8;;8.68;3.07;00:45;8.98;14.24;25.74;14,086.88;203;3;23;16;22;62;6;5 hours;23;11;17:36;21:56;48%;3;9;1;11;
Rundle0509;3962;126;7;104;;3.37;4.08;842;524;107;9,657;4,518;318;319,127;258;11;;8;318;0.01;7%;3.88;46%;;;7;21;7,210;66%;21;18,177;47;33;20;01:26;8;25;8;0.25;7.03;3.46;00:36;8.36;16.98;27.28;10,341.69;217;4;27;29;30;86;10;5 hours;31;30;18:32;01:06:09;98%;4;12;;0;
RyanAM;3889;963;15;378;1;1.71;4.35;6,278;3,785;957;70,730;36,718;2,423;2,627,802;1,869;62;;11;2,423;0.01;6%;5.03;51%;;;29;28;11,181;77%;28;30,830;65;40;31;01:34;13;31;15;0.04;5.64;4.33;00:24;8.45;17.12;28.4;11,890.02;1,247;12;132;174;212;517;62;42 hours;221;163;01:31:17;05:47:28;73%;5;9;7;51;
Saber-x-wolf;2666;;;;;4.22;;;;;69;11;2;676;;;;;2;0.01;18%;;15%;;;;;582;;1;582;;;;00:10;;;;;4.22;;00:45;4.22;;4.22;2,855.85;;;0;0;0;0;;3 minutes;0;0;00:10;;57%;;;;0;
samurainu;2412;52;10;23;;1.59;3.6;195;118;32;3,658;1,351;44;100,941;78;5;;;44;0;3%;1.42;36%;;;6;8;4,774;52%;8;9,556;29;22;14;02:12;5;6;5;;9.48;2.21;00:57;5.4;8.17;13.5;6,991.66;137;;13;9;11;32;;2 hours;14;4;13:52;08:09;27%;3;4;1;10;
sbkkzy;0;231;10;289;;5.62;4.49;1,129;642;117;19,689;8,677;257;620,304;447;19;;8;257;0;2%;1.93;44%;;;;17;9,228;60%;17;18,785;40;22;21;02:07;7;14;4;0.15;11.32;2.27;00:50;8.69;12.49;21.96;12,070.74;582;9;40;44;26;110;2;12 hours;51;20;43:33;43:09;39%;4;10;6;25;
ScaredLilTaco;3412;3;3;;;;19.87;5;4;2;77;32;3;2,307;;;;;3;0.02;9%;2.5;41%;;;;3;1,235;;3;2,307;5;4;;;2;3;2;;13.24;13.24;;6.62;26.49;33.11;15,281.09;2;;0;0;;0;;2 minutes;0;0;;00:11;100%;
Scrufster;2197;;;;;2.32;;2;;;54;13;;452;;;;;;;;0.66;24%;;;;2;324;;2;324;2;;;00:03;;;;;6.96;;00:07;;2.32;4.64;1,051.14;3;;;0;0;1;;3 minutes;0;;00:03;;;;;;0;
Shadowfox55;2974;88;8;21;1;0.68;2.87;703;415;94;11,067;3,992;250;282,980;285;3;;2;250;0.01;6%;2.53;36%;;;7;17;5,252;60%;17;14,376;39;26;22;01:37;6;18;7;0.06;9.03;3.06;00:39;9.29;13.53;22.93;9,230.72;277;3;27;18;11;56;4;6 hours;31;14;20:11;18:06;46%;4;5;1;15;
shadowstrixx;2873;59;8;99;1;4.34;2.58;431;230;58;8,246;3,213;126;215,096;158;;;;126;0;3%;1.92;38%;;;10;11;3,865;46%;11;18,473;34;23;15;01:26;6;12;4;0.04;9.82;2.54;00:43;6.93;10.08;18.9;9,435.48;224;;21;13;12;45;;4 hours;23;13;16:31;06:42;55%;3;9;1;9;
Sharpy776;2926;49;19;43;1;3.06;3.49;384;235;62;4,455;2,150;152;160,312;144;6;;3;152;0.01;7%;2.88;48%;;;2;15;7,105;59%;15;18,414;55;38;28;02:15;7;20;10;0.21;9.48;4.42;01:02;10.26;16.75;27.38;11,432.55;133;;15;11;9;35;3;2 hours;14;7;14:41;26:11;48%;4;7;1;6;
Signal_Graph;0;72;10;64;1;4.54;5.11;304;174;41;5,999;2,711;112;189,893;100;2;;;112;0;4%;1.91;45%;;;;12;5,015;69%;12;19,376;37;22;18;01:02;7;13;5;0.07;11.28;2.91;00:28;7.09;12.35;21.57;13,478.56;159;;10;13;11;34;;3 hours;14;5;06:37;08:14;33%;4;9;2;8;
sloohy99;2683;69;8;111;1;7.44;4.62;342;214;94;5,970;1,984;98;139,744;117;7;;2;98;0;4%;2.87;33%;;3;33;14;5,091;46%;14;11,169;34;26;11;01:52;12;8;7;0.13;7.97;6.3;00:41;7.84;14.34;22.92;9,368.76;119;;14;7;7;28;;3 hours;15;7;10:13;22:03;48%;4;13;0;7;
Smithered;0;238;8;155;1;2.92;4.48;1,424;916;235;20,029;8,648;697;651,912;475;14;;12;697;0.01;8%;2.54;43%;;;2;21;7,068;63%;21;14,768;36;26;15;01:17;8;19;11;0.22;10.53;4.43;00:27;8.95;17.26;26.84;12,289.71;559;5;38;41;53;132;16;11 hours;53;32;24:27;01:28:29;61%;4;6;3;18;
SNAKE714;3590;182;9;105;;2.83;4.91;986;562;96;17,612;9,742;328;626,419;392;9;;;328;0.01;3%;6.24;55%;;;3;23;13,884;66%;23;24,320;54;34;19;02:25;5;28;9;;4.26;2.59;00:53;10.57;15.16;26.6;16,900.59;158;;28;30;50;108;11;8 hours;37;14;33:17;34:36;37%;4;7;0;23;
SpanishK;2586;23;5;4;1;0.6;3.46;181;131;50;2,105;1,056;108;77,897;75;;;;108;0.02;10%;2.35;50%;;;;17;4,219;61%;17;9,815;23;17;13;01:04;7;20;10;0.15;11.59;7.52;00:42;11.29;19.72;27.25;11,730.16;77;;6;6;4;15;;1 hour;7;3;04:45;11:57;45%;;2;;4;
Spuggtaztic;3000;;;;;;2.5;2;2;;114;56;;4,186;;;;;;0;1%;0.33;49%;;;;2;1,972;60%;2;2,214;2;2;;00:09;;;;;15;;00:24;2.5;5;5;10,466.22;6;;0;0;1;1;;5 minutes;0;;00:09;;;;;;0;
STOP_iseGamin_tv;3049;;;;;2.39;;2;;;201;41;2;3,234;;;;;2;0;4%;0.5;20%;;;;;1,705;;1;2,748;2;;;00:09;;2;2;;9.56;;00:25;;;4.78;7,736.24;4;;0;;0;1;;4 minutes;0;;00:10;;;;;;0;
stormavatar;4579;132;14;86;1;3.25;4.99;766;476;122;8,360;4,678;299;331,025;244;9;;3;299;0.01;6%;3.66;55%;;;3;27;7,674;68%;27;23,183;46;32;20;01:44;9;17;10;0.11;7.9;4.61;00:44;9.22;17.99;28.96;12,515.83;209;;19;30;24;73;9;5 hours;26;21;19:33;53:20;79%;3;7;1;5;
STRATO-ARCTICA;2431;3;3;2;;;2.09;;;;;;;12,927;;;;;9;;;;53%;;;;;;;;6,225;13;9;;;;7;6;;;;;;6.99;12.58;9,037.5;6;;;;0;5;;10 minutes;;;;00:44;69%;;2;;0;
subzilllaa;3496;1,159;19;1,528;;7.3;5.54;5,513;3,656;1,188;70,617;31,883;1,835;2,320,976;1,761;101;;20;1,835;0.01;5%;2.53;45%;;;23;20;7,323;81%;20;20,184;55;34;24;02:06;12;22;11;0.09;10.39;5.68;00:28;8.42;17.48;26.36;11,098.58;2,174;19;131;173;200;504;50;43 hours;209;108;01:38:48;06:05:38;51%;5;21;13;88;
SugahFree;3000;114;10;34;1;1.14;3.83;1,011;677;249;10,554;5,734;493;380,938;394;6;;;493;0.02;8%;7.11;54%;;;14;23;7,632;63%;23;19,227;52;36;28;01:17;15;32;12;0.03;4.78;8.38;00:35;13.26;22.79;34.04;12,827.18;142;;16;11;64;91;20;5 hours;30;20;17:22;01:34:11;68%;4;4;0;9;
swagboy1235;0;7;5;14;;13.22;6.61;29;22;7;482;203;5;12,138;18;;;;5;0;2%;1.93;42%;;;;7;2,926;43%;7;7,843;17;13;10;01:21;5;3;2;;14.17;6.61;01:52;17;20.78;27.4;11,469.94;15;;1;1;1;4;;15 minutes;1;;01:59;05:54;;4;10;;1;
Swegg-Lawdd;0;36;5;33;1;3.85;4.2;173;105;19;3,072;1,288;70;92,904;55;2;;;70;0.01;5%;2.36;41%;;;;11;6,316;52%;11;15,311;23;15;9;01:11;4;15;12;0.11;8.52;2.21;00:26;6.42;12.25;20.19;10,845.25;73;;6;6;6;19;2;1 hour;9;6;03:49;02:38;69%;3;5;;3;
SwiperThe1;4252;14;3;12;1;1.24;1.45;236;129;46;3,101;1,354;107;95,147;73;;;;107;0.01;7%;2.31;43%;;;3;14;3,820;58%;14;12,359;30;18;16;00:55;9;15;8;0.1;10.57;4.76;00:24;7.56;13.37;24.46;9,863.28;102;;8;3;4;16;2;1 hour;10;8;03:53;06:59;82%;;3;0;2;
T4nh3ngz;3751;60;7;58;1;2.01;2.08;772;410;90;9,045;3,965;234;278,466;207;4;;3;234;0.01;5%;5.43;43%;;;8;20;5,321;57%;20;15,972;48;25;15;01:02;8;14;9;0.1;4.92;3.12;00:23;7.18;14.23;26.8;9,667.25;142;;24;28;16;68;7;4 hours;29;27;11:19;41:27;94%;3;9;;2;
Taimbot;3653;54;4;17;1;0.85;2.71;509;318;90;6,073;3,138;236;239,267;187;;;3;236;0.01;7%;2.38;51%;;;3;13;6,230;63%;13;19,010;42;29;30;02:36;9;19;9;0.15;10.72;4.53;00:56;9.41;16.01;25.63;12,050.37;213;6;15;20;22;58;5;4 hours;20;10;18:39;30:39;52%;3;3;0;9;
teehtf;4293;131;12;165;;4.57;3.63;1,012;581;115;13,745;6,062;389;420,285;318;6;;9;389;0.01;6%;3.28;44%;;;2;18;8,878;100%;18;22,311;50;31;17;02:16;7;20;9;0.24;8.53;3.18;00:46;8.81;16.1;28.04;11,648.14;308;7;30;40;32;102;8;7 hours;36;28;27:46;51:57;78%;4;11;1;7;
ThatOneSnooron;3600;10;4;2;;0.55;2.78;64;33;10;934;413;17;31,111;22;;;2;17;0;4%;1.82;44%;;;;9;2,855;53%;9;12,019;27;14;9;01:36;4;7;2;0.55;9.74;2.78;01:01;6.12;9.19;17.82;8,665.9;35;2;2;;;2;;37 minutes;4;4;03:39;02:06;100%;3;2;
THE_FAT555;;2;;7;;3.03;0.86;29;20;12;358;147;10;9,333;5;;;;10;0;6%;2.41;41%;;;;6;1,428;42%;6;3,295;13;12;3;00:15;10;4;2;;5.19;5.19;00:09;2.16;8.66;12.56;4,042.52;12;;1;3;1;6;;17 minutes;2;2;00:22;00:20;74%;;5;;1;
TheBritishMoo;2638;12;6;3;;1.36;5.45;51;36;4;716;359;37;26,164;29;;;;37;0.02;10%;1.88;50%;;;;9;2,734;68%;9;10,517;19;12;12;00:39;2;10;6;;12.26;1.81;00:44;13.17;16.35;23.17;11,888.65;27;;3;3;2;8;;26 minutes;2;0;01:37;08:16;14%;;2;1;1;
TheCryokinetic;3743;153;15;134;1;6.14;7.01;836;600;178;9,528;5,028;329;371,159;244;16;;5;329;0.01;6%;3.69;52%;;;8;24;9,187;65%;24;26,708;61;44;24;00:51;18;29;10;0.22;10.36;8.16;00:26;11.19;27.52;38.34;17,025.32;226;5;7;17;36;60;15;4 hours;22;16;09:31;01:31:10;74%;4;11;1;4;
TheCycl3Path;3000;44;6;59;1;7.14;5.32;278;186;41;2,670;1,497;93;107,241;96;5;;2;93;0.01;6%;2.92;56%;;;7;20;8,823;68%;20;12,549;40;28;12;00:48;6;15;6;0.24;11.5;4.96;00:37;11.62;22.52;33.66;12,987.92;95;;5;6;13;23;;1 hour;8;5;05:12;24:53;65%;3;12;1;2;
TheRagerGamer;3991;282;8;138;1;1.85;3.78;1,896;1,164;330;23,465;10,350;749;764,553;615;18;;8;749;0.01;7%;3.08;44%;;;;22;6,522;65%;22;15,350;46;30;18;01:46;11;26;9;0.1;8.25;4.43;00:27;8.26;15.64;25.47;10,273.73;614;13;53;69;56;177;12;15 hours;74;41;34:26;01:21:29;55%;4;9;1;32;
Thirsty_Cat;0;82;8;85;;4.97;4.79;431;268;71;6,337;3,290;178;228,855;140;7;;;178;0.01;5%;3.01;51%;;;;28;8,252;69%;28;22,244;32;20;16;01:19;7;15;11;;8.36;4.15;00:28;8.19;15.67;25.21;13,388.45;143;;10;13;22;44;7;3 hours;17;6;08:05;28:41;33%;4;9;;11;
timohilde86;3478;8;2;13;;3.46;2.13;67;27;6;892;436;15;28,079;22;;;;15;0;3%;2.57;48%;;;;9;3,364;59%;9;9,621;21;7;7;00:35;3;6;5;;6.92;1.59;00:30;5.86;7.19;17.85;7,481.74;26;;3;2;1;6;;40 minutes;4;4;01:54;00:03;93%;;5;;0;
tinysparkles;3258;63;5;67;1;4.42;4.16;358;229;60;5,022;2,224;103;157,810;124;2;;2;103;0;4%;1.59;44%;;;;11;3,372;53%;11;8,835;27;16;9;00:54;6;10;6;0.13;14.8;3.96;00:38;8.19;15.13;23.66;10,430.24;224;;12;13;7;32;;3 hours;15;4;09:37;12:57;28%;3;6;0;11;
tomidaiki;2827;;;;;2.01;2.01;4;2;;132;57;6;4,423;3;;;;6;0.01;10%;0.44;43%;;;;2;1,904;45%;2;2,471;2;;2;00:15;;4;2;;18.16;;00:33;6.05;4.03;8.07;8,926.02;9;;;;0;0;;8 minutes;0;0;00:16;;34%;;;;0;
towearacrown;0;81;9;138;;7.3;4.28;621;412;119;9,023;4,784;194;325,753;206;6;;2;194;0.01;4%;4.28;53%;;;;18;7,740;70%;18;31,021;55;38;28;01:37;11;22;7;0.1;7.67;6.29;00:39;10.9;21.81;32.87;17,245.49;145;2;6;18;28;52;7;4 hours;19;10;12:33;44:11;54%;4;16;;9;
Uryu_CsP;4529;237;9;135;;2.91;5.11;1,461;964;305;14,869;8,418;650;625,411;442;12;;;650;0.01;7%;2.73;56%;;;2;19;7,027;72%;19;14,197;37;24;14;00:57;11;30;13;;11.55;6.58;00:26;9.54;20.81;31.54;13,503.54;535;10;25;33;78;136;9;10 hours;46;33;20:44;01:48:51;71%;5;8;3;11;
vansama813;2031;;;;;;3;2;;;128;30;2;2,261;;;;;2;0;6%;0.4;23%;;;;;858;;1;2,261;2;;;00:14;;2;;;15;;00:43;3;3;6;6,784.85;5;;1;0;0;2;;5 minutes;0;;00:14;;;;;;0;
VayneHelsing;2898;;;2;;10.76;;;;;;;;1,753;;;;;3;;;;36%;;;;;;;;1,753;;2;;;2;3;3;;16.15;10.76;;;10.76;10.76;9,436.24;3;;;0;;1;;2 minutes;0;;;;;;2;;0;
vichda;3343;72;7;116;1;7.14;4.43;315;197;63;4,957;1,727;52;119,545;134;3;;2;52;0;3%;1.22;34%;;;3;9;2,441;61%;9;8,562;33;22;20;01:37;7;5;3;0.12;15.83;3.88;00:58;8.25;12.13;19.4;7,364.93;257;5;19;9;2;30;;3 hours;16;7;15:55;08:40;40%;3;16;;10;
Vince-F95Gunners;3049;986;16;1,761;;8.24;4.61;5,381;3,417;1,121;66,784;34,674;971;2,289,119;2,060;63;;;971;0;2%;2.27;51%;2;6;85;21;5,836;100%;21;21,325;55;37;31;02:19;15;16;8;;11.09;5.25;01:01;9.65;16;25.2;10,723.84;2,368;22;179;186;174;538;46;45 hours;213;82;03:37:17;05:37:50;38%;5;19;11;120;
Vintagesole;2785;4;4;2;;3.92;7.85;12;7;2;148;71;;5,414;7;;;;;0;1%;1.71;47%;;;;6;1,920;55%;6;4,999;10;6;6;00:27;;;;;13.75;3.92;00:57;13.75;13.75;23.57;10,637.35;7;;;1;0;1;;6 minutes;1;;00:29;01:57;;3;2;;1;
VoSnYb;3961;;;4;;3.99;0.99;12;10;2;225;97;6;6,702;3;;;;6;0;6%;1.33;43%;;;;7;2,483;43%;7;6,702;12;10;3;00:25;2;6;3;;8.99;1.99;00:25;2.99;9.99;11.99;6,701.53;9;;2;;;2;;10 minutes;1;;00:25;01:29;;;4;;1;
Wan-0-War;4202;5;2;13;1;9.29;3.57;53;38;15;469;249;14;18,364;11;;;;14;0.01;5%;4.07;53%;;;;12;3,348;55%;12;7,265;33;25;8;00:16;8;6;6;0.71;9.29;10.72;00:19;7.86;27.17;37.9;13,132.09;13;;1;1;3;4;;17 minutes;1;1;00:27;07:06;59%;;8;0;0;
wannchan_1208;3680;65;11;51;1;4.22;5.38;301;154;23;4,248;2,022;54;143,915;105;7;;2;54;0;2%;3.42;47%;;;;15;6,702;57%;15;22,935;32;16;15;02:23;5;7;4;0.16;7.28;1.9;00:39;8.69;12.75;24.92;11,917.09;88;;13;5;4;23;3;2 hours;12;9;07:53;15:54;71%;4;10;0;3;
WhiteRangerOwnz;1919;107;9;48;1;2.03;4.53;519;290;74;8,235;3,462;153;245,727;210;5;;2;153;0;4%;1.82;42%;;;4;15;8,424;58%;15;12,629;32;20;17;01:01;7;9;6;0.08;12.02;3.13;00:36;8.89;12.28;21.98;10,406.76;284;2;22;20;12;54;;5 hours;24;9;14:27;20:21;40%;4;3;1;13;
Wonga1963;3412;21;5;23;1;3.79;3.46;138;83;22;1,264;617;37;45,962;58;;;;37;0;5%;3.53;48%;;2;2;15;5,146;100%;15;6,598;23;17;12;02:06;5;9;4;0.16;6.43;3.62;01:01;9.56;13.69;22.76;7,581.08;39;2;6;2;5;13;;1 hour;6;4;06:09;06:57;72%;3;5;0;2;
x_CyberHunter_x;3000;20;7;36;;6.28;3.49;151;92;20;1,539;734;38;50,902;39;2;;;38;0.01;5%;3.35;47%;;;7;14;2,330;57%;14;9,688;24;19;11;00:49;7;7;4;;7.85;3.49;00:32;6.81;16.06;26.36;8,888.48;45;;5;3;5;13;;59 minutes;6;5;03:08;05:50;90%;5;7;;1;
xbLeU;0;667;14;658;;5.08;5.15;4,346;2,613;573;50,459;28,819;1,878;2,088,672;1,450;39;;22;1,878;0.01;6%;3.95;57%;;;8;21;8,388;73%;21;27,953;53;33;26;02:24;13;39;14;0.16;8.49;4.42;00:43;11.2;20.19;33.58;16,139.49;1,100;13;78;110;200;388;71;27 hours;129;92;01:33:10;05:43:00;71%;5;12;7;30;
XDaRkFlMeMaSteX;3020;5;5;;;;4.61;12;10;4;295;114;7;8,467;;;;;7;0;6%;1.09;38%;;;;5;2,422;42%;5;4,614;10;8;;00:47;3;4;2;;10.15;3.69;00:43;;9.23;11.07;7,817.76;11;;1;1;0;2;;13 minutes;1;;00:47;00:40;;3;;0;1;
Xecrets;3947;13;7;;;0.27;3.51;98;49;9;1,599;861;78;66,136;39;;;;78;0.02;9%;2.33;53%;;;3;18;7,665;56%;18;30,992;40;21;16;01:27;4;35;8;;11.35;2.43;00:51;10.54;13.25;26.5;17,888;42;;2;4;2;8;;54 minutes;4;1;03:09;02:48;32%;3;;;2;
XenomorphKiller6;0;14;4;21;;5.35;3.56;87;50;9;1,174;484;37;34,822;25;;;;37;0.01;7%;3.1;41%;;;;15;3,786;42%;15;7,450;27;17;7;00:20;4;11;4;;7.13;2.29;00:17;6.37;12.74;22.18;8,879.32;28;;1;3;5;9;;39 minutes;4;3;01:10;05:31;85%;;5;0;0;
xEuphoringxMK;;282;19;243;;4.76;5.52;1,647;1,110;371;18,434;9,133;796;685,918;698;21;;13;796;0.02;8%;2.75;49%;;3;15;17;5,483;78%;17;26,805;71;52;38;02:29;21;47;14;0.25;11.72;7.27;00:58;13.68;21.76;32.29;13,449.38;598;11;23;39;81;143;28;10 hours;51;30;50:02;02:54:34;58%;4;15;1;20;
xEvery_;0;221;14;288;1;7.15;5.48;1,152;727;165;15,413;8,100;309;536,519;369;18;;7;309;0.01;3%;4.66;52%;;;5;21;8,040;66%;21;18,608;47;27;19;02:27;8;16;8;0.17;6.13;4.09;00:33;9.16;18.05;28.61;13,327.76;247;;26;33;57;116;14;7 hours;40;33;22:19;01:39:48;81%;5;15;0;7;
xShotwell;3676;31;5;31;1;3.88;3.88;203;118;22;2,890;1,492;65;101,701;88;2;;;65;0;4%;2.11;51%;;;;14;4,934;53%;14;13,296;25;16;22;01:13;5;13;5;0.12;12.01;2.75;00:46;11.01;14.77;25.41;12,730.92;96;;9;7;7;24;;1 hour;8;4;06:11;04:37;51%;3;7;1;2;
XTheFunPolice;3517;11;4;25;;7.15;3.14;75;38;9;1,343;610;24;40,929;22;;;;24;0;3%;1.87;45%;;;5;13;4,153;52%;13;9,567;19;8;9;01:02;3;5;3;;11.44;2.57;00:42;6.29;10.87;21.46;11,712.81;40;;2;4;3;9;;41 minutes;3;1;02:27;04:18;39%;3;7;1;2;
xtrickharder_esp;3952;182;16;76;1;2.13;5.1;1,034;653;167;13,302;6,096;529;464,123;340;8;;2;529;0.01;8%;2.52;45%;;;5;15;6,144;60%;15;21,095;46;36;19;01:30;8;35;10;0.05;11.49;4.68;00:48;9.53;18.31;28.99;13,014.26;410;8;32;34;40;106;5;8 hours;36;21;28:43;01:11:17;57%;3;6;1;14;
XxDPROxSKILLZxX;0;35;5;28;1;2.82;3.53;246;149;49;3,362;1,478;116;108,929;86;2;;4;116;0.01;7%;2.32;43%;;;4;15;3,492;62%;15;9,294;36;17;15;00:52;7;11;5;0.4;10.7;4.95;00:30;8.68;15.05;24.85;11,005.35;106;3;7;10;10;27;;2 hours;10;6;05:00;15:32;56%;3;4;0;4;
Zealousx;3334;12;5;3;;1.59;6.38;36;25;7;701;337;11;24,600;15;2;;;11;0;3%;1.28;48%;;;;7;3,236;40%;7;7,492;11;8;5;00:19;2;5;3;;14.9;3.72;00:18;7.98;13.3;19.15;13,090.68;28;;2;2;2;6;;28 minutes;2;1;00:35;01:24;27%;3;2;0;1;
ZeeTee_;4127;387;17;264;1;3.82;5.6;1,986;1,218;321;30,860;14,100;989;999,688;615;33;;4;989;0.01;7%;2.72;45%;;;12;18;8,069;63%;18;28,083;55;30;23;01:14;10;29;13;0.05;10.56;4.64;00:28;8.9;17.63;28.75;14,474.44;730;6;31;45;103;178;23;15 hours;69;35;33:13;02:05:51;50%;4;11;4;30;
zwordz;4074;131;8;101;;3.3;4.29;752;452;96;11,389;5,297;242;365,150;307;9;;;242;0.01;4%;2.59;46%;;;;13;6,758;66%;13;18,473;34;24;18;02:00;7;23;10;;9.5;3.14;00:47;10.05;14.81;24.64;11,964.6;290;3;25;23;24;73;4;6 hours;31;15;24:01;41:54;49%;4;8;2;14;
