Username;SR;Players Resurrected;Players Resurrected - Most in Game;Melee Final Blow - Most in Game;Players Resurrected - Average;Eliminations;Final Blows;Solo Kills;Shots Fired;Shots Hit;Critical Hits;Damage Done;Objective Kills;Multikills;Environmental Kills;Melee Final Blows;Critical Hits;Critical Hits per Minute;Critical Hit Accuracy;Eliminations per Life;Weapon Accuracy;Healing Done;Teleporter Pad Destroyed;Turrets Destroyed;Offensive Assists;Self Healing;Eliminations - Most in Life;Damage Done - Most in Life;Healing Done - Most in Life;Weapon Accuracy - Best in Game;Kill Streak - Best;Damage Done - Most in Game;Healing Done - Most in Game;Eliminations - Most in Game;Final Blows - Most in Game;Objective Kills - Most in Game;Objective Time - Most in Game;Solo Kills - Most in Game;Offensive Assists - Most in Game;Critical Hits - Most in Game;Critical Hits - Most in Life;Self Healing - Most in Game;Melee Final Blows - Average;Self Healing - Average;Offensive Assists;Deaths - Average;Solo Kills - Average;Objective Time - Average;Objective Kills - Average;Healing Done - Average;Final Blows - Average;Eliminations - Average;Damage Done - Average;Deaths;Environmental Deaths;Medals - Bronze;Medals - Silver;Medals - Gold;Medals;Cards;Time Played;Games Played;Games Won;Objective Time;Time Spent on Fire;Win Percentage;Blaster Kills;Blaster Kills - Most in Game;Multikill - Best;Defensive Assists;Defensive Assists - Most in Game;Healing Done;Healing Done - Most in Game;Games Tied;Games Lost;Healing Done - Average;Defensive Assists - Average;Blaster Kills - Average;
aahmad3_3;2887;149;15;1;7.31;51;16;7;2,576;770;67;17,244;19;;;;67;0;8%;0.26;29%;221,356;;3;129;24,452;5;852;6,934;71%;5;2,437;18,375;8;3;3;02:29;2;23;9;9;2,323;0.04;1.58;;9.42;0.34;00:53;0.93;10,863.15;0.78;2.5;846.25;192;4;4;9;13;26;4;4 hours;20;10;18:02;14:20;50%;49;8;;300;29;221,356;18,375;2;8;10,863;15;2;
abra84kadabra;2388;225;8;;5.91;5;2;;456;154;13;3,208;;;;;13;0;8%;0.01;33%;353,968;;;50;33,761;;323;6,031;75%;1;509;13,683;;;;02:31;;4;5;5;1,463;;1.3;;7.57;0.02;00:45;;9,308.63;0.05;0.13;84.35;288;5;7;12;39;59;23;7 hours;38;21;29:08;29:02;55%;5;;;749;37;353,968;;3;14;9,309;20;0;
Actualsim;;4;3;;6.37;7;4;2;351;131;14;2,491;4;;;;14;0.03;10%;;37%;3,333;;3;;980;2;640;761;28%;2;1,831;2,472;4;2;3;00:18;;;9;9;646;;2.26;;11.16;3.18;00:46;6.37;5,315.77;6.37;11.16;3,972.54;7;;1;1;0;3;;7 minutes;1;;00:29;;;7;4;;5;4;3,333;;;1;5,316;8;11;
aisia121;4402;2;2;;9.07;;;;;;;;;;;;;;;;;668;;;2;71;;;668;;;;668;;;;;;2;;;71;;0.48;;4.53;;;;3,032.87;;;;;;;0;;0;;2 minutes;0;0;;;100%;;;;;;668;;;;3,033;5;
AkimboMistiK;4291;7;6;;2.81;12;4;;232;64;7;1,252;5;;;;7;0;10%;0.92;27%;9,557;;;26;1,024;5;577;2,420;45%;5;928;6,412;10;3;4;00:47;;17;5;4;778;;0.89;;5.22;;00:24;2;3,838.71;1.6;4.82;503.04;13;;3;2;;5;;19 minutes;2;2;01:00;01:01;97%;12;10;;32;22;9,557;;;0;3,839;13;5;
akira082219;0;146;15;;7.25;22;6;;1,009;247;10;5,172;9;;;;10;0;4%;0.1;24%;174,084;;;137;16,884;2;430;4,919;88%;2;629;15,071;3;;2;01:11;;24;2;2;1,364;;1.1;;9.99;0.04;00:36;0.44;8,653.17;0.29;1.09;257.06;201;;4;7;17;28;4;4 hours;20;9;12:11;19:09;45%;22;3;;246;30;174,084;990;1;10;8,653;12;1;
Akodak;3000;156;26;;11.73;23;5;;784;211;22;4,578;4;;;;22;0;10%;0.24;26%;100,723;;5;68;8,437;3;647;4,296;60%;3;1,237;13,572;4;2;;00:53;;8;6;3;1,384;;0.86;;7.14;;00:26;0.3;7,574.98;0.37;1.72;344.29;95;2;2;6;7;15;3;2 hours;13;4;05:49;32:41;33%;22;4;;172;22;100,723;;;9;7,575;13;2;
AllStatsDown;0;753;15;;9.69;253;105;22;12,243;3,242;257;67,857;69;;;8;257;0;7%;0.34;26%;704,911;;5;465;57,252;4;799;6,361;65%;4;2,236;14,278;7;4;4;00:53;2;14;10;9;1,569;0.1;0.91;;9.44;0.28;00:19;0.88;9,074.26;1.35;3.25;873.51;734;2;17;40;45;101;12;17 hours;78;42;25:18;01:24:41;54%;252;7;3;949;21;704,911;;3;32;9,074;12;3;
amako193;2207;2;2;;3.55;2;;;115;30;8;705;;;;;8;0.02;26%;0.33;26%;2,713;;;3;365;2;500;1,693;24%;2;620;1,969;2;;;00:01;;3;6;4;282;;1.15;;10.65;;00:04;1.77;4,816.62;;3.55;1,251.72;6;;1;;0;1;;5 minutes;1;0;00:02;;26%;2;2;;7;5;2,713;;;0;4,817;12;4;
AmaZem-;;33;14;1;9.81;13;4;;328;90;12;1,911;8;;;2;12;0;13%;0.52;27%;36,188;;;56;3,498;6;670;4,627;57%;6;1,050;13,370;11;2;8;01:32;;19;10;8;1,485;0.59;1.01;;7.43;0.29;01:10;2.37;10,759.39;1.18;3.86;568.04;25;;;2;2;3;;57 minutes;3;2;03:57;02:14;45%;13;11;3;77;30;36,188;;;2;10,759;23;4;
Angel_L_AssAssin;3749;195;15;;6.97;100;27;6;3,452;743;63;16,587;38;;;4;63;0;8%;0.47;21%;241,369;;;258;26,457;9;771;4,940;66%;9;1,537;20,927;10;6;5;02:41;;29;8;5;1,968;0.14;1.29;;7.58;0.21;01:06;1.35;8,635.41;0.96;3.57;593.43;212;;8;17;13;38;13;5 hours;28;17;30:58;30:40;59%;95;10;4;462;43;241,369;20,927;1;10;8,635;17;3;
AngelaZiegler_;;96;13;;6.4;8;2;;199;46;;1,259;4;;;;;0;2%;0.06;23%;139,581;;;62;13,219;2;220;4,591;55%;2;250;17,483;2;;;01:20;;11;;;1,628;;1.25;;7.8;;00:35;0.26;9,305.42;0.13;0.53;83.93;117;;;;13;13;10;2 hours;15;5;08:51;19:51;33%;7;2;;281;38;139,581;;1;9;9,305;19;0;
angels_fan_44;2127;9;3;1;4.91;17;4;2;989;396;24;8,153;6;;;;24;0.01;6%;0.62;40%;12,908;;;8;2,271;3;1,240;2,868;45%;3;2,215;7,926;6;2;3;00:25;;5;8;7;1,643;0.54;1.42;;14.74;1.09;00:38;3.27;7,049.3;2.18;9.28;4,452.1;27;;1;1;2;4;;26 minutes;2;0;01:10;;4%;17;6;;13;6;12,908;7,926;1;1;7,049;7;9;
aniotades;;11;7;;14.12;;;;12;5;;100;;;;;;;;;41%;11,010;;;3;314;;100;2,674;;;100;7,461;;;;00:14;;3;;;161;;0.38;;16.69;;00:32;;14,143.05;;;128.45;13;;0;1;1;2;;13 minutes;1;0;00:25;00:49;35%;;;;23;12;11,010;;;1;14,143;30;
APurplePanduh;4021;4;3;;4.79;;;;64;19;;532;;;;;;0;5%;0.25;29%;6,541;;;5;464;;282;2,049;30%;1;502;2,601;;;;00:14;;4;;;325;;1;;4.79;;00:23;;7,834.58;;1.19;637.2;4;;0;1;1;2;;7 minutes;1;1;00:19;00:40;62%;;;;15;8;6,541;;;0;7,835;18;1;
Arash1994;0;86;8;1;3.75;54;19;3;1,813;401;36;8,609;14;;;;36;0;8%;0.67;22%;143,806;;;160;16,151;6;779;4,980;66%;6;996;11,545;12;3;4;01:20;;13;10;10;1,863;0.04;1.32;;3.49;0.13;00:34;0.61;6,275.03;0.82;2.35;375.67;80;;6;12;15;33;13;3 hours;23;21;13:10;13:33;92%;54;12;;336;23;143,806;4,517;;2;6,275;15;2;
ATLXyphes;3256;8;8;;7.99;;;;49;5;2;128;;;;;2;0;40%;0.2;10%;9,175;;;16;788;;128;3,140;10%;1;128;9,175;;;;00:58;;16;2;2;788;;1.07;;4.99;;00:58;0.99;9,174.92;0.99;0.99;127.76;5;;;;1;1;;12 minutes;1;1;00:58;01:30;100%;;;;28;28;9,175;;;;9,175;28;1;
AWolfySalvation;;97;13;;4.75;15;5;;766;283;17;5,444;8;;;;17;0;6%;0.08;36%;192,710;;;66;20,276;2;940;9,051;68%;2;1,275;16,387;4;3;3;01:43;;22;8;3;2,405;;1.49;;8.48;0.04;00:43;0.39;9,456.43;0.24;0.73;267.13;173;5;1;2;20;23;16;3 hours;20;10;14:49;07:56;49%;15;4;;352;49;192,710;;3;8;9,456;17;1;
BEBOFLOW-PR;0;251;12;1;6.66;55;10;2;4,154;794;78;17,289;21;;;;78;0;9%;0.15;19%;332,982;;2;292;34,322;6;2,061;4,047;92%;6;2,631;12,080;7;2;6;01:29;;16;13;9;1,139;0.02;1.18;;9.28;0.05;00:40;0.55;8,836.46;0.26;1.45;458.79;350;2;8;21;22;51;11;8 hours;38;18;25:43;25:41;48%;55;7;;524;25;332,982;4,120;2;17;8,836;14;1;
beckkyyy-;;409;14;;5.95;82;15;6;4,354;1,313;89;26,080;34;;;;89;0;6%;0.12;30%;548,902;;3;515;50,561;4;620;6,388;100%;4;1,292;15,300;6;2;3;02:31;;24;9;4;1,675;;0.98;;9.19;0.08;00:35;0.49;7,988.87;0.21;1.19;379.57;632;7;8;23;56;87;24;14 hours;69;29;40:54;04:53;42%;82;6;;991;26;548,902;13,011;3;36;7,989;14;1;
BEN-B-en;0;146;10;;6.8;9;2;;828;251;14;5,278;3;;;;14;0;5%;0.05;30%;232,868;;;26;18,904;2;603;4,406;84%;2;670;17,062;3;;;01:33;;3;6;3;1,025;;1.22;;7.83;;00:47;0.13;10,861.4;0.09;0.41;246.17;168;3;5;9;14;28;8;4 hours;21;8;16:57;07:05;38%;9;3;;318;18;232,868;8,148;0;13;10,861;15;0;
BhaagMilkhaBhaag;3000;7;7;;11.68;;;;25;6;;140;;;;;;0;16%;0.33;24%;8,659;;;;846;;140;3,438;;1;140;8,659;;;;01:15;;;;;846;;2.03;;5;;02:05;1.66;14,450.46;;1.66;233.64;3;;1;;1;1;;6 minutes;1;;01:15;04:15;;;;;17;17;8,659;;;1;14,450;28;2;
bhmazz;0;1,842;20;;6.3;1,074;349;68;48,539;11,756;1,184;255,648;434;2;;32;1,184;0;10%;0.37;24%;2,492,615;;12;755;284,954;7;1,745;9,150;100%;7;4,216;21,254;13;7;9;02:53;3;23;19;14;3,012;0.1;1.3;;9.91;0.23;00:48;1.48;8,537.82;1.19;3.67;875.65;2,894;34;69;99;199;367;107;60 hours;292;136;03:55:57;02:34:05;46%;1,064;13;3;4,498;42;2,492,615;21,254;18;138;8,538;15;4;
BlaZe-ZinG;;;;;6.58;;;;48;6;;140;;;;;;0;16%;;12%;1,930;;;2;396;;140;1,576;12%;;140;1,930;;;;00:01;;2;;;396;;2.79;;13.17;;00:11;;12,713.41;;;922.27;2;;;0;;0;;2 minutes;0;;00:01;;;;;;2;2;1,930;;;0;12,713;13;
BloodHoundHD;4028;1,157;16;1;9.02;463;137;32;23,377;6,351;479;132,046;120;;;11;479;0;7%;0.47;27%;1,182,192;;7;435;100,507;8;1,636;8,507;73%;8;4,068;19,836;19;9;8;02:14;3;15;15;12;2,710;0.08;1.06;;7.65;0.24;00:29;0.93;9,219.89;1.06;3.61;1,029.82;981;7;17;42;89;147;42;26 hours;128;48;01:02:07;53:46;37%;461;19;3;1,609;29;1,182,192;11,027;4;76;9,220;13;4;
Blota_Skoles;3358;814;19;1;8.97;50;21;;1,353;455;35;10,012;30;;;;35;0;7%;0.05;33%;985,956;;;922;78,338;3;462;6,239;100%;3;578;19,618;3;3;3;02:13;;31;6;5;2,059;0.01;1.05;;9.64;;00:48;0.33;10,872.12;0.23;0.55;110.39;875;11;25;31;61;117;45;20 hours;91;43;01:12:59;01:48:36;47%;50;3;;1,651;40;985,956;18,891;6;42;10,872;18;1;
blueschopper0628;1959;115;10;;5.8;18;9;;1,065;268;25;5,503;6;;;;25;0;9%;0.08;25%;155,041;1;2;79;19,400;4;521;4,712;100%;4;1,178;13,050;6;4;2;02:19;;12;6;4;1,532;;1.38;;10.95;0.05;00:51;0.3;7,823.67;0.45;0.9;277.69;217;;7;9;12;28;4;3 hours;20;5;16:59;05:51;24%;18;6;;252;24;155,041;;;15;7,824;13;1;
BobbysWorldGamer;2493;1,007;18;1;7.58;406;118;13;17,924;5,262;442;110,292;159;;;4;442;0;8%;0.33;29%;1,171,461;;10;159;118,989;8;1,416;5,880;100%;8;3,850;18,873;23;7;9;02:26;2;7;21;14;2,100;0.03;1.18;;9.08;0.09;00:44;1.19;8,820.35;0.88;3.05;830.42;1,207;3;27;27;113;167;57;27 hours;133;49;01:37:52;01:42:27;36%;402;23;3;2,186;52;1,171,461;;16;68;8,820;16;3;
BONBISH;3415;456;23;1;7.86;232;73;16;8,110;3,054;271;63,443;90;3;;;271;0;8%;0.4;37%;538,548;;5;127;50,374;7;1,611;6,451;100%;7;4,638;15,490;12;5;6;01:53;2;12;23;13;1,906;0.01;1.19;;9.91;0.27;00:32;1.55;9,285.78;1.25;4;1,093.89;575;4;15;26;39;80;26;11 hours;58;22;31:32;01:06:54;37%;232;12;3;855;28;538,548;6,821;3;33;9,286;15;4;
boneh;4051;7;5;;4.05;4;;;151;48;4;1,005;3;;;;4;0;8%;0.5;31%;9,064;;;6;523;2;545;1,950;;2;1,005;4,820;4;;3;00:31;;5;4;3;322;;0.68;;4.63;;00:25;1.73;5,252.83;0.57;2.31;582.51;8;;2;1;;3;;12 minutes;2;2;00:43;01:45;100%;4;4;;26;14;9,064;;;;5,253;15;2;
Buahahahaha;2770;2,235;19;;7.06;76;29;11;3,234;948;104;20,154;12;;;;104;0;10%;0.02;29%;2,824,232;;6;1,569;251,206;2;566;6,712;100%;2;953;21,468;5;2;;02:53;2;27;7;5;2,195;;1.06;;9.19;0.03;00:46;0.03;8,929.58;0.09;0.24;63.72;2,908;45;39;85;248;372;155;65 hours;316;138;04:02:53;03:32:42;43%;75;5;;5,012;52;2,824,232;;25;154;8,930;16;0;
bub_THe-_-Gr8;;3;3;;6.29;2;;;68;16;;624;;;;;;0;6%;0.28;23%;3,862;;;6;823;;420;2,082;;1;624;3,611;2;;;00:40;;5;;;747;;2.16;;14.69;;01:30;;8,110.09;2.09;4.19;1,311.12;7;;;0;1;1;;6 minutes;0;0;00:43;;12%;2;2;;7;5;3,862;;;0;8,110;15;4;
bullet-toes;2858;22;9;;6.6;5;;;325;140;11;2,680;;;;;11;0;7%;0.16;43%;29,639;;;6;2,015;;436;4,287;92%;1;1,186;10,103;2;;;00:50;;2;8;3;504;;0.94;;9;0.3;00:48;0.3;8,893.15;0.3;1.5;803.99;30;;1;1;3;5;;35 minutes;3;1;02:42;00:55;24%;5;2;;50;15;29,639;;0;2;8,893;15;2;
BunnyFuufu;3926;2;2;;3.44;5;2;;179;69;2;1,427;;;;;2;0;2%;5;38%;2,331;;;;372;4;942;1,484;38%;4;1,427;2,331;5;2;;00:08;;;2;;372;;1.49;;1.72;1.72;00:14;;4,010.16;3.44;8.6;2,455.18;;;;1;;1;;4 minutes;1;1;00:08;;100%;5;5;;6;6;2,331;;;;4,010;10;9;
burntlasagna;3052;;;;5.58;;;;;;;;;;;;;;;;;891;;;;40;;;371;;;;891;;;;00:04;;;;;40;;0.27;;22.33;;00:23;;4,976.15;;;;4;;0;;0;0;;2 minutes;0;;00:04;;;;;;;;891;;;0;4,976;
chefskywalker420;3558;13;6;;5.81;6;2;;235;77;2;1,298;4;;;;2;0;2%;0.21;32%;16,769;;;6;1,841;2;669;2,600;43%;2;803;6,418;4;2;3;01:12;;5;;;881;;1.05;;12.52;;00:38;1.78;7,499.32;0.89;2.68;580.27;28;;1;0;3;4;;29 minutes;2;0;01:25;00:31;12%;6;4;;30;15;16,769;;;2;7,499;13;3;
Chewdle;3693;10;7;;4.96;;;;88;29;7;674;;;;;7;0;24%;0.06;32%;10,392;;;75;1,480;;595;1,821;50%;1;614;5,866;;;;00:43;;64;7;7;917;;0.87;;7.94;;00:39;;5,161.71;0.49;0.49;334.99;16;;1;2;0;3;;28 minutes;2;2;01:20;02:09;100%;;;;34;23;10,392;;;;5,162;17;0;
Chinmokunouta;;182;16;;6.76;26;7;;1,498;386;31;8,071;13;;;;31;0;8%;0.2;25%;236,227;;;286;16,772;2;555;5,424;69%;2;888;15,842;5;2;3;02:04;;24;5;4;1,519;;0.94;;4.83;0.03;00:40;0.48;8,777.74;0.26;0.96;299.88;130;;6;7;29;42;11;4 hours;27;24;18:14;44:45;87%;25;5;;458;27;236,227;;1;3;8,778;17;1;
Chuni-Byo;0;108;8;;8.5;10;3;;560;157;8;3,935;5;;;;8;0;5%;0.09;28%;143,110;;;78;13,116;3;480;5,550;52%;3;500;10,966;3;;2;01:36;;11;3;3;1,025;;1.33;;8.58;;00:51;0.39;11,265.94;0.23;0.78;309.79;109;;4;8;12;24;;2 hours;13;5;10:49;08:25;41%;10;3;;177;18;143,110;3,717;2;6;11,266;14;1;
Cinnabon_Man;;11;5;;7.58;8;;;158;69;2;1,327;3;;;;2;0;2%;0.72;43%;13,580;;;6;1,545;3;475;2,203;41%;3;735;5,965;3;;;01:11;;5;;;848;;1.73;;7.58;;01:11;2.06;9,358.19;0.68;5.51;914.45;11;;2;1;2;4;;14 minutes;1;1;01:43;01:11;49%;8;3;;17;12;13,580;;;1;9,358;12;6;
CrispeChris;3343;98;9;;7.33;12;3;;641;138;18;3,334;3;;;;18;0;13%;0.15;21%;111,427;;;143;8,765;2;334;5,935;62%;2;610;11,132;2;;;01:03;;22;7;5;914;;1;;5.68;;00:43;0.22;8,334.36;0.22;0.89;249.38;76;;3;7;7;16;7;2 hours;13;11;09:39;20:40;82%;12;2;;264;33;111,427;;1;1;8,334;20;1;
CW-punchL1nez;2903;8;8;;7.2;3;;;60;14;3;305;;;;;3;0;21%;0.27;23%;12,186;;;4;799;2;80;3,233;;2;305;10,427;3;;;01:16;;2;3;;642;;0.74;;9.9;;01:57;0.9;10,969.1;;2.7;274.53;11;;;;1;1;;17 minutes;1;0;02:10;00:20;27%;3;3;;31;23;12,186;;1;0;10,969;28;3;
cyber_animaI;4399;17;12;1;7.82;8;8;;207;68;10;1,472;;;;;10;0;14%;0.47;32%;27,900;;;;2,271;7;860;4,607;;7;860;14,382;7;7;;00:28;;;8;7;1,716;;1.22;;7.82;;00:29;;12,836.98;3.68;3.68;677.19;17;;;1;2;4;;30 minutes;2;;01:03;02:57;18%;7;6;;41;19;27,900;;0;2;12,837;19;3;
CyberBuIIying;4034;17;6;;4.43;23;4;2;840;181;13;4,218;11;;;;13;0;7%;0.79;21%;32,387;;;32;3,025;4;845;2,372;33%;4;1,895;8,726;7;2;6;01:06;;12;4;3;1,013;;1.21;;7.55;0.52;00:34;2.86;8,442.57;1.04;5.99;1,099.61;29;;2;1;4;7;3;41 minutes;4;4;02:11;00:54;100%;22;7;;58;17;32,387;;;;8,443;15;6;
Daralys;;27;8;;3.09;22;5;;1,219;427;36;7,803;14;;;;36;0;8%;0.4;35%;68,020;;;28;7,420;3;685;4,019;50%;3;2,035;15,547;6;3;4;01:30;;7;9;5;1,413;;1.24;;6.3;0.11;00:47;1.6;7,803.1;0.57;2.52;895.11;55;;4;4;7;15;7;1 hour;9;6;06:56;06:47;68%;22;6;;118;26;68,020;;;3;7,803;14;3;
da-rhinoboy;;183;19;1;10.69;18;7;;463;135;15;3,048;4;;;;15;0;11%;0.14;29%;157,525;;;65;14,156;;315;4,503;61%;1;515;13,898;3;2;;01:23;;10;5;3;1,451;0.05;1.04;;7.47;;00:29;0.23;9,203.62;0.4;1.05;178.06;128;;4;5;13;21;8;3 hours;17;8;08:25;25:30;46%;18;3;;312;37;157,525;;;9;9,204;18;1;
DARK_ASSAS1NATOR;0;2;2;;3.11;;;;41;2;;60;;;;;;0;50%;;4%;6,642;;;;294;;60;6,642;4%;;60;6,642;;;;;;;;;294;;1.18;;;;;;10,337.65;;;93.38;;;1;;1;1;;4 minutes;1;1;;;100%;;;;4;4;6,642;6,642;;;10,338;6;
DEERc_;;906;14;1;8.79;238;66;12;14,663;4,169;285;89,490;97;2;;2;285;0;6%;0.36;28%;1,093,678;;9;116;88,395;7;2,785;10,128;100%;7;3,735;16,720;9;3;5;02:20;2;6;23;15;1,369;0.01;1.14;;6.3;0.11;00:57;0.94;10,619.09;0.64;2.31;868.9;649;3;16;33;79;128;35;21 hours;103;38;01:39:28;03:04:16;36%;235;9;4;1,679;38;1,093,678;;6;59;10,619;16;2;
Desterix_452;0;2;;;1.62;2;;;81;15;2;340;;;;;2;0;13%;2;18%;4,146;;;15;394;;280;2,106;22%;1;280;2,106;;;;00:14;;12;2;2;160;;0.9;;0.81;;00:16;0.81;3,365.5;;1.62;275.97;;;2;;2;4;;7 minutes;1;1;00:20;;100%;2;;;8;6;4,146;;;;3,366;6;2;
DEVIL_SHADOW_KSA;0;6;6;;14.33;2;;;60;32;2;650;;;;;2;0;6%;0.33;53%;2,794;;;8;127;;260;1,639;;1;650;2,794;2;;;00:01;;8;2;;127;;0.29;;14.33;;00:03;;6,676.18;;4.77;1,553.14;6;;0;0;0;0;;7 minutes;0;;00:01;;;2;2;;15;15;2,794;;;0;6,676;36;5;
D-fantasy_;2798;2;2;;4.45;;;;39;10;;160;;;;;;;;;25%;8,138;;;6;772;;160;5,350;;;160;8,138;;;;00:08;;6;;;772;;1.81;;6.68;;00:19;;18,121.3;;;356.28;3;;;0;0;1;;7 minutes;0;0;00:08;02:08;100%;;;;11;11;8,138;;;;18,121;24;
Diamondsdust_;0;95;9;;7.05;23;6;;817;258;20;5,181;12;;;;20;0;7%;0.23;31%;126,470;;;70;11,052;5;736;5,194;80%;5;981;13,570;6;3;5;02:23;;8;3;3;1,806;;1.21;;7.27;;00:59;0.89;9,392.58;0.44;1.7;384.77;98;;4;3;13;20;6;2 hours;13;7;13:17;06:30;53%;23;6;;219;23;126,470;6,025;1;5;9,393;16;2;
diegoperu2021;;12;8;;7.5;3;2;;162;65;9;1,268;;;;;9;0;13%;0.2;40%;11,436;;4;8;1,752;2;444;2,261;42%;2;848;7,124;3;2;;01:47;;5;8;7;1,050;;1.76;;9.37;0.62;01:30;;7,150.23;1.25;1.87;793.05;15;;;;3;3;;16 minutes;2;;02:24;;;3;3;;21;14;11,436;;;2;7,150;13;2;
DifferentD;3517;289;15;;7.98;109;32;;3,966;1,090;84;23,484;49;;;3;84;0;7%;0.32;27%;329,357;;;119;26,083;5;826;5,039;60%;5;1,842;14,135;10;6;7;01:28;;17;8;5;1,710;0.08;0.93;;9.31;0.02;00:35;1.35;9,100.18;0.88;3.01;648.86;337;2;9;14;22;45;12;7 hours;36;16;21:38;05:41;43%;101;10;;553;31;329,357;;1;20;9,100;15;3;
DigitalNex;3993;4;3;;3.1;11;3;;257;47;;1,243;3;;;;;0;2%;2.2;18%;8,769;;;7;974;4;360;2,560;25%;4;604;3,838;9;2;2;00:36;;5;;;700;;1.21;;3.88;0.77;00:36;2.33;6,816.37;2.33;8.55;966.37;5;;1;0;1;3;2;13 minutes;1;1;00:46;00:25;100%;11;9;;22;12;8,769;;;;6,816;17;9;
Divinity-X-;4070;17;6;;4.92;24;7;3;1,284;295;26;6,648;3;;;;26;0;8%;1.09;22%;25,941;;;16;1,651;12;2,328;2,445;28%;12;2,504;8,682;12;4;2;00:36;;7;10;6;653;;0.56;;6.37;0.86;00:19;0.86;7,519.31;2.02;6.95;1,926.9;22;;2;3;1;7;;48 minutes;3;3;01:06;00:20;84%;24;12;;44;21;25,941;2,679;;1;7,519;13;7;
Droxzio;3207;11;5;;5.66;5;;;163;72;6;1,624;;;;;6;0;8%;0.29;44%;15,047;;;8;1,560;3;475;2,704;95%;3;595;4,790;3;;;00:28;;5;4;4;469;;1.35;;8.76;;00:31;0.51;7,755.41;0.51;2.57;837.02;17;;2;1;1;5;;19 minutes;2;1;01:01;;52%;5;3;;19;6;15,047;4,790;;1;7,755;10;3;
DSZY;2443;65;6;;6.08;6;5;3;338;90;14;2,014;2;;;;14;0;15%;0.08;26%;92,030;;;62;9,552;2;389;6,469;45%;2;517;7,075;2;2;;01:11;;23;3;3;812;;1.37;;6.45;0.28;00:30;0.18;8,615.88;0.46;0.56;188.54;69;;3;3;9;16;2;1 hour;11;4;05:20;04:15;34%;6;2;;101;12;92,030;7,075;0;7;8,616;9;1;
DubiousGerbil;;28;12;;9.45;;;;6;5;;97;;;;;;;;0.03;83%;32,218;;;47;4,131;;97;3,381;83%;1;97;14,908;;;;01:23;;19;;;1,753;;1.62;;9.45;;00:51;;10,882.9;0.33;0.33;32.83;28;;0;1;2;4;;42 minutes;3;2;02:32;05:42;66%;;;;55;25;32,218;;;1;10,883;19;0;
DutchieSoInsane;2709;90;22;;8.18;3;;;75;38;6;784;3;;;;6;0;15%;0.03;50%;113,540;;4;5;9,729;2;250;6,117;100%;2;250;18,126;2;;2;02:21;;2;3;3;1,573;;1.27;;8.45;;01:22;0.27;10,326.74;0.09;0.27;71.27;93;;1;8;7;16;7;2 hours;11;6;15:07;23:11;53%;3;2;;202;32;113,540;688;;5;10,327;18;0;
eastcoastrider71;2494;1,023;14;;6.12;81;21;4;3,811;1,070;57;20,616;32;;;;57;0;5%;0.05;28%;1,399,683;;7;341;131,384;3;560;6,518;100%;3;1,014;16,376;6;2;4;03:17;;21;5;4;1,887;;1.09;;9.41;0.02;00:32;0.19;8,375.27;0.12;0.48;123.36;1,574;17;31;45;131;207;65;33 hours;167;69;01:31:41;43:30;41%;81;6;;2,477;34;1,399,683;16,376;10;89;8,375;15;0;
ecotaku;2368;385;12;;6.46;157;48;5;9,753;3,346;190;69,120;59;;;;190;0;5%;0.4;34%;488,690;;2;137;36,355;8;2,340;7,987;90%;8;3,401;19,130;9;3;6;02:28;;8;11;7;1,267;;0.96;;6.48;0.08;00:22;0.99;8,205.88;0.8;2.63;1,160.62;386;2;17;30;31;77;13;10 hours;60;22;22:30;07:25;36%;157;9;3;579;28;488,690;12,427;3;35;8,206;10;3;
elchinolatino;;;;;1.58;;;;6;3;;60;;;;;;;;;50%;4,697;;;22;505;;60;1,662;50%;;60;3,155;;;;00:34;;21;;;379;;0.87;;12.68;;00:54;;7,446.16;;;95.11;8;;1;0;;1;;9 minutes;1;0;00:34;;56%;;;;16;16;4,697;;;0;7,446;25;
eliizabethx;3614;726;16;1;8.37;101;23;3;3,140;1,012;78;19,865;61;;;;78;0;7%;0.14;32%;712,458;;;577;68,126;4;655;6,463;100%;4;1,197;15,111;5;3;5;01:26;;23;7;4;1,947;0.01;1;;7.87;0.03;00:33;0.7;8,218.39;0.26;1.16;229.14;683;;4;41;45;89;32;18 hours;87;49;47:45;01:35:06;56%;101;5;3;1,662;37;712,458;3,738;4;34;8,218;19;1;
eliteboy_1da;3003;351;13;;6.76;250;67;5;11,757;3,249;281;67,537;104;;;;281;0;8%;0.51;27%;407,883;;;252;49,543;9;1,838;4,454;75%;9;3,649;12,297;13;6;9;03:08;;24;15;11;1,770;;1.27;;9.27;0.09;00:42;2;7,866.19;1.29;4.82;1,302.47;481;3;20;30;30;79;10;10 hours;52;26;36:27;47:43;50%;250;13;;756;31;407,883;6,060;5;21;7,866;15;5;
emzy456;0;19;10;;13.31;2;;;239;66;2;1,281;;;;;2;0;3%;0.14;27%;13,136;;;5;910;;710;3,480;25%;1;846;6,777;;;;00:24;;4;;;602;;0.9;;9.8;;00:31;;9,202.58;0.7;1.4;897.4;14;;1;;2;3;;16 minutes;1;;00:44;03:51;;2;;;13;9;13,136;;;1;9,203;9;1;
entoe12;0;14;5;;5.6;;;;104;16;;485;;;;;;0;6%;;15%;31,346;;;7;2,523;;445;5,151;4%;;445;7,531;;;;00:58;;6;;;917;;1.36;;6.81;;00:53;;12,558.27;;;194.3;17;;0;2;1;3;;30 minutes;2;1;02:14;02:51;33%;;;;41;12;31,346;1,087;1;1;12,558;16;
Erenksk9;4169;;;;1.28;17;7;;505;144;28;3,372;3;;;;28;0.07;19%;3.4;28%;452;;;;324;6;1,226;142;28%;6;3,372;452;17;7;3;00:11;;;28;9;324;;0.88;;6.42;1.28;00:14;3.85;580.9;8.99;21.85;4,334.93;5;;;3;1;4;;6 minutes;1;1;00:11;01:36;100%;17;17;;;;452;;;;581;1;22;
EvanMario;4510;15;6;;5.46;18;7;;878;184;16;3,838;4;;;;16;0;8%;0.9;20%;21,540;;;16;1,581;6;1,098;2,544;36%;6;1,158;9,126;6;2;2;00:35;;7;6;5;607;;0.78;;7.29;;00:41;1.45;7,851.79;2.55;6.56;1,398.84;20;;3;1;0;5;;33 minutes;3;2;01:54;04:03;70%;18;6;;36;16;21,540;9,126;1;0;7,852;13;7;
Evilduck1903;2547;4;4;;4.87;;;;80;34;;665;;;;;;0;2%;0.07;42%;6,208;;;4;646;;225;1,233;57%;1;445;4,170;;;;00:20;;4;;;375;;1.07;;15.85;;00:25;;7,571.28;;1.21;811.05;13;;0;1;0;1;;10 minutes;1;;00:20;00:34;;;;;8;7;6,208;;;1;7,571;10;1;
Fade_BR;2818;100;13;;5.23;25;11;3;1,063;331;13;6,534;8;;;;13;0;3%;0.14;31%;164,390;;;46;16,496;2;422;4,811;75%;2;979;17,849;4;4;2;01:11;2;7;4;2;1,357;;1.25;;9.21;0.15;00:24;0.41;8,608.42;0.57;1.3;342.15;176;3;6;7;18;32;9;3 hours;19;7;07:54;04:12;34%;25;4;;255;20;164,390;;0;12;8,608;13;1;
Fairystinky;2101;39;6;;5.27;4;;;342;108;11;1,769;;;;;11;0;10%;0.06;31%;51,703;;;56;6,201;;406;4,408;95%;1;505;7,939;;;;00:25;;10;4;4;1,090;;1.26;;8.78;;00:22;0.13;6,986.73;0.13;0.54;239.07;65;;1;4;8;13;5;1 hour;7;2;02:47;02:55;31%;4;;;72;15;51,703;4,944;0;5;6,987;10;1;
fishlover267;2449;2;2;;11.27;;;;12;;;40;;;;;;0.01;100%;;8%;1,475;;;;189;;40;874;;;40;1,475;;;;;;;;;189;;1.95;;11.27;;;;8,317.55;;;225.49;2;;;0;0;0;;1 minute;0;;;;;;;;;;1,475;;;0;8,318;
Flown_Jebus;0;319;15;1;5.91;122;57;19;3,858;1,410;100;29,882;34;;;5;100;0;7%;0.45;36%;457,184;;3;504;42,635;5;865;6,044;82%;5;2,450;15,516;13;5;8;01:51;2;24;9;6;2,033;0.09;1.26;;4.94;0.35;00:31;0.63;8,474.93;1.05;2.26;553.93;267;7;21;20;42;83;38;9 hours;54;46;28:01;37:51;84%;117;12;;857;36;457,184;10,675;1;7;8,475;16;2;
FlyNameHere;2202;3;2;;2.98;;;;16;11;;200;;;;;;;;0.09;68%;2,766;;;6;561;;200;604;;1;200;1,848;;;;00:11;;4;;;208;;0.95;;10.93;;00:12;;2,748.37;;0.99;198.73;11;;1;2;1;4;;9 minutes;1;0;00:12;;3%;;;;5;3;2,766;;;1;2,748;5;1;
forrestsmith2;0;10;2;;2.72;9;;;722;239;20;4,972;5;;;;20;0;8%;0.25;33%;32,421;;;20;5,326;4;1,105;3,092;61%;4;1,555;7,544;4;;3;00:47;;4;11;10;1,070;;2.01;;9.54;0.27;00:21;1.36;8,837.89;0.27;2.45;1,355.37;35;;3;1;2;6;;44 minutes;4;3;01:17;;72%;9;4;;56;13;32,421;7,544;0;1;8,838;15;2;
fructoseghost;2653;2,866;18;1;7.41;781;282;33;23,941;8,219;452;163,630;255;;;9;452;0;5%;0.19;34%;3,790,185;1;19;704;374,477;6;1,207;7,287;100%;6;1,800;17,771;10;6;5;03:15;2;12;11;9;2,858;0.02;1.29;;10.16;0.08;00:46;0.65;9,806.15;0.72;2.02;423.35;3,929;23;62;79;334;474;237;80 hours;387;177;05:00:29;04:38:10;45%;780;10;3;6,851;48;3,790,185;16,225;34;175;9,806;18;2;
FvsNeLL;3451;3;3;;7.55;;;;;;;;;;;;;;;;;5,750;;;9;471;;;3,713;;;;5,750;;;;00:01;;9;;;471;;1.25;;7.55;;00:04;;14,473.14;;;;3;;;0;;0;;6 minutes;0;0;00:01;;100%;;;;10;10;5,750;;;;14,473;25;
Gandalion;0;18;5;1;4.7;11;3;;307;68;;1,391;4;;;;;;;0.5;22%;33,780;;;44;4,580;3;236;4,304;43%;3;586;5,808;6;2;3;01:01;;9;;;1,102;0.26;1.84;;5.75;;00:27;1.04;8,831.17;0.78;2.87;363.73;22;;2;2;3;7;;41 minutes;4;4;01:43;00:02;93%;10;5;;56;15;33,780;5,808;;0;8,831;15;3;
GatorChow;;8;7;;10.06;;;;69;15;;300;;;;;;;;;21%;7,291;;;8;755;;180;2,122;20%;;180;6,274;;;;00:40;;6;;;606;;1.17;;13.84;;01:02;;9,177.03;;;377.61;11;;0;;1;1;;10 minutes;1;0;00:49;00:45;13%;;;;11;9;7,291;;;1;9,177;14;
ginko_503;0;13;6;;7.41;;;;22;12;;214;;;;;;0;8%;0.07;54%;21,279;;;6;2,516;;129;7,710;;1;214;7,710;;;;00:21;;3;;;1,094;;2.03;;7.41;;00:34;0.57;12,137.02;0.57;0.57;121.87;13;;1;1;2;3;;20 minutes;2;1;01:01;;42%;;;;19;6;21,279;5,568;0;1;12,137;11;1;
GoldenBullet20;4287;23;6;1;4.92;14;3;;167;64;4;1,399;5;;;;4;0;6%;0.82;38%;25,125;;;52;2,047;6;528;3,342;55%;6;528;4,107;6;2;2;01:18;;17;2;2;515;0.21;0.76;;3.64;;00:53;1.07;5,380.22;0.64;2.99;299.67;17;;3;3;4;9;;44 minutes;5;4;04:08;02:47;89%;13;5;;64;16;25,125;;;1;5,380;14;3;
gorigori168;2130;5;3;;5.08;;;;3;2;;40;;;;;;;;;66%;6,667;;;2;519;;40;2,129;66%;;40;3,592;;;;00:13;;2;;;345;;1.01;;8.13;;00:13;;6,776.75;;;40.65;8;;3;1;1;4;;8 minutes;1;;00:13;;;;;;5;3;6,667;;;1;6,777;5;
Highlander_scott;4073;2;2;1;4.66;7;4;;139;54;3;1,173;4;;;;3;0;5%;1.4;38%;2,691;;;;234;3;387;767;41%;3;1,073;1,924;7;4;4;00:10;;;3;2;148;2.33;0.56;;11.66;;00:26;9.32;6,276.28;9.32;16.32;2,734.94;5;;0;1;0;1;;6 minutes;0;;00:11;;;7;7;;4;3;2,691;;0;0;6,276;9;16;
hiijle;0;629;18;;8.61;76;25;4;3,556;963;68;22,167;16;;;8;68;0;7%;0.12;27%;537,754;;2;761;50,748;4;595;5,128;70%;4;1,319;12,652;8;3;2;01:10;;29;4;4;1,283;0.1;0.92;;8.22;0.05;00:28;0.21;7,362.39;0.34;1.04;303.48;601;;19;31;45;95;11;15 hours;73;30;35:03;47:20;41%;62;7;;784;26;537,754;7,764;4;39;7,362;11;1;
HordesOfRaiders;2683;7;7;;24.34;;;;34;12;3;330;;;;;3;0.01;25%;;35%;2,510;;;;97;;230;1,266;;;330;2,510;;;;00:10;;;3;3;97;;0.39;;20.86;;00:37;;8,730.64;;;1,147.84;6;;;;0;0;;4 minutes;0;0;00:10;;100%;;;;2;2;2,510;;;;8,731;7;
hourai127;2224;289;9;;5.31;119;30;;12,385;2,528;167;50,935;42;;;;167;0;6%;0.26;20%;377,442;;3;183;44,346;6;1,695;5,440;71%;6;2,924;13,392;6;2;4;01:37;;14;9;9;1,865;;1.15;;8.25;0.01;00:28;0.77;6,942.81;0.55;2.18;936.91;449;4;20;27;35;82;8;10 hours;54;23;25:45;04:47;42%;119;6;;483;16;377,442;;2;29;6,943;9;2;
I_Only_AWP_B;0;10;5;;3.58;10;6;2;275;73;8;1,594;3;;;;8;0;10%;0.83;26%;12,710;;;34;1,818;4;1,028;2,885;35%;4;1,150;5,969;7;4;3;01:10;;16;5;4;900;;1.26;;4.3;0.71;00:40;1.07;4,556.18;2.15;3.58;571.23;12;;;2;;2;;24 minutes;3;2;01:51;03:37;64%;10;7;;33;16;12,710;;;1;4,556;12;4;
IHateUddesd;2737;897;18;1;6.61;289;88;6;9,835;2,708;209;55,756;166;;;7;209;0;7%;0.27;27%;1,216,491;1;21;463;132,495;7;800;7,341;100%;7;1,870;18,149;11;5;7;02:59;;14;12;8;2,697;0.05;1.4;;7.87;0.04;01:02;1.22;8,971.31;0.64;2.13;411.18;1,068;5;32;36;119;187;89;26 hours;136;75;02:20:54;02:31:52;55%;283;11;;2,135;35;1,216,491;;9;52;8,971;16;2;
ilovecomedy;;15;11;;9.24;2;;;61;24;2;390;2;;;;2;0;8%;0.09;39%;21,804;;;7;2,171;;140;2,887;36%;1;340;15,040;;;;01:13;;6;2;2;1,356;;1.42;;12.94;;01:00;1.23;13,444.64;;1.23;240.48;21;;1;1;1;2;;25 minutes;2;;01:38;00:20;;2;;;34;26;21,804;;1;1;13,445;21;1;
ImperfectXD;3419;356;15;1;7.7;78;14;2;3,343;801;77;16,590;42;;;;77;0;9%;0.17;23%;422,832;;;74;34,914;5;510;4,677;60%;5;1,031;14,199;7;2;5;02:36;;8;7;4;1,626;0.02;0.99;;9.84;0.04;01:16;0.9;9,149.13;0.3;1.68;358.98;455;;9;14;39;62;28;9 hours;46;29;58:45;48:24;62%;78;7;3;898;38;422,832;;2;16;9,149;19;2;
Inny21;3069;46;6;;6.16;2;;;74;30;2;630;;;;;2;0;6%;0.03;40%;54,331;;;25;3,685;2;430;5,206;;2;430;7,687;2;;;00:17;;6;2;2;436;;0.71;;7.37;0.13;00:14;;7,285.1;0.13;0.26;84.49;55;;3;3;5;11;3;1 hour;7;3;01:48;01:35;34%;2;2;;86;13;54,331;;2;3;7,285;12;0;
ioReactz;3584;39;8;1;4.88;43;11;2;1,485;459;46;9,755;14;;;;46;0.01;10%;1.16;30%;37,714;;;74;5,174;18;3,800;2,686;38%;18;3,800;7,531;18;4;8;01:26;;14;19;19;1,177;0.12;1.14;;4.63;0.25;00:38;1.75;4,721.87;1.37;5.38;1,221.41;37;;4;6;4;14;2;1 hour;8;8;05:04;04:16;100%;43;18;;82;14;37,714;1,877;;;4,722;10;5;
IRaTuSz;4587;6;2;;4.41;;;;322;73;2;1,490;;;;;2;0;2%;;22%;12,057;;;14;1,098;;940;2,696;27%;;940;3,413;;;;00:43;;6;;;331;;1.05;;9.56;;00:46;;8,873.28;;;1,096.58;13;;1;3;0;4;;17 minutes;1;1;01:03;00:02;38%;;;;22;11;12,057;;0;1;8,873;16;
itsDiety;0;17;5;;5.06;19;4;;970;269;14;6,677;4;;;;14;0;5%;1.72;27%;20,220;;;34;2,837;5;1,455;3,870;32%;5;3,302;6,699;10;2;3;01:51;;11;7;3;1,208;;1.31;;3.27;;00:51;1.19;6,028.99;1.19;5.66;1,990.9;11;;1;2;3;6;2;36 minutes;3;3;02:53;01:17;77%;19;10;;52;21;20,220;;0;0;6,029;16;6;
ItsRaiyu;4368;60;11;;5.41;24;9;;679;201;11;4,062;7;;;;11;0;5%;0.42;29%;87,155;;3;125;9,077;4;1,052;3,804;55%;4;1,595;10,075;7;3;2;01:14;;28;7;4;1,199;;1.18;;5.14;0.09;00:30;0.63;7,867.14;0.81;2.16;366.61;57;;4;5;6;15;4;2 hours;11;8;05:34;11:04;76%;23;7;;210;24;87,155;4,656;;3;7,867;19;2;
Jack_of_Spades13;3322;2;2;;5.89;;;;15;4;;100;;;;;;0;25%;;26%;1,807;;;;86;;100;1,805;26%;;100;1,807;;;;00:02;;;;;86;;0.66;;2.94;;00:06;;5,325.57;;;294.68;;;1;;;1;;2 minutes;0;;00:02;;;;;;3;3;1,807;;;0;5,326;9;
JOKERFIRST15;4055;9;4;;4.5;2;;;43;8;2;193;2;;;;2;0;25%;0.28;18%;8,650;;;34;890;;113;2,225;25%;1;113;3,456;;;;00:21;;23;;;476;;0.85;;3.5;;00:19;1;4,325.63;0.5;1;96.38;7;;1;1;1;4;;17 minutes;2;2;00:39;02:13;80%;2;;;25;15;8,650;;;0;4,326;13;1;
JonXSly;3015;790;21;;7.18;300;86;17;15,656;4,813;327;106,903;108;;;;327;0;6%;0.25;30%;922,436;1;4;374;96,486;11;3,228;4,979;80%;11;8,233;22,109;24;8;10;02:01;2;15;32;14;2,062;;1.16;;10.61;0.15;00:43;0.98;8,389.2;0.78;2.72;972.24;1,167;16;13;32;75;121;42;22 hours;110;41;01:18:55;38:59;37%;299;24;;1,650;46;922,436;7,826;7;62;8,389;15;3;
jordkin;2331;148;12;;4.92;115;53;11;3,748;1,399;137;28,364;30;;;8;137;0;9%;0.46;37%;274,762;;2;298;32,179;6;1,197;5,671;67%;6;3,621;18,705;15;8;5;01:30;2;22;22;6;2,223;0.26;1.67;;8.18;0.36;00:40;0.99;9,146.23;1.76;3.82;944.17;246;2;7;4;28;38;23;5 hours;30;18;20:06;15:11;58%;115;15;;383;28;274,762;12,101;1;11;9,146;13;4;
jumpmanfrank094;2821;2;2;;2.7;;;;;;;;;;;;;;;;;4,232;;;;656;;;1,838;;;;3,539;;;;00:00;;;;;396;;1.95;;8.1;;00:00;;5,712.99;;;;6;;0;0;0;1;;5 minutes;1;;00:00;;;;;;7;5;4,232;;0;0;5,713;9;
kakuka-548;;7;3;;6.76;;;;11;10;;175;;;;;;;;;90%;11,297;;;22;1,031;;175;4,132;;;175;4,750;;;;00:34;;14;;;513;;1.39;;7.73;;00:46;;10,921.1;;;169.17;8;;1;0;1;2;;12 minutes;1;0;00:47;00:20;26%;;;;15;7;11,297;;0;1;10,921;15;
kaswww0123456789;2191;;;;3.08;;;;38;14;;280;;;;;;;;;36%;2,815;;;2;356;;280;2,462;36%;;280;2,815;;;;00:00;;2;;;356;;1.9;;3.08;;00:00;;8,675.99;;;862.86;;;0;0;0;1;;3 minutes;0;;00:00;;;;;;;;2,815;;;0;8,676;
Keytix_;0;3;2;;1.62;2;;;59;9;;200;;;;;;0;11%;0.33;15%;13,831;;;18;1,308;2;100;4,835;31%;2;120;6,681;2;;;00:36;;8;;;812;;1.24;;3.24;;00:30;;7,485.05;;1.08;108.23;6;;1;0;1;2;;17 minutes;2;2;00:56;01:05;100%;2;2;;29;13;13,831;;;;7,485;16;1;
Kiba_Zack;3014;53;11;1;5.33;102;35;9;3,899;1,351;116;28,492;52;;;3;116;0.01;8%;1.39;34%;71,211;;6;9;11,067;8;1,831;4,504;72%;8;7,065;10,654;21;6;15;02:06;3;3;22;7;2,048;0.3;1.66;;7.35;0.9;01:01;5.23;7,170.87;3.52;10.27;2,869.13;73;;6;4;8;18;3;1 hour;10;5;10:09;07:30;47%;102;21;;86;10;71,211;9,545;1;5;7,171;9;10;
Kiki-Xillia;2595;2,590;18;;7.13;1,165;348;45;48,264;12,850;1,075;275,607;567;5;;52;1,075;0;8%;0.35;26%;3,266,460;;58;304;349,141;10;2,159;8,002;85%;10;5,376;24,164;17;7;12;04:12;2;8;22;19;2,941;0.14;1.28;;8.99;0.12;01:09;1.56;8,996.28;0.95;3.2;759.06;3,266;8;65;83;317;465;203;75 hours;363;158;06:57:33;05:14:50;43%;1,157;17;3;6,061;46;3,266,460;24,164;31;174;8,996;17;3;
KILLER77_HAZZA3;0;530;14;1;7.18;129;45;9;6,469;1,853;113;39,845;50;;;3;113;0;6%;0.21;28%;619,897;;;343;58,255;8;1,581;5,013;75%;8;1,953;14,793;10;4;5;01:41;2;17;6;6;1,651;0.04;1.08;;8.21;0.12;00:32;0.67;8,402.04;0.6;1.74;540.05;606;8;17;28;43;89;23;14 hours;74;34;39:51;30:30;45%;128;10;3;1,071;32;619,897;;4;36;8,402;15;2;
Killing_EdgeIV;0;44;11;1;9.98;24;12;2;869;294;49;6,862;8;;;;49;0.01;16%;0.5;33%;55,911;;;17;5,361;2;578;4,642;37%;2;2,837;14,279;8;5;2;01:23;;6;23;8;1,452;0.22;1.34;;10.89;0.45;01:10;1.81;12,689.03;2.72;5.44;1,557.36;48;;2;2;4;9;2;1 hour;4;2;05:10;01:17;45%;24;8;;83;21;55,911;;;2;12,689;19;5;
KingXacTz;0;55;12;;5.6;129;30;8;4,529;1,502;98;29,971;44;;;;98;0.01;6%;5.16;33%;71,120;;9;4;8,687;18;4,142;5,799;44%;18;4,838;12,673;23;5;8;01:37;4;3;14;12;1,235;;1.61;;2.54;0.81;00:40;4.48;7,245.76;3.05;13.14;3,053.45;25;;7;5;10;23;4;1 hour;10;10;06:40;29:28;100%;129;23;3;134;18;71,120;;;;7,246;14;13;
kirA-_-bleAch;0;6;4;;6.13;5;2;;287;99;10;1,942;2;;;;10;0.01;10%;;34%;6,892;;;7;698;2;759;2,247;38%;2;974;5,749;3;;;00:16;;4;6;3;586;;1.09;;5.11;;00:19;2.04;7,046.82;2.04;5.11;1,986.03;5;;;0;1;1;;10 minutes;1;;00:19;;;5;3;;3;3;6,892;;;1;7,047;3;5;
kk10295;3110;4;4;;7.41;;;;27;18;;360;;;;;;;;;66%;6,491;;;;468;;360;2,486;66%;;360;6,491;;;;00:08;;;;;468;;1.11;;9.26;;00:15;;12,025.98;;;666.93;5;;;1;;1;;7 minutes;1;1;00:08;;100%;;;;12;12;6,491;;;;12,026;22;
koh_1655;;29;11;;5.58;12;5;;419;130;9;2,718;9;;;;9;0;6%;0.48;31%;40,712;;;37;3,705;4;443;5,763;56%;4;1,043;12,486;4;2;3;01:07;;12;5;2;1,402;;1.23;;4.81;0.19;00:30;1.73;7,837.16;0.96;2.31;523.19;25;;0;3;3;6;3;50 minutes;5;4;02:36;04:18;72%;12;4;;53;18;40,712;;;1;7,837;10;2;
kon5-TDRoki;2363;101;10;;6.57;45;14;4;3,530;898;75;18,228;15;;;;75;0;8%;0.37;25%;117,869;;;12;12,643;4;760;4,615;58%;4;2,336;9,600;10;4;4;01:04;;4;15;8;926;;1.19;;7.87;0.26;00:27;0.97;7,671.98;0.91;2.92;1,186.45;121;;7;9;8;24;5;2 hours;15;6;06:55;06:36;37%;45;10;;151;13;117,869;;0;9;7,672;10;3;
koutyatya;0;24;8;;6.52;14;4;;712;131;10;2,813;2;;;;10;0;7%;0.42;18%;29,700;;;10;2,222;5;470;2,715;50%;5;1,058;10,104;5;2;;01:54;;4;4;4;562;;0.83;;8.97;0.27;00:34;0.54;8,079.89;1.08;3.8;765.15;33;;1;4;1;6;;44 minutes;4;1;02:06;02:48;32%;14;5;;34;16;29,700;758;;2;8,080;9;4;
kris1974;4164;37;6;;7.17;2;;;78;10;;208;;;;;;;;0.03;12%;66,628;;;2;4,831;;78;3,799;16%;1;90;10,318;;;;01:34;;;;;840;;1.07;;11.05;;01:15;;12,919.38;0.19;0.38;40.33;57;2;0;1;5;6;2;1 hour;5;3;06:30;04:35;58%;;;;155;35;66,628;;;2;12,919;30;0;
Krisuke;;16;10;;7.94;2;2;;58;23;2;472;;;;;2;0;8%;0.09;39%;16,111;;;18;1,566;;307;2,587;;1;367;5,325;;;;00:35;;8;2;2;461;;1.16;;10.42;0.49;00:37;;7,998.73;0.99;0.99;234.48;21;;1;1;2;5;;22 minutes;2;1;01:15;03:37;37%;2;;;28;11;16,111;;;1;7,999;14;1;
kurosaki158;1715;10;3;;3.44;3;;;84;40;3;898;;;;;3;0;7%;0.1;47%;25,403;;;12;3,001;;342;4,559;51%;1;782;11,787;2;;;01:00;;5;3;3;1,272;;1.29;;9.97;;00:51;0.34;8,739.61;;1.03;308.94;29;;1;3;0;4;;38 minutes;3;1;02:30;00:14;36%;3;2;;41;12;25,403;;1;1;8,740;14;1;
lakejacher;2109;50;9;;6.27;13;5;;644;175;2;3,188;8;;;;2;0;1%;0.16;27%;69,452;;;37;7,408;2;535;3,431;65%;2;622;12,157;3;2;2;01:13;;8;2;;1,104;;1.24;;9.91;;00:45;1;8,719.83;0.62;1.63;400.25;79;;4;4;6;13;3;1 hour;8;4;05:59;02:22;52%;13;3;;112;27;69,452;;;4;8,720;14;2;
LEATONER;0;;;;3.11;;;;60;30;4;571;;;;;4;0.01;13%;0.2;50%;3,230;;;;549;;350;958;;1;405;1,818;;;;00:15;;;4;4;245;;1.82;;15.55;;01:04;;10,049.15;3.11;3.11;1,775.3;5;;1;0;0;1;;5 minutes;0;0;00:20;;66%;;;;6;5;3,230;1,818;;0;10,049;19;3;
Linkinito;;3;3;;4.56;;;;18;10;;195;;;;;;0;10%;0.12;55%;4,552;;;11;822;;195;917;;1;195;4,552;;;;01:12;;11;;;822;;1.67;;12.16;;01:50;;6,924.54;;1.52;296.61;8;;1;;1;1;;8 minutes;1;1;01:12;;100%;;;;12;12;4,552;4,552;;;6,925;18;2;
LoggingOut;0;42;7;;5.39;9;2;;609;74;3;1,437;2;;;;3;0;4%;0.11;12%;61,476;;;46;6,382;2;280;3,343;37%;2;360;7,864;2;;2;00:58;;9;2;2;973;;1.08;;9.89;;00:41;0.25;7,903.4;0.25;1.15;184.76;77;;4;6;6;16;;1 hour;8;3;05:22;04:03;40%;8;2;;120;30;61,476;178;0;4;7,903;15;1;
LostkumaTH;0;8;4;;2.32;4;2;;243;32;;595;;;;;;;;0.5;13%;26,006;;;15;1,231;;390;4,082;19%;1;390;10,058;;;;00:50;;6;;;526;;0.66;;2.32;;00:33;0.29;7,572.18;0.58;1.16;173.38;8;;;;3;3;2;30 minutes;3;3;01:55;00:41;100%;4;;;68;22;26,006;;;;7,572;20;1;
l-Twisted_Fate-l;3972;19;17;;10.28;5;2;;206;63;4;1,643;3;;;;4;0;6%;0.31;30%;16,301;;;14;1,399;;430;1,741;37%;1;1,253;7,455;4;2;2;01:04;;9;4;;930;;0.95;;8.66;0.54;00:48;1.62;8,823.66;1.08;2.7;889.37;16;;1;1;0;2;;24 minutes;2;0;01:29;05:05;0%;5;4;;34;19;16,301;;1;0;8,824;18;3;
LuckyC723;3709;87;8;1;6.85;59;21;4;3,373;1,251;83;26,118;18;;;;83;0;6%;0.51;37%;85,578;;;20;7,970;5;1,824;4,829;56%;5;4,031;8,281;13;4;5;01:07;2;4;21;13;1,245;0.07;0.89;;8.98;0.31;00:32;1.41;6,743.89;1.65;4.64;2,058.19;114;2;7;7;6;19;2;2 hours;13;5;06:53;04:11;38%;59;13;;133;16;85,578;4,493;1;7;6,744;10;5;
M5roosh_ksa;3563;166;12;1;7.67;23;5;2;1,185;351;28;7,600;4;;;;28;0;7%;0.14;29%;192,781;;;116;16,423;2;680;7,014;63%;2;1,000;9,710;3;;;01:20;;17;6;5;1,415;0.04;1.02;;7.53;0.09;00:37;0.18;8,910.48;0.23;1.06;351.27;163;2;8;9;14;31;10;4 hours;22;9;13:30;22:54;43%;23;3;;441;34;192,781;9,710;1;11;8,910;20;1;
makorin_is_a_Pen;2671;19;8;;4.8;7;2;2;274;76;9;1,917;3;;;;9;0;11%;0.2;27%;43,118;;;7;5,624;2;674;4,765;80%;2;1,187;12,147;5;2;2;01:55;2;6;8;6;2,207;;1.8;;8.86;0.5;01:31;0.75;10,915.03;0.5;1.77;485.23;35;;1;2;4;7;3;51 minutes;4;4;06:01;;89%;7;5;;82;26;43,118;11,506;;0;10,915;21;2;
MamasNippel;3912;8;5;;1.72;3;2;;54;33;;653;2;;;;;0;3%;0.08;61%;5,988;;;26;1,278;3;240;1,404;80%;3;413;2,582;3;2;2;00:50;;9;;;351;;0.54;;7.32;;00:19;0.43;1,290.4;0.43;0.64;140.71;34;2;1;1;0;2;;39 minutes;5;1;01:29;;10%;3;3;;;;5,988;;;4;1,290;0;1;
maoaru;;6;4;;4.88;;;;20;5;;90;;;;;;;;;25%;7,174;;;;813;;90;1,636;;;90;3,558;;;;00:04;;;;;370;;1.33;;7.32;;00:05;;5,838.54;;;73.24;9;;0;1;1;2;;10 minutes;1;;00:06;;;;;;6;4;7,174;3,558;;1;5,839;5;
matukyo;3857;2;2;;10.29;;;;28;8;;160;;;;;;;;;28%;3,999;;;;214;;160;2,213;;;160;3,104;;;;00:04;;;;;214;;0.86;;15.43;;00:22;;20,579.17;;;823.34;3;;0;0;0;0;;4 minutes;0;0;00:04;00:21;100%;;;;2;2;3,999;;;;20,579;10;
meecyaRougan;;;;;0.99;;;;11;;;26;;;;;;;;;9%;4,647;;;;433;;26;3,164;9%;;26;4,647;;;;00:03;;;;;433;;0.99;;5.99;;00:03;;4,646.65;;;25.99;6;;;;1;1;;7 minutes;1;;00:03;;;;;;5;5;4,647;;;1;4,647;5;
Meepert;0;304;13;;5.01;66;25;4;1,867;491;76;10,976;23;;;;76;0;15%;0.23;26%;411,966;;;1,088;44,919;4;986;5,742;66%;4;1,906;12,967;7;4;4;02:16;2;35;15;6;1,903;;1.23;;4.55;0.06;00:48;0.37;6,799.71;0.41;1.08;181.16;276;;11;35;43;89;38;10 hours;61;59;48:56;01:20:37;97%;66;7;;931;31;411,966;4,381;1;1;6,800;15;1;
Megaan_57;3119;4,536;22;;8.48;1,510;530;130;53,751;18,160;2,576;415,834;490;4;;84;2,576;0;14%;0.29;33%;5,082,021;;29;1,824;456,292;8;1,452;8,909;100%;8;4,164;25,457;15;6;7;01:52;3;25;34;18;2,196;0.15;1.12;;9.41;0.24;00:26;0.91;9,500.82;0.99;2.82;777.4;5,035;26;170;244;336;751;192;112 hours;535;260;04:00:29;05:50:00;48%;1,407;15;3;8,198;48;5,082,021;21,538;32;242;9,501;15;3;
mellomelody;;74;12;;6.01;23;2;;777;239;29;5,788;11;;;;29;0;12%;0.2;30%;115,154;;;48;10,774;5;618;6,624;74%;5;1,388;13,900;9;;4;01:35;;9;6;5;1,488;;1.2;;8.93;;00:48;0.89;9,357.98;0.16;1.86;470.34;110;;3;3;9;15;7;2 hours;12;7;09:53;13:25;58%;23;9;;209;35;115,154;;2;4;9,358;17;2;
MEOW987;2674;206;11;;6.92;41;14;4;1,786;465;36;9,418;11;;;;36;0;7%;0.15;26%;284,791;;2;96;28,876;4;760;6,346;76%;4;775;19,804;5;3;3;01:50;2;8;4;3;1,671;;1.39;;8.77;0.13;00:40;0.36;9,579.02;0.47;1.37;316.77;261;3;12;17;19;48;12;5 hours;30;15;20:03;12:20;51%;41;5;;447;35;284,791;19,804;1;14;9,579;15;1;
mightyMonkey565;3190;5;5;;11.08;;;;20;3;;68;;;;;;0;33%;0.2;15%;3,926;;;2;619;;68;1,772;15%;1;68;3,926;;;;00:07;;2;;;619;;1.52;;11.08;;00:16;;8,701.26;2.21;2.21;151.03;5;;;;1;1;;6 minutes;0;0;00:07;;100%;;;;10;10;3,926;;;;8,701;22;2;
MIKEYDYCE;3095;282;12;;8.05;10;3;;277;91;6;1,853;3;;;;6;0;6%;0.02;32%;355,449;;;188;27,202;2;460;6,524;20%;2;472;9,852;2;;;00:59;;13;3;3;1,101;;0.99;;9.88;;00:27;0.08;10,154.33;0.08;0.28;52.92;346;2;13;11;26;51;17;7 hours;35;17;16:02;39:39;49%;10;2;;565;18;355,449;9,109;4;14;10,154;16;0;
Miz_One;1490;253;12;1;6.08;219;43;10;19,278;4,807;346;105,677;87;;;;346;0.01;7%;0.77;24%;320,024;;4;80;34,941;9;2,260;5,482;46%;9;5,361;12,573;14;3;7;00:57;2;7;31;10;1,622;0.02;1.18;;6.75;0.24;00:28;2.09;7,696.85;1.03;5.26;2,541.61;281;2;12;21;29;62;9;8 hours;42;18;19:25;12:57;42%;219;14;3;458;26;320,024;8,052;3;21;7,697;11;5;
Mlbjester7;3425;95;8;;6.08;22;2;;1,152;345;29;7,186;10;;;;29;0;8%;0.12;29%;157,271;;;60;13,822;3;525;7,410;66%;3;891;12,710;4;;2;01:23;;7;6;4;1,615;;1.18;;10.88;0.06;00:35;0.64;10,068.13;0.12;1.4;460.02;170;;8;7;14;29;8;3 hours;16;7;09:20;12:57;46%;22;4;;256;19;157,271;;2;6;10,068;16;1;
Moraamaan;2812;25;9;;6.95;16;5;;783;220;25;3,842;10;;;;25;0.01;11%;0.84;28%;35,512;;;3;2,928;4;935;3,742;38%;4;2,435;12,136;10;3;6;01:33;;;20;9;1,365;;1.26;;5.28;;01:12;2.78;9,885.92;1.39;4.45;1,069.46;19;;1;1;3;5;4;38 minutes;4;4;04:21;05:03;100%;16;10;;64;22;35,512;;;;9,886;18;4;
Morgenarc;3323;36;9;;6.86;;;;24;;;20;;;;;;;;;4%;58,491;;;12;6,117;;20;4,282;;;20;10,319;;;;01:47;;5;;;1,052;;1.56;;8.2;;01:03;;11,157.27;;;3.81;43;;1;2;4;7;4;1 hour;5;1;05:33;10:38;27%;;;;116;26;58,491;2,335;1;3;11,157;22;
Mr_O_Blood_type_;0;47;6;;6.52;;;;175;20;;450;;;;;;0;5%;0.02;11%;77,324;;;76;5,375;;244;6,675;25%;1;244;11,047;;;;01:35;;15;;;930;;1.15;;5.55;;00:43;;10,740.27;;0.13;62.5;40;;3;5;6;14;4;1 hour;7;5;05:16;05:47;74%;;;;112;24;77,324;1,026;0;2;10,740;16;0;
Mr_savage_75;0;37;9;;9.65;9;2;;381;100;7;2,109;4;;;;7;0;7%;0.24;26%;41,812;;;6;3,850;3;450;6,079;25%;3;1,305;12,988;4;;3;01:12;;3;2;2;1,108;;1.38;;9.65;;00:51;1.04;10,915.74;0.52;2.34;550.51;37;;2;1;3;6;2;46 minutes;4;3;03:17;04:40;74%;9;4;;88;33;41,812;7,977;1;0;10,916;23;2;
MrBlueyes;2154;309;10;;4.7;132;46;20;8,759;2,199;180;43,931;53;;;;180;0;8%;0.27;25%;456,713;1;6;167;55,855;6;1,135;5,691;56%;6;2,717;13,668;9;4;5;01:30;2;10;16;7;1,928;;1.27;;7.22;0.3;00:31;0.8;6,959.2;0.7;2.01;669.4;474;5;16;26;40;81;26;12 hours;66;29;34:26;29:15;44%;132;9;3;829;31;456,713;;8;28;6,959;13;2;
MRstyles4u;3112;790;16;;8.14;95;25;5;6,374;1,802;163;37,131;34;;;;163;0;9%;0.1;28%;981,837;;;286;87,414;4;1,218;8,573;88%;4;1,760;16,625;4;2;3;01:20;;15;12;12;1,660;;1.14;;9.13;0.05;00:24;0.35;10,120.11;0.25;0.97;382.71;886;2;22;32;99;153;53;21 hours;97;46;40:13;01:13:11;47%;93;4;;1,583;33;981,837;16,625;8;43;10,120;16;1;
MrTsVIRUS;;18;11;;6.56;3;;;140;41;3;863;;;;;3;0;7%;0.15;29%;23,648;;;20;1,790;;290;4,978;30%;1;793;14,039;2;;;01:24;;14;3;;984;;1.07;;6.93;;00:42;;8,625.27;0.36;1.09;314.83;19;;;1;3;4;2;27 minutes;3;;01:55;;;3;2;;32;21;23,648;;;3;8,625;12;1;
Nahnee3838;;65;17;;9.28;;;;272;118;5;2,265;;;;;5;0;4%;0.01;43%;71,838;;;17;5,467;;385;8,017;69%;1;825;18,244;;;;01:31;;5;2;;1,616;;1.13;;7.28;;00:51;0.14;10,262.58;;0.14;323.57;51;;1;1;7;9;6;1 hour;7;3;05:59;14:58;42%;;;;145;37;71,838;;1;3;10,263;21;0;
nari_is_1582;2498;38;10;;6.73;10;;;712;152;7;3,255;5;;;;7;0;4%;0.34;21%;47,620;;;18;4,578;3;678;5,074;37%;3;678;8,303;3;;2;01:37;;10;3;3;810;;1.29;;5.13;;00:45;0.88;8,434.66;0.17;1.77;576.47;29;;1;1;4;6;;58 minutes;6;1;04:16;02:06;21%;10;3;;83;20;47,620;8,303;1;3;8,435;15;2;
Natz_D_Chow;4100;40;12;1;4.39;64;21;7;2,672;817;77;17,682;7;;;2;77;0.01;9%;;30%;43,235;;;75;5,815;16;2,727;3,080;58%;16;2,727;7,896;16;7;3;00:44;3;10;17;17;1,024;0.21;1.08;;7.02;0.76;00:29;0.76;4,748.55;2.3;7.02;1,942.07;64;;6;6;3;15;;1 hour;9;9;04:29;04:04;96%;63;15;;76;12;43,235;71;0;0;4,749;8;7;
Neiyao;0;2,661;24;1;8.2;231;71;15;12,113;3,209;240;66,400;93;;;4;240;0;7%;0.08;26%;3,366,605;;21;3,019;316,535;4;849;7,392;85%;4;1,462;20,796;8;4;5;05:00;2;28;12;8;2,029;0.01;1.29;;8.42;0.04;00:57;0.28;10,384.62;0.21;0.71;204.81;2,730;7;68;98;300;466;207;68 hours;324;151;05:11:01;06:42:24;46%;223;8;4;5,354;36;3,366,605;5,121;32;141;10,385;17;1;
nekomaru_mi-san;;10;5;;3.62;;;;;;;;;;;;;;;;;23,481;;;2;2,618;;;3,693;;;;8,957;;;;02:03;;;;;1,139;;1.46;;7.97;;01:01;;8,517.26;;;;22;;1;1;3;5;2;29 minutes;3;1;02:50;;30%;;;;30;12;23,481;8,957;;2;8,517;11;
nerorule;2569;8;4;1;6.99;;;;105;16;3;338;;;;;3;0;18%;0.09;15%;16,753;;;;1,733;;197;4,337;;1;197;9,007;;;;01:37;;;2;2;1,052;0.87;1.73;;9.62;;01:51;0.87;14,652.12;0.87;0.87;295.61;11;;1;;1;2;2;16 minutes;1;1;02:06;;100%;;;;19;11;16,753;;;;14,652;17;1;
NickalaiHomebrew;3044;26;4;;4.37;;;;333;75;11;1,561;;;;;11;0;14%;;22%;35,011;;;16;3,176;;495;2,002;43%;;495;6,517;;;;00:34;;4;5;5;464;;0.72;;12.12;;00:37;;5,894.47;;;262.8;72;2;3;3;1;7;;1 hour;6;1;03:40;00:02;18%;;;;65;19;35,011;;;5;5,894;11;
NINJALEX323;3962;15;7;1;7.09;8;3;;468;96;14;2,107;;;;;14;0;14%;0.38;20%;15,328;;;28;2,499;2;760;2,039;27%;2;940;4,577;2;;;01:25;;19;6;6;934;0.47;1.48;;9.93;;01:09;0.47;7,252.97;1.41;3.78;996.97;21;;1;2;0;3;;28 minutes;2;1;02:27;02:57;47%;7;2;;25;12;15,328;1,137;;1;7,253;12;3;
nogo58;2504;4;4;;5.58;;;;;;;20;;;;;;;;;100%;4,094;;;;682;;20;993;;;20;4,094;;;;00:32;;;;;682;;1.67;;11.16;;00:45;;5,711.77;;;27.9;8;;;;1;1;;6 minutes;1;;00:32;00:20;;;;;6;6;4,094;;;1;5,712;8;
NoirEt_B;3147;5;4;;5.8;;;;10;;;20;;;;;;;;;10%;5,248;;;3;344;;20;1,761;;;20;4,148;;;;00:06;;2;;;308;;0.84;;4.64;;00:13;;6,087.61;;;23.2;4;;1;1;0;2;;6 minutes;1;1;00:11;00:02;100%;;;;8;5;5,248;4,148;;;6,088;9;
nyanyamui_401;0;9;5;;7.55;;;;;;;;;;;;;;;;;8,151;;;15;692;;;1,931;;;;5,400;;;;00:36;;7;;;471;;0.66;;10.9;;01:03;;6,840.23;;;;13;;0;0;1;1;;17 minutes;1;0;01:16;02:34;2%;;;;22;14;8,151;;;1;6,840;18;
ohEvasive;3523;23;13;;4.79;18;4;3;483;132;29;3,573;;;;;29;0;21%;0.64;27%;20,743;;;67;2,888;3;1,608;2,017;37%;3;2,468;7,745;9;3;;01:17;2;17;24;15;758;;0.92;;5.83;0.62;00:29;;4,320.83;0.83;3.74;744.21;28;2;1;3;2;6;2;52 minutes;5;3;02:23;00:51;55%;18;9;;54;14;20,743;;;2;4,321;11;4;
ohmygoshimjay;;9;6;;6.05;2;;;216;29;2;562;2;;;;2;0;6%;0.18;13%;9,894;;;2;1,128;;235;2,720;13%;1;402;6,087;;;;00:41;;2;2;2;897;;1.17;;7.39;;00:43;1.34;6,652.13;0.67;1.34;378.18;11;;2;0;1;4;;16 minutes;1;1;01:04;;72%;2;;;29;19;9,894;;;0;6,652;19;1;
oI_SPY_Io;4521;7;5;;4.6;3;2;;42;10;;198;;;;;;0;10%;0.33;23%;13,674;;;9;1,454;2;113;2,971;42%;2;113;5,834;2;;;00:30;;4;;;661;;1.55;;5.91;;00:43;0.65;8,990.75;1.31;1.97;130.45;9;;1;0;1;2;;15 minutes;2;1;01:06;01:47;57%;3;2;;26;13;13,674;;;1;8,991;17;2;
OlyMpiC_GER;3000;22;5;1;7;9;5;;291;107;5;2,168;3;;;3;5;0;4%;0.69;36%;32,106;;;13;2,358;2;535;6,334;46%;2;610;9,878;3;3;2;00:43;;4;3;3;882;0.95;1.22;;4.13;0.31;00:24;0.95;10,218.63;1.59;2.86;690.03;13;;2;2;2;6;2;32 minutes;3;3;01:16;01:52;87%;9;3;;64;26;32,106;;;0;10,219;20;3;
OttoFemtusen;2831;2;2;;4.43;;;;;;;;;;;;;;;;;4,091;;;7;332;;;3,923;;;;3,923;;;;00:01;;7;;;315;;1.16;;2.21;;00:05;;9,064.13;;;;;;0;0;0;1;;4 minutes;0;0;00:02;;100%;;;;11;10;4,091;;;;9,064;24;
oualid32;4267;25;4;;6.33;10;3;;266;80;9;1,779;;;;;9;0;11%;0.43;30%;23,880;;;50;2,551;2;280;2,999;56%;2;570;3,843;4;;;00:47;;15;4;4;529;;1.12;;5.83;0.25;00:29;0.25;6,055.21;0.76;2.53;451.1;23;;2;3;1;6;;37 minutes;4;2;01:56;01:44;49%;10;4;;47;13;23,880;;;2;6,055;12;3;
praktommy;3673;342;21;;8.43;60;15;4;2,231;667;71;13,996;28;;;;71;0;10%;0.18;29%;393,321;;2;348;29,716;4;1,427;6,947;78%;4;2,294;15,042;11;3;8;01:42;;21;14;14;1,257;;0.94;;7.98;0.09;00:49;0.69;9,698.77;0.36;1.47;345.11;324;4;11;16;23;50;17;8 hours;41;23;33:39;01:00:56;57%;60;11;3;740;33;393,321;9,055;2;15;9,699;18;1;
Prey1nMantis;2494;45;10;;4.12;64;26;8;2,837;653;41;14,051;26;;;;41;0;6%;2.56;23%;57,736;;;29;5,246;7;1,082;4,659;44%;7;2,882;7,831;15;7;7;00:41;2;5;10;6;822;;0.77;;2.29;0.73;00:17;2.38;5,291.54;2.38;5.86;1,287.81;25;;5;2;9;15;6;1 hour;11;4;03:08;00:20;35%;64;15;;83;13;57,736;;0;7;5,292;8;6;
PrimeraEspada91;;366;12;1;5.77;86;25;;3,011;683;64;14,883;39;;;4;64;0;9%;0.23;22%;413,602;;3;826;47,552;8;916;4,382;80%;8;1,101;11,053;8;4;4;03:06;;27;6;3;1,905;0.06;1.14;;5.8;0.01;01:21;0.61;6,521.9;0.39;1.35;234.68;368;;13;35;55;103;12;11 hours;63;59;01:25:36;01:06:56;93%;85;8;;1,007;33;413,602;;0;4;6,522;16;1;
Prince_Fatman;0;3;3;;3.2;6;;;138;54;5;1,160;;;;;5;0;9%;0.85;39%;7,877;;;;847;6;1,000;3,906;41%;6;1,000;3,934;6;;;00:17;;;5;5;613;;1.42;;7.47;;00:32;1.06;8,412.43;;6.4;1,238.83;7;;1;0;0;1;;9 minutes;1;0;00:30;;42%;6;6;;6;4;7,877;3,934;;1;8,412;6;6;
Quentin_JJ;3510;2,171;21;;9.25;1,036;455;115;33,071;10,387;1,474;231,395;382;3;;60;1,474;0;14%;0.53;31%;2,304,149;;56;1,619;217,012;8;1,771;7,013;90%;8;3,861;20,790;17;11;9;03:10;4;18;31;12;2,109;0.25;1.24;;8.18;0.49;00:46;1.62;9,822.54;1.93;4.41;986.43;1,920;2;39;58;198;295;143;48 hours;235;123;03:00:23;07:50:24;52%;1,025;17;3;3,326;36;2,304,149;11,587;16;95;9,823;14;4;
raeinthesnow;;38;8;;6.3;25;11;3;1,330;421;26;8,338;15;;;;26;0;6%;0.34;31%;52,732;;;6;6,236;2;788;6,169;65%;2;1,861;15,240;7;5;6;01:23;2;;8;8;1,643;;1.28;;12.1;0.49;00:55;2.48;8,745.15;1.82;4.14;1,382.76;73;;2;3;4;10;2;1 hour;6;1;05:31;;16%;25;7;;65;16;52,732;1,944;1;4;8,745;11;4;
RaxesTheWise;2506;117;13;;8.47;84;25;5;5,828;1,604;79;32,502;31;;;;79;0;4%;0.66;27%;141,985;;4;24;15,095;9;2,305;4,743;50%;9;5,586;19,292;11;4;6;02:01;2;7;18;11;1,970;;1.33;;9.12;0.36;00:57;2.24;10,285.02;1.81;6.08;2,354.35;126;4;4;3;14;20;7;3 hours;14;4;13:18;13:08;27%;84;11;;203;30;141,985;;3;7;10,285;15;6;
Remix829;2518;63;10;1;8.19;92;35;14;4,222;1,220;104;25,378;36;;;5;104;0.01;8%;2.29;28%;47,097;;;19;7,231;9;1,769;5,505;46%;9;4,515;7,121;19;7;7;00:25;4;8;21;12;1,388;0.65;1.34;;5.2;1.82;00:12;4.68;6,129.38;4.55;11.97;3,302.84;40;;4;3;7;14;5;1 hour;8;4;01:38;14:25;46%;90;19;3;50;10;47,097;;1;3;6,129;7;12;
rencpee;2745;899;16;1;7.79;104;42;10;2,972;767;83;18,310;38;;;2;83;0;10%;0.12;25%;1,137,783;;;331;94,591;3;500;7,514;83%;3;920;17,601;7;5;3;01:26;;11;9;6;2,070;0.01;1.15;;7.06;0.08;00:29;0.32;9,859.16;0.36;0.9;158.65;815;4;24;27;96;147;58;22 hours;115;47;56:01;28:46;41%;103;7;;1,916;40;1,137,783;15,497;7;61;9,859;17;1;
Rhinoblue123RED;2209;31;11;;7.36;2;;;252;70;6;1,334;;;;;6;0;8%;0.04;27%;37,364;;;;4,898;;320;2,740;26%;1;740;12,291;;;;01:26;;;4;2;1,376;;1.44;;11.16;;01:03;0.23;8,875.39;;0.47;316.94;47;;1;0;3;5;;56 minutes;4;1;04:26;;19%;2;;;69;27;37,364;;1;2;8,875;16;0;
Ronald_Toh95;0;22;8;;7.32;21;11;3;638;202;25;4,444;7;;;;25;0.01;12%;1.1;31%;32,923;;;9;4,223;5;672;5,635;59%;5;1,102;9,424;7;3;4;01:13;;3;6;5;1,508;;2.08;;6.32;0.99;00:36;2.33;10,959.32;3.66;6.99;1,479.35;19;;2;1;3;6;4;33 minutes;3;1;01:48;02:57;38%;21;7;;46;19;32,923;9,388;;2;10,959;15;7;
ruinknives;2843;25;6;;5.29;2;2;;95;59;2;1,201;;;;;2;0;3%;0.09;62%;46,635;;;31;3,921;;492;6,217;66%;1;617;9,032;2;2;;01:25;;12;2;;1,089;;1.21;;4.65;0.21;00:45;;9,877.39;0.42;0.42;254.33;22;;2;4;4;9;;53 minutes;5;3;03:36;00:36;54%;2;2;;66;20;46,635;9,032;1;1;9,877;14;0;
Rundle0509;3962;7;3;;5.32;2;;;104;26;6;633;;;;;6;0;23%;0.16;25%;10,473;;;16;1,465;2;393;2,547;;2;633;4,246;2;;;00:22;;9;6;4;761;;1.53;;9.12;;00:26;0.76;7,966.19;0.76;1.52;481.49;12;;1;1;1;2;;15 minutes;1;1;00:34;00:20;100%;2;2;;22;9;10,473;;;;7,966;17;2;
RyanAM;3889;24;8;1;5.77;21;6;3;929;289;34;6,579;4;;;;34;0.01;11%;0.84;31%;33,592;;;33;3,521;5;950;3,510;34%;5;2,100;9,910;7;2;2;00:44;;18;13;7;1,122;0.24;1.11;;6.01;0.72;00:35;0.96;8,079.72;1.44;5.05;1,582.39;25;;1;3;2;5;2;52 minutes;4;4;02:27;00:08;100%;21;7;;74;22;33,592;;;;8,080;18;5;
ryu-eight;3000;7;4;;11.53;;;;15;10;;217;;;;;;0;10%;;66%;6,114;;;;372;;160;1,399;;;217;2,658;;;;00:05;;;;;181;;0.69;;19.77;;00:14;;10,076.54;;;357.61;12;;1;0;1;1;;8 minutes;1;;00:08;;;;;;5;4;6,114;;;1;10,077;8;
Saber-x-wolf;2666;4;4;;5.12;2;;;113;14;;276;;;;;;0;7%;0.5;12%;5,006;;;4;702;2;156;2,740;;2;156;3,968;2;;;00:02;;4;;;461;;1.15;;5.12;;00:02;;6,407.69;;2.56;353.31;4;;0;;1;1;;10 minutes;1;0;00:02;;9%;2;2;;13;11;5,006;;;1;6,408;17;3;
sbkkzy;0;28;5;;7.41;5;;;1,070;258;11;5,731;2;;;;11;0;4%;0.17;24%;24,796;;;19;2,386;;730;3,359;25%;1;2,175;5,605;3;;;00:21;;6;4;4;518;;0.86;;7.41;;00:15;0.52;6,567.44;;1.32;1,517.93;28;;2;4;1;7;;46 minutes;4;1;00:59;00:26;17%;5;3;;21;6;24,796;;1;2;6,567;6;1;
Scrufster;;5;5;;4.99;4;;;150;52;7;1,130;3;;;;7;0;13%;0.36;34%;5,555;;;5;553;2;480;1,347;34%;2;1,130;5,555;4;;3;01:40;;5;7;3;553;;0.66;;10.99;;01:40;2.99;5,555.26;;3.99;1,129.99;11;;;1;;1;;13 minutes;1;1;01:40;;100%;4;4;;10;10;5,555;;;;5,555;10;4;
Shadowfox55;2974;288;11;;6.08;181;60;16;11,524;3,055;247;63,300;50;;;;247;0;8%;0.52;26%;396,209;;11;217;43,897;6;2,317;5,981;64%;6;5,302;10,785;10;4;6;01:28;2;18;18;8;1,975;;1.2;;7.35;0.33;00:32;1.05;8,368.72;1.26;3.82;1,337.02;348;;16;16;32;64;17;10 hours;47;20;25:38;23:43;42%;181;10;;591;20;396,209;7,817;5;22;8,369;12;4;
shadowstrixx;2873;809;15;;7.17;556;136;17;25,067;7,715;657;157,302;215;4;;;657;0;8%;0.54;30%;1,072,650;;12;251;94,244;9;1,629;6,694;61%;9;4,417;17,139;17;8;8;01:54;2;12;43;12;2,002;;1.09;;9.05;0.15;00:29;1.9;9,519.86;1.2;4.93;1,396.07;1,020;2;36;59;69;164;44;23 hours;113;57;55:29;02:03:21;50%;556;17;4;1,786;33;1,072,650;;8;48;9,520;16;5;
Sheepy351;1941;31;11;;6.24;10;;;493;164;16;3,351;4;;;;16;0;9%;0.12;33%;43,705;;;3;4,969;3;635;2,513;88%;3;1,861;18,292;5;;4;01:12;;;10;5;1,765;;1.14;;16.71;;00:56;0.8;8,800.55;0.2;2.01;674.72;83;;1;1;5;7;;1 hour;5;;04:40;01:49;;10;5;;84;41;43,705;;;5;8,801;17;2;
Shikurikato-;0;56;9;1;5.96;3;;;161;45;;1,017;2;;;;;0;2%;0.03;27%;75,943;1;;55;5,861;;250;4,684;40%;1;370;9,526;;;;00:46;;8;;;939;0.1;0.8;;9.8;0.1;00:25;0.21;8,095.17;0.1;0.31;108.39;92;;6;5;5;16;3;2 hours;9;6;04:00;05:57;67%;3;;;116;22;75,943;;0;3;8,095;12;0;
Shimada_Bros;3031;3;3;;6.81;;;;81;19;2;420;;;;;2;0;10%;0.33;23%;4,983;;;12;522;;240;2,316;;1;420;4,983;;;;00:08;;12;2;;522;;1.32;;6.81;;00:20;2.27;11,325.31;;2.27;954.58;3;;;1;0;1;;6 minutes;0;0;00:08;00:50;100%;;;;7;7;4,983;;;;11,325;16;2;
Signal_Graph;0;56;10;;8.08;6;2;;413;142;7;2,873;;;;;7;0;4%;0.08;34%;64,256;;;57;4,866;2;1,401;2,853;38%;2;1,641;10,490;4;;;01:03;;19;4;3;984;;0.9;;9.96;0.14;00:35;;9,276.49;0.28;0.86;414.82;69;2;2;5;2;9;2;1 hour;7;4;04:04;04:58;59%;6;4;;107;25;64,256;;0;3;9,276;15;1;
sloohy99;2683;9;9;;9;7;2;2;264;65;9;1,945;;;;;9;0;13%;0.63;24%;10,677;;;8;1,711;2;700;2,432;24%;2;1,945;10,677;7;2;;00:55;2;8;9;3;1,711;;1.85;;11;2;00:55;1;10,676.58;2;7;1,945;11;;;;1;1;;15 minutes;1;1;00:55;;100%;7;7;;21;21;10,677;;;;10,677;21;7;
snowhite1202;;2;2;;3.85;;;;;;;;;;;;;;;;;2,280;;;;351;;;1,094;;;;2,280;;;;00:03;;;;;351;;1.35;;7.7;;00:07;;4,393.79;;;;4;;1;1;1;2;;4 minutes;1;;00:03;;;;;;3;3;2,280;;;1;4,394;6;
SpanishK;2586;17;6;;7.1;41;20;4;1,091;334;31;6,860;19;;;;31;0.01;9%;2.04;30%;30,112;;;3;3,435;8;1,450;3,553;54%;8;2,011;8,045;17;8;11;01:31;2;2;10;8;1,207;;1.83;;8.36;1.67;01:21;7.94;12,592.81;8.36;17.14;2,868.67;20;;1;1;2;5;3;31 minutes;2;2;03:15;05:36;95%;41;17;3;51;14;30,112;8,045;;0;12,593;21;17;
StarkTechnolo444;2459;106;16;;4.93;5;;;322;32;2;1,036;3;;;;2;0;6%;0.02;9%;162,049;;;41;17,297;;300;3,566;35%;1;300;13,527;2;;;01:20;;7;;;2,181;;1.15;;9.69;0.04;00:36;0.13;7,550.83;0.04;0.23;48.29;208;;7;5;16;28;11;4 hours;21;9;12:58;05:46;43%;5;2;;322;35;162,049;;;12;7,551;15;0;
Stok54;;49;12;;5.44;;;;118;57;3;1,108;;;;;3;0;5%;0.01;48%;74,241;;;32;5,876;;333;5,411;50%;1;560;15,648;;;;01:26;;8;2;2;1,157;;0.94;;9.11;;00:32;0.11;8,248.95;;0.11;123.11;82;;2;1;8;11;6;1 hour;9;2;04:56;03:33;22%;;;;154;38;74,241;;;7;8,249;17;0;
STOP_iseGamin_tv;3049;251;11;;7.3;30;9;3;2,671;635;26;12,403;15;;;;26;0;4%;0.07;23%;284,369;;2;295;28,640;2;825;7,692;43%;2;1,570;14,805;4;2;2;02:06;;21;5;4;1,388;;1.04;;11.88;0.08;00:58;0.43;8,280.73;0.26;0.87;361.18;408;6;12;17;20;48;8;7 hours;34;11;33:40;17:19;30%;30;4;;417;28;284,369;;1;22;8,281;12;1;
stormavatar;4579;32;7;1;4.84;20;5;;285;244;19;5,075;6;;;;19;0;7%;0.86;85%;36,583;;2;112;3,519;6;977;3,227;100%;6;1,636;8,494;6;2;3;01:23;;34;13;13;800;0.15;0.87;;3.47;;00:39;0.9;5,534.42;0.75;3.02;767.84;23;;3;5;3;11;4;1 hour;7;7;04:23;00:20;100%;16;6;;90;20;36,583;8,494;;;5,534;14;2;
subzilllaa;3496;74;9;;5.31;24;8;2;854;234;23;4,821;6;;;;23;0;9%;0.27;27%;106,426;;;90;12,185;3;603;6,464;46%;3;603;11,173;3;2;;01:25;;13;4;4;1,176;;1.41;;6.24;0.14;00:32;0.43;7,641.55;0.57;1.72;346.17;87;;5;6;8;19;5;2 hours;14;8;07:29;03:38;58%;23;3;;163;19;106,426;;;6;7,642;12;2;
Surrturr;3138;5;2;;2.58;;;;197;20;;400;;;;;;0;5%;;10%;11,252;;;2;1,120;;240;1,539;46%;;380;4,725;;;;00:23;;;;;579;;0.83;;10.32;;00:24;;5,809.13;;;206.51;20;;1;2;1;5;;22 minutes;2;0;00:46;;25%;;;;15;7;11,252;;;1;5,809;8;
Swegg-Lawdd;0;16;5;;6.53;12;5;;713;168;9;3,383;;;;;9;0;5%;1.2;23%;7,087;;2;18;1,144;4;1,039;1,731;26%;4;1,882;1,896;7;2;;00:08;;4;4;3;453;;0.87;;4.08;;00:07;0.4;2,893.72;2.04;4.89;1,381.38;10;;3;2;1;6;;21 minutes;2;2;00:19;01:33;100%;12;7;;14;4;7,087;;;;2,894;6;5;
T4nh3ngz;3751;9;5;;5.43;5;2;;273;89;8;1,853;;;;;8;0.01;8%;0.62;32%;9,537;;;3;939;2;460;3,927;23%;2;1,180;4,893;3;;;00:09;;3;7;3;379;;1.28;;4.83;;00:09;;5,763.54;1.2;3.02;1,119.76;8;;1;2;;2;;12 minutes;2;2;00:16;01:25;99%;5;3;;16;8;9,537;;0;0;5,764;10;3;
teehtf;4293;2;2;;4.53;;;;80;22;2;456;;;;;2;0;9%;0.2;27%;3,608;;;3;732;;356;2,002;;1;456;3,425;;;;01:04;;2;2;2;670;;1.89;;11.32;;02:26;2.26;8,174.65;;2.26;1,033.2;5;;0;0;0;1;;6 minutes;0;0;01:04;;100%;;;;7;6;3,608;3,425;;;8,175;16;2;
The_Bob_tw;3073;3;3;;10.7;;;;54;18;3;387;;;;;3;0.01;16%;0.2;33%;4,111;;;4;1,151;;387;1,332;;1;387;4,111;;;;00:19;;4;3;3;1,151;;3.93;;17.83;;01:08;;14,665.02;3.56;3.56;1,380.08;5;;0;;0;1;;4 minutes;0;0;00:19;;100%;;;;;;4,111;4,111;;;14,665;4;4;
TheCryokinetic;3743;473;21;;5.04;207;48;2;8,744;1,548;121;35,089;87;;;8;121;0;7%;0.36;17%;782,519;;10;443;74,026;5;813;6,211;77%;5;1,301;15,969;6;3;6;02:19;;30;6;3;2,222;0.08;1.24;;6.08;0.02;00:57;0.92;8,342.32;0.51;2.2;374.07;571;3;24;36;80;140;65;16 hours;94;84;01:29:57;01:04:48;89%;198;6;;1,765;47;782,519;10,781;3;7;8,342;19;2;
thegayestbean;0;5;4;;3.1;3;;;339;116;8;2,288;2;;;;8;0;6%;0.16;34%;6,251;;;;1,125;2;405;977;100%;2;1,483;4,335;3;;2;00:04;;;6;;723;;1.2;;11.18;;00:02;1.24;3,883.03;0.62;1.86;1,421.15;18;;0;2;1;2;;15 minutes;2;;00:04;;;3;3;;10;8;6,251;;;2;3,883;6;2;
TheRagerGamer;3991;13;12;;7.48;15;3;;323;107;3;2,293;8;;;;3;0;2%;0.93;33%;18,567;;;15;1,130;8;783;2,379;37%;8;2,113;11,567;15;3;8;01:35;;13;3;;692;;0.73;;9.21;;01:00;4.6;10,696.87;1.72;8.64;1,320.75;16;;1;1;1;3;;25 minutes;2;0;01:45;;4%;15;15;;30;25;18,567;;;2;10,697;17;9;
timohilde86;3478;145;11;;3.37;82;27;4;2,346;641;52;13,502;32;;;;52;0;8%;0.52;27%;240,718;;;409;24,755;6;1,650;4,686;60%;6;1,650;10,674;7;3;5;01:37;2;25;8;8;1,180;;1.08;;3.65;0.09;00:26;0.74;5,605.1;0.62;1.9;314.38;157;;9;27;28;64;9;6 hours;43;42;19:10;14:46;97%;82;7;3;457;21;240,718;;;1;5,605;11;2;
tinysparkles;3258;599;15;;7.37;474;151;27;20,045;7,312;515;150,858;193;3;;6;515;0;7%;0.58;36%;705,773;;4;385;70,653;8;2,035;6,743;100%;8;6,860;16,703;19;6;9;02:04;3;12;35;12;1,778;0.07;1.12;;9.9;0.33;00:37;2.37;8,684.66;1.85;5.83;1,856.33;805;4;22;46;41;108;17;17 hours;81;34;51:02;01:10:12;42%;473;19;4;1,042;32;705,773;2,219;6;40;8,685;13;6;
Toon_Link32;;7;6;;9.87;2;;;100;27;2;545;;;;;2;0;7%;0.22;27%;5,256;;;3;301;;240;2,401;;1;245;4,030;2;;;00:18;;2;2;;257;;0.58;;12.69;;00:25;1.41;7,413.72;1.41;2.82;768.88;9;;1;0;1;1;;8 minutes;1;;00:18;;;2;2;;5;5;5,256;;;1;7,414;7;3;
TwiilightRubi;;70;9;1;5.97;22;7;2;1,136;293;26;5,882;12;;;;26;0;8%;0.24;25%;88,132;;;53;11,271;5;520;3,863;48%;5;1,401;12,287;5;2;4;01:29;;13;10;6;1,485;0.08;1.37;;7.76;0.17;00:41;1.02;7,524.89;0.59;1.87;502.26;91;;3;2;11;16;9;2 hours;12;8;08:02;05:54;68%;22;5;;158;22;88,132;;1;3;7,525;13;2;
unwoven;2887;71;14;1;9.69;45;14;2;1,224;487;30;9,440;25;;;2;30;0;6%;0.77;39%;75,784;;;22;6,098;10;1,335;5,080;78%;10;1,912;14,304;12;4;5;01:27;;6;7;5;1,416;0.27;1.1;;7.92;0.27;00:50;3.41;10,353.61;1.91;6.14;1,289.67;58;;3;3;7;13;;1 hour;7;3;06:08;13:08;46%;45;12;;130;23;75,784;;2;2;10,354;18;6;
Uryu_CsP;4529;;;;2.9;2;;;46;19;;359;;;;;;;;0.66;41%;1,301;;;;187;;170;1,070;;1;359;1,301;2;;;00:49;;;;;187;;0.81;;8.72;;02:23;2.9;3,784.28;2.9;5.81;1,045.1;3;;;0;0;0;;3 minutes;0;0;00:49;;100%;2;2;;9;9;1,301;;;;3,784;26;6;
Vince-F95Gunners;3049;677;16;;7.43;24;10;;1,191;381;28;7,957;5;;;;28;0;7%;0.02;31%;877,721;;;533;90,231;2;440;7,640;100%;2;560;19,347;3;2;;01:54;;21;4;4;2,056;;1.33;;9.53;;00:40;0.05;9,641.5;0.1;0.26;87.4;868;3;20;26;73;119;44;18 hours;91;36;01:02:11;57:04;40%;24;3;;1,495;36;877,721;14,894;5;50;9,642;16;0;
VoSnYb;3961;8;8;;11.45;;;;109;35;2;762;;;;;2;0;5%;0.16;32%;7,585;;;;1,219;;220;2,854;32%;1;762;7,585;;;;00:20;;;2;;1,219;;2.52;;8.59;;00:29;;10,864.96;1.43;1.43;1,091.5;6;;;;1;1;;8 minutes;1;;00:20;00:20;;;;;4;4;7,585;;;1;10,865;6;1;
wannchan_1208;3680;;;;2.17;;;;36;3;;60;;;;;;;;;8%;2,135;;;2;227;;40;1,696;8%;;60;2,135;;;;00:07;;2;;;227;;0.85;;4.34;;00:16;;4,640.09;;;130.42;2;;1;;0;1;;4 minutes;0;0;00:07;;100%;;;;5;5;2,135;;;;4,640;11;
WhiteRangerOwnz;1919;33;9;;5.01;19;2;;918;270;11;5,323;8;;;;11;0;4%;0.31;29%;41,655;;;47;6,463;3;810;3,123;37%;3;1,305;10,020;6;;3;02:13;;14;5;5;2,217;;1.51;;9.27;;01:02;1.21;6,336.04;0.3;2.89;809.67;61;;2;2;5;9;2;1 hour;7;4;06:53;03:57;58%;19;6;;110;30;41,655;;0;3;6,336;17;3;
WhiteyBulger;;2;2;;2.46;2;;;164;63;5;1,360;;;;;5;0.01;7%;0.28;38%;5,307;;;2;743;2;820;1,408;45%;2;1,060;3,904;2;;;00:22;;2;5;3;736;;1.6;;8.61;;00:33;;6,534.09;;2.46;1,674.35;7;;0;0;1;2;;7 minutes;1;1;00:27;;100%;2;2;;4;4;5,307;;;;6,534;5;2;
WidestLowen;3000;4;3;;12.15;;;;;;;;;;;;;;;;;5,844;;;2;593;;;2,389;;;;3,374;;;;00:12;;2;;;391;;1.78;;12.15;;00:49;;17,764.46;;;;4;;0;0;0;1;;5 minutes;0;0;00:16;;63%;;;;11;7;5,844;;;0;17,764;33;
wiktorjor2001;;4;4;;8.01;;;;30;4;;80;;;;;;;;0.33;13%;10,712;;;4;876;;80;7,180;;1;80;10,712;;;;00:08;;4;;;876;;1.78;;6;;00:17;2;21,456.66;;2;160.23;3;;;;0;0;;8 minutes;0;;00:08;02:15;;;;;16;16;10,712;;0;0;21,457;32;2;
WolfsRawr;0;82;13;1;9.57;14;5;;869;275;33;5,653;5;;;;33;0;12%;0.13;31%;84,337;;;116;10,454;6;1,367;4,866;52%;6;1,822;12,242;7;2;3;01:42;;19;12;7;1,690;0.11;1.43;;12.02;;00:59;0.58;9,843.82;0.58;1.63;659.77;103;;2;3;6;11;3;2 hours;9;3;08:31;02:51;39%;14;7;;112;24;84,337;7,316;;5;9,844;13;2;
xbLeU;0;;;;3.07;;;;24;6;;101;;;;;;0;16%;;25%;1,762;;;6;149;;101;1,030;;1;101;1,030;;;;;;6;;;90;;0.66;;3.07;;;;5,412.72;3.07;3.07;310.29;;;1;0;0;1;;3 minutes;0;0;;;100%;;;;5;5;1,762;;;;5,413;15;3;
XCloud-4tlasX;;7;7;;8.33;2;;;114;49;5;994;;;;;5;0;10%;0.16;42%;8,260;;;13;1,033;;441;1,710;;1;994;8,260;2;;;01:04;;13;5;2;1,033;;1.34;;14.28;;01:17;1.19;9,836.06;1.19;2.38;1,184.04;12;;0;0;1;1;;12 minutes;1;;01:04;;;2;2;;16;16;8,260;8,260;;1;9,836;19;2;
XDaRkFlMeMaSteX;3020;10;6;;4;;;;;;;30;;;;;;;;;;18,471;;;2;1,596;;30;2,252;;;30;10,970;;;;00:56;;;;;1,065;;0.87;;8.41;;00:29;;7,399.24;;;12.01;21;;1;2;1;4;;30 minutes;2;1;01:13;;50%;;;;35;19;18,471;10,970;;1;7,399;14;
Xecrets;3947;10;10;;10;3;;;95;28;;430;;;;;;;;0.6;29%;8,621;;;9;752;2;300;2,626;29%;2;430;8,621;3;;;00:50;;9;;;752;;1.25;;5;;00:50;1;8,621.48;1;3;430;5;;;;1;1;;9 minutes;1;1;00:50;00:02;100%;3;3;;12;12;8,621;;;;8,621;12;3;
xGrommash;2965;3;3;;9.6;;;;;;;;;;;;;;;;;6,459;;;;698;;;3,037;;;;6,459;;;;00:02;;;;;698;;2.1;;6.4;;00:06;;20,675.13;;;;2;;;;0;0;;5 minutes;0;0;00:02;;100%;;;;12;12;6,459;6,459;;;20,675;38;
XTheFunPolice;3517;10;7;;5.48;3;;;172;56;4;1,233;;;;;4;0;7%;0.27;32%;13,219;;;21;1,898;2;673;3,037;27%;2;673;6,024;2;;;00:51;;16;2;2;1,070;;1.52;;6.03;;00:43;0.54;7,253.86;;1.64;676.57;11;2;0;1;2;3;;20 minutes;2;1;01:19;;40%;3;2;;15;9;13,219;6,024;;1;7,254;8;2;
xtrickharder_esp;3952;45;12;;8.21;30;12;2;1,052;289;31;6,435;13;;;;31;0;10%;0.81;27%;41,719;;;46;4,420;6;759;4,252;40%;6;1,679;9,675;7;3;3;01:18;;12;11;6;818;;1.19;;6.75;0.36;00:47;2.37;7,611.82;2.18;5.47;1,174.16;37;;2;4;2;8;;1 hour;5;5;04:19;03:23;85%;30;7;;71;14;41,719;;;1;7,612;13;5;
XTXSHADOW;4661;3;2;;1.74;;;;48;16;;290;;;;;;;;0.07;33%;10,797;;;25;646;;140;2,340;50%;1;150;5,056;;;;00:14;;22;;;415;;0.68;;8.14;;00:18;;6,284.55;;0.58;168.8;14;;0;4;1;5;;15 minutes;2;1;00:31;00:20;54%;;;;15;9;10,797;;0;0;6,285;9;1;
YUKARI_NISAN;2471;2;2;;11.08;;;;8;;;;;;;;;;;;;2,138;;;;302;;;1,458;;;;2,138;;;;00:00;;;;;302;;1.55;;22.16;;00:01;;11,846.11;;;;4;;0;;0;1;;3 minutes;0;;00:00;;;;;;;;2,138;;;0;11,846;6;
Zcity9;3073;592;18;;6.51;70;22;4;3,346;715;62;15,156;28;2;;;62;0;8%;0.13;21%;778,841;;3;355;67,366;3;905;7,363;100%;3;905;16,970;5;2;4;03:02;;14;8;5;1,757;;1.15;;5.9;0.04;00:54;0.3;8,575.53;0.24;0.77;166.87;536;4;15;43;72;129;53;16 hours;91;73;01:21:52;41:51;80%;68;5;3;1,727;39;778,841;;3;15;8,576;19;1;
Zealousx;3334;49;13;;4.72;10;4;;322;66;8;1,484;3;;;;8;0;12%;0.22;20%;65,649;;;187;7,779;2;435;7,491;76%;2;435;11,462;3;;;01:58;;27;6;6;1,096;;1.31;;4.34;;01:18;0.28;6,332.63;0.38;0.96;143.14;45;;5;5;10;20;8;1 hour;10;8;13:30;13:03;80%;10;3;;142;17;65,649;;;2;6,333;14;1;
ZeeTee_;4127;3;3;;3.21;;;;25;6;;120;;;;;;;;;24%;4,638;;;;213;;80;1,384;;;120;3,214;;;;00:30;;;;;180;;0.57;;7.49;;00:34;;4,964.65;;;128.45;7;;0;1;;1;;6 minutes;1;0;00:31;;18%;;;;;;4,638;;;1;4,965;1;
zmkrzmnbhr;2144;5;3;;8.1;;;;79;27;;475;;;;;;;;0.2;34%;3,974;;;2;233;;180;1,280;46%;1;375;2,694;;;;00:02;;;;;201;;0.62;;8.1;;00:05;;6,442.95;1.62;1.62;770.73;5;;0;0;1;2;;6 minutes;1;;00:03;;;;;;;;3,974;;;1;6,443;2;2;
zwordz;4074;2;2;;7.93;;;;;;;;;;;;;;;;;2,509;;;2;104;;;1,721;;;;2,509;;;;00:03;;2;;;104;;0.46;;15.87;;00:12;;9,960.13;;;;4;;0;0;0;1;;3 minutes;0;;00:03;;;;;;4;4;2,509;;;0;9,960;16;
