Username;SR;Souls Consumed;Death Blossom Kills;Souls Consumed - Most in Game;Death Blossom Kills - Most in Game;Melee Final Blows - Most in Game;Souls Consumed - Average;Death Blossom Kills - Average;Eliminations;Final Blows;Solo Kills;Shots Fired;Shots Hit;Critical Hits;Damage Done;Objective Kills;Multikills;Environmental Kills;Melee Final Blows;Critical Hits;Critical Hits per Minute;Critical Hit Accuracy;Eliminations per Life;Weapon Accuracy;Healing Done;Teleporter Pads Destroyed;Turrets Destroyed;Self Healing;Eliminations - Most in Life;Damage Done - Most in Life;Healing Done - Most in Life;Weapon Accuracy - Best in Game;Kill Streak - Best;Damage Done - Most in Game;Healing Done - Most in Game;Eliminations - Most in Game;Final Blows - Most in Game;Objective Kills - Most in Game;Objective Time - Most in Game;Solo Kills - Most in Game;Critical Hits - Most in Game;Critical Hits - Most in Life;Self Healing - Most in Game;Melee Final Blows - Average;Self Healing - Average;Deaths - Average;Solo Kills - Average;Objective Time - Average;Objective Kills - Average;Healing Done - Average;Final Blows - Average;Eliminations - Average;Damage Done - Average;Deaths;Environmental Deaths;Medals - Bronze;Medals - Silver;Medals - Gold;Medals;Cards;Time Played;Games Played;Games Won;Objective Time;Time Spent on Fire;Win Percentage;Multikill - Best;Games Tied;Games Lost;
aaaangus;;339;137;38;14;;23.73;9.59;507;324;78;66,760;22,044;1,610;176,352;219;14;;;1,610;0.15;7%;4.37;33%;12,531;;12;12,531;27;7,023;703;42%;27;16,224;1,310;51;33;23;01:34;9;169;59;1,310;;1.22;8.12;5.46;01:16;15.33;877.35;22.68;35.49;12,347.06;116;4;11;16;28;54;12;2 hours;14;12;18:12;52:46;80%;5;;3;
aahmad3_3;;11;2;4;;;3.88;0.7;18;8;;10,560;1,856;140;12,103;4;;;;140;0.08;7%;0.47;17%;477;;;477;2;1,246;50;26%;2;3,166;198;6;3;2;00:26;;39;25;198;;0.29;13.4;0.35;00:33;1.41;168.24;2.82;6.35;4,270.75;38;2;2;0;1;3;;27 minutes;3;1;01:34;;29%;;;2;
aisia121;;47;19;11;5;;17.57;7.1;93;60;15;15,540;5,060;361;40,319;21;;;;361;0.16;7%;2.58;32%;1,572;;;1,572;9;5,896;212;30%;9;9,264;321;20;12;8;00:54;4;89;33;321;;0.7;13.46;5.6;01:04;7.85;587.95;22.43;34.77;15,075.45;36;2;3;3;2;8;;37 minutes;3;2;02:52;03:04;88%;3;;0;
Akatuski_Neko;;522;213;48;18;2;20.81;8.49;791;395;63;145,460;39,502;2,837;307,469;408;24;;4;2,837;0.14;7%;4.18;27%;18,029;;4;18,029;22;8,537;639;35%;22;23,652;1,756;57;32;40;03:38;10;253;85;1,756;0.15;0.9;7.53;2.51;01:37;16.26;718.84;15.74;31.53;12,259.58;189;2;35;29;24;88;6;5 hours;25;17;40:35;52:54;67%;5;;8;
AkimboMistiK;;113;28;35;10;;24.18;5.99;179;87;12;27,260;9,017;740;71,143;45;4;;;740;0.21;8%;3.97;33%;4,006;;;4,006;18;10,966;478;36%;18;10,966;1,156;46;23;14;01:13;3;143;68;1,156;0.21;1.14;9.63;2.56;01:04;9.63;857.52;18.62;38.31;15,226.96;45;2;7;5;5;17;3;58 minutes;5;4;05:02;11:08;92%;4;;0;
akira082219;;2,438;788;41;22;2;18.78;6.07;3,733;2,001;413;924,860;255,871;13,068;1,916,998;1,478;108;;13;13,068;0.12;5%;3.12;27%;86,909;2;23;86,909;23;14,638;881;55%;23;30,381;1,646;60;34;37;02:52;11;234;70;1,646;0.1;0.82;9.2;3.18;01:18;11.39;669.8;15.42;28.77;14,774.32;1,195;14;146;131;155;432;26;29 hours;130;64;02:50:22;03:22:58;49%;6;4;62;
Akodak;;148;67;30;12;;16.41;7.42;261;152;28;50,060;14,435;1,062;119,688;122;8;;;1,062;0.14;7%;3.48;28%;5,124;;;5,124;18;5,843;316;44%;18;23,380;1,051;51;28;26;02:13;7;258;58;1,051;0.11;0.71;8.31;3.1;01:21;13.52;568.16;16.85;28.94;13,271.27;75;;10;6;7;23;2;1 hour;9;5;12:17;12:47;58%;4;0;4;
AllStatsDown;;1,446;446;45;18;2;27.02;8.33;2,102;1,441;431;335,920;100,302;10,468;836,624;789;48;;22;10,468;0.21;10%;3.01;29%;52,949;2;20;52,949;31;10,621;600;45%;31;23,855;1,587;56;40;32;02:07;16;370;114;1,587;0.41;1.09;13.04;8.05;01:08;14.74;989.71;26.93;39.29;15,638.1;698;15;38;39;72;149;20;13 hours;53;27;01:01:16;03:00:51;49%;5;2;25;
Angel_L_AssAssin;;660;218;42;22;2;24.47;8.08;1,139;531;72;256,880;59,267;3,835;438,798;520;35;;7;3,835;0.17;6%;4.59;23%;22,625;;3;22,627;28;8,346;608;37%;28;33,430;1,604;63;30;40;03:13;9;211;88;1,604;0.25;1.01;9.19;2.66;01:54;19.28;838.88;19.68;42.23;16,269.65;248;;24;37;43;104;15;6 hours;27;16;51:34;01:22:57;58%;5;3;8;
angels_fan_44;;209;64;27;12;;18.4;5.63;336;212;86;46,820;15,987;1,160;124,278;140;4;;;1,160;0.13;7%;3.23;34%;8,403;;13;8,403;25;5,903;483;50%;25;19,828;1,223;37;28;21;01:47;14;119;59;1,223;;1;9.15;7.57;01:15;12.32;739.86;18.66;29.58;10,941.77;104;;11;11;15;37;4;2 hours;11;6;14:18;24:23;55%;4;1;4;
APurplePanduh;;567;181;24;13;;24.02;7.67;934;523;80;157,960;47,695;4,710;391,242;382;25;;6;4,710;0.22;9%;3.56;30%;20,149;;;20,149;23;6,529;556;48%;23;19,479;824;46;26;28;01:39;7;226;89;824;0.25;0.96;11.1;3.39;01:28;16.18;853.89;22.16;39.58;16,580.44;262;;24;19;35;79;11;5 hours;24;12;34:44;01:02:24;52%;4;1;10;
Arash1994;;3,243;981;53;20;;19.64;5.94;5,988;3,325;573;1,035,220;303,080;19,674;2,158,860;2,134;132;;14;19,674;0.17;6%;7.57;29%;109,475;;28;109,475;31;9,177;604;61%;31;27,396;1,961;80;50;51;03:23;13;384;112;1,961;0.08;0.98;4.79;3.47;01:07;12.92;663.26;20.14;36.27;13,079.57;791;22;175;167;241;583;96;30 hours;165;136;03:04:49;07:03:52;82%;6;3;27;
ATLXyphes;;48;26;11;8;;20.21;10.95;100;52;;16,060;4,029;430;32,678;44;5;;;430;0.19;10%;3.44;25%;1,505;;;1,505;16;3,325;290;29%;16;7,297;411;23;12;12;00:51;;79;40;411;;0.66;12.21;0.42;01:19;18.53;634.06;21.9;42.12;13,765.52;29;3;3;2;2;8;;37 minutes;2;1;03:08;05:36;54%;5;0;1;
AutoBots_Kick_A;;130;48;24;10;;16.73;6.17;245;139;30;47,420;13,327;883;98,546;127;2;;;883;0.12;6%;4.37;28%;4,159;;2;4,159;13;4,317;295;32%;13;21,210;767;56;29;33;01:58;8;133;76;767;;0.6;7.2;3.86;01:23;16.35;535.39;17.89;31.54;12,687.18;56;2;8;6;10;24;2;1 hour;8;4;10:50;19:00;47%;4;;4;
AutumnLovely6;;11;5;11;5;;10.99;4.99;17;14;3;2,780;864;53;5,877;5;;;;53;0.14;6%;3.4;31%;440;;;440;8;2,096;227;31%;8;5,877;440;17;14;5;00:27;3;53;20;440;;1.21;4.99;2.99;00:27;4.99;439.79;13.99;16.99;5,876.9;5;;1;;;1;;6 minutes;1;1;00:27;01:17;100%;4;
AyoKlaus;;21;6;13;5;;22.25;6.35;27;17;4;3,980;1,158;67;8,441;11;;;;67;0.09;5%;4.5;29%;959;;;959;17;3,726;602;26%;17;3,726;602;17;11;8;00:41;2;31;31;602;;1.39;6.35;4.23;01:02;11.65;1,016.18;18.01;28.6;8,944.13;6;;0;1;2;4;;11 minutes;1;0;00:59;01:25;28%;;;1;
bboyer123;;3;2;3;2;;13.91;9.27;6;3;;1,160;429;23;2,847;6;;;;23;0.11;5%;3;36%;28;;;28;6;1,273;28;36%;6;2,847;28;6;3;6;00:29;;23;16;28;;0.13;9.27;;02:15;27.83;128.07;13.91;27.83;13,209.25;2;;0;;0;0;;3 minutes;0;0;00:29;00:06;100%;
BeastxBrandon;;4;;4;;;12.42;;10;4;;2,440;919;28;5,345;2;;;;28;0.09;3%;1.66;37%;157;;;157;9;3,754;133;;9;5,345;157;10;4;2;00:18;;28;13;157;;0.52;18.63;;00:58;6.21;488.26;12.42;31.05;16,597.35;6;;;1;0;1;;4 minutes;0;0;00:18;00:20;100%;
Beautiful-KEN-;;182;42;32;7;;20.76;4.79;294;159;37;65,820;19,214;1,066;130,607;130;5;;;1,066;0.16;5%;3.86;29%;6,591;;2;6,591;16;4,739;298;37%;16;23,492;1,073;48;28;27;01:39;10;179;82;1,073;;0.99;8.67;4.22;01:05;14.83;752.03;18.14;33.54;14,902.63;76;2;9;6;16;30;4;1 hour;9;5;09:37;14:09;56%;4;;4;
BEBOFLOW-PR;;1,080;354;30;12;2;19.63;6.43;1,589;810;173;428,820;98,048;7,598;745,505;595;31;;11;7,598;0.16;7%;2.34;22%;39,302;2;2;39,302;23;9,478;558;37%;23;20,733;1,084;46;23;24;01:46;10;235;89;1,084;0.2;0.84;12.31;3.14;01:00;10.81;714.66;14.72;28.89;13,556.16;677;11;65;55;42;161;9;12 hours;55;22;55:50;01:02:49;40%;5;2;31;
BEN-B-en;;1,852;607;47;18;;21.29;6.97;2,812;1,555;222;586,640;198,895;9,050;1,462,980;1,085;77;;12;9,050;0.12;4%;3.19;33%;66,893;;21;66,893;28;11,075;687;56%;28;28,222;1,788;66;40;28;02:43;11;208;101;1,788;0.13;0.94;10.12;2.55;01:07;12.47;769.12;17.87;32.33;16,821.04;881;12;90;73;84;247;23;19 hours;87;44;01:38:32;02:52:46;50%;5;4;39;
Benjini14;;26;5;8;2;;12.67;2.43;40;19;6;8,300;2,010;95;12,864;18;;;;95;0.08;4%;2;24%;1,099;;;1,099;9;3,717;250;36%;9;6,046;359;13;8;8;00:58;3;36;23;359;;0.95;9.74;2.92;00:49;8.77;535.38;9.25;19.49;6,268.69;20;;2;3;1;5;;19 minutes;2;1;01:42;00:50;48%;;0;1;
BhaagMilkhaBhaag;;164;61;49;24;;19.84;7.38;235;166;52;29,660;9,932;868;83,684;91;7;;;868;0.14;8%;4.05;33%;5,771;;;5,771;18;6,713;635;41%;18;20,275;1,854;65;54;24;02:19;19;277;82;1,854;;0.99;7.01;6.29;01:07;11.01;698.39;20.08;28.43;10,126.75;58;2;6;5;11;22;4;1 hour;8;6;09:21;15:45;72%;4;1;2;
bhmazz;;695;168;36;11;;17.62;4.25;879;448;98;223,980;47,737;4,061;361,323;441;20;;4;4,061;0.12;8%;1.66;21%;25,381;2;22;25,381;11;4,633;377;41%;11;10,795;1,387;35;19;21;04:57;5;161;53;1,387;0.1;0.76;13.38;2.48;01:26;11.18;643.57;11.35;22.28;9,162;528;12;35;24;16;76;;9 hours;39;17;56:58;30:08;44%;4;1;21;
BloodHoundHD;;1,650;501;47;17;;22.91;6.95;2,453;1,410;288;510,680;143,279;10,414;1,125,899;946;45;;10;10,414;0.16;7%;2.57;28%;60,470;;12;60,470;18;8,184;613;52%;18;27,327;1,978;66;36;36;02:13;12;227;69;1,978;0.13;0.95;13.2;3.99;01:08;13.13;839.67;19.57;34.06;15,634.09;951;27;64;55;101;220;28;17 hours;72;27;01:22:22;02:14:41;37%;6;4;41;
Blota_Skoles;;1,217;346;52;16;3;26.49;7.53;1,649;989;186;258,040;85,830;7,789;692,510;680;43;;23;7,789;0.18;9%;2.45;33%;45,018;;;45,018;20;6,544;692;49%;20;23,689;1,889;70;41;33;03:25;9;298;77;1,889;0.5;1.06;14.62;4.04;01:33;14.8;980.05;21.53;35.89;15,075.96;672;16;49;48;49;146;9;11 hours;46;18;01:11:20;01:50:57;39%;5;3;24;
blueschopper0628;;1,733;595;29;12;;15.03;5.16;2,238;1,438;538;529,400;130,430;11,051;1,036,853;856;51;;4;11,051;0.13;8%;1.41;24%;65,185;17;108;65,185;14;4,969;461;44%;14;16,151;1,186;44;26;20;02:22;11;283;74;1,186;0.03;0.77;13.7;4.66;00:58;7.42;565.66;12.47;19.42;8,997.61;1,579;6;123;93;83;299;13;23 hours;115;53;01:53:12;01:54:51;45%;4;9;53;
BobbysWorldGamer;;240;73;28;11;;15.52;4.72;348;183;37;76,780;18,783;1,608;139,621;142;5;;;1,608;0.14;8%;2.16;24%;9,330;;3;9,330;19;4,975;344;42%;19;19,369;1,049;50;22;19;02:00;5;182;98;1,049;;0.83;10.41;2.39;00:54;9.18;603.46;11.83;22.5;9,031.08;161;4;17;13;7;37;;3 hours;15;6;14:01;10:39;39%;4;3;6;
BONBISH;;2,322;617;49;17;2;24.44;6.49;3,350;2,059;448;576,960;190,836;14,449;1,386,298;1,497;76;;8;14,449;0.18;7%;2.85;33%;85,630;;45;85,630;23;7,916;587;76%;23;24,326;1,946;70;48;45;03:17;11;281;124;1,946;0.08;1.1;12.35;4.71;01:35;15.76;901.58;21.67;35.27;14,596;1,173;18;109;103;133;345;31;21 hours;95;44;02:31:18;05:05:26;46%;5;4;47;
boneh;;9,636;3,120;47;20;3;20.88;6.76;14,788;8,433;1,884;2,265,200;661,463;47,520;5,225,810;5,129;302;;65;47,520;0.15;7%;4.38;29%;349,485;6;174;349,485;41;10,488;793;93%;41;29,653;1,862;105;57;34;04:46;18;354;107;1,862;0.14;1.16;7.31;4.08;01:01;11.11;757.64;18.28;32.05;11,328.95;3,374;59;504;505;631;1,640;269;83 hours;461;404;07:49:12;17:14:09;87%;5;12;46;
Buahahahaha;;566;159;51;11;;20.52;5.76;787;475;130;118,220;36,564;2,590;274,941;364;11;;;2,590;0.11;7%;2.34;30%;21,077;2;14;21,077;18;3,865;442;48%;18;18,528;1,985;58;42;40;03:54;13;163;50;1,985;0.03;0.91;12.14;4.71;01:34;13.19;764.19;17.22;28.53;9,968.48;335;7;34;27;22;83;5;6 hours;28;19;43:20;39:56;68%;4;;9;
bullet-toes;;61;14;38;10;;26.44;6.06;85;46;3;17,080;4,333;274;28,856;44;2;;;274;0.13;6%;3.69;25%;2,078;;3;2,078;16;3,626;340;27%;16;20,199;1,242;53;34;35;03:15;3;209;28;1,242;;1.04;9.97;1.3;01:56;19.07;900.85;19.94;36.85;12,510.29;23;;3;1;6;10;2;33 minutes;2;;04:29;05:22;;4;;2;
BunnyFuufu;;49;13;12;4;;30.83;8.18;71;35;8;13,220;4,235;237;28,375;28;;;2;237;0.15;5%;2.95;32%;1,765;;;1,765;8;2,583;195;40%;8;5,576;434;16;8;7;00:49;2;67;23;434;1.25;1.13;15.1;5.03;01:53;17.62;1,110.85;22.02;44.68;17,856.99;24;;3;1;1;5;;25 minutes;2;1;03:00;01:25;74%;3;;0;
buraki35;;60;15;18;4;;17.01;4.25;96;51;8;24,040;6,303;497;50,491;30;;;;497;0.18;7%;1.92;26%;2,067;;;2,067;10;3,126;324;30%;10;13,930;666;33;13;15;01:11;3;162;35;666;;0.76;14.18;2.26;00:48;8.5;586.4;14.46;27.22;14,321.48;50;2;5;3;4;12;;44 minutes;4;2;02:51;04:23;62%;3;0;1;
burntlasagna;;60;28;19;8;;16.18;7.55;104;57;8;17,900;5,187;334;39,840;48;2;;;334;0.1;6%;1.96;28%;2,270;;;2,270;9;3,463;205;32%;9;12,273;779;32;18;15;01:07;2;77;47;779;;0.7;14.29;2.15;01:06;12.94;612.17;15.37;28.04;10,744.01;53;;3;3;3;8;;53 minutes;4;2;04:07;04:15;64%;5;;1;
C4-from_above;;36;2;22;2;;20.33;1.12;41;21;6;9,180;2,075;162;15,073;18;;;;162;0.12;7%;4.55;22%;1,114;;;1,114;14;4,459;318;25%;14;9,403;630;24;12;10;02:05;3;96;42;630;;0.85;5.08;3.38;01:35;10.16;629.34;11.86;23.15;8,514.32;9;;2;3;;5;;21 minutes;2;2;02:49;02:40;100%;
CapuSound99;;37;10;29;10;;28.62;7.73;49;32;6;7,620;2,779;133;20,147;18;2;;;133;0.09;4%;4.08;36%;1,348;;;1,348;15;6,061;232;39%;15;17,231;1,070;45;31;16;01:12;6;67;28;1,070;;1.01;9.28;4.64;01:24;13.92;1,043.13;24.75;37.9;15,587.04;12;;2;0;2;4;;22 minutes;1;;01:49;05:02;;3;1;0;
Cassia7;;10,036;3,649;73;21;;20.84;7.58;16,157;8,626;1,487;3,804,980;1,179,768;65,256;8,744,412;6,302;435;;33;65,256;0.16;5%;3.3;31%;356,936;;58;356,936;25;10,528;719;55%;25;40,547;2,507;82;48;39;03:50;12;354;112;2,507;0.06;0.89;10.14;3.08;01:13;13.09;741.45;17.91;33.56;18,164.65;4,883;76;412;403;787;1,601;214;111 hours;481;258;09:51:35;13:44:09;53%;5;20;204;
chaikurox;;97;21;32;13;;22.75;4.92;136;80;23;26,100;7,363;668;55,362;42;3;;;668;0.19;9%;3.16;28%;3,595;;;3,595;15;4,911;693;29%;15;16,112;1,221;43;25;16;01:18;8;216;61;1,221;;1.03;10.08;5.39;01:01;9.85;843.22;18.76;31.9;12,986.61;43;;4;4;5;13;;57 minutes;4;3;04:22;07:02;62%;6;;2;
chefskywalker420;;18;6;11;3;;26.58;8.86;27;13;4;3,540;922;97;6,765;15;;;;97;0.14;10%;2.7;26%;456;;;456;13;2,239;179;26%;13;2,902;243;15;9;14;00:58;3;66;29;243;;0.67;14.76;5.9;01:45;22.15;673.46;19.19;39.87;9,991.69;10;;0;1;0;1;;11 minutes;1;0;01:11;00:57;62%;;;0;
Chewdle;;746;286;35;19;;21.8;8.36;1,271;690;113;256,860;71,653;5,209;520,851;527;41;;5;5,209;0.19;7%;4.26;27%;26,800;;12;26,800;19;7,475;578;38%;19;19,951;1,320;57;33;34;03:45;6;293;120;1,320;0.14;1;8.71;3.3;01:25;15.4;783.45;20.17;37.15;15,225.99;298;8;38;34;49;121;18;7 hours;34;29;48:40;01:30:55;86%;5;1;4;
ChievementHunter;;41;22;41;22;;41;22;54;36;6;9,420;2,980;246;23,953;37;3;;;246;0.18;8%;3.85;31%;1,605;;;1,605;9;2,873;295;31%;9;23,953;1,605;54;36;37;04:07;6;246;45;1,605;;1.18;14;6;04:07;37;1,604.67;36;54;23,953.05;14;;;1;3;4;;22 minutes;1;;04:07;08:56;;5;;1;
Chimichanga49er;;26;6;14;3;;28.01;6.46;37;24;2;4,880;1,465;117;10,216;14;;;;117;0.2;7%;18.5;30%;834;;;834;15;4,227;420;34%;15;4,647;447;16;11;7;01:05;;59;57;447;;1.46;2.15;2.15;02:17;15.08;898.27;25.86;39.86;11,007.77;2;;1;2;1;3;;9 minutes;1;1;02:07;04:39;54%;;;0;
Chuni-Byo;;1,620;603;40;19;;17.3;6.43;2,828;1,447;213;727,760;217,840;10,489;1,629,761;1,092;70;;;10,489;0.14;4%;3.4;29%;57,122;3;17;57,122;22;15,198;622;51%;22;26,580;1,414;57;27;30;02:22;6;232;86;1,414;;0.77;8.86;2.27;01:12;11.66;610.04;15.45;30.2;17,405.34;830;6;107;89;122;318;28;20 hours;94;46;01:53:51;01:54:44;48%;4;7;41;
Colonel00627;;13;5;10;4;;9.17;3.52;37;19;;8,160;1,855;100;12,285;13;2;;;100;0.09;5%;3.7;22%;341;;;341;12;2,538;221;42%;12;5,860;235;20;11;8;00:12;;35;22;235;;0.32;7.05;;00:21;9.17;240.96;13.4;26.1;8,669.27;10;;1;2;1;3;;17 minutes;1;1;00:30;;78%;4;0;0;
crazy_dolls;;1,080;383;38;18;2;21.8;7.73;1,690;1,035;230;398,420;115,176;5,928;851,239;651;58;;10;5,928;0.16;5%;4.43;28%;38,449;;14;38,449;28;12,837;733;43%;28;38,977;1,420;55;37;29;03:01;12;282;74;1,420;0.2;1.03;7.69;4.64;01:09;13.14;776.11;20.89;34.11;17,182.95;381;5;30;42;105;177;31;10 hours;50;26;57:41;02:28:37;53%;6;3;20;
crimsonview93;;140;35;57;24;;28.09;7.02;173;106;30;35,880;10,845;705;74,130;87;4;;;705;0.16;6%;2.88;30%;5,150;;3;5,150;15;5,540;399;33%;15;33,802;2,000;82;46;53;04:58;11;295;61;2,000;;1.16;12.04;6.02;01:58;17.46;1,033.69;21.27;34.72;14,878.97;60;;4;3;9;16;2;1 hour;5;3;09:48;15:08;61%;4;0;1;
CrispeChris;;84;27;20;7;;18.18;5.84;163;84;7;24,860;8,617;788;69,088;55;7;;;788;0.23;9%;4.07;34%;2,921;;;2,921;12;4,380;457;43%;12;16,322;802;53;26;24;01:03;2;213;77;802;0.21;0.86;8.66;1.51;00:57;11.9;632.47;18.18;35.28;14,957.55;40;3;3;6;4;13;;56 minutes;5;4;04:23;05:25;91%;4;;0;
CW-punchL1nez;;263;65;30;10;;22.54;5.57;388;252;71;66,540;18,324;1,480;141,441;155;2;;3;1,480;0.13;8%;2.91;27%;10,155;;3;10,155;18;6,060;489;41%;18;20,077;1,263;47;30;19;01:38;11;200;69;1,263;0.25;0.95;11.4;6.08;01:10;13.28;870.65;21.6;33.26;12,126.08;133;;11;14;8;34;4;2 hours;12;8;13:37;17:50;65%;3;0;4;
cyber_animaI;;1,063;332;40;20;;22.6;7.05;1,761;874;112;358,460;106,375;6,391;774,983;697;61;;3;6,391;0.17;6%;4.35;29%;36,011;;6;36,011;28;8,333;677;53%;28;32,398;1,155;63;34;33;03:24;5;193;104;1,155;0.06;0.95;8.58;2.38;01:26;14.81;765.66;18.58;37.44;16,477.71;404;3;45;46;69;160;16;10 hours;47;34;01:08:02;01:23:52;72%;6;1;12;
CyberBuIIying;;52;22;11;6;;14.58;6.17;100;51;5;18,060;5,274;468;39,534;31;2;;;468;0.18;8%;3.12;29%;2,103;;;2,103;9;4,253;230;35%;9;11,076;540;23;13;10;00:46;3;162;60;540;;0.84;8.97;1.4;00:39;8.69;589.94;14.3;28.04;11,087.84;32;3;6;3;1;10;;41 minutes;4;3;02:21;03:47;82%;4;;1;
D4C-N;;135;40;29;10;;16.17;4.79;201;106;22;49,640;14,640;1,055;101,220;91;6;;;1,055;0.18;7%;3.09;29%;5,403;;5;5,403;17;5,913;539;38%;17;19,849;1,143;46;27;27;01:37;8;206;82;1,143;;0.94;7.78;2.63;00:58;10.9;647.5;12.7;24.08;12,130.31;65;;6;11;3;20;2;1 hour;8;2;08:07;06:19;22%;4;1;5;
DARK_ASSAS1NATOR;;639;138;29;8;;16.9;3.65;1,258;635;85;193,600;48,999;4,484;346,565;328;24;;5;4,484;0.21;9%;8.79;25%;22,408;;13;22,408;23;7,405;618;36%;23;18,596;1,262;46;29;24;02:00;6;253;138;1,262;0.13;1.05;3.78;2.24;00:41;8.67;592.87;16.8;33.28;9,169.64;143;2;43;37;57;137;27;5 hours;38;37;26:05;01:04:52;98%;4;0;0;
Defyz---;;868;300;40;13;2;24.54;8.48;1,352;812;158;203,240;68,366;4,863;534,368;459;44;;9;4,863;0.16;7%;4.01;33%;32,426;;;32,426;26;7,156;867;51%;26;20,347;1,442;52;36;33;02:06;8;207;80;1,442;0.25;1.08;9.53;4.46;01:02;12.98;917.1;22.96;38.23;15,113.32;337;6;29;37;49;115;14;8 hours;35;25;37:04;01:25:40;70%;6;1;9;
Demented_Hiei;;51;15;21;7;;15.78;4.64;78;44;8;21,780;4,102;296;33,996;38;;;;296;0.11;7%;1.65;18%;1,915;;;1,915;11;3,416;432;23%;11;13,917;723;38;16;20;01:37;3;133;29;723;;0.72;14.55;2.47;01:00;11.76;592.96;13.62;24.14;10,525.2;47;2;5;2;4;11;;43 minutes;3;;03:15;03:13;;3;;3;
Desterix_452;;68;13;13;6;;14.84;2.83;99;47;12;21,640;5,493;493;41,630;54;2;;;493;0.13;8%;1.59;25%;2,564;;2;2,564;9;3,700;379;38%;9;7,053;554;20;8;13;01:39;3;71;56;554;;0.7;13.53;2.62;01:33;11.79;559.73;10.26;21.61;9,089.6;62;3;5;5;5;15;;1 hour;5;1;07:09;04:45;23%;4;;4;
DEVIL_SHADOW_KSA;;32;5;7;3;;12.7;1.98;40;23;6;12,300;3,448;246;23,659;17;;;;246;0.13;7%;0.97;28%;1,068;;6;1,068;5;2,816;200;50%;5;4,581;275;8;7;4;00:36;2;64;39;275;;0.58;16.28;2.38;01:14;6.75;424.24;9.13;15.88;9,395.54;41;;3;1;3;7;;30 minutes;3;1;03:07;00:44;24%;;0;2;
D-fantasy_;;46;13;15;5;;19.52;5.51;70;29;2;22,000;5,675;338;41,892;35;;;;338;0.17;5%;2.5;25%;1,551;;;1,551;16;7,367;285;25%;16;12,157;470;20;9;10;02:17;2;105;47;470;;0.78;11.88;0.84;02:15;14.85;658.2;12.3;29.71;17,780.31;28;;2;4;3;8;;33 minutes;2;1;05:19;01:09;34%;3;0;1;
DifferentD;;4,697;1,446;61;20;2;21.98;6.76;6,956;4,066;942;1,233,200;339,545;27,456;2,716,361;2,762;171;;24;27,456;0.15;8%;2.74;27%;176,048;5;49;176,048;24;8,989;580;74%;24;26,170;2,562;69;50;36;03:53;13;409;104;2,562;0.11;0.98;11.86;4.4;01:22;12.92;824.14;19.03;32.56;12,716.25;2,535;44;216;214;273;703;68;49 hours;214;102;04:54:07;07:26:27;47%;5;13;98;
DigitalNex;;168;43;24;10;;15.09;3.86;254;135;22;40,440;14,062;1,098;104,804;93;9;;;1,098;0.15;7%;2.76;34%;5,685;;;5,685;18;5,479;329;49%;18;12,602;813;42;22;16;02:03;4;139;90;813;;0.8;8.26;1.97;00:56;8.35;510.88;12.13;22.82;9,418.67;92;;12;9;5;26;;1 hour;11;7;10:32;13:28;64%;4;0;4;
Divinity-X-;;712;220;37;15;;21.92;6.77;1,120;603;124;249,200;67,591;5,787;515,227;444;38;;5;5,787;0.2;8%;3.36;27%;25,178;;;25,178;22;6,345;449;47%;22;22,835;1,422;52;30;23;01:55;8;374;101;1,422;0.15;0.89;10.25;3.81;01:04;13.67;775.41;18.57;34.49;15,867.91;333;4;26;34;36;96;7;7 hours;32;19;34:56;59:42;59%;5;1;13;
DramaticMango;;32;10;10;5;;18.58;5.8;44;32;13;9,840;2,914;268;21,173;16;;;;268;0.21;9%;2.31;29%;1,379;;;1,379;9;4,782;282;28%;9;6,938;434;11;8;7;00:39;4;78;42;434;;1.1;11.03;7.55;00:50;9.29;801.02;18.58;25.56;12,300.29;19;;3;3;1;7;;20 minutes;2;0;01:26;04:14;14%;3;;1;
Drest24;;5;;5;5;;10.62;10.62;;;;;;;5,798;;;;;57;;;;23%;193;;;193;;;;;;4,499;;;;;;;52;36;193;;0.53;6.37;6.37;00:05;8.49;409.83;19.12;38.24;12,318.67;3;;;1;;2;;6 minutes;;;00:02;01:43;76%;4;;0;
Drew_MK;;29;10;16;5;;18.79;6.48;44;24;6;5,620;1,909;132;15,532;32;;;;132;0.12;6%;3.38;33%;1,061;;;1,061;13;3,480;390;;13;6,850;540;21;12;20;01:07;5;67;33;540;;0.98;8.42;3.88;01:22;20.74;687.41;15.55;28.51;10,066.47;13;;2;1;2;4;;17 minutes;2;0;02:07;06:42;13%;3;0;1;
drewsausage;;2;;2;;;5.3;;2;2;;1,100;333;26;2,166;;;;;26;0.11;7%;0.33;30%;100;;;100;;728;100;;1;1,097;100;;;;00:05;;16;8;100;;0.46;15.9;;00:22;2.65;265.02;5.3;5.3;5,740.11;6;;1;0;0;1;;3 minutes;0;;00:08;;;;;0;
DridenGX;;155;43;48;17;;17.24;4.78;225;168;70;34,400;11,655;1,238;89,216;82;;;;1,238;0.17;10%;1.87;33%;6,218;;18;6,218;13;3,998;534;41%;13;24,030;2,106;62;38;28;02:07;14;240;73;2,106;;0.87;13.35;7.78;00:55;9.12;691.85;18.69;25.03;9,926.14;120;3;9;10;11;30;3;1 hour;9;2;08:22;18:06;25%;;;7;
Droxzio;;113;32;36;10;;23.34;6.61;163;115;32;26,020;7,502;580;56,074;52;4;;;580;0.17;7%;4.07;28%;4,559;;2;4,559;21;4,843;605;36%;21;17,511;1,495;45;38;17;01:32;17;174;82;1,495;0.2;1.35;8.26;6.61;01:04;10.74;941.99;23.76;33.67;11,586.06;40;;4;4;7;15;2;56 minutes;5;4;05:11;14:15;82%;4;;1;
DSZY;;2,259;690;55;20;;19.51;5.96;3,262;1,762;346;870,620;186,918;11,579;1,436,245;1,411;85;;9;11,579;0.12;6%;2.74;21%;78,095;;57;78,095;35;8,871;693;35%;35;26,156;1,715;67;40;45;03:20;12;316;111;1,715;0.07;0.83;10.25;2.98;01:26;12.19;674.75;15.22;28.18;12,409.29;1,187;25;129;116;137;382;32;26 hours;116;58;02:47:05;02:46:01;49%;4;4;53;
DutchieSoInsane;;1,249;392;59;14;2;22.78;7.14;1,704;1,090;305;295,940;101,343;8,509;754,126;829;51;;13;8,509;0.18;8%;2.34;34%;47,201;2;50;47,201;26;7,845;662;71%;26;28,832;2,277;71;39;39;04:05;16;295;146;2,277;0.23;1.02;13.27;5.56;01:37;15.12;860.88;19.88;31.07;13,754.39;728;10;50;53;93;196;19;12 hours;55;20;01:28:47;02:22:41;35%;5;5;30;
eastcoastrider71;;318;73;44;10;;17.04;3.91;404;222;62;95,140;22,419;1,744;157,469;188;9;;;1,744;0.12;7%;1.64;23%;11,839;;8;11,839;15;3,240;560;63%;15;14,958;1,925;45;29;31;03:19;13;159;53;1,925;;0.82;13.18;3.32;01:15;10.07;634.52;11.89;21.65;8,439.61;246;;20;19;19;59;2;3 hours;19;4;23:24;18:02;22%;3;0;14;
ecotaku;;227;64;30;8;;19.66;5.54;338;198;47;58,960;16,176;1,239;129,769;112;8;;2;1,239;0.12;7%;2.48;27%;8,678;;8;8,678;13;4,637;377;47%;13;11,953;1,089;44;27;16;01:15;6;164;43;1,089;0.17;0.9;11.78;4.07;00:54;9.7;751.76;17.15;29.27;11,241.2;136;;7;10;12;30;;2 hours;12;5;10:28;19:26;39%;4;0;7;
ejakiller;;8;2;6;2;;26.1;6.52;12;8;2;1,640;379;79;3,455;3;;;;79;0.34;20%;6;23%;227;;;227;7;1,278;227;24%;7;2,517;227;9;7;3;00:10;2;58;48;227;;0.98;6.52;6.52;00:34;9.78;741.6;26.1;39.15;11,276.1;2;;0;0;0;1;;3 minutes;0;0;00:10;00:56;71%;;;0;
eliizabethx;;;;;;;2.96;;;;;1,020;306;36;1,362;;;;;36;0.14;11%;;30%;50;;;50;;751;50;30%;;1,362;50;;;;;;36;32;50;;0.2;8.89;;;;148.26;;;4,040.01;3;;;0;;0;;4 minutes;0;;;;;;;0;
eliteboy_1da;;2,127;641;49;21;2;23.84;7.18;2,806;1,729;438;477,960;145,467;12,722;1,181,098;1,086;56;;29;12,722;0.17;8%;2.45;30%;83,485;6;26;83,485;22;11,877;751;49%;22;26,274;1,986;60;38;31;02:42;10;321;94;1,986;0.32;1.13;12.82;4.9;01:16;12.17;935.76;19.37;31.45;13,238.6;1,144;19;93;87;115;296;34;20 hours;89;44;01:53:25;03:27:46;49%;6;5;40;
entoe12;;5,185;1,582;48;19;2;17.95;5.47;8,392;4,461;990;2,465,440;628,148;34,241;4,297,366;3,506;198;;6;34,241;0.15;5%;2.76;25%;183,538;3;59;183,538;31;11,637;551;65%;31;30,635;1,865;59;38;32;04:18;11;243;99;1,865;0.02;0.8;10.51;3.42;01:17;12.13;635.5;15.44;29.05;14,879.69;3,037;42;301;287;414;1,002;97;62 hours;289;138;06:12:25;07:24:28;47%;5;13;137;
Erenksk9;;869;345;41;18;2;22.03;8.74;1,410;757;122;297,320;74,179;5,277;585,848;498;43;;5;5,277;0.18;7%;3.72;24%;31,835;;5;31,835;24;8,163;612;58%;24;24,371;1,555;59;33;26;02:35;7;283;74;1,555;0.12;1.1;9.6;3.09;01:01;12.62;807.2;19.19;35.75;14,854.83;379;6;29;33;82;145;24;8 hours;39;31;40:42;01:51:17;79%;5;2;7;
EvanMario;;1,376;476;41;14;;23.27;8.05;2,153;1,270;286;281,580;83,387;8,157;700,294;707;68;;17;8,157;0.19;9%;5.07;29%;50,202;;8;50,202;30;7,836;864;45%;30;18,961;1,609;55;37;25;02:14;11;235;103;1,609;0.28;1.17;7.17;4.83;00:48;11.95;849.2;21.48;36.42;11,846.14;424;6;62;44;85;191;36;11 hours;59;53;48:00;02:33:39;89%;5;1;5;
Evilduck1903;;195;63;26;13;;20.86;6.74;286;185;80;52,260;14,920;1,297;114,166;125;6;;;1,297;0.17;8%;2.53;28%;8,079;;14;8,079;11;4,248;483;34%;11;14,948;1,025;37;29;23;01:31;14;175;56;1,025;;1.08;12.09;8.55;01:01;13.37;864.42;19.79;30.6;12,215.67;113;;9;15;10;34;4;2 hours;9;5;09:38;26:12;51%;3;1;3;
Fade_BR;;340;113;33;15;;19.47;6.47;553;279;57;129,600;31,707;2,449;243,491;315;14;;;2,449;0.17;7%;2.68;24%;12,468;;10;12,468;16;6,796;495;46%;16;22,315;1,361;62;35;35;03:29;7;257;60;1,361;;0.86;11.79;3.26;01:58;18.03;713.99;15.97;31.66;13,944.36;206;5;20;24;13;57;5;3 hours;17;10;34:26;30:23;58%;4;;7;
Fairystinky;;3,935;1,140;43;20;;19.75;5.72;5,106;3,069;1,001;1,200,520;265,449;18,289;1,929,789;2,294;119;;8;18,289;0.11;6%;2.33;22%;149,737;5;217;149,735;29;6,341;686;67%;29;21,676;1,795;61;43;34;03:42;18;232;100;1,795;0.04;0.94;10.98;5.02;01:14;11.51;751.55;15.4;25.62;9,685.89;2,188;26;208;207;209;624;48;44 hours;199;81;04:08:59;05:02:06;40%;6;13;105;
FeaRisSiKK;;204;59;42;14;;30.09;8.7;318;187;48;54,280;14,833;974;111,136;143;7;;;974;0.19;6%;6.76;27%;7,625;;9;7,625;21;6,538;527;33%;21;28,242;1,629;64;36;33;02:32;12;170;67;1,629;;1.5;6.93;7.08;01:32;21.09;1,124.99;27.58;46.91;16,396.44;47;;6;3;19;28;7;1 hour;7;5;10:27;32:19;70%;5;1;1;
fishlover267;;35;10;22;5;;32.2;9.2;51;21;5;11,060;2,321;130;18,613;35;2;;;130;0.11;5%;4.63;20%;1,026;;;1,026;10;2,924;287;24%;10;11,902;661;31;11;19;01:43;5;76;28;661;0.92;0.9;10.12;4.6;02:29;32.2;943.92;19.32;46.92;17,126.75;11;;2;1;;3;;18 minutes;1;1;02:42;02:32;53%;4;1;0;
Flown_Jebus;;107;22;23;9;;31.96;6.57;189;103;28;30,940;10,164;809;74,882;94;2;;3;809;0.23;7%;5.1;32%;4,127;;;4,127;12;5,773;318;52%;12;18,942;920;40;22;21;01:32;6;182;76;920;0.89;1.18;11.05;8.36;02:07;28.08;1,232.83;30.77;56.46;22,371.7;37;;3;4;5;12;3;58 minutes;3;2;07:07;20:04;53%;3;0;1;
flyinganimal;;623;268;40;15;;20.65;8.88;1,105;603;99;259,680;82,756;4,285;617,876;425;41;;2;4,285;0.16;5%;3.51;31%;22,052;;;22,052;27;9,922;428;57%;27;43,050;1,105;75;49;32;03:27;8;354;79;1,105;0.06;0.84;10.4;3.28;01:40;14.08;730.95;19.98;36.62;20,480.34;314;3;17;17;67;101;17;7 hours;30;15;50:28;01:24:30;48%;5;2;14;
FlyNameHere;;2,539;820;30;15;;10.77;3.47;3,866;1,939;651;1,210,580;226,776;14,248;1,567,965;2,063;71;;;14,248;0.08;6%;1.55;18%;94,722;15;464;94,722;15;6,293;445;73%;15;17,224;1,216;38;27;26;03:46;11;166;49;1,216;;0.56;10.55;2.76;01:25;8.75;401.95;8.22;16.4;6,653.66;2,488;36;226;209;206;641;18;46 hours;236;89;05:35:36;02:16:05;37%;5;25;121;
forrestsmith2;;307;83;30;11;;21.45;5.8;462;260;69;90,260;25,531;2,034;200,149;186;9;;2;2,034;0.17;7%;3.2;28%;11,877;;;11,877;20;6,116;614;48%;20;15,660;1,210;42;29;19;00:59;11;203;92;1,210;0.13;1.03;10.06;4.82;00:51;13;830.13;18.17;32.29;13,989.26;144;7;10;12;15;38;7;3 hours;14;7;12:13;24:32;50%;4;1;7;
fructoseghost;;2,027;505;34;12;3;22.34;5.56;2,620;1,526;361;488,620;138,475;9,371;1,065,678;1,119;49;;39;9,371;0.12;6%;2.05;28%;74,409;;34;74,409;17;6,196;740;52%;17;21,027;1,465;50;24;22;02:57;8;154;93;1,465;0.42;0.98;14.06;3.97;01:22;12.33;820.2;16.82;28.88;11,746.93;1,276;25;94;73;63;230;15;21 hours;91;44;02:05:24;02:14:43;48%;5;3;44;
FvsNeLL;;410;139;29;8;;15.58;5.28;809;395;62;190,160;52,745;2,932;351,500;218;22;;;2,932;0.17;5%;5.39;27%;14,004;;7;14,004;24;11,977;621;35%;24;19,098;965;44;27;17;01:06;5;149;71;965;0.03;0.82;5.7;2.35;00:39;8.28;532.37;15.01;30.75;13,362.19;150;4;26;23;31;79;13;4 hours;26;21;17:14;45:03;81%;5;1;4;
games3_112;;6;2;6;2;;7.69;2.56;14;8;5;2,120;665;50;3,559;7;;;;50;0.2;7%;14;31%;273;;;273;9;2,558;173;;9;3,559;273;14;8;7;00:20;5;50;27;273;;1.13;1.28;6.41;00:26;8.97;349.44;10.25;17.95;4,563.5;;;2;;2;4;;3 minutes;1;1;00:20;01:05;100%;
Gandalion;;242;74;18;7;;12.29;3.75;419;187;34;130,600;26,366;1,810;189,315;180;3;;;1,810;0.12;6%;1.8;20%;8,728;2;3;8,728;14;3,766;337;45%;14;11,683;623;32;14;18;01:29;3;116;42;623;;0.58;11.78;1.72;00:56;9.14;443.34;9.49;21.28;9,615.98;232;5;17;17;7;41;;4 hours;20;7;18:35;06:51;35%;4;2;11;
ginko_503;;16;6;9;3;;13.96;5.23;26;15;7;5,120;1,142;141;9,512;15;;;;141;0.17;12%;2.16;22%;579;;;579;7;1,508;250;31%;7;4,746;279;14;6;10;00:50;4;68;33;279;;0.72;10.47;6.1;01:24;13.08;504.96;13.08;22.68;8,300.03;12;;1;1;1;3;;13 minutes;1;1;01:37;00:35;73%;3;;0;
GodzillavsMuto;;10;2;10;2;;25.55;5.11;7;2;;1,640;567;33;4,155;4;;;;33;0.08;5%;1.75;34%;339;;;339;3;2,085;122;34%;3;4,155;339;7;2;4;00:54;;33;16;339;;0.85;10.22;;02:18;10.22;865.03;5.11;17.88;10,616.55;4;;1;;;1;;6 minutes;0;;00:54;;;;0;0;
GoldenBullet20;;584;175;50;15;2;21.17;6.34;986;474;63;196,580;55,099;3,337;383,177;360;24;;4;3,337;0.17;6%;4.95;28%;20,231;;7;20,231;24;9,036;643;41%;24;27,050;1,414;60;39;22;02:50;7;242;62;1,414;0.14;1.03;7.21;2.28;01:07;13.05;733.48;17.18;35.74;13,892.08;199;4;33;21;45;99;15;5 hours;28;21;31:01;52:03;75%;5;0;7;
GoMu___;;9;3;9;3;;13.14;4.38;8;4;;3,800;998;99;7,432;3;;;;99;0.2;9%;;26%;307;;;307;7;2,773;275;28%;7;6,782;307;8;4;3;00:57;;86;38;307;;0.62;11.68;;01:32;4.38;448.44;5.84;11.68;10,857;8;;1;1;;3;;8 minutes;1;;01:03;00:17;;;;1;
GuardiaoDaGalaxy;;5;;5;;;22.2;4.44;10;5;;1,120;262;32;2,262;6;;;;32;0.21;12%;;23%;250;;;250;10;2,262;250;23%;10;2,262;250;10;5;6;00:06;;32;32;250;;1.69;;4.44;00:27;26.64;1,110.19;22.2;44.4;10,046.77;;;0;0;;0;;2 minutes;0;0;00:06;;100%;
gulight;;24;7;24;7;;24;7;41;31;6;6,660;1,534;125;13,211;17;;;;125;0.15;8%;3.41;23%;828;;;828;8;3,847;223;23%;8;13,211;828;41;31;17;01:13;6;125;48;828;1;1.02;12;6;01:13;17;828.14;31;41;13,211.56;12;2;;2;2;4;;13 minutes;1;1;01:13;02:12;100%;3;
Highlander_scott;;702;249;36;16;;18.29;6.48;1,142;690;157;211,620;69,255;5,636;540,783;405;30;;7;5,636;0.18;8%;2.59;32%;25,398;;9;25,398;22;12,036;407;54%;22;22,431;1,308;66;31;23;02:17;11;354;93;1,308;0.18;0.81;11.46;4.09;01:10;10.55;661.77;17.97;29.75;14,090.76;440;2;43;36;47;127;14;8 hours;38;15;45:16;01:09:55;39%;6;4;19;
hiijle;;86;26;18;6;2;15.41;4.66;114;51;8;26,840;6,099;339;45,343;46;2;;2;339;0.07;5%;1.96;22%;3,105;;2;3,105;13;3,035;300;31%;13;9,362;738;27;13;10;01:16;3;80;42;738;0.35;0.69;10.39;1.43;00:53;8.24;556.75;9.14;20.43;8,129.87;58;;5;3;2;10;;1 hour;6;0;04:57;01:50;8%;3;;5;
honoto-1104;;109;48;23;10;;16.48;7.26;176;122;33;34,880;10,641;782;79,511;76;5;;;782;0.18;7%;3.14;30%;4,192;;;4,192;14;4,504;531;45%;14;17,042;852;34;22;20;02:32;8;215;47;852;0.15;0.99;8.47;4.99;01:08;11.49;634.02;18.45;26.62;12,026.65;56;;6;5;9;20;3;1 hour;7;4;07:32;16:02;67%;5;1;2;
HordesOfRaiders;;26;6;24;6;;22.37;5.16;32;15;7;8,240;1,739;129;13,890;12;;;;129;0.13;7%;2.28;21%;1,097;;;1,097;12;4,648;283;;12;11,078;997;30;14;11;00:43;6;86;26;997;;1.16;12.05;6.02;00:44;10.32;944.01;12.91;27.54;11,955.36;14;;2;0;0;2;;15 minutes;1;0;00:51;03:09;15%;;;1;
hourai127;;7,446;2,131;44;15;;15.85;4.53;10,648;6,009;1,581;2,825,240;685,759;38,462;4,953,863;5,101;219;;10;38,462;0.11;5%;2.62;24%;266,595;5;245;266,595;19;11,256;638;65%;19;26,235;1,535;62;39;41;04:44;11;276;95;1,535;0.02;0.77;8.63;3.36;01:30;10.86;567.63;12.79;22.67;10,547.85;4,057;59;492;523;556;1,571;137;96 hours;470;242;11:51:06;07:46:57;51%;5;19;209;
huumQc_;;11;2;10;2;;15.61;2.83;14;7;;2,860;791;55;5,841;7;;;;55;0.1;6%;1.55;27%;363;;;363;4;1,771;107;;4;5,049;350;13;6;7;00:24;;48;15;350;;0.7;12.77;1.41;00:35;9.93;514.76;9.93;19.87;8,291.74;9;;1;1;0;2;;8 minutes;1;0;00:24;00:40;40%;;;0;
I_Only_AWP_B;;1,130;391;32;18;;21.64;7.49;1,845;1,082;252;241,240;78,450;5,787;633,481;550;53;;4;5,787;0.16;7%;4.62;32%;41,947;;8;41,947;29;6,981;651;53%;29;24,390;1,284;60;35;23;02:59;13;165;65;1,284;0.07;1.16;7.64;4.82;00:58;10.53;803.6;20.72;35.34;12,135.85;399;5;48;57;61;166;25;10 hours;52;46;51:12;02:21:07;89%;5;1;5;
iekgaa___;;50;20;23;10;;29.52;11.8;78;52;15;17,580;5,774;226;44,641;48;2;;3;226;0.14;3%;4.87;32%;1,563;;;1,563;12;8,145;364;41%;12;27,615;780;39;27;21;02:42;6;113;34;780;1.77;1;9.44;8.85;03:33;28.34;922.74;30.7;46.05;26,359.78;16;;2;0;5;7;;25 minutes;2;2;06:02;08:38;100%;3;
IHateUddesd;;483;144;46;12;4;15.8;4.71;703;367;82;146,760;32,919;2,597;257,746;384;18;;10;2,597;0.1;7%;2.16;22%;17,393;11;29;17,393;20;7,157;511;35%;20;17,506;1,705;63;25;37;04:42;9;273;78;1,705;0.32;0.69;10.63;2.68;02:05;12.56;569.25;12.01;23;8,435.79;325;5;37;26;28;90;4;6 hours;31;12;01:03:39;24:30;39%;4;2;17;
IKizzLE;;5;;5;;;10.08;2.01;8;5;;2,860;828;36;4,982;3;;;;36;0.09;4%;1.33;28%;160;;;160;5;1,557;110;;5;4,240;160;8;5;3;00:50;;24;12;160;;0.4;12.1;2.01;01:42;6.05;323.2;10.08;16.13;10,050.22;6;;0;1;1;1;;6 minutes;0;;00:51;00:36;;;;0;
iMightyElephant;;109;40;15;6;;14.39;5.28;182;100;22;42,200;10,562;794;85,213;81;8;;;794;0.13;7%;1.89;25%;3,704;;;3,704;10;3,800;244;33%;10;12,465;601;27;13;19;01:20;7;112;45;601;;0.61;12.67;2.9;01:17;10.69;489.29;13.2;24.03;11,255.18;96;2;10;8;3;21;;1 hour;8;3;09:46;08:15;39%;4;2;3;
ImperfectXD;;6;;6;;;17.82;2.97;9;2;;2,340;729;62;5,364;3;;;;62;0.21;8%;1.8;31%;169;;;169;6;3,310;91;;6;5,364;169;9;2;3;00:32;;62;45;169;;0.57;14.85;;01:37;8.91;501.84;5.94;26.73;15,933.89;5;;1;;0;1;;4 minutes;0;0;00:32;;100%;
Inny21;;833;269;40;13;;20.25;6.54;1,293;828;269;232,080;64,614;5,192;494,277;533;35;;;5,192;0.14;8%;2.82;27%;31,145;3;16;31,145;23;7,169;416;78%;23;22,843;1,579;58;44;30;02:05;15;246;83;1,579;0.02;0.88;11.11;6.54;01:05;12.95;757.28;20.13;31.43;12,018.23;457;15;40;43;41;123;12;9 hours;41;15;44:39;01:31:19;37%;5;1;25;
ioReactz;;3,213;972;40;16;2;20.76;6.28;5,085;2,884;575;781,400;238,637;19,736;1,902,772;2,080;117;;37;19,736;0.16;8%;3.93;30%;113,768;5;44;113,768;24;6,995;706;100%;24;24,035;1,434;59;38;36;03:57;13;328;109;1,434;0.23;0.95;8.34;3.71;01:23;13.44;735.31;18.64;32.86;12,298.16;1,291;36;151;154;235;539;74;33 hours;155;100;03:34:10;05:07:06;64%;6;4;50;
iqbalhaikal55;;156;41;25;7;2;17.22;4.52;238;133;35;49,740;14,648;1,198;111,897;113;6;;3;1,198;0.2;8%;3.26;29%;5,730;;2;5,730;22;6,899;554;30%;22;15,698;785;37;17;24;01:33;6;151;70;785;0.33;0.95;8.06;3.86;00:57;12.47;632.75;14.68;26.28;12,356.7;73;;6;7;13;25;6;1 hour;9;3;08:36;20:10;34%;3;0;6;
IRaTuSz;;492;185;27;12;2;25.97;9.76;732;407;76;131,800;37,333;3,130;295,905;289;25;;3;3,130;0.18;8%;3.02;28%;18,311;;;18,311;16;5,821;513;52%;16;16,861;1,046;46;23;19;01:33;5;196;73;1,046;0.15;1.1;12.77;4.01;01:15;15.25;966.53;21.48;38.63;15,619.34;242;2;16;10;37;63;8;4 hours;19;12;23:58;01:06:21;63%;4;1;6;
itsDiety;;159;59;24;17;;24.21;8.98;221;109;31;35,760;9,717;784;84,146;81;6;;;784;0.16;8%;3.74;27%;5,405;;;5,405;13;4,759;391;32%;13;15,701;809;42;20;15;01:06;7;190;58;809;0.15;1.11;8.98;4.72;01:00;12.33;823.21;16.6;33.65;12,815.72;59;;10;6;6;21;2;1 hour;7;5;06:36;21:47;78%;4;;1;
itsGenji;;91;30;13;6;;19.38;6.38;144;73;14;32,140;7,922;637;62,905;61;3;;;637;0.17;8%;3.2;24%;3,544;;;3,544;13;5,078;552;39%;13;13,365;552;29;15;8;01:37;3;179;52;552;0.21;0.98;9.58;2.98;01:37;12.99;754.91;15.54;30.67;13,397.88;45;;6;8;3;17;;59 minutes;5;3;07:35;03:42;63%;4;0;2;
ItsRaiyu;;186;70;22;15;;23.9;8.99;303;182;34;53,260;17,120;1,495;134,441;109;10;;4;1,495;0.21;8%;3.48;32%;6,661;;;6,661;15;4,967;400;39%;15;18,124;718;49;23;17;01:05;6;274;108;718;0.51;0.94;11.18;4.37;00:58;14.01;856.25;23.39;38.94;17,281.16;87;;8;8;8;24;4;1 hour;8;6;07:38;20:33;80%;4;;2;
Jack_of_Spades13;;11;6;11;6;;17.07;9.31;19;8;2;3,800;974;55;9,019;5;;;;55;0.1;5%;9.5;25%;372;;;372;18;7,790;322;25%;18;9,019;372;19;8;5;00:59;2;55;47;372;;0.71;3.1;3.1;01:32;7.76;577.07;12.41;29.49;13,997.97;2;;1;1;1;2;;8 minutes;1;;00:59;01:56;;;;1;
Jamie_Choi;;88;19;27;7;;33.9;7.32;121;65;8;22,340;5,511;383;39,029;49;4;;;383;0.19;6%;5.5;24%;3,108;;5;3,108;17;4,526;411;32%;17;15,646;978;40;25;17;00:56;2;160;44;978;;1.59;8.47;3.08;01:25;18.87;1,197.56;25.04;46.61;15,036.72;22;;4;1;5;10;2;32 minutes;3;2;03:41;09:55;75%;3;0;0;
JaredFogle420;;433;135;53;20;;33.96;10.59;602;418;124;85,360;27,983;2,023;217,534;210;19;;;2,023;0.19;7%;5.14;32%;15,975;;12;15,975;20;7,364;586;43%;20;24,880;1,779;69;50;45;02:50;17;259;89;1,779;;1.51;9.17;9.72;01:05;16.47;1,253.21;32.79;47.22;17,064.76;117;;14;11;26;51;12;2 hours;13;10;13:51;01:06:48;78%;5;;3;
JDG-191;;40;17;19;11;;15.08;6.4;64;36;9;15,820;4,950;316;36,857;46;3;;;316;0.14;6%;2.2;31%;1,529;;3;1,529;8;5,903;245;36%;8;21,989;666;32;17;25;05:08;4;138;30;666;0.37;0.71;10.93;3.39;03:07;17.34;576.56;13.57;24.13;13,896.81;29;;4;2;5;12;2;35 minutes;3;1;08:17;06:35;49%;3;0;1;
JDiego2199;;13;;13;;;32.83;2.52;15;13;;3,220;655;82;4,069;6;;;;82;0.25;12%;7.5;20%;471;;;471;9;2,561;263;20%;9;4,069;471;15;13;6;00:55;;82;49;471;;1.47;5.05;2.52;02:20;15.15;1,189.07;32.83;37.89;10,279.4;2;;0;;1;1;;5 minutes;0;0;00:55;02:00;100%;;;0;
JOKERFIRST15;;2,048;705;43;15;2;20.4;7.02;3,365;1,761;295;507,800;147,230;10,977;1,135,708;1,350;103;;18;10,977;0.15;7%;4.98;28%;72,555;;11;72,555;26;7,732;664;45%;26;19,081;1,646;57;29;32;04:33;8;227;107;1,646;0.17;1.04;6.72;2.93;01:16;13.45;722.87;17.54;33.52;11,315.21;675;19;127;118;147;392;58;19 hours;100;88;02:08:09;03:09:12;87%;6;0;12;
JonXSly;;5,152;1,532;52;20;;22.92;6.81;7,434;4,338;1,040;1,437,180;395,098;26,336;3,035,969;3,226;154;;5;26,336;0.14;6%;2.6;27%;188,099;4;72;188,099;20;9,616;604;46%;20;30,059;1,961;70;48;43;03:44;16;351;81;1,961;0.02;1.04;12.7;4.62;01:21;14.35;837.11;19.3;33.08;13,511.27;2,854;66;205;206;335;746;100;50 hours;225;124;05:05:00;08:34:59;55%;5;8;92;
jordkin;;19;4;14;3;;15.46;3.25;20;9;2;3,640;973;100;6,902;13;;;;100;0.17;10%;2.22;26%;780;;;780;13;3,817;552;;13;4,962;602;15;7;10;01:12;2;74;37;602;;1.33;7.32;1.62;01:05;10.58;635.16;7.32;16.27;5,617.33;9;;2;0;0;3;;9 minutes;1;0;01:20;01:08;27%;4;;1;
JPreecy;;6;3;6;3;;5.69;2.84;14;9;;3,620;1,184;70;8,532;7;;;;70;0.08;5%;1.27;32%;223;;;223;7;2,646;100;;7;5,716;223;13;8;7;00:52;;33;22;223;;0.28;10.43;;01:04;6.64;211.45;8.54;13.28;8,095.88;11;;;2;2;3;;13 minutes;1;;01:08;00:42;;;;1;
jumpmanfrank094;;157;41;36;10;;17.75;4.63;229;127;28;45,320;12,496;797;88,529;87;6;;;797;0.14;6%;3.31;27%;5,887;;6;5,887;13;3,679;362;43%;13;14,595;1,154;49;23;31;02:21;5;184;48;1,154;;1.09;7.8;3.16;00:58;9.83;665.69;14.36;25.89;10,010.26;69;;4;10;11;25;6;1 hour;9;6;08:39;11:57;71%;3;;2;
kadoya3582;;5;;4;;;12.86;2.57;8;4;;1,900;449;29;3,627;3;;;;29;0.08;6%;1.14;23%;155;;;155;5;1,083;105;24%;5;2,677;105;7;3;3;00:12;;23;9;105;;0.46;18.01;;00:47;7.72;398.84;10.29;20.59;9,334.5;7;;0;;0;0;;5 minutes;0;0;00:18;;21%;;;0;
kaito_numku396;;36;10;28;8;;28.84;8.01;54;36;5;10,240;2,710;215;20,843;16;;;;215;0.21;7%;6.75;26%;1,114;;;1,114;19;8,615;309;27%;19;18,218;839;42;29;10;01:48;3;189;128;839;;1.13;6.4;4;01:48;12.81;892.64;28.84;43.26;16,697.8;8;;0;1;3;4;;16 minutes;1;1;02:14;06:31;100%;
kashibe01;;13;2;13;2;;41.31;6.35;14;10;;1,580;632;28;4,195;4;;;;28;0.16;4%;;40%;415;;;415;14;4,195;415;;14;4,195;415;14;10;4;00:10;;28;28;415;;2.39;;3.17;00:32;12.71;1,320.35;31.78;44.49;13,332.63;;;;0;1;1;;2 minutes;0;0;00:10;00:18;100%;;;0;
katsuya3;;247;81;36;14;;19.12;6.27;372;200;41;108,840;32,348;1,585;227,768;164;12;;;1,585;0.16;4%;3.17;29%;9,229;;;9,229;16;8,825;600;39%;16;35,496;1,492;46;29;24;04:09;8;185;80;1,492;;0.94;9.05;3.17;01:34;12.69;714.61;15.48;28.8;17,635.84;117;3;12;9;27;47;9;2 hours;13;6;20:25;26:26;49%;4;0;6;
Keytix_;;626;202;50;17;;25.98;8.38;969;574;121;149,520;44,297;3,384;353,001;317;23;;2;3,384;0.18;7%;4.94;29%;22,530;;3;22,530;30;10,018;938;42%;30;26,697;1,944;73;38;34;02:13;14;228;75;1,944;0.08;1.21;8.13;5.02;01:07;13.15;935.05;23.82;40.21;14,650.85;196;9;18;22;39;79;18;5 hours;24;21;27:17;01:15:04;86%;5;0;3;
Kiba_Zack;;73;13;20;6;;29.74;5.29;95;66;14;13,920;4,550;379;35,992;43;;;;379;0.17;8%;3.27;32%;2,725;;;2,725;15;4,099;388;43%;15;8,295;708;28;19;12;01:03;4;125;67;708;0.4;1.28;11.81;5.7;01:42;17.51;1,110.14;26.89;38.7;14,664.46;29;;1;4;5;9;;35 minutes;2;1;04:11;10:31;59%;;0;1;
Kiki-Xillia;;20;2;16;;;20.14;2.01;28;14;4;6,860;1,585;76;9,183;14;;;;76;0.07;4%;2;23%;715;;;715;6;1,625;159;33%;6;5,734;582;23;12;10;01:37;3;46;18;582;1;0.72;14.1;4.02;02:33;14.1;720.23;14.1;28.2;9,252.11;14;;2;1;0;3;;16 minutes;1;;02:32;00:24;;;;1;
KILLER77_HAZZA3;;4,297;1,171;52;14;2;23.06;6.28;5,636;3,402;816;965,340;304,371;21,040;2,323,213;2,328;131;;28;21,040;0.13;6%;2.64;31%;158,738;2;47;158,738;22;8,073;544;70%;22;26,463;2,097;59;31;30;04:15;12;233;93;2,097;0.15;1.04;11.41;4.38;01:26;12.49;852.1;18.26;30.25;12,470.91;2,127;40;191;182;136;509;25;42 hours;186;73;04:29:24;05:48:30;39%;6;10;103;
Killing_EdgeIV;;68;22;35;11;;25.1;8.12;86;56;14;12,220;4,518;429;37,040;30;3;;;429;0.18;9%;2.38;36%;2,559;;;2,559;8;3,007;373;48%;8;21,676;1,249;53;30;22;02:08;6;268;36;1,249;;1.11;13.29;5.16;01:10;11.07;944.67;20.67;31.75;13,675.45;36;;;3;4;7;;38 minutes;3;1;03:12;07:24;25%;3;;2;
Killswitch2092;;35;13;24;10;;30.39;11.29;48;25;3;9,020;2,045;234;18,319;19;2;;;234;0.22;11%;3;22%;1,367;;;1,367;11;3,675;315;24%;11;13,540;1,003;37;17;17;01:29;2;196;48;1,003;;1.31;13.89;2.6;01:41;16.5;1,187.64;21.71;41.68;15,910.49;16;;1;1;1;4;;17 minutes;1;1;01:57;01:53;92%;4;;0;
KingXacTz;;416;112;39;13;;25.2;6.78;634;354;106;110,820;28,380;2,064;210,637;262;7;;4;2,064;0.16;7%;4.95;25%;15,765;;9;15,765;17;6,132;474;40%;17;23,301;1,531;49;34;31;02:45;10;200;67;1,531;0.24;1.24;7.75;6.42;01:08;15.87;955.01;21.44;38.4;12,760.43;128;5;19;17;25;61;10;3 hours;17;15;18:51;58:40;92%;5;;1;
kirA-_-bleAch;;505;197;26;16;;15.33;5.98;966;535;122;198,380;51,901;4,151;392,378;438;21;;7;4,151;0.15;7%;6.39;26%;16,579;;17;16,579;27;7,938;406;45%;27;21,873;938;49;31;23;02:33;8;233;73;938;0.21;0.63;4.58;3.7;01:15;13.3;503.54;16.24;29.34;11,917.71;151;5;29;37;40;106;13;7 hours;33;13;41:40;54:30;39%;5;2;18;
kk10295;;2,423;852;37;16;2;15.97;5.61;4,322;2,130;406;1,035,180;318,733;15,303;2,337,270;1,770;122;;6;15,303;0.12;4%;3.16;30%;85,372;;14;85,372;26;12,465;482;48%;26;32,142;1,281;59;32;35;03:40;10;226;69;1,281;0.03;0.7;9.01;2.67;01:18;11.67;563;14.04;28.5;15,413.57;1,367;21;183;153;185;521;37;33 hours;152;75;03:19:36;03:09:08;49%;6;4;73;
koba-ya;;10;3;10;3;;12.43;3.72;25;21;15;5,020;1,226;102;8,847;3;;;;102;0.1;8%;4.16;24%;291;;;291;10;3,634;100;;10;8,847;291;25;21;3;00:16;15;102;35;291;;0.28;7.45;18.64;00:20;3.72;361.28;26.1;31.08;10,999.21;6;;;;1;1;;16 minutes;1;;00:16;;;;;1;
kon5-TDRoki;;1,878;617;30;15;2;14.3;4.69;3,148;1,794;517;823,120;216,651;12,256;1,515,139;1,316;57;;4;12,256;0.12;5%;3.05;26%;68,040;3;68;68,040;21;8,619;586;76%;21;24,726;1,012;46;30;31;03:44;13;189;87;1,012;0.03;0.7;7.85;3.93;00:56;10.02;518.25;13.66;23.97;11,540.79;1,031;13;137;107;115;360;42;26 hours;131;61;02:03:54;02:51:00;46%;5;12;58;
koutyatya;;2,065;740;39;13;;19.14;6.86;3,134;1,552;262;910,320;242,911;12,537;1,784,191;1,365;96;;6;12,537;0.13;5%;2.81;26%;73,328;;9;73,328;25;11,069;639;51%;25;27,590;1,491;54;31;31;03:59;13;284;92;1,491;0.05;0.81;10.32;2.42;01:23;12.65;679.93;14.39;29.06;16,543.96;1,113;9;107;109;145;361;33;24 hours;108;47;02:30:13;02:15:48;44%;6;2;58;
kris1974;;23;9;15;6;;16.17;6.32;30;15;7;8,040;1,797;181;16,551;8;;;;181;0.14;10%;2;22%;765;;;765;6;2,326;289;;6;9,648;470;17;11;5;00:52;4;125;33;470;;0.62;10.54;4.92;00:54;5.62;538.2;10.54;21.09;11,638.75;15;;1;2;1;4;;20 minutes;1;1;01:17;;56%;;;1;
KSlims;;78;19;15;3;;16.75;4.08;146;76;20;27,720;8,056;866;63,679;41;3;;;866;0.24;10%;4.05;29%;2,510;;;2,510;11;4,331;290;64%;11;11,473;537;23;14;10;01:00;4;166;74;537;0.21;0.71;7.73;4.29;00:42;8.8;539.31;16.32;31.36;13,681.26;36;;4;3;8;15;2;58 minutes;5;3;03:18;06:56;60%;5;0;2;
kurosaki158;;1,780;566;47;18;2;19.59;6.22;2,382;1,284;297;675,320;159,086;8,673;1,183,740;1,007;59;;20;8,673;0.11;5%;2.17;23%;65,526;;38;65,526;21;9,608;478;46%;21;22,914;1,733;55;35;33;04:41;8;222;73;1,733;0.22;0.86;12.04;3.26;01:29;11.08;721.2;14.13;26.21;13,028.57;1,094;13;113;91;62;266;15;20 hours;91;38;02:15:24;02:02:25;41%;5;6;47;
kyo_miyamiya;;51;6;24;3;;13.86;1.63;75;38;12;21,240;4,769;277;31,088;23;;;;277;0.1;5%;2.77;22%;2,102;;;2,102;18;4,280;308;28%;18;9,623;933;44;23;15;00:56;5;124;39;933;;0.82;7.34;3.26;00:35;6.25;571.58;10.33;20.39;8,453.94;27;;4;3;2;9;;42 minutes;4;0;02:11;02:07;10%;3;;3;
lakejacher;;8;;8;;;16.5;;11;8;;2,520;980;96;3,858;5;;;;96;0.17;9%;1.37;38%;241;;;241;3;944;61;;3;3,830;241;11;8;5;00:43;;96;44;241;;0.44;16.5;2.06;01:29;10.31;497.05;16.5;22.69;7,959.79;8;;0;0;0;1;;9 minutes;0;0;00:43;;77%;;;0;
Langartija;;678;212;42;16;;23.73;7.42;1,037;487;56;203,300;47,381;3,560;352,997;503;29;;;3,560;0.14;7%;3.89;23%;23,567;;;23,567;16;6,543;464;35%;16;20,635;1,506;57;30;35;02:27;8;250;68;1,506;0.03;0.95;9.31;1.96;01:35;17.6;824.99;17.04;36.3;12,357.15;266;5;43;27;26;96;9;6 hours;29;20;45:20;50:18;70%;5;0;8;
LEATONER;;71;24;13;5;;12.82;4.33;114;65;27;34,520;6,841;424;50,841;56;;;;424;0.09;6%;1.6;19%;2,754;;4;2,754;12;5,194;282;21%;12;8,914;515;21;12;10;01:57;7;103;66;515;;0.62;12.82;4.87;01:23;10.11;497.56;11.74;20.59;9,184.73;71;;6;4;5;15;;1 hour;6;2;07:42;01:00;35%;3;0;3;
Lege-donZ;;3;;3;;;9.49;3.16;4;2;;980;370;27;3,050;;;;;27;0.1;7%;0.57;37%;150;;;150;2;851;100;;2;3,050;150;4;2;;00:15;;27;13;150;;0.58;22.15;;00:48;3.16;474.71;6.32;12.65;9,651.39;7;;;;1;1;;4 minutes;0;;00:15;;;;;0;
LoggingOut;;2,548;855;34;20;;19.86;6.66;4,292;2,167;412;922,280;258,973;18,391;1,945,277;1,942;96;;9;18,391;0.16;7%;2.9;28%;93,137;;37;93,137;27;16,034;556;57%;27;25,257;1,389;58;37;36;02:41;10;313;106;1,389;0.07;0.85;11.5;3.21;01:29;15.14;726.25;16.89;33.46;15,168.67;1,475;28;120;132;201;453;40;30 hours;128;56;03:11:05;03:33:26;43%;5;8;64;
LostkumaTH;;56;11;25;5;;20.34;3.99;85;40;12;14,020;3,836;178;25,577;31;;;;178;0.11;4%;5.66;27%;2,333;;;2,333;14;4,077;393;31%;14;10,194;1,070;36;16;15;00:44;6;69;28;1,070;;1.45;5.44;4.35;00:39;11.26;847.58;14.53;30.88;9,291.97;15;;4;3;1;8;;26 minutes;3;3;01:48;02:51;100%;
l-Twisted_Fate-l;;537;159;44;22;;21.28;6.3;769;380;70;141,000;38,277;3,116;318,690;386;23;;7;3,116;0.16;8%;3.13;27%;19,033;;2;19,033;21;7,249;482;58%;21;25,842;1,310;68;34;52;04:46;6;207;107;1,310;0.27;0.98;9.7;2.77;01:30;15.29;754.27;15.05;30.47;12,629.47;245;3;28;29;31;88;5;5 hours;25;13;38:15;52:12;50%;5;0;12;
luca_sales;;2;;2;;;4.55;;3;2;;980;204;29;1,127;2;;;;29;0.19;14%;;20%;28;;;28;2;563;28;20%;2;711;28;2;;2;00:04;;17;16;28;;0.18;6.82;;00:18;4.55;63.72;4.55;6.82;2,564.81;3;;0;0;1;2;;2 minutes;0;;00:07;;;;;0;
LuckyC723;;4,781;1,651;40;31;;21.46;7.41;7,329;4,240;819;1,390,800;420,132;30,437;3,224,288;3,223;195;;5;30,437;0.15;7%;2.87;30%;174,543;8;70;174,543;23;10,565;690;83%;23;36,572;1,543;72;46;37;04:11;9;233;105;1,543;0.02;0.91;11.43;3.67;01:31;14.47;783.74;19.03;32.9;14,477.92;2,547;38;217;221;294;732;63;52 hours;223;119;05:38:08;08:17:11;53%;5;11;93;
M5roosh_ksa;;55;15;18;8;;22.32;6.08;89;36;2;18,760;5,370;418;41,819;23;2;;;418;0.17;7%;3.42;28%;2,186;;;2,186;11;5,023;447;25%;11;17,132;767;35;12;11;00:49;;200;56;767;;0.91;10.55;0.81;00:48;9.33;887.42;14.61;36.12;16,974.56;26;2;2;2;2;6;;39 minutes;2;2;01:58;01:18;68%;3;;1;
MAAFX;;326;83;40;16;;26.5;6.74;485;258;51;113,340;26,618;1,904;192,006;219;10;;2;1,904;0.16;7%;2.83;23%;11,649;;2;11,649;23;5,843;509;33%;23;21,010;1,487;56;33;26;02:49;12;203;70;1,487;0.16;1.02;13.9;4.14;01:47;17.8;947.24;20.97;39.43;15,612.89;171;8;12;9;22;43;6;3 hours;12;5;22:02;39:02;41%;5;1;7;
makorin_is_a_Pen;;41;5;17;2;;20.06;2.44;56;29;7;13,740;4,133;264;25,736;25;;;;264;0.21;6%;4;30%;1,590;;;1,590;11;8,354;394;29%;11;12,717;663;25;13;12;01:12;2;92;47;663;;1.26;6.84;3.42;01:55;12.23;777.83;14.18;27.39;12,592.19;14;;2;2;4;8;;20 minutes;2;1;03:55;02:12;25%;;;2;
MamasNippel;;112;63;22;12;;18.21;10.24;193;107;13;38,760;12,513;857;105,725;76;10;;;857;0.14;6%;2.35;32%;3,963;;;3,963;11;5,998;323;47%;11;26,241;699;31;15;10;01:18;3;113;48;699;;0.68;13.33;2.11;01:20;12.35;644.4;17.39;31.38;17,190.18;82;2;3;3;10;17;2;1 hour;6;2;08:17;11:43;38%;4;1;3;
Maranata01;;84;22;14;6;;20.07;5.25;119;77;24;24,560;6,128;451;47,496;47;3;;;451;0.13;7%;2.64;24%;3,152;;;3,152;12;4,018;375;32%;12;7,211;570;19;16;9;01:38;7;69;43;570;;0.96;10.75;5.73;01:15;11.23;753.37;18.4;28.44;11,351.79;45;;7;2;6;15;;54 minutes;4;2;05:15;14:37;35%;3;;3;
Marlporo0707;;676;211;42;12;;27.28;8.51;1,048;561;60;193,620;65,174;5,070;494,566;386;40;;2;5,070;0.21;7%;3.65;33%;24,403;;;24,403;18;8,235;541;43%;18;26,701;1,466;56;28;19;01:47;5;403;84;1,466;0.08;1.02;11.58;2.42;01:14;15.58;985.04;22.64;42.3;19,963.46;287;6;23;26;47;96;11;6 hours;25;13;30:48;01:08:36;51%;6;2;10;
masatosann;;1,507;462;40;13;;17.73;5.43;2,332;1,330;278;564,640;162,768;8,200;1,196,359;1,022;45;;;8,200;0.12;5%;3.22;28%;52,888;;26;52,888;23;12,316;546;52%;23;32,000;1,390;61;43;31;03:45;13;184;71;1,390;0.01;0.78;8.51;3.27;01:21;12.02;622.29;15.64;27.43;14,076.71;724;15;87;94;113;295;26;18 hours;85;34;01:55:36;02:10:42;40%;5;7;43;
matheus_pegasus;;74;15;45;9;;37.49;7.6;93;53;8;11,940;3,241;292;24,202;55;3;;;292;0.17;9%;4.42;27%;2,791;;;2,791;11;2,869;277;30%;11;12,684;1,677;52;31;28;02:14;6;143;35;1,677;0.5;1.67;10.64;4.05;02:15;27.86;1,414.26;26.85;47.12;12,263.07;21;;4;3;3;9;2;27 minutes;2;2;04:27;11:01;89%;4;;0;
matukyo;;341;107;35;13;;21.66;6.79;532;261;27;118,220;35,050;2,131;269,474;214;17;;;2,131;0.15;6%;3.24;29%;12,213;;3;12,213;18;10,804;550;38%;18;22,712;1,227;47;23;23;03:08;4;212;53;1,227;0.06;0.88;10.42;1.71;01:07;13.59;776.09;16.58;33.8;17,123.65;164;;19;12;21;52;4;3 hours;16;6;17:50;23:29;39%;5;1;9;
Meepert;;375;102;39;12;;25.38;6.9;522;326;91;85,760;24,482;1,733;188,620;184;13;;;1,733;0.15;7%;3.7;28%;13,825;;;13,825;20;5,460;639;38%;20;18,220;1,352;61;40;27;02:00;14;184;66;1,352;;1.26;9.54;6.16;01:17;12.45;936.05;22.07;35.34;12,770.73;141;;11;16;26;53;8;3 hours;15;11;18:57;51:04;72%;5;;4;
Megaan_57;;8;5;5;3;;15.62;9.76;13;9;2;3,760;854;62;6,852;9;;;;62;0.14;7%;1.62;22%;347;;;347;4;1,360;97;30%;4;4,071;200;9;7;5;00:24;2;49;19;200;;0.81;15.62;3.9;00:58;17.57;677.26;17.57;25.38;13,381.33;8;;0;1;1;2;;7 minutes;1;;00:29;01:07;;;;1;
MEOW987;;333;95;31;11;;21.58;6.15;419;259;82;84,240;20,910;1,743;163,803;198;14;;;1,743;0.13;8%;2.11;24%;12,912;;3;12,912;10;3,514;512;45%;10;14,645;1,273;40;24;22;01:50;9;169;50;1,273;;1.01;12.83;5.31;01:18;12.83;837.06;16.79;27.16;10,619.03;198;9;14;16;12;42;2;3 hours;15;8;20:12;20:41;49%;4;0;8;
Merdrash;;30;5;25;5;;28.29;4.71;40;23;5;10,800;2,171;145;13,993;17;;;;145;0.13;6%;3.33;20%;1,258;;;1,258;12;3,131;369;28%;12;7,308;1,009;30;19;16;00:50;3;96;37;1,009;;1.2;11.31;4.71;01:14;16.03;1,186.07;21.69;37.72;13,195.9;12;;1;1;2;4;;17 minutes;1;;01:18;01:52;;3;;1;
mightyMonkey565;;25;8;25;8;;25;8;37;18;;6,180;1,834;139;13,085;19;;;;139;0.22;7%;6.16;29%;924;;;924;16;5,538;360;29%;16;13,085;924;37;18;19;01:06;;139;55;924;;1.48;6;;01:06;19;924.24;18;37;13,084.92;6;;;3;2;5;;10 minutes;1;1;01:06;02:01;100%;3;
MIKEYDYCE;;4;;4;;;9.8;;4;3;2;1,160;283;15;1,593;3;;;;15;0.07;5%;0.8;24%;250;;;250;;586;100;;1;1,212;250;3;2;3;00:15;;9;7;250;;1.25;12.25;4.9;00:39;7.35;612.78;7.35;9.8;3,905.58;5;;0;0;0;1;;3 minutes;0;;00:16;;;;;0;
Miz_One;;66;20;24;9;;15.13;4.58;94;38;12;29,300;4,962;287;42,185;46;4;;;287;0.09;5%;3.03;16%;1,986;;32;1,986;12;4,611;340;29%;12;10,962;700;24;14;13;01:25;6;71;28;700;;0.65;7.1;2.75;01:25;10.54;455.39;8.71;21.55;9,672.92;31;;4;4;4;12;;50 minutes;4;3;06:13;02:27;65%;4;0;1;
Mlbjester7;;14;;9;;;14.12;;14;10;;3,820;912;72;6,686;4;;;;72;0.1;7%;1.75;23%;455;;;455;5;2,835;261;55%;5;4,170;306;10;7;2;00:11;;35;18;306;;0.65;8.07;1;00:51;4.03;458.56;10.08;14.12;6,744.88;8;;1;1;0;2;;11 minutes;1;0;00:51;00:20;38%;;0;1;
Morgenarc;;751;258;35;16;;24.77;8.51;1,221;705;181;250,160;63,428;3,912;470,175;552;31;;2;3,912;0.14;6%;4.88;25%;26,984;;;26,984;21;7,350;512;32%;21;29,359;1,327;68;38;35;02:50;16;222;64;1,327;0.06;0.97;8.24;5.97;01:25;18.2;890.05;23.25;40.27;15,508.51;250;5;29;29;45;103;16;7 hours;30;22;42:58;01:16:04;73%;4;;8;
Mr_O_Blood_type_;;1,439;517;37;19;;20.25;7.27;2,259;1,188;151;509,860;161,559;8,142;1,205,914;861;65;;4;8,142;0.13;5%;2.89;31%;50,037;;6;50,037;19;11,925;602;45%;19;26,106;1,240;55;28;25;02:34;7;258;94;1,240;0.05;0.85;10.98;2.12;01:23;12.12;704.45;16.72;31.8;16,977.79;780;10;79;80;96;255;17;16 hours;71;37;01:39:04;02:09:28;52%;6;3;31;
Mr_savage_75;;15;6;9;6;;11.24;4.49;31;14;2;9,940;3,485;143;23,978;11;;;;143;0.14;4%;1.82;35%;532;;;532;8;4,283;178;40%;8;20,131;267;24;11;8;00:51;;100;21;267;;0.53;12.74;1.49;01:02;8.24;398.78;10.49;23.23;17,970.74;17;;1;;3;4;;16 minutes;1;;01:23;02:08;;3;;1;
MrBlueyes;;1,909;500;56;17;;17.59;4.6;2,643;1,766;671;489,720;137,854;9,380;939,377;1,134;40;;;9,380;0.11;6%;2.46;28%;71,410;18;125;71,410;17;5,255;810;73%;17;20,303;2,164;56;44;39;03:20;21;257;78;2,164;0;0.9;9.86;6.18;01:01;10.45;658.07;16.27;24.35;8,656.73;1,071;22;108;106;93;307;23;21 hours;109;52;01:50:37;02:34:02;47%;4;5;52;
MrDrumpf;;6;;6;;;31.25;;8;6;;2,400;714;90;5,163;4;;;;90;0.35;12%;8;29%;215;;;215;8;5,163;215;;8;5,163;215;8;6;4;00:20;;90;90;215;;0.85;5.2;5.2;01:48;20.83;1,120.79;31.25;41.67;26,897.81;;;;0;0;1;;4 minutes;0;0;00:20;;100%;
mrfr33s3;;15;4;15;4;;31.95;8.52;27;15;3;3,620;877;90;8,103;11;;;;90;0.16;10%;4.5;24%;603;;;603;8;2,668;281;;8;8,103;603;27;15;11;00:42;3;90;31;603;;1.1;12.78;6.39;01:30;23.43;1,283.92;31.95;57.51;17,260.13;6;;0;;1;2;;9 minutes;0;;00:42;00:19;;;;0;
MRstyles4u;;20;6;17;6;;16.38;4.91;26;14;4;8,940;1,522;150;11,057;10;2;;;150;0.15;9%;1.62;17%;807;;;807;9;2,166;150;20%;9;9,552;657;24;14;8;00:50;4;112;20;657;;0.84;13.1;3.27;00:54;8.19;661.36;11.46;21.29;9,056.44;16;;0;1;3;4;;15 minutes;1;;01:06;;;3;;1;
NaapWay;;2;;2;;;17.24;;;;;420;80;;411;;;;;;0.01;1%;;19%;100;;;100;;290;100;;;411;100;;;;00:01;;;;100;;1.05;17.24;;00:12;;862.35;;;3,548.24;2;;;;;;;1 minute;0;;00:01;;;;;0;
nagano-1;;39;11;30;5;;26.41;7.45;61;28;5;9,320;2,569;102;17,845;29;;;;102;0.1;3%;12.2;27%;1,583;;;1,583;13;6,127;421;56%;13;9,039;1,165;42;20;18;01:08;3;62;21;1,165;;1.57;3.38;3.38;01:16;19.64;1,072.62;18.96;41.32;12,088.15;5;;1;1;2;5;;16 minutes;1;1;01:53;01:55;83%;3;;0;
Nakles-Archon;;233;65;28;18;;28.61;7.98;326;179;38;54,620;16,391;1,404;132,368;134;6;;2;1,404;0.18;8%;3.01;30%;8,154;;;8,154;16;4,191;515;36%;16;18,409;845;43;24;20;01:44;8;228;66;845;0.24;1.09;13.26;4.66;01:20;16.45;1,001.29;21.97;40.02;16,253.57;108;;8;8;9;25;2;2 hours;8;4;10:58;25:20;53%;4;;4;
nari_is_1582;;16;7;12;5;;9.31;4.07;31;16;3;8,360;1,555;78;10,456;18;;;;78;0.06;5%;2.06;18%;529;;;529;9;3,193;131;20%;9;8,700;398;25;11;16;00:28;3;62;26;398;;0.43;8.73;1.74;00:30;10.48;307.99;9.31;18.05;6,088.74;15;;2;1;1;4;;20 minutes;2;1;00:51;00:31;58%;3;;1;
Natz_D_Chow;;907;309;32;15;;23.85;8.12;1,477;824;141;263,300;76,820;7,013;625,735;527;37;;;7,013;0.23;9%;3.66;29%;32,469;;2;32,469;20;7,522;504;48%;20;17,970;1,184;55;31;24;01:43;7;292;120;1,184;0.02;1.1;10.59;3.7;00:57;13.85;853.8;21.66;38.83;16,454.27;403;8;26;30;61;117;23;8 hours;38;32;36:40;01:58:16;83%;4;2;4;
Neiyao;;98;28;13;9;2;13.23;3.78;125;70;18;33,460;8,576;588;71,017;59;3;;3;588;0.09;6%;1.4;25%;3,621;;6;3,621;10;4,910;306;28%;10;11,177;452;27;13;13;01:49;4;94;59;452;0.4;0.57;12.02;2.43;01:23;7.97;489.25;9.45;16.88;9,594.24;89;2;11;4;5;21;;1 hour;7;4;10:16;01:16;50%;3;0;3;
Nemesis3456;;74;15;29;7;;21.97;4.45;94;65;25;17,840;5,086;387;35,490;38;3;;;387;0.16;7%;2.84;28%;2,864;;3;2,864;13;3,044;544;67%;13;12,652;1,169;32;24;16;01:03;15;186;42;1,169;;1.25;9.8;7.42;00:41;11.28;850.61;19.3;27.91;10,540.3;33;;2;8;4;14;3;38 minutes;3;3;02:20;09:57;97%;3;;0;
nerorule;;;;;;;4.47;4.47;2;2;;740;295;18;2,848;;;;;18;0.1;6%;0.5;39%;27;;;27;;1,092;27;39%;1;2,848;27;2;2;;00:07;;18;10;27;;0.15;17.91;4.47;00:34;4.47;121.78;8.95;8.95;12,755.73;4;;0;0;0;1;;2 minutes;0;;00:07;;;;;0;
NickalaiHomebrew;;20;11;20;11;;22.39;12.31;34;14;2;8,600;1,784;118;15,442;25;;;;118;0.11;6%;1.47;20%;635;;;635;9;3,246;143;;9;15,143;635;34;14;25;02:49;2;110;23;635;;0.63;25.75;2.23;03:10;27.98;710.68;15.67;38.06;17,288.73;23;;1;1;0;2;;16 minutes;1;1;02:49;02:08;83%;;;0;
Ninja5976;;195;65;28;11;;22.56;7.52;316;169;23;60,340;18,821;1,449;156,836;111;8;;2;1,449;0.18;7%;3.12;31%;7,093;;;7,093;23;7,733;486;44%;23;24,543;1,096;44;27;15;02:09;4;264;88;1,096;0.23;0.91;11.69;2.66;01:33;12.84;820.94;19.56;36.57;18,152.78;101;;8;9;11;28;;2 hours;9;6;13:26;25:38;69%;5;;3;
NINJALEX323;;1,161;371;36;16;3;22.53;7.2;1,765;917;125;252,700;74,160;6,833;617,562;633;61;;23;6,833;0.16;9%;4.07;29%;41,671;;;41,671;27;7,072;757;48%;27;15,673;1,553;42;23;23;02:29;8;189;85;1,553;0.44;1.02;8.4;2.42;01:20;12.28;808.74;17.79;34.25;11,985.39;433;17;62;52;51;165;22;11 hours;52;37;01:08:50;01:43:07;71%;6;1;13;
NoirEt_B;;9;;6;;;14.96;;12;8;;4,200;1,232;132;8,370;4;;;;132;0.22;10%;1.09;29%;404;;;404;5;1,527;131;28%;5;4,549;277;7;5;3;00:23;;67;26;277;;0.67;18.28;1.66;00:53;6.64;672.21;13.29;19.94;13,914.24;11;2;;1;1;2;;9 minutes;1;0;00:32;;38%;;;0;
nyanyamui_401;;5,817;2,172;37;17;2;17.7;6.61;8,916;4,724;922;2,096,200;618,878;30,284;4,536,019;3,997;258;;33;30,284;0.11;4%;2.56;29%;204,768;5;40;204,766;25;9,973;653;53%;25;31,610;1,434;54;31;34;06:14;11;264;73;1,434;0.1;0.76;10.59;2.8;01:40;12.16;623.39;14.38;27.14;13,809.47;3,480;35;361;346;420;1,128;67;74 hours;328;146;09:12:26;08:19:09;44%;5;21;161;
ohEvasive;;208;59;28;10;;21.45;6.08;335;190;29;53,620;13,879;1,110;109,815;105;9;;;1,110;0.18;7%;6.7;25%;7,319;;;7,319;25;7,356;505;31%;25;11,914;796;37;24;25;01:25;5;178;96;796;0.1;1.21;5.15;2.99;00:46;10.83;755.01;19.6;34.55;11,328.57;50;2;11;8;16;35;7;1 hour;10;9;07:35;23:00;89%;3;0;1;
oI_SPY_Io;;315;84;23;9;;21.35;5.69;435;242;40;85,140;22,664;1,827;168,833;164;13;;3;1,827;0.16;8%;3.06;26%;11,032;;;11,032;17;5,165;446;46%;17;9,323;854;27;14;19;01:17;4;120;59;854;0.2;1.01;9.62;2.71;00:51;11.11;747.76;16.4;29.48;11,444.05;142;2;17;16;16;49;5;3 hours;15;13;12:43;18:26;87%;5;0;2;
o-Norton-o;;26;6;26;6;;36.35;8.38;47;23;6;10,720;1,802;128;14,132;25;;;;128;0.11;7%;5.87;16%;753;;2;753;12;3,000;263;16%;12;14,132;753;47;23;25;01:58;6;128;36;753;;0.65;11.18;8.38;02:45;34.95;1,053.34;32.16;65.71;19,760.64;8;;;3;;3;;19 minutes;1;;01:58;01:00;;;;1;
Opticflare64;;67;20;18;5;;16.87;5.03;89;52;8;17,520;4,656;287;35,951;26;;;;287;0.11;6%;3.17;26%;2,502;;3;2,502;10;2,914;324;29%;10;9,567;797;22;13;9;00:45;3;74;29;797;;1.01;7.05;2.01;00:40;6.54;630.06;13.09;22.41;9,054.84;28;;3;3;6;12;2;40 minutes;4;1;02:40;03:42;13%;;;3;
Original_Yankin;;22;4;14;2;;21.13;3.84;26;13;;5,680;1,816;116;12,263;16;;;;116;0.13;6%;1.85;31%;774;;;774;11;4,130;283;29%;11;7,566;397;16;7;9;00:56;;71;36;397;;0.89;13.45;0.96;01:45;15.37;743.53;12.48;24.97;11,781.24;14;;1;1;1;3;;14 minutes;1;0;01:49;02:07;36%;;;1;
OttoFemtusen;;34;8;27;7;;28.36;6.67;50;25;5;11,300;2,491;174;18,325;33;;;;174;0.14;6%;3.57;22%;1,132;;;1,132;12;3,134;390;20%;12;11,330;928;34;18;22;01:20;5;118;31;928;;0.92;11.68;4.17;01:49;27.53;944.31;20.85;41.71;15,289.84;14;3;0;3;0;4;;20 minutes;1;1;02:10;00:28;73%;;;0;
oualid32;;1,596;382;48;17;;25.75;6.16;2,306;1,310;261;346,440;105,841;8,714;801,620;745;47;;8;8,714;0.19;8%;4.64;30%;58,782;;2;58,782;29;7,383;771;47%;29;25,309;1,879;67;43;32;01:50;12;230;106;1,879;0.12;1.34;8;4.21;00:59;12.02;948.47;21.13;37.2;12,934.46;496;11;50;60;100;210;39;12 hours;62;50;01:01:45;02:57:11;81%;6;0;12;
Potaetum;;44;14;19;8;;17.39;5.53;70;44;10;14,480;2,807;262;21,430;23;;;;262;0.21;9%;7;19%;1,473;;3;1,473;17;5,612;428;21%;17;9,485;636;27;18;10;02:48;6;131;81;636;;1.2;3.95;3.95;01:28;9.09;582.33;17.39;27.66;8,471.03;10;;1;3;5;8;3;20 minutes;3;3;03:42;06:27;100%;4;
praktommy;;833;305;42;14;;19.07;6.98;1,354;769;172;254,140;67,816;5,332;543,275;532;38;;2;5,332;0.14;7%;2.76;26%;31,115;;5;31,115;28;7,182;776;63%;28;16,730;1,643;57;33;32;02:21;10;169;72;1,643;0.04;0.85;11.19;3.93;01:03;12.18;712.63;17.61;31.01;12,442.95;489;13;45;38;45;128;11;10 hours;44;20;46:05;01:08:16;45%;5;3;21;
Prey1nMantis;;462;105;30;11;;16.07;3.65;795;507;130;127,960;35,373;3,136;240,812;377;6;;3;3,136;0.15;8%;7.03;27%;16,932;;28;16,932;22;6,467;452;43%;22;21,006;1,212;57;37;33;02:13;12;233;101;1,212;0.1;0.83;3.93;4.52;01:09;13.11;589.1;17.63;27.66;8,378.43;113;6;21;34;49;104;14;5 hours;29;15;33:16;01:01:19;51%;5;2;12;
Prince_Fatman;;7;;3;;;12.11;1.73;12;7;;3,120;706;69;5,164;2;;;;69;0.13;9%;1.33;22%;169;;;169;4;1,496;67;28%;4;2,061;102;4;4;2;00:14;;30;21;102;;0.32;15.58;1.73;00:47;3.46;292.59;12.11;20.77;8,940.45;9;;0;1;1;1;;8 minutes;1;0;00:27;;16%;;0;0;
Prophesizee;;63;15;41;11;;21.21;5.05;108;70;10;16,520;5,036;543;35,350;65;;;;543;0.21;10%;3.6;30%;2,314;;2;2,314;12;3,818;265;33%;12;18,587;1,463;60;39;40;03:56;3;265;85;1,463;;0.92;10.1;3.36;02:00;21.89;779.32;23.57;36.37;11,906.06;30;;1;4;4;9;;41 minutes;3;2;05:57;11:21;77%;;;1;
Quentin_JJ;;27;7;20;6;;23.07;5.98;27;21;9;5,920;1,614;143;11,901;8;;;;143;0.16;8%;1.68;27%;1,008;;;1,008;13;4,556;599;28%;13;7,920;807;18;14;6;00:53;6;82;41;807;;1.16;13.67;7.69;00:51;6.83;861.68;17.94;23.07;10,169.51;16;;1;1;1;2;;14 minutes;1;;01:00;01:26;;3;;1;
RaxesTheWise;;21;9;10;6;;9.5;4.07;43;27;13;12,200;2,081;213;15,697;21;2;;;213;0.14;10%;1.86;17%;796;;;796;13;3,160;302;19%;13;4,318;452;17;12;10;00:25;4;68;45;452;;0.55;10.41;5.88;00:39;9.5;360.23;12.22;19.46;7,107.38;23;;1;3;2;6;;24 minutes;2;1;01:26;03:03;30%;4;0;1;
redsunset7;;18;5;16;4;;23.64;6.56;26;13;4;5,080;984;70;8,157;16;;;;70;0.12;7%;2.6;19%;694;;;694;7;2,146;250;26%;7;5,585;624;19;9;13;01:00;2;50;19;624;;1.19;13.13;5.25;01:30;21.01;912.12;17.07;34.15;10,715.47;10;;1;2;0;3;;9 minutes;1;1;01:08;00:20;69%;;;0;
rencpee;;770;235;29;12;2;15.32;4.67;1,293;646;108;354,820;87,898;5,678;627,279;583;28;;10;5,678;0.14;6%;2.49;24%;28,007;;13;28,007;19;11,326;445;41%;19;18,314;1,032;41;28;22;03:28;8;211;64;1,032;0.19;0.71;10.33;2.14;01:23;11.6;557.44;12.85;25.73;12,485.45;519;6;57;56;41;154;8;10 hours;50;23;01:09:56;01:07:50;45%;5;2;25;
res1tvih;;779;254;42;13;;19.07;6.21;1,062;609;157;257,140;61,365;4,463;450,271;500;32;;;4,463;0.13;7%;1.72;23%;29,083;;25;29,083;16;7,203;513;75%;16;18,658;1,462;51;27;39;03:19;10;256;69;1,462;;0.85;15.08;3.84;01:31;12.24;712.09;14.91;26;11,024.97;616;7;50;40;37;127;5;9 hours;41;19;01:02:16;01:08:15;45%;4;2;21;
ReturnOfGuigs;;3;;3;;;10.51;3.5;5;2;;1,120;432;23;2,432;2;;;;23;0.1;5%;1.25;38%;150;;;150;4;931;150;;4;2,432;150;5;2;2;00:38;;23;13;150;;0.69;14.02;;02:13;7.01;525.8;7.01;17.52;8,524.5;4;;;;;;;3 minutes;0;0;00:38;;100%;;;0;
Rhinoblue123RED;;144;44;39;12;;18.77;5.73;219;114;28;61,020;11,279;844;80,262;103;6;;;844;0.13;7%;2.51;18%;4,956;;3;4,956;14;3,979;370;26%;14;20,865;1,077;58;30;33;02:11;6;228;71;1,077;;0.76;11.34;3.65;01:15;13.43;646.32;14.86;28.55;10,466.39;87;;11;8;7;26;;1 hour;8;3;09:36;10:28;35%;4;;5;
rm-rf_slash;;9;;8;;;19.58;2.17;11;9;;2,320;542;27;3,871;5;;;;27;0.08;4%;1.57;23%;278;;;278;8;1,524;228;38%;8;2,130;228;8;6;4;00:26;;21;17;228;;0.86;15.23;2.17;01:07;10.88;605.75;19.58;23.93;8,423.98;7;;;1;1;2;;5 minutes;0;;00:30;01:52;;;;0;
Rockethiethm;;39;9;12;4;;19.53;4.5;65;38;10;12,020;3,757;256;29,030;24;;;;256;0.16;6%;3.25;31%;1,358;;2;1,358;14;5,172;421;38%;14;10,808;506;25;15;9;00:56;7;113;42;506;;0.89;10.01;5;01:13;12.01;680.13;19.03;32.55;14,538.65;20;;1;2;3;6;2;25 minutes;2;1;02:26;05:08;42%;4;0;1;
Rohannosaurus;;24;3;19;3;;20.47;2.55;25;19;9;6,020;1,386;125;9,529;9;;;;125;0.15;9%;2.5;23%;853;;3;853;11;2,635;340;;11;6,400;623;22;16;8;00:40;7;104;50;623;;1.07;8.53;7.67;00:41;7.67;727.86;16.2;21.32;8,128.31;10;;1;1;2;3;;13 minutes;1;1;00:49;00:23;57%;;;1;
Ronald_Toh95;;56;14;11;3;;16.15;4.03;88;41;10;18,800;4,505;342;29,600;28;3;;;342;0.13;7%;2.75;23%;1,991;;;1,991;11;3,533;249;42%;11;6,071;416;17;11;7;00:24;5;101;42;416;;0.78;9.23;2.88;00:23;8.07;574.64;11.83;25.39;8,541.7;32;2;4;4;2;10;;42 minutes;3;2;01:21;01:26;64%;3;;1;
ruinknives;;10;9;6;6;;21;18.9;16;11;2;4,540;1,350;56;8,880;2;2;;;56;0.11;4%;4;29%;265;;;265;8;3,849;165;;8;5,031;165;8;7;2;00:10;;30;30;165;;0.56;8.4;4.2;00:21;4.2;556.93;23.11;33.61;18,656.73;4;;;0;;0;;7 minutes;0;0;00:10;00:40;100%;5;
Rundle0509;;1,385;481;34;19;;21.8;7.57;2,342;1,296;288;445,040;124,141;9,151;909,691;902;63;;10;9,151;0.19;7%;4.46;27%;48,854;3;32;48,854;24;9,342;572;44%;24;31,907;1,386;59;33;27;04:53;12;245;81;1,386;0.15;1.01;8.26;4.53;01:19;14.19;769.07;20.4;36.86;14,320.79;525;4;81;69;86;236;34;13 hours;64;50;01:24:06;02:53:12;78%;4;6;8;
RyanAM;;885;347;51;15;;24;9.41;1,542;837;135;282,680;75,942;5,693;610,249;554;53;;10;5,693;0.18;7%;4.77;26%;31,952;2;8;31,952;26;8,703;679;40%;26;24,001;2,016;60;30;24;01:45;10;300;76;2,016;0.27;1.01;8.75;3.66;00:57;15.02;866.51;22.69;41.81;16,549.45;323;4;27;34;53;115;22;8 hours;37;29;35:21;01:38:27;78%;5;1;7;
ryu-eight;;213;79;27;11;;18.86;6.99;350;229;60;64,120;22,323;1,081;182,402;133;8;;;1,081;0.1;4%;2.41;34%;7,522;;;7,522;15;7,011;441;45%;15;18,266;1,187;43;31;23;01:54;10;140;49;1,187;;0.76;12.84;5.31;01:19;11.78;666.25;20.28;31;16,156.18;145;;10;10;17;37;2;2 hours;11;3;14:54;23:38;23%;4;1;8;
S3NTINEL2001;;2;;2;;;5.19;;5;3;;1,400;355;42;3,169;3;;;;42;0.14;11%;;25%;67;;;67;5;1,384;67;25%;5;3,169;67;5;3;3;00:25;;42;29;67;;0.23;12.98;2.59;01:06;7.78;174.34;7.78;12.98;8,229.07;5;;;0;0;1;;4 minutes;0;;00:25;;;;;0;
samurainu;;15,668;6,032;59;30;;16.74;6.44;25,868;13,605;2,960;6,328,820;1,456,575;83,005;10,867,150;12,496;795;;23;83,005;0.11;5%;3.82;23%;549,544;27;450;549,544;26;11,709;701;90%;26;30,709;2,436;71;47;45;04:53;18;356;120;2,436;0.02;0.76;7.23;3.16;01:28;13.35;587.32;14.54;27.64;11,614.2;6,767;71;998;924;1,311;3,234;330;198 hours;936;508;23:07:45;26:00:43;54%;6;49;379;
sbkkzy;;1,392;473;30;14;2;18.16;6.17;2,107;1,301;271;411,840;128,375;7,763;971,800;954;66;;13;7,763;0.13;6%;2.77;31%;49,722;2;5;49,722;23;10,066;559;78%;23;27,108;1,116;44;31;25;03:31;10;200;74;1,116;0.16;0.83;9.88;3.53;01:30;12.44;648.73;16.97;27.49;12,679.29;758;13;92;79;104;275;10;16 hours;77;35;01:55:59;02:25:27;45%;5;3;38;
ScaredLilTaco;;41;6;33;6;;42.87;6.27;64;38;2;9,080;2,231;249;16,772;35;2;;;249;0.24;11%;4.92;24%;1,438;;;1,438;14;3,704;257;25%;14;15,507;1,183;52;31;28;02:02;;219;43;1,183;;1.4;13.59;2.09;03:14;36.59;1,503.62;39.73;66.92;17,537.63;13;;1;1;2;4;;17 minutes;1;1;03:05;04:18;100%;4;
Shadowfox55;;1,569;403;39;14;2;19.41;4.98;2,351;1,440;391;434,620;117,819;8,551;874,403;990;40;;4;8,551;0.13;7%;3.62;27%;56,512;5;60;56,512;36;12,712;758;53%;36;19,366;1,510;53;37;25;02:45;10;209;101;1,510;0.04;0.9;8.03;4.83;01:15;12.25;699.27;17.81;29.09;10,819.89;649;10;80;90;66;236;26;17 hours;81;40;01:41:22;02:44:24;49%;5;5;36;
shadowstrixx;;439;106;50;11;;16.9;4.08;689;279;46;211,400;40,585;3,246;303,980;333;8;;;3,246;0.15;7%;2.13;19%;16,402;;16;16,402;14;4,172;427;40%;14;21,993;1,931;68;28;44;04:34;6;253;78;1,931;0.03;0.77;12.43;1.77;01:38;12.82;631.63;10.74;26.53;11,706.34;323;7;28;32;26;86;5;5 hours;26;7;42:43;25:46;28%;4;1;18;
Sharpy776;;30;6;11;3;;20.97;4.19;45;22;4;8,920;3,061;251;18,851;25;;;;251;0.19;8%;3;34%;1,103;;;1,103;16;3,820;491;39%;16;4,570;491;19;8;8;00:48;2;63;54;491;;0.85;10.48;2.79;01:35;17.47;770.89;15.38;31.46;13,179.33;15;;2;0;1;4;;21 minutes;1;1;02:16;02:12;42%;3;1;0;
Shikurikato-;;20;7;6;3;;19.09;6.68;34;19;4;7,300;1,978;119;15,125;11;;;;119;0.11;6%;2.61;27%;879;;;879;10;4,156;157;24%;10;4,217;300;10;6;6;00:22;2;32;26;300;;0.84;12.41;3.81;01:09;10.5;839.41;18.14;32.46;14,443.72;13;;0;1;1;3;;17 minutes;1;0;01:13;00:13;40%;;;1;
Shimada_Bros;;38;18;14;10;;14.88;7.04;60;37;7;11,540;2,906;308;26,274;21;2;;;308;0.15;10%;2.6;25%;1,340;;;1,340;12;3,490;324;34%;12;7,734;397;23;13;15;01:09;3;101;51;397;;0.69;9;2.74;01:02;8.22;524.84;14.49;23.49;10,289.91;23;;4;3;1;8;;32 minutes;3;2;02:40;03:43;94%;3;;0;
Signal_Graph;;7,400;2,751;48;20;2;20.64;7.67;11,363;6,588;1,349;1,995,580;665,065;44,222;5,408,953;4,309;377;;31;44,222;0.15;6%;2.91;33%;269,220;4;45;269,220;25;12,509;847;58%;25;30,981;1,763;65;39;37;04:01;14;326;89;1,763;0.08;0.93;10.88;3.76;01:15;12.02;751.06;18.37;31.7;15,089.79;3,902;42;400;327;491;1,218;113;79 hours;358;191;07:31:28;12:53:59;53%;6;12;155;
sloohy99;;200;59;30;6;2;14.89;4.39;309;188;67;68,320;17,035;1,136;120,075;102;2;;3;1,136;0.11;6%;1.96;24%;7,375;2;3;7,375;11;3,491;339;34%;11;9,910;1,123;40;26;12;01:21;12;179;49;1,123;0.22;0.71;11.69;4.99;00:44;7.59;549.39;14;23.01;8,944.89;157;3;15;11;11;36;3;2 hours;13;3;09:59;15:44;24%;3;;10;
Smansi;;6;2;6;2;;8.35;2.78;13;6;;2,460;588;45;3,972;5;;;;45;0.09;7%;3.25;23%;263;;;263;8;1,791;263;60%;8;2,020;263;10;5;4;00:31;;24;21;263;;0.55;5.56;1.39;00:48;6.95;365.57;8.35;18.09;5,527.63;4;;1;0;1;2;;7 minutes;1;1;00:34;;72%;;0;0;
Smithered;;284;85;33;13;;26.04;7.79;407;226;37;83,600;25,015;2,393;196,739;164;10;;2;2,393;0.23;9%;2.84;29%;10,093;;;10,093;22;12,022;498;49%;22;18,726;1,183;37;26;22;01:44;7;306;177;1,183;0.18;1;13.11;3.39;01:21;15.04;925.74;20.72;37.33;18,045.84;143;5;7;10;19;36;5;2 hours;11;5;14:44;18:47;47%;5;;6;
SNAKE714;;21;20;9;9;;9.39;8.94;51;21;6;17,180;6,038;187;48,837;23;4;;;187;0.11;3%;3.92;35%;734;;;734;13;21,597;268;19%;13;26,389;268;27;11;11;03:35;2;78;50;268;;0.43;5.81;2.68;01:45;10.28;328.1;9.39;22.8;21,840.25;13;;2;1;4;7;;28 minutes;2;1;03:55;02:42;51%;5;;1;
SpanishK;;52;13;38;9;;34.01;8.5;61;38;13;9,880;3,198;309;26,320;35;;;;309;0.19;9%;2.34;32%;1,917;;;1,917;7;3,638;343;33%;7;17,847;1,409;42;27;28;02:44;8;245;56;1,409;;1.21;17;8.5;02:07;22.89;1,253.96;24.85;39.89;17,214.93;26;;2;1;1;4;;26 minutes;2;1;03:15;01:33;68%;3;;0;
sparton12345;;31;8;18;6;;15.49;3.99;51;36;9;10,040;2,839;168;20,242;16;;;;168;0.11;5%;1.96;28%;1,192;;;1,192;13;2,294;269;34%;13;10,438;742;38;24;13;00:45;5;103;23;742;;0.8;12.99;4.49;00:40;7.99;596.13;17.99;25.49;10,121.09;26;;2;2;1;5;;24 minutes;2;1;01:20;02:25;50%;4;;1;
Spuggtaztic;;23;10;23;10;;32.9;14.3;30;16;2;4,720;1,811;145;15,301;15;;;;145;0.23;8%;5;38%;830;;;830;12;6,062;498;;12;15,301;830;30;16;15;01:27;2;145;81;830;;1.33;8.58;2.86;02:05;21.45;1,187.25;22.89;42.91;21,890.4;6;;1;;2;3;;10 minutes;1;1;01:27;01:29;100%;3;
STOP_iseGamin_tv;;302;97;22;9;;14.8;4.75;455;245;65;129,680;28,345;2,149;204,221;186;8;;;2,149;0.13;7%;1.93;21%;11,689;;7;11,689;15;5,820;603;42%;15;13,581;769;29;21;14;01:16;10;190;54;769;;0.7;11.51;3.18;00:58;9.11;572.84;12;22.29;10,008.33;235;2;21;19;9;49;;4 hours;20;7;19:51;12:26;35%;4;1;12;
stormavatar;;112;31;14;9;;27.45;7.59;176;100;22;25,520;9,581;683;72,655;58;3;;;683;0.2;7%;4.63;37%;4,685;;;4,685;20;5,010;468;47%;20;10,191;683;24;15;11;00:34;5;93;63;683;0.24;1.4;9.31;5.39;01:02;14.21;1,148.23;24.51;43.13;17,808.29;38;;5;5;5;14;;55 minutes;4;3;04:15;13:29;84%;4;;1;
STRATO-ARCTICA;;126;33;34;10;;21.21;5.55;177;119;40;28,620;9,382;642;75,442;75;3;;;642;0.14;6%;2.9;32%;4,936;;;4,936;10;3,881;376;34%;10;18,155;1,231;48;35;20;01:24;12;230;48;1,231;;1.1;10.27;6.73;00:53;12.62;831.04;20.03;29.8;12,702.02;61;3;5;8;7;20;;1 hour;6;3;05:19;12:37;50%;4;;3;
subzilllaa;;4,803;1,617;64;27;2;23.76;8;6,905;4,217;1,077;1,190,860;348,527;28,777;2,916,325;2,742;180;;38;28,777;0.16;8%;2.55;29%;178,758;4;38;178,758;23;7,619;662;86%;23;33,481;2,559;80;51;51;04:06;17;303;107;2,559;0.18;1.03;13.37;5.32;01:13;13.56;884.47;20.86;34.16;14,429.6;2,704;57;156;172;279;608;58;48 hours;202;89;04:06:29;08:06:18;43%;5;4;109;
SugahFree;;2;2;2;2;;8.82;8.82;6;5;;1,500;282;21;2,650;3;;;;21;0.09;7%;3;18%;100;;;100;3;1,514;100;;3;2,644;100;6;5;3;00:15;;20;12;100;;0.44;8.82;;01:09;13.23;441.28;22.06;26.47;11,693.04;2;;0;0;1;1;;3 minutes;0;0;00:15;00:06;100%;;0;0;
Sundezth;;;;;;;7.07;;;;;420;99;7;592;;;;;7;0.07;7%;0.33;23%;50;;;50;;288;50;;1;592;50;;;;00:10;;7;5;50;;0.54;21.22;;01:17;;353.77;7.07;7.07;4,188.52;3;;;;0;0;;1 minute;0;;00:10;;;;;0;
swagboy1235;;5;2;5;2;;8.92;3.57;9;4;;3,380;806;25;4,070;2;;;;25;0.05;3%;1.28;23%;170;;;170;5;1,182;63;;5;4,070;170;9;4;2;00:16;;25;7;170;;0.37;12.49;1.78;00:29;3.57;303.53;7.14;16.06;7,266.38;7;;1;;1;2;;7 minutes;1;;00:16;;;;;1;
Swegg-Lawdd;;800;308;35;16;2;22.33;8.6;1,182;646;108;211,400;63,304;3,615;502,470;401;42;;13;3,615;0.14;5%;3.83;29%;29,035;;7;29,035;23;7,498;695;36%;23;24,414;1,212;46;26;28;02:21;6;155;62;1,212;0.36;1.14;8.6;3.01;01:02;11.19;810.74;18.03;33;14,030.48;308;4;36;38;38;113;17;7 hours;36;28;37:11;01:12:07;77%;5;1;7;
SwiperThe1;;169;43;26;10;;20.21;5.14;230;139;43;36,680;10,999;921;87,734;70;5;;;921;0.15;8%;2.27;29%;6,356;;;6,356;13;5,873;408;41%;13;13,023;1,083;37;24;11;00:49;10;179;87;1,083;;1.05;12.08;5.14;00:42;8.37;760.48;16.63;27.51;10,496.76;101;;9;4;8;21;2;1 hour;8;6;05:58;13:12;67%;5;0;2;
T4nh3ngz;;174;42;24;10;;19.15;4.62;296;155;46;59,700;15,442;1,191;109,395;66;7;;;1,191;0.19;7%;4.77;25%;6,768;;9;6,768;19;6,466;568;39%;19;13,272;964;53;22;12;00:50;5;110;102;964;;1.09;6.82;5.06;00:37;7.26;744.86;17.05;32.57;12,039.87;62;;9;9;8;27;4;1 hour;9;7;05:39;20:13;81%;5;;2;
tails1tale;;11;2;11;2;;42.55;7.73;22;15;5;3,100;845;70;6,115;10;;;;70;0.21;8%;4.4;27%;371;;;371;12;3,304;168;;12;6,115;371;22;15;10;00:46;5;70;28;371;;1.11;19.34;19.34;02:59;38.68;1,434.77;58.03;85.11;23,658.63;5;;;;1;1;;5 minutes;0;;00:46;02:12;;;;0;
Taimbot;;133;49;23;11;;21.52;7.93;173;102;25;28,920;7,857;586;68,773;79;3;;;586;0.12;7%;2.98;27%;4,729;;;4,729;15;4,330;451;36%;15;9,497;827;23;14;14;01:39;4;80;49;827;0.16;1.04;9.38;4.04;01:17;12.78;765.4;16.5;28;11,131.08;58;;8;6;7;21;2;1 hour;6;4;07:59;11:06;68%;5;;2;
tarnys;;397;129;25;13;;22.27;7.23;656;376;78;97,740;29,108;2,560;232,573;278;19;;4;2,560;0.17;8%;3.7;29%;14,311;;7;14,311;18;7,676;429;48%;18;15,286;856;47;24;23;02:11;6;175;68;856;0.22;0.98;9.92;4.37;01:16;15.59;802.79;21.09;36.79;13,046.76;177;;14;18;24;56;6;4 hours;18;11;22:46;41:49;63%;5;0;6;
taylormade99;;483;118;50;13;;25.52;6.23;610;450;166;92,300;30,228;2,230;223,118;209;16;;;2,230;0.15;7%;2.87;32%;18,973;;3;18,973;24;5,944;597;42%;24;23,720;1,875;59;48;29;02:09;22;262;83;1,875;0.05;1.32;11.2;8.77;01:10;11.04;1,002.7;23.78;32.23;11,791.24;212;4;19;16;41;76;9;3 hours;19;9;22:18;01:12:06;47%;5;1;9;
teehtf;;614;163;34;9;2;20.23;5.37;1,010;546;105;177,620;53,725;4,215;396,876;345;21;;13;4,215;0.18;7%;3.78;30%;21,555;;;21,555;15;5,911;521;49%;15;19,752;1,322;50;29;28;02:17;7;240;88;1,322;0.42;0.93;8.79;3.45;01:08;11.36;710.28;17.99;33.28;13,077.77;267;9;32;30;42;105;8;6 hours;30;23;34:49;58:49;76%;4;0;7;
ThatOneSnooron;;3,423;1,030;53;20;2;21.49;6.46;5,300;2,642;345;988,020;272,912;14,895;2,025,625;2,127;142;;40;14,895;0.12;5%;3.95;27%;120,107;3;29;120,107;31;11,516;662;41%;31;28,051;1,961;63;37;34;03:33;7;208;90;1,961;0.25;1.02;8.4;2.16;01:32;13.35;754.16;16.58;33.27;12,719.09;1,339;13;219;213;201;633;69;32 hours;159;123;04:05:03;04:31:31;77%;6;4;32;
The_Bob_tw;;28;3;19;3;;18.94;2.02;32;21;;6,060;2,142;142;14,388;12;;;;142;0.14;6%;1.88;35%;925;;;925;7;1,900;200;40%;7;6,923;629;19;12;7;00:49;;92;26;629;0.67;0.95;11.5;0.67;00:59;8.11;626.15;14.2;21.65;9,735.67;17;;1;2;1;4;;16 minutes;1;0;01:27;00:57;30%;3;0;1;
TheCryokinetic;;60;18;26;8;;30.27;9.08;100;55;10;16,000;4,408;429;36,823;42;3;;;429;0.25;9%;5;27%;2,056;;;2,056;11;4,354;336;27%;11;13,903;1,041;48;23;20;01:36;5;207;55;1,041;;1.2;10.09;5.04;01:32;21.19;1,037.38;27.74;50.45;18,578.34;20;;1;1;5;7;2;28 minutes;2;2;03:02;07:43;94%;3;;0;
TheCycl3Path;;137;49;28;10;;35.43;12.67;193;124;30;27,000;10,464;721;82,618;92;9;;;721;0.19;6%;4.19;38%;5,337;;;5,337;29;7,157;559;41%;29;15,091;1,106;49;27;26;02:31;6;141;64;1,106;;1.42;11.89;7.75;02:08;23.79;1,380.54;32.07;49.92;21,369.73;46;;2;1;9;13;3;1 hour;4;2;08:14;26:50;59%;6;1;1;
TheeObamanation;;35;6;33;6;;21.81;3.73;37;11;2;12,400;2,268;141;14,069;23;;;;141;0.1;6%;1.85;18%;1,392;;;1,392;10;3,196;431;18%;10;12,082;1,292;35;10;23;02:02;;122;52;1,292;;1.04;12.46;1.24;01:52;14.33;867.85;6.85;23.06;8,769.06;20;;1;2;2;5;;22 minutes;2;1;03:00;00:05;66%;;0;1;
TheRagerGamer;;558;185;33;15;;21.74;7.2;879;509;117;154,080;44,127;3,097;370,412;325;21;;;3,097;0.13;7%;3.19;28%;21,009;;2;21,009;18;7,481;418;44%;18;18,228;1,220;50;31;23;01:46;8;163;74;1,220;0.03;0.94;10.71;4.55;01:12;12.66;818.59;19.83;34.24;14,432.86;275;6;17;21;30;68;9;6 hours;26;13;31:09;59:46;51%;4;1;12;
Thirsty_Cat;;3;;3;;;5.75;1.91;8;4;;2,380;552;57;3,693;3;;;;57;0.16;10%;;23%;133;;;133;6;2,499;100;20%;6;2,857;133;7;4;2;00:16;;52;49;133;;0.39;15.34;1.91;01:00;5.75;255.4;7.67;15.34;7,085.72;8;;1;1;0;2;;5 minutes;1;;00:31;00:45;;;;1;
timohilde86;;658;232;24;16;;15.27;5.38;1,192;556;109;202,420;52,774;3,530;379,174;450;33;;;3,530;0.12;6%;4.9;26%;23,757;;8;23,757;21;5,142;568;43%;21;12,566;864;40;21;21;01:25;7;148;63;864;0.02;0.83;5.64;2.53;00:50;10.44;551.45;12.9;27.66;8,801.35;243;2;43;36;25;104;10;7 hours;43;38;36:10;41:39;87%;6;1;5;
tinysparkles;;94;30;17;9;;19.67;6.27;140;80;20;26,840;7,804;550;59,620;45;4;;;550;0.13;7%;2.15;29%;3,229;;2;3,229;13;4,472;320;38%;13;9,987;563;23;12;7;00:39;3;99;53;563;;0.79;13.6;4.18;01:12;9.41;675.92;16.74;29.3;12,479.34;65;;6;3;5;14;;1 hour;5;1;05:48;06:49;31%;4;1;3;
tomidaiki;;6;4;6;4;;10.04;6.69;11;5;2;2,100;746;43;6,881;3;;;;43;0.09;5%;1.57;35%;253;;;253;9;2,572;250;37%;9;6,394;253;11;5;3;00:35;2;41;21;253;;0.58;11.72;3.34;01:01;5.02;424.26;8.37;18.42;11,523.82;7;;1;1;0;2;;7 minutes;1;;00:36;00:58;;4;;1;
towearacrown;;95;35;20;8;;17.2;6.33;205;92;17;46,780;13,441;906;93,227;66;8;;;906;0.2;6%;5;28%;3,358;;;3,358;19;7,239;300;37%;19;14,587;821;41;16;13;00:40;4;128;100;821;0.18;0.77;7.42;3.07;00:52;11.95;608.22;16.66;37.12;16,884.82;41;;6;4;9;18;2;1 hour;6;4;04:48;09:51;77%;5;;1;
TroLeQuiS_kiLLeR;;125;33;27;10;;19.54;5.16;219;110;16;34,740;8,463;683;67,902;97;2;;;683;0.14;8%;4.13;24%;4,583;;;4,583;14;4,279;339;35%;14;15,684;1,088;46;23;30;02:03;4;132;45;1,088;;0.99;8.28;2.5;01:17;15.17;716.76;17.2;34.25;10,619.58;53;;10;5;8;23;2;1 hour;6;5;08:16;14:22;80%;3;;1;
Ultimate-X23;;;;;;;5.75;;;;;380;178;4;1,156;;;;;4;0.04;2%;0.5;46%;50;;;50;;1,062;50;46%;1;1,156;50;;;;00:00;;4;3;50;;0.55;11.51;;00:03;;287.84;;5.75;6,654.73;2;;0;;1;1;;1 minute;0;;00:00;;;;;0;
Uryu_CsP;;553;175;26;10;;22.97;7.27;860;491;123;150,920;42,157;3,667;355,625;268;17;;3;3,667;0.19;8%;3.3;27%;20,322;;2;20,322;23;7,057;412;36%;23;14,961;907;47;26;18;02:00;9;173;82;907;0.12;1.08;10.8;5.11;00:53;11.13;844.34;20.4;35.73;14,775.9;260;3;17;20;33;69;11;5 hours;24;19;21:26;48:01;77%;4;1;4;
vansama813;;25;17;19;8;;14.88;10.12;36;24;14;7,920;2,167;171;15,582;20;2;;;171;0.12;7%;1.63;27%;1,022;;;1,022;5;2,274;215;34%;5;7,768;825;21;14;11;00:53;8;85;44;825;0.59;0.77;13.09;8.33;01:02;11.9;608.37;14.28;21.43;9,276.56;22;;2;1;1;4;;21 minutes;2;0;01:45;03:41;29%;4;;1;
VayneHelsing;;8;;6;;;13.26;1.65;8;4;3;2,120;546;53;4,789;3;;;;53;0.13;9%;0.72;25%;264;;;264;2;998;80;28%;2;4,184;184;6;2;3;00:39;2;52;19;184;;0.64;18.24;4.97;01:06;4.97;437.84;6.63;13.26;7,942.06;11;;0;1;0;1;;6 minutes;1;;00:39;;;;;1;
vichda;;1,838;593;43;16;;18.97;6.12;2,697;1,359;275;560,940;138,437;8,058;1,048,371;1,370;76;;5;8,058;0.1;5%;2.41;24%;66,369;4;20;66,369;17;8,626;677;86%;17;21,833;1,603;64;29;44;05:01;7;214;65;1,603;0.05;0.87;11.54;2.83;01:57;14.14;685.3;14.03;27.84;10,825.16;1,118;19;114;97;84;295;16;21 hours;97;58;03:09:19;02:04:10;60%;5;1;37;
Vince-F95Gunners;;4,417;1,450;49;21;;21.78;7.15;6,366;3,902;1,065;1,018,140;313,614;23,692;2,464,528;2,778;155;;5;23,692;0.14;7%;2.79;30%;166,748;6;41;166,748;24;7,551;803;55%;24;24,685;1,787;59;38;45;04:21;16;376;116;1,787;0.02;1;11.21;5.25;01:29;13.69;822.26;19.24;31.39;12,153.01;2,274;44;199;202;263;664;65;46 hours;203;99;05:02:28;08:04:21;49%;5;9;94;
VoSnYb;;42;13;20;5;;30.31;9.38;52;36;11;10,800;3,607;321;31,294;14;;;;321;0.23;8%;2.47;33%;1,644;;;1,644;11;4,587;527;42%;11;16,607;841;24;19;9;00:55;7;167;57;841;;1.18;15.15;7.93;01:11;10.1;1,186.66;25.98;37.52;22,584.11;21;;1;2;3;5;2;23 minutes;1;1;01:39;05:21;76%;4;;0;
vReveelz;;48;15;18;8;;22.47;7.02;70;40;14;13,780;3,913;305;26,787;20;2;;;305;0.2;7%;7;28%;1,912;;;1,912;11;4,370;402;31%;11;9,718;741;27;15;7;00:58;6;115;51;741;;1.27;4.68;6.55;00:46;9.36;895.15;18.72;32.77;12,542.37;10;;3;1;4;9;2;24 minutes;2;2;01:40;04:07;100%;3;
wannchan_1208;;174;78;31;11;;18.61;8.34;291;157;26;67,200;19,184;1,112;145,883;89;12;;3;1,112;0.14;5%;3.09;28%;5,986;;;5,986;16;6,367;532;35%;16;17,443;972;46;27;11;00:52;4;173;45;972;0.32;0.76;10.05;2.78;00:47;9.52;640.35;16.79;31.12;15,604.75;94;;9;5;14;28;4;2 hours;9;6;07:23;15:56;64%;4;1;3;
WhiteRangerOwnz;;1,929;694;40;20;;19.39;6.97;2,969;1,453;282;808,040;180,253;10,940;1,293,581;1,490;80;;6;10,940;0.13;6%;2.51;22%;68,315;;34;68,315;18;9,075;588;46%;18;20,889;1,459;58;32;38;03:51;11;223;75;1,459;0.06;0.83;11.87;2.83;01:39;14.98;686.87;14.6;29.85;13,006.45;1,181;19;119;111;111;341;25;22 hours;99;42;02:45:23;02:20:37;41%;5;5;53;
WidestLowen;;6;4;6;4;;8.69;5.79;13;10;4;3,100;778;31;7,119;6;;;;31;0.06;3%;1.62;25%;237;;;237;6;2,374;75;25%;6;7,119;237;13;10;6;00:18;4;31;15;237;;0.47;11.59;5.79;00:27;8.69;343.9;14.49;18.84;10,320.88;8;;1;1;1;3;;8 minutes;1;1;00:18;00:24;100%;;;0;
Wonga1963;;25;6;16;3;;15.79;3.78;45;20;8;5,340;1,482;172;12,817;15;;;;172;0.19;11%;6.42;27%;859;;;859;19;6,021;263;21%;19;6,490;556;21;12;7;00:58;4;112;107;556;;0.96;4.42;5.05;01:08;9.47;542.29;12.63;28.42;8,095.47;7;;2;2;1;5;;14 minutes;2;1;01:48;02:20;93%;3;0;0;
x_CyberHunter_x;;22;10;12;5;;11.3;5.13;41;27;13;7,160;2,206;255;18,564;9;;;;255;0.23;11%;2.92;30%;858;;;858;7;3,403;250;32%;7;6,754;405;25;16;5;00:28;7;93;36;405;;0.78;7.19;6.67;00:22;4.62;441.05;13.87;21.06;9,537.45;14;;1;4;2;6;;18 minutes;2;2;00:43;00:29;100%;3;
xbLeU;;433;180;24;13;2;22.41;9.31;744;406;75;147,080;45,098;3,192;351,826;329;21;;2;3,192;0.19;7%;3.7;30%;15,561;;;15,561;24;8,847;479;41%;24;20,277;848;45;27;24;01:59;7;196;59;848;0.1;0.94;10.4;3.88;01:24;17.03;805.54;21.01;38.51;18,213.24;201;4;13;13;41;67;13;4 hours;19;8;27:08;01:02:15;40%;5;3;9;
XDaRkFlMeMaSteX;;5;;3;;;9.28;;9;4;;3,160;728;90;6,173;4;;;;90;0.26;12%;1.5;23%;134;;;134;4;1,987;50;;4;5,806;100;5;2;3;00:12;;85;40;100;;0.39;11.13;;00:30;7.42;248.96;7.42;16.7;11,461.22;6;;0;0;0;1;;5 minutes;1;0;00:16;00:38;8%;;;0;
Xecrets;;97;41;15;8;;22.51;9.51;175;96;15;26,760;9,457;883;74,526;62;4;;;883;0.25;9%;3.36;35%;3,600;;;3,600;13;6,389;347;52%;13;13,723;612;29;19;10;00:42;4;145;62;612;;1.02;12.07;3.48;00:56;14.39;835.66;22.28;40.62;17,299.56;52;;4;6;4;15;;58 minutes;4;3;04:03;11:03;64%;3;;2;
XenomorphKiller6;;899;331;36;17;;21.22;7.81;1,427;831;164;251,540;78,705;6,316;619,708;563;39;;2;6,316;0.19;8%;4.1;31%;33,172;;6;33,172;30;11,370;626;52%;30;25,159;1,379;59;33;28;02:57;6;189;112;1,379;0.04;1;8.21;3.87;00:58;13.29;783.33;19.62;33.69;14,634.1;348;6;42;39;78;158;19;9 hours;42;29;41:11;01:44:52;69%;6;3;10;
xEvery_;;262;110;20;11;;24.22;10.17;392;236;46;64,300;21,368;1,352;171,778;132;17;;2;1,352;0.16;6%;4.61;33%;9,021;;;9,021;20;8,892;457;61%;20;11,839;761;29;16;15;01:13;7;149;67;761;0.18;1.11;7.85;4.25;01:00;12.2;834.12;21.82;36.24;15,883.82;85;;13;8;17;38;4;2 hours;11;8;10:54;28:05;71%;5;;3;
xGrommash;;18;7;10;4;;14.36;5.58;30;17;7;7,000;1,901;97;13,574;19;;;;97;0.12;5%;4.28;27%;691;;;691;12;5,309;294;32%;12;6,418;303;14;9;12;01:01;3;44;35;303;;0.9;5.58;5.58;01:13;15.16;551.45;13.56;23.94;10,832.95;7;;2;1;2;4;;12 minutes;1;;01:32;02:07;;3;1;1;
xI_Ace_Ix;;4,312;1,032;53;13;2;21.77;5.21;6,799;3,382;487;1,075,840;338,371;19,525;2,427,029;2,972;201;;9;19,525;0.12;5%;4.86;31%;148,651;2;17;148,651;34;10,947;540;52%;34;29,950;1,825;72;36;39;05:20;10;241;85;1,825;0.04;0.96;7.05;2.45;01:45;15;750.63;17.07;34.33;12,255.61;1,397;23;297;260;203;760;59;42 hours;198;154;05:49:26;05:45:25;77%;6;6;38;
xScarfake;;23;7;7;3;;25.94;7.89;29;17;2;8,940;3,008;190;23,412;12;;;;190;0.23;6%;3.22;33%;878;;;878;8;6,780;200;;8;12,064;280;10;7;4;01:04;2;95;29;280;;1.08;10.15;2.25;02:26;13.53;990.07;19.17;32.7;26,406.6;9;;1;1;1;2;;13 minutes;1;1;02:09;02:29;70%;3;;0;
xShotwell;;129;37;24;9;;16.65;4.77;189;98;14;35,680;12,018;952;94,432;68;2;;2;952;0.17;7%;2.12;33%;4,886;;;4,886;17;4,802;812;52%;17;15,410;1,049;31;14;15;01:42;4;132;58;1,049;0.25;0.9;11.49;1.8;00:51;8.78;630.89;12.65;24.4;12,193.9;89;;4;14;11;30;3;1 hour;8;2;06:35;10:06;21%;4;0;6;
XTheFunPolice;;65;14;33;8;;20.31;4.37;98;57;23;20,440;5,768;411;39,856;38;2;;;411;0.14;7%;2.51;28%;2,763;;;2,763;10;3,621;450;38%;10;13,792;1,572;45;35;16;01:06;16;129;45;1,572;0.31;0.94;12.18;7.18;01:25;11.87;863.25;17.81;30.62;12,454.25;39;2;4;1;5;11;;48 minutes;3;1;04:33;05:26;45%;3;0;1;
xtrickharder_esp;;1,581;571;30;12;;22.83;8.24;2,571;1,479;289;438,760;123,170;11,225;1,017,733;1,016;69;;13;11,225;0.2;9%;3.12;28%;56,854;2;11;56,854;28;7,823;610;42%;28;19,477;1,285;55;32;31;03:21;10;246;94;1,285;0.18;1.02;11.9;4.17;01:25;14.67;821.32;21.36;37.14;14,702.41;824;20;59;60;115;234;39;15 hours;69;47;01:38:23;03:32:16;68%;5;3;18;
XTXSHADOW;;169;38;47;10;;21.83;4.9;253;150;41;33,020;10,364;989;83,848;108;8;;;989;0.17;9%;3.77;31%;6,105;;;6,105;13;4,408;370;37%;13;13,480;1,755;59;35;38;02:31;6;196;57;1,755;;1.06;8.65;5.29;01:07;13.95;788.58;19.37;32.68;10,830.85;67;2;4;9;10;23;2;1 hour;8;6;08:39;13:20;75%;3;1;1;
XxDPROxSKILLZxX;;8,966;2,879;54;23;3;22.06;7.08;13,130;7,303;1,548;2,525,620;705,145;49,797;5,549,027;4,833;366;2;210;49,797;0.16;7%;3.62;27%;334,206;7;60;334,206;28;11,717;647;45%;28;30,950;2,138;66;42;37;03:47;12;314;110;2,138;0.51;1.09;8.91;3.81;01:05;11.89;822.65;17.97;32.31;13,659.04;3,620;75;427;422;591;1,440;175;85 hours;406;295;07:26:03;13:31:58;72%;5;18;94;
XxFLUFFYFLASHxX;;15;3;15;3;;106.55;21.31;12;7;;1,800;488;26;3,657;10;;;;26;0.14;5%;;27%;353;;;353;12;3,657;353;27%;12;3,657;353;12;7;10;00:58;;26;26;353;;1.92;;;06:53;71.03;2,507.48;49.72;85.24;25,979.25;;;0;0;0;1;;3 minutes;0;0;00:58;01:22;100%;
YoungShimada;;109;39;27;11;;23.66;8.46;200;92;20;39,940;12,001;662;88,361;81;5;;;662;0.16;5%;4.25;30%;3,897;;7;3,897;30;9,115;537;32%;30;18,546;841;54;24;23;02:03;8;203;75;841;;0.96;10.2;4.34;01:53;17.58;846.29;19.97;43.43;19,187.78;47;;4;6;4;13;;1 hour;5;4;08:43;18:11;79%;5;;1;
YUKARI_NISAN;;146;51;46;9;;20.6;7.19;202;122;25;39,380;12,332;643;91,251;107;5;;;643;0.12;5%;2.76;31%;5,247;;;5,247;15;4,352;328;31%;15;17,817;1,623;40;24;26;02:29;7;154;43;1,623;;1.02;10.3;3.52;01:31;15.09;740.32;17.21;28.5;12,875.54;73;;9;7;11;27;3;1 hour;7;5;10:48;16:17;70%;3;;2;
Zcity9;;196;64;32;9;;14.07;4.59;308;166;35;72,240;18,540;993;136,699;133;7;;;993;0.09;5%;1.91;25%;7,395;;5;7,395;11;3,961;491;36%;11;17,812;1,165;50;25;24;01:59;7;114;30;1,165;0.07;0.73;11.56;2.51;00:54;9.55;531.21;11.92;22.12;9,819.88;161;;14;10;12;36;3;2 hours;14;4;12:35;14:36;30%;4;0;9;
Zealousx;;5;3;5;3;;9.77;5.86;12;8;;2,640;831;48;5,365;5;;;;48;0.11;5%;1.71;31%;102;;;102;5;1,645;100;;5;4,488;102;12;8;5;00:16;;46;20;102;;0.24;13.68;1.95;00:41;9.77;200.17;15.63;23.45;10,486.22;7;;0;1;1;2;;6 minutes;1;;00:21;;;;;1;
ZeeTee_;;1,376;570;39;21;;23.92;9.91;2,213;1,296;190;388,680;129,360;9,623;1,046,225;779;90;;3;9,623;0.2;7%;3.43;33%;48,403;;4;48,403;28;9,969;686;83%;28;32,615;1,478;71;44;28;01:56;10;314;89;1,478;0.05;1.01;11.21;3.3;00:56;13.54;841.53;22.53;38.47;18,189.64;645;3;34;46;107;186;32;13 hours;58;40;54:36;02:51:01;68%;6;2;16;
zwordz;;825;317;31;17;2;21.78;8.37;1,367;679;97;282,600;90,445;4,920;656,279;593;46;;4;4,920;0.16;5%;3.33;32%;28,174;;12;28,174;21;11,605;537;44%;21;25,616;1,136;51;29;29;02:52;11;203;82;1,136;0.1;0.92;10.82;2.56;01:30;15.65;743.98;17.93;36.09;17,330.19;410;4;37;32;65;134;18;8 hours;38;22;57:08;01:26:28;57%;5;0;16;
