Username;SR;Enemies Hooked - Most in Game;Enemies Hooked;Hooks Attempted;Whole Hog Kills - Most in Game;Whole Hog Kills;Hook Accuracy - Best in Game;Melee Final Blows - Most in Game;Whole Hog Kills - Average;Enemies Hooked - Average;Hook Accuracy;Eliminations;Final Blows;Solo Kills;Shots Fired;Shots Hit;Critical Hits;Damage Done;Objective Kills;Multikills;Environmental Kills;Melee Final Blows;Critical Hits;Critical Hits per Minute;Critical Hit Accuracy;Eliminations per Life;Weapon Accuracy;Healing Done;Teleporter Pads Destroyed;Turrets Destroyed;Self Healing;Eliminations - Most in Life;Damage Done - Most in Life;Healing Done - Most in Life;Weapon Accuracy - Best in Game;Kill Streak - Best;Damage Done - Most in Game;Healing Done - Most in Game;Eliminations - Most in Game;Final Blows - Most in Game;Objective Kills - Most in Game;Objective Time - Most in Game;Solo Kills - Most in Game;Critical Hits - Most in Game;Critical Hits - Most in Life;Self Healing - Most in Game;Melee Final Blows - Average;Self Healing - Average;Deaths - Average;Solo Kills - Average;Objective Time - Average;Objective Kills - Average;Healing Done - Average;Final Blows - Average;Eliminations - Average;Damage Done - Average;Deaths;Environmental Deaths;Medals - Bronze;Medals - Silver;Medals - Gold;Medals;Cards;Time Played;Games Played;Games Won;Objective Time;Time Spent on Fire;Win Percentage;Multikill - Best;Games Tied;Games Lost;
aaaangus;0;9;33;73;5;11;75%;;6.46;19.38;45%;46;23;3;2,968;1,390;118;23,104;19;;;;118;0.1;8%;3.28;46%;6,140;;;6,140;12;3,628;1,703;64%;12;7,786;2,834;19;8;14;02:25;;40;21;2,834;;5.5;8.22;1.76;02:05;11.15;3,605.95;13.5;27.01;13,569.23;14;;3;2;2;7;;18 minutes;2;1;03:33;03:56;58%;;;1;
aahmad3_3;2887;15;19;37;2;3;100%;;3.18;20.16;51%;23;10;3;1,811;545;74;7,914;16;;;;74;0.12;13%;2.55;30%;5,546;;;5,546;8;2,435;2,115;;8;6,491;3,431;16;7;12;01:20;2;60;35;3,431;;9;9.55;3.18;02:16;16.98;5,885.99;10.61;24.41;8,399.46;9;;0;3;1;4;;10 minutes;1;0;02:08;03:38;23%;;;1;
abra84kadabra;2388;22;836;1,868;6;113;100%;;2.11;15.64;44%;738;303;63;36,773;11,928;1,489;379,086;333;2;2;;1,489;0.03;12%;1.51;32%;219,323;;43;219,323;11;11,773;4,552;67%;11;14,404;7,631;21;10;11;02:47;3;60;34;7,631;0.01;5.88;9.09;1.17;01:06;6.23;4,105.01;5.67;13.81;7,095.27;486;14;44;44;45;132;4;10 hours;53;25;59:14;09:00;47%;3;2;26;
Actualsim;2264;10;22;44;2;3;58%;;1.92;14.08;50%;20;10;;2,059;806;59;13,439;11;;;;59;0.05;7%;1.25;39%;4,555;;;4,555;5;2,262;1,126;51%;5;5,752;2,365;12;5;9;00:46;;38;17;2,365;;4.52;10.24;0.64;00:41;7.04;2,916.21;6.4;12.8;8,603.01;16;;3;1;2;5;;16 minutes;2;;01:04;00:22;;;;2;
aisia121;4402;2;2;8;;;25%;;0.99;1.99;25%;2;;;250;38;4;1,597;;;;;4;0.01;10%;0.33;15%;1,259;;;1,259;;593;300;15%;1;1,597;1,259;2;;;00:18;;4;3;1,259;;4.43;5.99;;00:18;0.99;1,258.97;0.99;1.99;1,597.33;6;;;;;;;4 minutes;1;;00:18;;;;;1;
AkimboMistiK;4291;15;59;121;5;15;100%;;3.94;15.51;48%;100;52;11;5,484;2,313;343;53,434;24;;;;343;0.14;14%;4.76;42%;7,885;;;7,885;16;10,241;1,158;45%;16;17,467;2,070;32;16;6;01:31;5;169;51;2,070;;3.44;5.52;2.89;01:02;6.3;2,072.91;13.67;26.28;14,047.47;21;;9;3;3;14;2;38 minutes;4;3;03:58;03:29;87%;3;;0;
akira082219;0;28;317;685;9;58;100%;;3.71;20.32;46%;363;158;44;24,118;8,483;982;207,598;150;4;3;4;982;0.06;11%;1.81;35%;56,905;;;56,905;9;7,272;1,693;72%;9;16,393;5,330;36;15;15;01:56;5;128;30;5,330;0.25;3.94;12.82;2.82;01:12;9.61;3,648.57;10.13;23.27;13,310.47;200;2;19;17;6;43;;4 hours;16;5;18:44;04:30;33%;4;1;10;
Akodak;3000;46;92;192;9;30;75%;2;9.59;29.41;47%;118;58;15;6,202;2,313;490;42,675;44;;;5;490;0.16;21%;3.93;37%;13,494;;;13,494;11;4,037;1,604;47%;11;16,412;6,625;47;19;13;01:52;6;153;69;6,625;1.59;4.45;9.59;4.79;01:27;14.06;4,313.82;18.54;37.72;13,642.46;30;2;4;3;2;9;;50 minutes;3;2;04:32;03:09;75%;;;1;
AllStatsDown;0;44;906;1,749;11;205;100%;2;6.23;27.53;51%;1,074;673;167;74,898;26,216;4,314;453,416;379;6;10;10;4,314;0.15;16%;2.73;35%;111,922;;10;111,922;16;9,545;1,746;73%;16;21,116;5,414;56;33;26;02:16;13;213;65;5,414;0.3;3.9;11.94;5.07;01:01;11.51;3,401.59;20.45;32.64;13,780.46;393;14;39;37;24;100;4;7 hours;33;16;33:29;01:15:12;48%;3;1;16;
Angel_L_AssAssin;3749;5;15;38;4;8;100%;;5.25;9.86;39%;33;15;;1,355;418;64;10,924;3;;3;;64;0.07;15%;4.71;30%;5,153;;;5,153;14;3,177;2,223;29%;14;3,475;2,223;14;7;2;00:10;;22;17;2,223;;5.75;4.6;0.65;00:23;1.97;3,387.09;9.86;21.69;7,180.74;7;;4;0;2;5;;14 minutes;2;1;00:35;00:26;64%;3;;1;
angels_fan_44;2127;15;19;37;2;3;60%;;3.15;20;51%;18;10;2;1,170;518;80;7,713;11;;;;80;0.1;15%;1.38;44%;3,251;;2;3,251;5;1,513;600;;5;5,804;2,285;11;6;6;00:52;;62;18;2,285;1.05;4.4;13.68;2.1;01:48;11.58;3,423.2;10.53;18.95;8,122.45;13;;1;;0;1;;12 minutes;1;;01:42;;;;;1;
APurplePanduh;4021;28;365;668;11;70;100%;2;5.19;27.11;54%;460;255;52;20,630;9,456;1,508;202,815;138;2;;8;1,508;0.14;15%;3.65;45%;42,665;;9;42,665;17;7,103;1,612;57%;17;19,250;3,211;37;24;15;01:43;5;166;82;3,211;0.59;4.07;9.35;3.86;01:05;10.25;3,169.16;18.94;34.16;15,065.19;126;7;15;11;23;50;5;2 hours;13;11;14:41;41:31;83%;4;0;2;
Arash1994;0;32;794;1,402;7;123;100%;3;3.37;21.79;56%;999;581;131;42,573;19,391;2,614;331,518;304;3;4;32;2,614;0.11;13%;6.24;45%;108,779;;8;108,779;21;8,067;2,353;61%;21;16,772;5,760;39;30;21;02:08;9;126;69;5,760;0.87;4.83;4.39;3.59;00:57;8.34;2,985.4;15.94;27.41;9,098.41;160;4;49;44;35;128;19;6 hours;36;32;34:44;01:29:11;86%;4;0;5;
ATLXyphes;3256;26;141;234;6;32;81%;3;6.65;29.32;60%;175;89;15;6,492;2,965;523;64,367;86;3;;7;523;0.12;17%;3.57;45%;23,845;;;23,845;12;5,533;2,713;48%;12;15,440;4,337;31;19;17;03:07;5;101;50;4,337;1.45;5.6;10.19;3.11;02:06;17.88;4,959.46;18.51;36.39;13,387.36;49;2;5;9;2;15;;1 hour;5;4;10:07;11:21;87%;3;;1;
AustinC209x;3000;22;42;71;7;11;70%;;4.98;19.04;59%;42;23;9;2,716;1,065;177;18,499;12;;;;177;0.14;16%;2.47;39%;6,468;;;6,468;8;2,169;1,436;51%;8;10,603;4,417;25;14;9;00:15;5;107;30;4,417;;5.15;7.7;4.08;00:17;5.44;2,933.54;10.43;19.04;8,389.67;17;;0;4;3;8;;20 minutes;2;1;00:39;00:35;40%;3;;1;
AutoBots_Kick_A;2901;36;571;1,246;7;127;100%;2;3.87;17.42;45%;736;431;85;42,364;16,959;2,238;374,042;272;3;5;5;2,238;0.09;13%;3.15;40%;86,360;;8;86,360;19;6,860;2,622;57%;19;19,073;3,992;33;22;15;03:10;6;125;47;3,992;0.15;3.67;7.11;2.59;01:09;8.3;2,636.1;13.15;22.46;11,417.51;233;10;38;36;21;94;8;6 hours;33;15;38:13;36:13;45%;4;1;17;
AyoKlaus;2925;21;22;34;5;5;72%;;8.26;36.35;64%;30;15;4;1,244;629;143;8,316;11;;;;143;0.26;22%;4.28;50%;1,558;;;1,558;11;2,660;658;51%;11;7,290;1,558;26;13;11;01:08;4;136;57;1,558;;2.92;11.56;6.6;02:01;18.17;2,574.63;24.78;49.57;13,742.21;7;;1;1;1;3;;8 minutes;1;1;01:13;02:32;86%;;;0;
battle_snakes;2846;12;36;65;2;4;75%;;1.82;16.42;55%;36;23;7;4,411;1,452;257;17,277;9;;;;257;0.17;17%;1.2;32%;3,308;;;3,308;4;2,155;600;46%;4;6,015;1,457;13;8;4;01:03;4;67;34;1,457;;2.3;13.68;3.19;01:03;4.1;1,509.06;10.49;16.42;7,880.97;30;2;4;2;2;8;;23 minutes;2;1;02:18;00:40;23%;;;2;
Beautiful-KEN-;3195;6;10;20;;;50%;;;18.99;50%;8;3;;799;249;10;12,853;4;;;;10;0.02;4%;2;31%;776;;;776;7;7,665;476;;7;8,835;476;7;2;4;00:32;;10;10;476;;2.09;7.59;;01:00;7.59;1,473.83;5.69;15.19;24,408.43;4;;;0;1;1;;6 minutes;1;0;00:32;;33%;;;0;
BEBOFLOW-PR;0;42;1,786;3,898;6;239;100%;3;3.18;23.83;45%;1,667;812;180;106,187;41,244;6,936;909,448;555;10;9;44;6,936;0.11;16%;1.92;38%;281,135;;5;281,135;18;7,236;3,023;74%;18;19,711;7,886;38;20;17;01:54;6;170;89;7,886;0.58;4.57;11.57;2.4;00:52;7.4;3,752.3;10.83;22.24;12,138.35;867;14;92;69;34;195;13;17 hours;75;29;01:05:19;01:03:32;38%;4;4;43;
BEN-B-en;0;40;2,659;5,611;14;504;100%;3;4.53;23.91;47%;3,035;1,654;290;234,677;83,060;8,886;1,343,452;1,002;24;19;58;8,886;0.09;10%;2.42;35%;446,269;;2;446,269;18;8,510;2,810;58%;18;25,294;7,883;48;27;23;01:48;11;199;84;7,883;0.52;4.52;11.24;2.6;00:54;9.01;4,013.16;14.87;27.29;12,081.27;1,251;70;164;78;45;288;9;27 hours;111;62;01:41:20;01:48:04;56%;4;2;47;
bhmazz;0;12;121;234;6;20;100%;2;3.24;19.64;51%;100;50;15;8,129;3,288;331;52,314;43;;;7;331;0.06;10%;1.2;40%;29,762;;4;29,762;8;2,949;1,196;57%;8;6,860;2,784;15;8;7;01:09;2;44;21;2,784;1.13;5.94;13.47;2.43;01:12;6.98;4,832.29;8.11;16.23;8,493.95;83;3;9;4;2;15;;1 hour;6;2;07:28;02:22;28%;3;0;4;
Black_Gast;3000;44;203;383;9;48;61%;2;5.72;24.22;53%;250;156;46;11,954;5,526;840;93,043;104;;;5;840;0.14;15%;4.23;46%;32,314;2;9;32,314;12;5,045;2,418;71%;12;16,725;5,758;52;36;23;03:05;7;226;54;5,758;0.59;5.39;7.04;5.48;01:22;12.41;3,856.05;18.61;29.83;11,102.84;59;6;12;13;6;31;6;1 hour;8;6;11:29;29:41;76%;3;;2;
BloodHoundHD;4028;36;1,496;3,079;18;334;100%;4;4.64;20.82;48%;1,802;1,030;208;102,499;46,864;7,087;978,009;601;10;16;61;7,087;0.12;15%;2.19;45%;301,653;;26;301,653;16;6,497;2,331;71%;16;33,224;7,120;55;33;20;02:16;9;251;64;7,120;0.84;5.36;11.41;2.89;01:08;8.36;4,199.37;14.33;25.08;13,615.08;820;25;90;69;53;212;20;15 hours;72;30;01:21:40;01:40:44;42%;4;2;39;
Blota_Skoles;3358;28;964;2,174;11;217;100%;2;4.84;21.53;44%;1,227;643;107;83,347;33,413;5,116;637,295;471;8;17;17;5,116;0.12;15%;2.1;40%;152,391;;6;152,391;15;8,730;1,552;81%;15;27,410;4,914;40;24;19;02:29;7;194;84;4,914;0.37;3.83;13.02;2.39;01:29;10.52;3,404.74;14.36;27.41;14,238.51;583;37;73;36;33;142;10;11 hours;45;16;01:06:32;59:34;35%;4;3;26;
BobbysWorldGamer;2493;19;85;186;6;24;100%;2;4.44;15.73;45%;120;63;14;10,796;2,640;357;45,885;43;;6;5;357;0.08;13%;1.9;24%;23,335;;;23,335;8;3,402;1,500;46%;8;8,985;4,750;24;12;10;01:02;7;79;37;4,750;0.92;5.56;11.66;2.59;01:07;7.95;4,319.63;11.66;22.21;8,493.84;63;3;4;3;2;9;;1 hour;5;2;06:06;01:38;45%;;1;2;
boJangles408;2209;3;4;6;;;75%;;;4.91;66%;6;5;;859;293;50;3,223;;;;;50;0.12;17%;1.2;34%;2,152;;;2,152;4;1,684;900;35%;4;2,371;1,800;4;4;;00:11;;37;30;1,800;;5.52;6.14;1.22;00:17;;2,645.75;6.14;7.37;3,962.16;5;;1;1;;2;;6 minutes;1;;00:14;;;;;1;
BONBISH;3415;49;1,658;3,022;15;363;100%;3;4.47;20.41;54%;2,119;1,272;243;133,022;55,221;8,631;1,074,541;810;13;14;49;8,631;0.12;15%;2.17;41%;280,768;;7;280,768;18;8,367;2,433;80%;18;27,238;5,993;67;36;28;02:29;9;237;109;5,993;0.6;4.21;12;2.99;01:13;9.97;3,457.82;15.66;26.09;13,233.63;975;30;114;107;75;296;24;18 hours;81;41;01:39:22;02:21:34;50%;4;6;34;
boneh;4051;32;773;1,432;12;183;100%;4;4.85;20.5;53%;980;567;135;44,523;18,503;2,952;357,074;251;3;5;42;2,952;0.13;15%;4.57;41%;117,207;2;14;117,207;26;7,178;2,387;65%;26;17,119;5,197;42;28;13;02:10;10;199;88;5,197;1.11;5.24;5.67;3.58;00:53;6.65;3,109.52;15.04;25.99;9,473.26;214;6;47;52;33;133;18;6 hours;38;36;33:23;01:19:19;94%;4;0;2;
BRAY-YAN;2982;6;6;15;;;40%;;1.93;11.63;40%;4;;;879;297;20;3,446;;;;;20;0.07;6%;0.8;33%;2,148;;;2,148;2;1,568;1,548;33%;2;3,446;2,148;4;;;00:09;;20;15;2,148;;8.11;9.69;;00:18;;4,165.31;1.93;7.75;6,680.13;5;;1;1;;1;;4 minutes;1;;00:09;;;;;1;
Buahahahaha;2770;11;20;56;3;5;45%;;3.23;12.94;35%;21;11;3;1,393;495;56;11,695;11;;;;56;0.07;11%;3.5;35%;6,796;;;6,796;5;3,633;2,211;36%;5;6,141;3,262;11;6;8;02:14;2;29;17;3,262;;8.51;3.88;1.94;01:39;7.11;4,397.86;7.11;13.58;7,567.79;6;;1;1;1;3;;13 minutes;2;1;02:33;01:56;89%;;0;0;
bub_THe-_-Gr8;2994;14;67;130;4;17;70%;;4.19;16.53;51%;85;43;13;5,410;1,944;280;25,316;24;;;;280;0.09;14%;2.42;35%;15,260;;;15,260;6;2,256;1,414;36%;6;8,838;3,466;20;10;7;01:05;3;64;44;3,466;;5.22;8.63;3.2;00:43;5.92;3,765.14;10.6;20.97;6,246.17;35;2;3;3;3;9;;48 minutes;4;4;02:58;01:36;88%;3;;0;
BubbbleBasss;3060;11;28;69;4;8;50%;;4.01;14.04;40%;43;21;;2,393;1,039;124;20,558;17;;;;124;0.09;11%;2.38;43%;8,224;;;8,224;14;4,181;1,845;49%;14;9,718;2,983;17;9;5;01:26;;68;54;2,983;;6.47;9.03;0.5;01:04;8.52;4,126.17;10.53;21.57;10,314.48;18;;4;3;1;8;;21 minutes;2;2;02:08;02:15;83%;4;;0;
BunnyFuufu;3926;21;73;150;6;12;80%;;2.94;17.91;48%;102;41;6;4,910;1,829;197;39,354;28;;;;197;0.07;10%;3.92;37%;16,572;;;16,572;13;4,839;1,930;48%;13;10,584;4,813;34;12;6;01:34;;49;30;4,813;0.24;6.14;6.38;1.47;01:06;6.87;4,067.58;10.06;25.03;9,659.38;26;;7;4;2;13;;44 minutes;4;4;04:31;02:45;90%;;0;0;
buraki35;4286;18;62;126;6;21;57%;;5.21;15.38;49%;113;63;15;6,970;2,200;296;39,627;42;3;;2;296;0.15;13%;5.65;31%;11,088;;;11,088;21;5,663;2,189;;21;10,806;3,705;27;15;10;01:44;5;111;60;3,705;0.49;5.69;4.96;3.72;00:59;10.42;2,751.29;15.63;28.03;9,832.81;20;;3;7;8;18;4;32 minutes;4;3;03:58;16:45;79%;3;;1;
C4-from_above;3000;3;3;8;;;37%;;;14.65;37%;2;2;;260;68;6;551;2;;;;6;0.04;8%;2;26%;719;;;719;2;458;719;26%;2;551;719;2;2;2;00:05;;6;5;719;;5.72;4.88;;00:27;9.77;3,514.19;9.77;9.77;2,691.05;;;;;;;;2 minutes;0;0;00:05;;100%;
Calliade22;2555;19;40;73;7;11;66%;;5.27;19.19;54%;41;23;6;2,629;1,153;294;20,553;11;;;;294;0.2;25%;1.95;43%;7,676;;;7,676;12;3,671;900;93%;12;10,910;3,030;26;15;8;00:55;3;111;56;3,030;;5.35;10.07;2.87;00:37;5.27;3,684.58;11.03;19.67;9,865.28;21;;3;3;1;8;;23 minutes;2;1;01:18;03:12;47%;;;1;
Cassia7;3556;31;811;1,752;9;176;100%;3;4.98;22.97;46%;936;427;63;53,820;19,461;2,500;492,937;340;12;7;42;2,500;0.07;12%;2.07;36%;152,877;;;152,877;12;8,340;2,048;58%;12;26,940;5,903;38;20;15;01:56;5;125;42;5,903;1.18;4.72;12.77;1.78;01:02;9.63;4,330.35;12.09;26.51;13,962.83;451;20;52;33;17;102;3;8 hours;35;11;36:42;19:03;31%;4;2;23;
chefskywalker420;3558;37;781;1,431;11;140;100%;2;3.8;21.2;54%;843;479;123;50,859;21,616;3,331;357,307;321;6;8;15;3,331;0.11;15%;2.09;42%;124,923;;17;124,921;17;6,293;2,267;100%;17;13,756;5,903;38;23;18;03:37;8;183;63;5,903;0.4;4.31;10.93;3.33;01:16;8.71;3,391.09;13;22.88;9,699.23;403;12;42;35;17;94;5;8 hours;37;15;46:44;33:08;41%;3;2;20;
Chewdle;3693;32;1,095;2,164;10;262;100%;4;4.31;18.04;50%;1,537;888;169;75,104;30,583;4,767;593,985;506;8;12;47;4,767;0.12;15%;4.1;40%;169,851;;21;169,851;20;8,217;2,594;63%;20;23,268;5,069;44;31;26;03:07;7;178;71;5,069;0.77;4.51;6.16;2.78;01:08;8.34;2,799.59;14.63;25.33;9,790.45;374;10;77;69;59;205;36;10 hours;61;55;01:09:45;01:37:17;90%;3;1;5;
Chimichanga49er;3611;26;138;248;13;33;88%;;4.83;20.2;55%;181;107;18;10,160;4,517;758;95,541;48;;;2;758;0.14;16%;2.91;44%;24,732;;;24,732;13;5,729;1,997;52%;13;20,535;5,450;38;24;11;01:03;4;161;55;5,450;0.29;4.81;9.07;2.63;00:33;7.02;3,620.59;15.66;26.49;13,986.63;62;2;12;7;12;30;2;1 hour;7;3;03:51;09:02;40%;3;1;3;
Chinmokunouta;3000;4;4;15;;;30%;;2.21;8.87;26%;8;3;2;589;92;7;2,021;8;;;;7;0.02;7%;4;15%;2,156;;;2,156;8;1,261;1,856;;8;1,261;1,856;8;3;8;00:27;2;4;4;1,856;;7.17;4.43;4.43;01:01;17.74;4,782.44;6.65;17.74;4,482.05;2;;1;0;0;1;;5 minutes;0;0;00:27;;75%;3;;0;
Chuni-Byo;0;26;408;893;8;89;100%;2;5.21;23.9;45%;379;193;36;26,401;10,387;1,170;197,185;124;7;;5;1,170;0.08;11%;2;39%;79,571;;;79,571;11;5,474;1,901;55%;11;14,928;5,265;27;16;11;01:19;5;81;37;5,265;0.29;5.63;11.07;2.1;00:50;7.26;4,662.5;11.3;22.2;11,554.19;189;6;26;13;6;45;;3 hours;17;5;14:17;12:32;31%;4;;12;
colonel_klink;2248;7;17;55;;2;43%;;1.35;11.5;30%;19;11;4;1,471;497;56;9,638;3;;;;56;0.04;11%;1.05;33%;4,626;;;4,626;3;1,517;545;25%;3;3,850;1,531;8;4;2;00:18;2;27;20;1,531;;3.9;12.18;2.7;00:22;2.03;3,132.11;7.44;12.86;6,525.31;18;;2;1;1;4;;19 minutes;1;1;00:32;;56%;;;1;
CrispeChris;3343;21;203;417;4;34;100%;;3.46;20.67;48%;271;144;40;14,035;6,260;892;129,659;78;;2;6;892;0.11;14%;2.68;44%;24,527;;5;24,527;18;7,353;1,500;67%;18;14,051;3,011;26;16;10;01:01;7;119;109;3,011;0.61;3.15;10.28;4.07;00:55;7.94;2,498.29;14.66;27.6;13,206.77;101;3;15;11;6;31;3;2 hours;10;7;09:06;15:39;66%;;0;3;
CW-punchL1nez;2903;12;12;20;7;7;60%;;10.2;17.5;60%;24;14;7;977;530;70;8,570;10;;;;70;0.13;13%;3.42;54%;3,533;;;3,533;6;1,823;1,038;;6;8,570;3,533;24;14;10;01:09;7;70;14;3,533;;6.74;10.2;10.2;01:41;14.58;5,152.8;20.41;35;12,497.95;7;;1;;2;3;;8 minutes;1;1;01:09;02:36;100%;3;
D4C-N;0;5;5;13;;;38%;;1.81;9.09;38%;4;2;;294;103;33;5,437;;;;;33;0.11;32%;0.66;35%;1,455;;;1,455;2;2,475;555;;2;5,437;1,455;4;2;;00:00;;33;16;1,455;;4.96;10.91;;00:00;;2,646.14;3.63;7.27;9,889.59;6;;1;1;1;2;;4 minutes;1;;00:00;;;;;1;
Dabattousai;3896;25;188;368;5;34;75%;3;4.46;24.71;51%;222;144;44;12,398;6,344;863;108,486;66;;;9;863;0.13;13%;2.74;51%;41,890;;;41,890;14;4,182;2,225;59%;14;13,850;6,406;36;24;16;01:28;7;147;77;6,406;1.18;6.49;10.64;5.78;01:05;8.67;5,506.68;18.92;29.18;14,260.95;81;2;13;8;9;29;2;1 hour;8;4;08:19;17:10;53%;;1;3;
Daralys;2232;;;;;;;;;;;;;;76;7;;99;;;;;;0.03;14%;;9%;120;;;120;;99;120;;1;99;120;;;;00:07;;;;120;;4.17;17.73;;02:05;17.73;2,127.65;;17.73;1,755.05;;;0;0;0;0;;28.773604977875948 seconds;0;;00:07;;;;;0;
Dedicatus545___;2368;11;32;56;;;72%;;;17.08;57%;22;13;3;1,399;810;142;18,683;9;;;;142;0.13;17%;1.04;57%;5,124;;;5,124;5;2,634;820;56%;5;6,957;1,607;7;4;4;00:26;2;40;29;1,607;;4.89;11.21;1.6;00:35;4.8;2,736.08;6.94;11.74;9,975.55;21;;3;3;2;8;;17 minutes;2;;01:06;01:07;;;0;1;
Defyz---;0;2;2;6;;;33%;;5.75;11.51;33%;3;3;;385;219;11;3,274;;;;;11;0.08;5%;1.5;56%;1,497;;;1,497;3;1,707;981;;3;3,274;1,497;3;3;;;;11;10;1,497;;10.91;11.51;;;;8,624.52;17.27;17.27;18,860.2;2;;0;0;0;1;;2 minutes;0;0;;;100%;
DigitalNex;3993;7;12;31;2;3;53%;;2.68;10.73;38%;25;16;4;1,503;597;93;8,255;10;;;;93;0.15;15%;8.33;39%;1,143;;;1,143;8;2,883;617;48%;8;4,621;617;14;10;6;01:22;2;46;40;617;;1.87;2.68;3.57;01:22;8.94;1,023.1;14.31;22.36;7,386.42;3;;2;0;1;2;;10 minutes;1;1;01:32;;100%;
Divinity-X-;4070;40;2,201;3,888;15;564;100%;5;5.42;21.16;56%;3,089;1,762;371;162,572;70,190;11,010;1,557,221;883;28;17;58;11,010;0.14;15%;3.56;43%;421,502;;15;421,502;19;8,179;2,318;59%;19;31,416;9,142;53;33;21;02:04;12;246;77;9,142;0.55;5.4;8.33;3.56;00:54;8.49;4,053.01;16.94;29.7;14,973.68;867;40;142;95;75;312;45;21 hours;104;75;01:33:37;03:00:52;71%;5;4;26;
DramaticMango;2345;;2;3;;;100%;;;15.76;66%;;;;132;41;10;576;;;;;10;0.11;24%;;31%;;;;;;306;;26%;;306;;;;;;;7;7;;;;15.76;;;;;;;4,538.95;2;;0;0;0;1;;1 minute;0;;;;;;;0;
Drew_MK;3016;28;77;138;6;14;66%;2;4.66;25.66;55%;96;64;14;5,517;2,303;446;38,734;46;;;4;446;0.17;19%;4.17;41%;7,108;;;7,108;10;4,343;1,537;47%;10;15,634;2,867;36;26;21;02:00;7;195;59;2,867;1.33;2.86;7.66;4.66;01:16;15.33;2,369.33;21.33;32;12,911.49;23;;8;2;5;15;2;41 minutes;3;2;03:50;08:13;66%;;1;0;
drewsausage;3063;2;2;6;;;33%;;;7.1;33%;;;;189;112;16;1,410;;;;;16;0.16;14%;0.33;59%;546;;;546;;741;546;59%;1;1,410;546;;;;00:00;;16;8;546;;5.69;10.66;;00:02;3.55;1,940.83;;3.55;5,008.79;3;;1;0;;1;;1 minute;0;;00:00;;;;;0;
DSZY;2443;18;152;343;3;15;100%;;1.74;17.67;44%;170;68;13;12,586;2,845;244;88,048;72;;;5;244;0.03;8%;1.63;22%;39,531;;8;39,531;10;4,897;1,744;30%;10;10,494;3,993;23;10;17;02:23;2;32;19;3,993;0.58;5.44;12.09;1.51;01:19;8.37;4,597.8;7.9;19.77;10,240.73;104;4;9;5;5;19;2;2 hours;9;4;11:22;02:00;41%;;1;5;
eastcoastrider71;2494;21;845;1,815;8;151;100%;;3.04;17.01;46%;729;406;109;76,707;24,329;2,872;316,746;301;;3;4;2,872;0.08;11%;1.33;31%;208,321;;21;208,321;13;4,393;2,508;55%;13;9,168;7,776;28;15;13;02:27;9;153;71;7,776;0.08;5.99;11.01;2.19;01:13;6.06;4,194.71;8.17;14.67;6,377.94;547;12;48;51;27;125;8;9 hours;50;16;01:00:34;25:52;32%;3;2;31;
ecotaku;2368;33;1,315;2,691;9;249;100%;2;4.03;21.3;48%;1,402;781;198;67,128;27,855;4,664;711,263;421;7;12;21;4,664;0.09;16%;2.35;41%;215,153;;6;215,153;20;8,583;2,240;88%;20;19,147;7,358;42;27;16;01:48;7;164;67;7,358;0.34;4.51;9.64;3.2;00:45;6.82;3,486.32;12.65;22.71;11,525.26;595;16;70;54;28;152;4;13 hours;62;26;46:48;59:10;41%;3;4;32;
ejakiller;2869;8;15;37;3;3;60%;;2.73;13.66;40%;13;4;;1,163;423;63;12,364;;;;;63;0.09;14%;1.62;36%;3,949;;;3,949;6;7,495;1,574;39%;6;8,651;2,167;8;4;;00:02;;33;25;2,167;;6.22;7.28;0.91;00:02;0.91;3,597.41;3.64;11.84;11,263.98;8;;1;0;2;2;;10 minutes;1;0;00:02;;18%;;1;0;
elchinolatino;3219;5;5;12;;;41%;;4.21;21.08;41%;6;3;;850;184;30;1,537;;;;;30;0.13;16%;1.2;21%;300;;;300;3;957;300;;3;1,537;300;6;3;;00:10;;30;27;300;4.21;1.32;21.08;;00:45;4.21;1,264.99;12.64;25.29;6,482.92;5;;0;0;;1;;3 minutes;0;0;00:10;00:44;100%;
eliteboy_1da;3003;38;4,545;9,861;15;1,002;100%;3;4.37;19.86;46%;5,726;3,280;775;336,326;140,542;21,363;2,600,918;1,971;29;39;127;21,363;0.11;15%;2.17;41%;953,028;2;56;953,028;19;8,645;3,105;77%;19;24,932;9,112;54;32;27;03:40;11;294;78;9,112;0.55;5.25;11.53;3.38;01:12;8.61;4,165.63;14.33;25.02;11,368.48;2,638;69;290;260;166;717;65;50 hours;229;117;04:37:46;05:40:39;51%;5;14;98;
emzy456;0;11;11;17;3;3;64%;;3.74;13.72;64%;16;11;2;613;384;27;4,105;5;;;;27;0.1;7%;;62%;2,392;;;2,392;16;4,105;2,392;;16;4,105;2,392;16;11;5;00:27;2;27;27;2,392;1.24;9.42;;2.49;00:34;6.23;2,983.7;13.72;19.95;5,120.27;;;1;1;2;4;;4 minutes;1;1;00:27;03:02;100%;
entoe12;0;15;88;243;2;6;100%;;0.95;14.04;36%;81;26;8;12,513;3,195;344;43,931;26;;;2;344;0.07;10%;1.12;25%;23,257;;;23,257;6;2,315;1,871;72%;6;6,836;3,751;16;9;10;00:55;4;81;31;3,751;0.31;4.92;11.49;1.27;00:43;4.14;3,711.59;4.14;12.92;7,011.03;72;2;8;6;5;20;;1 hour;6;3;04:29;00:40;45%;3;0;3;
Erenksk9;4169;26;175;382;11;56;66%;;6.73;21.04;45%;272;134;25;18,068;5,872;753;108,113;104;;;;753;0.12;12%;3.2;32%;33,898;;;33,898;16;7,521;2,020;81%;16;16,033;3,799;42;19;17;01:41;4;151;42;3,799;;5.5;10.22;3;01:09;12.5;4,076.8;16.11;32.71;13,002.38;85;3;12;13;9;34;4;1 hour;8;7;09:35;16:18;79%;4;;2;
EvanMario;4510;27;588;1,172;12;134;100%;3;4.87;21.37;50%;768;463;111;35,677;14,854;2,033;311,005;190;3;6;24;2,033;0.1;13%;3.8;41%;72,764;;;72,764;15;5,253;1,909;61%;15;17,002;3,872;47;29;11;01:13;12;118;64;3,872;0.87;3.85;7.34;4.03;00:37;6.9;2,645.08;16.83;27.91;11,305.56;202;7;40;26;25;92;9;5 hours;28;24;17:09;33:39;86%;4;1;3;
Evilduck1903;2547;15;51;99;4;8;100%;;2.91;18.6;51%;65;37;14;5,434;2,145;215;29,462;26;;;;215;0.09;10%;1.62;39%;10,982;;;10,982;6;2,852;1,171;46%;6;9,081;3,161;19;10;8;00:52;5;58;26;3,161;;4.82;14.59;5.1;01:02;9.48;4,006.24;13.49;23.71;10,748.29;40;;3;4;3;11;;37 minutes;3;1;02:50;00:20;33%;;;2;
Fade_BR;2818;32;160;290;12;33;100%;;4.01;19.45;55%;162;84;14;16,919;5,655;723;69,150;94;;;;723;0.13;12%;2.07;33%;26,943;2;5;26,943;11;4,896;1,657;43%;11;12,622;4,992;33;14;20;03:24;5;144;36;4,992;;4.94;9.48;1.7;01:30;11.42;3,275.82;10.21;19.69;8,407.64;78;;7;8;2;17;2;1 hour;8;3;12:22;03:51;35%;3;2;4;
Fairystinky;2101;17;78;192;5;18;88%;;3.04;13.18;40%;82;33;11;9,575;1,972;319;30,498;40;;;3;319;0.07;16%;1.46;20%;20,846;;4;20,846;8;3,202;1,871;40%;8;5,515;4,857;21;9;12;02:11;2;73;37;4,857;0.5;5.22;9.46;1.85;01:20;6.76;3,524.09;5.57;13.86;5,155.9;56;;7;8;4;19;;1 hour;6;2;07:57;00:56;38%;3;;4;
FastAsDux;2097;12;12;19;;;63%;;1.76;21.13;63%;8;3;;1,258;379;28;4,114;;;;;28;0.07;7%;2;30%;1,922;;;1,922;7;2,395;1,471;;7;4,114;1,922;8;3;;01:04;;28;16;1,922;;4.9;7.04;1.76;01:53;1.76;3,386.08;5.28;14.09;7,245.18;4;;2;;;2;;6 minutes;1;;01:04;;;;;1;
FeaRisSiKK;3000;26;26;49;10;10;53%;;10;26;53%;38;18;;1,166;516;72;13,590;12;;;;72;0.1;13%;5.42;44%;1,907;;;1,907;12;3,882;748;44%;12;13,590;1,907;38;18;12;01:05;;72;29;1,907;1;2.83;7;1;01:05;12;1,907.18;18;38;13,589.71;7;;1;;2;3;;11 minutes;1;1;01:05;02:10;100%;4;
fishlover267;2449;;;2;;;;;;;;;;;150;3;;27;;;;;;;;;2%;300;;;300;;27;300;;;27;300;;;;00:03;;;;300;;8.8;17.54;;00:53;;5,263.1;;;473.67;;;;0;0;0;;34.058300007134676 seconds;0;;00:03;;;;;0;
Flown_Jebus;0;45;2,835;4,850;14;589;100%;3;4.59;22.09;58%;4,106;2,733;716;206,379;88,482;13,549;1,658,905;1,263;27;24;55;13,549;0.14;15%;4.16;42%;433,180;5;35;433,180;21;10,495;2,382;61%;21;25,861;7,564;67;52;28;02:59;12;315;90;7,564;0.42;4.57;7.69;5.57;01:09;9.84;3,375.76;21.29;31.99;12,927.83;987;50;170;135;137;442;61;26 hours;128;94;02:29:26;07:44:53;73%;5;4;30;
FlyNameHere;2202;18;423;864;5;68;100%;;2.08;12.94;48%;409;192;53;74,903;15,112;1,767;198,633;208;;2;;1,767;0.07;11%;1.07;20%;84,885;;18;84,885;10;3,487;1,966;82%;10;9,568;3,149;22;11;15;02:48;6;70;42;3,149;;3.67;11.63;1.62;01:18;6.36;2,597.97;5.87;12.51;6,079.31;380;8;38;31;18;88;;6 hours;33;12;42:29;06:38;37%;3;1;19;
forrestsmith2;0;38;1,378;2,790;12;219;100%;3;3.6;22.7;49%;1,566;971;225;85,098;38,732;6,335;748,735;476;8;10;56;6,335;0.13;16%;2.89;45%;186,715;;14;186,715;17;9,916;2,116;72%;17;20,114;5,991;45;29;17;01:26;10;214;96;5,991;0.92;4.09;8.91;3.7;00:38;7.84;3,075.94;15.99;25.79;12,334.62;541;22;74;52;56;182;16;12 hours;61;30;38:42;01:23:02;49%;5;4;26;
fructoseghost;2653;20;250;503;4;48;100%;;3.84;20.02;49%;235;120;21;22,449;7,000;889;103,134;90;;4;3;889;0.09;12%;1.39;31%;60,907;;;60,907;8;2,876;2,154;65%;8;6,749;3,772;22;13;8;00:53;4;96;54;3,772;0.24;6.2;13.53;1.68;01:09;7.21;4,879.6;9.61;18.82;8,262.64;169;4;17;9;2;28;;2 hours;12;6;14:23;03:58;45%;3;0;7;
FvsNeLL;3451;11;56;118;6;21;63%;;6.27;16.73;47%;101;40;9;4,053;1,574;216;40,756;30;;;;216;0.1;13%;5.05;38%;14,289;;;14,289;17;4,914;2,261;39%;17;9,019;2,620;21;8;7;00:35;3;67;46;2,620;0.29;7.01;5.97;2.69;00:29;8.96;4,271.1;11.95;30.19;12,182.58;20;;5;4;4;12;;33 minutes;3;3;01:39;04:34;96%;3;;0;
G1ng3rsHOT;2892;33;393;707;7;80;86%;7;4.27;21;55%;496;287;66;25,267;12,190;1,912;253,892;160;4;;18;1,912;0.13;15%;2.69;48%;71,744;;4;71,744;10;6,956;1,744;81%;10;23,845;7,535;38;27;18;02:36;9;239;67;7,535;0.96;4.89;9.83;3.52;01:05;8.55;3,835.1;15.34;26.51;13,571.97;184;3;22;24;13;59;5;4 hours;19;13;20:21;24:54;69%;3;0;5;
games3_112;2604;27;139;295;4;17;55%;5;3.68;30.14;47%;180;100;23;10,034;4,047;458;68,048;73;2;;12;458;0.11;11%;9.47;40%;19,461;;3;19,461;18;7,798;2,483;52%;18;11,958;4,356;37;23;19;02:32;7;134;57;4,356;2.6;4.68;4.12;4.98;01:45;15.83;4,220.55;21.68;39.03;14,757.48;19;;6;5;7;18;4;1 hour;5;3;08:08;14:55;75%;3;;1;
GatorChow;2397;4;8;15;;;66%;;;10.63;53%;5;4;2;383;282;22;2,395;3;;;;22;0.05;7%;0.62;73%;2,543;;;2,543;;609;829;97%;1;1,513;1,129;2;2;2;00:09;;11;9;1,129;;6.54;10.63;2.65;00:13;3.98;3,381.06;5.31;6.64;3,183.99;8;;0;1;0;1;;6 minutes;1;;00:10;;;;0;0;
ginko_503;0;19;174;422;7;32;80%;;3.19;17.38;41%;194;99;16;15,163;5,832;882;96,758;77;;;;882;0.11;15%;1.94;38%;35,513;;;35,513;12;4,220;2,156;93%;12;19,671;4,010;23;11;11;02:35;5;160;72;4,010;;4.47;9.99;1.59;01:34;7.69;3,548.1;9.89;19.38;9,667.07;100;;13;7;5;25;;2 hours;10;6;15:42;06:00;56%;3;;4;
GodzillavsMuto;2555;17;17;30;3;3;56%;;3.67;20.84;56%;14;8;2;878;361;44;7,540;10;;;;44;0.08;12%;2.33;41%;2,860;;;2,860;11;2,257;1,149;;11;7,540;2,860;14;8;10;00:57;2;44;29;2,860;;5.67;7.35;2.45;01:10;12.26;3,507.12;9.81;17.17;9,247.98;6;;;;;;;8 minutes;1;;00:57;;;;;1;
GoldenBullet20;4287;13;71;180;7;19;66%;;4.19;15.69;39%;120;52;3;8,440;3,059;380;55,997;34;;;3;380;0.12;12%;3.33;36%;15,739;;;15,739;14;9,754;2,087;49%;14;11,434;3,984;32;14;11;00:54;3;119;53;3,984;0.66;5.22;7.95;0.66;00:57;7.51;3,478.52;11.49;26.52;12,376.35;36;2;4;7;2;13;2;50 minutes;5;4;04:20;03:02;95%;3;;0;
GoMu___;4214;4;5;16;;;33%;;2.26;11.31;31%;6;3;2;571;237;17;5,044;2;;;;17;0.04;7%;1.2;41%;2,625;;2;2,625;4;1,698;1,043;56%;4;3,134;1,920;5;2;2;00:21;;9;8;1,920;2.26;7.49;11.31;4.52;00:56;4.52;5,943.03;6.79;13.58;11,418.12;5;;0;0;1;1;;5 minutes;0;;00:24;;;;;0;
gorigori168;2130;2;2;3;;;66%;;;36.2;66%;;;;27;22;2;276;;;;;2;0.03;9%;;81%;300;;;300;;246;300;;;276;300;;;;00:02;;2;2;300;;4.5;36.2;;00:42;;5,431.36;;;4,996.85;2;;;0;0;0;;1 minute;0;;00:02;;;;;0;
GuardiaoDaGalaxy;3630;29;163;309;5;27;76%;3;3.34;20.19;52%;211;121;33;13,689;4,720;559;70,532;72;;;12;559;0.09;11%;3.1;34%;41,988;;;41,988;13;5,168;1,760;47%;13;11,186;6,477;33;20;20;02:43;8;132;56;6,477;1.48;6.89;8.42;4.08;01:32;8.92;5,202.22;14.99;26.14;8,738.76;68;;8;12;2;22;2;1 hour;8;7;12:28;12:48;90%;;0;1;
helio_doll;2609;5;5;14;2;2;35%;;4.7;11.76;35%;10;7;3;1,218;371;26;4,842;7;;;;26;0.07;7%;2.5;30%;2,138;;;2,138;4;2,163;1,233;30%;4;4,842;2,138;10;7;7;00:46;3;26;12;2,138;2.35;6.32;9.4;7.05;01:48;16.46;5,029.19;16.46;23.52;11,389.84;4;;1;1;;2;;5 minutes;0;;00:46;00:20;;;;0;
Highlander_scott;4073;22;191;396;8;44;80%;2;4.48;19.48;48%;281;163;39;14,583;6,532;1,019;159,927;84;3;;10;1,019;0.12;15%;2.23;44%;35,583;;10;35,583;11;6,097;2,028;47%;11;19,239;5,271;37;26;12;01:27;9;136;50;5,271;1.02;4.19;12.85;3.97;01:04;8.56;3,630.18;16.62;28.66;16,315.92;126;2;14;10;6;30;;2 hours;10;5;10:30;27:55;52%;4;1;4;
hiijle;0;16;132;365;4;22;100%;2;2.2;13.2;36%;145;66;14;12,636;4,314;496;85,238;77;;3;2;496;0.06;11%;1.59;34%;41,179;;;41,179;8;5,703;1,863;48%;8;8,724;3,823;23;10;13;02:30;3;57;35;3,823;0.2;5.43;9.1;1.4;01:08;7.7;4,118.16;6.6;14.5;8,524.36;91;;5;12;4;21;;2 hours;10;2;11:25;02:42;22%;;1;6;
honoto-1104;2613;;;3;;;;;;;;;;;203;35;3;279;;;;;3;0.03;8%;;17%;473;;;473;;270;473;;;279;473;;;;;;3;3;473;;6.16;21.86;;;;5,166.2;;;3,051.53;2;;0;0;;0;;1 minute;0;;;;;;;0;
hourai127;2224;4;4;14;;;28%;;;9.52;28%;6;;;2,553;464;5;4,070;2;;;;5;0.01;1%;;18%;887;;;887;2;1,163;520;;2;4,070;887;6;;2;00:30;;5;3;887;;2.13;14.29;;01:13;4.76;2,113.56;2.38;14.29;9,695.83;6;;0;0;0;0;;6 minutes;0;0;00:30;;9%;;;0;
huumQc_;3000;4;5;10;;;100%;;;17.64;50%;5;4;;312;168;12;1,441;;;;;12;0.06;7%;1.25;53%;945;;;945;2;622;705;;2;1,345;945;4;3;;00:02;;10;4;945;3.52;4.87;14.11;3.52;00:12;3.52;3,335.35;14.11;17.64;5,087.34;4;;0;1;0;1;;3 minutes;0;0;00:03;00:18;15%;;;0;
I_Only_AWP_B;0;27;46;81;6;10;61%;6;4.44;20.42;56%;57;31;10;2,501;1,031;102;17,370;12;;;6;102;0.08;9%;5.18;41%;7,620;;;7,620;14;5,193;1,728;42%;14;10,400;4,563;31;19;7;01:23;5;73;41;4,563;2.66;5.98;4.88;4.44;00:47;5.32;3,383.96;13.76;25.31;7,713.44;11;2;7;0;;8;;21 minutes;2;2;01:47;06:04;100%;
IHateUddesd;2737;8;11;21;4;4;57%;;5.69;15.65;52%;11;6;3;540;291;47;4,955;;;;;47;0.11;16%;2.2;53%;3,009;;;3,009;7;1,639;1,128;63%;7;3,329;1,806;11;6;;00:06;3;35;22;1,806;1.42;7.05;7.11;4.27;00:09;;4,284.11;8.54;15.65;7,054.52;5;;0;2;0;2;;7 minutes;1;0;00:06;;0%;;0;0;
iMightyElephant;0;28;456;1,076;5;50;100%;;2.22;20.28;42%;473;239;29;25,242;11,174;1,799;250,765;199;3;;2;1,799;0.1;16%;1.77;44%;52,903;;9;52,903;17;5,365;1,297;60%;17;16,827;3,503;27;18;13;02:43;4;149;49;3,503;0.08;3.01;11.83;1.28;01:31;8.85;2,353.2;10.63;21.03;11,154.36;266;3;28;21;11;60;;4 hours;22;9;34:25;17:04;40%;4;2;11;
Inny21;3069;25;92;215;8;12;63%;2;2.89;22.22;42%;98;54;14;7,329;2,537;375;52,954;39;2;;6;375;0.09;14%;2.33;34%;17,204;;4;17,204;13;4,438;2,456;72%;13;13,284;5,001;51;24;30;03:07;4;84;40;5,001;1.44;4.57;10.14;3.38;01:15;9.42;4,156.73;13.04;23.67;12,794.79;42;2;8;4;1;12;;1 hour;4;2;05:11;00:20;56%;3;0;1;
ioReactz;3584;35;1,180;2,160;11;227;100%;2;4.91;25.55;54%;1,387;764;170;71,676;31,063;4,616;512,674;535;9;14;6;4,616;0.12;14%;3.24;43%;169,691;;5;169,691;16;6,415;2,744;77%;16;19,679;6,981;48;29;21;03:06;6;162;62;6,981;0.12;4.58;9.27;3.68;01:24;11.58;3,675.62;16.54;30.04;11,104.88;428;37;57;62;36;156;13;10 hours;46;33;01:05:07;01:35:23;70%;4;1;13;
iqbalhaikal55;3032;2;4;11;;;66%;;1.42;5.7;36%;3;2;;345;104;8;2,761;2;;;;8;0.03;7%;0.75;30%;1,186;;;1,186;2;1,514;454;44%;2;2,509;886;2;;2;00:29;;6;6;886;;5.58;5.7;;00:42;2.85;1,690.25;2.85;4.27;3,935.59;4;;2;1;1;3;;3 minutes;1;;00:29;;;;;1;
IRaTuSz;4587;26;617;1,323;10;157;78%;2;4.82;18.96;46%;865;460;100;36,066;13,398;2,115;387,429;267;6;4;25;2,115;0.08;15%;3.37;37%;105,470;;6;105,470;18;10,744;2,020;72%;18;20,474;5,173;42;22;13;01:47;7;140;80;5,173;0.76;4.44;7.86;3.07;00:53;8.2;3,241.86;14.13;26.58;11,908.56;256;8;48;35;27;111;13;6 hours;33;23;28:44;46:30;69%;5;0;9;
itsDiety;0;;3;14;;;100%;;;7.47;21%;;;;536;229;5;6,874;;;;;5;0.02;2%;;42%;1,454;;;1,454;;3,150;900;;;5,480;1,200;;;;00:23;;4;3;1,200;;6.24;9.97;;01:01;;3,625.08;;;17,137.57;4;;1;0;1;2;;3 minutes;0;0;00:24;;0%;;;0;
itsGenji;3211;26;193;430;10;62;100%;3;5.89;18.35;44%;312;146;15;19,458;6,726;856;122,249;128;5;3;5;856;0.1;12%;3;34%;28,690;;;28,690;17;4,588;1,265;53%;17;17,315;5,087;47;21;23;03:03;3;193;45;5,087;0.47;3.35;9.89;1.42;01:49;12.17;2,728.44;13.88;29.67;11,625.95;104;3;21;9;6;36;;2 hours;11;8;19:14;11:29;72%;4;0;3;
ItsRaiyu;4368;20;217;412;9;48;100%;3;4.79;21.67;52%;315;189;55;14,395;6,323;884;153,769;78;4;3;13;884;0.12;13%;3.88;43%;35,021;;;35,021;20;8,911;2,416;54%;20;24,910;5,539;31;19;14;02:26;9;110;53;5,539;1.29;4.81;8.08;5.49;00:50;7.78;3,497.33;18.87;31.45;15,356.09;81;2;14;8;10;32;6;2 hours;10;8;08:26;27:09;76%;3;0;2;
Jack_of_Spades13;3322;42;584;1,190;10;132;69%;2;5.27;23.31;49%;827;505;109;39,620;15,729;2,396;337,750;302;4;8;13;2,396;0.12;15%;5.7;39%;92,948;;;92,948;30;9,318;2,315;54%;30;21,438;9,280;62;36;29;01:57;11;183;72;9,280;0.51;4.86;5.78;4.35;01:03;12.05;3,711.03;20.16;33.01;13,485.01;145;7;37;14;43;93;18;5 hours;25;15;26:35;01:12:54;61%;3;;10;
JaredFogle420;3031;;;14;;3;71%;;;;71%;;;;;;;4,014;;;;;56;;;;36%;737;;;737;;;;;;4,014;;;8;;;;56;19;737;;2.77;19.79;3.95;04:37;31.67;2,917.62;31.67;43.55;15,892.47;5;;;1;;1;;4 minutes;;;01:10;00:12;;;;0;
JDG-191;2864;13;13;25;3;3;52%;;8.29;35.95;52%;13;10;;549;261;29;6,278;7;;;;29;0.08;11%;4.33;47%;1,735;;;1,735;6;2,370;863;47%;6;6,278;1,735;13;10;7;00:35;;29;15;1,735;;4.79;8.29;;01:38;19.35;4,798.79;27.65;35.95;17,360.09;3;;0;1;1;1;;6 minutes;0;0;00:35;;99%;;;0;
JDiego2199;2245;36;267;525;7;49;82%;3;3.51;19.15;50%;314;168;27;24,294;8,045;1,022;136,409;138;3;;15;1,022;0.09;12%;2.16;33%;67,483;;;67,483;13;7,475;2,546;59%;13;17,355;8,863;37;26;19;03:09;6;156;54;8,863;1.07;6.2;10.4;1.93;01:27;9.9;4,842.26;12.05;22.53;9,788.14;145;6;27;15;8;50;4;3 hours;14;4;20:22;13:47;27%;3;1;9;
Jerfis1084;2563;3;3;6;;;50%;;;13.14;50%;6;2;;315;103;9;3,660;6;;;;9;0.04;8%;1.5;32%;1,025;;;1,025;5;1,048;485;;5;3,660;1,025;6;2;6;00:28;;9;5;1,025;;4.65;17.52;;02:07;26.29;4,491.23;8.76;26.29;16,038.9;4;;0;0;;1;;3 minutes;0;0;00:28;;100%;
Jikkle;2308;;;2;;;50%;;;4.61;50%;;;;130;51;10;475;;;;;10;0.14;19%;;39%;578;;;578;;475;578;39%;;475;578;;;;00:07;;10;10;578;;8.46;4.61;;00:32;;2,665.41;;;2,189.34;;;0;0;0;1;;1 minute;0;;00:07;;;;;0;
jimmy_beautiful;;14;14;32;;;43%;;1.46;20.54;43%;8;5;;1,500;370;60;4,082;2;;;;60;0.11;16%;;24%;4,105;;;4,105;3;787;1,200;;3;4,082;4,105;8;5;2;00:24;;60;20;4,105;;8.13;11.73;;00:35;2.93;6,024.2;7.33;11.73;5,990.76;8;;;1;;1;;8 minutes;1;;00:24;;;;;1;
JOKERFIRST15;4055;24;86;159;7;24;100%;;4.89;17.53;54%;113;63;13;5,511;2,524;482;45,042;41;;;;482;0.17;19%;3.89;45%;13,417;;;13,417;13;4,521;2,059;45%;13;9,995;2,201;26;14;8;01:16;6;121;67;2,201;0.2;4.85;5.91;2.65;00:46;8.36;2,736.19;12.84;23.04;9,185.47;29;;8;9;3;20;3;46 minutes;5;5;03:47;08:26;93%;3;;0;
JonXSly;3015;47;1,637;2,989;15;423;100%;;4.82;18.67;54%;1,974;1,028;199;179,505;65,530;6,740;1,055,856;811;8;7;3;6,740;0.1;10%;1.89;36%;425,901;;15;425,901;16;7,169;2,579;55%;16;23,401;11,119;46;28;24;03:31;7;246;57;11,119;0.03;6.49;11.85;2.26;01:20;9.25;4,858.11;11.72;22.51;12,043.81;1,039;21;91;118;67;276;29;18 hours;88;42;01:58:20;01:46:14;48%;4;2;43;
jordkin;2331;5;5;16;;;31%;;;18.7;31%;7;5;;753;193;2;3,024;2;;;;2;0;1%;1.75;25%;1,416;;;1,416;6;1,955;1,024;;6;3,024;1,416;7;5;2;00:13;;2;2;1,416;;4.94;14.96;;00:49;7.48;5,295.36;18.7;26.18;11,308.59;4;;;0;;0;;4 minutes;0;;00:13;;;;;0;
JPreecy;2601;;;3;;;33%;;;16.25;33%;;;;125;87;30;820;;;;;30;0.77;34%;;69%;195;;;195;;820;195;69%;1;820;195;;;;;;30;30;195;;5.01;16.25;;;;3,169.35;;16.25;13,327.54;;;;;0;0;;38.89306703303009 seconds;0;;;;;;;0;
jumpmanfrank094;2821;17;50;125;6;7;66%;;2.59;18.51;40%;64;31;2;4,948;1,953;315;27,985;24;3;;;315;0.17;16%;2.9;39%;12,403;;;12,403;16;3,317;1,417;43%;16;7,263;3,143;39;15;18;01:28;2;101;47;3,143;;6.85;8.14;0.74;01:07;8.88;4,593.2;11.48;23.7;10,364.04;22;;2;3;2;7;;30 minutes;3;2;03:02;04:04;63%;3;;1;
kadoya3582;3563;7;7;13;;;53%;;5.36;37.53;53%;7;4;;395;126;17;2,057;;;;;17;0.07;13%;2.33;31%;859;;;859;4;863;600;;4;2,057;859;7;4;;00:12;;17;11;859;;3.8;16.08;5.36;01:07;5.36;4,606.2;21.44;37.53;11,031.62;3;;;0;;0;;3 minutes;0;;00:12;;;;;0;
kashibe01;2455;18;75;135;5;12;75%;;3.57;22.34;55%;88;34;8;5,366;2,266;237;35,521;30;;;;237;0.08;10%;2.2;42%;13,943;;;13,943;10;3,194;1,817;56%;10;9,090;3,872;29;10;12;01:06;3;89;38;3,872;0.29;5.29;11.91;2.38;00:47;8.93;4,154.31;10.13;26.22;10,583.92;40;3;6;1;2;10;;43 minutes;3;1;02:39;00:46;36%;;0;2;
katsuya3;2206;16;22;42;;;55%;;1.1;24.31;52%;17;9;2;1,016;395;60;10,756;5;;;;60;0.07;15%;1.3;38%;4,642;;;4,642;7;2,547;1,450;39%;7;7,835;3,058;13;7;5;00:34;2;57;19;3,058;;5.63;14.36;2.21;01:20;5.52;5,129.21;9.94;18.78;11,885.51;13;;1;;2;2;;13 minutes;1;0;01:12;;14%;;;1;
Keytix_;0;23;90;176;7;16;61%;;3.82;21.48;51%;128;76;10;4,686;2,120;351;31,637;37;;2;;351;0.12;16%;4.26;45%;12,029;;;12,029;15;2,458;2,012;62%;15;7,921;2,793;43;25;12;00:39;4;86;58;2,793;0.23;4.22;7.16;2.38;00:35;8.83;2,872.24;18.14;30.56;7,554;30;7;7;1;2;11;2;47 minutes;4;4;02:30;05:21;100%;3;
Kiba_Zack;3014;6;8;16;2;2;66%;;2.35;9.4;50%;10;9;4;708;288;60;3,866;4;;;;60;0.13;20%;1.11;40%;1,924;;;1,924;5;1,146;578;42%;5;2,458;1,132;6;6;2;00:12;2;41;24;1,132;;4.24;10.57;4.7;00:28;4.7;2,261.98;10.57;11.75;4,544.35;9;;;2;1;3;;7 minutes;1;;00:23;00:20;;;;1;
KILLER77_HAZZA3;0;33;1,070;2,067;17;282;100%;2;5.44;20.66;51%;1,190;662;131;74,112;30,971;3,358;590,475;412;13;11;12;3,358;0.07;10%;1.68;41%;304,639;;14;304,639;12;4,203;3,174;80%;12;20,565;10,820;42;27;20;02:05;10;167;49;10,820;0.23;7.24;13.63;2.53;01:11;7.95;5,884.29;12.78;22.98;11,405.4;706;24;57;56;27;140;6;11 hours;52;19;01:01:31;56:47;36%;3;3;30;
Kilperik;;37;244;461;6;17;64%;2;1.55;22.33;52%;254;159;50;14,814;6,512;1,228;92,148;97;;;9;1,228;0.14;18%;2.11;43%;39,436;;;39,436;15;5,911;2,737;57%;15;13,113;5,579;44;28;17;02:12;11;196;51;5,579;0.82;4.62;10.98;4.57;01:21;8.88;3,610.44;14.55;23.25;8,436.36;120;3;14;13;3;30;7;2 hours;11;9;14:52;14:41;81%;;1;1;
King_Kine;2079;27;55;107;2;4;66%;;1.33;18.33;51%;61;32;9;3,067;1,137;251;22,444;27;;;;251;0.11;22%;2.25;37%;11,124;;;11,124;9;2,732;1,216;54%;9;12,495;6,158;35;17;18;01:57;7;96;34;6,158;;5.13;8.99;2.99;01:20;8.99;3,707.42;10.66;20.32;7,479.94;27;;4;3;1;9;;36 minutes;3;;04:01;;;;1;2;
kirA-_-bleAch;0;37;792;1,642;15;170;77%;3;5.5;25.64;48%;948;588;118;44,685;19,850;3,054;483,327;368;4;3;11;3,054;0.12;15%;6;44%;106,615;;6;106,615;21;11,234;2,573;68%;21;22,651;5,928;47;32;23;02:38;8;178;86;5,928;0.35;4.42;5.11;3.82;01:21;11.91;3,452.08;19.03;30.69;15,649.61;158;10;46;36;37;119;15;6 hours;31;19;42:06;01:20:45;59%;3;3;9;
kk10295;3110;34;317;660;11;61;85%;2;3.81;19.83;48%;355;153;16;23,172;8,110;991;183,158;147;3;5;8;991;0.07;12%;1.85;34%;48,211;;;48,211;13;6,741;1,507;51%;13;33,997;5,436;35;16;19;03:18;2;100;34;5,436;0.5;3.62;11.95;1;01:11;9.19;3,016.44;9.57;22.21;11,459.84;191;5;23;14;5;43;2;3 hours;16;5;19:06;07:27;31%;3;;11;
koba-ya;1337;47;2,853;4,814;20;473;100%;5;2.96;17.87;59%;3,512;2,779;1,638;198,933;84,270;8,977;1,176,113;530;8;26;188;8,977;0.07;10%;8.73;42%;362,145;8;82;362,145;27;8,703;3,008;77%;27;23,737;6,308;59;44;19;01:36;27;180;74;6,308;1.17;3.11;2.51;10.26;00:09;3.32;2,269.14;17.41;22;7,369.34;402;24;124;128;84;336;60;32 hours;160;77;25:26;02:31:29;48%;4;8;75;
koutyatya;0;26;782;1,741;10;152;100%;;3.74;19.24;44%;905;422;74;53,068;20,713;2,890;537,326;379;5;3;2;2,890;0.08;13%;2.07;39%;161,506;;6;161,506;16;8,483;1,746;82%;16;24,141;6,635;36;19;21;03:52;4;109;59;6,635;0.04;4.91;10.75;1.82;01:13;9.32;3,973.94;10.38;22.26;13,221.19;437;12;54;45;42;142;10;9 hours;41;14;50:07;24:40;33%;4;1;26;
kris1974;4164;13;13;34;3;3;41%;;4.28;18.55;38%;25;11;;1,844;481;30;10,696;9;;;;30;0.04;6%;3.12;26%;4,920;;;4,920;11;3,246;1,313;;11;9,827;4,769;25;11;9;01:08;;26;11;4,769;;7.3;11.41;;01:44;12.84;7,021.38;15.69;35.67;15,262.85;8;;0;1;0;1;;11 minutes;1;0;01:13;00:05;10%;;;1;
Krisuke;2407;;;9;;;44%;;;;44%;;;;502;;;1,816;;;;;48;;;;23%;1,800;;;1,800;;;;;;1,816;;;;;;;48;19;1,800;;8.83;12.05;9.03;00:32;3.01;5,423.06;12.05;18.07;5,471.72;4;;;1;;1;;3 minutes;;;00:10;00:20;;;;0;
KSlims;4375;19;56;116;6;14;67%;;3.77;15.11;48%;82;45;10;5,258;1,866;200;48,081;24;;;3;200;0.08;10%;2.92;35%;10,388;;;10,388;17;13,528;1,626;46%;17;15,758;1,862;26;16;6;01:05;3;40;28;1,862;0.8;4.21;7.55;2.69;00:48;6.47;2,803.86;12.14;22.13;12,977.42;28;;3;4;5;12;;41 minutes;4;2;02:58;06:06;41%;3;0;2;
kurosaki158;1715;15;60;145;6;10;71%;;2.19;13.14;41%;53;29;8;5,369;2,067;126;45,019;20;;;2;126;0.03;6%;0.79;38%;15,834;;;15,834;6;6,263;1,386;71%;6;14,664;4,702;20;8;11;02:13;3;36;17;4,702;0.43;4.29;14.67;1.75;01:06;4.38;3,469.33;6.35;11.61;9,863.81;67;3;4;2;2;8;;1 hour;5;2;05:03;;32%;;;3;
L1TTL3msAW3S0M3;2566;9;11;25;;;45%;;1.04;11.45;44%;10;5;2;570;320;55;6,349;3;;;;55;0.14;17%;2.5;56%;2,073;;;2,073;4;1,749;689;;4;3,950;1,289;8;4;2;00:18;;32;25;1,289;1.04;5.29;4.16;2.08;00:24;3.12;2,158.63;5.2;10.41;6,611.15;4;;0;1;;1;;6 minutes;1;1;00:23;;87%;;;0;
lakejacher;2109;24;345;641;7;43;100%;3;2.25;18.07;53%;329;195;52;23,190;9,505;947;170,840;144;;2;8;947;0.07;9%;2.08;40%;71,460;;2;71,460;16;5,773;2,473;65%;16;20,357;6,860;34;22;14;02:21;8;65;49;6,860;0.41;5.8;8.27;2.72;01:07;7.54;3,744.16;10.21;17.23;8,951.17;158;7;19;27;10;56;4;3 hours;19;10;21:30;14:05;49%;3;0;9;
Langartija;3035;34;99;171;6;16;70%;;3.75;23.21;57%;131;66;6;11,085;3,460;509;50,471;57;;;;509;0.13;14%;2.51;31%;21,587;;;21,587;10;3,740;1,732;47%;10;14,858;8,272;49;27;19;02:18;3;182;53;8,272;0.23;5.69;12.19;1.4;01:57;13.36;5,061.6;15.47;30.71;11,834.12;52;2;9;4;2;16;;1 hour;4;2;08:19;09:14;51%;;;2;
LEATONER;0;2;2;9;;;28%;;;7.09;22%;;;;875;98;13;2,725;;;;;13;0.06;13%;0.2;11%;652;;;652;;1,983;300;;1;2,570;352;;;;;;10;7;352;;3.23;17.74;;;3.54;2,313.09;;3.54;9,669.99;5;;;0;0;1;;3 minutes;0;;;;;;;0;
LoggingOut;0;32;543;1,045;10;113;100%;2;4.04;19.45;51%;640;304;60;32,675;13,830;1,930;323,663;233;6;3;6;1,930;0.09;13%;2.44;42%;105,452;;5;105,452;16;7,233;2,538;77%;16;22,568;5,653;44;25;14;02:17;5;109;43;5,653;0.21;5.03;9.38;2.14;01:21;8.34;3,777.43;10.88;22.92;11,594.05;262;10;35;32;22;90;5;5 hours;28;14;37:41;28:54;49%;4;1;13;
LostkumaTH;0;31;1,887;3,893;12;392;100%;2;3.76;18.11;48%;2,873;1,465;292;188,706;64,743;7,884;1,110,382;913;17;11;30;7,884;0.12;12%;5.57;34%;288,866;;31;288,866;23;9,960;2,134;94%;23;21,056;5,719;49;32;26;03:43;10;168;91;5,719;0.28;4.6;4.94;2.8;01:02;8.76;2,772.53;14.06;27.57;10,657.44;515;14;164;127;116;407;59;17 hours;104;97;01:48:11;02:58:02;93%;4;2;5;
l-Twisted_Fate-l;3972;34;1,074;2,194;15;284;100%;3;5.14;19.46;48%;1,473;816;136;76,034;33,643;4,096;655,302;593;11;9;20;4,096;0.1;12%;3.81;44%;179,432;;7;179,432;19;8,735;2,379;88%;19;22,442;6,890;46;29;22;02:50;8;155;62;6,890;0.36;4.6;6.99;2.46;01:21;10.74;3,251.84;14.78;26.69;11,876.04;386;12;81;51;44;177;17;10 hours;55;35;01:15:03;01:27:23;63%;4;2;18;
LuckyC723;3709;29;463;1,040;9;101;71%;2;4.52;20.74;44%;645;391;95;33,509;13,103;2,147;275,592;231;6;4;7;2,147;0.1;16%;2.24;39%;82,697;;7;82,697;13;7,156;1,962;51%;13;21,921;6,175;52;30;18;02:17;11;164;49;6,175;0.31;4.11;12.85;4.25;01:18;10.34;3,704.72;17.51;28.89;12,346.21;287;16;32;20;20;72;3;5 hours;22;7;29:18;39:36;32%;5;0;15;
M5roosh_ksa;3563;26;494;1,032;9;122;100%;3;5.13;20.77;47%;679;396;97;33,860;13,516;2,072;273,727;240;3;;20;2,072;0.1;15%;2.71;39%;83,619;;;83,619;22;5,874;1,921;100%;22;19,964;6,131;40;27;16;02:06;7;150;47;6,131;0.84;4.34;10.51;4.07;01:13;10.09;3,516.27;16.65;28.55;11,510.48;250;7;29;31;17;77;8;5 hours;24;12;28:59;44:04;50%;3;1;11;
MAAFX;2990;29;161;353;9;52;65%;;5.87;18.19;45%;235;107;27;18,508;5,125;685;106,108;110;2;3;;685;0.09;13%;2.55;27%;51,646;;;51,646;12;8,811;1,899;33%;12;14,906;8,437;37;18;25;02:06;6;133;42;8,437;0.11;7.16;10.39;3.05;01:42;12.42;5,835.78;12.09;26.55;11,989.75;92;8;15;8;11;33;3;2 hours;9;4;15:05;06:46;45%;4;0;5;
Macchi-Boy;2389;20;41;70;5;8;64%;;4.24;21.77;58%;39;17;9;2,707;1,064;117;18,396;23;;2;;117;0.06;10%;1.39;39%;6,691;;;6,691;6;2,616;738;68%;6;9,782;3,436;21;7;11;01:22;4;75;21;3,436;;3.92;14.87;4.78;01:34;12.21;3,553.98;9.02;20.71;9,770.57;28;;4;1;1;6;;28 minutes;2;0;02:58;00:03;13%;;;2;
MagIish;4473;12;58;108;2;9;100%;;3.36;21.66;53%;71;35;4;4,613;1,948;265;23,834;20;;;;265;0.13;13%;5.91;42%;11,598;;;11,598;11;2,793;2,159;51%;11;5,641;3,698;14;8;7;00:30;2;70;50;3,698;0.37;5.99;4.48;1.49;00:36;7.47;4,332.24;13.07;26.51;8,902.32;12;;2;3;1;6;;32 minutes;3;3;01:38;02:17;100%;
makorin_is_a_Pen;2671;;;4;;;50%;;;9.18;25%;;;;34;8;;314;;;;;;;;;23%;531;;;531;;209;300;;;209;300;;;;00:02;;;;300;;6.52;18.36;;00:23;;4,878.04;;;2,881.95;2;;;0;0;0;;1 minute;0;0;00:02;;40%;;;0;
MamasNippel;3912;27;106;185;5;15;65%;;3.45;24.44;57%;127;65;16;5,440;2,794;435;53,337;54;;;2;435;0.11;15%;2.82;51%;15,168;;;15,168;9;4,275;1,925;56%;9;12,255;5,172;34;17;12;01:46;5;141;48;5,172;0.46;4.04;10.37;3.69;01:14;12.45;3,498.63;14.99;29.29;12,302.5;45;3;5;5;3;13;;1 hour;4;1;05:23;13:24;18%;;0;4;
Maranata01;4306;50;7,269;14,980;16;1,678;75%;5;5.88;25.47;48%;9,404;5,890;1,383;379,943;186,723;27,575;4,234,410;3,264;72;55;146;27,575;0.12;14%;4.4;49%;1,211,316;3;31;1,211,316;28;9,613;3,117;80%;28;33,082;9,503;70;42;37;04:10;16;272;102;9,503;0.51;5.35;7.48;4.84;01:17;11.43;4,245.46;20.64;32.95;14,840.9;2,137;75;406;294;453;1,153;169;62 hours;285;181;06:10:15;16:01:31;63%;4;16;88;
Marlporo0707;0;17;98;196;5;26;100%;;4.75;17.9;50%;155;67;7;9,431;3,519;370;92,349;59;2;2;;370;0.09;10%;3.16;37%;14,018;;;14,018;16;12,663;1,485;49%;16;23,368;2,447;40;12;22;02:24;2;60;39;2,447;;3.51;8.95;1.27;00:59;10.78;2,561.55;12.24;28.32;16,875.37;49;;7;8;6;21;2;1 hour;5;2;05:24;03:25;40%;3;;3;
masatosann;2383;29;906;1,874;9;129;100%;;2.9;20.39;48%;882;498;99;55,934;23,391;2,789;499,719;361;7;;;2,789;0.08;11%;2.75;41%;167,488;;11;167,488;18;10,387;3,036;96%;18;21,661;5,799;32;19;16;02:57;9;133;70;5,799;;5.21;7.2;2.22;01:33;8.12;3,770.14;11.2;19.85;11,248.6;320;10;67;42;40;149;14;8 hours;44;21;01:09:05;31:13;47%;4;5;19;
Meepert;0;23;256;569;6;54;100%;;3.68;17.46;44%;363;192;39;20,094;7,581;1,180;138,003;126;2;5;2;1,180;0.11;15%;2.37;37%;56,841;;;56,841;13;4,112;1,515;66%;13;11,347;4,738;32;23;14;02:02;6;142;74;4,738;0.13;5.42;10.43;2.66;01:09;8.59;3,878.44;13.1;24.76;9,416.34;153;3;18;17;11;46;3;2 hours;15;12;17:04;19:40;81%;4;;3;
Meldavak;2788;16;55;109;2;6;80%;;1.82;16.75;50%;61;46;16;4,949;1,911;292;31,377;33;;;;292;0.12;15%;1.79;38%;10,353;;;10,353;7;3,834;1,196;49%;7;8,171;2,501;16;15;11;00:57;8;101;46;2,501;;4.34;10.35;4.87;01:05;10.05;3,153.17;14;18.57;9,556.11;34;;4;4;7;15;;39 minutes;3;2;03:34;03:04;49%;;;2;
MIKEYDYCE;3095;43;1,421;2,934;11;255;100%;3;3.38;18.88;48%;1,637;919;155;94,753;37,982;5,369;766,216;627;7;11;31;5,369;0.09;14%;2.33;40%;321,168;;24;321,168;18;6,046;2,383;73%;18;21,644;9,805;50;28;23;03:31;12;215;73;9,805;0.41;5.84;9.33;2.06;01:20;8.33;4,269.24;12.21;21.76;10,185.21;702;28;99;72;46;217;18;15 hours;75;34;01:41:19;01:26:40;45%;4;2;39;
Miz_One;1490;11;76;199;3;11;55%;2;1.8;12.48;38%;63;25;7;5,821;1,795;240;38,400;18;;;7;240;0.06;13%;1.7;30%;18,975;;5;18,975;8;4,385;2,584;50%;8;6,162;2,584;9;4;4;00:58;2;48;34;2,584;1.15;5.36;6.08;1.15;00:35;2.95;3,118.11;4.1;10.35;6,310.09;37;;7;6;4;16;;58 minutes;6;3;03:36;00:52;48%;;1;2;
Mlbjester7;3425;38;498;1,090;13;90;100%;;4.67;25.84;45%;519;215;24;34,748;11,979;1,794;227,442;230;8;8;;1,794;0.09;14%;1.8;34%;86,421;;;86,421;12;4,548;1,719;52%;12;18,458;6,898;43;23;25;03:14;3;197;32;6,898;;4.8;14.89;1.24;01:27;11.93;4,485.64;11.15;26.93;11,805.29;287;10;25;12;9;46;;4 hours;19;7;28:13;08:05;37%;4;1;11;
Morgenarc;3323;25;282;579;5;31;100%;3;2.46;22.4;48%;303;160;35;20,154;7,948;999;175,543;110;;;5;999;0.09;12%;2.34;39%;55,846;;2;55,846;15;11,351;2,473;72%;15;15,548;5,449;32;18;13;01:49;6;81;41;5,449;0.39;5.2;10.24;2.78;00:57;8.73;4,436.64;12.71;24.07;13,946.01;129;;12;11;13;37;4;2 hours;13;4;12:06;13:11;29%;3;1;8;
Mr_O_Blood_type_;0;10;24;50;4;4;63%;;3.89;23.38;48%;25;14;4;3,293;798;109;10,526;9;;;;109;0.11;13%;1.66;24%;4,805;;;4,805;5;1,520;1,412;26%;5;5,239;2,571;14;8;5;00:40;3;50;18;2,571;;5.14;14.61;3.89;01:11;8.76;4,680.78;13.63;24.35;10,254.6;15;;1;1;1;3;;15 minutes;1;;01:13;00:57;;;;1;
Mr_savage_75;0;54;214;421;10;49;60%;;7.06;30.84;50%;254;141;21;15,097;5,792;874;106,544;114;3;4;;874;0.13;15%;3.47;38%;42,187;;;42,187;16;5,124;2,071;44%;16;22,563;10,357;53;31;23;03:50;6;312;48;10,357;;6.5;10.52;3.02;02:11;16.43;6,081.05;20.32;36.61;15,357.86;73;7;10;12;4;25;2;1 hour;7;4;15:15;17:29;54%;3;0;3;
MrBlueyes;2154;37;758;1,453;8;133;100%;;2.99;17.06;52%;823;476;150;71,545;22,989;3,389;316,676;328;5;5;;3,389;0.1;14%;2.24;32%;149,261;;44;149,261;14;6,282;3,110;63%;14;12,506;4,213;31;23;15;02:26;11;157;51;4,213;;4.79;8.23;3.37;01:02;7.38;3,360.09;10.71;18.52;7,128.87;366;16;45;47;29;121;9;8 hours;44;16;46:11;41:30;36%;3;4;24;
MrBurns_rj;2293;34;119;187;8;17;82%;;3.17;22.24;63%;120;72;31;13,016;4,329;548;45,668;53;;4;;548;0.15;12%;2.79;33%;20,378;;4;20,378;9;3,001;1,785;47%;9;10,186;5,252;37;27;21;01:22;15;154;35;5,252;;5.66;8.03;5.79;01:00;9.9;3,808.82;13.45;22.42;8,535.81;43;;2;8;6;16;2;59 minutes;5;2;05:23;05:38;37%;;;3;
mrfr33s3;2586;11;20;36;3;4;75%;;3.61;18.07;55%;16;7;5;1,088;458;67;5,416;7;;;;67;0.1;14%;1.6;42%;4,934;;;4,934;3;1,022;1,310;48%;3;3,016;3,303;9;3;6;00:30;3;36;19;3,303;;7.42;9.03;4.51;00:29;6.32;4,458.35;6.32;14.45;4,893.88;10;2;2;3;0;5;;11 minutes;1;0;00:32;00:54;10%;;;1;
MRstyles4u;3112;10;73;191;3;17;60%;;3.23;13.9;38%;78;38;7;6,532;2,180;253;42,557;24;;;5;253;0.06;11%;1.06;33%;25,314;;;25,317;6;3,573;1,500;51%;6;6,967;4,264;12;9;4;01:00;2;44;26;4,264;0.95;6.02;13.9;1.33;01:02;4.57;4,820.6;7.23;14.85;8,104.06;73;7;5;3;3;12;;1 hour;5;2;05:28;;40%;;;3;
NaapWay;2595;9;13;20;;;100%;;1.52;19.8;65%;12;5;;1,564;379;55;3,983;6;;;;55;0.12;14%;1.33;24%;1,839;;;1,839;5;1,613;551;;5;2,476;1,287;7;2;4;00:21;;35;30;1,287;;4.09;13.7;1.52;00:44;9.13;2,801.21;7.61;18.27;6,066.42;9;;1;0;0;1;;7 minutes;1;0;00:28;;17%;;;1;
nagano-1;2513;13;16;28;4;4;59%;3;3.44;13.76;57%;20;7;2;1,268;584;43;12,203;9;;;3;43;0.06;7%;5;46%;2,807;;;2,807;7;4,348;1,354;53%;7;9,654;2,741;14;5;6;00:59;2;23;20;2,741;2.58;4.23;3.44;1.72;01:14;7.74;2,415.43;6.02;17.21;10,500.46;4;;1;3;1;5;;11 minutes;1;1;01:26;02:10;100%;
nari_is_1582;2498;;;;;;100%;;;6.75;100%;;;;8;3;;410;;;;;;;;;37%;;;;;;410;;;;410;;;;;;;;;;;;6.75;;;;;;;2,766.27;;;;;;;;40.16315299272537 seconds;0;;;;;;;0;
Natz_D_Chow;4100;33;606;1,220;10;130;83%;3;5.19;24.23;49%;783;461;115;35,501;15,435;3,073;318,806;223;7;;20;3,073;0.17;19%;3.83;43%;83,944;;5;83,944;20;7,993;2,856;55%;20;18,448;4,921;52;26;18;01:24;11;215;73;4,921;0.79;4.65;8.15;4.59;00:44;8.91;3,356.99;18.43;31.31;12,749.32;204;9;33;27;20;80;11;5 hours;25;21;18:37;50:30;83%;4;;4;
NickalaiHomebrew;3044;5;5;11;;;45%;;;17.65;45%;;;;418;53;;1,425;;;;;;0;1%;;12%;321;;;321;;665;321;12%;;1,425;321;;;;01:03;;;;321;;1.17;14.12;;03:44;;1,131.53;;;5,031.24;4;;0;0;0;0;;4 minutes;0;;01:03;;;;0;0;
Ninja5976;3734;20;134;267;8;43;66%;;4.8;14.96;50%;237;122;30;8,664;3,556;555;72,104;54;;;4;555;0.12;15%;5.15;41%;22,357;;7;22,357;15;5,108;1,606;60%;15;12,315;3,358;43;20;11;00:43;7;101;53;3,358;0.44;5.08;5.13;3.35;00:21;6.03;2,496.81;13.62;26.46;8,052.52;46;;12;9;8;30;5;1 hour;9;8;03:13;11:31;92%;3;;1;
NINJALEX323;3962;40;1,425;3,189;13;347;100%;5;5.14;21.12;44%;2,041;1,099;200;84,916;36,759;6,317;844,372;751;12;19;82;6,317;0.11;17%;3.78;43%;182,859;;4;182,859;23;8,356;2,325;69%;23;20,758;6,479;58;33;24;02:55;10;252;82;6,479;1.21;3.45;7.98;2.96;01:22;11.13;2,710.43;16.28;30.25;12,515.72;539;32;107;77;55;239;12;14 hours;67;44;01:32:38;01:49:33;65%;4;2;21;
nogo58;2504;3;3;7;;;42%;;;11.36;42%;4;2;;350;112;14;1,320;3;;;;14;0.09;12%;;32%;777;;;777;2;503;300;32%;2;1,320;777;4;2;3;00:15;;14;7;777;;5.02;15.15;;00:59;11.36;2,944.06;7.57;15.15;5,001.01;4;;;;0;0;;2 minutes;0;;00:15;;;;;0;
NoirEt_B;3147;27;150;310;11;34;83%;3;4.44;19.6;48%;203;110;26;6,957;3,248;594;94,994;68;;;7;594;0.09;18%;2.47;46%;42,412;;;42,412;9;4,368;2,212;55%;9;19,707;5,683;46;21;15;01:50;4;117;34;5,683;0.91;6.97;10.71;3.39;00:58;8.88;5,543.48;14.37;26.53;12,416.28;82;2;9;10;7;27;;1 hour;8;5;07:27;05:23;59%;3;0;3;
nyanyamui_401;0;17;91;205;6;19;66%;;3.08;14.78;44%;107;45;4;9,083;3,043;256;49,485;51;;;;256;0.05;8%;1.94;33%;19,734;;;19,734;15;4,800;1,544;61%;15;6,552;4,164;26;9;11;01:37;;54;45;4,164;;4.62;8.93;0.65;01:01;8.28;3,207.24;7.31;17.39;8,042.44;55;4;9;5;3;17;;1 hour;6;2;06:18;02:58;31%;;0;4;
ohEvasive;3523;22;79;163;10;25;60%;;6.25;19.75;48%;105;52;9;5,224;2,239;253;49,429;34;;2;;253;0.07;11%;2.33;42%;16,842;;;16,842;11;3,009;1,281;51%;11;15,688;6,040;31;14;11;01:34;5;76;68;6,040;0.25;4.95;11.25;2.25;01:32;8.5;4,211.25;13;26.25;12,359.2;45;;6;4;0;10;;56 minutes;4;2;06:08;01:55;51%;3;;2;
oI_SPY_Io;4521;25;382;709;7;96;100%;3;4.89;19.49;53%;561;310;66;21,459;9,425;1,661;197,426;134;5;3;32;1,661;0.13;17%;4.67;43%;75,020;;9;75,020;19;6,815;2,848;67%;19;17,823;4,985;45;18;13;01:30;6;109;58;4,985;1.63;6.11;6.12;3.36;00:46;6.83;3,828.88;15.82;28.63;10,076.25;120;5;27;19;17;63;4;3 hours;20;15;15:08;40:11;78%;4;1;4;
Omegax_87;0;11;11;24;;;45%;2;;17.25;45%;15;10;5;1,093;446;41;7,499;4;;;2;41;0.08;9%;5;40%;5,269;;;5,269;11;4,345;3,364;;11;7,499;5,269;15;10;4;00:32;5;41;25;5,269;3.13;11.17;4.7;7.84;00:50;6.27;8,266.79;15.68;23.53;11,766.12;3;;1;1;2;3;;7 minutes;1;;00:32;01:44;;;;1;
o-Norton-o;0;12;12;29;5;5;41%;;17.55;42.12;41%;17;7;2;1,475;379;62;4,848;11;;;;62;0.13;16%;3.4;25%;3,764;;;3,764;7;1,596;1,330;;7;4,848;3,764;17;7;11;01:17;2;62;19;3,764;;8.15;17.55;7.02;04:30;38.61;13,214.53;24.57;59.68;17,020.55;5;;;1;;1;;7 minutes;0;;01:17;04:11;;;;0;
Opticflare64;2437;18;89;178;4;15;75%;3;2.59;15.41;50%;111;65;17;7,172;2,805;284;54,674;32;;;7;284;0.08;10%;3;39%;16,522;;;16,522;13;5,400;1,952;56%;13;12,417;3,858;25;15;11;00:54;5;59;34;3,858;1.21;5.2;6.4;2.94;00:24;5.54;2,861.89;11.25;19.22;9,470.27;37;;4;10;6;20;;52 minutes;6;2;02:19;04:35;28%;;1;3;
Original_Yankin;2592;28;123;272;10;27;61%;;5.93;27.03;45%;133;65;16;11,457;4,310;867;54,196;55;;2;;867;0.19;20%;1.87;37%;32,363;;;32,363;9;2,830;1,929;45%;9;12,501;6,638;31;21;12;02:06;7;175;71;6,638;0.21;7.12;15.6;3.51;02:00;12.08;7,112.87;14.28;29.23;11,911.41;71;7;6;5;2;13;;1 hour;5;2;09:08;03:15;39%;3;;3;
OttoFemtusen;2831;13;45;109;4;9;57%;2;3.8;19.03;41%;57;33;8;3,006;1,213;194;27,528;26;;;4;194;0.09;15%;1.72;40%;11,366;;;11,366;10;2,640;895;49%;10;7,498;3,897;15;10;7;00:48;3;52;23;3,897;1.69;5.76;13.95;3.38;01:12;10.99;4,807.85;13.95;24.11;11,643.83;33;;3;2;4;9;;32 minutes;2;1;02:51;04:40;28%;;;2;
oualid32;4267;41;673;1,251;16;157;100%;2;5.91;25.35;53%;923;520;91;49,523;20,298;2,721;424,358;318;5;7;9;2,721;0.12;13%;3.94;40%;89,405;;8;89,405;20;11,504;2,250;72%;20;27,742;5,023;65;26;23;02:15;6;150;61;5,023;0.33;4.25;8.81;3.42;01:32;11.97;3,368.02;19.58;34.77;15,986.26;234;4;36;31;34;101;12;5 hours;27;21;40:43;01:29:06;77%;4;0;6;
picoforver;;27;92;161;5;13;100%;2;2.84;20.1;57%;105;57;15;5,725;2,223;395;37,347;52;;2;3;395;0.12;17%;4.03;38%;14,850;;;14,850;11;4,821;1,892;46%;11;11,181;3,078;25;14;12;02:01;4;177;76;3,078;0.65;4.53;5.68;3.27;01:31;11.36;3,244.68;12.45;22.94;8,160.05;26;3;5;6;3;15;2;54 minutes;5;4;06:57;04:17;83%;;;1;
praktommy;3673;47;3,387;7,040;15;797;100%;4;4.93;20.99;48%;4,462;2,410;458;241,466;95,118;14,453;1,966,734;1,715;35;31;104;14,453;0.11;15%;2.82;39%;618,045;;24;618,045;22;9,977;3,479;82%;22;24,896;12,358;65;30;29;04:32;11;211;90;12,358;0.64;4.79;9.79;2.83;01:23;10.62;3,830.19;14.93;27.65;12,188.4;1,580;55;234;154;124;512;44;35 hours;161;86;03:43:15;03:45:31;53%;4;5;70;
Prey1nMantis;2494;30;927;1,648;8;154;100%;4;3.26;19.67;56%;1,198;764;229;57,643;25,195;4,227;372,059;464;5;7;30;4,227;0.12;16%;5.93;43%;160,064;;19;160,064;20;4,923;2,351;61%;20;13,251;7,332;42;27;20;02:10;11;163;80;7,332;0.63;4.76;4.28;4.85;00:55;9.84;3,396.76;16.21;25.42;7,895.58;202;9;48;81;62;191;31;9 hours;47;25;43:36;01:17:12;53%;5;1;21;
PrimeVengeance;0;2;2;10;;;20%;;;4.41;20%;4;3;;295;160;2;3,764;;;;;2;0;1%;1.33;54%;811;;;811;2;2,008;300;54%;2;3,764;811;4;3;;00:14;;2;;811;;3.38;6.61;;00:31;2.2;1,790.08;6.61;8.82;8,304.87;3;;1;;;1;;3 minutes;0;;00:14;;;;;0;
Prince_Fatman;0;17;175;318;3;23;100%;3;2.66;20.27;55%;178;94;32;10,396;3,748;656;93,354;62;;;7;656;0.1;17%;2;36%;37,534;;;37,534;13;5,792;1,634;69%;13;11,402;5,093;20;16;7;01:46;5;65;33;5,093;0.81;5.73;10.31;3.7;01:02;7.18;4,348.89;10.89;20.62;10,816.47;89;;12;8;5;25;2;1 hour;9;4;09:00;03:53;41%;;0;5;
Proiactatis;3000;16;19;41;2;3;50%;;2.65;16.82;46%;25;12;;2,130;746;33;9,541;6;;;;33;0.05;4%;5;35%;2,652;;3;2,652;6;2,341;852;35%;6;7,286;1,452;21;10;5;00:54;;30;15;1,452;0.88;4.63;4.42;;01:01;5.31;2,348.94;10.62;22.14;8,449.4;5;;2;1;;3;;9 minutes;1;1;01:09;00:24;100%;
PucKProof;3499;20;48;100;4;9;56%;;5.39;28.79;48%;55;43;7;2,417;1,135;97;29,308;19;;;;97;0.06;8%;3.05;46%;6,987;;;6,987;13;4,594;2,030;51%;13;14,165;2,711;18;15;8;01:02;3;27;24;2,711;0.59;4.82;10.79;4.19;00:59;11.39;4,191.73;25.79;32.99;17,582.06;18;;3;2;3;7;;24 minutes;2;0;01:39;05:22;21%;;;1;
rairai2040;2309;20;89;198;7;20;100%;;4.31;19.2;44%;102;39;4;7,392;2,568;320;59,562;50;;;2;320;0.07;12%;1.7;34%;29,443;;;29,443;7;7,351;2,397;45%;7;9,735;6,040;20;11;12;01:16;2;90;26;6,040;0.43;6.65;12.94;0.86;01:11;10.78;6,353.4;8.41;22.01;12,852.88;60;3;8;1;1;9;;1 hour;5;2;05:33;02:08;47%;;0;2;
RaxesTheWise;2506;9;15;23;;;66%;;1.13;17.04;65%;13;10;5;733;346;121;5,560;;;;;121;0.23;34%;1.62;47%;2,418;;;2,418;3;1,293;707;72%;3;3,487;1,818;7;6;;00:46;3;91;28;1,818;;4.77;9.08;5.68;00:52;1.13;2,747.63;11.36;14.76;6,316.57;8;;0;2;2;3;;8 minutes;1;0;00:46;00:01;35%;;0;1;
rencpee;2745;9;36;94;3;7;100%;;2.33;12.03;38%;46;18;3;8,877;2,292;204;25,797;16;;;;204;0.09;8%;1.31;25%;11,386;;;11,386;10;3,757;1,348;25%;10;8,474;4,280;14;5;7;00:48;2;66;22;4,280;0.33;5.18;11.69;1;00:39;5.34;3,805.6;6.01;15.37;8,622.25;35;3;2;3;1;6;;36 minutes;3;;01:58;01:00;;;;3;
RequiemZ41;2970;43;650;1,177;10;114;78%;2;3.5;19.98;55%;839;537;92;58,187;24,599;3,822;378,475;427;6;2;20;3,822;0.15;15%;2.43;42%;121,014;;4;121,014;15;6,716;1,966;56%;15;26,058;7,557;62;43;36;04:58;11;332;81;7,557;0.61;4.94;10.6;2.82;01:50;13.12;3,720.33;16.5;25.79;11,635.41;345;11;47;46;41;134;15;6 hours;33;17;01:00:00;01:28:48;52%;4;4;12;
Rockethiethm;4289;38;276;631;9;55;100%;2;3.98;20.01;43%;380;226;50;19,145;7,478;1,289;129,776;102;;4;7;1,289;0.12;17%;3.06;39%;52,147;;;52,147;15;4,180;2,018;47%;15;15,696;6,656;36;24;13;01:29;4;147;58;6,656;0.5;4.95;8.99;3.62;00:52;7.39;3,782.06;16.39;27.56;9,412.19;124;12;26;8;10;44;3;2 hours;14;12;12:08;16:40;84%;;;2;
Ronald_Toh95;0;26;170;411;7;49;80%;2;4.26;14.78;41%;269;137;25;14,187;6,041;677;135,402;90;;;5;677;0.08;11%;2.92;42%;43,704;;;43,704;11;4,329;1,544;59%;11;16,071;5,157;34;21;14;01:40;5;95;46;5,157;0.43;5.27;7.99;2.17;01:10;7.82;3,800.02;11.91;23.38;11,772.99;92;5;16;14;7;37;;2 hours;12;6;13:30;08:07;51%;3;0;5;
ruinknives;2843;27;226;461;12;48;100%;;4.6;21.69;49%;339;179;29;19,732;7,489;748;137,517;145;2;;;748;0.08;9%;3.6;37%;41,652;;;41,652;16;4,827;2,248;50%;16;17,983;5,661;50;31;26;02:12;7;121;52;5,661;;4.53;9.02;2.78;01:21;13.92;3,999.21;17.18;32.54;13,203.76;94;5;21;8;8;37;;2 hours;10;8;14:08;21:34;72%;3;;3;
Rundle0509;3962;36;934;1,896;10;246;100%;4;5.33;20.25;49%;1,352;791;129;65,515;26,429;3,678;507,734;520;6;7;40;3,678;0.11;13%;3.64;40%;132,063;;21;132,063;16;8,031;2,235;70%;16;19,271;5,144;51;34;34;03:00;7;226;89;5,144;0.86;4.03;8.04;2.79;01:34;11.27;2,864.17;17.15;29.32;11,011.68;371;17;67;56;30;152;17;9 hours;46;42;01:12:58;01:39:47;90%;4;1;4;
RyanAM;3889;33;331;611;10;81;100%;2;5.88;24.03;54%;466;283;59;22,554;9,912;1,445;198,055;114;3;;10;1,445;0.12;14%;4.9;43%;41,581;;7;41,581;20;10,887;1,875;66%;20;24,869;3,940;48;26;16;01:09;8;201;113;3,940;0.72;3.71;6.89;4.28;00:40;8.27;3,019.8;20.55;33.84;14,383.75;95;2;17;9;19;44;9;3 hours;14;9;09:16;35:48;68%;4;0;4;
ryu-eight;3000;54;7,638;14,454;18;1,569;81%;5;5.87;28.59;52%;9,365;6,145;1,685;562,611;245,358;24,539;4,274,449;2,804;59;45;298;24,539;0.11;10%;3.65;43%;1,230,004;;44;1,230,004;24;10,234;3,097;61%;24;36,040;10,417;82;50;32;03:03;23;307;109;10,417;1.11;5.63;9.59;6.3;00:55;10.49;4,605.15;23;35.06;16,003.6;2,563;65;284;298;429;1,010;197;60 hours;267;140;04:08:31;18:55:25;52%;4;14;113;
S3NTINEL2001;2826;;;3;;;;;;;;;;;129;17;5;270;;;;;5;0.07;29%;;13%;300;;;300;;270;300;13%;1;270;300;;;;;;5;5;300;;4.54;11.29;;;;3,387.86;;11.29;3,049.08;;;;0;;0;;1 minute;0;;;;;;;0;
Saber-x-wolf;2666;4;5;12;2;2;100%;;3.08;7.7;41%;8;4;;852;125;15;2,584;2;;;;15;0.03;12%;2;14%;2,024;;;2,024;7;1,869;1,469;;7;2,214;1,724;8;4;2;00:07;;12;7;1,724;;5.3;6.16;1.54;00:11;3.08;3,120.74;6.16;12.33;3,984;4;;1;1;0;2;;6 minutes;1;;00:07;;;;;1;
samurainu;2412;28;1,976;3,869;11;321;100%;2;2.26;13.91;51%;2,542;1,274;262;209,371;67,958;6,004;1,392,166;1,145;15;15;31;6,004;0.05;8%;2.29;32%;426,900;3;34;426,900;19;10,055;2,992;73%;19;22,768;6,542;51;22;30;03:08;7;126;49;6,542;0.21;4.16;7.8;1.84;01:09;8.06;3,006.09;8.97;17.89;9,803.19;1,108;23;174;141;98;413;18;28 hours;142;57;02:44:02;01:09:48;39%;5;5;80;
sbkkzy;0;20;120;284;5;18;58%;2;2.23;14.87;42%;143;72;17;14,081;4,450;411;55,975;58;2;2;7;411;0.06;9%;1.23;31%;19,188;;;19,188;11;5,296;1,003;50%;11;13,287;3,085;24;11;9;02:24;4;81;25;3,085;0.86;3;14.37;2.1;01:28;7.18;2,377.97;8.92;17.72;6,937.1;116;3;12;6;6;24;;1 hour;8;2;11:53;06:38;22%;3;1;6;
ScaredLilTaco;3412;17;17;31;3;3;54%;;4.49;25.48;54%;18;8;;1,154;307;35;6,001;17;;;;35;0.06;11%;3.6;26%;1,629;;;1,629;7;1,747;1,022;;7;6,001;1,629;18;8;17;03:19;;35;18;1,629;;3.14;7.49;;04:58;25.48;2,442.37;11.99;26.98;8,995.52;5;;2;1;1;3;;8 minutes;1;1;03:19;00:00;100%;
Scrufster;2197;5;5;9;;;55%;;2.62;13.1;55%;8;3;;835;323;25;3,689;3;;;;25;0.07;7%;1.33;38%;1,824;;;1,824;3;1,122;1,196;38%;3;3,689;1,824;8;3;3;00:25;;25;9;1,824;;5.82;15.73;2.62;01:06;7.86;4,782.22;7.86;20.97;9,671.65;6;;;1;;1;;5 minutes;0;0;00:25;;100%;
Shadowfox55;2974;20;283;640;7;32;100%;;2.12;18.83;44%;317;170;37;34,463;9,656;1,546;121,336;124;;3;;1,546;0.12;16%;2.24;28%;72,999;;3;72,999;18;4,272;2,930;41%;18;8,283;5,281;22;14;11;01:59;6;177;74;5,281;;5.95;9.38;2.46;01:18;8.25;4,858.88;11.31;21.09;8,076.3;141;4;15;15;4;34;;3 hours;15;6;19:43;11:29;42%;;0;8;
shadowstrixx;2873;24;238;482;6;27;66%;2;2.51;22.13;49%;219;107;21;15,957;4,729;899;84,701;77;;;8;899;0.11;19%;2.35;29%;26,447;;2;26,447;11;3,124;1,200;34%;11;7,674;2,923;40;19;13;01:14;3;134;43;2,923;0.74;3.4;8.64;1.95;00:50;7.16;2,459.45;9.95;20.36;7,876.98;93;3;12;5;6;24;2;2 hours;11;5;09:02;03:09;46%;3;1;5;
Shikurikato-;0;32;1,561;3,190;13;310;100%;;4.41;22.22;48%;2,009;1,252;324;107,528;50,074;6,825;815,686;613;19;6;22;6,825;0.12;13%;3.13;46%;278,072;;9;278,072;19;6,938;2,865;84%;19;22,592;6,503;51;38;23;02:12;10;176;80;6,503;0.31;5.23;9.12;4.61;00:56;8.72;3,958.73;17.82;28.6;11,612.41;641;11;114;62;81;257;21;14 hours;70;40;01:05:40;02:45:41;56%;4;4;26;
Shimada_Bros;3031;23;24;44;;;58%;3;1.43;34.52;54%;28;16;7;1,667;573;102;8,596;13;;;3;102;0.15;17%;4;34%;2,762;;;2,762;10;2,362;815;33%;10;8,103;2,170;27;15;13;01:18;6;86;29;2,170;4.31;4.21;10.06;10.06;01:52;18.7;3,973.82;23.01;40.27;12,365.73;7;;2;;1;3;;10 minutes;1;1;01:18;02:13;84%;;;0;
Signal_Graph;0;30;59;133;4;8;56%;;3.18;23.49;44%;51;30;8;5,816;1,735;264;27,663;14;;;;264;0.1;15%;1.34;29%;12,481;;;12,481;4;3,400;976;28%;4;10,140;5,756;28;17;10;01:05;6;118;25;5,756;0.39;5.18;15.13;3.18;00:36;5.57;4,970.96;11.94;20.31;11,017.57;38;;2;2;0;4;;40 minutes;3;2;01:32;;79%;;;1;
sloohy99;2683;46;428;910;9;91;100%;3;3.71;17.48;47%;471;291;101;35,107;13,279;1,588;242,860;152;;4;13;1,588;0.09;11%;2.15;37%;120,680;;15;120,680;17;7,592;2,557;59%;17;17,161;8,174;45;26;14;02:09;11;359;95;8,174;0.53;7.39;8.94;4.12;00:52;6.2;4,928.77;11.88;19.23;9,918.8;219;10;22;29;21;72;6;4 hours;24;12;21:20;33:18;47%;3;1;12;
Smithered;0;11;31;77;2;2;66%;2;1.27;19.82;40%;35;18;6;2,567;899;116;15,632;6;;;3;116;0.09;12%;2.33;35%;7,015;;;7,015;10;2,943;1,437;35%;10;6,508;2,534;14;8;3;00:29;3;58;31;2,534;1.91;5.5;9.59;3.83;00:27;3.83;4,485.2;11.5;22.37;9,995.1;15;2;2;1;1;4;;21 minutes;2;1;00:43;00:43;68%;;0;0;
SNAKE714;3590;33;148;283;5;16;80%;;2.85;26.38;52%;156;88;21;9,426;4,161;561;123,522;56;;;3;561;0.1;13%;4.72;44%;18,718;;;18,718;17;10,729;2,080;57%;17;34,464;4,428;34;20;17;02:33;6;148;59;4,428;0.53;3.59;5.88;3.74;00:55;9.98;3,337.06;15.68;27.81;22,021.78;33;;4;5;3;12;;1 hour;6;1;05:11;09:04;21%;3;1;3;
SpanishK;2586;17;37;86;4;6;100%;;4.15;25.6;43%;35;17;2;4,975;1,477;204;18,396;18;;;;204;0.15;13%;1.94;29%;9,901;;;9,899;7;3,629;1,454;46%;7;8,274;4,307;16;8;10;01:50;;83;40;4,307;;7.38;12.45;1.38;02:35;12.45;6,850.78;11.76;24.21;12,728.45;18;;2;1;1;4;;22 minutes;1;1;03:44;03:08;35%;;;1;
Spuggtaztic;3000;13;24;39;3;5;78%;;5.72;27.47;61%;30;18;4;1,327;802;93;12,992;14;;;;93;0.14;11%;4.28;60%;3,560;;;3,560;12;3,241;1,340;60%;12;8,431;2,714;19;11;7;00:27;4;47;41;2,714;;5.71;8.01;4.57;01:00;16.02;4,075.35;20.6;34.34;14,874.51;7;;2;0;0;3;;10 minutes;1;0;00:53;02:29;35%;;;1;
srilanne;2758;4;5;13;2;2;40%;;3.57;8.93;38%;3;3;3;485;143;17;2,707;;;;;17;0.06;11%;0.6;29%;1,452;;;1,452;2;933;804;54%;2;1,417;1,104;3;3;;00:02;3;11;11;1,104;;5.27;8.93;5.36;00:04;;2,595.29;5.36;5.36;4,839.86;5;;1;1;1;2;;4 minutes;1;;00:02;;;;;1;
ss0401bump;2485;;;3;;;33%;;;4.84;33%;;;;202;49;2;401;;;;;2;0.02;4%;;24%;300;;;300;;401;300;24%;;401;300;;;;00:02;;2;2;300;;4.05;4.84;;00:09;;1,454.33;;;1,945.53;;;0;;0;0;;1 minute;0;;00:02;;;;;0;
stiouf3;3519;9;21;38;3;4;100%;;5.7;29.94;55%;19;11;;1,266;401;46;10,193;4;;;;46;0.07;11%;2.11;31%;3,565;;;3,565;7;1,892;1,076;33%;7;3,725;1,833;12;7;3;00:33;;22;18;1,833;;5.76;12.83;1.42;01:09;5.7;5,083.71;15.68;27.09;14,534.62;9;;1;1;1;2;;10 minutes;1;1;00:48;01:46;75%;;;0;
STOP_iseGamin_tv;3049;7;7;23;;;31%;;1.2;8.41;30%;7;4;;1,922;609;43;9,458;3;;;;43;0.07;7%;1.16;31%;2,112;;3;2,112;3;3,060;719;32%;3;9,458;2,112;7;4;3;00:48;;43;29;2,112;;3.78;7.21;1.2;00:58;3.6;2,540.13;4.81;8.41;11,376.61;6;;2;0;0;2;;9 minutes;1;0;00:48;00:20;0%;;;1;
stormavatar;4579;26;313;553;9;95;81%;2;5.67;18.71;56%;517;258;33;18,126;7,751;1,182;200,260;186;7;2;13;1,182;0.11;15%;6.62;42%;44,464;;;44,464;18;7,370;2,062;55%;18;16,598;4,490;35;21;19;02:28;5;108;60;4,490;0.77;4.5;4.66;1.97;01:22;11.11;2,658.05;15.42;30.9;11,971.64;78;2;22;24;24;70;10;2 hours;17;16;23:02;36:14;96%;3;;1;
STRATO-ARCTICA;2431;;;114;;9;44%;;;;43%;;;;5,703;;;22,752;;;;;155;;;;33%;5,510;;;5,510;;;;;;12,927;;;22;;;;83;27;3,139;;3.09;11.61;4.75;01:05;12.13;2,908.1;19.52;36.41;12,008.78;22;;;2;;6;;29 minutes;;;02:04;05:36;52%;3;;1;
subzilllaa;3496;47;3,041;6,454;13;549;100%;4;4.37;24.21;47%;3,416;2,153;517;176,314;80,188;12,692;1,332,958;961;15;17;97;12,692;0.12;15%;2.4;45%;537,839;;25;537,839;20;6,338;2,662;78%;20;19,151;7,940;53;34;19;03:37;13;225;79;7,940;0.77;5.43;11.31;4.11;00:57;7.65;4,282.61;17.14;27.2;10,613.87;1,421;45;158;124;104;386;38;27 hours;126;52;01:59:38;03:34:03;41%;4;4;69;
SugahFree;3000;;;3;;;33%;;;21.15;33%;;;;153;44;2;411;;;;;2;0.03;4%;;28%;111;;;111;;411;111;;;411;111;;;;;;2;2;111;;2.14;21.15;;;;2,337.65;;;8,692.3;;;;;0;0;;51.61055802926421 seconds;0;;;;;;;0;
Sundezth;3000;3;3;5;;;60%;;;31.39;60%;;;;159;106;17;1,299;;;;;17;0.23;16%;;66%;373;;;373;;933;373;;1;1,299;373;;;;;;17;10;373;;5.23;10.46;;;;3,903.22;10.46;10.46;13,594.22;;;;;0;0;;1 minute;0;0;;00:06;100%;
Swegg-Lawdd;0;29;864;2,111;13;295;100%;4;6.56;19.21;40%;1,454;696;107;77,107;26,713;2,761;553,644;404;29;24;69;2,761;0.07;10%;3.24;34%;189,801;;3;189,801;16;9,558;2,037;69%;16;18,214;7,265;53;27;21;02:22;6;154;57;7,265;1.53;5.29;9.96;2.37;00:52;8.98;4,221.71;15.48;32.34;12,314.6;448;35;73;37;15;125;9;9 hours;45;40;39:14;54:10;88%;4;0;5;
SwiperThe1;4252;20;276;488;13;64;100%;4;3.84;16.58;56%;463;276;56;20,119;8,631;1,001;160,242;95;5;;13;1,001;0.09;11%;3.21;42%;44,107;;;44,107;12;4,898;1,199;62%;12;13,430;3,392;37;24;9;01:36;7;104;36;3,392;0.78;4.08;8.65;3.36;00:35;5.7;2,650.72;16.58;27.82;9,630.19;144;6;26;9;7;41;4;3 hours;17;16;09:43;27:43;94%;3;;1;
T4nh3ngz;3751;10;55;112;2;5;75%;2;1.46;16.12;49%;73;42;11;3,283;1,363;144;23,817;11;;;2;144;0.07;10%;5.21;41%;8,069;;;8,069;13;3,515;1,561;70%;13;9,186;1,921;18;9;4;00:28;3;59;26;1,921;0.58;4.01;4.1;3.22;00:19;3.22;2,366.21;12.31;21.4;6,984.22;14;;3;2;3;9;;33 minutes;3;3;01:07;02:27;100%;
tails1tale;3470;22;22;37;6;6;59%;2;11.83;43.4;59%;24;17;4;2,268;821;95;12,119;5;;;2;95;0.19;11%;4;36%;3,752;;;3,752;9;3,424;1,203;36%;9;12,119;3,752;24;17;5;01:06;4;95;34;3,752;3.94;7.61;11.83;7.89;02:12;9.86;7,402.42;33.53;47.34;23,909.05;6;;1;;1;2;;8 minutes;1;;01:06;06:39;;;;1;
Taimbot;3653;15;37;84;3;5;83%;;2.73;20.27;44%;44;21;7;2,934;1,214;119;28,641;23;;;;119;0.08;9%;2.44;41%;5,528;;;5,528;8;5,620;921;;8;12,585;1,728;18;7;13;02:26;3;52;19;1,728;;3.94;9.86;3.83;01:58;12.6;3,029.23;11.5;24.1;15,693.53;18;;2;1;3;7;;23 minutes;2;1;03:35;01:00;56%;;;1;
tarnys;0;;;3;;;33%;;;10.61;33%;;;;32;15;;586;;;;;;;;;46%;300;;;300;;536;300;;;586;300;;;;00:02;;;;300;;4.46;10.61;;00:24;;3,183.71;;;6,215.38;;;;0;0;0;;1 minute;0;0;00:02;;100%;
teehtf;4293;36;3,561;6,666;21;901;100%;5;6.09;24.1;53%;4,616;2,720;584;206,786;96,534;12,959;2,236,121;1,477;40;22;182;12,959;0.12;13%;4.63;46%;478,807;;9;478,807;21;12,997;2,479;75%;21;27,079;6,388;53;31;28;04:28;10;195;81;6,388;1.23;4.5;6.74;3.95;01:04;9.99;3,241.17;18.41;31.24;15,136.93;996;38;220;168;171;559;87;29 hours;148;117;02:39:38;06:12:23;79%;5;7;24;
tetiharu;;41;580;1,196;11;101;69%;3;4.04;23.2;48%;616;319;64;25,659;12,043;1,794;340,419;249;5;;7;1,794;0.08;14%;2.76;46%;131,203;;2;131,203;17;7,237;3,208;62%;17;24,290;11,680;42;19;22;04:09;6;170;69;11,680;0.28;6.41;8.92;2.56;01:24;9.96;5,248.14;12.76;24.64;13,616.78;223;13;32;29;22;83;13;5 hours;25;12;35:05;26:27;47%;3;1;12;
ThatOneSnooron;3600;20;334;727;13;84;84%;2;3.71;14.75;45%;542;282;46;28,638;10,377;1,048;200,809;190;6;;8;1,048;0.07;10%;3.76;36%;58,333;;;58,333;16;6,945;2,040;55%;16;17,783;3,265;43;21;12;03:05;7;86;50;3,265;0.35;4;6.36;2.03;01:27;8.39;2,576.39;12.45;23.93;8,869.09;144;4;41;27;18;86;5;4 hours;23;21;33:10;25:20;94%;4;0;1;
The_Bob_tw;3073;12;50;102;4;10;75%;;6.29;31.47;49%;52;30;8;3,217;1,353;217;19,582;26;;;;217;0.13;16%;2;42%;8,328;;;8,328;8;2,519;930;43%;8;4,881;1,689;14;8;8;00:49;3;61;25;1,689;0.62;5.03;16.36;5.03;01:39;16.36;5,241.93;18.88;32.72;12,325.06;26;5;1;2;3;6;;27 minutes;2;1;02:38;05:08;55%;;0;1;
The_Evil_Of_Man;0;3;6;13;2;3;50%;;6.94;13.89;46%;7;;;701;172;27;2,030;4;;;;27;0.08;15%;1.16;24%;1,150;;;1,150;2;645;600;;2;1,075;600;5;;3;00:15;;20;11;600;;3.47;13.89;;00:36;9.26;2,663.38;2.31;16.21;4,701.95;6;;0;;0;1;;5 minutes;0;;00:15;;;;;0;
TheBritishMoo;2638;15;34;56;3;6;69%;2;3.73;21.18;60%;38;17;4;3,056;1,052;94;19,990;14;;;2;94;0.08;8%;2.71;34%;3,285;;;3,285;9;3,401;1,286;36%;9;11,528;1,855;19;7;8;00:40;2;44;18;1,855;1.24;2.99;8.72;2.49;00:33;8.72;2,046.95;10.59;23.68;12,457.1;14;;2;4;;6;;18 minutes;2;;00:53;00:34;;;0;1;
TheCryokinetic;3743;18;59;110;9;17;80%;;7.62;26.47;53%;78;54;15;3,935;1,943;399;40,464;35;;;;399;0.2;20%;2.78;49%;8,665;;;8,665;10;4,442;1,149;58%;10;10,901;2,239;25;21;20;00:58;6;131;43;2,239;;4.55;12.56;6.73;01:03;15.7;3,888.68;24.23;35;18,158.87;28;;1;2;2;6;;31 minutes;2;2;02:21;07:18;72%;;;1;
TheCycl3Path;3000;;;3;;;;;;;;2;;;84;16;;892;2;;;;;;;2;19%;298;;;298;2;892;298;;2;892;298;2;;2;00:05;;;;298;;4.54;19.33;;01:49;38.67;5,763.11;;38.67;17,248.95;;;0;0;0;0;;1 minute;0;;00:05;;;;;0;
TheeObamanation;0;9;10;15;2;2;75%;;5.45;27.28;66%;8;7;2;685;219;19;4,589;2;;;;19;0.06;8%;2;31%;2,314;;;2,314;7;2,606;1,108;;7;4,284;2,115;8;7;2;00:14;2;14;8;2,115;;7.32;10.91;5.45;01:01;5.45;6,312.71;19.09;21.82;12,521.63;4;;0;0;0;1;;5 minutes;0;;00:22;;;;;0;
theNichibro;2655;25;168;348;4;20;80%;;1.92;16.17;48%;195;108;30;10,060;3,683;747;76,708;71;;;;747;0.11;20%;5.27;36%;19,759;;2;19,759;17;11,774;3,127;48%;17;17,709;4,313;29;18;15;02:00;7;154;76;4,313;0.09;3.12;3.56;2.88;00:47;6.83;1,902.24;10.39;18.77;7,385.05;37;;9;12;15;37;3;1 hour;10;6;08:15;04:55;54%;4;0;4;
TheRagerGamer;3991;34;761;1,604;10;122;100%;;3.64;22.73;47%;905;534;110;47,598;20,447;2,736;372,095;308;5;3;4;2,736;0.1;13%;2.9;42%;108,898;2;4;108,898;18;6,810;1,896;86%;18;17,870;5,751;53;33;27;02:18;8;172;82;5,751;0.11;4.06;9.32;3.28;00:52;9.2;3,253.52;15.95;27.03;11,116.99;312;13;29;35;22;87;11;7 hours;33;15;29:18;52:54;46%;4;1;17;
TheWeissmann40;2915;8;13;21;2;2;72%;;2.31;15.07;61%;16;10;3;1,175;590;82;9,992;6;;;;82;0.16;13%;2;50%;2,599;;;2,599;5;3,088;714;;5;5,812;1,400;8;6;3;00:51;2;53;30;1,400;1.15;5.37;9.27;3.47;01:27;6.95;3,013.24;11.59;18.55;11,584.8;8;;1;0;3;4;;8 minutes;1;0;01:15;01:16;31%;;;1;
timohilde86;3478;19;139;254;5;23;100%;;2.72;16.48;54%;183;86;12;9,454;3,905;473;55,908;55;;;;473;0.08;12%;3.73;41%;25,078;;;25,078;11;5,301;1,933;60%;11;7,360;4,977;29;14;9;01:13;4;95;40;4,977;;4.52;5.81;1.42;00:47;6.52;2,973.71;10.19;21.7;6,629.53;49;5;12;4;4;20;;1 hour;8;7;06:40;03:27;84%;3;;1;
tinysparkles;3258;5;27;68;;4;100%;;2.75;18.56;39%;28;13;2;1,646;608;53;11,836;19;;;;53;0.03;8%;1.16;36%;6,536;;;6,536;5;2,040;1,089;34%;5;4,067;1,560;6;3;6;00:44;;22;20;1,560;0.68;4.91;16.5;1.37;01:17;13.06;4,494.95;8.94;19.25;8,139.72;24;2;2;1;0;4;;22 minutes;1;0;01:52;00:11;27%;;0;1;
tomidaiki;2827;22;146;327;7;26;100%;;4.08;22.91;44%;128;65;10;7,803;3,182;481;70,385;53;;;3;481;0.08;15%;1.39;40%;39,329;;;39,329;9;5,122;2,202;55%;9;11,417;6,267;22;12;11;02:21;2;82;28;6,267;0.47;6.59;14.43;1.56;01:29;8.31;6,171.57;10.2;20.08;11,045.09;92;2;7;7;3;17;;1 hour;6;2;09:30;04:18;34%;;;4;
towearacrown;0;39;92;184;6;22;64%;6;6.23;26.07;50%;150;81;29;5,674;2,570;332;60,533;49;2;;7;332;0.09;12%;6.52;45%;13,337;2;;13,337;13;7,763;1,604;52%;13;17,094;3,834;45;30;12;01:22;15;117;48;3,834;1.98;3.93;6.51;8.21;01:10;13.88;3,779.78;22.95;42.51;17,155.38;23;3;3;3;2;8;;56 minutes;4;1;04:07;09:38;34%;5;0;2;
TroLeQuiS_kiLLeR;0;14;25;50;3;6;53%;;3.5;14.6;50%;32;15;;1,238;560;66;13,301;7;;;;66;0.08;11%;4.57;45%;1,785;;;1,785;13;4,216;590;39%;13;6,550;1,169;19;11;6;00:43;;41;14;1,169;0.58;2.31;4.08;;00:35;4.08;1,042.78;8.76;18.69;7,770.58;7;;3;2;2;7;;12 minutes;2;2;01:01;00:30;100%;
TROLL_TATOE123;2891;6;8;21;;;50%;;1.75;14.01;38%;9;7;3;364;134;14;3,073;;;;;14;0.04;10%;1.8;36%;971;;;971;5;1,392;522;50%;5;2,316;522;7;5;;00:09;2;10;8;522;;2.92;8.75;5.25;00:16;1.75;1,701.2;12.26;15.76;5,382.86;5;;1;0;;2;;5 minutes;1;;00:09;;;;;1;
Ultimate-X23;0;31;31;61;5;5;50%;;5.67;35.19;50%;22;14;;2,563;951;141;10,215;12;;;;141;0.11;14%;1.22;37%;6,227;;;6,227;5;1,157;985;37%;5;10,215;6,227;22;14;12;02:49;;141;28;6,227;;5.27;20.43;1.13;03:12;13.62;7,069.04;15.89;24.97;11,596.09;18;;;1;;1;;19 minutes;1;;02:49;;;;;1;
Uryu_CsP;4529;20;161;301;9;29;100%;;4.19;23.31;53%;183;117;29;10,665;4,509;799;90,913;53;;;;799;0.13;17%;2.07;42%;31,086;;;31,086;10;5,419;1,786;47%;10;13,640;5,172;29;19;13;01:19;5;112;65;5,172;0.14;5.07;12.74;4.19;00:50;7.67;4,501.77;16.94;26.5;13,165.53;88;3;9;7;8;24;;1 hour;7;5;05:50;10:28;72%;3;0;2;
vansama813;2031;7;19;46;;;55%;;0.81;15.55;41%;17;7;2;1,446;498;74;14,222;6;;;;74;0.08;14%;1.21;34%;6,542;;;6,542;5;3,160;1,240;42%;5;7,854;2,407;9;5;3;01:02;;37;28;2,407;;7.17;11.46;1.63;01:00;4.91;5,355.48;5.73;13.91;11,643.49;14;;2;1;0;3;;15 minutes;1;;01:14;;;;;1;
Vince-F95Gunners;3049;41;4,094;7,474;14;854;100%;;4.22;20.27;54%;5,142;3,038;751;273,082;122,490;17,749;2,556,246;1,967;36;36;;17,749;0.1;14%;2.42;44%;876,845;;31;876,845;20;10,103;2,726;80%;20;23,937;9,492;64;36;41;03:33;13;244;99;9,492;0;5.38;10.5;3.71;01:16;9.73;4,341.56;15.04;25.45;12,656.87;2,121;72;273;260;166;699;63;45 hours;202;94;04:18:04;05:12:19;46%;4;15;94;
VoSnYb;3961;36;56;125;8;10;51%;;4.82;27;44%;68;41;8;3,661;1,549;290;29,094;16;;3;;290;0.15;18%;2.83;42%;10,504;;;10,504;9;3,100;1,500;46%;9;20,502;6,976;45;28;9;00:46;4;201;46;6,976;;5.57;11.57;3.85;00:48;7.71;5,065.02;19.77;32.78;14,028.97;24;2;3;1;2;7;;31 minutes;2;1;01:41;05:10;55%;;;1;
Wan-0-War;4202;8;10;17;3;3;66%;;13.09;43.63;58%;13;6;2;686;204;23;3,011;4;;;;23;0.09;11%;6.5;29%;1,032;;;1,032;9;1,517;563;27%;9;2,328;732;12;6;4;00:08;;22;19;732;4.36;4.33;8.72;8.72;00:45;17.45;4,504.95;26.18;56.72;13,139.26;2;;0;0;1;1;;3 minutes;0;0;00:10;00:18;94%;;;0;
wannchan_1208;3680;22;154;294;9;55;100%;2;5.36;15.01;52%;273;130;18;12,279;4,825;615;131,556;77;4;4;4;615;0.07;12%;2.67;39%;44,028;;;44,028;16;5,703;1,949;49%;16;16,960;10,206;38;23;17;01:14;5;116;54;10,206;0.39;5.1;9.94;1.75;00:47;7.5;4,294.09;12.67;26.62;12,830.74;102;4;16;9;6;31;2;2 hours;10;5;08:05;14:17;50%;4;;5;
WhiteRangerOwnz;1919;10;47;127;3;9;57%;;2.54;13.26;37%;48;20;;2,529;668;78;30,765;14;;;;78;0.03;11%;1.37;26%;13,152;;;13,152;5;3,473;1,151;48%;5;12,028;2,315;16;8;7;00:57;;21;15;2,315;0.28;5.79;9.87;0.28;00:54;3.95;3,712.47;5.64;13.54;8,684.4;35;;3;2;1;5;;37 minutes;4;1;03:12;;20%;;;3;
WhitevisionPS;1785;6;6;15;;;40%;;2.11;12.67;40%;9;6;;1,275;530;34;6,759;5;;;;34;0.12;6%;2.25;41%;810;;;810;6;4,058;338;;6;6,759;810;9;6;5;00:41;;34;25;810;;2.97;8.45;2.11;01:26;10.56;1,712.34;12.67;19.01;14,282.41;4;;;2;;2;;4 minutes;0;;00:41;01:01;;;;0;
WhiteyBulger;2765;29;133;191;8;26;86%;;3.48;17.8;69%;164;110;34;9,537;5,044;625;61,954;65;;;;625;0.13;12%;2.87;52%;27,412;;10;27,412;13;3,418;2,554;65%;13;11,495;5,481;37;28;15;02:06;8;138;68;5,481;0.13;5.86;7.62;4.55;01:04;8.7;3,669.06;14.72;21.95;8,292.42;57;2;6;13;14;34;6;1 hour;7;4;08:01;26:55;48%;;;4;
wiktorjor2001;2881;13;15;37;2;2;56%;;1.28;9.6;40%;15;7;2;1,587;533;161;9,657;6;;;;161;0.22;30%;1.15;33%;6,150;;;6,150;3;1,914;1,209;37%;3;4,900;3,255;12;5;5;00:41;2;138;82;3,255;;8.7;8.32;1.28;00:38;3.84;3,939.69;4.48;9.6;6,186.49;13;;;3;4;7;;11 minutes;2;;01:00;;;;;2;
WolfsRawr;0;23;47;88;4;8;67%;;4.53;26.61;53%;40;25;8;3,474;1,530;178;26,848;21;;;;178;0.12;11%;1.66;44%;8,749;;;8,749;8;5,250;1,124;24%;8;12,215;2,996;19;11;10;01:05;3;90;50;2,996;;6.03;13.59;4.53;01:10;11.89;4,954.35;14.15;22.65;15,202.82;24;;1;3;3;7;;24 minutes;2;1;02:05;05:34;71%;;;0;
Wonga1963;3412;26;183;368;12;50;80%;2;5.02;18.39;49%;255;147;34;10,538;4,649;879;96,046;84;2;2;6;879;0.11;18%;3.1;44%;45,387;;5;45,387;11;5,126;2,715;56%;11;15,623;6,868;39;20;14;01:42;6;126;46;6,868;0.6;5.99;8.24;3.41;01:06;8.44;4,562.35;14.77;25.63;9,654.72;82;6;12;11;10;32;2;2 hours;10;6;11:01;19:05;59%;3;1;3;
xbLeU;0;27;246;450;8;65;100%;;6.73;25.48;54%;341;168;32;18,329;7,369;1,060;156,977;102;3;;;1,060;0.14;14%;4.54;40%;35,550;;;35,550;14;8,142;2,152;57%;14;13,239;3,625;43;23;18;02:04;6;167;57;3,625;;4.76;7.76;3.31;01:11;10.56;3,682.22;17.4;35.32;16,259.64;75;3;14;10;12;36;3;2 hours;10;8;11:34;17:36;84%;3;0;1;
XCloud-4tlasX;2415;6;6;14;;;46%;;2.2;13.23;42%;8;4;;639;338;45;3,269;2;;;;45;0.13;13%;1.14;52%;1,785;;;1,785;4;1,314;582;;4;3,269;1,785;8;4;2;00:16;;45;17;1,785;;5.44;15.43;2.2;00:36;4.41;3,936.93;8.82;17.64;7,207.56;7;;0;0;1;1;;5 minutes;0;;00:16;;;;;0;
XDaRkFlMeMaSteX;3020;31;943;1,902;9;210;100%;3;4.26;19.14;49%;1,239;691;145;75,203;28,627;3,126;537,364;473;10;10;42;3,126;0.08;10%;2.42;38%;217,392;;;217,392;16;9,166;2,683;88%;16;18,400;6,996;40;25;19;02:19;6;121;73;6,996;0.85;5.74;10.37;2.94;01:02;9.6;4,414.53;14.03;25.16;10,912.13;511;10;58;52;19;129;10;10 hours;49;19;51:34;01:02:08;38%;4;2;28;
Xecrets;3947;16;55;111;2;7;80%;;2.59;20.35;49%;56;31;7;3,790;1,617;224;32,554;13;;;;224;0.11;13%;2.15;42%;7,267;;;7,267;10;6,029;1,691;50%;10;7,586;3,021;11;7;5;00:36;3;88;29;3,021;;3.65;9.62;2.59;00:34;4.81;2,689.88;11.47;20.72;12,049.01;26;;3;4;2;9;;33 minutes;3;0;01:33;01:00;16%;;;2;
XenomorphKiller6;0;34;316;635;12;73;66%;;6.63;28.7;49%;338;195;43;18,759;8,139;1,633;143,213;116;4;4;;1,633;0.16;20%;2.62;43%;46,451;;;46,451;15;3,907;1,546;72%;15;14,477;6,009;48;27;27;01:55;7;173;72;6,009;0.09;4.65;11.71;3.9;01:15;10.53;4,220.07;17.71;30.7;13,011;129;3;18;7;16;41;;2 hours;11;5;13:53;21:34;44%;3;0;6;
xEvery_;0;17;125;265;4;20;70%;2;2.83;17.73;47%;198;118;32;8,198;3,227;582;72,241;52;;;6;582;0.13;18%;5.35;39%;16,070;;;16,070;16;7,005;1,577;51%;16;11,438;2,477;30;20;11;01:08;7;101;72;2,477;0.85;3.69;5.24;4.54;00:42;7.37;2,280.1;16.74;28.09;10,250.15;37;5;10;8;12;31;6;1 hour;7;7;04:57;12:23;96%;;;0;
xGrommash;2965;22;57;119;4;9;62%;;3.19;20.2;47%;71;38;8;4,196;1,929;220;37,555;37;;;2;220;0.1;11%;3.73;45%;13,824;;;13,824;27;7,733;1,662;61%;27;14,729;3,758;38;24;20;02:26;3;53;39;3,758;0.7;6.52;6.73;2.83;01:37;13.11;4,900.23;13.47;25.16;13,312.66;19;;3;2;4;9;;35 minutes;3;1;04:34;04:02;51%;;0;1;
xI_Ace_Ix;4158;31;226;427;10;67;68%;2;5.66;19.12;52%;326;166;22;13,974;6,530;908;144,539;133;2;4;7;908;0.1;13%;4.28;46%;49,427;;;49,427;19;6,878;1,921;57%;19;20,966;6,036;46;25;20;03:07;5;140;43;6,036;0.59;5.74;6.43;1.86;01:35;11.25;4,182.01;14.04;27.58;12,229.36;76;5;16;11;11;37;;2 hours;12;9;18:53;08:06;75%;4;;3;
XTheFunPolice;3517;5;6;9;;;71%;;;13.1;66%;3;;;293;122;5;2,703;;;;;5;0.02;4%;;41%;741;;;741;;1,002;300;;1;1,718;495;3;;;00:15;;3;3;495;;3.82;6.55;;00:33;2.18;1,617.55;;6.55;5,904.45;3;;0;1;0;1;;3 minutes;0;;00:15;;;;0;0;
xtrickharder_esp;3952;32;842;1,615;9;174;100%;2;5.04;24.41;52%;1,122;632;119;54,248;22,832;3,485;449,079;449;8;3;10;3,485;0.12;15%;3.06;42%;120,342;;5;120,342;18;7,621;1,800;81%;18;18,064;5,858;46;29;23;02:29;7;158;67;5,858;0.28;4.31;10.61;3.45;01:38;13.02;3,489.8;18.32;32.53;13,022.83;366;9;43;37;42;123;13;7 hours;34;21;56:26;01:16:37;61%;4;0;13;
XxDPROxSKILLZxX;0;27;740;1,422;14;138;100%;3;4.33;23.25;52%;952;561;127;54,758;21,646;2,847;404,629;245;11;;32;2,847;0.11;13%;2.8;39%;143,129;;;143,129;22;6,350;2,497;62%;22;15,981;6,085;36;20;15;01:46;11;130;57;6,085;1;5.7;10.68;3.99;01:01;7.7;4,498.47;17.63;29.92;12,717.3;340;7;37;33;36;105;8;6 hours;32;15;32:50;01:08:12;48%;3;3;13;
YoungShimada;3380;13;30;58;6;10;62%;;9.8;29.41;51%;34;20;4;2,029;757;133;17,185;16;;;2;133;0.12;17%;2.61;37%;5,193;;;5,193;6;3,130;1,157;46%;6;10,098;2,054;14;8;7;00:38;2;54;36;2,054;1.96;4.7;12.74;3.92;01:15;15.68;5,091.62;19.61;33.33;16,849.79;13;2;1;1;1;3;;18 minutes;1;1;01:17;01:16;70%;;;0;
Zcity9;3073;15;83;170;4;13;100%;;3.64;23.3;48%;83;36;8;11,213;4,069;231;47,881;38;;;;231;0.07;5%;1.38;36%;15,943;;;15,943;7;3,610;1,436;46%;7;10,464;3,020;17;10;12;01:29;3;57;20;3,020;0.28;4.98;16.84;2.24;01:26;10.66;4,476.17;10.1;23.3;13,442.81;60;;3;3;2;9;;53 minutes;4;1;05:06;04:18;33%;3;;2;
Zealousx;3334;15;22;63;5;5;46%;;2.51;11.07;34%;25;18;6;2,973;1,111;66;19,761;7;;;;66;0.04;5%;1.19;37%;3,655;;;3,655;6;2,617;600;;6;11,967;2,154;21;14;7;01:05;4;43;14;2,154;0.5;2.58;10.57;3.02;00:43;3.52;1,840.35;9.06;12.58;9,951.51;21;;5;1;1;6;;23 minutes;2;1;01:26;01:18;49%;;;1;
ZeeTee_;4127;23;255;535;4;38;100%;3;3.65;24.51;47%;272;161;39;17,216;7,622;999;148,571;76;;;13;999;0.11;13%;2.14;44%;39,348;;5;39,348;12;6,835;1,934;72%;12;16,489;4,363;31;21;12;01:52;4;123;46;4,363;1.24;4.49;12.21;3.74;00:53;7.3;3,783.4;15.48;26.15;14,285.58;127;8;11;8;12;31;2;2 hours;10;4;09:15;12:35;36%;4;0;6;
zelda3232001;3446;8;31;67;2;8;61%;3;2.61;10.14;46%;54;23;4;3,214;1,090;112;26,461;21;;;3;112;0.06;10%;3.85;33%;8,684;;;8,684;12;4,174;1,808;41%;12;8,451;3,752;13;7;7;01:28;2;32;20;3,752;0.98;4.9;4.57;1.3;01:10;6.86;2,840.82;7.52;17.66;8,656.26;14;;3;4;2;9;;29 minutes;3;2;03:34;01:12;77%;;;1;
zousan-_-;2335;7;13;30;2;2;50%;;1.18;7.67;43%;15;10;;1,363;395;66;8,434;7;;;;66;0.07;16%;1.15;28%;5,102;;;5,102;5;1,756;1,500;;5;3,864;2,670;7;4;3;01:05;;50;41;2,670;;5.93;7.67;0.59;00:55;4.13;3,013.27;5.9;8.85;4,981.31;13;;2;3;2;7;;14 minutes;2;0;01:33;;20%;;;1;
zwordz;4074;11;29;63;;;57%;;0.74;21.55;46%;38;18;2;1,596;678;132;13,969;22;;;;132;0.09;19%;1.52;42%;3,992;;;3,992;7;1,752;657;53%;7;4,076;1,532;17;6;13;00:51;;40;25;1,532;0.74;2.89;18.57;1.48;01:48;16.34;2,966.62;13.37;28.23;10,381.47;25;2;2;2;1;5;;22 minutes;1;1;02:26;;73%;;;0;
