Username;SR;Helix Rockets Kills - Most in Game;Helix Rockets Kills;Tactical Visor Kills;Tactical Visor Kills - Most in Game;Biotic Fields Deployed;Biotic Field Healing Done;Melee Final Blows - Most in Game;Tactical Visor Kills - Average;Helix Rockets Kills - Average;Eliminations;Final Blows;Solo Kills;Shots Fired;Shots Hit;Critical Hits;Damage Done;Objective Kills;Multikills;Environmental Kills;Melee Final Blows;Critical Hits;Critical Hits per Minute;Critical Hit Accuracy;Eliminations per Life;Weapon Accuracy;Healing Done;Teleporter Pads Destroyed;Turrets Destroyed;Self Healing;Eliminations - Most in Life;Damage Done - Most in Life;Healing Done - Most in Life;Weapon Accuracy - Best in Game;Kill Streak - Best;Damage Done - Most in Game;Healing Done - Most in Game;Eliminations - Most in Game;Final Blows - Most in Game;Objective Kills - Most in Game;Objective Time - Most in Game;Solo Kills - Most in Game;Critical Hits - Most in Game;Critical Hits - Most in Life;Self Healing - Most in Game;Melee Final Blows - Average;Self Healing - Average;Deaths - Average;Solo Kills - Average;Objective Time - Average;Objective Kills - Average;Healing Done - Average;Final Blows - Average;Eliminations - Average;Damage Done - Average;Deaths;Environmental Deaths;Medals - Bronze;Medals - Silver;Medals - Gold;Medals;Cards;Time Played;Games Played;Games Won;Objective Time;Time Spent on Fire;Win Percentage;Multikill - Best;Healing Done;Healing Done - Most in Game;Games Tied;Games Lost;Healing Done - Average;
aaaangus;0;16;107;59;12;193;20,145;2;5.69;10.33;276;170;43;16,325;6,885;259;148,632;108;3;;6;259;0.03;3%;2.84;42%;20,145;;3;12,886;17;6,636;969;46%;17;19,336;3,152;39;24;18;01:25;9;41;12;1,852;0.57;1.71;9.36;4.15;00:49;10.43;1,945.59;16.41;26.65;14,354.71;97;;12;11;20;42;6;2 hours;10;4;08:33;23:30;42%;3;20,145;3,152;;6;1,946;
aahmad3_3;2887;5;42;32;7;161;16,167;;4.09;5.37;198;107;27;14,534;5,384;370;120,894;81;;;;370;0.05;6%;1.88;37%;16,167;;6;10,898;14;5,085;824;44%;14;15,246;2,185;31;14;12;01:52;4;64;22;1,439;;1.66;13.44;3.45;00:56;10.36;2,069.53;13.69;25.34;15,476.12;105;2;6;5;7;18;2;1 hour;8;5;07:19;10:33;58%;;16,167;2,185;;3;2,070;
abra84kadabra;2388;4;7;9;4;85;6,806;;2.92;2.27;49;16;6;4,799;1,792;71;35,829;23;;;;71;0.03;3%;1.36;37%;6,806;;3;3,845;16;7,110;1,243;37%;16;7,485;1,589;22;8;11;01:31;2;13;13;690;;1.75;11.69;1.94;01:11;7.47;2,211.38;5.19;15.92;11,641.91;36;;1;2;3;5;;36 minutes;3;1;03:40;02:41;43%;;6,806;;;2;2,211;
Akatuski_Neko;3000;8;20;12;5;45;5,197;;8.14;13.57;50;17;2;2,981;1,058;46;21,857;24;;;;46;0.03;4%;2.38;35%;5,197;;3;2,813;21;5,079;989;35%;21;8,649;1,875;22;9;16;02:00;2;18;14;1,161;0.67;2.09;14.25;1.35;01:46;16.29;3,528.36;11.54;33.94;14,840.28;21;;1;2;1;4;;22 minutes;1;1;02:36;03:34;57%;;5,197;;;1;3,528;
akira082219;0;12;129;100;9;377;40,293;;4.58;5.92;545;261;55;42,966;16,477;556;329,277;275;4;;;556;0.03;3%;2.5;38%;40,293;;;22,239;22;9,788;905;51%;22;26,971;3,065;36;16;20;01:38;4;39;15;1,507;;1.3;10;2.52;01:00;12.62;1,849.41;11.97;25.01;15,113.51;218;2;21;32;24;78;4;4 hours;22;8;22:04;15:03;36%;3;40,293;867;2;11;1,849;
Akodak;3000;2;2;;;6;442;;2.75;5.51;3;2;;292;137;;2,588;2;;;;;0;0%;;46%;442;;;373;2;1,587;354;;2;2,588;442;3;2;2;00:17;;;;373;;2.54;8.27;;00:48;5.51;1,219.52;5.51;8.27;7,134.39;3;;1;;0;1;;2 minutes;0;0;00:17;00:20;98%;;442;;;0;1,220;
AllStatsDown;0;14;90;71;13;195;15,346;;6.6;8.36;328;178;58;17,078;7,236;332;141,538;128;2;;4;332;0.04;4%;3.6;42%;15,346;;7;8,730;19;8,121;730;45%;19;16,319;1,733;47;27;20;01:44;7;54;18;992;0.37;1.1;8.46;5.39;00:46;11.9;1,426.93;16.55;30.49;13,161.04;91;4;7;11;12;30;;2 hours;11;7;08:18;18:09;63%;3;15,346;;1;3;1,427;
Angel_L_AssAssin;3749;7;31;23;9;81;8,341;;4.94;6.66;148;67;4;8,713;2,542;132;54,237;67;;;;132;0.04;5%;6.16;29%;8,341;;;5,003;19;6,061;914;32%;19;15,723;2,356;50;22;22;01:59;2;39;15;1,507;;1.64;5.15;0.85;01:27;14.39;1,792.16;14.39;31.8;11,654.1;24;;5;7;6;18;;50 minutes;5;4;06:47;06:00;75%;3;8,341;;;1;1,792;
angels_fan_44;2127;21;115;67;17;161;20,551;;6.68;11.47;375;231;73;16,289;6,817;326;143,185;184;2;;2;326;0.03;4%;3.57;41%;20,551;;3;13,885;15;4,612;1,246;53%;15;25,246;3,471;58;42;37;02:30;18;49;18;2,878;0.19;1.69;10.47;7.28;01:26;18.36;2,050.9;23.05;37.42;14,288.97;105;2;9;12;23;44;6;2 hours;10;6;14:26;34:25;59%;4;20,551;3,471;1;3;2,051;
anti-hero576;2121;13;34;24;7;101;8,933;;4.05;5.74;126;69;20;8,014;3,526;147;67,083;40;;;;147;0.03;4%;1.96;43%;8,933;;6;6,482;14;3,880;687;47%;14;16,382;2,755;41;22;12;01:14;7;43;10;1,640;0.16;1.57;10.81;3.38;00:34;6.76;1,509.73;11.66;21.29;11,337.25;64;;3;6;5;14;;1 hour;6;2;03:25;03:33;33%;;8,933;;;4;1,510;
APurplePanduh;4021;7;23;16;9;34;2,834;;5.6;8.06;82;36;9;3,579;1,438;100;29,608;20;2;;;100;0.05;6%;2.82;40%;2,834;;;1,672;17;4,926;632;42%;17;8,121;804;28;14;9;00:16;4;33;15;377;0.35;0.95;10.16;3.15;00:11;7.01;993.58;12.61;28.74;10,379.03;29;;2;2;5;9;;29 minutes;3;2;00:32;06:15;63%;3;2,834;;;1;994;
Arash1994;0;12;86;58;9;158;17,856;;5.62;8.34;357;178;40;18,201;7,799;332;159,591;114;3;;2;332;0.04;4%;6.15;42%;17,856;;3;11,136;21;9,633;953;49%;21;33,299;2,713;47;30;20;01:35;7;74;17;1,907;0.19;1.53;5.62;3.87;00:44;11.05;1,731.89;17.26;34.62;15,478.91;58;3;10;10;16;35;6;2 hours;10;9;07:40;20:24;83%;4;17,856;2,713;0;2;1,732;
ATLXyphes;3256;3;5;;;14;1,265;;1.37;6.89;18;7;4;1,118;552;27;10,833;8;;;;27;0.06;4%;9;49%;1,265;;;761;12;4,119;760;64%;12;5,126;760;12;4;4;00:17;3;17;14;474;1.37;1.69;2.75;5.51;00:47;11.03;1,744.53;9.65;24.82;14,940.47;2;;1;0;1;2;;7 minutes;1;1;00:34;01:37;75%;;1,265;;;0;1,745;
AustinC209x;3000;14;38;23;9;64;5,878;;6.24;10.31;121;63;15;6,136;2,653;117;51,233;34;;;;117;0.04;4%;4.17;43%;5,878;;;4,287;14;5,344;699;45%;14;19,752;2,277;49;27;11;00:34;6;52;20;1,796;;1.7;7.87;4.07;00:34;9.22;1,595.78;17.1;32.84;13,908.2;29;;3;3;7;13;3;42 minutes;4;3;02:06;09:34;81%;3;5,878;;;1;1,596;
AutoBots_Kick_A;2901;12;111;93;11;304;32,756;;4.89;5.83;462;248;69;27,759;11,332;662;250,641;175;4;;;662;0.05;5%;4.08;40%;32,756;;9;22,350;20;10,130;2,097;53%;20;18,954;2,745;50;30;16;01:31;13;73;49;1,938;;1.72;5.94;3.62;00:36;9.2;1,723.03;13.04;24.3;13,184.19;113;6;21;14;26;61;10;3 hours;19;9;11:34;24:37;45%;4;32,756;2,745;;10;1,723;
AutumnLovely6;2983;5;5;;;7;316;;;13.63;7;;;692;311;19;6,432;6;;;;19;0.07;6%;1.4;44%;316;;3;247;4;2,697;244;;4;6,432;316;7;;6;00:34;;19;12;247;;0.94;13.63;;01:34;16.36;861.34;2.72;19.09;17,541.5;5;;0;0;0;1;;4 minutes;0;0;00:34;00:20;100%;;316;;;;861;
Awakenxx;2451;;;;;4;324;;;13.78;4;;;247;43;3;711;4;;;;3;0.03;6%;4;17%;324;;;115;4;711;324;;4;711;324;4;;4;00:25;;3;3;115;;1.21;13.78;;05:52;55.14;4,469.35;;55.14;9,797.62;;;0;;;0;;1 minute;0;;00:25;;;;324;;;0;4,469;
bboyer123;2774;20;144;90;11;142;14,540;;5.07;8.12;527;284;51;26,329;10,274;605;206,387;257;4;3;;605;0.04;5%;2.74;39%;14,540;;6;10,505;17;4,747;655;48%;17;19,462;1,137;56;34;29;02:07;10;82;21;910;;0.81;10.83;2.87;01:12;14.5;820.66;16.02;29.74;11,648.81;192;4;20;21;21;62;6;3 hours;18;10;21:21;33:44;59%;3;14,540;;2;6;821;
BEBOFLOW-PR;0;10;167;118;12;532;44,323;2;5.71;8.09;548;258;47;43,792;15,243;679;318,745;195;7;;4;679;0.03;4%;2.22;34%;44,323;;10;24,287;26;13,328;1,341;49%;26;19,545;2,263;32;17;20;01:04;4;32;23;1,170;0.19;1.41;11.91;2.27;00:44;9.44;2,147.61;12.5;26.55;15,444.36;246;6;20;16;9;45;4;4 hours;21;7;15:12;14:48;35%;4;44,323;2,263;1;13;2,148;
beckkyyy-;2702;4;12;3;2;57;4,636;;1.5;6;29;16;3;2,672;639;32;15,202;12;;;;32;0.02;5%;1.31;23%;4,636;;;2,612;6;2,206;641;32%;6;7,921;2,765;14;5;7;00:28;;18;7;1,187;;1.7;11;1.5;00:27;6;2,318.7;8;14.5;7,602.99;22;2;1;2;1;3;;25 minutes;2;1;00:55;;37%;;4,636;;;1;2,319;
BEN-B-en;0;12;208;145;6;657;74,702;;4.78;6.85;817;407;72;54,202;21,800;604;438,424;296;9;;4;604;0.02;2%;2.45;40%;74,702;;6;36,417;13;6,954;977;51%;13;14,923;2,571;30;15;16;01:38;3;29;10;1,330;0.13;1.5;10.97;2.37;00:51;9.75;2,463.02;13.41;26.93;14,455.44;333;6;35;30;24;89;4;6 hours;30;13;25:52;23:35;41%;4;74,702;2,290;2;16;2,463;
benjacore;3377;3;7;6;3;47;4,744;;2.55;2.98;40;15;;3,643;1,415;54;31,511;17;;;;54;0.03;3%;1.37;38%;4,744;;;2,443;9;3,061;790;41%;9;11,550;2,143;17;8;12;00:54;;18;10;1,013;;1.57;12.36;;00:49;7.24;2,022.79;6.39;17.05;13,436.23;29;;4;2;2;7;;25 minutes;2;;01:56;01:04;;;4,744;;;2;2,023;
Benjini14;2226;4;4;3;2;6;395;;5.61;7.48;10;4;;478;236;7;5,680;3;;;;7;0.02;2%;2;49%;395;;;306;4;2,262;205;53%;4;3,518;205;6;2;2;00:14;;7;6;162;;0.98;9.35;;00:37;5.61;739.56;7.48;18.71;10,627.8;5;;1;1;0;1;;5 minutes;1;0;00:19;;78%;;395;;;0;740;
BhaagMilkhaBhaag;3000;4;6;2;;14;1,193;;2.12;6.38;15;9;2;1,092;417;8;8,887;5;;;;8;0.01;1%;1.36;38%;1,193;;;1,078;6;2,553;535;;6;5,386;535;7;6;3;00:44;;6;3;472;;1.4;11.7;2.12;00:54;5.32;1,269.66;9.57;15.96;9,457.41;11;;1;2;0;3;;12 minutes;1;1;00:51;;53%;;1,193;;;0;1,270;
bhmazz;0;10;32;28;12;149;14,259;;4.84;5.53;115;54;13;9,488;2,687;119;58,404;64;2;;;119;0.02;4%;1.47;28%;14,259;;;9,133;15;3,548;929;33%;15;12,426;3,722;46;16;42;03:09;2;24;9;1,716;;1.79;13.5;2.25;01:07;11.07;2,468.05;9.34;19.9;10,109;78;2;4;6;1;12;;1 hour;6;3;06:27;03:27;44%;4;14,259;909;0;3;2,468;
Black_Gast;3000;2;2;;;;36;;;20.26;2;;;116;33;6;1,346;2;;;;6;0.05;18%;;28%;36;;;36;;543;36;;1;1,346;36;2;;2;00:01;;6;5;36;;0.36;20.26;;00:20;20.26;366.86;10.13;20.26;13,636.66;2;;0;0;;0;;1 minute;0;0;00:01;;100%;;36;;;;367;
BlackNight1972;3000;;;;;7;357;;;;;;;470;310;5;6,349;;;;;5;0.02;1%;;65%;357;;;357;;6,349;357;;;6,349;357;;;;00:01;;5;5;357;;1.7;4.73;;00:05;;1,688.18;;;30,035.27;;;0;0;;1;;3 minutes;0;;00:01;;;;357;;0;0;1,688;
BlaZe-ZinG;0;5;5;6;6;13;1,300;;5.99;4.99;26;9;;1,441;418;20;8,367;8;;;;20;0.03;4%;5.2;29%;1,300;;;880;10;2,753;385;29%;10;8,367;1,300;26;9;8;00:51;;20;7;880;;1.42;4.99;0.99;00:51;7.99;1,300.01;8.99;25.99;8,367.4;5;;3;1;;4;;10 minutes;1;1;00:51;00:40;100%;;1,300;;;;1,300;
BloodHoundHD;4028;29;7,319;4,705;17;14,486;1,362,042;3;6.12;9.52;22,825;11,829;2,772;1,480,455;578,706;25,002;11,559,994;8,186;259;8;136;25,002;0.04;4%;3.17;39%;1,362,042;8;243;925,326;24;12,552;1,417;63%;24;33,304;5,037;66;39;41;03:30;13;113;34;3,055;0.17;1.57;9.36;3.6;00:41;10.65;1,773.17;15.39;29.71;15,049.39;7,195;73;708;651;1,076;2,436;322;163 hours;768;370;08:52:42;19:09:36;48%;5;1,362,042;4,251;51;347;1,773;
Blota_Skoles;3358;21;488;318;14;666;69,856;2;7.53;11.55;1,419;684;111;78,519;34,156;1,511;750,982;639;28;;25;1,511;0.04;4%;2.61;43%;69,856;;6;38,768;19;7,709;1,117;76%;19;30,773;3,512;62;36;30;02:23;6;81;27;1,945;0.59;1.08;12.85;2.62;01:11;15.13;1,654.14;16.19;33.6;17,782.74;543;10;47;46;46;139;15;9 hours;42;19;50:32;01:18:11;45%;5;69,856;3,512;5;18;1,654;
blueschopper0628;1959;7;22;18;6;108;10,110;;4.32;5.29;65;26;8;6,391;1,878;112;38,764;26;;;;112;0.03;5%;1.04;29%;10,110;;2;6,626;8;2,460;1,013;32%;8;10,838;2,811;19;7;7;01:11;2;48;10;1,690;;2.31;14.9;1.92;00:48;6.25;2,431.18;6.25;15.63;9,321.3;62;;6;5;2;13;;47 minutes;4;2;03:20;03:09;49%;;10,110;;;2;2,431;
BobbysWorldGamer;2493;10;75;51;6;145;17,478;;3.54;5.21;258;120;22;20,504;6,579;280;132,726;142;3;;;280;0.02;4%;1.38;32%;17,478;;7;8,744;13;3,641;668;60%;13;11,610;1,428;28;17;14;01:56;4;33;12;872;0.06;0.9;12.93;1.53;01:01;9.87;1,215.72;8.34;17.94;9,232.11;186;;11;12;6;29;;2 hours;14;3;14:51;10:58;22%;5;17,478;;0;11;1,216;
boJangles408;2209;11;25;13;8;40;4,355;;4.66;8.97;82;47;9;5,614;2,108;80;39,733;41;2;;;80;0.03;3%;1.9;37%;4,355;;8;2,808;10;3,149;615;46%;10;13,721;1,541;32;19;19;01:13;5;34;17;1,124;;1.17;15.43;3.23;00:56;14.71;1,563.06;16.86;29.42;14,260.04;43;2;2;3;6;11;;39 minutes;3;0;02:37;06:40;16%;3;4,355;;;2;1,563;
BONBISH;3415;16;309;246;13;512;56,551;;6.62;8.31;1,281;680;128;76,917;30,868;1,407;600,295;567;12;;7;1,407;0.04;4%;2.47;40%;56,551;2;17;36,971;21;10,286;1,379;81%;21;23,304;3,281;59;35;36;02:32;8;80;38;1,657;0.18;1.16;13.91;3.44;01:16;15.26;1,522.16;18.3;34.47;16,157.78;517;7;31;40;47;119;20;8 hours;37;18;47:38;01:25:51;47%;4;56,551;1,078;2;17;1,522;
boneh;4051;8;24;16;6;58;3,954;;4.42;6.63;78;41;6;3,793;1,297;53;29,333;25;2;;;53;0.03;4%;3.54;34%;3,954;;3;2,801;12;4,282;464;33%;12;7,929;790;24;10;9;00:39;3;22;17;587;0.27;1.78;6.08;1.65;00:33;6.91;1,093.48;11.33;21.57;8,112.38;22;;5;4;5;13;3;26 minutes;4;3;02:01;04:05;96%;3;3,954;790;;0;1,093;
Buahahahaha;2770;;;;;8;939;;;2.36;;;;370;152;;3,619;;;;;;0;0%;0.12;41%;939;;;670;;811;275;;1;1,901;526;;;;00:05;;;;369;;2.49;18.89;;00:13;;2,218.46;2.36;2.36;8,547.23;8;;0;0;1;1;;4 minutes;0;0;00:05;;2%;;939;;;0;2,218;
bub_THe-_-Gr8;2994;6;6;;;4;495;;2.84;17.08;8;6;4;583;219;16;4,528;;;;;16;0.05;7%;2.66;37%;495;;;423;5;1,899;283;;5;4,528;495;8;6;;00:07;4;16;10;423;;1.46;8.54;11.38;00:20;2.84;1,407.87;17.08;22.77;12,889.4;3;;;;1;1;;4 minutes;0;;00:07;;;;495;;;0;1,408;
BubbbleBasss;3060;;;;;2;111;;;6.69;4;;;263;110;3;2,009;4;;;;3;0.01;2%;;41%;111;;;96;4;714;111;;4;1,295;111;4;;4;00:14;;2;2;96;;0.55;26.78;;01:38;26.78;744.02;6.69;26.78;13,453.02;4;;0;0;0;0;;2 minutes;0;0;00:14;;100%;;111;;;;744;
BunnyFuufu;3926;17;209;115;12;347;33,537;;7.01;12.75;583;304;91;29,333;13,634;713;282,849;206;;;;713;0.05;5%;4.1;46%;33,537;;3;22,781;19;7,967;1,152;53%;19;17,368;2,381;44;26;21;01:43;12;62;21;2,041;;1.69;8.66;5.55;00:39;12.57;2,047;18.55;35.58;17,264.4;142;;15;17;26;58;10;3 hours;16;13;10:51;30:57;77%;3;33,537;1,340;0;3;2,047;
buraki35;4286;10;18;5;3;27;2,536;;3.3;11.9;46;18;;2,438;1,188;36;24,028;20;;;;36;0.04;3%;5.11;48%;2,536;;3;1,467;13;4,193;397;42%;13;16,099;1,599;29;12;16;01:47;;20;16;803;;1.71;5.95;;01:20;13.22;1,677.12;11.9;30.42;15,891.8;9;;3;2;2;7;;14 minutes;2;1;02:01;03:50;93%;;2,536;;;0;1,677;
Calliade22;2555;18;58;34;13;111;8,946;2;7.35;12.54;178;105;33;8,470;3,056;165;62,387;74;;;5;165;0.04;5%;4.23;36%;8,946;;;6,205;19;7,531;987;40%;19;22,087;3,013;49;37;22;01:41;14;60;23;2,085;1.08;1.63;9.08;7.13;01:09;16;1,935.37;22.71;38.5;13,496.42;42;2;6;6;8;20;3;1 hour;5;3;05:21;13:25;56%;3;8,946;;;2;1,935;
CapuSound99;2434;;;;;2;167;;;;;;;263;125;4;2,749;;;;;4;0.02;3%;;47%;167;;;167;;2,278;125;47%;;2,749;167;;;;00:09;;4;3;167;;1.24;12.15;;00:38;;678.69;;;11,139.67;3;;;;1;1;;2 minutes;0;;00:09;;;;167;167;;0;679;
Cassia7;3556;21;637;407;13;2,101;191,089;;5.85;9.17;2,256;1,229;242;131,068;62,283;2,053;1,451,071;827;27;2;;2,053;0.03;3%;3.5;47%;191,089;;;77,229;27;12,679;1,900;60%;27;37,155;5,493;58;35;26;02:32;9;71;28;2,040;;1.33;9.25;3.48;00:52;11.9;2,750.95;17.69;32.47;20,889.93;643;14;76;54;117;247;34;16 hours;69;30;01:00:30;02:29:30;43%;5;191,089;5,493;0;40;2,751;
ChaLiWang;3191;;;;;2;84;;;;2;;;242;103;;1,901;;;;;;0.01;0%;2;42%;84;;;84;2;1,901;84;42%;2;1,901;84;2;;;;;;;84;;1.23;4.51;;;;379.36;;9.03;8,583.78;;;0;;0;1;;1 minute;0;;;;;;84;;;0;379;
Chewdle;3693;7;29;24;6;55;5,388;;6.67;8.06;115;53;12;6,104;2,522;112;51,852;39;2;;;112;0.04;4%;5;41%;5,388;;;4,011;10;6,077;842;52%;10;17,331;1,915;30;15;10;01:48;2;35;18;1,448;;1.61;6.39;3.33;01:13;10.84;1,497.72;14.73;31.96;14,413.31;23;;3;4;4;11;;41 minutes;4;3;04:23;01:58;83%;3;5,388;68;;1;1,498;
Chimichanga49er;3611;8;48;34;7;82;8,689;;5.74;8.1;172;81;24;10,086;4,495;237;88,532;90;2;;2;237;0.05;5%;3.18;44%;8,689;;5;5,420;19;5,920;609;41%;19;12,879;1,161;24;13;16;01:24;6;30;22;884;0.33;1.18;9.11;4.05;01:20;15.19;1,467.08;13.67;29.04;14,948.79;54;;6;6;8;21;;1 hour;6;3;07:57;13:43;45%;3;8,689;1,006;0;3;1,467;
Chuni-Byo;0;16;359;224;13;973;95,721;;6.04;9.69;1,065;484;69;73,974;26,907;936;586,141;424;16;;3;936;0.03;3%;3.05;36%;95,721;;;38,081;15;8,461;1,115;58%;15;22,923;4,647;43;19;19;01:48;4;49;18;1,879;0.08;1.26;9.42;1.86;01:01;11.45;2,585.04;13.07;28.76;15,829.27;349;6;50;35;28;113;9;8 hours;37;19;37:54;30:34;50%;4;95,721;4,647;2;16;2,585;
CODE-FRAGILE;2616;8;8;5;5;19;1,909;;8.18;13.1;21;12;3;1,450;460;11;9,103;9;;;;11;0.02;2%;4.2;31%;1,909;;;1,209;9;3,841;699;33%;9;8,495;1,654;19;11;9;01:50;3;10;5;1,053;;2.25;8.18;4.91;03:11;14.73;3,126.87;19.65;34.39;14,908.49;5;;1;1;2;3;;8 minutes;1;;01:56;;;;1,909;;;1;3,127;
Colonel00627;2489;6;22;15;5;34;3,143;;6.11;8.97;71;26;3;4,209;1,742;42;34,871;23;;;;42;0.02;2%;5.07;41%;3,143;;;2,285;11;3,976;385;49%;11;10,171;781;21;10;8;01:00;2;11;6;619;;1.21;5.7;1.22;00:58;9.37;1,281.45;10.6;28.94;14,218.07;14;;2;4;2;8;;31 minutes;2;2;02:22;00:02;77%;;3,143;;;1;1,281;
crazy_dolls;2777;;;2;2;6;983;;5.15;2.57;12;8;;766;313;10;5,856;3;;;;10;0.03;3%;2.4;40%;983;;;605;8;2,677;348;40%;8;5,856;983;12;8;3;00:46;;10;4;605;2.57;2.1;12.89;;01:59;7.73;2,535.4;20.63;30.95;15,105.03;5;;;0;1;1;;4 minutes;0;;00:46;00:20;;;983;;;0;2,535;
CrispeChris;3343;12;36;23;10;73;8,467;;6.38;9.99;125;58;12;6,287;2,851;133;56,713;33;;;;133;0.04;4%;2.97;45%;8,467;;;3,887;12;6,852;616;58%;12;13,848;3,340;34;17;7;00:16;3;47;17;1,655;0.27;1.3;11.66;3.33;00:18;9.16;2,351.07;16.1;34.7;15,747.05;42;;4;4;1;9;2;49 minutes;4;3;01:08;05:23;71%;;8,467;;0;1;2,351;
cyber_animaI;4399;12;176;119;11;466;34,443;;5.78;8.55;630;264;52;34,163;13,998;568;270,299;168;15;;9;568;0.04;4%;6.7;40%;34,443;;;18,932;25;8,109;1,617;52%;25;15,739;2,365;36;17;14;01:01;4;31;22;1,251;0.43;1.51;4.57;2.52;00:12;8.16;1,674.75;12.83;30.63;13,142.97;94;;30;26;15;71;7;3 hours;21;20;04:22;22:59;99%;4;34,443;;;0;1,675;
CyberBuIIying;4034;4;11;8;3;35;2,530;;3.21;4.42;49;19;4;2,652;1,000;50;20,346;10;;;;50;0.03;5%;2.72;37%;2,530;;;1,549;11;3,001;276;48%;11;5,799;758;14;7;3;00:32;3;26;16;575;;1.22;7.23;1.6;00:25;4.02;1,017.36;7.63;19.7;8,180.42;18;;3;2;2;6;;21 minutes;2;2;01:02;00:27;99%;;2,530;;0;0;1,017;
da-rhinoboy;2798;6;6;3;2;11;1,312;;5.24;10.48;21;8;2;1,149;436;14;9,234;12;;;;14;0.02;3%;2.1;37%;1,312;;;710;8;2,448;788;38%;8;6,127;878;12;5;7;01:03;2;8;6;436;;1.16;17.47;3.49;02:05;20.96;2,291.85;13.97;36.68;16,131.76;10;;0;0;0;1;;10 minutes;1;0;01:11;00:20;30%;;1,312;;;0;2,292;
Defyz---;0;22;657;323;12;1,437;117,597;2;5.09;10.36;2,113;1,128;242;99,208;49,212;1,990;1,082,259;617;22;2;20;1,990;0.04;4%;4.01;49%;117,597;;19;75,234;20;9,819;1,310;60%;20;30,128;3,445;58;33;20;01:00;12;62;27;2,481;0.31;1.62;8.29;3.81;00:30;9.73;1,855.02;17.79;33.33;17,072;526;7;64;50;97;212;42;12 hours;63;47;31:57;02:16:33;74%;5;117,597;3,445;;16;1,855;
Demented_Hiei;0;2;4;3;3;19;1,913;;3.92;5.23;16;8;;1,863;647;6;11,280;10;;;;6;0;0%;1.45;34%;1,913;;;651;6;3,050;456;38%;6;8,405;1,233;11;4;8;01:59;;4;2;288;;0.88;14.4;;02:47;13.09;2,505.79;10.47;20.95;14,773.09;11;;2;0;1;3;;12 minutes;1;0;02:07;;26%;;1,913;;;1;2,506;
Desterix_452;0;;;;;8;996;;;1.07;3;;;783;304;19;6,545;2;;;;19;0.04;6%;0.33;38%;996;;;825;;1,624;464;50%;1;4,758;914;2;;2;00:03;;14;6;744;;1.86;9.67;;00:04;2.14;1,069.85;1.07;3.22;7,032.66;9;;1;1;2;4;;7 minutes;1;;00:03;;;;996;914;;1;1,070;
DEVIL_SHADOW_KSA;0;10;118;65;7;314;32,684;;4.75;8.63;317;161;30;20,660;7,052;312;150,918;140;7;;4;312;0.02;4%;1.71;34%;32,684;2;5;20,148;20;5,992;1,322;55%;20;12,811;2,986;26;13;15;02:18;4;34;29;1,503;0.29;1.91;13.54;2.19;01:04;10.24;2,392.28;11.78;23.2;11,046.19;185;3;17;14;13;44;;2 hours;14;4;14:35;10:45;28%;4;32,684;1,296;1;9;2,392;
diegoperu2021;2593;4;4;;;7;213;;6;24.01;8;3;;329;126;12;3,576;;;;;12;0.05;9%;2.66;38%;213;;;137;6;2,184;108;;6;3,576;213;8;3;;00:07;;12;8;137;;0.68;18.01;;00:45;6;1,279.01;18.01;48.03;21,472.8;3;;;0;;0;;3 minutes;0;0;00:07;;100%;;213;213;;;1,279;
DifferentD;3517;4;12;9;3;57;5,160;;3.4;4.53;41;14;6;3,449;1,310;60;30,507;14;;;;60;0.03;4%;1.32;37%;5,160;;;3,072;9;4,473;673;45%;9;9,555;1,116;14;4;6;00:51;2;24;11;780;;1.6;11.71;2.26;00:46;5.28;1,949.46;5.28;15.49;11,526.48;31;;5;2;2;9;;31 minutes;3;0;02:02;;6%;;5,160;;0;2;1,949;
DigitalNex;3993;2;2;;;3;215;;;6.4;5;2;;274;84;3;2,254;2;;;;3;0.01;3%;;30%;215;;;121;3;595;124;;3;1,547;136;5;2;2;;;2;;87;;0.55;16.01;;;6.4;689.73;6.4;16.01;7,221.94;5;;0;1;;1;;3 minutes;0;0;;;77%;;215;136;;0;690;
Divinity-X-;4070;21;378;313;16;1,306;114,685;;7.91;9.55;1,371;745;137;83,983;38,063;1,745;881,964;523;21;;7;1,745;0.05;4%;2.87;45%;114,685;;7;53,994;15;7,723;1,298;57%;15;35,257;5,024;61;34;27;01:49;9;93;25;2,754;0.17;1.67;12.06;3.46;00:56;13.22;2,900.11;18.83;34.66;22,302.75;477;6;37;25;76;138;33;8 hours;40;21;37:26;01:54:24;52%;4;114,685;5,024;2;16;2,900;
DramaticMango;2345;7;9;8;4;18;2,146;;5.07;5.7;39;20;10;1,921;877;27;16,811;16;;;;27;0.03;3%;3.25;45%;2,146;;;961;14;3,729;903;;14;5,572;903;16;10;10;00:15;5;10;10;308;;1.08;7.6;6.33;00:19;10.14;1,360.38;12.67;24.72;10,655.72;12;;2;2;3;6;;14 minutes;2;1;00:30;02:03;51%;;2,146;;;1;1,360;
Drest24;2622;;;;;;;;;7.92;;;;;;;188;;;;;;;;;46%;;;;;;;;;;188;;;;;;;;;;;;7.92;;;;;7.92;7.92;1,493.97;;;;;0;0;;1 minute;0;;;;;;;;;0;
Drew_MK;3016;20;344;196;17;486;34,352;2;6.98;12.25;1,040;566;145;48,525;20,423;1,301;409,173;416;12;2;6;1,301;0.06;6%;9.04;42%;34,352;;25;23,692;23;8,553;994;56%;23;28,138;1,987;66;44;41;02:08;17;124;33;1,645;0.21;1.11;4.09;5.16;00:38;14.82;1,224.22;20.17;37.06;14,582.09;115;;24;22;56;102;23;5 hours;28;13;18:01;01:06:29;45%;4;34,352;;2;13;1,224;
DridenGX;2909;23;1,018;571;14;2,019;211,635;;5.49;9.79;2,811;1,553;397;159,020;59,237;2,756;1,210,422;1,379;24;;10;2,756;0.03;4%;2.64;37%;211,635;;106;114,882;21;6,558;1,575;53%;21;22,824;4,392;67;35;39;02:55;12;65;26;2,549;0.09;1.57;10.23;3.82;01:07;13.27;2,036.57;14.94;27.05;11,647.99;1,064;11;110;135;192;436;52;20 hours;104;59;01:57:29;02:42:55;56%;3;211,635;;2;43;2,037;
Droxzio;3207;3;4;7;7;15;1,717;;11.72;6.7;22;8;;826;393;13;7,795;3;2;;;13;0.02;3%;4.4;47%;1,717;;;853;19;4,917;1,033;50%;19;4,917;1,033;19;8;2;00:11;;8;8;619;1.67;1.94;8.37;;00:20;5.02;2,876.81;13.4;36.85;13,057.95;5;;0;1;0;1;;7 minutes;1;0;00:12;01:07;52%;3;1,717;;;0;2,877;
DrSax12;2442;6;12;8;4;41;4,425;;3.23;4.84;35;19;5;3,195;1,241;45;23,712;20;;;;45;0.03;3%;1.52;38%;4,425;;3;2,380;5;3,959;958;44%;5;10,130;1,703;19;12;11;02:11;3;16;9;846;;1.72;9.29;2.02;01:12;8.08;1,787.71;7.67;14.14;9,579.53;23;;1;2;3;6;;22 minutes;2;;02:59;;;4;4,425;;1;2;1,788;
DSZY;2443;16;309;183;12;827;87,922;;5.42;9.16;874;419;65;61,607;21,820;617;483,271;363;11;;2;617;0.02;2%;2.81;35%;87,922;;19;37,186;21;11,033;1,459;62%;21;26,246;3,373;47;23;23;02:36;8;36;12;1,590;0.05;1.43;9.19;1.92;01:22;10.76;2,607.92;12.42;25.92;14,334.66;310;5;39;38;30;107;8;7 hours;34;16;46:34;43:50;47%;4;87,922;3,373;1;16;2,608;
DubiousGerbil;2683;4;4;2;2;8;1,071;;7.4;14.81;11;5;2;779;353;16;7,153;4;;;;16;0.05;4%;5.5;45%;1,071;;;858;7;3,785;907;;7;7,153;1,071;11;5;4;00:09;2;16;11;858;;2.86;7.4;7.4;00:35;14.81;3,966.93;18.51;40.73;26,488.47;2;;;0;;0;;4 minutes;0;;00:09;;;;1,071;;;0;3,967;
DutchieSoInsane;2709;;;;;;177;;;11.4;5;;;131;56;3;1,200;2;;;;3;0.03;5%;;42%;177;;;135;5;1,200;177;;5;1,200;177;5;;2;;;3;3;135;;1.6;;;;22.8;2,023.05;11.4;57.01;13,684.97;;;0;0;0;0;;1 minute;0;0;;;3%;;177;;;0;2,023;
eastcoastrider71;2494;20;885;628;12;2,334;214,723;;4.98;7.03;2,888;1,398;323;204,741;61,163;2,593;1,277,528;1,385;26;;2;2,593;0.02;4%;1.72;29%;214,723;;72;124,280;18;5,991;1,092;69%;18;19,301;3,509;51;30;35;02:53;6;45;22;1,906;0.01;1.3;13.33;2.56;01:04;11;1,706.1;11.1;22.94;10,150.74;1,678;25;159;124;85;369;14;26 hours;126;52;02:15:31;01:31:11;41%;4;214,723;2,591;7;67;1,706;
echo-_06;2529;11;34;20;10;78;9,452;2;5.48;9.32;115;59;22;5,025;2,191;89;43,322;42;;;2;89;0.03;4%;2.8;43%;9,452;;;5,628;17;4,007;1,010;55%;17;14,576;2,921;50;23;19;01:04;7;26;9;1,816;0.54;1.97;11.24;6.03;01:04;11.52;2,592.88;16.18;31.54;11,884.13;41;;3;6;6;15;2;47 minutes;4;2;03:53;06:03;54%;3;9,452;;;2;2,593;
ecotaku;2368;15;543;412;15;1,306;117,109;;5.6;7.38;2,040;1,025;261;134,633;54,198;2,608;1,108,866;717;27;;7;2,608;0.04;4%;2.94;40%;117,109;;11;73,241;24;9,186;1,411;60%;24;21,779;3,570;53;26;24;01:24;11;83;21;1,392;0.09;1.18;9.42;3.55;00:30;9.75;1,593.49;13.94;27.75;15,088.25;693;11;76;61;63;200;12;17 hours;73;33;37:24;01:00:46;44%;4;117,109;2,008;4;37;1,593;
eliizabethx;3614;;;;;3;552;;;;;;;169;53;2;1,041;;;;;2;0.01;3%;0.33;31%;552;;;159;;581;327;;1;1,041;552;;;;00:01;;2;2;159;;1.5;35.39;;00:18;11.79;6,515.47;11.79;11.79;12,285.73;3;;0;;0;0;;1 minute;0;;00:01;;;;552;552;;0;6,515;
eliteboy_1da;3003;14;175;121;11;518;49,587;;4.96;7.18;636;311;72;37,987;15,150;700;305,447;257;4;;6;700;0.03;4%;2.13;39%;49,587;;14;26,848;15;5,598;1,179;60%;15;21,488;3,673;49;22;25;01:49;6;79;17;1,871;0.24;1.48;12.23;2.95;00:58;10.55;2,036.58;12.77;26.12;12,545.03;298;;29;33;24;86;4;5 hours;24;12;23:50;26:08;49%;3;49,587;;1;11;2,037;
entoe12;0;12;137;141;9;513;57,700;;5.44;5.29;621;295;56;57,317;22,784;752;473,798;237;10;;;752;0.03;3%;2.29;39%;57,700;;;29,873;15;9,314;1,406;51%;15;27,443;3,771;38;22;20;03:19;5;76;31;1,902;;1.43;10.42;2.16;01:02;9.15;2,228.1;11.39;23.98;18,295.83;270;4;30;26;29;85;7;5 hours;26;7;26:58;32:39;28%;3;57,700;3,771;2;17;2,228;
Erenksk9;4169;18;191;123;8;499;45,155;;5.86;9.1;618;300;63;39,166;14,009;464;288,525;212;10;;2;464;0.03;3%;3.59;35%;45,155;;4;21,018;24;7,842;1,529;53%;24;19,320;3,669;44;23;21;01:53;6;28;14;1,459;0.09;1.57;8.19;3;00:38;10.1;2,151.62;14.29;29.44;13,748.12;172;6;16;15;46;78;11;3 hours;21;14;13:33;41:44;67%;4;45,155;;1;6;2,152;
EvanMario;4510;19;75;39;11;82;7,288;;6.66;12.81;218;119;27;8,435;3,182;181;67,078;68;2;;3;181;0.04;5%;5.06;37%;7,288;;;4,611;16;5,067;746;45%;16;19,316;881;56;30;13;00:34;4;30;15;511;0.51;1.26;7.34;4.61;00:32;11.61;1,245.36;20.33;37.24;11,461.53;43;;5;4;8;17;2;1 hour;6;6;03:10;14:56;99%;4;7,288;285;0;0;1,245;
Evilduck1903;2547;5;18;13;4;24;3,109;;4.23;5.86;88;41;9;4,658;1,903;73;35,797;34;;;;73;0.03;3%;3.66;40%;3,109;;2;2,252;10;5,069;490;38%;10;9,262;767;19;11;9;00:30;2;22;11;531;;1.17;7.82;2.93;00:32;11.08;1,013.6;13.36;28.69;11,671.78;24;;2;3;5;10;4;31 minutes;3;2;01:38;04:04;78%;;3,109;;0;0;1,014;
Fade_BR;2818;17;324;225;10;729;61,382;;6.33;9.12;1,119;535;127;67,677;25,456;883;513,487;526;5;;;883;0.03;3%;2.99;37%;61,382;3;37;34,829;19;7,217;975;57%;19;23,089;3,253;55;26;33;02:32;7;33;19;1,822;;1.31;10.52;3.57;01:31;14.8;1,728.12;15.06;31.5;14,456.41;374;6;40;43;42;124;11;7 hours;36;16;54:00;01:22:56;44%;3;61,382;1,233;1;18;1,728;
Fairystinky;2101;13;235;172;12;636;64,285;2;4.04;5.52;753;378;97;62,872;18,280;731;372,135;378;7;;5;731;0.02;3%;1.57;29%;64,285;;58;39,366;13;5,199;977;48%;13;14,058;2,681;35;17;20;03:32;6;33;16;1,879;0.11;1.37;11.21;2.28;01:00;8.89;1,511.89;8.89;17.7;8,752.14;477;8;51;53;41;144;9;7 hours;43;17;43:11;30:49;39%;4;64,285;1,290;1;24;1,512;
FastAsDux;2097;4;7;2;;21;2,523;;1.2;4.22;28;12;;1,801;511;21;10,909;12;;;;21;0.02;4%;2.54;28%;2,523;;;1,381;6;2,279;933;28%;6;4,426;1,081;13;6;8;00:50;;7;4;412;;1.77;6.63;;00:39;7.23;1,522.09;7.23;16.89;6,580.25;11;;1;3;0;4;;13 minutes;2;0;01:05;00:16;13%;;2,523;1,081;1;0;1,522;
Flown_Jebus;0;6;33;11;4;45;4,172;;3.86;11.59;95;52;12;4,534;1,746;130;35,597;28;;;;130;0.06;7%;5.93;38%;4,172;;;2,727;17;4,446;587;45%;17;9,800;1,009;25;17;8;00:33;6;36;21;710;;1.36;5.62;4.21;00:43;9.84;1,466.4;18.27;33.39;12,511.82;16;;4;4;2;10;;33 minutes;3;2;02:04;05:38;61%;;4,172;217;0;1;1,466;
flyinganimal;4142;9;37;25;6;154;12,651;;4.55;6.74;143;75;22;11,611;4,800;210;93,600;47;;;;210;0.04;4%;2.97;41%;12,651;;;6,902;16;6,899;870;47%;16;17,464;3,376;35;17;12;01:15;6;55;15;1,483;0.18;1.62;8.75;4.01;00:27;8.56;2,306.6;13.67;26.07;17,065.06;48;;5;4;9;17;;1 hour;5;1;02:29;04:27;22%;;12,651;;0;4;2,307;
FlyNameHere;2202;;;10;5;45;5,828;;3.13;0.31;59;28;7;5,403;1,580;68;29,964;19;;;;68;0.02;4%;1.22;29%;5,828;;;3,771;8;2,629;730;38%;8;13,536;1,926;27;13;11;01:37;4;30;13;1,349;;1.42;15.05;2.19;00:53;5.95;1,828.01;8.78;18.5;9,398.81;48;;5;3;0;9;;44 minutes;3;1;02:50;00:30;43%;;5,828;1,926;;2;1,828;
forrestsmith2;0;21;315;216;12;649;74,043;2;6.18;9.02;1,141;644;130;65,620;27,739;1,490;624,333;442;13;;5;1,490;0.05;5%;3.14;42%;74,043;;17;44,087;22;8,947;1,704;62%;22;24,813;4,272;68;36;27;01:48;8;94;30;2,553;0.14;1.51;10.39;3.72;00:47;12.66;2,120.92;18.44;32.68;17,883.62;363;6;37;25;55;118;20;8 hours;35;17;27:53;01:22:41;47%;5;74,043;4,272;2;16;2,121;
frolicious2595;;5;5;2;2;9;1,000;;2.96;7.4;27;9;2;1,680;487;26;9,263;9;;;;26;0.04;5%;3;28%;1,000;;6;829;14;3,648;397;;14;9,263;1,000;27;9;9;01:27;2;26;9;829;1.48;1.27;13.33;2.96;02:09;13.33;1,480.75;13.33;39.99;13,720.53;9;;1;1;1;3;;10 minutes;1;1;01:27;02:27;100%;;1,000;;;;1,481;
fructoseghost;2653;2;4;3;2;25;2,177;;2.11;2.82;16;5;;1,823;666;24;12,278;9;;;;24;0.02;3%;0.66;36%;2,177;;;1,579;5;1,835;339;100%;5;2,199;400;6;2;4;00:24;;6;4;339;;1.39;16.92;0.7;00:41;6.34;1,535.82;3.52;11.28;8,659.98;24;;2;1;0;3;;18 minutes;1;1;00:59;;46%;;2,177;339;;1;1,536;
FvsNeLL;3451;5;31;35;6;108;12,388;;4.52;4;182;81;10;13,560;6,856;252;140,986;62;2;;;252;0.04;3%;3.08;50%;12,388;;;7,828;17;11,445;1,155;100%;17;19,337;1,632;25;14;10;00:26;3;57;26;976;0.12;1.39;7.62;1.29;00:21;8.01;1,601.74;10.47;23.53;18,228.6;59;2;7;7;11;25;4;1 hour;8;4;02:49;04:46;50%;3;12,388;1,632;0;4;1,602;
G1ng3rsHOT;2892;3;4;3;3;12;626;;8.96;11.95;12;6;2;767;286;10;5,718;7;;;;10;0.02;3%;2;37%;626;;;234;4;2,675;162;;4;5,393;546;11;5;6;00:15;2;9;4;154;;0.63;17.92;5.97;00:46;20.91;1,870.96;17.92;35.85;17,085;6;;1;0;0;1;;6 minutes;0;0;00:15;;11%;;626;;0;0;1,871;
games3_112;2604;7;17;8;4;31;3,337;2;5.57;11.84;65;38;9;3,933;1,340;106;28,460;44;2;;2;106;0.06;7%;5;34%;3,337;;;1,977;10;4,645;446;45%;10;12,280;2,074;28;19;18;02:02;3;54;14;1,272;1.39;1.3;9.05;6.26;03:05;30.64;2,324.53;26.46;45.27;19,822.88;13;;4;1;1;6;;25 minutes;1;0;04:25;04:20;30%;3;3,337;348;;1;2,325;
ginko_503;0;4;4;;;;98;;3.53;14.13;7;3;;389;140;10;3,638;4;;;;10;0.03;7%;1.75;35%;98;;;98;4;2,166;98;;4;3,638;98;7;3;4;00:16;;10;9;98;;0.35;14.13;;00:57;14.13;347.43;10.6;24.73;12,857.22;4;;;0;0;1;;4 minutes;0;;00:16;;;;98;;0;0;347;
godlysavant;;16;303;160;10;668;48,863;;3.63;6.88;936;468;170;77,802;18,122;555;384,342;319;3;4;2;555;0.01;3%;7.09;23%;48,863;;16;31,569;20;10,701;960;36%;20;19,760;2,131;50;26;32;00:43;14;37;12;1,238;0.04;1.04;2.99;3.86;00:08;7.24;1,109.98;10.63;21.26;8,730.81;132;;41;63;47;151;26;8 hours;44;18;06:01;08:00;40%;3;48,863;;2;24;1,110;
GodzillavsMuto;2555;4;8;8;7;16;1,656;;5.19;5.19;34;17;7;2,220;836;38;14,103;9;;;;38;0.04;4%;6.8;37%;1,656;;;1,521;14;4,853;924;39%;14;7,754;966;17;9;7;00:18;4;22;13;865;;1.63;3.24;4.54;00:12;5.84;1,075.24;11.04;22.08;9,159.8;5;;1;2;2;5;;15 minutes;2;;00:19;00:20;;;1,656;;;2;1,075;
GoldenBullet20;4287;10;13;6;6;29;2,959;;4.74;10.27;33;16;2;1,691;760;42;15,574;14;;;;42;0.05;5%;2.75;44%;2,959;;;1,801;8;3,821;956;46%;8;11,032;2,132;28;15;9;00:43;2;32;10;1,258;;2.41;9.48;1.58;00:39;11.06;2,337.75;12.64;26.07;12,304;12;;0;2;3;6;;12 minutes;1;1;00:50;02:52;93%;;2,959;;;0;2,338;
GoMu___;4214;6;12;7;4;38;4,104;;2.75;4.72;57;24;6;3,479;1,477;69;28,930;24;;;;69;0.04;4%;2.37;42%;4,104;;;3,010;8;4,341;406;41%;8;9,564;1,870;20;10;7;00:27;2;20;13;1,438;;2;9.44;2.36;00:27;9.44;1,615.04;9.44;22.43;11,385.45;24;;2;2;5;8;;24 minutes;3;0;01:09;01:47;15%;;4,104;;;2;1,615;
Highlander_scott;4073;20;117;53;9;207;22,077;;5.08;11.21;303;173;44;16,022;7,169;337;166,223;113;;;3;337;0.04;4%;2.94;44%;22,077;;;11,860;12;9,073;756;53%;12;24,831;3,679;58;34;22;01:14;9;36;16;2,646;0.28;1.43;9.87;4.21;00:40;10.83;2,116.68;16.58;29.05;15,936.76;103;2;14;8;14;36;4;2 hours;10;5;07:00;19:49;47%;4;22,077;2,801;1;4;2,117;
hiijle;0;10;26;14;6;59;4,749;2;4.45;8.27;61;35;8;5,271;1,611;46;34,917;23;;;3;46;0.01;2%;1.69;30%;4,749;;;2,662;10;4,153;487;45%;10;10,801;1,853;26;15;7;01:07;4;16;6;1,297;0.95;1.05;11.45;2.54;00:31;7.31;1,511.11;11.13;19.41;11,110.66;36;;3;2;2;8;;41 minutes;3;1;01:38;04:50;29%;;4,749;397;;2;1,511;
HordesOfRaiders;2683;;;;;3;197;;;10.42;;;;85;53;2;1,135;;;;;2;0.02;3%;0.33;62%;197;;;92;;793;105;;1;1,135;197;;;;00:04;;2;2;92;;1.17;31.27;;00:43;;2,049.03;10.42;10.42;11,830.7;3;;0;0;;0;;1 minute;0;0;00:04;;86%;;197;;;0;2,049;
hourai127;2224;2;4;8;5;28;3,455;;2.88;1.44;37;17;6;4,017;1,195;34;22,027;11;;;;34;0.02;2%;1.32;29%;3,455;;;1,703;6;2,414;543;51%;6;12,960;1,925;20;7;6;01:39;3;16;3;766;;1.01;10.11;2.16;00:53;3.97;1,247.65;6.13;13.36;7,953.48;28;;3;5;2;10;;28 minutes;3;0;02:26;00:20;17%;;3,455;;;2;1,248;
huumQc_;3000;6;10;3;2;24;2,909;;3.22;10.73;27;15;2;1,804;797;34;16,168;14;;;;34;0.04;4%;2.07;44%;2,909;;;1,320;6;4,513;855;46%;6;9,684;2,159;16;9;8;02:04;;18;8;875;;1.74;13.95;2.14;02:40;15.03;3,123.57;16.1;28.99;17,360.15;13;;1;2;0;4;;12 minutes;1;0;02:29;;15%;;2,909;;;1;3,124;
I_Only_AWP_B;0;16;262;149;8;523;47,299;;5.35;9.41;951;465;78;37,851;16,060;830;348,133;255;9;;7;830;0.04;5%;6.21;42%;47,299;;4;28,760;20;7,629;970;57%;20;24,373;3,413;50;27;14;01:29;6;81;26;1,732;0.25;1.66;5.49;2.8;00:40;9.16;1,699.69;16.7;34.17;12,510.2;153;3;37;22;38;97;19;4 hours;28;28;18:54;01:06:27;99%;4;47,299;3,413;;0;1,700;
IHateUddesd;2737;;;2;2;5;374;;3.54;;3;;;350;129;;2,448;2;;;;;0;0%;0.5;36%;374;;4;225;2;1,058;150;45%;2;1,749;374;2;;;00:12;;;;225;;0.73;10.63;;00:32;3.54;663.35;1.77;5.31;4,340.55;6;;1;1;1;2;;5 minutes;1;0;00:18;00:01;4%;;374;;;1;663;
ilovecomedy;2632;6;9;7;4;18;2,043;;4.72;6.07;28;13;;1,697;698;46;13,939;24;2;;;46;0.06;6%;4;41%;2,043;;;1,266;7;3,263;542;41%;7;8,811;1,451;16;8;13;00:34;;26;13;742;;1.71;4.72;;00:37;16.19;1,378.37;8.77;18.89;9,404.55;7;;2;2;3;7;;12 minutes;1;;00:56;01:03;;3;2,043;;1;0;1,378;
iMightyElephant;0;;;;;;187;;;;;;;50;13;;410;;;;;;0.02;7%;;26%;187;;;187;;410;187;26%;;410;187;;;;;;;;187;;5.15;8.9;;;;1,664.62;;;3,655.65;;;0;0;0;1;;36.215407038107514 seconds;0;;;;;;187;;;0;1,665;
Inny21;3069;16;860;567;13;1,506;150,309;;5.75;8.72;2,967;1,572;460;174,797;64,274;2,452;1,292,347;1,103;19;2;9;2,452;0.03;3%;2.97;36%;150,309;5;62;107,187;24;9,839;1,147;65%;24;22,613;2,923;55;32;32;02:10;13;60;23;2,127;0.09;1.36;10.1;4.66;00:46;11.19;1,525.16;15.95;30.1;13,113.23;996;18;92;103;122;317;34;21 hours;99;47;01:16:14;02:29:57;47%;4;150,309;853;12;39;1,525;
ioReactz;3584;16;264;164;12;476;44,233;;4.98;8.01;989;477;107;52,192;22,137;955;479,783;354;7;;2;955;0.03;4%;3.51;42%;44,233;;3;27,791;21;8,835;1,232;67%;21;23,959;1,643;56;22;20;01:52;7;51;19;1,191;0.06;1.12;8.53;3.24;00:43;10.75;1,343.26;14.48;30.03;14,569.91;281;10;33;30;47;109;15;6 hours;33;21;24:04;49:06;63%;5;44,233;1,572;1;11;1,343;
iqbalhaikal55;3032;6;10;12;8;33;2,802;;9.24;7.7;45;25;8;2,690;1,129;55;24,180;18;;;;55;0.05;4%;4.09;41%;2,802;;;1,664;16;6,724;448;47%;16;13,621;1,263;31;16;14;00:40;5;24;18;611;;1.55;8.47;6.16;00:44;13.86;2,157.73;19.25;34.65;18,621.79;11;;;1;3;4;;17 minutes;1;0;00:58;01:48;37%;3;2,802;1,263;;1;2,158;
IRaTuSz;4587;15;55;39;8;130;13,442;;6.24;8.8;207;104;26;9,483;3,401;193;77,226;65;2;;2;193;0.04;5%;3.9;35%;13,442;;4;8,970;13;5,185;843;45%;13;15,480;2,125;44;21;20;00:45;7;49;14;1,578;0.32;2.04;8.48;4.16;00:31;10.4;2,151.64;16.64;33.13;12,361.92;53;;4;5;12;21;4;1 hour;6;5;03:17;19:01;78%;3;13,442;2,079;1;0;2,152;
itsDiety;0;3;7;4;2;24;1,742;;4.24;7.42;22;10;2;1,347;542;15;12,062;10;;;;15;0.02;2%;2.44;40%;1,742;;;770;6;2,996;371;;6;4,678;605;6;4;5;01:10;;5;5;219;;1.21;9.54;2.12;01:35;10.6;1,846.62;10.6;23.32;12,788.8;9;;0;1;1;3;;10 minutes;1;1;01:30;00:23;71%;3;1,742;605;0;0;1,847;
itsGenji;3211;6;11;9;4;29;2,426;;6.19;7.57;65;24;3;3,854;1,026;57;20,970;29;;;;57;0.04;5%;3.82;26%;2,426;;3;1,204;9;3,046;395;31%;9;11,124;1,101;29;9;14;02:11;2;25;18;511;0.68;0.91;11.7;2.06;02:55;19.96;1,669.89;16.52;44.74;14,435.7;17;;2;3;1;6;;21 minutes;1;1;04:14;01:49;53%;;2,426;;;1;1,670;
ItsRaiyu;4368;17;164;72;9;338;24,931;;4.87;11.11;459;243;66;24,922;9,471;481;207,607;132;5;;;481;0.04;5%;4.88;38%;24,931;;;16,303;27;7,907;749;43%;27;21,537;2,538;40;31;15;00:53;9;61;23;1,667;;1.65;6.37;4.47;00:25;8.94;1,689.72;16.46;31.1;14,070.51;94;;17;13;16;47;7;2 hours;15;10;06:11;19:37;66%;3;24,931;2,538;3;2;1,690;
Jack_of_Spades13;3322;17;46;40;11;60;4,962;;11.87;13.65;153;80;19;7,110;3,123;209;65,793;60;;;;209;0.07;6%;13.9;43%;4,962;;;3,079;23;10,997;963;49%;23;19,267;1,516;47;32;16;01:08;7;65;29;1,087;0.29;1.06;3.26;5.64;00:46;17.81;1,473.49;23.75;45.43;19,536.35;11;;3;2;8;13;4;48 minutes;3;2;02:37;11:53;70%;3;4,962;943;;1;1,473;
JDG-191;2864;5;20;14;5;64;6,838;;3.59;5.13;76;35;9;4,765;2,143;111;42,408;42;;;;111;0.04;5%;1.72;44%;6,838;2;14;4,903;10;2,662;652;55%;10;9,441;1,864;24;13;15;01:29;4;34;18;1,132;0.25;1.85;11.29;2.3;01:06;10.77;1,754.85;8.98;19.5;10,882.73;44;;3;5;3;11;;44 minutes;4;1;04:19;03:27;23%;;6,838;;;3;1,755;
JiangaJianga;;4;5;;;6;488;;1.24;6.22;14;4;;2,255;327;8;6,210;3;;;;8;0.01;2%;14;14%;488;;;145;13;5,313;488;;13;5,900;488;13;4;3;00:04;;8;8;145;;0.22;1.24;;00:05;3.73;608.14;4.98;17.43;7,732.5;;;0;0;;1;;10 minutes;1;;00:04;;;;488;;;1;608;
JOKERFIRST15;4055;4;20;15;5;36;3,124;;4.36;5.82;65;33;10;3,628;1,617;86;35,819;23;;;;86;0.05;5%;3.25;44%;3,124;;;2,111;8;5,236;479;45%;8;6,912;777;14;9;9;00:11;4;19;9;529;;1.29;5.82;2.91;00:13;6.69;909.67;9.61;18.92;10,431.09;20;;5;6;4;14;;27 minutes;3;3;00:45;03:14;96%;3;3,124;546;;0;910;
JonXSly;3015;24;1,136;963;16;2,596;293,972;;6.33;7.47;4,674;2,495;586;299,068;106,997;5,065;2,323,999;1,944;51;;;5,065;0.04;4%;2.55;35%;293,972;;56;174,380;30;9,516;1,665;65%;30;37,282;4,423;71;39;38;02:33;13;79;24;2,380;;1.49;12.02;3.85;01:03;12.78;1,933.47;16.4;30.74;15,285.04;1,828;22;131;158;240;529;77;32 hours;152;81;02:41:56;04:44:38;53%;5;293,972;4,423;8;63;1,933;
jordkin;2331;2;6;2;2;15;1,535;;1.11;3.35;19;7;;1,574;582;23;12,405;11;;;;23;0.02;3%;0.86;36%;1,535;;;1,091;5;1,443;361;28%;5;3,261;667;9;3;6;00:20;;9;7;406;;1.17;12.29;;00:25;6.14;857.43;3.91;10.61;6,930.62;22;;0;0;2;2;;15 minutes;2;1;00:45;;29%;;1,535;140;;1;857;
JPreecy;2601;;;;;5;661;;;;;;;406;210;4;4,284;;;;;4;0.01;1%;0.16;51%;661;;;443;;1,320;285;;1;4,284;661;;;;00:13;;4;;443;;1.8;25.39;;00:57;4.23;2,799.06;4.23;4.23;18,131.24;6;;0;0;0;1;;4 minutes;0;0;00:13;;100%;;661;661;;;2,799;
jumpmanfrank094;2821;11;26;17;10;62;5,619;;4.58;7.01;101;47;9;4,981;1,890;57;37,001;46;3;;;57;0.02;3%;2.88;37%;5,619;;;3,759;13;4,071;515;42%;13;17,400;2,615;43;22;18;01:45;4;32;8;1,639;;1.68;9.44;2.42;01:01;12.41;1,516.13;12.68;27.25;9,984.42;35;;2;0;6;9;2;37 minutes;4;1;03:47;06:53;32%;3;5,619;;;2;1,516;
kadoya3582;3563;5;6;2;;11;748;;6.38;19.15;13;5;;604;215;7;4,566;7;;;;7;0.02;3%;6.5;35%;748;;;242;9;3,104;469;;9;3,104;521;9;3;4;00:27;;5;5;134;;0.89;6.38;;02:20;22.34;2,387.41;15.96;41.5;14,576.33;2;;0;;0;0;;4 minutes;0;0;00:44;;100%;3;748;;;;2,387;
kaito_numku396;0;;;;;;31;;;;;;;157;60;;1,032;;;;;;0.01;1%;0.5;38%;31;;;31;;612;31;;1;1,032;31;;;;00:00;;;;31;;0.37;20.68;10.34;00:05;;320.55;10.34;10.34;10,675.31;2;;;;0;0;;1 minute;0;0;00:00;;100%;;31;;;;321;
kakuka-548;2589;6;6;3;3;13;1,623;;6.42;12.85;19;8;;1,174;517;17;11,332;11;;;;17;0.03;3%;2.71;44%;1,623;;;404;8;2,413;455;;8;11,332;1,623;19;8;11;00:32;;17;5;404;;0.81;15;2.14;01:08;23.57;3,477.07;17.14;40.71;24,283.17;7;;1;0;;2;;8 minutes;0;;00:32;;;;1,623;;0;0;3,477;
kashibe01;2455;3;6;2;2;7;737;;4.33;13.01;6;6;;483;195;3;4,720;4;;;;3;0.01;1%;0.75;40%;737;;;251;3;1,986;428;42%;3;2,534;486;3;3;3;00:25;;2;;138;;0.88;17.34;2.16;01:32;8.67;1,598.68;13.01;13.01;10,236.09;8;;;1;1;1;;4 minutes;0;;00:42;00:06;;;737;;;0;1,599;
Keytix_;0;26;696;440;16;1,262;114,397;;7.59;12.01;2,161;1,219;273;106,656;45,188;1,831;899,070;684;18;;5;1,831;0.04;4%;4.63;42%;114,397;;6;77,085;23;10,078;1,216;60%;23;24,859;3,462;68;37;26;01:22;16;54;25;2,363;0.08;1.78;8.04;4.71;00:34;11.8;1,975.17;21.04;37.31;15,523.25;466;5;42;43;111;197;37;11 hours;58;38;33:45;02:47:38;65%;5;114,397;326;2;18;1,975;
Kiba_Zack;3014;10;14;5;2;30;1,814;;6.04;16.93;46;29;5;2,026;732;47;17,300;18;;;;47;0.05;6%;4.18;36%;1,814;;;1,374;10;3,097;490;44%;10;11,382;1,360;34;23;13;00:35;4;35;18;1,054;;1.47;13.3;6.04;01:14;21.76;2,193.63;35.07;55.63;20,922.01;11;;1;1;1;3;;15 minutes;1;1;01:01;03:15;76%;;1,814;1,360;;0;2,194;
Kiki-Xillia;2595;8;79;50;7;130;13,497;;3.07;4.85;284;125;19;27,257;7,771;333;161,259;143;2;;5;333;0.02;4%;1.59;28%;13,497;;5;7,900;14;7,387;847;38%;14;12,062;1,760;23;12;13;02:11;3;41;12;847;0.3;0.65;10.94;1.16;01:13;8.79;829.67;7.68;17.45;9,912.56;178;;16;12;15;43;2;3 hours;16;5;20:03;06:15;33%;4;13,497;;1;10;830;
KILLER77_HAZZA3;0;10;196;108;7;692;66,334;;4.47;8.11;517;250;49;33,143;12,813;441;271,201;188;3;;3;441;0.02;3%;1.89;38%;66,334;;5;33,010;14;4,897;988;52%;14;12,740;2,308;22;12;12;01:39;4;24;15;1,322;0.12;1.89;11.3;2.02;00:51;7.78;2,747.44;10.35;21.41;11,232.59;273;;32;24;16;72;5;4 hours;24;9;20:54;17:18;38%;3;66,334;;2;13;2,747;
Killing_EdgeIV;0;8;12;9;5;7;477;;6.82;9.1;39;21;2;1,474;717;25;14,247;10;;;;25;0.03;3%;5.57;48%;477;;;200;8;4,063;274;49%;8;8,437;406;22;14;6;01:03;;22;18;187;0.75;0.32;5.31;1.51;01:01;7.58;361.56;15.93;29.59;10,809.97;7;;1;0;3;5;;10 minutes;1;1;01:21;02:54;100%;;477;;;;362;
Killswitch2092;2806;16;270;155;13;559;59,476;2;5.08;8.85;875;430;93;57,726;20,932;847;413,663;387;9;;6;847;0.03;4%;2.06;36%;59,476;2;23;33,345;20;6,281;1,371;53%;20;18,112;2,522;47;20;26;02:34;6;38;23;1,589;0.19;1.32;13.87;3.05;01:17;12.69;1,950.82;14.1;28.7;13,568.34;423;8;38;34;31;103;8;6 hours;30;13;39:26;36:12;41%;4;59,476;1,155;4;14;1,951;
King_Kine;2079;;;5;3;16;1,540;;4.95;0.99;14;6;2;1,274;444;15;7,597;7;;;;15;0.02;3%;0.87;34%;1,540;;;630;4;1,302;358;21%;4;5,400;784;7;5;6;00:16;;14;4;441;;1.02;15.84;1.98;00:16;6.93;1,525.39;5.94;13.86;7,524.5;16;;1;2;1;3;;10 minutes;1;;00:16;00:15;;;1,540;;;1;1,525;
KingXacTz;0;16;462;229;11;637;60,717;;4.87;9.83;1,439;730;225;74,923;26,181;1,466;509,463;499;6;;3;1,466;0.05;5%;6.39;34%;60,717;;24;38,369;20;13,722;1,266;49%;20;31,748;3,085;49;34;32;01:46;12;80;53;1,651;0.06;1.31;4.79;4.79;00:30;10.62;1,292.64;15.54;30.63;10,846.31;225;7;47;51;74;172;31;8 hours;47;42;24:01;01:28:05;89%;4;60,717;;;5;1,293;
kirA-_-bleAch;0;21;314;174;14;439;41,863;;7.19;12.98;833;453;106;42,171;17,286;861;387,478;348;11;2;6;861;0.04;4%;10.03;40%;41,863;;8;22,025;27;9,672;1,351;55%;27;27,309;3,322;66;46;32;02:28;14;68;41;1,786;0.24;1.21;3.43;4.38;00:47;14.39;1,731.28;18.73;34.44;16,024.62;83;;19;15;53;87;14;5 hours;24;13;19:03;53:24;55%;4;41,863;3,322;0;10;1,731;
kk10295;3110;8;18;18;11;66;4,953;;6.36;6.36;74;33;3;7,679;2,575;118;50,643;39;;;;118;0.04;4%;2.31;33%;4,953;;;2,571;8;3,584;549;34%;8;22,192;1,564;32;15;15;00:50;2;54;13;1,020;;0.88;11.3;1.06;00:45;13.78;1,750.23;11.66;26.15;17,896.75;32;;5;2;2;9;;48 minutes;3;1;02:08;00:46;35%;4;4,953;1,244;0;2;1,750;
kon5-TDRoki;2363;19;511;430;13;1,228;136,603;;5.47;6.5;2,056;1,003;210;147,406;49,267;2,393;960,715;901;13;2;11;2,393;0.04;4%;3.23;33%;136,603;;41;85,610;20;8,677;1,230;91%;20;19,934;4,743;57;26;34;03:12;9;68;27;2,875;0.14;1.46;8.09;2.67;00:52;11.47;1,739.12;12.76;26.17;12,231.1;636;12;69;84;78;232;22;16 hours;79;43;01:09:06;59:47;54%;4;136,603;;2;34;1,739;
koutyatya;0;8;177;165;12;812;72,965;2;5.31;5.69;729;330;43;62,998;26,035;797;533,499;282;11;;2;797;0.03;3%;2.4;41%;72,965;;;31,187;19;7,919;1,096;55%;19;26,388;3,774;37;19;21;01:51;4;47;16;1,683;0.06;1.34;9.75;1.38;00:35;9.07;2,348.42;10.62;23.46;17,171.04;303;;36;36;38;111;9;6 hours;31;16;18:25;21:36;50%;4;72,965;3,774;1;14;2,348;
Krisuke;2407;6;9;10;7;24;2,843;;5;4.5;44;22;6;1,947;645;17;12,852;20;;;;17;0.01;2%;4.88;33%;2,843;;;1,722;11;4,509;1,445;32%;11;5,192;1,445;23;15;10;00:29;3;10;10;734;;1.85;4.5;3;00:41;10;1,421.48;11;22;6,426.47;9;;2;2;2;7;;15 minutes;2;1;01:22;01:21;74%;3;2,843;;;1;1,421;
KSlims;4375;18;276;160;13;496;56,603;3;6.15;10.61;969;466;84;50,066;21,865;1,035;488,117;277;10;;11;1,035;0.05;4%;6.05;43%;56,603;;2;30,020;25;10,933;1,162;58%;25;28,005;3,955;52;27;28;01:37;8;54;27;2,024;0.42;1.54;6.15;3.23;00:42;10.65;2,177.25;17.92;37.27;18,775.48;160;2;20;16;59;95;22;5 hours;26;19;18:26;01:05:24;72%;4;56,603;3,955;2;5;2,177;
kurosaki158;1715;14;67;53;10;241;21,493;;4.15;5.25;235;105;32;24,589;7,314;244;152,343;101;4;;;244;0.02;3%;1.48;29%;21,493;;3;11,910;12;5,030;555;66%;12;16,127;2,235;38;20;26;02:02;10;25;12;1,852;0.07;1.18;12.38;2.5;00:46;7.91;1,684.27;8.22;18.41;11,938.08;158;;15;9;5;30;;2 hours;13;4;09:55;05:49;31%;3;21,493;796;1;8;1,684;
L1TTL3msAW3S0M3;2566;3;3;;;5;673;;;7.88;7;3;2;471;116;2;2,661;4;;;;2;0;1%;2.33;24%;673;;;149;3;1,316;529;;3;2,661;673;7;3;4;00:12;2;2;2;149;;0.56;7.88;5.25;00:34;10.5;1,766.62;7.88;18.38;6,989.01;3;;1;0;0;2;;4 minutes;0;;00:12;;;;673;;;0;1,767;
lakejacher;2109;6;15;7;3;44;3,784;;3.21;6.88;50;23;2;3,359;1,168;60;22,232;27;;;;60;0.03;5%;2;34%;3,784;;;2,206;7;4,200;459;31%;7;6,548;1,514;20;11;14;01:50;;29;14;676;;1.39;11.47;0.91;01:34;12.39;1,737.56;10.56;22.95;10,207.97;25;;1;4;1;6;;26 minutes;2;1;03:24;00:59;40%;;3,784;;;1;1,738;
Langartija;3035;7;14;16;7;43;4,290;;10.17;8.89;63;22;2;3,998;1,704;43;32,932;35;3;;;43;0.02;2%;3.7;42%;4,290;;;2,421;19;5,993;971;49%;19;13,017;1,534;28;8;17;00:37;;16;9;804;0.63;1.6;10.8;1.27;01:14;22.24;2,726.95;13.98;40.04;20,933.92;17;;3;2;1;5;;25 minutes;2;1;01:57;03:42;88%;4;4,290;978;;0;2,727;
LEATONER;0;5;29;23;6;123;10,349;;4.36;5.5;119;59;7;9,613;2,939;82;66,700;61;;;3;82;0.02;2%;1.8;30%;10,349;;2;4,895;10;5,330;998;41%;10;14,762;1,890;34;15;16;01:43;2;23;7;763;0.56;1.38;12.53;1.32;01:28;11.58;1,966.08;11.2;22.6;12,672.06;66;;3;7;4;14;2;58 minutes;5;2;07:43;08:50;38%;;10,349;1,046;;3;1,966;
Lege-donZ;2670;4;4;3;3;8;708;;6.84;9.13;15;8;;671;209;20;4,736;7;;;;20;0.06;9%;3;31%;708;;;328;4;1,409;196;;4;4,736;708;15;8;7;00:38;;20;7;328;;1.13;11.41;;01:29;15.97;1,616.64;18.26;34.24;10,810.42;5;;1;0;0;2;;4 minutes;0;0;00:38;;100%;;708;;;;1,617;
lemonanzu;0;11;11;5;5;13;1,584;;6.95;15.3;31;12;2;1,910;613;35;13,561;18;;;;35;0.05;5%;4.42;32%;1,584;;;1,072;16;5,518;667;;16;13,561;1,584;31;12;18;02:03;2;35;14;1,072;;1.56;9.73;2.78;02:51;25.04;2,204.31;16.69;43.13;18,867.57;7;;;1;1;3;;11 minutes;1;1;02:03;04:14;100%;;1,584;;;;2,204;
LoggingOut;0;11;278;179;8;766;78,028;;5.57;8.66;896;396;77;55,072;25,228;974;528,331;364;11;;4;974;0.03;3%;2.53;45%;78,028;;9;41,192;15;5,839;1,233;64%;15;18,853;4,039;32;16;17;02:08;6;31;17;1,784;0.12;1.61;11.03;2.4;01:04;11.34;2,432.06;12.34;27.92;16,467.62;354;3;30;33;45;108;13;7 hours;32;15;34:26;37:40;48%;4;78,028;1,422;0;16;2,432;
l-Twisted_Fate-l;3972;12;52;39;10;132;11,029;;7.61;10.15;203;108;20;10,584;4,046;222;80,864;98;2;;;222;0.05;5%;5.34;38%;11,029;;2;5,549;21;6,477;1,624;54%;21;11,851;1,934;43;26;18;01:14;4;54;26;994;;1.34;7.42;3.9;01:21;19.14;2,154.09;21.09;39.65;15,794.45;38;;10;7;3;20;2;1 hour;5;4;06:56;13:24;69%;3;11,029;;;2;2,154;
lucis204;2770;15;530;347;10;1,168;136,605;;5.28;8.07;1,668;754;176;124,450;37,564;1,189;761,700;772;12;;;1,189;0.02;3%;2.07;30%;136,605;;16;91,253;18;4,937;1,626;57%;18;21,793;4,950;45;23;27;02:42;10;44;14;3,101;;1.83;12.25;2.68;01:08;11.75;2,080.15;11.48;25.39;11,598.8;805;10;80;94;79;253;17;13 hours;66;25;01:15:20;57:56;38%;4;136,605;1,217;6;35;2,080;
LuckyC723;3709;23;557;436;13;1,316;132,570;2;6.19;7.91;2,077;1,132;287;115,343;49,413;2,222;1,084,219;776;22;;10;2,222;0.04;4%;3.29;42%;132,570;;30;83,867;33;9,874;1,194;54%;33;28,060;4,177;62;39;37;03:25;12;75;39;2,725;0.14;1.56;8.96;4.07;00:44;11.02;1,883.41;16.08;29.5;15,403.36;631;11;50;62;106;218;34;14 hours;70;26;52:26;02:06:24;37%;5;132,570;3,615;7;37;1,883;
Lyntune92;2616;4;4;2;2;7;410;;5.71;11.42;8;2;;405;139;7;2,809;4;;;;7;0.03;5%;4;34%;410;;;248;4;2,086;312;;4;2,809;410;8;2;4;00:11;;7;6;248;;1.2;5.71;;00:31;11.42;1,170.33;5.71;22.85;8,022.53;2;;0;1;0;1;;3 minutes;0;0;00:11;01:00;100%;;410;;;;1,170;
M5roosh_ksa;3563;3;6;;;14;1,509;;0.7;4.21;16;8;4;1,315;433;24;9,811;6;;;;24;0.02;5%;1.33;32%;1,509;;;893;6;2,474;632;41%;6;3,868;939;10;5;5;00:14;2;10;6;451;;1.09;8.42;2.8;00:17;4.21;1,058.7;5.61;11.22;6,884.64;12;2;1;1;0;2;;13 minutes;1;1;00:25;;35%;;1,509;939;;1;1,059;
makorin_is_a_Pen;2671;;;;;3;353;;;;;;;571;338;12;7,335;;;;;12;0.05;3%;;59%;353;;4;151;;5,975;272;;1;7,335;353;;;;;;12;8;151;;0.62;1.43;1.43;;;506.17;1.43;1.43;10,510.17;;;;;2;2;;3 minutes;1;;;;;;353;353;;1;506;
MamasNippel;3912;15;182;101;14;310;29,540;;4.86;8.76;614;336;90;32,880;15,610;783;331,076;208;7;;;783;0.04;5%;3.56;47%;29,540;;;20,693;17;9,792;1,304;72%;17;26,376;2,181;44;27;21;00:50;9;52;22;1,408;0.04;1.3;8.28;4.33;00:26;10.01;1,422.09;16.17;29.55;15,938.59;172;8;14;17;31;62;8;4 hours;21;9;09:04;29:25;43%;4;29,540;2,181;1;11;1,422;
maoaru;2425;6;11;2;;25;2,308;;1.03;5.69;28;5;;2,571;938;25;19,668;20;;;;25;0.02;2%;3.11;36%;2,308;;;1,254;8;5,092;499;40%;8;7,782;672;14;4;10;01:07;;14;13;347;;1.24;4.66;0.51;01:03;10.35;1,195.23;2.58;14.49;10,184.48;9;;1;3;3;7;;16 minutes;2;1;02:02;00:02;76%;;2,308;597;0;0;1,195;
Maranata01;4306;;;;;6;803;;5.02;5.02;7;2;;356;113;3;2,245;4;;;;3;0.02;2%;3.5;31%;803;;;379;4;1,473;484;29%;4;1,473;484;4;;3;00:16;;2;2;197;;2.62;10.05;;01:49;20.11;4,036.83;10.05;35.2;11,288.45;2;;0;0;0;1;;2 minutes;0;0;00:21;00:02;52%;;803;;;0;4,037;
Marlporo0707;0;13;159;125;12;508;46,301;;6.53;8.3;522;242;45;38,574;17,758;643;362,196;191;16;;4;643;0.04;3%;3.7;46%;46,301;;;20,106;21;11,427;1,106;55%;21;27,044;3,253;39;22;18;02:03;4;61;19;1,449;0.2;1.42;7.36;2.35;00:42;9.97;2,418.94;12.64;27.27;18,922.46;141;2;25;14;31;70;10;3 hours;19;12;13:41;21:17;63%;4;46,301;3,253;1;6;2,419;
masatosann;2383;12;262;182;14;875;96,318;;3.87;5.57;1,016;486;88;84,060;33,814;903;689,674;420;11;;;903;0.02;2%;2.91;40%;96,318;;4;47,875;17;8,885;1,718;53%;17;26,517;3,839;48;23;22;01:52;6;47;18;1,793;0.02;1.42;7.43;1.87;00:36;8.94;2,050.91;10.34;21.63;14,685.41;349;7;50;50;52;153;13;9 hours;47;25;28:53;31:16;54%;5;96,318;3,839;3;19;2,051;
Meepert;0;;;;;2;80;;;;;;;165;66;2;1,753;;;;;2;0.01;3%;;40%;80;;;80;;798;47;44%;;1,702;80;;;;00:02;;2;2;80;;0.52;16.62;;00:11;;330.56;;;7,285.84;4;;0;0;1;1;;2 minutes;0;;00:02;;;;80;;;0;331;
Megaan_57;3119;2;2;3;3;2;318;;16.19;10.79;9;2;;332;156;2;3,197;4;;;;2;0.01;1%;2.25;46%;318;;;170;3;1,528;277;;3;3,197;318;9;2;4;00:07;;2;2;170;;0.9;21.59;;00:38;21.59;1,716.54;10.79;48.59;17,261.48;4;;0;0;1;1;;3 minutes;0;0;00:07;;2%;3;318;318;0;0;1,717;
Meldavak;2788;11;44;32;6;110;10,579;;5.57;7.67;169;107;28;9,788;3,721;262;76,528;80;;;2;262;0.06;7%;3.59;38%;10,579;;;7,051;15;5,908;1,293;47%;15;14,712;2,841;25;16;20;01:41;5;54;23;1,573;0.34;1.8;8.19;4.88;00:57;13.94;1,844.4;18.65;29.46;13,342.1;47;;4;9;14;27;4;1 hour;6;4;05:31;10:34;64%;3;10,579;1,105;;2;1,844;
Merdrash;2964;18;90;30;6;145;13,448;;3.38;10.14;239;131;34;11,839;4,530;160;93,405;80;3;;;160;0.02;3%;3.67;38%;13,448;;2;8,915;19;5,128;833;50%;19;13,112;1,980;34;22;14;01:20;5;27;11;1,167;0.11;1.46;7.33;3.83;00:32;9.02;1,516.57;14.77;26.95;10,533.57;65;;13;9;7;29;3;1 hour;9;7;04:47;08:56;74%;4;13,448;1,936;;2;1,517;
MIKEYDYCE;3095;5;5;2;2;17;1,639;;1.32;3.32;11;4;;1,293;489;20;8,826;5;;;;20;0.02;4%;0.78;37%;1,639;;2;1,402;4;2,037;295;38%;4;6,659;899;10;4;5;00:09;;17;5;712;;2.08;9.3;0.66;00:06;3.32;1,089.26;2.65;7.3;5,863.81;14;;;;0;0;;11 minutes;2;;00:09;;;;1,639;;;2;1,089;
Miz_One;1490;9;169;112;6;815;59,571;;3.72;5.62;555;208;51;53,509;16,807;518;381,855;263;4;;;518;0.02;3%;2.63;31%;59,571;2;39;31,014;13;9,067;1,028;52%;13;16,043;2,009;21;11;13;02:22;3;25;12;1,196;0.03;1.6;7.02;1.69;01:05;8.75;1,981.93;6.92;18.46;12,704.4;211;;31;25;36;91;11;5 hours;30;15;33:01;10:52;49%;3;59,571;426;4;12;1,982;
Mlbjester7;3425;7;87;94;11;380;39,284;;5.99;5.55;405;179;39;29,036;9,848;447;194,464;197;9;;;447;0.03;4%;2.08;33%;39,284;;9;17,745;16;7,331;1,170;51%;16;13,156;3,376;27;17;16;01:57;5;28;14;1,323;;1.45;12.38;2.48;01:09;12.57;2,507.44;11.42;25.85;12,412.42;194;3;17;15;15;46;;3 hours;16;5;18:14;16:02;30%;4;39,284;105;1;10;2,507;
Morgenarc;3323;13;79;62;9;161;16,489;;6.15;7.83;279;121;23;22,037;7,873;201;161,431;124;5;;;201;0.02;2%;3.32;35%;16,489;;5;9,644;19;9,085;817;59%;19;20,605;2,773;49;19;30;01:36;5;31;10;1,258;;1.19;8.33;2.28;00:36;12.3;1,635.96;12;27.68;16,016.09;84;;9;12;11;32;3;2 hours;10;3;06:12;07:01;34%;5;16,489;632;0;6;1,636;
Mr_O_Blood_type_;0;2;5;2;2;27;2,909;;2.13;5.34;17;10;;2,247;1,020;23;21,907;10;;;;23;0.02;2%;1.41;45%;2,909;;;1,184;6;4,374;643;25%;6;8,478;1,063;7;5;5;00:10;;9;7;552;;1.42;12.83;;00:29;10.69;3,109.88;10.69;18.17;23,423.2;12;;1;1;2;3;;13 minutes;1;0;00:27;00:24;14%;;2,909;1,063;;1;3,110;
Mr_savage_75;0;9;15;7;5;26;2,221;;7.77;16.66;35;19;4;1,983;913;24;20,918;13;;;;24;0.02;2%;2.91;46%;2,221;;;1,468;11;3,068;456;49%;11;13,000;1,334;18;11;8;01:50;2;15;8;709;;1.67;13.33;4.44;02:20;14.44;2,467.97;21.11;38.89;23,246.71;12;;0;2;0;2;;14 minutes;1;0;02:06;04:30;50%;;2,221;1,334;;0;2,468;
MrBlueyes;2154;25;2,650;1,674;14;4,236;380,066;;4.82;7.64;9,150;5,131;1,617;522,041;187,307;8,229;3,585,726;3,973;50;6;6;8,229;0.03;4%;3.2;35%;380,066;14;329;286,056;23;10,402;1,106;55%;23;23,294;3,536;64;40;37;02:11;13;58;28;2,456;0.01;1.15;8.23;4.66;00:40;11.45;1,096.19;14.79;26.39;10,342.03;2,855;58;336;347;360;1,044;129;68 hours;347;184;03:53:58;07:02:38;52%;4;380,066;;19;144;1,096;
MrBurns_rj;2293;10;21;10;6;44;3,079;;4.96;10.42;49;24;6;3,838;1,420;47;26,567;22;;;;47;0.03;3%;3.26;36%;3,079;;;1,969;9;4,936;670;35%;9;11,982;1,766;24;12;12;01:32;4;24;9;1,154;;1.53;7.44;2.97;01:51;10.91;1,527.79;11.9;24.31;13,183.62;15;;1;4;3;8;;21 minutes;2;1;03:45;01:24;49%;;3,079;;;1;1,528;
mrfr33s3;2586;8;8;2;2;19;1,799;;4.82;19.31;19;12;4;1,211;452;30;9,194;11;;;;30;0.06;6%;2.71;37%;1,799;;;877;8;2,955;620;;8;8,567;1,599;19;12;11;00:31;4;30;13;760;;1.88;16.89;9.65;01:17;26.55;4,342.79;28.96;45.86;22,195.39;7;;0;0;1;2;;7 minutes;0;0;00:32;02:45;11%;3;1,799;;;0;4,343;
MRstyles4u;3112;3;3;3;3;16;2,867;;6.97;6.97;13;7;2;1,289;302;7;7,007;9;;;;7;0.01;2%;2.16;23%;2,867;;;1,386;7;3,576;1,179;29%;7;6,363;2,566;13;7;9;01:28;2;7;6;1,180;;2.92;13.94;4.64;03:54;20.92;6,664.48;16.27;30.22;16,288.76;6;;0;0;0;1;;7 minutes;0;;01:40;03:33;;;2,867;2,566;;0;6,664;
nagano-1;2513;;;;;5;946;;;;;;;627;247;2;4,755;;;;;2;0;0%;0.2;39%;946;;;436;;2,690;757;27%;1;3,404;757;;;;00:12;;2;2;285;;1.7;6.83;;00:17;;1,292.67;;1.36;6,497.78;5;;0;;1;1;;4 minutes;1;;00:12;;;;946;;;1;1,293;
Nahnee3838;2514;10;20;12;8;63;4,579;;4.77;7.96;70;43;12;3,356;1,192;59;22,186;26;;;;59;0.03;4%;7.77;35%;4,579;;3;1,444;10;3,793;724;42%;10;9,984;2,011;28;18;14;02:26;7;25;17;748;0.39;0.95;3.58;4.77;01:18;10.35;1,823.11;17.11;27.86;8,832.62;9;;2;6;2;10;;25 minutes;3;2;03:17;00:24;79%;3;4,579;;;1;1,823;
Nakles-Archon;0;26;1,351;743;17;2,002;187,962;2;6.14;11.17;4,131;2,131;341;211,127;88,559;3,626;1,934,683;1,395;52;3;41;3,626;0.04;4%;4.62;41%;187,962;;7;116,112;23;8,635;1,221;58%;23;30,240;3,232;63;35;27;02:08;9;77;26;1,918;0.33;1.36;7.38;2.82;00:44;11.53;1,554.53;17.62;34.16;16,000.73;893;14;170;110;169;450;71;23 hours;121;100;01:30:06;04:16:33;82%;5;187,962;2,668;2;19;1,555;
Natz_D_Chow;4100;23;517;373;15;1,233;92,013;3;8.02;11.12;1,671;952;207;88,393;41,418;2,005;961,957;532;21;;9;2,005;0.05;4%;3.6;46%;92,013;;9;55,754;23;13,150;1,402;73%;23;37,134;3,426;61;35;26;01:10;10;77;30;2,624;0.19;1.61;9.98;4.45;00:32;11.44;1,979.41;20.47;35.94;20,693.83;464;6;38;26;84;149;42;9 hours;46;38;24:57;02:27:28;80%;4;92,013;3,426;2;6;1,979;
Neiyao;0;10;27;17;4;95;10,646;;3.05;4.84;103;36;11;10,573;2,751;99;52,878;52;;;;99;0.02;3%;2.01;26%;10,646;;2;4,406;9;6,163;1,078;73%;9;8,950;1,875;24;9;18;02:23;2;23;8;896;0.17;1.06;9.15;1.97;01:21;9.33;1,912;6.46;18.49;9,496.82;51;;7;4;3;14;;1 hour;6;2;07:32;00:46;38%;;10,646;;0;3;1,912;
nekomaru_mi-san;1576;4;6;7;5;22;3,493;;4.96;4.25;24;12;;3,103;860;27;18,988;13;;;;27;0.02;3%;1.33;27%;3,493;;;1,708;9;6,258;1,144;30%;9;14,762;2,351;17;8;11;00:45;;18;7;1,104;;1.53;12.75;0.7;00:48;9.21;2,475.79;8.5;17.01;13,458.06;18;;3;;3;6;;18 minutes;1;0;01:08;00:15;29%;;3,493;2,351;;1;2,476;
Nemesis3456;2751;2;2;;;3;345;;;4.69;3;2;;424;183;8;3,741;;;;;8;0.03;4%;0.6;43%;345;;;246;2;1,522;243;;2;3,741;345;3;2;;00:00;;8;6;246;;1.14;11.73;2.34;00:01;;809.76;4.69;7.04;8,780.28;5;;;1;1;2;;3 minutes;0;;00:00;;;;345;;;0;810;
nerorule;2569;9;16;7;4;34;4,250;;4.76;10.88;38;18;7;2,503;779;44;16,412;11;;;;44;0.03;5%;1.65;31%;4,250;;;2,597;6;2,632;900;33%;6;7,087;2,242;16;9;8;01:11;6;20;13;1,147;;1.99;15.64;4.76;01:34;7.48;2,890.39;12.24;25.84;11,162.1;23;;1;2;2;5;;21 minutes;1;0;02:19;04:06;29%;;4,250;;;1;2,890;
NHLer89;0;6;16;6;3;29;3,237;;2.04;5.44;53;24;3;3,297;1,334;47;26,803;23;;;;47;0.03;3%;4.07;40%;3,237;;3;1,991;16;6,482;1,561;43%;16;7,485;1,561;18;10;7;00:35;2;23;9;925;;1.6;4.42;1.02;00:19;7.82;1,101.01;8.16;18.02;9,116.55;13;;2;5;6;12;;20 minutes;3;3;00:56;00:17;87%;3;3,237;;;0;1,101;
NickalaiHomebrew;3044;;;;;2;119;;;;;;;227;28;;719;;;;;;0;3%;;12%;119;;;64;;341;119;;;719;119;;;;00:00;;;;64;;0.39;24.38;;00:04;;965.51;;;5,847.22;3;;0;;0;0;;2 minutes;0;;00:00;;;;119;;;0;966;
nigeypo;2578;6;9;5;3;13;2,148;;2.55;4.59;42;19;3;3,594;1,537;51;30,506;16;;;;51;0.04;3%;2.62;42%;2,148;;2;1,225;18;6,866;476;45%;18;13,711;1,081;22;9;9;01:22;2;24;11;569;;0.98;8.16;1.53;01:00;8.16;1,096.38;9.69;21.43;15,569.1;16;;2;2;3;7;;20 minutes;2;1;01:58;00:32;48%;;2,148;;;1;1,096;
Ninja5976;3734;12;43;16;6;54;5,784;;4.12;11.08;110;59;11;4,207;1,812;169;38,946;24;;;;169;0.07;9%;4.4;43%;5,784;;6;3,266;14;3,658;849;52%;14;9,320;2,252;34;21;10;00:52;5;56;29;1,320;;1.5;6.44;2.83;00:43;6.18;1,491.02;15.21;28.35;10,040.57;25;;2;7;6;16;3;36 minutes;4;4;02:48;02:02;100%;3;5,784;;;;1,491;
NINJALEX323;3962;22;228;127;11;587;55,410;;6.42;11.53;669;306;40;36,914;15,433;638;363,549;295;15;;5;638;0.03;4%;3.21;41%;55,410;;;21,091;21;7,264;986;55%;21;28,454;4,204;47;24;26;02:00;5;49;16;1,576;0.25;1.27;10.51;2.02;01:17;14.91;2,802.23;15.47;33.83;18,385.68;208;4;27;16;32;75;12;4 hours;20;13;25:41;39:15;67%;4;55,410;4,204;;6;2,802;
NoirEt_B;3147;18;147;101;15;281;35,169;;7.63;11.11;468;253;60;29,055;11,921;536;270,179;190;4;;;536;0.04;4%;3.25;41%;35,169;;9;18,818;18;10,329;1,029;50%;18;29,697;3,835;45;25;20;01:57;10;55;18;1,728;;1.72;10.88;4.53;01:05;14.36;2,659.19;19.12;35.38;20,428.89;144;3;10;11;29;50;11;3 hours;13;6;14:26;45:18;44%;5;35,169;3,835;0;7;2,659;
nyanyamui_401;0;22;393;210;13;805;76,833;;4.88;9.14;1,118;520;94;82,211;28,961;1,077;608,021;533;17;2;6;1,077;0.02;3%;2.06;35%;76,833;;2;43,513;16;7,251;986;57%;16;24,816;4,116;50;27;27;02:56;5;68;20;1,956;0.13;1.18;12.58;2.18;01:20;12.39;1,787.32;12.09;26;14,144.01;541;18;48;52;36;136;3;10 hours;43;13;57:36;35:58;30%;4;76,833;1,995;0;29;1,787;
ohEvasive;3523;16;43;27;12;41;4,536;;8.89;14.17;130;70;13;4,787;1,991;100;39,488;58;3;;;100;0.05;5%;14.44;41%;4,536;;;3,038;24;5,264;1,031;46%;24;15,448;1,498;46;24;28;01:20;6;47;19;973;;1.62;2.96;4.28;00:51;19.11;1,494.91;23.07;42.84;13,014.29;9;;2;4;6;13;3;31 minutes;3;3;02:37;10:10;100%;3;4,536;;;;1,495;
oI_SPY_Io;4521;11;31;16;6;42;4,429;;5.29;10.25;103;55;13;4,518;1,671;132;36,509;23;3;;;132;0.06;7%;4.47;36%;4,429;;;3,410;12;4,226;470;46%;12;8,539;926;36;18;10;00:38;6;38;18;910;;1.68;7.6;4.29;00:24;7.6;1,464.44;18.18;34.05;12,071.72;23;2;3;2;2;8;;33 minutes;3;3;01:15;03:45;98%;3;4,429;926;;0;1,464;
Oka-Pik;0;4;6;3;2;11;1,079;;3.47;6.94;15;6;2;1,265;338;16;7,092;5;;;;16;0.02;4%;3.75;26%;1,079;;;1,033;6;3,847;866;23%;6;3,847;866;9;3;4;01:20;;9;8;859;;1.66;4.62;2.31;01:34;5.78;1,249;6.94;17.35;8,207.23;4;;1;2;1;4;;10 minutes;1;0;01:21;01:14;38%;;1,079;;;1;1,249;
OlyMpiC_GER;3000;4;4;4;4;7;784;;9.87;9.87;10;7;4;544;191;4;3,970;;;;;4;0.01;2%;2.5;35%;784;;;508;3;1,491;419;;3;3,970;784;10;7;;00:12;4;4;3;508;;2;9.87;9.87;00:30;;1,933.55;17.27;24.67;9,796.85;4;;;;1;1;;4 minutes;0;0;00:12;00:27;100%;;784;;;;1,934;
Omegax_87;0;6;6;2;2;10;937;;3.08;9.26;17;5;2;592;236;16;5,523;;;;;16;0.04;6%;8.5;39%;937;;;554;9;3,879;635;39%;9;5,523;937;17;5;;00:00;2;16;8;554;;1.53;3.08;3.08;00:00;1.54;1,446.68;7.71;26.24;8,527.26;2;;1;1;;2;;6 minutes;1;1;00:00;;100%;;937;937;;;1,447;
Opticflare64;2437;16;280;233;12;704;71,022;;5.53;6.64;1,177;654;158;76,420;28,223;1,414;588,533;486;12;;3;1,414;0.04;5%;4.31;36%;71,022;;34;48,295;18;14,648;1,476;55%;18;31,004;4,488;52;28;25;01:57;9;82;26;2,748;0.07;1.7;6.48;3.75;00:42;11.53;1,686.17;15.52;27.94;13,972.69;273;3;27;36;90;154;32;7 hours;42;19;30:10;01:11:08;46%;4;71,022;4,488;1;22;1,686;
OttoFemtusen;2831;16;79;58;14;191;16,357;;6.93;9.44;275;142;37;14,255;5,610;249;110,203;118;;;2;249;0.04;4%;4.1;39%;16,357;;7;9,041;15;6,174;952;100%;15;16,310;2,286;47;31;22;01:59;7;41;14;1,417;0.23;1.54;8.01;4.42;01:09;14.1;1,955.62;16.97;32.87;13,176.14;67;;8;6;20;34;5;1 hour;8;6;09:40;16:56;68%;;16,357;;;3;1,956;
OttovonKillmark;2758;20;44;24;17;80;7,314;;8.11;14.88;124;65;13;5,825;2,138;109;43,618;65;;;;109;0.04;5%;3.87;36%;7,314;;;4,728;12;3,913;1,292;42%;12;19,443;3,204;59;33;34;02:07;6;38;8;2,093;0.33;2;10.82;4.39;01:22;21.98;2,474.18;21.98;41.94;14,754.75;32;;1;4;7;12;2;39 minutes;3;2;04:03;09:33;67%;3;7,314;;;1;2,474;
oualid32;4267;30;1,653;846;19;3,067;288,641;2;6.91;13.5;4,461;2,381;466;222,752;101,165;4,326;2,182,934;1,761;47;;27;4,326;0.04;4%;4.28;45%;288,641;;9;158,644;35;14,512;1,854;100%;35;37,261;6,249;74;49;35;03:00;14;92;35;3,363;0.22;1.65;8.51;3.8;01:02;14.38;2,358.02;19.45;36.44;17,833.27;1,042;15;100;96;241;437;85;26 hours;122;72;02:08:16;06:17:30;58%;4;288,641;6,249;5;46;2,358;
praktommy;3673;13;223;183;11;529;49,547;;5.88;7.16;916;458;79;61,415;22,507;1,046;500,026;362;11;;;1,046;0.04;4%;3.16;36%;49,547;;7;32,061;20;9,012;1,102;50%;20;22,874;2,852;44;24;25;01:48;7;58;18;1,776;0.03;1.3;9.29;2.53;00:43;11.63;1,592.96;14.72;29.45;16,076.19;289;5;31;29;34;94;7;6 hours;31;14;22:24;45:34;45%;5;49,547;2,538;1;15;1,593;
Prey1nMantis;2494;19;204;106;14;328;31,310;;5.66;10.9;571;332;99;27,904;10,303;396;216,291;266;3;;;396;0.02;3%;7.22;36%;31,310;;14;18,365;19;7,895;1,302;49%;19;27,764;3,199;58;32;32;02:29;10;38;22;1,676;0.05;1.37;4.22;5.29;00:50;14.22;1,674.41;17.75;30.53;11,566.82;79;;22;19;36;77;10;3 hours;19;10;15:42;36:08;52%;4;31,310;3,199;2;6;1,674;
Prince_Fatman;0;18;249;145;15;470;53,160;;5.24;9;830;482;139;49,771;19,746;763;426,843;338;6;;;763;0.03;3%;2.73;39%;53,160;;4;34,356;16;5,981;1,049;65%;16;30,490;3,422;54;32;24;01:52;12;42;17;2,289;0.03;1.65;10.96;5.02;00:51;12.22;1,922.92;17.43;30.02;15,439.81;303;11;26;21;46;94;16;5 hours;28;13;23:45;01:01:46;46%;4;53,160;3,422;1;14;1,923;
Prophesizee;3087;13;60;23;7;91;7,505;;5.16;13.47;174;106;18;7,748;3,416;213;74,682;69;;;;213;0.06;6%;5.11;44%;7,505;;;5,558;15;5,112;880;48%;15;13,386;1,461;32;18;18;02:09;4;46;19;1,245;;1.63;7.63;4.04;01:11;15.49;1,685.4;23.8;39.07;16,770.55;34;;5;3;8;16;3;56 minutes;4;2;05:17;11:36;44%;;7,505;1,461;1;1;1,685;
PucKProof;3499;17;215;157;15;375;36,886;;7.95;10.89;856;522;113;40,208;18,415;1,032;410,959;334;12;;;1,032;0.06;5%;4.52;45%;36,886;;2;21,139;29;9,433;1,022;66%;29;42,333;3,742;60;39;31;02:07;13;106;39;2,265;0.05;1.38;9.58;5.72;00:59;16.93;1,869.99;26.46;43.39;20,834.36;189;3;13;11;50;73;19;4 hours;20;15;19:28;01:41:49;73%;4;36,886;3,742;;5;1,870;
QueenoftheAndals;2486;;;;;5;310;;3.26;;5;3;;424;256;8;4,958;3;;;;8;0.04;3%;1.66;60%;310;;;159;3;3,041;190;;3;4,958;310;5;3;3;00:04;;8;7;159;;0.87;9.8;3.26;00:14;9.8;1,014.36;9.8;16.33;16,201.44;3;;0;0;1;1;;3 minutes;0;;00:04;;;;310;;;0;1,014;
raeinthesnow;2332;2;2;4;4;5;272;;14.33;7.16;10;5;;712;296;9;5,198;5;;;;9;0.02;3%;1.25;41%;272;;;102;4;1,525;213;;4;5,198;272;10;5;5;00:22;;9;3;102;;0.29;28.67;3.58;01:20;17.92;974.39;17.92;35.84;18,635.32;8;;0;;1;1;;5 minutes;0;0;00:22;;100%;3;272;;;;974;
RaxesTheWise;2506;6;7;3;2;11;965;;3.47;8.1;18;7;5;1,421;519;27;9,445;6;;;;27;0.05;5%;3.6;36%;965;;;787;7;2,532;332;;7;7,140;836;15;5;4;00:13;3;15;12;657;;1.49;5.78;5.78;00:16;6.94;1,117.04;8.1;20.83;10,931.27;5;;2;0;0;3;;8 minutes;1;1;00:13;;100%;;965;;;;1,117;
redsunset7;2665;8;11;4;2;12;1,493;;3.86;10.63;33;15;2;1,744;487;16;8,865;14;;;;16;0.02;3%;8.25;27%;1,493;;;481;12;2,972;1,021;31%;12;5,893;1,021;21;8;9;00:26;2;12;12;334;;0.83;3.86;1.93;00:35;13.53;1,443.16;14.49;31.89;8,567.79;4;;0;2;1;4;;9 minutes;1;1;00:37;00:25;100%;3;1,493;;;;1,443;
Remix829;2518;2;2;;;2;299;;2.23;4.46;5;5;2;578;192;8;4,131;;;;;8;0.03;4%;5;33%;299;;;299;3;2,763;189;33%;3;4,131;299;5;5;;;2;8;5;299;;1.24;2.23;4.46;;;668.6;11.16;11.16;9,223.59;;;0;0;1;2;;3 minutes;0;;;;;;299;;;0;669;
rencpee;2745;;;;;11;1,564;;1.43;;10;5;;1,040;353;15;6,251;4;;;;15;0.02;4%;1.11;33%;1,564;;;1,052;4;1,648;405;44%;4;3,403;622;7;4;4;00:31;;7;4;387;;2.02;12.94;;01:19;5.75;2,250.65;7.19;14.38;8,992.93;9;;1;1;1;2;;8 minutes;1;0;00:55;;9%;;1,564;;;1;2,251;
res1tvih;2842;7;13;7;5;27;2,904;;5.54;10.3;42;21;2;3,419;826;30;15,480;26;;;;30;0.02;3%;2.47;24%;2,904;;10;1,951;9;2,679;827;20%;9;6,045;998;19;10;15;01:34;2;12;6;825;;1.72;13.47;1.58;01:27;20.6;2,301.85;16.64;33.29;12,269.91;17;;1;2;0;3;;18 minutes;1;1;01:50;00:14;81%;3;2,904;;;0;2,302;
ReturnOfGuigs;2704;7;18;9;5;61;4,389;;3.45;6.91;62;40;10;5,811;2,021;82;41,473;15;;;;82;0.03;4%;1.47;34%;4,389;;;2,862;6;3,587;357;42%;6;16,622;1,675;23;18;5;01:15;4;42;10;1,080;;1.22;16.12;3.83;01:26;5.75;1,685.01;15.35;23.8;15,923.49;42;;5;1;3;8;;38 minutes;3;0;03:45;01:42;4%;;4,389;;;2;1,685;
Rhinoblue123RED;2209;11;132;112;9;269;26,605;;5.85;6.9;499;252;70;38,168;10,665;371;204,473;228;8;;2;371;0.02;3%;3.51;27%;26,605;;12;18,822;16;6,595;731;44%;16;19,336;2,363;38;23;20;02:40;7;43;17;1,590;0.1;1.34;7.42;3.66;01:01;11.92;1,391.82;13.18;26.1;10,696.98;142;;19;27;19;66;7;3 hours;19;12;19:40;22:14;62%;4;26,605;2,363;2;5;1,392;
Rohannosaurus;2580;;;;;5;706;;;;4;;;452;155;13;3,335;;;;;13;0.06;8%;;34%;706;;;449;4;1,979;596;;4;3,335;706;4;;;;;13;11;449;;2.16;10.58;;;;1,868.15;;10.58;8,826.5;4;;0;0;1;2;;3 minutes;0;;;;;;706;;;0;1,868;
RozGuun;0;;;;;3;315;;;;;;;120;39;5;746;;;;;5;0.05;12%;;32%;315;;;181;;376;101;;;746;315;;;;;;5;2;181;;1.88;32.79;;;;3,445.59;;;8,156.8;3;;0;;0;0;;1 minute;0;;;;;;315;;;0;3,446;
ruinknives;2843;18;183;111;10;374;37,877;;4.76;7.85;705;324;72;40,874;19,203;809;397,308;295;6;2;;809;0.04;4%;4.66;46%;37,877;;;21,508;23;10,206;1,463;67%;23;26,784;2,609;44;30;27;02:02;9;64;22;1,781;;1.14;6.48;3.09;00:40;12.66;1,626.7;13.91;30.27;17,063.13;151;4;24;18;25;68;7;5 hours;23;12;15:35;30:05;52%;4;37,877;1,679;1;10;1,627;
Rundle0509;3962;11;58;24;5;94;9,937;;3.68;8.91;179;95;17;10,725;3,811;195;85,216;69;;;2;195;0.04;5%;4.26;35%;9,937;;5;5,446;15;7,432;798;54%;15;16,228;1,935;32;17;13;01:35;3;38;18;1,022;0.3;1.28;6.45;2.61;00:47;10.6;1,526.68;14.59;27.5;13,092.19;42;;6;4;10;20;5;1 hour;7;6;05:08;08:23;93%;3;9,937;1,935;;0;1,527;
RyanAM;3889;5;34;25;6;69;6,955;;5.24;7.13;135;57;11;7,528;2,906;139;58,064;33;;;;139;0.03;4%;3.97;38%;6,955;;;3,550;19;4,587;802;53%;19;7,661;1,591;21;8;6;00:18;3;19;15;664;;1.02;7.13;2.3;00:12;6.92;1,458.7;11.95;28.31;12,177.6;34;;3;4;6;13;2;57 minutes;5;3;00:57;01:35;69%;;6,955;802;;1;1,459;
ryu-eight;3000;30;644;361;16;1,296;113,086;;5.37;9.58;1,864;984;252;125,193;56,607;2,139;1,168,167;638;14;3;4;2,139;0.04;3%;2.86;45%;113,086;;19;64,620;20;10,518;1,291;58%;20;37,130;3,178;68;43;20;01:37;14;73;30;1,905;0.05;1.35;9.69;3.75;00:41;9.49;1,683.6;14.64;27.75;17,391.45;651;5;63;64;111;238;35;13 hours;67;29;46:18;01:56:18;43%;4;113,086;;3;35;1,684;
Saber-x-wolf;2666;11;63;69;8;158;12,754;;4.66;4.25;308;154;41;28,137;9,483;439;185,404;142;4;;;439;0.04;4%;4.27;33%;12,754;;10;10,997;15;7,871;720;41%;15;22,858;1,158;45;21;27;00:52;7;60;22;853;0.06;1.19;4.86;2.77;00:21;9.6;862.28;10.41;20.82;12,534.58;72;;13;16;20;48;6;2 hours;15;6;05:20;11:45;41%;3;12,754;808;;9;862;
samurainu;2412;9;40;63;6;259;28,785;;2.47;1.57;321;115;24;29,110;10,754;372;200,607;166;;;;372;0.02;3%;2;36%;28,785;;2;16,536;22;7,939;1,064;63%;22;11,004;1,974;27;10;19;02:23;3;22;17;916;;0.97;6.29;0.94;00:49;6.52;1,132.11;4.52;12.62;7,889.81;160;4;29;16;12;57;;4 hours;25;4;21:02;04:29;13%;3;28,785;1,032;1;21;1,132;
sbkkzy;0;6;55;56;8;285;28,765;;4.99;4.91;227;115;27;20,514;8,318;283;179,517;104;6;;;283;0.03;3%;2.29;40%;28,765;;;11,456;18;6,446;1,435;54%;18;20,275;4,349;32;12;18;02:46;3;37;21;1,816;0.08;1.32;8.83;2.41;01:22;9.28;2,568.21;10.26;20.26;16,027.73;99;;14;16;12;41;;2 hours;11;2;15:27;05:41;21%;4;28,765;4,349;;9;2,568;
Scrufster;2197;2;4;9;4;25;2,997;;6.67;2.96;26;11;;2,099;879;35;17,052;11;;;;35;0.03;3%;1.73;41%;2,997;;3;1,488;5;2,037;968;42%;5;6,990;1,731;12;6;5;01:42;;16;5;795;;1.39;11.12;0.74;02:07;8.15;2,222.66;8.15;19.28;12,646.3;15;;3;1;0;4;;17 minutes;1;1;02:52;00:41;46%;4;2,997;;0;0;2,223;
Shadowfox55;2974;9;132;98;5;452;42,472;;3.84;5.18;595;280;67;41,530;13,398;752;261,770;261;8;;;752;0.04;5%;2.94;32%;42,472;;3;22,593;18;5,112;1,245;51%;18;9,904;1,674;36;15;25;02:05;6;34;26;880;0.03;1.27;7.93;2.63;00:34;10.24;1,667.52;10.99;23.36;10,277.49;202;4;27;24;16;67;8;4 hours;25;12;14:42;22:38;47%;3;42,472;40;;13;1,668;
shadowstrixx;2873;3;8;10;5;51;5,936;;3.21;2.57;38;15;3;4,438;1,538;46;31,018;18;;;;46;0.02;2%;1.31;34%;5,936;;;2,622;9;3,600;858;;9;9,697;2,310;13;4;7;00:27;;13;9;586;;1.47;9.33;0.96;00:13;5.79;1,910.66;4.82;12.23;9,984.68;29;;3;3;4;10;;29 minutes;3;1;00:43;00:33;34%;3;5,936;;;2;1,911;
Signal_Graph;0;11;73;45;8;174;18,201;;4.73;7.68;240;112;20;18,817;8,425;285;179,525;100;4;;;285;0.03;3%;2.4;44%;18,201;;;9,223;15;7,541;848;53%;15;28,713;2,018;40;24;17;02:01;6;56;18;971;;1.24;10.53;2.1;00:45;10.53;1,916.73;11.79;25.27;18,905.78;100;2;11;6;11;27;4;2 hours;9;6;07:11;11:54;58%;4;18,201;1,143;0;4;1,917;
sloohy99;2683;11;67;39;8;155;13,169;;5.47;9.4;181;99;38;9,168;3,479;149;70,078;74;2;;;149;0.02;4%;2.62;37%;13,169;3;10;9,849;12;4,045;1,000;53%;12;10,222;2,592;39;17;11;01:27;8;44;16;1,817;;1.87;9.68;5.33;01:02;10.38;1,847.95;13.89;25.39;9,833.6;69;6;6;7;8;21;2;1 hour;7;2;07:24;13:17;33%;3;13,169;;;5;1,848;
Smithered;0;4;4;8;7;16;1,735;;10.22;5.11;33;15;2;1,965;650;50;14,242;9;;;;50;0.05;7%;2.75;33%;1,735;;;1,146;11;3,230;447;;11;12,047;1,394;31;14;9;00:25;;48;13;828;;1.29;15.33;2.55;00:37;11.49;2,216.72;19.16;42.15;18,194.96;12;;0;1;2;3;;14 minutes;1;0;00:29;00:35;17%;4;1,735;1,394;;1;2,217;
SNAKE714;3590;3;6;6;3;64;3,432;;3.77;3.77;34;14;;2,863;1,312;32;27,055;10;;;;32;0.02;2%;4.25;45%;3,432;;;1,371;14;12,175;1,057;100%;14;12,175;1,225;14;5;7;00:02;;11;11;606;;0.97;5.03;0.62;00:02;6.29;2,159.14;8.8;21.38;17,019.8;8;;1;2;2;5;;23 minutes;2;0;00:03;00:55;22%;3;3,432;1,225;;1;2,159;
SpanishK;2586;;;;;16;1,299;;;1.11;11;4;2;1,035;291;31;8,202;5;;;;31;0.04;10%;0.84;28%;1,299;;;952;4;1,359;233;31%;4;3,164;472;6;2;3;00:08;;21;8;401;;1.36;14.53;2.23;00:25;5.58;1,452.07;4.47;12.29;9,169.61;13;;1;1;0;2;;11 minutes;1;0;00:23;;54%;;1,299;472;;0;1,452;
stiouf3;3519;6;6;;;8;615;;;12.93;6;3;;606;277;11;6,334;;;;;11;0.03;3%;0.75;45%;615;;;515;3;1,820;220;45%;3;6,163;524;6;3;;00:06;;11;6;462;;1.44;17.24;;00:18;2.15;1,325.62;6.46;12.93;13,656.79;8;;0;0;0;1;;5 minutes;0;0;00:08;;0%;;615;;;0;1,326;
STOP_iseGamin_tv;3049;4;8;3;;21;1,736;;1.69;4.51;17;6;;1,592;409;20;8,905;6;;;;20;0.02;4%;1.06;25%;1,736;;;864;5;2,097;495;31%;5;2,726;673;7;3;3;00:03;;6;4;507;;1.23;9.03;;00:08;3.38;980.9;3.38;9.6;5,030.68;16;;1;0;1;2;;11 minutes;2;0;00:15;00:04;13%;;1,736;;;2;981;
stormavatar;4579;9;43;29;9;81;5,330;;7.71;11.44;134;61;13;5,752;2,565;92;51,933;38;2;;;92;0.03;3%;4.46;44%;5,330;;;3,918;14;5,502;833;60%;14;11,951;1,265;30;12;10;00:56;4;25;9;921;0.26;1.46;7.98;3.46;00:35;10.11;1,418.82;16.23;35.66;13,824.02;30;;5;3;6;13;3;44 minutes;4;3;02:11;06:43;85%;3;5,330;;;1;1,419;
STRATO-ARCTICA;2431;3;3;3;3;14;1,512;;3.96;3.96;17;10;;1,474;503;30;10,411;10;;;;30;0.04;5%;1.7;34%;1,512;;;645;7;2,976;901;;7;10,411;1,512;17;10;10;01:04;;30;9;645;;1.06;13.2;1.32;01:25;13.2;1,996.09;13.2;22.44;13,744.8;10;;1;2;1;3;;10 minutes;1;;01:04;01:16;;;1,512;;;1;1,996;
subzilllaa;3496;23;342;190;19;628;50,093;;7.08;12.75;789;428;101;44,377;17,797;766;405,610;256;17;;4;766;0.03;4%;2.5;40%;50,093;;7;31,414;19;7,702;1,234;47%;19;24,871;3,251;50;30;14;01:06;10;57;24;1,661;0.14;1.56;11.75;3.76;00:40;9.55;1,868.88;15.96;29.43;15,132.73;315;5;31;18;26;75;10;5 hours;27;11;17:58;58:22;41%;5;50,093;3,251;1;15;1,869;
SugahFree;3000;7;36;24;5;111;9,447;;6.13;9.2;134;75;14;7,352;3,398;104;65,165;54;2;;;104;0.03;3%;7.44;46%;9,447;;;4,085;18;7,255;1,433;53%;18;12,690;2,029;18;11;10;00:52;4;16;16;712;0.25;1.36;4.6;3.57;00:51;13.8;2,414.7;19.16;34.24;16,655.93;18;;4;2;9;15;3;49 minutes;4;2;03:20;07:41;52%;3;9,447;;0;2;2,415;
Surrturr;3138;2;3;4;3;18;2,262;;3.81;2.86;19;9;;1,649;662;17;13,690;8;;;;17;0.02;2%;1.35;40%;2,262;;;1,231;5;2,635;361;39%;5;8,329;1,030;13;6;6;00:23;;12;3;552;;1.56;13.36;;00:40;7.63;2,158.73;8.58;18.13;13,065.9;14;;1;0;2;4;;13 minutes;1;;00:41;00:20;;;2,262;1,030;0;1;2,159;
swagboy1235;0;;;;;2;174;;;;;;;203;113;2;2,218;;;;;2;0.02;1%;;55%;174;;;174;;2,218;174;55%;;2,218;174;;;;00:02;;2;2;174;;2.22;4.97;;00:13;;867.93;;;11,036.45;;;;;0;0;;1 minute;0;;00:02;;;;174;;;0;868;
Swegg-Lawdd;0;4;6;5;3;23;3,043;;4.96;5.96;24;9;2;2,235;718;28;14,088;9;;;;28;0.03;3%;3;32%;3,043;;;1,475;5;2,442;700;25%;5;7,540;1,300;10;5;4;00:28;2;13;11;643;;1.84;7.94;1.98;00:38;8.94;3,023.97;8.94;23.84;13,998.32;8;;2;1;1;4;;13 minutes;1;1;00:38;00:07;64%;;3,043;813;;0;3,024;
SwiperThe1;4252;9;64;34;8;84;8,867;;4.78;9;207;116;34;9,616;3,886;183;79,130;59;;;;183;0.04;4%;4.59;40%;8,867;;;6,226;14;4,811;646;52%;14;11,368;1,675;42;31;11;00:49;12;43;23;1,307;0.14;1.46;6.33;4.78;00:29;8.3;1,248.06;16.32;29.13;11,138.4;45;;6;7;6;19;2;1 hour;7;7;03:32;13:24;93%;5;8,867;1,060;;0;1,248;
T4nh3ngz;3751;18;701;398;14;705;73,241;;5.53;9.74;2,463;1,148;285;123,507;47,733;2,030;933,199;749;18;;5;2,030;0.04;4%;6.15;38%;73,241;;22;48,934;27;9,137;897;55%;27;24,338;2,946;51;29;27;01:52;10;69;28;1,930;0.06;1.03;5.56;3.96;00:36;10.41;1,018.3;15.96;34.24;12,974.79;400;5;63;70;95;228;46;13 hours;72;66;44:13;01:44:23;91%;4;73,241;620;0;6;1,018;
tails1tale;3470;10;31;25;11;61;7,731;;10.02;12.43;107;52;14;6,122;2,398;94;56,427;63;;;;94;0.03;3%;3.68;39%;7,731;;3;2,881;14;4,875;1,686;39%;14;20,540;3,750;42;18;29;01:47;6;36;11;999;;1.19;11.63;5.61;01:32;25.26;3,100.89;20.85;42.91;22,631.81;29;;3;1;6;10;2;40 minutes;2;1;03:50;14:18;28%;3;7,731;3,750;0;2;3,101;
Taimbot;3653;11;34;21;7;59;5,227;;5.3;8.58;105;61;17;5,860;2,714;126;60,142;34;;;;126;0.04;4%;3.88;46%;5,227;;;3,775;15;10,776;1,458;55%;15;25,244;1,458;40;26;17;01:03;6;56;35;917;;1.38;6.81;4.29;00:22;8.58;1,319.38;15.39;26.5;15,180.38;27;;4;2;8;13;2;45 minutes;4;3;01:30;08:57;86%;3;5,227;1,458;;1;1,319;
tarnys;0;7;17;14;5;43;4,309;;6.78;8.23;72;37;4;3,566;1,519;89;29,772;22;;;;89;0.06;5%;5.14;42%;4,309;;;3,011;17;5,748;1,163;46%;17;12,318;1,565;26;10;8;00:43;;40;19;1,038;;2.06;6.78;1.93;00:50;10.66;2,088.3;17.93;34.89;14,428.35;14;;2;2;3;7;;24 minutes;2;1;01:44;06:10;49%;4;4,309;;;1;2,088;
teehtf;4293;23;74;33;11;64;6,965;;6.41;14.39;165;76;18;7,679;3,193;180;72,346;56;3;;3;180;0.04;5%;3.75;41%;6,965;;;5,017;14;4,986;971;48%;14;20,553;2,115;50;26;17;01:10;8;47;11;1,471;0.58;1.34;8.55;3.5;00:45;10.89;1,354.92;14.78;32.09;14,072.96;44;;7;6;6;19;2;1 hour;5;5;03:51;09:20;95%;3;6,965;2,115;;0;1,355;
ThatOneSnooron;3600;;;3;3;2;231;;13.05;;3;;;378;144;5;3,045;;;;;5;0.02;3%;0.75;38%;231;;;86;3;1,538;119;;3;3,045;231;3;;;00:11;;5;3;86;;0.42;17.4;4.35;00:51;;1,004.77;4.35;13.05;13,248.51;4;;0;0;1;1;;3 minutes;0;0;00:11;;100%;;231;;;;1,005;
The_Bob_tw;3073;12;20;5;3;42;4,218;;3.66;14.67;55;27;4;3,481;1,494;55;34,676;34;;;;55;0.03;3%;2.75;42%;4,218;;;2,643;18;5,285;836;;18;18,955;2,140;38;17;26;02:27;3;31;17;1,256;;1.8;14.67;2.93;02:15;24.94;3,094.9;19.81;40.35;25,445.85;20;;1;2;3;6;;24 minutes;1;1;03:04;04:21;51%;;4,218;2,140;;1;3,095;
TheeObamanation;0;20;119;77;12;528;51,056;;4.58;7.08;355;150;16;31,827;9,587;327;204,048;233;2;;2;327;0.02;3%;1.2;30%;51,056;;;25,876;11;4,373;1,369;42%;11;23,797;5,874;51;20;33;05:56;3;42;14;2,647;0.11;1.85;17.49;0.95;02:25;13.86;3,038.77;8.92;21.12;12,144.66;294;2;15;17;23;56;;3 hours;17;5;40:47;16:28;32%;3;51,056;;0;11;3,039;
theNichibro;2655;8;9;4;4;12;1,379;;3.55;7.99;27;10;2;1,811;787;23;14,856;11;;;;23;0.03;2%;9;43%;1,379;;;1,203;24;6,885;671;;24;9,916;708;26;9;11;00:17;2;19;15;671;;1.69;2.66;1.77;00:15;9.77;1,224.97;8.88;23.98;13,198.9;3;;;;2;2;;11 minutes;1;;00:17;00:39;;;1,379;;0;1;1,225;
TheRagerGamer;3991;13;182;88;9;258;22,958;;6.09;12.6;511;239;53;26,695;10,203;468;225,253;209;10;;;468;0.03;4%;4.36;38%;22,958;;2;13,515;24;9,371;676;50%;24;16,618;1,495;40;20;22;00:43;7;41;20;1,079;;1.11;8.1;3.67;00:40;14.47;1,589.9;16.55;35.38;15,599.61;117;3;15;13;18;45;2;3 hours;14;7;09:38;18:29;49%;4;22,958;1,495;0;7;1,590;
TheWeissmann40;2915;;;;;2;237;;;;;;;193;42;3;719;;;;;3;0.02;7%;;21%;237;;;237;;418;237;;;719;237;;;;00:03;;3;2;237;;2.24;18.72;;00:36;;2,220.16;;;6,729.15;2;;0;0;0;1;;1 minute;0;0;00:03;;100%;;237;;;;2,220;
Thirsty_Cat;0;5;8;2;;18;1,661;;1.58;6.33;18;6;;1,772;603;39;13,612;9;;;;39;0.05;6%;1.5;34%;1,661;;;918;5;2,773;579;53%;5;4,751;579;10;3;7;00:19;;23;17;306;;1.27;9.49;0.79;00:42;7.12;1,315.06;4.74;14.24;10,774.32;12;;1;1;2;4;;12 minutes;1;;00:54;00:20;;;1,661;365;;1;1,315;
timohilde86;3478;;;;;16;1,880;;1.11;1.11;8;;;933;283;16;5,957;2;;;;16;0.02;5%;0.53;30%;1,880;;;1,205;3;1,233;407;;3;3,266;977;4;;;00:05;;11;6;714;;1.9;16.74;1.11;00:07;2.23;2,098.24;1.11;8.92;6,648.51;15;;1;0;0;1;;10 minutes;1;0;00:06;;22%;;1,880;;;1;2,098;
tinysparkles;3258;10;112;63;7;252;25,499;2;4.74;8.43;364;163;27;22,927;8,547;396;172,717;147;;;5;396;0.03;4%;2.3;37%;25,499;;2;15,194;16;5,791;1,087;56%;16;11,373;2,015;40;18;15;01:37;3;35;21;1,371;0.37;1.38;11.89;2.03;01:00;11.06;1,919.77;12.27;27.4;13,003.45;158;5;14;13;12;38;2;3 hours;13;6;13:29;10:25;43%;3;25,499;675;;8;1,920;
tomidaiki;2827;;;;;3;253;;;;;;;94;40;;994;;;;;;;;;42%;253;;;182;;994;253;;;994;253;;;;00:03;;;;182;;2.91;17.97;;01:00;;4,553.61;;;17,859.39;;;;;;;;1 minute;0;0;00:03;;100%;;253;;;;4,554;
towearacrown;0;15;30;15;9;53;4,498;;6.51;13.02;81;46;15;5,447;2,724;146;55,896;26;2;;;146;0.07;5%;10.12;50%;4,498;;;3,022;14;11,102;977;54%;14;30,128;2,272;41;25;15;00:52;6;62;24;1,579;;1.61;3.47;6.51;00:33;11.29;1,953.42;19.97;35.17;24,272.96;8;;0;;6;6;3;31 minutes;2;1;01:16;05:01;62%;5;4,498;;;1;1,953;
TwiilightRubi;2481;;;;;2;151;;;;;;;161;21;;349;;;;;;;;;13%;151;;;100;;332;151;;;349;151;;;;00:02;;;;100;;1.52;21.78;;00:31;;1,640.7;;;3,801.98;2;;0;0;;0;;1 minute;0;;00:02;;;;151;;;0;1,641;
Ultimate-X23;0;;;;;;200;;;13.98;2;;;46;21;;381;;;;;;0.01;4%;2;45%;200;;;200;2;381;200;;2;381;200;2;;;;;;;200;;3.45;13.98;;;;2,797.55;13.98;27.97;5,324.56;;;0;;0;0;;57.834439986385405 seconds;0;0;;;69%;;200;;;0;2,798;
Uryu_CsP;4529;21;302;185;10;625;66,212;;6.15;10.04;992;553;142;55,748;23,697;1,361;512,747;316;9;;3;1,361;0.05;5%;3.06;42%;66,212;;4;41,968;19;8,415;1,131;71%;19;28,447;3,348;47;31;18;01:26;12;82;31;1,983;0.09;1.8;10.77;4.72;00:39;10.5;2,201.74;18.38;32.98;17,050.39;324;11;23;20;55;98;13;6 hours;30;22;19:41;01:29:20;73%;3;66,212;3,348;0;8;2,202;
vansama813;2031;;;;;6;554;;2.44;2.44;9;5;3;675;272;12;5,196;3;;;;12;0.03;4%;1.12;40%;554;;;538;2;1,389;348;;2;5,196;554;9;5;3;00:28;3;12;5;538;;1.41;19.55;7.33;01:10;7.33;1,353.18;12.21;21.99;12,698.58;8;;;;0;0;;6 minutes;0;;00:28;;;;554;;;0;1,353;
VayneHelsing;2898;12;87;46;8;208;21,588;;4.93;9.34;248;140;40;14,405;4,557;207;94,427;100;;;;207;0.03;4%;2.78;31%;21,588;;9;10,895;15;4,771;894;33%;15;15,927;3,341;36;26;17;02:06;6;32;10;1,603;0.1;1.9;9.55;4.29;01:02;10.73;2,317.92;15.03;26.62;10,138.85;89;;7;11;13;32;6;1 hour;9;7;09:41;08:44;77%;3;21,588;;;2;2,318;
Vince-F95Gunners;3049;21;1,097;760;17;2,909;295,862;;6.32;9.13;3,777;1,879;421;202,531;88,776;2,993;1,817,696;1,782;44;2;4;2,993;0.03;3%;2.97;43%;295,862;5;25;164,207;38;10,507;1,959;77%;38;25,921;4,327;74;35;45;03:22;12;59;26;2,614;0.03;1.73;10.57;3.5;01:24;14.83;2,463.03;15.64;31.44;15,132.22;1,270;22;126;141;169;437;47;26 hours;120;64;02:48:36;03:49:29;53%;5;295,862;3,794;7;49;2,463;
vReveelz;3589;23;446;269;15;764;66,012;;6.54;10.85;1,317;674;157;49,826;20,900;1,569;441,595;427;10;;7;1,569;0.06;7%;5.87;41%;66,012;2;21;40,018;27;6,907;1,409;57%;27;22,343;3,988;62;31;25;01:35;8;93;42;2,231;0.17;1.63;5.45;3.82;00:42;10.39;1,607.29;16.41;32.06;10,752.1;224;;43;53;46;142;21;6 hours;41;39;29:21;01:11:58;95%;5;66,012;;;2;1,607;
Waltnators;2051;;;2;2;7;1,009;;5.47;2.73;7;3;;455;93;6;2,096;4;;;;6;0.02;6%;1.16;20%;1,009;;;275;4;898;480;;4;2,096;1,009;7;3;4;00:17;;6;2;275;;0.97;16.41;2.73;00:47;10.94;2,759.85;8.2;19.15;5,736.72;6;;;;;;;4 minutes;0;;00:17;;;;1,009;;;0;2,760;
wannchan_1208;3680;7;16;10;5;32;3,949;;5.85;9.36;44;18;3;3,435;1,531;45;34,431;22;2;;;45;0.03;2%;2.93;44%;3,949;;;1,587;10;5,318;706;52%;10;13,072;1,326;19;8;10;00:23;2;23;10;500;;1.27;8.78;1.75;00:21;12.87;2,311.85;10.53;25.75;20,157.32;15;;2;2;3;7;;20 minutes;2;1;00:36;01:12;33%;4;3,949;1,326;;1;2,312;
WhiteRangerOwnz;1919;18;809;559;13;1,779;167,150;;6.28;9.09;2,593;1,177;218;188,312;62,412;2,327;1,274,820;1,372;22;;7;2,327;0.03;3%;2.09;33%;167,150;;15;93,603;26;8,774;1,466;62%;26;29,773;2,942;45;23;31;02:31;7;53;21;1,967;0.07;1.28;13.93;2.45;01:29;15.42;1,879.52;13.23;29.15;14,334.73;1,239;13;123;104;94;320;28;20 hours;89;40;02:12:24;02:08:31;44%;5;167,150;610;4;45;1,880;
WhitevisionPS;1785;;;2;2;7;499;;7.39;;9;4;2;412;143;;2,191;3;;;;;0;0%;1.8;34%;499;;;405;3;571;256;;3;2,191;499;9;4;3;00:42;2;;;405;;1.39;18.49;7.39;02:37;11.09;1,845.39;14.79;33.28;8,102.21;5;;0;0;1;1;;4 minutes;0;;00:42;;;;499;;;0;1,845;
WhiteyBulger;2765;8;19;11;5;37;3,729;;4.01;6.94;70;42;13;2,668;1,033;64;21,786;34;;;;64;0.04;6%;5.83;38%;3,729;;;2,242;17;4,510;686;40%;17;7,189;1,270;27;19;13;01:07;5;24;13;682;;1.6;4.38;4.75;01:04;12.42;1,362.68;15.34;25.57;7,960.67;12;;1;5;7;13;;23 minutes;3;2;02:56;08:38;87%;;3,729;;;0;1,363;
wiktorjor2001;2881;6;6;7;7;12;769;;15.46;13.25;22;11;;978;483;9;8,864;13;;;;9;0.02;1%;3.66;49%;769;;;459;7;2,935;201;49%;7;8,864;769;22;11;13;00:40;;9;5;459;;1.12;13.25;2.2;01:30;28.71;1,698.53;24.29;48.59;19,580.49;6;;;;1;1;;6 minutes;0;0;00:40;01:02;100%;4;769;;;;1,699;
Wonga1963;3412;14;236;163;14;405;41,236;;6.95;10.06;769;447;127;30,650;13,124;715;269,668;318;3;;7;715;0.04;5%;4.63;42%;41,236;2;16;31,058;19;8,212;1,121;62%;19;22,388;1,845;53;39;21;02:45;13;76;23;1,395;0.29;1.84;7.08;5.41;01:15;13.56;1,758.77;19.06;32.79;11,501.78;166;2;27;22;26;75;10;4 hours;23;20;29:20;50:42;85%;4;41,236;1,695;1;3;1,759;
x_CyberHunter_x;3000;10;93;52;10;155;15,617;;5.56;9.94;288;159;40;13,490;6,039;298;113,630;110;4;;;298;0.04;4%;3.23;44%;15,617;;;9,733;13;3,296;630;48%;13;13,017;2,033;31;20;13;00:45;5;44;15;1,464;0.1;1.59;9.51;4.27;00:41;11.76;1,670.48;17;30.8;12,154.56;89;;12;10;10;32;2;1 hour;9;9;06:32;21:12;92%;4;15,617;;;1;1,670;
xbLeU;0;16;142;101;12;268;25,725;;6.07;8.54;502;239;61;26,916;11,581;617;253,911;170;4;;3;617;0.05;5%;4.52;43%;25,725;;;13,523;18;8,450;1,030;63%;18;21,564;2,259;46;28;16;01:30;7;69;32;969;0.18;1.24;6.68;3.67;00:49;10.23;1,548.43;14.38;30.21;15,283.42;111;6;14;11;31;56;7;3 hours;17;11;13:39;33:21;65%;3;25,725;2,259;;6;1,548;
XCloud-4tlasX;2415;2;2;;;5;792;;;6.31;7;4;2;392;96;12;2,310;4;;;;12;0.06;12%;1.4;24%;792;;;551;5;1,063;420;;5;2,310;792;7;4;4;00:16;2;12;12;551;;2.9;15.79;6.31;00:52;12.63;2,502.86;12.63;22.1;7,297.32;5;;;0;1;1;;3 minutes;0;;00:16;00:20;;;792;792;;0;2,503;
XDaRkFlMeMaSteX;3020;5;9;7;5;17;983;;5.01;6.44;29;17;7;1,834;655;22;14,774;13;;;;22;0.02;3%;1.93;35%;983;;;374;7;4,718;177;41%;7;8,747;481;14;10;8;00:41;4;13;8;209;;0.35;10.74;5.01;00:37;9.3;703.93;12.17;20.76;10,579.61;15;;1;1;2;4;;17 minutes;1;1;00:52;00:36;47%;3;983;481;;1;704;
Xecrets;3947;6;6;2;2;15;1,031;;1.99;5.99;26;12;2;1,034;448;34;10,819;8;;;;34;0.06;7%;3.25;43%;1,031;;;694;8;2,170;404;43%;8;10,819;1,031;26;12;8;00:28;2;34;10;694;;1.26;7.99;1.99;00:28;7.99;1,030.57;11.99;25.99;10,819.47;8;;1;1;1;3;;9 minutes;1;1;00:28;00:45;100%;;1,031;1,031;;;1,031;
XenomorphKiller6;0;11;87;43;7;143;14,674;2;5.48;11.09;236;145;33;11,576;5,052;295;109,220;93;2;;3;295;0.05;5%;4.62;43%;14,674;;;9,174;14;6,662;778;51%;14;18,792;3,018;27;23;16;01:57;7;56;19;1,716;0.38;1.66;6.5;4.2;00:39;11.86;1,871.43;18.49;30.09;13,929.19;51;;8;8;13;29;4;1 hour;8;5;05:11;18:29;65%;3;14,674;3,018;1;2;1,871;
xEvery_;0;4;6;11;6;18;2,481;;12.52;6.83;31;15;;1,180;417;22;8,836;13;;;;22;0.04;5%;10.33;35%;2,481;;;821;19;4,174;1,404;38%;19;4,437;1,404;20;12;8;00:09;;11;11;487;;1.63;3.41;1.13;00:13;14.8;2,824.12;17.07;35.29;10,059.78;3;;0;1;1;3;;8 minutes;1;1;00:12;02:11;100%;3;2,481;;;;2,824;
xGrommash;2965;6;18;9;7;45;4,538;;3.5;7.01;73;34;4;5,098;2,094;74;46,594;19;;;;74;0.03;3%;3.47;41%;4,538;;;2,519;15;6,412;774;45%;15;16,528;1,741;27;10;8;00:33;2;29;10;1,014;;1.26;8.18;1.55;00:23;7.4;1,768.43;13.24;28.44;18,155.89;21;;3;2;2;8;;33 minutes;3;0;01:00;01:58;15%;;4,538;1,741;1;2;1,768;
xI_Ace_Ix;4158;10;56;33;7;134;14,376;;3.94;6.69;220;85;6;10,396;3,802;173;84,414;101;2;;;173;0.03;4%;5.36;36%;14,376;;6;7,705;13;4,408;1,078;42%;13;13,297;2,555;36;13;21;02:19;2;32;19;1,294;0.11;1.62;4.9;0.71;01:10;12.07;1,719.36;10.16;26.31;10,096.19;41;2;16;9;11;36;2;1 hour;8;8;09:51;06:20;92%;4;14,376;449;;1;1,719;
XTheFunPolice;3517;19;116;64;14;209;21,453;;6.69;12.13;294;159;41;18,163;7,174;309;169,766;103;8;;;309;0.03;4%;3.23;39%;21,453;;18;12,515;17;8,704;875;49%;17;23,764;3,849;43;25;20;01:22;9;72;17;2,030;;1.6;9.52;4.29;00:56;10.77;2,244.82;16.63;30.76;17,764.25;91;;8;9;17;33;4;2 hours;10;4;08:56;30:04;43%;4;21,453;3,849;0;5;2,245;
xtrickharder_esp;3952;14;140;117;10;346;32,726;;7.38;8.84;478;246;74;27,724;9,597;475;199,721;164;5;;3;475;0.03;4%;2.77;34%;32,726;;;20,109;21;5,228;1,109;56%;21;15,500;2,893;38;23;13;01:27;10;46;16;1,769;0.18;1.65;10.86;4.67;00:53;10.35;2,066.92;15.53;30.18;12,613.93;172;4;14;20;16;51;4;3 hours;16;11;13:59;27:37;68%;4;32,726;;0;5;2,067;
XTXSHADOW;4661;2;2;2;2;;;;13.9;13.9;7;6;2;212;72;9;1,554;2;;;;9;0.07;12%;7;33%;;;;;7;1,554;;;7;1,554;;7;6;2;00:15;2;9;9;;;;6.95;13.9;01:55;13.9;;41.72;48.67;10,808.49;;;0;0;0;1;;2 minutes;0;0;00:16;;100%;
XxDPROxSKILLZxX;0;5;8;;;6;422;;3.03;24.25;14;5;;697;280;9;6,961;3;;;;9;0.02;3%;2.8;40%;422;;;242;9;4,128;222;;9;4,128;222;9;3;2;00:04;;5;5;200;;0.75;15.15;3.03;00:27;9.09;1,279.29;15.15;42.44;21,102.42;5;;0;0;0;1;;5 minutes;0;0;00:09;00:05;0%;3;422;222;0;0;1,279;
XxFLUFFYFLASHxX;3000;6;11;8;4;30;4,569;;8.82;12.13;33;13;5;2,057;738;38;14,375;15;;;;38;0.04;5%;2.75;35%;4,569;;;2,038;14;3,782;914;37%;14;9,848;3,570;19;7;9;01:05;3;26;9;1,441;;2.16;13.23;5.51;01:26;16.54;5,038.67;14.33;36.39;15,852.51;12;;1;2;2;4;;15 minutes;1;1;01:18;02:29;98%;;4,569;;;0;5,039;
xXWxTheLeader;2833;9;13;6;4;18;1,592;;9.27;20.09;24;12;5;1,421;492;18;9,790;7;;;;18;0.02;3%;3;34%;1,592;;5;765;7;2,550;337;;7;6,974;1,246;15;7;4;00:27;3;18;8;584;;1.26;12.36;7.72;00:50;10.81;2,460.79;18.54;37.09;15,130.49;8;;1;1;0;2;;10 minutes;1;0;00:32;00:04;22%;;1,592;;0;0;2,461;
Zcity9;3073;3;3;;;7;747;;;11.05;5;;;362;95;2;2,221;2;;;;2;0;2%;;26%;747;;;424;2;900;270;26%;2;2,221;747;5;;2;00:04;;2;2;424;;1.97;18.41;3.68;00:18;7.36;2,753.16;3.68;18.41;8,179.83;5;;0;0;0;1;;3 minutes;0;;00:04;;;;747;;;0;2,753;
ZeeTee_;4127;24;722;420;19;1,540;128,029;;7.36;12.66;2,041;1,060;216;113,754;48,502;2,634;1,121,162;641;38;;2;2,634;0.05;5%;4.06;42%;128,029;;10;76,274;32;15,424;1,522;63%;32;43,817;4,384;75;39;46;01:29;9;108;33;2,541;0.03;1.72;8.8;3.78;00:28;11.24;2,245.32;18.58;35.79;19,662.5;502;3;46;24;118;188;48;12 hours;57;34;27:13;02:21:02;59%;5;128,029;4,384;4;19;2,245;
zousan-_-;2335;;;;;;192;;;;;;;86;38;;794;;;;;;0.02;2%;;44%;192;;;106;;794;192;44%;1;794;192;;;;;;;;106;;2.35;;;;;3,701.38;19.3;19.3;15,332.76;;;;0;0;0;;45.05639305245131 seconds;0;;;;;;192;;;0;3,701;
zwordz;4074;6;27;14;5;67;7,126;;3.84;7.42;104;40;7;8,421;2,665;120;53,937;45;2;;;120;0.03;4%;1.76;31%;7,126;;;3,233;16;4,828;909;41%;16;9,574;1,728;25;11;15;02:06;2;26;16;650;;0.9;16.22;1.92;01:26;12.37;1,959.6;10.99;28.59;14,831.57;59;3;5;0;7;12;;59 minutes;4;1;05:12;05:37;15%;3;7,126;942;;3;1,960;
