Username;SR;Eliminations;Final Blows;Solo Kills;Shots Fired;Shots Hit;Critical Hits;Damage Done;Objective Kills;Multikills;Environmental Kills;Melee Final Blows;Eliminations per Life;Weapon Accuracy;Healing Done;Teleporter Pads Destroyed;Turrets Destroyed;Offensive Assists;Eliminations - Most in Life;Damage Done - Most in Life;Healing Done - Most in Life;Weapon Accuracy - Best in Game;Kill Streak - Best;Damage Done - Most in Game;Healing Done - Most in Game;Eliminations - Most in Game;Final Blows - Most in Game;Objective Kills - Most in Game;Objective Time - Most in Game;Solo Kills - Most in Game;Offensive Assists - Most in Game;Offensive Assists - Average;Deaths - Average;Solo Kills - Average;Objective Time - Average;Objective Kills - Average;Healing Done - Average;Final Blows - Average;Eliminations - Average;Damage Done - Average;Deaths;Environmental Deaths;Medals - Bronze;Medals - Silver;Medals - Gold;Medals;Cards;Time Played;Games Played;Games Won;Objective Time;Time Spent on Fire;Win Percentage;Enemies Hacked;Enemies EMP'd;Enemies Hacked - Most in Game;Enemies EMP'd - Most in Game | 27;Enemies EMP'd - Average;Enemies Hacked - Average;Multikill - Best;Games Tied;Games Lost;
aahmad3_3;2887;114;49;20;15,315;5,072;464;44,832;42;;;;1.12;33%;3,704;;4;43;8;2,344;750;44%;8;9,537;1,225;32;15;12;01:27;7;14;5;12.36;2.44;00:46;5.14;453.34;5.99;13.95;5,487.32;101;;6;4;2;11;;1 hour;8;2;06:16;04:28;29%;;;;;;;3;;6;
AllStatsDown;0;106;59;11;8,951;3,438;222;32,157;47;;;4;4.6;38%;2,858;;;19;15;5,794;804;41%;15;11,024;1,280;34;19;21;01:28;4;9;6;7.54;3.61;01:10;15.42;938.12;19.36;34.79;10,554.58;23;;4;3;4;11;3;34 minutes;3;2;03:35;06:16;73%;;;;;;;;0;0;
APurplePanduh;4021;48;20;6;4,882;2,010;149;18,166;16;;;;3;41%;758;;;15;7;2,804;300;38%;7;11,179;458;30;10;9;01:00;4;10;9;9.6;3.6;00:58;9.6;454.94;12;28.8;10,900.61;16;;3;0;1;5;;21 minutes;2;1;01:36;03:49;60%;47;34;28;;20;28;;;1;
BEBOFLOW-PR;0;332;134;28;40,062;14,634;1,131;132,097;103;2;;;2.55;36%;16,703;;3;100;18;5,030;932;51%;18;12,369;2,262;36;15;14;00:52;4;15;7;9.2;1.98;00:37;7.28;1,182.15;9.48;23.49;9,348.97;130;;15;10;5;29;;3 hours;14;5;08:55;07:11;38%;;;;;;;3;;9;
BEN-B-en;0;9;7;3;1,873;569;27;4,730;2;;;;0.6;30%;927;;;;3;628;560;52%;3;2,529;717;7;5;2;00:14;3;;;10.96;2.19;00:24;1.46;678.13;5.11;6.58;3,459.51;15;;1;1;;3;;15 minutes;1;0;00:33;;18%;;;;;;;;0;1;
bhmazz;0;402;158;48;52,186;15,969;1,069;144,943;166;4;;10;1.86;30%;23,262;4;19;123;9;3,120;654;47%;9;10,998;1,602;31;11;17;01:55;4;13;5;8.97;2;00:53;6.92;971.09;6.59;16.78;6,050.67;215;6;20;13;4;37;2;4 hours;24;11;21:12;10:10;45%;;;;;;;4;1;12;
BloodHoundHD;4028;97;48;12;8,957;3,410;156;37,300;27;2;;3;2.93;38%;8,937;;2;42;10;4,299;988;46%;10;8,571;2,067;23;12;9;00:32;3;9;12;9.22;3.35;00:53;7.54;2,497.84;13.41;27.1;10,424.57;33;;3;2;4;9;;51 minutes;4;1;03:11;09:18;30%;;;;;;;3;0;2;
Chewdle;3693;33;8;4;2,336;847;51;8,555;10;;;;6.6;36%;195;;;17;18;4,234;195;37%;18;6,545;195;29;6;9;00:16;3;14;14;4.08;3.26;00:23;8.16;159.35;6.53;26.93;6,983.59;5;;2;1;;3;;10 minutes;1;1;00:28;02:09;100%;;;;;;;3;
Defyz---;0;76;22;5;6,895;3,058;140;27,561;18;;;2;3.04;44%;2,260;;;28;8;3,578;629;48%;8;11,791;875;24;8;8;00:48;2;11;8;7.44;1.48;00:29;5.36;672.99;6.55;22.63;8,208.27;25;;8;0;1;9;;35 minutes;3;3;01:40;03:11;100%;76;48;27;;14;23;
Divinity-X-;4070;284;118;27;36,981;15,260;1,100;130,059;75;6;;6;2.32;41%;6,529;;3;102;14;6,856;745;62%;14;16,814;924;44;20;10;01:21;8;16;9;10.42;2.3;00:46;6.4;557.85;10.08;24.26;11,112.77;122;2;16;11;8;35;4;2 hours;12;8;09:02;18:55;67%;;;;;;;3;;4;
DutchieSoInsane;2709;151;79;13;14,725;6,111;510;47,868;65;;;4;2.12;41%;8,568;;;63;11;2,973;669;54%;11;10,410;1,650;38;17;23;02:42;4;23;9;10.4;1.9;01:10;9.52;1,255.66;11.57;22.13;7,015.55;71;;5;6;0;11;;1 hour;7;4;07:58;04:46;60%;154;93;39;;14;23;;;3;
fructoseghost;2653;31;6;;4,606;1,205;51;9,514;12;;;;1.72;26%;321;;3;8;6;1,618;182;33%;6;2,780;263;15;2;5;00:57;;4;4;9.34;;00:57;6.23;166.87;3.11;16.1;4,942;18;;1;1;1;3;;20 minutes;2;1;01:49;00:24;57%;20;12;9;;6;10;;;1;
ioReactz;3584;659;320;81;56,661;23,761;1,271;220,623;226;10;;6;3.58;41%;25,833;2;3;257;21;6,031;1,418;47%;21;16,010;2,357;48;23;19;01:37;9;19;10;7.23;3.18;00:50;8.88;1,015.51;12.57;25.9;8,672.83;184;4;31;25;12;68;8;5 hours;25;13;21:15;56:20;50%;;;;;;;4;1;12;
IRaTuSz;4587;;;;60;14;;161;;;;;;23%;;;;;;161;;23%;1;161;;;;;00:04;;;20;;;01:27;20.25;;20.25;20.25;3,260.34;;;;0;0;0;;24.2459159726277 seconds;0;0;00:04;;100%;;;;;;20;
ItsRaiyu;4368;35;20;5;3,607;1,367;137;9,828;6;;;;2.91;37%;1,961;;3;8;7;1,359;652;43%;7;3,395;1,251;10;7;5;00:30;2;4;5;7.03;2.92;00:37;3.51;1,149.35;11.71;20.5;5,759.09;12;;1;1;1;3;;17 minutes;2;2;01:03;00:44;100%;26;14;15;;8;15;
jordkin;2331;37;20;5;3,535;1,361;65;15,530;13;;;4;1.68;38%;3,673;;;12;7;2,754;860;37%;7;6,753;1,253;19;9;9;00:53;3;6;6;10.95;2.48;00:54;6.47;1,828.25;9.95;18.41;7,730.62;22;;2;2;0;4;;27 minutes;2;;01:49;00:44;;43;20;19;;10;21;;;2;
koba-ya;1337;99;72;40;12,100;4,593;247;40,147;16;;;2;9;37%;2,207;;;22;10;5,893;402;57%;10;7,753;402;20;15;8;00:15;6;6;2;0.86;3.14;00:04;1.25;173.29;5.65;7.77;3,152.38;11;;3;1;2;6;;2 hours;13;2;00:57;00:55;15%;;;;;;;;1;10;
LuckyC723;3709;1,580;751;200;151,570;57,742;3,742;559,006;601;15;;39;2.48;38%;75,690;4;38;548;22;5,601;1,393;53%;22;17,252;2,745;59;33;26;02:06;9;30;9;9.89;3.11;00:56;9.34;1,177.05;11.67;24.57;8,693.04;636;17;58;45;33;136;21;14 hours;64;21;01:00:56;01:42:57;32%;;;;;;;4;3;41;
Megaan_57;3119;64;33;7;7,698;2,821;232;23,216;20;;;2;1.72;36%;3,239;;;20;9;1,838;488;73%;9;4,683;785;18;10;8;00:28;3;5;5;8.53;1.61;00:20;4.61;746.85;7.6;14.75;5,352.5;37;2;5;2;5;11;;40 minutes;4;2;01:30;01:37;51%;;;;;;;;0;2;
Miz_One;1490;2,644;744;209;456,401;128,962;5,571;1,034,242;1,076;12;;13;2.83;28%;173,950;26;247;1,250;20;5,585;2,567;59%;20;13,515;3,322;46;12;28;01:45;7;21;6;4.22;0.94;00:28;4.87;788.37;3.37;11.98;4,687.38;932;10;157;81;24;262;88;43 hours;221;82;01:44:30;12:15;37%;;;;;;;4;10;128;
Original_Yankin;2592;255;84;12;32,825;9,038;714;79,871;114;;;7;2.09;27%;5,550;2;7;65;20;4,647;816;30%;20;11,854;949;34;15;27;02:11;4;12;6;11.73;1.15;01:31;10.96;533.94;8.08;24.53;7,683.67;122;5;9;12;3;24;4;2 hours;10;7;15:50;08:43;66%;;;;;;;3;0;3;
RyanAM;3889;431;214;50;43,155;16,578;1,084;143,436;133;4;;2;3.91;38%;15,291;;3;127;21;5,974;649;44%;21;15,542;3,490;52;26;21;01:53;8;17;10;8.45;3.84;00:37;10.22;1,175.54;16.45;33.13;11,027.41;110;;13;9;12;33;8;3 hours;13;7;08:12;26:50;54%;;;;;;;3;1;5;
sloohy99;2683;64;40;9;7,035;2,675;183;24,830;19;;;2;1.52;38%;1,313;;;28;9;2,251;282;57%;9;10,065;599;34;19;9;01:02;2;15;6;8.61;1.84;00:30;3.89;269.31;8.2;13.12;5,093.79;42;;0;2;;3;;1 hour;5;2;02:29;02:17;41%;;;;;;;;1;1;
SpanishK;2586;542;266;81;57,646;23,622;1,539;209,633;215;3;;2;2.22;40%;33,202;;17;153;13;7,430;936;66%;13;15,543;3,000;45;17;28;02:28;10;15;7;10.69;3.54;01:02;9.42;1,454.79;11.65;23.74;9,185.37;244;4;27;23;8;58;10;4 hours;23;11;23:38;37:54;48%;;;;;;;3;2;10;
subzilllaa;3496;111;50;9;15,143;5,962;253;61,980;42;3;;;1.65;39%;5,021;;;51;9;4,525;646;52%;9;14,827;1,615;29;12;12;01:25;4;17;10;12.68;1.7;00:50;7.95;950.63;9.46;21.01;11,736.02;67;;6;4;2;13;2;1 hour;5;2;04:27;07:58;40%;;;;;;;4;1;2;
tarnys;0;26;15;5;2,250;818;40;11,249;6;;;;2.88;36%;1,734;;;7;7;3,735;452;38%;7;5,173;819;14;8;3;00:03;2;4;3;4.4;2.44;00:03;2.93;849.16;7.34;12.73;5,508.85;9;;2;4;;5;;17 minutes;2;2;00:08;00:20;100%;28;23;14;;11;14;
tinysparkles;3258;30;14;2;3,210;1,114;101;8,798;14;;;;5;34%;1,247;;;7;8;2,178;616;63%;8;8,243;1,247;28;14;13;01:33;2;6;6;5.56;1.85;01:27;12.98;1,156.54;12.98;27.82;8,160.19;6;;0;1;1;2;;13 minutes;1;1;01:33;02:26;92%;28;16;26;;15;26;;;0;
WhiteRangerOwnz;1919;201;90;27;25,819;8,731;664;64,166;79;2;;5;2.09;33%;4,719;;6;41;12;5,152;1,053;48%;12;13,182;1,210;55;27;22;02:16;11;12;5;10.6;2.98;00:58;8.73;521.46;9.94;22.21;7,090.85;96;;16;4;4;24;2;1 hour;9;5;08:50;10:24;50%;;;;;;;3;1;3;
XTheFunPolice;3517;80;37;13;7,690;3,370;164;30,191;28;;;2;2.28;43%;3,590;;;36;12;3,713;1,082;47%;12;7,388;2,233;21;9;10;00:50;3;8;9;8.9;3.3;00:45;7.12;912.94;9.4;20.34;7,677.95;35;;4;2;2;9;;46 minutes;4;2;02:58;00:07;47%;;;;;;;3;;2;
XxDPROxSKILLZxX;0;203;112;28;19,335;7,800;479;79,898;75;;;6;1.99;40%;3,104;;;48;10;3,397;733;48%;10;13,458;1,010;35;20;13;01:07;5;9;5;10.8;2.96;00:46;7.94;328.85;11.86;21.5;8,465.14;102;;5;4;5;14;2;1 hour;9;5;07:20;11:49;55%;;;;;;;3;;4;
