Username;SR;Sentry Turret Kills;Sentry Turret Kills - Most in Game;Players Teleported;Players Teleported - Most in Game;Shields Provided;Shields Provided - Most in Game;Teleporter Uptime;Teleporter Uptime - Best in Game;Shields Provided - Average;Sentry Turret Kills - Average;Players Teleported - Average;Teleporter Uptime - Average;Eliminations;Final Blows;Solo Kills;Damage Done;Objective Kills;Multikills;Environmental Kills;Eliminations per Life;Healing Done;Teleporter Pad Destroyed;Turrets Destroyed;Eliminations - Most in Life;Damage Done - Most in Life;Healing Done - Most in Life;Kill Streak - Best;Damage Done - Most in Game;Eliminations - Most in Game;Final Blows - Most in Game;Objective Kills - Most in Game;Objective Time - Most in Game;Solo Kills - Most in Game;Deaths - Average;Solo Kills - Average;Objective Time - Average;Objective Kills - Average;Healing Done - Average;Final Blows - Average;Eliminations - Average;Damage Done - Average;Deaths;Environmental Deaths;Medals - Bronze;Medals - Silver;Medals - Gold;Medals;Cards;Time Played;Games Played;Games Won;Objective Time;Time Spent on Fire;Win Percentage;Multikill - Best;Games Tied;Games Lost;
aahmad3_3;2887;2,578;26;2,931;25;2,852;26;45,941;1;15.72;14.21;16.15;0.37;4,011;1,422;288;1,464,879;1,496;29;;2.39;;;7;20;5,899;;20;14,188;46;24;21;01:39;6;9.22;1.58;00:28;8.24;;7.83;22.1;8,074.72;1,673;11;175;141;87;404;62;33 hours;181;108;01:25:23;03:40:06;59%;4;18;56;
abra84kadabra;2388;171;18;139;13;149;13;2,385;1;13.37;15.34;12.47;0.33;196;53;5;49,380;93;;;2.76;;;;17;2,377;22;17;3,591;18;6;10;00:38;;6.37;0.44;00:23;8.34;;4.75;17.59;4,432.42;71;6;8;9;4;21;3;2 hours;11;6;04:16;04:37;50%;;2;4;
aisia121;4402;4;4;10;6;;;240;1;;5.28;13.21;0.49;8;2;2;2,067;;;;1.6;;;;7;1,305;;7;1,305;7;;;00:10;;6.6;2.64;00:19;1.32;;2.64;10.57;2,730.94;5;;1;1;0;1;;8 minutes;1;0;00:14;00:01;65%;;;0;
akira082219;0;2;;20;8;21;6;300;0;12.85;1.22;12.24;0.25;13;5;;4,034;8;;;1.44;;;;4;1,067;;4;1,435;5;2;5;00:15;;5.51;0.61;00:20;4.89;;3.06;7.96;2,470.44;9;2;0;2;1;3;;19 minutes;2;0;00:32;;7%;;;2;
Akodak;3000;3;2;7;7;36;36;121;0;28.33;2.36;5.5;0.15;4;3;;2,514;;;;0.36;;;;3;843;;3;2,439;3;3;;00:04;;8.65;;00:03;0.78;;2.36;3.14;1,978.29;11;;;0;;0;;13 minutes;1;;00:04;;;;;1;
AllStatsDown;0;2;;3;3;;;15;0;5.03;10.07;15.11;0.07;2;;;2,636;;;;0.5;;;;;2,179;;1;2,417;;;;;;20.14;5.03;;5.03;;5.03;10.07;13,278.44;4;;0;0;0;0;;3 minutes;0;0;;;47%;;0;0;
Angel_L_AssAssin;3749;27;13;31;17;60;35;441;0;19.57;8.8;10.11;0.25;42;20;4;12,665;5;;;3.5;;;;8;2,711;;8;7,866;21;11;3;00:46;3;3.91;1.3;00:15;1.63;;6.52;13.7;4,132.18;12;;1;2;0;3;;29 minutes;3;1;00:46;02:45;34%;3;;2;
APurplePanduh;4021;8;7;9;6;5;3;180;1;5.81;9.3;10.47;0.39;15;8;2;4,568;2;;;2.14;;;;3;1,623;;3;2,438;13;7;2;00:02;2;8.14;2.32;00:04;2.32;;9.3;17.45;5,314.48;7;;1;1;0;2;;7 minutes;1;1;00:03;;100%;
Arash1994;0;8;8;3;3;;;166;1;1.47;11.77;4.41;0.4;13;5;;3,052;;;;6.5;;;;13;2,947;;13;2,947;13;5;;00:03;;2.94;;00:04;1.47;;7.35;19.13;4,492.11;2;;0;0;1;1;;6 minutes;1;1;00:03;;100%;
AutoBots_Kick_A;2901;4;4;5;5;4;4;36;0;15.54;15.54;19.43;0.14;12;3;2;3,029;;;;12;;;;12;2,923;;12;3,029;12;3;;00:03;2;3.88;7.77;00:15;3.88;;11.66;46.64;11,776.47;;;;0;;0;;4 minutes;0;;00:03;;;;0;0;
BEBOFLOW-PR;0;23;5;33;7;35;7;500;1;12.06;7.92;11.37;0.27;45;16;5;15,481;9;;;1.95;;;;9;2,024;;9;2,226;9;4;3;00:11;2;7.92;1.72;00:11;3.1;;5.51;15.5;5,334.55;23;;3;2;1;6;;30 minutes;3;2;00:32;01:00;54%;;;1;
beckkyyy-;2702;12;8;8;6;12;9;120;0;13.94;13.94;9.29;0.21;13;2;;3,585;3;;;2.16;;;;9;1,435;;9;1,601;9;2;2;00:04;;6.97;;00:07;3.48;;2.32;15.11;4,166.73;6;;1;1;1;2;;9 minutes;1;0;00:06;;41%;;;1;
BEN-B-en;0;4;3;;;8;6;35;;58.93;29.46;7.36;0.1;8;2;;2,456;2;;;1.6;;;;4;1,110;;4;1,903;6;2;2;00:12;;36.83;;01:41;14.73;;14.73;58.93;18,092.44;5;;0;0;;0;;5 minutes;0;;00:13;;;;;0;
bhmazz;0;876;15;835;12;754;11;13,685;1;10.26;11.92;11.36;0.31;1,350;460;112;363,002;443;7;;2.81;;;4;16;4,043;15;16;4,343;20;8;12;00:56;4;6.52;1.52;00:21;6.03;;6.26;18.38;4,942.4;479;11;58;47;34;138;14;11 hours;73;46;26:24;40:50;62%;3;10;18;
BloodHoundHD;4028;394;11;568;16;492;16;6,107;1;12.79;10.24;14.77;0.24;588;219;67;214,501;110;4;;3.17;;;;15;4,959;156;15;7,303;21;10;7;00:28;4;4.81;1.74;00:08;2.86;;5.69;15.29;5,580.1;185;4;31;30;14;75;4;6 hours;38;24;05:27;08:56;61%;3;4;11;
blueschopper0628;1959;340;12;412;12;295;9;7,791;1;8.77;10.11;12.26;0.4;481;129;23;168,351;151;5;;2.09;;;;15;4,508;;15;4,677;17;5;9;00:37;3;6.84;0.68;00:23;4.49;;3.83;14.31;5,009.82;230;;30;21;13;64;4;5 hours;34;18;13:17;05:59;52%;6;5;12;
BobbysWorldGamer;2493;;;5;5;2;2;134;0;2.85;;7.14;0.45;6;2;;1,605;2;;;1.5;;;;3;571;;3;1,605;6;2;2;00:06;;5.71;1.42;00:09;2.85;;2.85;8.57;2,293.68;4;;0;;1;1;;4 minutes;1;1;00:06;00:01;99%;;;0;
BONBISH;3415;183;13;253;21;236;14;3,481;1;13.56;10.51;14.53;0.29;348;148;36;110,482;111;4;;2.02;;;3;13;2,858;;13;5,930;20;9;6;00:32;3;9.88;2.06;00:22;6.37;;8.5;19.99;6,348.24;172;2;21;16;6;42;4;3 hours;17;11;06:36;13:05;65%;4;1;5;
boneh;4051;12;7;11;9;19;7;254;0;9.58;6.05;5.54;0.25;35;15;2;7,139;11;;;5;;;;7;1,467;;7;3,460;25;9;5;00:35;;3.52;1;00:38;5.54;;7.56;17.64;3,599.41;7;;2;2;2;5;;16 minutes;2;2;01:15;00:49;100%;
Buahahahaha;2770;275;14;328;18;175;10;4,932;1;6.87;10.8;12.88;0.33;423;177;66;119,363;135;2;;2.03;;;;14;2,537;;14;5,379;17;11;10;00:38;5;8.17;2.59;00:18;5.3;;6.95;16.62;4,690.22;208;8;15;22;18;55;9;4 hours;25;15;07:54;19:51;59%;6;2;8;
Cassia7;3556;5;3;23;6;9;2;266;1;4.64;2.57;11.86;0.27;14;8;;9,702;7;;;;;;;8;1,755;;8;2,341;8;4;7;00:23;;7.22;0.51;00:25;3.61;;4.12;7.22;5,003.47;14;;0;1;1;2;;15 minutes;2;0;00:49;;5%;;;2;
chefskywalker420;3558;20;7;24;8;27;9;398;1;11.29;8.36;10.04;0.27;47;14;3;10,829;27;;;1.95;;;;7;1,479;;7;3,052;14;3;9;00:56;;10.04;1.25;00:51;11.29;;5.85;19.66;4,530.83;24;;3;2;1;6;;24 minutes;2;1;02:04;03:01;61%;;;1;
Chewdle;3693;8;3;9;5;14;7;134;0;13.65;7.8;8.77;0.18;23;8;3;3,590;4;;;3.28;;;4;8;964;;8;1,617;11;3;4;00:27;2;6.82;2.92;00:33;3.9;;7.8;22.42;3,500.83;7;;0;1;;1;;11 minutes;1;1;00:34;00:20;100%;
Chuni-Byo;0;9;5;13;6;13;6;231;1;12.41;8.59;12.41;0.38;12;4;2;3,090;4;;;1.5;;;;6;1,060;;6;1,445;6;3;3;00:08;2;7.63;1.9;00:15;3.81;;3.81;11.45;2,950.81;8;;2;1;0;3;;9 minutes;1;0;00:16;;43%;;0;0;
CrispeChris;3343;24;12;16;6;21;6;329;1;8.08;9.24;6.16;0.26;45;13;;9,054;13;;;7.5;;;;12;2,459;;12;3,610;22;7;11;00:20;;2.31;;00:14;5;;5;17.32;3,486.3;6;2;3;2;0;5;;20 minutes;3;3;00:36;00:27;99%;;;0;
cyber_animaI;4399;5;4;6;6;9;5;124;1;11.71;6.5;7.8;0.38;9;5;;4,055;3;;;3;;;;4;2,630;;4;3,595;8;5;3;00:01;;3.9;;00:01;3.9;;6.5;11.71;5,276.24;3;;1;1;1;2;;5 minutes;1;1;00:01;00:45;100%;
CyberBuIIying;4034;;;2;2;5;5;56;0;4.1;0.82;1.64;0.13;3;;;2,126;;;;;;;;2;1,245;;2;1,441;2;;;00:12;;2.46;0.82;00:10;;;0.82;2.46;1,744.72;3;;1;0;1;2;;6 minutes;1;1;00:12;;99%;;0;0;
DEERc_;2430;6;3;2;;9;5;45;0;8.04;5.36;1.78;0.09;10;2;;2,850;2;;;2.5;;;;5;1,304;;5;1,304;5;;;00:05;;3.57;0.89;00:09;1.78;;1.78;8.94;2,548.46;4;;0;1;0;2;;7 minutes;1;;00:10;;;;;1;
Desterix_452;0;127;13;115;10;120;13;1,829;1;13.79;14.6;13.22;0.34;173;51;14;60,934;78;;;2.79;;;2;9;4,352;;9;4,732;16;7;12;00:28;3;7.12;1.6;00:26;8.96;;5.86;19.89;7,006.53;62;;9;11;9;29;3;1 hour;9;3;03:52;04:13;30%;;2;4;
DEVIL_SHADOW_KSA;0;8;7;18;6;21;14;61;0;20.9;7.96;17.91;0.1;13;4;;2,775;5;;;1.3;;;;9;1,339;;9;1,739;10;2;4;00:25;;9.95;0.99;00:40;4.97;;3.98;12.93;2,762.23;10;;0;1;2;3;;9 minutes;1;0;00:41;00:48;28%;;;1;
Divinity-X-;4070;33;12;37;12;38;8;496;1;14.83;12.88;14.44;0.33;58;19;7;14,289;7;2;;3.86;;;;18;3,140;;18;3,658;18;6;5;00:15;4;5.85;2.73;00:13;2.73;;7.41;22.64;5,578.01;15;;1;3;3;6;2;24 minutes;3;2;00:35;03:03;78%;4;;1;
Droxzio;3207;2;2;4;4;;;12;0;;9.35;18.71;0.16;2;2;;1,378;;;;2;;;;2;1,378;;2;1,378;2;2;;;;4.67;;;;;9.35;9.35;6,445.71;;;0;0;0;1;;1 minute;0;;;;;;;0;
DrSax12;2442;;;2;2;12;8;48;0;21.5;1.79;3.58;0.16;;;;1,109;;;;0.16;;;;;560;;1;1,109;;;;00:03;;10.75;;00:05;;;;1.79;1,987.31;6;;;1;1;2;;5 minutes;1;;00:03;;;;;1;
eastcoastrider71;2494;544;13;639;11;207;8;10,503;1;3.94;10.36;12.17;0.32;807;310;89;241,045;207;3;;1.76;;;;16;3,873;50;16;4,088;16;11;7;00:56;5;8.7;1.69;00:24;3.94;;5.9;15.37;4,593.67;457;2;45;41;33;118;6;9 hours;52;22;21:11;20:10;41%;3;3;28;
ecotaku;2368;4;4;19;12;22;16;172;0;13.69;2.49;11.83;0.18;10;2;;4,415;3;;;1.11;;;;4;1,781;;4;2,131;7;2;2;00:47;;5.6;;00:34;1.86;;1.24;6.22;2,749.16;9;;0;1;;1;;15 minutes;2;0;00:55;;3%;;;2;
eliteboy_1da;3003;22;9;57;11;52;10;774;1;12.54;5.3;13.74;0.33;51;20;4;20,489;27;;;1.64;;;;9;3,302;;9;4,056;12;7;10;00:38;;7.47;0.96;00:28;6.51;;4.82;12.29;4,941.27;31;;4;4;2;10;;38 minutes;4;2;01:56;02:21;56%;;0;2;
entoe12;0;63;11;61;12;25;6;1,132;1;4.12;10.39;10.06;0.3;87;26;2;33,889;28;2;;2.23;;;;18;5,758;;18;6,255;18;7;4;00:13;;6.43;0.33;00:12;4.62;;4.29;14.35;5,593.39;39;;5;6;4;15;;1 hour;6;3;01:13;01:54;42%;4;1;2;
EvanMario;4510;;;5;5;10;7;61;0;25.55;;12.77;0.21;3;2;;1,952;;;;0.6;;;;;981;;1;1,795;3;2;;00:02;;12.77;;00:05;2.55;;5.11;7.66;4,988.14;5;;0;0;1;1;;4 minutes;0;0;00:02;;100%;
Fade_BR;2818;10;5;6;3;19;6;83;0;14.21;7.48;4.48;0.1;15;6;3;5,722;6;;;1.5;;;;5;1,315;;5;1,330;7;2;4;00:21;;7.48;2.24;00:26;4.48;;4.48;11.22;4,280.18;10;;1;1;0;3;;12 minutes;1;1;00:35;;52%;;;1;
Fairystinky;2101;13;11;19;12;19;7;317;1;13.77;9.42;13.77;0.29;24;11;;6,141;9;;;1.33;;;;7;1,263;;7;3,037;16;5;6;00:26;;13.04;0.72;00:48;6.52;;7.97;17.39;4,451.05;18;;0;;0;1;;17 minutes;1;1;01:06;01:09;60%;;0;0;
Fecalum;3074;;;5;5;2;2;57;0;12.07;;30.18;0.47;;;;987;;;;0.5;;;;;724;;1;987;;;;00:04;;12.07;6.03;00:27;6.03;;6.03;6.03;5,959.61;2;;;;0;0;;1 minute;0;;00:04;;;;;0;
Flown_Jebus;0;39;7;69;6;104;13;1,047;1;13.99;5.24;9.28;0.32;87;37;11;25,042;14;;;3.48;;;;9;3,624;;9;3,624;12;6;3;00:17;3;3.36;1.47;00:08;1.88;;4.97;11.7;3,369.11;25;;8;5;2;16;2;53 minutes;7;7;01:01;02:47;90%;3;;1;
FlyNameHere;2202;200;14;165;10;116;10;3,055;1;5.7;9.83;8.11;0.27;239;62;10;44,757;114;2;;2.15;;;;14;1,547;;14;2,857;16;5;12;00:36;2;5.45;0.49;00:20;5.6;;3.04;11.74;2,200.13;111;;18;16;15;48;4;3 hours;20;12;07:00;00:49;61%;3;1;7;
fructoseghost;2653;42;10;43;6;48;8;584;1;14.94;13.07;13.38;0.28;60;20;2;13,453;25;;;1.66;;;;14;2,817;;14;2,822;15;5;7;00:24;;11.2;0.62;00:33;7.78;;6.22;18.68;4,188.55;36;;4;2;1;7;;33 minutes;3;1;01:48;00:50;41%;;;2;
G1ng3rsHOT;2892;14;10;15;6;14;7;348;1;12.43;12.43;13.32;0.56;26;7;;9,512;4;;;8.66;;;;13;4,780;;13;4,780;13;4;3;00:04;;2.66;0.88;00:06;3.55;;6.21;23.1;8,451.64;3;;2;2;0;4;;10 minutes;1;0;00:07;00:40;11%;;1;0;
games3_112;2604;28;10;18;10;97;28;252;0;35.17;10.15;6.52;0.12;38;15;2;11,827;13;;;4.22;;;;11;3,272;;11;3,484;11;5;6;00:12;;3.26;0.72;00:11;4.71;;5.43;13.77;4,288.84;9;;2;4;2;8;2;33 minutes;3;2;00:31;01:44;80%;;;1;
Gandalion;0;1,054;18;724;14;1,100;22;12,512;1;14.94;14.31;9.83;0.28;1,478;405;76;481,130;343;12;;3.27;5;;2;18;5,237;182;18;5,922;21;7;10;02:18;4;6.12;1.03;00:20;4.65;0.06;5.5;20.07;6,536.3;451;7;54;75;34;164;21;12 hours;74;55;25:31;23:07;74%;4;3;15;
GoldenBullet20;4287;;;;;5;5;;;35.29;;;;;;;;;;;;;;;;;;;;;;;00:12;;;;01:30;;;;;;;;;0;;0;;41.25195798650384 seconds;0;0;00:12;;100%;
GoMu___;4214;3;3;;;2;2;38;0;4.86;7.29;;0.22;5;;;3,298;2;;;2.5;;;;3;2,085;;3;3,298;5;;2;00:05;;4.86;2.43;00:12;4.86;;2.43;12.15;8,017.6;2;;;1;0;1;;2 minutes;0;;00:05;;;;;0;
hiijle;0;5;3;12;6;8;5;143;0;9.89;6.18;14.84;0.29;8;;;2,965;2;;;1.33;;;;4;1,118;;4;1,309;5;;;00:18;;7.42;;00:45;2.47;;1.23;9.89;3,668.44;6;;0;0;0;1;;8 minutes;1;0;00:36;;0%;;;1;
hourai127;2224;339;17;280;12;67;8;4,713;1;2.52;12.76;10.54;0.3;425;139;41;127,835;182;3;;3.01;;;;12;2,998;;12;5,263;17;10;10;00:48;4;5.3;1.54;00:23;6.85;;5.23;16;4,812.85;141;2;18;24;16;59;6;4 hours;27;10;10:16;09:58;39%;3;4;13;
I_Only_AWP_B;0;11;7;18;8;12;8;379;1;5.34;4.9;8.02;0.35;25;12;4;4,586;6;;;2.08;;;;5;679;;5;2,369;10;5;3;00:36;2;5.34;1.78;00:23;2.67;;5.34;11.14;2,044.25;12;;1;1;;1;;18 minutes;2;2;00:52;;100%;
Inny21;3069;;;6;6;;;59;0;1.85;1.85;11.13;0.21;2;;;746;;;;0.5;;;;2;608;;2;731;2;;;;;7.42;;;1.85;;;3.71;1,384.52;4;;1;0;0;1;;4 minutes;1;0;;;8%;;0;0;
ioReactz;3584;11;4;25;11;55;14;416;0;10.67;2.13;4.85;0.2;54;21;3;10,384;21;2;;2.57;;;;7;1,024;;7;2,080;19;10;11;00:57;2;4.07;0.58;00:30;4.07;;4.07;10.48;2,015.26;21;;2;3;0;5;;34 minutes;5;4;02:35;01:39;85%;3;;1;
ItsRaiyu;4368;2;;5;5;13;11;44;0;47.84;7.36;18.4;0.19;4;;;2,081;2;;;;;;;3;1,178;;3;1,793;3;;;00:03;;14.72;;00:20;7.36;;;14.72;7,658.25;4;;0;0;0;1;;3 minutes;0;0;00:05;;100%;
JonXSly;3015;514;24;891;35;1,529;74;12,891;1;27.81;9.34;16.2;0.31;1,179;511;119;416,836;466;9;;1.8;;;24;14;3,811;;14;16,745;41;22;22;02:04;10;11.89;2.16;00:48;8.47;;9.29;21.44;7,581.85;654;5;44;29;23;96;26;11 hours;55;33;44:36;52:29;59%;3;3;20;
jordkin;2331;;;;;;;;;5.9;;;;;;;773;;;;0.33;;;;;500;;1;628;;;;00:05;;17.7;5.9;00:32;;;5.9;5.9;4,562.15;3;;;0;0;0;;2 minutes;0;0;00:05;;58%;;;0;
KILLER77_HAZZA3;0;21;9;42;7;38;12;459;0;19.21;10.61;21.23;0.31;35;13;3;13,102;10;;;1.45;;;;9;1,620;;9;4,101;15;7;7;00:15;2;12.13;1.51;00:20;5.05;;6.57;17.69;6,623.86;24;;2;2;0;4;;24 minutes;2;1;00:40;00:44;38%;;0;1;
kirA-_-bleAch;0;4;3;7;6;6;6;147;0;12.58;8.38;14.68;0.38;6;;;3,342;2;;;3;;;;3;2,377;;3;2,377;5;;2;00:01;;4.19;;00:03;4.19;;2.09;12.58;7,009.78;2;;1;;;1;;6 minutes;0;0;00:01;;69%;;;0;
koba-ya;1337;847;24;699;24;264;16;13,158;1;2.16;6.93;5.71;0.17;1,530;899;436;497,805;346;10;;3.48;;;16;18;4,874;;18;12,077;36;18;16;01:34;12;3.59;3.56;00:08;2.83;;7.35;12.51;4,073.45;439;12;50;39;26;115;23;20 hours;122;48;17:52;40:35;39%;4;13;61;
kon5-TDRoki;2363;341;15;333;12;312;13;5,099;1;10.35;11.32;11.05;0.27;473;173;41;126,644;227;3;;2.51;;1;;15;3,614;;15;4,516;18;8;12;00:42;3;6.24;1.36;00:25;7.53;;5.74;15.7;4,204.85;188;2;19;19;15;54;5;5 hours;30;11;12:36;16:17;37%;3;5;14;
koutyatya;0;;;3;3;9;9;53;0;25.14;;8.38;0.27;;;;307;;;;;;;;;288;;;307;;;;;;5.58;;;;;;;858.51;2;;1;0;;1;;3 minutes;0;;;;;;;0;
lakejacher;2109;16;7;26;8;31;9;402;0;11.68;6.03;9.8;0.23;27;14;;8,819;17;;;1.22;;;;5;883;20;5;1,989;11;7;6;00:24;;8.29;0.37;00:34;6.4;;5.27;10.17;3,324.8;22;;2;1;2;5;;28 minutes;3;1;01:32;00:07;50%;;0;1;
lemonanzu;0;7;7;;;;;60;1;8.12;56.85;8.12;0.51;10;4;;2,446;4;;;;;;;10;2,446;;10;2,446;10;4;4;00:06;;;8.12;00:50;32.49;;32.49;81.22;19,871.72;;;;0;0;0;;1 minute;0;0;00:06;00:04;100%;
LoggingOut;0;38;14;28;6;82;15;571;0;18.39;8.52;6.28;0.19;52;20;6;21,739;10;;;2;;;;9;2,351;;9;4,876;17;7;7;01:33;;5.83;1.34;00:29;2.24;;4.48;11.66;4,876.82;26;;4;4;3;11;;49 minutes;4;2;02:12;;39%;;1;2;
LostkumaTH;0;56;16;40;8;42;8;1,039;1;10.02;13.36;9.54;0.53;90;32;2;19,868;20;;;6.92;;;;13;3,277;49;13;3,277;23;11;6;00:15;2;3.1;0.47;00:10;4.77;;7.63;21.47;4,741.53;13;;2;4;4;10;;32 minutes;4;4;00:45;02:41;100%;3;
l-Twisted_Fate-l;3972;;;;;3;3;1;0;9.78;3.26;;0;4;2;;427;;;;;;;;4;427;;4;427;4;2;;00:06;;;;00:21;3.26;;6.52;13.05;1,392.2;;;0;;;0;;2 minutes;0;0;00:06;;100%;
LuckyC723;3709;125;9;183;16;238;22;2,767;1;16.64;8.74;12.8;0.29;195;74;19;82,339;55;;;2.21;;;;13;3,486;;13;6,193;13;6;5;00:35;3;6.15;1.32;00:18;3.84;;5.17;13.64;5,760.29;88;;14;9;6;29;3;2 hours;14;8;04:18;01:48;52%;3;1;6;
M5roosh_ksa;3563;11;7;11;6;7;6;120;0;9.46;14.88;14.88;0.21;14;6;;2,331;;;;1.16;;;;6;680;;6;835;8;4;;00:05;;16.23;;00:13;1.35;;8.11;18.93;3,153.67;12;7;0;1;0;2;;9 minutes;1;0;00:09;;25%;;;1;
MAAFX;2990;;;;;6;5;136;0;;;;0.27;;;;2,960;16;;;2.71;;;;;;;;2,101;;;;00:37;;12.34;;02:12;28.2;;14.1;33.49;5,219.33;7;;;;1;1;;8 minutes;;;01:14;00:05;52%;;;0;
MamasNippel;3912;9;4;14;6;27;9;125;0;7.62;2.54;3.95;0.08;9;3;3;3,662;;;;0.64;;;;4;743;;4;969;4;2;;00:24;2;3.95;0.84;00:12;0.28;;0.84;2.54;1,034.03;14;;2;1;0;3;;23 minutes;4;0;00:42;;13%;;;3;
Meepert;0;17;8;18;6;16;7;381;0;4.79;5.09;5.39;0.28;41;15;;8,808;6;;;3.41;;;2;11;1,467;;11;3,171;14;8;4;00:47;;3.59;0.29;00:17;1.79;;4.49;12.28;2,639.3;12;;4;2;0;6;;22 minutes;3;3;00:57;;100%;3;
Megaan_57;3119;162;15;180;11;213;24;2,852;1;14.5;11.03;12.25;0.28;250;99;23;68,925;86;;;1.73;;;3;10;3,680;;10;3,725;17;8;8;01:24;2;9.8;1.56;00:40;5.85;;6.74;17.02;4,694.21;144;2;12;10;14;36;2;2 hours;15;7;09:53;08:01;46%;;2;6;
MEOW987;2674;516;18;435;18;580;21;8,730;1;14.82;13.19;11.12;0.34;843;321;105;232,366;294;9;;3.07;;;3;13;4,327;29;13;7,244;25;12;15;01:44;8;7;2.68;00:31;7.51;;8.2;21.55;5,940.62;274;9;42;27;26;95;9;7 hours;39;25;20:43;38:31;63%;5;3;11;
Miz_One;1490;74;10;96;16;200;31;1,623;1;26.43;9.77;12.68;0.33;117;50;14;35,341;32;;;2.78;;;;12;3,355;;12;4,558;14;9;4;00:36;3;5.55;1.85;00:17;4.22;;6.6;15.46;4,670.45;42;;6;2;3;11;2;1 hour;8;4;02:08;01:15;58%;;0;3;
Mlbjester7;3425;705;17;747;12;1,000;15;12,199;1;17.08;12.04;12.76;0.33;1,073;371;77;364,809;395;5;;2.58;;;;15;4,696;76;15;6,015;20;8;12;00:59;4;7.08;1.31;00:27;6.74;;6.33;18.33;6,232.27;415;2;50;52;38;140;17;10 hours;59;35;26:27;38:17;60%;3;6;17;
Morgenarc;3323;14;5;42;13;54;17;449;1;32.03;8.3;24.91;0.38;36;15;3;12,381;16;;;4;;;;7;2,977;;7;3,793;13;8;6;00:11;;5.33;1.77;00:20;9.49;;8.89;21.35;7,344.11;9;;1;2;1;4;2;19 minutes;2;0;00:35;02:54;8%;;0;1;
Mr_savage_75;0;;;6;6;9;5;92;0;28.54;3.17;19.02;0.24;;;;552;;;;0.25;;;;;304;;1;481;;;;;;12.68;;;;;3.17;3.17;1,750.38;4;;;0;0;0;;6 minutes;0;0;;;37%;;;0;
MrBlueyes;2154;863;15;1,491;23;1,137;18;21,432;1;10.97;8.32;14.38;0.31;1,341;608;245;385,274;463;8;;1.75;;;9;15;2,689;;15;5,160;22;12;14;01:11;6;7.37;2.36;00:24;4.46;;5.86;12.94;3,717.92;764;12;75;53;35;164;18;18 hours;104;49;43:02;27:58;47%;4;10;45;
MRstyles4u;3112;12;8;7;6;22;9;52;0;19.08;10.41;6.07;0.06;14;4;;5,216;5;;;1.75;;;;5;1,612;45;5;3,191;10;2;5;00:09;;6.94;;00:17;4.33;;3.47;12.14;4,525.36;8;;1;1;1;3;;12 minutes;1;1;00:20;;77%;;;0;
MrTsVIRUS;2353;;;;;3;3;33;0;20.24;6.74;6.74;0.28;;;;1,818;;;;0.5;;;;;1,651;;1;1,818;;;;00:03;;13.49;6.74;00:24;;;6.74;6.74;12,273.71;2;;;0;0;0;;1 minute;0;;00:03;;;;;0;
Natz_D_Chow;4100;20;10;38;10;31;8;778;1;9.24;5.96;11.32;0.42;44;17;4;16,375;10;;;2.44;;;2;6;2,762;;6;5,247;18;5;7;00:35;2;5.36;1.19;00:23;2.98;;5.06;13.11;4,880.89;18;;3;1;1;5;;30 minutes;3;3;01:17;00:02;90%;3;;0;
Neiyao;0;116;14;122;12;190;19;1,774;1;19.91;12.16;12.79;0.3;163;47;13;45,746;88;;;2.67;;;;17;2,758;;17;3,903;18;6;10;00:54;3;6.39;1.36;00:42;9.22;;4.92;17.08;4,795.97;61;;10;7;6;22;3;1 hour;10;5;06:46;11:43;49%;;1;4;
NickalaiHomebrew;3044;610;17;993;24;201;19;13,136;1;2.99;9.08;14.78;0.28;978;298;53;424,648;312;4;;1.48;;;2;15;5,748;;15;9,196;24;10;14;03:13;3;9.78;0.78;00:26;4.64;;4.43;14.56;6,322.11;657;6;44;38;17;99;5;12 hours;67;31;29:31;17:57;46%;3;5;30;
Ninja5976;3734;2;2;6;6;8;8;97;1;45.96;11.49;34.47;0.54;5;2;;2,977;2;;;2.5;;;;5;2,033;;5;2,977;5;2;2;00:06;;11.49;5.74;00:36;11.49;;11.49;28.72;17,103.17;2;;0;0;;1;;2 minutes;0;0;00:06;00:41;100%;
NINJALEX323;3962;2;2;2;2;2;2;37;0;9.69;9.69;9.69;0.18;4;;;834;;;;2;;;;2;567;;2;834;4;;;00:21;;9.69;;01:44;;;4.84;19.38;4,041.61;2;;;0;;0;;3 minutes;0;0;00:21;;100%;
nyanyamui_401;0;6;4;11;5;20;7;233;0;6.3;1.89;3.46;0.13;17;2;;5,628;9;;;0.7;;;;4;730;;4;1,565;7;2;3;01:24;;7.57;0.31;00:49;2.83;;0.63;5.36;1,775.04;24;5;2;2;0;4;;28 minutes;3;0;02:37;;5%;;;3;
oI_SPY_Io;4521;;;6;6;;;53;0;;5.64;33.86;0.28;4;3;;1,384;;;;2;;;;2;608;;2;1,384;4;3;;00:05;;11.28;;00:31;;;16.93;22.57;7,814.05;2;;0;0;;0;;3 minutes;0;;00:05;;;;;0;
Original_Yankin;2592;7;7;;;2;2;115;0;3.89;13.63;;0.42;9;2;;1,814;2;;;;;;;9;1,814;;9;1,814;9;2;2;00:04;;;1.94;00:07;3.89;;3.89;17.52;3,532.42;;;1;1;;1;;4 minutes;1;;00:04;;;;1;0;
OttovonKillmark;2758;2;2;;;;;96;0;2.19;4.38;;0.4;3;2;;742;;;;1.5;;;;2;628;;2;742;3;2;;00:01;;4.38;;00:03;;;4.38;6.57;1,625.14;2;;1;1;;2;;3 minutes;0;0;00:01;;100%;
oualid32;4267;25;8;22;7;30;5;295;1;9.36;7.8;6.87;0.18;44;15;3;16,410;11;;;2.75;;;;7;3,263;;7;4,129;13;6;4;00:07;2;4.99;0.93;00:07;3.43;;4.68;13.74;5,124.44;16;2;1;2;3;7;;26 minutes;3;3;00:23;00:27;95%;;;0;
praktommy;3673;29;7;29;8;33;10;633;1;10.59;9.31;9.31;0.31;49;17;5;19,038;10;;;2.33;;;;9;4,402;;9;4,502;10;5;3;00:08;2;6.74;1.6;00:12;3.21;;5.45;15.73;6,114;21;;1;3;2;7;;33 minutes;3;2;00:40;;50%;;0;1;
Prey1nMantis;2494;;;;;;;;;2.82;2.82;;;;;;450;;;;;;;;;366;;1;366;;;;00:01;;;;00:02;;;;2.82;1,271.17;;;0;0;0;1;;2 minutes;0;;00:01;;;;;0;
Prince_Fatman;0;;;;;;;;;38.15;;;;;;;;;;;;;;;;;;;;;;;;;;;;;;;;;;;0;0;;0;;15.290229013189673 seconds;0;;;;;;;0;
PucKProof;3499;;;;;2;2;;;11.59;5.79;;;;;;1,678;;;;0.5;;;;;1,618;;1;1,678;;;;;;11.59;;;;;;5.79;9,725.47;2;;0;;0;1;;1 minute;0;0;;;100%;
Quentin_JJ;3510;189;15;193;13;371;18;3,049;1;27.57;14.04;14.34;0.36;320;127;44;95,455;112;6;;2.9;;;;17;5,200;;17;6,811;21;11;9;00:21;3;8.17;3.26;00:25;8.32;;9.43;23.78;7,093.59;110;;11;14;9;34;7;2 hours;13;10;05:45;28:44;71%;3;1;3;
raeinthesnow;2332;34;16;31;14;36;13;371;0;19.78;18.68;17.03;0.25;52;14;;10,938;26;;;2.16;;;;9;1,500;;9;4,303;20;6;12;00:39;;13.18;0.54;01:02;14.28;;7.69;28.57;6,009.95;24;;1;3;2;6;;24 minutes;2;1;01:53;00:32;66%;;;1;
redsunset7;2665;;;;;;;5;0;5.5;5.5;;0.08;;;;948;;;;;;;;;948;;1;948;;;;00:10;;5.5;;00:58;5.5;;5.5;5.5;5,214.47;;;;1;0;1;;54.7372660189867 seconds;0;;00:10;;;;;0;
rencpee;2745;2;2;;;9;5;12;0;13.31;2.95;1.47;0.02;5;;;1,168;;;;0.62;;;;2;325;;2;618;5;;;00:04;;11.83;;00:06;;;;7.39;1,726.78;8;;0;0;1;1;;8 minutes;1;0;00:04;;54%;;0;0;
res1tvih;2842;21;10;22;6;18;7;522;1;8.98;10.47;10.97;0.43;23;8;3;7,923;10;;;2.87;;;;10;2,519;;10;2,519;10;4;7;00:13;;3.99;1.49;00:18;4.98;;3.99;11.47;3,952.77;8;;2;1;2;5;;19 minutes;2;1;00:37;00:22;44%;;1;1;
Rundle0509;3962;2;2;;;3;3;23;0;3.16;2.1;;0.07;3;;;1,067;;;;;;;;2;728;;2;1,011;3;;;;;3.16;1.05;;1.05;;1.05;3.16;1,124.33;3;;1;;0;1;;5 minutes;1;1;;;100%;
RyanAM;3889;2;2;;;5;5;4;0;21.21;8.48;;0.02;4;;;2,539;;;;2;;;;3;989;;3;989;3;;;00:02;;8.48;;00:12;4.24;;4.24;16.96;10,773.42;2;;0;0;0;1;;3 minutes;0;0;00:02;;63%;;;0;
samurainu;2412;;;3;3;10;6;14;0;13.21;;3.96;0.03;2;;;333;;;;0.5;;;;;199;;1;305;2;;;;;5.28;;;;;;2.64;440.24;4;;0;0;0;0;;7 minutes;1;;;;;;;1;
sbkkzy;0;;;5;5;;;16;0;;;10.61;0.07;;;;1,620;;;;;;;;;1,244;;;1,244;;;;00:07;;6.36;;00:15;;;;;3,438.7;3;;0;0;0;0;;3 minutes;0;;00:07;;;;;0;
Shadowfox55;2974;2;;7;6;10;7;54;0;10.3;2.06;7.21;0.08;10;5;;4,054;;;;1.66;;;;4;938;;4;1,170;4;2;;00:03;;6.18;1.03;00:09;;;5.15;10.3;4,176.3;6;;1;0;0;1;;10 minutes;1;0;00:09;;34%;;0;1;
shadowstrixx;2873;76;11;110;12;119;15;1,664;1;18.32;11.7;16.94;0.35;110;30;6;36,875;47;;;1.83;;;;11;2,207;;11;4,273;12;4;8;00:22;2;9.24;0.92;00:29;7.23;;4.62;16.94;5,678.81;60;;7;5;4;16;;1 hour;6;2;03:14;00:28;37%;3;1;3;
Signal_Graph;0;30;10;25;7;17;8;534;1;12.21;21.54;17.95;0.42;43;15;;20,687;7;2;;3.58;;;;11;5,638;;11;5,638;14;7;3;00:07;;8.61;;00:12;5.02;;10.77;30.88;14,859.53;12;;1;1;1;4;;21 minutes;1;1;00:18;03:04;51%;3;0;0;
sloohy99;2683;43;13;36;12;57;16;688;1;12.71;9.59;8.02;0.31;53;8;;14,653;21;;;1.7;;;;8;2,324;;8;4,115;15;4;12;00:48;;6.91;0.22;00:21;4.68;;1.78;11.82;3,268.07;31;;1;2;1;5;2;36 minutes;4;2;01:34;00:26;42%;;1;2;
STOP_iseGamin_tv;3049;825;16;1,187;27;1,109;26;17,484;1;15.47;11.51;16.56;0.35;1,284;431;118;468,186;420;10;;2.22;2;1;3;17;4,714;118;17;7,166;26;9;12;01:17;5;8.06;1.64;00:20;5.86;0.03;6.01;17.92;6,534.86;578;8;54;67;23;144;13;13 hours;72;39;24:21;32:11;54%;4;3;30;
stormavatar;4579;22;12;27;19;19;10;269;1;8.41;9.74;11.95;0.24;29;11;;5,466;9;;;1.93;;;;6;881;;6;2,702;17;10;8;00:10;;6.64;0.44;00:05;3.98;;4.87;12.84;2,420.51;15;;2;2;2;6;;18 minutes;2;2;00:11;03:11;85%;;;0;
subzilllaa;3496;19;6;40;8;21;7;454;1;7.57;6.85;14.43;0.34;31;11;5;14,572;8;;;1.47;;;;5;3,470;;5;3,816;9;3;3;00:17;;7.57;1.8;00:18;2.88;;3.96;11.18;5,257.25;21;;1;1;2;4;;22 minutes;3;0;00:52;;13%;;;2;
Surrturr;3138;;;;;3;3;5;0;10.52;;;0.01;;;;793;;;;0.25;;;;;440;29;1;696;;;;00:56;;14.02;;03:27;;;3.5;3.5;2,782.23;4;;0;0;0;0;;4 minutes;0;0;00:59;;78%;;;0;
Swegg-Lawdd;0;;;;;5;4;;;15.8;;;;;;;571;;;;;;;;;183;;;276;;;;;;9.48;;;;;;;1,803.73;3;;1;0;;1;;2 minutes;0;0;;;77%;;;0;
SwiperThe1;4252;23;10;11;4;42;24;749;1;15.61;8.55;4.08;0.54;52;29;6;13,665;18;;;4;;;;13;2,965;;13;5,573;25;11;14;01:06;3;4.83;2.23;00:27;6.69;;10.78;19.33;5,080.69;13;5;3;0;1;4;;22 minutes;3;3;01:14;01:36;100%;3;
T4nh3ngz;3751;14;14;2;2;5;5;195;1;9.15;25.64;3.66;0.77;14;3;;4,259;4;;;;;;;14;4,259;;14;4,259;14;3;4;00:04;;;1.83;00:07;7.32;;5.49;25.64;7,801.01;;;1;;1;2;;4 minutes;1;1;00:04;00:00;100%;
The_Bob_tw;3073;3;3;;;4;3;16;0;14.08;10.56;3.52;0.06;4;3;;1,106;2;;;;;;;3;736;;3;736;3;2;2;00:11;;14.08;3.52;00:57;7.04;;10.56;14.08;3,893.24;4;;0;0;1;1;;4 minutes;0;0;00:16;;0%;;;0;
timohilde86;3478;29;16;5;2;21;14;480;1;11.34;15.66;2.7;0.48;39;6;;9,127;13;;;7.8;;;;11;3,023;;11;6,151;21;4;12;00:15;;2.7;0.54;00:09;7.02;;3.24;21.06;4,928.97;5;;1;2;1;4;;16 minutes;2;2;00:17;02:52;100%;
tinysparkles;3258;;;5;4;12;7;38;0;14.76;;6.15;0.09;2;;;5,669;;;;0.2;;;;;1,759;;1;4,059;2;;;00:06;;12.3;;00:12;;;1.23;2.46;6,975.39;10;;1;0;2;3;;6 minutes;1;0;00:09;;0%;;;1;
Toon_Link32;3860;9;7;14;14;20;10;203;0;20.14;9.06;14.09;0.27;11;2;;5,575;2;;;1.22;;;;3;2,855;;3;4,693;9;2;2;00:11;;9.06;;00:15;2.01;;2.01;11.07;5,613.85;9;;2;1;1;4;;12 minutes;1;1;00:15;;65%;;;0;
TroLeQuiS_kiLLeR;0;;;3;3;;;25;0;;;9.03;0.11;3;;;1,775;;;;1.5;;;2;2;1,703;;2;1,703;3;;;00:03;;6.02;;00:16;;;;9.03;5,345.54;2;;;0;0;1;;3 minutes;0;0;00:05;;100%;
Uryu_CsP;4529;16;14;7;6;15;6;318;1;18.41;19.64;8.59;0.6;22;5;;5,818;9;;;7.33;;;4;9;2,465;;9;3,793;20;3;9;00:31;;3.68;;00:44;11.04;;6.13;27;7,142.42;3;;1;0;1;2;;8 minutes;1;1;00:36;00:29;99%;;;0;
vansama813;2031;36;11;59;11;42;10;721;1;15.46;13.25;21.73;0.36;49;15;2;23,676;21;;;2.57;;;;7;4,066;;7;5,239;12;7;9;00:18;;6.99;0.73;00:19;7.73;;5.52;18.04;8,720.32;19;;3;4;1;8;2;32 minutes;3;1;00:53;01:42;22%;;1;1;
vichda;3343;320;14;438;12;390;14;7,799;1;10.89;8.94;12.23;0.39;511;151;37;174,312;187;2;;2.16;;;;11;4,128;5;11;4,953;16;6;9;00:41;3;6.59;1.03;00:23;5.22;;4.21;14.27;4,871.12;236;;31;31;20;83;6;5 hours;36;28;14:05;17:46;79%;3;1;7;
Vince-F95Gunners;3049;227;11;391;15;348;20;4,915;1;14.53;9.48;16.33;0.3;396;152;48;156,828;104;3;;2.02;;1;;11;4,379;;11;5,004;16;7;6;00:52;2;8.18;2;00:20;4.34;;6.34;16.54;6,551.68;196;;22;20;16;57;3;4 hours;24;10;08:02;09:50;42%;3;4;10;
WhiteRangerOwnz;1919;69;11;74;7;74;10;1,548;1;10.99;10.24;10.99;0.38;128;54;17;40,745;29;;;2.2;;;;16;4,273;;16;4,273;16;10;7;00:23;5;8.61;2.52;00:18;4.3;;8.02;19.01;6,052.08;58;2;5;7;4;16;;1 hour;7;3;02:04;03:14;48%;;1;2;
Wonga1963;3412;7;7;6;6;11;11;30;0;18.95;12.06;10.33;0.07;10;6;3;1,644;;;;1.25;;;;5;440;;5;1,644;10;6;;00:04;3;13.78;5.16;00:07;1.72;;10.33;17.23;2,833.53;8;;2;;;2;;6 minutes;1;;00:04;;;;;1;
xbLeU;0;6;3;9;5;10;6;110;0;8.41;5.04;7.57;0.2;8;5;;3,034;;;;1.6;;;;3;1,918;;3;1,918;4;3;;00:04;;4.2;0.84;00:03;;;4.2;6.73;2,553.08;5;;0;1;;1;;8 minutes;1;1;00:04;;100%;
XCloud-4tlasX;2415;6;6;11;11;6;3;97;0;15.99;15.99;29.31;0.28;12;6;;4,122;7;;;2;;;;6;1,178;51;6;3,368;11;5;7;00:38;;15.99;2.66;01:47;18.65;;15.99;31.98;10,985.55;6;;1;0;;1;;5 minutes;0;0;00:40;02:42;34%;;0;0;
XDaRkFlMeMaSteX;3020;6;6;9;6;12;4;56;0;5.8;2.9;4.35;0.05;18;3;;5,220;12;;;1.38;;;;4;1,129;;4;2,123;10;2;6;00:21;;6.28;;00:29;5.8;;1.45;8.7;2,524.13;13;;1;1;2;4;;17 minutes;2;0;01:01;;0%;;;2;
Xecrets;3947;;;;;3;3;;;10.71;;;;;;;;;;;;;;;;;;;;;;;;;;;;;;;;;;;0;0;1;1;;2 minutes;0;;;;;;;0;
xEvery_;0;30;17;9;6;10;5;364;1;3.94;11.83;3.55;0.42;42;15;3;12,397;7;;;14;;;;20;5,106;;20;5,106;20;8;5;00:04;2;1.18;1.18;00:02;2.76;;5.91;16.57;4,892.21;3;;2;3;2;8;;14 minutes;3;3;00:06;00:03;100%;4;
xtrickharder_esp;3952;10;8;15;9;12;6;333;1;8.11;6.76;10.14;0.51;24;14;7;8,547;5;;;3.42;;;;12;2,011;;12;5,026;15;7;4;00:07;4;4.73;4.73;00:05;3.38;;9.46;16.22;5,780;7;;1;2;1;4;;10 minutes;1;1;00:07;02:28;91%;;;0;
XxDPROxSKILLZxX;0;3;3;;;2;2;19;0;6.46;9.7;3.23;0.09;7;3;3;1,050;;;;1.75;;;;2;491;;2;1,050;7;3;;;3;12.93;9.7;;;;9.7;22.63;3,396.12;4;;;;;;;3 minutes;0;0;;;100%;
Zcity9;3073;22;9;19;7;26;7;419;1;9.85;8.33;7.2;0.31;39;11;2;8,887;16;;;3.9;;;;14;1,681;;14;2,707;14;3;10;00:14;;3.78;0.75;00:15;6.06;;4.16;14.77;3,367.98;10;;2;2;1;4;;22 minutes;3;3;00:40;;100%;
ZeeTee_;4127;5;2;18;6;9;6;141;0;11.04;6.13;22.08;0.3;13;7;;6,830;;;;2.16;;;;4;2,288;;4;2,293;5;3;;00:03;;7.36;1.22;00:10;1.22;;8.58;15.94;8,378.78;6;;1;0;2;3;;7 minutes;1;0;00:08;;14%;;;1;
