Username;SR;Armor Packs Created;Torbjörn Kills;Turret Kills;Torbjörn Kills - Most in Game;Molten Core Kills;Molten Core Kills - Most in Game;Melee Final Blows - Most in Game;Turret Kills - Average;Torbjörn Kills - Average;Molten Core Kills - Average;Armor Packs Created - Average;Eliminations;Final Blows;Solo Kills;Shots Fired;Shots Hit;Critical Hits;Damage Done;Objective Kills;Multikills;Environmental Kills;Melee Final Blows;Critical Hits;Critical Hits per Minute;Critical Hit Accuracy;Eliminations per Life;Weapon Accuracy;Healing Done;Teleporter Pads Destroyed;Turrets Destroyed;Eliminations - Most in Life;Damage Done - Most in Life;Weapon Accuracy - Best in Game;Kill Streak - Best;Damage Done - Most in Game;Eliminations - Most in Game;Final Blows - Most in Game;Objective Kills - Most in Game;Objective Time - Most in Game;Solo Kills - Most in Game;Critical Hits - Most in Game;Critical Hits - Most in Life;Melee Final Blows - Average;Deaths - Average;Solo Kills - Average;Objective Time - Average;Objective Kills - Average;Final Blows - Average;Eliminations - Average;Damage Done - Average;Deaths;Environmental Deaths;Medals - Bronze;Medals - Silver;Medals - Gold;Medals;Cards;Time Played;Games Played;Games Won;Objective Time;Time Spent on Fire;Win Percentage;Multikill - Best;Games Tied;Games Lost;
aahmad3_3;2887;124;50;99;20;15;6;;20.47;10.34;3.1;25.64;129;34;2;5,812;882;75;37,418;55;;;;75;0.01;8%;2.52;15%;;;;17;2,864;23%;17;10,600;44;15;24;00:38;2;30;16;;10.54;0.41;00:25;11.37;7.03;26.68;7,739.51;51;;2;1;0;3;2;1 hour;5;4;02:03;03:48;74%;;;1;
abra84kadabra;2388;100;37;104;7;16;4;;14.4;5.12;2.21;13.85;125;39;8;1,705;369;14;52,478;50;;;;14;0;3%;2.11;21%;;;;11;3,323;24%;11;5,135;18;6;8;01:23;2;4;2;;8.17;1.1;00:45;6.92;5.4;17.31;7,270.55;59;;7;5;4;15;2;1 hour;7;4;05:25;00:02;56%;;0;3;
aisia121;4402;2;;10;;2;;;11.16;1.11;2.23;2.23;11;3;;130;18;;4,384;2;;;;;;;0.84;13%;;;;2;1,310;;2;1,978;4;2;;00:07;;;;;14.5;1.11;00:12;2.23;3.34;12.27;4,892.76;13;;0;0;;1;;11 minutes;1;1;00:11;;61%;;;0;
AkimboMistiK;4291;8;3;14;2;3;3;;16.15;3.46;3.46;9.22;15;4;;323;37;;3,233;3;;;;;0;2%;2.5;11%;;;;4;1,373;12%;4;2,714;12;4;;00:02;;;;;6.92;1.15;00:03;3.46;4.61;17.3;3,730.33;6;;0;1;0;2;;6 minutes;1;1;00:02;;100%;3;
akira082219;0;12;9;16;7;2;2;;13.37;7.52;1.67;10.02;18;7;;423;68;3;5,630;8;;;;3;0;4%;3;16%;;;;14;2,950;24%;14;2,950;14;7;8;00:13;;3;3;;5.01;0.83;00:13;6.68;5.85;15.04;4,704.87;6;2;0;1;0;2;;13 minutes;1;0;00:16;00:32;27%;;0;1;
Akodak;3000;9;4;7;4;;;;13.07;7.46;1.86;16.8;9;2;;234;41;;2,286;2;;;;;0;2%;2.25;17%;;;;7;1,306;;7;2,276;8;2;2;00:09;;;;;7.46;;00:16;3.73;3.73;16.8;4,267.77;4;;;0;0;0;;8 minutes;1;0;00:09;;4%;;;1;
AllStatsDown;0;2;2;6;2;2;2;;6.28;2.09;2.09;2.09;8;2;2;556;18;6;1,710;;;;;6;0.01;33%;1.14;3%;;;;5;770;6%;5;1,450;6;2;;;2;6;4;;7.33;2.09;;;2.09;8.38;1,791.81;7;;;0;1;1;;7 minutes;1;0;;;45%;;;1;
Angel_L_AssAssin;3749;;3;16;3;;;;27.03;5.06;1.68;1.68;18;3;;156;6;;1,821;3;;;;;0;16%;18;3%;;;;16;1,551;3%;16;1,821;18;3;3;;;;;;1.68;1.68;;5.06;5.06;30.41;3,077.28;;;1;1;1;2;;3 minutes;1;1;;;100%;
angels_fan_44;2127;17;9;;5;2;;;0.96;8.72;1.93;16.47;10;5;2;523;249;7;6,565;2;;;;7;0;2%;0.66;47%;;;;2;1,181;61%;2;3,822;6;3;2;00:24;;6;2;;14.53;1.93;00:23;1.93;4.84;9.69;6,362.53;15;;2;1;;3;;12 minutes;1;;00:24;;;;;1;
APurplePanduh;4021;9;15;16;8;6;5;;11.08;10.39;4.15;6.23;23;14;6;973;316;22;12,347;4;;;;22;0.02;6%;2.29;32%;;;;11;3,878;33%;11;4,550;12;8;2;00:10;2;11;10;;6.92;4.15;00:10;2.77;9.69;15.93;8,553.52;10;;1;1;2;4;;12 minutes;1;1;00:15;00:43;87%;;;0;
Arash1994;0;14;7;13;7;2;2;;22.13;11.92;3.4;23.84;14;4;;323;83;;3,477;;;;;;0;1%;4.66;25%;;;;7;1,483;25%;7;3,477;14;4;;;;;;;5.1;;;;6.81;23.84;5,920.81;3;;1;1;;2;;3 minutes;1;1;;01:37;100%;
AutoBots_Kick_A;2901;113;47;57;23;12;9;;14.01;11.56;2.95;27.79;76;33;6;2,920;1,014;69;40,012;37;;;;69;0.02;6%;3.61;34%;;;;16;8,025;40%;16;15,543;39;19;21;01:07;4;39;21;;5.16;1.47;00:26;9.1;8.11;18.69;9,841.3;21;;3;5;4;12;2;41 minutes;4;1;01:45;08:05;33%;3;;3;
BEBOFLOW-PR;0;53;25;43;8;10;4;;12.16;7.07;2.82;14.99;58;19;7;3,070;600;38;25,721;23;;;;38;0.01;6%;2.31;19%;;;;9;3,134;34%;9;6,092;21;7;11;00:40;2;14;13;;7.07;1.98;00:21;6.5;5.37;16.4;7,275.56;25;;1;4;2;7;;33 minutes;4;1;01:15;03:32;40%;;;2;
beckkyyy-;2702;46;23;67;12;7;6;;28.06;9.63;2.93;19.26;78;16;5;1,205;276;10;24,826;32;2;;;10;0;3%;5.2;22%;;;;21;4,697;35%;21;9,975;33;7;16;00:20;4;4;3;;6.28;2.09;00:12;13.4;6.7;32.67;10,398.48;15;;1;3;1;5;;30 minutes;2;2;00:30;03:21;87%;3;;0;
BEN-B-en;0;5;2;6;;;;;5.38;1.79;0.89;4.48;9;4;2;243;43;2;3,653;;;;;2;0;4%;;17%;;;;4;1,507;32%;4;2,292;8;3;;;;2;2;;8.08;1.79;;;3.59;8.08;3,279.98;9;;1;1;0;2;;12 minutes;1;0;;;10%;;1;0;
bhmazz;0;183;63;137;11;29;9;;16.25;7.47;3.44;21.71;170;65;16;6,550;1,268;64;63,395;62;2;;;64;0.01;5%;2.83;19%;;;;16;4,510;24%;16;7,970;26;15;11;01:25;3;13;9;0.11;7.12;1.89;00:25;7.35;7.71;20.17;7,523.74;60;2;6;6;6;18;2;1 hour;8;4;03:37;06:15;45%;3;2;3;
BloodHoundHD;4028;161;118;146;15;32;6;;15.94;12.88;3.49;17.58;216;84;30;7,690;2,358;186;97,685;56;2;;;186;0.02;7%;3.54;30%;;;;20;6,305;100%;20;9,827;26;11;10;01:50;7;20;17;;6.66;3.27;00:22;6.11;9.17;23.59;10,670.5;61;;9;7;11;27;4;1 hour;9;6;03:24;10:42;66%;3;;3;
Blota_Skoles;3358;;;;;;;;6.54;6.54;;;;;;27;6;;749;;;;;;0.01;16%;0.5;22%;;;;;724;;1;749;;;;00:03;;;;;13.08;;00:21;;6.54;6.54;4,898.59;2;;0;0;0;0;;1 minute;0;0;00:03;;60%;;;0;
BobbysWorldGamer;2493;84;31;83;8;11;4;;16.16;6.03;2.14;16.35;100;32;4;2,359;516;21;40,588;45;;;;21;0;4%;2;21%;;;2;10;3,507;41%;10;10,892;24;7;13;00:52;2;5;3;;9.73;0.77;00:40;8.76;6.23;19.47;7,904.39;50;;3;2;4;10;;54 minutes;5;3;03:26;00:23;55%;3;1;1;
BONBISH;3415;8;11;14;6;5;3;;14.84;11.66;5.3;8.48;19;7;4;891;440;12;11,366;9;;;;12;0.02;2%;2.71;49%;;;;6;3,842;;6;7,402;12;4;8;00:35;2;7;5;;7.42;4.24;00:43;9.54;7.42;20.14;12,049.43;7;;;2;2;3;;8 minutes;1;1;00:41;00:31;67%;;;0;
boneh;4051;33;19;24;8;3;2;;18.27;14.46;2.28;25.13;37;17;6;777;181;11;7,677;6;;;;11;0.01;6%;9.25;23%;;;;12;2,214;57%;12;3,075;16;8;4;00:15;5;4;2;;3.04;4.56;00:14;4.56;12.94;28.17;5,846.42;4;;1;1;1;3;;10 minutes;1;1;00:18;01:01;100%;
Buahahahaha;2770;26;6;17;4;3;;;7.23;2.55;1.27;11.06;19;6;;437;70;5;9,635;8;;;;5;0;7%;0.59;16%;;;;9;2,831;27%;9;5,385;12;3;5;00:34;;4;2;;13.61;0.42;00:23;3.4;2.55;8.08;4,098.92;32;8;2;1;0;4;;24 minutes;2;;00:55;00:10;;;;2;
BunnyFuufu;3926;;3;;3;;;;;6.17;;2.05;3;2;;118;27;2;744;;;;;2;0;7%;;22%;;;;3;744;;3;744;3;2;;00:05;;2;2;;;;00:18;;4.11;6.17;1,531.12;;;;0;1;1;;4 minutes;0;0;00:08;;100%;
buraki35;4286;7;10;8;10;;;;12.85;16.06;1.6;11.24;12;2;;454;79;2;3,193;2;;;;2;0;2%;12;17%;;;;9;3,158;17%;9;3,193;12;2;2;00:04;;2;2;;1.6;;00:07;3.21;3.21;19.28;5,130.34;;;;1;1;2;;4 minutes;1;1;00:04;01:15;100%;3;
Cassia7;3556;;;2;;;;;7.39;3.69;;3.69;2;;;44;13;;1,994;;;;;;;;2;29%;;;;2;1,134;29%;2;1,994;2;;;;;;;;3.69;;;;;7.39;7,373.57;;;0;1;;1;;1 minute;0;;;;;;;0;
Chewdle;3693;41;38;44;11;11;3;;15.5;13.39;3.87;14.44;59;23;6;2,350;903;43;32,288;22;;;;43;0.02;4%;4.53;38%;;;;13;5,823;47%;13;7,575;15;8;8;00:29;2;14;14;;4.58;2.11;00:26;7.75;8.1;20.78;11,377.14;13;;1;2;6;9;;24 minutes;3;2;01:15;04:03;82%;;;0;
Chimichanga49er;3611;3;3;4;3;;;;10.1;7.57;;7.57;5;2;;271;112;3;2,020;2;;;;3;0.01;2%;2.5;41%;;;;5;1,623;41%;5;2,020;5;2;2;00:14;;3;2;2.52;5.05;2.52;00:37;5.05;5.05;12.62;5,101.39;2;;0;0;;1;;2 minutes;0;;00:14;;;;;0;
Chuni-Byo;0;281;123;138;14;46;10;;13.64;12.16;4.54;27.79;199;70;19;10,306;3,437;112;120,700;71;3;;;112;0.01;3%;2.84;33%;;;;14;6,320;47%;14;12,931;25;13;9;00:59;4;11;8;;6.92;1.87;00:24;7.02;6.92;19.68;11,937.96;70;3;12;9;9;30;3;1 hour;10;7;04:05;12:44;70%;4;0;3;
CrispeChris;3343;;5;6;5;;;;6.41;5.34;;1.06;8;5;2;213;35;10;3,106;;;;;10;0.02;28%;2;16%;;;;7;2,527;23%;7;2,527;7;4;;;2;9;9;;4.27;2.13;;1.06;5.34;8.54;3,319.2;4;;0;2;1;3;;6 minutes;1;1;;00:10;100%;
CW-punchL1nez;2903;18;11;31;6;8;5;;35.17;12.48;9.07;20.42;34;14;2;838;237;6;10,793;9;;;;6;0;2%;3.4;28%;;;;10;2,572;36%;10;4,939;17;9;5;00:02;2;4;3;;11.34;2.26;00:02;10.21;15.88;38.57;12,246.89;10;;2;0;1;3;;12 minutes;1;1;00:02;02:12;67%;;;0;
cyber_animaI;4399;12;10;11;10;;;;21.04;19.12;1.91;22.95;16;10;2;366;87;7;4,462;4;;;;7;0.02;8%;8;23%;;;;11;2,820;23%;11;4,462;16;10;4;00:04;2;7;6;1.91;3.82;3.82;00:09;7.65;19.12;30.6;8,534.48;2;;1;1;1;2;;5 minutes;1;1;00:04;01:05;100%;
Desterix_452;0;;;;;;;;5.02;;;;;;;6;;;365;;;;;;;;0.5;16%;;;;;215;16%;1;365;;;;00:00;;;;;10.04;;00:01;5.02;;5.02;1,833.26;2;;;;0;0;;1 minute;0;;00:00;;;;;0;
DEVIL_SHADOW_KSA;0;;;3;;;;;23.52;;;;3;;;114;34;;1,245;;;;;;;;;29%;;;;2;588;;2;1,090;2;;;00:02;;;;;23.52;7.84;00:18;;7.84;23.52;9,764.98;3;;0;0;0;1;;2 minutes;0;;00:02;;;;;0;
Divinity-X-;4070;87;52;47;10;9;3;;11.08;12.26;2.12;20.51;77;35;7;3,431;1,081;61;36,901;22;;;;61;0.02;5%;1.54;31%;;;;8;2,532;48%;8;8,007;16;7;9;00:27;2;14;7;;11.79;1.65;00:10;5.18;8.25;18.16;8,703.49;50;;3;7;3;13;;48 minutes;4;1;00:45;01:45;33%;;0;2;
Droxzio;3207;15;8;15;4;2;2;;30.97;16.52;4.13;30.97;18;4;;124;56;2;5,112;4;;;;2;0;3%;6;45%;;;;8;1,981;50%;8;3,211;10;2;2;00:04;;;;;6.19;2.06;00:08;8.26;8.26;37.17;10,558.17;3;;0;0;1;1;;5 minutes;0;;00:04;;;;;0;
eastcoastrider71;2494;36;23;25;9;8;4;;13.26;12.2;4.24;19.09;37;15;4;1,032;277;7;24,183;25;;;;7;0;2%;1.94;26%;;;;7;3,341;36%;7;7,997;19;7;17;00:57;2;3;3;;10.07;2.12;00:53;13.26;7.95;19.62;12,829.51;19;;2;3;1;5;;22 minutes;2;;01:41;04:04;;3;0;1;
ecotaku;2368;47;29;81;11;17;7;;10.61;3.8;2.22;6.15;93;34;12;2,965;826;37;47,817;30;;;;37;0;4%;1.93;27%;;;;12;3,458;66%;12;9,485;23;10;8;00:06;2;5;5;;6.29;1.57;00:02;3.93;4.45;12.18;6,266.33;48;;5;5;4;14;;1 hour;8;1;00:20;01:07;7%;;1;6;
eliteboy_1da;3003;34;15;31;8;6;3;;20.6;9.96;3.98;22.59;35;10;5;789;265;10;14,237;11;;;;10;0;3%;1.75;33%;;;;5;3,339;13%;5;8,059;15;5;5;00:53;3;6;3;;13.29;3.32;00:55;7.31;6.64;23.26;9,461.46;20;;0;1;1;3;;18 minutes;2;1;01:24;00:20;56%;;;1;
entoe12;0;2;;8;;;;;6.63;0.82;;1.65;9;2;;124;3;;2,929;;;;;;;;3;2%;;;;7;2,163;4%;7;2,163;7;;;;;;;;2.48;;;0.82;1.65;7.46;2,430.63;3;;0;2;1;3;;9 minutes;1;1;;;61%;;;0;
Erenksk9;4169;23;16;6;8;4;2;;5.11;13.63;3.4;19.59;18;11;3;1,026;158;15;6,361;4;;;;15;0.02;9%;2.57;15%;;;;5;1,550;12%;5;3,640;8;5;4;00:46;;9;4;;5.96;2.55;00:39;3.4;9.37;15.33;5,420.68;7;2;0;1;3;4;;10 minutes;1;1;00:46;01:13;100%;
EvanMario;4510;;5;3;4;;;;14.46;24.11;;4.82;6;2;;113;17;;1,441;2;;;;;0;5%;6;15%;;;;5;958;29%;5;958;5;2;2;00:04;;;;;4.82;;00:20;9.64;9.64;28.93;6,949.01;;;0;0;;0;;2 minutes;0;0;00:04;00:00;100%;
Fade_BR;2818;3;;;;;;;;2.26;;6.8;;;;80;45;2;1,576;;;;;2;0.01;4%;0.33;56%;;;;;1,158;;1;1,576;;;;;;2;;;6.8;2.26;;;2.26;2.26;3,574.06;3;;0;;;0;;2 minutes;0;;;;;;;0;
Fairystinky;2101;50;9;16;4;5;3;;12.65;7.11;3.95;39.54;22;9;3;1,132;277;16;14,041;15;;;;16;0.01;5%;1.57;24%;;;2;7;5,129;30%;7;6,279;13;4;8;00:29;;9;4;;11.07;2.37;00:40;11.86;7.11;17.39;11,104.21;14;;0;1;1;3;;16 minutes;1;1;00:51;02:05;45%;;;1;
Flown_Jebus;0;271;253;245;24;57;6;2;12.26;12.66;2.85;13.56;418;187;53;10,959;4,025;220;131,107;129;3;;7;220;0.02;5%;5.29;36%;;;7;20;9,211;53%;20;10,206;39;16;16;02:11;9;40;21;0.35;3.95;2.65;00:30;6.45;9.36;20.92;6,562.51;79;;20;17;23;60;6;2 hours;20;18;10:05;24:03;90%;3;;2;
FlyNameHere;2202;9,759;4,768;10,329;25;2,331;18;;20.25;9.34;4.57;19.13;12,184;4,675;1,437;335,578;92,184;4,492;4,512,298;5,805;91;;;4,492;0.01;4%;3;27%;2;4;158;26;7,475;72%;26;18,895;66;30;48;03:42;9;37;16;;7.95;2.81;00:34;11.38;9.16;23.89;8,848.31;4,057;65;453;463;418;1,334;274;98 hours;510;265;04:54:36;12:08:15;52%;5;52;192;
forrestsmith2;0;20;13;11;13;;;;17.86;21.1;1.62;32.47;19;8;3;466;110;4;7,065;7;;;;4;0;3%;3.8;23%;;;;14;4,281;;14;6,900;19;8;7;00:11;3;4;4;;8.11;4.87;00:18;11.36;12.98;30.84;11,471.86;5;;0;1;1;2;;9 minutes;1;0;00:11;03:47;18%;;;1;
fructoseghost;2653;37;18;22;8;6;3;;13.53;11.07;3.69;22.76;32;8;2;2,837;632;21;14,560;15;;;;21;0.01;3%;1.52;22%;;;2;6;1,792;;6;2,816;11;3;7;00:13;;5;5;;12.92;1.23;00:30;9.22;4.92;19.68;8,958.74;21;;1;2;1;3;;21 minutes;2;1;00:50;00:07;57%;;0;1;
G1ng3rsHOT;;2;;;;;;;5.87;5.87;;11.75;2;;;109;16;2;962;;;;;2;0.01;12%;0.5;14%;;;;;542;;1;962;2;;;;;2;2;;23.51;;;;;11.75;5,654.73;4;;;0;;0;;2 minutes;0;0;;;100%;
games3_112;2604;9;13;11;13;;;;17.81;21.05;1.61;14.57;16;10;5;568;176;17;5,585;6;;;;17;0.04;9%;16;30%;;;;14;4,051;;14;5,585;16;10;6;00:12;5;17;15;;1.61;8.09;00:20;9.71;16.19;25.91;9,043.68;;;;1;1;2;;6 minutes;1;;00:12;02:13;;;;1;
Gandalion;0;123;63;83;12;21;5;;14.42;10.95;3.65;21.38;114;31;5;5,688;1,479;50;47,082;52;;;;50;0.01;3%;2.92;26%;;;;16;4,231;32%;16;7,705;18;5;11;01:34;2;10;6;0.17;6.77;0.86;00:47;9.03;5.38;19.81;8,184.5;39;;4;5;4;13;3;57 minutes;6;3;04:31;07:37;52%;3;0;3;
GodzillavsMuto;2555;;;;;;;;17.61;;;;;;;26;2;;721;;;;;;;;;7%;;;;;721;;1;721;;;;;;;;;17.61;;;;;17.61;12,699.09;;;0;;;0;;51.05547299608588 seconds;0;0;;;100%;;;0;
GoMu___;4214;2;;;;;;;;;;7.17;;;;135;59;;1,097;;;;;;0;1%;;43%;;;;;467;56%;;467;;;;;;;;;10.75;;;;;;3,935.38;3;;0;0;0;1;;2 minutes;0;;;;;;;0;
Highlander_scott;4073;19;9;14;9;3;3;;21.33;13.71;4.57;28.96;16;7;;569;182;4;8,765;7;;;;4;0;2%;2.28;31%;;;;10;4,633;33%;10;8,123;14;7;6;01:26;;3;;;10.66;1.52;02:16;10.66;10.66;24.38;13,359.24;7;;1;1;1;2;;9 minutes;1;0;01:29;02:12;26%;;;0;
hourai127;2224;486;318;603;16;113;6;;12.58;6.63;2.35;10.14;767;265;65;29,141;5,829;291;295,097;334;6;;;291;0.01;4%;2.36;20%;;;6;13;7,155;66%;13;14,956;29;11;22;02:19;3;20;13;;6.76;1.35;00:21;6.97;5.53;16.01;6,160.28;324;2;33;39;30;102;8;8 hours;48;14;17:31;23:48;28%;3;6;28;
I_Only_AWP_B;0;6;7;9;4;2;;;11.88;9.24;2.64;7.92;13;8;3;285;110;9;4,102;4;;;;9;0.02;8%;6.5;38%;;;4;6;1,875;51%;6;2,762;7;5;4;00:03;2;6;6;;2.64;3.96;00:06;5.28;10.56;17.16;5,417.11;2;;1;1;1;3;;6 minutes;1;1;00:04;00:20;100%;
Inny21;3069;16;11;22;5;4;3;;8.03;4.01;1.46;5.84;25;6;;806;262;10;16,031;8;;;;10;0;3%;1.78;32%;;;;5;3,529;52%;5;8,926;11;4;5;00:17;;6;4;;5.11;0.36;00:11;2.92;2.19;9.13;5,858.06;14;;2;1;1;4;;27 minutes;3;0;00:32;00:20;16%;3;0;2;
ioReactz;3584;44;32;45;9;9;3;;14.2;10.1;2.84;13.89;63;14;5;1,343;326;19;18,434;22;;;;19;0.01;5%;4.84;24%;;;;11;2,797;40%;11;3,857;17;3;8;01:15;2;7;7;;4.1;1.57;00:33;6.94;4.41;19.88;5,819.46;13;;1;3;2;7;2;30 minutes;3;3;01:44;00:02;90%;;0;0;
ItsRaiyu;4368;18;14;17;12;2;2;;15.91;13.1;1.87;16.85;22;5;;469;149;6;6,498;8;;;;6;0.01;4%;4.4;31%;;;;11;3,521;12%;11;6,011;20;4;8;01:04;;6;6;;4.68;0.93;01:00;7.49;4.68;20.59;6,083.51;5;;2;1;;3;;8 minutes;1;1;01:04;01:27;100%;
Jamie_Choi;3000;10;5;5;5;2;2;;19.35;19.35;7.74;38.71;7;2;;488;117;;3,501;5;;;;;0;0%;3.5;23%;;;;6;2,820;23%;6;3,501;7;2;5;00:57;;;;;7.74;;03:44;19.35;7.74;27.1;13,554.94;2;;;;0;0;;3 minutes;0;;00:57;01:01;;;;0;
JDG-191;2864;;;2;;;;;16.6;8.3;;8.3;2;;;154;34;3;1,493;;;;;3;0.02;8%;;22%;;;;2;1,219;;2;1,493;2;;;;;3;3;;16.6;;;;8.3;16.6;12,397.06;2;;0;;;0;;2 minutes;0;0;;;100%;
Jerfis1084;;16;8;27;8;4;4;;40.46;11.98;5.99;23.97;31;8;2;233;39;5;7,343;11;;;;5;0;12%;3.44;16%;;;;9;2,177;16%;9;7,343;31;8;11;00:26;2;5;2;;13.48;2.99;00:39;16.48;11.98;46.45;11,004.15;9;;1;1;;3;;10 minutes;1;1;00:26;01:08;100%;
JigokuSenshi;;8;17;18;11;5;3;;25.37;23.96;7.04;11.27;26;12;6;790;151;11;10,166;2;;;;11;0.01;7%;8.66;19%;;;;12;5,499;;12;8,151;18;9;2;00:01;3;10;10;;4.22;8.45;00:01;2.81;16.91;36.65;14,332.15;3;;0;1;;2;;11 minutes;1;;00:01;;;;1;0;
JonXSly;3015;599;409;492;13;153;7;;14.94;12.42;4.64;18.19;701;303;67;39,138;12,982;442;323,328;278;5;;2;442;0.02;3%;2.32;33%;;;3;20;6,611;52%;20;14,345;28;12;15;02:04;4;24;15;0.06;9.17;2.03;00:32;8.44;9.2;21.29;9,823.69;302;;23;30;39;92;14;5 hours;33;16;17:53;42:41;50%;3;1;16;
jordkin;2331;;;;;;;;;;;3.39;;;;35;13;;1,300;;;;;;;;;37%;;;;;615;;;1,190;;;;;;;;;10.18;;;;;;4,410.12;3;;;;1;1;;2 minutes;0;;;;;;;0;
kashibe01;2455;7;4;4;4;;;;12.14;12.14;3.03;21.25;7;;;87;33;;1,927;3;;;;;0;3%;1.75;37%;;;;5;1,316;;5;1,927;7;;3;00:03;;;;;12.14;;00:09;9.1;3.03;21.25;5,851.17;4;;;0;1;1;;3 minutes;0;0;00:03;;100%;
Keytix_;0;7;5;9;3;;;;15.5;8.61;;12.06;13;2;;301;95;4;3,986;6;;;;4;0.01;4%;13;31%;;;;8;2,565;40%;8;2,565;8;2;4;00:23;;2;2;;1.72;;00:56;10.33;3.44;22.39;6,868.1;;;;1;1;1;;5 minutes;1;1;00:32;;100%;
KILLER77_HAZZA3;0;;;5;;;;;16.05;3.21;;;5;;;42;3;;1,420;;;;;;;;2.5;7%;;;;5;1,090;;5;1,420;5;;;00:01;;;;;6.42;;00:05;3.21;3.21;16.05;4,559;2;;0;0;;1;;2 minutes;0;;00:01;;;;;0;
KingXacTz;0;35;26;26;14;4;2;;20.53;20.53;3.15;27.63;45;21;5;903;260;10;13,872;18;;;;10;0.01;3%;7.5;28%;;;;17;3,927;26%;17;5,449;19;11;7;00:10;4;6;6;;4.73;3.94;00:16;14.21;16.58;35.53;10,953.9;6;;0;2;;2;2;14 minutes;1;1;00:20;04:18;100%;
kirA-_-bleAch;0;5;3;8;3;3;3;;24.55;9.2;9.2;15.34;10;;;296;60;4;4,628;2;;;;4;0.01;6%;5;20%;;;;8;3,222;;8;3,222;8;;2;;;4;4;;6.13;;;6.13;;30.68;14,201.65;2;;0;1;1;1;;4 minutes;0;0;;;63%;;;0;
koba-ya;1337;12;9;39;6;2;2;;18.49;4.26;0.94;5.69;44;9;3;425;101;5;14,943;7;;;;5;0;4%;14.66;23%;;;;11;4,933;28%;11;8,716;20;6;3;00:25;2;2;2;;1.42;1.42;00:12;3.32;4.26;20.87;7,087.8;3;;1;1;;3;2;20 minutes;2;2;00:27;;82%;;0;0;
kon5-TDRoki;2363;103;39;53;10;12;3;;4.03;2.96;0.91;7.84;79;22;10;2,818;671;31;52,350;31;;;;31;0;4%;1.23;23%;;;;10;3,461;40%;10;10,009;16;6;7;01:02;3;7;4;;4.87;0.76;00:18;2.36;1.67;6.01;3,985.38;64;;7;4;3;14;;1 hour;13;2;03:57;02:29;16%;;1;10;
koutyatya;0;47;50;73;15;15;4;;19.43;13.31;3.99;12.51;96;31;5;3,971;1,186;35;44,865;31;;;;35;0.01;2%;5.33;29%;;;5;14;5,435;100%;14;8,816;21;10;6;00:25;2;11;8;;4.79;1.33;00:21;8.25;8.25;25.55;11,943.65;18;;1;5;8;13;;37 minutes;4;1;01:19;02:27;34%;;1;2;
kurosaki158;1715;;;;;;;;;2.04;;;;;;402;149;6;3,138;;;;;6;0.02;4%;0.14;37%;;;;;998;26%;1;998;;;;00:14;;3;3;;14.28;;00:50;2.04;;2.04;6,405.11;7;;1;0;0;2;;4 minutes;0;0;00:24;;0%;;;0;
LEATONER;0;231;92;182;9;42;8;;17;8.59;3.92;21.57;225;74;17;6,874;1,351;73;98,118;94;;;;73;0;5%;1.78;19%;;;2;11;3,622;83%;11;10,282;26;10;17;00:39;2;10;8;;11.76;1.58;00:23;8.78;6.91;21.01;9,165.24;126;;8;7;8;24;2;2 hours;11;4;04:08;08:03;35%;3;2;5;
LoggingOut;0;18;11;13;5;7;5;;8.65;7.32;4.66;11.98;19;11;3;800;312;16;7,352;3;;;;16;0.02;5%;1.9;39%;;;;7;1,650;54%;7;3,045;9;6;2;00:14;2;7;7;;6.65;1.99;00:17;1.99;7.32;12.65;4,895.88;10;;1;1;2;5;;11 minutes;2;1;00:26;00:24;80%;3;;0;
LostkumaTH;0;25;20;35;8;6;4;;17.58;10.05;3.01;12.56;43;16;;1,501;459;23;15,884;19;;;;23;0.02;5%;3.9;30%;;;;12;3,464;44%;12;7,849;15;6;8;00:31;;11;8;;5.52;0.5;00:40;9.54;8.04;21.6;7,982.51;11;;1;1;1;3;;17 minutes;2;1;01:20;02:08;49%;;;1;
LuckyC723;3709;164;71;120;7;25;6;;8.96;5.3;1.86;12.24;162;54;14;7,341;1,981;123;106,652;47;;;;123;0.01;6%;1.57;26%;;;3;9;5,764;66%;9;10,806;17;6;6;00:46;2;16;10;;7.69;1.04;00:17;3.5;4.03;12.09;7,964.26;103;;7;9;5;22;;2 hours;13;2;04:00;01:54;13%;3;;12;
M5roosh_ksa;3563;5;;6;;;;;5.34;0.89;0.89;4.45;7;4;2;221;45;;4,676;;;;;;0;2%;1.16;20%;;;;3;1,665;33%;3;1,885;3;3;;;;;;0.89;5.34;1.78;;;3.56;6.23;4,164.37;6;;1;2;1;3;;9 minutes;1;0;;;29%;;;1;
MamasNippel;3912;13;9;10;3;;;;1.54;1.39;0.15;2.01;17;5;2;1,307;292;12;11,366;8;;;;12;0;4%;0.36;22%;;;;3;1,380;66%;3;3,629;5;3;3;00:24;;9;5;;7.12;0.3;00:08;1.23;0.77;2.63;1,759.64;46;2;2;1;1;4;;40 minutes;6;0;00:52;;5%;;;6;
MEOW987;2674;5;2;4;2;;;;14.19;7.09;;17.74;6;2;;91;25;3;3,057;;;;;3;0;12%;1.2;27%;;;;4;1,860;26%;4;2,542;6;2;;00:05;;3;3;;17.74;3.54;00:32;;7.09;21.29;10,851.18;5;;1;;;1;;5 minutes;0;;00:09;;;;;0;
Miz_One;1490;36,062;14,861;32,069;30;7,049;20;;20.52;9.5;4.51;23.07;38,475;11,983;3,062;779,662;190,137;8,609;19,680,375;16,149;289;;11;8,609;0;4%;3.79;24%;;11;655;33;12,522;76%;33;31,929;67;24;42;03:15;11;31;23;0;6.49;1.95;00:34;10.33;7.66;24.62;12,593.57;10,144;88;1,011;1,354;1,640;4,005;965;324 hours;1,563;628;14:57:32;30:53:40;40%;5;97;838;
Morgenarc;3323;8;8;16;8;5;5;;26.34;13.17;8.23;13.17;18;7;2;191;48;3;4,385;6;;;;3;0;6%;9;25%;;;;10;2,361;;10;4,190;18;7;6;00:05;2;3;2;;3.29;3.29;00:09;9.87;11.52;29.63;7,220.82;2;;1;1;2;3;;5 minutes;1;1;00:05;00:10;86%;3;;0;
Mr_O_Blood_type_;0;;;3;;;;;4.2;1.4;;1.4;4;2;;148;2;;2,205;;;;;;;;1.33;1%;;;;3;1,075;11%;3;1,075;3;2;;;;;;;4.2;1.4;;;2.8;5.6;3,089.86;3;;1;1;1;2;;5 minutes;1;;;;;;;1;
MrBlueyes;2154;650;414;946;12;171;7;;20.36;8.91;3.68;13.98;1,093;399;128;15,882;3,541;217;397,067;364;5;;;217;0;6%;3.82;22%;;;4;25;9,433;53%;25;11,507;29;15;14;00:41;6;13;10;;6.15;2.75;00:09;7.83;8.58;23.52;8,546.04;286;;41;39;29;108;22;8 hours;46;26;07:24;43:06;56%;4;4;16;
MrBurns_rj;;;;;;;;;5.96;5.96;;;;;;230;122;;2,383;;;;;;0.01;0%;0.5;53%;;;;;1,678;53%;1;2,383;;;;00:02;;;;;11.92;5.96;00:13;;5.96;5.96;14,212.51;2;;;0;0;1;;1 minute;0;;00:02;;;;;0;
mrfr33s3;2586;39;18;29;9;;;;24.29;15.07;0.83;32.66;32;11;2;1,142;370;14;13,463;15;;;;14;0.01;3%;2.66;32%;;;2;11;4,933;35%;11;7,815;21;6;12;02:38;2;6;6;;10.05;1.67;02:15;12.56;9.21;26.8;11,277.88;12;;0;3;1;5;;16 minutes;1;1;02:41;00:52;89%;;;0;
MRstyles4u;3112;18;9;13;5;;;;15;10.38;1.15;20.77;18;9;2;684;178;17;7,769;5;;;;17;0.02;9%;1.8;26%;;;;4;1,919;28%;4;3,647;9;4;3;00:02;2;11;7;;11.54;2.3;00:03;5.77;10.38;20.77;8,966.68;10;;1;0;1;2;;11 minutes;1;;00:03;00:44;;;;1;
nano1cdo;;26;14;25;9;7;6;;19.81;11.09;5.54;20.6;30;11;3;1,009;299;13;9,389;19;2;;;13;0.01;4%;4.28;29%;;;;9;1,723;48%;9;5,028;21;8;16;00:23;3;8;6;;5.54;2.37;00:20;15.05;8.71;23.77;7,440.72;7;;;1;3;3;;13 minutes;1;1;00:25;03:23;54%;4;;1;
Natz_D_Chow;4100;25;35;37;16;7;3;;12.92;12.22;2.44;8.73;55;29;14;1,548;377;37;19,734;15;;;;37;0.02;9%;2.61;24%;;;3;8;2,821;65%;8;5,668;26;11;9;01:23;4;18;8;0.34;7.33;4.89;00:51;5.24;10.13;19.21;6,893.9;21;;2;3;4;8;;28 minutes;3;3;02:27;00:32;92%;;;0;
NickalaiHomebrew;3044;79;42;76;6;13;3;;9.35;5.16;1.6;9.72;94;30;7;3,529;827;37;49,963;39;;;;37;0;4%;1.27;23%;;;;9;4,097;34%;9;7,424;13;8;8;01:03;2;13;8;;9.1;0.86;00:31;4.8;3.69;11.57;6,149.75;74;;5;4;2;11;;1 hour;8;3;04:17;02:14;32%;;0;5;
nyanyamui_401;0;8;4;4;2;;;;1.33;1.33;0.33;2.67;6;;;414;85;2;4,247;;;;;2;0;2%;0.33;20%;;;;2;983;100%;2;1,803;3;;;00:17;;;;;6;;00:09;0.33;;2;1,417.32;18;;2;1;1;5;;19 minutes;3;0;00:28;;0%;;;3;
ohmygoshimjay;0;226;101;273;22;68;18;;25.19;9.32;6.27;20.86;315;138;36;3,186;710;43;125,993;151;;;;43;0;6%;5.62;22%;;;;20;9,639;48%;20;26,043;71;34;38;01:49;8;12;5;;5.16;3.32;00:37;13.93;12.73;29.07;11,629.93;56;;5;11;15;31;9;2 hours;11;7;06:48;21:13;61%;3;;4;
oI_SPY_Io;4521;;3;4;3;;;;16.46;12.35;;;6;;;71;9;;655;;;;;;0;11%;;12%;;;;6;595;12%;6;595;6;;;00:30;;;;;;4.11;02:06;;4.11;24.7;2,696.91;;;0;0;0;1;;2 minutes;0;0;00:30;;99%;;;0;
o-Norton-o;0;25;11;24;7;6;6;;22.38;10.26;5.59;23.32;32;13;5;450;122;7;12,884;10;;;;7;0.01;5%;32;27%;;;;22;6,197;21%;22;8,779;23;11;9;00:54;5;4;2;;0.93;4.66;00:51;9.32;12.12;29.85;12,018.52;;;1;;1;2;;11 minutes;1;1;00:54;04:24;54%;3;;0;
Original_Yankin;2592;;;;;;;;;2.8;;2.8;;;;167;25;;773;;;;;;0;4%;0.2;14%;;;;;215;12%;1;500;;;;00:00;;;;;14.02;;00:02;;2.8;2.8;2,169.17;5;;0;;0;0;;2 minutes;0;;00:00;;;;;0;
OttoFemtusen;2831;14;15;21;14;5;5;;23.44;16.74;5.58;15.63;28;13;4;522;147;10;7,806;14;;;;10;0.01;6%;4;28%;;;;12;2,249;34%;12;6,905;26;11;14;00:07;4;7;7;;7.81;4.46;00:08;15.63;14.51;31.26;8,715.23;7;;1;;2;3;;9 minutes;1;1;00:07;05:15;88%;;;0;
oualid32;4267;17;6;6;3;;;;7.71;7.71;;21.84;12;4;;499;208;24;6,997;4;;;;24;0.05;11%;1.71;41%;;;;4;2,400;46%;4;3,080;9;3;4;00:13;;14;8;;8.99;1.28;00:28;5.14;5.14;15.42;8,992.3;7;;0;1;1;2;;7 minutes;1;0;00:22;;45%;;;0;
praktommy;3673;171;79;110;13;31;8;;13;9.33;3.66;20.21;152;60;11;4,460;1,417;85;65,851;59;;;;85;0.01;5%;3.23;31%;;;;17;6,215;51%;17;9,398;26;16;14;01:47;4;21;10;;5.55;1.3;01:02;6.97;7.09;17.96;7,784.84;47;2;10;5;7;22;4;1 hour;8;5;08:50;15:51;63%;4;;3;
Prey1nMantis;2494;15;18;26;6;4;2;;11.1;7.68;1.7;6.4;32;19;2;839;252;16;13,024;4;;;;16;0.01;6%;3.2;30%;2;;;11;3,254;39%;11;4,342;11;6;3;00:01;;8;5;;4.27;0.85;00:00;1.7;8.11;13.67;5,564.15;10;;1;2;1;5;;19 minutes;2;;00:01;00:20;;;0;2;
raeinthesnow;2332;;;2;;;;;23.55;11.77;;11.77;3;;;45;14;;960;;;;;;;;1.5;31%;;;;2;744;;2;960;3;;;;;;;;23.55;;;;11.77;35.33;11,303.48;2;;0;;0;0;;1 minute;0;0;;;100%;
RaxesTheWise;2506;85;55;94;10;29;8;;20.87;12.21;6.43;18.87;113;36;15;4,162;1,294;57;49,743;40;;;;57;0.02;4%;4.18;31%;;;;15;4,170;54%;15;8,669;23;7;9;00:35;4;16;9;;5.99;3.33;00:17;8.88;7.99;25.09;11,044.85;27;;3;3;7;13;4;45 minutes;5;3;01:18;08:05;61%;;1;1;
rencpee;2745;14;4;6;3;;;;4.68;3.12;;10.92;9;3;;666;145;9;7,309;;;;;9;0;6%;0.81;21%;;;;7;2,488;28%;7;3,973;7;2;;00:07;;7;5;;8.58;;00:05;0.78;2.34;7.02;5,704.7;11;;1;1;1;3;;15 minutes;1;0;00:07;;4%;;;1;
res1tvih;2842;;2;;;;;;6.08;12.17;;;2;;;420;102;3;1,580;2;;;;3;0.01;2%;;24%;;;;;937;35%;1;957;;;;00:15;;2;2;;12.17;;01:50;12.17;6.08;12.17;9,614.36;2;;0;;0;0;;2 minutes;0;;00:18;;;;;0;
Rhinoblue123RED;2209;16;13;33;8;4;2;;22.71;8.94;2.75;11.01;39;9;;493;130;5;13,421;16;;;;5;0;3%;3.9;26%;;;;15;4,995;39%;15;6,537;27;7;13;00:14;;3;2;;6.88;0.68;00:10;11.01;6.19;26.84;9,239.7;10;;2;1;1;4;;16 minutes;1;1;00:14;03:45;75%;;;0;
Ronald_Toh95;0;;;;;;;;;;;12.59;;;;6;2;;470;;;;;;0.01;50%;;33%;;;;;315;;;470;;;;;;;;;12.59;;;;;;5,920.29;;;0;;;0;;57.04538902733475 seconds;0;;;;;;;0;
Rundle0509;3962;136;103;128;28;25;5;;17.69;14.23;3.45;18.8;188;66;20;4,636;1,304;115;47,076;51;3;;;115;0.02;8%;4.82;28%;;;3;14;4,332;53%;14;8,375;35;14;12;01:55;4;39;14;0.13;5.39;2.76;00:33;7.05;9.12;25.99;6,508.29;39;;4;9;12;25;6;1 hour;7;7;03:59;08:25;100%;3;
RyanAM;3889;4;6;;3;;;;2.05;12.32;;8.21;6;5;;251;47;7;2,502;;;;;7;0.01;14%;1.5;18%;;;;3;1,192;;3;1,257;3;2;;;;6;6;;8.21;2.05;;2.05;10.27;12.32;5,141.18;4;;0;0;;0;;6 minutes;0;0;;00:04;100%;
S3NTINEL2001;2826;13;10;15;10;5;5;;28.34;18.89;9.44;24.56;19;7;2;521;184;10;11,025;8;;;;10;0.01;5%;3.16;35%;;;;9;3,939;36%;9;10,715;18;7;8;00:02;2;10;7;;11.33;3.77;00:04;15.11;13.22;35.9;20,833.01;6;;0;0;1;1;;8 minutes;1;;00:02;03:21;;;1;0;
samurainu;2412;351;115;286;12;49;8;;18.59;7.47;3.18;22.81;338;104;35;7,511;2,110;136;133,249;122;2;;;136;0.01;6%;4.97;28%;;;;18;5,330;57%;18;7,723;27;8;13;00:29;5;24;15;;4.42;2.27;00:18;7.93;6.76;21.97;8,661.61;68;;12;14;14;39;4;3 hours;15;4;04:37;27:29;28%;3;3;8;
sbkkzy;0;22;3;5;3;;;;2.37;1.42;;10.46;7;2;;408;35;4;4,065;2;;;;4;0;11%;0.38;8%;;;;3;2,485;20%;3;3,394;4;;;01:17;;4;2;;8.56;;00:45;0.95;0.95;3.32;1,933.47;18;;;2;1;3;;20 minutes;2;0;01:36;;21%;;;2;
Shadowfox55;2974;3;;;;;;;1.21;1.21;;3.65;2;;;344;26;3;2,548;;;;;3;0;11%;;7%;;;;2;2,058;48%;2;2,548;2;;;00:11;;3;3;;2.43;;00:13;1.21;1.21;2.43;3,103.79;2;;1;0;;1;;6 minutes;1;0;00:11;;56%;;;0;
Shadows1Disciple;;114;69;136;16;13;6;;22.75;11.54;2.17;19.07;174;60;16;3,167;698;36;49,138;61;2;;;36;0;5%;21.75;22%;;;;20;6,276;100%;20;12,804;59;17;22;00:19;6;7;6;;1.33;2.67;00:09;10.2;10.04;29.11;8,222.58;8;;4;5;2;11;4;1 hour;6;3;00:55;02:55;56%;3;;3;
shadowstrixx;2873;;;;;;;;;14.52;;14.52;;;;21;2;;218;;;;;;;;0.5;9%;;;;;161;;1;218;;;;00:01;;;;;29.05;;00:23;;14.52;14.52;3,168.04;2;;0;;0;0;;1 minute;0;0;00:01;;100%;
Signal_Graph;0;13;5;7;5;;;;15.68;11.2;2.24;29.12;10;4;;544;171;5;5,830;;;;;5;0.01;2%;1.66;31%;;;;3;2,273;31%;3;5,830;10;4;;00:16;;5;2;;13.44;2.24;00:36;2.24;8.96;22.4;13,062.6;6;;1;0;0;1;;6 minutes;0;0;00:16;;0%;;;0;
sloohy99;2683;113;36;64;10;15;4;;13;7.31;3.04;22.95;91;34;11;3,062;1,005;54;36,193;26;;;;54;0.01;5%;4.33;32%;;;;16;4,975;38%;16;5,532;16;7;7;00:34;3;11;11;0.2;4.26;2.23;00:10;5.28;6.9;18.48;7,353.29;21;;3;3;3;9;4;48 minutes;5;2;00:50;03:18;44%;3;1;2;
Smithered;0;;3;;;;;;;10.58;;;3;3;;8;2;;407;;;;;;0;50%;3;25%;;;;;296;25%;1;296;;;;00:14;;;;;3.52;;01:11;3.52;10.58;10.58;1,437.58;;;0;0;1;1;;1 minute;0;0;00:20;;100%;
SNAKE714;3590;;;2;;;;;13.58;;6.79;;2;;;122;62;;3,143;;;;;;;;2;50%;;;;2;3,143;;2;3,143;2;;;00:02;;;;;6.79;6.79;00:16;;6.79;13.58;21,357.38;;;;0;0;0;;2 minutes;0;;00:02;;;;;0;
stiouf3;3519;14;7;4;4;;;;13.41;23.46;;46.93;10;4;2;548;120;9;2,652;5;;;;9;0.02;7%;1.66;21%;;;;5;1,234;;5;1,373;5;3;2;00:25;2;7;7;;20.11;6.7;02:00;16.76;13.41;33.52;8,892.79;6;;0;1;0;1;;5 minutes;0;0;00:35;00:03;54%;;;0;
stormavatar;4579;13;5;11;4;3;3;;12.92;5.87;3.52;15.27;13;4;2;143;112;6;4,255;;;;;6;0.01;5%;6.5;78%;;;;10;3,194;100%;10;4,196;11;3;;;2;6;6;;2.34;2.34;;;4.69;15.27;4,997.89;2;;1;1;1;3;;7 minutes;1;1;;00:04;100%;
subzilllaa;3496;10;5;7;3;;;;4.11;2.94;0.58;5.88;10;3;3;328;128;;7,423;2;;;;;;;0.45;39%;;;;5;3,055;50%;5;3,145;5;2;;00:15;2;;;;12.94;1.76;00:09;1.17;1.76;5.88;4,368.82;22;;1;1;0;2;;16 minutes;2;;00:15;;;;;2;
Surrturr;3138;4;4;7;4;2;2;;16.97;9.7;4.85;9.7;11;;;216;8;;899;3;;;;;0;12%;5.5;3%;;;;6;532;4%;6;889;10;;3;00:01;;;;;4.85;2.42;00:04;7.27;2.42;26.67;2,179.47;2;;0;0;0;1;;4 minutes;0;0;00:01;;67%;;;0;
Swegg-Lawdd;0;33;38;45;10;7;3;;13.76;11.62;2.14;10.09;66;24;5;1,993;551;42;23,744;10;;;;42;0.02;7%;2.86;27%;;;;9;3,384;33%;9;9,223;13;6;4;00:12;2;10;8;;7.03;1.52;00:08;3.05;7.34;20.18;7,263.12;23;;6;1;2;8;;30 minutes;3;3;00:27;01:27;100%;3;
SwiperThe1;4252;;2;2;2;;;;10.9;10.9;;5.45;4;3;;95;26;;1,037;;;;;;;;1.33;27%;;;;3;492;;3;1,037;4;3;;00:00;;;;;16.35;;00:01;;16.35;21.81;5,657.02;3;;0;0;0;1;;1 minute;0;0;00:00;;100%;
The_Bob_tw;3073;7;3;6;2;2;;;13.1;6.55;4.36;15.28;6;2;;322;123;9;4,058;;;;;9;0.03;7%;2;38%;;;;3;2,188;;3;2,188;3;;;00:07;;7;7;2.18;6.55;2.18;00:17;2.18;4.36;13.1;8,859.64;3;;0;1;1;2;;4 minutes;0;;00:07;;;;0;0;
TheeObamanation;0;78;29;84;5;16;5;;13.88;4.79;2.64;12.89;94;26;4;1,886;388;10;57,128;36;;;;10;0;2%;2.04;20%;;;;11;6,067;26%;11;7,107;19;5;7;00:36;;3;2;;7.6;0.66;00:25;5.95;4.29;15.54;9,445.49;46;;5;7;8;20;3;1 hour;6;4;02:36;00:20;59%;;0;2;
Thirsty_Cat;0;;;;;;;;;;;;;;;23;5;;418;;;;;;;;;21%;;;;;418;21%;1;418;;;;;;;;;;;;;;;;;;;;;;;54.5434719864279 seconds;
tinysparkles;3258;102;65;93;19;25;10;;17.73;12.39;4.76;19.45;129;41;8;3,837;1,244;47;52,455;43;;;;47;0.01;3%;3.9;32%;;;;12;4,124;36%;12;10,229;38;14;16;00:45;3;15;7;0.19;6.29;1.52;00:26;8.2;7.81;24.6;10,003.19;33;;2;2;8;12;3;53 minutes;5;4;02:17;07:23;72%;;;1;
Toon_Link32;3860;3;4;2;3;;;;2.32;4.64;;3.48;4;;;422;161;10;7,378;;;;;10;0.01;6%;0.44;38%;;;;;1,940;2%;1;5,225;3;;;00:15;;8;6;;10.45;1.16;00:39;1.16;1.16;4.64;8,571.83;9;;0;1;1;2;;9 minutes;1;0;00:33;;15%;;;1;
TroLeQuiS_kiLLeR;0;3;3;4;3;;;;12.2;9.15;3.05;9.15;6;2;;193;40;3;1,406;2;;;;3;0.01;7%;3;20%;;;;4;1,219;20%;4;1,406;6;2;2;00:18;;3;3;;6.1;;00:56;6.1;6.1;18.31;4,291.1;2;;0;0;0;1;;2 minutes;0;0;00:18;00:14;100%;
vansama813;2031;;;;;;;;;2.47;;;;;;101;15;;3,301;;;;;;0;6%;0.5;14%;;;;;1,510;15%;1;1,691;;;;00:07;;;;;4.95;;00:18;;;2.47;8,179.9;2;;;;0;0;;3 minutes;0;;00:07;;;;;0;
vichda;3343;38;12;18;7;;;;16.98;11.32;0.94;35.86;23;10;2;995;327;3;9,264;13;;;;3;0;0%;1.76;32%;;;;7;2,401;40%;7;5,422;14;6;9;00:47;;3;;;12.26;1.88;01:05;12.26;9.43;21.7;8,743.38;13;;1;3;0;4;;13 minutes;1;1;01:08;02:17;84%;;;0;
Vince-F95Gunners;3049;411;191;363;13;61;7;;12.02;6.32;2.02;13.61;455;135;36;10,643;3,666;147;216,496;137;2;;;147;0;4%;1.89;34%;;;;15;5,705;100%;15;11,286;33;10;20;01:38;3;10;8;;7.95;1.19;00:17;4.53;4.47;15.07;7,173.98;240;21;21;22;33;77;7;4 hours;30;10;08:42;10:34;31%;3;2;19;
WhiteRangerOwnz;1919;3;3;9;2;;;;8.35;2.78;0.92;2.78;9;3;;358;55;;5,472;5;;;;;0;1%;0.9;15%;;;;2;1,053;64%;2;3,432;5;2;3;00:17;;;;;9.28;0.92;00:17;4.64;2.78;8.35;5,079.41;10;;0;1;1;3;;12 minutes;1;;00:18;;;;0;1;
WhitevisionPS;;3;3;3;2;;;;6.57;6.57;;6.57;5;2;2;109;20;;2,457;3;;;;;;;;18%;;;;2;983;;2;1,876;3;2;2;00:26;2;;;;10.95;4.38;01:04;6.57;4.38;10.95;5,381.1;5;;0;0;0;1;;5 minutes;0;;00:29;;;;;0;
wiktorjor2001;2881;21;11;20;11;4;4;;36.54;20.09;7.3;38.36;24;6;3;839;350;4;12,756;12;;;;4;0;1%;8;41%;;;;12;5,428;;12;12,756;24;6;12;00:11;3;4;3;1.82;5.48;5.48;00:20;21.92;10.96;43.85;23,306.99;3;;;;2;2;;8 minutes;1;1;00:11;;100%;
WolfsRawr;0;;;;;;;;;6.28;;;;;;86;51;3;1,501;;;;;3;0.06;5%;;59%;;;;;1,501;59%;1;1,501;;;;;;3;3;;6.28;;;;6.28;6.28;9,438.79;;;;;0;0;;47.98801199067384 seconds;0;;;;;;;0;
xbLeU;0;67;52;63;14;23;7;;17.29;14.27;6.31;18.39;86;43;12;2,291;696;76;31,009;32;3;;;76;0.04;10%;6.14;30%;;;;13;3,858;50%;13;8,742;29;13;11;01:05;6;28;14;;3.84;3.29;00:36;8.78;11.8;23.61;8,513.25;14;;4;5;4;13;2;31 minutes;4;3;02:12;05:47;83%;3;;1;
XDaRkFlMeMaSteX;3020;102;33;28;14;10;8;;4.93;5.81;1.76;17.96;55;19;4;2,041;792;25;31,778;17;;;;25;0;3%;1.48;38%;;;;11;5,252;53%;11;7,597;15;8;8;01:02;;11;6;;6.51;0.7;00:20;2.99;3.34;9.68;5,596.17;37;;3;2;4;9;;54 minutes;6;1;01:55;02:18;22%;;0;4;
Xecrets;3947;;;;;;;;;11.99;;11.99;;;;53;8;;169;;;;;;;;;15%;;;;;169;;1;169;;;;;;;;;11.99;;;;11.99;11.99;2,032.8;;;0;0;0;0;;46.756633962504566 seconds;0;;;;;;;0;
xEvery_;0;;;;;;;;7.92;7.92;;;;;;5;;;220;;;;;;;;;20%;;;;;220;20%;1;220;;;;00:26;;;;;;;03:28;7.92;7.92;7.92;1,744.06;;;;0;0;1;;34.638789964839816 seconds;0;0;00:26;00:02;100%;
xI_Ace_Ix;4158;;;;;;;;4.43;;;;;;;40;11;;236;;;;;;;;0.5;27%;;;;;136;27%;1;236;;;;;;;;;8.86;;;;;4.43;1,044.63;2;;0;0;0;1;;1 minute;0;;;;;;;0;
xShadow-DeWolfx;2748;3;;;;;;;9.95;;;29.87;;;;47;12;;1,703;;;;;;;;;25%;;;;;1,703;;1;1,703;;;;;;;;;9.95;;;;;9.95;16,955.3;;;0;0;;0;;1 minute;0;0;;;100%;
XTheFunPolice;3517;48;23;30;8;9;5;;19.44;14.9;5.83;31.11;47;18;3;1,772;734;37;28,005;13;;;;37;0.03;5%;4.27;41%;;;;8;4,507;45%;8;12,241;17;8;5;00:17;3;20;17;0.64;7.12;1.94;00:22;8.42;11.66;30.46;18,151.99;11;;0;3;1;5;;18 minutes;2;0;00:34;01:44;21%;3;1;0;
xtrickharder_esp;3952;;;;;;;;1.52;1.52;;1.52;;;;88;13;;2,345;;;;;;;;0.33;14%;;;2;;1,221;17%;1;1,231;;;;;;;;;4.56;;;;;1.52;3,571.49;3;;1;1;1;3;;5 minutes;1;1;;;82%;;0;0;
XxDPROxSKILLZxX;0;;2;4;2;;;;35.42;17.71;8.85;8.85;5;2;;157;75;;2,374;;;;;;;;5;47%;;;;5;2,244;;5;2,374;5;2;;;;;;;8.85;;;;17.71;44.28;21,026.29;;;0;0;0;0;;1 minute;0;0;;;99%;;;0;
YoungShimada;3380;;;2;;;;;24.4;;;12.2;;;;102;;;527;;;;;;;;;;;;;;;;;527;2;;;;;;;;24.4;;;;;24.4;6,431.4;2;;0;;;0;;1 minute;0;;;;;;;0;
Zcity9;3073;;;2;;;;;32.98;16.49;;;2;;;54;5;2;256;;;;;2;0.04;40%;2;9%;;;;;256;;1;256;2;;;;;2;2;;16.49;;;;;32.98;4,229.65;;;;0;0;0;;42.64181299414486 seconds;0;;;;;;;0;
ZeeTee_;4127;2;3;2;3;;;;14.98;22.47;;14.98;4;2;;225;66;2;1,850;;;;;2;0.02;3%;2;29%;;;;4;1,820;;4;1,850;4;2;;00:03;;2;2;;14.98;;00:27;7.49;14.98;29.96;13,858.89;2;;0;;0;0;;1 minute;0;0;00:03;;100%;
zelda3232001;;10;5;23;5;;;;45.14;9.81;1.96;19.62;23;7;2;246;30;;4,769;13;;;;;;;11.5;12%;;;;16;3,535;12%;16;4,769;23;7;13;00:16;2;;;;3.92;3.92;00:33;25.51;13.74;45.14;9,361.02;2;;;1;;1;;6 minutes;1;1;00:16;00:03;100%;
zwordz;4074;;;;;;;;7.31;7.31;;;2;;;53;12;2;442;;;;;2;0.02;16%;2;22%;;;;2;372;;2;442;2;;;00:10;;2;2;;7.31;;01:20;;7.31;14.63;3,237.48;;;;0;0;0;;1 minute;0;;00:10;;;;;0;
