Username;SR;Pulse Bomb Kills;Pulse Bomb Kills - Most in Game;Pulse Bombs Attached - Most in Game;Pulse Bombs Attached;Melee Final Blows - Most in Game;Pulse Bomb Kills - Average;Pulse Bombs Attached - Average;Eliminations;Final Blows;Solo Kills;Shots Fired;Shots Hit;Critical Hits;Damage Done;Objective Kills;Multikills;Environmental Kill;Melee Final Blows;Critical Hits;Critical Hits per Minute;Critical Hit Accuracy;Eliminations per Life;Weapon Accuracy;Healing Done;Teleporter Pads Destroyed;Turrets Destroyed;Self Healing;Eliminations - Most in Life;Damage Done - Most in Life;Healing Done - Most in Life;Weapon Accuracy - Best in Game;Kill Streak - Best;Damage Done - Most in Game;Eliminations - Most in Game;Final Blows - Most in Game;Objective Kills - Most in Game;Objective Time - Most in Game;Solo Kills - Most in Game;Critical Hits - Most in Game;Critical Hits - Most in Life;Self Healing - Most in Game;Melee Final Blows - Average;Self Healing - Average;Deaths - Average;Solo Kills - Average;Objective Time - Average;Objective Kills - Average;Healing Done - Average;Final Blows - Average;Eliminations - Average;Damage Done - Average;Deaths;Environmental Deaths;Medals - Bronze;Medals - Silver;Medals - Gold;Medals;Cards;Time Played;Games Played;Games Won;Objective Time;Time Spent on Fire;Win Percentage;Multikill - Best;Games Tied;Games Lost;
aahmad3_3;2887;6;2;;4;;1.61;1.07;69;30;11;18,168;4,536;354;26,965;22;;;;354;0.12;7%;1.18;24%;;;11;3,654;6;2,821;;34%;6;5,274;20;8;8;01:31;3;96;53;833;;1.28;15.6;2.95;01:28;5.91;;8.07;18.56;7,255.22;58;;3;2;3;8;;47 minutes;4;1;05:28;00:38;24%;;0;3;
abra84kadabra;;2;2;;;;1.18;0.59;9;5;;3,280;1,098;40;6,868;3;;;;40;0.04;3%;0.81;33%;;;;844;3;1,678;;10%;3;2,740;5;3;3;00:16;;16;13;379;;1;6.52;0.59;00:27;1.77;;2.96;5.33;4,075.08;11;;0;1;0;1;;13 minutes;2;0;00:45;;15%;;;1;
aisia121;4402;2,687;19;11;1,457;2;5.54;3;16,259;9,230;2,062;2,237,810;960,579;48,954;6,478,924;4,983;357;;14;48,954;0.13;5%;4.4;42%;;4;20;436,291;31;11,272;;59%;31;27,883;73;50;29;03:19;19;251;100;2,142;0.02;1.24;7.62;4.25;00:51;10.28;;19.05;33.56;13,376.98;3,693;35;380;427;523;1,330;178;97 hours;484;401;06:58:47;16:01:16;82%;5;14;69;
AkimboMistiK;4291;47;7;5;32;2;4.37;2.97;413;199;53;55,748;19,722;1,604;127,453;133;6;;12;1,604;0.19;8%;4.8;35%;;;;10,413;13;4,158;;52%;13;15,200;50;26;19;00:59;7;195;47;1,190;1.11;1.28;7.99;4.92;01:00;12.36;;18.5;38.41;11,854.04;86;;12;12;8;32;4;2 hours;11;9;10:45;18:39;87%;4;;1;
akira082219;0;40;7;5;30;;3.62;2.71;307;145;32;64,432;22,039;936;131,057;112;5;;;936;0.1;4%;2.86;34%;;;;11,141;14;4,205;;42%;14;16,131;39;21;15;01:35;6;164;43;1,510;0.09;1.21;9.68;2.89;01:11;10.13;;13.12;27.78;11,862.68;107;;10;10;5;25;;2 hours;11;5;13:04;04:15;46%;3;1;5;
Akodak;3000;9;5;3;8;;2.27;2.02;127;63;14;22,962;6,805;425;42,773;44;;;;425;0.13;6%;3.96;29%;;;2;4,825;12;3,520;;46%;12;15,829;47;27;18;03:18;8;186;32;1,955;0.25;1.52;8.09;3.54;01:36;11.13;;15.94;32.14;10,824.88;32;2;5;2;1;9;;52 minutes;4;3;06:22;02:46;86%;;0;0;
AllStatsDown;0;92;10;7;55;5;7.58;4.53;502;297;87;87,190;29,845;2,388;206,365;173;2;;14;2,388;0.21;8%;3.07;34%;;;7;13,852;22;6,683;;47%;22;23,393;62;40;32;02:43;11;283;76;1,643;1.15;1.27;13.43;7.17;01:29;14.26;;24.48;41.38;17,012.31;163;4;9;7;19;35;6;3 hours;12;3;18:00;32:06;27%;4;1;8;
amako193;;2;2;;;;4.21;;11;4;;4,392;1,551;59;8,057;8;;;;59;0.12;3%;2.2;35%;;;;535;5;4,180;;29%;5;7,751;9;4;8;00:16;;53;19;475;;1.16;10.54;2.1;00:38;16.86;;8.43;23.19;16,989.93;5;;1;0;0;2;;7 minutes;0;;00:18;;;;;0;
Angel_L_AssAssin;3749;7;3;2;3;;1.85;0.79;90;32;7;18,922;4,902;294;25,307;29;;;;294;0.13;5%;3.1;25%;;;5;2,989;16;3,759;;37%;16;6,562;45;16;13;00:49;4;79;37;1,277;0.26;1.32;7.7;1.85;00:37;7.7;;8.5;23.9;6,722.51;29;;3;5;6;14;;37 minutes;4;2;02:22;01:43;46%;;;2;
angels_fan_44;2127;;;;2;;1.22;2.44;17;6;2;3,230;1,407;54;6,923;12;;;;54;0.08;3%;1.88;43%;;;;1,093;11;1,779;;;11;3,062;11;4;8;00:48;;29;15;437;;1.77;11.01;2.44;01:34;14.68;;7.34;20.8;8,474.2;9;;1;0;1;2;;10 minutes;1;;01:16;00:04;;;;1;
APurplePanduh;4021;83;8;7;70;3;4.84;4.08;611;345;100;93,918;36,517;2,809;238,695;228;6;;11;2,809;0.19;7%;2.9;38%;;;;17,388;23;6,291;;50%;23;19,131;53;35;22;01:24;13;219;71;1,571;0.64;1.17;12.26;5.83;01:08;13.31;;20.14;35.67;13,935.27;210;8;11;17;24;52;7;4 hours;17;13;19:29;44:55;76%;4;0;4;
Arash1994;0;9;4;;3;;4.11;1.37;72;40;11;9,806;2,949;173;17,791;17;2;;;173;0.1;5%;3.78;30%;;;;1,829;10;3,094;;39%;10;6,789;20;15;4;00:34;5;53;19;607;;1.05;8.68;5.02;00:54;7.77;;18.28;32.91;8,133.97;19;;2;1;4;7;;28 minutes;2;2;01:59;03:04;77%;3;;0;
ATLXyphes;3256;297;14;7;168;2;5.84;3.3;1,965;897;137;300,762;110,085;6,759;685,309;780;55;;9;6,759;0.15;6%;4.48;36%;;;2;48,303;21;7,526;;48%;21;23,911;65;38;37;03:48;9;371;90;1,857;0.17;1.12;8.61;2.69;01:21;15.34;;17.64;38.64;13,478.11;438;7;45;47;36;128;14;11 hours;51;37;01:09:27;01:22:49;72%;5;3;11;
AustinC209x;;;;;;;3.05;;12;8;2;1,418;479;51;2,299;;;;;51;0.32;10%;;33%;;;;324;12;2,299;;33%;12;2,299;12;8;;00:03;2;51;51;324;;2.05;;6.1;00:10;;;24.4;36.6;7,011.78;;;;0;1;1;;2 minutes;0;0;00:03;;100%;
AutoBots_Kick_A;2901;5;2;2;4;;1.79;1.43;75;32;7;13,376;4,513;276;27,263;30;;;;276;0.13;6%;3.26;33%;;;4;3,162;7;2,865;;59%;7;5,449;17;8;8;01:03;2;49;24;564;;1.49;8.27;2.51;01:31;10.79;;11.51;26.99;9,811.88;23;;2;3;2;7;;35 minutes;3;1;04:13;00:18;39%;;0;2;
AutumnLovely6;2983;82;14;9;62;;5.35;4.05;487;311;116;70,200;26,828;1,733;187,923;170;;;7;1,733;0.15;6%;2.98;38%;;;10;15,727;16;6,034;;46%;16;21,123;64;39;33;02:31;21;270;90;2,312;0.45;1.4;10.65;7.58;01:15;11.11;;20.32;31.82;12,282.51;163;3;8;14;33;55;11;3 hours;15;8;19:12;40:59;53%;3;2;5;
bboyer123;2774;5;3;2;2;;5.83;2.33;25;17;2;4,740;2,072;86;12,220;18;;;;86;0.1;4%;2.08;43%;;;;676;13;4,519;;51%;13;6,377;15;12;9;01:10;;44;33;469;;0.8;14.01;2.33;02:12;21.01;;19.85;29.19;14,268.45;12;;2;1;0;3;;13 minutes;1;;01:53;02:48;;;;1;
BEBOFLOW-PR;0;54;8;4;34;;3.69;2.32;427;180;40;101,990;29,595;2,075;175,207;223;5;;;2,075;0.16;7%;2.23;29%;;;;19,585;10;3,032;;69%;10;14,299;34;14;25;02:11;4;225;44;1,687;;1.51;13.06;2.73;01:29;15.25;;12.31;29.2;11,985.44;191;6;16;12;9;37;;3 hours;15;4;21:46;06:50;29%;3;2;9;
BEN-B-en;0;401;10;10;208;3;4.16;2.15;2,904;1,503;369;484,772;179,507;7,648;1,155,894;1,060;25;;23;7,648;0.09;4%;2.95;37%;;2;13;97,446;26;10,106;;100%;26;22,651;54;34;23;02:23;11;200;57;1,573;0.23;1.22;10.2;3.83;01:03;11;;15.6;30.14;11,997.58;983;20;85;77;70;232;17;22 hours;96;40;01:41:12;01:35:33;41%;4;5;52;
bhmazz;0;503;14;6;315;3;3.15;1.97;3,799;1,688;475;882,294;228,082;15,532;1,427,960;1,722;33;;52;15,532;0.11;6%;2.01;25%;;10;65;160,926;19;5,906;;68%;19;21,652;50;29;35;03:33;9;222;95;1,824;0.32;1.23;11.81;2.97;01:17;10.79;;10.58;23.81;8,951.66;1,885;49;136;105;81;322;10;36 hours;160;63;03:26:21;01:26:15;39%;5;12;85;
BloodHoundHD;4028;378;11;10;305;2;5.04;4.07;2,695;1,357;360;485,054;163,484;9,980;1,067,323;1,045;33;;27;9,980;0.15;6%;2.95;33%;;2;26;77,324;19;6,446;;63%;19;25,579;81;41;42;04:02;17;252;98;2,047;0.36;1.19;12.16;4.8;01:13;13.95;;18.12;35.98;14,252.25;911;16;50;65;102;217;29;18 hours;75;40;01:31:44;01:56:37;53%;4;1;33;
Blota_Skoles;3358;122;12;7;70;3;5.72;3.28;717;348;72;127,906;47,191;2,770;307,292;312;10;;14;2,770;0.14;5%;2.32;36%;;;2;19,252;20;5,588;;49%;20;28,065;55;27;25;03:43;7;275;69;1,917;0.65;1.02;14.45;3.37;01:39;14.63;;16.32;33.63;14,416.89;308;5;22;20;21;63;3;5 hours;21;10;35:19;44:27;47%;4;1;10;
blueschopper0628;1959;;;;;;;10.23;;;;798;245;13;2,034;;;;;13;0.14;5%;0.5;30%;;;;113;;1,506;;30%;1;2,034;;;;00:15;;13;11;113;;1.22;20.47;;02:36;;;10.23;10.23;20,820.94;2;;0;0;0;0;;1 minute;0;;00:15;;;;;0;
BobbysWorldGamer;2493;371;9;5;188;2;3.73;1.89;2,556;1,104;253;489,684;142,280;7,939;867,857;1,069;16;;13;7,939;0.1;5%;2.4;29%;;15;53;82,022;21;5,831;;50%;21;20,237;53;24;27;03:11;8;187;58;1,744;0.13;1.08;10.68;2.54;01:04;10.76;;11.12;25.74;8,742.2;1,061;18;78;67;43;189;7;20 hours;99;48;01:47:18;31:49;48%;4;5;46;
BONBISH;3415;305;13;8;208;2;4.78;3.26;2,402;1,262;304;413,828;160,985;7,513;986,928;1,020;28;;11;7,513;0.13;4%;2.8;38%;;4;43;69,207;25;11,167;23;92%;25;24,077;71;35;41;04:04;14;295;106;2,094;0.17;1.27;13.42;4.77;01:39;16;;19.8;37.7;15,490.73;855;9;37;55;104;196;27;15 hours;64;30;01:45:17;02:47:41;47%;4;3;30;
boneh;4051;121;7;5;75;2;3.33;2.06;1,085;523;150;158,380;53,385;2,430;332,406;292;3;;14;2,430;0.11;4%;4.42;33%;;2;12;29,190;22;5,493;;43%;22;16,558;47;25;17;02:03;11;151;48;1,677;0.38;1.43;6.75;4.13;00:46;8.05;;14.42;29.92;9,169.41;245;7;30;33;49;112;19;5 hours;36;33;27:52;54:38;90%;3;0;3;
bullet-toes;2858;73;11;6;43;;4.6;2.71;504;187;39;121,050;38,217;2,169;196,043;281;3;;;2,169;0.16;5%;3.21;31%;;;16;13,849;20;6,992;;40%;20;27,020;65;24;44;05:28;7;202;68;1,674;;1.05;9.89;2.45;01:46;17.71;;11.78;31.77;12,360.09;157;;11;16;27;54;8;3 hours;16;8;28:07;17:15;53%;4;;7;
BunnyFuufu;3926;313;13;8;195;;4.6;2.86;2,454;1,383;468;401,860;167,313;10,111;1,029,340;860;19;;2;10,111;0.19;6%;3.8;41%;;2;35;85,619;27;8,807;;58%;27;21,568;66;38;30;02:23;14;247;108;2,136;0.02;1.64;9.49;6.88;01:00;12.65;;20.35;36.11;15,147.55;645;10;27;59;121;207;43;14 hours;68;39;01:08:39;03:05:31;57%;4;3;26;
buraki35;4286;138;8;5;74;;6.2;3.32;967;500;100;149,906;60,082;3,050;378,080;407;17;;;3,050;0.16;5%;3.63;40%;;;6;23,716;22;6,447;;64%;22;18,808;48;25;22;02:04;7;178;67;1,368;0.04;1.28;11.96;4.49;01:32;18.31;;22.49;43.5;17,011.14;266;3;13;20;45;78;14;5 hours;22;14;34:26;01:22:56;60%;4;1;8;
burntlasagna;3052;2;2;;2;;4.96;4.96;16;10;4;1,836;717;27;4,263;5;;;;27;0.07;3%;3.2;39%;;;;549;4;1,262;;39%;4;2,484;9;7;3;00:15;4;14;7;524;2.48;1.5;12.41;9.93;01:06;12.41;;24.83;39.73;10,586.85;5;;0;0;0;1;;6 minutes;0;0;00:26;;32%;;;0;
Cassia7;3556;778;15;7;548;;5.1;3.59;5,000;2,642;591;832,446;362,942;20,999;2,283,777;1,965;86;;;20,999;0.15;5%;3.09;43%;;;3;183,712;31;11,457;;87%;31;28,282;68;35;35;02:11;11;354;97;2,070;;1.38;10.61;3.87;01:06;12.89;;17.33;32.79;14,981.12;1,618;33;107;135;193;434;29;36 hours;152;62;02:48:42;03:26:12;40%;5;8;83;
Chewdle;3693;28;4;2;20;;4.29;3.06;205;91;22;36,004;12,144;910;75,169;73;3;;;910;0.17;7%;3.41;33%;;;;5,201;13;8,230;;43%;13;9,203;20;12;12;01:11;4;100;71;617;;1.02;9.19;3.37;01:17;11.18;;13.94;31.41;11,519.21;60;3;4;6;5;15;2;1 hour;7;4;08:26;14:45;56%;3;0;3;
ChievementHunter;2699;;;;;;1.59;1.59;10;4;2;1,984;664;14;3,332;;;;;14;0.03;2%;3.33;33%;;;;546;8;2,962;;;8;3,332;10;4;;00:39;2;14;14;546;;1.35;4.79;3.19;01:03;1.59;;6.39;15.98;5,326.15;3;;1;1;;1;;6 minutes;1;1;00:39;;100%;
Chimichanga49er;3611;8;7;6;6;;3.99;2.99;72;35;7;10,028;3,614;210;21,918;31;;;;210;0.14;5%;4.23;36%;;;;1,441;12;3,719;;40%;12;18,199;64;32;26;02:37;6;186;32;1,185;0.49;0.96;8.49;3.49;01:28;15.49;;17.49;35.99;10,958.92;17;;1;2;1;4;;24 minutes;2;1;02:57;08:28;49%;;;1;
Chuni-Byo;0;4;4;;;;4.57;;15;5;2;3,800;1,189;42;8,077;10;;;;42;0.05;3%;1.15;31%;;;;999;2;1,278;;;2;6,474;14;5;10;01:15;2;34;9;603;;1.35;14.87;2.28;01:33;11.44;;5.72;17.16;9,244.61;13;;0;1;1;3;;12 minutes;1;;01:22;;;;;1;
Colonel00627;2489;65;15;8;38;;6.46;3.77;456;214;45;75,768;25,286;1,831;156,889;229;2;;;1,831;0.18;7%;8.29;33%;;;;8,128;20;5,609;;37%;20;22,806;69;34;47;02:56;12;347;96;1,434;0.09;0.82;5.46;4.47;01:36;22.76;;21.27;45.33;15,596.35;55;;4;7;20;31;6;2 hours;10;4;16:07;24:27;39%;3;;6;
Conquistasaur;;7;4;7;10;;3.27;4.68;57;28;11;11,844;3,779;132;22,088;24;;;2;132;0.05;3%;2.11;31%;;;;2,572;7;2,860;;36%;7;11,298;32;17;16;02:38;7;62;16;967;0.93;1.15;12.64;5.15;01:51;11.24;;13.11;26.7;10,347.44;27;;2;1;;3;;37 minutes;2;0;03:58;00:24;22%;;;2;
crimsonview93;2440;8;4;3;5;;3.26;2.03;50;25;8;8,962;2,762;178;15,594;28;;;;178;0.11;6%;2.38;30%;;;;2,990;9;2,393;;47%;9;6,605;32;12;13;01:30;3;71;29;1,123;;1.88;8.55;3.26;01:41;11.41;;10.18;20.37;6,355.54;21;;1;1;3;5;;26 minutes;2;1;04:09;03:54;59%;3;;1;
CrispeChris;3343;11;3;2;10;;4.02;3.66;83;41;8;13,276;5,368;376;36,739;30;;;;376;0.16;7%;2.51;40%;;;;2,641;7;3,146;;81%;7;6,890;25;11;8;00:32;3;95;49;705;0.36;1.16;12.08;2.93;00:53;10.98;;15.01;30.4;13,456.92;33;;3;3;1;7;;37 minutes;3;2;02:25;01:08;88%;3;;0;
cyber_animaI;4399;339;15;10;212;3;7.06;4.41;1,938;951;162;334,792;135,613;7,643;862,816;670;42;;21;7,643;0.17;5%;3.97;40%;;;2;49,387;21;8,442;;76%;21;39,752;82;39;48;03:19;9;347;106;2,053;0.43;1.11;10.17;3.37;01:15;13.96;;19.82;40.39;17,985.05;488;5;22;49;78;149;15;12 hours;48;25;59:58;01:16:24;52%;5;1;22;
CyberBuIIying;4034;370;22;10;251;3;4.8;3.26;2,338;1,166;335;371,056;137,697;8,432;930,174;790;28;;36;8,432;0.15;6%;2.96;37%;;;13;77,133;16;7,180;;50%;16;26,936;61;40;33;02:05;13;311;75;2,028;0.46;1.42;10.24;4.35;00:50;10.26;;15.14;30.36;12,081.21;789;14;55;73;64;192;23;15 hours;77;62;01:05:03;01:47:11;80%;6;1;14;
Dabattousai;;312;14;9;194;;5.38;3.34;2,136;1,276;373;270,324;105,579;8,240;729,839;689;20;;5;8,240;0.19;7%;4.09;39%;;;12;54,137;25;7,450;;60%;25;24,304;59;47;29;03:20;13;316;137;1,922;0.08;1.25;8.99;6.43;01:10;11.89;;22.02;36.87;12,600.54;521;4;33;56;80;170;36;11 hours;58;45;01:08:10;02:36:33;76%;4;1;13;
DARK_ASSAS1NATOR;0;;;;;;1.41;;31;13;;3,970;1,264;46;7,720;22;;;;46;0.07;3%;3.44;31%;;;;723;11;1,399;;25%;11;2,579;11;4;10;00:24;;19;7;257;;1.14;12.69;;01:53;31.03;;18.33;43.72;10,889.87;9;;1;0;1;2;;10 minutes;1;1;01:20;00:11;76%;;0;0;
Defyz---;0;266;10;9;180;3;4.57;3.09;2,133;1,074;216;315,604;135,384;8,025;853,463;717;33;;26;8,025;0.17;5%;3.47;42%;;;;47,441;21;9,524;;53%;21;33,155;65;43;29;02:57;12;269;75;1,652;0.44;1.02;10.53;3.71;01:01;12.31;;18.45;36.64;14,664.06;613;8;41;55;77;172;19;12 hours;58;42;01:00:05;02:03:34;72%;5;0;16;
Desterix_452;0;68;6;6;61;2;3.35;3.01;516;216;40;128,632;41,118;2,654;243,874;272;7;;6;2,654;0.17;6%;2.19;31%;;;2;21,983;13;5,361;;48%;13;20,517;63;23;38;03:41;5;362;91;2,125;0.29;1.42;11.6;1.97;01:30;13.43;;10.66;25.48;12,046.69;235;6;17;24;27;67;5;4 hours;20;6;30:35;14:28;28%;4;0;14;
DEVIL_SHADOW_KSA;0;4;2;;;;1.48;0.37;44;18;6;13,518;3,534;243;23,077;18;;;;243;0.1;6%;0.89;26%;;;;2,683;8;3,235;;70%;8;3,791;8;3;3;00:31;3;47;24;337;0.37;1.13;18.21;2.22;01:19;6.68;;6.68;16.35;8,576.41;49;;3;2;2;7;;39 minutes;3;0;03:33;03:16;1%;;0;2;
Diamondsdust_;;6;6;3;3;;11.71;5.85;18;15;2;4,402;1,321;88;8,868;4;;;;88;0.16;6%;2.25;30%;;;;930;5;3,082;;30%;5;8,868;18;15;4;01:07;2;88;26;930;;1.74;15.62;3.9;02:12;7.81;;29.28;35.14;17,316.04;8;;;1;;1;;8 minutes;1;;01:07;02:46;;3;;1;
DifferentD;3517;989;16;8;604;3;4.56;2.78;7,377;3,706;982;1,168,676;409,037;28,478;2,716,439;3,115;67;;78;28,478;0.16;6%;3.24;35%;2;26;220;222,668;31;8,546;167;52%;31;22,217;68;45;38;04:30;16;294;104;2,406;0.35;1.25;10.49;4.52;01:50;14.36;0.01;17.09;34.02;12,530.07;2,276;27;160;206;312;677;86;49 hours;217;106;06:39:34;06:12:37;48%;5;10;101;
DigitalNex;3993;23;7;3;15;;4.99;3.25;142;66;12;18,488;6,803;463;46,652;40;2;;;463;0.12;6%;3.08;36%;;;;2,868;15;4,025;;100%;15;10,107;35;18;8;01:10;3;99;49;682;;0.8;9.98;2.6;00:56;8.68;;14.32;30.82;10,128.41;46;;4;5;2;11;;59 minutes;5;3;04:21;03:35;63%;3;;2;
Divinity-X-;4070;328;12;7;222;;4.94;3.34;2,320;1,143;219;436,684;167,489;12,072;1,012,213;940;26;;;12,072;0.22;7%;3.02;38%;;;8;78,633;17;6,291;;66%;17;20,262;58;27;29;02:14;8;358;95;1,600;;1.43;11.53;3.29;01:28;14.15;;17.21;34.94;15,247.55;766;12;48;57;80;185;25;15 hours;66;36;01:37:27;01:53:22;53%;4;2;29;
doa3f2p;;;;;;;4.17;4.17;9;5;;1,042;450;28;2,767;3;;;;28;0.15;6%;4.5;43%;;;;211;5;1,552;;;5;2,767;9;5;3;00:23;;28;16;211;;1.13;8.34;4.17;01:36;12.52;;20.87;37.57;11,551.49;2;;;0;1;1;;3 minutes;0;;00:23;01:34;;;;0;
DramaticMango;2345;8;4;3;5;;2.79;1.74;66;37;14;12,152;4,631;241;24,470;19;;;;241;0.14;5%;3.66;38%;;;3;1,844;11;3,084;;45%;11;10,206;27;18;7;01:00;7;80;33;791;;1.08;6.29;4.89;00:45;6.64;;12.94;23.08;8,560;18;;3;3;4;10;;28 minutes;3;2;02:09;04:21;57%;;;1;
Droxzio;3207;2;2;;;;3.04;1.52;13;6;2;2,754;803;41;5,738;5;;;;41;0.08;5%;1.18;29%;;;;623;3;1,241;;28%;3;3,293;6;4;3;00:18;2;20;16;404;;1.34;16.72;3.04;01:02;7.6;;9.12;19.76;8,724.13;11;;1;0;2;2;;7 minutes;1;0;00:40;00:02;32%;;;0;
DSZY;2443;19;3;2;7;;5.91;2.18;84;41;7;20,036;5,172;276;33,785;36;;;3;276;0.1;5%;1.75;25%;;;;3,565;7;2,619;;36%;7;6,682;21;10;11;01:31;2;58;29;826;0.93;1.3;14.95;2.18;01:45;11.21;;12.77;26.16;10,524.82;48;;3;6;1;10;;45 minutes;3;1;05:37;;29%;;0;2;
DutchieSoInsane;2709;5;3;2;4;;3.7;2.96;26;14;8;3,618;1,514;75;10,614;5;;;;75;0.08;4%;1.52;41%;;;;1,028;6;1,617;;49%;6;3,955;13;8;4;00:25;4;31;14;378;;1.1;12.58;5.92;00:39;3.7;;10.36;19.25;7,859.58;17;;1;1;0;2;;15 minutes;1;1;00:52;00:20;73%;;;0;
eastcoastrider71;2494;3;3;;2;;2.95;1.97;11;7;4;3,286;810;36;4,403;;;;;36;0.04;4%;0.61;24%;;;;819;3;680;;26%;3;3,122;7;4;;00:18;2;28;13;467;;1.09;17.75;3.94;00:25;0.98;;6.9;10.85;4,342.83;18;;1;0;;1;;12 minutes;1;;00:26;00:20;;3;;1;
ecotaku;2368;5;3;;3;;2.23;1.34;77;33;5;15,026;4,572;379;29,473;40;2;;;379;0.18;8%;2.56;30%;;;;2,159;11;3,018;;36%;11;7,862;22;9;12;00:52;2;76;50;619;;1.04;13.41;2.23;01:25;17.89;;14.76;34.44;13,182.75;30;;3;1;2;6;;34 minutes;2;1;03:10;01:04;28%;3;0;1;
ejakiller;2869;18;6;4;14;;4.83;3.76;122;55;12;17,504;5,937;417;38,682;51;;;;417;0.13;7%;3.29;33%;;;;3,586;13;3,543;;33%;13;8,492;35;13;15;01:00;4;129;48;839;0.26;1.17;9.94;3.22;01:01;13.7;;14.78;32.78;10,395.71;37;2;4;3;3;11;;50 minutes;4;1;03:50;02:58;39%;3;;2;
elcoolnino;;12;5;7;10;;4.27;3.55;101;47;12;17,256;5,686;362;33,171;39;2;;;362;0.15;6%;3.6;32%;;;7;3,342;19;5,118;;34%;19;15,891;43;20;13;01:40;7;204;54;1,533;;1.45;9.96;4.27;01:21;13.87;;16.72;35.94;11,804.84;28;;3;3;3;10;;38 minutes;3;1;03:48;03:22;48%;4;;1;
eliteboy_1da;3003;331;9;4;202;2;3.18;1.94;2,511;1,140;361;526,182;160,698;9,193;974,461;1,050;20;;15;9,193;0.11;5%;2.03;30%;;8;97;112,901;20;5,553;;59%;20;13,240;48;19;24;02:26;10;165;74;1,781;0.14;1.45;11.9;3.47;01:21;10.11;;10.98;24.19;9,390.97;1,235;25;93;95;84;273;13;21 hours;104;43;02:20:35;01:07:55;41%;4;5;56;
emzy456;;32;12;6;21;2;6.12;4.01;216;143;48;26,072;10,234;690;66,439;90;3;;2;690;0.18;6%;4.59;39%;;;3;6,006;17;3,766;;46%;17;17,974;55;38;27;01:38;14;156;42;1,213;0.38;1.58;8.98;9.18;01:38;17.21;;27.34;41.31;12,706.52;47;;3;4;9;16;3;1 hour;5;4;08:34;24:18;73%;3;;1;
entoe12;0;209;11;7;102;;4.16;2.03;1,516;753;157;310,158;94,669;4,870;595,358;636;14;;6;4,870;0.11;5%;2.46;30%;;4;11;28,392;17;5,258;;44%;17;20,055;62;33;30;03:06;11;231;50;1,127;0.11;0.69;12.26;3.13;01:17;12.68;;15.01;30.23;11,874.55;615;6;38;54;48;141;11;11 hours;50;26;01:04:27;44:57;52%;4;0;24;
Erenksk9;4169;101;10;6;63;;5.64;3.52;818;379;93;159,232;49,139;2,941;286,460;339;8;;;2,941;0.17;5%;3.76;30%;;;;22,299;29;5,849;;85%;29;23,941;68;31;33;03:24;11;277;104;1,940;;1.34;12.12;5.19;01:44;18.94;;21.17;45.71;16,007.74;217;6;8;12;41;61;13;4 hours;18;11;31:07;55:23;63%;3;1;5;
EvanMario;4510;57;8;3;38;2;4.36;2.91;516;274;60;61,600;22,916;1,934;152,826;186;3;;11;1,934;0.17;8%;4.03;37%;;;;12,801;15;4,009;;67%;15;14,413;55;24;29;01:47;4;174;77;1,496;0.84;1.15;9.8;4.59;01:16;14.25;;20.99;39.54;11,712.05;128;;8;10;19;37;4;3 hours;13;10;16:35;17:51;76%;3;0;3;
Evilduck1903;2547;110;11;4;77;4;4.59;3.21;691;391;163;113,628;38,234;2,904;235,657;273;3;;14;2,904;0.16;7%;2.8;33%;;;23;20,028;16;4,667;;49%;16;13,848;46;33;28;02:18;16;183;81;1,213;0.58;1.16;10.26;6.8;01:15;11.39;;16.32;28.84;9,836.84;246;2;16;30;27;73;8;4 hours;24;12;30:10;49:43;49%;3;1;11;
Fairystinky;2101;167;8;7;87;2;2.96;1.54;1,087;468;146;265,432;72,110;3,302;407,836;507;8;;5;3,302;0.07;4%;1.72;27%;;2;58;51,721;12;3,968;;39%;12;13,675;43;17;29;03:53;8;123;48;1,442;0.08;1.19;11.17;2.58;01:08;8.99;;8.3;19.28;7,234.03;630;10;55;31;28;115;;12 hours;56;21;01:04:05;18:57;37%;3;2;33;
fishlover267;2449;;;;;;;10.74;;;;392;152;2;802;;;;;2;0.02;1%;0.5;38%;;;;136;;562;;;1;802;;;;00:03;;2;2;136;;1.35;21.49;;00:40;10.74;;;10.74;8,617.4;2;;0;0;0;0;;1 minute;0;0;00:03;;98%;;;0;
Flown_Jebus;0;28;9;6;23;;2.29;1.88;455;242;65;67,370;26,563;1,777;151,856;185;9;;4;1,777;0.17;6%;3.2;39%;;;;14,583;14;4,147;;100%;14;22,555;71;45;32;02:14;18;216;60;1,899;0.32;1.44;11.63;5.32;01:32;15.16;;19.83;37.29;12,446.86;142;3;10;13;18;42;4;2 hours;12;7;18:48;43:17;58%;3;1;4;
flyinganimal;4142;638;14;10;447;2;6.54;4.58;3,590;1,882;353;619,824;254,660;15,104;1,658,347;1,251;69;;46;15,104;0.18;5%;4.02;41%;;;;102,227;23;11,706;;67%;23;28,763;88;42;39;02:59;13;391;87;2,038;0.47;1.25;9.16;3.62;01:08;12.84;;19.32;36.85;17,024.87;893;10;37;74;183;294;41;22 hours;97;54;01:50:53;03:08:33;55%;5;1;43;
forrestsmith2;0;45;6;3;26;;4.69;2.7;320;169;39;60,146;23,039;1,292;145,804;142;7;;2;1,292;0.14;5%;2.5;38%;;;2;11,888;13;4,610;;64%;13;11,529;30;16;11;00:59;4;99;59;979;0.2;1.35;13.34;4.06;01:21;14.8;;17.61;33.35;15,196.63;128;;6;8;11;24;;2 hours;10;3;13:00;21:39;35%;5;0;6;
fructoseghost;2653;120;7;5;94;2;2.79;2.18;1,067;522;147;196,268;62,518;3,310;384,041;488;7;;8;3,310;0.09;5%;1.91;31%;;6;42;55,629;15;5,007;;45%;15;10,116;39;19;26;02:35;9;101;43;1,442;0.18;1.63;12.99;3.42;01:35;11.36;;12.15;24.85;8,944.56;558;7;47;33;21;101;2;9 hours;43;19;01:08:25;24:36;43%;4;2;22;
FvsNeLL;3451;178;9;7;133;;4.17;3.11;1,611;728;157;253,170;96,759;5,625;565,527;476;19;;3;5,625;0.2;5%;6.76;38%;;3;16;35,861;31;10,427;;55%;31;32,752;65;28;21;01:37;8;405;116;1,331;0.07;1.29;5.57;3.67;00:47;11.15;;17.05;37.74;13,251.47;238;7;28;36;63;127;24;7 hours;43;34;33:58;01:31:26;79%;5;0;8;
Gandalion;0;;;;;;4.09;;;;;890;93;16;716;;;;;16;0.07;17%;0.25;10%;;;;178;;282;;;1;716;;;;00:02;;16;12;178;;0.86;16.38;;00:12;;;4.09;4.09;2,932.42;4;;0;0;;0;;3 minutes;0;0;00:02;;91%;;;0;
ginko_503;0;;;;;;1.67;1.67;5;2;;2,512;754;38;3,752;;;;;38;0.07;5%;0.83;30%;;;;722;2;1,279;;37%;2;2,858;4;2;;00:02;;21;17;382;;1.51;10.02;;00:05;1.67;;3.34;8.35;6,271.26;6;;1;1;0;2;;7 minutes;1;0;00:03;;40%;;;0;
GoldenBullet20;4287;154;11;7;105;3;4.65;3.17;1,265;534;102;226,236;80,527;4,644;488,452;508;21;;19;4,644;0.17;5%;4.18;35%;;;;38,101;29;10,249;;46%;29;20,562;63;26;33;03:25;9;327;82;1,791;0.57;1.42;9.13;3.08;01:39;15.35;;16.14;38.24;14,768.84;302;5;15;42;54;111;15;7 hours;33;18;54:54;51:39;55%;4;0;15;
GoMu___;4214;98;12;6;61;2;4.91;3.06;684;363;119;122,388;44,706;2,498;280,385;247;4;;3;2,498;0.15;5%;3.54;36%;;;11;28,883;22;5,371;;42%;22;22,628;65;32;36;03:27;9;201;68;2,174;0.15;1.79;9.68;5.97;01:28;12.39;;18.21;34.32;14,069.05;193;3;11;18;28;58;5;4 hours;20;10;29:22;34:24;52%;3;1;8;
gorigori168;;2;;;;;1.78;0.89;8;5;;2,694;849;43;6,449;4;;;;43;0.06;5%;0.57;31%;;;;697;3;1,309;;56%;3;3,422;6;3;4;00:46;;18;11;312;;1.1;12.5;0.89;00:51;3.57;;4.46;7.14;5,760.62;14;;2;1;1;4;;10 minutes;1;;00:57;;;;;1;
hiijle;0;72;5;4;68;3;2.3;2.17;572;184;35;142,840;37,296;1,709;222,448;257;4;;12;1,709;0.07;4%;2.26;26%;;6;26;27,724;21;6,837;;38%;21;10,957;36;19;22;01:37;5;133;43;1,671;0.38;1.21;8.11;1.12;01:06;8.23;;5.89;18.33;7,130.9;253;4;24;13;10;47;;6 hours;31;7;34:33;08:46;22%;3;1;23;
hourai127;2224;73;11;6;36;;3.85;1.9;457;209;60;102,426;30,138;1,067;184,076;234;5;;;1,067;0.06;3%;2.7;29%;;;5;9,246;25;10,783;;40%;25;23,895;64;35;40;02:58;6;202;35;1,520;0.05;0.59;8.93;3.17;01:19;12.36;;11.04;24.14;9,726.61;169;3;12;21;7;40;2;4 hours;19;9;25:11;09:13;46%;3;0;10;
huumQc_;3000;156;10;8;116;3;5.04;3.75;1,170;645;136;164,422;66,767;3,811;428,566;437;4;;14;3,811;0.15;5%;3.3;40%;;;14;32,485;25;8,152;;65%;25;21,670;68;40;28;03:02;9;236;98;1,710;0.45;1.31;11.45;4.4;01:31;14.14;;20.87;37.87;13,873.04;354;3;14;38;57;109;19;6 hours;31;20;47:02;01:26:29;65%;3;;11;
I_Only_AWP_B;0;285;9;8;180;2;4.08;2.58;2,169;1,212;377;298,702;118,250;7,609;784,328;687;18;;30;7,609;0.16;6%;3.75;39%;;;8;57,845;23;8,718;;52%;23;18,495;50;31;28;02:38;13;243;71;1,649;0.43;1.26;8.29;5.4;00:48;9.85;;17.39;31.12;11,254.06;578;12;48;72;77;198;36;12 hours;70;61;56:44;02:09:06;87%;3;0;8;
iekgaa___;4002;40;12;7;25;2;7.05;4.4;251;144;32;42,612;17,772;1,560;110,999;112;3;;6;1,560;0.32;8%;4.73;41%;;;6;5,412;18;7,488;;43%;18;33,258;58;33;38;04:07;8;443;132;1,625;1.05;1.13;9.34;5.64;01:57;19.75;;25.39;44.26;19,575.08;53;;3;5;13;21;6;1 hour;6;6;11:07;25:26;100%;3;
Inny21;3069;37;5;5;28;2;3.6;2.72;328;166;51;56,246;19,583;1,125;125,631;139;;;8;1,125;0.12;5%;3.21;34%;;;;8,937;19;9,101;;54%;19;15,421;51;24;29;02:07;10;132;64;906;0.77;0.99;9.94;4.97;00:59;13.54;;16.17;31.96;12,243.11;102;3;7;15;5;27;;2 hours;10;6;10:14;07:16;58%;;1;3;
ioReactz;3584;536;22;12;342;4;5.75;3.66;3,370;1,748;422;538,618;210,455;11,937;1,373,130;1,260;54;;45;11,937;0.15;5%;3.67;39%;;2;30;99,688;30;9,111;;82%;30;30,089;76;39;42;03:17;12;310;100;1,690;0.48;1.32;9.84;4.52;01:10;13.51;;18.75;36.15;14,730.9;918;21;55;98;118;270;43;20 hours;93;58;01:49:24;03:56:50;62%;4;4;31;
iqbalhaikal55;3032;7;4;4;6;;5.45;4.67;35;12;3;6,884;2,777;118;17,842;15;;;;118;0.13;4%;4.37;40%;;;;1,246;16;4,924;;;16;11,934;21;5;8;00:41;2;62;29;919;;1.41;6.23;2.33;00:55;11.68;;9.34;27.26;13,901.11;8;;1;2;1;4;;14 minutes;1;0;01:11;00:56;11%;;;1;
IRaTuSz;4587;463;15;8;254;2;6.14;3.37;2,662;1,452;349;435,002;155,684;10,727;1,053,006;948;34;;30;10,727;0.17;6%;2.89;35%;;;13;76,655;25;8,233;;82%;25;21,697;63;41;29;02:20;11;249;124;1,980;0.39;1.24;12.2;4.63;01:02;12.59;;19.28;35.35;13,986.8;919;13;43;59;113;215;30;17 hours;75;47;01:18:45;03:21:25;62%;4;3;25;
itsDiety;0;336;14;8;223;3;5.22;3.46;2,067;1,089;330;337,254;128,689;7,810;873,346;744;28;;33;7,810;0.16;6%;3;38%;;2;17;67,279;20;9,046;;100%;20;25,504;68;51;31;02:50;23;344;124;1,898;0.51;1.38;10.68;5.13;01:02;11.57;;16.93;32.15;13,584.68;687;7;37;61;79;177;20;13 hours;64;45;01:07:26;01:55:04;69%;4;2;18;
itsGenji;3211;;;;;;4.8;4.8;5;2;;1,370;220;26;1,543;;;;;26;0.19;11%;2.5;16%;;;;252;4;1,182;;;4;1,543;5;2;;00:01;;26;22;252;;1.87;9.61;;00:09;4.8;;9.61;24.04;7,417.28;2;;;0;0;0;;2 minutes;0;0;00:01;;100%;
ItsRaiyu;4368;228;14;8;154;6;5.15;3.48;1,727;931;253;282,180;104,397;6,803;683,420;576;34;1;67;6,803;0.19;6%;4.2;36%;;;;49,500;23;8,616;;51%;23;22,641;53;26;25;01:36;9;241;89;2,116;1.51;1.4;9.29;5.72;00:52;13.02;;21.05;39.05;15,455.53;411;8;23;40;58;120;20;9 hours;44;31;39:00;01:40:21;69%;5;2;11;
Jack_of_Spades13;3322;6;5;2;3;;8.22;4.11;30;18;4;4,622;1,573;109;11,015;16;;;;109;0.14;6%;3.33;34%;;;;444;10;3,021;;33%;10;8,453;26;16;15;01:10;4;78;37;396;;0.58;12.33;5.48;01:44;21.92;;24.67;41.11;15,097.55;9;;0;1;2;3;;12 minutes;1;;01:15;00:20;;;;1;
JaredFogle420;3031;;;;11;;;4.82;101;53;17;14,154;6,367;248;41,093;43;;;;248;0.1;3%;2.65;44%;;;;2,187;19;6,347;;50%;19;22,842;53;25;24;01:33;9;115;42;1,473;;0.89;16.68;7.46;01:21;18.87;;23.26;44.33;18,039.66;38;;3;4;1;8;;40 minutes;2;;03:04;02:38;;;;2;
JOKERFIRST15;4055;144;12;8;89;;5.31;3.28;1,041;535;129;134,424;48,919;3,425;337,919;365;12;;2;3,425;0.16;7%;5.02;36%;;;9;25,216;22;5,381;;53%;22;22,955;63;30;23;02:33;9;228;92;1,511;0.07;1.24;7.63;4.75;01:16;13.46;;19.73;38.39;12,464.34;207;5;18;27;43;88;17;5 hours;27;21;34:39;01:01:34;76%;5;0;6;
JonXSly;3015;146;9;5;78;;4.04;2.15;1,156;518;137;234,700;70,373;3,834;407,290;536;11;;;3,834;0.12;5%;2.24;29%;;;11;36,776;17;5,673;;46%;17;21,850;60;34;39;03:31;9;339;81;2,276;;1.19;14.28;3.79;01:31;14.84;;14.34;32;11,277.68;516;10;26;40;35;101;6;8 hours;36;14;55:07;47:34;38%;5;1;22;
jumpmanfrank094;2821;11;9;7;8;;7.39;5.37;68;28;4;12,716;4,507;177;26,521;44;;;;177;0.11;3%;4.25;35%;;;;2,219;9;3,925;;43%;9;16,613;48;20;31;03:32;3;128;27;1,684;;1.41;10.75;2.68;03:54;29.58;;18.82;45.72;17,832.96;16;;1;1;4;6;2;26 minutes;1;1;05:48;03:35;78%;;;0;
kaswww0123456789;;3;3;2;2;;5.28;3.52;12;5;;3,318;871;51;5,905;5;;;;51;0.09;5%;1.33;26%;;;;87;4;1,116;;;4;5,905;12;5;5;00:33;;51;10;87;;0.16;15.85;;00:58;8.81;;8.81;21.14;10,404.71;9;;2;;;2;;8 minutes;1;;00:33;;;;;1;
Keytix_;0;933;23;9;571;2;5.7;3.49;7,176;4,021;1,070;1,029,266;389,401;21,716;2,490,604;2,457;80;;21;21,716;0.17;5%;5.8;37%;;4;19;184,472;33;9,957;;51%;33;30,709;81;51;43;04:35;19;261;123;2,675;0.12;1.44;7.56;6.54;01:12;15.03;;24.59;43.89;15,235.59;1,236;9;73;132;297;502;116;35 hours;163;111;03:18:05;10:18:51;67%;6;10;42;
Kiba_Zack;3014;10;5;3;4;2;3.46;1.38;77;41;11;9,490;3,887;219;26,447;30;2;;2;219;0.13;5%;4.81;40%;;;;2,726;11;4,869;;47%;11;11,213;30;17;15;00:55;6;105;38;1,241;0.69;1.73;5.54;3.81;00:36;10.4;;14.21;26.7;9,171.64;16;;;5;2;7;;26 minutes;3;3;01:44;;100%;3;
KILLER77_HAZZA3;0;188;10;7;160;2;3.49;2.97;1,433;679;181;285,132;94,506;4,894;585,661;601;9;;23;4,894;0.11;5%;2.26;33%;;;13;66,755;19;6,911;;51%;19;20,288;61;28;31;02:35;8;182;70;2,309;0.42;1.6;11.74;3.36;01:29;11.17;;12.62;26.63;10,887.43;632;17;48;49;39;135;6;11 hours;54;18;01:20:00;43:31;34%;4;3;32;
Killswitch2092;2806;3;3;;;;3.13;1.04;23;10;4;4,992;1,313;58;7,671;11;;;;58;0.08;4%;2.09;26%;;;;1,041;6;2,503;;34%;6;5,141;20;9;10;00:54;4;43;13;643;;1.56;11.48;4.17;01:32;11.48;;10.44;24.01;8,009.65;11;;1;0;0;2;;11 minutes;1;0;01:28;00:44;51%;;;0;
King_Kine;;;;;;;1.92;;2;2;;428;128;4;846;;;;;4;0.02;3%;0.4;29%;;;;125;;372;;;1;846;2;2;;00:02;;4;3;125;;0.71;9.61;1.92;00:04;;;3.84;3.84;1,627.83;5;;;1;;1;;2 minutes;1;;00:02;;;;;1;
KingXacTz;0;46;6;3;30;;3.32;2.17;576;265;78;73,360;23,416;1,607;142,593;187;6;;3;1,607;0.16;6%;7.89;31%;;;11;10,303;21;4,276;;40%;21;12,708;58;27;35;02:18;8;144;80;789;0.21;1.08;5.28;5.64;00:45;13.53;;19.18;41.69;10,320.79;73;;12;15;12;39;11;2 hours;14;13;10:25;27:17;97%;3;;0;
kirA-_-bleAch;0;20;6;4;14;;6.89;4.82;145;68;11;22,176;7,597;533;46,809;58;;;2;533;0.18;7%;9.06;34%;;;;2,144;16;6,819;;44%;16;16,040;52;25;21;00:58;3;138;73;817;0.68;0.75;5.51;3.79;01:19;19.99;;23.44;49.99;16,140.91;16;;1;3;3;8;;47 minutes;3;2;03:50;01:06;64%;3;;1;
kk10295;3110;;;2;2;;2.08;4.17;9;5;;3,040;911;82;5,368;3;;;;82;0.19;9%;1.8;29%;;;;912;8;3,901;;;8;5,368;9;5;3;00:26;;82;63;912;;2.16;10.43;;00:55;6.25;;10.43;18.77;11,200.36;5;;0;0;1;1;;7 minutes;0;;00:26;;;;;0;
koba-ya;1337;2;2;2;2;;1.3;1.3;10;7;4;1,972;646;38;4,210;2;;;;38;0.07;5%;5;32%;;;;164;5;2,221;;7%;5;4,032;9;6;2;00:07;4;36;18;164;;0.33;1.3;2.6;00:04;1.3;;4.55;6.5;2,736.79;2;;0;;1;1;;8 minutes;2;;00:07;;;;;2;
kon5-TDRoki;2363;751;10;7;484;3;4.02;2.59;5,606;2,632;765;1,131,958;372,068;23,434;2,231,074;2,444;42;1;59;23,434;0.14;6%;2.86;32%;6;6;73;229,134;20;7,763;196;60%;20;25,469;68;31;36;04:18;14;286;101;2,356;0.31;1.45;10.48;4.09;01:29;13.09;0.03;14.1;30.03;11,952.78;1,957;60;168;150;158;476;44;43 hours;187;90;04:38:21;02:59:44;48%;5;3;93;
koutyatya;0;229;10;6;122;;4.75;2.53;1,582;663;109;329,128;110,308;6,161;684,496;730;25;;6;6,161;0.14;5%;2.72;33%;;;;53,303;18;8,601;;74%;18;24,677;52;24;32;02:54;6;217;58;1,636;0.12;1.26;12.06;2.26;01:42;15.15;;13.76;32.84;14,209.69;581;11;41;58;59;158;11;11 hours;48;23;01:22:13;37:36;48%;4;0;25;
KSlims;4375;220;13;6;122;2;4.62;2.56;1,883;884;178;278,914;101,375;7,636;645,705;796;28;;20;7,636;0.19;7%;5.27;36%;;;7;38,405;24;8,647;;61%;24;21,788;62;29;27;02:04;7;328;79;1,276;0.42;0.97;7.5;3.74;01:23;16.74;;18.59;39.61;13,583.13;357;7;29;40;74;143;25;10 hours;48;30;01:06:17;01:37:12;63%;5;2;15;
kurosaki158;1715;32;6;4;13;;2.76;1.12;293;112;27;74,326;16,956;1,033;96,166;139;2;;3;1,033;0.09;6%;1.45;22%;;;;12,262;14;1,899;;29%;14;13,268;49;16;24;03:08;5;112;29;1,634;0.25;1.12;17.36;2.33;01:50;12;;9.67;25.31;8,308.82;201;5;7;5;4;16;;3 hours;12;4;21:14;01:24;34%;4;0;7;
L1TTL3msAW3S0M3;;;;;;;2.71;;5;3;2;1,172;479;9;2,690;3;;;;9;0.03;1%;1.25;40%;;;;101;5;1,750;;38%;5;2,538;5;3;3;00:40;2;9;6;101;;0.4;10.85;5.42;02:31;8.14;;8.14;13.57;7,302.05;4;;0;1;;1;;4 minutes;0;0;00:55;;43%;;;0;
Langartija;3035;4;2;;;;4.92;1.23;33;12;;4,718;1,633;56;9,170;18;;;;56;0.07;3%;3.3;34%;;;;1,131;10;2,647;;;10;4,958;21;7;10;01:26;;29;12;616;;1.44;12.3;;02:56;22.14;;14.76;40.6;11,281.73;10;;1;1;0;2;;13 minutes;1;1;02:23;00:20;100%;3;
Lara4133;;;;;;;0.63;;59;12;3;9,480;1,921;75;10,939;33;;;;75;0.06;3%;11.8;20%;;;;1,178;13;2,386;;20%;13;6,700;41;7;23;01:13;2;41;16;809;0.63;1;3.19;1.91;01:19;21.09;;7.67;37.71;6,991.95;5;;2;2;;3;;19 minutes;2;2;02:03;00:07;100%;
LoggingOut;0;509;11;8;331;;5.25;3.41;3,076;1,402;285;577,808;227,862;13,097;1,355,190;1,322;48;1;8;13,097;0.16;5%;2.62;39%;;5;47;109,040;23;6,880;14;67%;23;23,350;61;34;35;02:35;10;214;71;1,839;0.08;1.35;12.1;2.94;01:18;13.65;;14.47;31.76;13,995.31;1,172;21;71;105;122;298;25;22 hours;97;43;02:07:26;02:15:58;44%;5;8;46;
LostkumaTH;0;;;;;;2.66;;3;2;2;1,148;278;21;1,837;;;;;21;0.09;7%;0.42;24%;;;;333;2;800;;;2;1,480;2;;;00:22;;18;6;213;;1.44;18.66;5.33;00:59;2.66;;5.33;7.99;4,898.15;7;;0;1;1;1;;3 minutes;0;;00:22;;;;;0;
l-Twisted_Fate-l;3972;37;11;6;26;2;5.68;3.99;200;102;25;39,428;15,794;663;99,747;83;;;4;663;0.12;4%;2.63;40%;;;;5,904;15;6,559;;44%;15;31,359;58;33;20;03:09;13;184;31;1,801;0.61;1.11;11.67;3.84;01:27;12.75;;15.66;30.72;15,322.87;76;;4;7;10;21;3;1 hour;7;4;09:26;09:49;57%;4;0;3;
LuckyC723;3709;702;13;8;464;3;4.32;2.85;4,911;2,514;633;804,010;309,387;20,242;2,041,582;1,969;61;;54;20,242;0.15;6%;2.58;38%;;3;20;139,248;25;7,191;;85%;25;26,837;71;36;42;04:01;9;295;92;1,816;0.33;1.04;11.68;3.89;01:26;12.11;;15.47;30.22;12,565.39;1,899;33;106;165;191;462;42;36 hours;162;77;03:54:11;03:55:50;47%;5;6;79;
M5roosh_ksa;3563;;;;;;1.7;1.7;16;4;;2,952;740;29;4,162;4;;;;29;0.05;3%;2.28;25%;;;;506;7;1,252;;;7;2,346;11;4;3;00:30;;17;14;303;;1;11.95;;01:00;6.83;;6.83;27.32;7,106.61;7;;0;1;0;2;;8 minutes;1;0;00:35;;1%;;0;1;
MAAFX;2990;12;5;4;5;;8.58;3.57;46;27;5;9,686;3,333;122;22,188;26;;;;122;0.11;3%;2.42;34%;;;;1,708;9;6,783;;;9;11,728;21;12;11;00:55;4;55;21;752;0.71;1.54;13.58;3.57;01:17;18.59;;19.31;32.9;15,869.9;19;;;1;3;4;2;18 minutes;1;1;01:47;00:54;65%;;;0;
MagIish;;6;3;3;7;;2.27;2.64;79;35;5;9,774;4,089;214;25,106;22;;;;214;0.12;5%;4.93;41%;;;3;1,751;10;4,083;;49%;10;10,148;32;17;5;00:30;4;82;49;519;0.37;1.04;6.05;1.89;00:41;8.32;;13.24;29.9;9,503.87;16;;1;4;1;6;;27 minutes;3;3;01:49;01:47;95%;;0;0;
MamasNippel;3912;894;16;9;565;5;5.48;3.46;6,113;3,543;988;759,888;358,267;22,103;2,275,236;2,183;59;;25;22,103;0.17;6%;4.36;47%;;8;75;118,277;33;8,418;;59%;33;28,628;70;41;42;03:02;15;333;94;1,755;0.15;0.95;8.59;6.05;01:07;13.38;;21.72;37.48;13,951.38;1,401;33;88;132;284;504;120;34 hours;163;106;03:02:44;08:50:00;64%;5;8;49;
Marlporo0707;0;29;10;3;18;;4.94;3.06;202;90;19;38,090;14,954;884;88,026;98;6;;3;884;0.17;5%;2.69;39%;;;;6,379;15;5,610;;63%;15;14,502;29;15;13;01:26;3;106;49;748;0.51;1.25;12.78;3.23;01:31;16.7;;15.34;34.43;15,004.05;75;;3;6;10;19;;1 hour;6;2;08:57;12:07;39%;4;0;3;
masatosann;2383;273;9;7;169;;4.13;2.56;2,163;978;185;447,614;134,346;6,638;818,970;1,051;22;;;6,638;0.11;4%;3.38;30%;;;8;53,979;21;6,792;;47%;21;29,448;57;30;36;03:54;13;186;113;1,591;0.01;0.92;9.68;2.8;01:48;15.93;;14.82;32.79;12,416.66;639;23;52;61;88;202;18;16 hours;66;32;01:59:11;01:10:56;49%;4;1;33;
matukyo;3857;16;3;5;14;;4.4;3.85;119;43;6;25,680;9,847;549;58,782;43;;;;549;0.14;5%;2.24;38%;;;;4,962;10;4,568;;40%;10;18,127;28;11;10;00:59;2;154;41;1,360;0.27;1.34;14.59;1.65;01:16;11.84;;11.84;32.77;16,189.69;53;;4;3;2;8;;1 hour;4;1;04:38;02:49;28%;;;3;
Meepert;0;91;10;4;49;;5.49;2.95;610;333;79;92,792;32,624;1,796;222,461;232;9;;;1,796;0.12;5%;3.06;35%;;;;21,612;16;6,040;;72%;16;22,165;53;29;26;02:21;8;172;65;2,113;0.06;1.55;12.01;4.76;01:26;14;;20.1;36.82;13,429.27;199;2;12;14;29;55;7;3 hours;17;10;24:00;43:09;61%;4;1;6;
Megaan_57;3119;3,594;18;9;2,303;4;4.99;3.2;26,568;13,365;3,462;4,468,146;1,624,162;104,774;10,188,447;11,617;265;;347;104,774;0.17;6%;3.59;36%;;21;363;804,807;31;9,126;;100%;31;35,085;78;43;52;05:37;15;485;105;2,585;0.48;1.31;10.27;4.81;01:31;16.15;;18.58;36.94;14,167.6;7,386;66;489;665;1,009;2,163;300;169 hours;719;372;18:15:44;24:09:49;51%;5;29;318;
MEOW987;2674;4;;2;4;;1.78;1.78;35;18;8;8,070;2,134;136;15,428;14;;;;136;0.07;6%;1.02;26%;;;;1,801;9;2,136;;33%;9;4,105;19;11;6;00:32;7;52;19;709;;1.03;15.14;3.56;00:44;6.23;;8.01;15.59;6,873.14;34;3;3;2;1;6;;28 minutes;2;1;01:40;00:44;38%;;;1;
Merdrash;2964;21;8;5;13;;5.53;3.42;151;81;24;21,646;7,090;360;42,700;70;;;;360;0.1;5%;4.57;32%;;;;4,089;14;3,402;;48%;14;15,295;46;29;24;01:44;12;122;43;1,352;0.26;1.24;8.69;6.32;01:26;18.43;;21.33;39.76;11,245.35;33;;0;3;8;11;3;54 minutes;4;3;05:28;09:15;68%;;0;1;
MIKEYDYCE;3095;21;6;7;17;;3.88;3.14;156;92;28;25,802;9,194;452;58,835;56;2;;;452;0.09;4%;2.32;35%;;;;6,207;13;2,783;;48%;13;14,461;55;28;24;01:46;10;120;38;1,314;0.18;1.28;12.39;5.17;01:32;10.35;;17.01;28.84;10,880.2;67;2;2;2;5;9;;1 hour;5;4;08:18;01:32;65%;3;;2;
Miz_One;1490;;;;;;;0.69;12;;;6,738;1,653;79;11,524;6;;;;79;0.08;4%;1.5;24%;;;;995;6;3,146;;24%;6;5,006;6;;4;00:44;;38;18;404;;1.11;5.55;0.69;00:54;4.16;;0.69;8.33;8,007;8;;1;1;2;4;;14 minutes;1;1;01:18;;49%;;0;0;
Moraamaan;;2;2;;;;2.63;;15;8;2;2,676;548;42;2,987;4;;;;42;0.08;7%;2.14;20%;;;;867;7;846;;20%;7;2,987;15;8;4;00:20;2;42;11;867;;1.79;9.2;2.63;00:26;5.26;;10.52;19.73;3,929.24;7;;1;1;2;3;;8 minutes;1;;00:20;;;;;1;
Mr_O_Blood_type_;0;12;3;2;5;;2.06;0.86;170;68;7;31,442;11,529;636;64,652;116;;;;636;0.12;5%;1.58;36%;;;;6,337;15;4,429;;93%;15;5,023;15;8;11;00:52;;55;52;707;;1.27;18.42;1.2;02:26;19.97;;11.7;29.26;11,130.71;107;;5;6;7;17;;1 hour;6;2;14:13;10:52;35%;3;1;3;
Mr_savage_75;0;6;5;3;3;2;3.27;1.63;39;22;8;9,446;3,253;197;19,045;13;;;2;197;0.15;6%;1.62;34%;;;;1,584;6;3,221;;34%;6;12,193;15;9;5;00:55;4;138;29;1,177;1.09;1.21;13.1;4.36;01:16;7.09;;12.01;21.29;10,399.76;24;;2;2;1;5;;21 minutes;2;;02:19;03:45;;3;;2;
MrBlueyes;2154;31;5;4;24;;2.13;1.65;226;123;55;40,280;15,728;665;96,198;89;;;;665;0.06;4%;1.45;39%;;7;38;7,776;13;3,862;;62%;13;8,940;22;11;14;01:10;5;57;42;1,066;0.06;0.75;10.69;3.79;00:38;6.14;;8.48;15.59;6,637.65;155;4;14;10;6;30;;2 hours;14;3;09:16;02:31;18%;;0;11;
MrDrumpf;2933;;;;;;;9.23;5;2;;708;295;14;1,779;4;;;;14;0.11;4%;1.66;41%;;;;155;3;826;;;3;1,779;5;2;4;00:17;;14;8;155;;1.23;27.71;9.23;02:40;36.95;;18.47;46.19;16,436.02;3;;0;;0;0;;2 minutes;0;;00:17;;;;;0;
mrfr33s3;2586;4;3;4;4;;5.33;5.33;37;19;;7,262;2,876;239;15,350;20;;;;239;0.29;8%;3.7;39%;;;;1,167;10;3,460;;45%;10;11,826;31;13;15;01:44;;173;62;1,167;;1.43;13.32;1.33;03:09;26.65;;25.31;49.3;20,455.38;10;2;0;1;2;3;;13 minutes;1;;02:22;01:22;;;;1;
MRstyles4u;3112;;;;;;1.46;1.46;12;4;;4,742;1,081;66;5,664;8;;;;66;0.12;6%;1.71;22%;;;;753;3;1,673;;29%;3;2,569;6;2;4;00:41;;30;16;450;;1.37;10.24;;02:01;11.7;;5.85;17.56;8,290.29;7;;0;0;1;1;;9 minutes;1;;01:22;;;;0;1;
Natz_D_Chow;4100;89;10;4;42;2;4.76;2.24;666;324;93;117,782;42,290;2,995;261,096;260;9;;5;2,995;0.19;7%;2.81;35%;;;4;21,362;27;8,869;;76%;27;13,732;40;20;25;01:36;10;215;87;1,176;0.26;1.42;12.68;4.97;01:07;13.91;;17.33;35.63;13,970.79;237;5;12;15;18;45;6;4 hours;19;14;20:59;41:55;75%;5;1;4;
Neiyao;0;;;;;;;1.67;29;11;;3,216;862;41;4,682;15;;;;41;0.07;4%;5.8;26%;;;3;523;13;1,967;;26%;13;4,682;29;11;15;01:53;;41;25;523;1.67;1.01;8.35;;03:09;25.05;;18.37;48.44;7,821.19;5;;1;;1;1;;8 minutes;1;1;01:53;00:40;100%;3;
NickalaiHomebrew;3044;;;;;;;0.69;14;3;;5,572;1,431;51;7,413;4;;;;51;0.04;3%;0.58;25%;;;;1,280;4;1,611;;21%;4;4,328;12;2;3;00:44;;29;16;687;;1.1;16.69;;01:31;2.78;;2.08;9.74;5,158.22;24;;1;0;0;1;;19 minutes;1;0;02:11;;14%;;0;1;
Ninja5976;3734;36;9;4;21;3;3.11;1.81;385;188;52;70,862;28,366;1,783;168,284;162;3;;15;1,783;0.19;6%;3.59;40%;;;4;9,763;21;7,029;;66%;21;26,015;64;27;34;03:37;5;285;71;1,304;1.29;1.06;9.25;4.49;01:23;14.01;;16.26;33.31;14,560.85;107;;5;12;19;36;4;2 hours;12;7;16:07;22:05;62%;3;0;4;
NINJALEX323;3962;11;4;4;8;;3.3;2.4;110;46;7;13,500;4,373;346;28,380;36;;;4;346;0.15;7%;4.07;32%;;;;2,793;23;4,430;;34%;23;10,986;42;18;15;01:38;2;114;46;671;1.2;1.21;8.11;2.1;01:17;10.81;;13.82;33.05;8,528.32;27;;3;5;1;9;;38 minutes;3;3;04:17;07:09;90%;;;0;
nogo58;;29;5;4;21;3;3.31;2.4;218;110;27;29,712;10,860;481;68,113;88;2;;6;481;0.08;4%;2.53;36%;;;;7,283;19;3,297;;49%;19;11,633;42;23;20;02:10;5;83;28;1,163;0.68;1.24;9.84;3.09;01:08;10.07;;12.59;24.95;7,796.8;86;2;6;12;9;27;4;1 hour;9;5;09:54;05:31;57%;3;1;3;
NoirEt_B;3147;52;15;7;24;;4.56;2.1;384;195;69;72,244;26,144;1,665;151,639;122;4;;;1,665;0.18;6%;3.25;36%;;;6;14,141;16;4,826;;51%;16;18,029;55;25;15;01:15;15;154;56;1,404;0.08;1.57;10.36;6.05;01:05;10.71;;17.12;33.71;13,313.96;118;;10;12;18;40;4;2 hours;11;7;12:29;32:57;64%;3;0;4;
nyanyamui_401;0;;;;;;;0.57;24;3;;4,648;1,517;59;8,407;10;;;;59;0.05;3%;;32%;;;;1,305;6;989;;87%;6;2,219;6;2;4;01:12;;20;12;390;;1.14;13.9;0.57;01:15;5.79;;1.73;13.9;4,870.19;24;;2;1;2;5;;18 minutes;2;1;02:10;00:39;43%;;0;1;
ohEvasive;3523;28;7;5;27;;2.97;2.87;294;138;38;40,832;14,910;957;95,356;81;3;;2;957;0.15;6%;3.76;36%;;;3;8,374;15;4,062;;45%;15;18,076;48;22;14;01:05;7;189;58;1,064;0.21;1.32;8.29;4.04;00:50;8.61;;14.67;31.25;10,138.11;78;2;4;10;7;21;4;1 hour;9;9;07:54;12:12;91%;4;;1;
oI_SPY_Io;4521;409;13;9;280;4;5.19;3.55;3,056;1,612;366;433,194;158,333;11,665;1,051,368;1,137;29;;58;11,665;0.19;7%;4.15;36%;;;27;85,043;25;9,092;;57%;25;25,022;66;37;32;02:42;12;315;113;1,798;0.73;1.41;9.35;4.65;01:17;14.44;;20.48;38.83;13,359.37;736;7;53;69;114;236;46;16 hours;79;58;01:41:46;03:39:40;73%;6;2;19;
Oka-Pik;;4;4;;;;6.02;;18;8;5;3,152;821;75;5,499;11;;;;75;0.12;9%;3;26%;;;2;809;6;1,747;;;6;5,499;18;8;11;01:25;5;75;31;809;;1.37;9.03;7.52;02:08;16.55;;12.04;27.09;8,278.08;6;;1;;1;2;;9 minutes;1;1;01:25;01:42;100%;;;0;
OlyMpiC_GER;;;;2;3;;1.54;4.63;21;9;4;3,858;1,421;64;7,532;8;;;;64;0.12;4%;3;36%;;;;606;12;2,502;;50%;12;3,194;14;8;6;00:27;3;31;20;360;1.54;1.21;10.8;6.17;00:54;12.34;;13.89;32.41;11,626.69;7;;1;1;0;2;;8 minutes;1;0;00:34;01:18;55%;3;;0;
Original_Yankin;2592;6;5;4;5;;2.42;2.02;40;17;6;8,678;2,706;150;17,578;16;;;;150;0.1;5%;1.25;31%;;;2;1,257;6;2,442;;34%;6;8,162;18;8;9;01:01;3;73;34;424;0.4;0.84;12.94;2.42;00:49;6.47;;6.87;16.17;7,109.63;32;;1;2;1;4;;24 minutes;2;;02:03;;;;0;2;
OttoFemtusen;2831;;;;;;;2.65;5;;;1,656;565;19;2,709;3;;;;19;0.06;3%;0.83;34%;;;;194;2;1,071;;89%;2;1,476;5;;3;00:13;;17;10;194;;0.63;15.91;2.65;00:36;7.95;;2.65;13.25;7,182.87;6;;0;0;1;1;;5 minutes;0;0;00:13;;2%;;0;0;
oualid32;4267;332;15;9;228;;5.42;3.72;2,418;1,304;304;349,224;142,153;9,947;935,329;986;25;;11;9,947;0.18;6%;3.93;40%;;4;10;70,093;23;8,757;;70%;23;26,641;63;41;35;03:10;12;339;100;2,039;0.17;1.32;10.04;4.96;01:35;16.1;;21.29;39.48;15,273.55;615;5;31;62;114;207;37;14 hours;61;37;01:37:23;03:04:21;61%;6;4;19;
Potaetum;0;;;2;2;;2.61;5.23;11;8;3;2,328;651;66;4,620;7;;;;66;0.17;10%;1.57;27%;;;;457;2;971;;27%;2;4,620;11;8;7;00:55;3;66;18;457;;1.2;18.31;7.84;02:24;18.31;;20.92;28.77;12,085.93;7;;;0;2;2;;6 minutes;0;;00:55;;;;0;0;
praktommy;3673;1,420;16;9;986;4;4.9;3.4;9,411;4,659;945;1,672,516;592,993;36,506;3,796,541;3,916;118;;70;36,506;0.15;6%;3.16;35%;;6;77;253,996;26;9,110;70;51%;26;26,262;71;31;34;03:54;12;439;97;2,118;0.24;1.06;10.24;3.26;01:25;13.51;;16.07;32.47;13,102.3;2,970;28;237;260;313;810;83;66 hours;290;149;06:54:30;07:23:01;51%;5;11;130;
Prey1nMantis;2494;167;13;7;109;;4.24;2.77;1,442;792;243;187,394;62,589;4,189;375,014;638;12;;4;4,189;0.12;6%;8.05;33%;;;9;31,692;19;5,448;;38%;19;18,273;68;40;42;03:18;13;252;69;1,605;0.1;0.97;4.55;6.18;01:09;16.22;;20.14;36.67;9,538.21;179;5;26;40;58;123;26;9 hours;39;22;45:14;01:27:02;57%;4;;17;
Prince_Fatman;0;13;5;3;7;;3.11;1.67;121;66;24;19,202;6,721;313;38,977;58;;;;313;0.1;4%;2.52;35%;;;;4,244;12;3,251;;57%;12;10,530;26;15;11;00:34;7;55;22;549;0.23;1.38;11.49;5.74;01:06;13.88;;15.8;28.97;9,334.15;48;;5;4;3;12;;51 minutes;4;2;04:38;01:56;37%;;1;2;
Prophesizee;3087;6;5;;;;3.79;0.63;47;25;7;5,880;2,232;244;15,306;17;;;;244;0.22;10%;3.91;37%;;;;1,340;12;2,403;;38%;12;8,884;31;16;12;00:53;4;127;44;833;0.63;1.23;7.59;4.43;01:06;10.76;;15.83;29.76;9,693.56;12;;2;3;2;6;;18 minutes;2;1;01:44;01:41;67%;3;0;0;
PucKProof;;3;3;;;;10.63;3.54;21;15;5;2,240;936;77;5,375;7;;;;77;0.35;8%;21;41%;;;;181;17;4,529;;41%;17;5,375;21;15;7;00:13;5;77;66;181;3.54;0.84;3.54;17.71;00:47;24.8;;53.15;74.42;19,047.6;;;0;;1;1;;3 minutes;0;0;00:13;02:58;100%;
Quentin_JJ;3510;81;12;8;52;3;5.21;3.34;540;288;86;93,286;30,546;2,878;207,066;235;2;;15;2,878;0.22;9%;3.31;32%;;;9;21,875;15;5,886;;75%;15;26,021;62;33;38;02:50;13;458;162;2,325;0.96;1.7;10.49;5.53;01:27;15.13;;18.54;34.77;13,335.32;163;2;8;15;23;46;6;3 hours;16;7;22:35;35:50;44%;3;1;8;
rairai2040;;2;2;2;2;;3.91;3.91;8;;;2,956;921;33;5,744;4;;;;33;0.07;3%;1.14;31%;;;;530;6;2,067;;;6;5,744;8;;4;00:13;;33;17;530;;1.28;13.7;;00:26;7.83;;1.95;15.66;11,247.71;7;;1;;;1;;6 minutes;1;;00:13;;;;;1;
RaxesTheWise;2506;9;7;4;6;;6.61;4.41;45;22;7;8,282;2,320;138;15,222;26;;;;138;0.11;5%;4.5;28%;;;;1,227;10;2,748;;28%;10;9,462;31;17;19;01:17;6;70;43;995;;1.06;7.35;5.14;01:36;19.12;;16.17;33.09;11,195.08;10;;1;2;1;4;;19 minutes;1;1;02:10;00:00;49%;;;1;
Remix829;;;;2;2;;;2.95;2;;;936;483;25;3,461;;;;;25;0.1;5%;;51%;;;2;279;;3,413;;;1;3,461;2;;;00:01;;25;24;279;;1.16;2.95;;00:02;;;1.47;2.95;5,108.13;2;;1;;1;1;;3 minutes;1;;00:01;;;;;1;
rencpee;2745;216;8;6;109;2;3.87;1.95;1,709;897;242;274,794;87,262;5,083;543,231;790;10;;34;5,083;0.11;5%;2.32;31%;;4;34;63,404;17;5,176;;89%;17;18,154;60;34;46;04:40;12;170;56;2,335;0.61;1.4;13.21;4.34;01:38;14.18;;16.1;30.68;9,752.98;736;8;48;62;52;163;5;12 hours;56;21;01:31:34;01:15:37;38%;4;3;32;
RequiemZ41;;2;2;;;;5.49;;14;7;;1,820;588;39;2,484;7;;;;39;0.17;6%;14;32%;;;;161;9;1,710;;32%;9;2,484;14;7;7;01:10;;39;20;161;;0.72;2.74;2.74;03:14;19.24;;19.24;38.49;6,830.51;;;;;1;1;;3 minutes;0;0;01:10;01:45;100%;
res1tvih;2842;2;2;2;2;;5.67;5.67;11;3;;2,494;313;25;2,199;5;;;;25;0.07;7%;3.66;12%;;;;338;7;881;;;7;2,199;11;3;5;00:16;;25;13;338;;0.95;8.5;;00:45;14.17;;8.5;31.19;6,235.58;3;;0;0;;1;;5 minutes;0;0;00:16;;100%;;;0;
Rhinoblue123RED;2209;;;2;2;;3.32;6.65;4;2;2;1,948;670;19;4,566;;;;;19;0.08;2%;;34%;;;;149;3;1,498;;;3;4,566;4;2;;00:16;2;19;6;149;;0.64;13.31;6.65;00:53;3.32;;6.65;13.31;15,195.97;4;;0;1;0;1;;3 minutes;0;;00:16;;;;;0;
Rockethiethm;4289;5;2;;4;;1.91;1.52;60;31;8;9,174;3,240;187;20,240;21;;;;187;0.14;5%;3.33;35%;;;;1,935;9;2,530;;43%;9;6,558;17;10;6;00:51;4;61;25;504;0.38;1.46;6.88;3.05;00:51;8.03;;11.85;22.94;7,740.61;18;;3;3;2;7;;21 minutes;3;2;02:13;00:53;70%;;0;1;
Rundle0509;3962;44;9;4;24;;5.16;2.81;334;151;28;51,676;16,903;1,283;106,035;120;6;;4;1,283;0.2;7%;4.17;32%;;;3;5,477;12;5,703;;53%;12;15,891;38;24;17;01:59;4;248;59;530;0.46;0.86;9.39;3.28;01:14;14.09;;17.73;39.22;12,453.76;80;2;10;7;6;23;4;1 hour;9;8;10:34;11:45;98%;4;;0;
RyanAM;3889;323;11;8;216;4;5.14;3.43;2,442;1,301;336;351,506;134,513;8,106;866,998;780;33;;45;8,106;0.16;6%;5.04;38%;;;6;46,617;21;8,161;;53%;21;20,471;62;36;34;02:03;9;233;87;1,139;0.71;0.93;7.7;5.34;00:54;12.41;;20.71;38.87;13,802.5;484;8;43;57;75;174;27;13 hours;63;46;57:13;02:16:37;73%;4;4;13;
Saber-x-wolf;;15;3;3;9;;2.72;1.63;107;51;17;27,784;7,895;403;40,057;47;;;;403;0.11;5%;5.09;28%;;;;3,649;20;5,811;;36%;20;7,288;25;13;9;00:54;5;62;47;489;;1.06;3.8;3.08;00:36;8.52;;9.24;19.4;7,264.83;21;;4;2;7;13;2;57 minutes;6;2;03:19;04:19;34%;;0;4;
samurainu;2412;373;9;4;239;2;2.55;1.64;3,202;1,435;351;658,920;199,447;9,469;1,241,057;1,328;29;;14;9,469;0.08;4%;2.85;30%;;6;56;101,661;22;9,479;;83%;22;17,577;58;28;29;01:57;9;157;75;1,644;0.09;0.96;7.69;2.4;01:05;9.11;;9.84;21.97;8,517.46;1,121;13;128;122;122;373;21;29 hours;146;62;02:38:59;01:17:04;42%;4;3;81;
sbkkzy;0;1,786;17;8;1,031;6;5.56;3.21;11,245;5,567;1,059;1,925,290;674,494;30,490;4,370,845;4,688;210;;204;30,490;0.11;4%;4.03;35%;;6;54;292,870;28;10,586;;57%;28;24,005;70;38;38;04:29;12;245;106;2,108;0.63;1.08;8.67;3.29;01:33;14.59;;17.33;35.01;13,611.87;2,786;63;217;307;465;988;124;74 hours;321;183;08:20:32;09:05:24;56%;6;9;130;
ScaredLilTaco;3412;12;3;3;9;;2.54;1.91;157;78;23;24,766;9,001;662;52,196;59;;;;662;0.18;7%;3.48;36%;;;9;4,029;21;5,441;;40%;21;15,871;51;21;23;01:48;7;194;65;964;0.21;1.12;9.55;4.88;01:30;12.52;;16.55;33.32;11,077.76;45;;3;9;1;14;;59 minutes;5;5;07:07;11:02;100%;
Shadowfox55;2974;42;9;5;41;;2.2;2.15;551;284;91;102,704;30,609;2,019;182,154;239;5;;2;2,019;0.13;6%;3.16;29%;;5;32;16,611;23;5,365;;56%;23;17,369;60;24;35;02:51;8;197;101;1,308;0.1;1.08;9.12;4.77;01:07;12.53;;14.9;28.9;9,556.99;174;3;13;22;18;53;5;4 hours;19;6;21:28;14:45;32%;3;1;12;
shadowstrixx;2873;737;19;11;571;;3.99;3.09;5,705;2,386;520;1,338,382;357,144;26,351;2,202,829;2,690;54;;5;26,351;0.17;7%;2.64;26%;;9;149;166,528;21;6,731;58;47%;21;27,996;68;35;36;03:51;10;393;112;2,127;0.02;1.09;11.69;2.82;01:42;14.59;;12.94;30.95;11,951.85;2,156;26;160;184;191;535;40;42 hours;184;77;05:14:43;02:52:40;41%;5;7;100;
Sharpy776;2926;4;2;;;;4.31;1.07;31;15;5;3,308;1,489;53;8,040;13;;;;53;0.08;3%;4.42;45%;;;;397;8;1,890;;40%;8;3,851;18;10;6;00:28;2;31;12;211;;0.62;7.54;5.39;01:10;14.01;;16.17;33.42;8,667.31;7;;2;1;0;3;;10 minutes;1;1;01:05;01:24;75%;;;0;
Sheepy351;;2;2;;;;2;;24;12;3;4,504;1,008;42;5,729;15;;;;42;0.05;4%;1.26;22%;;;;276;7;977;;22%;7;5,729;24;12;15;01:42;3;42;11;276;;0.38;19;3;01:42;15;;12;24;5,728.56;19;;;2;1;3;;12 minutes;1;;01:42;00:20;;;;1;
Shikurikato-;0;1,564;19;10;1,015;2;5.8;3.76;10,076;5,703;1,538;1,359,754;521,288;41,611;3,620,245;3,664;130;;38;41,611;0.19;7%;3.59;38%;;14;71;283,405;26;7,629;;59%;26;29,720;77;42;37;03:41;15;403;132;3,105;0.14;1.3;10.4;5.7;01:21;13.59;;21.16;37.39;13,434.09;2,804;18;171;241;415;827;135;60 hours;269;168;06:06:25;12:12:22;62%;5;12;89;
Shimada_Bros;3031;3;;2;4;;4.66;6.22;20;12;4;3,676;1,193;61;7,192;7;;;;61;0.1;5%;2.5;32%;;;;461;8;2,024;;;8;2,178;10;5;4;00:13;3;18;18;214;;0.81;12.45;6.22;00:40;10.89;;18.67;31.12;11,193.43;8;;1;1;0;2;;9 minutes;1;1;00:26;01:40;100%;
Signal_Graph;0;723;14;11;432;;6.33;3.78;3,811;1,989;376;669,538;273,906;14,647;1,800,759;1,370;78;;6;14,647;0.15;5%;2.84;40%;;2;9;105,078;22;6,635;;69%;22;27,821;75;35;30;02:42;11;346;88;2,062;0.05;1.1;11.72;3.29;01:19;12;;17.42;33.38;15,775.69;1,338;6;86;111;150;347;41;26 hours;114;59;02:30:50;03:47:19;51%;5;5;51;
sloohy99;2683;22;6;5;13;;3.56;2.1;146;81;35;27,346;9,876;564;61,055;49;;;;564;0.11;5%;2.35;36%;;;6;6,524;14;4,582;;46%;14;14,799;34;17;17;01:30;9;118;38;1,310;0.16;1.38;10.04;5.67;00:50;7.93;;13.12;23.65;9,892.38;62;2;5;3;2;11;;1 hour;6;5;05:13;04:16;78%;3;;1;
Smansi;2746;139;10;6;94;2;4.23;2.86;1,128;535;146;183,808;64,250;2,869;386,656;464;5;;13;2,869;0.11;4%;5.81;34%;;;3;40,093;33;9,612;;45%;33;21,005;58;33;33;02:51;12;196;65;2,084;0.39;1.58;5.9;4.44;01:13;14.13;;16.29;34.35;11,775.63;194;2;17;37;41;96;17;7 hours;33;17;40:09;51:39;52%;3;3;13;
Smithered;0;55;7;3;33;;5.85;3.51;360;186;41;58,082;22,317;1,653;146,751;144;6;;2;1,653;0.2;7%;2.92;38%;;2;13;9,923;17;6,763;;47%;17;14,127;35;19;15;01:24;3;123;67;770;0.21;1.25;13.1;4.36;01:44;15.33;;19.81;38.34;15,632.12;123;2;7;8;11;26;4;2 hours;9;4;16:18;20:19;39%;3;0;6;
SNAKE714;3590;157;13;7;90;;6.21;3.56;997;497;89;167,156;70,162;4,197;430,208;414;21;;2;4,197;0.16;5%;6.35;41%;;;;22,383;19;8,152;;59%;19;25,049;59;28;28;02:16;6;233;108;1,279;0.07;0.89;6.21;3.52;01:16;16.37;;19.65;39.43;17,017.67;157;8;16;27;39;82;4;6 hours;25;11;32:11;46:45;44%;5;1;13;
SpanishK;2586;4;4;2;2;2;5.05;2.52;16;10;;3,242;1,033;126;6,357;4;;;2;126;0.24;12%;3.2;31%;;;;473;3;1,831;;35%;3;4,751;11;6;3;00:19;;104;61;279;2.52;0.93;6.32;1.26;00:46;5.05;;12.64;20.23;8,038.13;5;;1;0;;2;;8 minutes;1;0;00:37;;52%;;;0;
Spuggtaztic;3000;6;3;2;5;;2.3;1.91;60;26;7;9,084;3,604;195;22,459;22;;;;195;0.13;5%;3.75;39%;;;;1,462;10;3,281;;61%;10;9,645;27;10;10;00:30;3;85;29;480;;1.03;6.13;2.68;00:35;8.43;;9.97;23.01;8,614.41;16;;1;2;2;4;;23 minutes;3;1;01:32;01:48;30%;3;;2;
StarkTechnolo444;;7;2;2;9;;0.91;1.17;138;59;18;30,832;7,770;362;39,876;48;;;;362;0.06;4%;1.27;25%;;;4;1,839;8;1,580;;31%;8;8,913;30;14;10;00:48;6;72;21;461;;0.33;14.06;2.34;00:37;6.25;;7.68;17.97;5,194.84;108;;7;5;3;15;;1 hour;8;4;04:46;;45%;3;1;3;
stiouf3;;3;2;;2;;4.7;3.13;16;7;2;2,846;1,123;56;6,283;9;;;;56;0.11;4%;1.45;39%;;;;612;5;1,449;;;5;2,618;6;4;3;00:15;2;28;14;260;;1.29;17.25;3.13;01:13;14.11;;10.98;25.09;9,855.61;11;;1;1;0;2;;7 minutes;1;0;00:47;00:01;5%;;0;1;
STOP_iseGamin_tv;3049;129;9;4;73;2;3.04;1.72;824;380;109;210,278;56,547;2,861;361,028;352;7;;15;2,861;0.08;5%;1.55;26%;;11;60;48,412;16;6,571;;91%;16;10,201;28;21;15;01:42;10;102;47;1,586;0.35;1.51;12.54;2.57;01:05;8.31;;8.97;19.47;8,531.41;531;7;40;25;25;90;5;8 hours;42;19;45:58;13:21;44%;3;2;22;
stormavatar;4579;154;10;5;82;;4.9;2.6;1,299;662;139;191,124;73,229;5,354;457,488;468;23;;;5,354;0.21;7%;4.21;38%;;;;35,650;22;7,256;;52%;22;25,811;54;32;27;02:17;9;313;86;1,889;0.03;1.44;9.8;4.42;01:14;14.89;;21.07;41.34;14,561.09;308;3;12;27;52;91;21;6 hours;31;25;39:09;01:19:05;78%;4;0;6;
subzilllaa;3496;916;13;8;653;2;5.36;3.82;5,306;2,671;608;929,376;339,850;19,545;2,282,355;2,208;68;;52;19,545;0.14;5%;2.37;36%;;17;80;168,710;28;7,130;43;100%;28;22,123;50;33;27;02:12;12;265;115;1,843;0.3;1.28;13.09;3.56;01:19;12.93;;15.64;31.08;13,369.68;2,236;19;114;142;207;463;56;36 hours;171;80;03:46:00;05:02:05;46%;4;11;79;
Surrturr;;1,996;14;12;1,533;5;4.05;3.11;12,607;6,447;2,208;2,591,062;848,765;54,085;5,403,573;5,153;81;1;242;54,085;0.13;6%;2.35;32%;;22;258;519,366;27;8,818;;53%;27;27,383;66;38;36;04:19;14;319;107;2,887;0.49;1.33;10.85;4.48;01:17;10.46;;13.08;25.59;10,970.64;5,348;74;395;440;388;1,224;77;107 hours;493;224;10:33:56;07:04:08;45%;5;15;253;
swagboy1235;0;7;7;4;4;;6.51;3.72;43;16;7;5,552;1,305;113;8,528;23;;;;113;0.16;8%;7.16;23%;;;;870;12;2,108;;23%;12;8,384;42;16;23;02:26;7;113;33;870;;1.24;5.58;6.51;02:15;21.41;;14.89;40.03;7,940.39;6;;;1;3;4;;11 minutes;1;1;02:26;02:46;100%;
Swegg-Lawdd;0;29;6;3;20;;6.35;4.38;179;86;18;30,416;10,248;762;72,307;50;2;;3;762;0.18;7%;2.52;33%;;;;4,033;11;5,511;;44%;11;10,396;29;15;10;01:01;5;112;75;591;0.65;0.99;15.56;3.94;01:25;10.95;;18.84;39.23;15,848.67;71;;4;3;5;12;;1 hour;5;2;06:30;13:37;42%;3;0;2;
SwiperThe1;4252;95;9;7;59;2;4.57;2.84;638;377;125;89,278;33,831;2,355;234,043;181;2;;15;2,355;0.15;6%;2.78;37%;;;4;24,658;19;4,777;;50%;19;16,232;51;28;21;01:55;9;159;80;1,975;0.72;1.66;11.03;6.02;00:47;8.72;;18.16;30.74;11,278.69;229;4;13;20;13;45;7;4 hours;21;17;16:24;39:39;79%;4;0;4;
T4nh3ngz;3751;44;6;5;21;;3.45;1.64;419;191;58;59,604;20,500;1,299;115,809;86;;;2;1,299;0.16;6%;5.17;34%;;;3;11,191;20;5,713;;58%;20;11,017;48;21;11;00:49;8;184;92;1,319;0.15;1.45;6.35;4.54;00:24;6.74;;14.97;32.85;9,080.87;81;;11;11;10;32;6;2 hours;13;13;05:14;10:31;99%;3;0;0;
tails1tale;3470;10;8;4;6;;7.79;4.67;57;23;10;13,150;3,879;235;22,696;33;;;;235;0.16;6%;5.18;29%;;;;2,187;13;5,471;;32%;13;15,080;41;15;23;02:42;6;188;46;1,571;;1.51;8.57;7.79;02:46;25.73;;17.93;44.44;17,697.74;11;;1;3;1;5;;24 minutes;1;;03:33;01:48;;4;1;1;
Taimbot;3653;4;3;;4;2;1.4;1.4;60;26;12;8,628;3,069;243;21,110;21;;;2;243;0.14;7%;2.72;35%;;;;2,416;10;2,261;;44%;10;8,303;30;14;9;00:33;6;128;32;1,004;0.7;1.47;7.71;4.2;00:45;7.36;;9.11;21.04;7,403.92;22;3;0;6;1;7;;27 minutes;3;2;02:09;01:48;67%;3;;1;
tarnys;0;998;14;9;564;3;3.76;2.12;9,273;4,853;1,285;1,189,714;461,945;30,493;2,968,488;2,977;122;;128;30,493;0.17;6%;5.19;38%;;3;41;182,270;31;8,344;;100%;31;26,383;64;35;35;03:20;13;303;108;1,892;0.48;1.04;6.72;4.84;01:01;11.22;;18.3;34.97;11,194.69;1,784;14;221;269;333;824;150;48 hours;265;239;04:30:02;09:50:50;90%;5;3;23;
teehtf;4293;10;5;2;10;;3.06;3.06;89;39;8;19,072;6,829;409;41,259;27;;;2;409;0.15;5%;2.54;35%;;;;2,422;10;4,138;;54%;10;10,346;23;11;7;00:46;5;92;47;870;0.61;0.89;10.73;2.45;00:56;8.27;;11.95;27.28;12,650.66;35;;4;6;2;11;;44 minutes;3;2;03:03;02:25;64%;;0;1;
ThatOneSnooron;3600;64;9;5;29;;4.7;2.13;450;201;39;57,938;20,456;1,080;125,235;143;3;;2;1,080;0.13;5%;5.42;35%;;;2;9,179;17;5,054;;51%;17;12,443;45;20;17;02:24;6;109;52;889;0.14;1.14;6.1;2.86;01:02;10.51;;14.78;33.1;9,212.25;83;;15;17;12;44;6;2 hours;14;13;14:11;22:39;98%;3;;0;
TheCryokinetic;3743;5;;2;7;;0.85;1.19;142;45;8;27,440;6,777;337;40,924;51;;;;337;0.08;4%;2.89;24%;;;12;6,016;8;3,056;;29%;8;7,310;21;9;11;01:43;2;52;21;1,252;;1.46;8.39;1.37;01:11;8.74;;7.71;24.33;7,014;49;;5;5;4;13;;1 hour;6;5;06:58;00:41;77%;3;0;1;
TheCycl3Path;3000;34;7;5;19;3;6.99;3.9;216;150;58;28,550;12,278;782;80,010;69;4;;10;782;0.15;6%;2.84;43%;;;2;6,982;22;5,063;;52%;22;15,903;39;28;17;01:43;9;148;58;1,016;2.05;1.41;15.63;11.93;01:50;14.19;;30.86;44.44;16,462.11;76;;2;5;6;13;3;1 hour;5;2;08:55;19:37;43%;5;1;1;
thegayestbean;;50;6;4;27;5;3.2;1.72;321;137;39;62,652;14,110;669;90,133;177;;1;9;669;0.05;4%;1.47;22%;;;17;17,966;11;2,430;;28%;11;10,715;44;19;27;03:26;7;98;28;2,142;0.57;1.54;13.95;2.49;01:28;11.33;;8.77;20.55;5,771.37;218;3;14;11;15;40;;3 hours;16;8;22:59;06:18;51%;3;;8;
theNichibro;;26;8;7;17;2;4.28;2.8;232;104;14;46,666;16,190;1,470;86,046;114;;;5;1,470;0.23;9%;6.62;34%;;;;3,066;18;5,956;;41%;18;22,104;50;22;29;02:20;4;401;141;804;0.82;0.48;5.77;2.3;01:08;18.8;;17.15;38.26;14,191.4;35;3;4;6;8;18;2;1 hour;6;5;06:56;05:11;82%;;0;1;
TheRagerGamer;3991;290;10;8;188;;4.69;3.04;2,163;1,132;301;314,748;110,811;7,393;748,526;818;25;;7;7,393;0.14;6%;4.16;35%;;4;18;48,947;25;7,634;;58%;25;20,089;59;35;27;02:10;10;298;83;1,619;0.11;0.95;8.39;4.86;01:07;13.23;;18.3;34.98;12,106.44;519;18;41;54;72;167;24;14 hours;62;34;01:09:44;01:24:10;55%;5;2;26;
TheWeissmann40;;87;9;5;65;2;4.15;3.1;581;317;105;98,866;35,413;1,858;210,909;265;4;;7;1,858;0.12;5%;3.79;35%;;;10;17,908;21;5,090;;45%;21;20,678;60;29;32;02:45;9;197;64;1,740;0.33;1.21;7.3;5.01;01:16;12.65;;15.13;27.73;10,069.29;153;5;12;21;33;66;10;4 hours;21;14;26:50;23:51;64%;3;1;6;
tinysparkles;3258;408;16;8;287;2;5.08;3.57;2,645;1,339;334;456,386;165,343;9,361;1,081,766;1,028;19;;23;9,361;0.13;5%;2.75;36%;;;19;80,527;28;6,158;;75%;28;22,956;61;33;31;02:06;9;226;56;1,657;0.28;1.19;11.94;4.16;01:22;12.8;;16.67;32.94;13,473.67;959;26;79;68;71;218;24;18 hours;80;42;01:49:58;01:52:14;52%;5;3;35;
towearacrown;0;37;10;6;27;;6.71;4.9;273;156;33;53,646;21,131;1,287;122,156;77;4;;2;1,287;0.23;6%;5.46;39%;;;;6,459;28;13,854;;42%;28;25,584;48;24;18;01:22;5;233;109;993;0.36;1.18;9.07;5.99;01:14;13.98;;28.32;49.57;22,180.62;50;;3;2;12;17;5;1 hour;6;4;06:48;19:13;69%;5;;2;
unwoven;;4;2;2;3;4;2.28;1.71;64;36;12;10,770;4,277;274;27,397;37;;;4;274;0.14;6%;2.46;39%;;;2;2,975;11;3,600;;41%;11;10,946;26;15;15;01:50;6;142;46;1,063;2.28;1.6;14.85;6.85;02:39;21.13;;20.56;36.55;15,650.22;26;;2;2;1;5;;30 minutes;2;1;04:39;04:23;28%;;0;1;
Uryu_CsP;4529;2,786;18;14;2,057;3;5.69;4.2;18,389;11,048;3,600;2,957,824;1,208,653;84,448;8,084,348;6,064;191;;88;84,448;0.21;6%;3;40%;;11;117;582,838;26;9,551;;68%;26;35,474;80;52;39;04:44;20;510;133;3,148;0.17;1.47;12.5;7.36;01:05;12.4;;22.59;37.6;16,533.38;6,113;51;199;367;969;1,536;321;109 hours;489;298;08:54:13;25:03:13;60%;5;32;159;
Vince-F95Gunners;3049;565;12;9;380;;4.92;3.31;3,873;1,915;505;671,236;256,811;14,252;1,583,756;1,701;29;;;14,252;0.15;5%;2.84;38%;;6;37;126,790;20;8,061;;92%;20;25,147;75;51;43;04:48;13;223;101;2,355;;1.34;11.83;4.39;01:37;14.81;;16.68;33.73;13,796.24;1,359;15;88;114;153;356;41;26 hours;115;53;03:06:20;04:00:02;45%;4;9;53;
VoSnYb;3961;3;3;;;;4.42;1.47;26;14;;3,686;1,577;101;9,585;5;;;;101;0.18;6%;2.36;42%;;;;604;11;3,160;;;11;3,731;12;7;4;00:16;;46;29;200;1.47;1.1;16.23;1.47;01:25;7.38;;20.66;38.38;14,150.84;11;;1;0;1;3;;9 minutes;1;0;00:57;03:08;46%;;;0;
vReveelz;3589;174;13;9;104;;5.47;3.27;1,063;509;151;129,006;46,923;4,112;315,263;349;17;;7;4,112;0.22;8%;5.62;36%;;;17;27,475;21;7,259;;46%;21;19,259;62;23;29;02:21;11;273;112;1,767;0.22;1.48;5.94;4.74;00:51;10.97;;16;33.43;9,916.19;189;;22;26;35;84;23;5 hours;32;31;27:19;01:08:25;96%;4;0;1;
Wan-0-War;;;;;;;2.43;2.43;6;;;1,926;692;43;3,909;;;;;43;0.21;6%;3;35%;;;;167;3;2,674;;37%;3;2,674;3;;;00:11;;33;33;163;;0.85;4.87;;00:39;;;;14.61;9,519.32;2;;1;1;;2;;3 minutes;0;;00:16;;21%;3;;0;
wannchan_1208;3680;23;5;3;11;;4.78;2.28;137;60;9;28,138;10,590;404;61,951;56;3;;2;404;0.09;3%;2.53;37%;;;;5,748;12;4,007;;42%;12;7,580;20;9;9;01:27;2;73;23;690;0.41;1.36;11.23;1.87;01:15;11.64;;12.47;28.49;12,884.77;54;;5;4;2;11;;1 hour;5;3;06:03;03:30;69%;4;0;1;
WhiteRangerOwnz;1919;95;10;5;53;;3.85;2.15;681;275;59;168,810;45,569;2,553;262,891;344;6;;5;2,553;0.12;5%;2.23;26%;;;11;25,209;17;6,614;;50%;17;17,900;54;27;25;02:58;5;124;59;1,260;0.2;1.27;12.37;2.39;01:26;13.95;;11.15;27.63;10,666.68;305;12;21;18;28;66;7;5 hours;25;13;35:34;15:59;51%;4;1;11;
Winaax;;;;;2;2;;1.52;32;19;5;3,094;970;88;7,181;15;;;;88;0.12;9%;4;31%;;;2;515;7;1,828;;35%;7;6,469;29;16;14;00:55;3;82;44;515;;;6.09;3.8;00:55;11.41;;14.46;24.36;5,466.48;8;;;1;0;2;;11 minutes;1;1;01:12;01:30;100%;;;1;
WolfsRawr;;5;3;2;4;;1.75;1.4;41;22;11;10,732;3,436;185;18,777;23;;;;185;0.1;5%;1.57;32%;;;9;1,976;6;2,147;;47%;6;6,485;25;9;16;01:03;3;60;18;553;0.35;1.08;9.14;3.86;01:14;8.08;;7.73;14.41;6,602.61;26;;2;1;6;9;;30 minutes;3;1;03:32;00:29;44%;3;0;1;
Wonga1963;3412;8;4;2;4;;4.27;2.13;77;40;16;8,096;3,053;216;19,480;23;2;;;216;0.15;7%;4.52;37%;;;;2,308;9;2,721;;39%;9;10,298;43;22;14;01:27;7;137;34;1,167;;1.7;9.09;8.55;01:28;12.29;;21.38;41.17;10,416.56;17;;1;2;4;7;;22 minutes;2;2;02:45;08:25;99%;3;;0;
x_CyberHunter_x;3000;2;2;;;;4.05;2.02;17;9;4;2,268;798;47;4,271;5;;;;47;0.18;5%;5.66;35%;;;;508;8;1,966;;8%;8;4,206;17;9;5;00:12;4;47;30;388;;1.98;6.07;8.1;00:30;10.13;;18.23;34.44;8,653.42;3;;0;0;;1;;4 minutes;0;0;00:14;02:51;100%;
xbLeU;0;307;14;9;192;2;6.63;4.15;2,009;1,053;223;304,438;118,566;9,341;808,915;730;35;;21;9,341;0.23;7%;4.03;38%;;;7;45,078;19;9,083;;45%;19;26,517;72;39;32;02:34;10;401;103;1,734;0.45;1.12;10.77;4.82;01:23;15.78;;22.77;43.44;17,494.54;498;15;19;32;98;149;31;11 hours;46;31;01:04:03;02:42:58;66%;4;1;15;
XDaRkFlMeMaSteX;3020;2,015;16;10;1,321;3;5.55;3.64;14,659;6,740;1,421;2,447,370;858,044;48,139;5,291,481;6,251;189;1;151;48,139;0.15;5%;4.83;35%;;6;54;387,365;40;10,555;;63%;40;33,406;92;43;57;04:22;14;415;155;2,749;0.41;1.25;8.36;3.91;01:35;17.23;;18.58;40.42;14,592.16;3,033;28;208;317;633;1,158;212;85 hours;363;206;09:36:07;12:14:40;56%;5;4;152;
Xecrets;3947;24;5;4;18;;4.06;3.04;217;112;12;34,144;14,760;1,001;91,973;75;;;;1,001;0.19;6%;3.67;43%;;;;5,541;15;5,497;;46%;15;14,402;30;18;14;01:03;3;199;85;1,222;;1.07;9.99;2.03;01:01;12.7;;18.97;36.75;15,578.39;59;;6;7;7;20;3;1 hour;6;4;06:02;10:28;62%;;0;2;
XenomorphKiller6;0;1,385;18;10;900;2;6.22;4.04;8,402;4,802;1,140;1,235,884;495,936;42,740;3,504,996;3,045;108;;82;42,740;0.24;8%;4.79;40%;;3;33;205,660;27;9,084;;56%;27;25,831;68;39;40;02:59;15;425;153;1,967;0.36;1.16;7.87;5.12;01:19;13.69;;21.59;37.77;15,759.21;1,751;22;117;160;415;692;137;49 hours;222;141;04:56:11;10:48:33;63%;5;7;75;
xEvery_;0;27;8;7;23;;3.17;2.7;270;142;41;42,278;16,221;1,118;99,122;91;;;;1,118;0.19;6%;3.55;38%;;;;8,990;16;4,281;;57%;16;19,912;64;34;26;01:35;9;241;59;1,290;0.11;1.53;8.93;4.81;01:11;10.69;;16.69;31.74;11,652.79;76;;7;9;14;30;4;1 hour;9;5;10:08;16:10;57%;;0;3;
xI_Ace_Ix;4158;30;6;5;17;;3.21;1.82;307;116;16;38,172;14,268;889;87,219;102;4;;2;889;0.14;6%;5.68;37%;;;;6,394;21;4,529;;52%;21;13,947;48;17;18;01:36;3;167;75;1,178;0.21;1.01;5.79;1.71;00:59;10.94;;12.44;32.93;9,357.69;54;;9;6;12;27;4;1 hour;9;9;09:12;10:46;100%;3;
xScarfake;3126;;;;;;1.52;1.52;12;6;2;3,112;878;41;5,414;2;;;;41;0.09;4%;1.2;28%;;;;378;3;966;;29%;3;2,466;7;4;;00:40;;20;11;232;;0.85;15.27;3.05;01:17;3.05;;9.16;18.32;8,266.85;10;;;1;1;2;;7 minutes;1;0;00:50;;10%;;;1;
xShotwell;3676;760;18;8;455;2;5.89;3.52;4,897;2,568;534;681,960;274,336;16,408;1,863,014;1,996;51;;41;16,408;0.16;5%;3.99;40%;;3;36;137,367;24;7,593;;56%;24;26,634;73;45;35;03:08;13;288;93;2,015;0.31;1.34;9.5;4.14;01:28;15.48;;19.91;37.97;14,448.68;1,225;10;59;116;253;428;69;28 hours;129;75;03:10:33;06:05:26;58%;5;8;46;
XTheFunPolice;3517;28;10;6;21;2;4.71;3.53;231;128;31;33,846;13,534;680;94,127;100;;;6;680;0.15;5%;4.91;39%;;2;17;5,677;24;8,610;;45%;24;18,946;61;38;27;02:03;8;119;50;1,170;1.01;1.33;7.91;5.22;01:39;16.84;;21.56;38.92;15,860.12;47;;3;5;13;20;4;1 hour;6;4;09:47;22:29;74%;3;;1;
xtrickharder_esp;3952;255;17;8;176;3;5.18;3.57;1,716;859;232;289,916;107,725;8,389;692,747;655;19;;27;8,389;0.21;7%;2.72;37%;;5;13;56,515;20;6,678;;53%;20;20,284;58;33;29;01:48;9;210;93;1,865;0.54;1.42;12.79;4.71;01:18;13.3;;17.45;34.86;14,073.85;630;5;35;46;69;150;14;11 hours;49;34;01:04:28;01:55:13;68%;4;1;14;
XTXSHADOW;4661;1,231;16;12;808;5;5.4;3.54;8,248;4,870;1,252;1,014,518;430,760;30,773;3,001,567;2,968;88;1;302;30,773;0.18;7%;4.11;42%;;3;37;244,954;25;8,103;;61%;25;32,215;81;53;47;04:47;16;365;139;2,638;1.32;1.47;8.8;5.49;01:28;13.03;;21.38;36.21;13,177.46;2,006;22;152;231;360;743;134;46 hours;228;190;05:35:00;11:01:41;83%;4;7;31;
XxDPROxSKILLZxX;0;1,218;15;14;846;5;5.79;4.02;7,665;4,185;913;1,148,914;455,959;31,425;3,170,937;2,873;101;;163;31,425;0.18;6%;3.42;39%;;6;47;249,050;22;8,080;;53%;22;31,429;79;44;37;03:52;11;389;112;2,927;0.77;1.45;10.63;4.34;01:17;13.67;;19.91;36.48;15,092.41;2,235;20;109;169;384;662;114;47 hours;210;130;04:30:22;09:24:02;61%;5;7;73;
YoungShimada;3380;;;;;;;1.85;10;2;;2,442;865;72;5,121;4;;;;72;0.16;8%;;35%;;;;217;3;1,550;;;3;3,909;9;;4;00:26;;48;16;76;;0.48;18.53;;01:09;7.41;;3.7;18.53;9,491.67;10;;0;0;0;1;;7 minutes;1;0;00:37;;7%;;;0;
yui_ui_1989;;3;;;;;6.62;2.2;14;7;;2,332;540;49;4,436;7;;;;49;0.13;9%;3.5;23%;;;;368;10;1,242;;34%;10;1,638;10;3;6;00:42;;28;22;199;2.2;1.04;8.83;;02:26;15.45;;15.45;30.91;9,794.08;4;;0;1;0;1;;5 minutes;0;0;01:06;00:01;65%;;;0;
Zcity9;3073;10;5;2;3;;4.03;1.2;56;20;7;12,362;3,828;219;22,222;16;2;;;219;0.11;5%;1.93;30%;;;4;3,154;10;2,578;;39%;10;8,203;26;12;6;00:41;3;118;35;1,314;;1.61;11.69;2.82;00:44;6.45;;8.06;22.57;8,959.57;29;;3;2;1;5;;32 minutes;2;1;01:49;01:51;21%;4;1;1;
Zealousx;3334;50;8;3;26;;3.35;1.74;403;203;62;75,364;27,067;1,198;166,498;161;3;;2;1,198;0.1;4%;2.56;35%;;;;15,043;14;3,987;;75%;14;18,064;40;26;20;03:13;7;121;31;1,569;0.13;1.31;10.52;4.15;01:17;10.79;;13.61;27.02;11,166.75;157;;9;18;15;42;3;3 hours;15;6;19:18;18:42;42%;3;1;8;
ZeeTee_;4127;186;10;12;127;;5.61;3.83;1,386;735;166;218,782;84,324;5,666;550,920;482;16;;5;5,666;0.19;6%;2.85;38%;;;6;42,895;19;5,258;;70%;19;31,195;80;44;45;04:16;9;331;66;1,978;0.15;1.44;14.62;5;01:18;14.53;;22.17;41.8;16,617.81;485;6;19;21;58;99;21;8 hours;33;21;43:22;01:20:40;61%;4;0;12;
zmkrzmnbhr;;;;;;;1.46;;5;3;2;1,436;484;15;3,040;4;;;;15;0.05;3%;0.83;33%;;;;82;2;1,140;;;2;3,040;5;3;4;00:42;2;15;6;82;;0.27;8.76;2.92;01:01;5.84;;4.38;7.3;4,441.9;6;;1;1;1;2;;4 minutes;1;;00:42;;;;;1;
Zsobral;;60;14;7;26;;6.23;2.7;356;194;78;53,882;20,764;1,520;126,394;145;3;;3;1,520;0.22;7%;3.67;38%;;;3;9,835;19;4,582;;43%;19;21,123;59;28;32;02:31;12;274;60;1,772;0.31;1.47;10.08;8.11;01:36;15.07;;20.17;37.01;13,141.77;97;;2;7;29;38;9;1 hour;10;8;15:30;33:08;83%;3;;2;
zwordz;4074;405;11;7;251;4;4.9;3.04;3,005;1,480;313;476,438;171,718;10,252;1,103,614;1,278;34;;38;10,252;0.15;5%;3.59;36%;;3;19;77,065;22;10,239;;50%;22;22,831;64;33;34;03:47;11;251;91;1,741;0.46;1.19;10.12;3.79;01:32;15.49;;17.94;36.42;13,379.05;835;13;57;74;129;260;29;17 hours;82;53;02:07:44;02:36:51;64%;5;2;27;
