Username;SR;Players Knocked Back;Damage Blocked;Damage Blocked - Most in Game;Players Knocked Back - Most in Game;Melee Kills;Melee Kills - Most in Game;Jump Pack Kills;Jump Pack Kills - Most in Game;Melee Final Blows - Most in Game;Players Knocked Back - Average;Melee Kills - Average;Jump Pack Kills - Average;Damage Blocked - Average;Eliminations;Final Blows;Solo Kills;Damage Done;Objective Kills;Multikills;Environmental Kills;Melee Final Blows;Eliminations per Life;Healing Done;Teleporter Pad Destroyed;Turrets Destroyed;Eliminations - Most in Life;Damage Done - Most in Life;Healing Done - Most in Life;Kill Streak - Best;Damage Done - Most in Game;Healing Done - Most in Game;Eliminations - Most in Game;Final Blows - Most in Game;Objective Kills - Most in Game;Objective Time - Most in Game;Solo Kills - Most in Game;Melee Final Blows - Average;Deaths - Average;Solo Kills - Average;Objective Time - Average;Objective Kills - Average;Healing Done - Average;Final Blows - Average;Eliminations - Average;Damage Done - Average;Deaths;Environmental Deaths;Medals - Bronze;Medals - Silver;Medals - Gold;Medals;Cards;Time Played;Games Played;Games Won;Objective Time;Time Spent on Fire;Win Percentage;Multikill - Best;Primal Rage Kills;Primal Rage Kills - Most in Game;Games Tied;Games Lost;Primal Rage Kills  - Average;
aahmad3_3;2887;237;72,055;9,307;33;17;5;19;6;;34.08;2.44;2.73;10,362;154;51;10;49,416;69;;3;;1.42;;;3;7;1,543;;7;6,359;;28;14;11;01:41;4;;15.53;1.43;01:10;9.92;;7.33;22.14;7,106.26;108;7;5;1;4;10;;1 hour;7;3;08:13;03:31;43%;;16;4;0;4;2;
abra84kadabra;2388;529;136,365;10,565;78;32;4;51;7;;31.72;1.91;3.05;8,177;243;73;15;80,345;130;3;;;1.35;;;129;10;3,832;76;10;9,785;;28;10;20;03:31;;0.05;10.73;0.89;01:50;7.79;;4.37;14.57;4,817.88;179;5;8;17;12;37;2;3 hours;17;6;30:34;03:57;34%;3;23;3;1;10;1;
Actualsim;2264;24;7,056;3,183;12;;;;;;34.46;1.43;1.43;10,132;22;7;;5,300;9;;;;2;;;4;7;1,638;;7;2,141;;9;4;3;00:49;;;15.79;;02:01;12.92;;10.05;31.59;7,610.85;11;3;1;1;0;2;;11 minutes;1;;01:24;;;;;;0;0;1;
AkimboMistiK;4291;131;26,618;3,384;23;12;5;24;3;;29.34;2.68;5.37;5,962;100;34;7;24,252;26;;2;;3.33;;;;13;2,599;;13;4,664;;18;8;5;00:52;4;;6.71;1.56;01:11;5.82;;7.61;22.39;5,432.11;30;;8;2;2;12;;39 minutes;4;4;05:20;01:34;100%;;11;5;;;2;
akira082219;0;183;61,907;6,040;30;12;7;14;3;;26.62;1.74;2.03;9,006;125;34;3;46,378;65;;;2;1.2;;;3;9;3,333;;9;6,255;;18;5;11;02:03;;0.29;15.12;0.43;01:39;9.45;;4.94;18.18;6,746.84;104;2;7;7;4;18;;1 hour;7;3;11:23;01:18;45%;3;7;5;0;4;1;
Akodak;3000;112;23,381;10,614;58;7;4;12;5;;60.44;3.77;6.47;12,619;56;21;3;15,611;31;;;;2;;;;8;2,151;;8;7,370;;29;11;18;02:34;2;;15.11;1.61;02:35;16.73;;11.33;30.22;8,425.57;28;;2;1;1;4;;29 minutes;2;0;04:48;00:14;8%;;5;3;0;2;3;
AllStatsDown;0;77;13,440;3,199;19;4;;5;2;;26.62;1.38;1.72;4,647;21;11;4;12,416;9;;3;;1.05;;1;12;5;2,347;;5;2,714;;5;4;4;00:29;;;6.91;1.38;00:24;3.11;;3.8;7.26;4,292.65;20;2;0;1;1;2;;18 minutes;3;1;01:09;00:40;18%;;3;;;2;1;
Angel_L_AssAssin;3749;163;32,378;13,999;67;23;8;18;8;2;67.37;9.5;7.44;13,384;127;45;;29,737;70;;;3;5.29;;;;30;4,915;;30;14,224;;66;17;43;04:30;;1.24;9.92;0.41;03:22;28.93;;18.6;52.49;12,291.99;24;2;4;2;;6;;36 minutes;2;2;08:09;02:50;100%;3;12;7;;;5;
APurplePanduh;4021;981;145,241;17,449;123;103;12;97;14;3;83.55;8.77;8.26;12,370;409;149;13;140,239;157;5;3;12;3.07;;1;10;22;6,303;;22;19,529;;58;18;37;03:07;3;1.02;11.32;1.1;01:43;13.37;;12.69;34.83;11,944.33;133;5;10;9;16;35;5;2 hours;12;7;20:19;14:28;61%;4;59;13;;5;5;
Arash1994;0;182;33,559;8,640;50;15;3;35;10;;40.94;3.37;7.87;7,550;173;65;10;39,701;67;2;;;9.1;;;;14;3,174;;14;8,605;;41;17;17;01:47;3;;4.27;2.24;01:29;15.07;;14.62;38.91;8,931.23;19;;3;6;5;14;;47 minutes;4;4;06:37;07:10;92%;3;12;3;;0;3;
ATLXyphes;3256;3;654;654;3;;;2;2;;65.2;;43.46;14,218;2;;;775;;;;;;;;;;561;;1;775;;2;;;00:09;;;43.46;;03:27;21.73;;;43.46;16,838.54;2;;0;;;0;;48.71127398684621 seconds;0;0;00:09;;8%;;;;;0;
AutoBots_Kick_A;2901;50;13,952;3,406;16;4;2;4;3;;41.63;3.33;3.33;11,617;26;13;2;9,416;11;;;;1.85;;;2;8;1,430;;8;2,613;;10;5;6;00:31;;;11.65;1.66;01:25;9.15;;10.82;21.64;7,840.04;14;;1;1;0;2;;16 minutes;1;1;01:42;00:56;68%;;3;3;;0;2;
Awakenxx;2451;13;2,325;1,725;13;;;;;;28.32;2.17;;5,065;2;;;3,003;;;;;0.33;;;7;2;860;;2;2,449;;2;;;00:19;;;13.07;;00:42;;;;4.35;6,541.24;6;;;0;1;2;;3 minutes;0;0;00:19;;20%;;;;0;0;2;
B4STI1197;2655;29;5,734;5,734;29;;;;;;33.86;1.16;1.16;6,695;22;8;3;5,523;11;;;;1.57;;;;7;929;;7;5,523;;22;8;11;01:36;3;;16.34;3.5;01:52;12.84;;9.34;25.68;6,449.47;14;;;;1;1;;12 minutes;1;1;01:36;;100%;;2;2;;;2;
Beautiful-KEN-;3195;873;227,350;22,291;85;53;9;77;11;;56.59;3.43;4.99;14,740;431;120;9;158,769;173;7;8;;2.46;;;5;26;4,212;;26;15,481;;47;11;20;02:56;2;;11.34;0.58;01:54;11.21;;7.77;27.94;10,293.32;175;4;9;15;15;39;2;3 hours;15;7;29:32;13:29;48%;4;59;9;0;8;4;
BEBOFLOW-PR;0;593;160,867;10,564;46;56;4;53;6;;43.73;4.13;3.9;11,865;284;102;19;100,531;116;;5;5;1.49;;;4;9;2,744;;9;7,335;;29;13;12;01:29;3;0.36;14.01;1.4;01:30;8.55;;7.52;20.94;7,414.68;190;2;11;11;4;27;;3 hours;14;5;20:20;06:18;39%;;30;4;0;8;2;
BEN-B-en;0;644;186,040;9,167;36;38;4;67;6;;38.43;2.26;3.99;11,102;374;126;25;138,705;142;5;5;;1.74;;;4;16;4,983;;16;6,915;;21;9;11;01:16;4;0.05;12.77;1.49;01:17;8.47;;7.51;22.31;8,277.18;214;8;17;12;6;35;;3 hours;17;6;21:44;07:54;37%;4;37;6;1;10;2;
Benjini14;2226;;321;321;;;;;;;;;;4,515;;;;149;;;;;;;;;;149;;;149;;;;;00:00;;;14.06;;00:04;;;;;2,091.3;;;;0;0;0;;42.27781901881099 seconds;0;;00:00;;;;;;;0;
bhmazz;0;409;84,856;6,938;43;36;4;47;6;2;46.96;4.13;5.39;9,744;240;94;23;72,762;118;2;5;4;1.86;;1;11;11;2,113;;11;6,300;;20;9;15;02:06;4;0.45;14.81;2.64;02:09;13.54;;10.79;27.55;8,354.93;129;6;7;8;4;19;;2 hours;9;4;18:48;03:23;46%;3;23;4;0;4;3;
Black_Gast;;3;1,035;1,035;3;;;;;;47.96;;;16,553;;;;574;;;;;;;;;;574;;;574;;;;;00:04;;;15.98;;01:12;;;;;9,179.52;;;0;0;;0;;1 minute;0;0;00:04;;100%;
BloodHoundHD;4028;465;134,746;12,212;48;24;3;49;5;;42.06;2.17;4.43;12,190;256;91;18;92,556;80;;2;;1.7;;;14;12;2,358;;12;8,463;;25;7;9;01:18;3;;13.57;1.62;01:16;7.23;;8.23;23.16;8,373.5;150;4;12;6;6;23;;2 hours;11;5;14:03;04:12;45%;3;19;3;0;6;2;
Blota_Skoles;3358;1,361;207,744;18,322;147;92;11;117;12;;70.4;4.75;6.05;10,746;573;208;30;207,708;191;9;11;5;2.13;;;6;18;5,671;;18;21,185;;61;24;27;03:44;3;0.25;13.91;1.55;01:43;9.87;;10.75;29.63;10,744.24;269;14;26;11;8;45;;4 hours;19;9;33:26;14:06;44%;3;72;10;1;9;4;
blueschopper0628;1959;7;5,646;3,090;5;;;;;;17.19;2.45;;13,868;4;;;1,384;2;;;;0.44;;;;;366;;1;857;;3;;;00:23;;;22.1;;01:13;4.91;;;9.82;3,400.43;9;;1;;0;1;;5 minutes;0;;00:30;;;;;;;0;
BobbysWorldGamer;2493;750;155,859;12,815;90;57;9;59;7;;45.79;3.48;3.6;9,517;425;136;18;127,925;228;4;15;;1.96;;;22;19;4,031;;19;12,681;;40;12;22;03:41;3;;13.18;1.09;02:05;13.92;;8.3;25.95;7,811.62;216;4;18;12;4;34;2;3 hours;16;8;34:07;08:23;48%;3;51;7;2;7;3;
BONBISH;3415;375;81,251;6,755;60;34;5;39;6;;50.41;4.57;5.24;10,924;190;70;13;74,252;86;3;;;1.68;;1;14;11;2,954;;11;8,071;;23;11;14;01:56;2;0.13;15.19;1.74;01:56;11.56;;9.41;25.54;9,982.85;113;2;8;6;7;21;;1 hour;7;3;14:23;06:01;35%;3;24;4;1;4;3;
boneh;4051;120;18,176;8,238;49;14;5;25;9;;44.86;5.23;9.34;6,796;94;40;9;18,873;20;;3;;5.22;;1;;14;2,112;;14;8,278;;35;21;10;01:19;5;0.37;6.73;3.36;00:48;7.47;;14.95;35.14;7,056.45;18;4;2;4;3;9;2;25 minutes;3;3;02:09;00:49;100%;;15;6;;;6;
Buahahahaha;2770;3,383;850,640;21,034;87;261;12;317;11;2;42.8;3.3;4.01;10,763;1,793;664;126;593,793;920;15;46;3;1.58;;;81;16;3,775;;16;15,739;;68;27;44;04:28;6;0.03;14.32;1.59;02:12;11.64;;8.4;22.68;7,513;1,132;21;65;57;58;180;19;16 hours;79;36;02:54:48;48:32;45%;4;236;10;2;40;3;
BubbbleBasss;3060;2;2,400;1,800;;;;;;;13.5;;;16,211;5;3;;1,116;4;;;;1.66;;;;3;681;;3;708;;3;2;2;00:21;;;20.26;;02:52;27.01;;20.26;33.77;7,541.06;3;;;0;1;1;;2 minutes;0;0;00:25;;100%;
BunnyFuufu;3926;13;4,161;1,697;11;;;2;2;;38.5;;5.92;12,325;6;3;;2,736;4;;;;1.2;;;;4;894;;4;1,166;;4;2;4;00:20;;;14.8;;02:07;11.84;;8.88;17.77;8,103.31;5;;1;0;0;1;;4 minutes;0;0;00:43;00:23;73%;;;;;0;
burntlasagna;3052;164;31,443;13,242;63;14;7;17;9;;56.92;4.85;5.9;10,914;98;34;4;31,509;49;4;;;2.64;;;;16;4,013;;16;12,690;;47;17;27;02:31;2;;12.84;1.38;01:51;17;;11.8;34.01;10,936.85;37;;2;5;1;7;;47 minutes;3;1;05:21;04:37;47%;4;12;9;;2;4;
Cassia7;3556;196;51,721;6,831;33;8;2;21;6;;50.28;2.05;5.38;13,270;67;12;2;31,938;33;;;;1.03;;;;6;1,949;;6;4,861;;16;4;7;00:26;;;16.67;0.51;01:16;8.46;;3.07;17.18;8,194.08;65;;4;3;2;9;;53 minutes;4;1;04:59;00:24;24%;3;8;3;0;3;2;
chefskywalker420;3558;216;47,547;10,549;54;17;4;18;5;2;49.93;3.93;4.16;10,992;113;42;11;37,052;53;2;;3;2.3;;;3;7;1,715;;7;7,051;;28;12;14;01:22;4;0.69;11.32;2.54;01:45;12.25;;9.7;26.12;8,565.56;49;;7;3;0;10;;1 hour;4;3;07:34;02:45;69%;4;10;3;1;1;2;
Chewdle;3693;168;29,169;6,815;40;19;4;19;5;;65.21;7.37;7.37;11,322;100;39;5;27,633;35;;;;5.26;;;2;16;4,663;;16;7,496;;31;10;10;02:05;2;0.38;7.37;1.94;02:56;13.58;;15.13;38.81;10,726.11;19;;2;3;3;8;2;37 minutes;3;2;07:35;04:10;84%;;14;5;;0;5;
Chinmokunouta;3000;41;10,607;4,535;20;5;2;12;6;;28.52;3.47;8.34;7,381;48;17;;10,242;21;;;;12;;;;11;2,846;;11;4,185;;21;9;12;00:57;;;2.78;;01:36;14.61;;11.82;33.39;7,126.43;4;;3;1;;4;;12 minutes;1;1;02:18;02:26;100%;;5;3;;;3;
Chuni-Byo;0;4,708;813,641;18,479;97;326;10;426;13;2;73.19;5.06;6.62;12,649;1,645;564;80;616,090;670;36;46;9;2.07;;;40;25;4,262;;25;12,867;;42;16;19;02:40;5;0.13;12.34;1.24;01:32;10.41;;8.76;25.57;9,577.89;794;20;78;46;31;155;5;15 hours;64;28;01:39:09;31:03;44%;5;228;11;2;34;4;
CrispeChris;3343;32;2,935;2,935;32;2;2;4;4;;146;9.12;18.25;13,394;13;3;;4,311;5;;;;6.5;;;;7;2,678;;7;4,311;;13;3;5;00:29;;;9.12;;02:13;22.81;;13.68;59.31;19,670.27;2;;;0;0;1;;3 minutes;0;0;00:29;00:59;100%;;3;3;;;14;
cyber_animaI;4399;16;5,390;4,190;13;;;6;6;;36.3;;;12,231;;;;3,968;2;;;;18;;;;;3,431;;;3,431;;;;;00:15;;;2.26;;00:48;;;;;9,004.49;;;;1;0;1;;4 minutes;0;;00:21;00:33;74%;;3;3;;0;7;
CyberBuIIying;4034;34;5,660;3,427;21;;;9;5;;51.92;1.52;13.74;8,644;27;10;;5,727;10;;;;6.75;;;;13;1,974;;13;3,613;;20;6;9;00:45;;;6.1;;01:14;15.27;;15.27;41.23;8,746.9;4;;0;1;1;2;;7 minutes;1;1;00:48;00:42;100%;3;3;3;;;5;
daxurinn;2534;;600;600;;;;;;;;;;9,596;;;;39;;;;;;;;;;36;;;39;;;;;00:04;;;15.99;;01:06;;;;;631.41;;;;0;0;0;;40.001354043371975 seconds;0;;00:04;;;;;;;0;
Defyz---;0;332;48,650;13,290;83;44;10;41;12;2;62.26;8.25;7.68;9,124;170;60;11;48,968;36;2;4;3;4.35;;;;19;5,020;;19;11,024;;40;13;13;01:02;3;0.56;7.31;2.06;00:42;6.75;;11.25;31.88;9,183.66;39;;4;5;1;10;;58 minutes;5;5;03:46;06:15;96%;3;30;9;;0;6;
Desterix_452;0;70;16,135;7,575;30;5;3;;;;57.57;4.11;0.82;13,272;20;6;3;9,696;10;;;;0.95;;;;6;1,780;;6;4,664;;11;3;6;01:29;2;;17.27;2.46;02:32;8.22;;4.93;16.45;7,974.84;21;;1;1;2;3;;18 minutes;1;0;03:06;;3%;;2;2;;1;2;
DEVIL_SHADOW_KSA;0;91;28,111;4,597;26;3;;7;2;;27.01;0.89;2.07;8,345;35;7;;18,019;14;;;;0.79;;;;5;2,087;;5;2,800;;5;3;3;01:01;;0.29;13.06;0.29;01:00;4.15;;2.07;10.39;5,349.48;44;;3;2;4;9;;38 minutes;3;0;03:24;01:18;13%;;2;;0;3;1;
D-fantasy_;2798;11;3,349;1,448;9;;;;;;44.44;;;13,530;5;;;2,102;3;;;;;;;;3;998;;3;1,255;;3;;2;00:16;;;20.2;;02:08;12.12;;;20.2;8,494.25;5;;0;0;0;1;;4 minutes;0;;00:31;00:33;;;;;0;0;
diegoperu2021;2593;21;3,507;3,507;21;;;2;2;;99.31;;9.45;16,584;7;;;2,462;5;;;;1.16;;;;4;786;;4;2,462;;7;;5;00:20;;;28.37;;01:38;23.64;;4.72;33.1;11,642.19;6;;;;0;0;;4 minutes;0;;00:20;;;4;;;;0;
DifferentD;3517;;600;600;;;;;;;;;;9,104;;;;98;;;;;;;;;;94;;;98;;;;;;;;15.17;;;;;;;1,482.78;;;;;0;0;;23.615012011490762 seconds;0;;;;;;;;;0;
Divinity-X-;4070;492;86,125;7,041;57;41;8;58;11;;53.79;4.48;6.34;9,417;209;77;10;66,841;51;5;4;;2.17;;;;17;2,602;;17;8,018;;32;10;10;01:09;4;;10.49;1.09;00:53;5.57;;8.41;22.85;7,308.61;96;;9;8;5;21;2;1 hour;9;5;08:06;07:27;52%;4;37;10;0;4;4;
Dizeks;2506;;1,200;1,200;;;;;;;;;;10,612;;;;166;;;;;;;;;;155;;;166;;;;;;;;17.68;;;;;;;1,463.95;2;;0;;0;0;;1 minute;0;0;;;100%;
DramaticMango;2345;10;3,680;3,080;10;2;2;2;2;;28.65;5.73;5.73;10,546;5;2;;1,636;2;;;;1.66;;;;5;974;;5;1,411;;5;2;2;00:48;;;8.59;2.86;02:36;5.73;;5.73;14.32;4,687.6;3;;1;1;0;1;;3 minutes;0;;00:54;;;;;;;0;3;
Drew_MK;3016;21;4,639;4,639;21;3;3;3;3;;59.4;8.48;8.48;13,122;5;3;2;2,522;;;;;0.83;;;;2;903;;2;2,522;;5;3;;00:34;2;;16.97;5.65;01:38;2.82;;8.48;14.14;7,134.1;6;;0;1;1;2;;5 minutes;0;;00:34;;;;3;3;;0;8;
DSZY;2443;60;16,420;3,507;20;;;;;;25.06;0.41;;6,860;15;4;3;10,373;5;;;;0.68;;;;5;1,635;;5;3,148;;6;2;3;00:33;2;;9.19;1.25;00:49;2.08;;1.67;6.26;4,333.62;22;3;1;3;1;5;;23 minutes;2;1;01:58;;35%;;;;0;1;0;
DutchieSoInsane;2709;163;24,593;5,735;31;15;3;10;4;;58.02;5.34;3.56;8,755;54;27;6;18,700;34;;;;1.42;;1;21;9;1,995;;9;4,466;;23;9;15;01:32;3;0.35;13.52;2.13;01:40;12.1;;9.61;19.22;6,657.21;38;;3;4;3;10;;33 minutes;3;2;04:41;00:23;56%;3;8;2;0;1;3;
eastcoastrider71;2494;273;67,975;7,045;30;19;5;15;3;;29.13;2.02;1.6;7,255;136;54;16;48,012;56;;4;;0.93;;1;59;6;1,453;;6;5,845;;23;8;15;02:30;4;;15.58;1.7;01:30;5.97;;5.76;14.51;5,124.72;146;5;8;7;4;19;;1 hour;9;3;14:03;03:06;30%;;14;3;1;6;1;
ecotaku;2368;989;205,873;13,656;74;52;9;118;10;;53.73;2.82;6.41;11,185;429;157;22;145,628;189;6;10;;1.94;;;2;15;4,636;;15;10,006;;32;13;17;02:15;3;;12;1.19;01:22;10.26;;8.52;23.3;7,912.11;221;3;13;13;4;30;;4 hours;18;9;25:23;08:21;46%;3;42;6;0;10;2;
ejakiller;2869;;142;142;;;;;;;;;;3,185;;;;533;;;;;;;;;;533;;;533;;;;;00:05;;;22.39;;01:59;;;;;11,930.02;;;;;;;;27.41788601502776 seconds;0;;00:05;;;;;;;0;
elchinolatino;3219;91;30,157;9,499;17;12;4;13;4;;32.97;4.34;4.71;10,929;71;26;4;20,180;32;;;;1.69;;;;12;2,111;;12;5,324;;20;11;10;00:59;2;0.36;15.22;1.44;01:19;11.59;;9.42;25.72;7,312.92;42;;2;2;1;6;;37 minutes;3;0;03:40;00:38;18%;4;8;3;;2;3;
eliteboy_1da;3003;573;127,713;16,649;78;31;5;47;8;2;46.43;2.51;3.8;10,349;247;98;16;97,442;107;;2;4;1.55;;1;9;8;3,196;;8;13,427;;35;20;13;02:03;5;0.32;12.88;1.29;01:28;8.67;;7.94;20.01;7,896.41;159;4;12;11;8;31;;2 hours;12;2;18:06;03:43;19%;4;20;4;0;10;2;
entoe12;0;327;71,192;10,914;41;16;7;24;4;;46.73;2.28;3.43;10,175;149;49;6;58,870;67;;3;;1.19;;;;7;2,007;;7;8,773;;33;11;13;01:21;;;17.86;0.85;01:45;9.57;;7;21.29;8,414.07;125;;9;6;3;18;;1 hour;7;2;12:19;04:24;26%;3;12;5;1;5;2;
Erenksk9;4169;1,049;207,036;10,815;60;89;7;149;9;;61.16;5.18;8.68;12,072;624;232;27;173,736;286;11;7;5;3.54;;;5;17;3,903;;17;8,943;;44;18;23;02:31;4;0.29;10.26;1.57;02:21;16.67;;13.52;36.38;10,129.99;176;2;14;19;22;55;4;3 hours;17;15;40:28;36:47;85%;5;77;5;1;2;4;
EvanMario;4510;30;5,135;3,526;19;4;2;2;;;73.86;9.84;4.92;12,643;12;8;4;4,825;3;;;;3;;;;5;1,731;;5;2,354;;7;5;3;00:30;3;;9.84;9.84;01:16;7.38;;19.69;29.54;11,879.79;4;;0;0;0;1;;7 minutes;0;0;00:31;02:44;43%;;2;2;;0;5;
Evilduck1903;2547;;600;600;;;;;;;;;;10,288;;;;158;;;;;;;;;;154;;;158;;;;;00:02;;;17.14;;00:38;;;;;2,714.98;;;0;0;0;0;;28.559121002443135 seconds;0;;00:02;;;;;;;0;
Fade_BR;2818;47;11,998;4,414;15;;;5;2;;50.88;1.08;5.41;12,990;22;6;;7,938;13;;;;1.29;;;;10;2,122;;10;2,901;;11;4;8;01:36;;;18.4;;03:12;14.07;;6.49;23.81;8,594.53;17;;1;1;1;2;;13 minutes;1;;02:57;;;;2;2;;1;2;
Fairystinky;2101;829;136,214;11,514;121;51;7;73;16;;48.2;2.96;4.24;7,920;323;129;36;107,043;131;;10;2;1.43;;;82;10;2,635;;10;13,604;;55;27;25;02:34;6;0.11;13.08;2.09;01:19;7.61;;7.5;18.78;6,224.06;225;15;12;12;8;32;;3 hours;17;8;22:47;05:29;47%;;41;6;3;6;2;
Fecalum;3074;75;11,736;5,942;41;7;4;8;6;;92.47;8.63;9.86;14,471;41;11;;12,676;15;;2;;2.41;;;;8;2,938;;8;7,874;;23;6;8;01:01;;;20.96;;02:09;18.49;;13.56;50.55;15,629.79;17;;0;;;2;;16 minutes;1;;01:44;;50%;;8;6;;0;10;
fishlover267;2449;71;14,690;8,236;52;8;7;14;13;;51.44;5.79;10.14;10,644;53;16;;10,070;31;;;;2.2;;;3;10;1,240;;10;6,165;;50;13;30;02:51;;;17.38;0.72;02:23;22.46;;11.59;38.4;7,296.71;24;2;1;2;1;3;;24 minutes;1;1;03:18;02:19;65%;3;5;4;;0;4;
Flown_Jebus;0;501;118,256;9,125;63;34;5;78;6;;30.99;2.1;4.82;7,317;377;154;22;111,013;139;2;2;4;3.42;;1;17;16;3,837;;16;8,517;;44;21;12;02:01;3;0.24;6.8;1.36;01:27;8.6;;9.52;23.32;6,868.64;110;3;18;13;7;38;;2 hours;16;11;23:34;13:52;67%;3;24;4;1;5;1;
flyinganimal;4142;5;1,800;1,200;3;;;;;;34.73;;;12,503;;;;707;;;;;0.5;;;;;566;;1;569;;;;;00:03;;;13.89;;00:32;;;;6.94;4,910.69;2;;0;0;0;1;;2 minutes;0;0;00:04;;50%;;;;;0;
forrestsmith2;0;155;31,852;7,490;33;11;3;18;4;;49.62;3.52;5.76;10,197;111;40;7;34,648;51;3;2;;2.92;;;6;9;2,240;;9;9,194;;27;12;13;01:39;2;0.32;12.16;2.24;01:45;16.32;;12.8;35.53;11,092.44;38;;2;4;0;7;;43 minutes;3;2;05:28;04:59;57%;3;5;2;;1;2;
fructoseghost;2653;175;46,207;6,115;35;13;3;18;6;;42.13;3.13;4.33;11,125;106;30;7;29,213;48;3;3;;1.53;;;3;14;2,320;;14;6,049;;27;7;18;01:22;2;;16.61;1.68;01:35;11.55;;7.22;25.52;7,033.68;69;6;4;4;1;9;;1 hour;4;3;06:35;00:16;75%;3;10;3;0;1;2;
FvsNeLL;3451;104;20,655;5,241;36;10;4;12;4;;48.12;4.62;5.55;9,558;64;19;6;18,003;12;;;;3.36;;;;9;1,989;;9;5,197;;19;7;5;00:20;2;;8.79;2.77;00:36;5.55;;8.79;29.61;8,330.55;19;;1;3;1;5;2;24 minutes;2;2;01:18;00:47;93%;;7;3;0;0;3;
G1ng3rsHOT;2892;6;2,982;1,477;3;;;;;;24.05;4;4;11,955;13;4;;2,042;9;;;;3.25;;;;5;919;;5;962;;7;4;5;00:31;;;16.03;;02:36;36.07;;16.03;52.11;8,186.45;4;;0;0;0;1;;3 minutes;0;0;00:39;;72%;;;;;0;4;
games3_112;2604;29;20,407;8,610;17;4;;12;8;;9.67;1.33;4;6,806;45;17;3;10,776;17;;;;9;;;;19;3,121;;19;3,646;;19;10;10;01:14;;0.33;1.66;1;01:04;5.66;;5.66;15;3,593.68;5;;2;2;3;6;;31 minutes;3;1;03:13;00:37;33%;3;;;;2;0;
Gandalion;0;3,658;675,336;11,370;72;251;7;326;10;;57.6;3.95;5.13;10,634;1,524;498;86;528,581;563;15;27;6;2.12;;;51;19;5,437;;19;8,929;;37;12;15;02:02;3;0.09;11.3;1.35;01:31;8.86;;7.84;23.99;8,323.47;718;11;59;46;26;130;4;13 hours;64;33;01:37:08;23:26;51%;5;197;7;2;29;3;
GatorChow;2397;6;3,069;1,523;4;;;;;;9.23;;1.53;4,723;4;;;1,485;2;;;;0.8;;;;3;381;;3;751;;3;;;00:16;;;7.69;;00:31;3.07;;1.53;6.15;2,285.1;5;;0;1;0;1;;4 minutes;1;0;00:20;;25%;;;;0;0;2;
ginko_503;0;38;13,323;4,356;15;2;2;;;;29.45;1.55;0.77;10,327;21;7;;6,563;9;;;;1.1;;;;4;716;;4;2,120;;8;4;4;00:47;;;14.72;;01:23;6.97;;5.42;16.27;5,086.98;19;;1;0;1;3;;17 minutes;1;1;01:47;;49%;;2;2;;1;2;
GodzillavsMuto;2555;;440;440;;;;;;;;;;6,245;;;;109;;;;;;;;;;109;;;109;;;;;;;;14.19;;;;;;;1,550;;;;;;;;33.83589302375913 seconds;0;;;;;;;;;0;
GoldenBullet20;4287;;1,180;600;;;;;;;9.42;;;11,120;;;;250;;;;;0.5;;;;;147;;1;150;;;;;00:04;;;18.84;;00:52;9.42;;9.42;9.42;2,360.11;2;;0;0;0;0;;1 minute;0;0;00:05;;95%;;;;;0;
GoMu___;4214;119;21,570;6,586;47;11;4;12;4;;70.72;6.53;7.13;12,819;62;21;5;18,171;28;;;;3.44;;;4;16;3,413;;16;6,103;;19;7;7;01:04;2;;10.69;2.97;02:31;16.64;;12.48;36.84;10,799.01;18;;3;1;1;5;;22 minutes;2;1;04:15;02:23;72%;;6;2;;0;4;
GuardiaoDaGalaxy;3630;531;120,139;16,182;72;47;8;74;12;;41.09;3.63;5.72;9,298;411;111;17;101,332;127;5;13;;3.39;;;;21;3,433;;21;11,332;;49;13;21;02:46;3;;9.36;1.31;01:09;9.82;;8.59;31.8;7,842.62;121;6;12;7;5;24;2;2 hours;13;12;14:52;07:30;93%;3;50;11;0;1;4;
Highlander_scott;4073;3;1,011;787;2;;;;;;20.92;;;7,051;;;;755;;;;;0.25;;;;;337;;1;520;;;;;;;;27.89;;;;;6.97;6.97;5,262.48;4;;0;0;0;1;;2 minutes;0;0;;00:05;44%;;;;0;0;
hiijle;0;290;71,291;6,046;29;27;4;23;3;;37.32;3.47;2.96;9,175;164;53;10;50,814;61;2;3;;1.86;;1;15;9;2,703;;9;6,345;;20;6;9;00:52;3;;11.32;1.28;01:16;7.85;;6.82;21.1;6,539.75;88;4;5;5;3;13;;1 hour;8;4;09:52;00:02;51%;3;21;3;1;3;3;
HordesOfRaiders;2683;49;8,470;8,470;49;;;;;;142.48;;2.9;24,629;2;;;4,454;;;;;0.4;;;;2;1,990;;2;4,454;;2;;;01:39;;;14.53;;04:50;;;;5.81;12,951.78;5;;0;;0;1;;6 minutes;0;;01:39;01:06;;;;;0;0;3;
hourai127;2224;522;81,544;8,520;53;25;4;54;8;;60.86;2.91;6.29;9,508;199;69;13;61,000;72;3;;;2.16;;;8;14;3,544;;14;6,570;;36;15;14;01:45;3;;10.72;1.51;01:43;8.39;;8.04;23.2;7,112.83;92;2;8;7;4;19;;1 hour;9;4;14:45;03:11;41%;3;22;4;1;4;3;
I_Only_AWP_B;0;24;7,688;3,312;14;;;4;2;;36.42;1.51;6.07;11,667;13;9;4;5,081;2;;;;1.85;;;;8;1,886;;8;2,455;;8;5;;00:11;2;;10.62;6.07;00:38;3.03;;13.65;19.72;7,711.48;7;;1;1;0;2;;7 minutes;1;1;00:25;;100%;;;;;;2;
iLucadino;2592;139;44,761;11,038;51;9;5;7;4;;25.22;1.63;1.27;8,123;112;36;4;42,304;54;;3;;1.86;;;;13;2,822;;13;10,984;;40;13;21;03:17;2;;10.88;0.72;01:44;9.79;;6.53;20.32;7,677.03;60;2;2;5;4;12;;1 hour;6;2;09:33;02:18;36%;;4;2;1;2;1;
iMightyElephant;0;4;3,000;1,800;3;;;;;;12.35;;;9,265;;;;933;;;;;;;;;;342;;;404;;;;;00:05;;;15.44;;00:25;;;;;2,882.45;5;;0;0;0;1;;3 minutes;0;;00:08;;;;;;;0;
Inny21;3069;505;105,514;12,163;53;35;6;48;6;;38.25;2.65;3.63;7,993;315;133;30;95,079;133;2;5;;2.23;;;5;15;3,080;;15;9,868;;35;22;13;01:43;6;;10.68;2.27;01:10;10.07;;10.07;23.86;7,202.3;141;7;14;11;4;30;2;2 hours;13;7;15:26;06:13;52%;5;35;6;0;6;3;
ioReactz;3584;4,624;638,048;11,616;133;345;12;618;19;4;64.01;4.77;8.55;8,833;2,058;801;146;601,029;736;16;30;34;4.2;;;30;28;7,199;;28;15,990;;60;25;24;02:49;8;0.47;6.76;2.02;01:20;10.18;;11.08;28.49;8,320.82;489;14;80;77;39;196;23;13 hours;72;58;01:37:12;01:13:50;80%;4;224;13;1;13;3;
iqbalhaikal55;3032;;468;468;;;;;;;;;;9,900;;;;214;;;;;;;;;;214;;;214;;;;;;;;21.17;;;;;;;4,524.93;;;0;0;;0;;36.17099898774177 seconds;0;;;;;;;;;0;
IRaTuSz;4587;;600;600;;;;;;;34.71;;;20,830;;;;136;;;;;;;;;;136;;;136;;;;;;;;34.71;;;;;;;4,738.29;;;0;0;0;0;;30.280446050688624 seconds;0;0;;;100%;
itsDiety;0;157;26,955;9,468;66;12;5;16;6;;59.82;4.57;6.09;10,271;86;35;6;25,328;30;;4;;2.86;;;;6;2,270;;6;10,273;;31;12;13;01:00;4;;11.43;2.28;00:57;11.43;;13.33;32.77;9,651.04;30;3;2;3;0;5;;35 minutes;3;1;02:29;;47%;3;12;7;1;1;5;
itsGenji;3211;;2,515;1,710;;;;;;;5.08;;;12,789;3;;;1,320;2;;;;0.75;;;;2;758;;2;758;;2;;;00:10;;;20.34;;01:30;10.17;;5.08;15.25;6,711.42;4;;0;0;0;1;;2 minutes;0;0;00:17;;36%;;;;;0;
ItsRaiyu;4368;359;46,856;9,599;79;30;8;33;13;2;89.51;7.48;8.22;11,684;133;52;5;44,813;43;2;6;2;3.8;;;;18;4,272;;18;11,124;;38;18;13;01:02;2;0.49;8.72;1.24;01:09;10.72;;12.96;33.16;11,174.55;35;;6;2;1;9;;53 minutes;4;4;04:39;05:20;91%;3;23;8;;0;6;
Jack_of_Spades13;3322;56;5,475;5,475;56;6;3;5;5;2;96.66;10.35;8.63;9,451;31;11;3;7,945;13;;2;2;10.33;;;;11;2,231;;11;7,945;;31;11;13;00:55;3;3.45;5.17;5.17;01:36;22.43;;18.98;53.5;13,713.44;3;;;1;;1;;12 minutes;1;1;00:55;00:40;100%;;2;2;;;3;
JDG-191;2864;8;3,363;1,200;5;;;;;;37.24;;4.65;15,655;;;;925;;;;;0.2;;;;;486;;1;631;;;;;00:02;;;23.27;;00:10;;;;4.65;4,307.48;5;;0;0;0;1;;3 minutes;0;0;00:02;;41%;;;;;0;
JOKERFIRST15;4055;13;2,473;1,873;13;;;3;3;;23.85;1.83;5.5;4,538;18;12;2;4,171;2;;;;9;;;;15;3,454;;15;3,563;;17;11;2;00:05;2;;3.67;3.67;00:10;3.67;;22.02;33.03;7,655.93;2;;1;1;1;3;;4 minutes;1;1;00:05;02:35;100%;
JonXSly;3015;2,459;568,495;19,745;75;232;10;213;10;;51.68;4.87;4.47;11,948;1,434;523;99;456,105;712;16;41;;1.79;;;36;16;2,815;;16;15,208;;62;25;31;04:10;4;0.02;16.75;2.08;02:07;14.96;;10.99;30.13;9,586.26;797;32;57;36;26;118;6;11 hours;48;18;01:41:25;46:03;38%;4;200;10;1;28;4;
JPreecy;2601;;210;210;;;;;;;3.43;;;721;;;;469;;;;;0.5;;;;;320;;1;469;;;;;00:42;;;6.87;;02:26;3.43;;;3.43;1,612.54;2;;;;0;0;;1 minute;0;0;00:42;;100%;
jumpmanfrank094;2821;2;790;790;2;;;;;;14.89;;7.44;5,885;2;;;515;2;;;;2;;;;2;392;;2;515;;2;;2;00:16;;;7.44;7.44;02:06;14.89;;7.44;14.89;3,837.7;;;;0;;0;;1 minute;0;;00:16;;;;;;;0;
kadoya3582;3563;21;4,662;2,075;12;2;;;;;43.96;4.18;;9,759;5;2;;2,877;;;;;1.25;;;;2;729;;2;1,251;;4;2;;00:06;;;8.37;;00:24;2.09;;4.18;10.46;6,022.83;4;;0;0;;1;;4 minutes;0;0;00:11;;100%;;;;;;2;
kaito_numku396;0;12;6,170;6,170;12;;;;;;36.2;;3.01;18,615;11;4;;2,119;8;;;;2.75;;;;3;887;;3;2,119;;11;4;8;01:29;;;12.06;;04:28;24.13;;12.06;33.18;6,394.09;4;;0;0;1;1;;5 minutes;0;0;01:29;;100%;;;;;0;
kakuka-548;2589;81;14,377;7,881;47;9;7;15;10;;72.93;8.1;13.5;12,946;31;10;;9,152;10;;;;3.44;;;2;13;2,757;;13;4,525;;19;8;5;01:14;;;8.1;;02:05;9;;9;27.91;8,241;9;;2;2;;4;;12 minutes;1;1;02:18;02:36;94%;;7;6;;0;6;
kashibe01;2455;77;13,567;5,697;40;2;2;5;3;;53.86;1.39;3.49;9,491;21;6;;10,502;11;;;;1.4;;;;6;2,463;;6;5,148;;13;3;6;00:56;;;10.49;0.69;01:06;7.69;;4.19;14.69;7,346.55;15;;1;2;2;5;;13 minutes;1;1;01:34;00:03;39%;;2;2;;1;1;
katsuya3;2206;79;22,400;9,708;29;10;4;7;5;;28.55;3.61;2.53;8,096;54;16;3;20,144;17;;3;;1.74;;;;8;1,860;;8;7,959;;29;7;11;01:17;3;;11.2;1.08;00:52;6.14;;5.78;19.51;7,281.13;31;;4;;1;5;;29 minutes;3;1;02:24;01:32;32%;3;6;3;;2;2;
Keytix_;0;254;39,451;8,021;85;35;10;34;11;;56.12;7.73;7.51;8,717;160;64;14;33,311;51;;3;;5.71;;;;15;2,702;;15;9,953;;41;19;15;01:03;4;0.22;6.18;3.09;01:08;11.26;;14.14;35.35;7,360.11;28;3;5;3;3;11;;53 minutes;5;5;05:09;03:59;100%;4;29;8;;;6;
Kiki-Xillia;2595;34;3,912;3,912;34;;;;;;115.59;3.39;3.39;13,300;7;2;;3,423;4;;;;1.16;;;;3;912;;3;3,423;;7;2;4;00:49;;;20.39;3.39;02:48;13.59;;6.79;23.79;11,638.21;6;;;0;0;1;;4 minutes;0;;00:49;;;;;;;0;
KILLER77_HAZZA3;0;3;2,212;1,184;2;;;;;;9.55;;;7,045;3;;;1,438;3;;;;0.6;;;3;;638;;1;1,209;;2;;2;00:27;;;15.92;;01:53;9.55;;3.18;9.55;4,582.08;5;;0;0;0;1;;4 minutes;0;0;00:35;00:03;5%;;;;0;0;
Killswitch2092;2806;84;17,324;5,634;24;4;2;8;2;;48.08;2.28;4.57;9,916;37;15;;12,653;20;;;;1.37;;;;5;1,354;;5;3,541;;14;5;6;00:44;;;15.45;0.57;01:27;11.44;;8.58;21.17;7,242.43;27;;2;3;1;6;;21 minutes;2;0;02:32;;23%;;3;;;1;2;
kirA-_-bleAch;0;17;3,026;3,026;17;3;;;;2;70.56;12.45;4.15;12,560;10;3;;3,463;3;;;2;3.33;;;;4;1,362;;4;3,463;;10;3;3;00:45;;8.3;12.45;4.15;03:09;12.45;;12.45;41.51;14,374.69;3;;0;0;0;1;;4 minutes;0;0;00:45;00:00;100%;;;;;;4;
kk10295;3110;102;58,681;11,673;17;4;;12;3;;23.35;0.91;2.74;13,435;99;27;;27,000;40;;;;1.7;;;;15;2,207;;15;4,323;;26;8;13;02:20;;;13.27;;01:49;9.15;;6.18;22.66;6,181.67;58;3;3;3;1;7;;1 hour;4;3;07:57;02:07;60%;;4;;0;2;1;
koba-ya;1337;;281;281;;;;;;;7.57;;;2,127;;;;221;;;;;;;;;;221;;;221;;;;;;;;7.57;;;;;;;1,673.81;;;0;0;;0;;1 minute;0;;;;;;;;;0;
kon5-TDRoki;2363;4,121;930,893;18,935;87;310;8;427;14;;43.78;3.29;4.53;9,892;2,024;859;214;661,483;791;23;70;5;2.68;;;124;19;6,381;;19;12,276;;42;21;22;03:17;8;0.05;8.02;2.27;01:21;8.4;;9.12;21.5;7,028.85;755;30;74;61;39;174;13;19 hours;94;45;02:08:12;32:11;48%;4;285;9;3;46;3;
koutyatya;0;783;203,244;12,818;71;56;15;59;6;;50.11;3.58;3.77;13,008;448;134;9;152,265;204;9;4;;1.99;;;4;18;3,750;;18;11,944;;53;18;26;02:17;3;;14.4;0.57;01:54;13.05;;8.57;28.67;9,745.16;225;4;10;16;10;37;;3 hours;16;9;29:53;12:01;55%;4;51;13;1;6;3;
kris1974;4164;32;7,408;6,208;30;3;;2;2;;52.69;4.93;3.29;12,198;10;6;;4,380;4;;;;1.66;;;;8;1,977;;8;3,775;;9;5;4;00:44;;1.64;9.87;1.64;01:17;6.58;;9.87;16.46;7,212.36;6;;1;;0;1;;8 minutes;1;0;00:47;;15%;;;;;1;2;
Krisuke;2407;22;5,418;1,947;12;;;;;;26.94;;1.22;6,636;5;;;2,848;;;;;0.41;;;;2;521;;2;1,295;;3;;;00:19;;;14.69;;00:47;;;1.22;6.12;3,488.82;12;;0;1;0;2;;8 minutes;1;;00:38;;;;;;;1;
KSlims;4375;38;5,831;2,163;16;;;3;2;;53.73;1.41;4.24;8,245;11;4;;4,617;4;;;;1.37;;;;4;1,247;;4;2,047;;6;3;3;00:25;;;11.31;1.41;01:39;5.65;;5.65;15.55;6,527.86;8;;0;1;1;2;;7 minutes;1;0;01:10;01:10;15%;;;;;1;1;
kurosaki158;1715;940;187,724;12,987;66;64;8;100;10;;51.83;3.52;5.51;10,351;443;138;17;134,420;214;2;6;;1.94;;1;63;16;3,351;;16;7,785;;37;14;25;03:39;3;0.05;12.57;0.93;01:48;11.79;;7.6;24.42;7,411.78;228;9;18;13;5;36;2;4 hours;18;10;32:40;04:55;54%;3;51;6;1;7;3;
kyo_miyamiya;2137;25;5,934;3,534;17;;;;;;45.55;;;10,812;10;4;;4,213;4;;;;1.25;;;;5;1,035;;5;2,714;;9;3;4;00:25;;;14.57;1.82;00:57;7.28;;7.28;18.22;7,676.26;8;;1;;;1;;7 minutes;1;0;00:31;00:20;45%;;;;;0;
lakejacher;2109;146;17,689;6,158;64;8;4;5;4;;63.7;3.49;2.18;7,718;40;16;3;17,955;23;;;;1.29;;;;8;1,978;;8;6,170;;19;8;12;02:01;2;0.43;13.52;1.3;02:17;10.03;;6.98;17.45;7,834.12;31;;1;2;1;5;;31 minutes;2;1;05:16;01:06;36%;;4;2;;1;2;
LEATONER;0;27;8,110;4,119;16;3;2;;;;24.45;2.71;0.9;7,347;11;5;;4,539;4;;;;0.73;;;6;4;1,246;;4;2,288;;6;3;3;00:31;;;13.58;;01:04;3.62;;4.52;9.96;4,111.5;15;;1;0;0;2;;11 minutes;1;1;01:10;00:40;47%;;3;2;;1;3;
Lege-donZ;2670;18;3,611;1,983;11;2;;3;2;;41.97;4.66;6.99;8,420;12;6;;3,390;6;;;;2.4;;;;4;1,277;;4;2,038;;7;4;4;00:26;;;11.65;;01:44;13.99;;13.99;27.98;7,904.05;5;;0;0;1;1;;5 minutes;0;0;00:44;;42%;;;;;0;2;
Liv___MIGHTY;0;44;9,933;4,333;18;;;3;;;50.3;1.14;3.42;11,355;8;;;6,514;2;;;;0.8;;;;2;2,002;;2;2,751;;3;;;00:18;;;11.43;;00:51;2.28;;1.14;9.14;7,446.92;10;;1;0;1;2;;8 minutes;1;;00:44;;;;;;;1;
LoggingOut;0;455;106,783;7,186;27;18;4;46;4;;46.35;1.83;4.68;10,880;189;62;8;74,718;99;2;2;;1.45;;;;9;2,268;;9;4,864;;14;5;9;01:33;2;;13.24;0.81;01:38;10.08;;6.31;19.25;7,612.68;130;4;8;9;8;25;;2 hours;10;2;16:02;11:35;22%;3;19;4;1;7;2;
LostkumaTH;0;2,510;469,334;18,848;92;167;7;353;13;;49.44;3.28;6.95;9,246;1,565;526;69;423,174;584;20;13;3;3.82;;;4;16;4,017;;16;13,679;;45;15;30;02:50;5;0.05;8.05;1.35;01:51;11.5;;10.36;30.83;8,336.73;409;14;60;56;31;146;7;9 hours;51;43;01:34:41;39:42;84%;4;156;6;2;6;3;
l-Twisted_Fate-l;3972;26;8,890;7,329;23;3;2;2;2;;55.65;6.42;4.28;19,032;10;5;;4,392;4;;;;1.42;;;;3;1,463;;3;3,316;;9;5;4;00:27;;;14.98;2.14;01:25;8.56;;10.7;21.4;9,402.26;7;;0;0;1;1;;7 minutes;0;0;00:40;;4%;;2;2;;0;4;
lucis204;2770;961;173,327;14,107;87;58;8;101;18;;50.61;3.05;5.31;9,129;450;123;20;131,995;174;5;3;;1.93;;;10;17;2,801;;17;11,827;;45;15;19;03:31;3;;12.21;1.05;01:30;9.16;;6.47;23.7;6,952.04;232;4;13;13;13;39;4;4 hours;19;9;28:35;05:23;46%;5;46;8;2;8;2;
LuckyC723;3709;406;71,888;7,037;53;18;4;31;5;;58.5;2.59;4.46;10,359;156;59;8;56,793;49;6;2;;1.71;;;;12;2,293;;12;6,883;;22;9;9;01:16;2;0.14;13.11;1.15;01:24;7.06;;8.5;22.47;8,183.84;91;;9;7;3;18;;1 hour;7;2;09:48;01:32;25%;3;13;4;0;5;2;
Lyntune92;2616;;1,601;1,601;;;;;;;9.15;;;14,662;;;;315;;;;;;;;;;209;;;315;;;;;00:00;;;18.31;;00:03;;;;;2,882.49;2;;;;;;;1 minute;0;;00:00;;;;;;;0;
M5roosh_ksa;3563;447;70,040;10,029;72;28;4;43;11;;63.68;3.98;6.12;9,979;172;63;14;60,778;59;;4;;2.15;;;3;14;3,537;;14;10,100;;28;8;14;01:42;2;0.14;11.39;1.99;01:16;8.4;;8.97;24.5;8,659.81;80;2;5;6;1;13;;1 hour;7;2;08:59;06:05;24%;3;19;5;1;5;3;
MAAFX;2990;9;1,703;1,703;9;;;;;;28.5;3.16;;5,396;3;3;;1,560;3;;;;0.75;;;;2;732;;2;1,560;;3;3;3;00:15;;;12.67;;00:50;9.5;;9.5;9.5;4,940.01;4;;0;0;0;1;;3 minutes;0;;00:15;;;;;;;0;3;
Macchi-Boy;2389;118;38,708;10,645;53;10;6;7;3;;33.79;2.86;2;11,086;82;20;2;25,690;36;4;4;;1.9;;;;12;2,338;;12;7,874;;31;9;13;01:16;;;12.31;0.57;01:20;10.31;;5.72;23.48;7,357.85;43;2;;5;2;7;;46 minutes;3;3;04:39;01:21;72%;3;9;5;;1;3;
MagIish;4473;71;27,163;6,368;41;6;4;19;7;;18.36;1.55;4.91;7,027;123;32;;19,530;26;2;;;9.46;;;;14;2,571;;14;7,914;;35;12;12;00:23;;;3.36;;00:21;6.72;;8.27;31.81;5,051.96;13;;3;3;;7;;38 minutes;4;4;01:21;;100%;3;5;4;;;1;
makorin_is_a_Pen;2671;160;35,479;7,371;42;17;8;12;4;;56.5;6;4.23;12,529;85;30;;28,376;39;;4;;1.57;;;;14;2,522;;14;7,136;;30;14;14;01:21;;;19.07;0.35;02:07;13.77;;10.59;30.01;10,020.79;54;;2;2;1;5;;46 minutes;3;1;06:00;01:35;38%;;10;6;;2;4;
MamasNippel;3912;187;56,300;13,448;46;9;2;16;4;;20.33;0.97;1.73;6,121;87;31;9;30,970;38;3;;;0.9;;;;8;1,904;;8;10,485;;25;8;13;02:02;5;;10.43;0.97;00:44;4.13;;3.37;9.45;3,367.2;96;5;1;4;4;9;;1 hour;9;1;06:46;02:09;16%;3;4;2;1;6;0;
Maranata01;4306;36;8,314;2,670;10;5;;4;2;2;31.42;4.36;3.49;7,258;19;6;3;4,311;3;;;2;2.71;;;;4;1,168;;4;1,287;;6;2;2;00:30;2;1.74;6.11;2.61;00:45;2.61;;5.23;16.58;3,763.51;7;;2;1;2;5;;10 minutes;1;1;00:52;00:28;81%;;3;;;0;3;
Marlporo0707;0;28;6,929;3,000;22;;;;;;62.34;2.22;2.22;15,429;8;3;;3,945;5;;;;0.72;;;;2;756;;2;1,720;;3;2;2;00:22;;;24.49;;02:16;11.13;;6.67;17.81;8,783.48;11;;1;0;0;2;;5 minutes;0;0;01:01;00:19;66%;;;;0;0;2;
matukyo;3857;27;14,103;2,878;9;;;;;;28.17;;1.04;14,715;9;5;;7,899;5;;;;0.52;;;;2;1,012;;2;1,447;;3;2;2;00:25;;;17.73;;01:13;5.21;;5.21;9.39;8,241.54;17;;1;1;1;3;;13 minutes;1;0;01:10;;31%;;;;;1;
Meepert;0;78;23,027;10,026;56;11;9;16;11;;36.19;5.1;7.42;10,685;80;33;8;16,670;29;2;;;5;;;;10;1,997;;10;9,653;;43;18;16;01:22;4;;7.42;3.71;01:32;13.45;;15.31;37.12;7,734.91;16;;1;3;1;6;;26 minutes;2;2;03:19;03:02;98%;3;8;6;;0;4;
MEOW987;2674;858;179,318;11,246;60;81;10;98;10;;40.95;3.86;4.67;8,560;545;209;42;152,316;278;5;19;;2.02;;;31;21;4,587;;21;10,130;;38;14;20;02:22;5;0.04;12.84;2;01:48;13.27;;9.97;26.01;7,270.62;269;15;22;21;8;51;2;4 hours;21;11;37:59;15:06;51%;3;68;8;2;9;3;
Merdrash;2964;3;1,264;1,264;3;;;;;;32.05;10.68;;13,509;3;;;492;2;;;;1.5;;;;2;421;;2;492;;3;;2;00:08;;;21.37;;01:27;21.37;;;32.05;5,259.94;2;;0;;;0;;1 minute;0;;00:08;;;;;;;0;
MIKEYDYCE;3095;291;58,050;6,335;31;23;6;36;6;2;47.46;3.75;5.87;9,468;186;73;12;51,080;92;4;3;3;2.61;;;;12;3,220;;12;7,675;;27;14;19;01:58;2;0.48;11.57;1.95;01:51;15;;11.9;30.33;8,330.9;71;2;7;3;2;11;;1 hour;6;2;11:24;06:07;38%;3;19;6;;4;3;
Miz_One;1490;842;224,248;14,300;64;57;8;80;8;;39.98;2.7;3.79;10,650;370;102;17;124,285;185;;10;;1.93;;1;33;12;4,979;;12;9,568;;41;13;21;02:48;2;;9.07;0.8;01:35;8.78;;4.84;17.57;5,902.33;191;9;19;16;8;44;2;4 hours;21;16;33:33;01:34;77%;3;51;9;1;4;2;
Mlbjester7;3425;29,274;4,990,190;24,751;178;1,975;14;3,283;32;2;70.89;4.78;7.95;12,086;11,809;3,988;596;3,588,854;5,665;117;362;28;2.34;;;570;24;6,778;76;24;20,579;;85;31;50;05:32;6;0.06;12.21;1.44;02:15;13.72;;9.65;28.6;8,691.85;5,043;137;420;359;269;1,048;79;92 hours;413;205;15:35:46;06:52:21;49%;5;1,699;17;18;189;4;
Morgenarc;3323;8;4,457;2,023;3;;;2;2;;23.58;;5.89;13,140;14;5;;3,259;8;;;;3.5;;;;10;1,519;;10;1,519;;10;5;8;00:33;;;11.79;2.94;01:50;23.58;;14.74;41.27;9,607.17;4;;0;0;1;1;;4 minutes;0;0;00:37;00:42;32%;;;;;0;
Mr_O_Blood_type_;0;1,658;358,743;20,728;137;118;12;146;14;;69.08;4.91;6.08;14,948;702;226;21;279,750;282;19;29;2;1.94;;;;16;4,276;;16;24,143;;76;19;25;02:32;3;0.08;15.04;0.87;01:27;11.75;;9.41;29.25;11,656.45;361;2;25;25;18;68;2;5 hours;24;11;35:05;23:54;44%;4;91;9;0;13;4;
Mr_savage_75;0;187;46,736;14,843;56;16;5;29;9;;32.67;2.79;5.06;8,167;100;42;7;35,159;38;3;;;2.5;;;4;12;3,777;;12;9,807;;28;12;13;02:21;3;;6.98;1.22;01:38;6.64;;7.33;17.47;6,143.8;40;;4;5;0;9;;53 minutes;6;3;09:25;02:05;47%;3;13;6;;3;2;
MrBlueyes;2154;482;140,749;13,778;57;37;4;32;5;;34.16;2.62;2.26;9,976;209;85;16;69,604;107;2;3;;1.4;;1;38;9;2,461;;9;6,994;;26;12;12;02:48;3;;10.56;1.13;01:28;7.58;;6.02;14.81;4,933.46;149;9;11;9;11;31;4;2 hours;14;4;20:49;02:17;29%;3;30;4;0;10;2;
mrfr33s3;2586;;1,444;1,444;;;;;;;11.75;;;16,979;;;;845;;;;;;;;;;845;;1;845;;;;;00:03;;;11.75;;00:37;;;;11.75;9,933.97;;;;0;0;0;;1 minute;0;0;00:03;;100%;
MRstyles4u;3112;83;23,869;9,029;28;;;8;4;;34.79;0.41;3.35;10,006;26;7;;10,973;14;;;;0.92;;;;7;1,136;;7;3,271;;10;5;6;01:25;;;11.73;;00:58;5.86;;2.93;10.89;4,599.76;28;;3;2;1;6;;24 minutes;2;0;02:19;00:28;6%;;2;;;2;1;
MrTsVIRUS;2353;14;2,717;2,717;14;2;2;4;4;;44.48;6.35;12.71;8,634;10;5;;2,229;4;;;;10;;;;6;1,224;;6;2,229;;10;5;4;00:37;;;3.17;3.17;02:00;12.71;;15.88;31.77;7,084.31;;;0;;1;1;;3 minutes;0;0;00:37;00:02;100%;;2;2;;;6;
NaapWay;2595;3;1,221;1,221;3;;;;;;25.71;;;10,470;;;;380;;;;;0.5;;;;;317;;1;380;;;;;00:12;;;17.14;;01:47;;;;8.57;3,261.4;2;;;;;;;1 minute;0;;00:12;;;;;;;0;
nari_is_1582;2498;11;3,234;3,234;11;;;2;2;;36.65;;6.66;10,778;3;;;1,222;2;;;;0.6;;;;;433;;1;1,222;;3;;2;00:11;;;16.66;;00:37;6.66;;;9.99;4,072.32;5;;;0;1;1;;3 minutes;0;;00:11;;;;;;;0;
Natz_D_Chow;4100;4,491;690,757;14,740;99;392;11;608;17;2;60.68;5.29;8.21;9,334;2,217;909;198;694,042;613;30;47;34;3.57;;1;40;24;7,677;;24;15,161;;47;21;18;01:35;8;0.45;8.37;2.67;00:48;8.28;;12.28;29.95;9,378.06;620;27;68;67;51;187;24;13 hours;74;68;59:24;01:49:05;91%;5;261;8;2;5;4;
Neiyao;0;11;464;464;11;;;;;;70.52;;6.41;2,972;;;;1,307;;;;;0.33;;;;;721;;1;1,307;;;;;00:11;;;19.23;;01:14;;;;6.41;8,376.88;3;;0;0;;0;;2 minutes;0;0;00:11;;97%;;;;;0;
NickalaiHomebrew;3044;16;8,111;4,502;8;2;2;;;;19;2.37;;9,635;10;;;4,123;7;;;;0.66;;;;3;662;;3;1,468;;5;;3;00:23;;;17.81;;01:08;8.31;;1.18;11.87;4,897.47;15;;0;0;0;1;;12 minutes;1;;00:57;;;;2;2;;1;2;
nicot2010;2752;2;1,440;1,440;2;;;;;;25.96;;;18,696;;;;762;;;;;;;;;;762;;;762;;;;;00:26;;;12.98;;05:42;;;;;9,888.56;;;0;0;0;0;;1 minute;0;;00:26;;;;;;;0;
Ninja5976;3734;76;18,974;6,277;23;12;3;17;6;;26.62;4.2;5.95;6,646;81;33;10;19,375;26;2;;4;5.4;;;4;10;2,697;;10;6,404;;23;11;7;00:42;6;1.4;5.25;3.5;00:55;9.1;;11.55;28.37;6,787.09;15;;4;3;2;9;;24 minutes;3;3;02:39;01:39;100%;3;5;3;;;2;
NINJALEX323;3962;22;4,293;1,631;12;;;2;;;26.45;1.2;2.4;5,162;7;2;;2,578;;;;;1.4;;;;2;1,080;;2;1,080;;3;;;00:15;;;6.01;;00:55;1.2;;2.4;8.41;3,099.96;5;;1;0;0;2;;5 minutes;1;1;00:45;;100%;
noca_514;;225;48,201;9,639;71;10;3;14;3;;37.57;1.67;2.33;8,050;77;16;2;29,940;27;;2;;1.67;;;;15;2,524;74;15;7,604;;20;5;7;01:18;;;7.68;0.33;01:03;4.5;;2.67;12.85;5,000.05;46;;1;3;5;9;2;59 minutes;6;2;06:21;00:10;41%;4;11;4;;4;2;
nyanyamui_401;0;401;80,641;7,463;50;21;4;37;5;;47.72;2.49;4.4;9,597;187;60;13;61,458;89;2;7;;1.38;;;;8;2,321;;8;5,963;;24;12;15;02:24;4;;16.06;1.54;01:56;10.59;;7.14;22.25;7,313.8;135;;8;4;4;16;;2 hours;8;2;16:19;02:57;21%;3;16;5;0;7;2;
ohEvasive;3523;32;5,071;2,397;29;6;5;4;3;;32.64;6.12;4.08;5,173;24;12;2;6,129;2;;;;6;;;;6;1,412;;6;4,459;;18;9;;00:20;;1.02;4.08;2.04;00:35;2.04;;12.24;24.48;6,252.97;4;;1;0;1;3;;10 minutes;1;1;00:34;01:48;100%;;3;3;;;3;
oI_SPY_Io;4521;77;18,126;6,976;37;6;4;8;4;;31.1;2.42;3.23;7,322;67;22;5;16,880;17;;;;3.94;;;10;12;3,620;;12;6,339;;30;12;9;01:11;2;;6.86;2.01;01:13;6.86;;8.88;27.06;6,818.5;17;;2;3;2;7;;24 minutes;2;2;03:02;00:48;90%;;4;2;;0;2;
Omegax_87;;3;849;849;3;;;;;;19.48;;;5,517;3;3;2;827;;;;;1.5;;;;2;481;;2;827;;3;3;;00:20;2;;12.99;12.99;02:13;6.49;;19.48;19.48;5,372.71;2;;0;0;0;1;;1 minute;0;;00:20;00:28;;;;;;0;
Original_Yankin;2592;;185;185;;;;;;;;;;5,516;;;;86;;;;;;;;;;79;;;86;;;;;00:02;;;29.75;;01:24;;;;;2,545.64;;;0;;0;0;;24.478412034921348 seconds;0;;00:02;;;;;;;0;
OttovonKillmark;;9;4,962;4,962;9;2;2;;;;16.55;3.67;1.83;9,128;10;2;;2,049;3;;;;3.33;;;;5;963;;5;2,049;;10;2;3;01:05;;;5.51;1.83;02:00;5.51;;3.67;18.39;3,769;3;;1;1;;2;;4 minutes;1;1;01:05;00:20;100%;;2;2;;;4;
oualid32;4267;1,009;175,894;8,062;62;82;7;169;13;;58.45;4.75;9.79;10,190;622;237;24;162,000;230;11;10;4;4.93;;;5;34;6,366;;34;8,767;;45;17;25;01:30;4;0.23;7.29;1.39;01:26;13.32;;13.73;36.03;9,385.34;126;8;19;20;14;54;4;3 hours;17;16;24:51;31:41;90%;6;69;8;;2;4;
Potaetum;0;;882;882;;;;;;;;;;12,109;;;;289;;;;;0.5;;;;;165;;1;289;;;;;00:00;;;27.45;;00:11;;;13.72;13.72;3,967.3;2;;;0;0;0;;1 minute;0;;00:00;;;;;;0;0;
praktommy;3673;233;53,046;12,425;61;10;3;34;15;;52.34;2.24;7.63;11,917;122;33;5;36,114;55;4;3;;1.87;;;2;14;4,974;;14;7,440;;35;11;11;01:49;3;;14.6;1.12;02:04;12.35;;7.41;27.4;8,113.52;65;5;3;5;4;12;;1 hour;4;3;09:15;02:15;73%;3;11;6;0;1;2;
Prey1nMantis;2494;75;26,080;10,626;35;7;3;14;6;;25.69;2.39;4.79;8,935;66;28;8;15,117;37;;3;;7.33;;;;13;1,876;;13;7,271;;29;11;21;02:51;3;;3.08;2.74;01:57;12.67;;9.59;22.61;5,178.9;9;;1;2;1;5;;41 minutes;3;1;05:42;01:33;49%;;9;4;;1;3;
PucKProof;3499;7;882;882;7;;;;;;72.3;;;9,110;;;;682;;;;;;;;;;682;;;682;;;;;00:03;;;10.32;;00:40;;;;;7,049.43;;;;0;0;0;;1 minute;0;;00:03;;;;;;;0;
rairai2040;2309;12;1,429;1,429;10;;;2;2;;20.48;;3.41;2,440;9;3;;3,322;;;;;1.12;;;;3;1,027;;3;2,973;;7;2;;00:10;;;13.65;;00:31;1.7;;5.12;15.36;5,670.32;8;;0;0;1;1;;6 minutes;1;0;00:18;;13%;;;;;1;
RaxesTheWise;2506;67;19,026;5,093;21;5;;7;2;;30.09;2.24;3.14;8,547;36;10;5;12,926;12;;;;1.38;;;8;7;1,829;;7;3,197;;7;3;4;01:13;2;;11.68;2.24;01:22;5.39;;4.49;16.17;5,806.85;26;;3;1;3;7;;22 minutes;2;1;03:04;00:28;24%;3;4;;0;1;2;
rencpee;2745;65;29,545;11,182;31;6;;5;2;;23.73;2.19;1.82;10,787;49;12;2;14,841;13;;;;1.58;;;;8;1,253;;8;4,666;;24;7;11;01:43;;0.36;11.31;0.73;01:11;4.74;;4.38;17.89;5,418.69;31;;1;2;1;4;;32 minutes;3;1;03:15;;34%;;3;;;2;1;
res1tvih;2842;4;2,656;1,456;3;;;;;;20.34;;;13,509;;;;1,156;;;;;0.2;;;;;335;;1;790;;;;;00:28;;;25.43;;03:20;5.08;;;5.08;5,877.55;5;;0;0;0;1;;3 minutes;0;0;00:39;;38%;;;;;0;
ReturnOfGuigs;2704;169;31,776;10,315;103;18;14;20;16;;46.59;4.96;5.51;8,761;101;30;;34,219;41;;;;2.72;;;;24;5,353;;24;15,200;;59;20;18;03:57;;;10.2;0.27;02:13;11.3;;8.27;27.84;9,434.23;37;;3;2;3;8;;47 minutes;4;2;08:04;03:19;59%;4;11;8;;1;3;
Rhinoblue123RED;2209;102;11,794;11,794;102;9;9;6;6;;118.6;10.46;6.97;13,714;27;13;2;10,834;16;;;;1.68;;;;5;1,622;;5;10,834;;27;13;16;03:07;2;;18.6;2.32;03:37;18.6;;15.11;31.39;12,597.34;16;;2;;;2;;18 minutes;1;1;03:07;;100%;;5;5;;;6;
Rockethiethm;4289;841;160,601;17,820;108;69;7;101;13;;59.64;4.89;7.16;11,390;481;157;18;125,094;174;9;11;4;3.53;;;;19;3,195;;19;15,821;;50;16;23;03:12;4;0.28;9.64;1.27;01:28;12.34;;11.13;34.11;8,871.65;136;3;13;7;8;28;4;3 hours;14;11;20:53;12:33;77%;4;61;7;0;3;4;
ruinknives;2843;6;4,723;1,497;4;;;;;;8.38;;1.39;6,602;13;3;;3,966;8;;;;1.85;;;;5;789;;5;1,083;;7;2;5;00:34;;;9.78;;01:10;11.18;;4.19;18.17;5,543.62;7;;0;1;0;1;;9 minutes;1;0;00:50;;27%;;;;0;0;
Rundle0509;3962;804;119,071;12,794;60;121;7;150;15;4;43.91;6.6;8.19;6,504;556;241;54;125,712;140;6;14;17;5.1;;;42;18;4,511;;18;9,629;;51;21;23;02:18;6;0.92;5.95;2.94;01:01;7.64;;13.16;30.37;6,867.07;109;2;19;16;13;48;11;2 hours;18;16;18:47;25:42;88%;4;59;6;0;2;3;
RyanAM;3889;151;28,808;7,151;37;10;5;24;10;;38.52;2.55;6.12;7,349;78;29;5;24,371;17;;2;;2.6;;;2;10;1,802;;10;6,502;;31;8;10;00:22;3;;7.65;1.27;00:28;4.33;;7.39;19.89;6,217.03;30;;4;2;1;6;;42 minutes;4;3;01:53;00:49;75%;3;6;6;0;1;2;
ryu-eight;3000;38;10,550;1,669;8;2;;6;2;;37.7;1.98;5.95;10,469;22;9;;7,859;16;;;;1.29;;;;7;1,110;;7;1,606;;7;3;6;00:23;;;16.86;0.99;01:51;15.87;;8.93;21.83;7,798.76;17;;1;1;0;3;;14 minutes;1;1;01:52;03:49;59%;;;;0;0;1;
Saber-x-wolf;2666;9;3,857;2,337;8;;;;;;18.51;;;7,933;5;;;1,210;3;;;;1.66;;;;5;1,078;;5;1,078;;5;;3;00:10;;;6.17;;00:23;6.17;;2.05;10.28;2,487.87;3;;0;0;0;1;;3 minutes;0;;00:11;;;3;;;;0;
samurainu;2412;1,872;553,716;14,796;77;104;6;205;10;;34.62;1.92;3.79;10,240;1,177;418;56;381,470;603;16;18;;2.08;;;109;21;3,611;;21;11,586;;38;12;27;04:00;4;0.01;10.43;1.03;02:17;11.15;;7.73;21.76;7,054.89;564;10;46;47;49;143;6;11 hours;54;18;02:03:57;26:13;33%;4;84;7;2;34;2;
sbkkzy;0;139;42,512;9,215;35;8;4;13;4;;41.38;2.38;3.87;12,656;57;15;2;23,850;20;2;;;1.23;;;;10;1,601;;10;5,197;;11;4;5;00:33;;;13.69;0.59;01:00;5.95;;4.46;16.96;7,100.16;46;3;4;2;1;7;;45 minutes;3;1;03:22;00:15;20%;3;5;4;0;3;1;
Shadowfox55;2974;445;146,732;11,707;55;41;7;53;5;;27.41;2.52;3.26;9,040;401;163;26;107,594;180;2;6;;2.94;;;18;14;4,391;;14;9,082;;36;15;20;02:21;4;;8.37;1.6;01:34;11.08;;10.04;24.7;6,628.83;136;3;17;12;5;33;2;3 hours;16;7;25:31;05:34;44%;4;37;6;0;9;2;
shadowstrixx;2873;161;33,510;9,196;43;3;;11;5;;47.13;0.87;3.22;9,810;59;11;;18,791;31;;2;;1.4;;;2;6;1,587;;6;4,538;;22;4;9;01:12;;;12.29;0.29;01:41;9.07;;3.22;17.27;5,501.15;42;2;4;4;1;9;;45 minutes;3;3;05:45;;76%;;4;2;;1;1;
Sharpy776;2926;50;13,540;12,940;50;4;4;;;;48.12;3.84;0.96;13,033;16;7;3;9,914;5;;;;1.33;;;;11;3,440;;11;9,650;;16;7;5;01:04;3;;11.54;2.88;01:01;4.81;;6.73;15.39;9,541.92;12;;1;0;0;1;;17 minutes;1;;01:04;;;;3;3;0;1;3;
Shikurikato-;0;58;12,742;10,942;46;7;7;4;4;;63.58;7.67;4.38;13,970;25;4;;9,727;15;;;;1.04;;;;4;1,053;;4;9,184;;25;4;15;02:03;;;26.31;;02:27;16.44;;4.38;27.4;10,664.18;24;;1;1;0;2;;16 minutes;1;;02:14;;;3;4;4;;1;4;
Shimada_Bros;3031;3;47;47;3;;;2;2;;44.93;;29.95;708;5;;;603;4;;;;5;;;;4;362;;4;603;;5;;4;00:14;;;14.97;;03:35;59.91;;;74.89;9,035.1;;;0;;0;0;;1 minute;0;0;00:14;;100%;
Signal_Graph;0;200;43,803;7,671;39;11;3;17;4;;40.47;2.22;3.44;8,864;97;31;7;36,516;46;2;4;;1.42;;;;9;2,123;;9;7,116;;20;6;11;01:22;2;;13.76;1.41;01:32;9.3;;6.27;19.62;7,389.7;68;;7;4;0;12;;57 minutes;5;2;07:38;01:17;41%;3;7;2;0;3;1;
Smithered;0;27;3,122;1,098;15;;;3;;;96.54;;10.72;11,166;6;3;;4,079;;;;;2;;;;3;2,027;;3;2,027;;3;2;;00:11;;;10.72;;01:18;3.57;;10.72;21.45;14,585.1;3;;0;0;0;1;;4 minutes;0;0;00:21;;32%;;;;0;0;
SNAKE714;3590;4;630;495;3;;;2;;;63.5;;31.75;9,999;2;;;652;;;;;;;;;;438;;1;438;;;;;00:08;;;31.75;;02:23;15.87;;15.87;31.75;10,353.18;2;;0;0;0;0;;1 minute;0;0;00:09;00:24;35%;;;;0;0;
SpanishK;2586;;600;600;;;;;;;;;;14,613;;;;831;;;;;;;;;;827;;1;831;;;;;00:09;;;24.35;;03:45;24.35;;;24.35;20,231.68;;;0;0;;0;;45.559036986902356 seconds;0;0;00:09;00:32;90%;;;;;0;
srilanne;2758;2;1,474;1,474;2;;;;;;11.11;;5.55;8,197;;;;680;;;;;0.33;;;;;324;;1;680;;;;;00:03;;;16.67;;00:21;;;;5.55;3,783.15;3;;0;0;0;1;;1 minute;0;;00:03;;;;;;;0;
ss0401bump;2485;3;2,256;1,581;2;;;;;;11.75;;;8,838;2;;;1,303;;;;;0.4;;;;;392;;1;904;;;;;00:13;;;19.59;3.91;00:53;;;3.91;7.83;5,103.76;5;;;0;1;1;;3 minutes;0;;00:13;;;;;;0;0;
stormavatar;4579;41;15,939;4,873;12;5;2;7;2;;15.42;1.88;2.63;5,997;58;13;;12,857;20;;;;7.25;;;3;10;2,824;;10;4,566;;19;4;6;00:49;;;3;0.37;00:49;7.52;;4.89;21.82;4,837.36;8;;3;5;1;9;;22 minutes;3;3;02:11;;95%;3;5;2;0;0;2;
subzilllaa;3496;284;60,052;7,039;44;17;3;19;6;;40.58;2.42;2.71;8,582;106;39;10;46,718;32;;4;;0.99;;;;9;3,209;;9;7,058;;16;7;13;02:02;4;;15.29;1.42;00:57;4.57;;5.57;15.14;6,676.6;107;5;5;5;4;14;;1 hour;7;1;06:40;01:56;16%;3;13;3;0;5;2;
SugahFree;3000;2;1,200;1,200;2;;;;;;35;17.5;;21,003;;;;460;;;;;;;;;;460;;1;460;;;;;00:03;;;17.5;;01:03;;;;17.5;8,046.78;;;;;0;0;;50.90036102384329 seconds;0;0;00:03;;100%;
Surrturr;3138;9;1,373;909;5;;;;;;14.23;1.58;;2,171;7;6;;2,434;2;;;;1.75;;;;6;1,304;;6;1,304;;6;6;2;00:07;;;6.32;1.58;00:16;3.16;;9.49;11.07;3,849.95;4;;1;1;0;2;;6 minutes;1;0;00:10;;66%;;;;;0;2;
swagboy1235;0;9;2,400;2,400;9;;;2;2;;53.18;;11.81;14,183;6;;;1,191;3;;;;3;;;;4;869;;4;1,191;;6;;3;00:47;;;11.81;;04:38;17.72;;5.9;35.45;7,038.6;2;;0;0;0;1;;1 minute;0;0;00:47;;100%;
Swegg-Lawdd;0;1,490;292,692;17,447;82;123;8;211;17;2;61.49;5.07;8.7;12,081;904;300;25;248,630;303;19;22;4;3.64;;;9;19;4,441;;19;13,026;;44;17;31;01:56;3;0.16;10.23;1.03;01:14;12.5;;12.38;37.31;10,261.99;248;13;30;22;17;68;7;5 hours;24;20;30:10;28:19;81%;4;110;10;1;4;5;
SwiperThe1;4252;13;2,449;2,449;13;;;5;5;;33;2.53;12.69;6,217;10;5;;2,342;;;;;3.33;;;;4;931;;4;2,342;;10;5;;00:30;;;7.61;;01:17;2.53;;12.69;25.39;5,945.52;3;;0;0;0;1;;3 minutes;0;0;00:30;;100%;;;;;;3;
Taimbot;3653;4;2,884;2,054;4;;;;;;9.97;;2.49;7,195;7;3;;1,129;3;;;;1.16;;;;3;313;;3;723;;6;3;3;00:16;;;14.96;;00:55;7.48;;7.48;17.46;2,815.52;6;;1;0;0;1;;5 minutes;0;0;00:22;;68%;;;;;0;
TARAKO_JOJO;2772;31;8,982;8,982;31;;;2;2;;47.52;1.53;3.06;13,771;6;6;3;3,121;2;;;;1.2;;;;3;1,181;;3;3,121;;6;6;2;00:28;3;;7.66;4.59;00:42;3.06;;9.19;9.19;4,784.2;5;;;1;1;1;;6 minutes;1;;00:28;;;;;;;1;2;
teehtf;4293;246;30,832;6,727;51;36;6;43;10;;46.5;6.8;8.12;5,829;134;57;12;31,031;25;2;;2;5.15;;;2;16;4,029;;16;6,782;;33;16;7;00:56;6;0.37;4.91;2.26;00:39;4.72;;10.77;25.33;5,866.74;26;;7;3;3;12;2;53 minutes;5;5;03:28;05:02;94%;3;18;6;;0;3;
The_Bob_tw;3073;370;83,737;13,637;86;26;5;40;12;;57.9;4.06;6.25;13,104;193;75;14;54,317;106;;2;2;2.09;;;8;21;3,740;;21;10,063;;44;20;21;03:22;4;0.31;14.39;2.19;02:14;16.58;;11.73;30.2;8,500.28;92;;5;8;7;20;;1 hour;6;2;14:20;10:59;37%;;20;5;1;3;3;
TheCryokinetic;3743;194;28,648;13,549;100;16;5;15;8;2;89.75;7.4;6.93;13,253;69;30;6;29,503;30;;4;2;2.29;;;;8;3,282;;8;14,397;;41;18;17;01:37;2;0.92;13.87;2.77;01:23;13.87;;13.87;31.92;13,648.95;30;2;4;1;1;5;;30 minutes;2;2;03:00;02:06;80%;3;8;4;0;0;4;
TheeObamanation;0;4;733;733;4;;;;;;43.33;10.83;;7,940;;;;655;;;;;0.5;;;;;434;;1;655;;;;;00:08;;;21.66;;01:32;10.83;;;10.83;7,094.68;2;;0;0;0;0;;1 minute;0;;00:08;;;;;;;0;
TheRagerGamer;3991;70;10,081;3,546;26;3;2;5;3;;87.48;3.74;6.24;12,599;22;9;;7,065;7;;;;3.14;;;;10;2,236;;10;3,129;;17;7;4;00:26;;;8.74;;01:35;8.74;;11.24;27.49;8,830.63;7;;0;1;1;2;;11 minutes;1;1;01:16;01:43;63%;;3;2;0;0;4;
Thirsty_Cat;0;215;45,775;14,054;64;15;9;17;7;;72.91;5.08;5.76;15,525;95;29;4;29,936;42;2;3;;2.37;;;;15;2,825;;15;9,589;;39;14;22;01:57;2;;13.56;1.35;01:43;14.24;;9.83;32.22;10,153.09;40;;3;3;2;8;;50 minutes;3;1;05:04;01:52;37%;3;11;9;;2;4;
timohilde86;3478;62;15,995;5,911;24;3;;6;3;;33.63;1.62;3.25;8,678;36;10;;12,384;21;;;;1.5;;;;4;1,393;;4;4,238;;17;5;8;01:03;;;13.02;;01:35;11.39;;5.42;19.53;6,718.83;24;2;2;1;0;3;;22 minutes;2;2;02:56;00:22;82%;;3;2;;0;2;
tinysparkles;3258;4,075;706,267;17,829;124;290;10;492;12;2;67.32;4.79;8.12;11,668;1,980;836;138;616,926;776;23;43;4;2.38;;;62;22;4,016;;22;19,711;;55;22;26;02:14;7;0.06;13.71;2.27;01:44;12.82;;13.81;32.71;10,192.36;830;27;65;53;29;147;5;14 hours;61;24;01:45:04;01:07:50;39%;4;244;9;2;34;4;
tomidaiki;2827;1,461;414,211;18,320;80;78;4;134;7;;50.49;2.69;4.63;14,315;625;214;34;234,359;261;5;14;2;1.9;;;6;11;4,260;;11;10,014;;34;14;17;02:46;3;0.06;11.33;1.17;01:52;9.02;;7.39;21.6;8,099.5;328;10;25;16;13;54;;6 hours;29;13;54:05;06:56;44%;4;55;6;1;15;2;
Toon_Link32;3860;7;4,345;1,693;4;;;;;;11.2;;;6,956;;;;645;;;;;0.11;;;;;324;;1;327;;;;;00:05;;;14.4;;00:19;;;1.6;1.6;1,032.91;9;;0;0;;1;;6 minutes;1;;00:11;;;;;;0;1;
towearacrown;0;29;10,150;4,478;16;2;;3;2;;36.96;2.54;3.82;12,939;23;8;;6,738;4;;;;4.59;;;;11;2,555;;11;3,413;;12;4;3;00:45;;;6.37;;01:33;5.09;;10.19;29.32;8,589.7;5;;0;0;0;1;;9 minutes;1;1;01:13;01:33;65%;;2;;;0;3;
Uryu_CsP;4529;6;1,800;1,200;5;;;2;;;34.48;5.74;11.49;10,345;12;3;;2,015;10;;;;4;;;;8;1,567;;8;1,687;;8;3;6;00:22;;;17.24;;02:30;57.47;;17.24;68.96;11,580.65;3;;0;0;0;0;;2 minutes;0;;00:26;00:28;;4;2;2;0;0;11;
vansama813;2031;14;1,051;1,051;14;;;;;;73.03;;;5,482;3;;;1,681;2;;;;;;;;3;1,051;;3;1,681;;3;;2;00:30;;;15.65;;02:38;10.43;;;15.65;8,769.01;3;;1;;;1;;2 minutes;0;;00:30;;;;;;;0;
Vince-F95Gunners;3049;1,628;358,009;18,882;139;132;14;166;13;;53.18;4.31;5.42;11,696;808;319;77;265,452;328;6;12;;2.35;;1;12;16;4,310;;16;20,377;;54;19;24;04:01;6;0.03;11.2;2.51;01:47;10.71;;10.42;26.39;8,672.4;343;11;21;33;22;75;7;6 hours;31;12;54:52;38:01;40%;4;125;12;2;16;4;
Vintagesole;;19;3,602;3,602;19;6;6;;;;61.05;19.27;3.21;11,573;16;5;;3,690;10;;2;;5.33;;;;6;1,526;;6;3,690;;16;5;10;01:06;;;9.63;3.21;03:32;32.13;;16.06;51.41;11,857.96;3;;;0;0;1;;4 minutes;0;0;01:06;02:49;100%;;6;6;;;19;
VoSnYb;3961;18;2,952;1,785;18;;;;;;58.5;;;9,596;;;;2,555;;;;;0.33;;;;;1,690;;1;1,690;;;;;00:04;;;9.75;;00:29;;;;3.25;8,305.39;3;;0;0;1;1;;3 minutes;0;0;00:09;;11%;;;;;0;
Waltnators;2051;242;49,629;14,311;67;28;12;18;7;;52.64;6.09;3.91;10,797;95;31;4;27,759;56;4;4;;1.53;;;;14;2,040;;14;8,321;;29;10;21;03:10;2;;13.48;0.87;02:07;12.18;;6.74;20.66;6,039.1;62;;6;3;0;10;;1 hour;5;1;09:45;00:00;21%;4;16;9;;4;3;
Wan-0-War;4202;15;5,363;3,646;14;;;;;;31.66;;;11,321;7;;;3,877;2;;;;1.4;;;;3;1,905;;3;2,315;;3;;;00:28;;;10.55;;01:32;4.22;;2.11;14.77;8,185.13;5;;1;0;0;1;;5 minutes;0;0;00:43;00:48;99%;;;;;0;
wannchan_1208;3680;122;35,898;6,349;27;18;4;12;3;;48.04;7.08;4.72;14,138;96;30;4;23,476;31;3;;;4.8;;;;17;3,498;;17;4,212;;17;8;10;01:06;;;7.87;1.57;01:42;12.2;;11.81;37.8;9,245.89;20;;5;1;1;7;;33 minutes;3;2;04:20;03:55;93%;4;14;4;;0;6;
WhiteRangerOwnz;1919;880;151,499;12,723;84;53;5;88;11;;57.98;3.49;5.79;9,983;401;128;24;123,846;178;4;9;;1.81;;;32;15;3,425;;15;15,683;;62;12;38;04:39;3;;14.56;1.58;01:46;11.72;;8.43;26.42;8,160.49;221;6;16;17;5;39;;3 hours;15;6;27:00;06:12;40%;3;51;7;1;8;3;
WidestLowen;3000;2;613;613;2;;;;;;15.61;;;4,789;;;;376;;;;;;;;;;231;;;376;;;;;;;;15.61;;;;;;;2,936.98;2;;;0;0;0;;1 minute;0;;;;;;;;;0;
WolfsRawr;0;223;38,624;8,600;71;20;4;33;12;3;75.36;6.75;11.15;13,054;113;58;15;33,846;52;;2;4;3.32;;;4;14;3,889;;14;9,885;;26;19;10;01:53;7;1.35;11.49;5.06;02:25;17.57;;19.6;38.19;11,439;34;;4;2;2;8;;46 minutes;3;1;07:10;08:26;22%;4;9;3;;2;3;
Wonga1963;3412;11;1,017;1,017;11;;;;;;72.4;;6.58;6,694;4;2;;1,437;;;;;2;;;;4;793;;4;1,437;;4;2;;00:05;;;13.16;;00:38;6.58;;13.16;26.32;9,456.86;2;;0;0;;1;;2 minutes;0;;00:05;00:01;;;;;;0;
xbLeU;0;300;65,223;5,701;27;18;2;35;4;;49.02;2.94;5.71;10,659;177;68;11;54,906;64;;3;;2.72;;;8;14;3,507;;14;5,750;;35;13;7;00:52;2;;10.62;1.79;01:34;10.45;;11.11;28.92;8,972.68;65;2;6;5;6;17;2;1 hour;6;4;09:40;10:16;71%;;16;3;0;1;3;
XCloud-4tlasX;2415;;759;759;;;;;;;15.69;;;11,908;;;;825;;;;;;;;;;680;;;825;;;;;00:14;;;31.38;;03:51;;;;;12,942.56;2;;0;;0;0;;58.74617201369256 seconds;0;;00:14;;;;;;;0;
XDaRkFlMeMaSteX;3020;501;133,511;7,173;77;32;8;53;13;;38.44;2.45;4.06;10,244;311;103;12;99,374;147;4;4;;2.14;;;10;11;3,751;;11;10,274;;37;13;14;02:04;2;;11.12;0.92;01:55;11.27;;7.9;23.86;7,624.79;145;2;11;15;8;33;;2 hours;13;5;25:10;08:55;41%;3;35;7;1;6;3;
XenomorphKiller6;0;99;15,621;9,711;77;6;5;12;9;;106.93;6.48;12.96;16,872;48;15;3;12,985;26;;;;3.69;;;;10;2,081;;10;8,710;;31;13;15;02:09;3;;14.04;3.24;03:18;28.08;;16.2;51.84;14,025.64;13;;1;1;1;3;;14 minutes;1;0;03:04;05:24;35%;;8;5;;1;9;
xEvery_;0;173;28,802;8,539;48;13;3;39;12;;49.52;3.72;11.16;8,245;122;46;2;28,701;37;2;;;7.62;;;;14;2,937;;14;8,550;;39;16;16;01:19;;;4.58;0.57;01:07;10.59;;13.16;34.92;8,216.27;16;;7;5;2;14;;35 minutes;3;3;03:55;04:33;99%;3;11;3;;0;3;
xGrommash;2965;45;14,442;5,438;17;2;;2;;;32.7;1.45;1.45;10,497;14;5;;6,897;2;;;;1.07;;;;5;1,771;;5;2,663;;9;4;2;00:37;;;9.44;0.72;00:49;1.45;;3.63;10.17;5,012.51;13;;1;1;1;2;;14 minutes;1;0;01:08;;24%;;;;;1;1;
XTheFunPolice;3517;;120;120;;;;;;;;;;1,217;;;;270;;;;;;;;;;270;;;270;;;;;00:05;;;10.14;;01:00;;;;;2,741.73;;;;0;0;0;;51.189818982966244 seconds;0;;00:05;;;;;;0;0;
xtrickharder_esp;3952;195;47,725;5,355;30;8;;37;7;;41.44;1.7;7.86;10,144;161;68;13;39,416;46;;;2;3.42;;;11;21;3,575;;21;4,841;;21;8;7;01:10;3;0.42;9.98;2.76;01:21;9.77;;14.45;34.22;8,377.96;47;;6;4;5;15;3;59 minutes;5;3;06:22;09:46;68%;;11;3;0;1;2;
YoungShimada;3380;273;54,414;8,523;66;19;6;29;6;;58.88;4.09;6.25;11,737;166;50;5;47,909;76;;3;;3.19;;;;11;3,838;;11;8,872;;32;8;11;01:32;;;11.21;1.07;02:12;16.39;;10.78;35.8;10,333.67;52;;3;5;5;13;;1 hour;5;3;10:15;02:22;67%;3;11;2;0;1;2;
yui_ui_1989;2504;51;6,225;3,998;33;4;2;9;6;;67.3;5.27;11.87;8,215;32;16;4;5,976;11;;;;3.2;;;;10;1,884;;10;4,701;;24;12;8;01:19;3;;13.19;5.27;01:54;14.51;;21.11;42.23;7,886.67;10;;2;;;2;;12 minutes;1;1;01:26;00:38;100%;;2;;;;3;
Zcity9;3073;53;21,739;7,884;15;3;2;4;2;;19.96;1.13;1.5;8,191;25;10;;11,370;12;;3;;0.8;;;;6;1,610;;6;3,520;;7;3;5;01:08;;;11.68;0.37;00:56;4.52;;3.76;9.41;4,284.08;31;2;1;1;0;2;;24 minutes;3;0;02:29;00:06;2%;;3;2;;3;1;
Zealousx;3334;13;1,525;925;11;;;;;;48.34;3.71;3.71;5,672;5;4;2;1,557;;;;;1.66;;;;2;620;;2;1,161;;3;2;;00:06;;;11.15;7.43;00:38;3.71;;14.87;18.59;5,789.18;3;;0;0;0;1;;4 minutes;0;;00:10;;;;;;;0;4;
ZeeTee_;4127;151;20,719;10,065;76;3;;20;9;;87.67;1.74;11.61;12,030;48;18;;19,177;9;;2;;1.77;;;;8;2,593;;8;8,322;;15;6;6;00:36;;;15.67;0.58;01:23;5.22;;10.45;27.86;11,134.42;27;;1;1;2;4;;25 minutes;2;1;02:24;00:33;49%;;4;2;;1;2;
zwordz;4074;39;11,479;2,988;23;2;;2;;;46.71;2.39;2.39;13,749;15;5;;6,082;2;;;;0.88;;;;5;982;;5;1,837;;8;2;;00:14;;;20.36;;00:48;2.39;;5.98;17.96;7,284.49;17;;1;1;0;3;;12 minutes;1;0;00:40;00:08;43%;;2;;;0;2;
