Username;SR;Damage Blocked;Damage Blocked - Most in Game;Lifetime Graviton Surge Kills;Graviton Surge Kills - Most in Game;High Energy Kills - Most in Game;High Energy Kills;Lifetime Energy Accumulation;Energy Maximum;Projected Barriers Applied;Average Energy - Best in Game;Melee Final Blows - Most in Game;Projected Barriers Applied - Average;High Energy Kills - Average;Graviton Surge Kills - Average;Damage Blocked - Average;Lifetime Average Energy;Eliminations;Final Blows;Solo Kills;Shots Fired;Shots Hit;Damage Done;Objective Kills;Multikills;Environmental Kills;Melee Final Blows;Eliminations per Life;Weapon Accuracy;Healing Done;Teleporter Pads Destroyed;Turrets Destroyed;Eliminations - Most in Life;Damage Done - Most in Life;Healing Done - Most in Life;Weapon Accuracy - Best in Game;Kill Streak - Best;Damage Done - Most in Game;Healing Done - Most in Game;Eliminations - Most in Game;Final Blows - Most in Game;Objective Kills - Most in Game;Objective Time - Most in Game;Solo Kills - Most in Game;Melee Final Blows - Average;Deaths - Average;Solo Kills - Average;Objective Time - Average;Objective Kills - Average;Healing Done - Average;Final Blows - Average;Eliminations - Average;Damage Done - Average;Deaths;Environmental Deaths;Medals - Bronze;Medals - Silver;Medals - Gold;Medals;Cards;Time Played;Games Played;Games Won;Objective Time;Time Spent on Fire;Win Percentage;Multikill - Best;Projected Barriers Applied - Most in Game;Games Tied;Games Lost;
aahmad3_3;2887;248,008;8,444;194;9;22;489;1,064,717;3,340,800;1,075;1;2;21.73;9.88;3.92;5,015;0.31;967;321;41;4,869;1,795;430,066;436;17;;4;1.98;36%;;3;118;20;5,743;;100%;20;12,027;;40;16;18;02:46;4;0.08;9.84;0.82;01:24;8.81;;6.49;19.55;8,696.06;487;20;43;40;30;113;9;9 hours;49;19;01:10:01;01:01:38;37%;6;39;5;26;
abra84kadabra;2388;144,418;5,672;75;7;19;234;596,630;2,326,300;1,120;1;;34.6;7.23;2.31;4,462;0.25;570;184;24;3,165;884;204,801;292;7;;2;2;27%;;;55;15;4,840;;66%;15;7,469;;35;13;23;03:48;4;0.06;8.77;0.74;02:13;9.02;;5.68;17.61;6,328.22;284;10;18;33;29;80;8;6 hours;32;16;01:12:04;23:59;49%;4;45;0;16;
Actualsim;2264;2,671;2,671;;;5;5;10,766;37,400;15;0;;55.73;18.57;3.71;9,924;0.28;11;;;21;7;4,012;6;;;;1.57;33%;;;;4;1,386;;;4;4,012;;11;;6;00:43;;;26;;02:43;22.29;;3.71;40.87;14,905.1;7;3;;;0;0;;6 minutes;0;;00:43;;;;15;;0;
aisia121;4402;2,843;2,843;2;2;3;3;14,423;28,400;13;1;;34.02;7.85;5.23;7,441;0.5;6;2;;5;;5,144;;;;;2;;;;;4;3,613;;;4;5,144;;6;2;;00:44;;;7.85;;01:57;2.61;;5.23;15.7;13,462.65;3;;;1;0;1;;4 minutes;0;0;00:44;01:55;100%;;13;
AkimboMistiK;4291;192,235;11,840;193;19;53;578;945,442;2,225,100;974;1;2;32.4;19.23;6.42;6,397;0.42;878;284;26;3,944;1,841;346,244;393;21;;8;4.38;46%;;;;34;8,670;;72%;34;22,157;;63;18;32;04:28;3;0.26;6.65;0.86;01:48;13.07;;9.45;29.21;11,521.26;200;2;38;32;23;93;13;6 hours;30;24;54:13;01:21:48;81%;5;56;2;4;
akira082219;0;836,744;13,957;703;19;39;1,964;3,840,603;10,116,200;4,927;1;;39.58;15.77;5.64;6,722;0.37;3,232;1,184;126;18,403;9,254;1,556,213;1,582;85;3;5;3.05;50%;;;25;20;8,452;;100%;20;30,676;;60;22;40;04:22;5;0.04;8.49;1.01;01:39;12.7;;9.51;25.96;12,502.2;1,057;17;124;134;107;366;58;28 hours;124;59;03:26:27;03:49:50;47%;6;83;6;59;
Akodak;3000;280,246;13,150;238;15;50;727;1,369,930;2,995,800;1,799;1;2;50.56;20.43;6.68;7,876;0.45;993;312;26;9,185;3,417;444,548;524;33;;8;3.66;37%;;;;28;9,134;;57%;28;30,718;;52;21;32;03:54;4;0.22;7.61;0.73;01:56;14.72;;8.76;27.9;12,494.29;271;14;33;32;53;118;27;8 hours;36;14;01:08:52;01:33:30;39%;4;88;3;18;
Alelksan;0;1,394;1,394;;;3;3;7,057;11,900;4;1;;45.36;34.02;;15,806;0.59;4;2;;31;19;3,851;4;;;;4;61%;;;;3;3,344;;61%;3;3,851;;4;2;4;00:28;;;11.34;;05:20;45.36;;22.68;45.36;43,675.07;;;;;0;0;;1 minute;0;0;00:28;00:04;100%;;4;
AllStatsDown;0;1,028,569;13,510;1,069;19;65;3,263;5,025,559;11,427,500;6,314;1;3;43.78;22.62;7.41;7,133;0.43;4,671;2,013;388;15,033;6,871;1,893,508;2,006;122;4;24;4.41;45%;;;49;45;13,139;;80%;45;23,853;;68;41;33;03:46;10;0.16;7.34;2.69;01:26;13.91;;13.96;32.39;13,131.91;1,059;23;125;143;172;440;109;31 hours;144;80;03:28:33;09:41:28;55%;5;73;9;55;
AmaZem-;3964;147,096;11,830;156;21;38;383;673,508;1,764,700;624;1;;28.77;17.65;7.19;6,782;0.38;588;197;23;3,385;1,598;284,842;260;29;;2;2.81;47%;;;;18;9,533;;100%;18;23,103;;56;19;32;03:20;2;0.09;9.63;1.06;01:17;11.98;;9.08;27.11;13,133.34;209;5;25;19;24;69;10;4 hours;22;10;27:58;45:54;46%;4;58;2;10;
Angel_L_AssAssin;3749;539,432;13,367;489;24;44;1,506;2,573,237;6,217,400;3,335;1;2;42.34;19.12;6.2;6,849;0.41;2,397;778;65;11,727;4,465;862,402;1,262;68;;8;4.1;38%;;;6;24;6,702;;67%;24;25,248;;64;25;39;04:42;4;0.1;7.41;0.82;02:06;16.02;;9.87;30.43;10,950.3;584;7;78;79;99;256;62;17 hours;79;59;02:45:26;02:57:32;74%;5;83;6;14;
angels_fan_44;2127;11,238;8,450;7;6;15;16;40,457;165,600;58;1;;24.48;6.75;2.95;4,743;0.24;46;21;5;255;144;24,086;20;;;;1.91;56%;;;12;10;4,041;;59%;10;17,943;;38;18;16;02:32;4;0.42;10.13;2.11;01:34;8.44;;8.86;19.41;10,166.57;24;;1;2;4;7;;27 minutes;2;;03:43;04:50;;;44;;2;
APurplePanduh;4021;373,443;11,264;457;21;53;1,260;1,834,229;4,058,900;2,105;1;5;40.99;24.53;8.9;7,273;0.45;1,825;682;77;11,886;5,694;794,616;808;53;2;43;5.01;47%;;;7;31;8,673;;80%;31;26,418;;57;26;34;02:54;4;0.83;7.08;1.49;01:37;15.73;;13.28;35.54;15,475.62;364;7;36;48;89;173;35;11 hours;51;32;01:23:03;03:02:53;62%;5;55;1;18;
Arash1994;0;992,986;11,732;1,087;18;42;3,675;5,089,631;11,863,300;5,809;1;3;30.58;19.34;5.72;5,228;0.42;5,797;2,185;240;24,295;11,893;2,065,324;2,313;144;4;30;8.65;48%;;;35;27;11,028;63;68%;27;23,740;;53;23;29;03:46;6;0.15;3.52;1.26;01:16;12.17;;11.5;30.52;10,874.47;670;14;162;208;250;620;140;32 hours;190;165;04:01:48;08:10:39;87%;5;60;2;23;
ATLXyphes;3256;72,799;5,995;68;10;21;209;364,674;972,700;404;1;;27.33;14.14;4.6;4,926;0.37;405;141;15;1,068;376;130,439;164;8;;2;6.23;35%;;;4;18;6,268;;62%;18;13,554;;35;15;22;02:40;3;0.13;4.39;1.01;01:36;11.09;;9.53;27.4;8,825.3;65;2;12;17;12;41;6;2 hours;15;14;23:41;25:41;96%;4;41;;0;
AustinC209x;3000;1,671;1,465;;;6;6;9,317;32,600;13;0;;16.59;7.65;1.27;2,132;0.28;11;5;;46;32;5,366;;;;;2.75;69%;;;;8;4,037;;74%;8;4,575;;10;5;;;;;5.1;;;;;6.38;14.03;6,848.69;4;;1;1;1;2;;5 minutes;1;1;;;100%;;12;
AutoBots_Kick_A;2901;549,834;10,130;490;14;38;1,450;2,721,575;6,832,600;3,900;1;;44.54;16.56;5.59;6,281;0.39;2,325;884;123;11,504;5,621;1,038,030;1,203;38;2;5;5.29;48%;;;36;29;15,391;;76%;29;21,301;;45;24;29;03:09;8;0.05;5.01;1.4;01:25;13.74;;10.09;26.55;11,857.13;439;12;71;74;104;249;57;18 hours;88;43;02:04:30;02:54:25;49%;4;63;6;38;
AyoKlaus;2925;65,375;10,134;78;17;42;267;337,153;732,400;387;1;;37.05;25.56;7.46;6,260;0.46;381;197;28;745;310;126,138;224;5;;3;7.47;41%;;;11;24;6,994;;70%;24;21,446;;49;26;36;03:18;5;0.28;4.88;2.68;01:49;21.44;;18.86;36.48;12,078.05;51;;2;12;24;39;9;2 hours;10;7;19:04;01:06:42;69%;5;61;;3;
Beautiful-KEN-;3195;24,129;9,320;18;10;39;80;134,086;255,000;134;1;;50.45;30.12;6.77;9,086;0.52;112;42;3;550;247;56,787;48;2;;;5.09;44%;;;9;23;6,857;;50%;23;24,230;;57;20;29;02:44;3;;8.28;1.12;02:13;18.07;;15.81;42.17;21,383.18;22;;2;1;5;8;2;42 minutes;3;2;05:54;16:04;75%;3;56;;1;
BEBOFLOW-PR;0;551,635;10,052;464;15;30;1,193;2,448,679;7,057,300;3,699;1;;45.34;14.62;5.68;6,762;0.34;2,219;717;70;10,050;4,307;962,571;1,050;40;;12;2.61;42%;;;24;21;7,529;;100%;21;21,520;;55;18;31;02:57;5;0.14;10.39;0.85;01:29;12.87;;8.78;27.2;11,799.92;848;20;105;72;43;220;30;19 hours;82;30;02:01:20;01:42:45;36%;4;70;3;49;
beckkyyy-;2702;15,389;3,870;7;2;2;3;51,371;282,100;134;0;;34.5;0.77;1.8;3,963;0.18;23;4;;426;144;16,969;12;;;;0.6;33%;;;;3;1,122;;57%;3;3,773;;6;2;4;00:48;;;9.78;;00:48;3.09;;1.03;5.92;4,370.05;38;;2;3;2;7;;47 minutes;4;1;03:07;;16%;;27;;3;
BEN-B-en;0;1,368,711;13,768;1,206;21;39;3,235;6,426,734;16,496,600;6,465;1;2;31.97;15.99;5.96;6,770;0.38;5,295;1,955;191;24,183;12,379;2,835,494;2,276;133;3;36;3.06;51%;;;12;25;10,527;;100%;25;31,518;;51;27;25;04:15;4;0.17;8.53;0.94;01:29;11.25;;9.66;26.18;14,024.07;1,726;40;213;191;158;562;57;45 hours;202;103;05:00:44;05:48:53;51%;5;60;7;92;
BhaagMilkhaBhaag;3000;1,133;1,133;5;5;;;3,266;39,000;12;0;;26.58;;11.07;2,510;0.08;11;3;;32;16;2,220;9;;;;2.2;50%;;;;4;547;;;4;2,220;;11;3;9;00:44;;;11.07;;01:38;19.93;;6.64;24.36;4,917.57;5;;1;;;1;;6 minutes;0;;00:44;;;;12;;0;
bhmazz;0;1,187,620;10,847;865;13;42;2,452;5,537,972;14,925,100;7,133;1;3;36.16;12.43;4.38;6,021;0.37;4,136;1,448;199;22,333;8,358;1,659,939;2,129;80;10;62;2.36;37%;;2;139;29;8,128;;100%;29;18,113;;52;24;30;04:20;6;0.31;8.85;1;01:39;10.79;;7.34;20.96;8,415.41;1,747;32;171;148;105;424;94;41 hours;197;88;05:26:36;03:45:46;44%;5;60;14;95;
BloodHoundHD;4028;539,175;9,690;529;17;39;1,243;2,342,693;7,221,200;2,708;1;2;30.71;14.09;6;6,116;0.32;2,450;896;118;11,448;5,436;1,071,601;1,047;60;;17;2.87;47%;;2;34;17;7,343;144;88%;17;22,727;;58;22;29;03:03;4;0.19;9.65;1.33;01:29;11.87;;10.16;27.79;12,155.35;851;11;86;84;76;246;24;20 hours;88;41;02:11:51;02:55:21;46%;6;53;7;41;
Blota_Skoles;3358;4,938;1,858;;;;2;15,737;87,500;32;0;;34.31;2.14;;5,295;0.17;17;3;;5;;5,042;6;;;;1.41;;;;;6;1,186;;;6;1,687;;10;2;5;00:37;;;12.86;;01:29;6.43;;3.21;18.22;5,406.61;12;2;1;1;0;2;;14 minutes;1;0;01:23;;13%;;11;;1;
blueschopper0628;1959;1,696,007;11,508;1,221;13;35;2,934;7,333,499;24,268,400;10,757;1;2;33.77;9.21;3.83;5,325;0.3;6,001;1,992;303;41,430;13,068;2,881,519;3,001;115;8;17;1.83;31%;;2;162;23;7,134;;76%;23;22,561;;45;16;29;04:31;5;0.05;10.28;0.95;01:28;9.42;;6.25;18.84;9,047.51;3,275;28;307;243;173;723;183;67 hours;318;152;07:48:41;05:13:16;47%;5;74;19;147;
BobbysWorldGamer;2493;212,638;6,429;139;10;21;345;928,700;2,846,900;1,211;1;;30.13;8.58;3.45;5,292;0.32;702;209;30;4,247;1,613;302,462;343;13;;;1.9;37%;;;14;19;7,143;;68%;19;10,889;;30;12;17;02:51;4;0.02;9.15;0.74;01:19;8.53;;5.2;17.46;7,527.06;368;6;42;25;18;85;11;7 hours;40;14;53:25;30:22;34%;4;46;1;25;
boJangles408;2209;;;;;;;;2,900;;0;;;;;;0.07;;;;7;;118;;;;;;;;;;;;;;;118;;;;;00:01;;;;;00:26;;;;;2,712.4;;;;;0;0;;29.669817022047937 seconds;;;00:01;;;;;;0;
BONBISH;3415;1,041,329;11,766;847;14;44;2,817;4,811,482;12,423,600;4,816;1;3;31.13;18.21;5.47;6,733;0.38;4,531;1,772;272;9,321;5,335;1,916,812;2,144;118;2;42;3.05;57%;;3;45;22;9,546;;83%;22;24,112;;73;26;40;04:00;8;0.27;9.59;1.75;01:37;13.86;;11.45;29.29;12,393.53;1,484;26;152;190;158;500;71;34 hours;155;80;04:12:11;06:45:26;51%;5;65;9;66;
boneh;4051;22,812;5,420;18;8;20;58;102,779;296,400;95;1;3;22.32;13.63;4.23;5,361;0.34;121;55;7;250;114;41,959;47;;;4;3.45;45%;;;;20;5,093;;88%;20;12,894;;34;16;14;01:33;2;0.94;8.22;1.64;01:09;11.04;;12.92;28.43;9,860.57;35;;4;3;2;10;;49 minutes;4;4;04:56;10:37;95%;4;27;;0;
Buahahahaha;2770;174,943;11,833;142;12;39;359;789,624;2,159,800;953;1;2;34.96;13.17;5.21;6,419;0.36;589;210;33;1,714;885;238,899;320;12;3;4;2.25;51%;;;4;12;4,891;;100%;12;19,039;;55;21;31;03:30;7;0.14;9.57;1.21;01:43;11.74;;7.7;21.61;8,765.88;261;4;22;22;23;68;12;5 hours;27;13;47:11;57:40;48%;4;62;1;13;
BubbbleBasss;3060;11,322;7,216;11;9;20;28;49,453;160,900;68;0;;42.28;17.41;6.84;7,040;0.3;65;26;4;199;103;27,493;29;;;;3.09;51%;;;;10;3,351;;40%;10;16,991;;45;17;19;03:55;3;;13.05;2.48;03:00;18.03;;16.16;40.41;17,095.74;21;;0;2;4;7;;26 minutes;2;2;04:50;05:50;100%;;49;
BunnyFuufu;3926;219,854;6,714;297;12;27;718;1,000,043;3,080,500;1,334;1;;29.97;16.13;6.67;4,941;0.32;1,414;544;75;4,855;2,278;491,679;501;39;;;4.79;46%;;;9;23;6,877;;68%;23;20,122;;47;19;26;02:49;5;0.02;6.62;1.68;01:11;11.25;;12.22;31.77;11,049.69;295;14;38;45;37;120;25;8 hours;44;38;52:49;01:52:37;85%;5;46;0;6;
buraki35;4286;2,250;2,250;3;3;6;6;7,503;45,100;24;0;;24;6;3;2,250;0.16;19;6;;117;37;3,881;5;;;;6.33;31%;;;2;9;2,111;;31%;9;3,881;;19;6;5;01:20;;;3;1;01:20;5;;6;19;3,880.63;3;;1;;1;2;;7 minutes;1;1;01:20;00:17;100%;;24;
burntlasagna;3052;2,165;2,165;;;2;2;9,388;37,300;12;0;;17.5;2.91;;3,157;0.25;2;;;42;12;1,193;;;;;0.28;28%;;;;;548;;28%;1;1,193;;2;;;00:10;;;10.2;;00:14;1.45;;;2.91;1,740.1;7;;;1;;1;;6 minutes;1;;00:10;;;;12;;1;
Cassia7;3556;761,585;16,887;579;17;56;1,768;3,448,200;7,539,900;3,822;1;;40.32;18.65;6.1;8,036;0.45;2,492;873;82;16,303;8,563;1,463,834;1,057;69;2;;3.17;52%;;;;21;9,699;;73%;21;33,581;;67;29;30;03:34;4;0.01;8.29;0.86;01:26;11.15;;9.21;26.29;15,445.75;786;16;87;105;123;315;39;20 hours;95;39;02:16:22;02:49:05;41%;6;84;6;50;
ChaLiWang;3191;177,075;11,159;245;18;49;712;914,454;1,943,000;664;1;;23.72;25.43;8.75;6,327;0.47;968;411;67;3,848;1,915;407,322;330;32;2;3;6.45;49%;;;8;30;8,824;;70%;30;24,632;;55;28;32;02:06;9;0.1;5.35;2.39;01:03;11.79;;14.68;34.58;14,553.1;150;2;28;25;45;98;22;5 hours;28;22;29:42;02:06:15;77%;5;40;;6;
chefskywalker420;3558;2,457;1,430;;;;;10,711;27,400;10;1;;28.35;2.83;;6,967;0.39;2;;;28;15;4,149;;;;;0.5;53%;;;;;1,900;;;1;2,222;;;;;00:24;;2.83;11.34;;01:48;;;2.83;5.67;11,765.66;4;;0;0;0;1;;4 minutes;0;0;00:38;;67%;;6;;0;
Chewdle;3693;155,893;7,639;177;11;31;358;664,860;2,359,000;822;1;;23.77;10.35;5.11;4,508;0.28;882;257;29;5,888;2,621;330,293;401;14;;2;4.28;44%;;;14;17;8,082;;87%;17;24,723;;47;14;29;03:51;3;0.05;5.95;0.83;01:27;11.59;;7.43;25.5;9,552.19;206;12;25;30;38;93;18;6 hours;35;27;50:18;48:34;77%;4;36;3;5;
Chimichanga49er;3611;10,868;4,030;16;9;9;25;47,605;160,700;71;0;;24.84;8.74;5.59;3,803;0.29;62;21;2;198;105;22,883;28;;;;5.16;53%;;;;12;3,846;;61%;12;8,428;;30;11;13;01:27;2;;4.19;0.69;01:18;9.79;;7.34;21.69;8,006.68;12;;2;4;2;9;2;26 minutes;3;3;03:44;10:03;100%;4;21;
Chinmokunouta;3000;1,443;1,443;;;;;4,994;20,400;8;0;;26.07;3.25;3.25;4,702;0.24;3;2;;47;17;2,385;;;;;;36%;;;;2;1,459;;;2;2,385;;3;2;;00:04;;;9.77;3.25;00:13;3.25;;6.51;9.77;7,773.64;3;;;1;;1;;3 minutes;0;;00:04;;;;8;;0;
Chuni-Byo;0;1,298,581;13,928;1,200;19;48;3,309;6,081,596;14,058,500;6,807;1;;41.05;19.95;7.23;7,832;0.43;4,809;1,621;162;25,128;11,771;2,475,721;2,010;116;;;3.3;46%;;2;12;20;13,372;74;100%;20;29,637;;55;22;32;03:30;5;0;8.78;0.97;01:30;12.12;;9.77;29;14,932.03;1,457;32;196;183;135;514;72;39 hours;166;90;04:11:27;05:26:59;54%;5;78;6;69;
Cinnabon_Man;2987;7,926;4,906;8;4;16;22;37,733;130,600;65;0;;29.18;9.87;3.59;3,559;0.28;56;21;2;228;99;15,543;37;;;;14;43%;;;;12;3,202;;55%;12;7,625;;28;10;21;02:52;;0.44;1.79;0.89;01:54;16.61;;9.42;25.14;6,978.8;4;;2;0;4;7;3;21 minutes;2;2;04:15;01:39;100%;3;36;
Colonel00627;2489;19,571;2,872;9;5;9;26;86,549;265,800;153;0;;36.01;6.12;2.11;4,607;0.32;63;15;4;637;341;42,750;30;;;;2.52;53%;;;;16;4,277;;83%;16;7,255;;16;4;11;02:35;;;5.88;0.94;01:02;7.06;;3.53;14.83;10,063.39;25;;2;4;4;11;;44 minutes;4;1;04:23;01:11;28%;4;25;;3;
CragtheLAD;2931;7,074;7,074;11;11;25;25;36,391;69,600;40;1;;39.99;24.99;10.99;7,074;0.52;29;15;2;147;97;15,054;10;;;;5.8;65%;;;;7;3,357;;65%;7;15,054;;29;15;10;00:40;2;;4.99;1.99;00:40;9.99;;14.99;28.99;15,053.77;5;;;;4;4;;11 minutes;1;1;00:40;01:09;100%;4;40;
crimsonview93;2440;11,757;3,035;10;4;10;28;49,447;163,300;56;0;;16.63;8.31;2.96;3,492;0.3;61;25;5;235;111;20,903;29;;;;5.08;47%;;;;14;5,953;;72%;14;5,953;;18;7;10;00:41;;;3.56;1.48;00:38;8.61;;7.42;18.11;6,208.08;12;;1;3;7;12;4;27 minutes;3;3;02:08;04:09;87%;;20;;0;
CrispeChris;3343;753,214;13,916;834;21;45;2,594;3,670,300;8,385,300;3,959;1;3;33.19;21.75;6.99;6,316;0.43;3,777;1,409;183;16,811;8,098;1,531,912;1,394;99;5;33;5.06;48%;;3;23;25;13,538;;80%;25;27,306;;56;29;28;03:34;6;0.27;6.25;1.53;01:13;11.68;;11.81;31.67;12,845.99;746;16;108;113;110;331;79;23 hours;119;102;02:26:25;06:09:44;85%;6;57;2;15;
cyber_animaI;4399;253,921;10,191;273;17;44;884;1,270,916;2,791,800;1,449;1;;38.79;23.66;7.3;6,798;0.45;1,231;429;33;7,230;3,177;466,963;496;41;2;3;5.19;43%;;;;27;9,623;;71%;27;17,749;;50;21;27;04:22;3;0.08;6.34;0.88;01:29;13.27;;11.48;32.95;12,501.54;237;6;33;42;43;119;23;7 hours;37;24;55:42;01:58:21;63%;6;61;1;13;
CyberBuIIying;4034;34,669;6,106;42;11;23;108;168,597;440,600;146;1;;23.2;17.16;6.67;5,509;0.38;191;65;20;905;449;77,722;63;4;;;4.65;49%;;;;25;5,951;;63%;25;13,901;;32;15;13;01:27;4;;6.51;3.17;00:53;10.01;;10.32;30.35;12,351.19;41;;4;10;3;17;2;1 hour;6;6;05:39;15:07;87%;4;35;;1;
Dabattousai;3896;21,587;5,012;18;10;17;57;99,820;257,100;98;1;;30.52;17.75;5.6;6,725;0.38;102;53;11;101;53;44,021;36;;;;3.4;52%;;;;13;4,268;;52%;13;14,634;;31;15;11;00:55;4;;9.34;3.42;00:58;11.21;;16.51;31.77;13,713.62;30;;4;2;6;12;;42 minutes;3;1;03:06;09:53;34%;4;22;0;2;
Daralys;2232;344;344;;;;;1,109;9,800;4;0;;14.13;;;1,216;0.11;;;;7;;324;;;;;;;;;;;241;;;;324;;;;;00:03;;;7.06;;00:12;;;;;1,144.89;2;;;0;;0;;1 minute;0;;00:03;;;;4;;0;
da-rhinoboy;2798;7,799;2,807;2;;8;13;30,173;96,400;32;0;;26.54;10.78;1.65;6,470;0.31;23;4;;50;16;8,084;13;;;;2.09;32%;;;;7;1,324;;33%;7;3,325;;15;2;11;01:42;;;9.12;;01:55;10.78;;3.31;19.08;6,706.7;11;;1;2;1;3;;16 minutes;1;0;02:18;00:00;8%;;12;0;1;
DARK_ASSAS1NATOR;0;5,140;2,158;5;2;2;3;13,050;80,700;35;0;;28.73;2.46;4.1;4,219;0.16;42;9;;181;84;12,102;11;;;;7;46%;;;;11;3,387;;48%;11;5,492;;16;4;7;00:28;;;4.92;;00:50;9.03;;7.38;34.48;9,935.51;6;;2;0;0;2;;13 minutes;1;1;01:01;00:05;100%;;12;
daxurinn;2534;10,193;8,347;7;7;17;20;42,600;149,900;54;0;;39.49;14.62;5.12;7,455;0.28;58;22;4;311;139;16,927;43;;;;2.76;44%;;;;10;2,291;;51%;10;14,974;;54;20;40;04:40;3;;15.36;2.92;03:43;31.45;;16.09;42.42;12,381.34;21;;1;0;3;5;;24 minutes;1;;05:04;03:54;;;47;;1;
Dedicatus545___;2368;30,026;10,610;19;5;22;72;153,537;347,900;165;1;;33.05;14.42;3.8;6,016;0.44;110;42;6;498;238;44,252;47;;;2;3.43;47%;;;;12;4,653;;53%;12;17,114;;30;10;16;02:00;2;0.4;6.41;1.2;01:28;9.41;;8.41;22.03;8,866.17;32;;4;4;4;12;4;57 minutes;5;3;07:19;06:19;60%;;49;1;1;
Defyz---;0;31,813;8,447;40;10;16;68;130,929;463,600;130;1;;21.7;11.35;6.67;5,310;0.28;167;55;10;1,152;531;69,196;77;5;;;3.4;46%;;;4;12;4,794;;41%;12;13,234;;35;15;13;01:57;3;0.16;8.17;1.66;01:30;12.85;;9.18;27.87;11,550.58;49;;5;7;5;17;;1 hour;6;5;09:02;11:07;83%;4;25;0;1;
Demented_Hiei;0;882;882;;;;;2,647;15,500;6;0;;53.78;;;7,907;0.17;2;;;5;2;1,145;;;;;0.66;40%;;;;;674;;;1;1,145;;2;;;00:08;;;26.89;;01:13;;;8.96;17.92;10,260.33;3;;0;0;;0;;2 minutes;0;;00:08;;;;6;;0;
Desterix_452;0;21,029;4,487;11;4;17;40;96,251;270,900;127;0;;31.85;10.03;2.75;5,274;0.35;66;20;2;569;239;34,968;42;;;;2.12;42%;;;;20;3,623;;45%;20;7,787;;26;6;18;02:27;;0.25;7.77;0.5;01:39;10.53;;5.01;16.55;8,770.01;31;;5;3;6;14;2;45 minutes;4;;06:37;04:59;;3;32;;4;
DEVIL_SHADOW_KSA;0;15,368;3,355;7;3;14;29;61,164;212,600;88;1;;33.77;11.12;2.68;5,898;0.28;63;17;;177;60;18,215;35;;;;1.96;33%;;;2;13;2,670;;35%;13;3,621;;19;7;9;01:57;;;12.28;0.38;02:07;13.43;;6.52;24.17;6,990.45;32;;3;1;2;6;;35 minutes;3;1;05:32;02:18;46%;;23;0;1;
Diamondsdust_;0;6,883;5,802;7;7;12;12;31,701;69,900;38;1;;39.17;12.37;7.21;7,097;0.45;18;5;;176;123;17,504;10;;;;2.57;69%;;;;10;7,409;;;10;14,834;;17;5;9;01:27;;;7.21;1.03;01:29;10.3;;5.15;18.55;18,046.21;7;;1;1;2;4;;11 minutes;1;;01:27;01:32;;4;30;;1;
DifferentD;3517;217,798;7,471;156;9;20;337;927,853;3,148,400;1,054;1;;27.81;8.89;4.11;5,748;0.29;726;196;24;9,870;4,191;345,849;405;12;4;;1.93;42%;;;3;17;6,402;;72%;17;13,793;;33;10;21;03:26;2;0.02;9.92;0.63;01:55;10.68;;5.17;19.15;9,126.74;376;7;24;26;36;85;6;8 hours;38;17;01:13:02;32:54;44%;5;36;2;19;
DigitalNex;3993;1,299;1,183;2;2;2;2;4,210;39,300;11;0;;10.53;1.91;1.91;1,243;0.1;9;5;;31;13;1,888;2;;;;9;41%;;;4;3;1,017;;48%;3;1,782;;8;5;;00:17;;;0.95;0.95;00:21;1.91;;4.78;8.61;1,807.23;;;1;;0;1;;6 minutes;1;1;00:22;;100%;;10;
Divinity-X-;4070;1,970,540;13,841;1,888;21;48;5,962;9,640,903;21,833,900;11,409;1;2;39.11;20.44;6.47;6,756;0.44;8,400;3,006;392;45,693;23,151;3,580,071;3,669;203;8;34;4.2;50%;;;22;27;10,106;;80%;27;25,298;;65;31;41;05:16;7;0.11;6.84;1.34;01:25;12.57;;10.3;28.8;12,274.94;1,997;35;293;306;300;898;182;60 hours;292;198;06:57:26;10:42:43;68%;5;74;13;81;
doa3f2p;3304;101,451;10,205;107;12;42;366;497,758;1,224,400;524;1;;31.26;21.84;6.38;6,054;0.4;551;210;18;1,865;869;205,344;263;11;;;5.24;46%;;;;22;7,452;;66%;22;22,071;;55;22;33;03:42;3;;6.26;1.07;01:36;15.69;;12.53;32.87;12,253.4;105;3;13;24;25;62;12;3 hours;17;10;26:49;51:41;59%;4;54;;7;
DramaticMango;2345;3,762;3,762;5;5;8;8;14,445;50,500;17;0;;31.24;14.7;9.18;6,915;0.28;27;9;;13;4;6,683;13;;;;4.5;30%;;;;15;2,284;;30%;15;6,683;;27;9;13;02:36;;;11.02;;04:47;23.89;;16.54;49.62;12,282.23;6;;2;1;;2;;8 minutes;1;;02:36;04:23;;;17;;1;
Drest24;2622;;;;;;;;10,600;;0;;;;;;0.22;;;;;;778;;;;;;65%;;;;;;;;;778;;;;;;;;11.36;;;;;;;4,421.69;2;;;;0;1;;1 minute;0;;;;;;;;0;
DridenGX;2909;9,265;2,355;10;3;3;10;33,772;149,200;53;0;;19.71;3.72;3.72;3,447;0.22;37;10;;193;96;18,442;17;2;;;1.6;49%;;;;6;2,232;;57%;6;5,037;;9;4;4;00:26;;;8.55;0.37;00:37;6.32;;3.72;13.76;6,861.18;23;;1;3;3;7;;24 minutes;3;1;01:40;02:42;30%;3;12;;2;
DSZY;2443;916,340;11,583;709;18;32;1,812;4,141,544;11,580,400;4,111;1;3;28.42;12.52;4.9;6,336;0.35;3,379;1,091;105;17,206;8,507;1,624,194;1,714;75;3;11;2.72;49%;;;28;23;9,817;;100%;23;23,673;;48;17;29;05:01;4;0.07;8.56;0.72;01:53;11.85;;7.54;23.36;11,230.3;1,239;28;160;157;102;419;28;32 hours;145;64;04:34:20;03:09:52;44%;5;56;7;74;
DutchieSoInsane;2709;925,252;17,717;882;25;59;2,708;4,250,539;10,241,700;3,869;1;3;29.75;20.82;6.78;7,117;0.41;3,908;1,638;255;13,145;7,190;1,534,905;2,169;131;;53;3.03;54%;;;105;28;9,825;;77%;28;28,481;;69;30;52;07:29;9;0.4;9.91;1.96;02:18;16.68;;12.59;30.05;11,806.16;1,289;29;88;138;241;467;75;28 hours;130;74;04:59:19;06:59:46;57%;5;71;9;47;
eastcoastrider71;2494;68,931;5,339;33;4;7;67;248,208;1,269,800;387;1;;23.16;4;1.97;4,125;0.19;268;76;12;195;39;103,524;126;2;;;1.38;20%;;;;9;2,872;;100%;9;8,986;;29;10;16;01:35;2;;11.55;0.71;01:03;7.54;;4.54;16.03;6,195.55;193;3;13;11;3;27;;3 hours;17;7;17:39;01:03;40%;4;34;1;9;
Ecnailer;0;1,442;1,442;;;7;7;7,219;22,100;12;0;;76.16;44.43;6.34;9,153;0.32;9;;;61;19;1,901;4;;;;4.5;31%;;;;7;1,393;;;7;1,901;;9;;4;00:26;;;12.69;;02:45;25.38;;6.34;57.12;12,063.42;2;;0;;;0;;3 minutes;0;0;00:26;;100%;;12;
ecotaku;2368;1,116,308;13,904;1,050;17;47;2,725;5,178,922;13,828,400;6,056;1;;34.78;15.65;6.03;6,412;0.37;4,380;1,534;146;32,011;16,830;2,295,510;2,001;94;;7;2.97;52%;;;25;20;11,247;;92%;20;27,976;;62;32;39;05:06;5;0.04;8.44;0.83;01:32;11.49;;8.81;25.15;13,185.77;1,470;24;177;157;144;477;56;38 hours;174;77;04:27:30;05:31:08;44%;6;68;7;90;
ejakiller;2869;229,277;10,889;221;15;42;627;1,055,693;2,737,900;1,227;1;;31.06;15.87;5.59;5,805;0.38;1,077;446;79;2,356;1,163;404,134;436;16;;;4.04;49%;;;4;21;7,253;;78%;21;19,492;;58;24;27;02:37;7;;6.73;2;01:08;11.03;;11.29;27.26;10,231.69;266;6;36;36;40;112;26;7 hours;39;23;45:02;01:35:18;59%;5;53;0;16;
elchinolatino;3219;15,897;6,370;15;10;17;32;66,668;215,400;71;0;2;37.83;17.05;7.99;8,470;0.3;57;12;;253;79;21,841;27;2;;4;1.83;31%;;;;10;2,623;;32%;10;10,378;;27;5;17;02:02;;2.13;16.51;0.53;02:05;14.38;;6.39;30.37;11,637.78;31;;2;2;;4;;35 minutes;2;1;03:56;05:38;60%;4;29;;1;
eliizabethx;3614;4,614;4,614;3;3;7;7;22,446;45,600;25;0;;39.36;11.02;4.72;7,266;0.49;8;2;;116;50;8,011;5;;;;2;43%;;;;5;5,323;;;5;8,011;;8;2;5;00:25;;;6.29;1.57;00:39;7.87;;3.14;12.59;12,615.26;4;;1;1;;1;;7 minutes;1;;00:25;00:20;;;25;;1;
eliteboy_1da;3003;748,383;10,642;653;14;36;1,676;3,471,982;9,647,100;4,143;1;2;33.02;13.35;5.2;5,965;0.35;2,987;991;124;16,764;7,391;1,318,163;1,507;60;2;12;2.68;44%;;2;57;25;12,282;;100%;25;19,248;;52;23;28;05:13;5;0.09;8.87;0.98;01:45;12.01;;7.89;23.8;10,506.28;1,113;16;110;124;105;339;51;26 hours;125;54;03:40:56;03:18:11;42%;5;57;6;66;
entoe12;0;3,427,392;13,230;3,715;20;47;8,066;15,504,744;45,510,300;15,056;1;2;26.54;14.21;6.54;6,042;0.34;15,796;5,558;608;85,097;36,485;8,234,185;7,345;436;9;48;3.2;42%;;;109;27;12,071;;100%;27;34,311;;65;27;36;04:54;7;0.08;8.67;1.07;01:36;12.94;;9.79;27.84;14,515.96;4,923;106;498;630;686;1,814;187;126 hours;567;278;15:12:07;17:27:39;49%;6;64;32;257;
EqiinoX_DarK;2396;941;941;;;;;4,916;8,100;3;1;;24.82;;;7,789;0.6;;;;6;4;988;;;;;;66%;;;;;978;;;;988;;;;;00:05;;;8.27;;00:45;;;;;8,171.82;;;0;;;0;;1 minute;0;;00:05;;;;3;;0;
Erenksk9;4169;94,824;9,053;87;14;33;249;419,884;1,119,000;653;1;;48.83;18.62;6.5;7,091;0.37;421;179;28;1,860;821;186,761;175;6;2;3;3.21;44%;;;;27;9,048;;62%;27;16,444;;47;22;25;02:22;6;0.22;9.79;2.09;01:24;13.08;;13.38;31.48;13,966.64;131;3;6;15;25;47;4;3 hours;13;7;18:51;40:11;55%;5;57;2;4;
EvanMario;4510;6,590;2,704;6;3;10;14;28,825;109,000;40;1;;17.76;6.21;2.66;2,926;0.26;31;12;;334;119;12,516;14;;;;3.44;35%;;;;6;2,925;;38%;6;4,535;;14;7;8;00:37;;0.44;3.99;0.44;00:24;6.21;;5.32;13.76;5,557.18;9;;3;2;2;8;;18 minutes;2;2;00:56;;100%;;12;
Evilduck1903;2547;64,582;6,148;59;9;22;133;278,270;935,400;243;0;;20.07;10.98;4.87;5,336;0.29;293;145;36;367;167;118,224;134;2;;;2.46;45%;;;14;16;5,131;;65%;16;13,972;;34;20;22;03:12;6;;9.83;2.97;01:30;11.07;;11.98;24.2;9,768.52;119;2;7;15;16;38;5;2 hours;12;5;18:13;26:59;39%;3;26;1;6;
Fade_BR;2818;267,872;7,426;230;12;29;471;1,086,526;4,525,600;1,740;0;;27.46;7.43;3.63;4,228;0.24;1,441;541;77;3,976;1,729;534,710;791;23;;3;2.41;43%;;;24;24;8,372;;80%;24;20,171;;47;22;36;04:26;5;0.04;9.42;1.21;01:49;12.48;;8.53;22.74;8,439.98;597;17;73;64;40;177;19;12 hours;63;28;01:55:27;01:48:21;43%;5;44;3;32;
Fairystinky;2101;319,750;9,446;205;8;34;573;1,381,108;4,689,700;1,657;1;;26.71;9.23;3.3;5,156;0.29;1,127;452;93;2,710;1,102;435,749;519;16;;3;1.91;40%;2;3;69;21;4,716;134;75%;21;13,649;;46;19;22;03:30;7;0.04;9.51;1.49;01:25;8.36;0.03;7.28;18.17;7,026.49;590;7;48;47;41;136;12;13 hours;62;25;01:28:25;01:00:06;39%;5;42;5;32;
FastAsDux;2097;3,253;1,499;2;2;;;8,881;69,300;18;0;;23.13;1.28;2.57;4,180;0.12;15;8;;63;29;6,558;4;;;;1.36;46%;;;;4;1,178;;52%;4;2,930;;7;4;3;00:23;;;14.13;;00:43;5.14;;10.28;19.27;8,428.02;11;;1;1;0;2;;11 minutes;1;0;00:33;;25%;;11;;1;
Fecalum;3074;;;;;;;;60,400;32;1;;;;;;0.43;;;;263;;6,380;11;2;;;;31%;;;;;;;;;4,992;;19;9;;;2;;5.53;2.21;00:50;12.16;;9.95;22.12;7,056.18;5;;;3;;3;2;10 minutes;;;00:45;01:31;91%;;29;;0;
fishlover267;2449;13,459;6,422;11;7;11;15;52,009;190,800;65;1;;31.57;7.28;5.34;6,537;0.27;50;7;;520;240;24,902;20;2;;2;1.66;46%;;;2;8;3,072;;57%;8;11,647;;26;6;11;01:42;;0.97;14.57;0.48;01:42;9.71;;3.4;24.28;12,095.87;30;;2;0;1;3;;31 minutes;2;2;03:31;03:55;92%;4;33;;0;
Flown_Jebus;0;2,619,214;13,844;2,809;22;66;8,879;12,887,319;30,958,200;10,803;1;3;26.08;21.44;6.78;6,325;0.41;13,324;5,712;879;54,397;26,430;5,436,452;6,196;339;11;86;5.35;48%;;;94;33;11,242;;86%;33;33,951;;77;40;46;04:35;9;0.2;6.01;2.12;01:31;14.96;;13.79;32.17;13,129.02;2,490;59;363;441;546;1,350;265;85 hours;414;314;10:33:14;23:56:55;75%;5;71;12;87;
flyinganimal;4142;164,933;10,006;183;16;32;458;825,356;1,726,500;903;1;;37.02;18.77;7.5;6,762;0.47;621;211;10;4,887;2,455;356,762;278;23;;2;3.83;50%;;;;23;8,555;;62%;23;21,081;;38;19;22;04:54;2;0.08;6.64;0.4;01:39;11.39;;8.65;25.46;14,626.69;162;;12;24;48;84;16;4 hours;24;15;40:32;01:26:23;63%;5;57;0;8;
FlyNameHere;2202;196;196;;;;;258;9,000;;0;;;;;723;0.02;;;;13;4;263;;;;;;30%;;;;;263;;30%;1;263;;;;;00:14;;;;;00:55;3.69;;;3.69;968.94;;;0;;0;1;;1 minute;0;0;00:14;;100%;
forrestsmith2;0;403,879;10,909;311;15;40;1,060;1,870,704;4,814,300;2,148;1;2;35.29;17.41;5.1;6,636;0.38;1,684;664;100;6,443;3,206;750,465;722;32;2;20;3.64;49%;;;36;25;12,207;;100%;25;20,491;;48;22;26;02:16;8;0.32;7.59;1.64;01:07;11.86;;10.9;27.66;12,330.51;462;17;59;68;45;172;24;13 hours;61;31;01:08:58;01:38:30;51%;4;68;2;27;
fructoseghost;2653;1,243,898;11,827;1,054;15;40;2,749;5,579,873;15,845,800;6,817;1;2;31.95;12.88;4.94;5,831;0.35;4,920;1,940;295;20,513;8,924;2,059,817;2,097;100;;23;2.51;43%;;2;134;26;8,230;;88%;26;20,210;;52;27;26;03:20;7;0.1;9.16;1.38;01:23;9.82;;9.09;23.06;9,655.38;1,956;30;219;194;134;547;85;43 hours;213;101;04:58:07;06:02:35;47%;6;58;10;103;
FvsNeLL;3451;12,086;5,257;10;4;22;38;61,251;164,700;75;0;;32.83;16.63;4.37;5,292;0.37;81;28;5;209;98;23,886;33;;;;8.1;46%;;;3;14;3,923;;36%;14;12,593;;31;8;14;01:22;3;;4.37;2.18;01:32;14.44;;12.26;35.46;10,458.61;10;;1;1;4;7;2;27 minutes;2;2;03:31;03:14;100%;3;28;
Gandalion;0;591,694;11,284;445;12;34;1,194;2,503,881;7,653,100;3,843;1;;39.86;12.38;4.61;6,138;0.32;2,229;555;45;13,989;4,943;905,122;985;33;3;9;2.25;35%;;;12;16;6,522;;100%;16;17,334;;45;14;28;03:20;3;0.09;10.26;0.46;01:24;10.21;;5.75;23.12;9,389.18;990;28;82;77;40;199;22;21 hours;96;48;02:16:32;01:31:42;49%;5;66;4;44;
GatorChow;2397;7,850;2,984;6;5;6;15;35,063;137,500;46;0;;24.42;7.96;3.18;4,168;0.25;48;13;2;61;29;14,244;23;;;;3.42;47%;;;;9;3,257;;;9;5,975;;21;4;13;02:24;;;7.43;1.06;02:21;12.21;;6.9;25.48;7,562.09;14;;1;2;1;4;;22 minutes;2;1;04:26;00:40;68%;;18;0;0;
ginko_503;0;60,535;9,404;20;4;11;60;219,419;827,200;248;0;;22.71;5.49;1.83;5,545;0.26;180;45;5;1,438;639;81,230;74;;;;2.14;44%;;;16;11;4,057;;100%;11;10,984;;27;7;11;01:56;3;;7.69;0.45;01:27;6.77;;4.12;16.48;7,440.05;84;;11;9;4;24;2;2 hours;11;5;15:52;01:06;49%;;35;;6;
GodzillavsMuto;2555;1,120;1,120;;;2;2;6,309;24,800;8;0;;20.11;5.02;;2,815;0.25;2;;;41;5;1,079;;;;;;12%;;;;2;1,079;;12%;2;1,079;;2;;;00:10;;;;;00:25;;;2.51;5.02;2,711.83;;;0;;;0;;4 minutes;0;;00:10;;;;8;;0;
GoldenBullet20;4287;435,550;10,591;555;15;41;1,508;2,154,329;5,296,500;2,489;1;3;34.32;20.79;7.65;6,006;0.4;2,403;771;69;12,882;6,412;997,602;1,026;81;2;25;5.6;49%;;;;26;15,483;;68%;26;25,436;;51;23;29;04:33;6;0.34;5.91;0.95;01:40;14.14;;10.63;33.13;13,755.68;429;5;47;97;115;259;49;14 hours;73;59;02:01:41;04:04:08;81%;6;53;2;12;
GoMu___;4214;185,944;11,911;162;12;41;585;891,431;2,089,800;995;1;;38.82;22.82;6.32;7,256;0.42;878;386;61;3,226;1,649;378,266;346;23;;2;3.9;51%;;;12;21;6,940;;74%;21;21,296;;53;28;26;03:01;7;0.07;8.78;2.38;01:57;13.5;;15.06;34.26;14,761.8;225;4;12;31;47;90;18;5 hours;26;16;49:59;01:52:28;62%;5;61;1;9;
gorigori168;2130;5,991;5,991;3;3;11;11;26,618;83,800;27;0;;27;11;3;5,991;0.31;31;11;;22;11;12,387;11;;;;3.1;50%;;;;10;3,640;;50%;10;12,387;;31;11;11;01:27;;1;10;1;01:27;11;;11;31;12,387.14;10;;2;1;;3;;13 minutes;1;1;01:27;02:31;100%;;27;
helio_doll;2609;7,507;7,507;3;3;31;31;41,610;94,500;31;0;;31;31;3;7,507;0.44;46;21;4;56;29;11,732;17;;;;5.11;51%;;;;16;3,673;;51%;16;11,732;;46;21;17;01:33;4;;9;4;01:33;17;;21;46;11,731.62;9;;;1;3;4;;15 minutes;1;1;01:33;06:28;100%;;31;
Highlander_scott;4073;39,547;10,473;41;14;37;97;170,986;429,500;197;0;;45.4;22.35;9.44;9,114;0.39;144;48;7;910;465;70,877;75;7;;;2.93;51%;;;;14;6,051;;65%;14;20,579;;46;17;29;02:00;3;0.23;11.29;1.61;01:32;17.28;;11.06;33.18;16,334.85;49;;2;4;6;12;2;1 hour;4;1;06:43;09:44;33%;4;56;1;2;
hiijle;0;178,028;8,628;146;11;29;358;820,667;2,473,800;1,162;1;;36.35;11.2;4.56;5,570;0.33;669;189;15;3,319;1,358;250,312;351;15;;3;2.44;40%;;;7;16;4,405;;57%;16;14,522;;39;11;23;03:10;2;0.09;8.57;0.46;01:44;10.98;;5.91;20.93;7,832.03;274;2;23;26;9;58;11;6 hours;32;13;55:26;31:22;41%;4;49;1;18;
HordesOfRaiders;2683;1,902;1,902;3;3;;;6,838;30,300;8;0;;22.52;2.81;8.44;5,355;0.22;6;;;41;21;2,327;2;;;;1.2;51%;;;;4;711;;;4;2,327;;6;;2;00:07;;;14.07;;00:20;5.63;;2.81;16.89;6,551.97;5;;1;1;;1;;5 minutes;0;;00:07;00:20;;3;8;;0;
hourai127;2224;4,806;1,945;4;3;4;4;18,206;82,900;17;0;;14.73;3.46;3.46;4,166;0.21;12;2;;21;8;6,940;6;;;;0.85;38%;;;;4;1,837;;66%;4;3,238;;4;;4;00:13;;;12.13;0.86;00:21;5.2;;1.73;10.4;6,015.79;14;;1;1;0;2;;13 minutes;1;0;00:24;00:09;18%;3;5;0;1;
huumQc_;3000;36,741;8,932;40;15;23;73;156,357;501,600;210;0;;32.3;11.23;6.15;5,653;0.31;147;53;8;859;349;65,456;77;5;;;2.07;40%;;;3;13;4,180;;65%;13;21,306;;41;13;23;02:58;5;;10.92;1.23;01:53;11.84;;8.15;22.61;10,070.55;71;;3;9;11;24;;1 hour;6;3;12:19;11:21;38%;5;52;;4;
Icecool121;0;14,402;8,617;12;8;25;40;52,026;159,700;81;0;;52.84;26.09;7.82;9,396;0.32;76;26;3;174;97;29,747;52;3;;;3.45;55%;;;;15;5,872;;70%;15;18,187;;50;15;37;05:12;2;;14.35;1.95;04:54;33.92;;16.96;49.58;19,407.35;22;;1;1;5;7;2;26 minutes;2;;07:31;16:38;;6;56;;2;
iekgaa___;4002;;;;;;;;25,500;19;1;;;;;;0.73;;;;74;;6,732;9;;;;;41%;;;;;;;;;6,732;;14;;;00:47;;;;;00:55;10.52;;3.5;16.37;7,874.3;;;;;3;3;;4 minutes;;;00:47;01:42;100%;;19;;1;
IHateUddesd;2737;106,662;9,397;50;8;25;199;466,804;1,358,300;539;1;;30.71;11.33;2.84;6,078;0.34;320;116;10;1,986;857;125,632;206;6;;8;1.84;43%;;;24;11;3,444;;61%;11;10,881;;33;21;21;04:16;2;0.45;9.85;0.56;02:20;11.73;;6.6;18.23;7,158.6;173;3;9;13;15;37;8;3 hours;18;6;41:08;19:04;36%;3;46;2;9;
IKizzLE;3590;2,584,735;13,609;2,358;18;53;6,480;11,527,374;32,278,500;11,066;1;;28.91;16.93;6.16;6,753;0.35;11,419;3,671;364;66,302;31,907;5,022,255;5,495;289;9;;3.3;48%;;2;85;35;10,221;;85%;35;29,544;;63;26;38;05:31;5;;9.01;0.95;01:40;14.35;;9.59;29.83;13,122.3;3,450;92;369;404;439;1,212;132;89 hours;383;185;10:39:22;12:50:20;48%;6;56;28;170;
iMightyElephant;0;1,107;732;;;;;3,013;20,000;10;0;;41.3;;;4,572;0.15;;;;18;7;1,987;;;;;;38%;;;;;968;;;;1,500;;;;;00:11;;;12.39;;00:45;;;;;8,208.1;3;;0;0;0;0;;3 minutes;0;;00:11;;;;7;;0;
Inny21;3069;754,186;12,173;626;17;48;1,819;3,500,385;9,784,100;3,780;1;;31.34;15.08;5.19;6,253;0.35;3,261;1,305;214;10,656;4,751;1,320,013;1,526;56;2;2;3.36;44%;;2;42;29;9,121;;74%;29;24,460;;60;36;34;03:52;8;0.01;8.02;1.77;01:25;12.65;;10.82;27.03;10,944.52;968;23;121;105;95;321;44;27 hours;121;53;02:52:42;03:34:30;43%;5;71;6;62;
ioReactz;3584;1,596,765;11,445;1,612;18;51;5,014;7,836,253;18,756,800;8,283;1;2;34.17;20.68;6.65;6,589;0.41;7,689;3,120;406;40,398;21,662;3,140,453;3,415;220;3;30;4.59;53%;;;65;30;10,740;;100%;30;31,161;;64;28;39;04:41;8;0.12;6.91;1.67;01:30;14.09;;12.87;31.72;12,958.34;1,675;51;210;263;279;752;127;52 hours;242;178;06:05:45;10:20:45;73%;6;61;9;55;
IRaTuSz;4587;8,848;3,331;7;4;15;32;43,050;121,600;58;0;;31.25;17.24;3.77;4,767;0.35;53;18;;326;168;20,924;30;;;;4.07;51%;;;;17;6,134;;54%;17;8,169;;19;10;12;01:47;;;7;0.53;01:29;16.16;;9.69;28.55;11,274.49;13;;1;1;3;5;;20 minutes;2;2;02:45;03:25;81%;3;21;0;0;
itsDiety;0;50,764;4,962;73;9;19;143;222,955;705,400;270;1;;28.96;15.33;7.83;5,445;0.31;308;108;19;1,333;673;108,973;133;11;;2;4.16;50%;;;2;14;5,774;;67%;14;12,238;;39;17;18;02:56;5;0.21;7.93;2.03;01:42;14.26;;11.58;33.03;11,689.22;74;2;12;11;8;32;3;1 hour;9;8;15:55;31:03;85%;5;24;;1;
itsGenji;3211;;;;;;;;1,000;;;;;;;;;;;;;;;;;;;;;;;;;;;;;;;;;;;;;;;;;;;;;;;;;;;;10.168355994857848 seconds;
ItsRaiyu;4368;287,159;9,737;358;16;36;935;1,342,848;3,512,500;1,342;1;2;30.48;21.24;8.13;6,524;0.38;1,555;584;97;8,957;4,810;636,513;509;47;2;16;4.54;53%;;;2;24;8,879;;100%;24;23,591;;58;27;28;01:45;7;0.36;7.76;2.2;00:57;11.56;;13.26;35.32;14,460.6;342;12;41;36;44;121;23;9 hours;44;33;41:57;02:20:03;74%;5;46;1;10;
Jack_of_Spades13;3322;11,558;8,940;10;9;30;32;53,645;140,000;81;0;;58.08;22.94;7.17;8,288;0.38;47;19;3;281;77;16,987;28;;;;4.7;27%;;;;14;3,987;;26%;14;12,496;;42;17;24;01:30;2;;7.17;2.15;01:07;20.07;;13.62;33.7;12,181.82;10;;1;2;3;6;;23 minutes;1;;01:34;00:58;;3;64;;1;
Jamie_Choi;3000;249,199;8,271;365;18;44;869;1,196,148;3,240,100;1,536;1;;28.76;16.27;6.83;4,666;0.36;1,588;527;42;7,080;2,956;571,026;653;54;;2;5.36;41%;;;;25;8,055;;68%;25;22,335;;62;21;29;04:38;4;0.03;5.54;0.78;01:15;12.22;;9.86;29.73;10,692.73;296;5;68;42;55;166;32;8 hours;53;45;01:06:59;02:17:21;83%;5;57;1;8;
JaredFogle420;3031;31,128;6,475;30;8;27;82;137,492;417,500;138;1;;26.29;15.62;5.71;5,931;0.32;143;67;10;469;207;62,777;65;3;;;2.64;44%;;;3;16;5,566;;51%;16;12,859;;35;19;19;02:03;4;;10.28;1.9;01:27;12.38;;12.76;27.24;11,960.81;54;;4;7;6;16;2;1 hour;5;;07:38;16:05;19%;3;37;;4;
JDG-191;2864;6,206;2,980;4;2;5;7;24,473;99,700;30;0;;23.03;5.37;3.07;4,765;0.24;16;6;;148;63;9,795;2;;;;;42%;;;;4;1,663;;36%;4;4,405;;7;4;2;00:25;;0.76;12.28;0.76;00:43;1.53;;4.6;12.28;7,520.9;16;;2;1;;2;;16 minutes;1;0;00:57;;29%;;16;;1;
JOKERFIRST15;4055;249,846;12,043;342;19;54;869;1,156,169;3,156,000;1,436;1;2;34.4;20.81;8.19;5,985;0.36;1,414;493;41;5,474;2,647;471,273;621;47;;8;4.97;48%;;;8;19;7,991;;70%;19;20,730;;57;31;29;02:34;6;0.19;6.8;0.98;01:21;14.87;;11.81;33.87;11,289.76;284;7;45;36;49;131;26;8 hours;42;32;56:38;02:01:41;76%;5;66;;10;
JonXSly;3015;931,981;11,957;839;14;39;2,266;4,328,011;12,236,600;5,154;1;;30.6;13.45;4.98;5,533;0.35;3,983;1,603;291;17,033;8,142;1,609,031;1,771;79;3;6;2.69;47%;;2;61;26;8,098;;100%;26;21,006;;51;24;30;03:32;8;0.03;8.76;1.72;01:19;10.51;;9.51;23.64;9,553.11;1,477;18;151;185;141;477;97;33 hours;168;82;03:44:29;05:51:38;48%;5;71;9;78;
jumpmanfrank094;2821;6,034;2,347;7;4;6;7;23,554;132,600;26;0;2;13.36;3.59;3.59;3,101;0.17;28;13;3;224;108;16,021;9;;;3;1.55;48%;;;;6;2,284;;;6;6,467;;12;6;5;01:09;2;1.54;9.25;1.54;00:50;4.62;;6.68;14.39;8,233.61;18;;1;2;2;6;;22 minutes;2;0;01:38;;23%;;16;;1;
kadoya3582;3563;51,338;8,052;47;12;31;98;217,799;552,900;233;1;;33.37;14.03;6.73;7,354;0.39;160;52;5;568;256;72,444;68;5;;2;2.1;45%;;;4;13;3,801;;51%;13;15,464;;39;12;20;01:46;;0.28;10.88;0.71;01:11;9.74;;7.44;22.91;10,376.8;76;2;4;7;4;15;;1 hour;7;2;08:17;12:43;35%;5;44;;4;
kaito_numku396;0;8,399;5,985;5;5;17;18;37,883;89,100;37;0;;25.17;12.24;3.4;5,714;0.42;22;9;;151;85;14,124;17;;;;2;56%;;;;6;2,856;;52%;6;10,095;;20;8;16;01:40;;;7.48;0.68;01:11;11.56;;6.12;14.96;9,609.63;11;;2;1;1;4;;14 minutes;1;1;01:45;01:23;45%;4;25;;1;
kashibe01;2455;1,484;1,402;;;;;3,640;31,500;9;0;;19.79;;2.19;3,264;0.11;7;;;47;26;3,693;;;;;1.4;55%;;;;4;1,008;;66%;4;3,300;;7;;;00:26;;;10.99;2.19;01:05;2.19;;2.19;15.39;8,121.94;5;;1;0;;1;;5 minutes;0;;00:29;;;;8;;0;
kaswww0123456789;2191;7,193;7,193;9;9;16;16;35,517;104,300;48;0;;48;16;9;7,193;0.34;46;11;;87;49;14,709;23;;;;6.57;56%;;;;11;2,800;;56%;11;14,709;;46;11;23;02:47;;;7;1;02:47;23;;11;46;14,708.71;7;;1;2;;3;;17 minutes;1;1;02:47;01:13;100%;4;48;;0;
katsuya3;2206;19,329;4,423;12;5;9;28;87,483;290,900;90;0;;23.39;7.27;3.11;5,024;0.3;59;21;3;254;106;37,526;37;;;;1.59;41%;;;;9;2,431;;69%;9;8,611;;21;9;14;02:01;2;0.25;9.61;0.77;01:34;9.61;;5.45;15.33;9,753.82;37;;5;4;3;13;;48 minutes;4;1;06:04;02:34;35%;;27;0;2;
Keytix_;0;456,687;13,218;528;15;49;1,651;2,326,073;5,142,500;2,883;1;;43.7;25.02;8;6,923;0.45;2,516;1,125;170;10,824;4,752;858,121;1,018;53;2;2;6.63;43%;;;16;31;8,915;;64%;31;24,876;;63;41;38;04:49;11;0.03;5.74;2.57;01:37;15.43;;17.05;38.14;13,008.97;379;13;59;69;84;213;54;14 hours;66;53;01:47:25;04:26:42;80%;4;75;0;12;
Kiba_Zack;3014;61,855;10,618;57;10;26;148;257,828;842,500;326;1;;25.56;11.6;4.46;4,851;0.3;320;115;18;439;159;112,594;155;3;;4;3.95;36%;;;4;19;6,067;;100%;19;17,833;;55;22;31;03:37;4;0.31;6.35;1.41;01:30;12.15;;9.01;25.09;8,829.55;81;2;13;15;11;39;6;2 hours;13;7;19:12;27:24;58%;4;57;;5;
KILLER77_HAZZA3;0;2,417,667;14,598;1,966;22;46;5,731;11,183,642;28,040,000;15,003;1;3;41.17;15.72;5.39;6,636;0.39;9,147;3,455;470;50,766;23,081;3,875,465;4,212;210;14;85;2.75;45%;;;135;25;7,589;;100%;25;23,320;;67;29;46;05:40;7;0.23;9.12;1.28;01:39;11.56;;9.48;25.1;10,636.78;3,325;75;349;354;248;951;216;77 hours;364;198;10:06:27;11:28:20;54%;5;74;12;155;
Killswitch2092;2806;701,707;10,839;680;17;35;1,645;3,117,638;9,403,600;3,383;1;2;27.53;13.38;5.53;5,711;0.33;3,161;1,308;209;9,909;4,308;1,211,663;1,412;51;;26;2.71;43%;;6;144;27;7,073;;85%;27;17,800;;56;36;39;05:49;8;0.21;9.48;1.7;01:32;11.49;;10.64;25.72;9,860.82;1,166;22;119;121;123;364;63;26 hours;123;60;03:08:29;04:34:18;48%;6;58;10;54;
KingXacTz;0;19,248;7,249;20;10;32;67;81,593;300,800;92;0;;23.78;17.32;5.17;4,976;0.27;152;66;10;75;24;36,660;65;;;;7.6;32%;;;;19;3,051;;53%;19;12,685;;47;23;28;02:55;5;;5.17;2.58;02:23;16.8;;17.06;39.29;9,477.09;20;;1;5;2;8;3;50 minutes;4;4;09:15;02:46;100%;3;33;
kirA-_-bleAch;0;65,316;7,810;66;11;31;191;333,408;761,600;398;1;;47.45;22.77;7.86;7,788;0.43;273;116;8;1,094;450;113,552;160;4;;2;5.35;41%;;;;16;6,067;;77%;16;11,799;;38;23;25;02:17;3;0.23;6.08;0.95;01:31;19.07;;13.83;32.55;13,538.99;51;2;11;9;6;26;6;2 hours;8;4;12:50;30:23;45%;4;39;1;3;
kk10295;3110;8,216,489;15,443;7,218;20;56;20,941;40,257,726;91,459,400;37,499;1;3;32.97;18.41;6.34;7,224;0.44;30,150;9,761;759;172,009;90,902;16,632,590;14,272;851;19;72;3.4;52%;;;59;30;12,643;;100%;30;34,052;;66;40;39;06:12;6;0.06;7.77;0.66;01:38;12.54;;8.58;26.5;14,624.36;8,845;186;903;1,310;1,478;3,691;500;253 hours;1,137;542;31:12:48;36:26:11;47%;6;72;52;543;
koba-ya;1337;3,312;2,752;2;2;5;6;13,849;71,900;2;0;;2.14;6.44;2.14;3,559;0.19;22;14;7;13;5;8,596;3;;;;4.4;38%;;;;9;3,135;;;9;7,307;;19;11;3;00:40;4;;5.37;7.52;00:43;3.22;;15.04;23.64;9,237.64;5;;;1;;1;;11 minutes;1;1;00:40;;71%;;2;;0;
kon5-TDRoki;2363;2,347,659;12,757;1,517;14;51;5,029;11,939,371;27,448,000;12,845;1;;34.21;13.39;4.04;6,253;0.43;7,849;3,049;447;14,894;7,233;3,675,384;3,888;114;;12;3.36;48%;;3;249;24;11,100;61;100%;24;21,516;;63;27;38;04:42;7;0.03;6.21;1.19;01:30;10.35;;8.12;20.9;9,789.74;2,334;33;361;358;243;962;196;76 hours;375;166;09:24:13;10:13:27;44%;5;67;30;180;
koutyatya;0;2,460,610;13,248;2,403;22;52;6,142;11,845,131;27,536,300;12,801;1;2;37.58;18.03;7.05;7,225;0.43;9,104;2,970;249;66,763;31,836;4,982,189;4,429;288;10;18;3.22;47%;;;32;25;12,262;;100%;25;30,046;;60;23;32;04:28;6;0.05;8.29;0.73;01:40;13;;8.72;26.73;14,628.53;2,824;42;299;396;422;1,117;134;76 hours;341;161;09:28:22;11:01:23;47%;6;62;18;162;
kris1974;4164;5,195;2,629;6;6;8;8;27,187;66,800;20;1;;28.45;11.38;8.53;7,391;0.4;19;4;;208;98;11,409;3;;;;2.37;47%;;;;14;6,916;;;14;7,715;;14;2;3;00:15;;;11.38;;01:07;4.26;;5.69;27.03;16,231.16;8;;1;1;0;2;;11 minutes;1;1;00:47;01:09;73%;;10;;0;
KSlims;4375;1,512,079;15,528;1,960;25;67;6,195;7,867,938;16,452,900;7,165;1;3;34.24;29.61;9.36;7,228;0.47;8,229;3,173;338;43,162;20,831;3,261,641;3,603;286;5;125;6.78;48%;;;9;38;13,084;;72%;38;35,389;;76;37;40;04:27;7;0.59;5.79;1.61;01:35;17.22;;15.16;39.33;15,590.58;1,213;20;129;183;404;716;175;45 hours;209;170;05:32:32;16:02:31;81%;6;67;6;33;
kurosaki158;1715;177,273;7,280;141;10;17;252;714,768;2,980,000;727;1;3;18.21;6.31;3.53;4,443;0.23;674;174;16;4,183;1,808;309,912;328;14;;12;1.74;43%;;;24;13;5,201;;88%;13;13,809;;34;10;19;02:56;2;0.3;9.67;0.4;01:30;8.21;;4.36;16.89;7,766.63;386;14;40;30;17;87;2;8 hours;40;16;01:00:13;14:19;39%;5;36;2;22;
kyo_miyamiya;2137;;;;;;;;;20;0;;;;;;0.17;;;;58;;8,435;14;;;;;56%;;;9;;;;;;;;;;;03:22;;;5.76;1.44;04:51;20.17;;8.64;31.7;12,157.61;4;;;;1;3;;9 minutes;;;03:22;;100%;;20;;1;
L1TTL3msAW3S0M3;2566;3,157;3,157;2;2;4;4;12,162;55,100;8;0;;15.08;7.54;3.77;5,954;0.22;18;5;;36;16;5,108;10;;;;2.57;44%;;;;7;1,585;;44%;7;5,108;;18;5;10;01:46;;;13.2;;03:20;18.85;;9.42;33.94;9,632.27;7;;1;;;1;;9 minutes;1;1;01:46;;100%;;8;
lakejacher;2109;72,068;5,601;63;8;13;109;283,650;1,249,900;380;1;3;20.54;5.89;3.4;3,897;0.22;349;124;15;1,815;557;118,674;200;6;;8;2.2;30%;;;6;12;3,416;;50%;12;9,290;;37;18;23;02:37;3;0.43;8.54;0.81;01:22;10.81;;6.7;18.86;6,416.47;158;;17;13;12;42;4;3 hours;18;7;25:28;19:26;36%;4;32;;12;
Langartija;3035;5,646;2,462;6;3;9;10;21,435;90,700;37;1;;28.73;7.76;4.65;4,385;0.23;24;12;;93;49;10,748;17;;;;3;52%;;;;9;2,581;;52%;9;5,413;;10;7;7;02:05;;;6.21;0.77;03:39;13.2;;9.31;18.63;8,346.36;8;;3;1;;4;;15 minutes;1;1;04:43;02:45;67%;;14;;0;
LEATONER;0;3,361;2,700;2;2;7;7;14,045;61,600;17;0;;24.39;10.04;2.87;4,823;0.22;22;10;;85;21;5,326;12;;;;1.83;24%;;;;8;1,262;;;8;4,415;;17;9;9;00:33;;1.43;17.22;1.43;01:34;17.22;;14.35;31.57;7,644.58;12;;1;0;1;2;;10 minutes;1;;01:05;05:09;;;11;;1;
Linkinito;2935;2,995;2,770;2;2;3;4;7,970;52,900;18;0;;20.66;4.59;2.29;3,438;0.15;11;5;;87;48;4,519;3;;;;1.83;55%;;;;5;2,029;;28%;5;4,105;;9;5;3;00:39;;;6.88;1.14;00:44;3.44;;5.73;12.62;5,187.52;6;;1;1;1;4;;8 minutes;1;0;00:39;00:22;44%;;13;;0;
Liv___MIGHTY;0;26,440;5,411;24;11;12;33;102,476;319,900;117;0;;35.5;10.01;7.28;8,025;0.32;78;10;;667;177;32,280;31;4;;;1.39;26%;;;;10;2,083;;29%;10;7,105;;28;3;14;01:22;;;16.99;0.3;01:44;9.4;;3.03;23.67;9,796.94;56;2;1;2;2;6;;53 minutes;3;1;05:45;00:57;35%;4;29;;2;
LoggingOut;0;56,489;5,133;47;6;28;144;246,878;719,300;272;1;;33.69;17.83;5.82;6,998;0.34;221;80;11;1,103;609;117,089;118;6;;;2.37;55%;;;7;14;4,528;;100%;14;10,395;;35;11;24;02:06;2;;11.52;1.36;01:48;14.61;;9.91;27.37;14,504.7;93;;8;7;13;27;2;1 hour;8;3;14:37;15:24;37%;4;25;0;5;
LostkumaTH;0;109,828;8,316;94;9;30;330;523,184;1,473,700;751;1;;32.4;14.24;4.05;4,739;0.35;630;210;21;2,774;1,081;211,026;246;9;;3;5.83;38%;;;8;24;6,854;;67%;24;15,600;;43;21;22;04:04;4;0.12;4.66;0.9;01:23;10.61;;9.06;27.18;9,106.17;108;6;26;20;25;71;14;4 hours;23;20;32:17;48:24;87%;4;48;;3;
l-Twisted_Fate-l;3972;103,419;7,639;93;8;31;281;496,905;1,283,900;571;1;;34.05;16.76;5.54;6,168;0.38;409;133;8;2,217;958;160,118;226;15;;2;3.27;43%;;;;19;6,661;;58%;19;22,547;;38;12;27;02:41;2;0.11;7.45;0.47;01:26;13.47;;7.93;24.39;9,550.12;125;3;18;16;11;45;6;3 hours;17;9;24:16;27:04;54%;4;45;1;7;
LuckyC723;3709;792,409;10,182;821;18;40;1,945;3,492,604;10,397,200;4,735;1;2;37.14;15.25;6.44;6,217;0.33;3,643;1,279;123;13,262;6,087;1,492,654;1,654;81;2;14;2.9;45%;;;43;23;8,831;;80%;23;23,181;;62;29;30;04:54;5;0.1;9.82;0.96;01:43;12.97;;10.03;28.58;11,710.14;1,252;24;130;115;138;383;59;28 hours;127;65;03:40:06;04:44:36;50%;5;57;4;59;
M5roosh_ksa;3563;300,412;12,324;292;16;40;736;1,352,554;3,900,700;1,525;1;2;31.89;15.39;6.1;6,284;0.34;1,265;431;49;10,948;4,546;552,963;614;38;;9;2.77;41%;;;18;20;9,050;;60%;20;22,967;;52;23;33;04:05;5;0.18;9.53;1.02;01:38;12.84;;9.01;26.45;11,566.09;456;7;53;47;36;136;18;10 hours;48;21;01:18:10;01:16:38;42%;4;59;4;23;
MagIish;4473;46,313;4,868;57;9;23;114;196,172;811,300;373;1;2;28.08;8.58;4.29;3,488;0.24;348;90;9;1,175;533;97,147;126;5;;2;6.82;45%;;;;13;4,988;;69%;13;13,697;;33;13;18;02:22;3;0.15;3.84;0.67;00:49;9.48;;6.77;26.2;7,315.8;51;;9;10;4;23;7;2 hours;13;13;11:00;07:04;100%;4;34;
MajorAzer;3000;4,575;4,575;2;2;7;7;17,951;63,700;28;0;;39.99;9.99;2.85;6,535;0.28;17;5;;106;63;7,899;10;;;;1.88;59%;;;;6;1,655;;59%;6;7,899;;17;5;10;02:37;;;12.85;1.42;03:44;14.28;;7.14;24.28;11,282.6;9;;1;1;1;3;;10 minutes;1;;02:37;;;;28;;1;
makorin_is_a_Pen;2671;12,782;5,436;;;9;19;50,010;182,000;80;0;;33.82;8.03;0.42;5,404;0.27;44;14;2;103;43;17,647;19;;;;1.69;41%;;;;6;1,725;;44%;6;7,959;;23;10;10;02:44;2;0.42;10.99;0.84;01:48;8.03;;5.91;18.6;7,460.65;26;;2;0;3;6;;30 minutes;2;2;04:17;01:00;81%;;37;;0;
MamasNippel;3912;11,915;3,162;11;3;7;20;44,785;213,800;72;0;;20.92;5.81;3.19;3,463;0.2;48;16;;234;113;20,586;19;2;;;1.54;48%;;;2;8;2,097;;62%;8;4,748;;15;6;7;01:49;;;9;0.29;01:16;5.52;;4.64;13.94;5,982.51;31;;3;2;2;7;;35 minutes;3;0;04:23;01:12;13%;3;19;0;3;
Maranata01;4306;1,672;1,672;2;2;7;7;10,700;24,000;13;0;;25.77;13.87;3.96;3,316;0.44;10;2;;;;3,297;3;;;;;;;;;10;3,297;;;10;3,297;;10;2;3;00:17;;;;1.98;00:34;5.94;;3.96;19.82;6,536.07;;;1;1;1;3;;3 minutes;1;1;00:17;01:31;100%;;13;
Marlporo0707;0;1,101,074;14,965;1,317;26;56;3,630;5,513,294;11,967,200;4,898;1;2;31.61;23.42;8.5;7,107;0.46;4,994;1,764;125;35,470;17,350;2,545,780;2,255;198;5;42;4.8;48%;;;3;25;10,916;;65%;25;34,384;;66;28;46;03:51;6;0.27;6.7;0.8;01:39;14.55;;11.38;32.23;16,431.53;1,039;24;93;177;291;561;93;33 hours;155;103;04:16:13;08:54:01;66%;6;65;4;48;
masatosann;2383;1,162,282;10,427;971;18;30;2,169;5,163,457;17,008,800;5,754;1;;25.88;9.75;4.36;5,228;0.3;4,788;1,592;181;36,080;18,633;2,455,576;2,258;100;;4;3.17;51%;;;78;21;10,072;;90%;21;23,695;;53;17;33;03:17;5;0.01;6.77;0.81;01:20;10.15;;7.16;21.53;11,044.63;1,507;22;228;221;187;637;59;47 hours;222;94;04:57:05;03:52:14;42%;6;48;19;110;
matukyo;3857;320,456;13,774;298;21;45;713;1,532,504;3,467,800;1,657;1;;40.39;17.38;7.26;7,813;0.44;1,046;327;33;8,566;4,541;629,974;464;34;;2;2.85;53%;;;;18;10,846;;75%;18;26,260;;63;16;41;06:06;3;0.04;8.92;0.8;01:36;11.31;;7.97;25.5;15,359.63;366;3;44;41;43;128;13;9 hours;41;15;01:06:06;52:43;35%;5;71;5;21;
Meepert;0;93,129;9,494;93;10;43;328;431,922;1,185,500;420;1;;25.42;19.85;5.62;5,637;0.36;521;201;32;1,202;508;179,758;201;10;;;3.8;42%;;;;18;7,062;;59%;18;21,011;;55;27;24;02:43;5;0.06;8.29;1.93;01:22;12.16;;12.16;31.53;10,880.92;137;3;18;17;14;48;7;3 hours;17;11;22:39;50:12;69%;4;39;0;5;
Megaan_57;3119;8,268;3,966;7;5;2;5;28,554;135,800;41;0;;25.71;3.13;4.39;5,186;0.21;30;10;;200;91;17,325;15;;;;1.57;45%;;;;5;1,971;;50%;5;9,027;;20;6;15;02:14;;;11.91;0.62;01:49;9.4;;6.27;18.81;10,865.97;19;;2;1;1;5;;22 minutes;2;2;02:53;01:23;100%;;20;
MEOW987;2674;373,295;10,658;353;14;39;809;1,538,998;5,598,800;2,019;1;;27.25;10.92;4.76;5,040;0.27;1,688;668;119;7,547;3,217;649,199;938;36;;2;2.37;42%;;;20;24;7,139;;100%;24;21,691;;56;27;35;04:47;7;0.02;9.61;1.6;01:57;12.66;;9.01;22.78;8,764.82;712;23;73;64;62;199;17;15 hours;74;34;02:25:14;02:01:44;45%;4;57;2;38;
Merdrash;2964;9,263;3,155;3;;17;24;37,306;144,700;46;1;;14.77;7.7;0.96;2,975;0.25;60;22;2;162;71;20,248;12;;;;5;43%;;;;18;4,669;;52%;18;6,739;;22;10;6;00:29;;;3.85;0.64;00:31;3.85;;7.06;19.26;6,502.75;12;;2;6;2;10;;24 minutes;3;2;01:38;01:49;73%;;16;;1;
MIKEYDYCE;3095;318,969;10,337;154;8;24;613;1,462,377;4,322,800;1,583;1;2;30.11;11.66;2.92;6,067;0.33;1,168;414;47;8,060;3,133;517,125;626;13;2;8;2.37;38%;;;25;18;6,123;;63%;18;16,731;;40;19;27;03:58;5;0.15;9.33;0.89;01:58;11.9;;7.87;22.21;9,836.41;491;11;41;52;39;131;14;11 hours;53;19;01:43:32;54:47;35%;4;48;3;31;
Miz_One;1490;60,177;7,870;42;7;14;75;265,565;817,300;402;1;;38.1;7.1;3.98;5,703;0.32;177;39;4;1,118;486;79,014;84;3;;;2.32;43%;;;7;15;5,710;;56%;15;10,893;;25;7;14;02:32;;0.09;7.2;0.37;01:08;7.96;;3.69;16.77;7,488.73;76;;9;6;4;19;7;2 hours;11;5;12:05;03:06;51%;4;55;2;3;
Mlbjester7;3425;689,148;10,363;468;11;31;1,454;3,068,849;8,561,300;4,485;1;;42.48;13.77;4.43;6,527;0.35;2,491;752;91;15,415;6,341;1,005,198;1,421;43;3;5;2.45;41%;;;63;21;6,147;;75%;21;16,891;;47;17;30;05:08;3;0.04;9.61;0.86;01:57;13.45;;7.12;23.59;9,520.81;1,015;24;107;88;73;269;40;23 hours;106;50;03:26:57;02:42:21;47%;5;61;6;49;
Morgenarc;3323;13,220;4,024;12;4;8;22;51,033;227,400;79;0;;32.36;9.01;4.91;5,417;0.22;64;15;;90;45;24,036;34;;;;2.9;50%;;;6;12;3,741;;45%;12;7,499;;19;6;15;01:39;;0.4;9.01;0.4;02:02;13.93;;6.14;26.22;9,848.07;22;;2;3;1;6;;37 minutes;2;2;04:58;02:23;69%;;29;1;0;
Mr_O_Blood_type_;0;4,140,138;16,968;3,328;21;55;10,559;19,369,298;41,470,300;20,757;1;2;41.67;21.2;6.68;8,313;0.46;14,054;4,812;370;72,533;37,489;7,390,252;7,273;411;10;28;3.21;51%;;;25;24;11,949;;80%;24;30,437;;70;28;38;05:40;4;0.05;8.77;0.74;01:59;14.6;;9.66;28.21;14,839.36;4,371;59;396;597;752;1,744;262;115 hours;498;240;16:29:25;22:48:25;48%;6;76;21;237;
Mr_savage_75;0;34,592;5,902;25;6;14;64;151,486;438,000;231;0;;35.64;9.87;3.85;5,337;0.34;124;48;9;1,028;478;69,405;74;2;;;2.33;46%;;;8;11;5,946;;60%;11;14,273;;25;10;17;01:56;3;;8.17;1.38;01:15;11.41;;7.4;19.13;10,709.04;53;;5;4;4;13;2;1 hour;6;1;08:11;04:59;22%;3;40;0;5;
MrAwesomeKill;;997,966;14,044;996;19;63;3,182;4,821,440;10,123,600;5,782;1;2;45.17;24.85;7.78;7,797;0.47;4,269;1,959;288;6,657;3,349;1,829,682;1,915;113;;28;4.1;50%;;;22;26;9,183;;92%;26;29,152;;67;37;33;04:10;8;0.21;8.11;2.25;01:35;14.96;;15.3;33.35;14,294.39;1,039;29;87;141;234;462;120;28 hours;128;77;03:23:56;09:21:50;60%;5;83;7;44;
MrBlueyes;2154;177,461;8,569;97;6;23;339;778,323;2,693,400;1,060;1;;28.93;9.25;2.64;4,844;0.28;690;298;71;484;179;242,717;362;9;;;2.35;36%;;3;52;13;3,506;;100%;13;9,049;;36;15;23;02:25;5;;7.99;1.93;01:38;9.88;;8.13;18.83;6,625.23;293;2;41;23;23;87;10;7 hours;37;14;01:00:01;30:47;36%;4;61;5;18;
MrBurns_rj;2293;75,129;8,980;78;20;27;196;358,414;895,900;440;1;;30.71;13.68;5.44;5,244;0.4;330;137;36;390;212;133,360;164;8;;;3.51;54%;;;;25;6,560;;82%;25;17,047;;55;22;40;03:50;7;;6.56;2.51;01:22;11.44;;9.56;23.03;9,308.76;94;4;16;20;7;44;9;2 hours;14;9;19:35;48:53;62%;4;68;;5;
MRstyles4u;3112;129,381;9,526;71;8;23;179;548,249;1,635,900;716;0;;35.99;8.99;3.56;6,504;0.33;344;82;5;2,871;1,248;181,523;201;6;;;1.58;43%;;2;8;14;5,190;;59%;14;15,138;;35;12;29;04:23;;0.05;10.9;0.25;02:15;10.1;;4.12;17.29;9,125.05;217;3;23;11;13;47;2;4 hours;20;6;44:54;15:24;29%;4;51;;14;
NaapWay;2595;16,641;6,452;13;7;20;41;78,843;222,000;108;1;2;37.68;14.3;4.53;5,806;0.35;73;24;4;237;108;25,195;39;;;2;2.92;45%;;;;12;3,179;;55%;12;10,398;;35;12;18;02:18;2;0.69;8.72;1.39;01:48;13.6;;8.37;25.47;8,790.72;25;2;2;2;4;8;2;37 minutes;3;2;05:12;03:41;64%;3;43;;1;
nagano-1;2513;4,320;3,376;2;2;2;2;17,030;58,700;16;0;;18.87;2.35;2.35;5,096;0.29;10;4;;113;47;5,708;;;;;1.25;41%;;;;6;2,244;;;6;4,824;;9;4;;00:11;;;9.43;;00:13;1.17;;4.71;11.79;6,734.9;8;;3;0;0;4;;9 minutes;1;0;00:11;01:27;25%;;11;;1;
nano1cdo;2349;200;200;;;;;320;2,700;;0;;;;;5,049;0.11;;;;;;154;;;;;;100%;;;;;154;;100%;;154;;;;;;;;25.24;;;;;;;3,878.57;;;;0;;0;;27.67765099555254 seconds;0;;;;;;;;0;
nari_is_1582;2498;1,656;949;;;;;6,693;23,600;9;0;;21.35;2.37;;3,929;0.28;;;;76;26;2,490;;;;;0.5;34%;;;;;1,648;;47%;1;1,648;;;;;00:12;;;4.74;;00:44;2.37;;2.37;2.37;5,905.84;2;;0;0;1;1;;3 minutes;0;;00:18;;;;7;;0;
Natz_D_Chow;4100;47,766;5,615;42;6;13;114;216,906;619,200;280;1;;36.14;14.71;5.42;6,166;0.35;244;113;20;1,117;514;102,245;79;3;;;3.25;46%;;;;14;7,077;;73%;14;12,243;;22;10;8;01:07;3;;9.68;2.58;01:04;10.19;;14.58;31.49;13,198.11;75;2;7;9;5;21;;1 hour;8;7;08:19;22:14;86%;4;26;0;1;
Neiyao;0;257,300;11,681;159;11;28;371;1,142,126;3,435,800;1,854;1;;40.55;8.11;3.47;5,629;0.33;707;155;9;9,111;3,483;377,575;422;14;;3;1.8;38%;;;19;15;6,224;;58%;15;18,029;;37;14;27;03:47;;0.06;8.55;0.19;01:33;9.23;;3.39;15.46;8,259.71;391;9;37;33;33;102;23;9 hours;46;13;01:11:18;16:26;29%;5;73;1;31;
Nemesis3456;2751;4,342;3,015;5;4;16;17;20,928;69,300;20;0;;14.12;12;3.53;3,066;0.3;37;10;;120;68;11,551;24;;;;7.4;56%;;;;14;4,495;;61%;14;7,061;;24;6;12;01:15;;;3.53;;01:46;16.94;;7.06;26.13;8,157.73;5;;3;2;0;6;2;11 minutes;1;1;02:31;02:17;100%;;13;
nerorule;2569;11,361;7,052;8;4;29;47;58,423;128,900;61;0;;30.5;23.5;4;5,681;0.45;60;13;3;123;40;12,252;43;3;;;6;32%;;;;13;2,636;;34%;13;6,414;;35;7;27;02:44;2;;5;1.5;02:32;21.5;;6.5;30;6,125.81;10;2;2;2;2;6;2;21 minutes;2;2;05:04;02:44;100%;4;36;
NHLer89;0;21,677;4,662;23;7;18;48;107,686;337,600;106;1;2;22.33;10.11;4.84;4,568;0.31;114;39;9;499;198;40,082;51;;;4;3.35;39%;;;33;23;6,648;;61%;23;8,274;;24;10;15;02:29;4;0.84;7.16;1.89;02:05;10.74;;8.21;24.02;8,446.58;34;;4;1;12;17;3;56 minutes;5;3;09:53;04:36;66%;4;28;;2;
NickalaiHomebrew;3044;115;115;;;;;155;3,900;;0;;21.06;;;2,412;0.03;;;;;;78;;;;;;;;;;;78;;;;78;;;;;;;;21.06;;;;;;;1,640.66;;;0;;;0;;38.99225297011435 seconds;0;0;;;100%;
nicot2010;2752;87,053;11,732;102;27;54;304;467,019;894,900;450;1;;34.68;23.42;7.86;6,709;0.52;409;132;10;1,301;577;149,584;253;13;;2;8.01;44%;;;19;25;9,725;;58%;25;21,819;;70;29;53;05:18;3;0.15;3.93;0.77;01:48;19.49;;10.17;31.52;11,528.1;51;4;7;12;15;35;10;2 hours;13;8;23:22;42:28;61%;4;64;1;4;
Ninja5976;3734;458,723;13,014;502;20;47;1,731;2,259,169;5,313,600;2,664;1;2;37.6;24.43;7.08;6,475;0.42;2,604;997;120;8,905;3,763;883,421;1,085;65;2;25;5.76;42%;;;22;23;8,205;;66%;23;21,023;;54;27;29;03:29;6;0.35;6.38;1.69;01:35;15.31;;14.07;36.75;12,470.34;452;15;68;77;77;222;59;14 hours;71;60;01:52:42;04:44:14;85%;6;63;3;8;
NINJALEX323;3962;82,458;7,908;66;7;25;217;360,715;1,010,300;458;1;2;37.68;17.85;5.43;6,785;0.35;391;151;21;1,658;572;118,652;178;3;2;7;4.54;34%;;;4;19;5,083;;63%;19;10,269;;32;15;20;02:45;3;0.57;7.07;1.72;01:42;14.64;;12.42;32.17;9,763.94;86;7;11;14;13;37;5;2 hours;12;10;20:39;24:34;84%;3;39;0;2;
NoirEt_B;3147;172,430;11,349;155;13;34;416;688,455;1,882,500;1,018;1;;35.89;14.66;5.46;6,079;0.36;720;268;45;4,470;2,011;353,482;357;19;;6;4.16;44%;;;13;29;8,135;;78%;29;23,727;;53;16;31;03:42;6;0.21;6.09;1.58;01:31;12.58;;9.44;25.38;12,462.22;173;2;23;34;36;93;17;5 hours;28;14;43:08;56:22;50%;4;70;2;12;
nyanyamui_401;0;66,236;8,422;42;12;24;116;298,475;903,200;368;1;;37.08;11.68;4.23;6,674;0.33;226;60;5;635;301;96,917;122;6;;2;2.4;47%;;;2;12;3,897;;100%;12;13,408;;40;11;23;03:48;2;0.2;9.47;0.5;02:00;12.29;;6.04;22.77;9,765.64;94;6;12;8;8;28;;2 hours;10;3;19:55;05:04;26%;3;53;2;5;
ohEvasive;3523;110,464;7,979;124;11;22;320;501,558;1,491,900;504;1;;25.86;16.41;6.36;5,668;0.33;595;177;14;2,491;1,023;186,962;268;21;;;4.34;41%;;;;20;7,439;;74%;20;13,565;;38;16;26;02:33;3;0.05;7.02;0.71;01:30;13.75;;9.08;30.52;9,593.13;137;8;18;26;11;55;6;4 hours;19;19;29:14;36:05;97%;6;34;;1;
oI_SPY_Io;4521;218,807;13,195;212;15;54;686;1,078,200;2,382,200;1,176;1;;36.65;21.38;6.6;6,820;0.45;1,043;421;45;3,302;1,517;352,901;419;32;;8;4.82;45%;;;3;27;8,506;;69%;27;18,859;;64;24;32;02:50;5;0.24;6.73;1.4;01:09;13.06;;13.12;32.51;11,000.17;216;4;34;28;38;101;20;6 hours;32;24;37:23;01:39:45;76%;5;76;1;7;
OlyMpiC_GER;3000;4,075;1,985;5;3;7;15;15,007;56,400;21;0;;20.46;14.61;4.87;3,970;0.26;31;13;;44;24;8,562;14;;;;5.16;54%;;;;12;2,800;5;28%;12;4,310;;16;6;7;01:30;;;5.84;;01:56;13.64;;12.66;30.2;8,342.11;6;;1;1;1;3;;9 minutes;1;1;01:59;02:06;75%;3;13;;0;
Opticflare64;2437;14,227;5,294;11;5;17;36;62,486;156,600;66;1;;29.45;16.06;4.9;6,350;0.39;48;18;3;108;57;24,303;17;;;;2.28;52%;;;;9;4,012;;64%;9;9,409;;21;11;9;01:11;3;;9.37;1.33;00:56;7.58;;8.03;21.42;10,847.17;21;;3;2;4;9;;26 minutes;2;;02:06;07:05;;3;23;;2;
OttoFemtusen;2831;32,363;4,865;32;8;20;86;152,062;440,900;220;0;;44.01;17.2;6.4;6,475;0.34;143;50;7;926;432;61,373;69;2;;;2.46;46%;;;;13;4,330;;53%;13;10,662;;33;13;16;02:16;3;;11.6;1.4;02:11;13.8;;10;28.6;12,278.38;58;2;6;5;6;17;;1 hour;5;1;10:55;11:19;29%;4;42;;4;
oualid32;4267;734,911;14,331;876;24;60;2,474;3,498,775;8,501,200;3,957;1;;38.68;24.18;8.56;7,185;0.41;3,873;1,524;160;17,006;7,437;1,467,713;1,662;97;6;9;4.61;43%;;;6;23;9,000;;71%;23;26,255;;73;32;36;03:23;6;0.08;8.21;1.56;01:26;16.24;;14.9;37.86;14,349.84;840;14;87;115;141;343;69;23 hours;102;68;02:27:57;06:54:02;66%;5;76;2;33;
picoforver;2748;1,206;1,206;;;;;2,646;13,300;6;0;;30.53;;;6,137;0.19;;;;11;9;2,054;;;;;;81%;;;;;982;;;;2,054;;;;;00:29;;;15.26;;02:30;;;;;10,452.59;3;;;;0;0;;2 minutes;0;;00:29;;;;6;;0;
pin-zoro__;2451;2,414;2,248;;;2;2;7,023;47,300;25;0;;31.77;2.54;1.27;3,067;0.14;8;;;202;58;2,911;3;;;;2;28%;;;;5;2,018;;;5;2,544;;7;;2;01:11;;;5.08;;01:39;3.81;;1.27;10.16;3,699.66;4;;0;0;0;1;;7 minutes;1;1;01:18;;80%;;23;;0;
praktommy;3673;2,146,741;14,863;2,093;16;52;6,115;10,419,087;25,371,500;12,759;1;2;40.36;19.34;6.62;6,791;0.41;9,506;3,574;400;25,259;13,541;3,557,576;4,554;225;7;29;3.81;53%;;;55;24;9,870;;84%;24;22,477;;66;31;43;04:32;8;0.09;7.88;1.26;01:41;14.4;;11.3;30.07;11,254.28;2,491;52;308;316;333;956;206;70 hours;316;176;08:52:49;13:41:24;55%;6;80;9;131;
Prey1nMantis;2494;166,566;7,815;150;10;35;473;797,038;2,609,100;1,006;1;;27.89;13.11;4.15;4,619;0.3;1,021;514;106;3,657;1,228;306,723;448;15;;6;7.39;33%;;2;43;21;6,719;29;66%;21;17,003;;54;31;28;02:52;6;0.16;3.82;2.93;01:22;12.42;;14.25;28.31;8,505.5;138;3;32;38;62;132;24;7 hours;36;20;49:36;01:30:26;56%;6;48;4;11;
PrimeraEspada91;3406;5,293;2,409;7;4;10;15;22,331;77,400;23;0;;19.3;12.59;5.87;4,444;0.28;29;7;;136;61;9,778;9;;;;4.14;44%;;;;13;4,979;;64%;13;5,482;;15;4;3;00:19;;;5.87;0.83;00:31;7.55;;5.87;24.34;8,208.39;7;;1;2;0;3;;12 minutes;1;1;00:37;01:55;74%;;12;;0;
PrimeVengeance;0;49,309;7,305;50;11;29;172;235,803;639,000;251;1;2;24.13;16.54;4.8;4,742;0.36;272;120;25;848;366;102,112;130;5;;5;4.85;43%;;;7;14;4,838;;61%;14;13,660;;40;19;23;02:08;4;0.48;5.38;2.4;01:05;12.5;;11.54;26.15;9,820.64;56;3;9;10;15;33;7;1 hour;10;6;11:25;34:20;57%;3;38;1;3;
Prince_Fatman;0;75,682;6,485;77;14;28;129;270,171;1,170,500;385;0;2;24.65;8.26;4.93;4,847;0.23;410;168;35;2,485;1,074;141,562;188;9;;6;3.05;43%;;;10;21;6,225;;65%;21;13,559;;49;23;29;02:34;8;0.38;8.58;2.24;01:17;12.04;;10.75;26.25;9,066.21;134;5;18;10;15;43;3;3 hours;16;11;20:15;25:15;68%;5;24;0;5;
PucKProof;3499;34,852;7,186;33;16;24;104;148,262;373,800;169;1;;35.29;21.72;6.89;7,279;0.39;162;89;11;313;166;69,013;77;;;;3.44;53%;;;;16;4,553;;60%;16;14,717;;46;19;20;02:46;3;;9.81;2.29;01:43;16.08;;18.58;33.83;14,413.79;47;;1;6;10;18;3;1 hour;5;2;08:16;17:54;48%;3;31;;2;
QueenoftheAndals;2486;13,764;5,278;8;4;11;24;62,422;145,800;75;1;;34.25;10.96;3.65;6,286;0.42;35;11;2;153;87;20,913;14;;;;1.84;56%;;;;9;3,472;;62%;9;8,087;;16;7;8;02:27;;;8.67;0.91;01:44;6.39;;5.02;15.98;9,550.42;19;;2;3;2;8;;24 minutes;2;0;03:48;04:59;20%;;33;;2;
Quentin_JJ;3510;109,161;11,131;104;10;31;294;495,041;1,470,800;551;1;6;32.03;17.09;6.04;6,346;0.33;503;228;50;1,667;563;183,677;247;8;;8;2.6;33%;;;11;19;8,324;;51%;19;18,862;;50;23;24;02:07;6;0.46;11.21;2.9;01:37;14.35;;13.25;29.23;10,677.34;193;8;16;23;12;51;6;4 hours;17;6;27:56;53:32;32%;5;51;0;11;
rairai2040;2309;47,232;8,258;26;7;21;103;222,000;635,600;212;1;;26.05;12.65;3.19;5,804;0.34;161;43;10;1,209;489;73,785;78;;;;2.14;40%;;;;13;5,086;;51%;13;9,592;;30;9;16;01:59;3;0.12;9.21;1.22;01:12;9.58;;5.28;19.78;9,066.86;75;3;8;7;3;18;;1 hour;8;4;09:50;07:17;50%;3;33;;4;
RaxesTheWise;2506;774;774;;;;;3,643;9,500;4;0;;58.58;14.64;;11,337;0.38;4;;;18;4;979;;;;;4;22%;;;;2;691;;;2;979;;4;;;00:12;;;14.64;;03:05;14.64;;14.64;58.58;14,340.73;;;;0;0;0;;1 minute;0;;00:12;;;;4;;0;
rencpee;2745;9,134;8,657;3;3;10;10;37,595;142,200;43;0;;36.64;8.52;2.55;7,784;0.26;31;7;;24;6;10,937;19;;;;1.93;25%;;;;6;1,454;;25%;6;10,523;;30;7;19;03:48;;;13.63;;03:17;16.19;;5.96;26.41;9,320.66;16;;0;;0;0;;23 minutes;1;;03:51;00:13;;;42;;1;
res1tvih;2842;10,591;4,991;7;3;4;9;40,588;255,000;89;0;;28.21;2.85;2.21;3,357;0.15;39;8;;501;137;20,401;25;;;;;27%;;;;6;2,656;;29%;6;10,407;;18;4;10;02:53;;;12.36;0.31;02:18;7.92;;2.53;12.36;6,466.57;39;2;4;0;3;7;;42 minutes;3;1;07:17;00:02;38%;;42;;2;
Rhinoblue123RED;2209;1,046;897;;;;;3,267;36,200;8;0;;19.68;2.46;2.46;2,575;0.09;13;5;;86;16;2,151;8;;;;6.5;18%;;;;10;1,460;;21%;10;1,807;;12;5;7;00:44;;2.46;4.92;;02:32;19.68;;12.3;31.99;5,293.32;2;;1;0;0;1;;6 minutes;0;;01:02;00:19;;;6;0;0;
rm-rf_slash;2681;14,023;7,893;11;11;33;52;69,008;172,900;74;0;;36.93;25.95;5.49;6,999;0.39;79;41;5;202;92;36,151;38;2;;;5.26;45%;;;;21;6,547;;48%;21;23,956;;52;25;23;01:52;3;;7.48;2.49;01:30;18.96;;20.46;39.42;18,043.21;15;;1;3;3;7;2;28 minutes;2;2;03:01;06:53;100%;3;46;
Rockethiethm;4289;89,114;7,079;81;9;35;278;409,023;1,071,200;606;1;;41.99;19.26;5.61;6,176;0.38;461;152;13;1,515;594;136,215;146;11;;3;4.61;39%;;;;18;6,755;;100%;18;16,091;;44;18;15;02:24;4;0.2;6.93;0.9;01:13;10.11;;10.53;31.94;9,439.87;100;6;12;7;14;34;9;2 hours;14;13;17:45;31:04;89%;4;43;;1;
Ronald_Toh95;0;4,634;1,979;;;2;3;19,427;63,100;21;0;;27.29;3.89;1.29;6,023;0.3;7;;;121;67;9,836;4;;;;0.87;55%;;;;2;2,700;;;2;3,743;;4;;2;00:27;;;10.39;;01:25;5.19;;1.29;9.09;12,782.71;8;;1;1;0;2;;10 minutes;1;0;01:05;;8%;;10;;1;
ruinknives;2843;73,076;9,153;63;13;30;188;361,211;1,013,100;336;1;;29.87;16.71;5.6;6,497;0.35;346;142;20;588;292;144,531;144;7;;;3.72;49%;;;21;17;7,058;;58%;17;17,870;;43;25;17;02:24;5;;8.26;1.77;01:32;12.8;;12.62;30.76;12,850.42;93;3;15;13;9;37;4;2 hours;11;6;17:15;25:58;50%;4;39;1;5;
Rundle0509;3962;157,693;8,052;196;11;26;480;719,471;2,473,600;888;1;;21.44;11.59;4.73;3,809;0.29;1,077;329;32;6,685;2,847;346,138;444;22;2;4;5.46;42%;;;20;25;7,527;;60%;25;14,419;;43;16;27;03:43;3;0.09;4.75;0.77;01:16;10.72;;7.94;26.01;8,360.49;197;7;47;47;27;121;17;6 hours;41;38;52:48;01:02:45;91%;5;36;;4;
RyanAM;3889;646,435;10,985;757;17;47;2,325;3,360,690;7,726,500;3,949;1;;39.34;23.16;7.54;6,440;0.43;3,531;1,437;183;14,199;7,291;1,380,377;1,375;103;2;2;7.13;51%;;;19;25;9,605;;78%;25;26,604;;71;35;38;03:16;6;0.01;4.93;1.82;01:01;13.69;;14.31;35.17;13,751.45;495;18;60;85;139;283;68;21 hours;100;67;01:42:04;05:03:29;66%;6;66;3;30;
ryu-eight;3000;471,980;10,897;387;17;39;1,132;2,165,366;5,675,600;2,455;1;2;36.96;17.04;5.82;7,106;0.38;1,832;674;79;4,522;2,544;949,356;816;41;2;11;2.93;56%;;;2;20;7,256;;85%;20;21,657;;51;25;25;04:07;5;0.16;9.41;1.18;01:40;12.28;;10.14;27.58;14,293.84;625;11;67;67;81;215;31;15 hours;66;32;01:51:11;02:53:47;48%;5;59;6;29;
Saber-x-wolf;2666;2,870;1,305;3;3;4;6;11,946;69,000;29;0;;27.36;5.66;2.83;2,709;0.17;14;4;2;80;35;6,537;7;;;;1.75;43%;;;2;4;2,568;;;4;3,983;;9;4;5;00:27;2;;7.55;1.88;00:55;6.6;;3.77;13.21;6,169.74;8;;1;1;0;2;;11 minutes;1;1;00:58;00:58;75%;;12;;0;
s-ahmed97;;246,085;10,149;203;15;41;709;1,224,009;2,932,300;1,337;1;;31.83;16.88;4.83;5,859;0.41;1,064;376;53;4,078;1,974;425,793;504;19;2;;3.97;48%;;;31;24;7,518;;100%;24;19,157;;54;21;30;02:58;7;;6.38;1.26;01:34;12;;8.95;25.33;10,137.95;268;2;37;46;46;129;28;8 hours;42;23;01:06:19;01:24:59;54%;4;59;3;16;
samurainu;2412;713,479;8,490;553;15;33;1,214;2,990,936;11,978,500;3,546;1;;23.82;8.15;3.71;4,794;0.24;3,078;972;107;14,653;6,494;1,211,560;1,752;67;2;8;2.63;44%;;;34;21;7,624;40;100%;21;15,735;;52;20;41;04:54;4;0.05;7.83;0.71;01:53;11.77;;6.53;20.68;8,140.97;1,166;24;144;128;105;378;20;33 hours;149;68;04:40:45;02:10:44;45%;5;56;11;69;
sbkkzy;0;6,568,374;17,632;5,553;20;66;16,723;31,465,088;70,712,400;37,070;1;3;41.1;18.54;6.15;7,284;0.44;22,906;7,743;644;144,906;73,209;11,710,753;11,309;707;18;116;3.08;50%;;5;66;33;14,742;74;100%;33;30,524;;70;36;36;06:10;10;0.12;8.22;0.71;01:44;12.54;;8.58;25.4;12,986.2;7,418;127;793;994;1,092;2,879;541;196 hours;902;440;26:14:34;29:21:28;48%;6;85;39;423;
Scrufster;2197;;;;;;;;78,100;26;0;;;;;;0.08;;;;;;7,395;12;;;;;54%;;;;;;;;;7,395;;;;;03:28;;;14.59;;05:04;17.51;;1.45;18.97;10,793.65;10;;;;1;1;;12 minutes;;;03:28;;;;26;;1;
Shadowfox55;2974;1,521,668;10,968;1,098;15;36;3,473;7,035,483;21,521,600;9,684;1;;35.11;12.59;3.98;5,517;0.32;7,144;2,842;508;12,542;4,972;2,260,929;3,544;93;3;10;3.96;39%;;5;154;26;8,279;54;100%;26;18,269;;58;27;40;04:55;7;0.03;6.53;1.84;01:32;12.85;;10.3;25.9;8,197.82;1,803;73;275;250;165;691;110;59 hours;276;154;07:04:30;07:46:07;55%;6;68;10;112;
Shadows1Disciple;2374;3,055;3,055;2;2;6;6;11,511;55,800;31;0;;30.99;5.99;1.99;3,055;0.2;27;7;;226;60;5,514;18;;;;27;26%;;;;12;2,843;;26%;12;5,514;;27;7;18;01:03;;;0.99;;01:03;17.99;;6.99;26.99;5,514.18;;;;;2;2;;9 minutes;1;1;01:03;00:13;100%;;31;
shadowstrixx;2873;1,032,478;10,497;798;17;37;2,084;4,668,541;13,560,200;8,305;1;;48.47;12.16;4.65;6,026;0.34;3,838;1,224;144;21,946;8,936;1,666,072;1,952;82;3;;2.59;40%;;;47;21;8,152;190;79%;21;25,195;;51;23;36;05:37;4;0;8.62;0.84;01:30;11.39;;7.14;22.4;9,724.49;1,478;13;173;149;133;455;119;37 hours;171;68;04:19:12;03:56:00;39%;5;86;11;92;
Sharpy776;2926;6,691;3,304;12;5;14;17;26,642;132,200;44;0;;38.31;14.8;10.44;5,827;0.2;54;16;2;94;48;18,462;29;3;;;3.85;51%;;;;14;4,673;;36%;14;9,874;;25;9;13;01:54;;;12.19;1.74;03:34;25.25;;13.93;47.02;16,077.03;14;;1;0;2;4;;22 minutes;1;1;04:05;05:39;57%;4;21;0;0;
Shikurikato-;0;28,500;3,194;21;6;13;72;117,672;408,600;161;1;;34.95;15.62;4.55;6,187;0.28;147;57;6;397;171;49,324;63;4;;;2.77;43%;;;;16;4,434;;50%;16;6,253;;24;12;14;01:31;2;;11.5;1.3;01:24;13.67;;12.37;31.91;10,707.3;53;;3;4;5;13;;1 hour;5;2;06:30;11:58;46%;3;24;0;2;
Shimada_Bros;3031;14,486;9,648;12;10;32;52;65,080;140,000;66;1;;48.06;37.86;8.73;10,549;0.46;69;35;4;120;25;20,833;31;2;;;4.05;20%;;;;18;5,146;;15%;18;10,686;;35;20;17;01:29;2;;12.37;2.91;01:57;22.57;;25.48;50.24;15,170.47;17;;2;2;0;4;;23 minutes;1;1;02:40;07:41;100%;3;46;
Signal_Graph;0;768,508;13,837;656;16;52;2,057;3,701,192;8,115,500;4,156;1;;41;20.29;6.47;7,582;0.45;2,828;1,076;118;11,347;5,902;1,482,761;1,279;63;;3;3.29;52%;;;4;29;10,901;;73%;29;29,172;;59;26;31;04:09;7;0.02;8.47;1.16;01:40;12.61;;10.61;27.89;14,628.04;859;8;95;116;133;344;59;22 hours;101;50;02:49:48;04:45:35;49%;5;71;3;48;
sloohy99;2683;65,536;8,122;42;9;20;120;224,903;1,086,100;373;0;;21.06;6.77;2.37;3,700;0.2;330;133;26;994;335;112,432;143;3;;2;2.82;33%;;;8;13;4,017;;53%;13;12,779;;46;17;25;03:24;6;0.11;6.6;1.46;00:56;8.07;;7.5;18.63;6,348.29;117;8;12;4;6;22;5;3 hours;18;6;16:49;20:59;33%;5;57;0;11;
Smithered;0;58,302;5,705;50;11;22;164;277,791;639,000;302;1;;34.9;18.95;5.77;6,739;0.43;231;92;19;894;368;115,605;94;5;;3;3;41%;;;;25;12,967;;60%;25;14,527;;29;14;17;01:34;4;0.34;8.9;2.19;01:06;10.86;;10.63;26.7;13,363.38;77;3;5;8;11;24;3;1 hour;9;4;09:35;21:42;43%;4;28;1;4;
SNAKE714;3590;833,881;12,177;820;17;48;2,646;4,581,274;8,613,600;5,591;1;;51.2;24.23;7.51;7,637;0.53;3,504;1,289;157;24,081;13,497;2,034,957;1,743;104;2;6;8.96;56%;;;16;34;18,098;;88%;34;33,703;;56;29;37;03:23;7;0.05;3.58;1.43;01:39;15.96;;11.8;32.09;18,637.99;391;13;58;92;242;391;97;23 hours;109;62;03:00:23;06:55:03;56%;5;76;4;44;
SpanishK;2586;356;356;;;;;353;7,300;3;0;;33.78;;;4,009;0.04;2;;;5;;342;;;;;2;20%;;;;2;336;;20%;2;342;;2;;;00:11;;;11.26;;02:03;11.26;;;22.52;3,850.72;;;0;0;;0;;1 minute;0;;00:11;;;;3;;0;
Spuggtaztic;3000;89,752;9,048;102;13;37;309;452,740;1,076,500;548;1;;33.58;18.93;6.25;5,500;0.42;473;243;57;1,841;993;186,622;210;10;;;6.3;53%;;;5;20;9,040;;64%;20;19,882;;50;29;32;03:27;11;;4.59;3.49;01:30;12.86;;14.89;28.98;11,436.96;75;4;8;16;30;54;15;2 hours;16;14;24:32;59:15;85%;4;57;;2;
ss0401bump;2485;11,833;7,399;10;9;20;29;59,303;153,500;41;0;;22.61;15.99;5.51;6,527;0.38;68;27;6;239;109;26,725;30;;;;4.85;45%;;;;18;5,551;;46%;18;18,169;;58;23;25;01:56;5;0.55;7.72;3.3;01:23;16.54;;14.89;37.5;14,740.45;14;;1;4;2;6;2;25 minutes;2;1;02:30;13:34;55%;;33;;1;
STOP_iseGamin_tv;3049;1,057,229;10,928;823;15;39;1,781;4,339,340;15,048,900;6,237;1;;32.83;9.37;4.33;5,565;0.28;3,943;993;97;18,772;8,653;1,710,337;2,009;68;3;9;1.94;46%;;8;109;20;6,428;;100%;20;18,188;;46;16;26;05:05;4;0.04;10.66;0.51;01:39;10.57;;5.22;20.75;9,003.08;2,027;32;173;140;111;424;54;41 hours;190;75;05:14:03;02:20:12;39%;5;68;11;104;
stormavatar;4579;619,577;12,063;786;17;48;2,174;2,966,075;7,719,700;3,998;1;2;36.29;19.73;7.13;5,624;0.38;3,839;1,387;176;15,418;8,439;1,311,927;1,420;103;2;15;6.09;54%;;;17;25;8,410;;82%;25;25,579;;66;26;34;05:19;6;0.13;5.71;1.59;01:22;12.89;;12.59;34.85;11,909.53;630;24;114;109;129;352;82;21 hours;110;100;02:32:00;06:08:50;91%;5;77;3;7;
STRATO-ARCTICA;2431;13,843;9,392;8;7;29;33;57,814;169,100;67;0;;39.64;19.52;4.73;8,192;0.34;70;29;3;2;;18,885;34;2;;;3.33;50%;;;4;11;2,627;;50%;11;15,089;;62;26;28;02:24;3;;12.42;1.77;01:55;20.11;;17.16;41.42;11,175.54;21;;0;2;2;5;;28 minutes;2;1;03:14;01:52;59%;3;47;;1;
subzilllaa;3496;413,625;9,250;447;16;33;1,014;1,842,741;5,243,800;2,140;1;;33.2;15.73;6.93;6,418;0.35;1,778;691;92;6,423;3,059;737,867;755;48;;12;2.56;47%;;;4;21;5,897;;76%;21;18,215;;56;22;29;02:46;5;0.18;10.75;1.42;01:26;11.71;;10.72;27.58;11,449.1;693;8;59;73;50;181;15;14 hours;64;23;01:32:47;02:42:50;36%;5;52;2;39;
SugahFree;3000;4,159;2,335;6;4;6;10;19,934;78,400;34;0;;37.56;11.04;6.62;4,595;0.25;27;7;2;53;30;8,022;12;;;;3.85;56%;;;;8;2,806;;61%;8;4,694;;14;5;9;00:34;2;;7.73;2.2;00:43;13.25;;7.73;29.82;8,861.79;7;;2;;1;3;;13 minutes;1;1;00:38;02:15;100%;4;21;
swagboy1235;0;6,401;3,783;3;2;5;9;25,659;74,300;39;0;;23.67;5.46;1.82;3,885;0.34;18;9;2;176;82;11,384;6;;;;2.25;46%;;;3;4;2,832;;50%;4;5,337;;10;5;4;00:46;2;;4.85;1.21;00:38;3.64;;5.46;10.92;6,909.7;8;;1;3;2;6;;12 minutes;2;1;01:03;00:12;60%;;23;;1;
Swegg-Lawdd;0;214,566;10,403;257;16;44;700;986,810;2,624,900;1,187;1;2;34.94;20.6;7.56;6,317;0.37;1,192;390;41;6,063;2,548;427,725;442;27;;13;4.31;42%;;;15;20;7,044;;54%;20;23,463;;61;22;29;02:43;6;0.38;8.12;1.2;01:29;13.01;;11.48;35.09;12,593.24;276;6;35;30;40;105;19;7 hours;34;28;50:29;01:26:58;82%;5;54;0;6;
SwiperThe1;4252;44,321;6,802;39;11;21;140;209,458;584,000;278;1;;30.85;15.53;4.32;4,920;0.35;241;105;17;787;373;81,493;88;5;;;4.38;47%;;;;21;4,165;;63%;21;12,568;;44;17;22;02:03;4;0.11;6.1;1.88;01:00;9.76;;11.65;26.75;9,045.58;55;3;10;9;5;24;7;1 hour;9;8;09:06;23:39;93%;4;41;;1;
T4nh3ngz;3751;22,764;5,600;20;6;22;78;114,717;323,600;123;0;;23.71;15.03;3.85;4,389;0.35;184;58;10;583;256;47,925;80;2;;;10.82;43%;;;;23;4,725;;61%;23;13,551;;49;17;26;02:44;5;;3.27;1.92;01:27;15.42;;11.18;35.47;9,239.37;17;;7;4;7;18;3;53 minutes;5;5;07:32;11:40;90%;3;27;;1;
Taimbot;3653;483,953;11,306;447;21;53;1,482;2,266,312;5,568,200;2,445;1;2;33.08;20.05;6.04;6,548;0.4;2,258;959;170;9,571;4,310;961,090;1,008;56;3;9;4.03;45%;;;37;29;9,849;;100%;29;27,383;;64;32;35;05:13;10;0.12;7.57;2.3;01:31;13.63;;12.97;30.55;13,003.75;560;20;57;77;120;255;57;15 hours;74;44;01:52:34;03:25:21;59%;5;64;4;25;
taylormade99;2527;15,668;5,711;15;6;11;23;55,287;261,300;54;0;;15.98;6.8;4.44;4,638;0.21;74;39;10;52;21;27,466;32;;;;1.89;40%;;;6;7;2,783;;50%;7;10,620;;33;16;17;01:24;6;0.29;11.54;2.96;00:58;9.47;;11.54;21.9;8,130.51;39;;2;5;4;12;;43 minutes;3;1;03:16;08:09;15%;;20;1;2;
teehtf;4293;548,703;9,739;627;18;39;1,385;2,428,004;7,157,000;2,449;1;2;26.91;15.22;6.89;6,031;0.33;2,638;865;91;14,778;7,444;1,153,062;1,260;68;2;11;4.14;50%;;;21;24;8,687;;71%;24;23,136;;53;24;31;04:11;4;0.12;6.99;1;01:55;13.84;;9.5;28.99;12,674.18;636;20;88;109;116;313;38;19 hours;91;65;02:54:50;03:03:22;71%;5;47;3;23;
The_Bob_tw;3073;28,228;8,183;15;5;18;73;103,448;324,500;139;0;;37.94;19.92;4.09;7,706;0.31;127;41;10;335;154;47,017;68;;;;3.09;45%;;;;16;4,979;;57%;16;13,394;;39;9;25;01:59;3;;11.19;2.72;02:04;18.56;;11.19;34.66;12,834.65;41;4;5;4;5;13;;54 minutes;4;2;07:36;09:44;53%;3;37;;2;
The_Evil_Of_Man;0;7,522;3,134;5;3;4;10;33,794;134,000;70;0;;47.09;6.72;3.36;5,060;0.25;17;3;;329;85;11,043;11;;;;;25%;;;;7;2,111;;;7;6,755;;8;2;8;01:29;;;11.43;;02:24;7.39;;2.01;11.43;7,428.98;17;;;0;0;0;;22 minutes;1;1;03:35;;38%;;26;;1;
THE_FAT555;2539;18,366;5,142;9;5;16;41;78,764;244,300;86;1;;30.48;14.53;3.19;6,511;0.32;82;43;14;214;90;34,456;28;;;;3.03;42%;;;2;14;6,523;;46%;14;9,698;;19;11;10;00:57;5;;9.57;4.96;00:56;9.92;;15.24;29.06;12,214.9;27;;1;4;5;10;;40 minutes;3;2;02:39;11:13;66%;;20;;1;
TheCryokinetic;3743;4,994;3,494;4;4;19;19;22,729;66,800;29;0;;25.02;16.39;3.45;4,308;0.34;22;13;3;114;56;9,351;6;;;;2.75;49%;;;;11;3,000;;67%;11;8,049;;22;13;6;00:26;3;;6.9;2.58;00:25;5.17;;11.21;18.98;8,067.4;8;;;2;1;3;;11 minutes;1;1;00:29;00:57;100%;;19;
TheCycl3Path;3000;8,434;7,402;8;8;33;34;48,902;102,300;50;1;;53.27;36.22;8.52;8,987;0.47;47;18;;99;40;11,398;30;;;;5.22;40%;;;;14;3,375;;;14;10,399;;45;16;29;03:43;;;9.58;;04:05;31.96;;19.17;50.07;12,144.51;9;;1;1;1;2;;17 minutes;1;0;03:50;06:11;31%;3;42;;1;
TheeObamanation;0;233;233;;;;;481;4,700;;0;;8.15;;;1,898;0.1;;;;10;3;276;;;;;;30%;;;;;276;;;;276;;;;;;;;8.15;;;;;;;2,246.42;;;;0;0;0;;47.23192500974983 seconds;0;;;;;;;;0;
theNichibro;2655;2,563;2,563;3;3;8;8;13,471;51,600;22;0;;42.77;15.55;5.83;4,982;0.26;13;3;;111;41;5,574;6;;;;3.25;36%;;;11;6;3,473;;36%;6;5,574;;13;3;6;00:26;;;7.77;;00:52;11.66;;5.83;25.27;10,836.59;4;;;1;1;1;;8 minutes;1;;00:26;00:28;;;22;1;0;
TheRagerGamer;3991;118,556;8,414;107;11;28;281;560,686;1,565,000;624;1;2;31.65;14.25;5.42;6,014;0.35;503;185;33;3,905;1,893;206,992;225;8;;7;3.16;48%;;;7;15;8,424;;66%;15;14,638;;40;17;19;02:34;5;0.35;8.06;1.67;01:36;11.41;;9.38;25.51;10,500.01;159;2;18;11;21;50;6;4 hours;20;6;31:49;40:37;32%;5;42;0;13;
timohilde86;3478;112,650;6,962;126;11;36;320;539,163;1,625,800;547;1;;19.62;11.47;4.51;4,041;0.33;652;188;23;2,710;1,440;200,867;257;15;;;5.47;53%;;;;25;6,624;60;73%;25;13,755;;40;12;23;02:07;4;0.03;4.26;0.82;00:57;9.21;;6.74;23.38;7,205;119;;25;19;19;63;17;4 hours;28;26;26:52;25:26;93%;4;34;1;1;
tinysparkles;3258;560,079;13,043;495;14;44;1,421;2,517,647;6,860,600;3,146;1;3;39;17.61;6.13;6,945;0.36;2,311;856;115;7,429;3,200;934,333;1,011;47;;27;2.82;43%;;;12;27;7,478;;89%;27;25,009;;60;24;37;03:19;5;0.33;10.15;1.42;01:29;12.53;;10.61;28.65;11,585.44;819;39;88;62;48;198;35;19 hours;81;41;02:00:51;02:55:41;51%;5;75;1;38;
tomidaiki;2827;86,557;9,650;58;8;17;147;385,924;1,178,900;415;0;;27.59;9.77;3.85;5,755;0.32;269;85;2;1,110;458;114,931;121;7;;3;1.92;41%;;;;11;4,315;;58%;11;13,373;;33;10;14;02:26;;0.19;9.3;0.13;01:33;8.04;;5.65;17.88;7,641.45;140;6;15;12;5;32;;3 hours;15;7;23:21;09:11;49%;4;51;;8;
towearacrown;0;101,661;10,227;79;15;43;300;544,186;1,050,900;420;1;;33.92;24.23;6.38;8,212;0.51;410;176;25;1,447;616;212,890;143;9;;4;5;42%;;;;21;8,882;;62%;21;23,896;;49;26;21;01:46;9;0.32;6.62;2.01;01:01;11.55;;14.21;33.11;17,196.19;82;2;7;13;17;38;5;2 hours;12;5;12:38;34:33;43%;5;45;1;6;
treeboting;2628;1,962;1,962;5;5;5;5;9,045;27,400;18;0;;60.01;16.67;16.67;6,541;0.33;13;2;;108;49;5,038;5;;;;6.5;45%;;;;8;2,458;;45%;8;5,038;;13;2;5;00:30;;;6.66;;01:40;16.67;;6.66;43.34;16,798.15;2;;0;1;;1;;4 minutes;0;0;00:30;00:20;100%;;18;
TroLeQuiS_kiLLeR;0;;;;;;;;400;;;;;;;;;;;;;;;;;;;;;;;;;;;;;;;;;;;;;;;;;;;;;;;0;;0;0;;4.481974996626377 seconds;0;0;;;100%;
TROLL_TATOE123;2891;736;736;;;;;2,329;11,700;6;0;;36.06;;;4,425;0.19;;;;21;4;909;;;;;;19%;;;;;467;;;;909;;;;;;;;12.02;;;;;;;5,462.73;2;;0;0;;0;;1 minute;0;;;;;;6;;0;
unwoven;2887;11,779;5,940;13;6;19;34;50,914;141,800;70;0;;36.48;17.72;6.77;6,140;0.35;53;21;2;182;89;18,370;25;2;;;3.11;48%;;;;9;3,225;;49%;9;10,074;;30;13;13;01:38;2;;8.86;1.04;01:08;13.03;;10.94;27.62;9,574.99;17;;3;1;2;6;;23 minutes;2;1;02:12;10:13;47%;3;34;;1;
Uryu_CsP;4529;38,849;6,794;31;6;31;99;185,476;453,200;202;1;;32.57;15.96;4.99;6,264;0.4;160;77;11;295;138;68,710;51;;;;3.63;46%;;;;14;5,072;;66%;14;12,208;;35;18;11;00:50;6;;7.09;1.77;00:54;8.22;;12.41;25.79;11,078.7;44;;3;5;10;18;2;1 hour;6;6;05:40;13:06;92%;4;36;0;0;
vansama813;2031;11,436;3,158;4;2;12;18;43,976;150,100;43;1;;20.59;8.62;1.91;5,477;0.29;36;15;2;65;36;18,738;17;;;;1.2;55%;;;2;8;2,940;;30%;8;6,884;;14;6;8;01:02;;;14.36;0.95;01:01;8.14;;7.18;17.24;8,975.17;30;;0;2;3;5;;25 minutes;2;1;02:08;03:45;32%;;15;0;1;
Vince-F95Gunners;3049;1,384,712;12,202;1,020;15;47;3,414;6,647,531;15,795,900;8,802;1;;44.53;17.27;5.16;7,006;0.42;5,175;2,078;329;17,179;8,765;2,110,487;2,497;99;2;;3.29;51%;;3;59;27;11,948;;100%;27;27,151;;68;24;40;03:15;7;;7.94;1.66;01:34;12.63;;10.51;26.18;10,678;1,571;41;161;194;219;575;116;43 hours;198;93;05:09:46;07:03:21;46%;5;91;12;93;
Vintagesole;2785;2,371;2,371;2;2;7;7;10,778;26,000;9;0;;39.88;31.01;8.86;10,508;0.41;12;6;;29;17;2,910;10;;;;4;58%;;;;9;1,677;;;9;2,910;;12;6;10;01:21;;;13.29;;06:03;44.31;;26.58;53.17;12,893.98;3;;;0;0;1;;4 minutes;0;;01:21;00:58;;;9;;0;
VoSnYb;3961;638,214;12,761;779;21;50;2,433;3,341,545;6,605,800;2,560;1;;28.5;27.08;8.67;7,106;0.5;3,121;1,277;138;21,339;10,540;1,575,578;1,201;117;3;6;6.01;49%;;;8;26;16,484;;66%;26;32,206;;60;26;45;03:25;8;0.06;5.77;1.53;01:14;13.37;;14.21;34.74;17,541.64;519;17;54;77;184;315;77;18 hours;90;71;01:51:21;05:13:09;78%;5;51;2;17;
vReveelz;3589;35,312;8,986;31;10;27;83;170,493;471,500;249;1;;35.01;11.67;4.35;4,966;0.36;155;46;4;741;333;62,990;62;3;;;3.78;44%;;;;23;5,677;;65%;23;15,711;;42;14;15;02:52;;;5.76;0.56;01:34;8.71;;6.46;21.79;8,858.08;41;;8;7;4;19;5;1 hour;7;5;11:12;10:13;72%;4;55;0;1;
Wan-0-War;4202;481,636;13,934;619;24;67;1,799;2,406,156;4,809,300;2,209;1;2;36.25;29.52;10.15;7,904;0.5;2,329;970;120;8,256;4,339;962,468;856;86;;20;5.21;52%;;;7;29;13,344;;68%;29;32,705;;75;37;39;04:50;9;0.32;7.33;1.96;01:31;14.04;;15.91;38.22;15,795.81;447;13;34;62;122;218;49;13 hours;61;45;01:33:19;05:12:19;73%;5;67;3;13;
wannchan_1208;3680;513,391;14,943;477;20;49;1,420;2,546,096;5,197,400;2,333;1;2;36.66;22.31;7.49;8,069;0.48;1,865;588;43;14,144;6,837;1,017,705;792;66;;9;4.13;48%;;;;20;10,820;;63%;20;34,795;;64;20;38;04:19;4;0.14;7.08;0.67;01:26;12.44;;9.24;29.31;15,994.8;451;2;66;66;74;205;33;14 hours;64;36;01:31:50;02:25:57;57%;6;66;1;26;
WhiteRangerOwnz;1919;149,037;8,695;137;9;25;350;678,460;2,011,900;919;1;2;34.76;13.23;5.18;5,637;0.33;642;206;17;3,855;1,515;270,593;316;15;;6;2.64;39%;;;16;17;6,826;;66%;17;16,238;;36;16;21;02:41;5;0.22;9.19;0.64;01:21;11.95;;7.79;24.28;10,235.23;243;7;27;28;16;71;11;5 hours;26;13;36:07;40:52;47%;5;54;1;13;
WidestLowen;3000;6,190;5,254;6;5;16;17;28,676;116,000;32;0;;23.11;12.27;4.33;4,472;0.24;32;9;2;198;48;11,485;19;;;;2;24%;;;;13;4,093;;25%;13;10,351;;28;8;16;01:46;2;;11.55;1.44;01:27;13.72;;6.5;23.11;8,296.52;16;;3;2;0;5;;19 minutes;1;;02:00;00:42;;;28;;1;
WolfsRawr;0;;;;;;;;200;;;;;;;;;;;;;;;;;;;;;;;;;;;;;;;;;;;;;;;;;;;;;;;0;0;;0;;2.9975189985707402 seconds;0;;;;;;;;0;
Wonga1963;3412;160,552;10,412;172;18;33;455;757,134;2,173,700;691;1;;24.89;16.39;6.19;5,784;0.34;789;295;37;2,929;1,498;321,580;458;18;;4;4.02;51%;;;4;23;8,669;;66%;23;21,531;;50;21;37;04:15;5;0.14;7.06;1.33;02:10;16.49;;10.62;28.42;11,584.97;196;4;21;29;33;82;12;6 hours;28;17;01:00:28;01:02:03;60%;4;47;1;10;
x_CyberHunter_x;3000;1,720;1,720;;;8;8;8,206;21,000;9;0;;44.18;39.27;;8,443;0.39;8;6;;21;12;3,771;5;;;;2.66;57%;;;;8;3,211;;;8;3,771;;8;6;5;00:11;;;14.72;4.9;00:54;24.54;;29.45;39.27;18,511.95;3;;;0;0;1;;3 minutes;0;;00:11;01:19;;;9;;0;
xbLeU;0;275,944;9,374;366;17;42;953;1,351,982;3,330,400;1,378;1;2;32.33;22.36;8.58;6,476;0.4;1,504;555;91;8,710;3,829;660,259;650;50;2;19;5.31;43%;;;;24;8,775;;64%;24;22,545;;57;27;28;02:54;15;0.44;6.64;2.13;01:28;15.25;;13.02;35.29;15,495.05;283;6;31;32;85;148;28;9 hours;43;30;01:03:01;02:29:47;70%;5;48;2;10;
XCloud-4tlasX;2415;3,826;3,626;2;2;10;10;17,095;40,600;15;0;;22.37;14.91;2.98;5,708;0.42;16;5;2;8;7;6,499;12;;;;2.28;87%;;;;9;4,161;;87%;9;6,289;;16;5;12;00:52;2;;10.44;2.98;01:21;17.9;;7.45;23.87;9,696.61;7;;0;1;2;3;;6 minutes;1;;00:54;02:20;;;15;;1;
XDaRkFlMeMaSteX;3020;3,354,415;13,029;3,300;24;55;9,556;16,815,203;38,646,400;20,442;1;3;41.35;19.33;6.67;6,787;0.43;14,069;5,072;679;75,086;37,023;6,337,061;6,347;362;11;115;3.89;49%;;;161;28;10,171;10;100%;28;27,991;;72;36;42;05:46;11;0.23;7.3;1.37;01:31;12.84;;10.26;28.46;12,821.2;3,613;62;377;515;593;1,485;322;107 hours;494;249;12:32:23;19:58:19;50%;6;69;30;215;
Xecrets;3947;330,340;10,304;321;16;47;1,119;1,620,763;3,607,900;1,627;1;;33.98;23.37;6.7;6,900;0.44;1,624;604;76;6,950;3,853;718,381;692;41;;4;6.05;55%;;;21;23;13,685;;82%;23;27,694;;64;40;32;03:10;15;0.08;5.59;1.58;01:16;14.45;;12.61;33.92;15,004.89;268;6;39;42;68;149;32;10 hours;48;34;01:00:55;02:14:14;70%;5;56;2;12;
XenomorphKiller6;0;16,495;3,647;7;3;14;40;73,277;191,700;73;1;;27.15;14.87;2.6;6,135;0.38;52;20;2;322;149;30,032;19;;;;2.26;46%;;;;12;4,645;;68%;12;8,730;;15;6;11;01:48;;;8.55;0.74;01:07;7.06;;7.43;19.33;11,169.53;23;;2;1;3;7;;31 minutes;3;1;03:01;01:52;34%;;20;;2;
xEvery_;0;324,475;14,545;395;22;51;1,090;1,609,881;3,604,500;1,780;1;;36.14;22.13;8.02;6,589;0.44;1,620;629;51;9,990;5,179;789,295;701;55;3;8;5.54;51%;;;11;28;12,342;;80%;28;34,841;;58;24;33;04:17;5;0.16;5.92;1.03;01:47;14.23;;12.77;32.89;16,026.92;292;5;28;46;106;180;34;10 hours;49;37;01:28:36;02:29:58;75%;5;68;1;11;
xGrommash;2965;22,025;4,868;6;2;15;42;92,118;264,600;149;1;;36.47;10.28;1.46;5,392;0.34;76;37;7;217;105;31,398;39;;;2;3.45;48%;;;2;11;5,009;;50%;11;7,152;;23;14;19;02:10;6;0.48;5.38;1.71;01:24;9.54;;9.05;18.6;7,687.03;22;3;3;4;4;11;2;44 minutes;4;3;05:46;04:40;64%;;37;0;1;
xShotwell;3676;5,774;3,482;;;5;9;29,568;75,200;29;0;;26.08;8.09;0.89;5,195;0.39;15;4;;184;107;9,962;9;;;;1.66;58%;;;;6;4,316;;;6;5,259;;8;2;7;00:30;;;8.09;0.89;00:54;8.09;;3.59;13.49;8,961.63;9;;3;;1;4;;12 minutes;1;;01:00;00:20;;;15;;1;
XTheFunPolice;3517;1,035;1,035;;;;;2,208;18,400;7;0;;18.33;;;2,710;0.12;2;;;17;2;595;;;;;2;11%;;;;2;595;;11%;2;595;;2;;;00:07;;;2.61;;00:18;;;2.61;5.23;1,559.46;;;0;0;0;1;;3 minutes;0;0;00:07;;84%;;7;;0;
xtrickharder_esp;3952;97,374;7,433;96;12;24;279;430,326;1,215,400;524;1;2;33.36;17.76;6.11;6,200;0.35;471;174;33;2,586;1,112;174,994;200;12;;3;3.31;43%;;;;22;5,313;;100%;22;14,379;;34;15;24;04:20;4;0.19;9.04;2.1;01:38;12.73;;11.07;29.98;11,141.54;142;6;19;13;17;49;4;3 hours;16;12;25:54;29:25;75%;5;39;1;3;
XTXSHADOW;4661;2,435;2,435;5;5;4;4;8,562;47,500;11;0;;20.17;7.33;9.16;4,466;0.18;16;5;;46;15;4,362;11;;;;3.2;32%;;;;8;1,329;;;8;4,362;;16;5;11;02:19;;;9.16;1.83;04:15;20.17;;9.16;29.33;7,997.8;5;;1;1;1;2;;7 minutes;1;1;02:19;01:57;100%;3;11;
XxDPROxSKILLZxX;0;2,547;2,547;3;3;8;8;10,271;50,500;19;0;;29.53;12.43;4.66;3,959;0.2;19;6;;49;19;6,178;11;;;;3.8;38%;;;;6;2,393;;38%;6;6,178;;19;6;11;00:34;;;7.77;1.55;00:54;17.1;;9.32;29.53;9,605.55;5;;1;1;;1;;8 minutes;1;1;00:34;01:21;100%;;19;
YoungShimada;3380;109,376;10,817;114;13;49;378;530,482;1,318,900;640;1;;34.87;20.6;6.21;5,961;0.4;605;287;46;2,319;1,085;222,956;278;10;;2;5.4;46%;;;11;20;6,707;;62%;20;21,701;;56;36;31;03:33;9;0.1;6.1;2.5;01:42;15.15;;15.64;32.97;12,150.59;112;2;12;13;27;52;12;3 hours;18;9;31:15;01:05:38;48%;5;55;3;6;
yui_ui_1989;2504;16,792;5,172;11;5;10;30;69,753;213,500;88;0;;32.38;11.04;4.04;6,179;0.32;66;21;5;512;176;23,027;39;;;;3.14;34%;;;;7;2,528;;38%;7;6,960;;20;9;14;01:34;2;0.36;7.72;1.84;02:02;14.35;;7.72;24.28;8,474;21;;5;1;1;7;;35 minutes;3;3;05:32;02:23;100%;4;27;
Zcity9;3073;35,493;5,722;28;7;17;70;150,610;483,300;159;1;;20.52;9.03;3.61;4,581;0.31;128;30;2;1,115;495;55,432;56;3;;;2.03;44%;;;;8;3,914;;65%;8;10,429;;29;8;14;01:39;;;8.13;0.25;01:24;7.22;;3.87;16.51;7,154;63;;4;5;2;12;;1 hour;8;3;10:51;06:15;40%;5;26;0;5;
Zealousx;3334;54,698;9,130;37;6;16;103;237,391;698,400;264;1;;27.4;10.69;3.84;5,678;0.33;204;58;5;941;412;88,104;89;5;;;2.64;43%;;;;20;7,065;;52%;20;13,013;;38;15;19;02:26;2;;7.99;0.51;01:34;9.23;;6.02;21.17;9,145.43;77;3;6;9;11;26;2;1 hour;10;4;15:09;10:45;45%;3;46;1;4;
ZeeTee_;4127;570,046;12,799;666;25;56;1,917;2,730,928;6,385,700;3,020;1;;40.13;25.47;8.85;7,575;0.42;2,787;1,056;117;13,142;6,678;1,259,104;1,086;92;;;3.88;50%;;;36;22;9,529;;71%;22;35,119;;70;30;30;02:58;5;;9.54;1.55;01:23;14.43;;14.03;37.03;16,731.93;718;20;51;67;128;245;55;17 hours;75;47;01:44:29;04:58:26;62%;6;61;4;24;
zelda3232001;3446;6,797;3,607;6;4;7;11;29,268;85,300;36;0;;26.29;8.03;4.38;4,964;0.34;21;6;;134;70;12,404;7;;;;3.5;52%;;;3;7;4,119;;45%;7;6,619;;11;3;5;01:13;;;4.38;;01:30;5.11;;4.38;15.33;9,059.76;6;;;1;0;2;;14 minutes;1;1;02:04;02:26;73%;;19;0;0;
zousan-_-;2335;1,598;1,598;;;4;4;8,388;26,700;9;0;;26.41;11.74;;4,691;0.31;9;4;;49;28;4,124;7;;;;3;57%;;;;6;3,529;;57%;6;4,124;;9;4;7;00:35;;;8.8;;01:43;20.54;;11.74;26.41;12,105.35;3;;0;0;;1;;4 minutes;0;0;00:35;;100%;;9;
zwordz;4074;118,900;10,381;114;13;33;297;519,251;1,461,600;565;1;2;29.51;15.51;5.95;6,211;0.35;501;146;13;3,354;1,216;222,749;277;14;;4;2.54;36%;;;;16;9,887;;52%;16;14,469;;44;15;28;02:43;3;0.2;10.29;0.67;01:45;14.47;;7.62;26.17;11,636.27;197;4;20;13;22;54;9;4 hours;19;10;33:44;32:13;52%;5;45;;9;
