Username;SR;Transcendence Healing - Best;Melee Final Blows - Most in Game;Eliminations;Final Blows;Solo Kills;Shots Fired;Shots Hit;Critical Hits;Damage Done;Objective Kills;Multikills;Environmental Kills;Melee Final Blows;Critical Hits;Critical Hits per Minute;Critical Hit Accuracy;Eliminations per Life;Weapon Accuracy;Healing Done;Teleporter Pads Destroyed;Turrets Destroyed;Offensive Assists;Self Healing;Eliminations - Most in Life;Damage Done - Most in Life;Healing Done - Most in Life;Weapon Accuracy - Best in Game;Kill Streak - Best;Damage Done - Most in Game;Healing Done - Most in Game;Eliminations - Most in Game;Final Blows - Most in Game;Objective Kills - Most in Game;Objective Time - Most in Game;Solo Kills - Most in Game;Offensive Assists - Most in Game;Critical Hits - Most in Game;Critical Hits - Most in Life;Self Healing - Most in Game;Melee Final Blows - Average;Self Healing - Average;Offensive Assists - Average;Deaths - Average;Solo Kills - Average;Objective Time - Average;Objective Kills - Average;Healing Done - Average;Final Blows - Average;Eliminations - Average;Damage Done - Average;Deaths;Environmental Deaths;Medals - Bronze;Medals - Silver;Medals - Gold;Medals;Cards;Time Played;Games Played;Games Won;Objective Time;Time Spent on Fire;Win Percentage;Multikill - Best;Transcendence Healing;Defensive Assists;Defensive Assists - Most in Game;Healing Done;Healing Done - Most in Game;Games Tied;Games Lost;Healing Done - Average;Defensive Assists - Average;
A_P_P_L_E_J_A_M;2385;1,484;;257;89;13;12,956;2,436;134;126,470;136;;;;134;0.01;5%;2;18%;107,294;;4;266;2,524;9;2,932;3,525;26%;9;16,663;14,060;40;20;25;03:13;4;35;20;5;462;;0.23;20;9.61;0.97;01:23;10.21;8,062.46;6.68;19.31;9,503.42;128;;14;11;7;32;8;3 hours;13;7;18:27;37:09;55%;3;35,536;326;48;107,294;;0;5;8,062;24;
aahmad3_3;2887;2,752;2;1,720;679;135;53,168;13,805;1,253;742,076;756;5;2;12;1,253;0.01;9%;1.64;25%;488,758;4;37;1,709;16,306;20;4,773;4,300;71%;20;14,461;12,493;43;17;24;02:38;7;42;33;15;537;0.13;0.23;20;12.12;1.56;01:11;8.78;5,680.12;7.89;19.98;8,624.07;1,043;16;86;80;32;198;22;19 hours;86;43;01:42:34;03:49:57;49%;3;150,333;1,599;45;488,758;402;5;38;5,680;19;
abra84kadabra;2388;2,153;;449;154;32;16,420;4,616;247;233,117;189;;;;247;0;5%;1.52;28%;231,360;;18;526;5,362;10;4,343;4,837;58%;10;7,956;11,890;22;14;9;01:50;3;22;11;7;275;;0.2;15;8.57;0.93;00:51;5.51;6,750.35;4.49;13.1;6,801.62;294;2;22;26;20;67;8;7 hours;34;16;29:10;52:48;46%;3;59,070;735;29;231,360;;2;16;6,750;21;
Actualsim;2264;680;;21;10;2;586;135;18;8,231;9;;;;18;0.02;13%;2.33;23%;6,151;;;20;120;6;2,523;2,341;25%;6;5,278;3,756;14;5;7;00:21;;15;14;4;120;;0.14;20;9.01;2;00:21;9.01;6,164.09;10.02;21.04;8,248.89;9;;1;2;;3;;13 minutes;1;0;00:21;00:35;32%;;1,353;19;10;6,151;;1;0;6,164;19;
Akatuski_Neko;3000;972;;48;17;5;996;308;17;16,423;19;;;;17;0.01;5%;3.69;30%;13,141;;;47;204;8;2,444;3,102;30%;8;5,825;3,946;14;4;8;01:42;2;15;9;5;198;0.51;0.14;24;6.7;2.58;01:48;9.8;6,782.45;8.77;24.77;8,476.31;13;;2;3;1;6;2;22 minutes;2;1;03:29;08:20;68%;;3,894;49;15;13,141;;;1;6,782;25;
AkimboMistiK;4291;1,978;;98;41;5;2,085;801;65;42,205;46;;;;65;0.02;8%;4.26;38%;32,122;;;105;1,349;9;3,302;3,751;52%;9;9,545;6,798;20;8;14;01:41;2;19;10;8;399;;0.43;24;5.3;1.15;01:33;10.61;7,409.14;9.45;22.6;9,734.74;23;;6;6;1;12;;52 minutes;4;4;06:46;13:25;87%;;10,631;100;23;32,122;;;1;7,409;23;
akira082219;0;3,520;2;13,577;5,155;914;355,044;123,533;5,926;6,279,339;6,295;91;;64;5,926;0.01;4%;2.28;34%;5,075,922;;33;13,576;145,009;20;6,864;7,752;59%;20;23,186;18,098;67;35;39;05:40;8;68;34;11;763;0.09;0.27;20;8.86;1.36;01:18;9.41;7,589;7.7;20.29;9,388.23;5,930;60;527;824;397;1,748;407;145 hours;669;343;14:30:48;36:28:49;51%;5;1,764,615;13,853;68;5,075,922;16,500;34;292;7,589;21;
akitotenkawa1155;2542;994;;11;3;;236;63;6;3,017;5;;;;6;0.02;9%;11;26%;4,743;;;13;111;10;2,773;4,485;26%;10;3,017;4,743;11;3;5;01:17;;13;6;6;111;;0.38;36;2.74;;03:31;13.72;13,022.19;8.23;30.2;8,282.2;;;0;0;0;1;;4 minutes;0;0;01:17;03:15;100%;;1,636;18;18;4,743;;;;13,022;49;
Akodak;3000;2,108;;1,640;521;65;41,574;12,473;814;652,880;766;5;;5;814;0.01;6%;2.76;30%;584,983;;6;2,022;10,625;14;6,173;5,340;47%;14;14,484;12,872;38;17;21;03:25;4;41;26;10;466;0.06;0.17;26;7.54;0.82;01:26;9.74;7,444.29;6.63;20.87;8,308.32;593;9;46;97;29;172;62;16 hours;79;53;01:53:42;05:54:53;68%;4;164,398;2,173;50;584,983;;2;23;7,444;28;
AllStatsDown;0;1,775;2;439;193;52;11,713;3,637;311;195,745;191;3;;5;311;0.01;8%;2.01;31%;132,343;;4;428;3,797;13;4,828;3,762;47%;13;18,299;9,992;37;14;18;01:52;7;37;29;16;447;0.28;0.23;24;12.43;2.96;01:04;10.89;7,551.64;11.01;25.04;11,169.37;218;2;10;20;11;42;4;4 hours;18;6;18:48;01:08:26;34%;4;53,114;345;39;132,343;;1;10;7,552;20;
amako193;2207;1,010;;15;8;2;1,260;427;24;22,870;7;;;;24;0.01;5%;;33%;9,591;;;13;436;5;3,629;2,463;34%;5;15,491;5,236;10;7;4;01:31;;9;14;4;363;;0.35;10;11.93;1.59;02:00;5.56;7,628.44;6.36;11.93;18,191.15;15;;2;1;1;4;;20 minutes;1;;02:31;02:14;;;2,640;9;5;9,591;5,236;;1;7,628;7;
Angel_L_AssAssin;3749;2,831;2;1,112;380;55;29,560;7,867;524;416,208;495;5;;20;524;0.01;6%;3.28;26%;281,463;;3;1,247;5,383;19;9,308;5,145;48%;19;15,932;10,174;37;14;18;02:58;4;37;20;10;538;0.41;0.15;26;7.11;1.15;01:22;10.39;5,909.04;7.97;23.34;8,737.88;339;3;47;56;22;125;39;9 hours;48;35;01:05:09;02:54:45;73%;3;80,495;1,213;39;281,463;3,223;;13;5,909;25;
angels_fan_44;2127;1,015;2;502;242;75;9,657;3,803;240;195,201;214;;;6;240;0.01;6%;2.48;39%;108,081;;18;388;4,408;15;5,161;4,392;57%;15;14,799;10,803;35;19;23;02:13;9;29;18;15;441;0.25;0.26;17;8.64;3.2;01:08;9.15;4,625.62;10.35;21.48;8,354.15;202;2;23;34;31;88;14;4 hours;23;12;26:40;01:09:54;50%;;34,684;289;26;108,081;;1;11;4,626;12;
anti-hero576;2121;1,481;;89;33;3;1,618;622;44;30,696;39;;;;44;0.01;7%;2.28;38%;28,188;;;93;1,010;8;3,517;3,149;41%;8;10,612;11,960;36;13;19;02:06;;39;17;4;416;;0.38;25;10.35;0.79;01:23;10.35;7,486.83;8.76;23.63;8,153;39;;4;4;2;10;3;44 minutes;4;2;05:15;19:11;53%;3;10,038;89;42;28,188;11,960;;2;7,487;24;
APurplePanduh;4021;1,918;2;773;312;68;17,655;5,711;429;304,769;315;5;;23;429;0.01;7%;2.93;32%;192,815;;;669;5,558;15;5,360;3,515;54%;15;13,234;8,431;35;15;16;01:59;5;31;23;15;509;0.73;0.23;21;8.38;2.16;00:56;10.03;6,144.53;9.94;24.63;9,712.22;263;4;29;45;18;91;15;6 hours;31;22;29:34;02:01:58;70%;3;59,735;725;37;192,815;;1;9;6,145;23;
Arash1994;0;2,889;;885;355;60;15,170;5,597;364;303,665;337;;;6;364;0.01;6%;4.7;36%;277,815;;2;1,019;4,326;15;5,662;6,358;53%;15;13,537;13,230;36;17;21;02:43;6;49;18;9;274;0.14;0.15;25;4.53;1.44;00:54;8.13;6,702.96;8.56;21.35;7,326.67;188;3;28;49;19;96;26;7 hours;41;36;37:46;02:54:10;86%;3;68,980;1,091;49;277,815;7,008;0;5;6,703;26;
ATLXyphes;3256;1,028;;26;6;;808;253;8;12,487;8;;;;8;0;3%;1.73;31%;10,670;;;32;207;6;1,679;1,567;30%;6;6,282;5,491;13;3;4;01:34;;20;5;2;120;;0.17;18;8.39;;01:37;4.47;5,969.25;3.35;14.54;6,986.23;15;;2;2;;4;;20 minutes;2;1;02:54;06:12;39%;;3,655;41;22;10,670;;;1;5,969;23;
AutoBots_Kick_A;2901;807;;40;13;;932;331;20;17,582;14;;;;20;0.01;6%;2;35%;15,728;;;47;149;8;2,391;1,991;64%;8;6,005;6,720;16;6;6;00:58;;23;9;4;120;;0.07;22;9.29;0.46;01:15;6.5;7,306.98;6.03;18.58;8,168.29;20;;0;2;1;2;;32 minutes;2;1;02:43;00:29;43%;;2,572;42;18;15,728;6,720;;1;7,307;20;
AWolfySalvation;2371;1,876;2;29;7;2;872;149;21;8,948;14;;;2;21;0.01;14%;2.41;17%;11,408;;2;23;260;5;1,946;2,354;12%;5;3,222;4,310;12;5;5;00:32;;11;10;8;143;1.43;0.22;16;8.59;1.43;00:43;10.02;8,168.69;5.01;20.76;6,407.43;12;;;;1;1;;18 minutes;1;1;01:00;01:08;67%;;4,289;29;20;11,408;;0;0;8,169;21;
Bashemdefoe;3000;1,402;;139;58;16;3,351;839;72;45,521;75;;;;72;0.01;8%;4.34;25%;31,477;;2;130;1,239;20;5,283;2,360;31%;20;7,526;7,566;34;13;19;01:41;5;33;11;8;324;;0.31;20;4.98;2.49;00:59;11.69;4,907.97;9.04;21.67;7,097.61;32;;6;9;3;17;3;1 hour;6;6;06:19;16:05;87%;;8,990;105;19;31,477;;;1;4,908;16;
bboyer123;2774;433;;35;17;7;718;226;23;11,116;14;;;;23;0.01;10%;1.59;31%;6,517;;;16;243;7;1,816;1,239;31%;7;6,560;3,845;19;10;7;00:45;3;13;16;3;142;;0.2;9;12.62;4.01;00:59;8.03;3,739.37;9.75;20.08;6,378.37;22;;1;;2;3;;19 minutes;2;1;01:44;01:26;57%;;1,623;24;14;6,517;;;1;3,739;14;
Beautiful-KEN-;3195;1,000;;13;5;;685;176;7;8,814;7;;;;7;0.01;3%;1.44;25%;7,497;;;14;361;5;2,279;1,680;;5;4,414;4,424;8;3;6;01:03;;8;4;3;251;;0.52;15;9.79;1.08;01:27;7.61;8,156.2;5.43;14.14;9,588.74;9;;0;1;;1;;11 minutes;1;;01:20;02:17;;;3,248;24;13;7,497;;;1;8,156;26;
BEBOFLOW-PR;0;2,637;3;6,222;2,199;332;193,733;55,624;3,810;2,907,666;2,725;18;3;57;3,810;0.01;6%;2.29;28%;2,388,923;2;43;7,176;62,671;17;7,696;5,604;75%;17;24,494;17,253;42;15;24;02:31;6;50;39;12;948;0.18;0.26;24;8.97;1.1;01:01;9.04;7,925.34;7.29;20.64;9,646.29;2,706;35;180;314;134;628;185;66 hours;301;175;05:07:36;15:10:59;57%;4;738,566;7,658;53;2,388,923;13,727;14;113;7,925;25;
BEN-B-en;0;3,117;3;9,608;3,213;440;260,592;96,389;3,591;4,877,178;4,322;55;;43;3,591;0;3%;2.45;36%;4,591,352;;20;10,856;92,071;23;7,985;7,261;63%;23;21,793;20,952;43;17;24;03:46;5;50;20;11;748;0.08;0.23;22;7.75;0.87;01:05;8.57;9,109.39;6.37;19.06;9,676.48;3,907;37;352;493;241;1,086;302;110 hours;504;283;09:07:01;25:00:22;56%;4;1,504,743;11,498;51;4,591,352;17,943;32;190;9,109;23;
bhmazz;0;2,700;2;855;345;72;24,322;6,018;459;326,522;370;2;;10;459;0.01;7%;1.67;24%;294,901;;16;970;8,792;13;4,963;3,436;46%;13;9,883;8,896;23;15;14;01:59;6;28;14;6;360;0.18;0.22;18;9.42;1.32;01:03;6.82;5,438.36;6.36;15.76;6,021.49;511;6;33;36;26;94;18;10 hours;54;26;57:05;02:04:17;48%;3;72,198;1,028;36;294,901;3,157;3;25;5,438;19;
Black_Gast;3000;579;;33;9;;843;278;20;14,398;16;;;;20;0.02;7%;8.25;32%;8,500;;;41;115;8;4,007;2,200;31%;8;8,989;5,878;21;5;9;01:23;;32;13;7;72;;0.12;28;2.74;0.68;01:13;10.96;5,827.1;6.16;22.62;9,870.47;4;;2;1;2;5;;15 minutes;1;1;01:46;04:21;100%;;1,811;35;21;8,500;;;;5,827;24;
BlaZe-ZinG;0;2,116;3;1,241;435;75;27,029;8,106;541;420,057;501;6;;16;541;0.01;6%;3.65;29%;327,759;;6;1,310;9,470;14;4,177;4,231;56%;14;12,364;12,723;38;14;26;02:03;5;37;22;9;524;0.25;0.23;21;5.38;1.18;00:53;7.93;5,191.32;6.88;19.65;6,653.22;340;4;33;79;16;128;48;10 hours;63;57;56:41;03:09:52;89%;4;99,571;1,417;43;327,759;;2;5;5,191;22;
BloodHoundHD;4028;2,776;4;8,171;3,162;585;227,034;67,729;4,601;3,594,038;3,234;28;;143;4,601;0.01;6%;2.45;29%;2,872,002;3;51;8,621;75,960;25;8,201;6,733;55%;25;17,881;15,661;45;23;22;02:54;6;50;39;16;743;0.38;0.24;23;9.01;1.58;00:54;8.76;7,787.81;8.57;22.15;9,745.71;3,324;55;242;376;141;759;214;86 hours;369;198;05:33:26;19:34:05;53%;4;943,013;8,345;50;2,872,002;15,250;14;157;7,788;23;
Blota_Skoles;3358;2,291;3;1,507;554;74;32,491;11,093;755;591,265;660;7;;48;755;0.01;6%;1.99;34%;520,719;;5;1,572;12,792;14;7,336;5,666;56%;14;15,564;16,446;40;17;25;03:44;6;42;27;10;506;0.68;0.22;22;10.81;1.05;01:13;9.44;7,449.14;7.92;21.55;8,458.33;756;19;45;78;29;151;40;16 hours;70;34;01:25:45;04:02:39;48%;3;171,898;1,600;52;520,719;12,777;3;33;7,449;23;
blueschopper0628;1959;1,639;;412;143;43;18,495;4,470;363;237,875;196;;;;363;0.01;8%;0.97;24%;185,024;;4;399;6,659;7;3,826;2,723;55%;7;12,569;10,842;25;8;15;02:17;4;29;20;7;624;;0.28;13;13.44;1.37;01:13;6.25;5,907.61;4.56;13.15;7,595.07;421;2;21;27;9;58;9;6 hours;31;10;38:18;46:41;33%;3;68,658;483;30;185,024;;2;19;5,908;15;
BobbysWorldGamer;2493;2,543;;3,038;1,210;181;92,549;25,387;2,152;1,352,115;1,398;9;;10;2,152;0.01;8%;1.59;27%;1,011,487;4;37;3,215;27,014;15;5,510;4,224;54%;15;14,058;11,740;42;21;27;03:45;6;47;31;12;528;0.05;0.19;19;11.01;1.04;01:03;8.07;5,842.88;6.98;17.54;7,810.53;1,907;16;111;172;57;340;77;37 hours;173;81;03:03:19;06:49:41;46%;3;391,113;2,813;48;1,011,487;;8;84;5,843;16;
BONBISH;3415;2,683;2;2,719;1,177;223;57,212;20,709;1,647;1,110,224;1,148;13;;21;1,647;0.02;7%;2.51;36%;662,880;;27;2,502;18,376;26;7,122;6,235;60%;26;17,237;10,616;56;25;23;02:59;7;49;36;14;614;0.2;0.22;25;10.68;2.2;01:12;11.34;6,548.96;11.62;26.86;10,968.52;1,082;15;103;136;53;292;55;22 hours;101;59;02:02:34;07:28:24;58%;3;208,355;2,146;42;662,880;9,848;4;38;6,549;21;
boneh;4051;623;;33;12;;627;249;11;12,411;10;;;;11;0.01;4%;2.53;39%;4,898;;;31;278;7;2,053;1,559;40%;7;5,492;2,509;16;4;7;00:37;;17;4;3;174;;0.35;20;8.29;0.63;00:35;6.38;3,125.48;7.65;21.05;7,920.05;13;;1;3;1;5;2;13 minutes;2;2;00:56;04:02;100%;;1,647;25;13;4,898;;;;3,125;16;
Buahahahaha;2770;715;;;;;61;23;3;1,351;;;;;3;0.02;13%;0.25;37%;1,153;;;;;;631;1,025;;1;1,351;1,153;;;;00:02;;;3;2;;;;;25.79;6.44;00:17;;7,434.56;6.44;6.44;8,711.43;4;;0;;;0;;2 minutes;0;;00:02;;;;715;;;1,153;;;0;7,435;6;
bub_THe-_-Gr8;2994;853;;27;11;2;661;193;17;10,056;14;;;;17;0.01;8%;2.7;29%;9,640;;;29;124;4;2,192;1,290;38%;4;4,540;3,709;10;5;7;00:26;;12;10;5;78;;0.09;20;6.95;1.39;00:45;9.73;6,704.44;7.65;18.77;6,993.88;10;;0;0;2;3;;22 minutes;1;1;01:05;02:49;92%;;2,940;24;12;9,640;;;0;6,704;17;
BunnyFuufu;3926;817;;181;72;10;4,501;1,682;114;81,961;70;;;;114;0.02;6%;2.91;37%;46,735;;;150;1,562;21;6,363;3,036;46%;21;13,379;9,334;34;11;12;01:39;5;25;23;12;652;;0.27;18;7.4;1.19;01:05;8.35;5,579.37;8.59;21.6;9,784.79;62;2;11;10;3;25;5;1 hour;8;7;09:09;31:47;78%;3;13,323;183;26;46,735;9,334;;2;5,579;22;
burntlasagna;3052;1,042;;8;4;;305;105;2;5,060;3;;;;2;0;1%;0.8;34%;7,062;;;9;291;4;1,214;1,409;;4;2,781;3,778;5;3;2;00:15;;7;2;2;173;;0.49;8;8.75;;00:23;2.62;6,185.09;3.5;7;4,431.64;10;;0;;1;2;;9 minutes;1;;00:27;;;;2,369;10;9;7,062;;;1;6,185;9;
C4-from_above;3000;388;;6;3;;208;75;4;3,937;;;;;4;0;5%;0.85;36%;2,546;;;14;;4;1,466;1,014;;4;3,937;2,546;6;3;;00:23;;14;4;;;;;21;10.58;;00:34;1.51;3,849.14;4.53;9.07;5,952.1;7;;1;;;1;;8 minutes;1;1;00:23;03:44;100%;;719;12;12;2,546;;;;3,849;18;
Calliade22;;456;;4;4;2;216;62;12;3,757;;;;;12;0.04;19%;1.33;28%;3,238;;;;;3;2,409;1,487;;3;3,757;3,238;4;4;;00:00;2;;12;7;;;;1;3.62;2.41;00:00;;3,912.98;4.83;4.83;4,539.65;3;;;;2;2;;4 minutes;1;;00:00;;;;456;;;3,238;;;1;3,913;
CapuSound99;2434;2,273;2;665;272;64;15,693;5,270;273;273,702;314;3;;14;273;0.01;5%;1.77;33%;210,083;;;615;7,372;13;4,090;3,601;50%;13;14,701;11,380;40;17;26;02:18;7;34;16;8;500;0.42;0.29;19;11.26;1.92;01:08;9.45;6,327.86;8.19;20.03;8,244.12;374;6;20;36;14;70;21;7 hours;33;17;37:41;01:47:09;51%;3;76,578;696;50;210,083;10,357;1;15;6,328;21;
Cassia7;3556;2,823;;3,131;942;112;113,519;38,824;1,667;1,917,021;1,410;18;;3;1,667;0.01;4%;2.29;34%;1,645,069;;4;3,513;32,849;19;10,309;7,210;55%;19;25,561;19,853;43;13;25;03:30;3;43;33;11;705;0.01;0.22;20;7.65;0.62;01:10;7.9;9,222.4;5.28;17.55;10,746.99;1,365;23;130;193;82;406;102;40 hours;178;78;03:29:40;06:51:31;43%;4;551,195;4,371;52;1,645,069;13,800;8;92;9,222;25;
ChaLiWang;3191;408;;14;6;;309;87;9;4,121;;;;;9;0.03;10%;;28%;2,503;;;16;;14;4,121;2,503;;14;4,121;2,503;14;6;;00:06;;16;9;9;;;;24;;;00:09;1.5;3,767.59;9.03;21.07;6,203.76;;;1;2;;3;;4 minutes;1;1;00:06;02:10;100%;;729;15;15;2,503;;;;3,768;23;
chefskywalker420;3558;1,541;2;1,311;562;100;27,801;9,196;576;491,355;619;2;;24;576;0.01;6%;1.81;33%;328,025;;6;1,357;14,000;13;3,853;3,081;63%;13;13,833;9,893;44;25;26;02:40;6;49;29;9;693;0.36;0.27;21;11.06;1.53;01:03;9.47;5,021.87;8.6;20.07;7,522.35;723;6;47;58;38;142;25;14 hours;65;27;01:09:18;03:29:14;41%;4;120,417;962;45;328,025;3,447;3;36;5,022;15;
Chewdle;3693;1,292;;76;29;3;1,268;399;40;22,255;28;;;;40;0.02;10%;4;31%;12,749;;;84;209;15;3,386;3,739;39%;15;5,262;5,398;22;9;9;00:39;2;26;14;6;142;;0.11;31;6.94;1.09;00:50;10.23;4,661.88;10.6;27.79;8,137.9;19;2;3;3;2;8;;31 minutes;3;2;02:17;10:26;80%;;4,256;72;30;12,749;;;1;4,662;26;
ChievementHunter;2699;1,714;;255;141;32;5,584;1,748;85;90,193;113;3;;;85;0;4%;2.29;31%;65,756;;7;253;2,953;13;2,730;2,146;42%;13;13,360;9,470;37;22;22;01:47;4;47;11;6;350;0.06;0.31;15;6.78;1.95;00:50;6.9;4,016.62;8.61;15.57;5,509.31;111;;10;21;16;48;11;2 hours;16;12;13:41;32:45;75%;3;20,460;175;31;65,756;;;4;4,017;11;
Chimichanga49er;3611;1,196;;120;54;2;2,853;1,209;86;63,084;50;;;;86;0.01;7%;2.72;42%;43,904;;;124;1,393;8;4,832;4,266;51%;8;13,150;9,017;29;13;12;01:04;2;30;19;10;425;;0.31;23;8.08;0.36;00:59;9.19;8,070.1;9.92;22.05;11,595.67;44;;2;8;3;13;3;1 hour;5;3;05:21;16:12;61%;;12,767;138;32;43,904;9,017;1;1;8,070;25;
Chinmokunouta;3000;3,024;2;335;108;15;9,876;2,343;141;124,151;163;;;8;141;0.01;6%;4.08;23%;130,960;;;418;2,045;15;5,472;4,546;34%;15;14,453;13,530;33;13;19;02:47;3;37;15;6;281;0.48;0.17;25;4.99;0.91;01:30;9.93;7,983.64;6.58;20.42;7,568.53;82;;7;15;13;35;15;3 hours;16;15;24:42;01:18:15;88%;;45,383;485;43;130,960;;0;1;7,984;30;
Chuni-Byo;0;3,530;;5,506;1,839;260;178,022;59,681;2,849;3,031,828;2,320;32;;12;2,849;0.01;4%;2.62;33%;2,445,156;;13;5,846;47,305;18;9,066;8,085;72%;18;20,299;18,997;44;21;20;02:51;6;46;30;13;609;0.04;0.21;21;7.63;0.94;01:02;8.44;8,898.13;6.69;20.03;11,033.07;2,099;25;202;288;133;624;155;61 hours;275;139;04:44:36;13:18:37;50%;4;826,041;6,667;52;2,445,156;13,691;6;129;8,898;24;
Cinnabon_Man;2987;1,147;;48;19;2;846;246;17;12,390;27;;;;17;0.01;6%;6;29%;18,695;;3;55;324;19;4,411;7,247;26%;19;4,742;8,718;22;10;13;02:00;2;25;7;6;189;0.48;0.25;27;3.9;0.97;02:04;13.16;9,118.33;9.26;23.41;6,043.23;8;;1;1;1;4;2;21 minutes;2;2;04:15;13:09;92%;;6,174;71;38;18,695;;;0;9,118;35;
CODE-FRAGILE;;1,624;;202;87;11;5,998;1,624;105;82,628;84;;;;105;0.01;6%;4.59;27%;60,726;;3;193;1,464;16;6,538;3,618;35%;16;14,772;9,244;34;17;20;01:43;3;30;18;10;269;0.11;0.25;22;4.98;1.24;00:53;9.51;6,876.42;9.85;22.87;9,356.51;44;;10;12;10;32;5;1 hour;9;4;07:48;40:01;50%;3;13,124;193;33;60,726;;;4;6,876;22;
colonel_klink;;1,423;;188;74;19;4,545;1,261;122;65,470;79;;;;122;0.01;9%;1.89;27%;61,075;;2;132;1,898;9;2,479;4,277;35%;9;6,715;9,262;28;13;14;01:42;5;22;19;7;367;;0.24;11;7.96;1.52;00:39;6.35;4,912.33;5.95;15.12;5,265.81;99;;12;6;10;27;7;2 hours;12;5;08:14;26:02;41%;;18,947;173;25;61,075;;;7;4,912;14;
Colonel00627;2489;1,956;;105;53;11;2,293;761;66;41,968;58;;;;66;0.02;8%;4.56;33%;25,437;;;95;723;15;5,639;2,594;52%;15;10,129;5,259;22;13;14;02:33;3;23;16;11;336;;0.23;23;5.64;2.69;01:27;14.23;6,240.99;13;25.76;10,296.85;23;;6;6;3;15;2;51 minutes;4;2;05:55;17:54;43%;;8,891;98;20;25,437;;1;2;6,241;24;
CragtheLAD;;1,502;;292;131;32;8,876;2,494;174;128,652;140;2;;2;174;0.01;6%;2.33;28%;90,900;;7;272;5,036;12;3,843;3,191;35%;12;15,624;10,625;35;19;22;02:26;6;35;34;8;797;0.15;0.49;21;9.61;2.46;01:22;10.76;6,992.31;10.07;22.46;9,896.29;125;;14;17;15;46;9;2 hours;13;7;17:46;01:03:55;53%;3;31,712;260;34;90,900;;2;4;6,992;20;
crazy_dolls;2777;946;;11;4;;612;215;9;10,389;5;;;;9;0;4%;0.73;35%;5,655;;;10;120;3;2,556;1,919;27%;3;5,025;3,776;7;2;3;00:31;;6;6;3;120;;0.12;9;14.03;;00:36;4.67;5,290.22;3.74;10.29;9,719.56;15;;2;1;1;4;;15 minutes;1;0;00:39;00:20;38%;;2,233;10;8;5,655;;;1;5,290;9;
CrispeChris;3343;1,835;2;904;301;47;22,197;7,243;536;373,712;312;6;;8;536;0.01;7%;3.5;32%;259,241;;;941;7,648;19;7,695;5,277;53%;19;13,087;11,153;38;12;17;02:23;3;37;28;21;446;0.19;0.27;23;6.17;1.12;00:50;7.47;6,207.65;7.2;21.64;8,948.73;258;2;28;56;14;99;27;7 hours;42;33;35:10;02:51:51;78%;4;95,565;1,082;48;259,241;;1;8;6,208;26;
CW-punchL1nez;2903;1,334;;199;98;19;4,308;1,417;68;73,387;85;;;;68;0.01;4%;2.58;32%;46,807;;2;171;2,020;13;3,952;2,870;46%;13;9,624;7,645;30;17;17;01:53;4;33;25;7;625;0.12;0.31;22;9.73;2.4;01:27;10.74;5,916.1;12.38;25.15;9,275.61;77;2;7;12;6;25;2;1 hour;8;2;11:34;32:51;30%;;14,972;146;26;46,807;;;5;5,916;18;
cyber_animaI;4399;1,877;;222;82;14;5,933;2,150;99;109,721;82;3;;2;99;0.01;4%;3.26;36%;70,221;;;198;1,313;12;6,305;3,489;62%;12;13,497;10,008;33;10;11;01:26;3;27;18;6;338;0.19;0.19;19;6.47;1.33;00:48;7.8;6,682.87;7.8;21.12;10,442.12;68;;8;16;10;34;7;1 hour;11;8;08:28;35:34;74%;3;25,188;206;28;70,221;;0;3;6,683;20;
CyberBuIIying;4034;1,630;3;497;162;26;12,339;3,917;207;203,196;224;2;;4;207;0.01;5%;2.49;31%;133,155;;;528;4,992;15;6,368;2,977;46%;15;13,786;7,732;26;13;14;01:32;5;26;14;7;573;0.16;0.28;22;8.17;1.06;00:50;9.2;5,469.68;6.65;20.41;8,346.83;199;2;19;31;3;53;18;4 hours;24;22;20:31;01:27:14;89%;4;48,350;533;28;133,155;;0;3;5,470;22;
D4C-N;0;233;;26;9;;430;140;12;7,782;19;;;;12;0.01;8%;4.33;32%;3,344;;;21;14;12;2,853;1,303;33%;12;6,064;2,732;19;6;15;00:39;;15;9;3;14;;0.01;21;6.08;;01:06;19.27;3,392.76;9.13;26.38;7,896.21;6;;1;1;1;3;;11 minutes;1;1;01:05;03:08;100%;;617;17;13;3,344;;;;3,393;17;
da-rhinoboy;2798;2,188;3;1,331;517;79;23,180;8,685;585;464,332;592;5;;16;585;0.01;6%;2.86;37%;399,622;;5;1,526;10,037;20;6,012;5,797;51%;20;18,596;13,754;50;23;26;03:23;6;55;23;10;610;0.29;0.22;29;8.69;1.47;01:18;11.07;7,474.09;9.66;24.89;8,684.36;465;5;31;57;25;113;41;12 hours;53;27;01:10:03;04:15:28;51%;3;132,026;1,333;47;399,622;;3;23;7,474;25;
daxurinn;2534;1,067;;207;108;26;4,698;1,530;93;78,065;87;;;;93;0.01;6%;2.37;32%;54,781;;8;198;1,972;12;3,712;2,889;42%;12;12,995;7,326;35;20;14;02:21;6;32;13;5;337;;0.29;21;9.06;2.7;01:15;9.06;5,708.67;11.25;21.57;8,134.98;87;;3;18;13;34;8;1 hour;10;7;12:06;33:21;72%;;14,285;200;36;54,781;6,475;;3;5,709;21;
Dedicatus545___;;1,911;;116;40;8;3,281;1,155;48;57,836;51;;;;48;0.01;4%;2.97;35%;43,942;;;110;1,066;10;4,254;5,299;42%;10;12,257;9,035;26;15;13;02:04;4;24;10;5;260;0.16;0.26;18;6.35;1.3;01:04;8.31;7,161.33;6.51;18.9;9,425.61;39;;5;7;5;17;7;1 hour;6;4;06:38;16:06;65%;;17,883;102;31;43,942;;;2;7,161;17;
DEERc_;2430;2,813;2;3,467;1,178;205;114,127;33,983;2,105;1,738,212;1,715;15;;24;2,105;0.01;6%;2.43;29%;1,290,859;2;18;4,000;20,520;14;7,726;5,401;58%;14;17,423;14,408;55;19;32;02:47;5;49;28;12;611;0.12;0.13;21;7.46;1.07;00:54;8.98;6,759.3;6.16;18.15;9,101.77;1,426;13;94;186;60;340;86;42 hours;191;113;02:52:45;09:06:44;58%;4;385,674;3,667;52;1,290,859;;5;73;6,759;19;
Defyz---;0;1,764;;124;44;8;2,839;1,021;62;54,154;51;;;2;62;0.01;6%;2.88;35%;39,900;;;129;773;12;4,917;3,620;43%;12;16,314;12,810;24;10;8;01:44;2;23;13;5;287;0.41;0.18;27;8.85;1.64;01:15;10.5;8,218.25;9.06;25.54;11,154.12;43;;7;4;3;14;3;1 hour;5;2;06:06;21:16;50%;;15,223;122;23;39,900;;1;2;8,218;25;
Demented_Hiei;0;2,068;3;2,255;840;152;79,515;20,259;932;1,051,645;1,128;6;;25;932;0;4%;1.75;25%;892,815;;18;2,641;28,069;15;6,477;6,132;59%;15;16,114;15,247;48;21;35;03:39;7;55;19;8;630;0.2;0.29;21;10.28;1.21;01:21;9.02;7,142.72;6.72;18.04;8,413.39;1,286;12;89;104;72;265;83;26 hours;125;59;02:48:48;08:30:05;47%;4;305,302;2,812;61;892,815;4,074;8;58;7,143;22;
Desterix_452;0;2,603;;700;230;28;27,850;7,988;579;418,558;372;;;;579;0.01;7%;1.64;28%;273,313;;6;811;10,035;13;4,634;3,321;81%;13;18,836;10,981;27;13;18;03:03;3;41;26;13;465;0.02;0.29;17;9.06;0.59;01:11;7.91;5,814.42;4.89;14.89;8,904.33;426;7;30;46;33;108;25;9 hours;47;20;55:51;01:50:06;41%;;103,773;820;35;273,313;6,466;1;26;5,814;17;
DEVIL_SHADOW_KSA;0;3,567;;355;144;26;10,505;2,834;165;147,007;158;;;2;165;0.01;5%;1.65;26%;129,838;;;372;4,865;11;3,822;4,410;37%;11;7,060;8,898;18;11;10;02:03;3;25;13;6;328;0.11;0.34;21;11.81;1.43;01:17;8.72;7,167.68;7.94;19.59;8,115.51;214;2;18;22;14;55;4;3 hours;18;6;23:32;53:43;33%;3;49,533;406;22;129,838;8,515;1;11;7,168;22;
D-fantasy_;2798;1,115;;37;14;;1,216;425;27;21,433;21;;;;27;0.01;6%;2.17;34%;18,298;;;29;378;8;3,346;3,745;45%;8;7,759;6,614;14;7;9;01:04;;10;12;7;203;;0.24;15;8.94;;01:04;11.04;9,627.38;7.36;19.46;11,276.39;17;;0;2;1;3;;25 minutes;2;1;02:02;01:55;37%;;5,955;39;13;18,298;;0;1;9,627;21;
Diamondsdust_;0;1,547;;69;32;5;1,676;490;53;26,731;36;;;;53;0.02;10%;1.72;29%;21,733;;;65;477;8;2,427;2,123;40%;8;8,087;5,609;20;7;11;01:03;2;22;12;5;178;;0.18;18;11.3;1.41;01:11;10.17;6,144.05;9.04;19.5;7,557.01;40;;2;4;4;10;;42 minutes;4;3;04:12;11:02;74%;;8,184;60;16;21,733;;;1;6,144;17;
DifferentD;3517;2,256;;219;68;13;7,717;2,339;126;120,950;87;;;;126;0.01;5%;1.88;30%;76,729;;;181;1,432;13;5,620;4,181;53%;13;18,061;11,893;28;8;15;01:55;2;23;15;6;311;;0.15;15;9.36;1.04;00:48;7.02;6,196.23;5.49;17.68;9,767.23;116;;12;21;4;37;4;2 hours;12;5;09:56;24:22;43%;;21,332;217;31;76,729;;0;7;6,196;18;
DigitalNex;3993;2,975;;611;189;25;12,615;4,519;227;229,587;251;;;;227;0.01;5%;2.67;35%;156,183;;2;655;2,599;16;4,316;4,102;62%;16;12,069;8,901;28;10;17;02:21;3;30;14;7;254;;0.11;19;6.48;0.71;01:03;7.14;4,442.97;5.37;17.38;6,531.11;228;2;18;37;8;63;18;6 hours;35;28;37:21;01:03:48;78%;;47,526;603;42;156,183;7,103;0;7;4,443;17;
Divinity-X-;4070;2,324;3;1,394;509;88;36,088;12,000;798;638,833;553;4;;14;798;0.01;6%;2.32;33%;473,301;;2;1,514;12,647;14;5,016;3,844;48%;14;17,810;13,394;37;15;18;02:29;4;47;23;9;633;0.23;0.24;26;10.15;1.49;00:59;9.37;8,027.04;8.63;23.64;10,834.4;599;5;50;66;24;140;29;14 hours;59;32;58:16;02:26:55;54%;3;157,990;1,525;49;473,301;7,658;3;24;8,027;26;
Dizeks;2506;283;;6;5;2;226;74;3;3,707;5;;;;3;0;4%;0.75;32%;2,770;;;3;157;5;1,636;915;32%;5;3,707;2,770;6;5;5;00:57;2;3;3;2;157;;0.39;6;16.41;4.1;01:57;10.26;5,684.12;10.26;12.31;7,607.82;8;;;0;1;1;;6 minutes;0;;00:57;01:01;;;462;5;5;2,770;;;0;5,684;10;
doa3f2p;3304;794;;17;6;;370;94;8;5,015;4;;;;8;0.01;8%;2.42;25%;4,178;;;16;300;10;1,466;1,330;;10;5,015;4,178;17;6;4;00:15;;16;8;5;300;;0.58;30;12.96;1.85;00:27;7.4;7,737.78;11.11;31.48;9,288.31;7;;1;;1;2;;8 minutes;1;;00:15;04:09;;;1,100;15;15;4,178;;;1;7,738;28;
DramaticMango;2345;1,079;;;;;66;31;3;1,663;;;;;3;0.02;9%;0.5;46%;1,971;;;;;;1,018;1,532;;1;1,663;1,971;;;;00:11;;;3;2;;;;;13.04;6.52;01:15;;12,858.42;6.52;6.52;10,853.46;2;;0;0;0;1;;1 minute;0;;00:11;;;;1,079;;;1,971;;;0;12,858;7;
Drest24;2622;1,550;;;;;3,910;;;56,008;;;;;66;;;;27%;45,181;;;147;1,655;;;;;;;9,659;;;;;;;15;5;502;;;20;6.6;;01:03;;6,218.07;;19.81;7,708.04;48;;;;6;26;6;1 hour;;;07:43;27:16;63%;;;;;45,181;;;3;6,218;22;
Drew_MK;3016;1,313;4;487;218;40;10,703;3,356;382;190,301;245;;;8;382;0.02;11%;3.83;31%;142,790;2;3;508;3,499;19;5,155;4,040;47%;19;17,239;12,447;42;24;23;02:32;6;45;50;12;492;0.41;0.24;27;6.63;2.08;01:01;12.79;7,455.51;11.38;25.42;9,936.21;127;;18;22;20;60;17;4 hours;19;13;19:45;01:07:36;68%;3;41,383;471;41;142,790;;1;5;7,456;25;
DridenGX;2909;798;;5;;;345;119;4;5,778;2;;;;4;0;3%;0.62;34%;5,720;;;8;300;5;2,722;3,007;;5;5,778;5,720;5;;2;00:17;;8;4;4;300;;0.58;12;12.25;;00:27;3.06;8,761.61;1.53;7.65;8,850.38;8;;;;1;1;;8 minutes;1;;00:17;01:26;;;2,498;8;8;5,720;;;1;8,762;12;
DrSax12;2442;399;;5;;;149;31;5;1,867;2;;;;5;0.02;16%;1.25;20%;2,020;;;7;28;2;1,232;1,037;20%;2;1,867;2,020;5;;2;00:31;;7;5;5;28;;0.11;14;8.13;;01:03;4.06;4,107.34;2.03;10.16;3,797.14;4;;;0;1;1;;4 minutes;0;;00:31;00:14;;;579;3;3;2,020;;;0;4,107;6;
DSZY;2443;3,177;2;7,909;2,789;409;240,628;77,594;4,330;3,995,281;3,677;33;;61;4,330;0.01;5%;2.42;32%;3,469,335;5;94;8,228;99,401;19;7,210;6,159;65%;19;23,179;18,780;44;16;29;03:57;5;47;49;18;804;0.14;0.3;20;7.96;0.99;01:11;8.96;8,458.7;6.79;19.28;9,741.03;3,268;39;325;439;200;964;245;91 hours;410;205;08:10:26;22:05:24;50%;4;1,090,232;9,343;58;3,469,335;10,241;22;183;8,459;23;
DubiousGerbil;2683;1,134;2;267;116;13;4,988;2,186;116;112,045;124;;;7;116;0.01;5%;3.17;43%;69,630;;;279;1,861;14;5,680;3,446;61%;14;22,475;12,893;39;19;18;02:40;3;40;21;6;397;0.62;0.22;25;7.54;1.16;01:28;11.13;6,253.49;10.41;23.97;10,062.82;84;2;9;17;7;33;8;2 hours;11;6;16:23;01:01:42;50%;3;21,518;238;35;69,630;;;5;6,253;21;
DutchieSoInsane;2709;1,020;;25;9;;411;158;16;8,225;19;;;;16;0.01;10%;1.92;38%;12,280;;;23;237;7;1,478;2,123;41%;7;4,359;6,852;17;8;12;01:07;;16;10;5;136;;0.21;13;7.2;0.55;01:02;10.52;6,805.44;4.98;13.85;4,558.47;13;;1;0;2;3;;18 minutes;2;1;01:53;02:04;81%;;3,594;24;17;12,280;;;0;6,805;13;
eastcoastrider71;2494;2,383;;4,795;1,894;352;176,814;39,401;2,955;2,054,284;2,513;14;;2;2,955;0.01;7%;1.45;22%;1,548,213;;76;4,968;54,168;15;5,827;5,525;55%;15;14,444;12,496;41;18;24;03:13;9;38;28;11;620;0;0.24;17;11.45;1.22;01:14;8.75;5,390.85;6.59;16.69;7,152.98;3,289;40;180;280;129;588;109;61 hours;287;150;05:57:33;10:57:40;52%;3;556,633;4,547;43;1,548,213;9,603;14;123;5,391;16;
ecotaku;2368;3,054;2;8,165;3,130;524;206,496;72,621;4,425;3,782,039;3,426;48;;29;4,425;0.01;6%;2.78;35%;3,807,030;3;36;9,539;85,650;20;9,110;8,133;55%;20;16,856;15,692;42;19;25;05:39;7;47;36;13;702;0.06;0.24;21;6.34;1.13;00:53;7.41;8,239.39;6.77;17.67;8,185.31;2,930;22;227;438;220;885;295;97 hours;462;257;06:54:13;20:09:23;55%;5;1,209,587;9,845;54;3,807,030;10,480;19;185;8,239;21;
ejakiller;2869;585;;3;2;;142;58;;2,562;;;;;;0;1%;3;40%;1,597;;;3;;3;2,562;1,592;40%;3;2,562;1,597;3;2;;00:00;;3;;;;;;9;2.86;;00:01;;4,581.77;5.73;8.6;7,350.14;;;;;0;0;;2 minutes;0;;00:00;01:08;;;585;8;8;1,597;;;0;4,582;23;
eliteboy_1da;3003;2,168;2;2,243;811;120;64,797;19,544;1,373;1,015,814;1,090;7;;14;1,373;0.01;7%;1.8;30%;798,367;;18;2,389;28,887;27;7,382;4,906;53%;27;14,401;16,697;43;20;26;04:19;6;45;28;10;644;0.12;0.31;21;11.15;1.07;01:23;9.78;7,169.16;7.28;20.14;9,121.79;1,242;14;87;125;49;261;45;25 hours;111;51;02:35:21;06:36:42;45%;5;269,383;2,436;44;798,367;;6;54;7,169;22;
entoe12;0;3,149;2;12,643;4,248;571;413,740;134,433;5,516;6,777,589;5,773;80;;47;5,516;0.01;4%;2.44;32%;4,579,048;;27;12,164;95,213;19;8,670;8,334;75%;19;25,161;20,235;52;24;32;04:30;6;55;30;11;639;0.08;0.2;21;9.02;0.99;01:20;10.08;7,999.04;7.42;22.08;11,839.63;5,166;51;455;753;315;1,523;306;130 hours;572;304;12:44:17;28:55:21;53%;5;1,463,950;12,469;63;4,579,048;18,077;30;238;7,999;22;
Erenksk9;4169;816;;69;24;2;2,009;720;32;37,846;31;;;;32;0.01;4%;2.46;35%;19,382;;;60;226;7;4,274;2,047;45%;7;10,040;4,670;22;6;14;01:35;;22;12;4;197;0.42;0.09;26;11.99;0.85;01:50;13.27;8,302.95;10.28;29.55;16,212.56;28;;4;2;1;7;;39 minutes;2;1;04:16;10:58;52%;4;4,748;80;29;19,382;;;1;8,303;34;
EvanMario;4510;1,497;3;180;64;12;4,666;1,184;79;62,751;70;2;;7;79;0.01;6%;3;25%;47,915;;;174;1,660;13;4,019;3,232;41%;13;8,109;8,759;26;12;11;01:02;3;27;15;11;649;1.05;0.28;26;9.08;1.81;00:46;10.59;7,254.02;9.68;27.25;9,499.99;60;;7;8;3;17;4;1 hour;7;5;05:04;28:45;78%;3;17,811;168;37;47,915;2,535;0;1;7,254;25;
Evilduck1903;2547;1,647;;343;161;44;7,724;2,579;254;139,982;160;;;;254;0.02;9%;2.57;33%;92,770;;8;304;4,725;17;6,629;3,199;46%;17;13,964;7,247;33;18;18;02:01;6;32;53;11;473;;0.4;16;6.95;2.3;01:01;8.36;4,851.58;8.41;17.93;7,320.64;133;;19;23;24;66;11;3 hours;19;12;19:39;49:05;62%;;31,453;260;30;92,770;;2;6;4,852;14;
ezequielmon2001;;782;;141;51;10;3,564;878;59;47,944;59;;;3;59;0.01;6%;2.66;24%;32,310;;;157;1,390;13;3,396;1,415;48%;13;7,159;7,250;25;10;18;02:29;2;29;13;6;641;0.29;0.26;16;5.29;0.99;00:48;5.89;3,231.01;5.09;14.09;4,794.42;53;;6;8;4;18;5;1 hour;10;9;08:03;18:49;89%;;8,894;146;31;32,310;;;1;3,231;15;
Fade_BR;2818;2,510;;1,653;672;108;47,932;15,422;894;797,608;904;;;2;894;0.01;5%;2;32%;434,364;;20;1,613;12,253;19;5,563;3,733;64%;19;19,342;13,819;47;20;32;04:35;4;44;31;8;501;0.02;0.2;21;11;1.43;01:23;12.04;5,788.24;8.95;22.02;10,628.77;826;6;76;113;34;222;35;16 hours;75;32;01:44:02;05:15:01;43%;3;152,165;1,364;41;434,364;;2;40;5,788;18;
Fairystinky;2101;1,435;;279;106;16;12,113;2,680;182;142,821;134;;;;182;0.01;6%;1.08;22%;106,229;;8;313;3,001;9;3,179;2,580;32%;9;11,804;7,048;22;12;14;02:51;2;39;14;5;262;0.04;0.17;14;11.19;0.69;00:53;5.81;4,607.39;4.59;12.1;6,194.45;258;3;14;20;15;49;6;4 hours;23;7;20:27;27:09;28%;3;27,455;351;37;106,229;4,515;3;14;4,607;15;
FastAsDux;2097;1,359;;366;155;37;9,924;2,594;247;137,103;158;;;;247;0.01;9%;2.34;26%;94,130;;11;315;4,623;14;4,183;2,936;37%;14;10,429;7,781;35;18;20;01:44;5;26;23;10;553;;0.33;17;8.31;1.97;00:56;8.42;5,019.68;8.26;19.51;7,311.32;156;;12;20;10;42;6;3 hours;19;8;17:34;52:12;44%;;33,858;270;30;94,130;3,334;2;8;5,020;14;
Flown_Jebus;0;2,445;3;3,220;1,370;305;68,673;23,414;1,657;1,252,477;1,329;11;;69;1,657;0.01;7%;3.77;34%;889,512;;17;3,113;24,148;20;7,104;5,422;66%;20;20,048;14,225;50;26;28;02:59;8;47;43;16;662;0.56;0.25;25;6.94;2.48;00:56;10.82;7,244.25;11.15;26.22;10,200.27;853;13;102;154;85;341;80;25 hours;123;87;01:56:26;10:01:18;70%;4;261,407;3,002;49;889,512;12,610;6;30;7,244;24;
flyinganimal;4142;2,180;;348;134;14;8,759;3,267;171;168,660;146;2;;2;171;0.01;5%;3.48;37%;119,436;;;327;3,733;16;5,808;3,591;49%;16;16,694;14,339;43;21;24;02:24;3;44;24;14;357;0.12;0.36;20;6.24;0.87;00:53;9.11;7,455.57;8.36;21.72;10,528.24;100;;12;28;18;58;9;2 hours;16;8;14:22;01:11:33;49%;3;45,294;324;48;119,436;;0;8;7,456;20;
FlyNameHere;2202;536;;;;;100;24;;1,115;;;;;;0;4%;0.16;24%;1,080;;;;;;368;681;24%;1;1,115;1,080;;;;00:09;;;;;;;;;16.01;;00:24;;2,882.01;;2.66;2,975.41;6;;;0;0;1;;4 minutes;0;;00:09;;;;536;2;2;1,080;;;0;2,882;5;
forrestsmith2;0;2,004;2;759;320;68;20,177;7,053;548;375,802;297;3;;6;548;0.01;7%;2.11;34%;238,308;;5;702;8,303;14;6,255;5,590;48%;14;20,245;12,304;46;25;17;01:53;8;41;45;10;1,048;0.17;0.29;21;10.6;2;00:51;8.77;7,040.94;9.45;22.42;11,103.3;359;8;30;44;17;91;14;7 hours;34;14;28:58;01:39:54;40%;3;86,074;692;35;238,308;5,729;2;18;7,041;20;
fructoseghost;2653;2,034;;5,627;2,330;362;132,397;40,491;2,211;2,091,657;2,550;13;;26;2,211;0;5%;1.6;30%;2,140,977;;65;6,082;57,474;16;4,199;5,394;62%;16;15,546;15,411;48;26;28;03:28;7;52;23;8;621;0.08;0.24;20;11.82;1.22;01:20;8.59;7,215.52;7.85;18.96;7,049.3;3,508;66;153;268;107;528;153;65 hours;297;151;06:37:30;17:02:59;50%;3;710,231;7,050;54;2,140,977;10,458;12;134;7,216;24;
FvsNeLL;3451;1,882;;238;81;7;6,824;1,956;119;97,295;93;;;;119;0.02;6%;5.66;28%;47,103;;;232;1,414;19;7,087;2,967;38%;19;15,772;7,655;42;15;19;01:50;2;40;24;13;443;;0.25;33;6.02;1;00:49;13.34;6,756.62;11.61;34.13;13,956.37;42;;12;12;4;28;6;1 hour;7;6;05:45;43:58;87%;3;17,066;204;40;47,103;2,358;0;0;6,757;29;
G1ng3rsHOT;2892;1,725;;317;131;26;7,368;1,978;153;103,234;154;;;;153;0.01;7%;2.96;26%;87,690;;13;311;2,881;20;4,164;3,470;35%;20;14,022;12,466;49;21;27;02:28;5;48;30;8;754;;0.31;30;10.31;2.5;01:19;14.84;8,453.9;12.62;30.56;9,952.42;107;;11;13;9;33;9;2 hours;10;6;13:44;01:09:47;59%;3;27,218;304;48;87,690;;;4;8,454;29;
games3_112;2604;1,032;;65;28;5;996;338;23;18,073;32;;;;23;0.01;6%;5;33%;24,778;;;62;249;9;3,483;4,139;32%;9;9,851;14,095;32;12;15;00:48;2;32;10;6;159;;0.13;25;5.34;2.05;00:54;13.15;10,184.43;11.5;26.71;7,428.4;13;;4;2;2;8;2;31 minutes;2;1;02:13;12:56;58%;;3,961;75;37;24,778;7,378;;1;10,184;31;
Gandalion;0;2,979;2;9,661;3,217;524;316,356;77,542;5,324;4,067,325;3,994;27;;78;5,324;0.01;6%;1.89;24%;4,181,456;2;31;12,088;131,159;18;5,850;6,524;91%;18;18,015;20,624;45;17;27;03:49;8;59;28;13;859;0.14;0.3;22;9.19;0.94;01:05;7.2;7,545.47;5.8;17.43;7,339.52;5,098;52;278;519;191;988;339;120 hours;554;323;10:00:51;26:36:07;58%;3;1,341,089;14,799;66;4,181,456;11,297;25;206;7,545;27;
GatorChow;2397;601;;4;;;83;27;;1,201;;;;;;0;3%;1.33;32%;1,679;;;6;;2;536;1,253;33%;2;1,035;1,606;4;;;00:03;;6;;;;;;36;17.75;;00:24;5.91;9,935.21;5.91;23.67;7,107.13;3;;0;0;0;0;;3 minutes;0;0;00:04;;81%;;601;5;5;1,679;;;0;9,935;30;
ginko_503;0;947;;108;38;12;3,045;831;56;47,069;59;;;;56;0;6%;1.28;27%;50,273;;;127;1,156;8;2,829;2,213;75%;8;9,464;9,283;30;10;18;02:31;4;27;18;4;270;;0.17;16;10.7;1.52;01:08;7.51;6,406.98;4.84;13.76;5,998.75;84;;5;6;4;14;4;1 hour;8;4;08:59;07:47;46%;;14,153;144;29;50,273;2,037;;4;6,407;18;
GodzillavsMuto;2555;91;;;;;106;44;2;2,263;;;;;2;0.01;4%;;41%;262;;;;91;;2,263;262;;1;2,263;262;;;;;;;2;2;91;;0.8;;;;;;2,349.22;8.96;8.96;20,301.12;;;0;;;0;;1 minute;0;;;;;;91;;;262;;0;0;2,349;
GoldenBullet20;4287;664;;13;7;;402;155;8;7,940;7;;;;8;0.01;5%;1.18;38%;4,672;;;11;164;5;2,412;1,856;41%;5;2,753;2,375;6;4;4;00:28;;5;4;2;119;1.31;0.23;14;14.42;1.31;01:12;9.18;6,128.13;9.18;17.05;10,416.02;11;;1;1;1;2;;11 minutes;1;0;00:55;01:01;44%;;1,589;13;5;4,672;;0;0;6,128;17;
GoMu___;4214;94;;3;;;142;46;;2,190;;;;;;0;2%;0.75;32%;1,735;;;3;13;;1,020;907;;1;2,190;1,735;3;;;00:08;;3;;;13;;0.05;6;8.26;;00:17;2.06;3,586.29;2.06;6.2;4,526.32;4;;;1;1;2;;3 minutes;0;;00:08;00:02;;;94;3;3;1,735;;;0;3,586;6;
gulight;3149;1,849;;384;132;15;9,876;2,856;192;151,136;188;;;;192;0.01;6%;3.31;28%;140,257;;2;375;2,873;17;8,005;7,766;38%;17;17,628;13,842;35;19;22;02:16;3;39;22;8;392;;0.25;26;8.11;1.04;01:42;13.15;9,817.04;9.23;26.87;10,578.47;116;2;17;16;12;45;13;3 hours;14;13;24:18;55:14;87%;;51,935;416;44;140,257;12,251;;2;9,817;29;
Highlander_scott;4073;4,338;3;5,377;2,331;513;98,581;40,624;3,562;2,204,449;2,292;30;;111;3,562;0.01;8%;2.42;41%;2,007,289;2;24;5,733;38,052;17;8,210;8,490;67%;17;19,934;19,309;50;27;28;03:29;7;51;42;14;633;0.45;0.19;24;9.11;2.11;01:06;9.43;8,265.04;9.59;22.13;9,076.85;2,214;26;179;269;127;575;192;55 hours;243;136;04:27:56;16:30:30;56%;4;627,631;5,680;54;2,007,289;14,236;16;91;8,265;23;
hiijle;0;2,442;3;9,318;3,094;515;358,960;88,523;5,616;4,678,064;3,983;25;;147;5,616;0.01;6%;1.74;24%;4,217,231;3;87;11,577;95,182;22;8,338;7,495;61%;22;16,443;15,520;43;16;23;03:37;6;48;33;14;696;0.23;0.19;19;8.58;0.82;00:58;6.4;6,783.31;4.97;14.98;7,524.55;5,335;44;288;517;276;1,081;348;133 hours;622;268;10:04:32;14:14:21;43%;4;1,360,525;11,881;53;4,217,231;10,946;41;313;6,783;19;
hourai127;2224;1,816;2;3,855;1,526;317;166,518;39,417;2,153;2,026,987;1,773;12;;12;2,153;0.01;5%;2.37;23%;1,124,392;;49;3,846;39,065;19;8,705;6,633;48%;19;20,576;10,586;43;21;23;02:52;7;39;29;13;573;0.05;0.24;17;7.23;1.41;01:05;7.9;5,012.54;6.8;17.18;9,036.32;1,624;7;224;315;111;651;93;43 hours;224;128;04:05:24;08:21:09;56%;3;387,685;2,995;39;1,124,392;;14;83;5,013;13;
I_Only_AWP_B;0;816;;254;93;7;5,075;1,486;111;78,382;95;2;;;111;0.01;7%;3.9;29%;60,866;;;274;1,688;15;4,239;3,244;39%;15;9,310;8,097;40;17;19;01:49;2;31;13;8;308;;0.2;23;5.38;0.58;00:48;7.87;5,045.56;7.7;21.05;6,497.55;65;;5;15;2;23;8;2 hours;12;12;09:50;30:25;100%;3;12,472;305;41;60,866;;;;5,046;25;
Icecool121;0;1,086;2;176;66;8;4,909;1,410;65;72,995;80;;;5;65;0.01;4%;2.47;28%;55,665;;5;188;1,849;13;4,355;3,082;39%;13;11,251;7,521;41;13;24;01:52;2;43;10;4;358;0.47;0.31;18;6.74;0.75;00:41;7.59;5,284.42;6.26;16.7;6,929.57;71;2;10;16;9;35;8;1 hour;11;7;07:16;22:52;63%;4;14,838;187;44;55,665;6,610;;4;5,284;18;
IHateUddesd;2737;1,658;;307;85;6;8,509;2,350;123;124,849;175;2;;5;123;0;5%;1.32;27%;113,929;;;371;4,317;8;3,197;2,425;45%;8;12,796;8,441;42;11;26;04:00;4;45;13;5;426;0.27;0.28;20;12.51;0.32;01:45;9.47;6,170.69;4.6;16.62;6,762.16;231;4;7;24;10;41;6;4 hours;18;4;32:36;47:29;22%;3;38,081;309;30;113,929;;1;14;6,171;17;
IKizzLE;3590;2,548;;543;161;15;18,612;5,234;294;271,651;249;;;;294;0.01;5%;2.12;28%;232,296;;3;532;5,555;14;8,095;5,623;42%;14;18,656;11,340;33;11;19;03:41;2;29;19;11;315;;0.24;19;9.15;0.53;01:10;8.94;8,340.57;5.78;19.49;9,753.57;255;3;26;28;13;67;13;6 hours;28;9;32:33;01:23:25;33%;;74,204;672;43;232,296;7,181;2;16;8,341;24;
iMightyElephant;0;2,753;3;7,176;2,632;356;198,294;58,034;4,418;3,097,512;3,640;32;;17;4,418;0.01;7%;1.74;29%;2,125,367;;42;7,519;70,902;16;6,404;4,216;50%;16;21,946;15,651;56;20;32;04:31;5;58;39;13;690;0.04;0.24;21;11.67;1;01:34;10.31;6,025.3;7.46;20.34;8,781.28;4,117;49;258;459;156;873;167;80 hours;353;178;09:18:04;18:27:20;50%;4;779,516;5,949;47;2,125,367;11,979;27;148;6,025;17;
ImperfectXD;3419;3,404;;130;34;2;3,664;899;49;48,013;89;;;;49;0;5%;1.32;24%;67,902;;;165;1,459;7;1,956;4,070;26%;7;7,461;10,848;20;8;14;03:35;;26;10;4;464;;0.2;18;10.86;0.22;02:30;9.86;7,527.56;3.76;14.41;5,322.7;98;;3;6;7;16;5;1 hour;9;4;22:34;15:21;43%;3;23,289;248;43;67,902;;;5;7,528;27;
Inny21;3069;2,626;;11,662;4,492;757;299,121;91,582;5,712;4,755,003;5,312;42;;19;5,712;0.01;6%;2.6;30%;3,970,194;2;58;11,829;130,280;23;9,969;6,257;75%;23;22,613;14,930;55;24;34;03:27;6;50;28;14;794;0.03;0.3;22;8.4;1.42;01:10;9.96;7,450.79;8.43;21.88;8,923.62;4,480;73;388;577;279;1,244;355;118 hours;533;282;10:27:28;32:54:31;52%;4;1,318,469;11,895;53;3,970,194;10,632;26;225;7,451;22;
ioReactz;3584;1,478;;84;28;5;1,843;623;34;32,637;29;;;;34;0.01;5%;2.7;33%;29,360;;;95;888;7;4,749;4,136;47%;7;5,667;4,991;10;4;4;01:19;;11;8;4;190;0.2;0.26;19;6.31;1.01;01:29;5.91;5,983.68;5.7;17.11;6,651.66;31;;5;5;4;14;2;54 minutes;5;5;07:20;10:01;95%;;10,908;104;15;29,360;2,403;;0;5,984;21;
IRaTuSz;4587;1,673;2;773;294;67;16,876;6,253;348;320,689;268;4;;10;348;0.01;5%;2.9;37%;182,405;;;770;5,927;14;7,277;3,350;55%;14;20,698;10,623;36;16;24;02:21;4;41;18;11;470;0.32;0.26;25;8.59;2.16;00:50;8.66;5,895.03;9.5;24.98;10,364.16;266;4;37;38;29;104;16;6 hours;31;22;25:56;02:22:11;70%;4;59,702;730;41;182,405;;1;8;5,895;24;
itsDiety;0;1,571;2;535;178;29;12,857;4,006;301;218,915;208;2;;4;301;0.01;7%;2.57;31%;147,418;;;568;4,708;22;6,340;3,809;41%;22;13,382;9,413;37;14;18;01:58;5;36;27;14;478;0.15;0.25;21;7.82;1.09;00:58;7.82;5,546.03;6.69;20.12;8,235.81;208;4;22;30;13;65;15;5 hours;27;19;25:48;01:28:05;70%;3;50,766;559;37;147,418;;2;6;5,546;21;
itsGenji;3211;2,457;3;407;114;16;13,091;3,342;233;180,838;172;2;;10;233;0.01;6%;2.66;25%;104,017;;;398;3,123;12;3,783;2,851;48%;12;17,133;12,140;44;12;21;03:11;3;38;33;11;454;0.58;0.22;23;8.92;0.93;01:12;10.03;6,068.36;6.65;23.74;10,550.06;153;2;15;25;7;47;13;3 hours;17;13;20:46;52:03;78%;3;47,305;390;37;104,017;;1;3;6,068;23;
ItsRaiyu;4368;1,300;;402;155;31;8,077;2,736;216;142,385;101;5;;5;216;0.02;7%;3.75;33%;78,645;;;352;4,473;16;4,983;4,734;43%;16;15,155;9,368;42;18;15;01:30;4;38;37;13;613;0.38;0.45;27;8.14;2.35;00:46;7.68;5,983.27;11.79;30.58;10,832.61;107;;17;13;6;36;9;2 hours;13;13;10:15;59:43;97%;3;25,592;371;38;78,645;7,550;0;0;5,983;28;
Jack_of_Spades13;3322;1,318;;33;13;2;911;255;16;13,300;16;;;;16;0.01;6%;2.53;27%;14,323;;;39;112;6;2,457;3,633;;6;7,851;7,163;17;8;12;00:23;2;19;9;3;58;0.59;0.08;23;7.74;1.19;00:26;9.52;8,528.57;7.74;19.65;7,919.69;13;;;2;1;2;;22 minutes;2;1;00:44;03:47;67%;;5,017;28;13;14,323;;;1;8,529;17;
JDG-191;2864;1,519;;136;61;18;3,769;1,121;87;58,551;60;;;;87;0.01;7%;1.97;29%;51,137;;4;126;699;10;3,663;5,028;42%;10;9,903;6,218;21;12;14;01:33;4;18;20;8;269;0.13;0.13;17;9.52;2.48;00:52;8.28;7,057.04;8.41;18.76;8,080.19;69;2;7;8;4;19;2;1 hour;7;3;06:16;18:41;38%;4;16,674;154;22;51,137;;1;4;7,057;21;
JOKERFIRST15;4055;2,154;4;697;275;35;14,313;4,842;306;258,204;283;5;;17;306;0.01;6%;3.72;33%;197,128;;3;708;5,205;14;5,461;3,970;49%;14;14,238;9,536;31;18;19;02:14;3;31;19;9;398;0.54;0.24;23;5.99;1.12;01:21;9.07;6,320.36;8.81;22.34;8,278.59;187;;24;46;24;95;25;5 hours;31;27;42:33;01:37:55;86%;3;64,343;745;40;197,128;9,536;;4;6,320;24;
JonXSly;3015;1,823;;2,697;1,118;192;72,111;21,759;1,508;1,148,171;1,268;10;;;1,508;0.01;6%;2.02;30%;839,754;2;26;2,726;31,339;19;7,610;6,197;80%;19;17,949;12,286;47;20;27;03:09;6;45;27;11;701;;0.32;21;10.4;1.5;01:12;9.92;6,575.3;8.75;21.11;8,990.21;1,329;20;102;139;81;322;78;26 hours;128;68;02:34:55;07:41:28;53%;3;290,345;2,658;41;839,754;6,251;6;53;6,575;21;
jordkin;2331;681;;17;7;;319;85;16;5,199;4;;;;16;0.02;18%;1.88;26%;5,499;;;16;232;5;1,200;1,751;24%;5;2,896;2,952;10;4;2;00:23;;9;11;4;139;0.83;0.38;13;7.47;0.83;00:36;3.32;4,565.84;5.81;14.11;4,316.7;9;;;1;0;1;;10 minutes;1;;00:43;01:26;;;1,835;13;8;5,499;2,547;;1;4,566;11;
kadoya3582;3563;1,579;;19;7;;636;207;15;10,080;13;;;;15;0.01;7%;1.72;32%;9,862;;;17;362;6;2,222;2,035;49%;6;3,730;4,455;10;3;6;01:00;;9;8;4;268;;0.34;15;9.95;;01:34;11.76;8,928.53;6.33;17.2;9,125.68;11;;2;1;1;4;;17 minutes;1;;01:44;02:23;;;4,395;23;10;9,862;;;1;8,929;21;
kakuka-548;2589;1,156;2;165;46;7;5,895;1,675;102;84,098;67;;;3;102;0.01;6%;2.7;28%;56,340;;;167;1,412;14;4,787;3,419;50%;14;17,509;11,943;39;8;17;02:07;2;47;22;7;326;0.39;0.24;22;7.97;0.91;00:58;8.76;7,369.18;6.01;21.58;10,999.92;61;;5;12;3;19;4;1 hour;8;4;07:24;32:07;54%;;20,037;194;49;56,340;;;4;7,369;25;
kashibe01;2455;776;;9;4;;289;145;;7,191;3;;;;;0;0%;1.8;50%;5,373;;;11;252;3;2,706;1,307;51%;3;6,980;5,132;9;4;3;01:31;;11;;;252;;0.5;17;7.78;;02:22;4.66;8,362.31;6.22;14;11,191.52;5;;1;1;;2;;8 minutes;1;;01:31;00:20;;;1,998;11;11;5,373;;;1;8,362;17;
katsuya3;2206;640;;46;16;3;1,157;429;28;22,448;20;;;;28;0.01;6%;1.35;37%;14,724;;;40;794;7;2,686;2,228;52%;7;9,251;7,457;29;12;14;01:09;3;22;17;6;504;;0.4;15;12.62;1.11;00:36;7.42;5,465.51;5.93;17.07;8,332.75;34;;5;3;0;8;;32 minutes;3;1;01:39;07:15;20%;;3,987;35;17;14,724;;;2;5,466;13;
Keytix_;0;652;;72;35;11;1,280;455;44;24,487;18;;;;44;0.02;9%;3.27;35%;12,723;;;67;389;12;4,064;1,631;34%;12;6,518;4,002;22;9;7;01:09;4;19;12;6;195;;0.19;25;8.09;4.04;01:11;6.62;4,680.52;12.87;26.48;9,008.36;22;;2;2;4;8;;33 minutes;3;2;03:13;12:20;75%;3;2,711;47;15;12,723;;;1;4,681;17;
Kiba_Zack;3014;2,294;3;288;136;32;6,287;2,322;150;121,420;113;;;4;150;0.01;6%;3.09;36%;79,817;;;289;2,706;21;5,114;4,749;47%;21;15,589;10,169;34;16;20;02:18;6;35;22;15;615;0.36;0.3;26;8.47;2.91;01:13;10.29;7,272.8;12.39;26.24;11,063.59;93;;8;16;9;33;10;2 hours;11;5;13:24;59:20;48%;3;31,866;258;38;79,817;;2;3;7,273;24;
Kiki-Xillia;2595;1,791;2;1,111;431;69;33,884;8,892;717;461,499;612;2;;19;717;0.01;8%;1.66;26%;331,020;;14;1,077;13,029;11;3,871;3,492;40%;11;14,686;10,485;40;16;28;03:50;5;37;26;7;504;0.29;0.25;17;10.45;1.07;01:22;9.57;5,179.62;6.74;17.38;7,221.28;668;11;44;68;21;132;17;14 hours;64;33;01:27:36;02:43:26;51%;3;122,035;1,090;49;331,020;9,068;3;29;5,180;17;
KILLER77_HAZZA3;0;2,100;2;485;193;31;11,781;3,527;181;187,725;217;;;15;181;0;5%;1.63;29%;172,070;;2;500;6,282;15;3,172;4,405;45%;15;11,816;9,795;39;17;25;02:29;4;41;17;5;517;0.65;0.31;22;12.86;1.34;01:03;9.43;7,479.39;8.38;21.08;8,159.85;296;4;14;24;9;47;5;5 hours;23;8;24:32;01:18:17;32%;4;56,437;601;39;172,070;;2;13;7,479;26;
Killing_EdgeIV;0;1,162;;7;5;;174;55;5;2,512;;;;;5;0.01;9%;7;31%;4,977;;;3;187;5;1,321;3,429;31%;5;2,512;4,977;7;5;;00:02;;3;5;3;187;;0.73;9;2.91;2.91;00:06;2.91;14,505.73;14.57;20.4;7,321.97;;;;0;1;2;;4 minutes;0;0;00:02;01:55;100%;;1,891;10;10;4,977;;;;14,506;29;
King_Kine;2079;794;;14;;;672;179;7;8,645;6;;;;7;0;3%;1.4;26%;7,312;;;11;177;5;2,243;1,775;26%;5;8,645;7,312;14;;6;00:46;;11;7;2;177;;0.21;13;11.47;;00:52;6.88;8,394.28;;16.07;9,923.95;10;;1;1;;2;;13 minutes;1;;00:46;01:00;;;3,499;18;18;7,312;;;1;8,394;21;
kirA-_-bleAch;0;1,424;2;286;111;22;8,758;2,375;183;123,972;131;;;7;183;0.01;7%;4.46;27%;118,386;;4;313;1,956;11;8,190;5,973;42%;11;14,062;12,345;40;14;24;02:30;3;43;23;8;421;0.44;0.15;20;4.09;1.4;00:52;8.38;7,577.5;7.1;18.3;7,935.06;64;;14;11;12;37;8;3 hours;16;4;13:36;40:41;26%;;35,965;327;45;118,386;;3;8;7,578;21;
kk10295;3110;3,246;;2,009;620;76;64,281;22,081;1,109;1,123,554;864;5;;4;1,109;0.01;5%;1.86;34%;975,463;;2;2,037;17,409;17;8,063;6,884;75%;17;19,178;16,925;37;12;23;03:47;4;47;23;13;511;0.03;0.17;17;8.94;0.63;01:03;7.16;8,086.91;5.14;16.65;9,314.64;1,079;13;65;132;31;228;43;27 hours;121;50;02:07:52;04:36:34;41%;4;282,672;2,513;54;975,463;16,701;4;66;8,087;21;
koh_1655;2538;778;;32;16;5;782;226;16;11,471;11;;;;16;0.01;7%;3.2;28%;12,699;;;44;391;13;4,098;2,675;37%;13;5,809;6,492;17;8;6;00:44;2;26;9;6;186;;0.25;17;3.81;1.9;00:24;4.19;4,844.74;6.1;12.2;4,376.17;10;;;3;1;4;2;25 minutes;3;1;01:04;04:11;47%;;2,956;47;30;12,699;;;1;4,845;18;
kon5-TDRoki;2363;2,080;2;3,690;1,423;275;123,062;34,963;2,304;1,828,489;1,742;8;;29;2,304;0.01;6%;2.5;28%;1,721,886;2;49;4,066;48,878;17;6,712;5,738;57%;17;17,399;15,289;34;14;21;02:37;8;39;26;11;631;0.12;0.29;18;6.39;1.19;00:52;7.56;7,475.37;6.17;16.01;7,938.18;1,473;13;179;223;119;521;109;45 hours;230;117;03:23:27;10:29:29;50%;4;521,870;4,296;49;1,721,886;;15;98;7,475;19;
koutyatya;0;3,847;2;3,962;1,213;128;127,116;42,228;1,911;2,133,717;1,818;37;;22;1,911;0.01;4%;2.62;33%;1,720,904;;7;4,662;33,896;20;10,811;6,842;60%;20;22,361;18,634;42;18;25;04:11;5;51;34;8;604;0.11;0.21;25;8.07;0.68;01:19;9.72;9,208.77;6.49;21.2;11,417.79;1,509;18;168;219;77;464;96;43 hours;187;98;04:08:53;10:55:11;52%;4;584,672;4,700;53;1,720,904;8,258;7;81;9,209;25;
kris1974;4164;2,978;3;3,995;1,432;227;103,814;29,207;2,546;1,555,793;1,436;29;;59;2,546;0.02;8%;4.12;28%;1,119,973;;15;4,096;30,607;22;8,456;6,799;46%;22;21,650;17,853;56;25;24;03:19;9;51;41;27;749;0.36;0.26;26;6.05;1.42;00:59;8.98;7,006.7;8.95;24.99;9,733.25;968;17;127;182;64;373;145;32 hours;160;131;02:38:57;12:13:56;82%;5;358,406;4,331;60;1,119,973;;4;24;7,007;27;
KSlims;4375;1,123;;44;14;;838;275;20;14,946;18;;;;20;0.01;7%;5.5;32%;12,498;;;46;70;10;3,038;2,807;29%;10;5,330;4,535;17;6;9;01:20;;17;10;5;66;;0.06;34;5.94;;02:12;13.38;9,294.37;10.41;32.72;11,115.28;8;;1;2;1;4;;18 minutes;1;1;02:58;10:06;68%;3;4,579;48;22;12,498;;;0;9,294;36;
kurosaki158;1715;1,927;2;1,510;554;91;58,333;13,649;755;692,330;751;10;;23;755;0.01;5%;1.53;23%;527,936;;15;1,504;20,856;12;5,031;3,943;42%;12;16,789;10,907;40;19;20;02:33;5;41;22;7;737;0.23;0.28;16;10.22;0.94;01:10;7.82;5,499.23;5.77;15.72;7,211.63;982;14;61;106;26;192;38;20 hours;96;51;01:52:40;03:11:59;53%;3;178,216;1,539;40;527,936;;6;39;5,499;16;
L1TTL3msAW3S0M3;2566;1,133;;220;110;21;4,199;1,229;66;65,913;85;;;3;66;0.01;5%;3.43;29%;42,168;;;206;1,241;20;5,313;3,258;38%;20;9,832;9,726;45;27;25;01:59;6;42;17;6;338;0.38;0.21;27;8.28;2.71;01:07;11;5,461.13;14.24;28.49;8,536.38;64;;10;11;6;28;6;1 hour;8;5;08:41;32:56;70%;;11,880;144;36;42,168;;;2;5,461;19;
lakejacher;2109;1,684;2;575;221;41;16,692;5,210;208;258,309;302;;;4;208;0;3%;1.98;31%;215,772;;14;611;8,609;14;4,516;4,509;42%;14;14,089;14,176;30;14;22;02:21;5;33;16;6;576;0.11;0.34;18;8.55;1.2;01:04;8.9;6,364.44;6.51;16.96;7,619.13;290;4;26;31;28;85;22;6 hours;34;17;36:31;01:44:11;50%;3;58,858;687;32;215,772;;2;15;6,364;20;
Langartija;3035;3,184;;377;128;15;9,447;3,363;174;169,124;196;2;;;174;0.01;5%;2.27;35%;120,855;;;369;3,609;14;4,019;5,189;57%;14;14,587;10,310;30;13;19;02:18;3;30;17;10;334;;0.25;19;8.38;0.75;00:57;9.9;6,107.01;6.46;19.05;8,546.18;166;;17;22;7;46;8;3 hours;20;9;18:56;44:28;46%;3;47,254;377;30;120,855;;2;8;6,107;19;
LEATONER;0;1,300;;65;16;4;2,481;672;39;35,282;22;;;;39;0.01;5%;0.9;27%;32,709;;;75;1,237;7;2,564;2,580;35%;7;5,646;6,077;14;4;6;01:07;2;15;10;9;343;;0.32;14;13.05;0.72;01:06;3.98;5,930.35;2.9;11.78;6,396.95;72;;6;5;3;14;;1 hour;6;3;06:05;07:58;57%;;11,865;94;19;32,709;648;;2;5,930;17;
LieutenantOrange;;772;;5;2;;145;45;6;2,434;3;;;;6;0;13%;0.83;31%;9,237;;;15;276;4;1,445;4,837;31%;4;2,301;8,318;5;2;3;02:00;;13;6;3;276;;0.41;19;7.65;1.27;02:47;3.82;11,782.54;2.55;6.37;3,104.65;6;;0;1;1;1;;11 minutes;1;;02:11;03:19;;;2,755;28;26;9,237;;;1;11,783;36;
Linkinito;2935;1,462;;280;116;30;7,600;1,854;112;95,329;149;;;;112;0.01;6%;2.74;24%;81,780;;;280;3,574;13;3,018;4,369;31%;13;10,012;10,727;32;15;17;02:16;5;30;14;7;626;;0.4;19;6.97;2.05;01:13;10.19;5,592.96;7.93;19.14;6,519.62;102;;20;16;21;57;12;2 hours;15;10;17:57;46:36;68%;;25,763;254;30;81,780;8,241;;5;5,593;17;
LoggingOut;0;1,909;;1,549;512;67;39,459;13,623;841;716,830;710;5;;6;841;0.01;6%;2.14;34%;560,358;;7;1,693;18,849;23;5,785;5,447;49%;23;16,070;12,283;41;13;18;02:43;4;42;26;10;722;0.08;0.32;23;9.85;0.91;01:22;9.69;7,651.68;6.99;21.15;9,788.31;722;10;75;93;48;216;33;16 hours;73;40;01:40:25;04:06:06;54%;3;184,772;1,761;43;560,358;7,578;3;30;7,652;24;
LostkumaTH;0;898;;37;13;4;894;166;15;9,100;13;;;;15;0.01;9%;3.08;18%;8,993;;;39;389;4;1,289;1,562;23%;4;4,574;6,264;20;8;8;00:33;2;22;11;4;338;;0.31;20;6;2;00:30;6.5;4,496.7;6.5;18.5;4,550.15;12;;1;2;;3;2;20 minutes;2;2;01:00;02:10;100%;;1,743;45;25;8,993;;;;4,497;23;
l-Twisted_Fate-l;3972;1,791;;309;113;11;6,999;2,140;172;116,055;130;3;;5;172;0.01;8%;2.16;30%;103,000;;5;350;1,906;15;2,991;3,088;48%;15;10,109;8,977;34;12;13;01:26;4;39;17;8;209;0.3;0.15;21;8.66;0.66;01:03;7.87;6,242.54;6.84;18.72;7,033.82;143;3;15;21;8;44;9;3 hours;16;8;17:28;37:19;46%;4;32,628;332;34;103,000;;1;8;6,243;20;
lucis204;2770;2,811;;11,974;4,497;777;656,815;100,555;5,966;5,235,780;6,033;24;;;5,966;0.01;5%;1.68;15%;5,262,630;4;226;15,844;194,343;15;5,883;6,674;46%;15;19,411;17,096;53;20;41;04:57;8;67;26;13;1,024;0;0.33;20;8.78;0.96;01:05;7.46;6,509.65;5.56;14.81;6,476.44;7,105;83;541;644;651;1,836;515;159 hours;808;382;14:37:14;35:50:16;47%;4;1,512,882;16,259;70;5,262,630;15,291;54;373;6,510;20;
LuckyC723;3709;2,755;;1,167;453;64;23,211;8,404;588;446,310;560;7;;11;588;0.01;6%;2.02;36%;406,182;;2;1,334;13,349;11;4,162;3,657;58%;11;11,412;13,240;34;20;21;02:50;5;39;22;9;552;0.19;0.28;23;10.05;1.11;01:33;9.77;7,089.4;7.9;20.36;7,789.78;576;8;38;67;30;135;29;13 hours;57;36;01:28:50;03:38:15;62%;3;156,595;1,251;34;406,182;3,625;4;17;7,089;22;
Lyntune92;2616;721;;8;;;305;85;8;4,250;3;;;;8;0.01;9%;;27%;4,728;;;6;12;3;961;1,323;27%;3;4,250;4,728;8;;3;00:11;;6;8;2;12;;0.02;11;14.39;;00:21;5.39;8,507.62;1.79;14.39;7,648;8;;1;1;;1;;8 minutes;1;;00:11;;;;1,320;12;12;4,728;;;1;8,508;22;
M5roosh_ksa;3563;2,669;3;4,191;1,527;206;119,038;30,287;1,928;1,604,025;1,934;10;;67;1,928;0.01;6%;2.44;25%;1,424,828;;18;4,737;31,434;18;8,013;7,504;39%;18;19,913;15,503;50;18;29;04:49;5;51;31;10;595;0.35;0.2;25;9.05;1.08;01:22;10.23;7,537.56;8.07;22.17;8,485.54;1,711;24;128;207;102;437;144;42 hours;189;117;04:21:26;12:38:43;62%;4;476,811;4,969;51;1,424,828;14,101;8;64;7,538;26;
MagIish;4473;1,219;;842;263;42;15,505;5,139;344;274,852;257;6;;;344;0.01;6%;4.78;33%;246,355;;;1,050;3,613;17;5,283;5,952;55%;17;10,450;8,803;34;10;13;02:11;4;41;17;11;317;;0.13;22;3.75;0.89;00:39;5.48;5,260.8;5.61;17.98;5,869.35;176;;20;57;8;85;39;7 hours;47;45;31:05;01:57:25;97%;5;54,691;1,196;58;246,355;;;1;5,261;26;
MajorAzer;;451;;11;5;;283;101;5;4,845;4;;;;5;0;4%;1.57;35%;3,581;;;13;56;4;1,594;1,734;;4;3,632;3,475;11;5;4;00:07;;13;3;2;56;;0.1;24;12.7;1.81;00:12;7.25;6,498.57;9.07;19.95;8,790.58;7;;0;;1;1;;9 minutes;1;;00:07;;;;689;15;15;3,581;;0;0;6,499;27;
makorin_is_a_Pen;2671;1,129;;24;11;;997;366;30;18,688;12;;;;30;0.02;8%;1.41;36%;11,106;;;19;103;11;5,374;2,328;42%;11;7,833;3,872;13;5;7;01:27;;12;13;7;75;;0.07;10;8.5;0.5;01:20;6;5,555.42;5.5;12;9,348.36;17;;1;4;1;5;;22 minutes;2;0;02:41;04:40;20%;;3,482;20;11;11,106;;;2;5,555;10;
MALLOW-SURF;2028;1,379;;372;146;40;13,857;4,054;258;212,257;164;;;;258;0.02;6%;3.12;29%;104,840;;7;365;3,337;13;5,684;3,357;38%;13;17,935;8,405;41;16;20;01:45;7;37;21;11;339;;0.25;19;6.16;2.07;00:52;8.49;5,428.33;7.55;19.26;10,990.06;119;;13;27;23;63;12;3 hours;19;9;16:48;01:04:51;48%;;25,906;327;39;104,840;;1;9;5,428;17;
MamasNippel;3912;927;;16;5;;296;122;9;6,708;5;;;;9;0.01;7%;1.77;41%;3,254;;;16;160;6;1,466;1,089;47%;6;4,551;2,463;9;3;3;01:15;;9;6;3;110;;0.26;19;10.85;;02:00;6.03;3,926.72;6.03;19.3;8,094.35;9;;1;2;1;3;;10 minutes;1;1;01:40;02:47;67%;;1,114;15;7;3,254;;;0;3,927;18;
maoaru;2425;1,583;;109;39;7;3,482;1,044;57;51,739;54;;;;57;0;5%;1.87;29%;49,827;;;97;319;8;3,494;2,376;41%;8;11,476;10,399;26;13;12;01:33;4;22;17;5;129;;0.05;13;7.68;0.92;01:01;7.15;6,602.05;5.16;14.44;6,855.38;58;;6;7;2;15;;1 hour;8;5;07:41;06:05;59%;;10,346;129;28;49,827;8,109;;3;6,602;17;
Maranata01;4306;399;;8;3;;210;45;5;3,108;4;;;;5;0.01;11%;2.66;21%;1,005;;;8;15;6;1,815;619;21%;6;3,108;1,005;8;3;4;00:15;;8;5;4;15;;0.06;38;14.36;4.78;01:16;19.15;4,811.27;14.36;38.3;14,881.58;3;;1;0;0;1;;4 minutes;0;;00:15;00:27;;;399;2;2;1,005;;;0;4,811;10;
Marlporo0707;0;1,730;;832;269;31;20,991;6,700;450;339,618;375;10;;6;450;0.01;6%;5.04;31%;288,102;;;883;5,509;20;7,994;6,818;50%;20;18,618;16,732;44;17;21;02:20;2;46;20;11;442;0.17;0.23;26;4.8;0.9;00:59;10.92;8,393.42;7.83;24.23;9,894.28;165;5;29;23;38;90;29;6 hours;34;30;34:00;02:29:23;86%;4;93,357;1,098;56;288,102;11,495;;5;8,393;32;
matheus_pegasus;2747;1,566;;101;54;21;2,066;681;75;37,234;51;;;;75;0.02;11%;2.4;32%;27,927;;;97;1,588;13;3,893;2,083;32%;13;8,516;5,889;26;14;17;02:26;6;28;26;15;565;;0.46;18;7.58;3.79;01:38;9.2;5,041.76;9.74;18.23;6,721.98;42;;2;6;8;15;4;56 minutes;6;4;09:05;18:19;66%;;8,041;88;28;27,927;;;2;5,042;16;
matukyo;3857;3,435;;2,680;801;98;91,916;27,793;1,457;1,397,450;1,170;30;;12;1,457;0.01;5%;3.3;30%;1,212,820;;;3,115;23,318;20;8,989;7,238;48%;20;21,593;19,686;40;17;21;04:13;4;51;30;13;668;0.09;0.23;26;6.68;0.8;01:17;9.63;9,985.9;6.59;22.06;11,506.08;812;13;107;123;71;301;96;27 hours;121;71;02:36:42;07:34:10;58%;3;413,957;3,419;57;1,212,820;11,344;8;43;9,986;28;
Meepert;0;2,051;4;613;244;23;13,850;4,408;250;227,178;246;;;18;250;0.01;5%;3.19;31%;170,376;;7;754;4,058;17;6,483;5,081;50%;17;13,004;11,302;36;20;17;03:07;4;44;15;8;355;0.61;0.21;26;6.56;0.78;01:11;8.41;5,827.79;8.34;20.96;7,770.74;192;2;15;43;17;75;26;5 hours;29;26;34:45;02:12:31;87%;3;51,308;753;43;170,376;;1;3;5,828;26;
Megaan_57;3119;1,937;3;739;291;42;17,823;5,989;483;316,605;298;;;14;483;0.01;8%;1.97;33%;284,184;;;782;5,129;18;5,097;5,468;52%;18;13,299;13,687;33;13;12;02:31;5;33;30;11;340;0.36;0.16;20;9.68;1.08;00:55;7.69;7,341.64;7.51;19.09;8,179.2;375;;17;33;21;71;15;8 hours;39;18;35:37;01:25:04;47%;3;76,213;849;35;284,184;13,687;3;18;7,342;22;
mellomelody;2286;141;;13;4;;338;89;11;4,671;12;;;;11;0.01;12%;1.62;26%;3,430;;;10;141;9;2,963;1,729;25%;9;3,925;3,138;12;4;12;00:13;;8;11;6;141;;0.25;18;14.41;;00:34;21.62;6,179.64;7.2;23.42;8,415.56;8;;0;0;0;1;;9 minutes;1;;00:19;01:52;;;225;22;20;3,430;;0;0;6,180;40;
MEOW987;2674;2,975;;925;393;68;30,832;8,252;521;424,658;437;2;;;521;0.01;6%;2.06;26%;297,213;;11;1,048;8,866;11;5,372;4,941;46%;11;11,208;6,900;29;14;16;02:49;4;30;16;8;509;0.01;0.23;20;8.52;1.29;01:22;8.3;5,645.86;7.46;17.57;8,066.8;449;4;51;65;36;153;19;10 hours;53;27;01:12:04;02:54:42;51%;3;87,575;906;27;297,213;4,572;5;21;5,646;17;
Merdrash;2964;323;;5;;;217;59;;2,961;;;;;;0;1%;0.71;27%;1,388;;;;;2;828;527;16%;2;2,243;1,289;4;;;00:12;;;;;;;;3;21.27;;00:36;3.03;4,217.68;3.03;15.19;8,998.83;7;;0;;;0;;5 minutes;0;;00:12;;;;323;4;2;1,388;;;0;4,218;12;
mightyMonkey565;3190;66;;;;;452;;;4,036;7;;;;2;;;;17%;2,161;;;10;;;;;;;;2,161;12;;;;;10;2;;;;;22;8.62;;01:23;15.1;4,661.22;2.15;25.88;8,707.24;4;;;;0;1;;7 minutes;;;00:38;00:40;;;;;;2,161;;;0;4,661;30;
MIKEYDYCE;3095;2,635;2;12,070;5,034;921;271,642;86,776;6,459;4,613,264;5,432;33;;81;6,459;0.01;7%;2.48;31%;4,430,454;;48;12,399;141,499;20;7,269;6,506;68%;20;19,342;18,215;61;35;34;05:18;9;54;35;17;1,003;0.14;0.32;23;8.92;1.69;01:15;9.99;8,151.35;9.26;22.2;8,487.7;4,849;75;368;538;324;1,230;399;120 hours;544;301;11:26:26;35:37:13;55%;4;1,396,854;13,225;53;4,430,454;16,818;33;210;8,151;24;
Miz_One;1490;1,455;;897;245;27;35,852;9,026;478;486,280;404;;;;478;0;5%;1.89;25%;546,800;;23;1,300;11,503;12;6,836;5,421;75%;12;10,347;12,437;20;7;16;01:25;3;34;14;7;472;;0.22;17;6.26;0.35;00:53;5.35;7,245.36;3.24;11.88;6,443.44;473;4;47;56;49;153;39;14 hours;75;44;01:07:51;01:59:04;57%;3;147,867;1,669;45;546,800;8,716;5;27;7,245;22;
Mlbjester7;3425;1,921;;1,532;558;83;44,171;12,834;834;669,936;717;7;;;834;0.01;6%;1.85;29%;568,214;;32;1,826;17,945;22;4,193;4,311;54%;22;13,023;11,993;50;17;24;03:19;6;57;22;8;592;;0.28;22;9.92;0.99;01:18;8.61;6,825.37;6.7;18.4;8,047.24;826;14;75;85;25;185;36;17 hours;83;42;01:49:36;04:39:16;50%;3;162,713;1,858;47;568,214;8,203;3;38;6,825;22;
Moraamaan;2812;1,183;;20;5;;764;215;26;10,963;4;;;;26;0.03;12%;4;28%;8,455;;;19;245;9;5,224;3,276;34%;9;6,199;4,886;11;3;2;00:39;;10;16;8;191;;0.32;13;3.55;0.71;00:36;2.84;6,005.39;3.55;14.2;7,786.76;5;;;1;1;2;;12 minutes;1;1;00:51;04:29;100%;;3,084;25;14;8,455;;;;6,005;18;
Morgenarc;3323;1,984;;753;278;43;24,709;7,257;442;387,303;316;;;;442;0.01;6%;2.72;29%;293,402;;11;844;8,000;17;7,406;7,320;51%;17;17,081;13,305;38;18;22;02:51;4;41;28;13;537;;0.27;22;7.03;1.09;00:58;8.05;7,475.91;7.08;19.18;9,868.51;276;3;35;36;26;97;21;8 hours;39;20;38:13;01:51:42;50%;3;96,480;888;46;293,402;11,478;1;18;7,476;23;
Mr_O_Blood_type_;0;3,230;2;5,642;1,556;148;212,787;58,428;2,818;2,929,487;2,792;32;;21;2,818;0.01;4%;2.4;27%;3,189,249;;5;7,155;47,753;15;7,590;7,939;50%;15;19,257;19,449;36;13;25;04:01;3;50;26;9;579;0.06;0.18;23;7.47;0.47;01:17;8.9;10,175.82;4.96;18;9,347;2,344;27;196;294;214;703;205;69 hours;313;178;06:44:57;13:47:12;56%;4;1,022,522;8,352;51;3,189,249;19,449;12;124;10,176;27;
Mr_savage_75;0;1,618;;571;212;37;16,440;4,991;265;256,401;264;3;;5;265;0.01;5%;2.25;30%;172,644;;2;542;4,967;19;6,790;4,384;53%;19;17,750;10,775;49;18;37;02:56;4;45;17;7;400;0.2;0.25;22;10.2;1.49;01:24;10.65;6,964.82;8.55;23.03;10,343.75;253;;23;27;12;61;12;5 hours;25;14;35:06;01:28:44;57%;3;61,140;543;50;172,644;9,630;0;10;6,965;22;
MrBlueyes;2154;1,882;;1,579;723;176;47,777;12,200;878;630,803;709;2;;;878;0.01;7%;2.32;25%;404,402;;21;1,427;14,882;14;6,791;3,871;65%;14;16,292;10,998;40;22;25;02:14;6;44;21;9;612;;0.24;16;7.5;1.94;00:49;7.82;4,460.97;7.97;17.41;6,958.41;680;8;72;86;73;231;46;17 hours;91;43;01:14:49;03:07:16;47%;3;147,398;1,114;30;404,402;1,031;1;47;4,461;12;
MRstyles4u;3112;2,778;;4,527;1,396;207;201,852;44,420;2,895;2,341,414;2,187;16;;8;2,895;0.01;6%;1.72;22%;2,295,234;5;80;5,663;51,767;20;9,021;6,349;76%;20;21,479;18,508;41;14;24;04:26;4;46;28;11;686;0.02;0.22;20;9.23;0.72;01:17;7.68;8,060.58;4.9;15.89;8,222.76;2,630;27;120;229;149;499;192;63 hours;285;140;06:09:31;09:03:48;49%;5;677,705;6,974;64;2,295,234;14,923;18;126;8,061;24;
nagano-1;2513;634;;58;27;2;1,605;445;37;24,917;28;;;;37;0.01;8%;3.41;27%;15,980;;;59;423;9;3,436;3,290;27%;9;9,383;5,272;28;15;17;02:32;2;26;14;5;125;;0.22;27;7.83;0.92;01:55;12.9;7,366.58;12.44;26.73;11,486.26;17;;2;1;2;6;;31 minutes;2;1;04:09;08:43;57%;;3,904;44;21;15,980;;;1;7,367;20;
Nakles-Archon;0;2,165;3;508;207;37;10,518;3,689;297;199,224;177;3;;10;297;0.02;8%;3.55;35%;113,535;;;471;3,439;18;5,822;2,745;49%;18;19,229;11,829;40;19;18;02:02;5;36;28;11;378;0.49;0.25;23;7.05;1.82;01:13;8.73;5,602.85;10.21;25.06;9,831.55;143;;18;42;7;67;14;3 hours;20;16;24:40;01:19:16;78%;3;36,494;460;41;113,535;6,692;;4;5,603;23;
nari_is_1582;2498;488;;12;4;;257;77;6;4,634;3;;;;6;0.01;7%;2.4;29%;4,950;;;10;35;8;2,239;3,361;38%;8;2,469;3,718;8;3;3;00:06;;9;3;3;32;;0.07;13;6.25;1.25;00:13;3.75;6,189.78;5;15;5,794.39;5;;;0;1;1;;7 minutes;1;0;00:11;;42%;;1,111;14;14;4,950;446;0;0;6,190;18;
Natz_D_Chow;4100;587;;12;4;;280;36;5;1,893;;;;;5;0.01;13%;4;12%;2,313;;;4;172;5;1,084;1,824;;5;1,084;1,824;8;3;;;;2;3;2;172;;0.5;4;3.11;1.03;;;2,402.4;4.15;12.46;1,965.6;3;;0;1;;1;;5 minutes;1;1;;00:44;100%;3;700;9;5;2,313;;;;2,402;9;
Neiyao;0;2,176;;1,456;452;62;54,757;13,322;736;690,638;767;;;3;736;0.01;5%;1.63;24%;658,679;;6;1,760;17,473;12;5,738;4,290;45%;12;14,819;10,761;29;11;23;03:13;3;37;20;11;726;0.03;0.23;19;9.58;0.66;01:19;8.24;7,077.25;4.85;15.64;7,420.63;892;9;47;89;58;194;50;20 hours;93;44;02:02:49;03:41:29;47%;3;186,810;1,910;43;658,679;1,542;7;42;7,077;21;
nekomaru_mi-san;1576;1,013;;16;5;3;936;254;8;12,275;6;;;;8;0;3%;0.88;27%;9,239;;;25;453;4;1,920;1,629;;4;5,226;6,774;9;3;3;01:41;2;13;5;2;433;;0.39;18;12.81;2.13;01:54;4.27;6,579.67;3.56;11.39;8,741.92;18;;1;1;0;2;;19 minutes;1;1;02:40;;100%;;2,520;26;16;9,239;6,774;;;6,580;19;
Nemesis3456;2751;883;;93;53;15;2,329;906;43;44,555;41;;;3;43;0.01;4%;2.9;38%;22,003;;8;80;953;11;4,524;4,461;43%;11;18,675;10,242;38;20;16;01:27;6;29;23;9;727;0.76;0.36;21;8.21;3.84;01:07;10.52;5,646.04;13.6;23.86;11,433.07;32;;2;7;8;18;2;43 minutes;4;2;04:21;17:23;55%;;6,302;60;28;22,003;;;2;5,646;15;
nerorule;2569;1,183;;89;21;5;3,064;838;38;43,264;46;;;2;38;0;4%;2.06;27%;42,576;;;93;1,802;13;5,606;4,667;32%;13;10,382;8,907;22;7;13;01:17;4;25;15;7;499;0.41;0.41;19;8.9;1.03;01:02;9.52;8,813.86;4.34;18.42;8,956.23;43;;1;4;3;8;3;1 hour;5;3;05:02;09:50;55%;3;12,697;121;32;42,576;;2;1;8,814;25;
NickalaiHomebrew;3044;961;;115;39;;5,212;1,237;83;62,977;65;;;;83;0;6%;0.73;23%;50,654;;;120;1,455;7;2,510;1,798;40%;7;5,176;4,482;15;5;8;01:14;;16;7;6;341;;0.16;10;13.36;0.08;00:50;5.56;4,339.34;3.34;9.85;5,394.94;156;;8;6;1;14;;2 hours;12;2;09:50;07:40;16%;;13,654;154;21;50,654;1,419;0;9;4,339;13;
nigeypo;;1,062;2;114;34;10;3,806;1,056;76;54,378;50;;;4;76;0.01;7%;2.37;27%;41,591;;;104;736;9;4,517;4,090;39%;9;16,354;9,344;30;11;15;01:18;3;28;22;6;197;0.7;0.16;18;8.46;1.76;00:49;8.81;7,332.14;5.99;20.09;9,586.34;48;;2;6;1;9;4;1 hour;6;4;04:43;18:43;70%;;15,871;123;36;41,591;;;2;7,332;22;
NINJALEX323;3962;1,631;2;374;140;21;6,957;1,994;158;106,481;151;2;;8;158;0.01;7%;3.19;28%;101,506;2;3;394;1,880;14;3,357;3,516;36%;14;11,475;9,678;42;16;24;04:16;5;42;20;7;266;0.4;0.15;20;5.92;1.06;01:07;7.64;5,137.09;7.08;18.92;5,388.88;117;2;17;19;12;48;15;3 hours;20;18;22:21;55:44;89%;3;31,558;423;43;101,506;768;;2;5,137;21;
NoirEt_B;3147;1,427;;143;49;5;3,936;1,160;74;59,878;54;;;;74;0.01;6%;2.07;29%;57,134;;;165;844;11;3,270;4,709;32%;11;8,613;9,506;24;13;12;00:57;2;32;12;5;185;0.14;0.14;24;10.24;0.74;00:45;8.01;8,479.46;7.27;21.22;8,886.72;69;;5;9;5;19;2;1 hour;7;4;05:07;17:27;59%;;15,489;159;28;57,134;9,506;;3;8,479;24;
nyanyamui_401;0;3,512;;3,108;1,188;186;96,418;33,667;1,726;1,700,242;1,503;15;;8;1,726;0.01;5%;1.79;34%;929,936;;12;2,936;27,645;16;6,159;4,698;76%;16;22,336;11,438;52;20;26;03:27;6;41;24;10;502;0.04;0.21;18;10.4;1.11;01:31;9.04;5,598.07;7.15;18.7;10,235.19;1,729;9;146;200;106;452;57;35 hours;166;73;04:12:09;07:05:15;43%;4;340,154;2,610;34;929,936;1,745;7;87;5,598;16;
ohEvasive;3523;3,458;;852;312;50;20,527;5,977;438;315,245;353;3;;;438;0.01;7%;3.19;29%;187,165;;;872;6,379;17;5,473;4,701;43%;17;17,496;10,372;36;13;18;02:08;4;37;21;11;463;0.02;0.24;21;6.32;1.18;01:10;8.35;4,432.15;7.38;20.17;7,465.14;267;6;40;57;12;109;20;7 hours;42;40;49:56;01:58:14;94%;4;69,143;725;36;187,165;;;2;4,432;17;
oI_SPY_Io;4521;2,141;;284;123;22;5,676;1,717;185;96,325;115;2;;;185;0.01;10%;2.51;30%;86,620;;;296;2,473;22;3,873;4,733;67%;22;12,090;16,654;40;18;23;02:57;3;39;28;13;553;;0.26;26;9.88;1.92;01:14;10.06;7,580.57;10.76;24.85;8,429.95;113;3;9;14;6;29;5;2 hours;11;4;14:12;51:39;31%;3;34,730;267;44;86,620;16,654;;8;7,581;23;
OlyMpiC_GER;3000;756;;56;30;10;1,371;440;46;25,257;21;;;;46;0.02;10%;2.43;32%;13,498;;;55;591;14;4,865;2,285;26%;14;9,631;4,915;23;13;9;01:09;4;22;17;9;300;0.47;0.31;26;10.93;4.75;01:19;9.98;6,418.56;14.26;26.62;12,010.15;23;;3;2;2;6;;31 minutes;2;1;02:47;15:10;40%;;3,700;52;19;13,498;;;1;6,419;25;
OttovonKillmark;2758;932;;31;10;2;432;133;5;6,642;20;;;;5;0;3%;5.16;30%;4,062;;;25;176;7;1,593;1,119;30%;7;6,642;4,062;31;10;20;01:06;2;25;5;2;176;;0.29;25;6;2;01:06;20;4,062.02;10;31;6,642.2;6;;1;2;;3;;9 minutes;1;1;01:06;04:18;100%;3;2,078;19;19;4,062;;;;4,062;19;
oualid32;4267;3,172;2;749;291;45;17,626;5,444;318;291,387;298;6;;8;318;0.01;5%;2.85;30%;238,253;;;805;7,559;13;5,175;4,544;52%;13;12,841;9,689;31;13;14;02:07;4;38;16;8;427;0.26;0.31;26;8.61;1.47;00:56;9.79;7,831.99;9.56;24.62;9,578.61;262;2;34;45;19;99;20;6 hours;30;21;28:28;02:22:32;67%;3;87,711;779;30;238,253;;1;9;7,832;26;
Potaetum;0;1,548;;264;134;44;6,806;1,773;123;90,890;120;;;;123;0.01;6%;3.38;26%;93,033;;9;223;2,316;19;4,784;7,612;31%;19;13,601;13,604;31;19;18;02:24;9;31;17;8;396;;0.29;20;6.99;3.94;01:14;10.76;8,345.99;12.02;23.68;8,153.72;78;;3;20;16;40;11;2 hours;11;5;13:50;51:22;45%;3;31,573;235;29;93,033;;1;6;8,346;21;
praktommy;3673;2,491;;2,025;690;116;61,865;18,205;1,143;956,388;900;8;;;1,143;0.01;6%;2.46;29%;873,216;;6;2,374;20,359;17;6,380;5,704;52%;17;18,713;15,077;48;22;27;02:22;7;57;27;10;515;0;0.23;22;7.61;1.07;01:05;8.32;8,077.64;6.38;18.73;8,847.02;823;8;79;122;40;241;65;23 hours;108;67;01:57:31;05:21:28;62%;4;269,470;2,627;47;873,216;7,833;4;37;8,078;24;
Prey1nMantis;2494;1,466;;913;486;123;19,018;6,025;485;312,929;413;;;;485;0.01;8%;7.18;31%;234,900;;22;798;8,950;22;9,063;4,765;46%;22;19,645;15,201;57;29;41;04:29;11;50;32;18;500;;0.33;21;3.31;3.2;00:53;10.77;6,130.26;12.68;23.82;8,166.59;127;;32;46;58;136;30;7 hours;38;24;34:00;02:39:15;62%;;81,316;618;41;234,900;2,108;2;13;6,130;16;
PrimeraEspada91;3406;1,717;3;570;182;12;18,157;4,621;253;237,777;289;2;;15;253;0.01;5%;2.56;25%;207,521;;;701;5,846;14;5,159;3,460;60%;14;15,670;13,531;34;10;20;03:01;2;37;19;6;468;0.49;0.25;23;7.32;0.39;01:23;9.54;6,851.53;6;18.81;7,850.45;222;2;13;33;15;62;24;6 hours;30;26;42:07;01:33:48;86%;4;62,113;836;60;207,521;;2;3;6,852;28;
PrimeVengeance;;415;;;;;105;20;;938;;;;;;;;0.5;19%;1,644;;;3;158;;483;1,105;;1;938;1,644;;;;00:07;;3;;;158;;1.02;20;13.41;;00:48;;11,027.81;;6.7;6,292.62;2;;0;;0;1;;2 minutes;0;;00:07;;;;415;2;2;1,644;;;0;11,028;13;
Prince_Fatman;0;506;;27;11;2;904;332;9;15,977;10;;;;9;0;2%;1.8;36%;8,734;;;27;213;4;2,313;1,294;43%;4;11,055;5,422;13;7;3;01:09;;16;7;2;142;;0.17;16;8.7;1.16;01:03;5.8;5,068.19;6.38;15.66;9,271.43;15;;1;2;1;3;;20 minutes;2;1;01:49;00:32;74%;;1,509;24;11;8,734;5,422;;0;5,068;14;
PucKProof;3499;1,895;;54;16;2;1,145;560;19;28,969;26;;;;19;0.01;3%;4.15;48%;16,064;;;47;358;10;5,196;3,473;52%;10;17,345;8,692;33;10;20;01:39;2;27;12;4;199;;0.25;24;6.77;1.04;01:16;13.54;8,369.21;8.33;28.13;15,092.19;13;;2;4;3;9;;23 minutes;2;1;02:27;08:44;47%;;5,347;39;26;16,064;8,692;;1;8,369;20;
QueenoftheAndals;2486;1,512;;51;19;;1,605;608;35;31,398;24;;;;35;0.01;5%;3.18;37%;23,935;;;60;522;11;5,500;4,872;58%;11;9,628;9,746;15;8;9;01:59;;23;11;10;179;0.26;0.22;16;4.28;0.26;01:13;6.42;6,409.52;5.08;13.65;8,407.96;16;;;2;8;9;2;38 minutes;4;2;04:35;10:13;50%;;5,584;65;24;23,935;;;2;6,410;17;
Quentin_JJ;3510;1,418;;167;88;25;3,538;1,044;148;58,900;80;;;3;148;0.02;14%;1.83;29%;42,307;;;110;2,212;10;2,496;1,953;32%;10;11,622;7,435;36;25;17;01:18;8;27;30;12;574;0.42;0.36;16;12.98;3.56;01:00;11.41;6,039.05;12.56;23.83;8,407.62;91;3;11;7;4;22;3;1 hour;7;3;07:00;20:44;41%;3;15,243;130;28;42,307;;0;4;6,039;19;
raeinthesnow;2332;1,517;;453;163;25;13,670;3,546;195;186,144;262;;;;195;0.01;5%;1.9;25%;149,211;;13;471;7,678;12;3,826;3,691;38%;12;14,137;8,595;30;15;21;02:17;5;33;13;6;649;;0.43;17;8.69;0.91;01:16;9.57;5,453.68;5.95;16.55;6,803.59;238;;24;30;28;82;18;4 hours;27;14;34:46;01:07:18;50%;;48,684;425;31;149,211;8,408;1;13;5,454;16;
rairai2040;2309;1,461;;47;7;;2,609;579;38;29,154;23;;;;38;0.01;6%;;22%;30,027;;;47;369;7;2,332;3,468;26%;7;7,769;6,646;18;3;7;01:00;;17;10;4;122;;0.12;13;13.17;;00:44;6.44;8,414.5;1.96;13.17;8,169.95;47;;3;4;1;8;;49 minutes;4;1;02:38;07:47;14%;;11,090;59;24;30,027;;;3;8,415;17;
RaxesTheWise;2506;1,091;;72;26;9;2,339;674;38;35,370;32;;;;38;0.01;5%;1.94;28%;35,091;;;71;734;12;4,254;3,966;34%;12;7,388;8,543;17;7;7;02:25;3;14;7;5;320;;0.21;18;9.57;2.32;01:35;8.27;9,077.01;6.72;18.62;9,149.18;37;;3;3;5;11;;57 minutes;4;0;06:08;12:11;11%;;9,728;93;19;35,091;;1;3;9,077;24;
Remix829;2518;988;;40;22;8;935;235;17;11,884;14;;;;17;0.01;7%;4.44;25%;15,414;;;22;289;16;3,999;4,221;;16;4,544;5,986;16;10;8;00:18;4;10;8;8;157;;0.19;13;5.42;4.81;00:30;8.43;9,286.09;13.25;24.09;7,159.16;9;;1;1;0;2;;24 minutes;2;1;00:51;07:40;39%;;4,087;32;14;15,414;;0;1;9,286;19;
rencpee;2745;2,993;2;8,644;3,773;780;183,990;60,544;4,306;3,212,245;4,042;31;;109;4,306;0.01;7%;2.12;32%;3,429,494;2;127;8,041;85,983;20;4,928;7,363;100%;20;22,546;16,181;44;24;27;03:41;8;43;28;10;654;0.24;0.24;18;8.99;1.72;00:57;8.94;7,587.66;8.34;19.12;7,107;4,066;44;289;370;316;975;273;96 hours;452;234;07:09:46;23:03:04;51%;4;996,427;9,512;53;3,429,494;8,053;32;186;7,588;21;
res1tvih;2842;888;2;162;50;6;6,741;1,524;87;80,333;79;;;3;87;0;5%;1.05;22%;79,218;;;236;3,042;6;2,467;3,372;39%;6;9,195;6,989;16;5;6;01:44;;23;8;3;336;0.2;0.26;16;10.76;0.41;01:10;5.52;5,536.09;3.49;11.32;5,614.02;154;;13;10;10;34;;3 hours;14;4;16:51;14:18;29%;;18,591;264;27;79,218;;0;10;5,536;18;
Rhinoblue123RED;2209;1,352;;60;23;8;3,189;566;45;29,904;29;;;;45;0.01;7%;1.5;17%;27,904;;;67;1,048;8;3,374;2,098;30%;8;6,830;7,175;20;6;11;00:54;2;22;13;5;424;0.23;0.32;16;9.42;1.88;00:41;6.83;6,577.2;5.42;14.14;7,048.54;40;;5;5;4;13;2;54 minutes;4;1;02:54;09:36;23%;;11,241;65;26;27,904;1,235;;3;6,577;15;
rm-rf_slash;2681;1,360;;31;9;;816;301;19;15,291;19;;;;19;0.01;6%;3.1;36%;10,420;;;26;486;7;3,226;1,972;23%;7;10,313;6,825;21;6;12;00:41;;19;11;3;290;;0.43;15;5.64;0.56;00:40;10.71;5,878.77;5.07;17.48;8,626.69;10;;;3;3;6;;18 minutes;2;1;01:11;03:37;56%;3;3,853;28;23;10,420;;;1;5,879;16;
Rockethiethm;4289;743;;6;;;206;103;5;4,998;4;;;;5;0.02;4%;2;50%;3,032;;;3;75;3;1,789;1,319;50%;3;4,998;3,032;6;;4;00:07;;3;5;3;75;;0.31;7;6.58;;00:15;8.78;6,657.34;2.19;13.17;10,971.77;3;;0;0;1;2;;3 minutes;0;0;00:07;;100%;;1,465;4;4;3,032;;;;6,657;9;
Ronald_Toh95;0;832;;25;11;;818;215;27;11,667;7;;;;27;0.02;12%;2.08;26%;11,001;;;35;455;8;2,803;3,016;27%;8;10,913;9,632;23;11;7;01:04;;28;27;12;350;;0.4;27;9.22;0.76;01:11;5.38;8,459.91;8.45;19.22;8,971.87;12;2;3;1;;4;;18 minutes;1;;01:32;04:18;;;3,851;31;23;11,001;9,632;;1;8,460;24;
ruinknives;2843;2,019;;546;204;28;11,307;4,609;269;238,733;225;3;;;269;0.01;5%;3.25;40%;208,890;;;553;4,779;14;8,385;4,876;58%;14;10,751;12,907;31;14;13;01:08;3;35;20;10;354;;0.23;21;6.49;1.08;00:32;8.69;8,074.27;7.88;21.1;9,227.78;168;;18;25;12;55;11;5 hours;26;13;13:57;42:59;48%;3;62,976;544;35;208,890;1,764;1;12;8,074;21;
Rundle0509;3962;1,418;;174;89;22;3,308;843;98;48,687;58;;;;98;0.01;11%;2.94;25%;27,509;;;163;1,002;12;2,638;1,866;35%;12;8,030;6,636;33;17;16;00:55;8;27;13;6;257;0.1;0.19;17;6.01;2.24;00:39;5.91;2,804.04;9.07;17.73;4,962.74;59;;5;10;2;17;8;1 hour;10;10;06:25;30:03;97%;3;8,599;170;27;27,509;;;0;2,804;17;
RyanAM;3889;1,007;;297;118;28;5,316;1,706;147;91,771;101;;;3;147;0.01;8%;5.71;32%;57,983;;;281;1,567;17;4,304;3,086;46%;17;9,488;5,736;33;12;14;01:24;6;34;21;10;400;0.22;0.2;21;3.85;2.07;00:39;7.49;4,302.74;8.75;22.03;6,810.06;52;;14;14;9;37;8;2 hours;13;12;08:55;37:48;92%;3;14,224;275;42;57,983;;0;1;4,303;20;
ryu-eight;3000;2,753;2;4,549;1,690;288;138,537;50,866;2,613;2,600,504;1,981;23;;53;2,613;0.01;5%;2.31;36%;1,684,170;;7;4,587;29,970;16;9,006;5,395;59%;16;26,998;16,654;46;24;27;03:57;6;49;39;12;642;0.24;0.17;21;9.14;1.33;01:10;9.21;7,830.62;7.85;21.15;12,091.16;1,967;15;175;284;121;579;121;47 hours;215;96;04:13:24;12:26:45;44%;4;589,978;4,180;51;1,684,170;;7;112;7,831;19;
Saber-x-wolf;2666;323;;21;5;;692;131;11;6,350;12;;;;11;0.01;8%;4.2;18%;3,904;;;14;126;9;2,360;1,336;23%;9;3,761;2,313;12;3;8;00:19;;11;8;3;126;;0.17;13;4.55;;00:23;10.93;3,558.39;4.55;19.13;5,787.75;5;;2;2;;3;;12 minutes;1;1;00:25;04:19;88%;;1,103;11;7;3,904;;;0;3,558;10;
samurainu;2412;2,397;;2,357;857;143;86,708;20,991;1,247;1,090,454;1,202;8;;5;1,247;0.01;5%;2.15;24%;979,382;;21;2,884;28,276;15;9,518;6,068;52%;15;15,290;14,243;34;15;23;03:13;7;42;22;12;542;0.03;0.25;20;7.59;0.99;01:15;8.34;6,797.06;5.94;16.35;7,567.91;1,094;16;113;161;57;332;58;31 hours;144;68;03:01:52;05:28:25;46%;3;264,226;3,164;46;979,382;3,246;7;69;6,797;22;
sbkkzy;0;2,521;3;4,614;1,647;297;158,014;47,718;2,707;2,413,438;2,171;19;;79;2,707;0.01;5%;2.04;30%;1,618,224;;5;4,410;33,554;18;6,502;7,059;56%;18;18,321;15,323;41;15;23;03:44;5;43;26;9;508;0.3;0.16;17;8.86;1.16;01:20;8.51;6,347.4;6.46;18.09;9,466.6;2,259;37;186;295;124;605;96;57 hours;255;117;05:42:47;08:18:44;45%;3;672,730;4,314;51;1,618,224;7,810;8;130;6,347;17;
ScaredLilTaco;3412;801;;18;5;;435;201;14;10,272;9;;;;14;0.03;6%;6;46%;5,064;;5;13;324;8;3,537;1,924;46%;8;10,272;5,064;18;5;9;00:33;;13;14;10;324;;0.69;18;4.12;1.37;00:46;12.36;6,959.09;6.87;24.73;14,117.33;3;;;2;1;3;;7 minutes;1;1;00:33;01:42;100%;;2,089;17;17;5,064;;;;6,959;23;
Shadowfox55;2974;2,305;2;4,952;2,143;470;131,322;34,816;2,670;1,843,421;2,088;12;;14;2,670;0.01;7%;2.75;26%;2,058,039;;58;5,062;47,902;19;7,640;8,456;100%;19;12,700;18,332;35;17;23;03:13;7;36;26;10;578;0.05;0.24;19;6.63;1.73;00:50;7.7;7,598.91;7.91;18.28;6,806.48;1,796;17;161;218;156;534;152;55 hours;271;145;03:47:19;13:34:37;53%;3;613,282;6,005;45;2,058,039;12,166;12;114;7,599;22;
shadowstrixx;2873;3,409;;6,041;2,137;342;195,830;53,131;3,655;2,795,459;2,650;22;;4;3,655;0.01;6%;2.4;27%;2,361,584;2;55;6,970;63,688;19;8,752;6,744;48%;19;20,858;15,074;43;18;23;03:18;4;49;30;15;786;0.01;0.26;22;7.88;1.07;00:59;8.31;7,407.29;6.7;18.94;8,768.17;2,514;15;244;308;217;769;213;66 hours;319;174;05:15:12;20:09:54;54%;4;615,796;7,227;48;2,361,584;;19;125;7,407;23;
Shikurikato-;0;1,386;;34;14;;846;244;27;13,599;14;;;;27;0.01;11%;1.3;28%;14,483;;;36;232;8;1,665;2,294;37%;8;6,558;5,173;16;7;7;00:51;;14;16;3;175;;0.15;17;12.33;0.47;00:45;6.63;6,868.71;6.63;16.12;6,449.57;26;;1;2;2;5;;25 minutes;2;0;01:36;03:40;22%;3;4,963;41;20;14,483;;;2;6,869;19;
Shimada_Bros;3031;1,057;;45;21;4;1,154;292;19;15,507;21;;;;19;0.01;6%;2.04;25%;15,587;;;40;561;7;2,092;2,873;38%;7;7,026;8,244;25;13;14;00:50;2;17;9;4;346;;0.32;20;11;2;00:42;10.5;7,795.06;10.5;22.5;7,755.34;22;;5;2;1;7;2;28 minutes;2;2;01:24;06:40;84%;;6,825;31;15;15,587;;;0;7,795;16;
Signal_Graph;0;2,675;2;3,664;1,361;216;105,244;34,038;2,344;1,775,191;1,792;15;;14;2,344;0.01;6%;2.33;32%;1,523,074;;5;3,766;35,972;16;8,302;7,273;54%;16;23,425;20,549;43;18;30;03:47;6;41;40;14;708;0.07;0.24;21;8.62;1.18;01:19;9.85;8,378.66;7.48;20.15;9,765.59;1,567;27;154;209;116;478;128;40 hours;182;88;04:00:36;11:10:48;48%;4;530,856;4,207;54;1,523,074;;11;83;8,379;23;
sloohy99;2683;1,117;;194;88;23;5,361;1,690;148;91,344;80;;;3;148;0.02;8%;1.94;31%;51,830;;11;167;1,825;9;5,251;2,492;48%;9;13,423;11,109;35;18;24;01:53;6;25;45;14;515;0.32;0.25;18;10.73;2.46;00:56;8.58;5,563.24;9.44;20.82;9,804.55;100;2;5;7;4;16;2;1 hour;9;4;08:47;23:38;43%;;14,656;153;32;51,830;11,109;0;5;5,563;16;
Smithered;0;1,414;2;65;23;5;1,976;478;52;26,295;28;;;3;52;0.01;10%;1.58;24%;32,252;;;78;1,078;6;2,526;2,218;35%;6;5,963;7,794;18;6;7;01:24;2;23;14;6;393;0.6;0.32;16;8.27;1;00:44;5.65;6,509.33;4.64;13.11;5,307.08;41;;3;5;1;8;;56 minutes;5;2;03:41;14:28;38%;;10,598;93;32;32,252;;1;2;6,509;19;
SNAKE714;3590;2,317;;1,256;405;60;41,782;17,639;701;882,525;573;8;;;701;0.01;3%;6.28;42%;579,384;;2;1,405;6,450;30;12,062;9,609;64%;30;26,511;15,664;46;19;28;02:33;4;48;29;19;367;0.01;0.13;22;3.19;0.95;00:56;9.14;9,247.03;6.46;20.04;14,085.19;200;2;60;76;64;200;36;13 hours;63;38;59:01;03:50:50;61%;4;177,692;1,507;54;579,384;2,500;5;19;9,247;24;
snowhite1202;2303;1,290;;144;54;8;3,588;1,214;90;64,914;67;;;;90;0.01;7%;3.27;33%;45,927;;;136;1,375;12;4,907;3,199;40%;12;15,632;9,593;27;14;17;01:33;5;25;26;9;487;;0.28;19;6.05;1.1;01:07;9.21;6,317.53;7.42;19.8;8,929.26;44;;10;9;9;29;6;1 hour;7;4;08:12;22:45;58%;;15,503;123;23;45,927;;1;2;6,318;17;
SpanishK;2586;1,716;;92;36;9;2,616;813;59;42,764;38;;;;59;0.01;7%;1.39;31%;41,712;;2;95;1,127;8;4,605;3,492;40%;8;7,790;7,374;16;5;11;01:02;3;16;12;4;270;;0.25;14;9.64;1.31;00:42;5.55;6,093.17;5.25;13.43;6,246.74;66;;7;6;7;19;4;1 hour;7;4;04:51;08:47;55%;;15,412;100;23;41,712;3,982;1;2;6,093;15;
Spuggtaztic;3000;937;;20;5;;407;119;4;6,097;8;;;;4;0;3%;5;29%;6,441;;;23;169;8;1,981;3,213;29%;8;6,097;6,441;20;5;8;00:44;;23;4;2;169;;0.26;33;5.7;1.42;01:03;11.41;9,187.34;7.13;28.52;8,696.4;4;;;1;;1;;10 minutes;1;1;00:44;02:42;100%;;1,722;30;30;6,441;;;;9,187;43;
srilanne;2758;1,382;2;131;51;14;3,231;976;74;49,967;55;;;5;74;0.01;7%;3.27;30%;39,648;;4;139;1,365;11;5,985;3,631;33%;11;8,202;6,867;28;13;12;02:18;4;28;18;9;404;0.7;0.33;20;5.65;1.97;00:52;7.77;5,604.27;7.2;18.51;7,062.84;40;;8;7;9;25;6;1 hour;7;6;06:10;29:51;78%;;11,529;120;26;39,648;;;1;5,604;17;
stiouf3;3519;1,645;;198;83;21;5,083;1,621;144;86,750;75;;;2;144;0.01;8%;1.63;31%;65,792;;;182;3,197;12;5,383;3,163;45%;12;14,643;12,831;46;19;20;02:04;6;42;28;8;672;0.25;0.41;23;15.2;2.63;01:21;9.42;8,266.48;10.42;24.87;10,899.79;121;2;8;8;2;18;5;2 hours;8;2;10:46;32:35;31%;3;22,792;199;44;65,792;;0;5;8,266;25;
STOP_iseGamin_tv;3049;2,091;3;3,096;1,069;175;127,633;27,778;1,797;1,441,194;1,409;14;;26;1,797;0.01;6%;1.74;21%;1,053,097;;42;3,442;27,482;15;5,579;4,028;50%;15;18,511;14,502;38;15;20;02:59;4;48;26;9;492;0.14;0.19;19;9.98;0.98;01:00;7.93;5,932.4;6.02;17.44;8,118.67;1,772;11;123;178;66;366;55;39 hours;178;82;03:00:05;05:25:19;45%;4;353,433;3,235;48;1,053,097;6,849;13;83;5,932;18;
stormavatar;4579;2,051;;1,163;370;36;18,605;9,074;417;461,071;448;3;;5;417;0.01;4%;4.42;48%;292,511;;;1,436;7,503;16;8,531;4,579;67%;16;19,655;9,793;48;16;25;01:58;4;55;16;12;387;0.1;0.22;30;5.51;0.75;00:52;9.38;6,129.48;7.75;24.37;9,661.61;263;3;35;67;17;119;45;9 hours;48;45;41:55;03:40:41;95%;3;76,659;1,436;51;292,511;5,221;1;2;6,129;30;
STRATO-ARCTICA;2431;1,097;;25;11;;440;210;9;10,983;9;;;;9;0;4%;1.56;47%;7,110;;;30;47;7;2,649;1,708;63%;7;9,200;6,826;22;9;9;01:18;;24;8;4;47;;0.04;27;14.47;;01:12;8.14;6,432.57;9.95;22.61;9,935.95;16;;;1;;1;;18 minutes;1;;01:19;02:48;;;2,564;19;17;7,110;;;1;6,433;17;
subzilllaa;3496;3,146;;1,675;765;178;44,262;14,859;1,319;771,343;672;5;;2;1,319;0.02;8%;1.83;33%;474,332;;5;1,127;18,798;12;5,232;4,047;52%;12;16,084;10,552;43;19;22;02:23;6;27;43;14;704;0.02;0.29;14;11.32;2.2;01:11;8.31;5,871.74;9.46;20.73;9,548.44;915;7;57;107;42;206;36;17 hours;81;44;01:36:29;03:40:13;53%;3;194,599;1,457;41;474,332;2,065;2;35;5,872;18;
swagboy1235;0;864;;11;6;;237;50;4;2,306;9;;;;4;0.01;8%;;21%;4,880;;;5;203;11;2,306;4,880;;11;2,306;4,880;11;6;9;00:11;;5;4;4;203;1.48;0.82;7;;1.48;00:17;13.33;7,228.27;8.88;16.29;3,415.77;;;1;;1;3;;4 minutes;1;1;00:11;01:27;100%;;1,510;6;6;4,880;;;;7,228;9;
Swegg-Lawdd;0;1,612;;126;46;6;2,943;718;66;38,534;49;;;2;66;0.01;9%;2.42;24%;27,692;;2;105;865;12;3,512;3,441;28%;12;9,495;6,395;34;13;19;01:43;3;29;17;7;318;0.33;0.23;18;8.79;1.01;00:43;8.28;4,683.24;7.77;21.3;6,516.73;52;;4;6;3;13;2;1 hour;6;5;04:14;15:00;77%;3;9,133;109;31;27,692;;;1;4,683;18;
SwiperThe1;4252;752;2;382;172;51;8,084;2,515;223;134,777;141;;;11;223;0.02;8%;3.32;31%;54,289;;3;304;2,337;12;4,490;3,400;49%;12;13,642;7,146;38;23;16;01:38;11;31;27;10;439;0.75;0.22;21;7.94;3.52;00:40;9.73;3,749.74;11.88;26.38;9,309.08;115;2;11;17;4;31;3;2 hours;14;14;09:51;51:59;97%;3;12,101;317;34;54,289;;;0;3,750;22;
T4nh3ngz;3751;3,127;2;8,401;2,844;429;211,533;60,727;3,579;3,114,097;3,040;19;;63;3,579;0.01;5%;5.73;28%;2,401,108;;60;9,565;45,752;27;10,218;7,817;58%;27;22,695;16,802;62;25;31;02:43;8;65;35;15;564;0.17;0.2;26;3.95;1.15;00:47;8.21;6,489.17;7.68;22.7;8,416.08;1,465;18;294;432;212;938;330;62 hours;370;322;04:50:11;26:36:21;86%;4;660,218;9,743;52;2,401,108;16,021;5;44;6,489;26;
tarnys;0;1,242;;39;12;2;766;222;18;11,402;20;;;;18;0.01;8%;5.57;28%;8,808;;;29;306;10;2,537;2,503;29%;10;5,898;5,909;21;6;14;02:06;2;18;11;4;302;0.5;0.29;15;3.5;1;01:37;10;4,403.92;6;19.5;5,701.24;7;;3;;3;6;2;17 minutes;2;2;03:15;06:16;100%;;2,731;45;31;8,808;;;;4,404;23;
teehtf;4293;1,315;;39;7;;735;216;21;11,530;19;;;;21;0.01;9%;3.9;29%;11,209;;;40;553;12;2,756;2,460;33%;12;8,132;5,714;26;4;13;01:45;;27;17;6;346;0.59;0.47;24;5.98;;01:28;11.37;6,708.32;4.18;23.34;6,900.07;10;;3;2;0;4;;19 minutes;2;2;02:28;13:23;100%;3;3,639;45;31;11,209;;;;6,708;27;
ThatOneSnooron;3600;1,674;2;673;218;27;15,302;4,522;263;234,180;240;5;;10;263;0.01;5%;3.41;29%;176,778;;;756;4,443;15;4,569;3,719;41%;15;13,647;8,732;48;14;15;02:34;3;50;17;9;509;0.28;0.2;22;5.63;0.77;01:07;6.86;5,057.54;6.23;19.25;6,699.75;197;2;26;60;17;103;24;6 hours;35;31;39:06;01:41:12;88%;3;48,291;741;42;176,778;;0;4;5,058;21;
The_Bob_tw;3073;2,246;;467;208;32;10,010;3,397;278;179,803;261;;;4;278;0.01;8%;2.17;33%;140,918;;2;468;4,633;16;5,333;4,051;50%;16;13,716;9,677;33;17;22;04:02;6;39;23;13;565;0.21;0.29;25;11.32;1.68;01:59;13.75;7,425.22;10.95;24.6;9,474.12;215;6;14;22;20;56;13;4 hours;19;12;37:47;01:08:26;60%;;48,178;393;27;140,918;8,466;2;6;7,425;21;
TheBritishMoo;2638;661;;60;30;6;1,538;381;36;20,580;32;;;;36;0.02;9%;3.75;24%;12,220;;;75;138;7;3,018;2,051;23%;7;10,857;6,784;34;17;21;02:06;3;49;20;6;138;0.4;0.07;31;6.55;2.45;01:05;13.1;5,005.94;12.28;24.57;8,431.1;16;;2;3;2;7;;29 minutes;2;2;02:40;08:06;73%;;2,453;57;39;12,220;;;1;5,006;23;
TheCryokinetic;3743;2,949;2;135;43;3;4,755;938;88;51,497;59;;;5;88;0.01;9%;1.68;19%;73,686;;;183;814;10;3,462;4,638;23%;10;8,572;10,355;17;8;9;01:33;;21;13;6;174;0.46;0.09;17;7.39;0.27;00:56;5.45;6,812.76;3.97;12.48;4,761.2;80;2;3;11;2;16;7;2 hours;11;6;10:12;24:42;59%;;17,817;267;35;73,686;;1;4;6,813;25;
TheeObamanation;0;1,053;;26;9;;2,128;583;16;30,261;17;;;;16;0;2%;0.61;27%;14,487;;2;49;574;12;4,571;2,815;40%;12;10,963;5,435;16;4;14;02:49;;25;4;2;295;;0.25;12;10.48;;01:17;4.24;3,616.71;2.24;6.49;7,554.87;42;;3;5;2;9;;37 minutes;4;1;05:10;03:09;24%;;3,990;45;20;14,487;5,435;;3;3,617;11;
theNichibro;2655;1,494;;138;70;14;3,291;1,042;91;52,391;67;;;;91;0.02;8%;6.57;31%;38,790;;6;124;1,011;15;5,154;4,668;41%;15;15,003;7,017;36;17;18;00:38;4;29;19;17;218;0.16;0.22;21;3.49;2.32;00:37;11.13;6,449.01;11.63;22.94;8,710.34;21;;4;5;9;18;4;1 hour;6;2;03:43;22:09;28%;;9,781;109;30;38,790;;2;2;6,449;18;
TheRagerGamer;3991;1,897;;236;93;12;4,434;1,551;131;84,166;101;3;;;131;0.01;8%;3.14;34%;58,137;;;243;1,906;18;4,855;2,357;47%;18;10,728;6,297;26;13;13;01:29;2;28;21;7;322;0.08;0.25;21;6.53;1.04;00:47;8.8;5,065.44;8.1;20.56;7,333.25;75;;13;8;2;23;3;2 hours;11;7;09:08;43:02;60%;3;16,460;211;21;58,137;2,453;;5;5,065;18;
Thirsty_Cat;0;195;;6;2;;271;106;10;5,072;;;;;10;0.02;9%;0.66;39%;1,796;;;7;79;3;1,832;916;;3;3,071;995;4;;;00:05;;5;8;7;79;;0.19;8;10.86;;00:07;;2,168.64;2.41;7.24;6,122.9;9;;;2;1;3;;6 minutes;1;;00:05;;;3;195;2;;1,796;802;;1;2,169;2;
timohilde86;3478;3,003;;655;212;31;14,943;5,685;235;282,948;292;3;;4;235;0.01;4%;3.24;38%;199,135;;;713;4,401;14;5,118;4,960;69%;14;19,564;11,155;35;11;20;02:45;3;38;18;7;483;0.12;0.2;23;6.51;1;01:11;9.42;6,427.28;6.84;21.14;9,132.43;202;;21;35;14;69;17;6 hours;31;26;36:46;02:02:28;83%;3;66,591;707;36;199,135;;1;4;6,427;23;
tinysparkles;3258;2,007;3;2,225;888;148;51,838;17,107;1,043;902,476;941;10;;40;1,043;0.01;6%;2.18;33%;707,035;;3;2,256;27,484;16;4,503;3,604;54%;16;17,536;16,806;50;19;27;02:19;5;56;23;12;982;0.42;0.34;24;10.83;1.57;01:05;10.03;7,537.1;9.46;23.71;9,620.53;1,016;16;78;99;33;210;53;22 hours;94;57;01:41:58;06:11:28;60%;3;211,506;2,348;57;707,035;5,182;4;34;7,537;25;
tomidaiki;2827;1,767;;95;30;6;3,050;909;63;46,504;37;;;;63;0.01;6%;1.75;29%;47,389;;;92;1,249;6;3,775;2,955;39%;6;14,705;10,033;25;9;11;01:54;;23;19;6;325;;0.25;18;10.27;1.14;01:24;7.04;9,016.84;5.7;18.07;8,848.36;54;;;7;2;9;5;1 hour;5;1;07:23;18:53;18%;;18,017;114;26;47,389;;;4;9,017;22;
towearacrown;0;1,716;;68;16;3;1,941;720;31;35,742;32;;;;31;0.01;4%;5.66;37%;24,799;;;68;336;13;5,447;4,297;40%;13;13,439;10,101;29;7;13;01:54;2;23;18;10;254;;0.16;30;5.34;1.33;01:25;14.26;11,052.91;7.13;30.3;15,929.96;12;;2;2;1;5;;33 minutes;2;2;03:11;10:32;83%;3;9,719;68;26;24,799;;;0;11,053;30;
treeboting;;1,196;;147;55;7;4,781;1,184;56;58,653;80;;;;56;0;4%;1.7;24%;66,474;;8;161;2,058;10;3,090;4,716;32%;10;9,136;11,154;27;10;14;02:19;3;25;14;5;583;;0.32;19;9.94;0.8;01:20;9.25;7,688.21;6.36;17;6,783.65;86;;5;6;11;22;8;1 hour;9;6;11:37;40:12;73%;;20,108;208;42;66,474;;;2;7,688;24;
TroLeQuiS_kiLLeR;0;1,676;;39;18;2;1,110;339;19;16,140;17;;;;19;0.01;5%;2.6;30%;16,609;;;37;300;6;2,487;2,988;32%;6;4,781;5,344;10;7;7;00:55;;11;7;3;144;0.31;0.18;12;4.76;0.63;00:48;5.39;5,274.13;5.71;12.38;5,125.37;15;;3;2;2;8;2;27 minutes;3;3;02:34;02:18;92%;;4,866;53;15;16,609;;;0;5,274;17;
Ultimate-X23;0;1,360;;93;37;9;3,020;1,077;66;54,492;57;;;;66;0.01;6%;1.13;35%;31,911;;;83;1,037;8;2,700;2,643;40%;8;14,432;7,489;24;8;21;03:03;3;24;12;8;305;;0.19;13;12.77;1.4;01:25;8.87;4,970.86;5.76;14.48;8,488.27;82;4;4;8;2;15;;1 hour;6;0;09:06;09:02;7%;3;10,025;96;24;31,911;;;6;4,971;15;
unwoven;2887;1,808;;8;2;;269;85;4;4,464;6;;;;4;0;4%;2.66;31%;8,248;;;9;83;5;2,327;3,956;;5;4,464;8,248;8;2;6;00:14;;9;4;3;83;1.55;0.17;14;4.67;1.55;00:22;9.35;12,864.48;3.11;12.47;6,962.98;3;;1;;1;2;;8 minutes;1;1;00:14;00:30;100%;;3,873;12;12;8,248;;;;12,864;19;
Uryu_CsP;4529;1,274;;49;17;5;1,500;540;29;28,141;21;;;;29;0.01;5%;1.96;36%;21,406;;;53;466;10;4,468;6,900;30%;10;8,644;6,900;16;7;8;00:56;2;16;9;5;188;;0.21;22;10.37;2.07;00:50;8.71;8,879.58;7.05;20.32;11,673.22;25;;2;4;3;9;;35 minutes;2;1;02:02;04:55;61%;;6,900;58;16;21,406;352;;1;8,880;24;
vansama813;2031;703;;68;29;2;2,439;673;26;33,325;41;;;;26;0.01;3%;2.19;27%;20,145;;;67;686;10;3,661;1,719;32%;10;10,599;4,842;32;12;24;02:02;;29;9;5;383;;0.26;16;7.18;0.46;00:58;9.49;4,666.55;6.71;15.75;7,719.49;31;;2;5;4;11;;43 minutes;4;2;04:11;11:48;55%;;4,462;63;25;20,145;;;2;4,667;15;
VayneHelsing;2898;1,073;;7;2;;205;59;;2,854;;;;;;0;1%;1.16;28%;3,769;;;4;126;3;1,369;1,426;28%;3;2,854;3,769;7;2;;00:12;;4;;;126;;0.37;12;17.41;2.9;00:36;;10,936.65;5.8;20.31;8,282.92;6;;0;0;;1;;5 minutes;0;;00:12;;;;1,516;7;7;3,769;;;0;10,937;20;
vichda;3343;992;;63;31;;1,774;508;34;26,549;43;;;;34;0.01;6%;1.36;28%;19,401;;;56;1,081;11;2,912;2,127;44%;11;9,266;6,544;31;16;19;02:12;;25;16;3;512;0.32;0.38;18;14.72;0.32;01:16;13.76;6,212.19;9.92;20.17;8,501;46;;3;3;2;8;;47 minutes;3;1;03:58;07:15;35%;;7,437;63;23;19,401;1,248;0;2;6,212;20;
Vince-F95Gunners;3049;2,129;;2,275;921;149;49,445;17,777;1,188;931,650;1,072;8;;;1,188;0.01;6%;1.88;35%;798,843;;6;2,509;20,044;20;5,847;5,812;62%;20;17,400;13,635;41;19;25;03:05;5;45;26;12;511;0;0.21;22;10.7;1.31;01:09;9.49;7,075.07;8.15;20.14;8,251.29;1,209;24;87;111;67;265;61;25 hours;113;65;02:10:33;05:42:33;57%;4;273,794;2,539;45;798,843;12,473;4;44;7,075;22;
Vintagesole;2785;517;;26;7;3;522;125;7;6,487;13;;;;7;0;5%;6.5;23%;9,324;;;27;161;9;1,833;2,176;26%;9;2,580;4,349;14;3;8;01:15;2;12;3;3;153;;0.18;17;2.45;1.83;01:40;7.96;5,713.45;4.28;15.93;3,975.19;4;;1;2;1;3;;14 minutes;2;1;02:43;03:19;54%;;1,957;29;16;9,324;;;1;5,713;18;
VoSnYb;3961;1,916;;55;16;2;1,327;500;31;25,052;20;;;;31;0.01;6%;2.75;37%;19,659;;;45;504;7;4,026;3,550;51%;7;10,372;9,449;22;7;10;00:56;2;20;16;7;301;0.36;0.28;17;7.38;0.73;00:33;7.38;7,259.41;5.9;20.3;9,250.57;20;;0;3;1;5;;29 minutes;3;3;01:30;05:25;95%;3;8,222;37;15;19,659;;;0;7,259;14;
vReveelz;3589;517;;9;3;;166;33;2;1,825;3;;;;2;0;6%;;19%;2,485;;;11;196;5;941;1,694;19%;5;1,825;2,485;9;3;3;00:21;;11;2;2;196;;0.65;11;;1;00:21;3;2,485.48;3;9;1,824.83;;;;2;1;3;;4 minutes;1;1;00:21;01:17;100%;;517;12;12;2,485;;;;2,485;12;
Wan-0-War;4202;576;;14;3;;397;150;9;7,353;3;;;;9;0.01;6%;2;37%;5,284;;;15;5;5;1,499;1,411;47%;5;6,596;4,834;14;3;3;00:33;;15;9;4;5;;0;37;17.46;2.49;01:25;7.48;13,182.69;7.48;34.93;18,344.97;7;;0;;0;1;;9 minutes;0;;00:34;00:56;;;1,580;14;14;5,284;;;0;13,183;35;
wannchan_1208;3680;1,950;;152;59;8;4,387;1,537;52;72,892;60;;;2;52;0;3%;3.53;35%;53,983;;;146;1,599;13;5,330;4,705;41%;13;11,981;7,875;27;10;9;01:15;3;31;9;5;314;0.22;0.27;16;4.77;0.88;00:37;6.66;5,993.61;6.55;16.87;8,092.93;43;;5;13;;17;4;1 hour;9;6;05:37;15:48;68%;3;19,819;196;33;53,983;6,639;;3;5,994;22;
whangno_4-bit;0;1,609;;162;47;5;3,475;947;73;48,878;102;;;;73;0.01;7%;2.84;27%;73,502;;;92;1,534;11;2,923;3,984;36%;11;7,099;14,043;29;10;20;02:16;3;22;17;10;430;;0.25;12;7.12;0.62;01:28;12.75;9,187.75;5.87;20.25;6,109.73;57;;;7;3;10;3;1 hour;8;7;11:50;47:01;87%;3;23,353;145;35;73,502;;;1;9,188;18;
WhiteRangerOwnz;1919;1,700;;934;332;41;31,702;7,597;500;397,018;534;3;;5;500;0.01;6%;1.8;23%;239,916;;6;1,021;10,400;22;5,872;3,208;37%;22;19,296;10,457;54;18;27;04:42;5;54;19;10;701;0.12;0.29;25;12.73;1;01:39;13.13;5,899.94;8.16;22.96;9,763.33;518;4;41;59;17;117;13;9 hours;41;20;01:07:07;02:25:01;48%;3;96,435;868;55;239,916;;1;20;5,900;21;
WhitevisionPS;1785;1,166;;70;31;12;1,523;446;22;23,441;44;;;;22;0.01;4%;3.33;29%;20,983;;2;58;859;8;2,610;2,621;36%;8;9,048;8,535;28;8;17;00:56;4;29;8;7;283;;0.41;20;7.32;4.18;00:56;15.33;7,314.36;10.8;24.4;8,170.89;21;;2;3;3;9;2;34 minutes;3;1;02:41;10:56;46%;;8,491;62;29;20,983;;1;1;7,314;22;
WhiteyBulger;2765;1,215;;138;74;24;2,681;944;100;48,046;51;;;;100;0.02;10%;2.37;35%;47,995;;;85;1,662;13;3,647;3,720;50%;13;12,295;12,380;40;23;15;02:48;7;27;25;15;684;0.16;0.34;14;9.36;3.87;01:14;8.23;7,747.02;11.94;22.27;7,755.35;58;3;6;5;10;20;5;1 hour;6;2;07:42;17:28;35%;;14,133;103;26;47,995;;;4;7,747;17;
WidestLowen;3000;1,183;;194;84;17;4,711;1,604;125;83,634;69;;;;125;0.01;7%;3.34;34%;68,915;;;191;1,430;14;5,543;4,950;41%;14;13,067;8,301;19;10;11;00:55;4;25;27;11;331;0.09;0.21;18;5.53;1.62;00:24;6.58;6,572.55;8.01;18.5;7,976.24;58;;7;11;13;31;7;1 hour;10;7;04:14;28:50;62%;3;16,952;202;40;68,915;;1;3;6,573;19;
wiktorjor2001;2881;2,189;;64;31;10;1,672;485;36;27,127;23;;;;36;0.01;7%;3.55;29%;24,031;;;53;371;10;6,931;3,617;36%;10;14,023;11,631;31;17;11;00:49;5;28;24;11;174;;0.17;18;6;3.33;00:38;7.66;8,010.4;10.33;21.33;9,042.38;18;;4;1;2;7;3;35 minutes;3;2;01:56;06:05;66%;;7,239;70;29;24,031;;1;0;8,010;23;
WolfsRawr;0;684;;30;12;6;872;303;18;16,377;7;;;;18;0;5%;1.03;34%;12,707;;;33;597;15;3,633;2,207;40%;15;6,865;4,090;20;10;4;00:35;5;17;10;5;219;0.34;0.31;12;10.11;2.09;00:33;2.44;4,433.98;4.18;10.46;5,714.32;29;;4;2;3;9;;31 minutes;3;;01:36;03:16;;;3,124;42;20;12,707;417;1;2;4,434;15;
Wonga1963;3412;1,113;;86;35;3;1,534;471;37;25,807;42;;;;37;0;7%;2.04;30%;30,884;;;127;462;9;1,977;2,676;41%;9;6,305;9,345;19;8;10;02:13;2;28;15;5;196;;0.12;26;8.63;0.61;01:51;8.63;6,352.83;7.19;17.68;5,308.33;42;;3;6;1;10;2;1 hour;5;4;09:02;12:03;92%;;7,928;127;32;30,884;;0;0;6,353;26;
xbLeU;0;1,687;3;429;144;27;11,569;3,609;260;186,247;201;3;;5;260;0.02;7%;4.04;31%;121,322;;2;396;3,384;20;6,488;4,862;48%;20;15,207;10,669;39;15;21;01:34;3;41;22;11;506;0.28;0.27;23;6.02;1.53;01:03;11.42;6,897.21;8.18;24.38;10,588.24;106;4;20;24;11;55;10;3 hours;18;13;18:32;01:10:42;71%;3;45,774;462;38;121,322;921;2;3;6,897;26;
XCloud-4tlasX;2415;981;;71;23;6;1,909;492;49;26,680;40;;;;49;0.01;9%;1.86;25%;23,741;;;67;1,337;11;2,409;2,375;28%;11;7,983;8,814;24;10;18;02:22;2;26;21;7;614;;0.51;18;10.25;1.61;01:28;10.78;6,404.17;6.2;19.15;7,197.01;38;;5;4;5;14;2;43 minutes;4;2;05:27;13:20;67%;;7,773;73;34;23,741;6,899;0;1;6,404;20;
XDaRkFlMeMaSteX;3020;2,315;;516;157;19;14,331;4,508;259;237,508;219;;;6;259;0;5%;1.57;31%;200,379;;;556;3,035;11;3,969;3,060;52%;11;10,823;9,939;29;13;19;02:41;3;27;19;7;332;0.17;0.11;16;9.67;0.56;00:48;6.47;5,926.17;4.64;15.26;7,024.26;327;5;13;33;13;59;10;7 hours;34;12;27:31;40:26;34%;;68,757;608;31;200,379;7,269;0;22;5,926;18;
Xecrets;3947;854;;136;58;12;2,602;1,015;86;55,195;43;2;;;86;0.02;8%;3.88;39%;25,173;;3;119;920;16;4,188;2,890;52%;16;14,286;6,613;32;18;12;00:41;4;31;33;12;291;0.16;0.25;20;5.94;2.03;00:29;7.3;4,274.48;9.84;23.09;9,372.38;35;;8;9;3;20;3;1 hour;6;4;02:52;14:46;70%;3;8,937;96;26;25,173;;1;1;4,274;16;
XenomorphKiller6;0;1,461;2;243;88;25;5,120;1,965;133;105,731;96;;;6;133;0.01;6%;3;38%;76,296;;;250;2,650;12;5,025;3,794;50%;12;10,526;10,514;31;14;14;02:16;6;39;22;10;415;0.54;0.32;23;7.36;2.27;00:53;8.73;6,938.36;8;22.09;9,615.14;81;;8;13;13;34;4;2 hours;11;7;09:50;41:14;63%;3;25,510;194;29;76,296;3,461;;4;6,938;18;
xEvery_;0;1,746;;177;65;9;3,937;1,578;88;80,795;60;;;;88;0.01;5%;3.84;40%;56,289;;;165;1,872;15;4,696;3,759;51%;15;10,194;11,957;28;10;10;02:08;2;28;16;10;465;;0.36;22;6.21;1.21;00:59;8.11;7,608.67;8.78;23.92;10,921.25;46;2;10;12;6;28;4;1 hour;7;6;07:18;21:10;85%;3;20,089;167;34;56,289;;;1;7,609;23;
xGrommash;2965;633;;44;15;3;1,186;461;23;23,598;24;;;;23;0.01;4%;2.2;38%;17,484;;;48;364;10;3,971;3,464;45%;10;12,242;9,499;20;8;11;01:28;2;18;17;10;182;;0.19;23;9.78;1.46;00:58;11.74;8,553.2;7.33;21.52;11,544.19;20;;2;1;1;3;;31 minutes;2;0;01:59;07:03;7%;;2,847;59;24;17,484;9,499;1;1;8,553;29;
xI_Ace_Ix;4158;1,648;;742;227;21;15,838;5,750;282;291,786;318;3;;6;282;0.01;4%;4.09;36%;191,077;;2;867;5,443;21;7,454;4,094;49%;21;21,668;9,381;45;13;28;03:31;2;48;26;10;473;0.17;0.23;26;5.42;0.62;01:17;9.53;5,726.72;6.8;22.23;8,745.04;181;4;28;44;17;88;23;6 hours;33;27;42:55;02:13:47;81%;4;55,451;974;55;191,077;2,709;1;5;5,727;29;
xScarfake;3126;1,146;;63;33;6;1,603;552;35;29,004;31;;;;35;0.01;6%;2.52;34%;18,601;;;66;687;8;4,225;3,564;38%;8;8,068;6,672;21;10;14;00:34;3;20;12;5;248;;0.35;29;11.06;2.65;00:36;13.71;8,229.85;14.6;27.87;12,832.15;25;;3;3;2;8;2;32 minutes;2;1;01:22;13:21;46%;;7,271;63;25;18,601;3,839;;1;8,230;28;
xShotwell;3676;426;;6;;;137;36;6;1,883;;;;;6;0.02;16%;6;26%;2,748;;;8;;4;1,665;2,406;26%;4;1,883;2,748;6;;;;;8;6;5;;;;8;0.99;;;0.99;2,748.21;0.99;5.99;1,882.67;;;1;1;;2;;4 minutes;1;1;;01:35;100%;;426;12;12;2,748;;;;2,748;12;
XTheFunPolice;3517;766;;23;8;;542;234;10;12,075;11;;;;10;0.01;4%;3.83;43%;5,781;;;24;424;8;5,376;2,420;;8;8,566;3,838;15;5;7;00:35;;16;8;4;246;;0.63;20;5.11;0.85;00:43;9.38;4,931.02;6.82;19.61;10,298.84;6;;1;1;2;5;;11 minutes;1;1;00:51;02:36;58%;3;1,688;17;14;5,781;3,838;;0;4,931;14;
xtrickharder_esp;3952;1,249;;253;114;28;5,589;1,882;163;102,251;82;;;2;163;0.02;8%;2.81;33%;73,773;;;255;3,244;27;5,403;3,791;43%;27;7,032;7,497;40;21;13;01:51;8;35;20;9;546;0.19;0.41;25;8.79;2.73;01:20;8.01;7,206.56;11.13;24.71;9,988.45;90;;11;15;7;33;4;2 hours;10;8;13:42;38:10;79%;3;25,890;234;21;73,773;;;2;7,207;23;
XTXSHADOW;4661;1,082;;71;31;5;1,173;431;31;22,867;26;;;;31;0.01;7%;2.21;36%;25,781;;;74;1,051;9;2,980;3,614;50%;9;7,578;7,285;23;11;11;01:00;2;28;8;5;372;;0.38;18;7.67;1.19;00:44;6.23;6,185.05;7.43;17.03;5,486;32;2;2;5;1;8;2;44 minutes;4;2;03:03;11:57;59%;;6,907;98;34;25,781;;;2;6,185;24;
xXWxTheLeader;2833;1,186;;144;60;15;3,337;1,008;99;55,162;66;;;3;99;0.02;9%;3.34;30%;35,911;;;123;1,803;12;3,570;2,436;32%;12;15,499;10,962;44;18;22;01:29;5;33;24;10;438;0.62;0.45;25;8.91;3.1;01:06;13.68;7,444.03;12.43;29.84;11,434.55;43;;6;7;4;17;4;1 hour;5;4;05:22;25:12;73%;;12,898;127;39;35,911;;;1;7,444;26;
YoungShimada;3380;1,716;;21;8;;1,056;351;31;18,205;7;;;;31;0.02;8%;1.23;33%;17,495;;;23;689;5;2,608;4,151;52%;5;5,347;7,955;10;3;3;00:20;;10;9;9;321;;0.46;11;8.31;0.48;00:17;3.42;8,561.07;3.91;10.27;8,908.52;17;;3;2;2;6;;24 minutes;2;0;00:36;04:36;13%;;7,567;22;8;17,495;;;2;8,561;11;
YUKARI_NISAN;2471;1,469;;14;5;;735;282;17;13,778;11;;;;17;0.01;6%;1.16;38%;10,835;;;16;597;3;2,667;2,148;41%;3;9,962;8,114;11;4;8;01:27;;12;15;4;427;;0.53;14;10.28;;01:49;9.42;9,287.2;4.28;12;11,809.96;12;;2;0;2;4;;18 minutes;1;;02:07;03:20;;;4,141;24;21;10,835;;;1;9,287;21;
Zcity9;3073;1,653;;122;37;6;3,726;907;56;49,050;51;;;;56;0.01;6%;2.34;24%;48,473;;;133;951;8;3,675;2,872;50%;8;9,449;10,666;22;7;10;02:13;3;24;11;8;225;;0.18;18;7;0.8;01:12;6.87;6,529.98;4.98;16.43;6,607.71;52;;3;8;3;14;5;1 hour;7;6;08:59;09:08;74%;3;15,053;172;31;48,473;;;2;6,530;23;
Zealousx;3334;1,891;;1,193;367;38;29,653;9,085;452;474,311;612;7;;12;452;0.01;4%;3.03;30%;337,671;;5;1,335;8,113;14;7,442;4,346;46%;14;17,816;11,758;43;20;25;04:43;4;41;18;9;456;0.22;0.2;25;7.25;0.7;01:44;11.3;6,236.49;6.77;22.03;8,760.11;393;4;35;79;34;148;42;11 hours;54;47;01:34:11;03:12:11;86%;4;112,896;1,389;47;337,671;;1;6;6,236;26;
ZeeTee_;4127;2,026;;284;93;11;7,444;2,671;155;137,158;90;2;;2;155;0.01;5%;2.3;35%;87,667;;3;303;1,981;16;7,491;3,178;50%;16;18,869;10,047;31;11;12;02:12;2;30;20;7;333;0.17;0.2;26;10.7;0.95;01:01;7.83;7,632.81;8.09;24.72;11,941.83;123;;13;14;6;33;6;2 hours;11;6;11:48;45:46;50%;3;27,952;272;32;87,667;6,738;;6;7,633;24;
zousan-_-;;999;;54;20;5;1,496;498;17;24,565;15;;;;17;0;3%;4.5;33%;13,922;;;58;364;9;4,841;2,664;32%;9;9,017;5,109;18;7;7;01:55;2;24;6;4;159;0.36;0.18;21;4.34;1.81;01:20;5.43;5,046.04;7.24;19.57;8,903.7;12;;4;3;;6;;32 minutes;3;3;03:41;06:12;100%;;2,791;61;21;13,922;;;;5,046;22;
zwordz;4074;1,324;;6;4;;195;59;;2,831;3;;;;;0;1%;0.75;30%;4,941;;;5;51;3;882;1,970;;3;2,408;4,393;6;4;3;00:36;;5;;;51;;0.11;11;17.65;;01:21;6.62;10,904.88;8.82;13.24;6,248.82;8;;0;1;;1;;7 minutes;0;0;00:36;00:27;39%;;1,797;8;8;4,941;;;0;10,905;18;
