Aixcelsior-2635;0;7;6%;96;17;6;0.01;174,157;15,171.77;26,478;7,198;86;7.49;51;4.44;8;322;28.05;42;17;3.74;0;0;0;226;19.68;32;4;11;0;7;0;0;0;0;17;0;0;32;8;14;10;2;0.17;2;0;0;4;4;81;7.05;12;03:23;00:17;00:31;0;9;129;11.23;18;0;0;4,565;1,548;64;5.57;13;0;0;0;2 hours;27:34;0;0;0;33%;46%;59%
Alfred-21824;3225;0;35%;5;5;4;0.03;1,796;15,295.98;1,796;1,180;3;25.54;0;0;0;4;34.06;4;4;1.33;0;0;0;4;34.06;4;0;0;0;0;0;0;0;0;4;0;0;0;0;0;0;0;0;0;0;0;0;0;0;0;0;0;0;0;0;1;2;17.03;2;0;0;52;14;1;8.51;1;0;0;0;2 minutes;00:20;0;0;0;26%;0;0
AlisterGrimm-2146;2464;3;6%;136;13;6;0.01;253,787;12,540.12;14,114;8,540;201;9.93;81;4;8;403;19.91;27;18;2;0;2;0;269;13.29;20;9;20;1;10;0;0;0;0;18;0;0;47;19;14;14;4;0.19;1;0;0;3;9;83;4.1;8;05:34;00:16;00:50;0;13;125;6.17;9;0;0;7,795;2,193;90;4.44;8;0;0;0;3 hours;36:14;0;0;2;28%;43%;49%
alkhailiss-2887;3073;18;5%;224;17;5;0.01;471,875;15,845.83;23,725;6,011;261;8.76;162;5.44;10;832;27.93;49;16;3.18;0;1;0;554;18.6;34;15;30;4;11;0;0;0;0;16;0;0;90;19;46;26;3;0.1;1;0;0;4;10;310;10.4;23;19:31;00:39;01:32;0;13;296;9.93;22;0;0;13,262;4,040;168;5.64;12;0;0;0;5 hours;01:11:59;0;0;26;30%;40%;36%
Aloex-2499;3511;0;2%;1;1;1;0;4,260;10,234.16;2,667;1,347;4;9.6;0;0;0;1;2.4;1;1;0.25;0;0;0;0;0;0;0;0;0;0;0;0;0;0;1;0;0;1;0;1;1;0;0;0;0;0;0;0;0;0;0;0;0;0;0;1;0;0;0;0;0;127;35;0;0;0;0;0;0;3 minutes;0;0;0;0;27%;9%;28%
Alpz-1416;2156;1;8%;9;6;5;0.01;12,621;9,035.27;5,644;2,935;11;7.87;2;1.43;1;14;10.02;8;6;1.27;0;0;0;10;7.15;5;1;1;0;0;0;0;0;0;6;0;0;5;3;2;0;0;0;0;0;0;0;0;3;2.14;2;01:05;00:46;00:30;0;2;4;2.86;4;0;0;461;104;3;2.14;2;0;0;0;12 minutes;00:20;0;0;0;22%;29%;0
Aniara-2543;3640;0;8%;11;11;3;0.01;16,599;18,533.24;16,599;3,438;15;16.74;4;4.46;4;26;29.02;26;7;1.73;0;1;0;21;23.44;21;1;1;0;0;0;0;0;0;7;0;0;3;0;0;3;0;0;0;0;0;0;0;13;14.51;13;00:17;00:19;00:17;0;2;8;8.93;8;0;0;468;136;4;4.46;4;0;0;0;--;02:16;0;0;0;29%;29%;0
Ant-11447;64;0;5%;6;4;3;0;10,410;19,036.58;6,943;6,134;4;7.31;2;3.65;1;21;38.4;11;9;5.25;0;0;0;13;23.77;8;0;1;0;0;0;0;0;0;9;0;0;2;1;1;1;0;0;0;0;0;0;0;8;14.63;5;00:38;01:09;00:21;0;4;7;12.8;5;0;0;0;0;4;7.31;3;1;0;0;10 minutes;05:32;0;0;0;29%;0;52%
Arbiter-2772;3034;0;1%;1;1;1;0;6,408;16,444;6,408;2,153;4;10.26;1;2.56;1;5;12.83;5;4;1.25;0;0;0;2;5.13;2;0;0;0;0;0;0;0;0;4;0;0;0;0;0;0;0;0;0;0;0;0;0;1;2.56;1;00:04;00:12;00:04;0;1;0;0;0;0;0;211;66;1;2.56;1;0;0;0;5 minutes;0;0;0;0;31%;0;0
art1er-2628;4340;3;5%;78;8;5;0.01;155,779;21,154.57;10,950;7,876;50;6.78;43;5.83;6;222;30.14;22;14;4.44;0;0;0;141;19.14;17;1;7;0;5;0;0;0;0;14;0;0;23;7;8;8;2;0.27;1;0;0;5;5;85;11.54;11;11:53;01:36;01:38;0;8;75;10.18;8;0;0;4,301;1,478;37;5.02;6;0;0;0;1 hour;17:22;0;0;2;34%;43%;74%
Artificial-11535;2906;0;7%;2;2;1;0;4,037;11,001.38;4,037;1,826;5;13.62;0;0;0;2;5.44;2;2;0.4;0;1;0;2;5.44;2;0;0;0;0;0;0;0;0;2;0;0;0;0;0;0;0;0;0;0;0;0;0;0;0;0;00:02;00:07;00:02;0;1;0;0;0;0;0;147;27;1;2.72;1;0;0;0;5 minutes;0;0;0;0;18%;18%;0
Artspire-21435;3312;1;11%;11;7;3;0.01;11,928;11,076.78;7,174;3,074;12;11.14;0;0;0;12;11.14;10;5;1;0;0;0;10;9.28;8;0;1;0;1;0;0;0;0;5;0;0;3;0;2;1;0;0;0;0;0;0;0;5;4.64;4;00:04;00:04;00:04;0;0;2;1.85;2;0;0;461;100;5;4.64;4;0;0;0;11 minutes;01:06;0;0;0;21%;0;54%
Arttuzz-2778;2493;0;3%;2;1;1;0;1,875;39,236.16;1,875;1,712;1;20.92;1;1.46;1;8;11.75;3;2;0.88;0;0;0;4;5.87;2;0;0;0;0;0;0;0;0;2;0;0;0;0;0;0;0;0;0;0;0;0;0;3;4.4;1;00:07;02:35;00:07;0;1;2;2.93;1;0;0;105;70;1;1.46;1;0;0;0;48.698987040668726 seconds;0;0;0;0;66%;0;93%
Arvansest-21399;59;0;4%;4;3;2;0;9,394;20,791.28;8,899;3,695;6;13.27;1;2.21;1;8;17.7;7;4;1.33;0;0;0;6;13.27;6;0;0;0;0;0;0;0;0;4;0;0;2;1;1;0;1;2.21;1;0;0;0;0;3;6.63;3;00:39;01:26;00:39;0;2;2;4.42;2;0;0;215;82;2;4.42;2;0;0;0;6 minutes;01:21;0;0;3;38%;0;0
Awungshi-2566;2194;1;6%;19;5;3;0;36,478;9,416.58;11,217;3,661;47;12.13;21;5.42;8;73;18.84;24;8;1.55;0;2;0;46;11.87;14;2;4;0;1;0;0;0;0;8;0;0;8;4;1;3;0;0;0;0;0;4;1;26;6.71;10;01:41;00:26;00:34;0;2;16;4.13;5;0;0;1,210;314;14;3.61;3;0;0;0;47 minutes;01:55;0;0;0;25%;28%;27%
BackWash-2965;2209;0;2%;3;2;2;0;10,924;8,944.83;4,579;1,984;9;7.36;4;3.27;2;20;16.37;9;7;2.22;0;0;0;12;9.82;6;0;1;0;1;0;0;0;0;7;0;0;3;1;1;0;0;0;0;0;0;0;0;9;7.36;5;00:14;00:11;00:08;0;3;9;7.36;4;0;0;444;102;4;3.27;2;0;0;0;11 minutes;01:06;0;0;0;22%;0;68%
BahkirOFF-2447;0;1;9%;31;15;5;0.01;35,169;9,180.35;11,683;3,276;34;8.87;7;1.82;4;68;17.75;27;7;2;0;0;0;42;10.96;14;2;4;0;2;0;0;0;0;7;0;0;6;2;3;1;0;0;0;0;0;3;1;30;7.83;15;03:44;00:58;02:19;0;3;8;2.08;2;0;0;1,065;317;8;2.08;4;0;0;0;32 minutes;04:45;0;0;0;29%;32%;42%
baio-11451;0;1;6%;14;9;5;0;26,145;13,410.88;12,049;6,131;8;4.1;11;5.64;6;52;26.67;25;16;6.5;0;0;0;37;18.97;18;0;2;0;2;0;0;0;0;0;0;0;6;2;2;2;0;0;0;0;0;3;1;23;11.79;16;01:41;00:51;01:18;0;8;9;4.61;4;0;0;0;0;8;4.1;4;0;0;0;19 minutes;07:11;0;0;0;31%;0;78%
baolli-2819;2680;0;9%;22;13;6;0.01;28,447;15,308.37;15,506;6,261;19;10.22;7;3.76;4;35;18.83;16;8;1.84;0;0;0;27;14.52;12;1;2;0;0;0;0;0;0;8;0;0;5;1;1;2;0;0;0;0;0;0;0;11;5.91;6;00:05;00:03;00:04;0;3;10;5.38;5;0;0;1,009;242;10;5.38;4;0;0;0;23 minutes;00:11;0;0;0;23%;28%;22%
BARK1-2227;3000;0;6%;34;5;3;0.01;59,376;13,915.03;7,557;3,652;38;8.9;11;2.57;2;88;20.62;12;9;2.31;0;0;0;57;13.35;7;2;4;0;2;0;0;0;0;9;0;0;13;4;4;5;1;0.23;1;0;0;0;0;22;5.15;5;01:59;00:27;00:25;0;2;33;7.73;7;0;0;1,813;526;16;3.74;3;0;0;0;51 minutes;03:00;0;0;0;29%;36%;56%
Basstez-2666;3132;2;5%;75;12;5;0;157,980;13,700.44;19,255;6,100;142;12.31;39;3.38;7;253;21.94;32;11;1.78;0;2;0;165;14.3;22;6;12;0;5;0;0;0;0;11;0;0;26;9;5;12;4;0.34;1;0;0;3;2;93;8.06;14;11:11;00:58;01:38;0;13;95;8.23;16;0;0;5,227;1,445;33;2.86;5;0;0;0;2 hours;13:39;0;0;0;27%;34%;44%
Bimim-2274;2872;6;5%;154;17;8;0;328,025;14,467.56;28,745;9,718;240;10.58;101;4.45;12;564;24.87;41;11;2.35;0;1;0;365;16.09;32;12;23;2;8;0;0;0;0;11;0;0;49;16;15;17;0;0;0;0;0;3;8;182;8.02;20;12:19;00:32;01:24;0;21;218;9.61;20;0;0;9,350;3,011;121;5.33;11;0;0;0;5 hours;49:36;0;0;0;32%;40%;36%
Biz-2295;2650;1;7%;87;18;6;0.01;140,591;14,026.59;23,482;7,008;84;8.38;37;3.69;10;236;23.54;46;10;2.8;0;0;0;147;14.66;32;3;10;1;6;0;0;0;0;10;0;0;21;9;8;4;0;0;0;0;0;3;1;94;9.37;19;07:11;00:43;01:29;0;9;61;6.08;11;0;0;4,558;1,166;41;4.09;7;0;0;0;2 hours;12:34;0;0;0;25%;32%;60%
Blank-21513;3532;0;9%;7;7;3;0.01;7,156;10,538.44;7,156;3,122;2;2.94;4;5.89;4;26;38.29;26;9;13;0;0;0;20;29.45;20;0;1;0;1;0;0;0;0;9;0;0;2;0;1;1;0;0;0;0;0;0;0;7;10.3;7;00:02;00:03;00:02;0;5;5;7.36;5;0;0;254;77;6;8.83;6;0;0;0;6 minutes;03:13;0;0;0;30%;30%;100%
Bogey-2614;0;7;5%;87;15;6;0.01;181,973;15,585.78;24,948;8,613;93;7.96;54;4.62;8;275;23.55;46;16;2.95;0;1;0;186;15.93;33;5;12;1;6;0;0;0;0;16;0;0;27;9;12;6;1;0.08;1;0;0;4;5;93;7.96;15;02:41;00:13;01:03;0;6;82;7.02;12;0;0;5,380;1,503;51;4.36;7;0;0;0;2 hours;18:48;0;0;3;27%;38%;50%
Booooooo-2998;65;4;7%;35;9;9;0;53,076;17,028.89;9,762;7,560;26;8.34;23;7.37;6;126;40.42;27;22;4.84;0;0;0;83;26.62;17;0;3;0;1;0;0;0;0;22;0;0;9;2;4;4;1;0.32;1;0;0;5;2;43;13.79;9;00:46;00:14;00:27;0;10;39;12.51;11;0;0;0;0;33;10.58;8;0;0;0;45 minutes;18:18;0;0;0;29%;0;44%
Boosted-11707;67;6;8%;371;20;9;0;440,495;12,642.63;20,864;6,588;328;9.41;127;3.64;8;917;26.31;36;19;2.79;0;6;0;586;16.81;25;0;35;0;24;7;0.19;0;87;19;0;0;85;24;30;31;9;0.25;2;0;0;3;9;291;8.35;16;09:30;00:16;01:04;0;17;199;5.71;14;0;0;0;0;200;5.74;10;0;0;0;7 hours;43:21;0;0;0;26%;0;68%
brian-31216;2824;0;5%;25;5;4;0;52,460;13,232.93;6,608;5,004;38;9.58;13;3.27;5;104;26.23;14;11;2.73;0;0;0;64;16.14;10;2;4;1;1;0;0;0;0;11;0;0;12;4;6;3;0;0;0;0;0;0;0;19;4.79;4;03:11;00:48;00:45;0;6;38;9.58;6;0;0;1,867;446;20;5.04;3;0;0;0;49 minutes;07:09;0;0;4;23%;35%;33%
Bubatsu-2308;3100;2;5%;37;14;5;0.01;75,491;13,398.26;15,939;6,950;39;6.92;29;5.14;10;118;20.94;35;17;3.02;0;0;0;72;12.77;23;4;6;0;2;0;0;0;0;17;0;0;15;7;3;6;1;0.17;1;0;0;4;4;36;6.38;10;04:10;00:44;01:21;0;6;35;6.21;11;0;0;2,554;722;19;3.37;6;0;0;0;58 minutes;07:55;0;0;1;28%;34%;31%
BUR1X-2303;3570;0;5%;4;1;1;0;9,073;8,836.95;2,753;1,695;14;13.63;0;0;0;9;8.76;3;2;0.64;0;0;0;7;6.81;3;1;1;0;0;0;0;0;0;2;0;0;3;1;2;1;0;0;0;0;0;0;0;7;6.81;3;00:19;00:19;00:12;0;4;4;3.89;2;0;0;399;78;3;2.92;1;0;0;0;11 minutes;0;0;0;0;19%;63%;12%
Butsnozle-1387;1953;0;2%;20;5;2;0;69,537;11,265.6;17,202;5,650;43;6.96;19;3.07;7;137;22.19;37;12;3.18;0;1;0;75;12.15;18;3;6;1;3;0;0;0;0;12;0;0;10;4;1;5;1;0.16;1;0;0;3;3;59;9.55;16;05:41;00:55;01:19;0;12;46;7.45;12;0;0;2,603;691;19;3.07;5;1;0;0;1 hour;06:47;0;0;0;26%;46%;40%
bybzii-1408;3714;0;7%;4;4;2;0.01;6,925;12,945.88;6,925;3,400;4;7.47;0;0;0;8;14.95;8;5;2;0;0;0;5;9.34;5;1;1;0;0;0;0;0;0;5;0;0;2;0;1;1;0;0;0;0;0;0;0;2;3.73;2;00:35;01:06;00:35;0;0;1;1.86;1;0;0;145;54;2;3.73;2;0;0;0;6 minutes;0;0;0;0;37%;0;0
Caletto-1547;62;4;9%;61;12;8;0;266;7,290.78;266;196;1;27.4;20;3.96;6;179;35.49;30;17;4.16;0;0;0;133;26.37;22;0;0;0;0;0;0;0;0;17;0;0;16;4;8;4;1;0.19;1;0;0;0;0;40;7.93;9;00:52;00:10;00:31;0;8;53;10.5;7;0;0;0;0;52;10.31;8;0;0;0;32.49917798489332 seconds;09:46;0;0;0;18%;0;100%
Calvin-1337;86;0;9%;19;9;4;0;28,183;14,306.35;16,826;3,707;16;8.12;9;4.56;8;73;37.05;46;8;4.56;0;0;0;42;21.32;26;0;2;0;2;0;0;0;0;8;0;0;6;2;2;2;0;0;0;0;0;0;0;15;7.61;6;01:00;00:30;00:17;0;6;20;10.15;12;0;0;0;0;10;5.07;5;0;0;0;22 minutes;10:04;0;0;0;29%;0;100%
Cards-11156;2526;1;6%;34;7;6;0.01;63,826;16,600.68;10,097;7,619;46;11.96;17;4.42;8;84;21.84;27;22;1.82;0;1;0;55;14.3;15;2;4;1;1;0;0;0;0;22;0;0;14;3;7;4;1;0.26;1;0;0;4;1;24;6.24;5;01:54;00:29;01:08;0;6;30;7.8;10;0;0;1,695;544;19;4.94;5;0;0;0;46 minutes;03:25;0;0;1;32%;22%;27%
Cava-2181;3386;0;7%;3;3;1;0.01;4,287;21,947.01;4,287;2,118;2;10.23;0;0;0;6;30.71;6;3;3;0;0;0;2;10.23;2;0;0;0;0;0;0;0;0;3;0;0;1;0;0;0;0;0;0;0;0;0;0;3;15.35;3;00:58;04:58;00:58;0;1;2;10.23;2;0;0;166;40;0;0;0;0;0;0;3 minutes;0;0;0;0;24%;0;0
Chavier-2988;3340;0;6%;5;2;2;0;8,255;12,012.06;3,632;2,237;5;7.27;2;2.91;2;13;18.91;7;4;2.6;0;0;0;10;14.55;4;0;1;0;1;0;0;0;0;4;0;0;1;0;0;1;1;1.45;1;0;0;0;0;3;4.36;3;00:01;00:02;00:00;0;2;4;5.82;2;0;0;286;73;3;4.36;2;0;0;0;9 minutes;0;0;0;0;25%;26%;100%
Cherrish-21281;3832;0;3%;3;2;1;0;7,880;12,047.28;2,760;2,657;10;15.28;3;4.58;1;14;21.4;5;4;1.4;0;0;0;9;13.76;4;0;1;0;0;0;0;0;0;4;0;0;1;1;0;0;0;0;0;0;0;0;0;0;0;0;00:09;00:14;00:05;0;1;2;3.05;1;0;0;299;78;5;7.64;3;0;0;0;9 minutes;0;0;0;0;26%;25%;72%
Chvank-2370;2714;0;5%;1;1;1;0;2,956;12,564.76;2,956;1,228;4;17;1;4.25;1;3;12.75;3;2;0.75;0;0;0;2;8.5;2;0;0;0;0;0;0;0;0;2;0;0;0;0;0;0;0;0;0;0;0;0;0;1;4.25;1;0;0;0;0;1;1;4.25;1;0;0;76;20;1;4.25;1;0;0;0;3 minutes;0;0;0;0;26%;0;0
Citrus-2661;2724;0;10%;4;3;2;0.01;4,952;15,210.92;2,531;1,820;6;18.43;1;3.07;1;5;15.35;3;3;0.83;0;0;0;5;15.35;3;0;0;0;0;0;0;0;0;3;0;0;1;0;0;0;0;0;0;0;0;0;0;2;6.14;1;00:12;00:37;00:12;0;2;4;12.28;2;0;0;218;38;2;6.14;1;0;0;0;6 minutes;0;0;0;0;17%;0;0
ClarieFarron-11811;3115;0;7%;22;4;3;0;36,786;11,695.03;7,373;3,638;30;9.53;11;3.49;4;64;20.34;11;9;2.13;0;0;0;48;15.26;9;1;3;0;2;0;0;0;0;9;0;0;7;2;2;3;0;0;0;0;0;3;1;17;5.4;5;01:48;00:34;00:39;0;7;11;3.49;3;0;0;1,287;288;15;4.76;4;0;0;0;41 minutes;04:51;0;0;0;22%;52%;52%
ClassyOwl-2412;2972;0;17%;5;5;2;0.02;3,045;11,656.5;3,045;1,400;4;15.31;0;0;0;6;22.97;6;3;1.5;0;0;0;3;11.48;3;0;0;0;0;0;0;0;0;3;0;0;0;0;0;0;0;0;0;0;0;0;0;3;11.48;3;00:25;01:36;00:25;0;3;4;15.31;4;0;0;107;28;1;3.82;1;0;0;0;3 minutes;0;0;0;0;26%;0;0
CLouD-14174;3087;8;4%;93;18;7;0.01;208,987;16,697;29,663;10,506;100;7.98;70;5.59;16;370;29.56;57;23;3.7;0;1;0;271;21.65;47;4;13;1;8;0;0;0;0;23;0;0;34;3;21;10;5;0.39;2;0;0;4;6;102;8.14;21;05:26;00:26;01:00;0;13;135;10.78;19;0;0;5,261;2,011;91;7.27;18;1;0;0;2 hours;40:56;0;0;10;38%;51%;62%
clozz-2109;4165;0;9%;9;7;3;0.01;12,520;10,743.17;4,434;2,562;13;11.15;7;6;4;25;21.45;13;8;1.92;0;0;0;15;12.87;9;1;1;0;0;0;0;0;0;8;0;0;2;2;0;0;0;0;0;0;0;5;1;6;5.14;6;00:26;00:22;00:23;0;7;8;6.86;4;0;0;516;98;2;1.71;1;0;0;0;14 minutes;00:51;0;0;0;18%;21%;28%
Connor-22337;2641;1;7%;47;10;5;0.01;68,198;14,175.45;11,330;6,300;40;8.31;17;3.53;5;109;22.65;22;18;2.72;0;1;0;72;14.96;12;2;5;0;2;0;0;0;0;18;0;0;14;2;8;4;1;0.2;1;0;0;0;0;40;8.31;9;03:59;00:49;00:49;1;7;35;7.27;10;0;0;2,097;617;28;5.81;7;0;0;0;54 minutes;06:11;0;0;13;29%;40%;49%
CookieMaster-1864;0;2;9%;56;30;9;0.01;68,643;14,778.1;22,619;7,043;29;6.24;23;4.95;7;157;33.8;43;14;5.41;0;3;0;97;20.88;28;3;5;0;1;0;0;0;0;14;0;0;14;3;8;3;2;0.43;1;0;0;4;1;66;14.2;19;02:53;00:37;00:58;0;12;54;11.62;17;0;0;2,238;619;28;6.02;9;0;0;0;1 hour;10:03;0;0;6;27%;29%;24%
CRA2YDOG-3822;2393;0;6%;27;5;4;0;50,671;10,480.38;10,574;7,230;39;8.06;12;2.48;4;68;14.06;15;12;1.74;0;1;0;48;9.92;9;5;5;0;0;0;0;0;0;12;0;0;14;4;5;5;0;0;0;0;0;4;1;23;4.75;5;03:38;00:45;02:06;0;3;15;3.1;3;0;0;1,974;401;17;3.51;4;0;0;0;51 minutes;02:09;0;0;0;20%;30%;0
crasherT-2252;2400;0;6%;55;7;5;0;98,485;9,009.19;8,739;5,046;75;6.86;22;2.01;3;166;15.18;19;11;2.21;0;1;0;110;10.06;11;7;11;0;4;0;0;0;0;11;0;0;29;10;8;12;1;0.09;1;0;0;0;0;57;5.21;9;04:37;00:25;01:07;0;10;51;4.66;5;0;0;3,257;834;48;4.39;7;0;0;0;1 hour;03:46;0;0;4;25%;64%;34%
CrazyMageeee-6750;59;0;6%;16;5;3;0;28,289;15,183.12;12,035;8,116;20;10.73;7;3.75;3;52;27.9;18;13;2.6;0;0;0;26;13.95;10;0;2;0;1;0;0;0;0;0;0;0;5;3;1;1;1;0;1;0;0;0;0;25;13.41;8;01:15;00:40;00:39;0;8;19;10.19;7;0;0;0;0;9;4.83;4;0;0;0;28 minutes;02:01;0;0;0;22%;0;80%
Crepe-11197;3000;1;7%;33;12;5;0.01;49,722;13,146.56;14,370;5,621;29;7.66;9;2.37;4;85;22.47;27;10;2.93;0;0;0;50;13.22;18;1;4;0;2;0;0;0;0;10;0;0;8;3;2;4;2;0.52;1;0;0;0;0;31;8.19;13;01:20;00:21;00:32;0;9;17;4.49;7;0;0;1,685;422;16;4.23;9;1;0;0;46 minutes;04:16;0;0;4;25%;39%;62%
Crysan-21627;2943;0;10%;8;8;3;0.01;7,742;13,277.37;7,742;2,085;7;12;1;1.71;1;22;37.72;22;8;3.14;0;0;0;11;18.86;11;1;1;0;0;0;0;0;0;8;0;0;2;0;0;2;0;0;0;0;0;0;0;15;25.72;15;01:22;02:21;01:22;0;6;6;10.28;6;0;0;316;73;3;5.14;3;0;0;0;10 minutes;02:45;0;0;0;23%;0;0
Cucu-2373;3320;0;0;0;0;0;0;938;10,621.62;938;938;1;11.32;0;0;0;1;11.32;1;1;1;0;0;0;1;11.32;1;0;0;0;0;0;0;0;0;1;0;0;0;0;0;0;0;0;0;0;0;0;0;0;0;0;0;0;0;0;0;1;11.32;1;0;0;36;12;0;0;0;0;0;0;1 minute;0;0;0;0;33%;33%;0
cYpheR-2850;4430;0;7%;3;3;3;0.02;3,826;23,778.09;3,826;3,826;1;6.21;0;0;0;4;24.86;4;4;4;0;0;0;1;6.21;1;0;0;0;0;0;0;0;0;4;0;0;0;0;0;0;0;0;0;0;0;0;0;3;18.64;3;00:30;03:10;00:30;0;0;1;6.21;1;0;0;104;39;1;6.21;1;0;0;0;2 minutes;00:41;0;0;0;37%;0;0
d3sTiny-4851;0;5;5%;49;11;5;0.01;97,550;15,063.94;20,658;5,570;50;7.72;33;5.09;7;184;28.41;35;17;3.68;0;1;0;128;19.76;26;4;6;0;2;0;0;0;0;17;0;0;18;2;14;3;1;0.15;1;0;0;3;2;50;7.72;19;02:23;00:22;00:42;0;7;63;9.72;13;0;0;2,853;847;62;9.57;11;0;0;0;1 hour;15:23;0;0;1;29%;31%;37%
Dafi-2969;3451;1;7%;66;16;5;0.01;95,398;13,836.6;18,987;6,864;64;9.28;26;3.77;9;152;22.04;28;12;2.37;0;0;0;103;14.93;22;3;7;0;4;0;0;0;0;12;0;0;22;6;6;10;0;0;0;0;0;4;3;54;7.83;11;03:27;00:30;01:36;0;5;36;5.22;6;0;0;3,032;867;32;4.64;7;0;0;0;1 hour;10:27;0;0;4;28%;32%;55%
dafran-2671;4595;0;9%;5;5;5;0.02;5,729;22,040;5,150;5,150;1;3.84;0;0;0;7;26.92;7;7;7;0;0;0;3;11.54;3;0;0;0;0;0;0;0;0;7;0;0;1;0;0;0;0;0;0;0;0;0;0;4;15.38;4;00:18;01:09;00:18;0;0;1;3.84;1;0;0;153;52;0;0;0;0;0;0;3 minutes;00:12;0;0;1;33%;35%;100%
DanzhizzLe-1955;2841;0;0;0;0;0;0;1,803;6,846.17;1,803;1,657;2;7.59;1;3.79;1;1;3.79;1;1;0.5;0;0;0;1;3.79;1;0;0;0;0;0;0;0;0;1;0;0;1;0;1;0;0;0;0;0;0;0;0;0;0;0;0;0;0;0;2;0;0;0;0;0;86;12;1;3.79;1;0;0;0;2 minutes;0;0;0;0;13%;0;100%
DasNudel28-2964;3000;17;8%;459;18;10;0.01;630,880;15,509.13;21,277;9,569;350;8.6;229;5.62;10;1,347;33.11;50;23;3.84;0;1;0;924;22.71;38;10;41;1;29;0;0;0;0;23;0;0;107;27;50;30;19;0.46;3;0;0;4;21;420;10.32;19;21:15;00:31;01:10;0;15;358;8.8;17;0;0;16,845;5,575;307;7.54;16;0;0;0;8 hours;02:15:44;0;0;2;33%;40%;71%
Dave-24956;4216;1;4%;51;6;5;0;121,449;16,701.06;13,946;10,444;73;10.03;40;5.5;8;171;23.51;25;21;2.34;0;1;0;100;13.75;12;4;7;0;3;0;0;0;0;21;0;0;21;4;8;9;3;0.41;1;0;0;4;4;66;9.07;13;07:15;00:59;01:05;0;5;53;7.28;6;0;0;3,190;1,092;31;4.26;5;0;0;0;1 hour;08:38;0;0;2;34%;40%;38%
DAWegaaa-2274;2790;0;9%;10;4;3;0.01;12,767;7,283.94;4,714;3,227;17;9.69;2;1.14;2;25;14.26;8;5;1.47;0;0;0;15;8.55;5;1;2;0;0;0;0;0;0;5;0;0;3;1;1;0;0;0;0;0;0;0;0;6;3.42;2;00:04;00:02;00:02;0;2;8;4.56;3;0;0;453;110;6;3.42;2;0;0;0;14 minutes;0;0;0;0;24%;33%;27%
DClerig-1255;2995;0;22%;2;2;2;0.01;1,142;7,590.82;1,142;988;2;13.28;0;0;0;2;13.28;2;2;1;0;0;0;1;6.64;1;0;0;0;0;0;0;0;0;2;0;0;0;0;0;0;0;0;0;0;0;0;0;0;0;0;0;0;0;0;0;2;13.28;2;0;0;67;9;1;6.64;1;0;0;0;1 minute;0;0;0;0;13%;0;0
DeadLine-11761;4418;0;10%;3;2;1;0.01;3,751;5,459.44;2,091;1,419;5;7.27;0;0;0;5;7.27;3;2;1;0;0;0;3;4.36;2;0;1;0;0;0;0;0;0;2;0;0;2;1;0;1;0;0;0;0;0;0;0;0;0;0;00:14;00:21;00:14;0;2;3;4.36;2;0;0;112;28;1;1.45;1;0;0;0;4 minutes;0;0;0;0;25%;0;39%
DeadlyKitten-219438;2456;1;9%;93;10;4;0.01;114,177;10,849.86;10,045;5,396;112;10.64;43;4.08;6;207;19.67;18;10;1.84;0;3;0;139;13.2;13;4;11;1;6;0;0;0;0;10;0;0;28;10;9;10;1;0.09;1;0;0;3;2;87;8.26;10;07:49;00:44;01:13;0;4;53;5.03;6;0;0;3,376;964;43;4.08;8;1;0;0;1 hour;14:34;0;0;8;28%;41%;57%
Deaths-2260;2578;0;5%;79;7;4;0;167,097;13,108.41;17,234;5,652;108;8.47;49;3.84;7;239;18.74;34;10;2.21;0;2;0;149;11.68;23;6;13;1;6;0;0;0;3;10;0;0;26;9;7;10;1;0.07;1;0;0;3;2;82;6.43;13;05:16;00:24;01:46;0;9;66;5.17;9;0;0;5,740;1,345;52;4.07;7;0;0;0;2 hours;09:08;0;0;6;23%;33%;49%
DeepSilver-2941;0;0;11%;24;7;3;0.01;26,005;12,360.49;6,794;3,738;27;12.83;8;3.8;4;60;28.51;20;8;2.22;0;1;0;39;18.53;15;2;2;0;0;0;0;0;0;8;0;0;6;3;1;2;1;0.47;1;0;0;3;1;28;13.3;9;01:22;00:39;00:29;0;5;20;9.5;7;0;0;1,041;213;13;6.17;4;0;0;0;32 minutes;02:38;0;0;0;20%;22%;16%
Derenecko-2339;3793;0;6%;18;7;3;0.01;32,735;18,292.25;16,737;2,597;17;9.49;7;3.91;6;41;22.91;19;7;2.41;0;0;0;31;17.32;15;1;2;0;1;0;0;0;0;7;0;0;4;1;1;2;1;0.55;1;0;0;3;1;10;5.58;4;00:47;00:26;00:13;0;3;16;8.94;9;0;0;825;291;11;6.14;5;0;0;0;22 minutes;00:08;0;0;0;35%;20%;32%
DERPGUYZ-1495;2867;0;5%;16;5;3;0;30,845;9,261.54;7,667;3,347;36;10.8;8;2.4;3;54;16.21;17;10;1.5;0;3;0;30;9;8;3;3;0;1;0;0;0;0;10;0;0;13;3;3;7;2;0.6;1;0;0;0;0;21;6.3;7;03:06;00:55;01:03;0;4;12;3.6;3;0;0;1,360;276;11;3.3;4;0;0;0;36 minutes;02:26;0;0;2;20%;35%;22%
Deso-11717;54;0;5%;19;5;4;0;38,078;6,881.46;7,116;2,820;56;10.12;11;1.98;4;73;13.19;16;7;1.3;0;2;0;47;8.49;13;0;6;0;1;0;0;0;0;7;0;0;7;3;0;4;1;0.18;1;0;0;0;0;26;4.69;9;02:52;00:31;01:28;0;8;31;5.6;8;0;0;0;0;15;2.71;3;0;0;0;1 hour;05:37;0;0;0;24%;0;25%
Dest-1774;80;0;16%;4;4;4;0;2,609;3,705.77;2,236;1,751;1;1.42;1;1.42;1;11;15.62;9;7;11;0;0;0;9;12.78;8;0;1;0;1;0;0;0;0;7;0;0;2;1;0;1;0;0;0;0;0;0;0;1;1.42;1;00:40;00:57;00:24;0;3;4;5.68;4;0;0;0;0;2;2.84;2;0;0;0;4 minutes;00:53;0;0;0;13%;0;100%
DevjlCloudVN-1911;2972;0;8%;9;4;2;0;13,864;13,398.39;4,785;2,777;15;14.49;5;4.83;2;17;16.42;7;5;1.13;0;0;0;8;7.73;4;1;1;0;0;0;0;0;0;5;0;0;3;1;1;1;0;0;0;0;0;0;0;4;3.86;2;00:18;00:17;00:15;0;4;4;3.86;2;0;0;539;108;2;1.93;1;0;0;0;15 minutes;0;0;0;1;20%;0;0
disura-2599;0;0;6%;8;6;4;0.01;12,687;12,830.95;8,057;3,844;6;6.06;2;2.02;2;24;24.27;16;7;4;0;0;0;17;17.19;11;0;1;0;1;0;0;0;0;7;0;0;2;0;0;2;0;0;0;0;0;0;0;3;3.03;2;00:16;00:16;00:13;0;4;6;6.06;4;0;0;471;115;5;5.05;4;0;0;0;12 minutes;0;0;0;0;24%;25%;71%
Dogmod-2179;2679;0;13%;6;6;6;0.02;4,874;13,144.55;2,959;2,834;3;8.09;1;2.69;1;7;18.87;4;4;2.33;0;0;0;4;10.78;3;0;0;0;0;0;0;0;0;4;0;0;1;0;0;1;0;0;0;0;0;0;0;1;2.69;1;00:08;00:23;00:04;0;0;0;0;0;0;0;212;43;2;5.39;2;0;0;0;4 minutes;0;0;0;2;20%;0;57%
DongJun-31810;4406;0;0;0;0;0;0;1,840;16,974.32;1,602;1,247;2;18.45;1;9.22;1;5;46.13;5;3;2.5;0;0;0;3;27.68;3;0;0;0;0;0;0;0;0;3;0;0;0;0;0;0;0;0;0;0;0;0;0;2;18.45;2;0;0;0;0;2;3;27.68;3;0;0;59;22;1;9.22;1;0;0;0;1 minute;00:40;0;0;0;37%;0;13%
Drania-21760;2443;0;2%;1;1;1;0;4,108;9,428.64;2,673;1,672;5;11.47;1;2.29;1;5;11.47;5;3;1;0;0;0;1;2.29;1;0;0;0;0;0;0;0;0;3;0;0;1;1;0;0;0;0;0;0;0;0;0;1;2.29;1;00:06;00:14;00:06;0;0;1;2.29;1;0;0;131;36;0;0;0;0;0;0;6 minutes;0;0;0;0;27%;0;23%
Draven-2477;3844;0;7%;8;7;3;0.01;10,442;16,932.45;7,762;3,057;7;11.35;1;1.62;1;12;19.45;12;6;1.71;0;0;0;10;16.21;10;0;1;0;0;0;0;0;0;6;0;0;2;0;2;0;0;0;0;0;0;0;0;2;3.24;2;00:14;00:23;00:10;0;3;5;8.1;5;0;0;400;102;1;1.62;1;0;0;0;8 minutes;0;0;0;0;25%;39%;64%
eerpS-2719;4562;1;9%;53;17;5;0.01;67,466;10,801.2;16,211;6,940;46;7.36;15;2.4;5;95;15.2;23;11;2.06;0;1;0;61;9.76;14;5;6;0;1;0;0;0;0;11;0;0;11;2;5;4;0;0;0;0;0;3;1;24;3.84;8;02:34;00:24;00:58;0;7;30;4.8;10;0;0;2,085;581;20;3.2;7;0;0;0;56 minutes;07:21;0;0;3;27%;38%;18%
Elite-2431;0;0;2%;3;3;2;0;11,321;14,960.95;10,000;3,265;10;13.21;3;3.96;3;16;21.14;15;5;1.6;0;0;0;7;9.25;6;1;1;0;0;0;0;0;0;5;0;0;1;1;0;1;0;0;0;0;0;0;0;2;2.64;1;01:02;01:22;01:02;0;3;5;6.6;4;0;0;383;107;4;5.28;4;0;0;0;10 minutes;00:20;0;0;0;27%;29%;0
elwzoy-2404;4216;5;5%;89;12;6;0.01;193,363;17,222.63;17,059;8,237;97;8.63;66;5.87;9;308;27.43;36;14;3.17;0;0;0;185;16.47;19;4;11;1;6;0;0;0;0;14;0;0;29;13;10;6;2;0.17;1;0;0;5;7;109;9.7;20;12:16;01:05;01:52;0;8;89;7.92;12;0;0;5,008;1,671;57;5.07;8;1;0;0;2 hours;29:58;0;0;4;33%;49%;53%
Emlux-2261;2328;0;2%;1;1;1;0;1,964;18,943.9;1,964;1,371;2;19.29;3;2.43;2;1;9.64;1;1;0.5;0;1;0;21;17.02;13;0;0;0;0;677;6,529;677;414;1;0;0;0;1;0;0;0;0;0;0;0;0;0;15;12.16;8;00:20;00:16;00:13;0;4;6;4.86;5;0;0;80;42;5;4.05;3;0;0;0;1 minute;02:17;0;0;0;52%;52%;18%
emmanabcake-2648;2442;0;8%;4;2;1;0;7,279;15,271.78;3,825;1,804;11;23.07;6;12.58;4;11;23.07;6;4;1;0;0;0;4;8.39;3;0;0;0;0;0;0;0;0;4;0;0;2;0;0;1;0;0;0;0;0;3;1;1;2.09;1;00:05;00:11;00:03;0;0;3;6.29;2;0;0;238;50;0;0;0;1;0;0;9 minutes;00:20;0;0;1;21%;0;0
erTi-2546;2139;3;5%;60;6;4;0;135,399;11,508.34;10,650;10,884;70;5.94;52;4.41;7;200;16.99;16;11;2.85;0;0;0;132;11.21;13;6;12;2;4;0;0;0;0;11;0;0;29;11;10;8;0;0;0;0;0;3;2;70;5.94;8;04:36;00:23;00:55;0;9;60;5.09;7;0;0;5,127;1,126;54;4.58;6;0;0;0;2 hours;14:09;0;0;21;21%;40%;37%
eure-2396;3928;0;6%;13;5;4;0.01;30,715;19,641.78;10,857;5,802;13;8.31;11;7.03;7;48;30.69;19;11;3.69;0;0;0;36;23.02;13;0;0;0;0;0;0;0;0;11;0;0;5;1;3;1;0;0;0;0;0;4;3;13;8.31;5;02:00;01:17;01:20;0;4;7;4.47;3;0;0;696;213;2;1.27;1;0;0;0;1.159372005611658 seconds;03:18;0;0;0;30%;0;23%
Euront-2569;0;0;3%;4;3;2;0;13,958;9,805.73;5,604;2,078;14;9.83;3;2.1;3;23;16.15;13;5;1.64;0;0;0;14;9.83;9;1;1;0;0;0;0;0;0;5;0;0;3;2;0;1;0;0;0;0;0;0;0;6;4.21;3;00:41;00:28;00:20;0;2;9;6.32;4;0;0;450;129;5;3.51;4;0;0;0;16 minutes;0;0;0;0;28%;35%;34%
evokje-2559;3704;0;6%;11;6;4;0.01;18,627;20,853.79;9,514;5,882;8;8.95;6;6.71;5;35;39.18;20;13;4.37;0;0;0;19;21.27;14;1;1;0;0;0;0;0;0;13;0;0;2;1;0;1;0;0;0;0;0;0;0;7;7.83;4;00:22;00:25;00:14;0;4;11;12.31;7;0;0;539;166;5;5.59;3;0;0;0;12 minutes;01:20;0;0;0;30%;0;0
Ex3ros-2819;0;0;6%;11;5;3;0.01;17,566;12,735.13;7,873;4,320;11;7.97;4;2.89;3;36;26.09;16;8;3.27;0;0;0;24;17.39;12;1;1;0;0;0;0;0;0;8;0;0;4;0;3;1;1;0.72;1;0;0;0;0;16;11.59;9;00:21;00:15;00:09;0;8;15;10.87;8;0;0;684;171;5;3.62;3;0;0;0;15 minutes;01:25;0;0;0;25%;24%;35%
EZZE-2663;2558;0;5%;3;3;1;0;6,104;19,702.51;6,104;1,750;7;22.59;0;0;0;5;16.13;5;2;0.71;0;0;0;3;9.68;3;0;0;0;0;0;0;0;0;2;0;0;0;0;0;0;0;0;0;0;0;0;0;0;0;0;00:05;00:17;00:05;0;1;0;0;0;0;0;213;51;0;0;0;0;0;0;5 minutes;0;0;0;0;23%;0;0
Fallken-2883;4110;0;6%;6;3;2;0;11,873;12,384.07;6,484;4,348;11;11.47;5;5.21;4;23;23.99;12;9;2.09;0;0;0;14;14.6;9;1;1;0;0;0;0;0;0;9;0;0;2;0;0;2;0;0;0;0;0;0;0;8;8.34;6;00:42;00:43;00:29;0;4;10;10.43;6;0;0;332;88;6;6.25;4;0;0;0;11 minutes;02:50;0;0;0;26%;0;0
fellan090909-2209;2921;4;7%;101;16;6;0.01;146,717;16,142.51;23,649;4,728;112;12.32;39;4.29;7;248;27.28;37;10;2.21;0;1;0;178;19.58;24;4;9;0;5;0;0;0;0;10;0;0;22;5;8;8;3;0.33;2;0;0;3;3;87;9.57;14;06:15;00:41;01:02;0;9;86;9.46;14;0;0;4,834;1,394;55;6.05;7;0;0;0;2 hours;22:14;0;0;7;28%;36%;50%
Ferth-2851;3031;6;4%;65;7;3;0.01;153,233;14,668.3;17,674;7,976;73;6.98;63;6.03;11;299;28.62;30;20;4.09;0;0;0;206;19.71;25;4;10;0;6;0;0;0;0;20;0;0;31;1;22;8;2;0.19;1;0;0;4;7;100;9.57;18;04:07;00:23;00:58;0;10;83;7.94;10;0;0;3,967;1,302;56;5.36;8;0;0;0;1 hour;31:25;0;0;5;32%;34%;58%
Fiction-21849;3000;0;3%;1;1;1;0;2,601;13,101.08;2,601;1,081;3;15.1;0;0;0;5;25.18;5;3;1.66;0;0;0;5;25.18;5;0;0;0;0;0;0;0;0;3;0;0;1;0;1;0;0;0;0;0;0;0;0;2;10.07;2;00:20;01:42;00:20;0;1;1;5.03;1;0;0;104;30;0;0;0;0;0;0;3 minutes;0;0;0;0;28%;0;0
Finess-2649;0;0;7%;41;14;5;0.01;61,497;11,896.29;16,266;3,654;57;11.02;8;1.54;4;111;21.47;23;9;1.94;0;1;0;67;12.96;14;0;0;0;0;0;0;0;0;9;0;0;0;0;0;0;0;0;0;0;0;0;0;46;8.89;11;06:31;01:15;02:08;0;5;11;2.12;4;0;0;1,728;550;16;3.09;5;0;0;0;--;06:18;0;0;2;31%;39%;0
Finnsi-2664;4456;0;2%;3;3;3;0;11,182;15,267.13;7,887;7,887;1;1.36;1;1.36;1;18;24.57;12;12;18;0;0;0;10;13.65;8;0;1;0;1;0;0;0;0;12;0;0;3;2;1;0;0;0;0;0;0;0;0;2;2.73;2;00:12;00:17;00:12;0;5;9;12.28;7;0;0;296;115;3;4.09;2;0;0;0;6 minutes;01:56;0;0;0;38%;0;80%
FlameZ-2806;0;0;7%;6;6;6;0.01;8,530;17,894.76;7,292;6,891;4;8.39;0;0;0;15;31.46;13;12;3.75;0;0;0;9;18.88;8;0;0;0;0;0;0;0;0;12;0;0;1;0;1;0;0;0;0;0;0;0;0;6;12.58;5;00:44;01:33;00:44;2;1;3;6.29;2;0;0;240;76;5;10.48;5;0;0;0;6 minutes;02:58;0;0;0;31%;31%;0
FlyingMice-4345;75;1;7%;39;10;4;0;54,574;12,664.08;12,659;7,215;42;9.74;16;3.71;6;116;26.91;28;16;2.76;0;0;0;77;17.86;19;0;4;0;3;0;0;0;0;16;0;0;12;6;3;3;2;0.46;2;0;0;3;1;39;9.05;11;01:16;00:17;00:27;0;13;36;8.35;13;0;0;0;0;24;5.56;11;0;0;0;6 hours;12:09;0;0;0;29%;0;74%
fractal-21463;2502;0;18%;10;10;5;0.03;318;5,994.24;318;318;1;18.84;0;0;0;8;19.67;8;3;2.66;0;0;0;5;12.29;5;0;0;0;0;0;0;0;0;3;0;0;0;0;0;0;0;0;0;0;0;0;0;0;0;0;00:06;00:15;00:06;0;0;1;2.45;1;0;0;15;8;4;9.83;4;0;0;0;40.674775999970734 seconds;02:17;0;0;0;53%;0;100%
Frostnium-1430;2313;0;3%;7;3;2;0;20,894;17,480.36;10,372;3,575;13;10.87;5;4.18;4;33;27.6;19;7;2.53;0;0;0;20;16.73;12;0;1;0;1;0;0;0;0;7;0;0;2;2;0;0;2;1.67;1;0;0;0;0;12;10.03;8;01:29;01:14;01:20;0;6;11;9.2;6;0;0;656;202;5;4.18;3;0;0;0;15 minutes;01:56;0;0;0;30%;30%;63%
GAGAN-2118;3063;0;17%;3;2;1;0.02;2,514;14,967.7;1,769;1,538;3;17.86;0;0;0;1;5.95;1;1;0.33;0;0;0;0;0;0;0;0;0;0;0;0;0;0;1;0;0;0;0;0;0;0;0;0;0;0;0;0;0;0;0;0;0;0;0;0;1;5.95;1;0;0;62;17;0;0;0;0;0;0;2 minutes;0;0;0;0;27%;31%;0
galrath-2357;3756;0;2%;1;1;1;0;4,198;16,841.25;4,198;2,680;2;8.02;0;0;0;8;32.09;8;5;4;0;0;0;3;12.03;3;0;0;0;0;0;0;0;0;5;0;0;1;0;0;0;0;0;0;0;0;0;0;1;4.01;1;00:07;00:28;00:07;0;2;4;16.04;4;0;0;158;41;1;4.01;1;0;0;0;3 minutes;00:20;0;0;0;25%;0;0
Genjesus-1783;48;0;7%;16;6;2;0;29,204;10,009.13;5,768;5,768;19;6.51;13;4.45;4;56;19.19;10;10;2.94;0;0;0;40;13.7;8;1;3;0;2;0;0;0;0;10;0;0;7;2;4;1;0;0;0;0;0;3;2;20;6.85;4;00:10;00:03;00:04;0;4;19;6.51;5;0;0;942;225;15;5.14;4;0;0;0;27 minutes;00:54;0;0;0;23%;22%;69%
GhostDragon-153648;26;0;6%;39;7;4;0;72,849;9,190.8;8,961;4,253;83;10.47;17;2.14;3;118;14.88;22;10;1.42;0;0;0;77;9.71;11;0;8;0;3;0;0;0;0;10;0;0;17;6;6;5;0;0;0;0;0;0;0;46;5.8;13;03:45;00:28;01:28;0;7;27;3.4;4;0;0;0;0;25;3.15;3;0;0;0;1 hour;06:53;0;0;0;20%;0;31%
Gleaves-2255;3944;0;0;0;0;0;0;5,461;13,772.89;5,461;2,115;4;10.08;1;2.52;1;7;17.65;7;5;1.75;0;0;0;6;15.13;6;0;0;0;0;0;0;0;0;5;0;0;1;1;0;0;0;0;0;0;0;0;0;2;5.04;2;00:08;00:20;00:08;0;4;2;5.04;2;0;0;150;44;1;2.52;1;0;0;0;4 minutes;0;0;0;0;29%;29%;100%
Gnutrah-2703;3052;0;2%;3;3;2;0;11,437;20,806.56;11,437;6,583;5;9.09;2;3.63;2;18;32.74;18;9;3.6;0;0;0;13;23.64;13;1;1;0;1;0;0;0;0;9;0;0;2;1;1;0;0;0;0;0;0;0;0;3;5.45;3;00:04;00:07;00:04;4;2;7;12.73;7;0;0;317;101;4;7.27;4;0;0;0;8 minutes;0;0;0;0;31%;0;100%
Godman-1471;3601;7;6%;187;10;8;0.01;307,941;18,836.01;20,116;6,631;153;9.35;77;4.7;7;528;32.29;41;20;3.45;0;0;0;331;20.24;21;5;16;1;10;0;0;0;0;20;0;0;48;13;19;16;7;0.42;2;0;0;4;9;200;12.23;19;26:28;01:37;02:10;0;14;163;9.97;10;0;0;7,958;2,743;93;5.68;10;0;0;0;3 hours;45:33;0;0;12;34%;72%;62%
Gods-11104;3039;1;4%;35;8;4;0;82,822;16,791.55;21,699;4,618;55;11.15;19;3.85;6;102;20.67;20;7;1.85;0;0;0;73;14.8;15;3;5;0;1;0;0;0;0;7;0;0;10;3;3;4;0;0;0;0;0;0;0;33;6.69;7;03:20;00:40;01:00;0;5;26;5.27;6;0;0;2,295;744;17;3.44;6;0;0;0;1 hour;01:34;0;0;1;32%;38%;29%
Goosen-21913;3522;0;6%;10;6;3;0.01;19,382;16,904.98;10,274;4,634;11;9.59;3;2.61;3;20;17.44;11;6;1.81;0;0;0;15;13.08;9;1;1;0;0;0;0;0;0;6;0;0;2;0;0;2;0;0;0;0;0;0;0;11;9.59;5;00:07;00:06;00:06;0;5;10;8.72;8;0;0;590;151;7;6.1;4;0;0;0;14 minutes;0;0;0;0;25%;26%;1%
GunroX-1810;4256;0;5%;9;3;2;0;22,053;14,949.65;6,381;5,752;17;11.52;6;4.06;3;25;16.94;10;7;1.47;0;0;0;17;11.52;8;1;1;0;1;0;0;0;0;7;0;0;5;1;2;2;1;0.67;1;0;0;3;2;11;7.45;6;01:05;00:44;00:37;0;6;8;5.42;4;0;0;568;171;6;4.06;3;0;0;0;17 minutes;02:28;0;0;0;30%;0;63%
hab1b-1437;3503;0;7%;14;4;4;0.01;21,012;11,320.06;5,724;3,838;10;5.38;6;3.23;3;52;28.01;11;10;5.2;0;0;0;39;21.01;10;0;2;0;2;0;0;0;0;10;0;0;4;0;3;1;0;0;0;0;0;0;0;19;10.23;5;01:29;00:48;00:58;1;3;21;11.31;5;0;0;751;199;8;4.31;4;0;0;0;19 minutes;04:31;0;0;2;26%;20%;81%
HAL64k-2930;3739;0;12%;3;3;2;0.01;2,816;11,075.16;2,816;1,529;3;11.8;0;0;0;4;15.73;4;4;1.33;0;1;0;2;7.86;2;0;0;0;0;0;0;0;0;4;0;0;1;1;0;0;0;0;0;0;0;0;0;0;0;0;0;0;0;0;1;0;0;0;0;0;91;24;1;3.93;1;0;0;0;2 minutes;0;0;0;0;26%;0;100%
Hallix-2336;3000;0;0;0;0;0;0;297;3,260.15;297;297;2;21.96;0;0;0;2;21.96;2;2;1;0;0;0;2;21.96;2;0;0;0;0;0;0;0;0;2;0;0;0;0;0;0;0;0;0;0;0;0;0;1;10.98;1;00:03;00:39;00:03;0;0;1;10.98;1;0;0;26;8;0;0;0;0;0;0;1 minute;0;0;0;0;30%;0;0
Hannibal119-2356;2595;0;16%;3;3;3;0.01;2,189;4,398.1;2,064;2,064;2;4.01;0;0;0;3;6.02;3;3;1.5;0;0;0;2;4.01;2;0;0;0;0;0;0;0;0;3;0;0;1;1;0;1;0;0;0;0;0;0;0;1;2;1;00:14;00:29;00:14;0;1;0;0;0;0;0;115;18;1;2;1;0;0;0;3 minutes;0;0;0;0;15%;19%;68%
Hanzo-21212;2699;1;5%;31;7;3;0;66,884;14,481.8;11,590;5,318;43;9.31;24;5.19;5;99;21.43;21;10;2.3;0;0;0;68;14.72;14;3;5;0;1;0;0;0;0;10;0;0;15;5;6;4;2;0.43;1;0;0;0;0;34;7.36;8;04:26;00:57;01:38;0;6;38;8.22;8;0;0;1,933;571;21;4.54;6;0;0;0;52 minutes;09:06;0;0;1;29%;28%;29%
Hasse-21383;3519;1;24%;12;10;5;0.03;8,717;18,028.1;5,693;3,340;4;8.27;5;10.34;4;15;31.02;12;5;3.75;0;0;0;12;24.81;11;0;0;0;0;0;0;0;0;5;0;0;0;0;0;0;0;0;0;0;0;0;0;2;4.13;1;00:01;00:02;00:01;0;2;3;6.2;3;0;0;181;50;2;4.13;2;0;0;0;6.379304992966354 seconds;00:03;0;0;0;27%;27%;72%
Hdz-1632;3220;0;5%;6;4;4;0.01;13,698;10,315.47;6,714;4,905;5;3.76;6;4.51;3;26;19.57;13;8;5.2;0;0;0;16;12.04;8;1;1;1;0;0;0;0;0;8;0;0;2;1;1;1;0;0;0;0;0;0;0;15;11.29;6;00:12;00:09;00:10;0;4;5;3.76;3;0;0;394;111;5;3.76;4;0;0;0;9 minutes;00:09;0;0;0;28%;25%;0
Headshots-21991;2139;7;7%;155;24;7;0.01;216,498;18,219.45;19,835;6,473;173;14.55;29;2.44;4;344;28.94;52;17;1.98;0;1;0;249;20.95;45;6;12;1;5;0;0;0;0;17;0;0;34;4;23;7;10;0.84;1;0;0;0;0;107;9;23;11:30;00:58;02:24;0;18;111;9.34;19;0;0;5,565;1,979;77;6.47;11;0;0;0;2 hours;36:12;0;0;1;35%;46%;41%
Helios-1782;74;1;3%;24;6;2;0;62,172;12,992.22;15,063;5,020;51;10.65;23;4.8;7;143;29.88;39;15;2.8;0;1;0;84;17.55;21;0;5;0;2;0;0;0;0;15;0.13;0;14;4;4;5;1;0.2;1;0;0;3;1;64;13.37;19;05:41;01:11;01:20;0;13;63;13.16;15;0;0;0;0;31;6.47;8;0;0;0;1 hour;14:51;0;0;0;26%;0;49%
HelloBEAR-1295;3844;6;6%;107;18;6;0.01;190,000;15,881.18;20,848;6,673;91;7.6;70;5.85;9;395;33.01;51;18;4.34;0;0;0;259;21.64;28;3;12;1;8;0;0;0;0;18;0;0;40;7;20;12;3;0.25;1;0;0;5;8;142;11.86;16;10:34;00:53;01:52;1;17;134;11.2;18;0;0;5,889;1,677;59;4.93;11;0;0;0;2 hours;36:04;0;0;2;28%;34%;68%
Hizary-2434;0;2;7%;41;9;4;0.01;63,116;16,445.93;11,056;4,661;46;11.98;23;5.99;7;123;32.04;27;16;2.67;0;1;0;88;22.92;21;1;4;0;3;0;0;0;0;16;0;0;13;4;6;3;2;0.52;1;0;0;3;4;33;8.59;12;02:34;00:40;02:01;0;11;38;9.9;10;0;0;1,730;539;27;7.03;7;0;0;0;49 minutes;15:14;0;0;0;31%;42%;86%
HoilDaym7K-4639;1279;38;7%;1,120;22;8;0.01;1,640,357;8,580.12;23,397;8,444;1,330;6.95;540;2.82;11;3,007;15.72;55;17;2.26;0;22;0;1,905;9.96;33;119;191;7;65;0;0;0;0;17;0;0;316;91;123;102;14;0.07;2;0;0;4;27;1,192;6.23;31;01:48:21;00:34;03:07;0;19;725;3.79;16;0;0;73,483;15,468;674;3.52;13;2;0;0;30 hours;03:26:35;0;0;120;21%;51%;33%
HoldenF-2370;2826;2;3%;10;7;3;0;27,700;13,701.91;10,785;4,452;20;9.89;8;3.95;3;34;16.81;14;8;1.7;0;0;0;24;11.87;10;1;2;0;1;0;0;0;0;8;0;0;5;2;2;1;0;0;0;0;0;3;1;11;5.44;6;00:18;00:09;00:09;0;3;13;6.43;6;0;0;728;265;12;5.93;5;0;0;0;20 minutes;01:55;0;0;0;36%;39%;33%
HotLaps-1110;2359;0;0;0;0;0;0;347;2,541.47;347;310;2;14.65;0;0;0;1;7.32;1;1;0.5;0;0;0;0;0;0;0;0;0;0;0;0;0;0;1;0;0;0;0;0;0;0;0;0;0;0;0;0;0;0;0;0;0;0;0;1;1;7.32;1;0;0;58;4;0;0;0;0;0;0;1 minute;0;0;0;0;6%;0;0
Hype-1391;77;0;5%;17;13;5;0;40,045;17,389.28;24,588;5,974;24;10.42;6;2.6;4;59;25.62;41;7;2.45;0;0;0;35;15.19;21;0;2;0;2;0;0;0;0;7;0;0;7;3;1;4;1;0.43;1;0;0;0;0;26;11.29;21;02:02;00:53;01:19;0;11;19;8.25;11;0;0;0;0;7;3.03;3;0;0;0;31 minutes;07:35;0;0;0;32%;0;79%
ieatuup-1470;3744;1;12%;14;9;5;0.01;15,925;17,540.22;12,567;8,671;5;5.5;12;13.21;10;34;37.44;27;19;6.8;0;0;0;28;30.83;23;0;1;0;1;0;0;0;0;19;0;0;3;2;1;1;0;0;0;0;0;4;2;5;5.5;5;00:29;00:32;00:20;0;8;7;7.7;6;0;0;322;112;5;5.5;3;0;0;0;11 minutes;04:35;0;0;0;34%;36%;100%
IekkAI-3307;2874;5;8%;145;10;5;0.01;231,152;15,065.9;17,485;5,066;154;10.03;66;4.3;7;347;22.61;31;11;2.25;0;1;0;211;13.75;18;9;15;1;6;0;0;0;0;11;0;0;37;15;12;10;1;0.06;1;0;0;4;3;126;8.21;12;08:33;00:33;01:06;0;12;90;5.86;12;0;0;8,497;1,791;59;3.84;8;0;0;0;3 hours;14:01;0;0;14;21%;43%;39%
iLka-2448;3238;0;10%;4;2;2;0;261;1,869;261;149;1;7.16;1;1.52;1;5;7.6;5;4;0.62;0;1;0;4;6.08;4;0;0;0;0;0;0;0;0;4;0;0;0;0;0;0;0;0;0;0;0;0;0;0;0;0;00:00;00:01;00:00;0;1;0;0;0;0;0;14;1;1;1.52;1;0;0;0;46.40258700493723 seconds;0;0;0;0;7%;0;0
ilyNoobz-2325;2295;0;11%;3;3;3;0.01;3,252;6,032.53;3,252;3,252;0;0;1;1.85;1;7;12.98;7;7;0;0;0;0;3;5.56;3;0;1;0;1;0;0;0;0;7;0;0;1;0;0;1;0;0;0;0;0;0;0;0;0;0;0;0;0;0;1;2;3.71;2;0;0;116;27;1;1.85;1;0;0;0;4 minutes;0;0;0;0;23%;0;100%
ImHerpy-1154;3039;1;5%;82;10;9;0;170,627;12,979.1;20,353;4,832;131;9.96;65;4.94;11;331;25.17;39;12;2.52;0;0;0;202;15.36;24;4;13;0;9;0;0;0;0;12;0;0;39;12;9;18;4;0.3;2;0;0;4;6;135;10.26;21;15:59;01:12;02:02;0;18;117;8.89;14;0;0;6,063;1,473;60;4.56;7;1;0;0;2 hours;28:00;0;0;4;24%;29%;68%
indexosu-2620;3654;1;12%;29;19;5;0.02;881;25,271;881;713;1;28.68;8;4.84;4;51;30.89;35;11;3.18;0;0;0;38;23.01;27;0;0;0;1;0;0;0;0;11;0;0;0;0;0;1;0;0;0;0;0;0;0;17;10.29;10;02:21;01:25;01:36;0;11;16;9.69;13;0;0;22;6;19;11.5;15;0;0;0;33.0602309750393 seconds;08:33;0;0;0;27%;24%;81%
Internet-2737;2905;0;5%;3;2;1;0.01;6,649;23,953.44;5,386;2,304;3;10.8;1;3.6;1;6;21.61;5;2;2;0;0;0;5;18.01;4;0;0;0;0;0;0;0;0;2;0;0;0;0;0;0;0;0;0;0;0;0;0;1;3.6;1;00:08;00:29;00:08;0;1;1;3.6;1;0;0;146;51;2;7.2;2;0;0;0;3 minutes;0;0;0;0;34%;36%;0
INTERNETHULK-2984;3634;2;6%;28;8;6;0;52,390;11,477.5;8,170;4,030;47;10.29;18;3.94;5;81;17.74;17;9;1.72;0;1;0;47;10.29;9;2;5;0;2;0;0;0;0;9;0;0;11;2;4;5;1;0.21;1;0;0;5;2;22;4.81;6;01:04;00:14;00:20;0;5;18;3.94;6;0;0;1,567;465;14;3.06;5;0;0;0;48 minutes;01:45;0;0;2;29%;25%;53%
Invision-2363;4213;0;19%;4;4;4;0.14;656;18,648.54;656;656;1;28.42;0;0;0;8;83.11;8;8;0;0;0;0;3;31.16;3;0;0;0;0;0;0;0;0;8;0;0;0;0;0;0;0;0;0;0;0;0;0;5;51.94;5;00:30;05:16;00:30;0;3;3;31.16;3;0;0;51;21;0;0;0;0;0;0;28.161190008744597 seconds;00:07;0;0;0;41%;0;0
Iowa-11470;3789;1;9%;16;7;5;0.01;20,342;8,737.68;6,003;3,966;21;9.02;7;3;3;43;18.47;17;10;2.04;0;0;0;36;15.46;15;0;2;0;2;0;0;0;0;10;0;0;4;1;3;1;1;0.42;1;0;0;0;0;12;5.15;4;01:06;00:28;00:40;0;5;9;3.86;5;0;0;668;166;13;5.58;7;0;0;0;23 minutes;06:32;0;0;1;24%;30%;83%
Jackuth-1300;3000;1;11%;13;9;9;0.02;11,566;16,843.8;7,785;7,785;3;4.36;3;4.36;3;26;37.86;14;14;8.66;0;0;0;22;32.03;13;0;1;0;1;0;0;0;0;14;0;0;2;0;2;0;1;1.45;1;0;0;3;1;9;13.1;7;00:36;00:52;00:27;0;2;7;10.19;4;0;0;395;109;9;13.1;6;0;0;0;10 minutes;02:17;0;0;0;27%;0;100%
JamesLiu-3595;2583;0;4%;3;2;1;0;7,097;9,760.25;4,679;2,509;4;5.5;4;5.5;2;15;20.62;10;5;3.75;0;0;0;6;8.25;4;0;1;0;1;0;0;0;0;5;0;0;1;1;0;0;0;0;0;0;0;0;0;5;6.87;3;00:10;00:13;00:10;0;4;3;4.12;2;0;0;259;71;1;1.37;1;0;0;0;7 minutes;00:20;0;0;0;27%;31%;100%
Jensen-11513;3000;0;8%;6;6;3;0.01;6,995;12,309.9;6,995;4,474;3;5.27;2;3.51;2;16;28.15;16;10;5.33;0;0;0;10;17.59;10;0;1;0;1;0;0;0;0;10;0;0;2;1;1;1;0;0;0;0;0;0;0;5;8.79;5;00:35;01:03;00:35;0;2;2;3.51;2;0;0;200;68;5;8.79;5;0;0;0;5 minutes;0;0;0;0;34%;0;100%
JesseJames-11680;2544;0;10%;3;2;1;0;4,473;3,216.97;2,899;954;9;6.47;2;1.43;2;8;5.75;5;3;0.88;0;0;0;4;2.87;3;1;1;0;0;0;0;0;0;3;0;0;1;0;1;0;0;0;0;0;0;0;0;3;2.15;3;01:08;00:49;01:08;1;1;0;0;0;0;0;329;30;0;0;0;0;0;0;15 minutes;0;0;0;0;9%;13%;34%
Jillers-2491;2600;0;4%;4;2;1;0;14,533;13,434.54;9,546;3,949;10;9.24;4;3.69;3;12;11.09;9;5;1.2;0;0;0;8;7.39;5;0;1;0;1;0;0;0;0;5;0;0;3;1;1;2;0;0;0;0;0;0;0;6;5.54;5;00:08;00:08;00:06;0;4;2;1.84;2;0;0;375;95;1;0.92;1;0;0;0;11 minutes;01:15;0;0;0;25%;0;56%
John-26692;3038;1;6%;27;11;4;0.01;46,127;18,128.1;19,838;5,035;22;8.64;13;5.1;4;79;31.04;34;10;3.59;0;0;0;56;22;27;1;3;1;1;0;0;0;0;10;0;0;8;1;4;3;0;0;0;0;0;3;1;24;9.43;13;01:06;00:26;00:34;0;2;23;9.03;6;0;0;1,050;394;20;7.86;6;0;0;0;29 minutes;04:30;0;0;5;37%;45%;45%
JohnRocket-21625;2907;0;8%;3;3;2;0.01;4,092;12,679.38;4,092;1,803;2;6.19;1;3.09;1;10;30.98;10;4;5;0;0;0;4;12.39;4;0;0;0;0;0;0;0;0;4;0;0;0;0;0;0;0;0;0;0;0;0;0;4;12.39;4;00:34;01:47;00:34;0;4;4;12.39;4;0;0;154;36;1;3.09;1;0;0;0;4 minutes;0;0;0;1;23%;0;100%
JonnyBI-2703;2988;1;7%;7;3;2;0.01;13,243;9,694.34;5,369;4,514;8;5.85;3;2.19;3;13;9.51;7;5;1.62;0;0;0;6;4.39;3;1;1;0;0;0;0;0;4;5;0;0;3;0;2;0;0;0;0;0;0;0;0;2;1.46;2;00:32;00:24;00:30;0;4;3;2.19;2;0;0;421;100;0;0;0;0;0;0;10 minutes;00:58;0;0;1;23%;0;9%
JoonasH-2538;3807;0;3%;2;2;2;0;6,001;22,052.42;6,001;4,860;2;7.34;2;7.34;2;6;22.04;6;6;3;0;0;0;4;14.69;4;0;0;0;0;0;0;0;0;6;0;0;1;0;0;1;0;0;0;0;0;0;0;1;3.67;1;00:04;00:14;00:04;0;1;0;0;0;0;0;169;51;0;0;0;0;0;0;3 minutes;0;0;0;0;30%;0;0
Juthes-2778;2996;0;6%;6;4;3;0;12,872;13,246.51;7,187;3,571;10;10.29;3;3.08;2;22;22.64;11;9;2.2;0;0;0;13;13.37;8;0;0;0;0;0;0;0;0;9;0;0;0;2;1;0;0;0;0;0;0;0;0;7;7.2;5;00:14;00:14;00:12;0;5;5;5.14;3;0;0;370;97;3;3.08;2;0;0;0;--;02:23;0;0;0;26%;27%;10%
Jzhu-1450;49;0;9%;24;15;9;0;30,743;8,838.37;12,576;7,308;25;7.18;14;4.02;6;61;17.53;17;10;2.44;0;0;0;37;10.63;14;0;3;0;1;0;0;0;0;10;0;0;7;3;0;4;0;0;0;0;0;0;0;17;4.88;8;00:59;00:16;00:21;0;3;10;2.87;5;0;0;0;0;15;4.31;8;0;0;0;36 minutes;01:52;0;0;0;26%;0;32%
K1RS-21265;2636;0;3%;1;1;1;0;3,680;20,098.89;3,680;3,680;1;5.46;1;5.46;1;5;27.3;5;5;5;0;0;0;2;10.92;2;0;0;0;0;0;0;0;0;5;0;0;1;0;0;0;0;0;0;0;0;0;0;2;10.92;2;00:19;01:48;00:19;0;1;1;5.46;1;0;0;118;31;0;0;0;0;0;0;2 minutes;0;0;0;0;26%;0;0
KAFEEEEEE-2350;4166;0;6%;34;8;7;0.01;62,918;19,618.02;12,184;8,441;28;8.73;17;5.3;4;104;32.42;18;14;3.71;0;0;0;65;20.26;11;2;3;1;1;0;0;0;0;14;0;0;10;2;5;3;0;0;0;0;0;4;3;27;8.41;5;03:40;01:08;00:59;0;4;32;9.97;6;0;0;1,587;565;17;5.3;4;0;0;0;41 minutes;11:00;0;0;3;35%;35%;27%
KAKI-11832;2705;0;9%;5;5;2;0.01;4,969;7,848.02;4,844;1,598;8;12.63;1;1.57;1;13;20.53;13;4;1.62;0;0;0;8;12.63;8;1;1;0;0;0;0;0;0;4;0;0;2;1;1;0;0;0;0;0;0;0;0;6;9.47;6;00:27;00:42;00:27;0;8;5;7.89;5;0;0;241;53;4;6.31;4;0;0;0;8 minutes;0;0;0;1;21%;22%;3%
kame06-2369;3254;0;3%;2;1;1;0;5,118;11,634.46;3,569;2,513;5;11.36;1;2.27;1;5;11.36;2;2;1;0;0;0;3;6.82;1;0;0;0;0;0;0;0;0;2;0;0;1;0;0;1;0;0;0;0;0;0;0;0;0;0;00:00;00:00;00:00;0;0;2;4.54;1;0;0;144;52;2;4.54;1;0;0;0;4 minutes;0;0;0;0;36%;66%;0
Karhu12-2687;3137;0;0;0;0;0;0;1,579;12,091.7;1,579;1,579;1;7.65;0;0;0;1;7.65;1;1;1;0;0;0;1;7.65;1;0;0;0;0;0;0;0;0;1;0;0;0;0;0;0;0;0;0;0;0;0;0;0;0;0;0;0;0;0;1;0;0;0;0;0;39;16;1;7.65;1;0;0;0;49.57915501110256 seconds;0;0;0;0;41%;0;0
Kay3-2155;0;0;17%;5;5;4;0.01;4,138;18,382.27;4,138;2,069;4;17.76;1;4.44;1;10;44.41;10;5;2.5;0;0;1;8;35.53;8;0;0;0;0;0;0;0;0;5;0;0;0;0;0;0;2;8.88;2;0;0;0;0;0;0;0;0;0;0;0;1;3;13.32;3;0;0;155;29;2;8.88;2;0;0;0;4 minutes;02:14;0;0;0;18%;0;0
Keffo-22223;4156;0;12%;4;4;3;0.01;3,618;10,868.62;3,618;2,996;2;6;1;3;1;9;27.03;9;8;4.5;0;0;0;6;18.02;6;0;0;0;0;0;0;0;0;8;0;0;1;1;1;0;0;0;0;0;0;0;0;1;3;1;00:00;00:00;00:00;0;2;2;6;2;0;0;141;31;2;6;2;0;0;0;3 minutes;01:00;0;0;0;21%;0;100%
Kelevra-2251;4039;0;1%;1;1;1;0;9,489;31,083.36;5,868;5,868;3;9.82;1;3.27;1;9;29.48;5;4;3;0;0;0;6;19.65;3;0;0;0;0;0;0;0;0;4;0;0;1;0;1;0;0;0;0;0;0;0;0;3;9.82;3;00:28;01:31;00:28;0;2;4;13.1;3;0;0;204;89;3;9.82;2;0;0;0;4 minutes;00:20;0;0;0;43%;0;100%
kensi-2546;4411;0;0;0;0;0;0;411;4,090.73;411;411;1;9.94;0;0;0;2;19.89;2;2;2;0;0;0;2;19.89;2;0;0;0;0;0;0;0;0;2;0;0;0;0;0;0;0;0;0;0;0;0;0;0;0;0;00:08;01:25;00:08;0;0;1;9.94;1;0;0;45;5;0;0;0;0;0;0;1 minute;0;0;0;0;11%;0;100%
KeyPhipp-2341;2826;16;7%;359;17;7;0.01;541,367;18,909.9;24,649;8,159;325;11.35;149;5.2;8;923;32.24;42;17;2.84;0;3;0;648;22.63;29;12;29;1;15;0;0;0;0;17;0;0;86;14;44;28;4;0.13;1;0;0;5;6;321;11.21;21;15:49;00:33;01:26;0;18;256;8.94;13;0;0;13,069;4,812;206;7.19;13;0;0;0;6 hours;01:56:35;0;0;5;36%;53%;52%
KickOut-2874;0;0;4%;4;4;2;0;8,375;14,057.2;8,375;2,019;7;11.74;0;0;0;5;8.39;5;3;0.71;0;0;0;2;3.35;2;0;1;0;1;0;0;0;0;3;0;0;2;1;1;1;0;0;0;0;0;0;0;2;3.35;2;00:17;00:28;00:17;0;4;1;1.67;1;0;0;300;85;0;0;0;0;0;0;7 minutes;00:20;0;0;1;28%;0;100%
KillReel-2418;1773;1;9%;15;9;3;0.01;17,517;16,540.76;9,424;5,422;8;7.55;6;5.66;4;29;27.38;14;9;3.62;0;0;0;26;24.55;12;0;1;0;1;0;0;0;0;9;0;0;3;1;1;0;0;0;0;0;0;0;0;12;11.33;6;00:42;00:40;00:35;1;5;10;9.44;6;0;0;533;161;8;7.55;2;0;0;0;15 minutes;03:53;0;0;0;30%;23%;54%
KingNOGNIG-2643;3702;0;12%;1;1;1;0.01;472;5,388.87;472;472;1;11.41;0;0;0;2;22.83;2;2;2;0;0;0;1;11.41;1;0;0;0;0;0;0;0;0;2;0;0;0;0;0;0;0;0;0;0;0;0;0;0;0;0;0;0;0;23;2;0;0;0;0;0;26;8;1;11.41;1;0;0;0;1 minute;0;0;0;0;30%;0;0
Kitty-23385;3645;0;4%;2;2;2;0;5,348;12,285.28;2,710;2,710;5;11.48;2;4.59;1;9;20.67;5;5;1.8;0;0;0;6;13.78;3;0;0;0;0;0;0;0;0;5;0;0;1;0;0;0;1;2.29;1;0;0;0;0;1;2.29;1;00:02;00:05;00:02;0;0;4;9.18;2;0;0;176;47;1;2.29;1;0;0;0;4 minutes;0;0;0;0;26%;0;0
klakamis-2435;2496;8;7%;195;20;5;0.01;303,536;15,193.74;24,976;7,600;217;10.86;108;5.4;14;548;27.43;51;16;2.52;0;4;0;375;18.77;38;10;20;2;7;0;0;0;0;16;0;0;42;10;18;14;4;0.2;2;0;0;4;7;176;8.8;26;10:32;00:31;01:25;0;21;196;9.81;18;0;0;9,945;2,597;130;6.5;13;0;0;0;4 hours;48:56;0;0;6;26%;36%;35%
Kocu-21480;3121;2;6%;39;10;6;0.01;80,746;18,261.38;22,934;4,571;53;11.98;25;5.65;8;120;27.13;36;8;2.26;0;1;0;81;18.31;25;2;4;0;2;0;0;0;0;8;0;0;16;4;8;4;3;0.67;1;0;0;5;3;49;11.08;18;04:24;00:59;01:58;0;14;33;7.46;10;0;0;1,975;645;28;6.33;10;0;0;0;54 minutes;13:18;0;0;0;32%;38%;50%
Kokopopz-21991;3859;0;9%;2;2;1;0.01;2,018;4,761.25;2,018;1,041;3;7.07;0;0;0;3;7.07;3;2;1;0;0;0;2;4.71;2;0;0;0;0;0;0;0;0;2;0;0;1;0;1;0;0;0;0;0;0;0;0;1;2.35;1;00:03;00:07;00:03;0;1;1;2.35;1;0;0;91;22;2;4.71;2;0;0;0;2 minutes;0;0;0;0;24%;0;0
Konti-2184;4136;0;8%;5;5;3;0.01;7,211;9,075.07;7,211;2,201;6;7.55;2;2.51;2;4;5.03;4;3;0.66;0;0;0;3;3.77;3;1;1;0;0;0;0;0;0;3;0;0;2;1;1;0;0;0;0;0;0;0;0;2;2.51;2;00:03;00:04;00:03;0;2;2;2.51;2;0;0;151;61;0;0;0;0;0;0;5 minutes;0;0;0;0;40%;0;0
Kryzhul-1108;0;0;4%;3;2;1;0;5,963;8,095.27;2,329;1,421;8;10.86;1;1.35;1;15;20.36;8;5;1.87;0;0;0;10;13.57;6;1;1;0;0;0;0;0;0;5;0;0;3;1;1;1;0;0;0;0;0;0;0;9;12.21;6;01:39;02:14;01:12;0;0;7;9.5;4;0;0;266;65;4;5.43;3;0;0;0;7 minutes;0;0;0;0;24%;50%;5%
laramie-11897;2989;0;7%;16;7;2;0.01;30,773;18,566.14;12,913;3,051;24;14.47;9;5.42;3;37;22.32;17;4;1.54;0;0;0;30;18.09;14;1;2;0;1;0;0;0;0;4;0;0;6;3;2;1;1;0.6;1;0;0;0;0;11;6.63;7;01:22;00:50;01:04;0;2;5;3.01;3;0;0;831;220;8;4.82;4;0;0;0;24 minutes;02:01;0;0;12;26%;24%;31%
Laurie400-1327;2575;11;9%;519;29;9;0.01;628,532;12,078.56;26,100;6,315;496;9.53;208;3.99;13;1,318;25.32;57;21;2.65;0;17;0;969;18.62;45;20;52;4;28;0;0;0;0;21;0;0;117;28;48;40;0;0;0;0;0;4;12;459;8.82;18;28:54;00:33;01:20;0;10;315;6.05;17;0;0;24,992;5,391;346;6.64;17;0;0;0;11 hours;01:49:22;0;0;34;21%;32%;53%
Lebensgefahr-11348;2904;5;5%;78;15;5;0.01;175,869;17,427.79;28,301;8,779;81;8.02;76;7.53;16;288;28.53;42;16;3.55;0;0;0;201;19.91;32;4;10;0;6;0;0;0;0;16;0;0;25;7;13;5;3;0.29;1;0;0;4;7;94;9.31;21;04:33;00:27;01:34;0;16;96;9.51;14;0;0;4,522;1,454;54;5.35;11;0;0;0;1 hour;31:24;0;0;0;32%;43%;60%
Legist-21953;3080;1;5%;31;13;4;0.01;61,544;18,277.62;23,445;5,432;40;11.87;24;7.12;11;107;31.77;44;8;2.67;0;0;0;64;19;24;2;3;0;1;0;0;0;0;8;0;0;8;4;1;3;0;0;0;0;0;4;3;29;8.61;11;04:40;01:23;02:37;0;15;34;10.09;11;0;0;1,903;563;14;4.15;5;0;0;0;47 minutes;04:55;0;0;2;29%;35%;40%
Lelouch-22653;4395;0;13%;9;6;6;0.02;7,895;17,789.86;5,326;5,178;5;11.26;2;4.5;1;10;22.53;8;8;2;0;0;0;6;13.52;6;0;0;0;0;0;0;0;0;8;0;0;1;0;1;0;0;0;0;0;0;0;0;3;6.76;2;00:02;00:05;00:02;0;4;3;6.76;2;0;0;197;66;2;4.5;2;0;0;0;6 minutes;00:20;0;0;0;33%;0;56%
lem0n-11864;2854;9;7%;117;10;9;0.01;173,894;14,724.25;12,463;9,329;65;5.5;62;5.24;7;408;34.54;30;24;6.27;0;0;0;269;22.77;20;3;12;0;9;0;0;0;0;24;0;0;35;5;25;6;2;0.16;1;0;0;3;3;136;11.51;16;12:57;01:05;01:23;0;8;117;9.9;10;0;0;4,378;1,511;76;6.43;8;1;0;0;1 hour;43:28;0;0;12;34%;44%;78%
LeMikel-1149;2853;1;2%;6;4;2;0;30,905;18,312.51;15,261;4,574;13;7.7;4;2.37;3;41;24.29;20;7;3.15;0;0;0;26;15.4;15;1;2;1;0;0;0;0;0;7;0;0;4;1;2;1;0;0;0;0;0;0;0;14;8.29;11;01:52;01:06;01:30;0;7;17;10.07;8;0;0;976;274;4;2.37;3;0;0;0;19 minutes;00:18;0;0;0;28%;28%;0%
leNNN1-2463;70;1;7%;53;14;6;0;78,028;19,767.76;16,689;5,338;52;13.17;33;8.36;9;127;32.17;28;11;2.44;0;0;0;77;19.5;18;0;4;0;2;0;0;0;0;11;0;0;14;3;6;5;0;0;0;0;0;0;0;54;13.68;14;07:02;01:47;01:48;0;9;37;9.37;9;0;0;0;0;25;6.33;6;0;0;0;1 hour;20:59;0;0;0;27%;0;49%
Light-23755;2548;0;0;0;0;0;0;5,786;12,109.33;5,786;4,049;3;6.27;2;4.18;2;7;14.64;7;5;2.33;0;0;0;5;10.46;5;0;0;0;0;0;0;0;0;5;0;0;1;1;0;0;0;0;0;0;0;0;0;1;2.09;1;00:21;00:45;00:21;0;0;3;6.27;3;0;0;155;53;0;0;0;0;0;0;3 minutes;00:40;0;0;0;34%;0;100%
LiNkzr-2434;4538;0;10%;25;8;5;0.01;31,513;17,334.27;7,500;4,595;17;9.35;13;7.15;4;46;25.3;13;8;2.7;0;0;0;35;19.25;9;0;2;0;1;0;0;0;0;8;0;0;5;1;1;2;0;0;0;0;0;4;2;19;10.45;7;01:44;00:57;00:59;0;5;13;7.15;5;0;0;729;243;9;4.95;3;0;0;0;21 minutes;05:19;0;0;3;33%;35%;64%
llllll-21535;3860;0;11%;25;6;4;0.01;28,021;14,577.14;5,826;3,081;20;10.4;8;4.16;5;46;23.92;10;6;2.29;0;0;0;32;16.64;8;1;2;0;0;0;0;0;0;6;0;0;5;2;1;2;0;0;0;0;0;4;1;15;7.8;6;00:50;00:26;00:18;2;3;14;7.28;4;0;0;658;221;10;5.2;4;0;0;0;23 minutes;01:06;0;0;3;33%;30%;21%
lllllllll-21503;3975;6;8%;146;14;8;0.01;221,112;14,471.67;17,081;7,036;137;8.96;71;4.64;7;448;29.32;33;15;3.27;0;3;0;310;20.28;22;4;15;0;11;0;0;0;0;15;0;0;43;9;21;13;7;0.45;1;0;0;4;8;143;9.35;16;15:56;01:02;01:34;0;14;132;8.63;11;0;0;5,794;1,810;76;4.97;6;0;0;0;3 hours;46:01;0;0;8;31%;50%;73%
lllllllll-21759;4806;0;6%;30;10;6;0.01;45,633;18,758.1;10,967;5,645;30;12.33;4;1.64;3;64;26.3;22;9;2.13;0;0;0;40;16.44;13;1;2;0;1;0;0;0;0;9;0;0;6;0;3;3;1;0.41;1;0;0;3;1;17;6.98;6;01:37;00:39;00:32;0;6;22;9.04;8;0;0;1,369;452;12;4.93;5;0;0;0;35 minutes;01:49;0;0;0;33%;35%;39%
LMorals-1207;2669;0;6%;5;3;2;0.01;566;20,074.03;566;566;1;35.46;5;11.99;3;15;35.97;8;4;3;0;0;0;10;23.98;7;0;0;0;0;0;0;0;0;4;0;0;2;1;0;1;0;0;0;0;0;0;0;6;14.38;5;00:03;01:55;00:03;0;2;5;11.99;2;0;0;4;4;3;7.19;2;0;0;0;31.419110981747508 seconds;00:00;0;0;2;100%;0;16%
Loco-2337;2537;0;9%;17;5;5;0.01;20,801;12,063.8;5,206;4,918;16;9.27;2;1.15;1;23;13.33;10;8;1.43;0;0;0;17;9.85;8;1;2;0;0;0;0;0;0;8;0;0;3;1;0;2;0;0;0;0;0;0;0;9;5.21;5;00:25;00:14;00:14;0;3;3;1.73;3;0;0;737;171;11;6.37;6;0;0;0;19 minutes;03:31;0;0;4;23%;0;25%
Lordshinshin-2731;3686;37;5%;574;17;9;0.01;1,163,361;17,098.19;31,329;11,229;540;7.93;331;4.86;13;1,894;27.83;48;20;3.5;0;2;0;1,155;16.97;28;28;68;2;38;0;0;0;0;20;0;0;179;37;95;47;16;0.23;2;0;0;5;25;609;8.95;27;45:43;00:40;01:32;0;19;596;8.75;16;0;0;35,237;10,313;324;4.76;11;3;0;0;13 hours;02:35:49;0;0;8;29%;37%;55%
LORDzero-21764;3352;1;8%;59;14;5;0.01;73,623;14,092.29;10,764;6,525;58;11.1;13;2.48;4;111;21.24;29;9;1.91;0;1;0;72;13.78;19;2;5;0;3;0;0;0;0;9;0;0;11;5;3;4;0;0;0;0;0;3;3;30;5.74;6;01:09;00:13;00:12;0;9;32;6.12;7;0;0;2,246;677;16;3.06;3;0;0;0;54 minutes;07:55;0;0;0;30%;26%;61%
m1trele-2497;3000;17;5%;235;15;9;0.01;499,834;17,004.8;34,447;9,263;340;11.56;133;4.52;11;696;23.67;46;15;2.04;0;0;0;454;15.44;36;21;29;1;8;0;0;0;0;15;0;0;81;15;39;26;7;0.23;1;0;0;4;10;255;8.67;23;26:50;00:54;01:42;0;11;202;6.87;11;0;0;14,490;4,248;138;4.69;8;0;0;0;6 hours;39:03;0;0;10;29%;49%;26%
Major-22402;2741;3;7%;33;7;5;0.01;54,317;12,754.35;11,166;6,023;29;6.8;10;2.34;3;89;20.89;20;17;3.06;0;0;0;53;12.44;13;2;4;0;2;0;0;0;0;17;0;0;13;3;4;5;0;0;0;0;0;4;1;33;7.74;8;02:04;00:29;01:18;0;3;13;3.05;4;0;0;1,738;463;19;4.46;6;0;0;0;46 minutes;03:54;0;0;0;26%;28%;54%
MalCobra-2715;2750;13;6%;237;14;6;0.01;472,134;15,634.93;28,305;9,951;287;9.5;174;5.76;13;893;29.57;47;20;3.11;0;3;0;631;20.89;35;12;30;1;17;0;0;0;0;20;0;0;85;18;48;19;6;0.19;2;0;0;5;11;268;8.87;19;08:29;00:16;00:45;0;17;316;10.46;16;0;0;13,693;3,927;230;7.61;15;1;0;0;6 hours;01:37:33;0;0;10;28%;41%;57%
Mangachu-1402;78;1;6%;82;11;6;0;127,542;10,836.86;12,498;9,391;102;8.66;46;3.9;7;303;25.74;29;19;2.97;0;1;0;187;15.88;18;0;12;0;9;0;0;0;0;19;0;0;20;8;5;8;1;0.08;1;0;0;4;2;94;7.98;13;04:10;00:21;00:33;0;8;106;9;9;0;0;0;0;75;6.37;11;1;0;0;2 hours;27:27;0;0;0;31%;0;74%
Maple-11101;3508;1;13%;8;4;2;0.01;6,880;8,309.87;3,706;1,438;7;8.45;3;3.62;2;19;22.94;9;8;2.71;0;0;0;13;15.7;7;0;1;0;1;0;0;0;0;8;0;0;2;1;0;0;0;0;0;0;0;0;0;2;2.41;2;00:00;00:01;00:00;6;5;3;3.62;2;0;0;192;59;8;9.66;4;0;0;0;8 minutes;01:14;0;0;1;30%;27%;88%
MarcusBonus-1929;1768;0;8%;4;4;2;0;6,219;11,677.32;3,453;2,370;5;9.38;3;5.63;2;16;30.04;12;8;3.2;0;0;0;9;16.89;7;0;1;0;0;0;0;0;0;8;0;0;1;1;0;0;0;0;0;0;0;0;0;7;13.14;5;00:00;00:01;00:00;4;7;8;15.02;7;0;0;231;49;4;7.51;4;0;0;0;7 minutes;00:40;0;0;0;21%;29%;54%
Mario-13553;3060;0;5%;68;9;5;0;149,286;13,520.69;22,606;5,237;111;10.05;48;4.34;8;271;24.54;33;13;2.44;0;3;0;191;17.29;24;3;11;0;8;0;0;0;0;13;0;0;20;9;5;5;6;0.54;1;0;0;5;5;99;8.96;15;09:20;00:50;01:15;0;5;99;8.96;14;0;0;4,433;1,312;54;4.89;7;0;0;0;2 hours;16:47;0;0;8;29%;36%;75%
Marlon-2588;0;0;3%;3;3;2;0;9,616;18,220.36;9,616;4,437;8;15.15;2;3.78;2;14;26.52;14;9;1.75;0;0;0;5;9.47;5;1;1;0;0;0;0;0;0;9;0;0;2;2;0;0;0;0;0;0;0;0;0;6;11.36;6;01:25;02:41;01:25;0;4;3;5.68;3;0;0;253;85;1;1.89;1;0;0;0;7 minutes;01:32;0;0;0;33%;33%;0
matth-2900;4324;0;4%;3;2;1;0;8,064;21,532.64;6,322;2,701;5;13.35;0;0;0;5;13.35;3;3;1;0;0;0;2;5.34;2;0;0;0;0;0;0;0;0;3;0;0;1;0;0;0;0;0;0;0;0;0;0;3;8.01;2;00:12;00:34;00:12;0;1;1;2.67;1;0;0;219;71;0;0;0;0;0;0;--;0;0;0;0;32%;36%;0
meimain-2593;4410;1;8%;44;10;5;0.01;64,825;19,372.81;12,590;8,302;32;9.56;26;7.77;6;130;38.85;21;14;4.06;0;0;0;87;25.99;17;0;0;0;0;0;0;0;0;14;0;0;0;2;0;0;2;0.59;1;0;0;3;4;31;9.26;10;02:13;00:39;00:42;0;5;36;10.75;7;0;0;1,483;542;21;6.27;5;0;0;0;11.891392999328673 seconds;00:08;0;0;0;36%;59%;25%
Melysi-2914;2742;0;9%;3;3;3;0.01;3,719;11,581.21;3,719;3,211;1;3.11;1;3.11;1;9;28.02;9;9;9;0;0;0;5;15.56;5;0;0;0;0;0;0;0;0;9;0;0;0;0;0;0;0;0;0;0;0;0;0;2;6.22;2;0;0;0;0;3;1;3.11;1;0;0;193;31;0;0;0;0;0;0;4 minutes;0;0;0;0;16%;0;0
Memes-21807;2875;2;7%;20;7;6;0.01;31,680;9,179.85;7,669;6,012;25;7.24;9;2.6;3;51;14.77;16;14;2.04;0;0;0;33;9.56;10;3;3;0;0;0;0;0;0;14;0;0;7;2;2;3;0;0;0;0;0;3;2;15;4.34;8;00:59;00:17;00:41;0;4;11;3.18;5;0;0;992;283;14;4.05;4;0;0;0;30 minutes;02:41;0;0;1;28%;36%;6%
Mendokusaii-2955;4292;2;7%;113;13;5;0.01;170,255;16,463.44;16,560;7,584;103;9.95;52;5.02;6;362;35;39;14;3.51;0;0;0;234;22.62;24;3;10;0;7;0;0;0;0;14;0;0;32;9;11;13;5;0.48;2;0;0;4;3;121;11.7;20;10:51;01:03;02:44;0;17;108;10.44;11;0;0;4,889;1,476;77;7.44;6;0;0;0;2 hours;34:01;0;0;5;30%;34%;69%
Mercy-21220;3161;1;7%;13;10;8;0.01;15,938;12,057.68;10,549;6,449;8;6.05;1;0.75;1;31;23.45;24;15;3.87;0;0;0;24;18.15;19;0;1;0;1;0;0;0;0;15;0;0;4;0;3;1;2;1.51;1;0;0;0;0;10;7.56;9;01:28;01:06;01:28;0;6;14;10.59;10;0;0;535;163;11;8.32;9;0;0;0;13 minutes;01:42;0;0;6;30%;32%;100%
MgBlase-1420;3295;0;12%;7;6;2;0.02;5,825;14,834.79;5,390;2,515;4;10.18;0;0;0;10;25.46;9;5;2.5;0;0;0;9;22.92;8;0;0;0;0;0;0;0;0;5;0;0;2;0;1;0;0;0;0;0;0;0;0;3;7.64;3;00:09;00:23;00:09;0;1;1;2.54;1;0;0;183;57;3;7.64;3;0;0;0;4 minutes;00:22;0;0;0;31%;0;23%
Miarder-2620;1939;2;8%;96;12;5;0.01;128,481;11,807.68;15,581;4,179;135;12.4;55;5.05;8;253;23.25;34;13;1.87;0;3;0;163;14.97;22;6;11;0;5;0;0;0;0;13;0;0;23;9;6;8;0;0;0;0;0;3;1;96;8.82;19;09:07;00:50;01:33;0;10;35;3.21;6;0;0;5,575;1,165;58;5.33;8;0;0;0;2 hours;08:58;0;0;0;20%;35%;45%
Milk-21596;3339;0;11%;3;3;2;0.02;2,795;10,195.1;2,795;1,708;2;7.29;0;0;0;2;7.29;2;2;1;0;0;0;2;7.29;2;0;0;0;0;0;0;0;0;2;0;0;0;0;0;0;0;0;0;0;0;0;0;0;0;0;00:07;00:28;00:07;0;0;1;3.64;1;0;0;77;27;1;3.64;1;0;0;0;2 minutes;0;0;0;0;35%;35%;100%
Milkington-2154;61;1;11%;52;17;6;0;50,604;9,959.82;11,887;3,246;55;10.82;13;2.55;5;116;22.83;30;10;2.1;0;1;0;73;14.36;18;0;5;0;2;0;0;0;0;10;0;0;14;6;6;2;0;0;0;0;0;3;1;40;7.87;13;03:11;00:37;01:09;0;7;29;5.7;10;0;0;0;0;27;5.31;7;0;136;0.04;55 minutes;13:07;0;0;0;25%;0;45%
Miten-1468;0;0;4%;4;2;1;0;9,734;8,178.76;4,051;2,149;7;5.88;1;0.84;1;24;20.16;9;9;3.42;0;0;0;11;9.24;4;0;1;0;1;0;0;0;0;9;0;0;2;1;1;0;0;0;0;0;0;0;0;13;10.92;7;00:23;00:19;00:11;0;5;9;7.56;4;0;0;433;82;3;2.52;1;0;0;0;11 minutes;00:21;0;0;0;18%;0;62%
Mix-41491;3617;0;4%;21;5;2;0;51,656;15,439.85;9,814;3,814;33;9.86;21;6.27;6;74;22.11;13;8;2.24;0;0;0;40;11.95;6;0;0;0;1;0;0;0;52;8;0;0;0;4;2;0;0;0;0;0;0;3;3;25;7.47;7;02:27;00:44;00:36;0;8;14;4.18;3;0;0;1,706;424;8;2.39;3;0;0;0;6.117798015475273 seconds;03:08;0;0;1;24%;25%;34%
MMRASSASSIN-2571;4539;4;7%;56;12;5;0.01;87,866;14,497.16;14,791;7,776;37;6.1;17;2.8;5;178;29.36;44;18;4.81;0;0;0;116;19.13;31;2;6;0;4;0;0;0;0;18;0;0;19;3;9;7;2;0.32;1;0;0;5;5;48;7.91;8;03:31;00:34;01:03;0;9;57;9.4;14;0;0;2,385;763;33;5.44;8;0;0;0;59 minutes;17:05;0;0;0;31%;36%;73%
MMRTERRORIST-2812;4282;0;5%;2;2;1;0;4,240;12,868.6;4,240;1,820;3;9.1;0;0;0;3;9.1;3;1;1;0;0;0;3;9.1;3;0;0;0;0;0;0;0;0;1;0;0;1;0;1;0;0;0;0;0;0;0;0;0;0;0;00:00;00:02;00:00;0;1;0;0;0;0;0;147;37;2;6.06;2;0;0;0;3 minutes;0;0;0;0;25%;25%;0
Mognus-2861;3115;0;12%;11;5;5;0.02;11,051;19,392.2;5,799;4,938;9;15.79;4;7.01;3;18;31.58;10;10;2;0;0;0;8;14.03;4;0;1;0;0;0;0;0;0;10;0;0;2;0;1;1;0;0;0;0;0;0;0;7;12.28;7;00:03;00:05;00:02;0;4;1;1.75;1;0;0;364;88;3;5.26;1;0;0;0;8 minutes;01:42;0;0;0;24%;0;25%
Moowe-4479;3991;3;4%;44;13;10;0.01;106,082;22,637.55;20,059;12,906;33;7.04;27;5.76;6;161;34.35;37;26;4.87;0;0;0;103;21.97;25;2;5;0;3;0;0;0;0;26;0;0;14;3;6;5;3;0.64;1;0;0;4;3;59;12.59;18;06:08;01:18;02:41;0;15;47;10.02;15;0;0;2,880;916;24;5.12;6;0;0;0;1 hour;13:34;0;0;2;31%;44%;61%
mtz-21807;2987;0;11%;24;9;7;0.01;26,838;18,060.61;11,728;5,335;13;8.74;17;11.44;7;60;40.37;20;9;4.61;0;0;0;38;25.57;15;0;1;0;1;0;0;0;0;9;0;0;5;1;2;2;0;0;0;0;0;4;2;25;16.82;10;02:33;01:43;01:06;0;7;12;8.07;5;0;0;764;217;10;6.72;5;0;0;0;20 minutes;05:53;0;0;4;28%;27%;100%
mystOgan-22227;4005;0;4%;12;6;2;0;32,648;20,247.42;9,537;3,766;21;13.02;6;3.72;3;30;18.6;13;5;1.42;0;0;0;18;11.16;8;1;2;0;1;0;0;0;0;5;0;0;3;2;0;0;1;0.62;1;0;0;0;0;12;7.44;5;02:05;01:17;01:10;0;5;5;3.1;3;0;0;842;286;7;4.34;2;0;0;0;23 minutes;00:19;0;0;0;33%;42%;61%
Naelie-1141;75;0;12%;24;9;3;0.01;25,616;13,327.36;9,388;2,548;22;11.44;8;4.16;4;51;26.53;20;6;2.31;0;0;0;41;21.33;15;1;2;0;1;0;0;0;0;6;0;0;6;2;3;1;0;0;0;0;0;3;1;13;6.76;8;00:14;00:07;00:13;0;5;8;4.16;3;0;0;708;195;15;7.8;6;0;0;0;25 minutes;05:16;0;0;0;27%;0;27%
Najiny-2979;4007;1;9%;9;7;3;0.01;13,022;24,509.39;11,175;3,725;4;7.52;9;16.93;8;27;50.81;20;8;6.75;0;1;0;18;33.87;14;0;1;0;0;0;0;0;0;8;0;0;2;0;1;1;1;1.88;1;0;0;4;2;7;13.17;7;00:53;01:40;00:44;0;3;9;16.93;6;0;0;230;99;5;9.41;4;0;0;0;8 minutes;02:34;0;0;0;43%;0;81%
narkiss-2658;3235;0;10%;2;2;2;0.02;1,986;7,682.03;1,986;1,986;1;3.86;2;7.73;2;6;23.21;6;6;6;0;0;0;6;23.21;6;0;0;0;0;0;0;0;0;6;0;0;1;0;0;1;0;0;0;0;0;0;0;3;11.6;3;00:00;00:02;00:00;0;2;3;11.6;3;0;0;54;19;2;7.73;2;0;0;0;1 minute;00:15;0;0;0;35%;35%;0
naykenn-2380;0;0;14%;1;1;1;0.02;739;9,567.18;739;739;1;12.94;0;0;0;0;0;0;0;0;0;0;0;0;0;0;0;0;0;0;0;0;0;0;0;0;0;0;0;0;0;0;0;0;0;0;0;0;0;0;0;0;0;0;0;1;0;0;0;0;0;26;7;0;0;0;0;0;0;35.65740399621427 seconds;0;0;0;0;26%;0;100%
Neptune-31921;3587;0;5%;7;2;2;0;12,574;5,209.24;2,184;1,944;24;9.94;0;0;0;26;10.77;5;5;1.08;0;1;0;13;5.38;2;2;2;0;0;0;0;0;0;5;0;0;5;2;1;2;0;0;0;0;0;0;0;13;5.38;3;00:54;00:22;00:27;0;2;8;3.31;3;0;0;840;117;7;2.89;2;0;0;0;24 minutes;0;0;0;0;13%;27%;5%
neptuNo-2723;4423;1;10%;7;7;7;0.02;6,868;8,385.31;6,868;6,868;1;1.22;1;1.22;1;20;24.41;20;19;20;0;0;0;13;15.87;13;0;1;0;1;0;0;0;0;19;0;0;3;2;2;0;0;0;0;0;0;0;0;2;2.44;2;00:01;00:01;00:01;0;5;10;12.2;10;0;0;187;69;2;2.44;2;0;0;0;4 minutes;02:56;0;0;0;36%;0;100%
Nero-21542;3000;0;9%;22;9;4;0.01;26,375;14,612.62;10,237;3,244;33;18.28;13;7.2;8;63;34.9;26;6;1.9;0;2;0;32;17.72;11;1;2;0;1;0;0;0;0;6;0;0;5;3;1;1;0;0;0;0;0;0;0;26;14.4;13;02:25;01:20;01:21;0;8;14;7.75;8;0;0;1,243;237;9;4.98;3;0;0;0;31 minutes;01:17;0;0;0;19%;15%;45%
nerukau-21207;0;5;5%;123;10;5;0.01;245,899;15,790.68;25,955;10,713;113;7.25;82;5.26;9;376;24.14;36;16;3.32;0;1;0;237;15.21;22;8;16;2;5;0;0;0;0;16;0;0;44;9;18;17;0;0;0;0;0;4;7;102;6.55;12;05:00;00:19;01:35;0;14;121;7.77;14;0;0;6,843;2,217;67;4.3;11;0;0;0;2 hours;26:33;0;0;0;32%;41%;34%
Netti-2312;67;0;25%;2;2;2;0.02;1,253;11,762.57;1,053;1,053;2;18.78;0;0;0;2;18.78;1;1;1;0;0;0;0;0;0;0;0;0;0;0;0;0;0;1;0;0;0;0;0;0;0;0;0;0;0;0;0;2;18.78;1;0;0;0;0;1;1;9.39;1;0;0;50;8;0;0;0;0;0;0;1 minute;0;0;0;0;16%;0;40%
Nevix-2877;4691;1;1%;2;1;1;0;16,208;18,335.54;15,678;8,819;7;7.91;3;3.39;3;13;14.7;13;5;1.85;0;0;0;7;7.91;7;1;1;0;0;0;0;0;0;5;0;0;3;0;2;0;0;0;0;0;0;0;0;6;6.78;6;00:13;00:14;00:13;0;9;6;6.78;6;0;0;467;176;3;3.39;3;0;0;0;9 minutes;01:12;0;0;4;37%;40%;0
NGvisator-1533;4089;4;4%;87;8;6;0;217,076;16,834.25;19,524;7,515;103;7.98;69;5.35;14;333;25.82;33;14;3.23;0;0;0;212;16.44;22;5;13;0;8;0;0;0;0;14;0;0;33;11;14;8;2;0.15;1;0;0;4;6;122;9.46;15;06:19;00:29;01:21;1;11;121;9.38;14;0;0;5,464;1,797;60;4.65;8;0;0;0;2 hours;18:24;0;0;1;32%;40%;59%
NicolasTJO-1187;3702;10;5%;118;13;6;0.01;243,194;17,760.33;25,782;8,277;99;7.22;89;6.49;19;396;28.91;45;15;4;0;1;0;266;19.42;26;5;14;0;8;0;0;0;0;15;0;0;45;7;23;15;0;0;0;0;0;5;8;133;9.71;16;08:45;00:38;01:10;0;9;115;8.39;12;0;0;6,347;2,034;66;4.81;8;0;0;0;2 hours;36:14;0;0;9;32%;35%;61%
Nieka-2747;0;1;2%;5;3;2;0;25,739;13,995.5;12,199;4,156;19;10.33;8;4.34;3;45;24.46;21;12;2.36;0;1;0;26;14.13;14;1;2;0;1;0;0;0;0;12;0;0;6;2;3;2;0;0;0;0;0;3;1;14;7.61;7;01:19;00:43;00:49;0;2;14;7.61;8;0;0;848;245;8;4.34;6;0;0;0;23 minutes;00:42;0;0;1;28%;25%;49%
nomad-22211;3456;0;0;0;0;0;0;1,466;23,887.62;1,466;1,466;1;16.29;0;0;0;1;16.29;1;1;1;0;0;0;1;16.29;1;0;0;0;0;0;0;0;0;1;0;0;0;0;0;0;0;0;0;0;0;0;0;0;0;0;0;0;0;0;0;1;16.29;1;0;0;50;18;1;16.29;1;0;0;0;1 minute;0;0;0;0;36%;0;0
nomy-1279;80;0;15%;18;6;5;0;14,782;11,681.38;4,795;2,585;12;9.48;4;3.16;2;38;30.02;12;8;3.16;0;0;0;25;19.75;8;0;1;0;1;0;0;0;0;8;0;0;3;1;1;1;0;0;0;0;0;0;0;11;8.69;5;00:58;00:46;00:21;0;5;21;16.59;8;0;0;0;0;6;4.74;2;0;0;0;14 minutes;01:09;0;0;0;25%;0;60%
numlocked-21330;4112;0;4%;7;4;4;0;18,336;12,665.06;5,088;2,856;14;9.67;1;0.69;1;24;16.57;8;5;1.71;0;0;0;16;11.05;5;1;1;0;1;0;0;0;0;5;0;0;3;1;0;1;0;0;0;0;0;0;0;1;0.69;1;00:21;00:14;00:13;0;1;7;4.83;3;0;0;671;164;9;6.21;4;0;0;0;17 minutes;0;0;0;0;24%;0;51%
Nyarlathotep-21986;2293;0;7%;57;9;4;0.01;93,433;13,827.53;18,624;5,426;64;9.47;34;5.03;7;164;24.27;35;15;2.56;0;0;0;121;17.9;27;3;7;1;2;0;0;0;0;15;0;0;20;9;5;6;3;0.44;2;0;0;3;2;62;9.17;17;07:55;01:10;03:08;0;12;58;8.58;13;0;0;3,116;793;48;7.1;8;0;0;0;1 hour;06:07;0;0;9;25%;44%;33%
nycto-21767;3000;2;6%;54;10;4;0.01;95,739;12,648.77;17,699;3,895;68;8.98;28;3.69;6;171;22.59;33;8;2.51;0;0;0;124;16.38;25;0;0;0;4;0;0;0;0;8;0;0;0;0;7;0;0;0;0;0;0;3;1;47;6.2;11;02:18;00:18;00:36;0;8;56;7.39;13;0;0;2,754;863;42;5.54;10;0;0;0;1.8798150029033422 seconds;10:34;0;0;0;31%;39%;56%
Odin-1745;3076;0;2%;1;1;1;0;3,523;2,319.27;2,843;1,021;4;2.63;2;1.31;2;6;3.94;5;2;1.5;0;0;0;4;2.63;3;1;2;1;0;0;0;0;0;2;0;0;2;1;0;1;0;0;0;0;0;0;0;4;2.63;3;0;0;0;0;0;0;0;0;0;0;246;36;1;0.65;1;0;0;0;5 minutes;0;0;0;0;14%;11%;0
Ogurkowsky-2931;3000;0;16%;2;2;2;0.01;1,855;8,522.58;1,855;1,855;2;9.18;1;4.59;1;2;9.18;2;2;1;0;0;0;2;9.18;2;0;0;0;0;0;0;0;0;2;0;0;1;0;0;0;0;0;0;0;0;0;0;1;4.59;1;00:28;02:11;00:28;0;0;1;4.59;1;0;0;57;12;0;0;0;0;0;0;1 minute;0;0;0;0;21%;0;100%
Olidvr-2550;2192;1;5%;7;7;5;0.01;15,282;22,571.44;15,282;8,436;4;5.9;10;14.76;10;22;32.49;22;16;5.5;0;0;0;15;22.15;15;0;1;1;0;0;0;0;0;16;0;0;2;1;1;0;0;0;0;0;0;4;2;8;11.81;8;00:04;00:07;00:04;0;7;3;4.43;3;0;0;385;117;4;5.9;4;0;0;0;11 minutes;05:40;0;0;0;30%;30%;0
olofpestik-2230;3042;0;0;0;0;0;0;425;6,677.59;425;216;2;31.38;0;0;0;1;15.69;1;1;0.5;0;0;0;1;15.69;1;0;0;0;0;0;0;0;0;1;0;0;0;0;0;0;0;0;0;0;0;0;0;1;15.69;1;00:02;00:33;00:02;0;2;0;0;0;0;0;25;5;0;0;0;0;0;0;59.221087008714676 seconds;0;0;0;0;20%;20%;0
Omegalodon-21450;0;0;8%;6;6;4;0.01;7,720;11,684.16;7,720;2,430;8;12.1;2;3.02;2;20;30.26;20;6;2.5;0;1;0;17;25.72;17;1;1;0;0;0;0;0;0;6;0;0;3;1;2;0;1;1.51;1;0;0;0;0;8;12.1;8;00:37;00:56;00:37;0;7;5;7.56;5;0;0;265;68;5;7.56;5;0;0;0;7 minutes;04:23;0;0;0;25%;0;0
Omirity-2630;3436;1;4%;5;3;2;0;12,730;19,906.02;9,717;5,860;5;7.81;4;6.25;4;15;23.45;13;6;3;0;0;0;10;15.63;8;0;0;0;1;0;0;0;0;6;0;0;0;0;0;0;0;0;0;0;0;0;0;8;12.5;8;01:31;02:22;01:12;0;6;4;6.25;4;0;0;343;108;1;1.56;1;0;0;0;9.861014986410737 seconds;0;0;0;1;31%;0;94%
Omishnu-1481;0;1;10%;19;14;8;0.02;23,921;22,644.28;13,598;7,433;2;1.89;6;5.67;4;32;30.29;19;11;16;0;0;0;24;22.71;17;1;1;0;1;0;0;0;0;11;0;0;4;0;1;3;0;0;0;0;0;3;1;15;14.19;10;01:14;01:10;01:14;13;14;6;5.67;5;0;0;598;176;5;4.73;3;0;0;0;13 minutes;02:33;0;0;1;29%;25%;100%
ONIGOD-21483;4168;0;12%;7;7;2;0.01;5,020;4,689.11;4,280;1,753;7;6.53;1;0.93;1;20;18.68;20;7;2.85;0;1;0;14;13.07;14;0;1;0;1;0;0;0;0;7;0;0;0;0;0;0;0;0;0;0;0;0;0;3;2.8;3;00:15;00:14;00:15;0;6;4;3.73;4;0;0;300;58;6;5.6;6;0;0;0;8 minutes;00:25;0;0;0;19%;0;88%
OOM-21114;2547;0;14%;1;1;1;0;957;6,497.06;557;557;3;20.36;0;0;0;3;20.36;3;3;1;0;0;0;1;6.78;1;0;0;0;0;0;0;0;0;3;0;0;0;0;0;0;0;0;0;0;0;0;0;1;6.78;1;0;0;0;0;0;2;13.57;2;0;0;36;7;0;0;0;0;0;0;1 minute;0;0;0;0;19%;0;0
oPuTo-1727;81;0;3%;2;1;1;0;5,274;12,526.18;3,771;1,876;6;14.25;1;2.37;1;13;30.87;10;5;2.16;0;0;0;9;21.37;6;0;0;0;0;0;0;0;0;5;0;0;1;0;1;0;0;0;0;0;0;0;0;1;2.37;1;00:14;00:34;00:14;0;1;4;9.5;3;0;0;0;0;2;4.75;2;0;0;0;4 minutes;00:45;0;0;0;31%;0;51%
Osu-2402;2894;0;0;0;0;0;0;3,227;5,502.7;3,227;1,819;2;3.41;0;0;0;3;5.11;3;2;1.5;0;0;0;2;3.41;2;1;1;0;0;0;0;0;0;2;0;0;2;1;0;1;0;0;0;0;0;0;0;2;3.41;2;00:06;00:10;00:06;0;2;1;1.7;1;0;0;135;25;1;1.7;1;0;0;0;3 minutes;0;0;0;0;18%;0;0
OverJ-21435;3041;0;4%;1;1;1;0;2,430;14,090.36;2,430;1,578;2;11.59;0;0;0;2;11.59;2;1;1;0;0;0;1;5.79;1;0;0;0;0;0;0;0;0;1;0;0;0;0;0;0;0;0;0;0;0;0;0;0;0;0;00:00;00:03;00:00;0;1;1;5.79;1;0;0;106;25;0;0;0;0;0;0;2 minutes;0;0;0;0;23%;0;100%
p0isons-1162;3534;0;5%;6;4;3;0.01;13,589;23,405.83;9,014;3,101;6;10.33;5;8.61;4;19;32.72;17;7;3.16;0;0;0;10;17.22;9;0;1;0;0;0;0;0;0;7;0;0;2;0;2;0;0;0;0;0;0;3;1;11;18.94;10;00:56;01:37;00:28;0;7;5;8.61;5;0;0;300;120;4;6.88;4;1;0;0;7 minutes;01:00;0;0;0;40%;0;42%
p3qne-2187;3398;0;8%;7;4;4;0.02;8,311;14,051.42;5,081;4,753;3;5.07;3;5.07;2;14;23.66;8;6;4.66;0;0;0;13;21.97;7;1;1;0;0;0;0;0;0;6;0;0;2;1;1;0;0;0;0;0;0;0;0;5;8.45;3;00:07;00:13;00:07;0;1;4;6.76;2;0;0;243;81;5;8.45;3;0;0;0;5 minutes;04:20;0;0;0;33%;38%;0
Packerton-1419;2233;0;0;0;0;0;0;1,392;5,326.14;1,392;669;2;7.65;0;0;0;5;19.13;5;3;2.5;0;0;0;3;11.48;3;0;0;0;0;0;0;0;0;3;0;0;1;1;0;1;0;0;0;0;0;0;0;3;11.48;3;00:04;00:16;00:04;0;2;2;7.65;2;0;0;59;12;0;0;0;0;0;0;2 minutes;0;0;0;0;20%;0;100%
Pamyu-1936;75;0;0;0;0;0;0;0;0;0;0;1;6.08;0;0;0;0;0;0;0;0;0;0;0;0;0;0;0;0;0;0;0;0;0;0;0;0;0;0;0;0;0;0;0;0;0;0;0;0;0;0;0;00:09;00:57;00:09;0;1;0;0;0;0;0;0;0;0;0;0;0;0;0;--;0;0;0;0;0;0;100%
Papi-21363;0;0;0;0;0;0;0;1,680;5,813.4;774;774;3;10.38;0;0;0;5;17.3;2;2;1.66;0;0;0;4;13.84;2;0;0;0;0;0;0;0;0;2;0;0;1;0;0;0;2;6.92;1;0;0;0;0;0;0;0;0;0;0;0;1;1;3.46;1;0;0;125;14;4;13.84;2;0;0;0;3 minutes;0;0;0;0;11%;12%;0
PassTheSalt-11477;2720;0;6%;5;4;2;0.01;9,354;14,518.41;7,225;2,107;11;17.07;1;1.55;1;7;10.86;4;3;0.63;0;0;0;4;6.2;2;0;0;0;0;0;0;0;0;3;0;0;0;0;0;0;0;0;0;0;0;0;0;2;3.1;2;00:50;01:18;00:50;0;3;3;4.65;2;0;0;198;74;3;4.65;2;0;0;0;3.8800089973956347 seconds;0;0;0;0;37%;44%;28%
Peritz-2880;3064;0;2%;1;1;1;0;4,472;32,971.1;4,472;3,978;3;22.11;1;7.37;1;5;36.86;5;5;1.66;0;0;0;3;22.11;3;0;0;0;0;0;0;0;0;5;0;0;0;0;0;0;0;0;0;0;0;0;0;1;7.37;1;00:08;00:59;00:08;0;2;1;7.37;1;0;0;126;37;2;14.74;2;0;0;0;2 minutes;00:53;0;0;0;29%;0;100%
Pete-22501;3975;1;6%;23;6;4;0.01;44,665;17,473.75;10,595;8,924;23;8.99;25;9.78;8;89;34.81;25;20;3.86;0;0;0;54;21.12;15;1;3;0;1;0;0;0;0;20;0;0;8;3;3;2;1;0.39;1;0;0;4;4;31;12.12;10;03:27;01:21;00:50;0;4;22;8.6;6;0;0;1,197;353;12;4.69;4;0;0;0;33 minutes;07:46;0;0;0;29%;33%;50%
pierino-1398;2595;0;3%;11;5;4;0;28,802;10,927.05;9,221;3,985;14;5.31;11;4.17;5;56;21.24;17;11;4;0;0;0;37;14.03;11;1;3;0;2;0;0;0;0;11;0;0;7;3;1;3;2;0.75;1;0;0;0;0;16;6.07;7;01:02;00:23;00:23;0;7;18;6.82;5;0;0;849;279;14;5.31;5;0;0;0;22 minutes;05:27;0;0;0;32%;38%;73%
Pingwinator-2540;2997;1;10%;6;6;6;0.02;6,787;8,446.35;6,787;6,787;0;0;1;1.24;1;18;22.4;18;18;0;0;0;0;11;13.68;11;0;1;0;1;0;0;0;0;18;0;0;3;1;2;0;0;0;0;0;0;0;0;7;8.71;7;00:10;00:13;00:10;0;1;5;6.22;5;0;0;186;60;2;2.48;2;0;0;0;4 minutes;02:25;0;0;0;32%;0;100%
Pogoraitokun-1371;2946;1;2%;11;3;3;0;59,199;12,562.81;13,531;7,891;21;4.45;9;1.9;4;71;15.06;24;17;3.38;0;0;0;45;9.54;13;3;5;0;2;0;0;0;0;17;0;0;12;4;2;6;0;0;0;0;0;3;1;16;3.39;6;01:10;00:14;00:29;0;9;25;5.3;8;0;0;1,840;541;12;2.54;3;0;0;0;44 minutes;00:28;0;0;0;29%;30%;34%
Poke-1171;72;0;8%;10;2;2;0;13,703;11,314.33;3,900;2,553;12;9.9;2;1.65;1;33;27.24;8;7;2.75;0;0;0;22;18.16;6;0;1;0;1;0;0;0;0;7;0;0;2;1;0;1;1;0.82;1;0;0;0;0;11;9.08;3;00:36;00:29;00:13;0;2;7;5.77;3;0;0;0;0;4;3.3;2;0;0;0;10 hours;01:09;0;0;0;26%;0;92%
PonThor-2389;2784;0;1%;1;1;1;0;6,065;17,110.58;5,487;1,496;7;19.74;0;0;0;3;8.46;3;1;0.42;0;0;0;1;2.82;1;0;0;0;0;0;0;0;0;1;0;0;1;1;0;0;0;0;0;0;0;0;0;0;0;0;00:04;00:13;00:04;0;0;3;8.46;3;0;0;152;52;0;0;0;0;0;0;5 minutes;0;0;0;0;34%;0;0
PoppyDogma-1243;2369;0;3%;2;2;1;0;6,245;5,783.08;3,113;1,314;15;13.89;1;0.92;1;7;6.48;4;1;0.46;0;0;0;6;5.55;3;1;1;0;0;0;0;0;0;1;0;0;3;2;1;0;0;0;0;0;0;0;0;0;0;0;0;0;0;0;4;4;3.7;2;0;0;276;56;3;2.77;2;0;0;0;9 minutes;0;0;0;0;20%;23%;0
Potatokiller-21618;0;0;28%;2;2;2;0.06;1,182;9,743.57;1,182;1,182;0;0;0;0;0;2;16.48;2;2;0;0;0;0;2;16.48;2;0;0;0;0;0;0;0;0;2;0;0;0;0;0;0;0;0;0;0;0;0;0;0;0;0;00:08;01:07;00:08;0;1;0;0;0;0;0;13;7;1;8.24;1;0;0;0;33.128505007363856 seconds;00:02;0;0;1;53%;53%;100%
PotatoPlant-1850;2791;6;5%;77;18;7;0.01;147,669;16,407.66;28,507;5,700;70;7.77;39;4.33;12;251;27.88;53;13;3.58;0;1;0;172;19.11;35;3;9;1;5;0;0;0;0;13;0;0;28;4;18;6;0;0;0;0;0;3;3;83;9.22;21;06:48;00:45;01:58;0;13;83;9.22;15;0;0;3,679;1,317;58;6.44;14;0;0;0;1 hour;20:32;0;0;19;35%;41%;55%
powah-1602;3803;2;7%;29;8;7;0.01;45,478;19,469.89;14,979;5,939;28;11.98;16;6.84;8;84;35.96;25;15;3;0;0;0;52;22.26;16;0;2;1;1;0;0;0;0;15;0;0;8;2;3;2;0;0;0;0;0;4;3;34;14.55;13;02:15;00:58;01:08;0;8;23;9.84;7;0;0;1,325;378;14;5.99;6;0;0;0;31 minutes;13:41;0;0;2;28%;40%;56%
Prophet-22730;2537;0;8%;20;8;3;0.01;29,469;10,934.76;10,895;2,720;35;12.98;11;4.08;5;59;21.89;28;7;1.68;0;1;0;36;13.35;16;1;3;0;1;0;0;0;0;7;0;0;7;4;2;2;0;0;0;0;0;3;1;26;9.64;14;02:41;00:59;01:20;0;6;11;4.08;4;0;0;797;228;9;3.33;6;0;0;0;32 minutes;00:37;0;0;0;28%;45%;48%
Provocate-1692;69;0;6%;5;2;1;0;8,096;12,873.12;2,502;2,502;9;14.3;0;0;0;9;14.3;3;3;1;0;0;0;6;9.53;2;0;1;0;1;0;0;0;0;3;0;0;1;1;0;0;0;0;0;0;0;0;0;2;3.17;1;00:04;00:07;00:03;0;2;2;3.17;1;0;0;0;0;1;1.58;1;0;0;0;8 minutes;0;0;0;0;32%;0;95%
PsychoHazard-1722;2923;0;8%;6;5;3;0.01;7,735;11,365.05;6,440;2,646;5;7.34;3;4.4;3;16;23.5;15;7;3.2;0;0;0;15;22.03;14;0;1;0;0;0;0;0;0;7;0;0;2;0;1;1;1;1.46;1;0;0;0;0;6;8.81;6;01:06;01:37;01:04;0;3;4;5.87;4;0;0;280;72;5;7.34;5;0;0;0;7 minutes;03:19;0;0;0;25%;0;66%
Psychologist-21746;2472;5;6%;50;9;9;0.01;81,382;13,547.84;16,058;8,756;32;5.32;27;4.49;7;188;31.29;49;24;5.87;0;0;0;133;22.14;32;1;6;0;5;0;0;0;0;24;0;0;18;2;12;3;1;0.16;1;0;0;3;1;44;7.32;15;01:04;00:10;00:15;0;5;57;9.48;16;0;0;2,132;760;53;8.82;13;0;0;0;58 minutes;27:57;0;0;1;35%;45%;90%
PsychoWaffle-1489;3885;0;4%;18;5;4;0;41,100;11,435.21;9,583;6,819;36;10.01;7;1.94;2;56;15.58;14;10;1.55;0;1;0;31;8.62;8;2;4;0;1;0;0;0;0;10;0;0;10;4;4;2;1;0.27;1;0;0;0;0;16;4.45;5;01:44;00:29;00:33;0;5;18;5;5;0;0;1,345;405;12;3.33;4;0;0;0;36 minutes;01:03;0;0;0;30%;53%;31%
pulli-21140;0;0;6%;3;3;1;0;5,424;9,693.94;5,424;1,180;7;12.51;4;7.14;4;11;19.66;11;7;1.57;0;0;0;6;10.72;6;1;1;0;0;0;0;0;0;7;0;0;2;0;1;1;0;0;0;0;0;4;1;4;7.14;4;00:01;00:03;00:01;2;1;4;7.14;4;0;0;149;47;5;8.93;5;0;0;0;5 minutes;01:29;0;0;0;31%;0;0
PunkyFunky-21340;3115;0;3%;2;2;2;0;7,719;16,767.37;5,385;4,309;6;13.03;1;2.17;1;10;21.72;8;7;1.66;0;1;0;5;10.86;3;0;0;0;0;0;0;0;0;7;0;0;2;1;0;0;0;0;0;0;0;0;0;1;2.17;1;0;0;0;0;1;4;8.68;4;0;0;225;66;2;4.34;1;0;0;0;6 minutes;00:20;0;0;0;29%;0;0
Pyrian-2832;3532;0;3%;1;1;1;0;2,989;15,674.98;2,989;2,901;1;5.24;1;5.24;1;6;31.46;6;5;6;0;0;0;2;10.48;2;0;0;0;0;0;0;0;0;5;0;0;1;0;0;0;0;0;0;0;0;0;0;0;0;0;00:00;00:04;00:00;0;1;4;20.97;4;0;0;174;31;0;0;0;0;0;0;3 minutes;0;0;0;0;17%;0;0
PzYcH0-2203;2343;1;3%;26;4;3;0;67,435;11,757.02;11,065;4,849;49;8.54;20;3.48;8;86;14.99;17;9;1.75;0;1;0;62;10.8;13;4;6;0;2;0;0;0;0;9;0;0;16;7;8;2;0;0;0;0;0;3;2;28;4.88;11;01:59;00:20;01:04;0;3;37;6.45;7;0;0;2,312;718;17;2.96;4;0;0;0;56 minutes;02:59;0;0;21;31%;43%;31%
qqlz-2532;4278;4;5%;67;8;5;0;150,241;17,156.03;11,563;4,724;80;9.13;67;7.65;10;259;29.57;23;12;3.23;0;0;0;178;20.32;19;4;9;0;4;0;0;0;0;12;0;0;26;11;10;6;2;0.22;1;0;0;5;10;79;9.02;10;11:21;01:17;01:19;0;6;64;7.3;7;0;0;3,144;1,227;49;5.59;10;0;0;0;1 hour;12:33;0;0;4;39%;53%;48%
Radwind-2303;0;17;9%;534;22;8;0.01;672,405;16,072.02;20,952;7,373;474;11.32;181;4.32;11;1,262;30.16;58;19;2.66;0;6;0;888;21.22;40;19;42;3;20;0;0;0;0;19;0;0;109;29;56;24;4;0.09;1;0;0;4;8;430;10.27;26;32:57;00:47;01:34;0;24;287;6.85;13;0;0;17,922;5,585;231;5.52;10;1;0;0;8 hours;02:06:33;0;0;17;31%;42%;47%
RamuChan-1801;3737;0;6%;2;2;2;0;3,442;14,336.92;3,442;3,442;1;4.16;1;4.16;1;8;33.32;8;8;8;0;0;0;4;16.66;4;0;0;0;0;0;0;0;0;8;0;0;0;0;0;0;0;0;0;0;0;0;0;1;4.16;1;00:01;00:07;00:01;0;0;1;4.16;1;0;0;161;30;0;0;0;0;0;0;3 minutes;0;0;0;0;18%;19%;80%
Ravenfortz-2497;2845;0;0;0;0;0;0;3,613;8,903.61;3,613;2,241;3;7.39;0;0;0;5;12.32;5;5;1.66;0;0;0;4;9.85;4;0;0;0;0;0;0;0;0;5;0;0;0;0;0;0;0;0;0;0;0;0;0;0;0;0;00:00;00:00;00:00;0;2;5;12.32;5;0;0;174;36;2;4.92;2;0;0;0;4 minutes;0;0;0;0;20%;20%;0
Ravishi-2646;3359;0;7%;19;16;6;0.01;25,675;14,861.42;13,876;4,340;17;9.83;6;3.47;4;50;28.94;34;10;2.94;0;0;0;38;21.99;26;1;2;0;1;0;0;0;0;10;0;0;6;2;2;2;0;0;0;0;0;0;0;20;11.57;13;02:57;01:42;01:30;0;12;15;8.68;10;0;0;887;254;17;9.83;13;0;0;0;25 minutes;08:06;0;0;0;28%;37%;38%
RealGantz-2238;2210;2;5%;42;12;5;0.01;88,305;16,154.48;19,424;5,562;53;9.69;22;4.02;6;102;18.65;23;8;1.92;0;0;0;73;13.35;17;5;5;0;0;0;0;0;0;8;0;0;16;4;6;6;0;0;0;0;0;3;1;42;7.68;11;03:33;00:39;01:17;1;8;37;6.76;8;0;0;2,619;833;18;3.29;6;0;0;0;1 hour;10:56;0;0;0;31%;45%;8%
Realzx-21536;4436;0;4%;9;6;6;0.01;20,833;17,072.39;6,528;5,710;9;7.37;2;1.63;1;18;14.75;7;6;2;0;0;0;13;10.65;3;1;1;0;0;0;0;0;0;6;0;0;4;1;1;2;0;0;0;0;0;0;0;3;2.45;2;00:33;00:27;00:15;0;3;3;2.45;1;0;0;538;187;3;2.45;1;0;0;0;13 minutes;00:13;0;0;0;34%;0;18%
Reilly-11549;77;3;10%;71;19;5;0;78,072;19,006.33;16,291;5,854;42;10.22;22;5.35;6;163;39.68;48;13;3.88;0;0;0;113;27.5;38;0;4;0;3;0;0;0;0;13;0;0;12;2;7;3;4;0.97;3;0;0;5;2;58;14.11;19;02:32;00:37;01:30;0;8;37;9;9;0;0;0;0;30;7.3;9;0;0;0;56 minutes;21:58;0;0;0;28%;0;80%
Rektangle-21423;2962;5;8%;97;22;5;0.01;140;3,912.63;140;140;1;27.94;29;3.86;7;240;31.94;44;23;4;0;1;0;161;21.43;37;3;0;0;0;0;0;0;0;23;0;0;0;0;0;5;2;0.26;1;0;0;0;0;81;10.78;23;05:24;00:43;01:13;0;8;77;10.24;14;0;0;6;2;41;5.45;9;0;0;0;35.48107301723212 seconds;22:59;0;0;1;33%;36%;100%
Rennyn-1683;60;0;0;0;0;0;0;733;4,477.79;733;733;1;6.1;0;0;0;0;0;0;0;0;0;0;0;0;0;0;0;0;0;0;0;0;0;0;0;0;0;0;0;0;0;0;0;0;0;0;0;0;0;0;0;0;0;0;0;1;0;0;0;0;0;0;0;0;0;0;0;0;0;1 minute;0;0;0;0;7%;0;0
rezorP-2254;3532;2;4%;34;5;4;0;77,012;16,234.3;10,772;6,038;41;8.64;32;6.74;7;159;33.51;22;13;3.87;0;0;0;111;23.39;16;1;5;0;3;0;0;0;0;13;0;0;11;3;6;2;0;0;0;0;0;4;2;59;12.43;13;04:13;00:53;01:11;0;6;61;12.85;9;0;0;2,321;723;41;8.64;7;0;0;0;1 hour;13:37;0;0;0;31%;62%;63%
Richard-21558;2988;0;3%;2;2;2;0;5,622;10,725.2;4,282;2,896;7;13.35;1;1.9;1;7;13.35;7;6;1;0;0;0;6;11.44;6;1;1;0;0;0;0;0;0;6;0;0;1;1;0;1;0;0;0;0;0;0;0;0;0;0;00:34;01:06;00:34;0;2;2;3.81;2;0;0;222;55;3;5.72;3;0;0;0;6 minutes;0;0;0;1;24%;29%;0
Ridget-11622;65;0;6%;5;3;3;0;10,020;15,866.24;7,057;3,457;7;11.08;4;6.33;3;18;28.5;11;7;2.57;0;0;0;9;14.25;6;0;1;0;1;0;0;0;0;0;0;0;2;1;1;0;0;0;0;0;0;0;0;11;17.41;7;01:37;02:33;01:36;0;7;2;3.16;1;0;0;0;0;4;6.33;4;0;0;0;7 minutes;01:28;0;0;0;27%;0;100%
Rikimaru-2783;3000;2;5%;34;7;6;0.01;63,273;17,980.83;14,857;12,005;19;5.39;18;5.11;6;106;30.12;26;15;5.57;0;0;0;83;23.58;20;2;4;0;1;0;0;0;0;15;0;0;10;1;5;4;2;0.56;2;0;0;4;1;37;10.51;11;01:33;00:26;00:40;0;9;42;11.93;11;0;0;1,736;572;22;6.25;5;1;0;0;44 minutes;07:08;0;0;0;32%;38%;38%
Rizors-2495;0;4;5%;118;8;6;0;244,525;13,455.08;16,577;8,705;168;9.24;70;3.85;7;390;21.45;25;19;2.32;0;3;0;254;13.97;16;10;18;2;7;0;0;0;0;19;0;0;39;10;15;14;1;0.05;1;0;0;3;4;123;6.76;10;04:29;00:14;00:31;0;10;130;7.15;10;0;0;6,913;2,094;86;4.73;6;0;0;0;3 hours;29:48;0;0;5;30%;47%;37%
Ryuugamine-2108;0;0;4%;3;2;2;0;7,381;11,575.78;3,960;2,089;7;10.97;0;0;0;4;6.27;3;2;0.57;0;0;0;3;4.7;3;0;1;0;0;0;0;0;0;2;0;0;1;0;1;1;0;0;0;0;0;0;0;3;4.7;3;00:01;00:02;00:00;2;2;2;3.13;1;0;0;159;65;2;3.13;2;0;0;0;5 minutes;0;0;0;0;40%;53%;31%
Sajmont-2167;75;5;7%;94;14;7;0;147,483;13,057.94;20,134;10,654;92;8.14;49;4.33;9;314;27.8;36;18;3.41;0;0;0;203;17.97;21;0;11;0;8;0;0;0;0;18;0;0;30;7;16;8;2;0.17;1;0;0;3;2;95;8.41;16;04:33;00:24;00:55;1;13;95;8.41;13;0;0;0;0;64;5.66;9;0;0;0;2 hours;34:52;0;0;0;27%;0;69%
Sapphire-1242;3516;3;4%;66;8;4;0.01;162,770;16,675.85;12,113;9,285;69;7.06;36;3.68;6;232;23.76;32;13;3.36;0;0;0;159;16.28;22;3;10;0;6;0;0;0;0;13;0;0;26;5;12;9;2;0.2;1;0;0;4;1;71;7.27;9;02:27;00:15;00:56;0;8;75;7.68;15;0;0;4,811;1,474;46;4.71;8;0;0;0;1 hour;16:15;0;0;2;30%;39%;63%
Seagull-1894;81;18;6%;296;16;8;0;525,030;15,195.1;31,697;10,455;197;5.7;169;4.89;8;1,108;32.06;46;21;5.62;0;1;0;744;21.53;37;0;35;0;29;0;0;0;0;21;0;0;103;18;53;33;31;0.89;4;0;0;5;10;342;9.89;18;40:18;01:09;02:10;0;17;381;11.02;16;0;0;0;0;172;4.97;10;0;0;0;6 hours;02:42:52;0;0;0;31%;0;85%
sebicjusz-2576;3625;0;1%;2;2;1;0;15,602;11,553.32;8,471;5,114;9;6.66;1;0.74;1;9;6.66;6;3;1;0;0;0;5;3.7;3;1;1;0;0;0;0;0;0;3;0;0;2;1;0;1;0;0;0;0;0;0;0;3;2.22;3;00:45;00:33;00:40;0;7;2;1.48;2;0;0;471;123;1;0.74;1;0;0;0;14 minutes;0;0;0;0;26%;41%;0
Selfmoord-2483;3218;0;1%;1;1;1;0;4,944;17,305.72;2,949;2,244;3;10.5;0;0;0;3;10.5;2;2;1;0;0;0;3;10.5;2;0;0;0;0;0;0;0;0;2;0;0;1;0;0;0;0;0;0;0;0;0;0;2;7;2;0;0;0;0;2;1;3.5;1;0;0;164;54;2;7;1;0;0;0;4 minutes;0;0;0;0;32%;36%;39%
SeonsU-1818;67;3;7%;112;15;5;0;164,854;13,670.88;14,045;6,404;113;9.37;61;5.05;11;358;29.68;30;13;3.16;0;0;0;246;20.4;19;0;12;0;8;0;0;0;0;13;0;0;37;14;12;11;0;0;0;0;0;3;3;133;11.02;12;07:01;00:34;01:22;0;9;135;11.19;11;0;0;0;0;76;6.3;10;0;0;0;2 hours;33:20;0;0;0;25%;0;62%
SexyPandax3-2658;2824;0;13%;12;7;5;0.01;10,803;10,808.17;6,408;6,408;8;8;1;1;1;24;24.01;14;14;3;0;0;0;13;13;7;0;1;0;1;0;0;0;0;14;0;0;3;1;1;1;0;0;0;0;0;0;0;14;14;8;00:11;00:11;00:08;0;4;5;5;3;0;0;365;89;1;1;1;0;0;0;10 minutes;00:41;0;0;0;24%;28%;100%
ShaDowBurn-2301;4346;0;10%;1;1;1;0;1,344;7,180.86;1,344;889;4;21.36;0;0;0;2;10.68;2;2;0.5;0;0;0;2;10.68;2;0;0;0;0;0;0;0;0;2;0;0;0;0;0;0;0;0;0;0;0;0;0;0;0;0;00:05;00:26;00:05;0;1;1;5.34;1;0;0;59;10;2;10.68;2;0;0;0;2 minutes;01:14;0;0;0;16%;0;100%
sharkskull-11189;53;0;9%;6;3;1;0;8,207;8,501.59;3,502;1,838;10;10.35;0;0;0;15;15.53;10;6;1.5;0;1;0;11;11.39;7;0;1;0;0;0;0;0;0;0;0;0;3;0;1;1;1;0;1;0;0;0;0;10;10.35;7;00:24;00:25;00:19;0;2;4;4.14;2;0;0;0;0;3;3.1;1;0;0;0;13 minutes;0;0;0;0;15%;0;0
Sharkyos-1524;2433;0;0;0;0;0;0;2,965;7,833.95;2,741;1,759;4;10.56;0;0;0;4;10.56;4;3;1;0;0;0;3;7.92;3;0;0;0;0;0;0;0;0;3;0;0;1;1;0;0;0;0;0;0;0;0;0;0;0;0;0;0;0;0;0;2;5.28;2;0;0;170;30;2;5.28;2;0;0;0;4 minutes;0;0;0;0;17%;0;12%
sharlajjn-2375;2903;0;4%;24;5;4;0;57,938;16,061.83;12,204;6,564;33;9.14;15;4.15;3;85;23.56;16;7;2.57;0;0;0;47;13.02;8;2;4;0;1;0;0;0;0;7;0;0;8;3;2;3;1;0.27;1;0;0;3;1;34;9.42;8;04:19;01:12;00:59;0;9;26;7.2;5;0;0;1,929;579;8;2.21;2;0;0;0;51 minutes;07:53;0;0;7;30%;53%;36%
Sicras-1669;46;0;22%;4;4;4;0;2,692;13,488.12;2,692;2,692;1;5;1;5;1;4;20.03;4;4;4;0;0;0;4;20.03;4;0;0;0;0;0;0;0;0;4;0;0;0;0;0;0;0;0;0;0;0;0;0;1;5;1;0;0;0;0;2;0;0;0;0;0;0;0;2;10.01;2;0;0;0;2 minutes;0;0;0;0;21%;0;0
Simonpt-21290;2769;2;8%;88;15;5;0.01;114,380;17,273.12;17,284;6,444;76;11.47;42;6.34;8;204;30.8;27;14;2.68;0;0;0;138;20.84;18;3;7;1;3;0;0;0;0;14;0;0;21;5;8;9;2;0.3;1;0;0;4;2;79;11.93;12;02:43;00:24;00:38;0;8;44;6.64;8;0;0;3,310;1,001;51;7.7;7;0;0;0;1 hour;22:40;0;0;9;30%;38%;38%
Skittles-22193;2996;1;9%;21;20;5;0.01;26,378;18,334.82;24,559;4,988;13;9.03;9;6.25;9;52;36.14;49;9;4;0;0;0;39;27.1;37;0;1;0;1;0;0;0;0;9;0;0;4;1;2;1;0;0;0;0;0;0;0;18;12.51;17;01:28;01:01;01:25;0;11;13;9.03;12;0;0;793;215;10;6.95;10;0;0;0;20 minutes;02:54;0;0;0;27%;30%;87%
SKRT-11232;1999;3;8%;39;6;5;0.01;50,213;8,593.34;10,931;4,242;40;6.84;15;2.56;3;108;18.48;30;16;2.7;0;1;0;69;11.8;19;2;6;0;3;0;0;0;0;16;0;0;16;4;7;5;1;0.17;1;0;0;3;1;34;5.81;7;03:37;00:37;01:15;0;7;36;6.16;9;0;0;1,759;461;31;5.3;8;0;0;0;57 minutes;09:18;0;0;8;26%;27%;54%
skuall-21731;3385;4;7%;118;14;6;0.01;170,365;15,008.15;19,782;5,674;140;12.33;52;4.58;8;279;24.57;32;12;1.99;0;4;0;180;15.85;21;7;11;0;4;0;0;0;0;12;0;0;28;7;14;7;5;0.44;1;0;0;3;3;83;7.31;14;05:23;00:28;01:15;0;9;92;8.1;11;0;0;5,138;1,497;41;3.61;7;0;0;0;2 hours;20:39;0;0;8;29%;35%;34%
Slash-2756;0;0;3%;2;1;1;0;6,288;9,375.71;2,387;1,164;9;13.41;1;1.49;1;7;10.43;4;3;0.77;0;0;0;3;4.47;3;1;1;0;0;0;0;0;0;3;0;0;2;0;1;0;0;0;0;0;0;0;0;2;2.98;1;00:29;00:44;00:23;0;2;1;1.49;1;0;0;235;61;1;1.49;1;0;0;0;7 minutes;0;0;0;0;25%;26%;0
SmithTV-2779;4443;0;3%;1;1;1;0;3,292;9,744.74;3,292;3,102;2;5.92;1;2.96;1;2;5.92;2;1;1;0;0;0;1;2.96;1;0;0;0;0;0;0;0;0;1;0;0;1;0;1;0;0;0;0;0;0;0;0;1;2.96;1;0;0;0;0;0;1;2.96;1;0;0;72;29;0;0;0;0;0;0;2 minutes;0;0;0;0;40%;0;0
smochips-2631;3562;0;16%;3;3;2;0.01;2,306;12,794.1;2,306;1,446;3;16.64;0;0;0;3;16.64;3;3;1;0;0;0;3;16.64;3;0;0;0;0;0;0;0;0;3;0;0;1;0;0;1;0;0;0;0;0;0;0;0;0;0;00:05;00:31;00:05;0;2;1;5.54;1;0;0;105;18;0;0;0;0;0;0;2 minutes;00:20;0;0;0;17%;0;100%
Smoox-2517;2544;0;4%;26;5;2;0;54,574;12,183.06;11,421;7,974;40;8.92;17;3.79;5;82;18.3;14;7;2.04;0;1;0;46;10.26;10;3;4;0;2;0;0;0;0;7;0;0;9;1;6;2;0;0;0;0;0;3;1;44;9.82;9;04:07;00:55;01:43;1;9;19;4.24;5;0;0;2,107;582;10;2.23;3;0;0;0;48 minutes;06:52;0;0;5;27%;39%;36%
Sn4rFx-1311;76;3;5%;101;9;5;0;185,289;10,967.24;17,326;5,580;118;6.98;67;3.96;11;442;26.16;39;18;3.74;0;0;0;258;15.27;26;0;17;0;15;4,711;278.83;2,764;120;18;0;0;40;15;12;13;4;0.23;1;0;0;4;7;105;6.21;12;08:25;00:29;01:02;0;11;147;8.7;15;0;0;0;0;48;2.84;6;0;0;0;2 hours;41:07;0;0;0;27%;0;90%
Snoozy-2512;4293;0;0;0;0;0;0;3,924;15,360.53;3,924;2,560;2;7.82;1;3.91;1;2;7.82;2;2;1;0;0;0;2;7.82;2;0;0;0;0;0;0;0;0;2;0;0;1;1;1;0;0;0;0;0;0;0;0;0;0;0;0;0;0;0;0;1;3.91;1;0;0;88;29;2;7.82;2;0;0;0;2 minutes;0;0;0;0;32%;0;0
Sommy-21718;4011;0;17%;8;3;3;0.02;5,929;14,476.64;2,222;2,222;3;7.32;4;9.76;3;20;48.83;10;10;6.66;0;0;0;12;29.29;5;0;0;0;0;0;0;0;0;10;0;0;1;0;0;0;0;0;0;0;0;0;0;10;24.41;8;00:24;00:58;00:24;0;3;4;9.76;2;0;0;204;45;4;9.76;3;0;0;0;5 minutes;00:20;0;0;0;22%;0;73%
spaced-21485;3175;1;7%;30;8;8;0.01;46,655;13,745.02;12,681;7,386;38;11.19;14;4.12;4;77;22.68;16;8;2.02;0;0;0;46;13.55;11;3;3;0;0;0;0;0;0;8;0;0;8;2;4;3;1;0.29;1;0;0;0;0;33;9.72;9;00:42;00:12;00:12;0;6;19;5.59;4;0;0;1,680;391;12;3.53;4;0;0;0;43 minutes;05:43;0;0;0;23%;50%;12%
SpamKappa123-1926;80;22;8%;560;21;8;0;707,669;12,269.47;23,216;7,199;482;8.35;192;3.32;12;1,588;27.53;53;19;3.29;0;6;0;1,061;18.39;35;0;58;0;27;0;0;0;0;19;0;0;152;43;59;50;33;0.57;3;0;0;4;8;558;9.67;23;46:57;00:48;02:35;0;13;417;7.22;14;0;0;0;0;363;6.29;14;2;0;0;12 hours;02:17:28;0;0;0;30%;0;46%
spdR-21515;3592;0;0;0;0;0;0;58;990.42;58;49;1;17.07;0;0;0;4;19.32;4;2;2;0;0;0;3;14.49;3;0;0;0;0;0;0;0;0;2;0;0;0;0;0;0;0;0;0;0;0;0;0;0;0;0;0;0;0;0;1;3;14.49;3;0;0;4;17;2;9.66;2;0;0;0;33.59846799261868 seconds;0;0;0;0;29%;29%;0%
Spikecaster-1670;3134;1;7%;10;9;5;0.01;15,395;22,901.03;11,534;6,097;2;2.97;5;7.43;5;36;53.55;35;19;18;0;0;0;16;23.8;15;0;1;0;1;0;0;0;0;19;0;0;2;0;1;1;0;0;0;0;0;4;1;15;22.31;15;01:19;01:57;01:19;9;6;10;14.87;10;0;0;432;138;2;2.97;2;0;0;0;9 minutes;02:29;0;0;0;31%;29%;80%
Splinter-21452;2693;0;8%;8;7;3;0.01;10,842;19,202.87;8,438;3,206;7;12.39;1;1.77;1;15;26.56;10;6;2.14;0;0;0;11;19.48;8;0;1;0;0;0;0;0;0;6;0;0;2;0;1;0;0;0;0;0;0;0;0;4;7.08;3;00:18;00:32;00:08;0;3;3;5.31;2;0;0;371;92;2;3.54;2;0;0;0;8 minutes;0;0;0;0;24%;0;85%
spooner-1925;4120;0;0;0;0;0;0;1,269;11,501.45;1,269;1,269;1;9.06;0;0;0;2;18.12;2;2;2;0;0;0;1;9.06;1;0;0;0;0;0;0;0;0;2;0;0;0;0;0;0;0;0;0;0;0;0;0;1;9.06;1;00:03;00:34;00:03;0;2;1;9.06;1;0;0;56;17;0;0;0;0;0;0;1 minute;0;0;0;0;30%;0;0
Spyder712-1784;2572;0;12%;3;2;2;0.01;2,670;7,590.33;1,660;1,660;5;14.21;0;0;0;8;22.73;5;5;1.6;0;0;0;5;14.21;3;0;0;0;0;0;0;0;0;5;0;0;1;0;1;0;0;0;0;0;0;0;0;0;0;0;00:12;00:36;00:12;0;2;1;2.84;1;0;0;85;25;0;0;0;0;0;0;4 minutes;0;0;0;0;29%;0;100%
Sraiypton-2539;3000;0;4%;5;5;2;0;12,855;21,712.69;11,918;4,393;5;8.44;0;0;0;10;16.89;10;5;2;0;0;0;3;5.06;3;1;1;0;0;0;0;0;0;5;0;0;2;1;0;1;0;0;0;0;0;0;0;5;8.44;5;00:38;01:04;00:38;0;1;3;5.06;3;0;0;425;115;2;3.37;2;0;0;0;8 minutes;00:53;0;0;0;27%;24%;0
Ssem-3281;53;0;1%;3;1;1;0;18,791;14,612.19;7,213;3,454;15;11.66;5;3.88;2;36;27.99;17;6;2.4;0;0;0;16;12.44;10;0;1;0;1;0;0;0;0;6;0;0;3;1;1;2;0;0;0;0;0;0;0;15;11.66;6;02:14;01:44;01:16;0;2;16;12.44;10;0;0;0;0;3;2.33;1;0;0;0;17 minutes;02:50;0;0;0;24%;0;60%
ster-1707;81;2;7%;114;12;6;0;358,050;26,847.43;10,856;5,775;133;9.97;63;4.72;6;405;30.36;29;20;3.04;0;0;0;250;18.74;17;0;13;0;10;0;0;0;0;20;0;0;31;14;4;13;1;0.07;1;0;0;3;5;98;7.34;11;04:24;00:19;00:48;0;8;122;9.14;10;0;0;0;0;67;5.02;6;2;0;0;7 hours;29:21;0;0;0;28%;0;75%
Subsidium-2330;3190;0;7%;10;5;2;0.01;12,779;11,425.75;5,487;1,782;17;15.2;2;1.78;2;27;24.14;13;7;1.58;0;0;0;13;11.62;8;1;1;0;0;0;0;0;0;7;0;0;3;1;1;1;0;0;0;0;0;0;0;7;6.25;6;00:58;00:52;00:55;0;4;6;5.36;5;0;0;543;127;2;1.78;1;0;0;0;16 minutes;01:01;0;0;0;23%;30%;19%
Supah-1288;73;0;10%;7;7;4;0;7,385;6,686.82;5,516;3,770;2;1.81;0;0;0;19;17.2;15;8;9.5;0;0;0;13;11.77;11;0;1;0;1;0;0;0;0;8;0;0;3;1;0;1;0;0;0;0;0;0;0;6;5.43;5;00:10;00:09;00:09;0;3;4;3.62;2;0;0;0;0;2;1.81;2;0;0;0;6 minutes;00:11;0;0;0;31%;0;73%
Superman-1965;3006;18;4%;417;15;6;0;994,411;16,216.09;30,377;8,513;585;9.53;322;5.25;11;1,498;24.42;58;18;2.56;0;6;0;899;14.66;30;32;61;5;24;0;0;0;0;18;0;0;159;34;69;56;0;0;0;0;0;4;14;650;10.59;43;49:16;00:48;02:59;0;9;452;7.37;20;0;0;31,170;9,240;243;3.96;10;3;0;0;12 hours;01:29:53;0;0;54;29%;46%;39%
Surefour-2559;4275;9;7%;157;19;8;0.01;247,609;13,701.92;19,161;11,065;117;6.47;87;4.81;10;480;26.56;43;20;4.1;0;3;0;308;17.04;30;1;18;0;17;0;0;0;0;20;0;0;45;5;27;14;4;0.22;1;0;0;4;9;122;6.75;17;05:11;00:17;00:42;0;13;163;9.01;17;0;0;7,308;2,135;80;4.42;9;0;0;0;2 hours;45:28;0;0;7;29%;38%;96%
svr01-21181;0;4;5%;152;10;8;0;295,678;9,569.85;18,175;7,699;217;7.02;94;3.04;10;521;16.86;37;16;2.4;0;2;0;321;10.38;28;10;31;2;19;0;0;0;0;16;0;0;64;17;21;25;4;0.12;2;0;0;4;3;182;5.89;17;14:32;00:28;01:21;0;19;161;5.21;13;0;0;11,713;2,683;96;3.1;11;1;0;0;5 hours;20:23;0;0;17;22%;31%;61%
Syko-2524;3607;0;7%;10;10;2;0.01;15,207;15,206.91;15,207;3,009;14;13.99;6;5.99;6;25;24.99;25;5;1.78;0;0;0;20;19.99;20;1;1;0;0;0;0;0;0;5;0;0;4;2;2;0;0;0;0;0;0;3;1;6;5.99;6;01:24;01:24;01:24;0;5;8;7.99;8;0;0;492;127;5;4.99;5;0;0;0;13 minutes;04:14;0;0;0;25%;25%;0
Synphonica-2269;2681;1;4%;10;5;3;0.01;28,348;17,574.03;8,276;5,807;5;3.09;13;8.05;5;55;34.09;18;12;11;0;0;0;37;22.93;15;0;2;0;2;0;0;0;0;12;0;0;6;0;3;2;2;1.23;1;0;0;4;1;17;10.53;7;02:58;01:50;01:42;0;5;16;9.91;6;0;0;685;220;5;3.09;2;0;0;0;16 minutes;03:30;0;0;0;32%;29%;100%
Sypeh-2707;4712;1;1%;2;2;1;0;16,648;26,382.22;13,917;4,999;6;9.5;2;3.16;2;14;22.18;13;5;2.33;0;0;0;8;12.67;7;1;1;0;0;0;0;0;0;5;0;0;3;1;1;0;0;0;0;0;0;0;0;2;3.16;2;00:08;00:13;00:08;0;2;4;6.33;3;0;0;379;156;2;3.16;2;0;0;0;7 minutes;01:54;0;0;0;41%;39%;13%
TAI4752-1605;0;1;4%;85;9;6;0;207,274;10,364.6;13,946;4,559;201;10.05;63;3.15;6;325;16.25;26;13;1.61;0;4;0;202;10.1;13;7;20;2;11;0;0;0;0;13;0;0;46;21;7;18;5;0.25;1;0;0;3;2;116;5.8;10;10:09;00:30;00:53;0;14;129;6.45;11;0;0;7,639;1,802;58;2.9;5;1;0;0;3 hours;21:31;0;0;20;23%;32%;56%
Taimou-2526;4311;0;6%;8;4;3;0.01;11,948;13,456.08;5,199;2,398;12;13.51;3;3.37;1;15;16.89;6;6;1.25;0;1;0;9;10.13;4;1;1;0;0;0;0;0;0;6;0;0;2;1;1;0;0;0;0;0;0;0;0;1;1.12;1;00:07;00:08;00:06;0;2;3;3.37;1;0;0;410;116;4;4.5;3;0;0;0;11 minutes;0;0;0;0;28%;0;0
TakeItBoy-21118;2848;0;9%;14;4;2;0.01;18,359;11,143.32;5,964;2,699;22;13.35;8;4.85;3;32;19.42;12;8;1.45;0;1;0;16;9.71;7;1;2;0;0;0;0;0;0;8;0;0;4;2;2;1;0;0;0;0;0;3;2;11;6.67;3;02:15;01:22;00:55;0;2;6;3.64;4;0;0;664;150;4;2.42;2;0;0;0;19 minutes;01:12;0;0;0;22%;25%;17%
Talespin-1868;79;1;4%;8;4;4;0;16,134;10,022.69;9,030;3,861;11;6.83;8;4.96;5;45;27.95;27;9;4.09;0;0;0;32;19.87;21;0;2;0;2;0;0;0;0;9;0;0;5;1;2;2;0;0;0;0;0;0;0;13;8.07;7;00:38;00:23;00:15;0;5;16;9.93;10;0;0;0;0;10;6.21;7;0;0;0;17 minutes;02:46;0;0;0;31%;0;95%
tanatoz-2940;2913;0;33%;1;1;1;0.03;437;12,822.4;437;437;1;29.3;0;0;0;1;29.3;1;1;1;0;0;0;1;29.3;1;0;0;0;0;0;0;0;0;1;0;0;0;0;0;0;0;0;0;0;0;0;0;0;0;0;0;0;0;0;1;0;0;0;0;0;13;3;0;0;0;0;0;0;29.368280997499824 seconds;0;0;0;0;23%;0;100%
TeTrixX-21558;3642;9;5%;751;13;7;0;1,505,186;12,268.61;21,517;7,174;1,349;10.99;449;3.65;11;2,673;21.78;42;16;1.98;0;13;0;1,662;13.54;26;64;123;4;56;0;0;0;0;16;0;0;304;129;82;93;21;0.17;3;0;0;6;34;975;7.94;19;02:19:01;01:07;02:44;0;16;867;7.06;15;0;0;56,643;13,363;491;4;7;0;0;0;25 hours;02:04:52;0;0;38;23%;68%;45%
Thales-21822;0;0;5%;3;2;2;0;5,343;7,751.55;3,248;1,257;9;13.05;1;1.45;1;10;14.5;5;4;1.11;0;1;0;4;5.8;3;1;1;0;0;0;0;0;0;4;0;0;1;1;0;0;0;0;0;0;0;0;0;4;5.8;2;00:21;00:31;00:14;0;0;0;0;0;0;0;144;51;1;1.45;1;0;0;0;7 minutes;0;0;0;0;35%;0;8%
Therealisu-2569;2982;2;5%;29;5;4;0;54,025;12,570.09;9,975;3,868;1;39.95;15;3.49;4;84;19.54;18;7;2.15;0;0;0;62;14.42;11;0;0;0;2;0;0;0;0;7;0;0;0;0;4;0;1;0.23;1;0;0;0;0;42;9.77;12;03:34;00:49;00:55;0;1;17;3.95;5;0;0;1,885;500;18;4.18;4;0;0;0;22.583739008754492 seconds;01:39;0;0;0;26%;35%;36%
Thorlax-2359;2224;0;0;0;0;0;0;56;1,836.76;56;56;1;32.52;0;0;0;1;32.52;1;1;1;0;0;0;1;32.52;1;0;0;0;0;0;0;0;0;1;0;0;0;0;0;0;0;0;0;0;0;0;0;0;0;0;0;0;0;0;0;1;32.52;1;0;0;17;1;0;0;0;0;0;0;35.53010000102222 seconds;0;0;0;0;5%;0;100%
Thuck-2387;3598;0;1%;1;1;1;0;6,206;14,621.37;6,206;3,463;2;4.71;1;2.35;1;2;4.71;2;1;1;0;0;0;1;2.35;1;0;0;0;0;0;0;0;0;1;0;0;1;0;0;0;0;0;0;0;0;0;0;1;2.35;1;0;0;0;0;4;0;0;0;0;0;138;52;0;0;0;0;0;0;3 minutes;0;0;0;0;37%;37%;0
TinyGuy-21440;0;0;8%;7;7;4;0.01;9,573;27,669.14;9,573;4,299;7;20.23;3;8.67;3;15;43.35;15;9;2.14;0;0;0;9;26.01;9;0;0;0;0;0;0;0;0;9;0;0;1;0;0;1;0;0;0;0;0;0;0;10;28.9;10;00:40;01:55;00:40;0;0;6;17.34;6;0;0;365;84;3;8.67;3;0;0;0;8 minutes;01:39;0;0;0;23%;0;89%
TKSpanky-2149;2459;3;8%;87;7;4;0.01;120,008;11,715.77;13,699;4,748;99;9.66;40;3.9;7;241;23.52;25;11;2.43;0;1;0;169;16.49;20;2;10;1;7;0;0;0;0;11;0;0;27;5;12;9;0;0;0;0;0;3;1;94;9.17;14;05:06;00:29;01:49;0;5;63;6.15;9;0;0;4,176;991;38;3.7;6;0;0;0;1 hour;19:33;0;0;0;23%;36%;67%
Toha-2496;2249;0;6%;1;1;1;0;1,369;6,659.9;1,369;1,369;0;0;0;0;0;4;19.45;4;4;0;0;0;0;3;14.59;3;0;0;0;0;0;0;0;0;4;0;0;1;0;0;0;0;0;0;0;0;0;0;1;4.86;1;00:18;01:29;00:18;0;0;1;4.86;1;0;0;71;15;1;4.86;1;0;0;0;1 minute;0;0;0;0;21%;21%;100%
TomBuLa-21637;3348;0;4%;7;5;4;0;17,884;15,070.91;7,734;6,760;8;6.74;5;4.21;3;26;21.9;13;11;3.25;0;0;0;19;16.01;9;1;1;0;0;0;0;0;0;11;0;0;3;2;1;0;0;0;0;0;0;0;0;7;5.89;5;00:30;00:26;00:24;1;3;6;5.05;3;0;0;388;149;8;6.74;5;0;0;0;11 minutes;04:20;0;0;2;38%;27%;21%
Topic-21894;2995;0;5%;7;6;2;0;16,740;16,455.55;9,042;3,909;10;9.83;6;5.89;4;36;35.38;26;11;3.6;0;0;0;22;21.62;15;1;1;0;0;0;0;0;0;11;0;0;2;0;0;2;0;0;0;0;0;3;1;14;13.76;12;00:52;00:51;00:46;0;6;10;9.83;5;0;0;539;136;6;5.89;3;0;0;0;14 minutes;00:20;0;0;0;25%;0;24%
ToxikeN-2432;4074;11;4%;147;13;8;0.01;357,132;21,092.96;25,542;8,304;165;9.74;88;5.19;8;500;29.53;33;17;3.03;0;1;0;307;18.13;22;6;17;2;10;0;0;0;0;17;0;0;49;13;21;16;4;0.23;1;0;0;4;4;143;8.44;12;12:07;00:42;01:13;0;12;166;9.8;14;0;0;9,257;3,021;87;5.13;7;1;0;0;3 hours;41:46;0;0;7;32%;55%;57%
TravkaBobr-2338;1953;0;7%;17;11;3;0.01;22,966;12,827.37;9,887;2,695;16;8.93;5;2.79;2;36;20.1;20;5;2.25;0;0;0;25;13.96;13;1;2;0;1;0;0;0;0;5;0;0;3;1;1;2;0;0;0;0;0;0;0;15;8.37;10;01:22;00:46;01:07;0;10;12;6.7;6;0;0;778;213;8;4.46;5;0;0;0;24 minutes;01:47;0;0;0;27%;25%;28%
UGotMemed-1820;1941;1;7%;7;5;2;0;10,180;7,319;8,746;2,546;8;5.75;4;2.87;3;19;13.66;16;6;2.37;0;0;0;15;10.78;12;1;1;0;0;0;0;0;0;6;0;0;5;1;4;0;0;0;0;0;0;0;0;7;5.03;6;00:12;00:09;00:11;0;7;6;4.31;5;0;0;471;91;5;3.59;3;0;0;0;12 minutes;01:45;0;0;5;19%;19%;0
Ulf-2846;2374;0;0;0;0;0;0;305;1,986.25;305;305;1;6.52;0;0;0;1;6.52;1;1;1;0;0;0;1;6.52;1;0;0;0;0;0;0;0;0;1;0;0;0;0;0;0;0;0;0;0;0;0;0;0;0;0;0;0;0;0;0;1;6.52;1;0;0;49;3;0;0;0;0;0;0;1 minute;0;0;0;0;6%;0;100%
Ulfang-1914;2488;1;6%;52;8;3;0.01;75,066;12,703.71;10,842;5,284;62;10.49;26;4.4;6;149;25.21;22;8;2.4;0;2;0;103;17.43;15;3;6;0;3;0;0;0;0;8;0;0;14;5;5;5;0;0;0;0;0;3;1;47;7.95;10;03:38;00:37;00:45;0;6;46;7.78;8;0;0;2,830;786;29;4.9;6;0;0;0;1 hour;13:02;0;0;7;27%;31%;54%
Umutemplotya-2144;0;0;10%;4;4;2;0;5,622;5,621.72;5,247;828;13;13;1;1;1;11;11;10;3;0.84;0;0;0;8;8;8;1;1;0;0;0;0;0;0;3;0;0;1;1;0;0;1;1;1;0;0;0;0;3;3;2;00:19;00:19;00:17;0;2;4;4;4;0;0;328;40;3;3;3;0;0;0;11 minutes;0;0;0;0;12%;12%;0
uNFixed-2518;0;6;7%;126;17;6;0.01;207,422;17,004.76;18,548;10,337;93;7.62;78;6.39;10;335;27.46;41;14;3.6;0;0;0;219;17.95;27;7;12;0;5;0;0;0;0;14;0;0;35;7;15;13;3;0.24;1;0;0;5;6;133;10.9;20;14:03;01:09;01:53;0;10;89;7.29;10;0;0;5,523;1,788;30;2.45;5;0;0;0;2 hours;27:35;0;0;0;32%;39%;42%
unu-2660;4005;0;0;0;0;0;0;2,142;15,498.51;2,142;2,142;1;7.23;0;0;0;2;14.47;2;2;2;0;0;0;2;14.47;2;0;0;0;0;0;0;0;0;2;0;0;0;0;0;0;0;0;0;0;0;0;0;0;0;0;00:03;00:21;00:03;0;1;1;7.23;1;0;0;49;21;0;0;0;0;0;0;1 minute;0;0;0;0;42%;0;7%
Uran-2728;3395;0;12%;21;9;4;0.02;18,316;11,292.52;8,682;6,305;15;9.24;2;1.23;1;30;18.49;14;4;2;0;1;0;21;12.94;12;1;2;0;0;0;0;0;0;4;0;0;3;2;0;1;0;0;0;0;0;0;0;8;4.93;4;00:35;00:22;00:18;0;7;6;3.69;4;0;0;588;171;8;4.93;5;0;0;0;17 minutes;01:50;0;0;0;29%;28%;23%
Vanilor-2824;0;0;2%;1;1;1;0;3,829;11,685.86;3,829;2,304;2;6.1;0;0;0;7;21.36;7;6;3.5;0;0;0;6;18.31;6;0;0;0;0;0;0;0;0;6;0;0;1;0;1;0;0;0;0;0;0;0;0;3;9.15;3;00:21;01:05;00:21;0;3;3;9.15;3;0;0;93;34;1;3.05;1;0;0;0;2 minutes;01:49;0;0;0;36%;0;0
VanMaze-2236;60;4;11%;147;14;8;0;151,951;11,807.17;10,731;6,363;108;8.39;46;3.57;8;353;27.42;33;21;3.26;0;2;0;255;19.81;26;0;13;0;7;0;0;0;0;21;0;0;38;9;15;14;0;0;0;0;0;3;4;98;7.61;7;03:50;00:17;00:33;0;8;83;6.44;9;0;0;0;0;109;8.46;12;0;0;0;2 hours;31:06;0;0;0;21%;0;52%
Vermillion-11337;55;0;2%;3;2;1;0;11,370;18,423.5;7,886;2,565;7;11.34;3;4.86;3;13;21.06;12;5;1.85;0;0;0;8;12.96;7;0;1;0;0;0;0;0;0;0;0;0;2;0;1;1;0;0;0;0;0;0;0;3;4.86;3;00:13;00:21;00:13;0;4;5;8.1;4;0;0;0;0;3;4.86;3;0;0;0;8 minutes;00:43;0;0;0;35%;0;39%
Vigoss-2760;2680;0;8%;5;3;3;0;7,462;7,791.13;3,470;2,425;7;7.3;0;0;0;10;10.44;7;5;1.42;0;0;0;7;7.3;4;0;1;0;0;0;0;0;0;5;0;0;4;2;1;1;0;0;0;0;0;0;0;1;1.04;1;00:20;00:21;00:16;0;0;2;2.08;2;0;0;396;61;3;3.13;2;0;0;0;10 minutes;0;0;0;0;15%;0;36%
vincento11-2998;2533;10;7%;259;22;5;0.01;391,860;12,932.6;19,967;6,891;298;9.83;139;4.58;12;780;25.74;47;20;2.61;0;5;0;506;16.69;34;11;30;1;18;0;0;0;0;20;0;0;81;23;29;29;7;0.23;2;0;0;3;8;297;9.8;23;24:41;00:48;02:15;0;11;197;6.5;9;0;0;11,540;3,509;152;5.01;11;0;0;0;5 hours;01:02:08;0;0;11;30%;49%;60%
virr-2230;64;1;7%;11;7;3;0;15,224;17,896.78;10,218;4,024;11;12.93;9;10.58;7;44;51.72;31;9;4;0;0;0;29;34.09;19;0;1;0;0;0;0;0;0;0;0;0;3;1;1;1;0;0;0;0;0;0;0;21;24.68;15;03:13;03:47;01:45;0;9;12;14.1;11;0;0;0;0;5;5.87;4;0;0;0;14 minutes;07:29;0;0;0;29%;0;44%
watt-1213;80;3;7%;69;8;5;0;104,143;15,187.48;9,695;6,567;64;9.33;25;3.64;3;199;29.02;23;12;3.1;0;0;0;133;19.39;14;0;7;0;5;0;0;0;0;12;0.4;0;22;5;9;7;1;0.14;1;0;0;3;2;70;10.2;9;04:09;00:36;01:00;0;7;52;7.58;8;0;0;0;0;38;5.54;6;0;0;0;1 hour;24:34;0;0;0;25%;0;76%
weaselele-2442;4679;0;2%;1;1;1;0;4,120;12,439.73;4,120;4,120;0;0;3;9.05;3;7;21.13;7;7;0;0;0;0;3;9.05;3;0;0;0;0;0;0;0;0;7;0;0;1;0;1;0;0;0;0;0;0;3;1;2;6.03;2;00:11;00:35;00:11;0;0;3;9.05;3;0;0;89;37;2;6.03;2;0;0;0;1 minute;00:09;0;0;3;41%;0;100%
Werky-1402;63;0;5%;8;3;3;0;13,647;8,597.48;3,762;2,195;15;9.44;2;1.25;1;26;16.37;6;5;1.73;0;0;0;13;8.18;4;0;2;0;1;0;0;0;0;0;0;0;4;1;2;1;0;0;0;0;0;0;0;5;3.14;2;00:18;00:11;00:16;0;3;6;3.77;2;0;0;0;0;8;5.03;3;0;0;0;19 minutes;00:09;0;0;0;20%;0;39%
Wertum-2409;0;0;2%;2;2;1;0;7,024;9,384.07;7,024;1,698;6;8.01;1;1.33;1;14;18.7;14;7;2.33;0;0;0;8;10.68;8;0;1;0;1;0;0;0;0;7;0;0;2;1;0;1;0;0;0;0;0;3;1;7;9.35;7;00:05;00:07;00:05;0;2;6;8.01;6;0;0;251;70;2;2.67;2;0;0;0;6 minutes;00:39;0;0;0;27%;0;100%
WhitEshIB-2457;3000;0;12%;19;16;8;0.01;19,780;16,138.57;12,943;4,847;17;13.87;7;5.71;7;32;26.1;27;10;1.88;0;0;0;24;19.58;20;1;1;0;0;0;0;0;0;10;0;0;2;0;1;1;2;1.63;2;0;0;3;1;6;4.89;5;00:29;00:24;00:24;0;1;4;3.26;3;0;0;535;149;12;9.79;10;1;0;0;18 minutes;02:58;0;0;3;27%;28%;4%
Wibang-1978;3059;0;9%;4;3;2;0.01;4,992;10,591.42;2,408;1,942;5;10.6;2;4.24;1;9;19.09;7;3;1.8;0;0;0;4;8.48;3;0;0;0;0;0;0;0;0;3;0;0;1;1;0;0;0;0;0;0;0;0;0;5;10.6;4;00:12;00:26;00:06;0;1;2;4.24;2;0;0;172;42;1;2.12;1;0;0;0;6 minutes;0;0;0;0;24%;60%;0
willeat4food-1488;2384;3;7%;98;17;8;0.01;141,325;15,770.6;21,433;6,878;75;8.36;38;4.24;10;235;26.22;35;14;3.13;0;1;0;145;16.18;25;3;9;1;6;0;0;0;0;14;0;0;30;9;11;10;0;0;0;0;0;3;1;133;14.84;20;07:36;00:50;01:28;0;15;76;8.48;13;0;0;4,369;1,329;36;4.01;7;0;0;0;1 hour;16:31;0;0;3;30%;37%;62%
WinterDKay-2106;3755;0;2%;6;2;2;0;22,479;13,018.35;7,657;3,245;16;9.26;5;2.89;2;24;13.89;9;6;1.5;0;0;0;15;8.68;7;1;2;0;1;0;0;0;0;6;0;0;4;0;2;2;0;0;0;0;0;0;0;7;4.05;5;00:47;00:27;00:34;0;2;8;4.63;4;0;0;671;245;3;1.73;2;0;0;0;18 minutes;00:45;0;0;0;36%;33%;31%
Woundwort-2655;2529;0;2%;1;1;1;0;3,272;3,696.4;1,789;1,149;6;6.77;0;0;0;9;10.16;6;4;1.5;0;0;0;7;7.9;4;1;1;0;0;0;0;0;0;4;0;0;4;2;1;1;0;0;0;0;0;0;0;5;5.64;3;00:08;00:09;00:08;0;1;5;5.64;4;0;0;228;38;5;5.64;3;0;0;0;6 minutes;00:20;0;0;0;16%;20%;0
wSerious-2691;3632;0;10%;17;5;3;0.01;19,916;18,009.88;5,412;2,666;13;11.75;7;6.33;3;24;21.7;12;5;1.84;0;0;0;17;15.37;8;0;1;0;1;0;0;0;0;5;0;0;3;2;1;1;0;0;0;0;0;0;0;14;12.66;8;01:13;01:06;01:02;0;4;5;4.52;2;0;0;566;170;9;8.13;4;0;0;0;15 minutes;02:17;0;0;0;30%;29%;56%
Xenbek-2361;68;4;6%;106;13;5;0;184,915;13,119.46;17,838;7,005;121;8.58;60;4.25;9;344;24.4;38;18;2.84;2,369,900;0;0;235;16.67;31;7;14;0;7;0;0;0;0;18;0.33;792,276;40;11;18;11;1;0.07;1;0;0;4;3;88;6.24;13;04:16;00:18;00:38;0;9;105;7.44;11;0;0;6,066;1,518;102;7.23;14;1;0;0;2 hours;26:54;0;0;20;25%;41%;47%
Xenjoo-2762;3701;0;8%;15;6;3;0.02;18,565;23,997.16;10,404;4,806;9;11.63;5;6.46;3;29;37.48;16;10;3.22;0;0;0;19;24.56;10;0;1;0;1;0;0;0;0;10;0;0;3;2;1;0;0;0;0;0;0;0;0;8;10.34;4;00:40;00:52;00:32;0;7;9;11.63;7;0;0;508;175;4;5.17;3;0;0;0;12 minutes;00:20;0;0;0;34%;38%;89%
xhiroz-2390;4155;0;2%;2;1;1;0;10,712;17,216.38;9,001;3,044;8;12.85;1;1.6;1;13;20.89;9;4;1.62;0;0;0;9;14.46;8;0;1;0;0;0;0;0;0;4;0;0;3;1;0;1;0;0;0;0;0;0;0;5;8.03;5;01:12;01:57;00:53;0;3;2;3.21;2;0;0;299;78;3;4.82;2;0;0;0;7 minutes;00:10;0;0;0;26%;22%;28%
Xypher-21165;3564;0;5%;11;4;2;0.01;23,416;15,440.23;6,720;3,987;11;7.25;5;3.29;4;25;16.48;13;8;2.27;0;0;0;18;11.86;8;1;2;0;0;0;0;0;0;8;0;0;3;1;1;1;0;0;0;0;0;0;0;4;2.63;3;00:53;00:35;00:18;0;9;5;3.29;3;0;0;638;185;5;3.29;3;0;0;0;17 minutes;02:54;0;0;0;28%;46%;25%
Y19251658-2148;4191;2;4%;34;6;4;0.01;70,495;20,076.57;23,239;5,775;25;7.11;21;5.98;11;99;28.19;37;13;3.96;0;0;0;60;17.08;20;0;4;0;3;0;0;0;0;13;0;0;9;4;3;2;2;0.56;1;0;0;5;3;25;7.11;11;02:19;00:39;00:57;0;11;25;7.11;8;0;0;2,086;706;14;3.98;6;0;0;0;41 minutes;05:40;0;0;0;33%;37%;85%
YATIAYASE-1475;76;0;0;0;0;0;0;2,758;14,611.68;2,758;760;6;31.78;2;10.59;2;5;26.48;5;2;0.83;0;0;0;1;5.29;1;0;0;0;0;0;0;0;0;2;0;0;1;0;0;0;0;0;0;0;0;0;0;1;5.29;1;00:00;00:04;00:00;0;0;0;0;0;0;0;0;0;1;5.29;1;0;0;0;3 minutes;0;0;0;0;23%;0;0
YoloNerd-2450;2428;2;7%;119;15;7;0;207,840;12,709.89;16,274;6,587;157;9.6;70;4.28;9;328;20.05;34;11;2.08;0;2;0;213;13.02;21;12;16;0;4;0;0;0;0;11;0;0;39;13;15;11;0;0;0;0;0;3;3;120;7.33;12;07:32;00:27;01:27;0;3;48;2.93;6;0;0;6,699;1,683;65;3.97;9;0;0;0;3 hours;19:10;0;0;6;25%;32%;27%
Yong-1106;79;0;4%;11;9;6;0;1,030;10,116.09;1,030;1,030;1;9.82;11;8.79;6;45;35.96;21;14;2.81;0;1;0;28;22.37;14;0;0;0;1;0;0;0;0;14;0;0;0;0;1;0;0;0;0;0;0;3;1;20;15.98;12;00:40;00:32;00:24;0;6;7;5.59;3;0;0;0;0;4;3.19;3;0;0;0;54.01546400040388 seconds;02:23;0;0;0;46%;0;69%
YUNGCUBE-2620;2860;1;6%;4;4;3;0.01;8,988;16,204.17;7,253;4,801;2;3.6;9;16.22;9;26;46.87;22;13;13;0;0;0;16;28.84;13;0;1;0;1;0;0;0;0;13;0;0;2;0;1;1;0;0;0;0;0;0;0;13;23.43;12;01:57;03:32;01:57;0;3;6;10.81;5;0;0;236;66;3;5.4;2;0;0;0;5 minutes;02:11;0;0;0;27%;45%;100%
ZaebushekaAA-2567;2736;0;5%;14;7;2;0;24,904;7,186.6;4,971;3,135;26;7.5;7;2.02;4;56;16.16;16;11;2.15;0;1;0;35;10.1;9;1;3;0;2;0;0;0;0;11;0;0;8;4;0;4;1;0.28;1;0;0;0;0;25;7.21;6;02:58;00:51;00:59;0;4;22;6.34;8;0;0;1,180;236;9;2.59;4;0;0;0;33 minutes;04:12;0;0;1;20%;27%;48%
zappis-21285;4656;0;3%;3;2;1;0;9,493;19,135.22;5,285;3,296;6;12.09;5;10.07;4;6;12.09;5;3;1;0;0;0;3;6.04;3;0;0;0;0;0;0;0;0;3;0;0;2;0;1;0;0;0;0;0;0;3;1;4;8.06;4;00:21;00:42;00:19;0;1;3;6.04;3;0;0;210;88;0;0;0;0;0;0;5 minutes;0;0;0;0;41%;0;44%
Zaris-2840;2784;0;11%;11;7;4;0.02;11,623;12,777.94;7,796;4,096;4;4.39;2;2.19;2;20;21.98;15;8;5;0;0;0;10;10.99;7;0;1;0;1;0;0;0;0;8;0;0;2;1;1;0;0;0;0;0;0;0;0;6;6.59;5;00:16;00:17;00:16;0;2;3;3.29;2;0;0;292;95;1;1.09;1;0;0;0;8 minutes;00:08;0;0;0;32%;38%;100%
Zatanna-11384;65;36;4%;567;13;5;0;1,262,957;13,622.12;26,509;7,718;965;10.4;491;5.29;17;2,523;27.21;51;16;2.61;0;5;0;1,624;17.51;32;0;93;0;57;0;0;0;0;16;0.35;0;251;59;105;88;23;0.24;2;0;0;4;29;933;10.06;27;01:25:34;00:55;02:22;0;11;754;8.13;19;0;0;0;0;514;5.54;10;2;0;0;8 hours;04:29:03;0;0;0;29%;0;61%
Zaxi-2167;2554;0;3%;5;2;1;0;17,853;14,943.37;5,161;2,689;19;15.9;3;2.51;1;24;20.08;8;5;1.26;0;0;0;12;10.04;5;0;1;0;1;0;0;0;0;5;0;0;1;1;0;0;0;0;0;0;0;0;0;6;5.02;3;00:28;00:23;00:13;0;3;12;10.04;6;0;0;739;163;2;1.67;1;0;0;0;19 minutes;0;0;0;0;22%;0;75%
ZeInfinity-21817;2102;0;13%;4;4;2;0.02;3,247;5,845.77;3,247;1,841;3;5.4;0;0;0;5;9;5;3;1.66;0;0;0;2;3.6;2;1;1;0;0;0;0;0;0;3;0;0;2;0;0;2;0;0;0;0;0;0;0;2;3.6;2;00:30;00:54;00:30;0;0;2;3.6;2;0;0;89;30;1;1.8;1;0;0;0;3 minutes;0;0;0;0;33%;0;0
ZergFourbe-2414;3720;1;3%;8;7;3;0;30,662;12,892.86;14,717;3,766;17;7.14;5;2.1;3;38;15.97;18;7;2.23;0;0;0;22;9.25;8;1;2;0;1;0;0;0;0;7;0;0;5;2;2;1;0;0;0;0;0;0;0;16;6.72;8;00:56;00:23;00:42;1;5;16;6.72;7;0;0;1,136;265;8;3.36;3;0;0;0;27 minutes;00:32;0;0;0;23%;40%;46%
Zeth-2903;0;0;9%;33;9;5;0.01;43,558;10,593.46;8,538;5,656;22;5.35;17;4.13;4;79;19.21;12;10;3.59;0;0;0;54;13.13;9;2;4;0;2;0;0;0;0;10;0;0;9;3;1;4;1;0.24;1;0;0;4;1;31;7.53;9;01:21;00:19;00:32;0;5;27;6.56;7;0;0;1,218;365;24;5.83;4;0;0;0;44 minutes;03:49;0;0;1;29%;34%;43%
ZFPuhi-2680;2178;0;6%;6;3;3;0.01;9,275;11,445.07;8,222;2,440;10;12.33;5;6.16;5;14;17.27;10;4;1.4;0;0;0;11;13.57;8;1;1;0;0;0;0;0;0;4;0;0;3;0;2;1;0;0;0;0;0;0;0;9;11.1;5;00:39;00:48;00:31;0;3;4;4.93;2;0;0;312;87;9;11.1;6;0;0;0;8 minutes;01:30;0;0;0;27%;27%;18%
Zimixi-2926;3206;0;7%;11;8;3;0.01;15,284;18,413.4;12,520;3,690;7;8.43;2;2.4;1;32;38.55;25;9;4.57;0;0;0;20;24.09;16;0;0;0;0;0;0;0;0;9;0;0;0;2;0;0;1;1.2;1;0;0;0;0;12;14.45;12;00:24;00:29;00:22;0;3;11;13.25;9;0;0;517;144;4;4.81;4;0;0;0;1.2070999946445227 seconds;02:03;0;0;0;27%;30%;100%
Zombro-11236;2734;1;4%;12;8;3;0;29,984;13,802.64;21,048;4,945;12;5.52;10;4.6;7;52;23.93;30;11;4.33;0;0;0;36;16.57;23;0;2;0;2;0;0;0;0;11;0;0;6;2;2;1;2;0.92;2;0;0;0;0;11;5.06;7;00:27;00:12;00:17;0;2;12;5.52;6;0;0;866;257;11;5.06;9;0;0;0;21 minutes;06:48;0;0;0;29%;32%;100%
Zonda-4175;75;6;6%;80;12;5;0;137,757;15,221.3;15,331;5,111;63;6.96;33;3.64;5;296;32.7;41;13;4.69;0;0;0;198;21.87;23;0;9;0;7;0;0;0;0;0;0;0;31;7;16;8;4;0;1;0;0;4;3;83;9.17;11;05:58;00:39;01:29;0;9;111;12.26;16;0;0;0;0;65;7.18;9;0;0;0;1 hour;40:42;0;0;0;31%;0;80%
zorro7-21491;4036;0;0;0;0;0;0;3,506;29,753.84;3,506;3,506;0;0;1;8.48;1;4;33.94;4;4;0;0;0;0;2;16.97;2;0;0;0;0;0;0;0;0;4;0;0;0;0;0;0;0;0;0;0;0;0;0;3;25.45;3;00:22;03:09;00:22;0;0;3;25.45;3;0;0;97;38;0;0;0;0;0;0;1 minute;00:02;0;0;0;39%;39%;100%
zYKK-21235;4432;0;3%;1;1;1;0;3,861;13,624.94;1,930;1,805;3;10.58;0;0;0;4;14.11;3;3;1.33;0;0;0;3;10.58;2;0;0;0;0;0;0;0;0;3;0;0;1;0;0;0;0;0;0;0;0;0;0;1;3.52;1;00:15;00:54;00:11;0;1;2;7.05;1;0;0;138;32;1;3.52;1;0;0;0;3 minutes;0;0;0;0;23%;0;87%
