Alfred-21824;3225;0;75;6,260;11,929.81;3,466;2,409;4;7.62;10;19.05;8;4;2.5;13;25;9;26;50;18;0;3;5.71;3;0;1;0;0;806;1,536.32;502;502;4;2;1;1;1;1;1.9;1;0;0;2;3.81;2;00:47;01:30;00:32;5;10;5;2,075;956;0;0;0;0;9 minutes;0;2;46%;0;0
AlphaCast-2469;3609;1;168;23,988;12,803.99;10,249;3,764;16;8.54;32;17.08;17;8;2;53;28;23;66;35;27;0;8;4.27;3;1;2;0;0;6,858;3,660.74;2,996;1,300;8;6;3;1;3;1;0.53;1;0;0;16;8.54;9;02:09;01:08;01:03;25;13;12;4,124;1,868;1;0.53;1;1;21 minutes;02:15;6;45%;0;20%
baolli-2819;2680;0;16;2,059;5,252.86;2,059;744;5;12.75;1;2.55;1;1;0.2;2;5;2;3;8;3;0;1;2.55;1;0;0;0;0;75;191.32;75;75;1;1;1;0;0;1;2.55;1;0;0;0;0;0;00:01;00:04;00:01;1;3;1;455;224;1;2.55;1;0;3 minutes;0;0;49%;0;0
BluStar-2121;3078;0;107;7,972;17,786.48;7,724;2,320;9;20.07;12;26.77;12;4;1.33;15;33;15;22;49;22;1;7;15.61;7;0;0;0;0;830;1,852.55;830;281;4;1;0;0;0;2;4.46;2;0;0;7;15.61;7;01:32;03:26;01:24;6;13;6;2,324;998;1;2.23;1;0;8 minutes;00:32;0;42%;43%;0
Custa-1679;4597;0;23;2,112;8,542.74;2,075;869;5;20.22;4;16.18;4;2;0.8;7;28;7;10;40;10;0;3;12.13;3;0;0;0;0;1,332;5,387.65;1,332;590;2;1;0;1;0;1;4.04;1;0;0;2;8.09;2;00:04;00:19;00:04;1;4;1;604;261;1;4.04;1;0;4 minutes;00:12;0;43%;18%;0
dafran-2671;4595;0;23;1,182;7,459.08;1,182;1,182;1;6.31;6;37.86;6;6;6;3;19;3;3;19;3;0;2;12.62;2;0;0;0;0;182;1,149.65;182;182;6;0;0;0;0;1;6.31;1;0;0;1;6.31;1;0;0;0;1;6;1;297;130;1;6.31;1;0;1 minute;0;0;43%;0;100%
emmanabcake-2648;2442;2;181;21,614;5,853.29;8,249;2,888;39;10.56;38;10.29;20;7;0.97;66;18;19;73;20;21;0;8;2.16;6;3;4;0;1;11,958;3,238.36;3,623;1,600;7;7;1;3;3;2;0.54;1;3;1;21;5.68;11;05:15;01:25;01:47;16;4;9;8,829;2,167;1;0.27;1;0;46 minutes;00:38;0;24%;33%;17%
ForTheHorde-21666;1833;3;357;58,762;6,760.55;14,622;6,853;85;9.77;112;12.88;24;10;1.31;95;11;21;154;18;32;1;50;5.75;9;7;9;1;1;4,773;549.1;1,434;538;10;13;7;1;5;6;0.69;3;3;1;39;4.48;13;06:00;00:41;01:14;40;5;11;22,495;6,647;10;1.15;4;0;1 hour;01:44;1;29%;45%;6%
Gnutrah-2703;3052;0;33;4,187;7,083.01;2,475;1,960;3;5.07;12;20.29;6;5;4;6;10;6;6;10;6;0;6;10.14;4;0;1;0;0;1,563;2,643.15;1,354;876;5;1;1;1;0;1;1.69;1;0;0;6;10.14;2;00:34;00:57;00:15;1;2;1;1,488;528;3;5.07;3;0;7 minutes;0;0;35%;14%;72%
HarambeLover-2964;3450;4;354;41,068;8,778.04;13,750;4,742;48;10.25;87;18.59;28;10;1.81;90;19;26;121;26;33;0;30;6.41;9;3;5;0;1;8,037;1,717.81;2,687;803;10;7;0;6;2;3;0.64;2;3;1;36;7.69;14;05:21;01:08;01:39;46;10;16;11,728;3,877;5;1.06;2;0;56 minutes;04:28;0;33%;36%;28%
Headshots-21991;2139;1;680;65,768;14,883.63;19,965;3,405;85;19.23;138;31.23;39;10;1.62;79;18;32;120;27;43;1;45;10.18;14;0;0;1;2;1,572;355.74;520;407;10;0;0;1;6;4;0.9;2;3;1;40;9.05;16;06:14;01:24;02:18;37;8;13;18,897;7,370;12;2.71;4;0;10.916364989243448 seconds;08:48;0;39%;43%;35%
iLka-2448;3238;0;28;4,585;6,943.45;2,280;2,010;10;15.14;7;10.6;3;3;0.7;2;3;2;10;15;4;2;4;6.05;2;1;1;0;0;310;469.04;259;259;3;1;0;0;1;1;1.51;1;0;0;2;3.02;1;00:51;01:17;00:14;4;6;2;1,126;431;0;0;0;0;7 minutes;0;0;38%;54%;8%
kame06-2369;3254;0;103;10,562;6,653.25;3,688;1,687;19;11.96;29;18.26;14;5;1.52;24;15;9;42;26;15;1;15;9.44;6;2;2;0;0;1,714;1,079.57;679;473;5;3;2;1;1;1;0.62;1;3;1;10;6.29;7;01:19;00:49;00:32;11;7;6;3,632;1,404;4;2.51;2;0;21 minutes;0;0;38%;36%;0
Keffo-22223;4156;0;12;1,505;7,426.28;1,048;1,048;3;14.8;2;9.87;1;1;0.66;3;15;3;3;15;3;0;2;9.87;1;0;0;0;0;574;2,834.1;450;337;1;1;0;0;0;1;4.93;1;0;0;0;0;0;00:06;00:32;00:05;0;0;0;395;154;1;4.93;1;0;2 minutes;0;0;38%;0;63%
Legist-21953;3080;0;26;3,068;7,572.06;3,068;1,097;10;24.68;12;29.61;12;3;1.2;3;7;3;4;10;4;0;7;17.27;7;0;0;0;0;445;1,097.91;445;272;3;1;0;0;0;1;2.46;1;0;0;4;9.87;4;00:05;00:13;00:05;2;5;2;1,420;441;1;2.46;1;0;6 minutes;00:20;1;31%;0;100%
neptuNo-2723;4423;0;234;21,562;13,972.81;5,883;3,621;13;8.42;60;38.88;16;10;4.61;44;29;11;55;36;15;0;29;18.79;8;0;2;0;1;5,362;3,474.64;2,152;1,503;10;5;2;2;1;3;1.94;1;0;0;23;14.9;9;01:37;01:03;00:30;21;14;7;4,850;2,157;5;3.24;2;0;19 minutes;06:02;0;44%;92%;74%
Radwind-2303;0;10;3,393;274,325;11,500.31;17,889;6,459;271;11.36;775;32.48;47;16;2.85;399;17;28;612;26;45;3;450;18.86;27;12;24;2;10;34,946;1,464.99;2,964;1,111;16;65;26;16;23;5;0.2;2;4;6;191;8;16;17:22;00:43;01:10;210;9;18;66,349;28,597;162;6.79;12;0;5 hours;01:08:30;4;43%;51%;42%
Slash-2756;0;0;41;6,026;5,152.71;2,552;1,787;15;12.82;13;11.11;6;6;0.86;7;6;4;15;13;5;1;8;6.84;3;1;1;0;0;362;309.85;111;111;6;3;1;1;2;1;0.85;1;0;0;4;3.42;4;01:09;00:59;00:30;6;5;3;2,041;797;0;0;0;0;14 minutes;0;0;39%;51%;25%
Spikecaster-1670;3134;0;22;2,845;7,965.73;2,845;912;6;16.8;7;19.6;7;5;1.16;4;11;4;10;28;10;0;3;8.4;3;0;0;0;0;756;2,116.24;756;409;5;1;0;0;1;1;2.8;1;0;0;2;5.6;2;00:02;00:08;00:02;7;20;7;1,128;363;0;0;0;0;6 minutes;00:40;0;32%;0;0
Thrittly-2698;4181;1;476;55,226;12,932.39;17,717;3,010;61;14.28;114;26.69;40;10;1.86;94;22;29;163;38;52;2;38;8.89;15;1;4;0;3;7,838;1,835.47;1,636;1,081;10;8;3;2;3;3;0.7;3;4;2;48;11.24;15;05:05;01:11;01:40;61;14;19;13,013;5,989;6;1.4;5;0;1 hour;02:34;0;46%;51%;70%
TravkaBobr-2338;1953;0;130;14,406;4,216.15;3,894;2,763;18;5.26;25;7.31;8;6;1.38;28;8;7;34;10;9;7;11;3.21;5;3;3;0;0;3,060;895.64;731;731;6;5;2;0;3;1;0.29;1;3;1;11;3.21;5;01:49;00:32;00:50;8;2;2;9,342;2,139;2;0.58;1;1;31 minutes;01:19;6;22%;30%;13%
Y19251658-2148;4191;1;35;6,462;14,797.05;5,287;4,804;4;9.16;15;34.35;13;9;3.75;10;23;10;13;30;12;0;8;18.32;7;0;0;0;0;1,163;2,664.05;1,105;966;9;2;1;0;0;1;2.29;1;0;0;8;18.32;7;00:21;00:49;00:18;6;14;5;1,314;548;1;2.29;1;0;4 minutes;01:40;0;41%;0;100%
