Adam-1251;4134;0;0;0;0;0;0;3,836;9,651.84;1,946;1,946;1;2.51;0;0;0;6;15.09;5;5;6;0;0;0;1;2.51;1;0;0;0;0;0;0;0;0;5;0;0;1;0;0;0;0;0;0;0;0;2;5.03;1;00:11;00:30;00:09;0;0;0;6;15.09;5;0;0;0;5;12.58;4;6;15.09;4;0;0;0;0;0;0;18;0.08;0;3 minutes;00:21;0;0;0;0;0;0;0
Ahahababa-3671;46;0;0;0;0;0;0;5,236;5,626.24;3,286;3,286;2;2.14;0;0;0;22;23.63;11;11;11;0;0;0;9;9.67;7;0;1;0;1;0;0;0;0;0;0;0;1;0;0;1;0;0;0;3;1;4;4.29;4;00:12;00:13;00:12;0;0;0;9;9.67;6;0;0;0;17;18.26;10;8;8.59;5;0;0;2;2.14;2;0;194;0.4;1;8 minutes;01:00;0;0;0;0;0;0;100%
Aixcelsior-2635;0;0;0;0;0;0;0;0;0;0;0;1;16.79;0;0;0;0;0;0;0;0;0;0;0;0;0;0;0;0;0;0;0;0;0;0;0;0;0;0;0;0;0;0;0;0;0;0;0;0;0;0;0;0;0;0;0;0;0;0;0;0;0;0;0;0;1;16.79;1;0;0;0;0;0;0;0;0;0;25.02026700321585 seconds;0;0;0;0;0;0;0;0
Aldebarande-2982;0;3;0;0;0;0;0;76,353;6,314.39;6,009;4,767;87;7.19;0;0;0;252;20.84;17;14;2.89;0;0;0;127;10.5;14;4;12;2;6;0;0;0;0;14;0;0;39;13;11;15;0;0;0;3;3;103;8.51;9;07:34;00:37;00:46;0;0;0;136;11.24;11;0;0;0;140;11.57;12;254;21;25;0;0;41;3.39;5;0;2,805;0.37;1;2 hours;18:24;0;0;0;0;0;0;53%
Alfred-21824;3225;0;0;0;0;0;0;27,530;5,916.08;9,479;2,709;47;10.1;0;0;0;59;12.67;28;8;1.25;0;1;0;29;6.23;11;5;5;0;0;0;0;0;0;8;0;0;4;1;2;2;0;0;0;3;1;13;2.79;7;01:22;00:17;00:26;0;0;0;48;10.31;15;0;0;0;22;4.72;7;52;11.17;22;0;0;9;1.93;3;0;499;0.17;0;47 minutes;01:45;0;0;0;0;0;0;0
AlisterGrimm-2146;2464;0;0;0;0;0;0;34,912;8,597.52;6,546;2,426;36;8.86;0;0;0;84;20.68;19;9;2.33;0;1;0;39;9.6;10;2;4;1;1;0;0;0;0;9;0;0;9;5;2;2;0;0;0;0;0;25;6.15;15;01:32;00:22;00:32;0;0;0;47;11.57;6;0;0;0;46;11.32;11;58;14.28;15;0;0;11;2.7;3;0;1,197;0.39;1;50 minutes;01:34;0;0;0;0;0;0;28%
alkhailiss-2887;3073;0;0;0;0;0;0;2,928;9,677.93;2,816;2,522;3;9.91;0;0;0;10;33.05;9;8;3.33;0;0;0;3;9.91;3;0;0;0;0;0;0;0;0;8;0;0;1;0;0;1;0;0;0;0;0;1;3.3;1;00:09;00:32;00:09;0;0;0;4;13.22;4;0;0;0;6;19.83;6;1;3.3;1;0;0;0;0;0;0;64;0.27;0;3 minutes;0;0;0;0;0;0;0;99%
ALonelyCamel-21946;2758;0;0;0;0;0;0;716;7,819.69;716;417;2;21.84;0;0;0;1;10.92;1;1;0.5;0;0;0;1;10.92;1;0;0;0;0;0;0;0;0;1;0;0;0;0;0;0;0;0;0;0;0;0;0;0;00:02;00:28;00:02;0;0;0;0;0;0;0;0;0;1;10.92;1;3;32.77;3;0;0;0;0;0;0;0;0;0;1 minute;0;0;0;0;0;0;0;0
Ant-11447;64;0;0;0;0;0;0;4,079;14,608.86;2,963;1,886;4;14.32;0;0;0;12;42.97;10;3;3;0;0;0;4;14.32;4;0;0;0;0;0;0;0;0;3;0;0;1;0;1;0;0;0;0;0;0;8;28.65;7;00:14;00:50;00:14;0;0;0;6;21.48;5;0;0;0;9;32.23;8;12;42.97;9;0;0;1;3.58;1;0;107;0.29;0;5 minutes;0;0;0;0;0;0;0;0
Arttuzz-2778;2493;0;0;0;0;0;0;1,973;4,804.04;1,286;1,286;3;7.3;0;0;0;3;7.3;2;2;1;0;0;0;2;4.86;2;0;0;0;0;0;0;0;0;2;0;0;1;1;0;0;0;0;0;0;0;1;2.43;1;00:00;00:01;00:00;0;0;0;1;2.43;1;0;0;0;0;0;0;8;19.47;5;0;0;1;2.43;1;0;26;0.12;0;3 minutes;0;0;0;0;0;0;0;58%
Atomicus-2918;4123;0;0;0;0;0;0;1,311;7,024.39;1,311;1,043;2;10.71;0;0;0;3;16.06;3;3;1.5;0;0;0;2;10.71;2;0;0;0;0;0;0;0;0;3;0;0;0;0;0;0;0;0;0;0;0;1;5.35;1;00:00;00:04;00:00;0;0;0;2;10.71;2;0;0;0;2;10.71;2;0;0;0;0;0;0;0;0;0;54;0.3;0;2 minutes;0;0;0;0;0;0;0;100%
AwkwardSpork-2946;2926;0;0;0;0;0;0;709;2,646.08;709;543;1;3.73;0;0;0;2;7.46;2;1;2;0;0;0;0;0;0;0;0;0;0;0;0;0;0;1;0;0;0;0;0;0;0;0;0;0;0;0;0;0;0;0;0;0;0;0;2;7.46;2;0;0;0;1;3.73;1;2;7.46;2;0;0;0;0;0;0;6;0.05;0;1 minute;0;0;0;0;0;0;0;0
Awungshi-2566;2194;1;0;0;0;0;0;12,219;5,309.19;4,831;1,740;23;9.99;0;0;0;56;24.33;25;9;2.43;0;0;0;22;9.55;10;1;2;1;1;0;0;0;0;9;0;0;8;3;1;3;0;0;0;0;0;26;11.29;12;01:25;00:37;00:55;0;0;0;35;15.2;19;0;0;0;36;15.64;14;30;13.03;12;0;0;4;1.73;2;0;662;0.41;1;26 minutes;05:41;0;0;0;0;0;0;51%
BabyYukiko-6692;52;1;0;0;0;0;0;56,779;6,958.52;6,602;3,524;91;11.15;0;0;0;190;23.28;29;13;2.08;0;5;0;77;9.43;13;0;8;0;4;0;0;0;0;0;0;0;10;4;2;5;0;0;0;3;2;68;8.33;19;04:46;00:35;00:49;0;0;0;133;16.29;23;0;0;0;139;17.03;23;164;20.09;23;0;0;20;2.45;4;0;2,078;0.29;1;1 hour;01:22;0;0;0;0;0;0;46%
BahkirOFF-2447;0;0;0;0;0;0;0;36,379;7,443.5;5,980;3,367;40;8.18;0;0;0;68;13.91;11;8;1.7;0;0;0;21;4.29;6;1;5;1;3;0;0;0;0;8;0;0;10;5;2;3;0;0;0;4;3;18;3.68;6;01:41;00:20;00:19;0;0;0;58;11.86;8;0;0;0;31;6.34;8;67;13.7;11;0;0;3;0.61;2;1;860;0.28;1;50 minutes;02:09;0;2;0;0;0;0;61%
BBQSHR1MP-2540;4152;0;0;0;0;0;0;3,457;13,235.48;3,457;3,319;1;3.82;0;0;0;10;38.28;10;9;10;0;0;0;3;11.48;3;0;0;0;0;0;0;0;0;9;0;0;1;0;0;0;0;0;0;0;0;0;0;0;0;0;0;0;0;0;1;3.82;1;0;0;0;7;26.8;7;1;3.82;1;0;0;0;0;0;0;48;0.23;0;3 minutes;0;0;0;0;0;0;0;100%
Bezmoa-2734;2294;4;0;0;0;0;0;45,906;4,991.58;3,133;1,920;87;9.45;0;0;0;163;17.72;13;8;1.87;0;0;0;63;6.85;6;2;9;0;7;0;0;0;0;8;0;0;22;10;4;8;0;0;0;0;0;66;7.17;9;06:13;00:40;00:41;0;0;0;135;14.67;12;0;0;0;117;12.72;12;154;16.74;16;0;0;25;2.71;2;0;2,045;0.35;1;1 hour;07:47;0;0;0;0;0;0;71%
birgirpall-2824;61;0;0;0;0;0;0;907;4,417.36;907;639;3;14.6;0;0;0;1;4.86;1;1;0.33;0;0;0;0;0;0;0;0;0;0;0;0;0;0;1;0;0;0;0;0;0;0;0;0;0;0;0;0;0;0;0;0;0;0;0;0;0;0;0;0;0;1;4.86;1;4;19.47;4;0;0;0;0;0;0;35;0.18;0;3 minutes;0;0;0;0;0;0;0;100%
Bleedzz-2117;3550;0;0;0;0;0;0;1,609;15,437.82;1,609;1,594;1;9.59;0;0;0;4;38.38;4;4;4;0;1;0;2;19.19;2;0;0;0;0;0;0;0;0;4;0;0;1;0;0;0;0;0;0;0;0;3;28.79;3;00:07;01:16;00:07;0;0;0;2;19.19;2;0;0;0;3;28.79;3;0;0;0;0;0;0;0;0;0;21;0.2;0;1 minute;0;0;0;0;0;0;0;0
BluStar-2121;3078;0;0;0;0;0;0;808;7,517.38;808;808;1;9.3;0;0;0;0;0;0;0;0;0;0;0;0;0;0;0;0;0;0;0;0;0;0;0;0;0;0;0;0;0;0;0;0;0;0;0;0;0;0;0;0;0;0;0;0;0;0;0;0;0;0;0;0;0;0;0;0;0;0;0;0;0;2;0.02;0;1 minute;0;0;0;0;0;0;0;100%
Bogey-2614;0;0;0;0;0;0;0;24,041;6,680.05;4,868;3,671;14;3.89;0;0;0;48;13.33;18;15;3.42;0;0;0;23;6.39;8;2;4;0;2;0;0;0;0;15;0;0;3;2;1;1;0;0;0;3;1;12;3.33;4;00:38;00:10;00:22;0;0;0;27;7.5;6;0;0;0;35;9.72;16;38;10.55;7;0;0;4;1.11;2;0;755;0.31;1;39 minutes;00:33;0;0;0;0;0;0;46%
Boosted-11707;67;0;0;0;0;0;0;25,590;8,075.28;4,631;2,592;30;9.46;0;0;0;77;24.29;19;9;2.56;0;1;0;37;11.67;11;0;3;0;2;0;0;0;0;9;0;0;7;3;1;2;0;0;0;0;0;23;7.25;5;01:46;00:33;00:26;0;0;0;48;15.14;9;0;0;0;43;13.56;10;56;17.67;13;0;0;8;2.52;3;0;821;0.3;0;45 minutes;01:35;0;0;0;0;0;0;71%
brian-31216;2824;0;0;0;0;0;0;2,076;7,169.59;2,076;773;3;10.36;0;0;0;5;17.26;5;3;1.66;0;0;0;1;3.45;1;0;0;0;0;0;0;0;0;3;0;0;0;0;0;0;0;0;0;0;0;4;13.81;4;00:08;00:30;00:08;0;0;0;2;6.9;2;0;0;0;4;13.81;4;3;10.36;3;0;0;0;0;0;0;41;0.17;0;3 minutes;0;0;0;0;0;0;0;0
Bubatsu-2308;3100;0;0;0;0;0;0;7,897;7,856.82;4,449;2,099;11;10.94;0;0;0;18;17.9;12;6;1.63;0;2;0;3;2.98;3;1;1;0;0;0;0;0;0;6;0;0;1;1;0;0;0;0;0;0;0;12;11.93;7;00:49;00:49;00:41;0;0;0;15;14.92;8;0;0;0;12;11.93;8;31;30.84;22;0;0;1;0.99;1;0;246;0.25;0;15 minutes;0;0;0;0;0;0;0;0
BUR1X-2303;3570;0;0;0;0;0;0;22,148;7,519.26;4,270;2,294;34;11.54;0;0;0;47;15.95;10;5;1.38;0;1;0;20;6.78;4;2;3;0;1;0;0;0;0;5;0;0;6;2;2;2;0;0;0;0;0;10;3.39;2;00:46;00:15;00:10;0;0;0;41;13.91;12;0;0;0;26;8.82;5;56;19.01;14;0;0;7;2.37;2;0;600;0.28;1;34 minutes;0;0;0;0;0;0;0;20%
Butsnozle-1387;1953;12;0;0;0;0;0;253,959;5,156.9;6,869;3,390;297;6.03;0;0;0;780;15.83;25;14;2.62;0;5;0;240;4.87;9;18;49;6;25;0;0;0;0;14;0;0;98;41;15;42;0;0;0;4;5;420;8.52;18;21:22;00:26;01:09;0;0;0;584;11.85;17;0;0;0;648;13.15;23;295;5.99;9;0;0;40;0.81;3;0;11,092;0.37;1;8 hours;20:56;0;0;0;0;0;0;49%
Buttkjolf-2349;3359;0;0;0;0;0;0;20,892;6,514.13;3,400;2,848;19;5.92;0;0;0;48;14.96;10;9;2.52;0;0;0;12;3.74;4;1;3;0;2;0;0;0;0;9;0;0;10;4;2;5;0;0;0;0;0;15;4.67;7;00:43;00:13;00:16;0;0;0;47;14.65;10;0;0;0;33;10.28;8;39;12.16;10;0;0;4;1.24;3;0;793;0.4;1;32 minutes;02:15;0;0;0;0;0;0;59%
Caccis-2474;2564;0;0;0;0;0;0;6,324;6,178.87;2,163;2,002;8;7.81;0;0;0;30;29.31;11;9;3.75;0;0;0;11;10.74;5;0;1;0;0;0;0;0;0;9;0;0;3;0;1;2;0;0;0;3;1;10;9.77;4;00:21;00:21;00:14;0;0;0;12;11.72;6;0;0;0;21;20.51;9;14;13.67;8;0;0;4;3.9;2;0;189;0.29;0;10 minutes;01:34;0;0;0;0;0;0;23%
Caletto-1547;62;1;0;0;0;0;0;41,855;10,285.23;4,380;4,133;37;9.09;0;0;0;124;30.47;19;15;3.35;0;1;0;63;15.48;10;0;4;0;3;0;0;0;0;15;0;0;14;5;5;4;0;0;0;3;3;45;11.05;10;02:02;00:30;00:18;0;0;0;78;19.16;9;0;0;0;51;12.53;14;66;16.21;10;0;0;16;3.93;4;0;1,117;0.34;1;54 minutes;06:58;0;0;0;0;0;0;64%
Chvank-2370;2714;0;0;0;0;0;0;63,238;11,078.21;8,116;5,720;41;7.18;0;0;0;120;21.02;14;12;2.92;0;1;0;49;8.58;5;2;6;1;4;0;0;0;0;12;0;0;13;6;4;3;0;0;0;3;5;23;4.02;4;01:00;00:10;00:13;0;0;0;77;13.48;15;0;0;0;51;8.93;10;103;18.04;24;0;0;17;2.97;3;0;1,492;0.4;1;1 hour;02:43;0;0;0;0;0;0;62%
Cicerone-2993;2729;0;0;0;0;0;0;1,438;9,457.65;1,028;958;2;13.15;0;0;0;0;0;0;0;0;0;0;0;0;0;0;0;0;0;0;0;0;0;0;0;0;0;0;0;0;0;0;0;0;0;0;0;0;0;00:16;01:48;00:13;0;0;0;0;0;0;0;0;0;0;0;0;1;6.57;1;0;0;0;0;0;0;0;0;0;1 minute;0;0;0;0;0;0;0;0
ClarieFarron-11811;3115;0;0;0;0;0;0;629;8,453.79;629;629;1;13.44;0;0;0;1;13.44;1;1;1;0;0;0;0;0;0;0;0;0;0;0;0;0;0;1;0;0;0;0;0;0;0;0;0;0;0;1;13.44;1;0;0;0;0;0;0;0;0;0;0;0;0;1;13.44;1;0;0;0;0;0;0;0;0;0;0;0;0;1 minute;0;0;0;0;0;0;0;0
Cojoness-1323;57;0;0;0;0;0;0;4,324;11,039.39;1,582;1,233;7;17.87;0;0;0;5;12.76;4;2;0.71;0;0;0;3;7.65;2;0;0;0;0;0;0;0;0;2;0;0;1;0;0;0;0;0;0;0;0;2;5.1;2;00:05;00:14;00:03;0;0;0;7;17.87;6;0;0;0;2;5.1;2;6;15.31;4;0;0;0;0;0;0;85;0.18;0;7 minutes;0;0;0;0;0;0;0;80%
Coldflame-2462;2848;0;0;0;0;0;0;2,772;7,257.01;2,772;2,385;1;2.61;0;0;0;8;20.94;8;6;8;0;0;0;3;7.85;3;0;0;0;0;0;0;0;0;6;0;0;2;1;0;1;0;0;0;0;0;3;7.85;3;00:12;00:32;00:12;0;0;0;6;15.71;6;0;0;0;5;13.09;5;4;10.47;4;0;0;1;2.61;1;0;98;0.38;0;4 minutes;01:42;0;0;0;0;0;0;100%
CRA2YDOG-3822;2393;0;0;0;0;0;0;19,232;8,807.98;6,057;5,327;21;9.61;0;0;0;36;16.48;9;7;1.71;0;1;0;19;8.7;6;1;2;0;1;0;0;0;0;7;0;0;3;1;0;2;0;0;0;0;0;7;3.2;4;00:15;00:07;00:08;0;0;0;29;13.28;6;0;0;0;22;10.07;7;18;8.24;8;0;0;2;0.91;1;0;670;0.46;1;23 minutes;0;0;0;0;0;0;0;34%
CrazyEngi-2876;3520;0;0;0;0;0;0;1,601;4,275.91;1,601;731;3;8.01;0;0;0;3;8.01;3;2;1;0;0;0;1;2.67;1;0;0;0;0;0;0;0;0;2;0;0;1;1;0;1;0;0;0;0;0;1;2.67;1;00:03;00:09;00:03;0;0;0;6;16.02;6;0;0;0;1;2.67;1;5;13.35;5;0;0;0;0;0;0;32;0.2;0;2 minutes;0;0;0;0;0;0;0;0
CrazyMageeee-6750;59;0;0;0;0;0;0;8,734;9,481.1;2,471;1,266;9;9.76;0;0;0;23;24.96;12;6;2.55;0;0;0;12;13.02;6;0;1;0;0;0;0;0;0;0;0;0;2;1;0;1;0;0;0;0;0;8;8.68;4;00:27;00:29;00:08;0;0;0;14;15.19;6;0;0;0;8;8.68;5;15;16.28;9;0;0;4;4.34;2;0;173;0.19;0;14 minutes;01:43;0;0;0;0;0;0;37%
Crepe-11197;3000;0;0;0;0;0;0;4,534;6,404.83;1,890;1,126;9;12.71;0;0;0;16;22.6;7;4;1.77;0;0;0;5;7.06;3;0;1;0;0;0;0;0;0;4;0;0;1;0;0;1;0;0;0;3;1;2;2.82;2;0;0;0;0;0;0;14;19.77;6;0;0;0;11;15.53;5;18;25.42;8;0;0;3;4.23;2;0;135;0.19;0;11 minutes;0;0;0;0;0;0;0;67%
Cyanide-21341;0;0;0;0;0;0;0;622;4,809.36;622;465;2;15.45;0;0;0;2;15.45;2;1;1;0;0;0;1;7.72;1;0;0;0;0;0;0;0;0;1;0;0;0;0;0;0;0;0;0;0;0;0;0;0;0;0;0;0;0;0;0;0;0;0;0;0;0;0;0;1;7.72;1;0;0;0;0;0;0;2;0.01;0;1 minute;0;0;0;0;0;0;0;0
cYpheR-2850;4430;0;0;0;0;0;0;5,784;10,571.52;2,903;1,895;7;12.79;0;0;0;19;34.72;9;6;2.71;0;0;0;6;10.96;4;0;1;0;0;0;0;0;0;6;0;0;2;1;0;1;0;0;0;0;0;0;0;0;00:08;00:14;00:08;0;0;0;11;20.1;8;0;0;0;16;29.24;8;16;29.24;11;0;0;0;0;0;0;152;0.26;0;9 minutes;0;0;0;0;0;0;0;87%
Cypherian-2902;0;6;0;0;0;0;0;102,169;8,293.48;6,465;4,660;88;7.14;0;0;0;313;25.4;22;17;3.55;0;1;0;140;11.36;12;1;12;1;10;0;0;0;0;17;0;0;36;14;8;15;1;1;0.08;3;4;80;6.49;12;05:51;00:28;00:37;0;0;0;147;11.93;12;0;0;0;181;14.69;19;141;11.44;16;0;0;41;3.32;4;0;2,948;0.41;1;1 hour;17:22;0;2;0;0;0;0;77%
Cyric-21611;614;0;0;0;0;0;0;17,761;4,885.49;4,869;1,722;34;9.35;0;0;0;22;6.05;10;3;0.64;0;0;0;12;3.3;4;4;4;0;0;0;0;0;0;3;0;0;5;1;3;2;0;0;0;0;0;5;1.37;2;00:34;00:09;00:13;0;0;0;30;8.25;10;0;0;0;9;2.47;5;40;11;10;0;0;4;1.1;2;0;416;0.17;0;40 minutes;0;0;0;0;0;0;0;0
d1vid3byz3r0-1331;2923;0;0;0;0;0;0;7,939;7,968.97;4,355;1,941;11;11.04;0;0;0;20;20.07;12;6;1.81;0;0;0;11;11.04;8;0;1;0;1;0;0;0;0;6;0;0;2;0;1;1;0;0;0;0;0;4;4.01;2;00:35;00:35;00:18;0;0;0;13;13.04;9;0;0;0;8;8.03;5;27;27.1;19;0;0;3;3.01;2;0;307;0.37;0;13 minutes;00:40;0;0;0;0;0;0;100%
Darthfrosty-2752;0;1;0;0;0;0;0;20,552;7,479.85;5,954;2,769;25;9.09;0;0;0;62;22.56;18;8;2.48;0;0;0;33;12.01;9;2;3;0;1;2;0.83;0;150;8;0;0;6;4;0;2;0;0;0;0;0;30;10.91;9;01:12;00:26;00:26;0;0;0;37;13.46;14;0;0;0;24;8.73;9;62;22.56;18;0;0;12;4.36;6;0;606;0.29;0;34 minutes;04:57;0;0;0;0;0;0;37%
DasNudel28-2964;3000;0;0;0;0;0;0;0;0;0;0;0;0;0;0;0;0;0;0;0;0;0;0;0;0;0;0;0;0;0;0;0;0;0;0;0;0;0;0;0;0;0;0;0;0;0;0;0;0;0;0;0;0;0;0;0;0;0;0;0;0;0;0;0;0;1;6.53;1;0;0;0;0;0;0;0;0;0;1 minute;0;0;0;0;0;0;0;0
Dave-24956;4216;0;0;0;0;0;0;5,691;14,803.17;2,687;2,687;4;10.4;0;0;0;7;18.2;6;5;1.75;0;0;0;3;7.8;2;0;0;0;0;0;0;0;0;5;0;0;1;0;1;1;0;0;0;0;0;3;7.8;3;00:11;00:30;00:11;0;0;0;7;18.2;6;0;0;0;3;7.8;3;5;13;4;0;0;1;2.6;1;0;86;0.23;0;5 minutes;00:20;0;0;0;0;0;0;40%
DAWegaaa-2274;2790;1;0;0;0;0;0;34,880;7,796.03;5,005;4,979;34;7.59;0;0;0;99;22.12;15;13;2.91;0;0;0;49;10.95;7;2;4;1;2;0;0;0;0;13;0;0;11;4;2;4;0;0;0;3;2;46;10.28;9;02:07;00:28;00:18;0;0;0;60;13.41;8;0;0;0;51;11.39;9;61;13.63;9;0;0;12;2.68;4;0;1,148;0.39;1;48 minutes;06:24;0;0;0;0;0;0;50%
DeadlyKitten-219438;2456;0;0;0;0;0;0;740;1,868.45;740;260;5;12.62;0;0;0;5;12.62;5;3;1;0;0;0;1;2.52;1;0;0;0;0;0;0;0;0;3;0;0;2;0;0;2;0;0;0;3;1;1;2.52;1;00:06;00:16;00:06;0;0;0;4;10.1;4;0;0;0;3;7.57;3;4;10.1;4;0;0;1;2.52;1;0;58;0.36;0;2 minutes;0;0;0;0;0;0;0;0
Deaths-2260;2578;8;0;0;0;0;0;153,652;8,510.02;7,999;5,003;130;7.2;0;0;0;381;21.1;19;16;2.93;0;3;0;162;8.97;10;5;18;1;12;0;0;0;0;16;0;0;48;15;18;16;0;0;0;4;5;131;7.25;11;07:10;00:23;01:24;0;0;0;222;12.29;18;0;0;0;232;12.84;13;257;14.23;27;0;0;43;2.38;3;0;4,306;0.38;1;3 hours;27:47;0;0;0;0;0;0;65%
Demonslacker-2973;2908;0;0;0;0;0;0;35,939;7,140.36;5,172;3,445;34;6.75;0;0;0;82;16.29;15;12;2.41;0;2;0;32;6.35;8;1;5;1;3;0;0;0;0;12;0;0;13;3;4;6;0;0;0;0;0;39;7.74;7;02:32;00:30;00:21;0;0;0;59;11.72;9;0;0;0;35;6.95;7;68;13.51;12;0;0;8;1.58;4;0;1,140;0.34;1;54 minutes;06:08;0;0;0;0;0;0;60%
DERPGUYZ-1495;2867;0;0;0;0;0;0;18,635;5,178.22;3,668;3,025;22;6.11;0;0;0;57;15.83;11;7;2.59;0;0;0;22;6.11;5;2;4;0;1;0;0;0;0;7;0;0;10;4;3;3;0;0;0;0;0;25;6.94;5;02:29;00:41;00:38;0;0;0;36;10;10;0;0;0;21;5.83;4;37;10.28;8;0;0;9;2.5;2;0;535;0.26;1;34 minutes;02:15;0;0;0;0;0;0;23%
Deso-11717;54;1;0;0;0;0;0;14,994;5,515.19;3,108;3,108;17;6.25;0;0;0;43;15.81;14;14;2.52;0;0;0;19;6.98;5;0;3;0;1;0;0;0;0;14;0;0;9;2;3;3;0;0;0;3;2;23;8.45;10;01:58;00:43;00:30;0;0;0;24;8.82;6;0;0;0;28;10.29;10;35;12.87;10;0;0;4;1.47;1;0;621;0.32;1;31 minutes;0;0;0;0;0;0;0;44%
Despire-1963;0;6;0;0;0;0;0;126,056;7,515.85;7,230;5,016;112;6.67;0;0;0;375;22.35;27;19;3.34;0;0;0;165;9.83;11;4;17;0;13;1,255,578;74,862;0;99;19;0;0;43;14;9;20;0;0;0;5;3;154;9.18;14;07:42;00:27;00:33;0;0;0;246;14.66;17;271,969;25.3;0;220;13.11;20;206;12.28;16;0;0;35;2.08;3;0;4,076;0.37;1;2 hours;09:53;0;3;0;0;0;0;76%
Dest-1774;80;0;0;0;0;0;0;26,010;3,715.76;3,138;2,077;27;3.85;0;0;0;80;11.42;11;11;2.96;0;0;0;36;5.14;6;0;7;0;7;0;0;0;0;11;0;0;17;7;3;7;0;0;0;3;1;28;4;5;01:47;00:15;00:23;0;0;0;51;7.28;6;0;0;0;34;4.85;5;58;8.28;9;0;0;7;1;2;0;1,312;0.42;1;51 minutes;00:12;0;0;0;0;0;0;93%
DevjlCloudVN-1911;2972;0;0;0;0;0;0;83,215;5,731.24;3,779;2,355;103;7.09;0;0;0;257;17.7;13;10;2.49;0;1;0;102;7.02;6;5;15;2;7;0;0;0;52;10;0;0;36;8;9;19;0;0;0;4;2;79;5.44;10;04:34;00:18;00:25;0;0;0;176;12.12;9;0;0;0;168;11.57;12;162;11.15;8;0;0;20;1.37;2;0;3,428;0.36;1;2 hours;01:10;0;0;0;0;0;0;50%
disura-2599;0;0;0;0;0;0;0;6,022;5,728.19;2,722;1,217;5;4.75;0;0;0;16;15.21;7;3;3.2;0;0;0;5;4.75;4;0;1;0;1;0;0;0;0;3;0;0;1;0;0;1;0;0;0;0;0;0;0;0;00:08;00:07;00:04;0;0;0;14;13.31;11;0;0;0;11;10.46;5;10;9.51;7;0;0;1;0.95;1;0;156;0.28;0;9 minutes;00:20;0;0;0;0;0;0;81%
Dogmod-2179;2679;1;0;0;0;0;0;37,327;7,528.14;4,959;4,077;33;6.65;0;0;0;97;19.56;15;11;2.93;0;1;0;36;7.26;8;1;5;0;4;0;0;0;0;11;0;0;13;5;2;6;0;0;0;0;0;22;4.43;6;03:35;00:43;02:07;0;0;0;64;12.9;11;0;0;0;53;10.68;9;79;15.93;10;0;0;9;1.81;2;0;1,272;0.42;1;49 minutes;05:20;0;0;0;0;0;0;73%
doomsday199X-2479;4082;0;0;0;0;0;0;11,298;7,804.64;4,077;2,810;9;6.21;0;0;0;22;15.19;10;6;2.44;0;0;0;4;2.76;2;1;1;0;0;0;0;0;0;6;0;0;4;1;0;2;0;0;0;5;1;2;1.38;1;00:11;00:07;00:06;0;0;0;11;7.59;10;0;0;0;13;8.98;9;8;5.52;7;0;0;1;0.69;1;0;255;0.35;1;12 minutes;0;0;0;0;0;0;0;18%
Drania-21760;2443;0;0;0;0;0;0;319;2,111.82;319;319;1;6.62;0;0;0;1;6.62;1;1;1;0;0;0;1;6.62;1;0;0;0;0;246;1,631;246;246;1;0;0;0;0;0;0;0;0;0;0;0;2;4.59;2;00:00;00:01;00:00;1;7;1;1;2.29;1;0;0;0;2;4.59;2;7;16.07;4;38;7;0;0;0;0;16;0.07;0;43.78987698070705 seconds;0;0;0;18%;0;0;0;0
DrDawg-2329;2728;2;0;0;0;0;0;20,447;6,216.11;4,631;4,631;15;4.56;0;0;0;56;17.02;19;19;3.73;0;1;0;20;6.08;7;1;3;0;2;0;0;0;0;19;0;0;6;1;1;3;0;0;0;0;0;8;2.43;3;00:48;00:14;00:20;0;0;0;28;8.51;6;0;0;0;36;10.94;12;34;10.33;7;0;0;2;0.6;1;0;498;0.33;1;25 minutes;01:21;0;0;0;0;0;0;64%
Drosan-2238;0;0;0;0;0;0;0;9,186;7,050.98;2,968;2,391;10;7.67;0;0;0;17;13.04;8;8;1.7;0;0;0;7;5.37;3;1;1;0;0;0;0;0;0;8;0;0;3;1;1;1;0;0;0;0;0;1;0.76;1;00:28;00:21;00:19;0;0;0;30;23.02;11;0;0;0;10;7.67;4;16;12.28;9;0;0;1;0.76;1;0;208;0.31;0;10 minutes;0;0;0;0;0;0;0;0
DrunkDwarf-2325;3084;5;0;0;0;0;0;99,618;7,922.44;8,280;5,400;71;5.64;0;0;0;290;23.06;19;15;4.08;0;0;0;98;7.79;9;3;13;1;9;0;0;0;0;15;0;0;36;10;11;15;1;1;0.07;4;4;51;4.05;7;02:35;00:12;00:27;0;0;0;132;10.49;12;0;0;0;166;13.2;12;121;9.62;11;0;0;27;2.14;3;0;2,854;0.4;1;1 hour;07:35;0;0;0;0;0;0;70%
Dup-2524;68;0;0;0;0;0;0;3,760;13,348.84;3,150;3,150;2;7.1;0;0;0;4;14.2;3;3;2;0;0;0;2;7.1;2;0;0;0;0;0;0;0;0;3;0;0;1;0;0;0;0;0;0;0;0;3;10.65;2;00:12;00:42;00:08;0;0;0;5;17.75;5;0;0;0;1;3.55;1;7;24.85;7;0;0;0;0;0;0;32;0.12;0;4 minutes;0;0;0;0;0;0;0;94%
dweeblebum-2430;2991;0;0;0;0;0;0;5,443;6,746.25;4,223;2,140;3;3.71;0;0;0;15;18.59;10;8;5;0;1;0;7;8.67;6;0;1;0;1;0;0;0;0;8;0;0;2;2;0;0;0;0;0;0;0;4;4.95;4;00:05;00:07;00:04;0;0;0;4;4.95;3;0;0;0;7;8.67;5;7;8.67;4;0;0;3;3.71;3;0;71;0.19;0;6 minutes;0;0;0;0;0;0;0;100%
eerpS-2719;4562;1;0;0;0;0;0;7,478;4,918.6;3,389;2,307;12;7.89;0;0;0;12;7.89;7;4;1;0;0;0;3;1.97;2;0;2;1;1;0;0;0;0;4;0;0;3;1;0;1;1;1;0.65;0;0;2;1.31;2;00:19;00:13;00:19;0;0;0;23;15.12;12;0;0;0;3;1.97;3;19;12.49;9;0;0;1;0.65;1;0;196;0.28;0;11 minutes;0;0;0;0;0;0;0;43%
Elistila-1478;2499;1;0;0;0;0;0;15,770;5,741.78;4,774;3,340;12;4.36;0;0;0;40;14.56;11;8;3.33;0;0;0;12;4.36;4;0;3;0;2;0;0;0;0;8;0;0;5;3;0;2;0;0;0;0;0;8;2.91;4;00:17;00:06;00:10;0;0;0;30;10.92;7;0;0;0;28;10.19;8;29;10.55;10;0;0;2;0.72;1;0;440;0.37;1;19 minutes;00:44;0;0;0;0;0;0;88%
Elite-2431;0;0;0;0;0;0;0;4,631;6,160.69;1,663;1,663;6;7.98;0;0;0;14;18.62;6;6;2.33;0;0;0;4;5.32;1;0;1;0;0;0;0;0;0;6;0;0;2;1;1;0;0;0;0;0;0;3;3.99;2;00:23;00:31;00:17;0;0;0;2;2.66;1;0;0;0;11;14.63;6;7;9.31;3;0;0;2;2.66;1;0;103;0.19;0;8 minutes;0;0;0;0;0;0;0;0
Emjay-2489;0;0;0;0;0;0;0;9,918;7,118.02;1,937;1,937;14;10.04;0;0;0;13;9.32;4;4;0.92;0;0;0;7;5.02;3;1;1;0;0;0;0;0;0;4;0;0;3;1;1;1;0;0;0;0;0;0;0;0;00:15;00:10;00:08;0;0;0;11;7.89;4;0;0;0;11;7.89;4;19;13.63;7;0;0;4;2.87;1;0;155;0.17;0;14 minutes;0;0;0;0;0;0;0;22%
emmanabcake-2648;2442;0;0;0;0;0;0;7,027;4,688.92;2,562;2,244;6;4;0;0;0;26;17.34;12;10;4.33;0;0;0;12;8;7;0;1;0;1;0;0;0;0;10;0;0;3;1;0;1;0;0;0;3;1;5;3.33;3;00:31;00:20;00:20;0;0;0;15;10;6;0;0;0;17;11.34;7;34;22.68;13;0;0;3;2;1;0;262;0.3;0;14 minutes;0;0;1;0;0;0;0;54%
ende-3181;1409;0;0;0;0;0;0;3,267;3,143.1;1,411;1,411;8;7.69;0;0;0;9;8.65;4;3;1.12;0;0;0;4;3.84;2;1;1;0;0;0;0;0;0;3;0;0;3;1;0;2;0;0;0;0;0;4;3.84;2;00:07;00:07;00:03;0;0;0;9;8.65;6;0;0;0;5;4.8;3;8;7.69;5;0;0;2;1.92;2;0;75;0.15;0;8 minutes;0;0;0;0;0;0;0;0
Enhasa-11378;3833;0;0;0;0;0;0;1,469;4,329.02;879;879;3;8.84;0;0;0;3;8.84;2;2;1;0;0;0;0;0;0;0;0;0;0;0;0;0;0;2;0;0;1;0;0;0;0;0;0;0;0;0;0;0;00:08;00:24;00:07;0;0;0;3;8.84;3;0;0;0;3;8.84;2;4;11.79;2;0;0;0;0;0;0;26;0.13;0;3 minutes;0;0;0;0;0;0;0;0
erTi-2546;2139;2;0;0;0;0;0;34,670;6,290.83;5,416;2,148;36;6.53;0;0;0;115;20.86;17;15;3.19;0;0;0;49;8.89;7;2;6;0;3;0;0;0;15;15;0;0;14;7;2;5;0;0;0;0;0;32;5.8;8;02:22;00:25;00:35;0;0;0;72;13.06;16;0;0;0;63;11.43;12;93;16.87;27;0;0;20;3.62;6;0;1,324;0.38;1;57 minutes;05:24;0;1;0;0;0;0;55%
eure-2396;3928;0;0;0;0;0;0;1,043;12,912.62;1,043;917;1;12.38;0;0;0;1;12.38;1;1;1;0;0;0;0;0;0;0;0;0;0;0;0;0;0;1;0;0;0;0;0;0;0;0;0;0;0;0;0;0;0;0;0;0;0;0;0;0;0;0;0;0;1;12.38;1;0;0;0;0;0;0;0;0;0;0;0;0;54.9838389987126 seconds;0;0;0;0;0;0;0;100%
Ex3ros-2819;0;0;0;0;0;0;0;5,205;8,915.04;4,305;1,866;4;6.85;0;0;0;8;13.7;8;4;2;0;0;0;4;6.85;4;0;1;0;1;0;0;0;0;4;0;0;1;1;0;1;0;0;0;0;0;0;0;0;0;0;0;0;0;0;0;0;0;0;0;0;4;6.85;4;4;6.85;4;0;0;1;1.71;1;0;192;0.64;1;4 minutes;0;0;0;0;0;0;0;100%
FenTyrris-2945;3000;0;0;0;0;0;0;2,982;6,918.33;2,982;2,809;1;2.31;0;0;0;11;25.51;11;8;11;0;0;0;2;4.63;2;0;0;0;0;0;0;0;0;8;0;0;0;0;0;0;0;0;0;3;1;3;6.95;3;00:00;00:01;00:00;0;0;0;4;9.27;4;0;0;0;9;20.87;9;0;0;0;0;0;1;2.31;1;0;168;0.68;1;4 minutes;00:40;0;0;0;0;0;0;100%
Ferth-2851;3031;0;0;0;0;0;0;4,089;9,928.57;2,303;1,427;5;12.14;0;0;0;19;46.13;12;7;3.8;0;0;0;8;19.42;4;0;0;0;0;0;0;0;0;7;0;0;1;1;0;0;0;0;0;0;0;2;4.85;1;00:11;00:28;00:08;0;0;0;11;26.71;6;0;0;0;12;29.14;8;6;14.57;3;0;0;1;2.42;1;0;99;0.25;0;6 minutes;00:55;0;0;0;0;0;0;0
FictioN-21592;2875;0;0;0;0;0;0;1,174;3,874.49;1,174;1,174;2;6.6;0;0;0;4;13.2;4;4;2;0;0;0;2;6.6;2;0;0;0;0;0;0;0;0;4;0;0;1;0;0;0;0;0;0;3;1;2;6.6;2;00:07;00:23;00:07;0;0;0;0;0;0;0;0;0;2;6.6;2;0;0;0;0;0;0;0;0;0;54;0.39;0;2 minutes;0;0;0;0;0;0;0;0
Fiction-21849;3000;0;0;0;0;0;0;969;1,507.18;969;969;0;0;0;0;0;3;4.66;3;3;0;0;0;0;1;1.55;1;0;1;0;1;0;0;0;0;3;0;0;1;0;0;1;0;0;0;0;0;3;4.66;3;00:00;00:00;00:00;0;0;0;2;3.11;2;0;0;0;2;3.11;2;2;3.11;2;0;0;0;0;0;0;170;0.7;1;4 minutes;0;0;0;0;0;0;0;100%
Fidg-21804;2727;0;0;0;0;0;0;5,558;8,476.87;3,710;2,318;4;6.1;0;0;0;15;22.87;8;7;3.75;0;0;0;7;10.67;4;0;1;0;0;0;0;0;0;7;0;0;1;0;1;0;0;0;0;0;0;4;6.1;2;00:20;00:31;00:17;0;0;0;6;9.15;6;0;0;0;9;13.72;5;18;27.45;11;0;0;2;3.05;2;0;189;0.46;1;6 minutes;0;0;0;0;0;0;0;50%
Finess-2649;0;0;0;0;0;0;0;685;3,820;685;343;3;16.72;0;0;0;0;0;0;0;0;0;0;0;0;0;0;0;0;0;0;0;0;0;0;0;0;0;0;0;0;0;0;0;0;0;0;0;0;0;0;0;0;0;0;0;0;0;0;0;0;0;0;0;0;6;33.45;6;0;0;0;0;0;0;5;0.03;0;2 minutes;0;0;0;0;0;0;0;0
FlyingMice-4345;75;0;0;0;0;0;0;49,736;10,460.27;7,235;5,690;35;7.36;0;0;0;123;25.86;15;10;3.51;0;1;0;50;10.51;8;0;5;0;4;0;0;0;0;10;0;0;10;5;1;5;0;0;0;3;2;38;7.99;7;01:45;00:22;00:20;0;0;0;78;16.4;12;0;0;0;64;13.46;9;86;18.08;15;0;0;11;2.31;2;0;1,449;0.43;1;55 minutes;01:37;0;0;0;0;0;0;87%
FranZBlond-2672;2594;0;0;0;0;0;0;1,546;8,883.41;1,546;689;3;17.24;0;0;0;5;28.73;5;4;1.66;0;0;0;1;5.74;1;0;0;0;0;0;0;0;0;4;0;0;0;0;0;0;0;0;0;0;0;2;11.49;2;00:12;01:09;00:12;0;0;0;6;34.48;6;0;0;0;5;28.73;5;4;22.99;4;0;0;0;0;0;0;61;0.31;0;3 minutes;0;0;0;0;0;0;0;0
Frostnium-1430;2313;0;0;0;0;0;0;893;10,580.48;893;893;1;11.85;0;0;0;1;11.85;1;1;1;0;0;0;1;11.85;1;0;0;0;0;0;0;0;0;1;0;0;0;0;0;0;0;0;0;0;0;0;0;0;00:00;00:04;00:00;0;0;0;0;0;0;0;0;0;1;11.85;1;1;11.85;1;0;0;1;11.85;1;0;0;0;0;51.8652510009706 seconds;0;0;0;0;0;0;0;0
GeelHaar-2945;2706;0;0;0;0;0;0;8,762;11,125.5;2,625;2,496;8;10.15;0;0;0;18;22.85;9;8;2.25;0;0;0;10;12.69;5;1;1;0;0;0;0;0;0;8;0;0;1;0;0;1;0;0;0;0;0;5;6.34;2;00:24;00:31;00:10;0;0;0;13;16.5;7;0;0;0;11;13.96;6;15;19.04;10;0;0;3;3.8;2;0;186;0.29;0;10 minutes;0;0;0;0;0;0;0;22%
Genjesus-1783;48;0;0;0;0;0;0;14,868;10,915.34;4,637;3,020;14;10.27;0;0;0;54;39.64;17;11;3.85;0;1;0;20;14.68;7;1;1;0;0;0;0;0;0;11;0;0;4;2;1;2;0;0;0;3;1;19;13.94;8;00:53;00:39;00:18;0;0;0;20;14.68;8;0;0;0;38;27.89;13;28;20.55;13;0;0;7;5.13;3;0;506;0.38;1;22 minutes;00:44;0;0;0;0;0;0;33%
ghost-210834;4223;0;0;0;0;0;0;1,945;12,338.77;1,945;1,945;0;0;0;0;0;2;12.68;2;2;0;0;0;0;1;6.34;1;0;0;0;0;0;0;0;0;2;0;0;0;0;0;0;0;0;0;0;0;0;0;0;0;0;0;0;0;0;0;0;0;0;0;0;0;0;0;1;6.34;1;0;0;1;6.34;1;0;6;0.05;0;1 minute;0;0;0;0;0;0;0;0
GhostDragon-153648;26;0;0;0;0;0;0;10,732;3,480.3;2,405;1,252;25;8.1;0;0;0;36;11.67;8;5;1.44;0;0;0;17;5.51;5;0;3;0;1;0;0;0;0;5;0;0;5;4;0;1;0;0;0;0;0;13;4.21;3;01:15;00:24;00:23;0;0;0;15;4.86;8;0;0;0;20;6.48;6;39;12.64;12;0;0;4;1.29;1;0;367;0.18;0;33 minutes;00:05;0;0;0;0;0;0;47%
Giterato-2482;3000;0;0;0;0;0;0;1,320;7,528.42;1,320;520;3;17.1;0;0;0;3;17.1;3;1;1;0;0;0;0;0;0;0;0;0;0;0;0;0;0;1;0;0;1;0;0;0;0;0;0;0;0;1;5.7;1;00:06;00:37;00:06;0;0;0;6;34.2;6;0;0;0;1;5.7;1;2;11.4;2;0;0;0;0;0;0;49;0.35;0;2 minutes;0;0;0;0;0;0;0;0
Godman-1471;3601;0;0;0;0;0;0;1,338;1,694.99;1,107;616;5;6.33;0;0;0;5;6.33;3;2;1;0;0;0;2;2.53;1;0;1;0;1;0;0;0;0;2;0;0;3;1;0;3;0;0;0;0;0;0;0;0;0;0;0;0;0;0;3;3.8;3;0;0;0;5;6.33;3;3;3.8;2;0;0;0;0;0;0;109;0.29;0;6 minutes;0;0;0;0;0;0;0;71%
Gofer-2706;3277;1;0;0;0;0;0;10,791;7,982.86;4,788;3,843;7;5.17;0;0;0;36;26.63;10;8;5.14;0;0;0;11;8.13;5;0;1;0;1;0;0;0;0;8;0;0;2;1;0;1;0;0;0;3;2;5;3.69;3;00:19;00:14;00:16;0;0;0;9;6.65;4;0;0;0;26;19.23;10;18;13.31;9;0;0;2;1.47;1;0;230;0.27;1;14 minutes;00:20;0;0;0;0;0;0;69%
Golden-1654;74;0;0;0;0;0;0;1,702;2,826.9;1,702;1,197;2;3.32;0;0;0;6;9.96;6;4;3;0;0;0;2;3.32;2;0;1;0;1;0;0;0;0;4;0;0;1;1;0;0;0;0;0;0;0;0;0;0;0;0;0;0;0;0;5;8.3;5;0;0;0;3;4.98;3;2;3.32;2;0;0;0;0;0;0;131;0.54;1;4 minutes;0;0;0;0;0;0;0;100%
Goosen-21913;3522;0;0;0;0;0;0;7,369;10,211.78;3,408;1,998;6;8.31;0;0;0;14;19.39;11;6;2.33;0;0;0;3;4.15;2;0;1;0;0;0;0;0;0;6;0;0;2;0;0;1;0;0;0;0;0;5;6.92;5;00:06;00:09;00:02;0;0;0;12;16.62;6;0;0;0;10;13.85;9;14;19.39;6;0;0;0;0;0;0;261;0.47;1;9 minutes;0;0;0;0;0;0;0;46%
GRAMARIOBOI-2882;3333;0;0;0;0;0;0;1,511;11,625.98;1,511;1,491;2;15.39;0;0;0;3;23.08;3;3;1.5;0;0;0;1;7.69;1;0;0;0;0;0;0;0;0;3;0;0;0;0;0;0;0;0;0;0;0;0;0;0;00:01;00:14;00:01;0;0;0;2;15.39;2;0;0;0;2;15.39;2;3;23.08;3;0;0;0;0;0;0;20;0.14;0;2 minutes;0;0;0;0;0;0;0;0
Grifster-21910;2581;0;0;0;0;0;0;12,235;8,567.11;3,451;2,003;16;11.2;0;0;0;29;20.3;12;8;1.81;0;0;0;18;12.6;8;0;1;0;1;0;0;0;0;8;0;0;3;1;1;1;0;0;0;0;0;11;7.7;8;00:32;00:22;00:19;0;0;0;15;10.5;10;0;0;0;8;5.6;2;17;11.9;8;0;0;8;5.6;4;0;274;0.27;1;16 minutes;01:56;0;0;0;0;0;0;73%
guardkiller6-1557;2656;0;0;0;0;0;0;3,760;16,496.78;2,770;1,051;6;26.32;0;0;0;8;35.09;7;3;1.33;0;0;0;4;17.54;3;0;0;0;0;0;0;0;0;3;0;0;0;0;0;0;0;0;0;0;0;0;0;0;00:05;00:22;00:05;0;0;0;1;4.38;1;0;0;0;6;26.32;5;7;30.71;6;0;0;0;0;0;0;43;0.14;0;4 minutes;0;0;0;0;0;0;0;0
GunroX-1810;4256;0;0;0;0;0;0;2,267;19,253.01;2,267;1,962;1;8.49;0;0;0;4;33.96;4;4;4;0;0;0;1;8.49;1;0;0;0;0;0;0;0;0;4;0;0;0;0;0;0;0;0;0;0;0;1;8.49;1;00:00;00:02;00:00;0;0;0;1;8.49;1;0;0;0;1;8.49;1;4;33.96;4;0;0;1;8.49;1;0;77;0.53;1;2 minutes;0;0;0;0;0;0;0;100%
Gunslinger-2344;0;6;0;0;0;0;0;66,872;6,104.3;5,668;5,668;39;3.56;0;0;0;210;19.16;17;17;5.38;0;2;0;70;6.38;8;1;11;0;10;0;0;0;0;17;0;0;31;13;7;11;0;0;0;0;0;70;6.38;7;03:11;00:17;00:29;0;0;0;102;9.31;8;0;0;0;154;14.05;13;116;10.58;10;0;0;22;2;2;0;2,488;0.47;1;1 hour;04:57;0;0;0;0;0;0;87%
Gurru-2494;0;0;0;0;0;0;0;1,662;6,875.86;1,547;958;4;16.55;0;0;0;6;24.82;5;3;1.5;0;0;0;5;20.69;4;0;0;0;0;0;0;0;0;3;0;0;0;0;0;0;0;0;0;0;0;4;16.55;4;00:18;01:15;00:14;0;0;0;6;24.82;6;0;0;0;6;24.82;5;2;8.27;2;0;0;0;0;0;0;31;0.15;0;3 minutes;00:08;0;0;0;0;0;0;63%
hab1b-1437;3503;0;0;0;0;0;0;761;8,548.14;761;530;1;11.23;0;0;0;0;0;0;0;0;0;0;0;0;0;0;0;0;0;0;0;0;0;0;0;0;0;0;0;0;0;0;0;0;0;0;0;0;0;00:01;00:15;00:01;0;0;0;1;11.23;1;0;0;0;0;0;0;4;44.92;4;0;0;0;0;0;0;6;0.06;0;1 minute;0;0;0;0;0;0;0;0
hafal-2761;4372;0;0;0;0;0;0;5,722;9,155.45;3,388;1,734;6;9.6;0;0;0;14;22.4;10;5;2.33;0;0;0;3;4.8;3;0;1;0;0;0;0;0;0;5;0;0;1;0;0;1;0;0;0;0;0;3;4.8;3;00:08;00:13;00:06;0;0;0;10;16;7;0;0;0;11;17.6;8;14;22.4;12;0;0;1;1.6;1;0;71;0.16;0;7 minutes;0;0;0;0;0;0;0;20%
Hannibal119-2356;2595;0;0;0;0;0;0;3,488;6,975.7;3,488;2,422;3;5.99;0;0;0;7;13.99;7;4;2.33;0;0;0;3;5.99;3;0;1;1;0;0;0;0;0;4;0;0;1;1;0;1;0;0;0;0;0;0;0;0;00:02;00:04;00:02;0;0;0;8;15.99;8;0;0;0;4;7.99;4;6;11.99;6;0;0;0;0;0;0;51;0.21;0;3 minutes;0;0;0;0;0;0;0;0
Hanzo-21212;2699;0;0;0;0;0;0;8,615;10,331;3,566;1,678;7;8.39;0;0;0;14;16.78;5;3;2;0;0;0;6;7.19;2;0;1;0;0;0;0;0;0;3;0;0;3;1;1;1;0;0;0;0;0;8;9.59;4;00:13;00:16;00:11;0;0;0;6;7.19;6;0;0;0;5;5.99;4;6;7.19;2;0;0;3;3.59;2;0;161;0.29;1;9 minutes;0;0;0;0;0;0;0;54%
Hardy-21802;2494;0;0;0;0;0;0;305;1,504.58;305;158;1;4.92;0;0;0;1;4.92;1;1;1;0;0;0;1;4.92;1;0;0;0;0;0;0;0;0;1;0;0;0;0;0;0;0;0;0;0;0;1;4.92;1;00:00;00:02;00:00;0;0;0;0;0;0;0;0;0;0;0;0;1;4.92;1;0;0;0;0;0;0;0;0;0;1 minute;0;0;0;0;0;0;0;0
Hasse-21383;3519;0;0;0;0;0;0;3,697;11,343.63;2,856;1,647;4;12.27;0;0;0;7;21.48;6;4;1.75;0;1;0;3;9.2;2;0;0;0;0;0;0;0;0;4;0;0;0;0;0;0;0;0;0;0;0;1;3.06;1;00:09;00:28;00:09;0;0;0;5;15.34;4;0;0;0;2;6.13;1;10;30.68;7;0;0;0;0;0;0;103;0.34;0;5 minutes;0;0;0;0;0;0;0;61%
Headpool-2556;2459;2;0;0;0;0;0;18,331;7,170.12;3,817;2,229;16;6.25;0;0;0;65;25.42;23;13;4.06;0;0;0;21;8.21;9;0;3;0;2;0;0;0;0;13;0;0;8;2;3;3;0;0;0;0;0;32;12.51;12;01:04;00:25;00:21;0;0;0;16;6.25;6;0;0;0;53;20.73;20;36;14.08;11;0;0;2;0.78;1;0;473;0.34;1;22 minutes;04:50;0;0;0;0;0;0;87%
Headshots-21991;2139;0;0;0;0;0;0;18,962;5,450.18;4,605;1,735;39;11.2;0;0;0;50;14.37;22;5;1.28;0;1;0;27;7.76;14;0;0;0;0;0;0;0;0;5;0;0;0;0;1;1;0;0;0;3;1;17;4.88;9;03:01;00:52;01:09;0;0;0;36;10.34;6;0;0;0;3;0.86;2;0;0;0;0;0;5;1.43;2;0;617;0.21;0;3.998907999135554 seconds;00:32;0;2;0;0;0;0;8%
HEEYA-3357;2201;3;0;0;0;0;0;46,702;9,205.25;5,160;5,143;23;4.53;0;0;0;117;23.06;18;15;5.08;0;0;0;39;7.68;6;1;5;0;3;0;0;0;0;15;0;0;14;3;5;5;0;0;0;3;2;20;3.94;5;01:12;00:14;00:18;0;0;0;48;9.46;6;0;0;0;80;15.76;14;39;7.68;6;0;0;13;2.56;2;0;1,295;0.48;1;44 minutes;05:19;0;0;0;0;0;0;63%
HeeYo-11434;2046;0;0;0;0;0;0;4,975;2,119.82;2,525;939;15;6.39;0;0;0;12;5.11;6;6;0.8;0;1;0;4;1.7;2;2;2;0;0;0;0;0;0;6;0;0;2;0;1;1;0;0;0;0;0;5;2.13;4;00:36;00:15;00:19;0;0;0;17;7.24;6;0;0;0;6;2.55;4;18;7.67;6;0;0;3;1.27;1;0;284;0.31;1;15 minutes;00:03;0;1;0;0;0;0;0
Helios-1782;74;1;0;0;0;0;0;13,646;6,541.07;2,721;2,043;12;5.75;0;0;0;45;21.57;12;7;3.75;0;0;0;17;8.14;5;0;2;0;2;0;0;0;0;7;0;0;4;1;0;3;0;0;0;3;2;19;9.1;6;00:38;00:18;00:21;0;0;0;30;14.38;6;0;0;0;30;14.38;7;28;13.42;8;0;0;3;1.43;1;0;464;0.42;1;18 minutes;00:32;0;0;0;0;0;0;82%
HelloBEAR-1295;3844;0;0;0;0;0;0;978;11,770.95;978;881;1;12.03;0;0;0;3;36.11;3;2;3;0;0;0;1;12.03;1;0;0;0;0;0;0;0;0;2;0;0;0;0;0;0;0;0;0;0;0;0;0;0;00:00;00:04;00:00;0;0;0;0;0;0;0;0;0;1;12.03;1;1;12.03;1;0;0;0;0;0;0;5;0.06;0;1 minute;0;0;0;0;0;0;0;100%
Hiper-2149;3000;0;0;0;0;0;0;2,403;5,640.23;2,403;1,221;2;4.69;0;0;0;3;7.04;3;2;1.5;0;0;0;1;2.34;1;0;0;0;0;0;0;0;0;2;0;0;1;1;0;0;0;0;0;0;0;1;2.34;1;00:02;00:06;00:02;0;0;0;3;7.04;3;0;0;0;1;2.34;1;6;14.08;6;0;0;1;2.34;1;0;49;0.25;0;3 minutes;0;0;0;0;0;0;0;0
HoilDaym7K-4639;1279;1;0;0;0;0;0;3,320;3,512.71;1,816;1,306;11;11.64;0;0;0;4;4.23;3;2;0.36;0;0;0;1;1.05;1;1;1;0;0;0;0;0;0;2;0;0;0;0;0;0;0;0;0;0;0;1;1.05;1;00:18;00:19;00:18;0;0;0;3;3.17;3;0;0;0;2;2.11;2;30;31.74;15;0;0;1;1.05;1;0;34;0.06;0;9 minutes;0;0;0;0;0;0;0;0
HoldenF-2370;2826;0;0;0;0;0;0;3,691;5,064.36;3,691;2,100;2;2.74;0;0;0;11;15.09;11;7;5.5;0;0;0;7;9.6;7;0;1;0;1;0;0;0;0;7;0;0;1;1;0;1;0;0;0;0;0;0;0;0;0;0;0;0;0;0;6;8.23;6;0;0;0;7;9.6;7;4;5.48;4;0;0;3;4.11;3;0;86;0.35;0;4 minutes;00:01;0;0;0;0;0;0;100%
HOlogrammer-2273;0;0;0;0;0;0;0;2,854;12,033.65;2,854;2,282;2;8.43;0;0;0;5;21.07;5;3;2.5;0;0;0;1;4.21;1;0;0;0;0;0;0;0;0;3;0;0;1;0;0;0;0;0;0;0;0;0;0;0;0;0;0;0;0;0;6;25.29;6;0;0;0;4;16.86;4;7;29.51;7;0;0;1;4.21;1;0;93;0.4;0;3 minutes;0;0;0;0;0;0;0;0
hotsforshots-11205;75;5;0;0;0;0;0;148,772;6,138.32;6,496;4,436;117;4.82;0;0;0;410;16.91;21;11;3.5;0;2;0;118;4.86;7;0;24;0;23;377,589;15,579.33;0;192;11;0;0;62;8;22;32;0;0;0;4;4;144;5.94;11;05:42;00:14;00:23;0;0;0;181;7.46;13;42,327;0;0;261;10.76;15;298;12.29;13;0;0;22;0.9;2;0;6,104;0.44;1;3 hours;00:54;0;0;0;0;0;0;93%
HuK-1212;77;0;0;0;0;0;0;11,115;6,654.95;3,727;1,895;13;7.78;0;0;0;34;20.35;14;10;2.61;0;0;0;9;5.38;3;0;2;0;0;198,663;118,951.73;0;65;10;0;0;2;2;0;1;0;0;0;0;0;11;6.58;5;00:21;00:12;00:09;0;0;0;18;10.77;8;20,866;0;0;23;13.77;7;23;13.77;10;0;0;2;1.19;1;0;221;0.19;0;18 minutes;00:59;0;0;0;0;0;0;21%
Hype-1391;77;0;0;0;0;0;0;11,635;6,457.79;3,284;2,704;10;5.55;0;0;0;31;17.2;11;7;3.1;0;0;0;7;3.88;3;0;2;0;2;0;0;0;0;7;0;0;6;2;2;2;0;0;0;0;0;12;6.66;7;00:20;00:11;00:05;0;0;0;20;11.1;6;0;0;0;18;9.99;7;18;9.99;7;0;0;0;0;0;0;490;0.51;1;15 minutes;00:19;0;0;0;0;0;0;83%
IDK-11494;65;0;0;0;0;0;0;3,269;5,820.77;1,643;1,626;3;5.34;0;0;0;10;17.8;6;6;3.33;0;0;0;2;3.56;1;0;1;0;0;0;0;0;0;0;0.39;0;2;0;0;2;0;0;0;0;0;5;8.9;3;00:13;00:24;00:08;0;0;0;8;14.24;5;0;0;0;5;8.9;5;8;14.24;4;0;0;0;0;0;0;183;0.5;1;6 minutes;0;0;0;0;0;0;0;71%
IekkAI-3307;2874;0;0;0;0;0;0;11,537;5,040.96;4,293;1,872;11;4.8;0;0;0;23;10.04;10;5;2.09;0;1;0;7;3.05;4;1;2;0;2;0;0;0;127;5;0;0;3;1;1;0;0;0;0;0;0;3;1.31;2;00:14;00:06;00:04;0;0;0;27;11.79;6;0;0;0;14;6.11;7;18;7.86;9;0;0;3;1.31;2;0;259;0.26;1;16 minutes;0;0;0;0;0;0;0;65%
iKriegz-1142;63;0;0;0;0;0;0;2,340;4,344.19;1,343;1,024;8;14.85;0;0;0;14;25.99;8;5;1.75;0;0;0;5;9.28;3;0;1;0;0;0;0;0;0;0;0;0;2;1;0;0;0;0;0;0;0;3;5.57;2;00:03;00:06;00:02;0;0;0;6;11.14;6;0;0;0;13;24.13;7;9;16.71;4;0;0;1;1.85;1;0;44;0.09;0;7 minutes;0;0;0;0;0;0;0;57%
iLka-2448;3238;0;0;0;0;0;0;11,189;7,370.86;5,183;5,183;11;7.24;0;0;0;23;15.15;13;13;2.09;0;1;0;5;3.29;3;1;2;1;0;0;0;0;0;13;0;0;2;1;1;1;0;0;0;3;1;3;1.97;1;00:09;00:06;00:03;0;0;0;16;10.54;6;0;0;0;10;6.58;5;24;15.81;9;0;0;0;0;0;0;301;0.31;1;16 minutes;0;0;0;0;0;0;0;0
ImHerpy-1154;3039;0;0;0;0;0;0;3,984;9,603.28;1,667;1,547;6;14.46;0;0;0;4;9.64;2;2;0.66;0;0;0;0;0;0;0;0;0;0;0;0;0;0;2;0;0;1;0;0;0;0;0;0;0;0;0;0;0;0;0;0;0;0;0;10;24.1;5;0;0;0;1;2.41;1;4;9.64;3;0;0;0;0;0;0;88;0.25;1;5 minutes;0;0;0;0;0;0;0;22%
inno-1953;2778;0;0;0;0;0;0;27,424;6,343.39;3,878;2,929;20;4.62;0;0;0;62;14.34;13;7;3.1;0;0;0;13;3;5;2;4;0;3;0;0;0;152;7;0;0;6;3;1;2;0;0;0;0;0;15;3.46;4;00:37;00:08;00:08;0;0;0;50;11.56;9;0;0;0;42;9.71;9;59;13.64;11;0;0;3;0.69;2;0;980;0.39;1;41 minutes;01:10;0;0;0;0;0;0;63%
INTERNETHULK-2984;3634;1;0;0;0;0;0;24,576;9,078.49;5,739;4,682;16;5.91;0;0;0;51;18.83;16;14;3.18;0;0;0;14;5.17;4;0;3;0;2;0;0;0;34;14;0;0;5;1;2;2;0;0;0;0;0;11;4.06;6;00:19;00:07;00:14;0;0;0;25;9.23;6;0;0;0;23;8.49;10;32;11.82;9;0;0;1;0.36;1;0;694;0.49;1;23 minutes;00:18;0;0;0;0;0;0;82%
Iowa-11470;3789;0;0;0;0;0;0;2,964;11,308.26;2,964;2,756;2;7.63;0;0;0;6;22.89;6;5;3;0;0;0;2;7.63;2;0;0;0;0;0;0;0;0;5;0;0;1;0;1;0;0;0;0;0;0;3;11.44;3;00:07;00:27;00:07;0;0;0;6;22.89;6;0;0;0;2;7.63;2;9;34.34;9;0;0;1;3.81;1;0;169;0.61;1;4 minutes;0;0;2;0;0;0;0;100%
IyD-2671;3531;0;0;0;0;0;0;5,889;6,715.44;4,399;3,806;3;3.42;0;0;0;10;11.4;8;6;3.33;0;0;0;5;5.7;4;0;1;0;1;0;0;0;0;6;0;0;1;1;0;0;0;0;0;0;0;2;2.28;1;00:04;00:05;00:02;0;0;0;10;11.4;6;0;0;0;7;7.98;6;7;7.98;7;0;0;3;3.42;2;0;168;0.54;1;5 minutes;00:40;0;0;0;0;0;0;92%
JesseJames-11680;2544;19;0;0;0;0;0;606,179;6,426.19;5,653;4,925;614;6.5;0;0;0;1,726;18.29;23;16;2.81;0;7;0;475;5.03;8;33;94;14;47;0;0;0;76;16;0;0;207;81;49;77;0;0;0;4;24;750;7.95;13;47:19;00:30;00:44;0;0;0;1,080;11.44;12;0;0;0;1,280;13.56;17;1,052;11.15;14;0;0;97;1.02;3;0;21,219;0.38;1;15 hours;44:30;0;0;0;0;0;0;50%
JesterTheMad-1984;2216;0;0;0;0;0;0;5,521;8,964.62;2,153;1,672;6;9.74;0;0;0;9;14.61;3;3;1.5;0;0;0;6;9.74;2;1;1;0;0;0;0;0;0;3;0;0;1;0;0;1;0;0;0;0;0;7;11.36;3;00:19;00:31;00:08;0;0;0;7;11.36;6;0;0;0;4;6.49;2;4;6.49;2;0;0;1;1.62;1;0;74;0.16;0;7 minutes;00:20;0;0;0;0;0;0;13%
jjlol-11226;2747;0;0;0;0;0;0;664;942.04;664;371;3;4.25;0;0;0;0;0;0;0;0;0;0;0;0;0;0;1;1;0;0;0;0;0;0;0;0;0;0;0;0;0;0;0;0;0;0;0;0;0;00:02;00:04;00:02;0;0;0;5;7.09;5;0;0;0;0;0;0;1;1.41;1;0;0;0;0;0;0;140;0.4;0;5 minutes;0;0;0;0;0;0;0;0
Joe-2697;2690;0;0;0;0;0;0;2,335;5,944.25;1,233;1,054;5;12.72;0;0;0;3;7.63;3;3;0.6;0;0;0;1;2.54;1;0;0;0;0;0;0;0;0;3;0;0;1;0;0;0;0;0;0;0;0;0;0;0;00:02;00:05;00:01;0;0;0;6;15.27;6;0;0;0;3;7.63;3;2;5.09;1;0;0;0;0;0;0;35;0.16;0;3 minutes;0;0;0;0;0;0;0;0
JohnRocket-21625;2907;0;0;0;0;0;0;6,750;5,363.05;4,699;1,425;12;9.53;0;0;0;13;10.32;12;5;1.08;0;3;0;5;3.97;4;1;1;0;0;0;0;0;0;5;0;0;2;1;0;1;0;0;0;0;0;3;2.38;3;00:13;00:10;00:13;0;0;0;10;7.94;5;0;0;0;7;5.56;7;1;0.79;1;0;0;0;0;0;0;162;0.17;1;15 minutes;0;0;0;0;0;0;0;0
Jonas-2295;3005;0;0;0;0;0;0;1,654;17,493.14;1,654;1,631;2;21.15;0;0;0;1;10.57;1;1;0.5;0;0;0;1;10.57;1;0;0;0;0;0;0;0;0;1;0;0;0;0;0;0;0;0;0;0;0;0;0;0;00:00;00:04;00:00;0;0;0;2;21.15;2;0;0;0;0;0;0;0;0;0;0;0;0;0;0;0;12;0.13;0;1 minute;0;0;0;0;0;0;0;0
JonnyBI-2703;2988;1;0;0;0;0;0;15,260;5,907.65;4,686;4,006;10;3.87;0;0;0;29;11.22;9;7;2.9;0;0;0;9;3.48;3;1;3;0;2;0;0;0;0;7;0;0;3;0;1;2;0;0;0;3;1;13;5.03;6;00:41;00:15;00:14;0;0;0;19;7.35;7;0;0;0;22;8.51;8;30;11.61;10;0;0;3;1.16;2;0;327;0.28;0;19 minutes;00:18;0;0;0;0;0;0;58%
JoonasH-2538;3807;0;0;0;0;0;0;1,043;6,007.53;1,043;950;1;5.76;0;0;0;2;11.52;2;2;2;0;0;0;1;5.76;1;0;0;0;0;0;0;0;0;2;0;0;1;0;0;1;0;0;0;0;0;0;0;0;00:01;00:08;00:01;0;0;0;0;0;0;0;0;0;1;5.76;1;0;0;0;0;0;0;0;0;0;0;0;0;51.796592003665864 seconds;0;0;0;0;0;0;0;0
juleZ-21329;3711;0;0;0;0;0;0;2,024;6,652.91;2,024;774;3;9.85;0;0;0;1;3.28;1;1;0.33;0;0;0;0;0;0;0;0;0;0;0;0;0;0;1;0;0;1;1;0;0;0;0;0;0;0;0;0;0;00:03;00:12;00:03;0;0;0;2;6.57;2;0;0;0;1;3.28;1;6;19.71;6;0;0;0;0;0;0;15;0.05;0;4 minutes;0;0;0;0;0;0;0;100%
Juthes-2778;2996;0;0;0;0;0;0;2,342;6,811.98;2,342;1,058;4;11.63;0;0;0;6;17.44;6;3;1.5;0;0;0;5;14.54;5;0;0;0;0;0;0;0;0;3;0;0;1;1;0;0;0;0;0;0;0;3;8.72;3;00:17;00:50;00:17;0;0;0;8;23.26;8;0;0;0;2;5.81;2;6;17.44;6;0;0;0;0;0;0;136;0.52;1;4 minutes;0;0;0;0;0;0;0;100%
Jzhu-1450;49;1;0;0;0;0;0;64,177;5,593.49;5,149;2,666;95;8.27;0;0;0;197;17.16;18;12;2.07;0;1;0;93;8.1;9;0;11;0;8;0;0;0;0;12;0;0;19;6;4;9;1;1;0.08;0;0;57;4.96;7;04:28;00:23;00:29;0;0;0;145;12.63;12;0;0;0;89;7.75;11;99;8.62;9;0;0;34;2.96;4;0;2,405;0.35;1;1 hour;05:17;0;0;0;0;0;0;67%
Kat-1959;0;1;0;0;0;0;0;10,141;7,141.18;4,250;3,958;5;3.52;0;0;0;30;21.12;17;14;6;0;0;0;10;7.04;6;0;1;0;1;183,185;129,003;0;162;14;0;0;3;2;0;1;0;0;0;0;0;8;5.63;5;00:25;00:18;00:12;0;0;0;13;9.15;7;20,913;24.25;0;14;9.85;11;18;12.67;6;0;0;3;2.11;2;0;476;0.55;1;14 minutes;00:16;0;0;0;0;0;0;97%
Kay3-2155;0;0;0;0;0;0;0;13,055;12,135.46;5,459;5,199;9;8.36;0;0;0;50;46.47;20;19;5.55;0;0;0;20;18.59;12;1;1;0;1;0;0;0;0;19;0;0;1;0;1;1;0;0;0;0;0;10;9.29;3;00:13;00:12;00:07;0;0;0;19;17.66;7;0;0;0;28;26.02;13;33;30.67;12;0;0;3;2.78;2;0;318;0.33;1;15 minutes;04:55;0;0;0;0;0;0;47%
KenKen-2364;3298;0;0;0;0;0;0;3,242;7,085.13;1,768;1,248;5;10.92;0;0;0;6;13.11;4;3;1.2;0;0;0;2;4.37;1;0;0;0;0;0;0;0;0;3;0;0;1;0;0;1;0;0;0;0;0;3;6.55;2;00:20;00:44;00:14;0;0;0;11;24.03;6;0;0;0;5;10.92;4;4;8.74;4;0;0;0;0;0;0;75;0.3;0;4 minutes;0;0;0;0;0;0;0;0
Keny-11614;2713;0;0;0;0;0;0;10,247;10,749.37;7,245;3,364;14;14.68;0;0;0;24;25.17;17;6;1.71;0;0;0;10;10.48;8;1;1;0;0;0;0;0;0;6;0;0;3;1;1;1;0;0;0;0;0;14;14.68;10;01:16;01:19;01:00;0;0;0;21;22.02;11;0;0;0;14;14.68;9;22;23.07;14;0;0;1;1.04;1;0;244;0.31;0;12 minutes;03:01;0;0;0;0;0;0;0
Kidame-21867;2394;0;0;0;0;0;0;883;2,279.13;883;473;1;2.58;0;0;0;0;0;0;0;0;0;0;0;0;0;0;0;0;0;0;0;0;0;0;0;0;0;0;0;0;0;0;0;0;0;0;0;0;0;0;0;0;0;0;0;2;5.16;2;0;0;0;0;0;0;5;12.9;5;0;0;0;0;0;0;40;0.2;0;3 minutes;0;0;0;0;0;0;0;0
KillReel-2418;1773;0;0;0;0;0;0;3,822;13,068.11;2,862;1,661;3;10.25;0;0;0;10;34.19;9;8;3.33;0;0;0;5;17.09;5;0;0;0;0;0;0;0;0;8;0;0;1;1;0;0;0;0;0;3;1;7;23.93;7;00:26;01:30;00:26;0;0;0;0;0;0;0;0;0;5;17.09;5;1;3.41;1;0;0;1;3.41;1;0;37;0.16;0;3 minutes;00:09;0;0;0;0;0;0;57%
Kitty-23385;3645;0;0;0;0;0;0;4,558;9,790.17;2,871;2,483;9;19.33;0;0;0;11;23.62;10;8;1.22;0;0;0;3;6.44;2;0;0;0;0;0;0;0;0;8;0;0;1;0;0;0;1;2;4.29;0;0;0;0;0;00:01;00:02;00:01;0;0;0;2;4.29;1;0;0;0;8;17.18;8;3;6.44;2;0;0;0;0;0;0;156;0.37;1;7 minutes;0;0;0;0;0;0;0;96%
klakamis-2435;2496;0;0;0;0;0;0;5,829;13,778.27;3,607;1,362;6;14.18;0;0;0;10;23.63;6;3;1.66;0;0;0;3;7.09;2;0;0;0;0;0;0;0;0;3;0;0;1;1;1;0;0;0;0;0;0;4;9.45;3;00:23;00:56;00:12;0;0;0;15;35.45;9;0;0;0;5;11.81;3;5;11.81;3;0;0;1;2.36;1;0;198;0.44;1;7 minutes;0;0;0;0;0;0;0;0%
Kocu-21480;3121;0;0;0;0;0;0;886;7,871.22;886;886;1;8.88;0;0;0;1;8.88;1;1;1;0;0;0;1;8.88;1;0;0;0;0;0;0;0;0;1;0;0;0;0;0;0;0;0;0;0;0;0;0;0;0;0;0;0;0;0;0;0;0;0;0;0;1;8.88;1;0;0;0;0;0;0;0;0;0;4;0.05;0;1 minute;0;0;0;0;0;0;0;0
L3mN-2252;3212;3;0;0;0;0;0;132,093;10,108.65;7,161;5,743;97;7.42;0;0;0;265;20.27;21;19;2.73;0;0;0;121;9.25;12;4;13;1;8;0;0;0;0;19;0;0;46;19;14;13;0;0;0;3;3;63;4.82;11;04:11;00:19;00:31;0;0;0;192;14.69;12;0;0;0;125;9.56;11;172;13.16;10;0;0;28;2.14;4;0;3,135;0.38;1;2 hours;14:36;0;0;0;0;0;0;59%
LanaBedae-1358;3083;1;0;0;0;0;0;73,212;11,559.92;7,002;6,306;54;8.52;0;0;0;158;24.94;20;16;2.92;0;0;0;62;9.78;11;3;6;1;3;0;0;0;0;16;0;0;15;5;5;6;0;0;0;3;1;36;5.68;9;03:16;00:31;00:50;0;0;0;108;17.05;13;0;0;0;84;13.26;11;149;23.52;19;0;0;13;2.05;3;0;1,816;0.39;1;1 hour;20:16;0;0;0;0;0;0;42%
Laurie400-1327;2575;5;0;0;0;0;0;56,174;4,624.84;7,173;2,560;112;9.22;0;0;0;128;10.53;22;8;1.14;0;15;0;60;4.93;9;8;12;1;3;0;0;0;0;8;0;0;23;4;9;10;0;0;0;3;1;40;3.29;9;05:45;00:28;01:24;0;0;0;161;13.25;22;0;0;0;42;3.45;9;70;5.76;8;0;0;19;1.56;4;0;2,153;0.28;0;2 hours;02:20;0;7;0;0;0;0;23%
Lebensgefahr-11348;2904;1;0;0;0;0;0;26,414;4,194.44;3,392;2,333;27;4.28;0;0;0;89;14.13;12;9;3.29;0;0;0;29;4.6;5;1;6;1;5;0;0;0;0;9;0;0;12;4;2;6;0;0;0;0;0;25;3.96;6;01:01;00:09;00:16;0;0;0;58;9.21;12;0;0;0;64;10.16;10;59;9.36;11;0;0;8;1.27;2;0;1,292;0.47;1;45 minutes;02:40;0;0;0;0;0;0;74%
Leeder-2714;1856;1;0;0;0;0;0;20,473;5,181.98;2,742;2,177;28;7.08;0;0;0;63;15.94;12;7;2.25;0;1;0;30;7.59;6;2;4;1;1;0;0;0;0;7;0;0;13;6;3;5;0;0;0;0;0;17;4.3;4;02:06;00:32;00:23;0;0;0;31;7.84;7;0;0;0;46;11.64;9;41;10.37;10;0;0;6;1.51;2;0;640;0.28;1;37 minutes;02:07;0;0;0;0;0;0;36%
lem0n-11864;2854;0;0;0;0;0;0;15,041;4,876.8;6,350;1,516;34;11.02;0;0;0;40;12.96;21;5;1.17;0;3;0;8;2.59;5;2;3;0;1;0;0;0;0;5;0;0;2;1;1;0;0;0;0;0;0;16;5.18;10;01:13;00:23;00:36;0;0;0;22;7.13;10;0;0;0;21;6.8;13;19;6.16;13;0;0;3;0.97;2;0;598;0.25;0;39 minutes;0;0;3;0;0;0;0;25%
LeMikel-1149;2853;1;0;0;0;0;0;8,609;11,816.18;4,725;4,246;5;6.86;0;0;0;14;19.21;12;12;2.8;0;0;0;5;6.86;5;1;1;0;0;0;0;0;0;12;0;0;2;1;1;0;0;0;0;0;0;3;4.11;3;00:06;00:09;00:06;0;0;0;8;10.98;5;0;0;0;5;6.86;4;7;9.6;3;0;0;1;1.37;1;0;162;0.4;1;6 minutes;0;0;0;0;0;0;0;12%
leNNN1-2463;70;0;0;0;0;0;0;8,522;4,836.11;2,972;2,157;7;3.97;0;0;0;30;17.02;11;8;4.28;0;0;0;7;3.97;4;0;2;0;2;0;0;0;0;8;0;0;3;2;1;1;0;0;0;3;1;3;1.7;1;00:16;00:09;00:06;0;0;0;30;17.02;10;0;0;0;22;12.48;8;18;10.21;7;0;0;3;1.7;2;0;390;0.39;1;16 minutes;0;0;0;0;0;0;0;87%
Light-1233;2867;0;0;0;0;0;0;2,313;11,041.14;2,313;903;4;19.09;0;0;0;4;19.09;4;2;1;0;0;0;1;4.77;1;0;0;0;0;0;0;0;0;2;0;0;0;0;0;0;0;0;0;0;0;0;0;0;00:03;00:14;00:03;0;0;0;6;28.64;6;0;0;0;1;4.77;1;7;33.41;7;0;0;1;4.77;1;0;77;0.32;0;3 minutes;0;0;0;0;0;0;0;100%
Light-23755;2548;0;0;0;0;0;0;7,172;12,609.52;6,691;4,566;4;7.03;0;0;0;12;21.09;12;8;3;0;0;0;7;12.3;7;1;1;0;0;0;0;0;0;8;0;0;2;2;1;0;0;0;0;0;0;5;8.79;5;00:23;00:41;00:23;0;0;0;4;7.03;4;0;0;0;8;14.06;8;11;19.33;10;0;0;3;5.27;3;0;167;0.3;0;9 minutes;01:31;0;0;0;0;0;0;0
llllll-21535;3860;0;0;0;0;0;0;15,147;6,762.81;9,280;2,339;29;12.94;0;0;0;19;8.48;11;4;0.65;0;1;0;9;4.01;6;2;2;0;0;0;0;0;0;4;0;0;2;1;0;1;0;0;0;0;0;1;0.44;1;00:25;00:11;00:21;0;0;0;17;7.59;12;0;0;0;6;2.67;4;11;4.91;7;0;0;5;2.23;4;0;287;0.21;0;22 minutes;00:30;0;0;0;0;0;0;0
Lordshinshin-2731;3686;0;0;0;0;0;0;1,493;8,292.81;1,493;1,493;0;0;0;0;0;3;16.66;3;3;0;0;0;0;2;11.11;2;0;0;0;0;0;0;0;0;3;0;0;1;0;1;0;0;0;0;0;0;0;0;0;0;0;0;0;0;0;2;11.11;2;0;0;0;1;5.55;1;0;0;0;0;0;0;0;0;0;31;0.26;0;1 minute;0;0;0;0;0;0;0;0
m1trele-2497;3000;0;0;0;0;0;0;20,646;11,230.64;5,719;3,689;19;10.33;0;0;0;38;20.67;10;7;2;0;0;0;12;6.52;3;1;2;0;1;0;0;0;0;7;0;0;5;2;1;2;0;0;0;0;0;6;3.26;2;00:15;00:08;00:07;0;0;0;35;19.03;7;0;0;0;23;12.51;6;15;8.15;5;0;0;1;0.54;1;0;608;0.47;1;21 minutes;0;0;0;0;0;0;0;40%
madminer95-1671;49;0;0;0;0;0;0;1,848;9,721.73;1,848;1,399;2;10.52;0;0;0;6;31.56;6;4;3;0;0;0;3;15.78;3;0;0;0;0;0;0;0;0;0;0;0;0;0;0;0;0;0;0;0;0;1;5.26;1;00:03;00:19;00:03;0;0;0;1;5.26;1;0;0;0;5;26.3;5;1;5.26;1;0;0;0;0;0;0;41;0;0;1 hour;0;0;0;0;0;0;0;0
Major-22402;2741;0;0;0;0;0;0;2,250;7,402.08;2,250;1,560;3;9.87;0;0;0;5;16.45;5;3;1.66;0;0;0;2;6.58;2;0;0;0;0;0;0;0;0;3;0;0;0;0;0;0;0;0;0;0;0;2;6.58;2;00:06;00:22;00:06;0;0;0;6;19.74;6;0;0;0;4;13.16;4;4;13.16;4;0;0;0;0;0;0;48;0.16;0;4 minutes;0;0;0;0;0;0;0;100%
MalCobra-2715;2750;0;0;0;0;0;0;1,903;13,359.03;1,903;1,903;1;7.02;0;0;0;2;14.04;2;2;2;0;0;0;0;0;0;0;0;0;0;0;0;0;0;2;0;0;0;0;0;0;0;0;0;0;0;1;7.02;1;00:03;00:24;00:03;0;0;0;2;14.04;2;0;0;0;1;7.02;1;1;7.02;1;0;0;0;0;0;0;25;0.27;0;1 minute;0;0;0;0;0;0;0;0
Mangachu-1402;78;0;0;0;0;0;0;1,101;21,309.51;1,101;1,101;1;19.35;0;0;0;1;19.35;1;1;1;0;0;0;0;0;0;0;0;0;0;0;0;0;0;1;0;0;0;0;0;0;0;0;0;0;0;0;0;0;0;0;0;0;0;0;0;0;0;0;0;0;1;19.35;1;0;0;0;0;0;0;0;0;0;6;0.1;0;1 minute;0;0;0;0;0;0;0;100%
Maple-11101;3508;0;0;0;0;0;0;3,815;5,700.38;3,815;1,132;8;11.95;0;0;0;16;23.9;16;4;2;0;0;0;6;8.96;6;0;1;0;1;0;0;0;0;4;0;0;1;0;0;1;0;0;0;0;0;5;7.47;5;01:40;02:30;01:40;0;0;0;17;25.4;17;0;0;0;12;17.93;12;17;25.4;17;0;0;1;1.49;1;0;181;0.28;0;10 minutes;0;0;0;0;0;0;0;100%
MarcusBonus-1929;1768;0;6%;1;1;1;0.01;704;8,263.53;704;369;2;23.46;0;0;0;4;14.09;3;3;1;0;0;0;0;0;0;0;0;0;0;237;2,785;237;231;3;0;0;0;0;0;0;0;0;0;0;0;2;7.04;1;00:06;01:15;00:06;0;0;0;8;28.18;8;0;0;0;2;7.04;1;3;10.57;3;38;16;0;0;0;0;68;0.31;0;1 minute;0;0;0;42%;0;0;0;12%
Marlon-2588;0;0;0;0;0;0;0;13,454;16,863.05;10,109;5,066;5;6.26;0;0;0;13;16.29;13;8;2.6;0;0;0;5;6.26;5;1;1;0;0;0;0;0;0;8;0;0;3;2;1;1;0;0;0;0;0;7;8.77;7;00:28;00:36;00:28;0;0;0;9;11.28;6;0;0;0;5;6.26;5;14;17.54;12;0;0;1;1.25;1;0;289;0.5;1;9 minutes;0;0;0;0;0;0;0;0
meimain-2593;4410;0;0;0;0;0;0;1,844;4,737.01;1,844;914;4;10.27;0;0;0;6;15.41;6;3;1.5;0;0;0;3;7.7;3;0;0;0;0;0;0;0;0;3;0;0;1;0;0;0;0;0;0;0;0;1;2.56;1;01:03;02:43;01:03;0;0;0;1;2.56;1;0;0;0;0;0;0;8;20.55;8;0;0;2;5.13;2;0;27;0.08;0;5 minutes;0;0;0;0;0;0;0;0
Melysi-2914;2742;0;0;0;0;0;0;6,049;5,357.29;2,703;1,075;10;8.85;0;0;0;13;11.51;8;4;1.3;0;0;0;5;4.42;3;1;1;0;0;0;0;0;0;4;0;0;2;1;0;1;0;0;0;0;0;2;1.77;1;00:20;00:18;00:16;0;0;0;12;10.62;6;0;0;0;4;3.54;2;15;13.28;7;0;0;0;0;0;0;284;0.37;1;12 minutes;0;0;0;0;0;0;0;38%
Mendokusaii-2955;4292;0;0;0;0;0;0;2,664;6,763.19;2,664;1,565;4;10.15;0;0;0;10;25.38;10;7;2.5;0;1;0;4;10.15;4;0;0;0;0;0;0;0;0;7;0;0;0;0;0;0;0;0;0;0;0;3;7.61;3;00:04;00:12;00:04;0;0;0;0;0;0;0;0;0;3;7.61;3;5;12.69;5;0;0;1;2.53;1;0;45;0.18;0;4 minutes;0;0;0;0;0;0;0;100%
Mercy-21220;3161;0;0;0;0;0;0;696;4,812.55;696;430;4;27.67;0;0;0;1;6.91;1;1;0.25;0;0;0;1;6.91;1;0;0;0;0;0;0;0;0;1;0;0;0;0;0;0;0;0;0;0;0;0;0;0;00:00;00:04;00:00;0;0;0;0;0;0;0;0;0;1;6.91;1;0;0;0;0;0;1;6.91;1;0;2;0.02;0;1 minute;0;0;0;0;0;0;0;0
Milkington-2154;61;0;0;0;0;0;0;8,507;3,901.61;3,047;1,250;18;8.25;0;0;0;26;11.92;12;6;1.44;0;0;0;11;5.04;5;0;2;0;1;0;0;0;0;6;0;0;4;2;1;0;0;0;0;0;0;7;3.21;6;00:55;00:25;00:38;0;0;0;33;15.13;8;0;0;0;9;4.12;4;36;16.51;16;0;0;1;0.45;1;0;438;0.32;0;22 minutes;0;0;0;0;0;0;0;39%
Minsou-2571;2414;0;0;0;0;0;0;5,556;5,546.21;2,208;1,911;6;5.98;0;0;0;21;20.96;8;6;3.5;0;0;0;7;6.98;3;0;1;0;1;0;0;0;0;6;0;0;2;0;1;1;0;0;0;0;0;8;7.98;5;00:15;00:15;00:06;0;0;0;6;5.98;4;0;0;0;17;16.97;7;5;4.99;3;0;0;2;1.99;1;0;201;0.28;1;11 minutes;0;0;0;0;0;0;0;96%
Mix-41491;3617;0;0;0;0;0;0;1,695;4,217.69;1,695;868;2;4.97;0;0;0;11;27.37;11;6;5.5;0;0;0;2;4.97;2;0;0;0;0;0;0;0;0;6;0;0;0;0;0;0;0;0;0;3;1;0;0;0;0;0;0;0;0;0;6;14.93;6;0;0;0;10;24.88;10;11;27.37;11;0;0;1;2.48;1;0;162;0.67;1;3 minutes;0;0;0;0;0;0;0;100%
MMRASSASSIN-2571;4539;0;0;0;0;0;0;1,618;3,999.98;1,618;898;1;2.47;0;0;0;8;19.78;8;5;8;0;0;0;3;7.41;3;0;0;0;0;0;0;0;0;5;0;0;1;0;0;1;0;0;0;0;0;3;7.41;3;00:45;01:53;00:45;0;0;0;2;4.94;2;0;0;0;3;7.41;3;10;24.72;10;0;0;1;2.47;1;0;78;0.27;0;4 minutes;01:06;0;0;0;0;0;0;100%
MMRTERRORIST-2812;4282;0;0;0;0;0;0;817;9,102.49;817;710;1;11.14;0;0;0;2;22.28;2;1;2;0;0;0;0;0;0;0;0;0;0;0;0;0;0;1;0;0;0;0;0;0;0;0;0;0;0;0;0;0;0;0;0;0;0;0;0;0;0;0;0;0;1;11.14;1;1;11.14;1;0;0;0;0;0;0;0;0;0;1 minute;0;0;0;0;0;0;0;0
MyJohnny-2444;3000;1;0;0;0;0;0;5,047;3,051.45;3,219;2,356;5;3.02;0;0;0;15;9.06;13;9;3;0;0;0;6;3.62;6;0;2;0;1;0;0;0;0;9;0;0;5;3;1;1;0;0;0;0;0;4;2.41;3;00:36;00:22;00:14;0;0;0;11;6.65;5;0;0;0;3;1.81;3;9;5.44;5;0;0;0;0;0;0;174;0.23;0;12 minutes;0;0;0;0;0;0;0;85%
MYMALKAPONE-1705;2219;0;0;0;0;0;0;5,323;6,596.27;3,124;2,876;7;8.67;0;0;0;12;14.86;8;7;1.71;0;0;0;7;8.67;6;1;1;0;0;0;0;0;0;7;0;0;1;0;0;1;0;0;0;0;0;3;3.71;1;00:32;00:39;00:15;0;0;0;10;12.39;6;0;0;0;7;8.67;3;7;8.67;6;0;0;2;2.47;2;0;192;0.35;1;9 minutes;00:40;0;0;0;0;0;0;0
Nefertenia-2238;2223;0;0;0;0;0;0;3,120;7,890.78;3,120;2,268;2;5.05;0;0;0;7;17.7;7;3;3.5;0;0;0;2;5.05;2;0;0;0;0;0;0;0;0;3;0;0;0;0;0;0;0;0;0;0;0;4;10.11;4;00:04;00:12;00:04;0;0;0;4;10.11;4;0;0;0;3;7.58;3;4;10.11;4;0;0;0;0;0;0;191;0.77;1;4 minutes;0;0;0;0;0;0;0;100%
Nekomaru-2359;0;5;0;0;0;0;0;49,387;7,608.61;7,700;6,105;33;5.08;0;0;0;99;15.25;20;13;3;0;0;0;48;7.39;9;2;6;0;4;0;0;0;0;13;0;0;19;8;4;7;0;0;0;3;2;16;2.46;4;01:09;00:10;00:22;0;0;0;56;8.62;10;0;0;0;53;8.16;12;74;11.4;17;0;0;16;2.46;4;0;1,154;0.37;1;50 minutes;03:02;0;0;0;0;0;0;66%
Neptune-31921;3587;2;0;0;0;0;0;117,117;5,762.46;4,549;3,396;136;6.69;0;0;0;328;16.13;15;11;2.41;0;2;0;93;4.57;6;8;20;3;9;0;0;0;106;11;0;0;42;13;13;16;0;0;0;3;5;133;6.54;9;07:49;00:23;00:28;0;0;0;234;11.51;12;0;0;0;241;11.85;13;201;9.88;11;0;0;13;0.63;1;0;3,469;0.3;1;3 hours;07:26;0;0;0;0;0;0;46%
Netti-2312;67;0;0;0;0;0;0;9,423;12,725.17;4,329;2,833;7;9.45;0;0;0;15;20.25;8;6;2.14;396,700;0;0;10;13.5;7;0;1;0;1;0;0;0;0;6;0.36;146,529;2;1;0;1;0;0;0;0;0;4;5.4;2;00:14;00:19;00:08;0;0;0;12;16.2;6;0;0;0;8;10.8;4;15;20.25;9;0;0;2;2.7;2;0;204;0.28;0;11 minutes;00:20;0;0;0;0;0;0;87%
Nevix-2877;4691;0;0;0;0;0;0;1,024;7,135.06;1,024;836;1;6.96;0;0;0;1;6.96;1;1;1;0;0;0;0;0;0;0;0;0;0;0;0;0;0;1;0;0;0;0;0;0;0;0;0;0;0;0;0;0;0;0;0;0;0;0;0;0;0;0;0;0;1;6.96;1;0;0;0;0;0;0;0;0;0;0;0;0;40.210473984479904 seconds;0;0;0;0;0;0;0;0
Nieka-2747;0;1;0;0;0;0;0;3,814;5,321.55;3,151;2,646;3;4.18;0;0;0;13;18.14;13;10;4.33;0;0;0;3;4.18;3;0;1;0;1;0;0;0;0;10;0;0;3;1;1;1;0;0;0;0;0;0;0;0;00:02;00:03;00:02;0;0;0;4;5.58;4;0;0;0;10;13.95;10;9;12.55;9;0;0;1;1.39;1;0;151;0.43;1;5 minutes;02:15;0;0;0;0;0;0;77%
nomy-1279;80;0;0;0;0;0;0;5,815;6,686.69;4,751;2,196;3;3.44;0;0;0;10;11.49;9;3;3.33;0;0;0;5;5.74;5;0;1;0;1;0;0;0;0;3;0;0;1;0;0;0;0;0;0;0;0;0;0;0;00:01;00:01;00:01;0;0;0;6;6.89;6;0;0;0;6;6.89;5;4;4.59;4;0;0;3;3.44;3;0;212;0.5;1;6 minutes;01:11;0;0;0;0;0;0;100%
Noxise-2804;2469;1;0;0;0;0;0;28,808;12,581.95;5,869;5,664;15;6.55;0;0;0;69;30.13;20;12;4.59;0;0;0;35;15.28;9;1;2;0;2;0;0;0;0;12;0;0;6;1;1;3;0;0;0;3;1;5;2.18;2;00:28;00:12;00:09;0;0;0;24;10.48;7;0;0;0;38;16.59;14;32;13.97;10;0;0;8;3.49;3;0;661;0.41;1;26 minutes;05:22;0;0;0;0;0;0;73%
Nyarlathotep-21986;2293;5;0;0;0;0;0;90,932;8,232.9;8,419;3,420;99;8.96;0;0;0;226;20.46;26;12;2.28;0;0;0;98;8.87;15;4;11;2;5;0;0;0;0;12;0;0;28;13;8;7;0;0;0;3;4;82;7.42;15;06:08;00:33;00:46;0;0;0;161;14.57;12;0;0;0;141;12.76;20;218;19.73;29;0;0;25;2.26;4;0;2,663;0.38;1;1 hour;18:31;0;0;0;0;0;0;45%
nycto-21767;3000;0;0;0;0;0;0;9,889;11,642.39;5,145;2,788;7;8.24;0;0;0;19;22.36;9;6;2.71;0;0;0;7;8.24;4;0;1;0;0;0;0;0;0;6;0;0;2;0;1;1;1;1;1.17;0;0;2;2.35;1;00:08;00:09;00:06;0;0;0;20;23.54;10;0;0;0;4;4.7;2;17;20.01;8;0;0;2;2.35;2;0;229;0.36;0;10 minutes;0;0;0;0;0;0;0;51%
Odin-1745;3076;0;0;0;0;0;0;18,991;8,173.14;3,966;2,748;25;10.75;0;0;0;46;19.79;12;7;1.84;0;0;0;17;7.31;6;1;2;1;1;0;0;0;11;7;0;0;7;4;0;2;0;0;0;0;0;13;5.59;5;00:52;00:22;00:10;0;0;0;33;14.2;6;0;0;0;24;10.32;7;40;17.21;9;0;0;5;2.15;2;0;532;0.31;1;28 minutes;00:22;0;0;0;0;0;0;40%
OGSILKYSOX-1921;2744;0;0;0;0;0;0;551;4,572.9;551;306;2;16.61;0;0;0;2;16.61;2;1;1;0;0;0;0;0;0;0;0;0;0;0;0;0;0;1;0;0;0;0;0;0;0;0;0;0;0;2;16.61;2;00:04;00:38;00:04;0;0;0;3;24.92;3;0;0;0;2;16.61;2;1;8.3;1;0;0;0;0;0;0;12;0.09;0;2 minutes;0;0;0;0;0;0;0;100%
oliback-2936;3000;1;0;0;0;0;0;16,635;10,729.85;7,163;3,948;9;5.8;0;0;0;35;22.57;15;9;3.88;0;0;0;17;10.96;10;0;2;0;1;0;0;0;0;9;0;0;5;1;3;1;0;0;0;3;1;8;5.16;4;00:51;00:32;00:36;0;0;0;12;7.74;6;0;0;0;18;11.61;9;24;15.48;12;0;0;4;2.58;3;0;447;0.46;1;16 minutes;02:22;0;0;0;0;0;0;86%
olofpestik-2230;3042;0;0;0;0;0;0;539;4,924.18;539;357;1;9.12;0;0;0;2;18.25;2;1;2;0;0;0;0;0;0;0;0;0;0;0;0;0;0;1;0;0;0;0;0;0;0;0;0;0;0;2;18.25;2;00:17;02:39;00:17;0;0;0;0;0;0;0;0;0;0;0;0;5;45.63;5;0;0;0;0;0;0;0;0;0;1 minute;0;0;0;0;0;0;0;100%
Omirity-2630;3436;0;0;0;0;0;0;2,388;19,954.29;2,388;2,010;2;16.71;0;0;0;3;25.06;3;3;1.5;0;0;0;1;8.35;1;0;0;0;0;0;0;0;0;3;0;0;0;0;0;0;0;0;0;0;0;0;0;0;0;0;0;0;0;0;3;25.06;3;0;0;0;3;25.06;3;0;0;0;0;0;0;0;0;0;75;0.55;1;2 minutes;0;0;0;0;0;0;0;0
Omishnu-1481;0;0;0;0;0;0;0;3,562;14,323.77;3,562;2,040;2;8.04;0;0;0;3;12.06;3;2;1.5;0;1;0;2;8.04;2;0;0;0;0;0;0;0;0;2;0;0;1;0;0;1;0;0;0;0;0;1;4.02;1;0;0;0;0;0;0;6;24.12;6;0;0;0;2;8.04;2;3;12.06;3;0;0;2;8.04;2;0;84;0.39;0;3 minutes;0;0;0;0;0;0;0;100%
OOM-21114;2547;0;0;0;0;0;0;1,703;12,110.47;1,703;1,219;3;21.33;0;0;0;7;49.78;7;3;2.33;0;0;0;2;14.22;2;0;0;0;0;0;0;0;0;3;0;0;0;0;0;0;0;0;0;0;0;0;0;0;00:00;00:04;00:00;0;0;0;6;42.67;6;0;0;0;5;35.55;5;5;35.55;5;0;0;1;7.11;1;0;95;0.56;1;2 minutes;0;0;0;0;0;0;0;100%
Osu-2402;2894;1;0;0;0;0;0;6,303;4,031.87;3,704;2,574;4;2.55;0;0;0;23;14.71;12;10;5.75;0;0;0;7;4.47;5;0;2;0;1;0;0;0;0;10;0;0;2;1;0;2;0;0;0;0;0;0;0;0;00:00;00:00;00:00;0;0;0;10;6.39;7;0;0;0;18;11.51;9;12;7.67;8;0;0;2;1.27;1;0;242;0.46;1;8 minutes;0;0;0;0;0;0;0;95%
oXiDiZeD-2941;2624;0;0;0;0;0;0;3,804;4,440.79;2,459;1,945;4;4.66;0;0;0;14;16.34;9;6;3.5;0;0;0;5;5.83;3;0;1;1;0;0;0;0;0;6;0;0;2;1;0;0;0;0;0;3;1;7;8.17;6;00:08;00:09;00:06;0;0;0;4;4.66;2;0;0;0;13;15.17;9;10;11.67;8;0;0;0;0;0;0;251;0.49;1;8 minutes;0;0;0;0;0;0;0;40%
Packerton-1419;2233;0;0;0;0;0;0;1,093;3,285.49;1,093;778;2;6.01;0;0;0;4;12.02;4;3;2;0;0;0;3;9.01;3;0;0;0;0;0;0;0;0;3;0;0;1;0;1;0;0;0;0;0;0;2;6.01;2;00:04;00:14;00:04;0;0;0;0;0;0;0;0;0;0;0;0;2;6.01;2;0;0;0;0;0;0;5;0.03;0;2 minutes;0;0;0;0;0;0;0;0
Paikz-2232;2641;0;0;0;0;0;0;2,140;7,420.6;2,140;1,607;2;6.93;0;0;0;7;24.27;7;3;3.5;0;0;0;2;6.93;2;0;0;0;0;0;0;0;0;3;0;0;1;0;0;1;0;0;0;0;0;1;3.46;1;00:04;00:15;00:04;0;0;0;5;17.33;5;0;0;0;4;13.87;4;8;27.74;8;0;0;1;3.46;1;0;130;0.56;1;3 minutes;0;0;0;0;0;0;0;100%
Pamyu-1936;75;0;0;0;0;0;0;1,380;10,501.22;1,380;1,380;2;15.22;0;0;0;4;30.44;4;4;2;0;0;0;2;15.22;2;0;0;0;0;0;0;0;0;4;0;0;0;0;0;0;0;0;0;0;0;1;7.61;1;00:19;02:31;00:19;0;0;0;2;15.22;2;0;0;0;1;7.61;1;2;15.22;2;0;0;0;0;0;0;26;0.19;0;2 minutes;0;0;0;0;0;0;0;100%
PantsuDealer-2969;2711;0;0;0;0;0;0;1,644;5,860.13;1,644;795;2;7.12;0;0;0;3;10.69;3;3;1.5;0;0;0;1;3.56;1;0;0;0;0;0;0;0;0;3;0;0;1;0;0;1;0;0;0;0;0;0;0;0;00:02;00:07;00:02;0;0;0;5;17.82;5;0;0;0;3;10.69;3;8;28.51;8;0;0;0;0;0;0;125;0.52;1;4 minutes;0;0;0;0;0;0;0;100%
Papi-21363;0;0;0;0;0;0;0;125;2,184.98;125;125;0;0;0;0;0;0;0;0;0;0;0;0;0;0;0;0;0;0;0;0;0;0;0;0;0;0;0;0;0;0;0;0;0;0;0;0;0;0;0;0;0;0;0;0;0;0;0;0;0;0;0;0;0;0;1;17.47;1;0;0;0;0;0;0;0;0;0;1 hour;0;0;0;0;0;0;0;1%
PassTheSalt-11477;2720;1;0;0;0;0;0;7,739;7,089.52;3,253;3,007;8;7.32;0;0;0;20;18.32;10;5;2.5;0;0;0;8;7.32;5;0;1;1;0;0;0;0;0;5;0;0;4;2;1;1;0;0;0;0;0;6;5.49;6;00:22;00:20;00:11;0;0;0;18;16.49;12;0;0;0;10;9.16;5;12;10.99;7;0;0;2;1.83;1;0;225;0.37;1;9 minutes;00:22;0;0;0;0;0;0;26%
PeterBarton-1565;2662;1;0;0;0;0;0;5,868;5,472.55;3,313;2,544;5;4.66;0;0;0;26;24.24;15;10;5.2;0;0;0;5;4.66;4;0;1;0;1;0;0;0;0;10;0;0;4;1;2;1;0;0;0;0;0;8;7.46;8;00:18;00:16;00:17;0;0;0;10;9.32;6;0;0;0;18;16.78;11;9;8.39;5;0;0;1;0.93;1;0;289;0.56;1;8 minutes;02:00;0;0;0;0;0;0;100%
philipooss-2456;2024;0;0;0;0;0;0;1,262;7,950.4;1,262;653;3;18.9;0;0;0;5;31.5;5;3;1.66;0;0;0;3;18.9;3;0;0;0;0;0;0;0;0;3;0;0;1;0;0;0;0;0;0;0;0;2;12.6;2;00:11;01:14;00:11;0;0;0;4;25.2;4;0;0;0;2;12.6;2;0;0;0;0;0;0;0;0;0;35;0.26;0;2 minutes;0;0;0;0;0;0;0;0
pioq-2860;2628;0;0;0;0;0;0;2,514;10,620.96;2,514;1,519;5;21.12;0;0;0;4;16.89;4;2;0.8;0;0;0;1;4.22;1;0;0;0;0;0;0;0;0;2;0;0;1;0;0;0;0;0;0;0;0;1;4.22;1;00:01;00:07;00:01;0;0;0;3;12.67;3;0;0;0;4;16.89;4;11;46.47;11;0;0;0;0;0;0;103;0.37;0;4 minutes;0;0;0;0;0;0;0;0
Plague-22153;2272;0;0;0;0;0;0;675;2,387.62;675;675;1;3.53;0;0;0;1;3.53;1;1;1;0;0;0;0;0;0;0;0;0;0;0;0;0;0;1;0;0;1;1;0;0;0;0;0;0;0;1;3.53;1;0;0;0;0;0;0;0;0;0;0;0;0;0;0;0;2;7.07;2;0;0;0;0;0;0;0;0;0;1 minute;0;0;0;0;0;0;0;0
Pogoraitokun-1371;2946;0;0;0;0;0;0;25,945;6,563.32;4,822;4,822;12;3.03;0;0;0;65;16.44;17;17;5.41;0;0;0;31;7.84;5;2;4;1;2;0;0;0;0;17;0;0;10;5;2;3;0;0;0;0;0;17;4.3;7;01:04;00:16;00:24;0;0;0;39;9.86;6;0;0;0;32;8.09;8;33;8.34;10;0;0;13;3.28;3;0;740;0.4;1;30 minutes;00:57;0;0;0;0;0;0;44%
Poke-1171;72;0;0;0;0;0;0;136;1,056.92;136;78;2;15.57;0;0;0;0;0;0;0;0;0;0;0;0;0;0;0;0;0;0;0;0;0;0;0;0;0;0;0;0;0;0;0;0;0;0;0;0;0;00:01;00:11;00:01;0;0;0;0;0;0;0;0;0;0;0;0;2;15.57;2;0;0;0;0;0;0;0;0;0;1 minute;0;0;0;0;0;0;0;0
PoppyDogma-1243;2369;0;0;0;0;0;0;201;358.72;201;201;0;0;0;0;0;1;1.78;1;1;0;0;0;0;1;1.78;1;0;1;0;1;0;0;0;0;1;0;0;1;1;1;0;0;0;0;0;0;1;1.78;1;0;0;0;0;0;0;5;8.9;5;0;0;0;1;1.78;1;4;7.12;4;0;0;1;1.78;1;0;76;0.31;0;4 minutes;0;0;0;0;0;0;0;99%
Prophet-22730;2537;1;0;0;0;0;0;93,612;8,122.69;5,315;2,357;127;11.01;0;0;0;244;21.17;19;8;1.92;0;0;0;102;8.85;9;5;12;2;5;0;0;0;0;8;0;0;32;9;11;13;0;0;0;3;1;83;7.2;8;06:41;00:34;00:40;0;0;0;173;15.01;11;0;0;0;136;11.8;14;186;16.13;17;0;0;28;2.42;2;0;3,059;0.38;1;2 hours;14:05;0;0;0;0;0;0;43%
PsychoHazard-1722;2923;0;0;0;0;0;0;4,164;7,307.47;1,923;1,246;6;10.52;0;0;0;14;24.56;9;7;2.33;0;1;0;6;10.52;4;0;1;0;0;0;0;0;0;7;0;0;2;0;0;1;0;0;0;0;0;4;7.01;4;00:05;00:08;00:05;0;0;0;7;12.28;6;0;0;0;11;19.3;7;5;8.77;4;0;0;1;1.75;1;0;100;0.23;0;7 minutes;0;0;0;0;0;0;0;18%
Psychologist-21746;2472;0;0;0;0;0;0;303;4,552.38;303;240;1;15.03;0;0;0;0;0;0;0;0;0;0;0;0;0;0;0;0;0;0;0;0;0;0;0;0;0;0;0;0;0;0;0;0;0;0;0;0;0;0;0;0;0;0;0;0;0;0;0;0;0;0;0;0;3;45.09;3;0;0;0;0;0;0;0;0;0;1 minute;0;0;0;0;0;0;0;0
PsychoWaffle-1489;3885;0;0;0;0;0;0;15,065;8,785.93;4,346;2,781;18;10.49;0;0;0;32;18.66;16;7;1.77;0;0;0;7;4.08;4;0;2;0;1;0;0;0;0;7;0;0;3;1;0;1;0;0;0;0;0;11;6.41;7;00:35;00:20;00:18;0;0;0;35;20.41;13;0;0;0;22;12.83;12;46;26.82;17;0;0;2;1.16;1;0;423;0.31;1;22 minutes;00:17;0;0;0;0;0;0;73%
PwNNNNd-2182;55;6;0;0;0;0;0;102,050;5,628.79;5,604;3,097;119;6.56;0;0;0;400;22.06;28;14;3.36;0;2;0;155;8.54;10;5;18;0;13;351,901;19,410;0;121;14;0;0;50;23;7;19;0;0;0;5;3;121;6.67;12;05:35;00:18;00:31;0;0;0;159;8.76;10;0;0;0;223;12.3;16;295;16.27;18;0;0;41;2.26;3;0;3,967;0.35;1;3 hours;11:44;0;0;0;0;0;0;73%
Pyn1sh3r-2241;3310;0;0;0;0;0;0;14,765;14,499.78;3,707;3,037;11;10.8;0;0;0;26;25.53;9;9;2.36;0;0;0;5;4.91;3;0;1;0;1;0;0;0;0;9;0;0;3;1;0;2;0;0;0;0;0;14;13.74;6;00:20;00:19;00:14;0;0;0;21;20.62;6;0;0;0;14;13.74;4;28;27.49;9;0;0;2;1.96;2;0;328;0.37;1;14 minutes;01:46;0;0;0;0;0;0;66%
PzYcH0-2203;2343;5;0;0;0;0;0;97,533;7,853.8;6,589;5,124;73;5.87;0;0;0;241;19.4;20;12;3.3;0;1;0;99;7.97;8;4;12;0;9;0;0;0;0;12;0;0;38;12;12;14;0;0;0;3;1;98;7.89;12;06:14;00:30;00:54;0;0;0;175;14.09;12;0;0;0;157;12.64;15;175;14.09;15;0;0;26;2.09;3;0;3,280;0.44;1;2 hours;15:24;0;0;0;0;0;0;68%
qqlz-2532;4278;0;0;0;0;0;0;2,197;3,868.03;1,594;1,422;4;7.04;0;0;0;6;10.56;4;4;1.5;0;0;0;2;3.52;2;0;1;0;1;0;0;0;0;4;0;0;2;0;0;1;0;0;0;0;0;0;0;0;00:11;00:19;00:11;0;0;0;6;10.56;6;0;0;0;2;3.52;1;3;5.28;3;0;0;1;1.76;1;0;71;0.23;0;5 minutes;0;0;0;0;0;0;0;100%
Quju-1404;2928;0;0;0;0;0;0;6,072;12,548.17;2,973;2,362;4;8.26;0;0;0;9;18.59;6;6;2.25;0;0;0;4;8.26;2;0;0;0;0;0;0;0;0;6;0;0;1;0;1;0;0;0;0;0;0;1;2.06;1;00:04;00:10;00:02;0;0;0;8;16.53;5;0;0;0;4;8.26;2;6;12.39;4;0;0;1;2.06;1;0;184;0.46;1;6 minutes;0;0;0;0;0;0;0;75%
Radwind-2303;0;2;0;0;0;0;0;126,594;10,346.84;7,730;3,906;110;8.99;0;0;0;264;21.57;17;10;2.4;0;0;0;98;8;6;4;12;1;7;0;0;0;0;10;0;0;28;10;9;9;0;0;0;3;3;72;5.88;10;03:52;00:18;00:28;0;0;0;204;16.67;12;0;0;0;158;12.91;12;118;9.64;13;0;0;24;1.96;4;0;3,441;0.43;1;2 hours;05:52;0;0;0;0;0;0;56%
RamuChan-1801;3737;0;0;0;0;0;0;2,001;11,990.17;2,001;1,986;2;11.98;0;0;0;2;11.98;2;2;1;0;0;0;1;5.99;1;0;0;0;0;0;0;0;0;2;0;0;1;0;1;0;0;0;0;0;0;0;0;0;00:01;00:11;00:01;0;0;0;6;35.95;6;0;0;0;2;11.98;2;2;11.98;2;0;0;0;0;0;0;65;0.47;0;2 minutes;0;0;0;0;0;0;0;0
Randomoink-2799;3072;0;0;0;0;0;0;1,375;10,215.88;1,375;1,081;2;14.85;0;0;0;1;7.42;1;1;0.5;0;0;0;3;11.24;3;0;0;0;0;0;0;0;0;1;0;0;0;0;0;0;0;0;0;3;1;0;0;0;00:02;00:17;00:02;0;0;0;3;11.24;3;0;0;0;2;7.49;2;4;14.99;4;42;11;1;3.74;1;0;43;0.22;0;1 minute;01:34;0;0;26%;0;0;0;0
Ravenfortz-2497;2845;0;0;0;0;0;0;7,325;6,177.93;3,227;2,065;8;6.74;0;0;0;13;10.96;7;4;1.62;0;0;0;5;4.21;3;1;1;1;0;0;0;0;0;4;0;0;2;1;0;1;0;0;0;0;0;1;0.84;1;00:11;00:09;00:04;0;0;0;12;10.12;6;0;0;0;8;6.74;4;7;5.9;4;0;0;1;0.84;1;0;167;0.26;0;10 minutes;0;0;0;0;0;0;0;0
razerbaz-2689;3628;0;0;0;0;0;0;879;26,155.07;879;851;1;29.75;0;0;0;1;29.75;1;1;1;0;0;0;0;0;0;0;0;0;0;0;0;0;0;1;0;0;0;0;0;0;0;0;0;0;0;0;0;0;00:09;00:45;00:09;0;0;0;0;0;0;0;0;0;0;0;0;2;9.86;2;26;16;0;0;0;0;0;0;0;34.886201007291675 seconds;0;0;0;61%;0;0;0;100%
Realzx-21536;4436;0;0;0;0;0;0;1,196;4,713.57;1,196;1,165;1;3.94;0;0;0;3;11.82;3;3;3;0;0;0;1;3.94;1;0;0;0;0;0;0;0;0;3;0;0;1;0;0;1;0;0;0;0;0;3;11.82;3;00:01;00:06;00:01;0;0;0;3;11.82;3;0;0;0;2;7.88;2;1;3.94;1;0;0;0;0;0;0;9;0.1;0;1 minute;0;0;0;0;0;0;0;0
Reilly-11549;77;0;0;0;0;0;0;4,042;9,564.99;2,165;2,138;4;9.46;0;0;0;5;11.83;2;2;1.25;0;0;0;2;4.73;1;0;0;0;0;0;0;0;0;2;0;0;1;0;1;0;0;0;0;0;0;1;2.36;1;00:04;00:09;00:01;0;0;0;4;9.46;3;0;0;0;2;4.73;1;3;7.09;3;0;0;1;2.36;1;0;35;0.13;0;4 minutes;0;0;0;0;0;0;0;24%
Reinforce-11281;29;0;0;0;0;0;0;3,815;3,810.49;2,367;854;8;7.98;0;0;0;19;18.97;16;8;2.37;0;0;0;9;8.98;8;0;1;0;1;0;0;0;0;8;0;0;2;0;1;1;0;0;0;0;0;2;1.99;1;00:18;00:18;00:08;0;0;0;13;12.98;9;0;0;0;10;9.98;9;18;17.97;14;0;0;3;2.99;2;0;234;0.24;0;15 minutes;0;0;0;0;0;0;0;65%
Rennyn-1683;60;1;0;0;0;0;0;14,587;9,426.18;3,153;3,049;13;8.4;0;0;0;45;29.07;12;10;3.46;0;0;0;24;15.5;7;0;2;0;1;0;0;0;0;10;0;0;4;2;1;1;0;0;0;3;1;7;4.52;3;00:31;00:20;00:18;0;0;0;14;9.04;7;0;0;0;27;17.44;9;14;9.04;7;0;0;9;5.81;3;0;383;0.36;1;17 minutes;01:42;0;0;0;0;0;0;78%
Richard-21558;2988;0;0;0;0;0;0;922;5,642.24;922;898;1;6.12;0;0;0;3;18.36;3;3;3;0;0;0;1;6.12;1;0;0;0;0;0;0;0;0;3;0;0;1;0;0;0;0;0;0;0;0;1;6.12;1;0;0;0;0;0;0;2;12.24;2;0;0;0;2;12.24;2;3;18.36;3;0;0;0;0;0;0;23;0.15;0;2 minutes;0;0;0;0;0;0;0;100%
Ridget-11622;65;0;0;0;0;0;0;3,362;6,461.39;1,924;1,924;4;7.68;0;0;0;8;15.37;6;6;2;0;0;0;4;7.68;3;0;1;0;0;0;0;0;0;0;0;0;2;1;1;0;0;0;0;0;0;2;3.84;2;00:01;00:02;00:01;0;0;0;6;11.53;3;0;0;0;3;5.76;3;3;5.76;2;0;0;0;0;0;0;38;0.13;0;4 minutes;0;0;0;0;0;0;0;39%
Rigu-2496;2770;3;0;0;0;0;0;96,127;11,185.33;8,443;6,076;74;8.61;0;0;0;203;23.62;19;13;2.74;0;0;0;71;8.26;7;2;9;0;6;0;0;0;0;13;0;0;25;8;6;11;0;0;0;3;2;70;8.14;12;03:04;00:21;00:32;0;0;0;124;14.42;12;0;0;0;140;16.29;15;151;17.57;16;0;0;22;2.55;5;0;2,061;0.36;1;1 hour;10:44;0;0;0;0;0;0;66%
Rikimaru-2783;3000;0;0;0;0;0;0;8,984;12,529.79;3,756;2,706;8;11.15;0;0;0;17;23.7;9;5;2.12;0;0;0;7;9.76;5;1;1;0;0;0;0;0;0;5;0;0;2;0;0;1;0;0;0;0;0;5;6.97;5;00:03;00:05;00:03;0;0;0;13;18.12;6;0;0;0;11;15.34;6;13;18.12;5;0;0;2;2.78;2;0;294;0.48;1;10 minutes;0;0;0;0;0;0;0;25%
RisingDark2-2471;2797;1;0;0;0;0;0;4,093;6,121.98;4,093;1,195;11;16.45;0;0;0;15;22.43;15;5;1.36;0;0;0;7;10.47;7;1;1;0;0;0;0;0;0;5;0;0;1;1;0;1;0;0;0;0;0;6;8.97;6;00:38;00:57;00:38;0;0;0;5;7.47;5;0;0;0;6;8.97;6;27;40.38;27;0;0;0;0;0;0;87;0.17;0;8 minutes;0;0;0;0;0;0;0;0
Rizors-2495;0;1;0;0;0;0;0;7,931;6,334.02;3,045;2,266;6;4.79;0;0;0;24;19.16;12;7;4;0;0;0;10;7.98;6;0;1;0;1;0;0;0;0;7;0;0;4;1;1;2;0;0;0;0;0;10;7.98;9;00:32;00:25;00:31;0;0;0;16;12.77;6;0;0;0;16;12.77;9;14;11.18;6;0;0;5;3.99;3;0;255;0.38;0;10 minutes;01:26;0;0;0;0;0;0;100%
rull3-21787;0;0;5%;2;2;2;0;2,073;2,072.83;2,073;975;3;2.99;6;6;6;6;5.99;6;5;2;0;0;0;3;2.99;3;1;1;0;1;1,748;1,748;1,748;865;5;0;0;0;0;0;0;0;0;0;0;0;5;4.99;5;00:36;00:36;00:36;6;6;6;6;10.84;6;0;0;0;7;12.65;7;1;1.8;1;180;40;1;1.8;1;0;94;0.48;0;3 minutes;01:20;0;0;22%;22%;0;0;100%
sadkatz-1191;3656;1;0;0;0;0;0;9,544;5,654.97;3,144;3,144;4;2.37;0;0;0;29;17.18;11;11;7.25;0;0;0;6;3.55;3;0;2;0;2;0;0;0;0;11;0;0;4;0;2;2;0;0;0;0;0;4;2.37;3;00:13;00:07;00:07;0;0;0;21;12.44;6;0;0;0;21;12.44;9;22;13.03;7;0;0;1;0.59;1;0;406;0.46;1;14 minutes;0;0;0;0;0;0;0;100%
Sados-1219;69;1;0;0;0;0;0;12,298;6,296.61;5,399;1,931;11;5.63;0;0;0;46;23.55;16;11;4.18;0;0;0;16;8.19;6;0;2;0;2;2;1.17;0;99;0;0;0;3;0;3;1;0;0;0;3;1;15;7.68;9;00:24;00:12;00:10;0;0;0;18;9.21;6;0;0;0;30;15.36;10;21;10.75;8;0;0;0;0;0;0;758;0.56;1;22 minutes;0;0;0;0;0;0;0;100%
sarapajamas-2603;2585;0;0;0;0;0;0;9,057;10,962.43;3,874;2,237;11;13.31;0;0;0;18;21.78;10;5;1.63;0;0;0;8;9.68;7;0;1;0;0;0;0;0;0;5;0;0;1;0;0;0;0;0;0;0;0;4;4.84;3;00:20;00:24;00:14;0;0;0;26;31.47;13;0;0;0;8;9.68;5;18;21.78;12;0;0;2;2.42;2;0;285;0.38;0;12 minutes;0;0;0;0;0;0;0;52%
Seagull-1894;81;0;0;0;0;0;0;6,529;12,291.38;4,454;3,026;9;16.94;0;0;0;18;33.88;11;6;2;0;1;0;4;7.53;2;0;1;0;0;0;0;0;0;6;0;0;1;0;0;0;0;0;0;0;0;0;0;0;0;0;0;0;0;0;7;13.17;7;0;0;0;11;20.7;6;7;13.17;6;0;0;1;1.88;1;0;117;0.22;0;8 minutes;0;0;0;0;0;0;0;85%
SeonsU-1818;67;0;0;0;0;0;0;1,439;1,711.35;1,123;1,059;3;3.56;0;0;0;4;4.75;3;3;1.33;0;0;0;2;2.37;2;0;1;0;0;0;0;0;0;3;0;0;3;1;1;1;0;0;0;0;0;1;1.18;1;00:25;00:30;00:16;0;0;0;6;7.13;6;0;0;0;2;2.37;2;3;3.56;3;0;0;0;0;0;0;150;0.34;0;7 minutes;00:03;0;0;0;0;0;0;53%
sharkskull-11189;53;0;0;0;0;0;0;2,244;13,630.97;2,244;1,010;3;18.21;0;0;0;8;48.58;8;4;2.66;0;0;0;1;6.07;1;0;0;0;0;0;0;0;0;0;0;0;0;0;0;0;0;0;0;0;0;7;42.51;7;00:10;01:04;00:10;0;0;0;0;0;0;0;0;0;6;36.43;6;5;30.36;5;0;0;0;0;0;0;14;0.06;0;3 minutes;0;0;0;0;0;0;0;100%
Sharkyos-1524;2433;0;0;0;0;0;0;1,321;4,602.1;1,321;1,321;1;3.48;0;0;0;2;6.96;2;2;2;0;0;0;0;0;0;0;0;0;0;0;0;0;0;2;0;0;1;0;1;0;0;0;0;0;0;1;3.48;1;00:04;00:17;00:04;0;0;0;3;10.45;3;0;0;0;2;6.96;2;3;10.45;3;0;0;0;0;0;0;31;0.29;0;1 minute;0;0;0;0;0;0;0;0
sharlajjn-2375;2903;0;0;0;0;0;0;9,970;12,172.97;5,105;4,961;8;9.76;0;0;0;22;26.86;14;11;2.75;0;0;0;3;3.66;3;1;1;0;0;0;0;0;0;11;0;0;1;1;1;0;0;0;0;0;0;0;0;0;00:00;00:00;00:00;0;0;0;6;7.32;4;0;0;0;16;19.53;12;12;14.65;7;0;0;0;0;0;0;227;0.33;0;11 minutes;00:20;0;0;0;0;0;0;0
Sicras-1669;46;0;0;0;0;0;0;9,676;9,010.95;4,417;3,528;7;6.51;0;0;0;38;35.38;14;11;5.42;0;1;0;20;18.62;8;0;1;0;0;0;0;0;0;11;0;0;3;1;1;1;0;0;0;3;1;13;12.1;6;00:26;00:24;00:09;0;0;0;20;18.62;8;0;0;0;20;18.62;8;24;22.35;11;0;0;5;4.65;2;0;348;0.39;1;14 minutes;03:38;0;0;0;0;0;0;22%
simialbi-2592;2808;0;0;0;0;0;0;1,135;4,158.3;1,135;618;2;7.32;0;0;0;1;3.66;1;1;0.5;0;0;0;1;3.66;1;0;0;0;0;0;0;0;0;1;0;0;1;0;1;0;0;0;0;0;0;0;0;0;00:02;00:10;00:02;0;0;0;0;0;0;0;0;0;1;3.66;1;1;3.66;1;0;0;0;0;0;0;2;0.02;0;1 minute;0;0;0;0;0;0;0;0
siriusly-1240;3025;0;0;0;0;0;0;3,517;7,263.36;3,517;1,489;3;6.19;0;0;0;10;20.65;10;5;3.33;0;0;0;2;4.13;2;0;0;0;0;0;0;0;0;5;0;0;1;1;0;0;0;0;0;3;1;3;6.19;3;00:03;00:06;00:03;0;0;0;3;6.19;3;0;0;0;7;14.45;7;3;6.19;3;0;0;0;0;0;0;97;0.42;0;3 minutes;0;0;0;0;0;0;0;100%
SKRT-11232;1999;5;0;0;0;0;0;93,917;2,860.72;7,472;3,320;366;11.14;0;0;0;262;7.98;32;14;0.71;0;138;0;137;4.17;15;22;33;2;9;0;0;0;0;14;0;0;25;10;8;7;1;1;0.03;4;2;73;2.22;12;10:25;00:19;01:18;0;0;0;232;7.06;19;0;0;0;82;2.49;12;68;2.07;14;0;0;54;1.64;11;0;4,278;0.22;1;5 hours;14:20;0;8;0;0;0;0;26%
skuall-21731;3385;0;0;0;0;0;0;35,722;5,898.17;4,175;2,393;65;10.73;0;0;0;87;14.36;13;8;1.33;0;3;0;42;6.93;6;5;6;0;1;0;0;0;0;8;0;0;13;4;4;6;0;0;0;3;2;29;4.78;8;04:54;00:48;01:15;0;0;0;56;9.24;12;0;0;0;25;4.12;6;151;24.93;18;0;0;13;2.14;3;0;871;0.19;1;1 hour;04:39;0;1;0;0;0;0;15%
Slash-2756;0;0;0;0;0;0;0;615;1,759.78;612;612;0;0;0;0;0;3;8.58;3;3;0;0;0;0;3;8.58;3;0;0;0;0;0;0;0;0;3;0;0;1;0;0;1;0;0;0;0;0;0;0;0;00:07;00:21;00:07;0;0;0;0;0;0;0;0;0;2;5.72;2;4;11.45;4;0;0;1;2.86;1;0;24;0.14;0;2 minutes;0;0;0;0;0;0;0;97%
Sleepy-1879;3513;0;0;0;0;0;0;359;5,755.38;359;290;1;16.04;0;0;0;1;16.04;1;1;1;0;0;0;0;0;0;0;0;0;0;0;0;0;0;1;0;0;0;0;0;0;0;0;0;0;0;0;0;0;00:05;01:33;00:05;0;0;0;0;0;0;0;0;0;1;16.04;1;1;16.04;1;0;0;0;0;0;0;0;0;0;54.423926004208624 seconds;0;0;0;0;0;0;0;0
Slerba-2417;2649;1;0;0;0;0;0;6,204;10,680.41;3,958;2,730;5;8.6;0;0;0;16;27.54;14;7;3.2;0;0;0;6;10.32;6;0;1;0;0;0;0;0;0;7;0;0;2;0;1;1;0;0;0;0;0;3;5.16;2;00:13;00:22;00:09;0;0;0;12;20.65;7;0;0;0;11;18.93;9;7;12.05;6;0;0;1;1.72;1;0;147;0.32;0;7 minutes;00:56;0;0;0;0;0;0;66%
Sn4rFx-1311;76;0;0;0;0;0;0;7,004;3,658.64;3,886;3,186;5;2.61;0;0;0;20;10.44;11;7;4;0;0;0;8;4.17;4;0;2;0;2;0;0;0;0;7;0;0;2;2;0;0;0;0;0;3;1;1;0.52;1;00:04;00:02;00:02;0;0;0;7;3.65;4;0;0;0;10;5.22;5;14;7.31;6;0;0;1;0.52;1;0;467;0.55;1;14 minutes;00:06;0;0;0;0;0;0;100%
Snoozy-2512;4293;2;0;0;0;0;0;22,428;7,732.29;4,465;3,589;20;6.89;0;0;0;77;26.54;17;12;3.85;0;0;0;20;6.89;5;1;3;1;1;0;0;0;0;12;0;0;7;2;2;2;0;0;0;3;3;11;3.79;5;00:22;00:07;00:07;0;0;0;34;11.72;6;0;0;0;53;18.27;13;28;9.65;6;0;0;3;1.03;1;0;550;0.33;1;27 minutes;02:13;0;0;0;0;0;0;46%
Somnians-2461;3869;0;0;0;0;0;0;711;2,240.5;711;450;2;6.3;0;0;0;0;0;0;0;0;0;0;0;0;0;0;0;0;0;0;0;0;0;0;0;0;0;1;1;1;0;0;0;0;0;0;0;0;0;0;0;0;0;0;0;6;18.9;6;0;0;0;0;0;0;0;0;0;0;0;0;0;0;0;7;0.04;0;2 minutes;0;0;0;0;0;0;0;0
spaced-21485;3175;1;0;0;0;0;0;32,587;4,796.23;3,513;3,173;47;6.91;0;0;0;96;14.12;10;7;2.04;0;4;0;46;6.77;7;2;7;1;4;0;0;0;0;7;0;0;13;4;2;8;0;0;0;0;0;25;3.67;6;02:32;00:22;00:46;0;0;0;92;13.54;12;0;0;0;48;7.06;8;116;17.07;18;0;0;14;2.06;4;0;1,347;0.3;1;1 hour;00:20;0;0;0;0;0;0;52%
SpamKappa123-1926;80;4;0;0;0;0;0;96,112;6,607.5;7,034;4,713;145;9.96;0;0;0;225;15.46;24;17;1.55;0;47;0;116;7.97;13;0;15;0;5;0;0;0;0;17;0.29;0;28;9;9;10;0;0;0;5;2;75;5.15;15;06:06;00:25;00:47;0;0;0;185;12.71;14;0;0;0;79;5.43;13;200;13.74;23;0;0;34;2.33;5;1;3,635;0.34;1;2 hours;06:41;0;0;0;0;0;0;35%
Spikecaster-1670;3134;1;0;0;0;0;0;9,722;15,603.42;6,040;6,040;2;3.2;0;0;0;22;35.3;12;12;11;0;0;0;10;16.04;5;0;1;0;0;0;0;0;0;12;0;0;2;1;0;1;0;0;0;0;0;7;11.23;4;00:09;00:14;00:05;0;0;0;12;19.25;6;0;0;0;14;22.46;8;15;24.07;9;0;0;1;1.6;1;0;358;0.65;1;9 minutes;01:36;0;0;0;0;0;0;50%
Splinter-21452;2693;3;0;0;0;0;0;110,441;8,456.76;6,016;4,785;76;5.81;0;0;0;271;20.75;21;13;3.56;0;0;0;111;8.49;7;3;13;2;8;0;0;0;0;13;0;0;35;12;12;11;0;0;0;3;2;58;4.44;10;04:01;00:18;00:29;0;0;0;180;13.78;11;0;0;0;152;11.63;15;192;14.7;12;0;0;24;1.83;3;0;2,885;0.38;1;2 hours;15:46;0;0;0;0;0;0;62%
Spyder712-1784;2572;0;0;0;0;0;0;6,081;4,642.1;1,840;1,626;12;9.16;0;0;0;26;19.84;9;9;2.16;0;0;0;12;9.16;6;0;1;0;1;0;0;0;0;9;0;0;4;1;1;1;0;0;0;0;0;8;6.1;5;00:21;00:16;00:11;0;0;0;15;11.45;8;0;0;0;24;18.32;9;1;0.76;1;0;0;4;3.05;3;0;219;0.21;0;16 minutes;0;0;0;0;0;0;0;82%
Sraiypton-2539;3000;1;0;0;0;0;0;11,265;9,291.5;2,911;1,518;14;11.54;0;0;0;38;31.34;17;10;2.71;0;0;0;18;14.84;9;1;1;0;1;0;0;0;76;10;0;0;3;1;0;1;0;0;0;3;1;18;14.84;10;01:09;00:57;00:34;0;0;0;20;16.49;6;0;0;0;28;23.09;11;21;17.32;7;0;0;2;1.64;1;0;265;0.26;1;16 minutes;01:00;0;0;0;0;0;0;55%
ster-1707;81;6;0;0;0;0;0;152,517;6,564.63;7,387;4,909;118;5.07;0;0;0;413;17.77;25;14;3.5;0;0;0;137;5.89;8;0;23;0;19;0;0;0;0;14;0.29;0;43;17;7;19;0;0;0;4;9;87;3.74;6;04:37;00:11;00:28;0;0;0;228;9.81;11;0;0;0;257;11.06;19;305;13.12;13;0;0;28;1.2;2;0;5,319;0.41;1;3 hours;10:21;0;0;0;0;0;0;81%
stumppi27-2735;2606;0;0;0;0;0;0;558;8,044.65;558;558;1;14.42;0;0;0;0;0;0;0;0;0;0;0;0;0;0;0;0;0;0;0;0;0;0;0;0;0;0;0;0;0;0;0;0;0;0;0;0;0;00:05;01:19;00:05;0;0;0;0;0;0;0;0;0;0;0;0;3;43.27;3;0;0;0;0;0;0;0;0;0;44.59991105925292 seconds;0;0;0;0;0;0;0;0
Subsidium-2330;3190;0;0;0;0;0;0;1,961;3,599.04;1,117;844;3;5.5;0;0;0;2;3.67;2;2;0.66;0;0;0;1;1.83;1;1;1;0;0;0;0;0;0;2;0;0;2;1;1;0;0;0;0;0;0;1;1.83;1;00:00;00:00;00:00;0;0;0;0;0;0;0;0;0;2;3.67;2;1;1.83;1;0;0;1;1.83;1;0;0;0;0;3 minutes;0;0;0;0;0;0;0;0
SunniiDay-1523;50;0;0;0;0;0;0;122,952;7,207.94;6,464;3,926;172;10.08;0;0;0;334;19.58;25;11;1.94;0;2;0;147;8.61;15;0;17;0;8;0;0;0;0;11;0.24;0;31;15;5;11;0;0;0;3;3;90;5.27;12;06:40;00:23;00:40;0;0;0;226;13.24;16;0;0;0;183;10.72;13;315;18.46;16;0;0;44;2.57;8;0;4,450;0.34;1;3 hours;10:20;0;0;0;0;0;0;48%
Supah-1288;73;0;0;0;0;0;0;8,459;7,396.51;2,950;1,929;12;10.49;0;0;0;25;21.85;9;5;2.08;0;0;0;9;7.86;3;0;1;0;1;0;0;0;0;5;0;0;3;1;1;1;1;1;0.87;0;0;3;2.62;2;00:12;00:10;00:04;0;0;0;20;17.48;11;0;0;0;12;10.49;5;31;27.1;12;0;0;1;0.87;1;0;264;0.24;0;18 minutes;0;0;0;0;0;0;0;74%
SusanStrong-11521;39;10;0;0;0;0;0;223,435;4,570.96;6,979;3,832;484;9.9;0;0;0;726;14.85;19;13;1.5;0;4;0;216;4.41;8;0;49;0;32;0;0;0;0;13;0;0;77;34;15;28;0;0;0;4;9;300;6.13;14;21:12;00:26;01:09;0;0;0;516;10.55;12;0;0;0;512;10.47;18;501;10.24;13;0;0;43;0.87;3;0;10,063;0.31;1;8 hours;05:42;0;0;0;0;0;0;64%
svr01-21181;0;0;0;0;0;0;0;2,869;10,017.68;2,869;2,869;1;3.49;0;0;0;3;10.47;3;2;3;0;0;0;2;6.98;2;0;0;0;0;0;0;0;0;2;0;0;1;0;0;1;0;0;0;0;0;0;0;0;0;0;0;0;0;0;2;6.98;2;0;0;0;3;10.47;3;0;0;0;0;0;1;3.49;1;0;12;0.11;0;1 minute;0;0;0;0;0;0;0;0
Sylphea-1120;2229;2;0;0;0;0;0;100,014;6,692.94;6,528;4,352;117;7.82;0;0;0;245;16.39;22;13;2.09;0;0;0;94;6.29;9;5;15;1;9;0;0;0;0;13;0;0;25;11;2;11;0;0;0;3;2;65;4.34;11;05:41;00:22;00:30;0;0;0;189;12.64;18;0;0;0;158;10.57;18;226;15.12;18;0;0;22;1.47;4;0;3,139;0.33;1;2 hours;07:53;0;0;0;0;0;0;59%
TAI4752-1605;0;0;0;0;0;0;0;21,313;7,767.78;5,774;3,804;33;12.02;0;0;0;61;22.23;23;12;1.84;0;0;0;28;10.2;11;1;3;1;1;0;0;0;0;12;0;0;4;2;1;1;0;0;0;3;1;16;5.83;8;01:49;00:39;00:42;0;0;0;39;14.21;18;0;0;0;25;9.11;7;48;17.49;9;0;0;8;2.91;3;0;641;0.31;1;33 minutes;05:16;0;0;0;0;0;0;33%
Taimou-2526;4311;1;0;0;0;0;0;2,365;2,558.06;2,365;1,020;4;4.32;0;0;0;7;7.57;7;4;1.75;0;2;0;0;0;0;0;1;1;0;0;0;0;0;4;0;0;2;0;0;2;0;0;0;0;0;1;1.08;1;00:14;00:16;00:14;0;0;0;11;11.89;11;0;0;0;3;3.24;3;2;2.16;2;0;0;0;0;0;0;230;0.51;1;7 minutes;0;0;0;0;0;0;0;0
TakeItBoy-21118;2848;0;0;0;0;0;0;2,065;3,178.88;1,258;917;4;6.15;0;0;0;3;4.61;2;1;0.75;0;0;0;2;3.07;1;1;1;0;0;0;0;0;0;1;0;0;1;0;0;1;0;0;0;0;0;0;0;0;0;0;0;0;0;0;6;9.23;6;0;0;0;1;1.53;1;7;10.77;4;0;0;1;1.53;1;0;11;0.04;0;4 minutes;0;0;0;0;0;0;0;0
Talespin-1868;79;0;0;0;0;0;0;3,778;10,018.76;2,620;2,267;3;7.95;0;0;0;9;23.86;7;4;3;0;0;0;2;5.3;2;0;0;0;0;0;0;0;0;4;0;0;1;1;0;0;0;0;0;0;0;1;2.65;1;00:05;00:14;00:04;0;0;0;9;23.86;5;0;0;0;7;18.56;6;5;13.25;5;0;0;2;5.3;2;0;158;0.59;1;4 minutes;0;0;0;0;0;0;0;100%
tanatoz-2940;2913;1;0;0;0;0;0;5,333;9,544.51;5,333;4,773;2;3.57;0;0;0;12;21.47;12;11;6;0;0;0;7;12.52;7;0;1;0;1;0;0;0;0;11;0;0;3;0;2;1;0;0;0;0;0;0;0;0;0;0;0;0;0;0;2;3.57;2;0;0;0;10;17.89;10;4;7.15;4;0;0;1;1.78;1;0;103;0.42;0;4 minutes;0;0;0;0;0;0;0;100%
Tequikiwi-2206;2749;1;0;0;0;0;0;13,628;6,006.78;3,345;1,810;18;7.93;0;0;0;46;20.27;15;8;2.55;0;0;0;13;5.72;5;0;2;0;2;0;0;0;91;8;0;0;6;2;3;2;0;0;0;0;0;15;6.61;7;00:40;00:17;00:19;0;0;0;14;6.17;6;0;0;0;32;14.1;13;23;10.13;11;0;0;5;2.2;4;0;342;0.26;0;21 minutes;04:25;0;0;0;0;0;0;89%
TeTrixX-21558;3642;2;0;0;0;0;0;50,374;6,202.45;3,068;3,054;47;5.78;0;0;0;132;16.25;12;12;2.8;0;0;0;38;4.67;4;5;8;1;3;0;0;0;16;12;0;0;16;5;3;8;0;0;0;3;1;43;5.29;6;02:47;00:20;01:34;0;0;0;91;11.2;10;0;0;0;101;12.43;9;82;10.09;9;0;0;11;1.35;2;0;1,443;0.29;1;1 hour;00:23;0;0;0;0;0;0;36%
Theefues-1279;0;1;0;0;0;0;0;10,840;6,932.17;3,533;2,306;18;11.51;0;0;0;28;17.9;11;6;1.55;0;0;0;11;7.03;4;1;2;0;0;0;0;0;0;6;0;0;4;1;1;2;0;0;0;0;0;10;6.39;5;00:55;00:35;00:46;0;0;0;34;21.74;16;0;0;0;11;7.03;5;31;19.82;14;0;0;1;0.63;1;0;431;0.36;1;19 minutes;0;0;0;0;0;0;0;18%
Tinkula2-2410;3812;0;0;0;0;0;0;604;3,041.22;604;358;3;15.1;0;0;0;2;10.06;2;1;0.66;0;0;0;0;0;0;0;0;0;0;0;0;0;0;1;0;0;0;0;0;0;0;0;0;0;0;1;5.03;1;00:00;00:03;00:00;0;0;0;0;0;0;0;0;0;1;5.03;1;0;0;0;0;0;0;0;0;0;0;0;0;2 minutes;0;0;0;0;0;0;0;0
TinyGuy-21440;0;0;0;0;0;0;0;1,565;21,439.23;1,565;1,556;1;13.69;0;0;0;2;27.39;2;2;2;0;0;0;2;27.39;2;0;0;0;0;0;0;0;0;2;0;0;0;0;0;0;0;0;0;0;0;1;13.69;1;00:06;01:25;00:06;0;0;0;0;0;0;0;0;0;1;13.69;1;0;0;0;0;0;0;0;0;0;3;0.04;0;1 minute;0;0;0;0;0;0;0;0
TKSpanky-2149;2459;0;0;0;0;0;0;1,841;2,724.02;1,270;1,135;3;4.43;0;0;0;10;14.79;9;7;3.33;0;0;0;4;5.91;4;0;1;0;0;0;0;0;0;7;0;0;1;1;0;0;0;0;0;0;0;0;0;0;00:00;00:00;00:00;0;0;0;1;1.47;1;0;0;0;2;2.95;2;4;5.91;4;0;0;0;0;0;0;162;0.51;1;5 minutes;0;0;0;0;0;0;0;0
TomQuE-2195;2998;0;0;0;0;0;0;6,892;7,319.52;4,332;3,177;7;7.43;0;0;0;15;15.93;8;6;2.14;0;0;0;3;3.18;2;0;1;0;1;0;0;0;0;6;0;0;1;1;0;0;0;0;0;3;1;7;7.43;5;00:05;00:05;00:03;0;0;0;12;12.74;6;0;0;0;9;9.55;5;13;13.8;9;0;0;0;0;0;0;217;0.42;1;8 minutes;00:36;0;0;0;0;0;0;100%
Toothless-22833;3353;0;0;0;0;0;0;3,294;6,141.76;1,767;1,198;6;11.18;0;0;0;11;20.51;7;7;1.83;0;2;0;3;5.59;2;0;1;0;1;0;0;0;0;7;0;0;1;1;0;1;0;0;0;0;0;3;5.59;2;00:03;00:06;00:03;0;0;0;12;22.37;6;0;0;0;10;18.64;7;12;22.37;6;0;0;1;1.86;1;0;148;0.37;0;6 minutes;0;0;0;0;0;0;0;100%
ToxikeN-2432;4074;0;0;0;0;0;0;162;161.91;162;108;1;1;0;0;0;1;1;1;1;1;0;0;0;1;1;1;1;1;0;0;0;0;0;0;1;0;0;0;0;0;0;0;0;0;0;0;0;0;0;0;0;0;0;0;0;0;0;0;0;0;0;1;1;1;0;0;0;0;0;0;0;0;0;0;0;0;32.39163396693766 seconds;0;0;0;0;0;0;0;0
TravkaBobr-2338;1953;0;0;0;0;0;0;1,587;7,417.74;1,572;880;4;18.7;0;0;0;1;4.67;1;1;0.25;0;0;0;0;0;0;0;0;0;0;0;0;0;0;1;0;0;0;0;0;0;0;0;0;0;0;0;0;0;00:06;00:30;00:06;0;0;0;6;28.05;6;0;0;0;1;4.67;1;4;18.7;3;0;0;0;0;0;0;27;0.14;0;2 minutes;0;0;0;0;0;0;0;62%
TritenJ-2367;2667;0;0;0;0;0;0;3,998;10,370.99;2,781;1,339;4;10.37;0;0;0;7;18.15;6;4;1.75;0;0;0;1;2.59;1;0;0;0;0;0;0;0;0;4;0;0;1;0;1;0;0;0;0;0;0;0;0;0;00:14;00:36;00:14;0;0;0;6;15.56;5;0;0;0;2;5.18;2;9;23.34;9;0;0;0;0;0;0;128;0.5;1;4 minutes;0;0;0;0;0;0;0;47%
Uman-21858;2393;1;0;0;0;0;0;3,218;5,863.67;3,218;3,218;0;0;0;0;0;14;25.5;14;14;0;0;0;0;5;9.1;5;1;1;0;1;0;0;0;0;14;0;0;2;1;1;1;0;0;0;0;0;4;7.28;4;0;0;0;0;0;0;3;5.46;3;0;0;0;12;21.86;12;5;9.1;5;0;0;1;1.82;1;0;150;0.62;1;3 minutes;0;0;0;0;0;0;0;100%
Unblestking-2304;2349;1;0;0;0;0;0;22,870;5,051.97;4,359;4,359;38;8.39;0;0;0;88;19.43;17;17;2.31;0;0;0;30;6.62;6;1;5;2;2;0;0;0;0;17;0;0;11;6;1;4;0;0;0;3;2;34;7.51;13;02:09;00:28;00:35;0;0;0;57;12.59;13;0;0;0;60;13.25;14;78;17.22;20;0;0;9;1.98;3;0;1,075;0.38;1;46 minutes;05:03;0;0;0;0;0;0;34%
uNFixed-2518;0;0;0;0;0;0;0;7,738;5,357.58;6,809;3,823;6;4.15;0;0;0;12;8.3;9;4;2;0;1;0;7;4.84;5;0;1;1;0;0;0;0;0;4;0;0;1;0;1;0;0;0;0;0;0;1;0.69;1;00:01;00:01;00:00;0;0;0;9;6.23;4;0;0;0;8;5.53;5;19;13.15;11;0;0;1;0.69;1;0;379;0.43;1;14 minutes;0;0;2;0;0;0;0;0
Uran-2728;3395;0;0;0;0;0;0;1,340;5,136.68;1,302;1,302;2;7.66;0;0;0;0;0;0;0;0;0;0;0;0;0;0;0;0;0;0;0;0;0;0;0;0;0;0;0;0;0;0;0;0;0;0;0;0;0;00:03;00:14;00:03;0;0;0;0;0;0;0;0;0;0;0;0;6;23;4;0;0;0;0;0;0;0;0;0;2 minutes;0;0;0;0;0;0;0;0
Valnas-1115;2880;0;0;0;0;0;0;1,115;12,246.4;1,115;1,115;0;0;0;0;0;7;76.88;7;7;0;0;0;0;3;32.94;3;0;0;0;0;0;0;0;0;7;0;0;0;0;0;0;0;0;0;0;0;1;10.98;1;00:07;01:19;00:07;0;0;0;1;10.98;1;0;0;0;4;43.93;4;1;10.98;1;0;0;1;10.98;1;0;19;0.2;0;1 minute;00:03;0;0;0;0;0;0;100%
Vaudrain-21590;48;0;0;0;0;0;0;20,035;9,295.12;4,658;3,331;25;11.59;0;0;0;70;32.47;20;12;2.8;0;1;0;37;17.16;11;1;2;0;1;0;0;0;0;12;0;0;8;3;4;2;0;0;0;3;1;15;6.95;5;01:05;00:30;00:21;0;0;0;47;21.8;12;0;0;0;30;13.91;9;34;15.77;11;0;0;15;6.95;4;0;749;0.46;1;27 minutes;05:42;0;0;0;0;0;0;56%
Vermillion-11337;55;0;0;0;0;0;0;1,728;5,307.92;1,728;722;5;15.35;0;0;0;5;15.35;5;3;1;0;0;0;2;6.14;2;0;0;0;0;0;0;0;0;0;0;0;0;0;0;0;0;0;0;0;0;1;3.07;1;00:07;00:24;00:07;0;0;0;6;18.42;6;0;0;0;2;6.14;2;11;33.78;11;0;0;1;3.07;1;0;93;0.3;0;5 minutes;0;0;0;0;0;0;0;0
Vigoss-2760;2680;0;0;0;0;0;0;1,576;18,253.41;1,576;1,048;2;23.16;0;0;0;4;46.32;4;3;2;0;0;0;1;11.58;1;0;0;0;0;0;0;0;0;3;0;0;0;0;0;0;0;0;0;0;0;0;0;0;0;0;0;0;0;0;0;0;0;0;0;0;4;46.32;4;0;0;0;0;0;0;0;0;0;7;0.07;0;1 minute;0;0;0;0;0;0;0;100%
vincento11-2998;2533;0;0;0;0;0;0;2,769;7,359.4;2,769;2,602;2;5.31;0;0;0;8;21.26;8;8;4;0;0;0;3;7.97;3;0;0;0;0;0;0;0;0;8;0;0;2;0;1;0;0;0;0;0;0;0;0;0;00:02;00:05;00:02;0;0;0;6;15.94;6;0;0;0;5;13.29;5;1;2.65;1;0;0;1;2.65;1;0;78;0.48;0;2 minutes;0;0;0;0;0;0;0;0
virr-2230;64;0;0;0;0;0;0;1,748;8,671.98;1,748;856;2;9.92;0;0;0;4;19.84;4;2;2;0;0;0;3;14.88;3;0;0;0;0;0;0;0;0;0;0;0;1;0;0;0;0;0;0;0;0;1;4.96;1;0;0;0;0;0;0;1;4.96;1;0;0;0;2;9.92;2;6;29.77;6;0;0;0;0;0;0;25;0.16;0;2 minutes;0;0;0;0;0;0;0;0
WARLOCK-23646;0;0;0;0;0;0;0;1,948;14,450.62;1,948;1,435;2;14.83;0;0;0;1;7.41;1;1;0.5;0;0;0;3;6.95;3;0;0;0;0;667;4,952;667;610;1;0;0;1;0;0;1;0;0;0;0;0;1;2.31;1;00:01;00:13;00:01;1;7;1;1;2.31;1;0;0;0;2;4.63;2;5;11.59;5;64;41;2;4.63;2;0;71;0.37;0;1 minute;0;0;0;64%;0;0;0;0
watt-1213;80;0;0;0;0;0;0;8,931;10,504.98;7,975;3,387;8;9.4;0;0;0;10;11.76;8;3;1.25;0;0;0;3;3.52;2;0;1;0;1;0;0;0;0;3;0;0;3;1;1;1;0;0;0;0;0;4;4.7;3;00:12;00:14;00:11;0;0;0;8;9.4;7;0;0;0;5;5.88;4;15;17.64;15;0;0;0;0;0;0;370;0.54;1;11 minutes;0;0;0;0;0;0;0;67%
Wertum-2409;0;2;0;0;0;0;0;85,396;8,325.06;7,889;5,536;98;9.55;0;0;0;228;22.22;19;19;2.32;0;0;0;81;7.89;9;4;10;0;6;0;0;0;0;19;0;0;27;11;9;8;0;0;0;3;5;103;10.04;12;06:26;00:37;01:18;0;0;0;183;17.84;19;0;0;0;139;13.55;12;199;19.4;29;0;0;17;1.65;4;0;3,097;0.45;1;1 hour;18:23;0;0;0;0;0;0;60%
WhitEshIB-2457;3000;1;0;0;0;0;0;23,448;5,937.27;4,550;3,572;25;6.33;0;0;0;45;11.39;12;7;1.8;0;2;0;20;5.06;6;2;4;0;2;0;0;0;0;7;0;0;5;2;2;1;0;0;0;0;0;8;2.02;3;00:58;00:14;00:23;0;0;0;39;9.87;11;0;0;0;19;4.81;7;25;6.33;7;0;0;6;1.51;2;0;755;0.33;1;37 minutes;0;0;0;0;0;0;0;42%
Xenbek-2361;68;3;0;0;0;0;0;48,441;5,476.76;5,922;2,558;55;6.21;0;0;0;120;13.56;15;13;2.18;0;1;0;29;3.27;4;4;9;0;5;113,945;12,883;0;1;13;0;0;20;7;7;6;0;0;0;3;2;52;5.87;10;01:40;00:11;00:19;0;0;0;58;6.55;9;10,982;2.38;0;62;7;9;88;9.94;10;0;0;5;0.56;2;0;1,341;0.29;1;1 hour;0;0;0;0;0;0;0;56%
Xenikay-2229;3351;1;0;0;0;0;0;5,243;14,971.97;5,243;2,234;5;14.27;0;0;0;21;59.96;21;11;4.2;0;0;0;8;22.84;8;0;0;0;0;0;0;0;0;11;0;0;1;0;1;0;0;0;0;0;0;2;5.71;2;00:20;00:57;00:20;0;0;0;8;22.84;8;0;0;0;10;28.55;10;10;28.55;10;0;0;1;2.85;1;0;181;0.45;0;6 minutes;02:27;0;0;0;0;0;0;0
Y19251658-2148;4191;0;0;0;0;0;0;7,026;13,196.05;5,516;2,232;4;7.51;0;0;0;21;39.43;19;11;5.25;0;0;0;7;13.14;7;0;1;0;0;0;0;0;0;11;0;0;1;1;0;1;0;0;0;3;1;13;24.41;13;02:03;03:52;02:03;0;0;0;7;13.14;7;0;0;0;13;24.41;12;15;28.17;12;0;0;0;0;0;0;190;0.43;1;7 minutes;01:25;0;0;0;0;0;0;69%
YATIAYASE-1475;76;5;0;0;0;0;0;45,341;5,336.62;3,589;2,854;58;6.82;0;0;0;191;22.48;21;19;3.29;0;0;0;72;8.47;9;0;8;0;6;787,824;92,726.83;0;101;19;0;0;23;7;6;11;0;0;0;4;2;69;8.12;10;03:28;00:24;00:35;0;0;0;91;10.71;10;0;0;0;142;16.71;20;112;13.18;17;0;0;13;1.53;2;0;1,880;0.35;1;--;01:55;0;0;0;0;0;0;72%
YoloNerd-2450;2428;0;0;0;0;0;0;17,653;4,523.27;6,659;2,016;48;12.29;0;0;0;66;16.91;28;7;1.37;0;0;0;31;7.94;14;2;4;1;1;0;0;0;0;7;0;0;7;3;3;2;0;0;0;4;2;18;4.61;6;01:34;00:24;00:31;0;0;0;27;6.91;9;0;0;0;25;6.4;11;42;10.76;14;0;0;9;2.3;4;0;341;0.14;0;40 minutes;02:25;0;0;0;0;0;0;26%
Yong-1106;79;0;0;0;0;0;0;852;8,740.74;852;815;1;10.25;0;0;0;4;41.02;4;3;4;0;0;0;1;10.25;1;0;0;0;0;0;0;0;0;3;0;0;0;0;0;0;0;0;0;0;0;1;10.25;1;0;0;0;0;0;0;3;30.76;3;0;0;0;2;20.51;2;2;20.51;2;0;0;1;10.25;1;0;14;0.17;0;1 minute;0;0;0;0;0;0;0;3%
ZaebushekaAA-2567;2736;0;0;0;0;0;0;212;2,217.08;212;212;1;10.47;1;10;1;1;10.47;1;1;1;0;0;0;1;2.77;1;0;0;0;0;0;0;0;0;1;0;0;0;0;0;0;0;0;0;0;0;2;5.55;2;00:00;00:02;00:00;1;10;1;12;33.3;12;0;0;0;6;16.65;6;10;27.75;10;36;4;1;2.77;1;0;170;0.49;0;55.10763303376734 seconds;0;0;0;11%;0;0;0;100%
Zatanna-11384;65;0;0;0;0;0;0;2,471;9,727.07;1,489;1,154;4;15.74;0;0;0;6;23.62;3;2;1.5;0;0;0;1;3.93;1;0;0;0;0;0;0;0;0;2;0;0;1;0;0;0;0;0;0;0;0;4;15.74;2;00:29;01:54;00:16;0;0;0;8;31.49;6;0;0;0;4;15.74;3;3;11.81;2;0;0;0;0;0;0;74;0.24;0;5 minutes;0;0;0;0;0;0;0;58%
Zave-2150;3829;0;0;0;0;0;0;622;6,056.1;622;292;2;19.48;0;0;0;1;9.74;1;1;0.5;0;0;0;1;9.74;1;0;0;0;0;0;0;0;0;1;0;0;0;0;0;0;0;0;0;0;0;0;0;0;00:07;01:08;00:07;0;0;0;0;0;0;0;0;0;1;9.74;1;10;97.41;10;0;0;0;0;0;0;0;0;0;1 minute;0;0;0;0;0;0;0;0
ZergFourbe-2414;3720;0;0;0;0;0;0;5,695;6,705.25;5,048;5,048;2;2.35;0;0;0;9;10.59;8;8;4.5;0;0;0;2;2.35;2;0;1;0;1;0;0;0;0;8;0;0;0;0;0;0;0;0;0;0;0;1;1.17;1;00:02;00:03;00:02;0;0;0;11;12.95;11;0;0;0;5;5.88;4;11;12.95;11;0;0;0;0;0;0;71;0.22;0;5 minutes;0;0;0;0;0;0;0;91%
ZeroX-1243;3273;0;0;0;0;0;0;2,790;17,155.78;2,790;2,590;2;12.29;0;0;0;3;18.44;3;3;1.5;0;0;0;3;18.44;3;0;0;0;0;0;0;0;0;3;0;0;0;0;0;0;0;0;0;0;0;0;0;0;00:02;00:15;00:02;0;0;0;0;0;0;0;0;0;0;0;0;1;6.14;1;0;0;1;6.14;1;0;28;0.17;0;2 minutes;0;0;0;0;0;0;0;0
Zimixi-2926;3206;0;0;0;0;0;0;4,424;6,085.67;3,257;1,741;4;5.5;0;0;0;13;17.88;11;5;3.25;0;0;0;5;6.87;3;0;1;0;0;0;0;0;0;5;0;0;3;2;1;0;0;0;0;0;0;2;2.75;2;00:09;00:12;00:09;0;0;0;5;6.87;5;0;0;0;5;6.87;4;8;11;6;0;0;0;0;0;0;186;0.53;1;5 minutes;0;0;0;0;0;0;0;0
