Aixcelsior-2635;0;0;0;0;0;0;0;0;0;182;7,491.61;182;182;0;0;0;0;0;1;41.21;1;1;0;0;0;0;1;41.21;1;0;0;0;0;0;0;0;0;1;0;0;0;0;0;0;0;0;0;0;0;0;0;0;0;0;0;0;0;0;0;0;0;0;0;0;5;1;0;0;0;0;0;0;14.603244023397565 seconds;0;1;41.21;1;1;41.21;0;20%;20%;0
Alfred-21824;3225;39;33.09;0;6%;25;14;14;0.02;18,232;15,472.22;6,570;3,656;11;9.33;0;0;0;29;24.6;15;9;2.63;0;0;0;15;12.72;8;1;1;0;0;0;0;0;0;9;0;0;3;0;2;1;0;0;0;6;5.09;5;4;2;6;5.09;5;00:16;00:13;00:06;0;0;0;0;0;0;849;376;3;2.54;3;0;0;0;14 minutes;01:23;20;16.97;10;16;13.57;0;44%;65%;0
AlisterGrimm-2146;2464;69;27.73;1;3%;23;9;7;0.01;30,078;12,090.25;6,616;3,931;16;6.43;0;0;0;64;25.72;20;12;4;0;0;0;23;9.24;9;0;2;1;1;0;0;0;0;12;0;0;8;4;2;2;0;0;0;11;4.42;4;3;1;17;6.83;6;00:45;00:18;00:13;0;0;0;0;0;0;1,572;602;2;0.8;1;0;0;0;24 minutes;02:23;29;11.65;10;52;20.9;1;38%;32%;49%
alkhailiss-2887;3073;2;2.55;0;15%;29;25;9;0.06;7,050;9,013.62;2,488;1,577;9;11.5;0;0;0;13;16.62;5;4;1.44;0;0;0;7;8.94;3;1;1;0;0;0;0;0;0;4;0;0;2;1;1;1;0;0;0;1;1.27;1;0;0;2;2.55;1;00:11;00:14;00:10;0;0;0;0;0;0;610;185;2;2.55;2;0;0;0;7 minutes;00:24;11;14.06;4;8;10.22;0;30%;31%;0
Aloex-2499;3511;1;5.43;0;12%;4;4;3;0.07;2,376;12,904.92;2,376;2,196;1;5.43;0;0;0;1;5.43;1;1;1;0;0;0;1;5.43;1;0;0;0;0;0;0;0;0;1;0;0;1;0;0;0;0;0;0;0;0;0;0;0;0;0;0;0;0;0;0;0;0;0;0;0;97;32;0;0;0;0;0;0;54.151435007341206 seconds;0;1;5.43;1;0;0;0;32%;32%;0
Alpz-1416;2156;27;21.77;1;3%;11;9;9;0.02;9,171;7,395;5,123;5,123;4;3.22;0;0;0;18;14.51;15;15;4.5;0;0;0;4;3.22;4;0;1;0;1;0;0;0;0;15;0;0;5;2;2;0;0;0;0;5;4.03;4;0;0;7;5.64;6;00:22;00:18;00:18;0;0;0;0;0;0;702;337;1;0.8;1;0;0;0;7 minutes;02:21;4;3.22;4;14;11.28;0;48%;0;63%
Ant-11447;64;42;9.37;3;4%;34;12;12;0;42,432;9,473.39;13,159;13,159;8;1.78;0;0;0;81;18.08;26;26;10.12;0;0;0;36;8.03;12;0;4;0;3;0;0;0;0;26;0;0;12;4;5;3;1;0.22;1;16;3.57;5;0;0;20;4.46;7;00:29;00:06;00:14;0;0;0;0;0;0;0;0;10;2.23;5;0;0;0;29 minutes;04:09;34;7.59;10;65;14.51;0;33%;0;63%
Artificial-11535;2906;3;15.49;0;3%;1;1;1;0;3,797;19,616.56;3,797;2,174;2;10.33;0;0;0;4;20.66;4;4;2;0;0;0;1;5.16;1;0;0;0;0;0;0;0;0;4;0;0;1;1;0;0;0;0;0;0;0;0;0;0;2;10.33;2;00:04;00:22;00:04;0;0;0;0;0;0;85;26;0;0;0;0;0;0;2 minutes;0;4;20.66;4;1;5.16;0;30%;0;0
Arvansest-21399;59;74;20.14;4;9%;58;16;10;0.02;41,602;11,327.86;12,392;6,239;29;7.89;0;0;0;109;29.67;25;13;3.75;0;0;0;41;11.16;13;1;4;0;3;0;0;0;0;13;0;0;14;3;4;7;1;0.27;1;18;4.9;7;3;1;38;10.34;13;01:06;00:18;00:30;0;0;0;0;0;0;1,997;594;16;4.35;5;0;0;0;43 minutes;03:41;49;13.34;17;82;22.32;0;29%;44%;83%
AverageJonas-2369;4204;1;14.88;0;30%;6;6;6;0.18;815;12,136.97;815;815;1;14.88;0;0;0;1;14.88;1;1;1;0;0;0;0;0;0;0;0;0;0;0;0;0;0;1;0;0;0;0;0;0;0;0;0;0;0;0;0;0;0;0;0;0;0;0;0;0;0;0;0;0;33;20;0;0;0;0;0;0;31.978007009252906 seconds;0;0;0;0;1;14.88;0;60%;0;0
AwkwardSpork-2946;2926;19;43.22;0;3%;8;8;3;0.02;4,606;10,478.45;4,606;2,660;5;11.37;0;0;0;7;15.92;7;4;1.4;0;0;0;2;4.55;2;0;0;0;0;0;0;0;0;4;0;0;1;1;0;0;0;0;0;0;0;0;0;0;3;6.82;3;01:12;02:44;01:12;0;0;0;0;0;0;562;252;0;0;0;0;0;0;5 minutes;0;3;6.82;3;4;9.1;0;44%;44%;0
Awungshi-2566;2194;15;14.34;0;4%;18;10;6;0.02;11,714;11,202.5;5,318;2,640;10;9.56;0;0;0;28;26.77;12;8;2.8;0;1;0;8;7.65;5;0;1;1;0;0;0;0;0;8;0;0;3;2;0;1;0;0;0;3;2.86;2;0;0;21;20.08;10;01:07;01:04;00:29;0;0;0;0;0;0;1,121;390;3;2.86;1;0;0;0;13 minutes;01:00;9;8.6;5;23;21.99;0;34%;36%;0
BabyYukiko-6692;52;79;37.4;0;3%;16;5;5;0;21,137;10,007.24;4,981;2,810;21;9.94;0;0;0;59;27.93;18;8;2.8;0;0;0;13;6.15;4;0;2;0;1;0;0;0;0;0;0;0;2;1;1;1;1;0;1;4;1.89;4;0;0;29;13.72;12;01:20;00:38;00:24;0;0;0;0;0;0;0;0;2;0.94;1;0;0;0;32 minutes;0;23;10.88;6;47;22.25;0;14%;0;48%
BahkirOFF-2447;0;2;5.26;0;22%;4;4;4;0.01;2,174;5,719.66;2,174;1,376;3;7.89;0;0;0;3;7.89;3;2;1;0;0;0;1;2.63;1;0;0;0;0;0;0;0;0;2;0;0;1;0;0;0;0;0;0;1;2.63;1;0;0;1;2.63;1;00:06;00:18;00:06;0;0;0;0;0;0;105;18;1;2.63;1;0;0;0;4 minutes;0;2;5.26;2;1;2.63;0;17%;0;0
BARK1-2227;3000;0;0;0;0;0;0;0;0;561;13,949.76;561;561;1;24.88;0;0;0;1;24.88;1;1;1;0;0;0;0;0;0;0;0;0;0;0;0;0;0;1;0;0;0;0;0;0;0;0;0;0;0;0;0;0;1;24.88;1;0;0;0;0;0;0;0;0;0;33;6;0;0;0;0;0;0;43.48522000107914 seconds;0;1;24.88;1;0;0;0;18%;18%;0
Bezmoa-2734;2294;255;23.02;5;4%;170;24;12;0.02;129,783;11,720.53;11,104;6,984;98;8.85;0;0;0;273;24.65;24;14;2.78;0;0;0;131;11.83;12;3;11;4;4;0;0;0;0;14;0;0;33;11;9;13;5;0.45;1;53;4.78;6;4;5;112;10.11;13;05:54;00:31;00:32;0;0;0;0;0;0;10,558;3,515;28;2.52;4;0;0;0;2 hours;28:08;167;15.08;14;187;16.88;1;33%;65%;32%
Bluekyba-2729;0;11;29.47;0;7%;13;13;10;0.04;5,413;14,504.44;5,413;1,935;7;18.75;0;0;0;10;26.79;10;4;1.42;0;0;0;3;8.03;3;0;0;0;0;0;0;0;0;4;0;0;0;0;0;0;0;0;0;3;8.03;3;0;0;3;8.03;3;00:09;00:24;00:09;0;0;0;0;0;0;424;164;2;5.35;2;0;0;0;5 minutes;01:24;6;16.07;6;8;21.43;0;38%;0;0
Bogey-2614;0;25;25.38;1;7%;6;3;3;0;11,063;11,234.2;9,354;7,421;2;2.03;0;0;0;30;30.46;25;24;15;0;0;0;9;9.13;8;0;1;0;1;0;0;0;0;24;0;0;3;1;0;2;0;0;0;9;9.13;9;3;1;15;15.23;13;00:19;00:19;00:11;0;0;0;0;0;0;449;84;3;3.04;3;0;0;0;10 minutes;04:47;11;11.17;10;27;27.41;0;18%;28%;87%
Booooooo-2998;65;38;27.78;0;5%;26;11;10;0;21,181;15,485.21;8,921;8,030;8;5.84;0;0;0;29;21.2;13;12;3.62;0;0;0;14;10.23;5;0;1;0;0;0;0;0;0;12;0;0;5;3;1;1;1;0.73;1;8;5.84;5;3;1;10;7.31;7;00:23;00:17;00:14;0;0;0;0;0;0;0;0;6;4.38;3;0;0;0;16 minutes;00:10;23;16.81;10;16;11.69;0;42%;0;29%
Boosted-11707;67;648;23.98;16;5%;678;43;27;0;398,942;14,766.84;14,881;9,072;250;9.25;0;0;0;851;31.49;38;30;3.4;0;0;0;372;13.76;18;0;27;0;19;0;0;0;0;30;0;0;72;19;31;23;2;0.07;1;154;5.7;12;3;9;302;11.17;17;09:43;00:21;00:48;0;0;0;0;0;0;0;0;99;3.66;5;0;0;0;5 hours;52:47;547;20.24;22;567;20.98;0;31%;0;71%
Bootsy-2618;2601;1;10.08;0;21%;7;7;4;0.07;1,621;16,341.49;1,621;1,097;3;30.24;0;0;0;0;0;0;0;0;0;0;0;0;0;0;0;0;0;0;0;0;0;0;0;0;0;0;0;0;0;0;0;0;0;0;0;0;0;0;0;0;00:03;00:35;00:03;0;0;0;0;0;0;100;32;0;0;0;0;0;0;1 minute;0;0;0;0;0;0;0;32%;0;0
brian-31216;2824;62;15.24;1;6%;115;37;18;0.03;61,106;15,021.25;16,023;6,343;34;8.35;0;0;0;117;28.76;26;13;3.44;0;0;0;51;12.53;16;2;4;1;2;0;0;0;0;13;0;0;10;3;3;4;0;0;0;23;5.65;6;3;3;28;6.88;11;01:07;00:16;00:25;0;0;0;0;0;0;5,521;1,813;15;3.68;4;0;0;0;48 minutes;11:59;67;16.47;19;85;20.89;0;32%;45%;50%
broscience-21366;2811;1;6.06;0;0;0;0;0;0;654;3,963.65;654;654;1;6.06;0;0;0;0;0;0;0;0;0;0;0;0;0;0;0;0;0;0;0;0;0;0;0;0;0;1;0;0;0;0;0;0;0;0;0;0;0;0;0;0;0;0;0;0;0;0;0;0;0;8;6;0;0;0;0;0;0;47.41444799397141 seconds;0;0;0;0;0;0;0;75%;75%;0
Bubatsu-2308;3100;2;10.23;0;0;0;0;0;0;349;1,786.19;349;279;1;5.11;0;0;0;0;0;0;0;0;0;0;0;0;0;0;0;0;0;0;0;0;0;0;0;0;0;0;0;0;0;0;0;0;0;0;0;0;0;0;0;0;00:02;00:12;00:02;0;0;0;0;0;0;24;2;0;0;0;0;0;0;58.26853203866631 seconds;0;0;0;0;0;0;0;8%;8%;0
BUR1X-2303;3570;45;22.56;0;7%;25;9;9;0.01;34,466;17,284.98;8,473;4,868;19;9.52;0;0;0;45;22.56;14;8;2.36;0;0;0;22;11.03;7;1;2;1;0;0;0;0;0;8;0;0;6;3;2;1;0;0;0;13;6.51;6;3;1;13;6.51;6;00:54;00:27;00:30;0;0;0;0;0;0;1,172;346;4;2;1;0;0;0;26 minutes;05:53;25;12.53;9;33;16.54;0;29%;39%;15%
Butsnozle-1387;1953;91;25.12;3;4%;52;15;13;0.02;60,852;16,800.44;10,802;5,216;26;7.17;0;0;0;106;29.26;21;12;4.07;0;0;0;40;11.04;8;1;4;0;2;0;0;0;0;12;0;0;12;2;5;4;0;0;0;28;7.73;9;4;4;46;12.69;13;02:06;00:34;00:43;0;0;0;0;0;0;3,303;1,177;6;1.65;2;0;0;0;41 minutes;11:37;62;17.11;14;74;20.43;0;35%;46%;64%
Buttkjolf-2349;3359;0;0;0;10%;1;1;1;0;1,452;4,908.06;1,205;1,205;1;3.37;0;0;0;3;10.13;2;2;3;0;0;0;1;3.37;1;0;0;0;0;0;0;0;0;2;0;0;1;0;0;1;0;0;0;0;0;0;0;0;0;0;0;00:10;00:34;00:10;0;0;0;0;0;0;106;10;0;0;0;0;0;0;3 minutes;0;1;3.37;1;2;6.75;0;9%;10%;100%
Caccis-2474;2564;11;24.3;0;7%;7;7;7;0.02;6,214;13,733.33;6,214;5,944;2;4.41;0;0;0;6;13.25;6;6;3;0;0;0;4;8.83;4;0;0;0;0;0;0;0;0;6;0;0;2;0;0;1;0;0;0;3;6.62;3;0;0;1;2.2;1;00:02;00:05;00:02;0;0;0;0;0;0;261;88;0;0;0;0;0;0;3 minutes;01:16;5;11.04;5;3;6.62;0;33%;33%;0
Calas-2615;4088;2;4.14;0;3%;1;1;1;0;3,209;6,655.56;1,952;1,740;3;6.22;0;0;0;2;4.14;1;1;0.66;0;0;0;1;2.07;1;0;0;0;0;0;0;0;0;1;0;0;2;0;1;1;0;0;0;0;0;0;0;0;0;0;0;0;0;0;0;0;0;0;0;0;115;31;0;0;0;0;0;0;2 minutes;0;2;4.14;1;1;2.07;0;26%;29%;0
CellPhantom-2805;60;8;10.58;0;3%;8;5;3;0.01;12,517;16,562.34;8,498;2,709;8;10.58;0;0;0;10;13.23;6;3;1.25;0;0;0;4;5.29;2;1;1;0;0;0;0;0;0;3;0;0;3;1;2;1;1;1.32;1;0;0;0;0;0;3;3.96;2;00:25;00:34;00:24;0;0;0;0;0;0;557;263;1;1.32;1;0;0;0;9 minutes;0;9;11.9;5;3;3.96;0;47%;0;0
Cicerone-2993;2729;45;20.95;0;6%;31;11;9;0.02;22,156;10,315.94;4,269;3,511;17;7.91;0;0;0;40;18.62;12;8;2.35;0;0;0;17;7.91;5;2;2;0;0;0;0;0;0;8;0;0;7;3;1;3;0;0;0;4;1.86;2;0;0;23;10.7;6;00:57;00:26;00:18;0;0;0;0;0;0;1,801;499;5;2.32;2;0;0;0;24 minutes;00:40;23;10.7;6;28;13.03;0;27%;36%;5%
ClarieFarron-11811;3115;1;3.18;0;0;0;0;0;0;424;1,348.7;424;354;3;9.55;0;0;0;2;6.36;2;2;0.66;0;0;0;1;3.18;1;0;0;0;0;0;0;0;0;2;0;0;0;0;0;0;0;0;0;0;0;0;0;0;0;0;0;0;0;0;0;0;0;0;0;0;111;4;0;0;0;0;0;0;2 minutes;0;1;3.18;1;1;3.18;0;3%;3%;98%
ClassyOwl-2412;2972;51;31.68;0;3%;8;6;3;0;12,368;7,684.09;4,819;2,146;19;11.8;0;0;0;27;16.77;14;6;1.42;0;0;0;10;6.21;6;1;2;0;0;0;0;0;0;6;0;0;4;1;2;1;0;0;0;5;3.1;5;0;0;14;8.69;6;00:25;00:15;00:12;0;0;0;0;0;0;757;262;2;1.24;2;0;0;0;18 minutes;02:53;20;12.42;9;20;12.42;0;34%;60%;24%
Cojoness-1323;57;13;14.69;1;3%;7;4;4;0;14,341;16,216.77;7,300;7,300;6;6.78;0;0;0;30;33.92;18;18;5;0;0;0;14;15.83;7;0;1;0;0;0;0;0;0;18;0;0;2;0;1;1;0;0;0;3;3.39;3;0;0;6;6.78;5;00:07;00:08;00:03;0;0;0;0;0;0;0;0;4;4.52;3;0;0;0;9 minutes;01:12;16;18.09;10;23;26;0;28%;0;49%
Coldflame-2462;2848;9;30.5;0;3%;3;3;3;0.01;2,528;8,566.85;2,528;686;5;16.94;0;0;0;10;33.88;10;4;2;0;0;0;4;13.55;4;0;0;0;0;0;0;0;0;4;0;0;1;0;0;0;0;0;0;0;0;0;0;0;6;20.33;6;00:31;01:47;00:31;0;0;0;0;0;0;453;85;2;6.77;2;0;0;0;4 minutes;0;4;13.55;4;7;23.72;0;18%;0;0
CoLDsTeeL-21696;0;16;31.79;1;3%;11;11;8;0.04;8,490;16,867.66;8,490;7,284;1;1.98;0;0;0;13;25.82;13;7;13;0;0;0;3;5.96;3;0;1;0;1;0;0;0;0;7;0;0;2;1;1;0;0;0;0;4;7.94;4;0;0;4;7.94;4;00:21;00:41;00:21;0;0;0;0;0;0;518;356;1;1.98;1;0;0;0;4 minutes;01:43;10;19.86;10;7;13.9;0;68%;68%;100%
Connor-22337;2641;18;23.16;0;6%;15;15;6;0.02;9,581;12,330.19;9,581;3,580;7;9;0;0;0;20;25.73;20;8;2.85;0;0;0;12;15.44;12;1;1;0;0;0;0;0;0;8;0;0;2;1;1;1;0;0;0;3;3.86;3;0;0;8;10.29;8;00:59;01:16;00:59;0;0;0;0;0;0;630;241;4;5.14;4;0;0;0;8 minutes;01:08;17;21.87;17;8;10.29;0;38%;0;0
CRA2YDOG-3822;2393;32;32.96;0;1%;4;3;3;0;15,007;15,460.04;9,579;3,183;8;8.24;0;0;0;20;20.6;10;6;2.5;0;0;0;6;6.18;4;0;1;0;0;0;0;0;0;6;0;0;4;1;2;1;0;0;0;3;3.09;2;0;0;9;9.27;4;00:26;00:26;00:20;0;0;0;0;0;0;968;331;0;0;0;0;0;0;13 minutes;0;12;12.36;6;14;14.42;0;34%;26%;50%
crasherT-2252;2400;27;14.84;1;2%;7;4;2;0;17,090;9,396.9;9,748;4,423;12;6.59;0;0;0;32;17.59;20;10;2.66;0;0;0;13;7.14;9;1;2;0;1;0;0;0;0;10;0;0;5;1;1;3;2;1.09;2;6;3.29;5;4;1;16;8.79;8;00:20;00:11;00:16;0;0;0;0;0;0;882;312;5;2.74;3;0;0;0;18 minutes;06:48;13;7.14;11;27;14.84;0;35%;42%;36%
CrazyMageeee-6750;59;134;24.78;3;8%;118;25;17;0;68,587;12,688.1;15,566;4,765;38;7.02;0;0;0;163;30.15;38;16;4.28;0;0;0;58;10.72;14;0;5;0;4;0;0;0;0;0;0.35;0;16;5;5;5;1;0;1;22;4.06;4;3;2;65;12.02;24;01:48;00:20;00:49;0;0;0;0;0;0;0;0;17;3.14;4;0;0;0;1 hour;07:47;77;14.24;15;124;22.93;0;34%;0;73%
Crepe-11197;3000;23;12.8;1;4%;14;3;3;0;30,187;16,811.06;7,715;4,049;16;8.91;0;0;0;57;31.74;31;17;3.56;0;0;0;26;14.47;10;1;2;0;1;0;0;0;0;17;0;0;6;1;4;1;1;0.55;1;12;6.68;6;0;0;22;12.25;15;00:20;00:11;00:08;0;0;0;0;0;0;1,437;317;3;1.67;2;0;0;0;25 minutes;02:17;27;15.03;10;48;26.73;0;22%;24%;41%
CtrlAltL337-1674;2797;220;20.77;7;6%;253;35;24;0.03;179,998;16,998.53;17,929;9,480;51;4.81;0;0;0;296;27.95;28;20;5.8;0;0;0;134;12.65;12;2;11;2;6;0;0;0;0;20;0;0;35;5;20;10;0;0;0;82;7.74;11;3;2;96;9.06;15;01:46;00:10;00:18;0;0;0;0;0;0;11,563;3,804;34;3.21;6;0;0;0;1 hour;27:58;187;17.65;19;185;17.47;0;32%;42%;60%
Cyric-21611;614;1,467;28.86;28;9%;1,293;124;38;0.04;445,907;8,773.46;22,629;8,099;407;8;0;0;0;848;16.68;56;15;2.08;0;9;0;463;9.1;26;49;51;1;1;0;0;0;0;15;0;0;86;24;39;23;7;0.13;2;177;3.48;12;4;6;221;4.34;17;17:50;00:21;01:38;0;0;0;0;0;0;32,041;14,027;203;3.99;11;1;0;0;8 hours;01:39:03;572;11.25;31;450;8.85;12;43%;68%;1%
d3sTiny-4851;0;4;30.63;0;9%;2;2;2;0.01;2,803;21,470.53;2,803;1,895;2;15.31;0;0;0;2;15.31;2;1;1;0;0;0;1;7.65;1;0;0;0;0;0;0;0;0;1;0;0;0;0;0;0;0;0;0;0;0;0;0;0;1;7.65;1;00:02;00:15;00:02;0;0;0;0;0;0;47;21;0;0;0;0;0;0;2 minutes;0;1;7.65;1;1;7.65;0;44%;0;0
Dabutor-2283;2856;5;36.39;0;7%;5;5;5;0.04;4,193;30,526.37;4,193;4,193;1;7.27;0;0;0;1;7.27;1;1;1;0;0;0;0;0;0;0;0;0;0;0;0;0;0;1;0;0;0;0;0;0;0;0;0;0;0;0;0;0;0;0;0;00:01;00:10;00:01;0;0;0;0;0;0;156;65;0;0;0;0;0;0;1 minute;0;0;0;0;1;7.27;0;41%;0;100%
dafran-2671;4595;8;39.88;0;0;0;0;0;0;2,303;11,481.35;2,303;2,303;1;4.98;0;0;0;6;29.91;6;6;6;0;0;0;2;9.97;2;0;0;0;0;0;0;0;0;6;0;0;1;0;0;0;0;0;0;0;0;0;0;0;3;14.95;3;00:00;00:01;00:00;0;0;0;0;0;0;164;33;0;0;0;0;0;0;3 minutes;0;0;0;0;6;29.91;0;20%;0;0
Darthfrosty-2752;0;220;19.12;11;5%;209;19;14;0.02;160,232;13,930.36;9,966;7,963;69;5.99;0;0;0;377;32.77;25;20;5.46;0;0;0;178;15.47;12;2;12;2;8;0;0;0;0;20;0;0;36;5;16;15;1;0.08;1;85;7.38;8;3;1;131;11.38;15;05:31;00:28;00:47;0;0;0;0;0;0;13,124;3,754;46;3.99;6;0;0;0;2 hours;31:34;204;17.73;19;284;24.69;1;28%;50%;72%
DasNudel28-2964;3000;5;13.32;0;2%;4;4;3;0.01;3,709;9,887.04;3,709;1,390;5;13.32;0;0;0;6;15.99;6;5;1.2;0;0;0;2;5.33;2;0;0;0;0;0;0;0;0;5;0;0;1;1;0;0;0;0;0;3;7.99;3;0;0;3;7.99;3;00:06;00:18;00:06;0;0;0;0;0;0;321;134;0;0;0;0;0;0;4 minutes;0;3;7.99;3;4;10.66;0;41%;41%;0
Dave-24956;4216;2;11.48;0;3%;5;5;3;0.02;4,025;23,115.1;3,988;2,638;4;22.96;0;0;0;3;17.22;3;3;0.75;0;0;0;2;11.48;2;0;0;0;0;0;0;0;0;3;0;0;1;0;0;0;0;0;0;0;0;0;0;0;0;0;0;00:00;00:00;00:00;0;0;0;0;0;0;234;136;0;0;0;0;0;0;3 minutes;0;3;17.22;3;1;5.74;0;58%;0;0
DAWegaaa-2274;2790;11;27.31;0;2%;2;2;1;0;5,043;12,522.41;4,639;1,807;8;19.86;0;0;0;11;27.31;11;6;1.37;0;0;0;5;12.41;5;0;0;0;0;0;0;0;0;6;0;0;2;0;0;1;0;0;0;2;4.96;2;0;0;5;12.41;5;00:13;00:34;00:10;0;0;0;0;0;0;280;77;0;0;0;0;0;0;5 minutes;01:22;5;12.41;5;8;19.86;0;27%;0;0
Daxter101-1719;0;40;45.97;0;12%;31;19;17;0.04;8,836;10,154.96;5,128;3,222;6;6.89;0;0;0;27;31.03;15;15;4.5;0;1;0;9;10.34;7;0;1;0;1;0;0;0;0;15;0;0;2;1;1;1;0;0;0;7;8.04;6;3;1;18;20.68;12;00:45;00:52;00:30;0;0;0;0;0;0;912;252;1;1.14;1;0;0;0;10 minutes;01:40;15;17.23;8;19;21.83;0;27%;28%;100%
DeadlyKitten-219438;2456;207;29.45;4;8%;280;44;32;0.05;111,743;15,900.32;12,676;6,637;60;8.53;0;0;0;223;31.73;28;15;3.71;0;0;0;126;17.92;18;2;7;3;2;0;0;0;0;15;0;0;23;3;10;9;0;0;0;53;7.54;9;3;4;85;12.09;13;05:19;00:45;00:58;0;0;0;0;0;0;8,893;3,439;42;5.97;6;0;0;0;1 hour;36:36;135;19.2;19;159;22.62;1;38%;46%;33%
Deaths-2260;2578;46;24.87;1;7%;17;5;3;0.01;26,805;14,497.67;6,751;6,143;13;7.03;0;0;0;59;31.91;18;15;4.53;0;0;0;24;12.98;7;1;2;0;1;0;0;0;0;15;0;0;5;1;1;3;0;0;0;10;5.4;5;3;1;26;14.06;10;00:40;00:21;00:12;0;0;0;0;0;0;788;217;4;2.16;2;0;0;0;24 minutes;07:12;25;13.52;9;50;27.04;0;27%;50%;45%
Demonslacker-2973;2908;51;11.37;0;6%;110;25;17;0.03;64,340;14,348.61;13,463;10,768;32;7.13;0;0;0;102;22.74;17;14;3.18;0;0;0;49;10.92;10;1;4;0;3;0;0;0;0;14;0;0;13;5;4;4;0;0;0;28;6.24;6;3;2;41;9.14;8;01:31;00:20;00:26;0;0;0;0;0;0;5,094;1,787;15;3.34;6;0;0;0;54 minutes;05:45;70;15.61;14;58;12.93;0;35%;60%;77%
DERPGUYZ-1495;2867;20;9.69;0;9%;48;13;13;0.04;18,667;9,044.9;4,012;4,003;12;5.81;0;0;0;36;17.44;9;9;3;0;2;0;13;6.29;4;1;2;1;0;0;0;0;0;9;0;0;7;3;2;2;0;0;0;6;2.9;3;0;0;11;5.33;5;01:35;00:46;00:27;0;0;0;0;0;0;1,895;523;2;0.96;2;0;0;0;18 minutes;01:57;22;10.66;8;21;10.17;0;27%;26%;0
Deso-11717;54;63;13.44;1;4%;17;2;2;0;47,222;10,076.42;6,077;5,725;37;7.89;0;0;0;99;21.12;20;17;2.67;0;0;0;37;7.89;6;0;5;0;3;0;0;0;0;17;0.31;0;11;4;3;3;0;0;0;18;3.84;4;3;2;33;7.04;9;01:46;00:22;00:14;0;0;0;0;0;0;0;0;3;0.64;2;0;0;0;52 minutes;03:27;43;9.17;8;82;17.49;0;31%;0;56%
Despire-1963;0;36;22.81;0;8%;42;19;18;0.04;18,681;11,840.61;10,951;3,724;10;6.33;0;0;0;38;24.08;26;10;3.8;0;0;0;13;8.23;8;1;2;0;1;0;0;0;0;10;0;0;5;1;1;3;0;0;0;7;4.43;5;0;0;20;12.67;13;00:41;00:26;00:31;0;0;0;0;0;0;1,277;497;2;1.26;1;0;0;0;16 minutes;00:23;23;14.57;16;23;14.57;0;38%;42%;56%
Dest-1774;80;24;11.11;0;7%;17;11;11;0;10,767;4,984.82;6,104;6,034;3;1.38;0;0;0;30;13.88;14;14;10;0;0;0;9;4.16;4;0;2;0;2;0;0;0;0;14;0;0;6;2;2;3;0;0;0;6;2.77;4;0;0;12;5.55;5;00:13;00:06;00:05;0;0;0;0;0;0;0;0;2;0.92;2;0;0;0;12 minutes;00:31;16;7.4;8;22;10.18;0;27%;0;100%
Detecter-2572;0;169;31.76;3;9%;136;68;21;0.04;64,308;12,086.99;22,000;7,228;41;7.7;0;0;0;82;15.41;33;8;2;0;0;0;43;8.08;14;3;5;0;2;0;0;0;0;8;0;0;14;6;2;5;3;0.56;1;17;3.19;6;4;2;36;6.76;14;03:24;00:38;01:57;0;0;0;0;0;0;3,426;1,469;8;1.5;5;0;0;0;53 minutes;09:47;43;8.08;17;59;11.08;0;42%;50%;37%
DevjlCloudVN-1911;2972;101;24.75;1;2%;18;4;2;0;64,067;15,700.58;13,350;8,097;31;7.59;0;0;0;115;28.18;31;17;3.7;0;0;0;39;9.55;10;1;4;2;2;0;0;0;0;17;0;0;13;4;3;6;0;0;0;28;6.86;6;3;1;52;12.74;14;02:10;00:32;00:37;0;0;0;0;0;0;2,281;653;8;1.96;3;0;0;0;55 minutes;07:48;55;13.47;12;83;20.34;0;28%;34%;40%
disura-2599;0;18;23.31;0;12%;34;27;14;0.05;11,614;15,042.07;8,704;4,737;6;7.77;0;0;0;26;33.67;13;13;4.33;0;0;0;13;16.83;9;0;1;0;0;0;0;0;0;13;0;0;2;0;1;1;0;0;0;1;1.29;1;0;0;2;2.59;2;00:07;00:09;00:07;0;0;0;0;0;0;612;269;1;1.29;1;0;0;0;10 minutes;01:12;16;20.72;9;17;22.01;0;43%;41%;53%
Dobo-2813;1991;22;22.65;0;4%;7;6;3;0;13,412;13,809.06;9,657;4,272;8;8.23;0;0;0;29;29.85;26;13;3.62;0;0;0;11;11.32;11;0;1;1;0;0;0;0;0;13;0;0;2;0;1;1;0;0;0;7;7.2;6;0;0;19;19.56;18;00:24;00:25;00:17;0;0;0;0;0;0;914;174;2;2.05;2;0;0;0;11 minutes;02:20;10;10.29;8;24;24.7;0;19%;18%;0
Dogmod-2179;2679;29;15.37;1;5%;30;11;10;0.02;25,182;13,349.62;7,714;5,036;15;7.95;0;0;0;43;22.79;16;10;2.86;0;0;0;21;11.13;9;1;2;1;0;0;0;0;0;10;0;0;6;2;2;2;0;0;0;14;7.42;5;0;0;17;9.01;7;00:45;00:23;00:12;0;0;0;0;0;0;1,661;567;4;2.12;2;0;0;0;19 minutes;03:42;24;12.72;10;36;19.08;0;34%;28%;0
Drania-21760;2443;47;11.61;1;3%;4;1;1;0;37,192;9,188.7;6,931;6,931;24;5.92;0;0;0;84;20.75;16;16;3.5;0;1;0;31;7.65;5;1;4;0;3;0;0;0;0;16;0;0;8;2;2;5;0;0;0;14;3.45;4;0;0;19;4.69;6;00:34;00:08;00:19;0;0;0;0;0;0;497;107;12;2.96;4;0;0;0;41 minutes;00:37;22;5.43;4;71;17.54;0;21%;33%;67%
DrDawg-2329;2728;193;28.16;4;6%;58;14;10;0.01;80,513;11,749.76;11,108;7,780;32;4.66;0;0;0;156;22.76;23;19;4.87;0;1;0;63;9.19;11;4;7;0;3;0;0;0;0;19;0;0;21;8;9;4;3;0.43;1;30;4.37;7;5;3;71;10.36;12;03:01;00:26;00:38;0;0;0;0;0;0;3,129;912;16;2.33;4;0;0;0;1 hour;18:36;81;11.82;13;120;17.51;3;29%;55%;47%
DrippyDrake-1364;3570;1;3.42;0;0;0;0;0;0;165;564.53;165;165;1;3.42;0;0;0;1;3.42;1;1;1;0;0;0;0;0;0;0;0;0;0;0;0;0;0;1;0;0;1;0;0;1;0;0;0;0;0;0;0;0;0;0;0;0;0;0;0;0;0;0;0;0;48;11;0;0;0;0;0;0;2 minutes;0;1;3.42;1;0;0;0;22%;22%;0
DrunkDwarf-2325;3084;15;7.21;2;4%;23;14;14;0.03;19,881;9,565.01;10,197;10,197;5;2.4;0;0;0;36;17.31;19;19;7.2;0;0;0;18;8.65;10;0;2;0;2;0;0;0;0;19;0;0;6;1;3;2;0;0;0;9;4.32;5;0;0;17;8.17;12;00:40;00:19;00:40;0;0;0;0;0;0;1,236;493;7;3.36;3;0;0;0;12 minutes;02:45;21;10.1;12;31;14.91;0;39%;4%;77%
Dup-2524;68;36;21.19;0;7%;30;17;14;0.02;21,720;12,790.32;7,476;5,459;11;6.47;0;0;0;41;24.14;18;15;3.72;0;0;0;23;13.54;12;0;2;0;1;0;0;0;0;15;0;0;5;2;2;2;1;0.58;1;8;4.71;7;3;1;17;10.01;7;00:45;00:26;00:18;0;0;0;0;0;0;1,383;414;9;5.29;6;0;0;0;23 minutes;01:15;29;17.07;15;22;12.95;0;29%;0;73%
EdCarvalho13-1238;0;99;21.54;3;6%;102;22;13;0.03;53,499;11,642.35;11,350;6,954;13;2.82;0;0;0;127;27.63;20;13;9.76;0;0;0;47;10.22;10;0;5;0;5;0;0;0;0;13;0;0;12;4;4;4;0;0;0;31;6.74;6;0;0;47;10.22;9;00:31;00:06;00:08;0;0;0;0;0;0;6,154;1,618;18;3.91;5;0;0;0;48 minutes;02:43;63;13.7;10;96;20.89;0;26%;36%;100%
eerpS-2719;4562;17;19.95;0;11%;25;13;13;0.05;8,996;10,562.58;3,591;3,381;5;5.87;0;0;0;20;23.48;11;5;4;0;0;0;11;12.91;5;1;1;0;0;0;0;0;0;5;0;0;3;0;2;1;0;0;0;6;7.04;2;0;0;9;10.56;6;00:09;00:10;00:05;0;0;0;0;0;0;752;217;2;2.34;1;0;0;0;7 minutes;02:20;16;18.78;8;9;10.56;0;28%;55%;31%
Elite-2431;0;48;27.27;0;6%;38;21;11;0.02;26,232;14,908.63;9,505;3,290;14;7.95;0;0;0;62;35.23;22;8;4.42;0;3;0;30;17.04;14;0;2;0;1;0;0;0;0;8;0;0;5;2;1;3;0;0;0;21;11.93;10;3;1;30;17.04;13;00:54;00:30;00:21;0;0;0;0;0;0;1,818;602;1;0.56;1;0;0;0;26 minutes;05:09;45;25.57;17;31;17.61;0;33%;41%;54%
Emjay-2489;0;124;23.69;2;5%;94;23;12;0.02;91,114;17,410.81;11,739;7,013;51;9.74;0;0;0;158;30.19;23;17;3.09;0;0;0;65;12.42;10;2;5;2;1;0;0;0;0;17;0;0;14;3;5;6;1;0.19;1;42;8.02;7;3;2;57;10.89;13;02:37;00:30;00:33;0;0;0;0;0;0;7,102;1,823;13;2.48;3;0;0;0;1 hour;08:17;93;17.77;15;126;24.07;0;25%;69%;25%
ende-3181;1409;91;11.52;4;4%;33;5;4;0;66,573;8,433.36;7,523;4,880;45;5.7;0;0;0;153;19.38;16;11;3.4;0;0;0;58;7.34;8;3;8;1;4;0;0;0;0;11;0;0;22;6;7;8;0;0;0;23;2.91;5;3;1;49;6.2;8;00:45;00:05;00:12;0;0;0;0;0;0;5,289;772;21;2.66;4;0;0;0;1 hour;02:03;48;6.08;7;128;16.21;2;14%;27%;51%
Enhasa-11378;3833;0;0;0;0;0;0;0;0;461;1,723.02;461;451;2;7.47;0;0;0;1;3.73;1;1;0.5;0;0;0;0;0;0;0;0;0;0;0;0;0;0;1;0;0;0;0;0;0;0;0;0;0;0;0;0;0;0;0;0;0;0;0;0;0;0;0;0;0;32;10;0;0;0;0;0;0;2 minutes;0;0;0;0;1;3.73;0;31%;31%;0
erTi-2546;2139;205;16.53;8;6%;194;40;18;0.02;127,396;10,275.68;8,571;5,939;47;3.79;0;0;0;308;24.84;25;16;6.55;0;0;0;130;10.48;12;3;12;3;6;0;0;0;0;16;0;0;36;9;18;9;2;0.16;1;65;5.24;6;3;5;114;9.19;13;04:33;00:22;00:34;0;0;0;0;0;0;10,213;3,022;46;3.71;5;0;0;0;1 hour;27:55;157;12.66;11;225;18.14;0;29%;42%;51%
evokje-2559;3704;15;24.14;0;11%;14;12;12;0.04;9,037;14,547.65;5,272;3,765;2;3.21;0;0;0;15;24.14;10;7;7.5;0;0;0;5;8.04;3;0;1;1;0;0;0;0;0;7;0;0;2;1;0;1;0;0;0;7;11.26;4;3;1;6;9.65;4;00:05;00:08;00:04;0;0;0;0;0;0;243;126;2;3.21;2;0;0;0;5 minutes;00:26;4;6.43;2;15;24.14;0;51%;37%;17%
Felix-24301;2537;7;79.3;0;0;0;0;0;0;265;3,002.31;265;251;1;11.32;0;0;0;1;11.32;1;1;1;0;0;0;0;0;0;0;0;0;0;0;0;0;0;1;0;0;0;0;0;0;0;0;0;0;0;0;0;0;1;11.32;1;0;0;0;0;0;0;0;0;0;0;0;0;0;0;0;0;0;1 minute;0;0;0;0;1;11.32;0;0;0;100%
Ferth-2851;3031;17;46.47;0;15%;31;31;15;0.08;6,722;18,376.28;6,722;3,221;4;10.93;0;0;0;14;38.27;14;8;3.5;0;0;0;9;24.6;9;0;0;0;0;0;0;0;0;8;0;0;1;0;1;0;0;0;0;7;19.13;7;0;0;11;30.07;11;00:36;01:38;00:36;0;0;0;0;0;0;563;200;2;5.46;2;0;0;0;6 minutes;04:55;9;24.6;9;5;13.66;0;35%;0;0
Fiction-21849;3000;6;10.13;0;4%;9;6;6;0.02;12,316;20,798.79;4,652;4,652;5;8.44;0;0;0;15;25.33;8;7;3;0;1;0;7;11.82;3;0;1;0;0;0;0;0;0;7;0;0;2;0;1;1;1;1.68;1;7;11.82;6;3;1;2;3.37;1;00:00;00:00;00:00;0;0;0;0;0;0;467;185;1;1.68;1;0;0;0;7 minutes;00:48;10;16.88;6;9;15.19;0;39%;0;25%
FlyingMice-4345;75;14;12.28;0;13%;33;22;21;0;15,670;13,754.72;8,370;6,605;9;7.89;0;0;0;31;27.21;12;12;3.44;0;0;0;14;12.28;6;0;1;0;1;2;2.02;0;86;12;0;0;2;1;1;1;0;0;0;2;1.75;2;3;1;9;7.89;5;00:25;00:22;00:11;0;0;0;0;0;0;0;0;3;2.63;2;0;0;0;12 minutes;01:30;13;11.41;7;27;23.69;0;36%;0;70%
Forgotten-21484;0;7;4.32;0;5%;9;8;5;0.01;3,692;2,282.08;1,883;1,182;11;6.79;0;0;0;3;1.85;3;3;0.27;0;1;0;1;0.61;1;2;2;0;0;0;0;0;0;3;0;0;3;2;1;0;0;0;0;0;0;0;0;0;1;0.61;1;00:02;00:01;00:02;0;0;0;0;0;0;661;157;0;0;0;0;0;0;10 minutes;0;3;1.85;3;0;0;0;23%;15%;0
forlife-3248;2456;29;44.07;0;2%;6;6;4;0;9,268;14,086.53;4,964;4,470;7;10.63;0;0;0;15;22.79;9;9;2.14;0;0;0;1;1.51;1;0;1;0;1;0;0;0;0;9;0;0;1;0;1;0;0;0;0;4;6.07;3;0;0;4;6.07;4;00:12;00:18;00:12;0;0;0;0;0;0;599;224;1;1.51;1;0;0;0;10 minutes;00:25;8;12.15;5;10;15.19;0;37%;0;100%
FranZBlond-2672;2594;92;32.28;0;6%;28;7;5;0.01;35,252;12,370.7;6,290;4,880;21;7.36;0;0;0;58;20.35;18;11;2.76;0;0;0;16;5.61;6;2;3;0;1;0;0;0;0;11;0;0;7;2;1;4;0;0;0;15;5.26;4;0;0;32;11.22;7;01:06;00:23;00:36;0;0;0;0;0;0;2,095;437;4;1.4;2;0;0;0;34 minutes;07:36;27;9.47;9;50;17.54;0;20%;26%;21%
Friezed-2278;2794;22;35.91;0;10%;15;10;10;0.02;9,194;15,008.02;3,963;3,073;4;6.52;0;0;0;24;39.17;14;10;6;0;1;0;9;14.69;5;0;1;0;0;0;0;0;0;10;0;0;2;0;0;1;0;0;0;6;9.79;6;0;0;8;13.05;6;00:04;00:06;00:03;0;0;0;0;0;0;504;137;4;6.52;2;0;0;0;9 minutes;01:32;8;13.05;5;20;32.64;0;27%;0;66%
Frostnium-1430;2313;23;16.93;1;2%;4;2;1;0;13,656;10,056.52;4,258;3,900;7;5.15;0;0;0;22;16.2;9;9;3.14;0;0;0;1;0.73;1;0;1;0;1;0;0;0;0;9;0;0;2;1;1;1;0;0;0;4;2.94;2;0;0;2;1.47;1;00:09;00:07;00:05;0;0;0;0;0;0;591;164;1;0.73;1;0;0;0;13 minutes;0;6;4.41;2;20;14.72;0;27%;0;59%
FunkyMonk-116286;76;3;11.93;0;12%;18;11;10;0;6,946;27,623.59;5,298;5,298;3;11.93;0;0;0;7;27.83;6;6;2.33;0;0;0;3;11.93;3;0;0;0;0;0;0;0;0;6;0;0;1;0;0;0;0;0;0;3;11.93;3;0;0;0;0;0;00:08;00:32;00:05;0;0;0;0;0;0;0;0;0;0;0;0;0;0;3 minutes;0;2;7.95;1;5;19.88;0;50%;0;100%
GAGAN-2118;3063;24;66.83;0;7%;14;10;6;0.03;8,147;22,688.63;4,982;3,753;3;8.35;0;0;0;16;44.55;12;7;5.33;0;0;0;6;16.7;6;0;0;0;0;0;0;0;0;7;0;0;1;1;1;0;0;0;0;6;16.7;5;0;0;7;19.49;7;00:37;01:43;00:24;0;0;0;0;0;0;608;181;2;5.56;2;0;0;0;6 minutes;01:39;6;16.7;6;13;36.2;0;29%;35%;0
GeneralyGood-1498;57;1;3.5;0;0;0;0;0;0;1,586;5,560.17;1,586;888;4;14.02;0;0;0;6;21.04;6;3;1.5;0;0;0;3;10.52;3;0;0;0;0;0;0;0;0;0;0;0;1;1;1;0;0;0;0;0;0;0;0;0;1;3.5;1;0;0;0;0;0;0;0;0;0;0;0;2;7.01;2;0;0;0;3 minutes;0;2;7.01;2;5;17.53;0;18%;0;0
Genjesus-1783;48;0;0;0;0;0;0;0;0;242;7,969.72;242;242;1;32.93;0;0;0;1;32.93;1;1;1;0;0;0;0;0;0;0;0;0;0;0;0;0;0;1;0;0;0;0;0;0;0;0;0;0;0;0;0;0;1;32.93;1;0;0;0;0;0;0;0;0;0;0;0;0;0;0;0;0;0;34.35851100087166 seconds;0;0;0;0;1;32.93;0;0;0;100%
GhostDragon-153648;26;33;4.63;0;4%;52;9;6;0;75,936;10,668.94;10,670;7,894;72;10.11;0;0;0;170;23.88;25;16;2.36;0;1;0;63;8.85;12;0;7;0;3;0;0;0;0;16;0;0;17;7;5;5;0;0;0;15;2.1;4;0;0;54;7.58;12;02:33;00:21;00:23;0;0;0;0;0;0;0;0;18;2.52;4;0;0;0;1 hour;00:46;66;9.27;10;124;17.42;0;23%;0;38%
Giterato-2482;3000;0;0;0;0;0;0;0;0;98;3,519.16;98;98;1;35.9;0;0;0;1;35.9;1;1;1;0;0;0;0;0;0;0;0;0;0;0;0;0;0;1;0;0;0;0;0;0;0;0;0;0;0;0;0;0;0;0;0;0;0;0;0;0;0;0;0;0;2;0;0;0;0;0;0;0;35.13019200414419 seconds;0;0;0;0;1;35.9;0;0;0;100%
Godman-1471;3601;9;17.79;0;16%;12;6;6;0.03;3,824;7,561.13;3,107;878;5;9.88;0;0;0;10;19.77;5;4;2;0;1;0;7;13.84;4;0;1;0;0;0;0;0;0;4;0;0;2;1;0;1;0;0;0;1;1.97;1;0;0;5;9.88;3;00:11;00:23;00:07;0;0;0;0;0;0;362;72;1;1.97;1;0;0;0;5 minutes;0;6;11.86;3;6;11.86;0;19%;24%;95%
Gods-11104;3039;7;13.79;0;2%;10;8;6;0.02;13,599;26,809.78;8,495;6,768;4;7.88;0;0;0;19;37.45;15;13;4.75;0;0;0;8;15.77;6;0;1;0;1;0;0;0;0;13;0;0;1;1;0;0;0;0;0;7;13.79;6;0;0;1;1.97;1;00:08;00:15;00:08;0;0;0;0;0;0;697;353;2;3.94;2;0;0;0;7 minutes;02:19;12;23.65;9;17;33.51;0;50%;0;100%
Golden-1654;74;0;0;0;2%;1;1;1;0;1,051;11,058.18;1,051;1,051;1;10.52;0;0;0;1;10.52;1;1;1;0;0;0;1;10.52;1;0;0;0;0;0;0;0;0;1;0;0;0;0;0;0;0;0;0;0;0;0;0;0;0;0;0;0;0;0;0;0;0;0;0;0;0;0;1;10.52;1;0;0;0;56.21525403484702 seconds;0;1;10.52;1;1;10.52;0;62%;0;100%
Goosen-21913;3522;16;31.59;0;11%;13;11;11;0.03;13,059;25,783.29;7,144;6,092;5;9.87;0;0;0;16;31.59;8;8;3.2;0;1;0;8;15.79;4;0;1;0;0;0;0;0;0;8;0;0;2;1;1;1;0;0;0;2;3.94;2;0;0;2;3.94;2;00:07;00:15;00:06;0;0;0;0;0;0;335;118;3;5.92;3;0;0;0;6 minutes;00:54;11;21.71;7;9;17.76;0;35%;0;49%
Graceful-2412;4622;6;44.71;0;0;0;0;0;0;3,798;28,306.01;3,798;3,798;1;7.45;0;0;0;6;44.71;6;6;6;0;0;0;1;7.45;1;0;0;0;0;0;0;0;0;6;0;0;1;0;0;0;0;0;0;0;0;0;0;0;1;7.45;1;0;0;0;0;0;0;0;0;0;177;56;0;0;0;0;0;0;2 minutes;0;0;0;0;6;44.71;0;31%;0;100%
guardkiller6-1557;2656;2;10.44;0;3%;5;5;3;0.03;3,915;20,453.69;3,915;2,229;2;10.44;0;0;0;2;10.44;2;2;1;0;0;0;0;0;0;0;0;0;0;0;0;0;0;2;0;0;1;0;0;0;0;0;0;1;5.22;1;0;0;2;10.44;2;00:05;00:29;00:05;0;0;0;0;0;0;423;133;0;0;0;0;0;0;2 minutes;0;2;10.44;2;1;5.22;0;31%;0;0
Gunslinger-2344;0;57;20.49;1;10%;28;11;11;0.01;31,477;11,318.83;8,959;8,180;20;7.19;0;0;0;70;25.17;23;23;3.5;0;0;0;30;10.78;10;1;3;1;1;0;0;0;0;23;0;0;9;2;4;3;0;0;0;18;6.47;8;0;0;37;13.3;17;03:36;01:17;01:41;0;0;0;0;0;0;1,294;255;5;1.79;2;0;0;0;33 minutes;05:27;33;11.86;13;49;17.61;0;19%;26%;30%
Gurru-2494;0;1;8.86;0;16%;1;1;1;0.02;1,119;9,923.34;919;919;0;0;0;0;0;3;26.6;3;3;0;0;0;0;1;8.86;1;0;0;0;0;0;0;0;0;3;0;0;0;0;0;0;0;0;0;0;0;0;0;0;1;8.86;1;00:01;00:14;00:01;0;0;0;0;0;0;13;6;0;0;0;0;0;0;39.25709500722587 seconds;00:12;1;8.86;1;2;17.73;0;46%;40%;12%
hakyuuu-2706;2941;6;18.29;0;6%;7;7;7;0.02;4,042;12,324.25;4,042;2,649;3;9.14;0;0;0;13;39.63;13;8;4.33;0;0;0;8;24.39;8;0;0;0;0;0;0;0;0;8;0;0;2;0;1;1;0;0;0;4;12.19;4;0;0;4;12.19;4;00:02;00:08;00:02;0;0;0;0;0;0;218;109;3;9.14;3;0;0;0;3 minutes;00:19;9;27.44;9;5;15.24;0;50%;50%;100%
Hallix-2336;3000;11;7.95;1;5%;16;7;5;0.02;16,336;11,807.26;5,279;3,743;9;6.5;0;0;0;28;20.23;14;10;3.11;0;0;0;11;7.95;6;0;1;0;1;0;0;0;0;10;0;0;5;2;2;1;0;0;0;5;3.61;3;0;0;10;7.22;6;00:18;00:13;00:09;0;0;0;0;0;0;860;271;1;0.72;1;0;0;0;13 minutes;00:07;11;7.95;4;25;18.06;0;31%;0;79%
Hanzo-21212;2699;26;18.74;1;2%;9;5;4;0.01;11,491;8,286.59;5,405;3,813;5;3.6;0;0;0;24;17.3;14;9;4.8;0;0;0;15;10.81;8;0;1;0;1;0;0;0;0;9;0;0;5;2;1;2;0;0;0;4;2.88;3;0;0;2;1.44;2;00:08;00:05;00:04;0;0;0;0;0;0;735;340;1;0.72;1;0;0;0;8 minutes;01:49;18;12.98;9;11;7.93;0;46%;0;59%
HarambeLover-2964;3450;136;28.02;2;8%;83;28;18;0.02;59,858;12,336.55;13,821;8,394;32;6.59;0;0;0;86;17.72;22;8;2.68;0;1;0;31;6.38;8;1;5;0;3;0;0;0;0;8;0;0;12;6;1;5;0;0;0;13;2.67;4;3;1;20;4.12;5;03:27;00:42;01:51;0;0;0;0;0;0;2,966;999;5;1.03;1;0;0;0;48 minutes;02:35;48;9.89;15;60;12.36;0;33%;54%;69%
Headpool-2556;2459;61;18.44;1;5%;40;14;11;0.01;50,133;15,161.21;12,487;6,266;32;9.67;0;0;0;76;22.98;22;13;2.37;0;0;0;27;8.16;8;2;3;0;2;0;0;0;0;13;0;0;8;3;1;4;0;0;0;14;4.23;4;5;1;25;7.56;8;01:21;00:24;00:26;0;0;0;0;0;0;2,342;667;7;2.11;3;0;0;0;42 minutes;01:02;30;9.07;9;64;19.35;0;28%;42%;45%
Headshots-21991;2139;225;15.53;1;7%;142;36;15;0.01;67,858;4,685.86;9,166;4,562;74;5.1;0;0;0;124;8.56;27;12;1.67;0;2;0;57;3.93;11;0;0;2;2;0;0;0;0;12;0;0;23;12;6;4;0;0;0;17;1.17;6;3;3;35;2.41;7;03:51;00:15;01:43;0;0;0;0;0;0;5,155;1,924;14;0.96;3;0;0;0;8.065162998624146 seconds;10:26;64;4.41;14;84;5.8;0;37%;61%;15%
HEEYA-3357;2201;45;20.85;1;6%;8;3;3;0;20,953;9,712.43;6,485;6,485;8;3.7;0;0;0;35;16.22;17;17;4.37;0;0;0;18;8.34;9;1;2;0;1;0;0;0;0;17;0;0;5;2;2;2;0;0;0;11;5.09;6;0;0;7;3.24;5;00:11;00:05;00:07;0;0;0;0;0;0;662;120;2;0.92;2;0;0;0;17 minutes;03:10;13;6.02;5;30;13.9;0;18%;26%;53%
Helios-1782;74;181;19.34;5;4%;145;23;11;0;116,694;12,468.89;13,889;6,399;58;6.19;0;0;0;268;28.63;35;17;4.62;0;0;0;128;13.67;17;0;9;0;6;11,778;1,258.44;10,072;298;17;0.47;0;29;8;12;9;2;0.21;1;59;6.3;8;3;1;92;9.83;12;02:44;00:17;00:29;0;0;0;2,288;0;1,888;0;0;37;3.95;9;0;0;0;1 hour;17:07;151;16.13;16;188;20.08;0;30%;0;67%
HelloBEAR-1295;3844;5;22.06;0;20%;9;9;8;0.05;1,942;8,570.63;1,542;911;4;17.65;0;0;0;2;8.82;2;2;0.5;0;0;0;1;4.41;1;0;0;0;0;0;0;0;0;2;0;0;0;0;0;0;0;0;0;1;4.41;1;0;0;0;0;0;0;0;0;0;0;0;0;0;0;153;43;1;4.41;1;0;0;0;2 minutes;0;1;4.41;1;1;4.41;0;28%;0;65%
Hizary-2434;0;0;0;0;0;0;0;0;0;1,378;6,387.36;1,378;846;1;4.63;0;0;0;1;4.63;1;1;1;0;0;0;0;0;0;0;0;0;0;0;0;0;0;1;0;0;1;0;0;0;0;0;0;0;0;0;0;0;0;0;0;0;0;0;0;0;0;0;0;0;89;10;0;0;0;0;0;0;1 minute;0;0;0;0;1;4.63;0;11%;11%;0
HoilDaym7K-4639;1279;79;7.13;1;7%;99;21;11;0.01;99,409;8,979.43;14,494;3,971;98;8.85;0;0;0;190;17.16;29;7;1.93;0;1;0;86;7.76;14;7;11;1;3;0;0;0;0;7;0;0;24;10;7;8;1;0.09;1;43;3.88;8;0;0;67;6.05;10;01:43;00:09;00:20;0;0;0;0;0;0;5,007;1,266;36;3.25;5;0;0;0;2 hours;04:09;85;7.67;13;136;12.28;0;25%;35%;27%
HoldenF-2370;2826;28;18.69;1;5%;32;19;13;0.02;23,070;15,407.03;16,278;6,240;12;8.01;0;0;0;34;22.7;19;7;2.83;0;1;0;17;11.35;10;1;1;0;1;0;0;0;0;7;0;0;3;0;2;1;0;0;0;11;7.34;6;3;1;10;6.67;7;00:30;00:20;00:17;0;0;0;0;0;0;1,547;622;4;2.67;2;0;0;0;18 minutes;01:15;15;10.01;8;27;18.03;0;40%;48%;38%
hortenio97-1715;2364;0;0;0;0;0;0;0;0;2,101;4,388.13;1,069;699;3;6.26;0;0;0;1;2.08;1;1;0.33;0;0;0;0;0;0;0;0;0;0;0;0;0;0;1;0;0;2;1;0;1;0;0;0;0;0;0;0;0;0;0;0;00:04;00:08;00:04;0;0;0;0;0;0;284;53;0;0;0;0;0;0;2 minutes;0;0;0;0;1;2.08;0;18%;33%;0
hotsforshots-11205;75;38;16.23;1;3%;11;5;3;0;31,370;13,400.09;9,696;6,172;15;6.4;0;0;0;66;28.19;16;11;4.4;0;0;0;25;10.67;8;0;2;0;2;0;0;0;0;11;0;0;7;0;3;3;0;0;0;14;5.98;5;0;0;25;10.67;8;04:47;02:02;02:02;0;0;0;0;0;0;0;0;5;2.13;3;0;0;0;22 minutes;04:57;33;14.09;10;55;23.49;0;31%;0;100%
HuK-1212;77;0;0;0;9%;5;4;4;0;4,299;18,796.98;2,402;2,402;3;13.11;0;0;0;4;17.48;4;4;1.33;0;1;0;2;8.74;2;0;0;0;0;0;0;0;0;4;0;0;0;0;0;0;0;0;0;1;4.37;1;0;0;0;0;0;0;0;0;0;0;0;0;0;0;0;0;1;4.37;1;0;0;0;3 minutes;00:25;3;13.11;3;2;8.74;0;29%;0;44%
Hype-1391;77;21;29.72;0;4%;14;7;7;0;14,381;20,355.14;4,866;4,274;8;11.32;0;0;0;26;36.8;11;10;3.25;0;0;0;9;12.73;4;0;1;0;1;0;0;0;0;10;0;0;1;0;0;1;0;0;0;8;11.32;3;0;0;6;8.49;5;00:16;00:23;00:09;0;0;0;0;0;0;0;0;1;1.41;1;0;0;0;11 minutes;00:25;17;24.06;9;15;21.23;0;39%;0;86%
IDK-11494;65;102;22.03;3;6%;67;16;10;0;48,229;10,416.69;7,415;7,415;20;4.31;0;0;0;114;24.62;24;15;5.7;0;0;0;52;11.23;13;0;5;0;4;0;0;0;0;0;0.39;0;16;2;11;4;1;0;1;24;5.18;7;3;2;48;10.36;16;01:27;00:18;00:24;0;0;0;0;0;0;0;0;10;2.15;3;0;0;0;41 minutes;10:07;66;14.25;17;85;18.35;0;35%;0;91%
IekkAI-3307;2874;12;12.54;0;11%;17;14;14;0.02;5,498;5,745.37;1,891;1,183;8;8.36;0;0;0;9;9.4;7;7;1.12;0;1;0;4;4.18;2;0;1;0;1;0;0;0;0;7;0;0;2;1;0;1;0;0;0;1;1.04;1;0;0;1;1.04;1;00:02;00:02;00:02;0;0;0;0;0;0;553;149;0;0;0;0;0;0;10 minutes;0;6;6.27;4;7;7.31;0;26%;54%;56%
iKriegz-1142;63;0;0;0;0;0;0;0;0;3,012;2,281.5;2,375;1,085;2;1.51;0;0;0;2;1.51;2;1;1;0;0;0;1;0.75;1;0;1;0;0;0;0;0;0;0;0;0;2;0;1;2;0;0;0;0;0;0;0;0;1;0.75;1;0;0;0;0;0;0;0;0;0;0;0;1;0.75;1;0;0;0;2 minutes;0;1;0.75;1;1;0.75;0;41%;0;0
ImHerpy-1154;3039;3;6.19;0;3%;1;1;1;0;3,265;6,744.42;2,907;1,885;4;8.26;0;0;0;5;10.32;4;2;1.25;0;0;0;2;4.13;1;0;0;0;0;0;0;0;0;2;0;0;1;0;0;1;0;0;0;1;2.06;1;0;0;0;0;0;00:00;00:01;00:00;0;0;0;0;0;0;161;27;0;0;0;0;0;0;4 minutes;0;2;4.13;1;5;10.32;0;16%;0;6%
inno-1953;2778;4;10.56;0;0;0;0;0;0;3,178;8,393.04;3,178;1,991;3;7.92;0;0;0;2;5.28;2;2;0.66;0;0;0;1;2.64;1;0;0;0;0;0;0;0;0;2;0;0;0;1;0;0;0;0;0;2;5.28;2;0;0;0;0;0;0;0;0;0;0;0;0;0;0;28;10;0;0;0;0;0;0;3.6854869974777102 seconds;0;0;0;0;2;5.28;0;35%;35%;0
INTERNETHULK-2984;3634;4;20.36;0;14%;11;11;10;0.05;4,030;20,513.49;3,452;3,097;4;20.36;0;0;0;8;40.72;7;6;2;0;0;0;3;15.27;3;0;0;0;0;0;0;0;0;6;0;0;1;0;0;0;0;0;0;1;5.09;1;0;0;0;0;0;0;0;0;0;0;0;0;0;0;204;75;0;0;0;0;0;0;3 minutes;0;7;35.63;6;2;10.18;0;36%;0;65%
Jensen-11513;3000;7;18.17;0;5%;11;11;5;0.03;5,083;13,201.28;5,083;2,350;6;15.58;0;0;0;6;15.58;6;2;1;0;0;0;3;7.79;3;0;0;0;0;0;0;0;0;2;0;0;0;0;0;0;0;0;0;0;0;0;0;0;3;7.79;3;00:46;02:00;00:46;0;0;0;0;0;0;488;190;0;0;0;0;0;0;6 minutes;0;6;15.58;6;2;5.19;0;38%;0;0
JesseJames-11680;2544;325;9.49;2;4%;247;15;11;0.01;321,572;9,394.81;12,587;6,559;357;10.42;0;0;0;641;18.72;27;18;1.79;0;21;0;201;5.87;11;25;34;4;5;0;0;0;0;18;0;0;79;31;20;29;0;0;0;124;3.62;8;3;2;273;7.97;14;18:47;00:32;01:56;0;0;0;0;0;0;28,924;5,796;49;1.43;3;0;0;0;6 hours;10:58;190;5.55;10;558;16.3;3;20%;58%;15%
JesterTheMad-1984;2216;24;23.15;0;6%;10;6;4;0.01;8,478;8,179.54;2,973;2,073;12;11.57;0;0;0;12;11.57;4;3;1;0;0;0;6;5.78;2;1;1;0;0;0;0;0;0;3;0;0;3;1;0;2;0;0;0;1;0.96;1;0;0;2;1.92;2;00:36;00:35;00:22;0;0;0;0;0;0;564;159;1;0.96;1;0;0;0;10 minutes;00:11;5;4.82;3;9;8.68;0;28%;11%;40%
Jillers-2491;2600;15;39.21;1;4%;8;5;3;0.02;7,063;18,463.09;5,945;3,305;4;10.45;0;0;0;14;36.59;13;9;3.5;0;0;0;4;10.45;4;0;0;0;0;0;0;0;0;9;0;0;1;0;1;0;0;0;0;2;5.22;2;0;0;11;28.75;10;00:45;01:59;00:43;0;0;0;0;0;0;458;177;2;5.22;2;0;0;0;5 minutes;01:28;5;13.07;5;13;33.98;0;38%;38%;87%
Joe-2697;2690;19;36.91;0;9%;7;7;6;0.02;3,874;7,526.65;3,874;2,049;4;7.77;0;0;0;11;21.37;11;9;2.75;0;0;0;4;7.77;4;1;1;0;0;0;0;0;0;9;0;0;2;0;1;2;0;0;0;1;1.94;1;0;0;3;5.82;3;00:19;00:38;00:19;0;0;0;0;0;0;281;71;0;0;0;0;0;0;5 minutes;02:21;6;11.65;6;5;9.71;0;25%;0;0
John-26692;3038;34;21.96;2;4%;21;12;11;0.02;26,885;17,370.07;11,909;9,009;7;4.52;0;0;0;39;25.19;18;18;5.57;0;0;0;17;10.98;6;1;2;0;0;0;0;0;0;18;0;0;5;2;1;2;0;0;0;7;4.52;3;0;0;16;10.33;10;01:14;00:48;01:11;0;0;0;0;0;0;1,137;488;3;1.93;2;0;0;0;15 minutes;02:40;18;11.62;7;31;20.02;0;42%;60%;26%
JohnRocket-21625;2907;9;13.13;0;30%;3;3;3;0.01;4,068;5,938.35;3,024;3,024;2;2.91;0;0;0;5;7.29;5;5;2.5;0;0;0;1;1.45;1;1;1;0;0;0;0;0;0;5;0;0;1;1;0;0;0;0;0;2;2.91;2;0;0;2;2.91;2;00:03;00:04;00:03;0;0;0;0;0;0;72;10;1;1.45;1;0;0;0;3 minutes;00:51;1;1.45;1;5;7.29;0;13%;0;0
Jonas-2295;3005;5;13.75;0;8%;14;14;7;0.04;6,289;17,293.87;3,446;2,108;4;11;0;0;0;11;30.25;8;7;2.75;0;0;0;5;13.75;4;0;0;0;0;0;0;0;0;7;0;0;1;0;1;0;0;0;0;2;5.5;2;0;0;5;13.75;4;00:09;00:27;00:07;0;0;0;0;0;0;332;175;2;5.5;2;0;0;0;4 minutes;00:55;7;19.25;6;9;24.75;0;52%;47%;37%
JonnyBI-2703;2988;1;5.55;0;0;0;0;0;0;600;3,330.89;600;390;1;5.55;0;0;0;1;5.55;1;1;1;0;0;0;0;0;0;0;0;0;0;0;0;0;0;1;0;0;0;0;0;0;0;0;0;0;0;0;0;0;0;0;0;0;0;0;0;0;0;0;0;0;48;11;0;0;0;0;0;0;54.293783015571535 seconds;0;1;5.55;1;0;0;0;22%;22%;0
Junglebobo-2816;3000;75;17.54;5;7%;49;11;7;0.01;75,120;17,570.29;16,790;7,798;22;5.14;0;0;0;153;35.78;49;19;6.95;0;1;0;67;15.67;21;0;4;0;4;0;0;0;0;19;0;0;10;1;9;1;0;0;0;40;9.35;12;4;2;62;14.5;29;01:09;00:16;00:22;0;0;0;0;0;0;2,594;700;11;2.57;4;0;0;0;50 minutes;06:44;89;20.81;26;103;24.09;0;26%;39%;90%
Jzhu-1450;49;209;15.16;4;6%;215;21;16;0;137,697;9,991.87;9,117;5,504;118;8.56;0;0;0;319;23.14;24;21;2.7;0;2;0;151;10.95;15;0;14;0;9;0;0;0;0;21;0;0;30;10;10;10;2;0.14;1;70;5.07;8;3;6;125;9.07;12;08:56;00:38;01:22;0;0;0;0;0;0;0;0;45;3.26;9;0;0;0;2 hours;14:32;188;13.64;14;198;14.36;0;30%;0;62%
KAKI-11832;2705;3;19.38;0;5%;8;8;4;0.05;3,678;23,765.44;3,678;1,867;3;19.38;0;0;0;3;19.38;3;2;1;0;0;0;0;0;0;0;0;0;0;0;0;0;0;2;0;0;0;0;0;0;0;0;0;0;0;0;0;0;1;6.46;1;00:02;00:17;00:02;0;0;0;0;0;0;367;148;0;0;0;0;0;0;2 minutes;0;3;19.38;3;0;0;0;40%;0;0
kame06-2369;3254;7;14.74;0;9%;12;9;5;0.04;4,538;9,559.74;2,346;1,965;3;6.31;0;0;0;4;8.42;2;2;1.33;0;0;0;1;2.1;1;0;0;0;0;0;0;0;0;2;0;0;1;0;1;0;0;0;0;0;0;0;0;0;0;0;0;0;0;0;0;0;0;0;0;0;402;132;1;2.1;1;0;0;0;4 minutes;0;0;0;0;4;8.42;0;32%;0;0
Kat-1959;0;19;29.13;0;3%;8;4;3;0.01;11,374;17,438.74;9,901;3,794;6;9.19;0;0;0;18;27.59;12;5;3;0;0;0;5;7.66;4;0;1;0;1;0;0;0;0;5;0;0;2;1;0;1;0;0;0;0;0;0;0;0;9;13.79;6;00:31;00:47;00:27;0;0;0;0;0;0;622;218;2;3.06;1;0;476;0.7;11 minutes;00:02;9;13.79;8;13;19.93;0;35%;17%;79%
Kay3-2155;0;21;32.11;0;5%;9;4;4;0.01;11,116;17,000.45;6,918;3,543;5;7.64;0;0;0;22;33.64;13;8;4.4;0;0;0;10;15.29;5;1;1;0;0;0;0;0;0;8;0;0;2;0;1;1;1;1.52;1;4;6.11;3;3;1;10;15.29;6;00:05;00:08;00:02;0;0;0;0;0;0;428;153;3;4.58;2;0;0;0;8 minutes;00:09;12;18.35;7;18;27.52;0;35%;0;8%
Keny-11614;2713;33;22.67;1;4%;15;5;3;0.01;22,915;15,745.73;6,504;5,519;18;12.36;0;0;0;36;24.73;14;7;2;0;0;0;15;10.3;7;1;1;0;0;0;0;0;0;7;0;0;5;0;2;2;0;0;0;8;5.49;7;0;0;19;13.05;11;01:23;00:57;00:49;0;0;0;0;0;0;1,116;367;2;1.37;1;0;0;0;19 minutes;02:19;17;11.68;5;27;18.55;0;32%;29%;16%
KickOut-2874;0;0;0;0;8%;12;9;8;0.02;6,239;8,524.62;3,400;1,970;7;9.56;0;0;0;11;15.03;9;5;1.57;0;0;0;5;6.83;4;0;1;0;0;0;0;0;0;5;0;0;2;1;0;1;0;0;0;2;2.73;2;0;0;4;5.46;4;00:02;00:04;00:02;0;0;0;0;0;0;542;138;1;1.36;1;0;0;0;9 minutes;0;7;9.56;6;8;10.93;0;25%;29%;54%
KillReel-2418;1773;69;30.51;1;7%;39;16;16;0.02;24,982;11,047.98;6,873;5,080;10;4.42;0;0;0;61;26.97;21;10;6.1;0;0;0;32;14.15;9;0;0;0;1;0;0;0;0;10;0;0;0;0;1;4;0;0;0;12;5.3;5;3;1;24;10.61;13;02:08;00:56;01:40;0;0;0;0;0;0;1;500;7;3.09;2;0;0;0;14.86484899930656 seconds;09:14;29;12.82;11;50;22.11;1;35%;43%;57%
klakamis-2435;2496;26;21.57;0;6%;25;19;8;0.02;16,037;13,311.04;8,218;3,465;8;6.63;0;0;0;29;24.06;16;11;3.62;0;0;0;10;8.29;6;1;1;0;1;0;0;0;0;11;0;0;3;0;2;1;0;0;0;5;4.14;4;3;1;8;6.63;6;00:13;00:11;00:09;0;0;0;0;0;0;1,091;398;4;3.31;3;0;0;0;14 minutes;01:17;12;9.95;7;25;20.74;0;36%;35%;48%
KnOxXx-21951;4344;13;17.21;1;4%;3;3;3;0.01;3,842;5,089.45;3,842;3,842;0;0;0;0;0;15;19.86;15;15;0;0;0;0;10;13.24;10;0;1;0;1;0;0;0;0;15;0;0;3;2;0;2;0;0;0;3;3.97;3;0;0;6;7.94;6;00:01;00:02;00:01;0;0;0;0;0;0;182;67;1;1.32;1;0;0;0;4 minutes;02:10;7;9.27;7;11;14.56;0;36%;0;100%
Kocu-21480;3121;0;0;0;12%;2;2;2;0.02;1,164;12,633.79;1,164;1,028;3;32.54;0;0;0;1;10.84;1;1;0.33;0;0;0;0;0;0;0;0;0;0;0;0;0;0;1;0;0;0;0;0;0;0;0;0;0;0;0;0;0;1;10.84;1;00:01;00:16;00:01;0;0;0;0;0;0;44;16;0;0;0;0;0;0;1 minute;0;1;10.84;1;0;0;0;36%;0;0
Konti-2184;4136;8;23.2;0;2%;1;1;1;0;4,211;12,214.99;4,211;3,331;2;5.8;0;0;0;8;23.2;8;7;4;0;0;0;2;5.8;2;0;0;0;0;0;0;0;0;7;0;0;0;0;0;0;0;0;0;1;2.9;1;0;0;1;2.9;1;00:07;00:20;00:07;0;0;0;0;0;0;194;46;0;0;0;0;0;0;3 minutes;0;1;2.9;1;7;20.3;0;23%;0;0
Kriene-2728;2408;0;0;0;0;0;0;0;0;686;2,562.96;686;322;3;11.21;0;0;0;2;7.47;2;1;0.66;0;0;0;1;3.73;1;0;0;0;0;0;0;0;0;1;0;0;0;0;0;0;0;0;0;0;0;0;0;0;0;0;0;00:00;00:01;00:00;0;0;0;0;0;0;16;4;0;0;0;0;0;0;1 minute;0;1;3.73;1;1;3.73;0;25%;25%;0
Krushvelt-2513;1529;23;22.99;1;2%;1;1;1;0;5,597;5,596.95;5,597;2,354;1;0.99;0;0;0;22;21.99;22;12;22;0;0;0;5;4.99;5;1;1;0;1;0;0;0;0;12;0;0;1;0;0;1;0;0;0;1;0.99;1;3;1;10;9.99;10;00:01;00:01;00:01;0;0;0;0;0;0;190;45;3;2.99;3;0;0;0;8 minutes;01:53;4;3.99;4;20;19.99;1;23%;23%;100%
Kryzhul-1108;0;15;26.62;0;1%;3;2;1;0;10,234;18,164.01;7,743;4,305;7;12.42;0;0;0;18;31.94;15;11;2.57;0;0;0;8;14.19;7;1;1;0;0;0;0;0;0;11;0;0;2;0;1;1;0;0;0;2;3.54;2;0;0;7;12.42;6;00:09;00:16;00:07;0;0;0;0;0;0;605;210;2;3.54;2;0;0;0;8 minutes;02:40;11;19.52;9;13;23.07;0;34%;60%;0%
L3mN-2252;3212;9;12.2;1;5%;17;9;5;0.02;13,007;17,636.94;7,875;2,839;10;13.55;0;0;0;10;13.55;6;4;1;0;0;0;3;4.06;2;0;0;0;0;0;0;0;0;4;0;0;0;0;1;0;0;0;0;4;5.42;2;0;0;2;2.71;1;00:19;00:26;00:13;0;0;0;0;0;0;845;321;1;1.35;1;0;0;0;3.1859460044652224 seconds;00:34;5;6.77;3;9;12.2;0;37%;0;100%
laramie-11897;2989;33;17.4;1;5%;20;13;7;0.01;21,242;11,204.6;13,209;7,943;13;6.85;0;0;0;28;14.76;26;20;2.15;0;0;0;11;5.8;10;1;2;0;1;0;0;0;0;20;0;0;7;3;3;1;0;0;0;6;3.16;6;0;0;16;8.43;15;02:00;01:03;02:00;0;0;0;0;0;0;958;356;2;1.05;2;0;0;0;18 minutes;03:27;16;8.43;14;18;9.49;3;37%;36%;52%
Laurie400-1327;2575;166;12.5;8;7%;219;24;10;0.02;160,873;12,119.34;9,929;9,574;101;7.6;0;0;0;326;24.55;31;18;3.22;0;2;0;134;10.09;13;3;13;3;7;0;0;0;0;18;0;0;30;5;13;12;0;0;0;45;3.39;5;3;2;102;7.68;12;02:16;00:10;00:24;0;0;0;0;0;0;9,247;2,925;45;3.39;5;0;0;0;2 hours;26:14;130;9.79;13;264;19.88;0;31%;63%;55%
Lawliet-21673;4401;14;27.12;1;14%;24;24;16;0.09;7,091;13,739.36;7,091;4,465;2;3.87;0;0;0;16;31;16;13;8;0;0;0;9;17.43;9;0;0;0;0;0;0;0;0;13;0;0;0;0;1;0;0;0;0;4;7.75;4;0;0;3;5.81;3;00:02;00:04;00:02;0;0;0;0;0;0;405;169;1;1.93;1;0;0;0;3.511876012198627 seconds;02:44;8;15.5;8;16;31;0;41%;41%;0
Lelouch-22653;4395;5;13.6;0;7%;4;3;3;0.02;4,373;11,896.22;2,897;2,897;3;8.16;0;0;0;4;10.88;3;3;1.33;0;0;0;0;0;0;0;0;0;0;0;0;0;0;3;0;0;1;0;0;0;0;0;0;0;0;0;0;0;0;0;0;0;0;0;0;0;0;0;0;0;155;54;0;0;0;0;0;0;3 minutes;0;1;2.72;1;3;8.16;0;34%;30%;0%
lem0n-11864;2854;5;2.21;0;3%;8;8;4;0;10,684;4,741.2;9,510;2,370;20;8.87;0;0;0;27;11.98;25;4;1.35;0;0;0;11;4.88;9;2;2;0;0;0;0;0;0;4;0;0;0;0;0;0;0;0;0;6;2.66;6;0;0;7;3.1;7;00:18;00:08;00:13;0;0;0;0;0;0;689;203;7;3.1;5;0;0;0;22 minutes;00:45;12;5.32;11;21;9.31;1;29%;36%;11%
LeMikel-1149;2853;69;21.39;2;3%;43;16;11;0.02;42,416;13,153.08;11,868;4,945;20;6.2;0;0;0;80;24.8;24;17;4;0;0;0;24;7.44;7;1;3;0;2;0;0;0;0;17;0;0;7;2;4;1;0;0;0;16;4.96;7;0;0;27;8.37;9;01:16;00:23;00:26;0;0;0;0;0;0;3,236;1,148;6;1.86;3;0;0;0;32 minutes;05:25;38;11.78;14;67;20.77;0;35%;34%;60%
leNNN1-2463;70;84;18.01;1;9%;54;12;10;0;42,678;9,152.8;5,726;4,719;33;7.07;0;0;0;94;20.15;19;11;2.84;0;0;0;37;7.93;7;0;5;0;3;2;0.49;0;81;11;0;0;10;4;1;5;0;0;0;12;2.57;4;0;0;30;6.43;7;01:03;00:13;00:20;0;0;0;30,623;0;0;0;0;7;1.5;2;0;0;0;44 minutes;01:12;48;10.29;8;68;14.58;0;31%;0;57%
Leshran-2799;3860;1;5.83;0;33%;1;1;1;0.02;549;3,202.14;549;549;1;5.83;0;0;0;0;0;0;0;0;0;0;0;0;0;0;0;0;0;0;0;0;0;0;0;0;0;0;0;0;0;0;0;0;0;0;0;0;0;0;0;0;0;0;0;0;0;0;0;0;0;16;3;0;0;0;0;0;0;49.65214503463358 seconds;0;0;0;0;0;0;0;18%;18%;0
Light-23755;2548;21;55.92;0;5%;7;7;2;0.01;4,182;11,136.99;4,182;1,083;5;13.31;0;0;0;13;34.61;13;4;2.6;0;0;0;4;10.65;4;0;0;0;0;0;0;0;0;4;0;0;0;0;0;0;0;0;0;2;5.32;2;0;0;10;26.62;10;00:17;00:47;00:17;0;0;0;0;0;0;408;132;2;5.32;2;0;0;0;6 minutes;00:24;8;21.3;8;8;21.3;0;32%;0;0
linepro-2491;4078;10;35.41;0;1%;1;1;1;0;4,130;14,626.32;3,701;3,701;2;7.08;0;0;0;7;24.78;7;7;3.5;0;0;0;2;7.08;2;0;0;0;0;0;0;0;0;7;0;0;1;0;0;0;0;0;0;0;0;0;0;0;1;3.54;1;00:08;00:30;00:08;0;0;0;0;0;0;181;59;1;3.54;1;0;0;0;4 minutes;0;5;17.7;5;5;17.7;0;32%;0;0
llllll-21535;3860;11;16.55;1;5%;5;5;2;0.01;4,331;6,517.71;4,331;1,716;3;4.51;0;0;0;14;21.06;14;5;4.66;0;0;0;7;10.53;7;0;1;0;1;0;0;0;0;5;0;0;2;1;1;0;0;0;0;5;7.52;5;5;1;3;4.51;3;00:00;00:01;00:00;0;0;0;0;0;0;229;85;2;3;2;0;0;0;4 minutes;00:08;7;10.53;7;10;15.04;0;37%;0;100%
Lordshinshin-2731;3686;36;11.67;2;5%;24;6;6;0.01;30,101;9,759.78;5,239;5,158;15;4.86;0;0;0;49;15.88;12;12;3.26;0;1;0;12;3.89;4;2;3;0;1;0;0;0;0;12;0;0;9;2;4;3;1;0.32;1;11;3.56;4;0;0;13;4.21;6;00:18;00:06;00:05;0;0;0;0;0;0;1,389;440;1;0.32;1;0;0;0;25 minutes;0;23;7.45;8;35;11.34;0;31%;48%;24%
Love-14508;2489;143;20.52;5;4%;92;26;11;0.01;90,372;12,971.5;25,129;6,101;55;7.89;0;0;0;175;25.11;38;15;3.18;0;0;0;81;11.62;19;4;7;0;3;0;0;0;0;15;0;0;17;3;7;7;2;0.28;1;52;7.46;14;4;6;75;10.76;22;03:17;00:28;00:45;0;0;0;0;0;0;6,620;2,008;11;1.57;4;0;0;0;1 hour;11:41;96;13.77;23;134;19.23;1;30%;31%;43%
m1trele-2497;3000;19;25.84;0;6%;26;25;12;0.03;12,744;17,334.34;9,545;3,649;9;12.24;0;0;0;24;32.64;22;6;2.66;0;0;0;13;17.68;12;0;1;0;0;0;0;0;0;6;0;0;2;0;0;1;0;0;0;5;6.8;5;0;0;5;6.8;4;00:06;00:08;00:05;0;0;0;0;0;0;764;381;0;0;0;0;0;0;11 minutes;0;16;21.76;16;15;20.4;0;49%;50%;0
MalCobra-2715;2750;234;18.85;10;5%;179;17;17;0.02;177,493;14,305.15;11,948;8,661;78;6.28;0;0;0;322;25.95;25;19;4.12;0;2;0;159;12.81;13;3;12;3;7;0;0;0;0;19;0;0;36;5;20;11;1;0.08;1;83;6.68;9;4;8;110;8.86;10;03:41;00:17;00:36;0;0;0;0;0;0;10,869;3,546;47;3.78;7;0;0;0;2 hours;33:15;193;15.55;17;225;18.13;0;32%;56%;54%
Mangachu-1402;78;891;26;26;7%;782;49;31;0;429,594;12,536.42;17,329;8,482;212;6.18;0;0;0;1,045;30.49;45;24;4.92;0;5;0;497;14.5;24;0;34;0;28;0;0;0;0;24;0.4;0;95;24;45;26;1;0.02;1;249;7.26;11;5;23;322;9.39;22;08:25;00:14;01:04;0;0;0;0;0;0;0;0;131;3.82;8;0;0;0;6 hours;01:57:03;614;17.91;27;720;21.01;0;43%;0;82%
Manuli-2781;2828;15;7.8;1;9%;18;8;7;0.01;19,972;10,386.55;12,917;10,151;7;3.64;0;0;0;33;17.16;18;9;4.71;0;0;0;12;6.24;6;0;2;0;2;0;0;0;0;9;0;0;7;3;1;4;0;0;0;7;3.64;4;4;1;6;3.12;4;00:09;00:04;00:05;0;0;0;0;0;0;808;199;6;3.12;3;0;0;0;17 minutes;00:04;13;6.76;6;26;13.52;0;24%;9%;98%
Maple-11101;3508;4;11.22;0;14%;13;13;9;0.09;4,453;12,495.17;4,453;2,904;2;5.61;0;0;0;6;16.83;6;4;3;0;0;0;1;2.8;1;0;0;0;0;0;0;0;0;4;0;0;2;0;0;2;0;0;0;0;0;0;0;0;1;2.8;1;00:11;00:32;00:11;0;0;0;0;0;0;198;89;0;0;0;0;0;0;2 minutes;0;4;11.22;4;3;8.41;0;44%;0;0
MarcusBonus-1929;1768;6;49.58;0;6%;2;2;2;0.01;1,527;12,623.49;1,527;1,527;1;8.26;0;0;0;4;33.05;4;4;4;0;0;0;2;16.52;2;0;0;0;0;0;0;0;0;4;0;0;0;0;0;0;0;0;0;0;0;0;0;0;1;8.26;1;0;0;0;0;0;0;0;0;0;152;32;1;8.26;1;0;0;0;2 minutes;0;2;16.52;2;4;33.05;0;21%;0;100%
Mark47-21824;3915;9;16.78;0;12%;8;8;8;0.02;4,000;7,459.35;3,555;2,699;6;11.18;0;0;0;5;9.32;4;4;0.83;0;0;0;0;0;0;0;1;0;0;0;0;0;0;4;0;0;2;0;1;1;0;0;0;1;1.86;1;0;0;2;3.72;2;00:19;00:37;00:19;0;0;0;0;0;0;238;66;0;0;0;0;0;0;4 minutes;0;4;7.45;3;2;3.72;0;27%;26%;10%
Melysi-2914;2742;4;6.2;0;4%;2;2;2;0;5,375;8,339.06;3,532;3,518;2;3.1;0;0;0;8;12.41;4;4;4;0;0;0;1;1.55;1;1;1;0;0;0;0;0;0;4;0;0;3;2;0;1;0;0;0;1;1.55;1;0;0;2;3.1;2;00:01;00:02;00:00;0;0;0;0;0;0;185;50;0;0;0;0;0;0;4 minutes;0;3;4.65;2;7;10.85;0;27%;37%;0
Mendokusaii-2955;4292;39;34.84;0;10%;50;25;13;0.05;13,750;12,285.66;4,515;2,917;8;7.14;0;0;0;41;36.63;16;8;5.12;0;0;0;13;11.61;7;0;1;0;1;0;0;0;0;8;0;0;2;2;0;0;0;0;0;10;8.93;4;3;2;12;10.72;4;00:08;00:07;00:03;0;0;0;0;0;0;1,244;479;1;0.89;1;0;0;0;14 minutes;02:12;25;22.33;9;24;21.44;0;38%;22%;82%
Mercy-21220;3161;3;17.58;0;0;0;0;0;0;2,368;13,883.89;2,368;2,046;1;5.86;0;0;0;4;23.45;4;4;4;0;0;0;1;5.86;1;0;0;0;0;0;0;0;0;4;0;0;0;0;0;0;0;0;0;3;17.58;3;0;0;1;5.86;1;00:04;00:24;00:04;0;0;0;0;0;0;50;14;0;0;0;0;0;0;2 minutes;00:03;2;11.72;2;4;23.45;0;28%;28%;100%
MgBlase-1420;3295;10;16.71;0;4%;7;7;4;0.02;7,084;11,839.58;7,084;4,989;3;5.01;0;0;0;15;25.06;15;6;5;0;0;0;4;6.68;4;1;1;0;1;0;0;0;0;6;0;0;2;1;0;1;0;0;0;2;3.34;2;0;0;5;8.35;5;00:08;00:14;00:08;0;0;0;0;0;0;252;162;0;0;0;0;0;0;4 minutes;01:07;8;13.37;8;10;16.71;0;64%;64%;100%
Miarder-2620;1939;0;0;0;0;0;0;0;0;862;30,285.4;862;862;1;35.15;0;0;0;1;35.15;1;1;1;0;0;0;0;0;0;0;0;0;0;0;0;0;0;1;0;0;0;0;0;0;0;0;0;0;0;0;0;0;0;0;0;0;0;0;0;0;0;0;0;0;32;16;0;0;0;0;0;0;32.461234965361655 seconds;0;1;35.15;1;0;0;0;50%;0;0
Milkington-2154;61;1;5.41;0;2%;2;2;1;0;4,345;23,521.35;3,993;2,511;4;21.65;0;0;0;4;21.65;3;2;1;0;0;0;2;10.82;1;0;0;0;0;0;0;0;0;2;0;0;0;0;0;0;0;0;0;1;5.41;1;0;0;1;5.41;1;00:10;00:58;00:08;0;0;0;0;0;0;0;0;1;5.41;1;0;0;0;2 minutes;0;2;10.82;1;3;16.23;0;33%;0;0
Minkato-1974;2909;5;20.68;0;4%;2;2;2;0.01;4,662;19,286.58;4,452;4,396;2;8.27;0;0;0;6;24.82;6;6;3;0;0;0;4;16.54;4;0;0;0;0;0;0;0;0;6;0;0;1;0;0;0;0;0;0;2;8.27;2;0;0;1;4.13;1;0;0;0;0;0;0;0;0;0;171;41;2;8.27;2;0;0;0;2 minutes;00:20;3;12.41;3;6;24.82;0;23%;0;0
Minsou-2571;2414;12;23.65;0;1%;1;1;1;0;7,621;15,024.35;5,543;5,239;4;7.88;0;0;0;6;11.82;5;5;1.5;0;0;0;1;1.97;1;0;1;0;0;0;0;0;0;5;0;0;2;1;0;1;0;0;0;2;3.94;2;0;0;1;1.97;1;00:07;00:14;00:04;0;0;0;0;0;0;167;58;0;0;0;0;0;0;4 minutes;0;4;7.88;3;4;7.88;0;34%;35%;17%
MMRASSASSIN-2571;4539;36;16.41;1;8%;34;15;14;0.02;17,142;7,815.54;5,609;2,457;12;5.47;0;0;0;53;24.16;24;12;4.41;0;2;0;28;12.76;12;0;2;0;2;0;0;0;0;12;0;0;6;3;2;1;0;0;0;16;7.29;11;4;2;16;7.29;9;01:16;00:34;01:11;0;0;0;0;0;0;918;384;4;1.82;2;0;0;0;20 minutes;02:17;33;15.04;16;38;17.32;0;41%;45%;91%
MMRTERRORIST-2812;4282;7;26.13;0;10%;12;12;8;0.06;3,325;12,411.93;3,325;1,751;4;14.93;0;0;0;9;33.59;9;4;2.25;0;0;0;1;3.73;1;0;0;0;0;0;0;0;0;4;0;0;1;0;0;0;1;3.73;1;3;11.19;3;0;0;6;22.39;6;00:14;00:54;00:14;0;0;0;0;0;0;263;115;0;0;0;0;0;0;3 minutes;00:45;5;18.66;5;5;18.66;0;43%;43%;0
mystOgan-22227;4005;3;11.01;0;7%;3;3;3;0.02;2,539;9,318.8;1,794;1,794;2;7.34;0;0;0;3;11.01;2;2;1.5;0;0;0;2;7.34;1;0;0;0;0;0;0;0;0;2;0;0;1;0;0;0;0;0;0;0;0;0;0;0;1;3.67;1;00:05;00:21;00:05;0;0;0;0;0;0;140;40;1;3.67;1;0;0;0;2 minutes;0;2;7.34;1;2;7.34;0;28%;29%;0
Najiny-2979;4007;1;6.47;0;7%;3;3;3;0.05;1,412;9,142.9;1,412;1,356;1;6.47;0;0;0;2;12.94;2;2;2;0;0;0;2;12.94;2;0;0;0;0;0;0;0;0;2;0;0;0;0;0;0;0;0;0;0;0;0;0;0;1;6.47;1;0;0;0;0;0;0;0;0;0;100;41;0;0;0;0;0;0;56.95364297460765 seconds;0;1;6.47;1;1;6.47;0;41%;0;0
Nefertenia-2238;2223;9;11.8;1;3%;5;4;4;0.01;12,094;15,866.62;7,692;7,035;4;5.24;0;0;0;20;26.23;16;14;5;0;0;0;6;7.87;5;0;1;0;1;0;0;0;0;14;0;0;2;0;1;1;0;0;0;2;2.62;1;0;0;6;7.87;5;00:11;00:15;00:07;0;0;0;0;0;0;442;135;2;2.62;1;0;0;0;7 minutes;01:12;9;11.8;8;15;19.67;0;30%;0;100%
Nehrz-2859;0;159;50.98;2;4%;61;21;10;0.02;50,789;16,286.03;19,490;4,043;27;8.65;0;0;0;99;31.74;45;11;3.66;0;0;0;32;10.26;13;2;3;0;1;0;0;0;0;11;0;0;8;2;4;3;1;0.32;1;19;6.09;11;5;1;44;14.1;21;04:06;01:18;01:36;0;0;0;0;0;0;3,861;1,350;8;2.56;3;0;0;0;44 minutes;05:34;39;12.5;16;78;25.01;2;34%;37%;32%
Neptune-31921;3587;138;16.13;4;4%;82;10;10;0.01;92,441;10,809.39;6,967;6,270;58;6.78;0;0;0;203;23.73;23;18;3.5;0;1;0;76;8.88;12;3;9;2;4;0;0;0;0;18;0;0;25;7;8;11;0;0;0;40;4.67;6;4;2;94;10.99;15;03:29;00:24;00:32;0;0;0;0;0;0;10,065;1,705;19;2.22;3;0;0;0;1 hour;11:14;84;9.82;12;174;20.34;0;16%;38%;49%
Netti-2312;67;6;10.04;0;3%;4;4;3;0;7,535;12,608.64;2,485;1,764;9;15.06;0;0;0;17;28.44;10;4;1.88;0;0;0;5;8.36;2;0;1;0;0;0;0;0;0;4;0;0;2;1;0;1;0;0;0;0;0;0;0;0;4;6.69;3;00:00;00:01;00:00;0;0;0;0;0;0;588;117;0;0;0;0;0;0;10 minutes;0;6;10.04;4;14;23.42;0;19%;0;65%
NGvisator-1533;4089;2;23.05;0;0;0;0;0;0;1,384;15,948.29;1,384;1,384;1;11.52;0;0;0;2;23.05;2;2;2;0;0;0;1;11.52;1;0;0;0;0;0;0;0;0;2;0;0;0;0;0;0;0;0;0;0;0;0;0;0;1;11.52;1;0;0;0;0;0;0;0;0;0;78;31;0;0;0;0;0;0;1 minute;0;1;11.52;1;2;23.05;0;39%;0;100%
NicolasTJO-1187;3702;1;9.91;0;0;0;0;0;0;2,365;23,452.9;2,365;2,185;1;9.91;0;0;0;2;19.83;2;2;2;0;0;0;1;9.91;1;0;0;0;0;0;0;0;0;2;0;0;0;0;0;0;0;0;0;0;0;0;0;0;0;0;0;0;0;0;0;0;0;0;0;0;69;19;0;0;0;0;0;0;1 minute;0;1;9.91;1;2;19.83;0;27%;0;0
Nomis-11868;2369;6;9.01;0;1%;2;2;1;0;4,239;6,369.14;4,239;3,749;1;1.5;0;0;0;12;18.03;12;10;12;0;0;0;7;10.51;7;0;1;0;1;0;0;0;0;10;0;0;2;0;1;1;0;0;0;0;0;0;0;0;4;6.01;4;0;0;0;0;0;0;0;0;0;303;104;2;3;2;0;0;0;3 minutes;0;9;13.52;9;8;12.02;0;34%;0;100%
nomy-1279;80;15;26.23;0;4%;9;6;6;0;12,120;21,197.92;8,760;4,538;2;3.49;0;0;0;19;33.23;17;10;9.5;0;0;0;5;8.74;4;0;1;0;0;0;0;0;0;10;0;0;2;0;1;0;0;0;0;3;5.24;3;0;0;10;17.48;10;00:11;00:19;00:11;0;0;0;0;0;0;0;0;1;1.74;1;0;0;0;6 minutes;01:43;12;20.98;11;14;24.48;0;41%;0;80%
Norgandir-2199;0;2;18.95;0;5%;2;2;1;0.02;1,454;13,784.26;1,454;1,352;2;18.95;0;0;0;0;0;0;0;0;0;0;0;0;0;0;0;0;0;0;0;0;0;0;0;0;0;0;0;0;0;0;0;0;0;0;0;0;0;0;0;0;00:15;02:23;00:15;0;0;0;0;0;0;149;38;0;0;0;0;0;0;1 minute;0;0;0;0;0;0;0;25%;0;0
Noxise-2804;2469;145;38.65;4;3%;40;11;6;0.01;75,602;20,152.59;15,331;9,781;22;5.86;0;0;0;136;36.25;25;21;6.18;0;0;0;66;17.59;13;1;4;1;2;0;0;0;0;21;0;0;14;1;10;3;0;0;0;39;10.39;9;3;4;38;10.12;8;01:01;00:16;00:21;0;0;0;0;0;0;3,929;1,294;13;3.46;4;0;0;0;45 minutes;26:16;60;15.99;12;115;30.65;1;32%;36%;52%
Nufan-11267;77;10;14.97;0;7%;19;9;9;0;11,825;17,703.44;4,882;4,837;6;8.98;0;0;0;23;34.43;10;10;3.83;0;0;0;11;16.46;6;0;1;0;1;0;0;0;0;10;0;0;3;1;1;1;0;0;0;5;7.48;2;0;0;10;14.97;6;00:09;00:14;00:05;0;0;0;0;0;0;0;0;1;1.49;1;0;0;0;8 minutes;01:18;13;19.46;5;15;22.45;0;36%;0;83%
numlocked-21330;4112;1;9;0;0;0;0;0;0;379;3,414.62;379;379;1;9;0;0;0;1;9;1;1;1;0;0;0;0;0;0;0;0;0;0;0;0;0;0;1;0;0;0;0;0;0;0;0;0;0;0;0;0;0;0;0;0;0;0;0;0;0;0;0;0;0;27;3;0;0;0;0;0;0;1 minute;0;0;0;0;1;9;0;11%;0;100%
Nyarlathotep-21986;2293;4;52.89;0;4%;1;1;1;0.01;1,852;24,489.73;1,852;1,852;1;13.22;0;0;0;5;66.12;5;4;5;0;0;0;3;39.67;3;0;0;0;0;0;0;0;0;4;0;0;0;0;0;0;0;0;0;0;0;0;0;0;4;52.89;4;00:09;02:09;00:09;0;0;0;0;0;0;80;24;0;0;0;0;0;0;1 minute;0;4;52.89;4;2;26.44;0;30%;0;100%
Odin-1745;3076;39;11.01;0;5%;35;11;6;0.01;39,312;11,106.41;9,317;9,317;18;5.08;0;0;0;70;19.77;14;14;3.88;0;0;0;20;5.65;4;2;4;1;1;0;0;0;0;14;0;0;7;3;1;3;0;0;0;8;2.26;3;0;0;27;7.62;6;00:38;00:10;00:08;0;0;0;0;0;0;2,294;647;3;0.84;1;0;0;0;34 minutes;02:52;29;8.19;7;57;16.1;0;28%;42%;21%
OGSILKYSOX-1921;2744;10;51.3;0;14%;10;10;8;0.05;3,568;18,306.62;3,568;2,693;4;20.52;0;0;0;4;20.52;4;4;1;0;0;0;1;5.13;1;0;0;0;0;0;0;0;0;4;0;0;1;0;0;0;0;0;0;0;0;0;0;0;3;15.39;3;00:05;00:26;00:05;0;0;0;0;0;0;107;70;0;0;0;0;0;0;3 minutes;0;2;10.26;2;2;10.26;0;65%;0;84%
Olidvr-2550;2192;19;17.15;2;5%;20;14;8;0.03;12,737;11,500.88;7,341;3,946;4;3.61;0;0;0;32;28.89;18;10;8;0;0;0;17;15.34;9;0;1;1;0;0;0;0;0;10;0;0;4;0;2;3;0;0;0;3;2.7;3;0;0;8;7.22;6;00:04;00:03;00:04;0;0;0;0;0;0;836;352;6;5.41;4;0;0;0;10 minutes;03:59;21;18.96;10;21;18.96;0;42%;44%;10%
ONIGOD-21483;4168;2;28.2;0;4%;1;1;1;0.01;1,906;26,879.45;1,906;1,906;1;14.1;0;0;0;0;0;0;0;0;0;0;0;0;0;0;0;0;0;0;0;0;0;0;0;0;0;0;0;0;0;0;0;0;0;0;0;0;0;0;0;0;0;0;0;0;0;0;0;0;0;82;22;0;0;0;0;0;0;56.156991991214454 seconds;0;0;0;0;0;0;0;26%;0;100%
OOM-21114;2547;31;10.55;2;5%;24;12;7;0.01;39,478;13,435.88;7,244;6,759;18;6.12;0;0;0;66;22.46;17;14;3.66;0;0;0;22;7.48;10;1;3;0;1;0;0;0;0;14;0;0;8;3;3;2;0;0;0;5;1.7;2;0;0;19;6.46;6;00:34;00:11;00:15;0;0;0;0;0;0;1,375;479;9;3.06;4;0;0;0;28 minutes;03:35;30;10.21;10;54;18.37;0;34%;0;50%
oPuTo-1727;81;84;25.9;3;8%;104;41;21;0;47,436;14,626.97;11,229;6,265;18;5.55;0;0;0;124;38.23;25;17;6.88;0;0;0;57;17.57;13;0;3;0;3;0;0;0;0;17;0;0;13;5;6;2;2;0.61;1;16;4.93;5;0;0;36;11.1;12;01:00;00:18;00:19;0;0;0;0;0;0;0;0;14;4.31;4;0;0;0;37 minutes;05:36;63;19.42;17;88;27.13;0;42%;0;97%
Osu-2402;2894;7;25.76;0;1%;1;1;1;0;5,029;18,513.36;5,029;2,535;2;7.36;0;0;0;3;11.04;3;3;1.5;0;0;0;2;7.36;2;0;0;0;0;0;0;0;0;3;0;0;1;0;1;0;0;0;0;0;0;0;0;0;1;3.68;1;00:01;00:04;00:01;0;0;0;0;0;0;184;63;2;7.36;2;0;0;0;3 minutes;0;1;3.68;1;3;11.04;0;34%;0;0
p3qne-2187;3398;19;15.81;0;9%;22;11;11;0.04;7,012;5,835.04;3,282;2,679;5;4.16;0;0;0;15;12.48;8;6;3;0;0;0;7;5.82;4;0;1;0;1;0;0;0;0;6;0;0;3;1;1;1;0;0;0;0;0;0;0;0;9;7.48;5;00:07;00:05;00:04;0;0;0;0;0;0;701;234;1;0.83;1;0;0;0;7 minutes;00:43;7;5.82;5;11;9.15;0;33%;0;88%
PantsuDealer-2969;2711;19;14.5;0;6%;12;5;4;0.01;9,443;7,208.35;3,697;3,697;8;6.1;0;0;0;26;19.84;13;13;3.25;0;0;0;6;4.58;3;0;1;0;1;0;0;0;0;13;0;0;5;2;2;1;1;0.76;1;4;3.05;3;0;0;8;6.1;4;00:17;00:13;00:10;0;0;0;0;0;0;548;176;1;0.76;1;0;0;0;11 minutes;01:05;14;10.68;7;17;12.97;0;32%;0;67%
Papi-21363;0;0;0;0;6%;4;2;2;0.02;2,056;9,254.91;1,297;989;3;13.5;0;0;0;2;9;2;1;0.66;0;0;0;1;4.5;1;0;0;0;0;0;0;0;0;1;0;0;1;0;0;0;0;0;0;0;0;0;0;0;1;4.5;1;00:01;00:07;00:01;0;0;0;0;0;0;236;58;0;0;0;0;0;0;2 minutes;0;2;9;2;2;9;0;24%;0;0
ParkJaeHyuk-1144;3087;21;26.24;1;4%;15;8;8;0.03;12,656;15,818.61;9,467;9,467;1;1.24;0;0;0;25;31.24;18;18;25;0;0;0;9;11.24;6;0;1;0;0;0;0;0;0;18;0;0;2;1;0;0;0;0;0;6;7.49;5;3;1;5;6.24;5;00:09;00:11;00:08;0;0;0;0;0;0;867;305;0;0;0;0;0;0;6 minutes;03:14;17;21.24;14;16;19.99;0;35%;38%;57%
pdppiccolo-1586;3021;10;20.2;1;4%;1;1;1;0;4,106;8,297.59;4,106;4,106;0;0;0;0;0;15;30.31;15;15;0;0;0;0;7;14.14;7;0;0;0;0;0;0;0;0;15;0;0;2;0;1;0;0;0;0;2;4.04;2;3;1;8;16.16;8;00:11;00:23;00:11;0;0;0;0;0;0;81;25;2;4.04;2;0;0;0;3 minutes;01:24;6;12.12;6;12;24.24;0;30%;0;0
Peritz-2880;3064;3;16.54;0;0;0;0;0;0;2,299;12,675.87;2,299;1,661;3;16.54;0;0;0;1;5.51;1;1;0.33;0;0;0;1;5.51;1;0;0;0;0;0;0;0;0;1;0;0;1;0;0;0;0;0;0;0;0;0;0;0;1;5.51;1;00:00;00:01;00:00;0;0;0;0;0;0;106;20;0;0;0;0;0;0;2 minutes;0;0;0;0;1;5.51;0;18%;0;0
Pete-22501;3975;3;41.9;0;6%;1;1;1;0.01;1,079;15,067.81;1,079;1,079;0;0;0;0;0;9;125.7;9;9;0;0;0;0;3;41.9;3;0;0;0;0;0;0;0;0;9;0;0;0;0;0;0;1;13.96;1;0;0;0;3;1;1;13.96;1;0;0;0;0;0;0;0;0;0;79;16;1;13.96;1;0;0;0;1 minute;00:37;3;41.9;3;8;111.74;0;20%;0;100%
philipooss-2456;2024;6;33.71;0;15%;4;2;2;0.02;2,575;14,473.41;1,683;1,683;2;11.23;0;0;0;12;67.43;9;9;6;0;0;0;7;39.33;4;0;0;0;0;0;0;0;0;9;0;0;1;0;0;0;0;0;0;3;16.85;3;0;0;10;56.19;8;00:07;00:42;00:04;0;0;0;0;0;0;56;26;2;11.23;2;0;0;0;2 minutes;00:17;9;50.57;7;8;44.95;0;46%;42%;63%
Pingwinator-2540;2997;8;11.14;0;5%;6;6;6;0.02;5,711;7,955.64;5,711;3,770;1;1.39;0;0;0;8;11.14;8;6;8;0;0;0;6;8.35;6;0;1;0;1;0;0;0;0;6;0;0;3;0;2;1;0;0;0;1;1.39;1;0;0;3;4.17;3;00:06;00:08;00:06;0;0;0;0;0;0;330;114;2;2.78;2;0;0;0;4 minutes;00:11;4;5.57;4;5;6.96;0;34%;0;100%
Plague-22153;2272;2;4.81;0;5%;2;2;2;0;2,496;6,008.06;2,496;1,301;2;4.81;0;0;0;3;7.21;3;2;1.5;0;0;0;1;2.4;1;0;0;0;0;0;0;0;0;2;0;0;1;0;0;0;0;0;0;0;0;0;0;0;0;0;0;0;0;0;0;0;0;0;0;0;155;35;0;0;0;0;0;0;3 minutes;0;0;0;0;3;7.21;0;22%;0;0
Pogoraitokun-1371;2946;1;2.85;0;11%;2;2;2;0.01;1,762;5,023.29;1,762;1,762;1;2.85;0;0;0;4;11.4;4;4;4;0;0;0;1;2.85;1;0;0;0;0;0;0;0;0;4;0;0;1;0;1;0;0;0;0;0;0;0;0;0;0;0;0;00:06;00:17;00:06;0;0;0;0;0;0;154;17;0;0;0;0;0;0;2 minutes;0;2;5.7;2;4;11.4;0;11%;11%;0
Poke-1171;72;150;23.49;2;9%;93;25;12;0;52,350;8,200.27;8,009;4,182;55;8.61;0;0;0;153;23.96;32;14;2.78;0;1;0;61;9.55;9;0;6;0;4;0;0;0;0;14;0;0;14;5;4;5;3;0.46;2;28;4.38;6;3;1;61;9.55;16;01:38;00:15;00:23;0;0;0;0;0;0;0;0;20;3.13;5;0;0;0;38 hours;07:23;78;12.21;18;102;15.97;0;26%;0;68%
PoppyDogma-1243;2369;67;11.43;1;4%;41;8;8;0.01;56,479;9,642.08;9,548;7,488;38;6.48;0;0;0;91;15.53;15;11;2.39;0;1;0;45;7.68;7;1;6;0;5;0;0;0;0;11;0;0;13;7;3;4;0;0;0;20;3.41;5;3;1;25;4.26;5;01:24;00:14;00:12;0;0;0;0;0;0;2,780;963;8;1.36;3;0;0;0;1 hour;02:16;43;7.34;7;72;12.29;2;34%;100%;77%
Prophet-22730;2537;174;24.59;0;6%;158;27;17;0.03;90,554;12,800.85;13,089;6,234;66;9.32;0;0;0;171;24.17;24;13;2.59;0;0;0;76;10.74;9;3;7;0;4;0;0;0;0;13;0;0;21;7;5;8;1;0.14;1;26;3.67;4;3;1;57;8.05;9;03:01;00:25;00:34;0;0;0;0;0;0;6,412;2,452;23;3.25;4;0;0;0;1 hour;16:27;95;13.42;15;130;18.37;0;38%;68%;54%
Psychologist-21746;2472;8;14.03;0;5%;3;3;3;0;5,466;9,591.64;3,013;1,400;6;10.52;0;0;0;8;14.03;4;3;1.33;0;0;0;3;5.26;2;0;1;0;0;0;0;0;0;3;0;0;1;0;0;0;0;0;0;1;1.75;1;0;0;1;1.75;1;00:18;00:32;00:10;0;0;0;0;0;0;177;55;3;5.26;2;0;0;0;8 minutes;0;5;8.77;4;4;7.01;0;31%;35%;0
Punpu-2227;3872;26;48.26;1;5%;14;14;8;0.03;10,164;18,866.79;10,164;5,017;2;3.71;0;0;0;27;50.11;27;15;13.5;0;0;0;10;18.56;10;0;1;0;1;0;0;0;0;15;0;0;2;0;2;0;3;5.56;3;15;27.84;15;3;1;13;24.13;13;00:32;00:59;00:32;0;0;0;0;0;0;779;268;4;7.42;4;0;0;0;7 minutes;05:07;21;38.98;21;17;31.55;0;34%;0;100%
Pyn1sh3r-2241;3310;4;23.62;0;2%;3;3;3;0.02;2,768;16,342.7;2,768;2,323;2;11.81;0;0;0;1;5.9;1;1;0.5;0;0;0;1;5.9;1;0;0;0;0;0;0;0;0;1;0;0;1;0;0;0;0;0;0;0;0;0;0;0;0;0;0;0;0;0;0;0;0;0;0;0;229;104;0;0;0;0;0;0;1 minute;0;1;5.9;1;1;5.9;0;45%;45%;0
PzYcH0-2203;2343;55;15.02;2;7%;73;16;16;0.02;52,286;14,287.48;10,712;10,712;21;5.73;0;0;0;113;30.87;20;19;5.38;0;0;0;42;11.47;9;1;4;1;2;0;0;0;0;19;0;0;12;5;3;3;0;0;0;27;7.37;6;3;2;37;10.11;8;01:08;00:18;00:24;0;0;0;0;0;0;2,808;974;12;3.27;3;0;0;0;43 minutes;06:18;44;12.02;9;93;25.41;0;34%;48%;43%
qqlz-2532;4278;13;19.39;1;3%;11;6;6;0.02;9,730;14,518.2;6,095;6,095;3;4.47;0;0;0;20;29.84;17;17;6.66;0;0;0;7;10.44;6;0;1;0;0;0;0;0;0;17;0;0;2;0;2;0;0;0;0;4;5.96;3;0;0;4;5.96;3;00:11;00:17;00:10;0;0;0;0;0;0;922;364;1;1.49;1;0;0;0;6 minutes;00:25;12;17.9;9;16;23.87;0;39%;38%;10%
RamuChan-1801;3737;373;23.31;4;5%;276;20;18;0.02;237,558;14,850.4;12,104;8,800;126;7.87;0;0;0;454;28.38;24;17;3.6;0;2;0;177;11.06;13;4;16;3;9;0;0;0;0;17;0;0;48;18;12;18;3;0.18;1;110;6.87;9;4;6;168;10.5;14;05:03;00:18;00:28;0;0;0;0;0;0;14,920;4,919;46;2.87;4;0;0;0;3 hours;26:06;223;13.94;17;361;22.56;0;32%;45%;57%
Ravenfortz-2497;2845;2;12.9;0;0;0;0;0;0;630;4,066.26;630;630;1;6.45;0;0;0;0;0;0;0;0;0;0;0;0;0;0;0;0;0;0;0;0;0;0;0;0;0;0;0;0;0;0;0;0;0;0;0;0;0;0;0;0;0;0;0;0;0;0;0;0;0;22;0;0;0;0;0;0;0;53.06398298405111 seconds;0;0;0;0;0;0;0;0;0;0
RealGantz-2238;2210;55;32.16;1;5%;14;8;7;0.01;14,885;8,704.02;5,819;4,048;10;5.84;0;0;0;37;21.63;20;9;3.7;0;0;0;14;8.18;8;1;2;0;1;0;0;0;0;9;0;0;3;1;1;2;0;0;0;5;2.92;3;0;0;16;9.35;6;00:35;00:21;00:14;0;0;0;0;0;0;849;262;3;1.75;1;0;0;0;17 minutes;03:17;14;8.18;6;31;18.12;0;30%;38%;48%
Realzx-21536;4436;4;18.13;0;5%;7;4;4;0.04;5,111;23,175.37;2,842;2,270;3;13.6;0;0;0;4;18.13;3;3;1.33;0;1;0;1;4.53;1;0;0;0;0;0;0;0;0;3;0;0;1;0;0;0;0;0;0;1;4.53;1;0;0;0;0;0;00:01;00:06;00:01;0;0;0;0;0;0;295;134;0;0;0;0;0;0;2 minutes;00:40;3;13.6;2;3;13.6;0;45%;44%;0
Reilly-11549;77;1;3.95;0;11%;13;11;11;0;5,067;20,013.78;3,356;3,210;3;11.85;0;0;0;5;19.75;3;2;1.66;0;0;0;2;7.9;1;0;0;0;0;0;0;0;0;2;0;0;1;0;0;0;0;0;0;2;7.9;1;0;0;3;11.85;2;00:04;00:18;00:04;0;0;0;0;0;0;0;0;1;3.95;1;0;0;0;3 minutes;0;2;7.9;2;3;11.85;0;53%;0;0
Reinforce-11281;29;31;33.38;0;6%;13;9;8;0;9,106;9,806.11;6,246;3,364;8;8.61;0;0;0;32;34.46;24;10;4;0;0;0;8;8.61;6;0;1;0;1;0;0;0;0;10;0;0;2;1;0;0;0;0;0;2;2.15;2;0;0;11;11.84;8;00:36;00:39;00:19;0;0;0;0;0;0;0;0;3;3.23;2;0;0;0;14 minutes;0;13;14;10;21;22.61;0;21%;0;88%
Rennyn-1683;60;104;22.67;3;5%;79;16;10;0;69,282;15,107.92;13,488;7,387;40;8.72;0;0;0;160;34.89;33;15;4;0;2;0;58;12.64;13;0;5;0;4;0;0;0;0;15;0;0;10;5;3;3;1;0.21;1;32;6.97;8;4;2;42;9.15;11;01:10;00:15;00:29;0;0;0;0;0;0;0;0;21;4.57;5;0;0;0;1 hour;11:47;63;13.73;15;133;29;0;31%;0;85%
Ridget-11622;65;4;16.26;0;3%;1;1;1;0;2,946;11,981.21;2,946;1,481;4;16.26;0;0;0;6;24.4;6;3;1.5;0;0;0;2;8.13;2;0;0;0;0;0;0;0;0;0;0;0;1;0;0;0;0;0;0;2;8.13;2;0;0;4;16.26;4;00:03;00:16;00:03;0;0;0;0;0;0;0;0;0;0;0;0;0;0;4 minutes;0;3;12.2;3;6;24.4;0;14%;0;100%
Rigu-2496;2770;16;41.43;0;2%;2;2;1;0;3,359;8,697.03;3,240;2,070;6;15.53;0;0;0;5;12.94;4;4;0.83;0;0;0;2;5.17;2;0;0;0;0;0;0;0;0;4;0;0;0;0;0;0;0;0;0;1;2.58;1;0;0;3;7.76;3;00:21;00:55;00:21;0;0;0;0;0;0;250;67;0;0;0;0;0;0;5 minutes;0;4;10.35;3;3;7.76;0;26%;0;74%
Rizors-2495;0;16;39.47;0;18%;4;4;3;0.01;1,957;4,826.52;1,128;756;4;9.86;0;0;0;5;12.33;4;3;1.25;0;0;0;2;4.93;2;0;0;0;0;0;0;0;0;3;0;0;0;0;0;0;0;0;0;1;2.46;1;0;0;2;4.93;2;00:06;00:16;00:05;0;0;0;0;0;0;248;22;2;4.93;2;0;0;0;5 minutes;00:43;2;4.93;2;4;9.86;0;8%;0;100%
Ryuugamine-2108;0;3;6.77;0;5%;6;6;5;0.02;5,200;11,748.7;3,384;2,119;4;9.03;0;0;0;0;0;0;0;0;0;0;0;0;0;0;0;0;0;0;0;0;0;0;0;0;0;1;0;1;0;0;0;0;0;0;0;0;0;0;0;0;00:09;00:21;00:08;0;0;0;0;0;0;286;107;0;0;0;0;0;0;3 minutes;0;0;0;0;0;0;0;37%;50%;0
Sados-1219;69;12;16.64;1;12%;6;5;4;0;5,046;6,999.91;2,553;1,923;8;11.09;0;0;0;18;24.96;15;4;2.25;0;0;0;7;9.71;4;0;1;0;1;0;0;0;0;0;0;0;2;1;1;1;0;0;0;3;4.16;3;3;1;9;12.48;9;00:12;00:17;00:12;0;0;0;0;0;0;0;0;0;0;0;0;0;0;7 minutes;00:23;4;5.54;2;16;22.19;0;23%;0;100%
Sapphire-1242;3516;0;0;0;11%;5;5;3;0.04;1,770;16,189.72;1,770;959;2;18.28;0;0;0;1;9.14;1;1;0.5;0;0;0;1;9.14;1;0;0;0;0;0;0;0;0;1;0;0;0;0;0;0;0;0;0;0;0;0;0;0;0;0;0;00:08;01:16;00:08;0;0;0;0;0;0;142;42;0;0;0;0;0;0;1 minute;0;1;9.14;1;0;0;0;29%;0;0
sarapajamas-2603;2585;6;25.88;0;16%;7;6;4;0.02;3,233;13,946.59;1,782;1,088;5;21.56;0;0;0;9;38.82;5;3;1.8;0;0;0;3;12.94;2;0;0;0;0;0;0;0;0;3;0;0;0;0;0;0;0;0;0;1;4.31;1;0;0;1;4.31;1;00:11;00:49;00:10;0;0;0;0;0;0;208;43;1;4.31;1;0;0;0;4 minutes;0;3;12.94;2;9;38.82;0;20%;32%;0
Seagull-1894;81;275;27.49;6;5%;209;34;21;0;139,385;13,936.08;13,277;6,072;75;7.49;0;0;0;338;33.79;34;22;4.5;0;2;0;171;17.09;22;0;10;0;9;0;0;0;0;22;0.39;0;33;8;15;11;10;0.99;3;69;6.89;9;4;4;97;9.69;18;03:08;00:18;00:32;0;0;0;0;0;0;0;0;50;4.99;8;0;0;0;2 hours;32:38;224;22.39;26;207;20.69;0;40%;0;90%
Sebi-1860;0;12;15.66;0;10%;10;10;9;0.02;8,856;11,560.2;8,856;6,712;2;2.61;0;0;0;14;18.27;14;13;7;0;0;0;2;2.61;2;0;1;0;1;0;0;0;0;13;0;0;2;2;0;0;0;0;0;3;3.91;3;0;0;3;3.91;3;00:02;00:03;00:02;0;0;0;0;0;0;439;96;0;0;0;0;0;0;6 minutes;01:39;7;9.13;7;8;10.44;0;21%;0;100%
sebicjusz-2576;3625;12;23.08;1;0%;1;1;1;0;6,798;13,076.71;6,798;4,512;1;1.92;0;0;0;15;28.85;15;9;15;0;0;0;5;9.61;5;0;1;1;0;0;0;0;0;9;0;0;3;1;0;2;0;0;0;3;5.77;3;0;0;4;7.69;4;00:03;00:07;00:03;0;0;0;0;0;0;323;133;1;1.92;1;0;0;0;4 minutes;00:00;3;5.77;3;15;28.85;1;41%;41%;0
SeonsU-1818;67;134;13.8;4;7%;179;20;19;0;111,744;11,511.2;12,915;5,433;61;6.28;0;0;0;233;24;31;13;3.81;0;0;0;99;10.19;18;0;10;0;7;0;0;0;0;13;0;0;22;9;8;5;3;0.3;2;43;4.42;11;3;5;81;8.34;17;04:16;00:26;02:01;0;0;0;0;0;0;0;0;14;1.44;3;0;0;0;1 hour;06:31;121;12.46;16;175;18.02;0;35%;0;70%
ShaDowBurn-2301;4346;5;29.59;0;1%;2;2;2;0.01;3,692;21,857.98;3,692;2,877;2;11.83;0;0;0;5;29.59;5;4;2.5;0;0;0;2;11.83;2;0;0;0;0;0;0;0;0;4;0;0;1;0;1;0;0;0;0;0;0;0;0;0;0;0;0;00:11;01:06;00:11;0;0;0;0;0;0;302;130;0;0;0;0;0;0;2 minutes;00:47;3;17.75;3;3;17.75;0;43%;0;100%
ShadowStalke-2183;2808;26;25.08;1;5%;11;7;5;0.01;13,176;12,713;8,218;5,851;3;2.89;0;0;0;19;18.33;11;8;6.33;0;0;0;15;14.47;10;1;1;0;0;0;0;0;0;8;0;0;1;0;1;0;0;0;0;6;5.78;4;0;0;9;8.68;6;00:11;00:10;00:11;0;0;0;0;0;0;442;198;2;1.92;2;0;0;0;9 minutes;03:11;10;9.64;6;13;12.54;0;44%;50%;45%
sharkskull-11189;53;151;21.43;4;4%;119;20;18;0;103,495;14,693.85;16,805;7,745;62;8.8;0;0;0;196;27.82;29;16;3.16;0;0;0;84;11.92;19;0;7;0;4;0;0;0;0;0;0;0;25;6;11;9;1;0;1;44;6.24;12;4;4;114;16.18;18;02:50;00:24;00:44;0;0;0;0;0;0;0;0;15;2.12;4;0;0;0;1 hour;11:58;95;13.48;18;160;22.71;0;32%;0;60%
Sharkyos-1524;2433;43;28.58;0;8%;40;17;9;0.03;19,479;12,947.18;6,746;6,541;7;4.65;0;0;0;45;29.91;18;13;6.42;0;0;0;24;15.95;12;0;2;0;1;0;0;0;0;13;0;0;4;2;1;2;0;0;0;9;5.98;4;0;0;22;14.62;10;00:48;00:32;00:20;0;0;0;0;0;0;1,835;490;11;7.31;6;0;0;0;18 minutes;02:46;26;17.28;9;29;19.27;0;26%;18%;66%
sharlajjn-2375;2903;48;43.64;0;1%;3;2;1;0;14,356;13,053.02;6,833;1,716;15;13.63;0;0;0;27;24.54;15;9;1.8;0;0;0;9;8.18;5;1;1;0;0;0;0;0;0;9;0;0;2;1;0;1;0;0;0;1;0.9;1;0;0;9;8.18;6;00:55;00:50;00:25;0;0;0;0;0;0;727;212;3;2.72;2;0;0;0;15 minutes;00:09;13;11.81;6;23;20.91;0;29%;21%;40%
ShonP-21888;4483;2;21.76;0;0;0;0;0;0;823;8,959.82;823;563;2;21.76;0;0;0;2;21.76;2;1;1;0;0;0;0;0;0;0;0;0;0;0;0;0;0;1;0;0;0;0;0;0;0;0;0;0;0;0;0;0;1;10.88;1;00:01;00:16;00:01;0;0;0;0;0;0;21;3;0;0;0;0;0;0;1 minute;0;1;10.88;1;1;10.88;0;14%;14%;0
SKRT-11232;1999;117;4.74;1;6%;65;14;9;0;63,755;2,586.77;7,799;5,197;266;10.79;0;0;0;111;4.5;15;11;0.41;0;74;0;57;2.31;10;20;25;2;3;0;0;0;0;11;0;0;27;10;9;8;1;0.04;1;24;0.97;6;0;0;42;1.7;7;06:38;00:16;01:16;0;0;0;0;0;0;2,927;1,032;29;1.17;6;0;0;0;3 hours;09:41;65;2.63;10;74;3;4;35%;57%;12%
skuall-21731;3385;87;22.5;1;5%;99;18;10;0.03;57,540;14,882.18;12,203;7,572;38;9.82;0;0;0;85;21.98;22;15;2.23;0;0;0;38;9.82;8;3;4;0;0;0;0;0;0;15;0;0;10;4;3;3;0;0;0;21;5.43;6;3;1;31;8.01;11;01:27;00:22;00:19;0;0;0;0;0;0;4,406;1,693;7;1.81;4;0;0;0;47 minutes;08:42;62;16.03;15;50;12.93;0;38%;50%;12%
Slash-2756;0;6;8.82;0;7%;1;1;1;0;2,621;3,855.01;1,705;1,705;7;10.29;0;0;0;3;4.41;2;2;0.42;0;0;0;2;2.94;1;1;1;0;0;0;0;0;0;2;0;0;1;0;0;0;0;0;0;0;0;0;0;0;1;1.47;1;00:01;00:01;00:01;0;0;0;0;0;0;69;14;0;0;0;0;0;0;7 minutes;0;3;4.41;2;2;2.94;0;20%;0;19%
Slerba-2417;2649;44;23.97;0;8%;31;24;15;0.02;24,865;13,549.18;10,249;4,341;10;5.44;0;0;0;31;16.89;12;12;3.1;0;0;0;15;8.17;7;1;2;1;1;0;0;0;0;12;0;0;5;2;2;1;1;0.54;1;6;3.26;3;0;0;10;5.44;3;00:45;00:24;00:14;0;0;0;0;0;0;1,251;379;6;3.26;3;0;0;0;17 minutes;00:25;11;5.99;5;25;13.62;0;30%;43%;33%
Slowpoke-21708;3790;1;12.87;0;0;0;0;0;0;0;0;0;0;0;0;0;0;0;0;0;0;0;0;0;0;0;0;0;0;0;0;0;0;0;0;0;0;0;0;0;0;0;0;0;0;0;0;0;0;0;0;0;0;0;0;0;0;0;0;0;0;0;0;0;0;0;0;0;0;0;0;0;29.28679502941668 seconds;0;0;0;0;0;0;0;0;0;100%
Sluzak-2698;2599;3;11.77;0;8%;3;3;3;0.03;1,284;5,042.93;1,284;1,284;0;0;0;0;0;2;7.85;2;2;0;0;0;0;0;0;0;0;0;0;0;0;0;0;0;2;0;0;1;0;1;1;0;0;0;0;0;0;0;0;1;3.92;1;00:00;00:00;00:00;0;0;0;0;0;0;74;34;0;0;0;0;0;0;1 minute;0;1;3.92;1;2;7.85;0;45%;45%;0
Smoox-2517;2544;69;18.34;2;11%;110;22;13;0.04;56,579;15,041.79;8,835;7,997;26;6.91;0;0;0;121;32.16;22;22;4.65;0;1;0;51;13.55;11;1;4;1;2;0;0;0;0;22;0;0;13;2;8;4;0;0;0;29;7.7;6;4;1;37;9.83;10;01:17;00:20;00:23;0;0;0;0;0;0;3,397;958;13;3.45;3;0;0;0;42 minutes;11:56;56;14.88;11;97;25.78;0;28%;33%;40%
Sn4rFx-1311;76;103;24.08;2;9%;135;31;31;0;38,627;9,033.87;10,306;6,198;15;3.5;0;0;0;122;28.53;37;20;8.13;0;0;0;52;12.16;13;0;4;0;4;0;0;0;0;20;0;0;14;5;4;5;0;0;0;22;5.14;5;3;1;35;8.18;23;00:45;00:10;00:29;0;0;0;0;0;0;0;0;15;3.5;3;0;0;0;36 minutes;09:08;85;19.87;25;74;17.3;0;33%;0;100%
Snoozy-2512;4293;14;19.58;0;5%;10;8;7;0.02;8,994;12,578.9;2,605;2,155;7;9.79;0;0;0;8;11.18;4;4;1.14;0;0;0;3;4.19;2;1;1;0;0;0;0;0;0;4;0;0;1;0;1;1;0;0;0;0;0;0;0;0;3;4.19;1;00:04;00:05;00:02;0;0;0;0;0;0;428;187;0;0;0;0;0;0;6 minutes;0;4;5.59;2;7;9.79;0;43%;55%;0
Sommy-21718;4011;3;10.42;0;9%;5;5;4;0.03;1,283;4,454.75;1,283;823;2;6.94;0;0;0;4;13.89;4;3;2;0;0;0;2;6.94;2;0;0;0;0;0;0;0;0;3;0;0;1;0;0;1;0;0;0;0;0;0;0;0;0;0;0;0;0;0;0;0;0;0;0;0;144;51;1;3.47;1;0;0;0;2 minutes;0;1;3.47;1;3;10.42;0;35%;0;100%
Somnians-2461;3869;1,353;38.79;15;7%;958;51;28;0.03;547,855;15,708.23;21,181;8,711;226;6.47;0;0;0;858;24.6;41;22;3.79;0;7;0;371;10.63;21;16;35;2;17;0;0;0;0;22;0;0;92;24;26;41;2;0.05;1;184;5.27;15;4;18;328;9.4;30;22:02;00:37;01:55;0;0;0;0;0;0;33,666;13,515;100;2.86;10;0;0;0;7 hours;01:38:47;508;14.56;25;585;16.77;5;40%;54%;47%
Sonny-22686;0;13;21.88;0;14%;20;20;14;0.07;2,850;4,797.53;2,850;1,211;4;6.73;0;0;0;10;16.83;10;5;2.5;0;0;0;4;6.73;4;1;1;0;0;0;0;0;0;5;0;0;2;0;1;1;0;0;0;4;6.73;4;0;0;6;10.09;6;00:57;01:36;00:57;0;0;0;0;0;0;441;142;1;1.68;1;0;0;0;4 minutes;0;9;15.14;9;1;1.68;1;32%;32%;0
Sooby-2892;2999;37;26.03;0;9%;26;24;22;0.03;17,043;11,989.99;12,604;10,839;4;2.81;0;0;0;25;17.58;20;17;6.25;0;0;0;11;7.73;9;1;1;0;1;0;0;0;0;17;0;0;4;2;2;0;0;0;0;1;0.7;1;3;1;11;7.73;9;00:19;00:14;00:13;0;0;0;0;0;0;844;263;2;1.4;1;0;0;0;11 minutes;03:43;17;11.95;15;14;9.84;0;31%;0;53%
spaced-21485;3175;2;8.8;0;4%;4;4;4;0.02;1,554;6,842.03;1,554;995;2;8.8;0;0;0;1;4.4;1;1;0.5;0;0;0;1;4.4;1;0;0;0;0;0;0;0;0;1;0;0;0;0;0;0;0;0;0;0;0;0;0;0;1;4.4;1;00:09;00:42;00:09;0;0;0;0;0;0;181;87;0;0;0;0;0;0;2 minutes;0;1;4.4;1;0;0;0;48%;0;100%
SpamKappa123-1926;80;291;22.31;10;5%;195;43;15;0;168,197;12,900.29;29,020;8,902;89;6.82;0;0;0;347;26.61;56;21;3.89;0;2;0;158;12.11;33;0;13;0;7;0;0;0;0;21;0;0;40;9;17;15;1;0.07;1;38;2.91;9;3;4;120;9.2;25;05:35;00:25;02:00;0;0;0;0;0;0;0;0;49;3.75;9;0;0;0;2 hours;20:10;196;15.03;39;230;17.64;0;41%;0;52%
Splinter-21452;2693;38;23.39;0;4%;27;10;6;0.02;28,076;17,285.69;7,069;4,640;16;9.85;0;0;0;59;36.32;17;14;3.68;0;0;0;32;19.7;10;0;2;0;1;0;0;0;0;14;0;0;4;1;1;2;0;0;0;16;9.85;4;0;0;18;11.08;5;00:39;00:24;00:15;0;0;0;0;0;0;1,928;671;15;9.23;4;0;0;0;21 minutes;03:19;35;21.54;10;36;22.16;0;34%;39%;70%
Spyder712-1784;2572;17;12.67;0;4%;11;6;6;0.01;18,213;13,582.64;6,380;2,998;12;8.94;0;0;0;17;12.67;10;5;1.41;0;0;0;8;5.96;4;1;1;0;0;0;0;0;0;5;0;0;3;0;1;1;1;0.74;1;1;0.74;1;3;1;2;1.49;2;00:14;00:10;00:10;0;0;0;0;0;0;726;236;3;2.23;2;0;0;0;15 minutes;0;8;5.96;5;13;9.69;0;32%;0;29%
Sraiypton-2539;3000;41;15.83;1;7%;65;15;15;0.03;37,196;14,363.12;10,810;10,545;23;8.88;0;0;0;66;25.48;19;8;2.86;0;1;0;30;11.58;10;2;3;0;1;0;0;0;0;8;0;0;9;3;2;4;0;0;0;19;7.33;6;4;2;35;13.51;12;01:42;00:39;00:37;0;0;0;0;0;0;2,603;868;13;5.01;6;0;0;0;31 minutes;04:44;40;15.44;11;47;18.14;0;33%;59%;26%
Ssem-3281;53;3;13.92;0;6%;5;5;3;0;2,178;10,112.57;2,178;2,024;3;13.92;0;0;0;5;23.21;5;3;1.66;0;0;0;1;4.64;1;0;0;0;0;0;0;0;0;3;0;0;1;1;0;0;0;0;0;0;0;0;0;0;3;13.92;3;00:00;00:02;00:00;0;0;0;0;0;0;0;0;0;0;0;0;0;0;2 minutes;0;3;13.92;3;3;13.92;0;26%;0;0
ster-1707;81;391;23.45;6;7%;337;28;19;0;225,781;13,545.89;13,884;7,126;110;6.59;0;0;0;506;30.35;31;23;4.59;0;1;0;194;11.63;17;0;17;0;15;0;0;0;0;23;0;0;44;16;12;17;1;0.05;1;96;5.75;9;4;9;154;9.23;11;05:55;00:21;01:30;0;0;0;0;0;0;0;0;39;2.33;7;0;0;0;4 hours;21:06;271;16.25;18;374;22.43;0;40%;0;87%
stumppi27-2735;2606;180;26.62;3;8%;210;46;19;0.03;97,609;14,435.82;14,327;6,953;50;7.39;0;0;0;192;28.39;52;14;3.84;0;2;0;85;12.57;22;5;7;0;2;0;0;0;0;14;0;0;19;7;6;6;0;0;0;37;5.47;13;3;1;79;11.68;27;03:53;00:34;01:35;0;0;0;0;0;0;10,076;2,524;13;1.92;3;0;0;0;1 hour;13:26;107;15.82;22;141;20.85;0;25%;53%;28%
StylishNoob-1882;77;156;22.67;3;8%;181;22;20;0;84,923;12,344.02;9,362;6,727;56;8.13;0;0;0;207;30.08;38;16;3.69;0;1;0;105;15.26;16;0;7;0;6;0;0;0;0;16;0.36;0;23;5;9;9;3;0.43;1;48;6.97;10;3;2;58;8.43;11;02:54;00:25;01:00;0;0;0;0;0;0;0;0;22;3.19;4;0;0;0;14 hours;12:31;122;17.73;18;137;19.91;0;37%;0;86%
Subsidium-2330;3190;3;12.6;0;0;0;0;0;0;2,269;9,537.86;2,269;750;3;12.6;0;0;0;3;12.6;3;1;1;0;0;0;1;4.2;1;0;0;0;0;0;0;0;0;1;0;0;0;0;0;0;0;0;0;0;0;0;0;0;0;0;0;00:03;00:14;00:03;0;0;0;0;0;0;183;52;0;0;0;0;0;0;2 minutes;0;1;4.2;1;2;8.4;0;28%;28%;0
SuNN-2172;3138;8;28.09;0;2%;2;2;1;0;5,532;19,426.71;5,532;3,898;2;7.02;0;0;0;11;38.62;11;6;5.5;0;0;0;6;21.06;6;0;0;0;0;0;0;0;0;6;0;0;1;0;1;0;0;0;0;0;0;0;0;0;4;14.04;4;00:04;00:15;00:04;0;0;0;0;0;0;270;91;2;7.02;2;0;0;0;4 minutes;0;7;24.57;7;9;31.6;0;33%;33%;0
SunniiDay-1523;50;102;27.74;1;6%;32;7;6;0;48,251;13,123.8;12,206;9,721;34;9.24;0;0;0;108;29.37;26;24;3.17;0;1;0;43;11.69;8;0;4;0;3;0;0;0;0;24;0;0;8;3;1;4;0;0;0;27;7.34;11;3;1;42;11.42;13;01:21;00:22;00:35;0;0;0;0;0;0;0;0;19;5.16;5;0;0;0;53 minutes;10:05;45;12.23;11;87;23.66;0;23%;0;87%
Supah-1288;73;173;20.92;2;4%;128;15;10;0;98,047;11,859.05;9,396;6,935;61;7.37;0;0;0;206;24.91;22;16;3.37;0;0;0;102;12.33;12;0;8;0;5;0;0;0;0;16;0;0;24;6;6;12;0;0;0;41;4.95;7;0;0;61;7.37;13;01:18;00:09;00:22;0;0;0;0;0;0;0;0;15;1.81;2;0;0;0;1 hour;12:05;150;18.14;17;134;16.2;0;38%;0;59%
SusanStrong-11521;39;823;16.67;8;3%;398;33;12;0;525,659;10,648.47;14,161;6,748;476;9.64;0;0;0;1,224;24.79;33;21;2.57;0;4;0;457;9.25;16;0;49;0;22;1,929,238;39,081.31;0;85;21;0.17;0;112;48;24;40;0;0;0;231;4.67;11;4;12;558;11.3;19;23:35;00:28;00:57;0;0;0;449,743;0;0;0;0;108;2.18;5;0;0;0;10 hours;27:03;491;9.94;21;978;19.81;0;23%;0;45%
svr01-21181;0;8;19.3;0;2%;4;4;3;0.02;5,423;13,088.27;5,423;4,431;2;4.82;0;0;0;8;19.3;8;6;4;0;0;0;4;9.65;4;0;0;0;0;0;0;0;0;6;0;0;2;0;1;0;0;0;0;2;4.82;2;0;0;1;2.41;1;00:02;00:06;00:02;0;0;0;0;0;0;381;172;1;2.41;1;0;0;0;3 minutes;0;7;16.89;7;6;14.47;0;45%;45%;2%
Symposium-2447;0;7;28.43;0;2%;4;4;3;0.02;3,551;14,424.33;3,551;1,974;3;12.18;0;0;0;5;20.31;5;4;1.66;0;0;0;3;12.18;3;0;0;0;0;0;0;0;0;4;0;0;1;0;1;0;0;0;0;0;0;0;0;0;1;4.06;1;00:07;00:29;00:07;0;0;0;0;0;0;353;155;0;0;0;0;0;0;3 minutes;0;4;16.24;4;3;12.18;0;43%;0;0
Synphonica-2269;2681;8;7.13;0;11%;31;19;19;0.04;13,279;11,845.22;5,349;5,008;10;8.92;0;0;0;21;18.73;10;10;2.1;0;0;0;9;8.02;4;1;1;0;0;0;0;0;0;10;0;0;3;2;1;1;0;0;0;4;3.56;3;0;0;10;8.92;6;00:36;00:32;00:29;0;0;0;0;0;0;1,051;277;4;3.56;2;0;0;0;12 minutes;00:40;14;12.48;6;14;12.48;0;26%;31%;2%
TAI4752-1605;0;34;20.29;1;2%;12;6;3;0.01;20,000;11,937.6;7,572;7,572;9;5.37;0;0;0;42;25.06;19;19;4.66;0;0;0;16;9.55;9;1;2;1;0;0;0;0;0;19;0;0;4;2;1;1;0;0;0;8;4.77;3;0;0;13;7.75;7;00:50;00:29;00:24;0;0;0;0;0;0;1,635;440;4;2.38;2;0;0;0;17 minutes;02:40;21;12.53;8;31;18.5;0;26%;46%;21%
TakeItBoy-21118;2848;0;0;0;4%;2;2;2;0;2,919;4,679.3;1,760;1,760;1;1.6;0;0;0;2;3.2;1;1;2;0;0;0;2;3.2;1;1;1;0;0;0;0;0;0;1;0;0;2;1;0;1;0;0;0;1;1.6;1;0;0;0;0;0;0;0;0;0;0;0;0;0;0;116;46;1;1.6;1;0;0;0;4 minutes;0;2;3.2;1;1;1.6;0;39%;41%;0
Talespin-1868;79;24;14.79;2;9%;18;9;7;0;10,734;6,617.31;5,597;3,397;5;3.08;0;0;0;38;23.42;23;10;7.6;0;0;0;16;9.86;10;0;2;0;2;0;0;0;0;10;0;0;5;1;2;2;0;0;0;4;2.46;2;0;0;18;11.09;15;00:31;00:19;00:27;0;0;0;0;0;0;0;0;6;3.69;3;0;0;0;14 minutes;03:42;24;14.79;14;23;14.17;0;36%;0;100%
TeTrixX-21558;3642;50;9.9;0;5%;43;9;7;0.01;52,226;10,348.99;4,582;3,143;53;10.5;0;0;0;70;13.87;12;7;1.32;0;0;0;17;3.36;3;4;5;0;1;0;0;0;0;7;0;0;14;7;4;3;0;0;0;8;1.58;4;3;1;18;3.56;3;00:43;00:08;00:08;0;0;0;0;0;0;2,998;858;4;0.79;2;0;0;0;55 minutes;00:40;30;5.94;4;59;11.69;0;28%;46%;26%
Theefues-1279;0;5;9.22;0;5%;6;6;6;0.02;7,605;14,029.42;5,793;5,723;1;1.84;0;0;0;16;29.51;8;8;16;0;0;0;4;7.37;2;0;1;0;0;0;0;0;0;8;0;0;2;0;2;1;1;1.84;1;4;7.37;2;0;0;11;20.29;7;00:26;00:49;00:16;0;0;0;0;0;0;357;111;1;1.84;1;0;0;0;4 minutes;00:14;5;9.22;4;12;22.13;0;31%;33%;12%
theguiguid-2400;2082;59;31.29;1;7%;25;8;7;0.01;26,136;13,862.76;10,936;8,595;11;5.83;0;0;0;49;25.98;21;21;4.45;0;0;0;19;10.07;7;0;2;1;1;0;0;0;0;21;0;0;5;1;2;2;0;0;0;8;4.24;5;0;0;10;5.3;5;00:15;00:08;00:09;0;0;0;0;0;0;1,412;348;5;2.65;2;0;0;0;22 minutes;03:14;16;8.48;6;45;23.86;0;24%;0;39%
TheTrowel-1383;60;13;16.01;0;5%;7;4;3;0;10,721;13,206.63;7,807;6,768;4;4.92;0;0;0;27;33.25;22;18;6.75;0;0;0;10;12.31;9;0;0;0;0;0;0;0;0;18;0;0;1;0;2;0;0;0;0;4;4.92;3;0;0;13;16.01;12;00:09;00:11;00:08;0;0;0;0;0;0;0;0;4;4.92;3;0;0;0;1 minute;00:54;11;13.55;9;22;27.1;0;27%;0;100%
Thofurus-1908;35;4;8.5;0;4%;7;5;5;0;5,306;11,277.3;3,471;2,608;6;12.75;0;0;0;7;14.87;5;3;1.16;0;0;0;3;6.37;2;0;0;0;0;0;0;0;0;0;0;0;2;0;1;0;0;0;0;0;0;0;0;0;0;0;0;00:10;00:23;00:10;0;0;0;0;0;0;0;0;3;6.37;1;0;0;0;5 minutes;0;5;10.62;3;5;10.62;0;38%;0;0
Thrittly-2698;4181;214;33.01;2;7%;226;32;26;0.04;104,169;16,072.01;9,683;6,882;53;8.17;0;0;0;152;23.45;18;14;2.86;0;0;0;57;8.79;7;2;6;0;5;0;0;0;0;14;0;0;19;8;5;6;3;0.46;2;23;3.54;4;3;3;60;9.25;11;02:24;00:22;00:20;0;0;0;0;0;0;6,296;2,856;13;2;3;0;0;0;1 hour;13:36;92;14.19;10;104;16.04;0;45%;52%;71%
TKSpanky-2149;2459;9;6.88;0;5%;3;2;1;0;14,613;11,175.48;7,310;4,802;14;10.7;0;0;0;33;25.23;21;19;2.35;0;0;0;8;6.11;5;0;1;0;0;0;0;0;0;19;0;0;3;0;1;2;0;0;0;7;5.35;6;3;1;15;11.47;9;00:18;00:14;00:08;0;0;0;0;0;0;255;60;1;0.76;1;0;0;0;18 minutes;00:31;4;3.05;3;30;22.94;0;23%;0;28%
Toha-2496;2249;150;22.88;3;5%;47;13;11;0.01;48,665;7,425.37;10,278;8,359;16;2.44;0;0;0;119;18.15;23;21;7.43;0;3;0;65;9.91;14;4;7;0;2;0;0;0;0;21;0;0;10;4;3;2;1;0.15;1;27;4.11;8;3;1;37;5.64;9;01:05;00:10;00:30;0;0;0;0;0;0;2,536;844;27;4.11;7;0;0;0;57 minutes;05:25;54;8.23;17;90;13.73;4;33%;30%;37%
tomzeY-2219;3843;2;8.35;0;66%;2;2;2;0.02;1,364;5,700.11;1,364;1,028;1;4.17;0;0;0;1;4.17;1;1;1;0;0;0;0;0;0;0;0;0;0;0;0;0;0;1;0;0;1;0;0;0;0;0;0;0;0;0;0;0;1;4.17;1;00:01;00:05;00:01;0;0;0;0;0;0;42;3;0;0;0;0;0;0;1 minute;0;0;0;0;1;4.17;0;7%;0;0
Toothless-22833;3353;280;20.55;5;8%;399;45;24;0.04;213,222;15,654.15;13,212;10,743;73;5.35;0;0;0;351;25.76;29;21;4.8;0;0;0;155;11.37;13;3;14;1;10;0;0;0;0;21;0;0;41;12;14;15;2;0.14;1;76;5.57;8;3;3;131;9.61;15;05:45;00:25;00:40;0;0;0;0;0;0;12,825;4,721;26;1.9;4;0;0;0;2 hours;23:36;241;17.69;22;207;15.19;0;36%;64%;73%
Toxic-2871;0;16;16.55;1;6%;12;8;5;0.01;11,318;11,708.88;8,039;3,226;10;10.34;0;0;0;22;22.76;12;6;2.2;0;0;0;7;7.24;4;0;1;0;1;0;0;0;0;6;0;0;2;0;1;1;0;0;0;1;1.03;1;0;0;6;6.2;6;00:00;00:00;00:00;0;0;0;0;0;0;622;173;3;3.1;3;0;0;0;12 minutes;00:00;6;6.2;3;19;19.65;0;27%;0;54%
ToxikeN-2432;4074;13;12.95;0;4%;12;7;7;0.01;11,910;11,869.56;5,250;5,250;6;5.97;0;0;0;28;27.9;11;11;4.66;0;0;0;11;10.96;4;0;1;0;1;0;0;0;0;11;0;0;3;1;1;1;0;0;0;3;2.98;2;3;2;3;2.98;2;00:58;00:58;00:32;0;0;0;0;0;0;826;251;2;1.99;1;0;0;0;10 minutes;00:02;16;15.94;9;20;19.93;0;30%;32%;82%
TravkaBobr-2338;1953;250;33.22;5;4%;112;26;16;0.02;101,563;13,496.09;20,779;9,673;34;4.51;0;0;0;158;20.99;43;14;4.64;0;1;0;66;8.77;18;6;8;1;1;0;0;0;0;14;0;0;19;5;5;9;2;0.26;1;29;3.85;11;3;3;70;9.3;20;06:05;00:48;01:38;0;0;0;0;0;0;6,955;2,278;14;1.86;4;1;0;0;--;18:41;81;10.76;27;127;16.87;6;32%;39%;15%
TviQ-1503;4801;77;29.49;2;7%;90;38;29;0.06;38,229;14,644.12;14,364;6,960;8;3.06;0;0;0;64;24.51;25;16;8;0;0;0;33;12.64;14;0;3;0;3;0;0;0;0;16;0;0;8;0;6;2;0;0;0;17;6.51;7;4;1;24;9.19;12;00:26;00:10;00:10;0;0;0;0;0;0;2,652;1,169;9;3.44;3;0;0;0;24 minutes;09:17;45;17.23;21;38;14.55;0;44%;0;100%
Uman-21858;2393;19;29.18;0;4%;7;7;5;0.02;6,122;9,402.05;6,122;1,657;7;10.75;0;0;0;5;7.67;5;3;0.71;0;0;0;3;4.6;3;1;1;0;0;0;0;0;0;3;0;0;2;0;1;1;0;0;0;0;0;0;0;0;1;1.53;1;0;0;0;0;0;0;0;0;0;466;157;3;4.6;3;0;0;0;5 minutes;0;3;4.6;3;2;3.07;0;33%;33%;0
Unblestking-2304;2349;30;17.87;1;4%;30;9;9;0.02;17,417;10,378.3;7,814;4,939;14;8.34;0;0;0;37;22.04;20;13;2.64;0;0;0;14;8.34;7;0;2;0;1;0;0;0;0;13;0;0;6;2;1;2;1;0.59;1;5;2.97;5;0;0;19;11.32;12;00:45;00:27;00:17;0;0;0;0;0;0;1,417;607;3;1.78;2;0;0;0;17 minutes;02:49;20;11.91;12;26;15.49;0;42%;0;75%
uNFixed-2518;0;22;15.41;0;3%;13;9;9;0.01;15,558;10,901.69;8,962;6,001;17;11.91;0;0;0;17;11.91;7;5;1;0;2;0;4;2.8;2;1;1;0;0;0;0;0;0;5;0;0;5;1;1;2;0;0;0;4;2.8;2;0;0;5;3.5;2;01:59;01:24;01:29;0;0;0;0;0;0;749;391;2;1.4;2;0;0;0;15 minutes;00:16;9;6.3;3;10;7;0;52%;57%;0
Uran-2728;3395;12;19.21;0;8%;6;6;3;0.02;3,883;6,219.14;3,883;1,585;4;6.4;0;0;0;7;11.21;7;2;1.75;0;0;0;3;4.8;3;0;1;0;1;0;0;0;0;2;0;0;2;1;1;0;0;0;0;2;3.2;2;0;0;3;4.8;3;00:07;00:12;00:07;0;0;0;0;0;0;246;70;1;1.6;1;0;0;0;4 minutes;00:05;5;8;5;7;11.21;0;28%;0;100%
Vaudrain-21590;48;1;9.37;0;2%;2;2;2;0.01;2,439;22,867.93;2,439;2,439;1;9.37;0;0;0;1;9.37;1;1;1;0;0;0;1;9.37;1;0;0;0;0;0;0;0;0;1;0;0;0;0;0;0;0;0;0;0;0;0;0;0;0;0;0;00:02;00:23;00:02;0;0;0;0;0;0;157;92;0;0;0;0;0;0;1 minute;0;1;9.37;1;0;0;0;58%;0;100%
Vermillion-11337;55;2;24.4;0;0;0;0;0;0;1,125;13,727.67;1,125;943;1;12.2;0;0;0;6;73.2;6;6;6;0;0;0;2;24.4;2;0;0;0;0;0;0;0;0;0;0;0;0;0;0;0;0;0;0;0;0;0;0;0;4;48.8;4;00:05;01:05;00:05;0;0;0;0;0;0;0;0;0;0;0;0;0;0;1 minute;0;3;36.6;3;5;61;0;39%;0;0
Verso-21815;2230;9;16.98;0;16%;2;2;2;0;2,231;4,210.61;2,231;2,231;0;0;0;0;0;6;11.32;6;6;0;0;0;0;2;3.77;2;0;1;0;1;0;0;0;0;6;0;0;1;1;0;0;0;0;0;1;1.88;1;0;0;2;3.77;2;00:11;00:22;00:11;0;0;0;0;0;0;222;12;0;0;0;0;0;0;3 minutes;0;4;7.54;4;4;7.54;0;5%;5%;100%
vincento11-2998;2533;4;8.55;0;6%;11;8;8;0.02;6,801;14,539.19;3,594;3,389;3;6.41;0;0;0;13;27.79;8;8;4.33;0;0;0;1;2.13;1;0;0;0;0;0;0;0;0;8;0;0;1;0;1;0;0;0;0;4;8.55;3;0;0;5;10.68;3;00:18;00:39;00:11;0;0;0;0;0;0;442;158;0;0;0;0;0;0;6 minutes;0;3;6.41;2;10;21.37;0;35%;30%;69%
virr-2230;64;51;28.08;2;9%;51;22;22;0;29,405;16,195.32;12,578;8,128;9;4.95;0;0;0;80;44.06;34;19;8.88;0;0;0;36;19.82;18;0;2;0;2;0;0;0;0;0;0.24;0;8;1;5;2;0;0;0;19;10.46;7;3;5;25;13.76;14;00:39;00:21;00:20;0;0;0;0;0;0;0;0;10;5.5;6;0;0;0;22 minutes;05:48;49;26.98;22;55;30.29;0;31%;0;97%
watt-1213;80;3;5.62;0;7%;14;7;7;0;8,208;15,380.64;3,543;3,543;6;11.24;0;0;0;11;20.61;5;5;1.83;0;0;0;8;14.99;4;0;1;0;0;0;0;0;0;5;0;0;1;1;0;0;0;0;0;1;1.87;1;0;0;6;11.24;3;00:32;01:00;00:26;0;0;0;0;0;0;0;0;4;7.49;3;0;0;0;7 minutes;00:12;7;13.11;4;8;14.99;0;51%;0;33%
weaselele-2442;4679;11;23.07;0;3%;3;3;3;0.01;3,692;7,744.72;3,672;3,236;3;6.29;0;0;0;9;18.88;8;7;3;0;0;0;4;8.39;3;0;0;0;0;0;0;0;0;7;0;0;2;0;0;1;0;0;0;0;0;0;0;0;2;4.19;2;0;0;0;0;0;0;0;0;0;284;85;1;2.09;1;0;0;0;4 minutes;0;2;4.19;2;8;16.78;0;29%;0;0
Wertum-2409;0;1;1.89;0;0;0;0;0;0;2,416;4,577.92;1,497;834;4;7.57;0;0;0;2;3.78;2;1;0.5;0;0;0;1;1.89;1;1;1;0;0;0;0;0;0;1;0;0;2;1;1;0;0;0;0;0;0;0;0;0;0;0;0;00:01;00:02;00:01;0;0;0;0;0;0;132;31;1;1.89;1;0;0;0;4 minutes;0;2;3.78;2;0;0;0;23%;21%;0
WhitEshIB-2457;3000;69;9.97;1;7%;116;14;14;0.02;73,235;10,589.45;7,353;3,841;54;7.8;0;0;0;137;19.8;14;9;2.53;0;0;0;55;7.95;7;4;7;1;2;0;0;0;0;9;0;0;17;7;7;3;0;0;0;29;4.19;5;4;3;45;6.5;10;01:42;00:14;00:34;0;0;0;0;0;0;3,834;1,465;15;2.16;3;0;0;0;1 hour;03:30;65;9.39;7;107;15.47;0;38%;58%;23%
Wibang-1978;3059;69;24.97;1;7%;72;27;27;0.05;30,283;10,960.1;11,920;10,463;3;1.08;0;0;0;61;22.07;18;17;20.33;0;1;0;20;7.23;7;0;3;1;2;0;0;0;0;17;0;0;8;3;3;2;0;0;0;13;4.7;4;0;0;20;7.23;12;00:36;00:13;00:32;0;0;0;0;0;0;2,980;920;7;2.53;3;0;0;0;22 minutes;07:18;32;11.58;13;42;15.2;0;30%;24%;80%
willeat4food-1488;2384;12;22.15;0;8%;11;11;6;0.03;5,139;9,486.86;5,139;4,286;2;3.69;0;0;0;18;33.23;18;15;9;0;0;0;11;20.3;11;1;1;0;0;0;0;0;0;15;0;0;2;0;2;0;0;0;0;5;9.23;5;4;1;5;9.23;5;00:13;00:24;00:13;0;0;0;0;0;0;386;125;3;5.53;3;0;0;0;5 minutes;03:19;5;9.23;5;14;25.84;0;32%;32%;0
Woundwort-2655;2529;16;21.31;1;4%;10;5;5;0.02;10,978;14,622.71;6,424;6,424;2;2.66;0;0;0;22;29.3;13;13;11;0;0;0;12;15.98;7;0;1;0;0;0;0;0;0;13;0;0;3;0;1;1;0;0;0;4;5.32;4;0;0;9;11.98;6;00:11;00:15;00:09;0;0;0;0;0;0;581;245;6;7.99;4;0;0;0;7 minutes;01:27;15;19.97;9;13;17.31;0;42%;44%;43%
Xenbek-2361;68;182;21.38;5;9%;165;20;20;0.02;93,388;10,971.98;9,186;6,117;57;6.69;0;0;0;229;26.9;31;18;4.01;0;0;0;97;11.39;13;4;9;0;5;0;0;0;0;18;0;0;27;7;11;10;0;0;0;38;4.46;7;3;2;86;10.1;15;02:43;00:19;00:21;0;0;0;0;0;0;5,631;1,667;29;3.4;5;0;0;0;1 hour;16:14;120;14.09;22;159;18.68;2;29%;60%;58%
XEWER-2105;4051;2;13.78;0;0;0;0;0;0;2,352;16,205.54;2,352;2,352;1;6.89;0;0;0;1;6.89;1;1;1;0;0;0;1;6.89;1;0;0;0;0;0;0;0;0;1;0;0;0;0;0;0;0;0;0;1;6.89;1;0;0;1;6.89;1;00:02;00:15;00:02;0;0;0;0;0;0;128;58;1;6.89;1;0;0;0;1 minute;0;1;6.89;1;0;0;0;45%;0;0
xhiroz-2390;4155;3;10.26;0;9%;5;3;3;0.03;3,447;11,793.86;2,179;2,179;2;6.84;0;0;0;4;13.68;2;2;2;0;0;0;2;6.84;1;0;0;0;0;0;0;0;0;2;0;0;1;0;1;0;0;0;0;1;3.42;1;0;0;2;6.84;1;00:05;00:17;00:03;0;0;0;0;0;0;154;54;1;3.42;1;0;0;0;2 minutes;0;2;6.84;1;4;13.68;0;35%;44%;0
Xypher-21165;3564;0;0;0;16%;2;2;1;0.01;1,900;6,664.74;1,900;962;3;10.52;0;0;0;2;7.01;2;1;0.66;0;0;0;0;0;0;0;0;0;0;0;0;0;0;1;0;0;1;1;0;0;0;0;0;1;3.5;1;0;0;1;3.5;1;0;0;0;0;0;0;0;0;0;38;12;0;0;0;0;0;0;1 minute;0;0;0;0;1;3.5;0;31%;0;0
Y19251658-2148;4191;58;24.54;1;8%;66;24;12;0.05;37,067;15,689.62;14,079;7,334;13;5.5;0;0;0;32;13.54;13;7;2.46;0;0;0;17;7.19;7;1;2;0;1;0;0;0;0;7;0;0;7;4;2;1;0;0;0;10;4.23;5;3;1;9;3.8;8;00:07;00:03;00:05;0;0;0;0;0;0;1,552;748;4;1.69;3;0;0;0;19 minutes;02:42;23;9.73;10;23;9.73;2;48%;0;61%
YATIAYASE-1475;76;181;23.51;1;5%;105;12;8;0;91,759;11,923;9,869;4,961;72;9.35;0;0;0;202;26.24;19;13;2.8;0;1;0;57;7.4;5;0;8;0;4;0;0;0;0;13;0;0;22;7;7;9;0;0;0;30;3.89;5;3;4;102;13.25;12;02:57;00:23;00:21;0;0;0;0;0;0;0;0;13;1.68;2;0;0;0;1 hour;02:43;91;11.82;11;161;20.92;0;27%;0;56%
YoloNerd-2450;2428;27;10.08;1;3%;21;6;6;0.01;37,997;14,191.08;7,595;5,139;22;8.21;0;0;0;60;22.4;16;11;2.72;0;0;0;22;8.21;8;1;3;0;1;0;0;0;0;11;0;0;6;1;2;3;0;0;0;6;2.24;2;0;0;26;9.71;10;02:40;00:59;01:54;0;0;0;0;0;0;1,424;534;5;1.86;1;0;0;0;30 minutes;03:16;29;10.83;9;43;16.05;0;37%;40%;51%
yyzzid-2393;4177;0;0;0;0;0;0;0;0;157;1,838.16;157;84;1;11.7;0;0;0;2;23.41;2;2;2;0;1;0;0;0;0;0;0;0;0;0;0;0;0;2;0;0;0;0;0;0;0;0;0;0;0;0;0;0;0;0;0;0;0;0;0;0;0;0;0;0;4;0;0;0;0;0;0;0;30.228908024728298 seconds;0;0;0;0;2;23.41;0;0;0;0
ZaebushekaAA-2567;2736;0;0;0;0;0;0;0;0;2,166;9,815.05;1,280;776;3;13.59;0;0;0;4;18.12;2;2;1.33;0;0;0;3;13.59;2;0;0;0;0;0;0;0;0;2;0;0;0;0;0;0;0;0;0;0;0;0;0;0;0;0;0;00:04;00:20;00:04;0;0;0;0;0;0;204;37;0;0;0;0;0;0;3 minutes;0;2;9.06;2;3;13.59;0;18%;22%;0
zappis-21285;4656;1;14.04;0;13%;7;7;6;0.1;1,049;14,727.03;1,049;724;2;28.08;0;0;0;1;14.04;1;1;0.5;0;0;0;0;0;0;0;0;0;0;0;0;0;0;1;0;0;0;0;0;0;0;0;0;0;0;0;0;0;0;0;0;0;0;0;0;0;0;0;0;0;102;53;0;0;0;0;0;0;1 minute;0;1;14.04;1;1;14.04;0;51%;0;100%
Zatanna-11384;65;22;26.36;0;4%;14;6;6;0;12,908;15,469.75;5,350;4,481;11;13.18;0;0;0;20;23.96;12;9;1.81;0;0;0;8;9.58;5;0;1;0;0;0;0;0;0;9;0;0;2;0;0;1;0;0;0;1;1.19;1;3;1;12;14.38;8;00:41;00:50;00:25;0;0;0;0;0;0;0;0;0;0;0;0;0;0;14 minutes;00:05;12;14.38;8;12;14.38;0;30%;0;49%
ZergFourbe-2414;3720;33;29.51;0;2%;9;5;4;0.01;19,600;17,529.52;6,847;4,694;15;13.41;0;0;0;20;17.88;11;5;1.33;0;0;0;8;7.15;5;1;1;0;0;0;0;0;0;5;0;0;2;1;1;1;0;0;0;2;1.78;1;0;0;6;5.36;3;00:08;00:07;00:04;0;0;0;0;0;0;989;408;1;0.89;1;0;0;0;14 minutes;0;14;12.52;7;14;12.52;0;41%;57%;0
ZFPuhi-2680;2178;7;20.79;0;5%;6;6;3;0.03;4,015;11,928.6;4,015;2,030;3;8.91;0;0;0;4;11.88;4;2;1.33;0;0;0;3;8.91;3;0;0;0;0;0;0;0;0;2;0;0;1;0;1;0;0;0;0;1;2.97;1;0;0;2;5.94;2;00:07;00:21;00:07;0;0;0;0;0;0;327;118;0;0;0;0;0;0;3 minutes;0;2;5.94;2;4;11.88;0;36%;36%;0
Zudung-2647;3546;7;16.3;0;14%;9;9;3;0.02;4,484;10,442.74;4,414;1,188;9;20.96;0;0;0;7;16.3;7;3;0.77;0;0;0;3;6.98;3;0;0;0;0;0;0;0;0;3;0;0;1;0;0;0;0;0;0;1;2.32;1;0;0;2;4.65;2;00:06;00:15;00:06;0;0;0;0;0;0;155;61;0;0;0;0;0;0;5 minutes;0;4;9.31;4;5;11.64;0;39%;41%;0
