Adam-1251;4239;26;0;296,487;5,220.72;9,295;3,192;478;8.41;846;15;35;825;14.52;28;12;1.72;0;0;0;0;0;0;464;8;1;5;0;181;3.18;9;18;57;4;35;559,858;9,858.32;22,199;6,225;12;0;77;15;32;30;6;0.1;2;4;8;577;10;24;478;8;15;339;5.96;14;58:27;01:01;03:57;931;16;32;68%;100%;1,916;2,804;0;0;0;26,646;3,209;12;0.21;2;0;13 hours;37:02;0;1;1;13,228;20,559;12%;25%;61%
Adameve-11380;3410;11;0;312,759;3,532.45;7,512;1,983;799;9.02;1,139;13;27;1,015;11.46;25;10;1.27;0;0;0;0;0;0;571;6;1;3;0;218;2.46;7;43;89;5;41;715,395;8,080.03;18,809;4,943;10;0;125;23;31;71;0;0;0;3;4;589;7;21;507;6;12;405;4.57;13;01:24:57;00:57;03:14;936;11;28;68%;100%;5,097;7,469;0;0;0;36,434;3,597;22;0.24;2;0;19 hours;15:51;4;1;1;13,212;20,988;9%;100%;46%
Akimoto-3310;3063;4;0;95,996;6,055.82;10,321;3,032;143;9.02;263;17;29;244;15.39;25;10;1.7;0;0;0;0;0;0;147;9;1;5;0;52;3.28;6;7;16;0;8;126,987;8,010.88;13,143;3,351;10;0;20;4;4;12;3;0.18;1;0;0;135;9;23;101;6;10;84;5.29;11;15:51;01:00;02:16;225;14;29;59%;100%;363;608;0;0;0;7,266;1,067;7;0.44;1;0;3 hours;12:14;0;1;1;3,466;5,948;14%;29%;51%
AnalNoob-1185;2462;2;0;61,818;3,404.44;4,917;2,492;161;8.86;266;15;27;183;10.07;22;13;1.13;0;0;0;0;0;0;118;6;10;0;0;42;2.31;5;9;18;1;8;204,619;11,269;16,659;4,191;13;0;34;8;12;14;0;0;0;0;0;106;6;15;97;5;8;95;5.23;15;30:29;01:40;04:01;203;11;23;64%;100%;134;207;10,708;0.73;1,106;8,392;664;2;0.11;1;0;4 hours;08:42;0;1;1;4,900;7,881;7%;14%;41%
Angelbuster-3254;0;0;0;594;846.29;594;449;1;1.42;9;13;9;6;8.54;6;3;6;0;0;0;0;0;0;1;1;1;0;0;1;1.42;1;0;1;0;1;3,468;4,937.02;3,468;2,937;3;0;1;0;1;1;0;0;0;0;0;2;3;2;3;4;3;4;5.69;4;00:06;00:08;00:06;4;6;4;59%;59%;16;27;0;0;0;171;6;0;0;0;0;4 minutes;0;0;1;1;75;114;3%;3%;100%
applejuice69-11392;0;3;0;75,643;6,646.04;8,388;3,849;89;7.81;160;14;29;209;18.36;27;12;2.34;0;0;0;0;0;0;84;7;1;1;0;75;6.58;12;4;11;0;7;93,392;8,205.43;15,775;3,850;12;0;21;6;5;9;6;0.52;2;3;1;116;10;17;86;8;10;71;6.23;12;09:28;00:49;01:38;171;15;24;69%;90%;1,133;1,623;0;0;0;5,344;890;12;1.05;2;0;2 hours;15:44;6;1;1;1,474;2,011;16%;26%;64%
arbiterlin-1178;2685;1;0;1,583;3,443.2;1,583;760;3;6.52;15;33;15;10;21.75;10;5;3.33;0;0;0;0;0;0;4;9;1;0;0;2;4.35;2;0;0;0;0;3,984;8,666.93;3,984;2,241;5;0;1;0;0;1;0;0;0;0;0;2;4;2;3;7;3;1;2.17;1;00:05;00:12;00:05;5;11;5;65%;65%;19;29;0;0;0;177;14;2;4.35;2;0;6 minutes;0;0;1;1;76;116;7%;7%;100%
aRie-11198;2992;0;0;55,405;4,990.16;6,333;3,074;86;7.74;129;12;15;147;13.23;21;13;1.7;0;0;0;0;0;0;92;8;1;0;0;42;3.78;8;5;11;0;6;78,577;7,077.18;7,553;3,772;13;0;24;10;3;11;3;0.27;1;3;2;68;6;11;65;6;6;64;5.76;11;12:04;01:05;01:25;107;10;13;58%;100%;387;657;0;0;0;4,193;650;10;0.9;3;1;2 hours;11:53;3;1;1;1,729;2,814;15%;24%;51%
Artificial-11535;2856;5;0;164,230;3,932.46;6,986;2,990;387;9.26;569;14;28;449;10.75;22;7;1.16;0;0;0;0;0;0;233;6;1;8;0;132;3.16;8;20;42;2;20;422;10;422;6,549;7;0;64;19;18;27;4;0.09;1;3;1;291;7;17;271;6;13;182;4.35;10;40:35;00:58;02:07;467;11;23;69%;100%;1,284;1,841;0;0;0;18,511;1,865;19;0.45;3;0;9 hours;19:33;6;1;1;9,757;14,557;10%;17%;49%
BabyYukiko-6692;3461;0;0;6,006;4,489.57;4,706;1,537;8;5.97;14;10;13;14;10.46;11;6;1.75;0;0;0;0;0;0;7;5;5;0;0;2;1.49;2;0;1;0;1;10,014;7,485;6,767;2,313;6;0;3;1;1;0;0;0;0;0;0;3;2;3;4;3;4;5;3.73;5;00:25;00:18;00:22;8;6;7;83%;87%;60;72;824;0.92;455;555;62;0;0;0;0;14 minutes;0;0;1;1;239;407;11%;16%;69%
Badger-1688;3050;0;0;48,107;5,942.62;10,710;2,713;61;7.53;93;11;21;116;14.32;29;10;1.9;0;0;0;0;0;0;86;11;18;1;0;36;4.44;11;5;8;0;3;58,824;7,266;9,537;4,708;10;0;10;3;3;4;1;0.12;1;0;0;33;4;10;37;5;6;38;4.69;9;06:09;00:45;01:18;75;9;14;61%;71%;712;1,150;6,401;1.05;1,223;3,785;540;2;0.24;1;0;1 hour;05:33;0;1;1;855;1,448;14%;25%;36%
baio-11451;3581;2;0;12,413;4,069.9;6,144;2,641;22;7.21;41;13;13;23;7.54;11;4;1.04;0;0;0;0;0;0;14;5;6;0;0;5;1.63;3;2;3;0;1;40,139;13,160;12,376;6,785;4;0;5;0;3;2;0;0;0;0;0;17;6;10;13;4;6;10;3.27;6;04:49;01:34;02:25;27;9;11;79%;84%;301;378;2,016;0.93;678;1,489;145;1;0.32;1;0;35 minutes;01:18;0;1;1;540;720;9%;12%;45%
Bamos-11989;2551;0;0;221;4,698.48;221;221;0;0;0;0;0;0;0;0;0;0;0;0;0;0;0;0;0;0;0;0;0;0;0;0;0;0;0;0;347;7,386;347;347;0;0;0;0;0;0;0;0;0;0;0;0;0;0;0;0;0;0;0;0;0;0;0;0;0;0;0;0;0;3;57;1.66;57;16;3;0;0;0;0;34.13108398858458 seconds;0;0;1;1;6;10;18%;18%;0
BioHack-11119;1988;0;0;21,111;5,754.79;7,775;1,401;42;11.44;41;11;16;61;16.62;26;8;1.45;0;0;0;0;0;0;34;9;1;2;0;29;7.9;11;2;4;1;1;28,404;7,742.66;8,138;2,668;8;0;5;1;2;2;4;1.09;2;3;1;25;7;7;24;7;8;14;3.81;8;02:59;00:48;01:21;40;11;14;45%;55%;25;55;0;0;0;1,761;255;6;1.63;3;1;48 minutes;06:20;1;0;1;787;1,627;14%;18%;26%
BluStar-2121;57;8;0;282,240;3,780.34;7,635;2,273;720;9.64;358;5;12;692;9.26;20;7;0.96;0;0;0;0;0;0;425;6;1;15;0;186;2.49;7;0;75;0;35;608,297;8,147.56;14,431;4,086;7;0;121;25;35;61;5;0.06;1;0;0;468;6;14;521;7;12;319;4.27;12;01:36:28;01:17;02:49;463;6;14;65%;91%;0;0;0;0;0;0;0;24;0.32;3;0;16 hours;01:49:15;0;1;1;0;0;9%;0;46%
Bobosa-3106;0;5;0;200,026;5,186.68;10,649;2,411;415;10.76;571;15;26;539;13.97;22;9;1.29;0;0;0;0;0;0;397;10;1;8;0;123;3.18;7;21;39;2;15;313,156;8,120.12;13,496;8,293;9;0;69;24;7;38;2;0.05;1;4;2;287;7;18;264;7;10;160;4.14;10;36:34;00:56;02:34;544;14;26;60%;100%;841;1,381;0;0;0;14,475;2,102;23;0.59;2;0;8 hours;30:41;4;1;1;7,642;11,448;14%;29%;39%
BriBrii-2647;1225;0;0;6,494;5,742.04;3,128;1,041;15;13.26;4;4;2;9;7.95;4;4;0.6;0;0;0;0;0;0;7;6;1;0;0;2;1.76;1;1;1;0;0;1,946;1,720.54;1,108;701;4;0;2;0;0;2;0;0;0;0;0;1;1;1;4;4;2;1;0.88;1;00:39;00:34;00:33;4;4;2;42%;57%;50;118;0;0;0;473;81;0;0;0;0;15 minutes;0;1;0;0;76;233;17%;18%;0
buff4eyes-1647;45;0;0;4,212;11,362.05;2,048;1,355;8;21.57;1;3;1;4;10.78;4;3;0.5;0;0;0;0;0;0;4;11;1;0;0;1;2.69;1;0;0;0;0;2,216;5,976.82;1,151;677;3;0;1;0;1;0;0;0;0;0;0;4;11;4;3;8;0;2;5.39;2;01:09;03:06;00:45;4;11;4;75%;0;0;0;0;0;0;0;0;0;0;0;0;7 minutes;0;0;1;0;0;0;26%;0;54%
BUR1X-2303;4034;4;0;49,466;3,454.46;4,063;2,415;80;5.58;179;13;20;178;12.43;19;8;2.22;0;0;0;0;0;0;69;5;1;0;0;56;3.91;9;3;14;0;12;95,870;6,695.13;8,487;3,627;8;0;26;5;11;9;3;0.2;1;3;1;101;7;13;83;6;6;73;5.09;10;18:25;01:17;02:11;152;11;17;68%;100%;525;764;0;0;0;5,230;607;10;0.69;2;1;2 hours;10:39;4;1;1;2,218;3,619;11%;15%;81%
burii-11667;0;0;0;7,630;4,714;3,596;914;20;12.35;35;22;23;22;13.59;16;7;1.1;0;0;0;0;0;0;9;6;6;0;0;4;2.47;3;1;2;0;0;5,888;3,638;5,888;1,481;7;0;4;2;1;1;0;0;0;3;1;8;5;7;5;3;3;10;6.17;9;01:44;01:04;01:36;18;11;15;71%;84%;119;166;200;0.15;200;832;87;0;0;0;0;21 minutes;01:11;0;1;1;331;495;10%;21%;9%
cacaron-1244;3164;1;0;12,237;8,205.38;9,758;1,894;14;9.38;34;23;30;27;18.1;23;5;1.92;0;0;0;0;0;0;16;11;14;0;0;6;4.02;3;0;1;0;1;16,554;11,100;10,899;3,620;5;0;1;0;1;0;0;0;0;0;0;12;8;12;10;7;7;5;3.35;5;00:52;00:35;00:45;27;18;25;56%;64%;37;65;1,829;1.29;1,344;758;146;1;0.67;1;0;23 minutes;0;0;1;1;411;618;19%;22%;67%
CajunBuu-1638;3821;3;0;54,194;7,306.5;10,765;4,134;62;8.35;155;21;35;116;15.63;30;8;1.87;0;0;0;0;0;0;84;11;23;4;0;21;2.83;7;2;7;1;4;115,830;15,616;27,275;9,000;8;0;13;4;8;1;1;0.13;1;0;0;50;7;9;40;5;10;51;6.87;10;11:26;01:32;02:12;102;14;23;57%;100%;51;88;5,250;0.77;1,210;4,329;662;0;0;0;0;1 hour;13:22;0;1;1;2,988;4,113;15%;18%;53%
Calvin-1337;4187;0;0;34,999;7,419.77;10,700;3,267;38;8.05;75;16;19;91;19.29;33;12;2.39;0;0;0;0;0;0;47;10;1;1;0;18;3.81;10;2;5;0;3;39,474;8,368.68;13,394;4,548;12;0;9;2;5;3;0;0;0;0;0;36;8;9;31;7;10;46;9.75;15;03:42;00:47;01:31;67;14;20;73%;100%;552;752;0;0;0;2,689;397;0;0;0;0;1 hour;08:43;0;1;1;795;1,152;14%;17%;66%
Camou-1349;3855;1;0;22,619;6,135.04;6,799;2,579;7;1.89;53;14;19;71;19.25;19;9;10.14;0;0;0;0;0;0;25;7;1;0;0;17;4.61;5;0;4;0;4;16,263;4,410.9;5,247;2,761;9;0;7;3;1;3;0;0;0;5;1;29;8;12;19;5;5;19;5.15;6;03:25;00:55;01:06;57;15;21;61%;84%;88;143;0;0;0;1,249;258;0;0;0;0;34 minutes;05:16;1;1;1;538;944;20%;27%;100%
CaptainEVS-1315;80;0;0;2,226;4,239.34;1,737;1,020;2;3.8;1;2;1;6;11.42;4;3;3;0;0;0;0;0;0;3;6;1;0;0;4;7.61;3;0;1;0;1;4,903;9,337.56;4,429;2,301;3;0;1;1;1;0;1;1.9;1;0;0;3;6;3;3;6;3;3;5.71;2;01:38;03:06;01:18;4;8;4;53%;80%;0;0;0;0;0;0;0;0;0;0;0;6 minutes;00:17;0;1;1;0;0;11%;0;100%
CERT-3809;2539;3;0;53,991;4,730.3;6,975;2,609;79;6.92;180;16;33;176;15.41;29;9;2.22;0;0;0;0;0;0;86;8;1;0;0;40;3.5;8;3;11;3;6;102,839;9,009.92;13,133;5,180;9;0;22;8;8;6;5;0.43;2;0;0;65;6;10;66;6;8;82;7.18;15;11:28;01:00;01:51;130;11;17;66%;100%;494;746;0;0;0;5,794;588;4;0.35;1;0;2 hours;06:02;2;1;1;2,488;4,236;10%;18%;53%
Circe-1107;3150;0;0;3,307;10,627.72;3,307;2,369;2;6.42;3;10;3;9;28.92;9;6;4.5;0;0;0;0;0;0;4;13;1;0;0;2;6.42;2;0;0;0;0;2,288;7,351.91;2,288;1,919;6;0;1;1;0;0;1;3.21;1;0;0;1;3;1;3;10;3;3;9.64;3;00:01;00:04;00:01;6;19;6;100%;100%;1;1;0;0;0;157;41;0;0;0;0;3 minutes;01:57;0;1;1;81;152;26%;26%;100%
clockwise-11369;3706;0;0;4,436;3,065.98;2,219;1,492;9;6.22;2;1;2;10;6.91;6;5;1.11;0;0;0;0;0;0;5;3;1;0;0;5;3.45;3;1;1;0;0;8,209;5,674.34;6,820;3,363;5;0;4;0;2;1;0;0;0;0;0;4;3;3;5;3;3;3;2.07;2;00:27;00:18;00:23;6;4;5;78%;85%;108;137;0;0;0;440;57;1;0.69;1;0;11 minutes;0;0;1;1;112;161;12%;21%;0
CoffeeJelly-11718;0;0;0;6,715;10,484.26;6,715;1,869;5;7.8;12;19;12;13;20.29;13;6;2.6;0;0;0;0;0;0;10;16;10;0;0;1;1.56;1;1;1;0;0;8,497;13,265;8,497;2,455;6;0;1;1;1;0;0;0;0;0;0;4;6;4;3;5;3;8;12.48;8;01:07;01:45;01:07;11;17;11;66%;66%;62;93;312;0.49;312;408;70;0;0;0;0;10 minutes;00:50;0;1;1;151;219;17%;0;0
Cohias-1934;3115;0;0;925;4,063.02;605;527;5;21.96;2;9;2;2;8.78;2;2;0.4;0;0;0;0;0;0;0;0;0;0;0;0;0;0;0;0;0;0;2,006;8,810.45;1,068;838;2;0;1;0;0;0;0;0;0;0;0;1;4;1;1;4;1;2;8.78;2;00:23;01:41;00:23;1;4;1;60%;87%;14;23;0;0;0;89;11;0;0;0;0;3 minutes;00:16;0;1;1;33;42;12%;0;76%
CRA2YDOG-3822;2743;6;0;141,114;5,456.66;9,848;3,188;218;8.42;256;10;29;315;12.18;28;8;1.44;0;0;0;0;0;0;172;7;1;5;0;83;3.2;8;12;26;0;14;168,883;6,530.43;14,133;4,942;8;0;54;18;12;24;2;0.07;1;3;1;146;6;11;168;6;15;160;6.18;15;32:01;01:14;02:35;273;11;29;61%;91%;889;1,445;0;0;0;9,454;1,574;7;0.27;1;0;5 hours;21:42;8;1;1;3,948;6,395;16%;32%;55%
Crazdog-3857;2820;0;0;8,443;4,307.79;4,214;1,604;18;9.18;11;6;5;13;6.63;7;4;0.72;0;0;0;0;0;0;9;5;1;0;0;4;2.04;2;2;2;0;0;12,738;6,499.31;5,553;2,461;4;0;2;0;1;1;0;0;0;0;0;7;4;5;10;5;5;7;3.57;6;00:35;00:18;00:32;13;7;9;64%;68%;173;268;0;0;0;799;95;0;0;0;0;23 minutes;0;0;1;1;151;253;11%;14%;0
Crowner-31484;4074;10;0;77,321;4,347.75;7,806;3,261;51;2.86;249;14;20;296;16.64;34;14;5.8;0;0;0;0;0;0;111;6;12;1;0;84;4.72;14;1;18;0;17;125,823;7,075;16,461;6,162;14;0;44;6;19;20;2;0.11;1;0;0;63;4;9;70;4;7;120;6.74;17;18:10;01:01;03:12;203;11;23;67%;90%;1,126;1,660;5,510;0.57;585;6,791;789;11;0.61;3;0;2 hours;31:46;0;1;1;2,264;3,401;11%;16%;95%
CtrlAltL337-1674;58;0;0;6,097;4,733.69;1,415;798;22;17.08;6;5;4;5;3.88;1;1;0.22;0;0;0;0;0;0;9;7;1;0;0;2;1.55;1;0;1;0;1;8,368;6,496.89;3,615;1,573;1;0.33;3;1;1;1;0;0;0;0;0;7;5;3;8;6;3;2;1.55;1;01:35;01:14;00:54;9;7;4;61%;75%;0;0;0;0;0;0;0;0;0;0;0;21 minutes;00:05;0;1;1;0;0;9%;0;71%
Dark-15913;3265;0;0;9,108;2,397.42;2,503;1,345;29;7.63;33;9;13;26;6.84;12;9;0.89;0;0;0;0;0;0;27;7;1;2;0;8;2.1;5;3;4;0;1;36,516;9,611.88;10,254;4,953;9;0;9;3;1;5;0;0;0;0;0;14;4;6;21;6;7;16;4.21;8;03:05;00:48;01:18;22;6;10;75%;87%;193;256;0;0;0;1,432;104;1;0.26;1;0;43 minutes;02:45;5;1;1;646;899;7%;8%;14%
Darkaz-6141;3705;1;0;21,658;4,762.85;4,992;1,261;42;9.23;69;15;24;78;17.15;22;8;1.85;0;0;0;0;0;0;29;6;1;0;0;21;4.61;7;2;5;1;2;40,897;8,993.7;12,972;3,882;8;0;10;2;3;4;0;0;0;4;1;35;8;11;33;7;10;31;6.81;10;04:20;00:57;01:19;72;16;21;67%;88%;167;248;0;0;0;1,773;243;0;0;0;0;1 hour;08:19;0;1;1;838;1,244;13%;15%;41%
DeerFanning-1832;3281;6;0;58,349;5,304.41;9,382;2,424;63;5.72;144;13;25;132;11.99;24;10;2.09;0;0;0;0;0;0;78;7;12;2;0;30;2.72;6;5;11;0;6;95,293;8,663;15,051;4,868;10;0;17;4;9;4;1;0.09;1;0;0;61;6;9;57;5;9;51;4.63;11;09:37;00:52;01:52;112;10;21;71%;100%;244;341;6,577;0.94;1,276;4,258;644;3;0.27;2;0;1 hour;10:57;0;1;1;2,441;3,519;15%;21%;54%
delave-1113;4000;0;0;24,292;4,889.59;5,751;1,624;55;11.07;92;19;25;75;15.09;17;7;1.36;0;0;0;0;0;0;60;12;15;0;0;19;3.82;5;2;5;1;2;42,993;8,654;9,057;2,618;7;0;6;2;0;4;1;0.2;1;0;0;26;5;8;27;5;6;37;7.44;13;06:41;01:20;02:07;56;11;16;72%;80%;381;522;2,988;0.63;818;2,126;273;3;0.6;3;0;1 hour;03:13;0;1;1;665;1,055;12%;23%;31%
DERPGUYZ-1495;2481;1;0;46,299;4,855.4;6,664;1,895;80;8.38;82;9;20;122;12.79;20;7;1.52;0;0;0;0;0;0;66;7;1;2;0;43;4.5;8;6;10;0;3;46,401;4,866.11;6,769;2,955;7;0;24;8;7;9;3;0.31;1;3;1;44;5;11;52;5;9;60;6.29;11;16:03;01:41;03:40;83;9;18;49%;100%;90;182;0;0;0;2,963;545;8;0.83;3;0;1 hour;14:09;1;0;1;1,253;2,546;18%;28%;32%
DerpHead-3508;2487;2;0;91,507;4,422.19;8,178;2,081;174;8.4;246;12;23;230;11.11;21;9;1.32;0;0;0;0;0;0;130;6;1;3;0;65;3.14;5;9;21;0;12;164,296;7,939.8;13,085;4,707;9;0;28;8;3;18;4;0.19;1;0;0;123;6;15;165;8;13;96;4.63;10;18:34;00:53;01:58;223;11;27;61%;72%;960;1,559;0;0;0;8,077;1,048;14;0.67;3;1;4 hours;12:19;12;1;1;2,779;4,793;12%;22%;57%
Deso-11717;2903;1;0;40,710;4,148.8;5,545;1,925;81;8.25;158;16;30;132;13.45;24;10;1.62;0;0;0;0;0;0;92;9;17;2;0;42;4.28;7;5;10;1;4;91,564;9,331;15,503;5,224;10;0;18;6;2;10;6;0.61;2;3;2;54;6;12;54;6;8;59;6.01;13;11:21;01:09;02:25;96;10;17;68%;88%;641;938;6,540;0.77;1,249;4,095;464;2;0.2;1;0;2 hours;08:01;0;1;1;1,460;2,165;11%;27%;45%
Dest-1774;0;1;0;2,033;2,168.52;1,056;1,056;2;2.13;11;12;6;3;3.2;3;2;1.5;0;0;0;0;0;0;3;3;3;0;0;1;1.06;1;0;1;0;1;5,858;6,250;4,709;4,109;2;0;2;0;1;0;0;0;0;0;0;2;2;2;2;2;2;2;2.13;2;00:37;00:39;00:22;4;4;4;63%;66%;24;38;358;0.93;258;219;19;0;0;0;0;6 minutes;0;0;1;1;93;141;8%;0;100%
DevjlCloudVN-1911;3102;1;0;32,330;5,239.72;9,808;3,138;71;11.5;57;9;16;47;7.61;15;6;0.66;0;0;0;0;0;0;27;4;6;0;0;14;2.26;5;4;6;0;2;60,407;9,790;13,264;3,438;6;0;11;2;2;7;0;0;0;0;0;17;3;6;31;5;9;18;2.91;9;07:36;01:13;02:50;31;5;10;64%;100%;338;526;3,713;0.73;1,095;3,085;427;0;0;0;0;1 hour;00:22;2;1;1;1,290;2,002;13%;24%;27%
doGsInaT-1838;3173;1;0;28,309;5,256.11;9,183;1,999;46;8.54;90;17;25;79;14.66;18;9;1.71;0;0;0;0;0;0;53;10;6;1;0;11;2.04;4;3;5;0;2;7,204;1,338;7,204;4,508;9;0;10;3;2;5;0;0;0;0;0;47;9;13;35;6;8;36;6.68;13;06:59;01:17;02:50;74;14;18;60%;83%;249;409;26;0;26;2,553;281;2;0.37;2;0;1 hour;10:42;0;1;1;1,078;1,700;11%;16%;36%
Doubted-11183;3492;0;0;3,451;3,838.23;1,701;1,701;1;1.11;7;8;4;10;11.12;5;5;10;0;0;0;0;0;0;6;7;1;0;0;3;3.33;3;0;1;0;1;5,603;6,232.22;2,579;2,579;5;0;2;1;0;1;2;2.22;1;0;0;4;4;3;5;6;3;6;6.67;4;00:35;00:39;00:32;6;7;4;70%;75%;66;93;0;0;0;322;43;1;1.11;1;0;7 minutes;00:02;0;1;1;91;131;13%;20%;89%
drop-11251;3211;13;0;103,938;4,103.76;8,340;2,721;230;9.08;405;16;35;318;12.55;28;8;1.38;0;0;0;0;0;0;135;5;12;2;0;76;3;7;11;25;0;14;302,327;11,937;19,788;6,110;8;0;46;9;14;23;1;0.03;1;0;0;134;5;12;130;5;9;152;6;17;42:15;01:40;04:33;270;11;23;74%;91%;1,143;1,533;14,306;0.7;1,417;11,953;1,261;1;0.03;1;0;5 hours;23:42;1;1;1;6,134;8,757;10%;17%;55%
Edude13-1114;2202;0;0;4,663;3,672.91;2,442;1,157;11;8.66;11;9;9;8;6.3;6;3;0.72;0;0;0;0;0;0;10;8;1;0;0;3;2.36;2;1;1;0;0;4,665;3,674.46;2,087;1,302;3;0;2;1;0;1;1;0.78;1;0;0;5;4;3;6;5;2;4;3.15;4;01:14;00:58;00:46;7;6;3;57%;65%;38;66;0;0;0;343;55;0;0;0;0;12 minutes;03:55;1;1;1;103;205;16%;26%;0
eibwen-3372;3906;1;0;29,415;9,804.86;14,736;3,437;21;6.99;41;14;26;54;17.99;23;11;2.57;0;0;0;0;0;0;24;8;14;2;0;17;5.66;8;2;3;0;1;37,491;12,497;21,069;4,103;11;0;7;1;5;1;0;0;0;0;0;8;3;5;19;6;10;21;6.99;15;01:54;00:38;01:12;21;7;12;66%;70%;457;684;3,120;1.09;1,369;2,113;340;1;0.33;1;0;47 minutes;0;0;1;1;511;726;16%;16%;33%
elic-3246;2437;0;0;1,374;3,250.03;1,374;565;2;4.73;11;26;11;12;28.39;12;7;6;0;0;0;0;0;0;2;5;1;0;0;1;2.36;1;0;0;0;0;6,484;15,341.57;6,484;3,902;7;0;2;0;0;1;0;0;0;0;0;4;9;4;4;9;4;7;16.56;7;01:40;03:58;01:40;7;17;7;57%;57%;4;7;0;0;0;208;16;0;0;0;0;6 minutes;00:32;0;1;1;128;190;7%;0;100%
eLim-6562;0;2;0;20,611;5,055.01;6,174;2,268;30;7.35;52;13;16;53;12.99;20;8;1.76;0;0;0;0;0;0;22;5;7;0;0;18;4.41;7;1;4;0;3;36,188;8,876;13,145;4,054;8;0;6;1;3;2;0;0;0;0;0;20;5;9;20;5;6;19;4.65;7;06:44;01:39;02:29;51;13;17;70%;75%;202;288;2,358;0.82;846;1,536;234;4;0.98;2;0;47 minutes;07:25;0;1;1;670;940;15%;18%;82%
Elir-11927;69;0;0;859;1,974.98;859;463;2;4.59;4;9;4;0;0;0;0;0;0;0;0;0;0;0;1;2;1;0;0;0;0;0;0;0;0;0;1,264;2,906.2;1,264;1,264;0;0;1;0;0;0;0;0;0;0;0;0;0;0;0;0;0;0;0;0;0;0;0;0;0;0;62%;62%;0;0;0;0;0;0;0;0;0;0;0;3 minutes;0;0;1;1;0;0;13%;0;0
ende-3181;2191;0;0;35,564;4,359.72;6,223;1,923;84;10.29;75;9;19;59;7.23;14;6;0.7;0;0;0;0;0;0;52;6;11;0;0;14;1.71;4;3;8;0;5;41,721;5,115;7,907;2,458;6;0;11;4;0;7;0;0;0;0;0;15;2;5;27;3;5;29;3.55;11;10:00;01:13;02:38;45;6;9;55%;100%;480;864;2,990;0.47;805;3,547;380;1;0.12;1;0;1 hour;00:04;0;1;1;914;1,792;10%;27%;58%
EnumaElish-3343;3604;2;37;2,332;7,932.02;2,332;1,109;5;17;355;18;25;3;10.2;3;1;0.6;8;27;8;8;27;8;150;7;1;2;0;3;10.2;3;0;0;1;12;615;2,093.43;615;290;1;0;1;1;0;15;1;0.04;1;3;3;177;9;13;145;7;9;1;3.4;1;00:11;00:38;00:11;1;3;1;66%;89%;1,006;1,511;0;0;0;588;281;1;3.4;1;0;3 minutes;13:43;1;1;1;4,670;7,247;47%;23%;58%
EquarTix-2371;64;1;0;33,035;6,124.19;8,518;2,564;48;8.89;15;3;6;79;14.64;23;8;1.64;0;0;0;0;0;0;48;9;1;0;0;32;5.93;9;0;5;0;3;39,016;7,233.03;11,838;2,845;8;0;8;2;2;3;3;0.55;1;3;1;34;6;9;37;7;10;33;6.11;9;07:40;01:25;02:19;28;5;8;60%;69%;0;0;0;0;0;0;0;8;1.48;3;0;1 hour;03:50;0;1;1;0;0;17%;0;55%
Eso-3710;0;0;0;18,238;6,754.24;8,845;4,501;15;5.55;23;9;9;24;8.88;13;6;1.6;0;0;0;0;0;0;14;5;8;1;0;7;2.59;5;1;3;0;2;12,093;4,479;6,078;3,668;6;0;4;2;0;2;0;0;0;0;0;12;4;9;8;3;5;8;2.96;5;01:41;00:37;00:57;19;7;12;64%;71%;145;226;995;0.62;361;996;224;2;0.74;2;0;26 minutes;0;0;1;1;334;536;22%;25%;62%
Euront-2569;2224;0;0;633;2,674.23;633;633;0;0;1;4;1;1;4.22;1;1;0;0;0;0;0;0;0;0;0;0;0;0;0;0;0;0;0;0;0;1,113;4,705.8;1,113;1,113;1;0;1;0;0;0;0;0;0;0;0;1;4;1;1;4;1;1;4.22;1;00:20;01:26;00:20;2;8;2;60%;60%;3;5;0;0;0;50;9;0;0;0;0;1 minute;0;0;1;1;23;39;18%;18%;100%
eXile1cK-1643;2867;1;0;92,860;5,060.25;7,417;3,301;210;11.44;211;11;14;248;13.51;16;8;1.18;0;0;0;0;0;0;149;8;1;2;0;86;4.68;7;8;18;2;8;137,439;7,489.55;8,455;4,023;8;0;39;16;9;13;3;0.16;2;0;0;110;6;8;105;6;7;106;5.77;9;25:32;01:23;01:54;202;11;12;62%;100%;729;1,173;0;0;0;7,269;1,059;12;0.65;4;0;4 hours;17:13;7;1;1;3,235;4,818;14%;38%;44%
fenner-1643;3668;3;0;29,489;4,632.77;5,050;2,477;50;7.85;101;16;37;92;14.45;17;10;1.84;0;0;0;0;0;0;47;7;8;1;0;25;3.92;5;4;6;0;3;81,278;12,769;18,384;8,573;10;0;11;4;3;5;1;0.15;1;0;0;31;5;8;35;5;7;38;5.96;8;08:30;01:20;01:42;65;10;12;65%;71%;164;249;2,626;0.49;894;2,824;333;1;0.15;1;0;1 hour;01:40;1;1;1;1,690;2,291;11%;28%;44%
Fl0w3R-3730;0;0;0;10,924;7,254.44;8,212;2,308;15;9.96;16;11;10;26;17.26;20;8;1.73;0;0;0;0;0;0;11;7;7;0;0;9;5.97;7;0;0;0;1;16,423;10,906;10,856;3,419;8;0;0;0;0;2;0;0;0;0;0;7;5;4;9;6;6;5;3.32;3;01:33;01:01;01:29;14;9;9;65%;79%;142;216;792;0.55;683;754;116;3;1.99;2;0;6.3620530012995005 seconds;00:20;0;1;1;240;313;15%;15%;33%
Flame-12415;2806;0;0;21,403;8,038.67;5,809;2,571;30;11.26;47;18;13;51;19.15;17;8;1.7;0;0;0;0;0;0;30;11;6;0;0;13;4.88;8;2;3;0;1;28,396;10,665;5,512;3,266;8;0;8;2;2;3;0;0;0;0;0;13;5;5;19;7;3;17;6.38;5;02:28;00:55;00:30;28;11;8;60%;75%;133;220;3,232;1.27;819;1,592;235;3;1.12;3;0;42 minutes;00:40;0;1;1;726;1,133;14%;21%;23%
FongBi-1515;2655;1;0;21,434;5,951.61;8,260;2,253;28;7.77;63;17;26;61;16.93;26;6;2.17;0;0;0;0;0;0;33;9;14;0;0;13;3.6;7;1;4;1;2;36,310;10,083;13,145;3,329;6;0;7;2;2;3;0;0;0;0;0;28;8;12;20;6;8;31;8.6;16;06:29;01:48;02:39;58;16;25;62%;66%;59;94;2,856;0.89;1,026;1,592;231;2;0.55;1;0;52 minutes;05:08;5;1;1;842;1,384;14%;15%;55%
Frostnium-1430;2424;3;0;58,284;4,009.99;5,748;2,837;125;8.6;181;12;27;141;9.7;17;8;1.12;0;0;0;0;0;0;138;9;1;1;0;26;1.78;5;7;15;0;8;108,553;7,468.54;9,121;2,884;8;0;28;9;8;10;1;0.06;1;0;0;87;6;15;81;6;8;62;4.26;8;15:28;01:03;02:08;136;9;19;57%;100%;248;431;0;0;0;5,939;680;6;0.41;2;0;2 hours;09:38;2;1;1;2,668;4,996;11%;31%;54%
Frosty-3647;3980;0;0;11,062;7,021.46;4,570;2,493;14;8.88;29;18;13;29;18.4;11;7;2.07;0;0;0;0;0;0;12;8;1;0;0;8;5.07;4;0;2;0;1;14,583;9,256.47;5,424;3,329;7;0;5;1;1;3;0;0;0;0;0;16;10;8;15;10;6;11;6.98;6;05:42;03:37;02:03;22;14;10;72%;76%;117;162;0;0;0;835;143;3;1.9;2;0;21 minutes;05:36;0;1;1;351;496;17%;0;72%
Fulena-1606;3613;40;0;574,551;5,725.9;11,163;3,393;888;8.84;1,727;17;37;1,349;13.44;33;12;1.51;0;0;0;0;0;0;836;8;15;12;0;292;2.91;9;42;100;8;51;255,427;2,546;19,049;5,798;12;0;178;36;71;71;1;0;1;5;13;861;9;23;637;6;12;614;6.11;20;02:03:42;01:13;03:34;1,422;14;36;74%;100%;4,605;6,166;19,210;0.24;1,525;49,657;6,579;29;0.28;2;1;21 hours;01:29:21;2;1;2;26,816;36,687;13%;27%;50%
GambleRumble-1509;3583;0;0;23,600;3,589.17;4,691;1,553;46;6.99;67;10;12;58;8.82;13;6;1.26;0;0;0;0;0;0;27;4;1;1;0;16;2.43;6;2;7;0;4;40,222;6,117.17;9,097;3,033;6;0;9;2;2;5;3;0.45;1;0;0;32;5;9;34;5;7;27;4.1;6;04:51;00:44;01:16;49;7;11;62%;76%;215;346;0;0;0;2,016;296;5;0.76;1;0;1 hour;00:41;0;1;1;788;1,290;14%;19%;62%
GH4NA-1439;2926;1;0;23,219;7,301.37;7,899;2,415;37;11.63;39;12;20;56;17.6;29;7;1.51;0;0;0;0;0;0;26;8;9;1;0;15;4.71;9;2;3;0;1;33,565;10,554;14,286;3,523;7;0;5;0;2;2;1;0.31;1;3;1;18;6;10;21;7;8;29;9.11;15;05:49;01:49;01:58;41;13;19;68%;71%;221;325;2,992;1.03;1,117;1,573;264;2;0.62;2;0;48 minutes;01:50;0;1;1;619;902;16%;20%;31%
GhostDragon-153648;3026;0;0;26,369;5,312.58;4,537;2,060;34;6.85;40;8;10;64;12.89;13;7;1.88;0;0;0;0;0;0;18;4;1;0;0;17;3.42;5;3;5;0;2;20,434;4,116.91;6,020;2,384;7;0;11;5;1;5;2;0.4;1;0;0;23;5;8;22;4;6;24;4.83;5;01:41;00:20;00:28;39;8;9;64%;100%;152;235;0;0;0;1,446;343;3;0.6;1;0;50 minutes;00:15;1;1;1;587;954;23%;35%;46%
Gibo-11904;3625;4;0;42,983;4,114.41;5,440;1,743;102;9.76;163;16;24;113;10.81;18;6;1.1;0;0;0;0;0;0;68;7;11;1;0;28;2.68;4;5;10;1;4;122,820;11,757;20,165;4,663;6;0;15;4;6;5;1;0.09;1;3;1;50;5;12;65;6;9;54;5.16;12;09:56;00:57;01:22;105;10;17;67%;81%;507;755;6,133;0.7;1,432;4,583;465;2;0.19;1;0;2 hours;08:11;0;1;1;2,080;3,008;10%;15%;39%
Glold-3213;0;0;0;6,362;8,210.43;6,362;1,792;6;7.74;27;35;27;15;19.35;15;5;2.5;0;0;0;0;0;0;15;19;15;2;0;2;2.58;2;1;1;0;1;9,680;12,493;9,680;3,168;5;0;1;0;0;1;0;0;0;0;0;5;6;5;5;6;5;9;11.61;9;00:50;01:04;00:50;17;22;17;48%;48%;24;49;256;0.3;256;507;78;0;0;0;0;13 minutes;00:53;0;1;1;233;404;15%;15%;100%
GluhenRose-1558;2639;1;0;17,574;3,086.85;6,684;1,245;57;10.01;59;10;20;61;10.71;20;6;1.07;0;0;0;0;0;0;34;6;10;2;0;12;2.1;5;4;6;0;2;39,679;6,970;10,129;2,107;6;0;6;2;2;3;1;0.17;1;0;0;19;3;10;15;3;6;27;4.74;8;05:16;00:55;01:20;48;8;19;78%;100%;45;57;2,937;0.74;1,069;1,882;169;0;0;0;0;1 hour;00:56;1;1;1;1,092;1,753;8%;12%;27%
GoDLuci-1127;3686;3;0;121,984;3,544.44;4,385;1,847;314;9.12;312;9;15;332;9.64;17;10;1.05;0;0;0;0;0;0;168;5;6;3;0;100;2.9;6;22;34;2;11;17,499;508;7,537;4,056;10;0;55;13;12;29;3;0.08;1;0;0;207;6;12;196;6;10;138;4;7;48:02;01:23;02:02;314;9;16;66%;100%;1,593;2,406;1,987;0.08;781;10,413;1,461;13;0.37;2;0;6 hours;10:36;2;1;1;3,495;5,405;14%;50%;30%
Gods-1217;4059;0;0;22,039;6,306.75;4,314;1,674;41;11.73;45;13;14;65;18.6;13;7;1.58;0;0;0;0;0;0;26;7;1;2;0;19;5.43;4;2;3;1;1;29,254;8,371.11;7,413;2,122;7;0;7;2;2;3;1;0.28;1;0;0;37;11;10;26;7;5;18;5.15;6;01:50;00:31;00:48;50;14;13;72%;86%;414;572;0;0;0;1,810;282;5;1.43;2;0;52 minutes;01:42;0;1;1;405;640;15%;19%;37%
Goosen-21913;2723;4;0;115,557;3,851.98;4,741;2,236;250;8.33;316;11;18;288;9.6;18;6;1.15;0;0;0;0;0;0;183;6;1;2;0;64;2.13;3;14;30;2;13;217,129;7,237.79;10,836;5,547;6;0;39;9;15;15;5;0.16;1;3;2;162;5;10;209;7;9;114;3.8;7;31:24;01:02;01:41;279;9;11;67%;100%;1,923;2,853;0;0;0;12,323;1,279;8;0.26;1;1;5 hours;08:43;4;1;1;4,103;6,408;10%;14%;44%
Graceful-2412;87;0;0;51,689;6,413.42;6,562;3,490;59;7.32;38;5;5;137;16.99;18;8;2.32;0;0;0;0;0;0;50;6;1;0;0;49;6.07;7;0;8;0;6;67,063;8,320.97;8,827;4,705;8;0;13;6;2;5;3;0.37;1;3;1;68;8;8;68;8;8;60;7.44;8;14:31;01:48;01:55;66;8;8;61%;69%;0;0;0;0;0;0;0;10;1.24;2;0;1 hour;22:39;0;1;1;0;0;12%;0;78%
Hamnett-3532;0;0;0;37,494;5,933.81;8,222;2,461;71;11.23;93;15;22;93;14.71;21;13;1.3;0;0;0;0;0;0;43;7;1;1;0;23;3.64;7;1;6;0;5;50,061;7,922.74;9,626;2,747;13;0;10;1;1;8;3;0.47;1;0;0;50;8;14;39;6;7;40;6.33;11;08:52;01:24;02:32;77;12;17;63%;71%;405;639;0;0;0;2,688;433;2;0.31;1;0;1 hour;01:47;0;1;1;881;1,371;16%;19%;79%
HappyPants-1658;3503;0;0;2,963;4,288.44;2,678;755;5;7.23;4;6;2;9;13.02;6;3;1.8;0;0;0;0;0;0;6;9;4;0;0;3;4.34;2;1;1;0;0;1,381;1,999;738;738;3;0;2;1;0;2;0;0;0;0;0;1;1;1;1;1;1;6;8.68;4;00:43;01:03;00:30;3;4;2;33%;33%;2;6;80;0.23;80;128;29;0;0;0;0;5 minutes;00:02;0;1;1;64;115;22%;28%;26%
HarryHook-2309;4272;2;0;10,144;4,896.92;6,202;1,701;13;6.27;36;17;25;36;17.37;20;6;2.76;0;0;0;0;0;0;18;9;12;0;0;6;2.89;3;1;2;0;1;20,602;9,945;13,465;3,030;6;0;4;1;2;1;0;0;0;3;1;10;5;6;11;5;7;15;7.24;14;01:40;00:48;01:39;25;12;19;72%;76%;116;159;811;0.5;481;858;116;0;0;0;0;27 minutes;03:52;1;1;1;377;529;13%;13%;48%
HAVATITE-1990;2718;2;0;288,787;5,333.46;10,051;3,740;525;9.69;786;15;36;755;13.94;24;9;1.43;0;0;0;0;0;0;357;7;13;10;0;172;3.17;7;28;54;4;23;92,798;1,714;11,262;4,622;9;0;77;18;9;50;10;0.18;1;5;7;336;6;16;318;6;11;355;6.55;18;57:07;01:03;02:25;674;12;30;62%;100%;2,655;4,255;10,720;0.23;1,628;24,316;3,126;25;0.46;3;0;12 hours;20:58;7;1;1;8,832;15,488;12%;30%;42%
HEEYA-3357;2300;0;0;18,704;2,821.69;3,176;1,287;64;9.65;82;12;15;50;7.54;11;4;0.78;0;0;0;0;0;0;33;5;6;1;0;11;1.65;2;3;7;0;4;53,374;8,052;6,227;2,970;4;0;10;1;6;3;0;0;0;0;0;14;2;4;31;5;4;25;3.77;6;09:20;01:24;01:25;48;7;11;53%;86%;127;238;4,690;1.01;946;2,211;193;2;0.3;1;0;1 hour;00:12;6;1;1;1,101;1,704;8%;15%;54%
HeeYo-11434;2359;0;0;2,540;1,846.22;1,723;762;10;7.26;12;9;11;4;2.9;3;2;0.4;0;0;0;0;0;0;4;3;4;0;0;1;0.72;1;1;1;0;0;8,671;6,303;4,798;1,962;2;0;1;0;1;1;0;0;0;0;0;2;1;1;3;2;2;1;0.72;1;00:02;00:01;00:02;4;3;3;71%;100%;10;14;340;0.48;340;323;23;1;0.72;1;0;11 minutes;0;0;1;1;176;292;7%;0;0
HeyKatie-1413;3644;1;0;89,271;5,538.93;7,946;2,952;115;7.13;187;12;17;244;15.13;27;12;2.12;0;0;0;0;0;0;89;6;1;0;0;84;5.21;13;1;16;1;14;102,410;6,354.14;10,160;4,439;12;0;29;10;3;16;5;0.31;1;3;1;115;7;12;95;6;7;66;4.09;13;10:56;00:40;01:30;193;12;22;76%;100%;860;1,131;0;0;0;5,761;1,055;16;0.99;2;0;3 hours;10:14;1;1;1;2,277;3,404;18%;42%;85%
Hinnjai-4609;0;0;0;2,246;12,923.12;2,246;1,654;2;11.5;2;12;2;4;23.01;4;3;2;0;0;0;0;0;0;4;23;1;0;0;3;17.25;3;0;0;0;0;2,927;16,836.62;2,927;1,775;3;0;1;0;0;0;1;5.75;1;0;0;1;6;1;1;6;1;1;5.75;1;00:16;01:36;00:16;3;17;3;66%;66%;2;3;0;0;0;103;28;0;0;0;0;2 minutes;00:10;0;1;1;74;96;27%;0;100%
HoilDaym7K-4639;1803;0;0;7,672;8,889.9;7,672;2,055;10;11.58;11;13;11;15;17.38;15;7;1.5;0;0;0;0;0;0;6;7;6;0;0;4;4.63;4;0;1;1;0;10,517;12,187;10,517;2,566;7;0;3;2;2;0;0;0;0;0;0;5;6;5;6;7;6;6;6.95;6;01:34;01:49;01:34;10;12;10;82%;82%;29;35;994;1.17;994;524;102;0;0;0;0;14 minutes;03:32;4;1;1;295;448;19%;0;0
HolynoshuryX-6110;2263;2;0;25,868;4,371.09;4,305;1,886;71;11.99;76;13;19;77;13.01;15;7;1.08;0;0;0;0;0;0;40;7;1;0;0;22;3.71;6;4;6;0;2;46,178;7,802.88;7,852;2,477;7;0;8;1;4;3;0;0;0;0;0;42;7;6;43;7;7;30;5.06;8;05:35;00:56;00:55;59;10;8;69%;100%;99;143;0;0;0;2,826;319;0;0;0;0;1 hour;02:01;0;1;1;1,417;2,496;11%;18%;32%
Hoon-31342;0;0;0;1,589;3,713.45;1,589;754;4;9.35;2;5;2;1;2.33;1;1;0.25;0;0;0;0;0;0;2;5;2;0;0;0;0;0;0;0;0;0;1,959;4,579;1,959;1,034;1;0;1;0;0;0;0;0;0;0;0;0;0;0;1;2;1;0;0;0;00:01;00:04;00:01;0;0;0;68%;68%;22;32;388;1.51;388;115;21;0;0;0;0;4 minutes;0;0;1;1;29;50;18%;18%;0
Hoon-31856;4366;0;0;2,776;5,287.87;2,776;918;5;9.52;3;6;3;3;5.71;3;2;0.6;0;0;0;0;0;0;2;4;2;0;0;1;1.9;1;1;1;0;0;5,983;11,399;5,983;2,514;2;0;1;1;1;0;0;0;0;0;0;1;2;1;3;6;3;1;1.9;1;00:05;00:09;00:05;3;6;3;71%;71%;48;67;485;1.37;485;230;33;0;0;0;0;5 minutes;0;0;1;1;59;93;14%;0;0
hoshimichan-1316;72;3;0;14,302;4,673.57;4,231;1,321;28;9.14;16;5;8;24;7.84;7;4;0.85;0;0;0;0;0;0;22;7;1;0;0;6;1.96;3;2;3;0;1;31,917;10,429.35;8,077;3,694;4;0;7;2;1;3;0;0;0;0;0;23;8;9;18;6;0;8;2.61;3;04:43;01:32;01:29;15;5;8;70%;0;84;119;0;0;0;1,370;166;0;0;0;0;41 minutes;13:34;0;1;0;826;1,114;12%;29%;26%
Hossy-11899;2833;12;0;661,526;3,907.26;9,971;3,788;1,408;8.31;2,210;13;35;2,009;11.86;33;18;1.42;0;0;0;0;0;0;1,285;8;1;17;0;412;2.43;10;85;169;7;78;1,210,372;7,148.98;15,287;5,284;18;0;279;66;28;185;25;0.14;2;4;12;1,118;7;23;847;5;11;1,018;6.01;22;04:20:44;01:32;04:57;1,999;12;35;61%;100%;3,341;5,413;0;0;0;54,940;6,741;28;0.16;2;0;36 hours;01:29:08;33;1;1;27,384;43,267;12%;30%;46%
HotShotGG-3480;3682;2;0;39,440;7,454.48;9,720;3,813;33;6.23;93;18;25;91;17.19;20;8;2.75;0;0;0;0;0;0;51;10;13;0;0;16;3.02;4;4;5;0;1;51,387;9,712;12,352;5,050;8;0;7;0;3;3;1;0.18;1;0;0;32;6;10;31;6;7;37;6.99;12;04:56;00:56;01:13;82;15;19;65%;67%;287;441;3,612;0.84;910;2,755;438;1;0.18;1;0;1 hour;06:01;2;1;1;1,136;1,842;15%;25%;18%
Hunterhyde-1159;2701;4;0;195,029;6,313.73;11,018;3,039;289;9.35;410;13;34;464;15.02;22;10;1.6;0;0;0;0;0;0;216;7;6;5;0;154;4.98;7;16;31;2;13;8,983;291;3,152;4,443;10;0;45;9;12;24;3;0.09;1;0;0;217;7;18;209;7;13;184;5.95;15;30:50;00:59;01:51;354;11;25;60%;90%;2,344;3,899;452;0.01;259;15,832;2,373;20;0.64;2;0;7 hours;21:02;5;1;1;4,752;7,825;14%;22%;42%
Hyper-1157;3921;2;0;66,399;6,133.9;7,748;3,113;84;7.75;181;17;34;154;14.22;24;8;1.83;0;0;0;0;0;0;94;9;14;3;0;36;3.32;6;5;11;0;6;117,273;10,834;14,151;5,874;8;0;18;5;4;9;0;0;0;3;1;56;5;9;59;5;7;49;4.52;7;15:22;01:25;02:34;133;12;21;73%;81%;727;994;7,274;0.8;1,305;5,505;743;5;0.46;2;0;2 hours;09:02;0;1;1;2,155;3,458;13%;17%;52%
IDK-11494;3227;0;0;8,911;3,363.41;2,791;1,428;23;8.68;28;11;7;28;10.56;11;6;1.21;0;0;0;0;0;0;17;6;1;0;0;11;4.15;5;1;3;0;2;20,807;7,853.61;5,791;3,473;6;0;8;3;3;2;0;0;0;0;0;16;6;8;17;6;6;11;4.15;7;01:29;00:33;00:32;24;9;10;77%;100%;102;132;0;0;0;1,085;97;0;0;0;0;30 minutes;01:21;1;1;1;470;804;8%;18%;60%
IekkAI-3307;3227;2;0;74,145;6,089.14;7,668;3,047;97;7.96;204;17;26;216;17.73;21;12;2.22;0;0;0;0;0;0;122;10;12;5;0;64;5.25;8;3;12;1;8;138,915;11,408;15,309;4,557;12;0;22;4;5;13;5;0.41;2;3;1;64;5;9;76;6;8;100;8.21;12;19:15;01:34;02:29;141;12;15;51%;100%;215;414;8,092;0.79;1,205;6,019;830;7;0.57;2;0;2 hours;17:54;0;1;1;3,329;5,114;13%;18%;65%
iKriegz-1142;3352;0;0;11,376;7,302.48;7,887;1,991;15;9.62;32;21;24;36;23.1;28;7;2.4;0;0;0;0;0;0;19;12;14;0;0;11;7.06;9;1;2;0;1;16,431;10,547;11,490;2,252;7;0;5;2;1;3;3;1.92;2;0;0;12;8;7;11;7;8;17;10.91;14;02:46;01:46;02:28;31;20;23;64%;66%;31;48;1,331;0.96;974;660;115;1;0.64;1;0;22 minutes;02:01;0;1;1;393;553;17%;19%;50%
IMWarMachine-6379;2264;0;0;18,564;6,697.72;4,652;1,899;37;13.34;36;13;13;40;14.43;12;4;1.08;0;0;0;0;0;0;28;10;11;0;0;10;3.6;5;2;3;0;1;22,266;8,033;6,895;1,837;4;0;7;3;1;4;1;0.36;1;0;0;13;5;5;13;5;4;24;8.65;6;03:31;01:16;00:58;33;12;11;80%;87%;36;45;1,340;0.62;468;1,058;204;1;0.36;1;0;35 minutes;01:25;0;1;1;605;955;19%;21%;29%
Invision-2363;3901;0;0;23,987;6,754.78;7,935;3,208;29;8.16;43;12;16;61;17.17;15;9;2.1;0;0;0;0;0;0;19;5;1;0;0;14;3.94;3;2;4;0;2;30,325;8,539.65;8,285;3,284;9;0;6;4;1;2;2;0.56;1;0;0;36;10;10;28;8;8;14;3.94;6;03:18;00:55;01:32;52;15;12;70%;80%;153;218;0;0;0;1,486;277;2;0.56;1;0;42 minutes;02:22;4;1;1;718;1,022;18%;24%;53%
ironblue-11749;2520;0;0;9,923;3,941.94;4,897;1,469;16;6.35;32;13;18;18;7.15;10;4;1.12;0;0;0;0;0;0;17;7;11;0;0;4;1.58;2;1;3;0;1;21,000;8,342;10,967;4,145;4;0;5;3;0;2;0;0;0;0;0;9;4;5;11;4;6;9;3.57;3;02:58;01:10;01:59;19;8;12;86%;100%;25;29;307;0.19;171;881;113;0;0;0;0;26 minutes;0;0;1;1;581;812;12%;14%;53%
JackaL-3407;2555;4;0;89,711;6,919.21;9,665;2,843;117;9.02;208;16;36;221;17.04;28;11;1.88;0;0;0;0;0;0;94;7;11;2;0;60;4.62;10;7;13;0;6;123,365;9,515;14,539;3,347;11;0;21;5;8;8;3;0.23;1;5;2;74;6;11;72;6;9;98;7.55;16;15:39;01:12;02:42;157;12;23;67%;80%;1,106;1,637;12,389;1.07;1,447;6,974;1,030;4;0.3;2;0;3 hours;13:54;0;1;1;2,432;3,627;14%;28%;49%
JamesLiu-3595;2182;0;0;2,929;5,108.83;2,055;1,087;3;5.23;9;16;6;5;8.72;3;2;1.66;0;0;0;0;0;0;3;5;3;0;0;2;3.48;2;0;1;0;0;6,240;10,886;4,021;2,640;2;0;2;1;0;0;0;0;0;0;0;1;2;1;3;5;2;0;0;0;01:40;02:55;01:34;6;10;4;60%;63%;17;28;189;0.34;151;324;34;1;1.74;1;0;9 minutes;00:01;0;1;1;145;265;10%;0;78%
janus-31780;4448;0;0;4,036;4,035.77;4,036;959;8;8;15;15;15;8;8;8;3;1;0;0;0;0;0;0;10;10;10;0;0;1;1;1;1;1;0;0;10,470;10,470;10,470;2,395;3;0;1;0;0;1;0;0;0;0;0;7;7;7;6;6;6;3;3;3;00:26;00:26;00:26;12;12;12;51%;51%;17;33;422;0.56;422;382;43;0;0;0;0;12 minutes;00:56;0;1;1;209;310;11%;11%;0
JesseJames-11680;2476;0;0;3,605;2,921.1;2,335;814;12;9.72;9;7;6;7;5.67;6;5;0.58;0;0;0;0;0;0;7;6;1;0;0;0;0;0;1;1;0;0;4,343;3,519.66;3,052;1,313;5;0;2;0;0;1;0;0;0;0;0;6;5;4;5;4;3;5;4.05;5;01:40;01:21;01:08;9;7;7;48%;58%;50;103;0;0;0;456;42;0;0;0;0;14 minutes;0;0;0;0;92;245;9%;11%;36%
JIhooN-31212;2641;0;0;33,180;3,383.44;4,053;1,972;59;6.01;87;9;15;107;10.91;21;7;1.81;0;0;0;0;0;0;47;5;1;0;0;26;2.65;4;6;10;0;4;42,732;4,357.48;5,432;2,943;7;0;16;7;1;8;0;0;0;3;1;41;4;9;38;4;4;42;4.28;11;09:15;00:56;01:53;75;8;17;65%;81%;519;797;0;0;0;3,224;368;4;0.4;1;0;1 hour;02:04;2;1;1;914;1,592;11%;15%;40%
jjlol-11226;52;0;0;15,565;11,317.3;12,961;5,726;11;7.99;0;0;0;15;10.9;14;6;1.36;0;0;0;0;0;0;10;7;1;0;0;8;5.81;7;0;1;0;1;4,555;3,312.11;2,930;1,185;6;0;5;1;2;2;0;0;0;0;0;4;3;3;8;6;7;4;2.9;4;00:26;00:19;00:17;2;1;1;56%;66%;0;0;0;0;0;0;0;2;1.45;2;0;18 minutes;0;0;0;1;0;0;25%;0;46%
JonnyBI-2703;3137;20;0;193,124;3,970.81;7,853;2,901;402;8.26;769;16;30;498;10.23;23;13;1.23;0;0;0;0;0;0;295;6;1;8;0;130;2.67;8;24;49;3;22;463,645;9,532.97;15,456;6,596;13;0;69;14;33;22;2;0.04;1;3;4;276;6;12;303;6;11;193;3.96;11;39:32;00:48;02:01;459;9;21;73%;94%;4,007;5,431;0;0;0;23,273;2,087;24;0.49;4;0;10 hours;06:34;5;1;1;8,474;12,107;8%;25%;45%
Jorun-6697;3855;0;0;49,694;4,730.98;7,550;2,389;100;9.52;122;12;20;122;11.61;15;5;1.22;0;0;0;0;0;0;75;7;11;0;0;31;2.95;4;4;11;0;6;110,553;10,525;15,666;3,920;5;0;22;6;6;10;1;0.09;1;0;0;65;6;15;59;6;8;62;5.9;10;16:55;01:36;03:24;106;10;20;77%;87%;650;841;8,023;0.92;2,205;4,611;622;2;0.19;1;0;2 hours;06:00;1;1;1;1,935;2,870;13%;16%;58%
KAISER-31361;4393;0;0;7,638;6,115.06;7,532;4,169;5;4;12;10;12;14;11.2;13;6;2.8;0;0;0;0;0;0;10;8;1;0;0;3;2.4;3;0;1;1;1;3,240;2,593.79;3,190;1,778;6;0;1;1;0;0;0;0;0;0;0;11;9;11;5;4;5;6;4.8;6;01:55;01:32;01:55;12;10;12;64%;100%;46;71;0;0;0;307;96;0;0;0;0;11 minutes;0;0;1;1;100;160;31%;25%;43%
KAKI-11832;0;0;0;11,218;4,972.34;5,870;2,428;23;10.19;28;12;16;26;11.52;18;9;1.13;0;0;0;0;0;0;18;8;1;0;0;11;4.87;7;2;2;0;1;12,863;5,701.05;4,523;1,252;9;0;6;4;1;1;0;0;0;0;0;10;4;5;10;4;4;15;6.64;10;01:59;00:53;00:57;16;7;9;62%;100%;55;88;0;0;0;896;130;0;0;0;0;25 minutes;00:43;0;1;1;407;710;14%;13%;31%
Karma-12365;52;0;0;2,596;4,648.21;2,596;732;7;12.53;2;4;2;4;7.16;4;3;0.57;0;0;0;0;0;0;3;5;1;0;0;1;1.79;1;0;1;0;0;4,575;8,192.27;4,575;2,094;3;0;1;1;0;1;0;0;0;0;0;2;4;2;4;7;4;1;1.79;1;01:05;01:58;01:05;1;2;1;57%;57%;0;0;0;0;0;0;0;0;0;0;0;7 minutes;01:39;0;1;1;0;0;14%;0;0
Kefka-11531;4123;3;0;16,010;3,587.13;4,328;2,672;16;3.58;61;14;22;67;15.01;18;15;4.18;0;0;0;0;0;0;26;6;1;0;0;23;5.15;7;0;4;0;4;24,338;5,452.88;7,690;2,684;15;0;11;2;6;3;1;0.22;1;0;0;19;4;8;18;4;5;17;3.8;9;03:22;00:45;01:20;37;8;16;73%;100%;165;225;0;0;0;1,220;178;4;0.89;2;0;37 minutes;04:39;0;1;1;484;752;14%;17%;91%
Keishi-11995;3431;1;0;21,897;5,421.72;7,620;2,713;30;7.42;46;11;15;73;18.07;27;10;2.43;0;0;0;0;0;0;30;7;1;0;0;18;4.45;6;1;4;0;3;31,095;7,699.13;7,455;2,340;10;0;12;5;2;4;1;0.24;1;0;0;28;7;9;29;7;7;29;7.18;8;04:14;01:02;01:09;50;12;17;70%;80%;228;323;0;0;0;1,839;254;3;0.74;1;0;45 minutes;04:17;0;1;1;809;1,164;13%;19%;72%
Kira-1303;64;0;0;5,119;7,303.78;5,119;1,624;10;14.26;11;16;11;13;18.54;13;6;1.3;0;0;0;0;0;0;2;3;1;0;0;4;5.7;4;0;1;0;0;7,471;10,659.9;7,471;2,732;6;0;1;0;0;1;1;1.42;1;0;0;7;10;7;8;11;8;3;4.28;3;01:26;02:02;01:26;8;11;8;64%;64%;0;0;0;0;0;0;0;1;1.42;1;0;13 minutes;05:12;0;1;1;0;0;11%;0;0
KJerry-1610;4141;0;0;13,114;5,285.3;4,956;2,615;6;2.41;20;8;6;45;18.13;15;7;7.5;0;0;0;0;0;0;25;10;1;0;0;10;4.03;4;0;2;0;2;11,578;4,666.2;3,557;2,296;7;0;8;4;1;4;2;0.8;1;3;1;24;10;8;16;6;5;14;5.64;7;02:29;01:00;01:15;35;14;10;63%;73%;158;250;0;0;0;856;151;3;1.2;2;0;23 minutes;03:35;0;1;1;190;340;17%;20%;100%
KnOxXx-21951;3848;5;0;103,700;5,233.58;8,507;2,983;181;9.13;291;15;25;282;14.23;25;9;1.55;0;0;0;0;0;0;125;6;1;2;0;90;4.54;10;12;20;2;7;196,614;9,922.79;13,310;7,686;9;0;27;5;8;14;2;0.1;1;3;3;139;7;14;151;8;10;96;4.84;11;10:32;00:31;01:14;254;13;19;67%;100%;1,063;1,579;0;0;0;8,565;1,167;18;0.9;3;0;4 hours;06:16;0;1;1;3,518;5,256;13%;100%;33%
KOKFC-1575;3897;0;0;3,624;7,797.69;3,624;1,862;4;8.6;4;9;4;9;19.36;9;3;2.25;0;0;0;0;0;0;2;4;1;0;0;2;4.3;2;0;0;0;0;4,736;10,189.17;4,736;1,754;3;0;1;0;0;0;0;0;0;0;0;7;15;7;5;11;5;5;10.75;5;01:05;02:21;01:05;12;26;12;71%;71%;84;117;0;0;0;298;47;0;0;0;0;6 minutes;0;0;1;1;38;59;15%;0;0
Kotani-2471;2612;9;0;260,713;5,275.56;9,513;3,412;395;7.99;668;14;23;776;15.7;30;10;1.96;0;0;0;0;0;0;376;8;1;5;0;218;4.41;11;18;49;4;27;355,564;7,194.88;11,843;4,664;10;0;94;32;17;45;11;0.22;2;3;3;259;5;13;241;5;8;353;7.14;18;01:07:44;01:22;03:34;604;12;30;64%;100%;1,441;2,218;0;0;0;19,382;2,703;43;0.87;3;0;10 hours;45:36;10;1;1;9,540;14,705;13%;26%;54%
Kura-11749;4011;2;0;61,065;5,640.08;9,513;2,885;56;5.17;165;15;25;208;19.21;31;15;3.71;0;0;0;0;0;0;72;7;10;1;0;48;4.43;11;1;11;0;10;85,467;7,894;14,089;4,341;15;0;18;5;3;10;3;0.27;1;4;4;61;6;12;44;4;7;72;6.65;17;09:44;00:53;02:08;167;15;31;66%;72%;460;688;2,194;0.3;670;4,210;654;3;0.27;1;0;1 hour;11:43;0;1;1;1,898;2,790;15%;20%;90%
KwamFun-1860;2633;2;0;119,139;4,972.35;5,381;2,824;172;7.17;201;8;16;284;11.85;19;9;1.65;0;0;0;0;0;0;97;4;1;1;0;115;4.79;11;11;24;0;13;134,614;5,618.22;7,515;4,511;9;0;48;17;11;20;5;0.2;1;3;1;114;5;9;129;5;7;99;4.13;12;18:36;00:46;01:38;190;8;14;64%;100%;906;1,399;0;0;0;9,094;1,490;34;1.41;5;0;4 hours;10:45;21;1;1;3,726;6,167;16%;32%;54%
KYLE-3141;0;0;0;9,528;4,315.58;5,617;2,566;22;9.96;3;1;2;21;9.51;12;4;0.95;0;0;0;0;0;0;14;6;1;2;0;6;2.71;3;1;2;0;1;6,782;3,071.91;3,191;1,125;4;0;5;2;0;3;0;0;0;0;0;11;5;9;9;4;0;9;4.07;7;02:14;01:00;01:33;9;4;7;57%;66%;117;203;0;0;0;596;108;0;0;0;0;16 hours;01:15;0;0;0;79;180;18%;23%;38%
Lara-31986;0;0;0;332;4,082.92;332;254;1;12.3;0;0;0;0;0;0;0;0;0;0;0;0;0;0;0;0;0;0;0;0;0;0;0;0;0;0;386;4,747;386;386;0;0;0;0;0;0;0;0;0;0;0;0;0;0;0;0;0;0;0;0;0;0;0;0;0;0;64%;64%;9;14;0;0;0;31;2;0;0;0;0;1 minute;0;0;1;1;3;3;6%;0;100%
LaraCroft-1233;2424;0;0;5,952;5,797.37;3,699;1,405;8;7.79;12;12;12;14;13.63;14;5;1.75;0;0;0;0;0;0;5;5;1;0;0;3;2.92;3;1;1;0;0;3,922;3,820.42;2,569;980;5;0;2;0;0;2;0;0;0;0;0;2;2;2;4;4;3;11;10.71;11;00:39;00:38;00:39;11;11;11;58%;66%;21;36;0;0;0;405;69;0;0;0;0;12 minutes;00:24;0;1;1;169;329;17%;14%;0
Laurie400-1327;31;0;0;545;1,339.67;300;300;3;7.37;0;0;0;0;0;0;0;0;0;0;0;0;0;0;1;2;1;0;0;0;0;0;0;0;0;0;2,966;7,289.72;2,307;1,450;0;0;1;0;1;0;0;0;0;0;0;1;2;1;1;2;1;0;0;0;0;0;0;1;2;1;63%;66%;0;0;0;0;0;0;0;0;0;0;0;2 minutes;0;0;1;1;0;0;5%;0;0
LazyTitan-33460;4211;3;0;62,325;5,377.96;7,693;2,737;85;7.33;98;8;22;136;11.73;22;9;1.6;0;0;0;0;0;0;64;6;9;4;0;29;2.5;10;5;12;1;5;89,416;7,716;19,070;4,569;9;0;20;5;6;8;3;0.25;2;0;0;41;4;14;51;4;8;47;4.05;8;07:03;00:36;01:47;87;8;26;65%;78%;509;780;7,465;0.92;1,202;3,890;756;3;0.25;1;0;2 hours;07:45;2;1;1;1,529;2,279;19%;25%;45%
LeBlanc-3936;3511;0;0;3,775;3,346.88;2,700;1,172;8;7.09;7;6;4;8;7.09;6;3;1;0;0;0;0;0;0;4;4;4;0;0;5;4.43;4;1;1;0;0;9,257;8,207;6,100;4,010;3;0;1;0;0;1;0;0;0;0;0;3;3;2;3;3;2;1;0.88;1;00:47;00:42;00:47;4;4;3;62%;66%;88;140;247;0.33;200;512;39;1;0.88;1;0;12 minutes;0;0;1;1;156;229;7%;18%;0
Legist-21953;2633;0;0;54,901;4,462.68;9,660;1,641;131;10.64;134;11;24;142;11.54;22;5;1.08;0;0;0;0;0;0;68;6;1;1;0;37;3;6;4;12;1;7;80,221;6,520.85;12,166;3,094;5;0;18;3;3;12;0;0;0;3;1;80;7;12;75;6;12;67;5.44;11;16:56;01:22;04:15;123;10;17;64%;100%;431;664;0;0;0;4,464;656;2;0.16;1;0;2 hours;03:14;2;1;1;2,005;3,061;14%;21%;57%
Legit-21235;1645;0;0;1,524;7,140.99;1,524;976;3;14.05;0;0;0;2;9.37;2;2;0.66;0;0;0;0;0;0;2;9;2;0;0;1;4.68;1;0;0;0;0;280;1,312;280;180;2;0;0;0;0;0;0;0;0;0;0;0;0;0;0;0;0;0;0;0;0;0;0;0;0;0;77%;77%;7;9;280;1.36;280;43;19;1;4.68;1;0;3 minutes;0;0;0;0;12;25;44%;0;86%
LetterE-1468;2930;3;0;65,309;4,329.41;7,620;2,630;123;8.15;225;15;22;214;14.18;30;7;1.73;0;0;0;0;0;0;105;7;1;2;0;47;3.11;10;7;15;0;8;121,835;8,076.58;12,354;4,981;7;0;26;9;7;9;2;0.13;1;0;0;82;5;9;86;6;10;100;6.62;18;17:23;01:09;01:44;167;11;18;63%;100%;309;484;0;0;0;6,197;751;3;0.19;1;0;3 hours;06:27;0;1;1;3,196;5,143;12%;14%;54%
Leuf-1110;3504;0;0;9,509;7,069.19;5,283;1,623;12;8.92;26;19;14;27;20.07;14;8;2.25;0;0;0;0;0;0;12;9;8;0;0;8;5.94;4;1;1;0;0;12,052;8,959;6,579;2,232;8;0;3;2;1;1;1;0.74;1;0;0;4;3;2;6;4;3;7;5.2;4;01:22;01:01;01:02;16;12;10;62%;64%;46;74;877;0.78;740;496;94;2;1.48;2;0;18 minutes;00:54;0;1;1;245;342;18%;20%;0
Lilgho-4319;3766;2;0;80,695;6,037.16;9,058;3,196;110;8.22;189;14;23;188;14.06;19;7;1.7;0;0;0;0;0;0;96;7;11;2;0;51;3.81;8;4;13;2;8;72,086;5,393;16,733;4,045;7;0;18;5;6;7;6;0.44;2;3;1;78;6;11;85;6;10;75;5.61;9;08:10;00:36;01:47;151;11;15;74%;100%;1,135;1,533;5,150;0.45;1,024;6,792;960;7;0.52;2;0;3 hours;02:32;3;1;1;2,369;3,640;14%;20%;56%
LIXU-4794;3497;0;0;6,057;2,688.52;2,837;1,682;10;4.43;3;1;1;4;1.77;2;2;0.4;0;0;0;0;0;0;5;2;1;0;0;1;0.44;1;2;2;0;0;3,644;1,617.47;2,487;1,039;2;0;3;2;0;1;0;0;0;0;0;0;0;0;5;2;2;2;0.88;2;00:21;00:09;00:21;2;1;2;55%;68%;33;59;0;0;0;360;74;0;0;0;0;14 minutes;0;0;0;1;117;237;20%;25%;0
lkd0877-1498;3016;2;0;54,710;7,537.41;9,700;4,092;43;5.92;136;19;34;148;20.38;29;16;3.44;0;0;0;0;0;0;85;12;15;1;0;50;6.88;12;1;7;1;5;97,293;13,404;19,668;8,978;16;0;11;3;5;3;0;0;0;0;0;56;8;15;65;9;12;63;8.67;12;05:54;00:48;01:19;108;15;21;75%;89%;1,467;1,931;4,535;0.67;919;5,258;637;9;1.23;3;0;1 hour;09:35;0;1;1;950;1,331;12%;15%;68%
LMorals-1207;2669;2;0;27,736;3,997.68;4,807;1,638;65;9.36;81;12;13;67;9.65;13;8;1.03;0;0;0;0;0;0;42;6;1;0;0;19;2.73;4;3;7;0;4;62,676;9,033.82;13,232;3,524;8;0;15;4;5;6;0;0;0;0;0;39;6;10;45;6;11;28;4.03;8;11:38;01:40;03:31;68;10;16;71%;100%;322;449;0;0;0;2,734;313;6;0.86;1;0;1 hour;04:35;3;1;1;1,228;1,791;11%;15%;52%
Logue-1981;2403;0;0;4,571;8,080.88;3,504;1,703;9;15.91;8;14;6;8;14.14;6;5;0.88;0;0;0;0;0;0;10;18;1;0;0;1;1.76;1;1;1;0;0;3,062;5,413.22;2,099;948;5;0;2;1;1;1;0;0;0;0;0;8;14;7;4;7;3;5;8.83;4;01:26;02:32;01:24;9;16;8;44%;50%;4;9;0;0;0;230;53;1;1.76;1;0;7 minutes;02:51;0;1;1;105;208;23%;27%;0
LOVE-34893;3220;1;0;18,203;4,550.7;5,918;1,371;36;9;85;21;30;69;17.25;22;6;1.91;0;0;0;0;0;0;32;8;12;1;0;12;3;4;1;4;0;3;42,308;10,577;14,648;3,393;6;0;4;0;0;4;0;0;0;0;0;32;8;11;27;7;8;30;7.5;12;03:49;00:57;01:38;67;17;24;50%;60%;232;458;2,874;0.72;1,015;2,525;222;0;0;0;0;1 hour;02:34;0;1;1;837;1,581;8%;10%;74%
LsatGinder-1423;1920;4;0;38,355;4,083.95;5,247;2,565;73;7.77;169;18;35;82;8.73;15;7;1.12;0;0;0;0;0;0;40;4;12;1;0;13;1.38;5;4;9;1;4;84,911;9,041;17,963;4,995;7;0;16;1;5;9;0;0;0;0;0;45;5;9;44;5;8;51;5.43;9;18:09;01:56;03:09;68;7;13;54%;72%;265;488;3,655;0.53;540;4,737;477;2;0.21;1;0;1 hour;06:07;3;1;1;2,198;3,717;10%;12%;42%
LuLu-11129;58;0;0;6,102;4,970.58;3,417;1,075;15;12.21;4;3;2;16;13.03;11;3;1.06;0;0;0;0;0;0;11;9;1;0;0;9;7.33;6;0;1;0;1;9,220;7,510.26;5,302;1,403;3;0;3;2;1;1;0;0;0;0;0;10;8;6;9;7;4;5;4.07;5;02:20;01:54;01:44;10;8;5;48%;48%;0;0;0;0;0;0;0;1;0.81;1;0;18 minutes;02:23;0;1;1;0;0;15%;0;42%
Luxyne-1720;3380;0;0;53,636;2,857.91;6,346;2,150;203;10.81;292;16;32;159;8.47;17;9;0.78;0;0;0;0;0;0;98;5;1;2;0;34;1.81;5;10;19;0;9;139,227;7,418.52;11,981;2,588;9;0;27;6;7;14;2;0.1;1;0;0;110;6;13;83;4;7;57;3.03;7;15:32;00:49;01:53;170;9;18;62%;100%;126;202;0;0;0;6,602;535;2;0.1;1;0;4 hours;03:21;3;1;1;3,324;6,115;8%;15%;46%
Lyan-21728;2550;1;0;29,016;4,391.34;7,039;2,403;43;6.5;66;10;17;96;14.52;27;10;2.23;0;0;0;0;0;0;61;9;1;2;0;33;4.99;10;3;7;0;4;35,176;5,323.64;8,460;2,451;10;0;11;3;3;5;0;0;0;3;1;26;4;8;30;5;9;34;5.14;9;02:18;00:21;00:36;50;8;14;73%;100%;370;505;0;0;0;2,232;361;8;1.21;3;0;1 hour;05:40;3;1;1;839;1,192;16%;17%;61%
MAJAJA-3599;0;2;0;110,032;4,552.41;7,847;2,623;212;8.77;279;12;26;309;12.78;26;12;1.45;0;0;0;0;0;0;194;8;1;1;0;77;3.18;8;10;24;2;12;175,744;7,271.13;12,512;3,643;12;0;51;15;19;18;3;0.12;1;3;2;133;6;18;137;6;9;155;6.41;17;31:35;01:18;03:44;255;11;23;61%;100%;732;1,192;0;0;0;9,514;1,243;5;0.2;2;0;4 hours;14:37;2;1;1;3,889;6,993;13%;24%;49%
Maple-3133;3416;8;0;35,012;2,810.76;4,453;1,363;98;7.86;179;14;22;112;8.99;21;6;1.14;0;0;0;0;0;0;49;4;8;2;0;22;1.76;5;7;12;0;5;133,518;10,719;13,786;4,187;6;0;15;2;13;1;1;0.08;1;5;3;73;6;11;61;5;6;51;4.09;9;11:11;00:53;01:21;129;10;18;74%;88%;971;1,302;7,733;0.83;967;6,591;346;1;0.08;1;0;2 hours;04:16;0;1;1;2,546;3,926;5%;8%;43%
Mario-13553;50;0;0;13,977;5,418.5;2,603;1,120;26;10.07;4;2;2;32;12.4;10;5;1.23;0;0;0;0;0;0;13;5;1;0;0;9;3.48;3;0;3;0;1;11,700;4,535.9;3,056;1,852;5;0;6;3;1;2;0;0;0;0;0;9;3;2;13;5;0;13;5.03;4;01:52;00:43;00:50;9;3;2;68%;71%;0;0;0;0;0;0;0;1;0.38;1;0;34 minutes;0;0;1;0;0;0;18%;0;56%
MartabakKeju-1697;3125;1;0;27,670;3,752.82;4,666;2,564;57;7.73;79;11;11;62;8.4;15;7;1.08;0;0;0;0;0;0;30;4;1;0;0;18;2.44;4;2;7;1;4;52,052;7,059.73;7,872;4,212;7;0;9;2;1;6;2;0.27;1;0;0;42;6;8;40;5;8;17;2.3;7;02:48;00:22;00:44;63;9;11;71%;83%;576;811;0;0;0;3,502;350;2;0.27;1;0;1 hour;00:38;1;1;1;999;1,840;9%;20%;59%
MeePokBoy-1184;3653;1;0;11,881;4,241.85;3,100;1,570;20;7.14;27;10;9;31;11.06;11;6;1.55;0;0;0;0;0;0;18;6;7;0;0;3;1.07;1;1;3;0;2;20,348;7,265;5,293;2,544;6;0;9;3;4;2;0;0;0;3;1;12;4;5;11;4;3;15;5.35;8;01:53;00:40;00:49;23;8;8;66%;90%;149;223;1,754;1.01;450;967;122;1;0.35;1;0;28 minutes;0;0;1;1;344;510;12%;13%;55%
Mendokusaii-2955;4206;5;0;157,436;7,253.95;11,516;3,070;219;10.09;325;15;33;440;20.27;41;18;2;0;0;0;0;0;0;220;10;1;2;0;139;6.4;19;7;22;2;13;167,895;7,735.89;15,705;3,368;18;0;37;9;9;19;6;0.27;2;4;3;157;7;16;150;7;13;142;6.54;15;15:51;00:43;01:59;326;15;34;71%;100%;1,550;2,158;0;0;0;9,227;1,738;21;0.96;3;0;5 hours;25:14;2;1;1;3,237;4,761;18%;37%;57%
Mezamorphis-2358;3658;0;0;4,343;7,719.37;2,348;1,680;6;10.66;6;11;6;9;15.99;8;5;1.5;0;0;0;0;0;0;3;5;1;0;0;3;5.33;2;0;1;0;0;6,028;10,715.86;3,925;2,026;5;0;2;1;0;0;0;0;0;0;0;6;11;6;5;9;4;2;3.55;2;01:42;03:02;01:17;11;20;11;66%;77%;16;24;0;0;0;254;49;1;1.77;1;0;9 minutes;01:17;0;1;1;131;201;19%;0;40%
MilaTheMute-1868;47;0;0;5,753;5,492.71;5,612;1,206;11;10.5;7;7;7;16;15.27;16;4;1.45;0;0;0;0;0;0;3;3;1;0;0;4;3.81;4;0;1;0;1;4,443;4,241.99;4,343;1,122;4;0;1;1;0;0;0;0;0;0;0;3;3;3;6;6;6;12;11.45;12;01:14;01:10;01:14;0;0;0;70%;71%;0;0;0;0;0;0;0;0;0;0;0;14 minutes;0;0;1;1;0;0;15%;0;100%
MingWaiChang-4771;0;0;0;1,726;3,327.26;1,726;1,586;1;1.92;9;17;9;5;9.63;5;5;5;0;0;0;0;0;0;3;6;3;0;0;1;1.92;1;0;1;0;1;4,527;8,725;4,527;4,172;5;0;1;0;1;0;0;0;0;0;0;3;6;3;2;4;2;1;1.92;1;00:20;00:39;00:20;5;10;5;57%;57%;8;14;8;0.02;8;187;13;0;0;0;0;4 minutes;01:05;0;1;1;97;157;6%;0;100%
miruralula-1517;3723;9;0;80,155;3,972.2;6,361;2,025;186;9.21;334;17;29;213;10.55;17;8;1.14;0;0;0;0;0;0;208;10;17;3;0;40;1.98;6;11;20;0;9;260,958;12,932;23,447;6,188;8;0;27;4;16;7;1;0.04;1;3;1;114;6;15;130;6;10;95;4.7;10;23:45;01:10;02:53;220;11;23;70%;82%;1,084;1,540;13,079;0.78;992;10,589;892;0;0;0;0;4 hours;14:53;1;1;1;5,389;7,379;8%;14%;43%
Mix-41491;3599;7;0;223,518;5,045.96;8,628;3,657;419;9.45;702;16;40;674;15.21;30;13;1.6;0;0;0;0;0;0;403;9;10;10;0;173;3.9;11;20;44;5;19;29,959;676;10,557;4,420;13;0;58;11;13;34;13;0.29;2;3;3;426;10;22;389;9;15;262;5.91;20;38:02;00:51;01:35;695;16;35;69%;100%;3,195;4,572;2,991;0.07;1,626;21,267;2,417;25;0.56;2;0;10 hours;39:25;5;1;1;8,068;11,733;11%;28%;43%
mmymy-1524;4026;4;0;189,251;9,921.01;13,825;3,809;202;10.58;360;19;41;430;22.54;34;14;2.12;0;0;0;0;0;0;241;13;19;1;0;119;6.23;11;6;19;2;11;203,188;10,652;16,839;3,592;14;0;31;9;5;16;7;0.36;2;3;1;113;6;13;124;7;10;187;9.8;18;22:51;01:11;02:22;296;16;28;64%;78%;1,452;2,234;15,305;0.87;1,553;11,663;2,159;17;0.89;3;0;4 hours;34:19;0;1;1;4,690;7,071;18%;23%;58%
Moowe-4479;4350;1;0;34,457;6,933.23;8,992;3,705;35;7.04;80;16;29;77;15.49;23;10;2.2;0;0;0;0;0;0;53;11;14;1;0;22;4.42;8;1;5;0;4;53,601;10,785;15,124;3,920;10;0;8;2;2;4;2;0.4;2;0;0;23;5;8;29;6;8;31;6.23;11;04:47;00:57;01:43;47;9;16;71%;74%;804;1,131;2,116;0.52;641;3,096;431;1;0.2;1;0;1 hour;04:04;0;1;1;562;805;13%;17%;82%
MyJohnny-2444;2931;0;0;5,166;3,517.25;3,324;3,195;8;5.44;11;7;5;13;8.85;6;6;1.62;0;0;0;0;0;0;4;3;1;0;0;5;3.4;3;1;1;0;1;10,964;7,465.24;5,535;4,498;6;0;4;1;1;2;0;0;0;0;0;4;3;3;6;4;4;4;2.72;2;01:11;00:48;01:05;6;4;4;54%;81%;12;22;0;0;0;530;67;1;0.68;1;0;13 minutes;0;0;1;1;303;480;12%;0;63%
MyNeverevr-1103;3533;1;0;42,420;8,944.95;5,678;3,115;38;8.01;81;17;13;105;22.14;15;13;2.76;0;0;0;0;0;0;51;11;1;2;0;34;7.16;5;2;5;0;3;48,234;10,170.81;7,326;3,342;13;0;17;6;3;8;4;0.84;1;3;1;50;11;11;47;10;6;45;9.48;9;03:40;00:46;01:18;78;16;14;72%;100%;437;599;0;0;0;2,868;524;7;1.47;3;0;1 hour;13:57;0;1;1;1,010;1,623;18%;24%;62%
nekyG-2308;3842;0;0;3,479;2,702.31;2,269;874;11;8.54;3;2;3;7;5.43;6;2;0.63;0;0;0;0;0;0;5;4;1;0;0;2;1.55;2;1;1;0;0;7,649;5,941.27;4,481;1,568;2;0;4;1;1;3;0;0;0;0;0;2;2;2;4;3;2;1;0.77;1;00:27;00:21;00:23;4;3;4;68%;75%;26;38;0;0;0;325;42;0;0;0;1;12 minutes;0;2;1;1;156;245;12%;7%;0
Neptune-31921;3151;0;0;14,393;3,555.82;1,912;1,076;52;12.84;30;7;6;36;8.89;6;4;0.69;0;0;0;0;0;0;27;7;1;0;0;12;2.96;2;3;4;0;1;20,463;5,055.14;3,922;1,699;4;0;9;4;2;4;0;0;0;0;0;17;4;6;19;5;4;19;4.69;4;03:12;00:47;00:32;27;7;10;48%;100%;31;64;0;0;0;1,463;177;2;0.49;2;0;51 minutes;00:09;1;1;1;697;1,316;12%;19%;18%
NEtodie-3311;3000;2;0;30,849;4,665.01;4,753;1,870;50;7.56;66;10;12;64;9.67;13;6;1.28;0;0;0;0;0;0;37;6;10;0;0;21;3.17;4;4;7;1;2;33,653;5,089;12,807;4,306;6;0;11;2;5;3;1;0.15;1;0;0;30;5;7;30;5;6;24;3.62;10;05:49;00:52;02:15;49;7;11;68%;88%;505;738;1,187;0.27;341;2,980;378;0;0;0;0;1 hour;00:54;0;1;1;921;1,474;12%;16%;33%
Nichiren-21254;41;0;0;1,808;1,713.64;1,488;1,073;2;1.89;0;0;0;2;1.89;2;2;1;0;0;0;0;0;0;1;1;1;0;0;1;0.94;1;0;1;0;0;372;352.15;372;297;2;0;1;1;0;0;0;0;0;0;0;0;0;0;1;1;0;0;0;0;0;0;0;0;0;0;61%;0;0;0;0;0;0;0;0;0;0;0;0;3 minutes;0;0;1;0;0;0;23%;0;0
NicoNicotine-1354;2620;7;0;43,936;4,018.82;5,134;3,210;87;7.95;158;14;36;123;11.25;18;12;1.41;0;0;0;0;0;0;63;6;1;1;0;26;2.37;5;5;11;0;6;103,443;9,461.91;18,063;4,795;12;0;24;6;14;5;1;0.09;1;3;1;89;8;22;95;9;15;65;5.94;12;08:10;00:44;02:35;144;13;33;70%;100%;377;532;0;0;0;4,842;522;2;0.18;1;0;2 hours;10:28;0;1;1;2,550;3,682;10%;16%;56%
NikolaTesla-11280;53;0;0;19,009;3,619.08;4,361;1,737;43;8.18;16;3;4;36;6.85;9;5;0.83;0;0;0;0;0;0;19;4;1;0;0;11;2.09;4;0;5;0;1;21,118;4,020.68;5,774;1,736;5;0;9;3;1;5;1;0.19;1;0;0;20;4;5;17;3;0;14;2.66;3;05:19;01:00;02:22;20;4;5;66%;0;0;0;0;0;0;0;0;4;0.76;2;0;53 minutes;05:20;0;1;0;0;0;18%;0;13%
Nnoct-1989;0;0;0;8,914;4,846.51;3,476;2,073;14;7.61;11;6;6;14;7.61;7;3;1;0;0;0;0;0;0;18;10;7;1;0;4;2.17;2;1;2;0;0;7,973;4,335;3,596;1,113;3;0;2;0;0;2;1;0.54;1;0;0;1;1;1;4;2;2;8;4.34;5;02:17;01:14;01:39;8;4;3;54%;76%;40;73;990;0.86;390;576;113;0;0;0;0;19 minutes;00:20;0;0;0;210;426;19%;31%;26%
Nostril-1317;3333;0;0;468;4,518.95;468;468;1;9.65;2;19;2;5;48.28;5;5;5;0;0;0;0;0;0;2;19;1;0;0;2;19.31;2;0;0;0;0;163;1,573.15;163;163;5;0;0;0;0;0;0;0;0;0;0;0;0;0;0;0;0;0;0;0;00:07;01:15;00:07;1;10;1;0;0;0;0;0;0;0;22;7;0;0;0;0;1 minute;00:20;0;0;0;8;22;31%;0;100%
Nova-1852;65;0;0;381;7,679.17;381;304;1;20.14;1;20;1;0;0;0;0;0;0;0;0;0;0;0;0;0;0;0;0;0;0;0;0;0;0;0;520;10,469.81;520;520;0;0;0;0;0;0;0;0;0;0;0;0;0;0;0;0;0;0;0;0;0;0;0;0;0;0;73%;0;0;0;0;0;0;0;0;0;0;0;0;54.63211303204298 seconds;0;0;1;0;0;0;16%;0;100%
Novady-11519;3894;16;0;344,427;6,915.35;12,366;3,677;305;6.12;890;18;37;901;18.09;33;11;2.95;0;0;0;0;0;0;411;8;16;8;0;247;4.95;12;22;50;2;26;616,113;12,370;24,324;6,962;11;0;69;12;32;25;24;0.48;2;3;6;352;7;14;340;7;13;338;6.78;15;55:56;01:07;02:43;776;16;26;70%;86%;2,415;3,409;36,548;0.87;1,624;23,409;3,942;23;0.46;3;0;11 hours;01:08:50;0;1;1;11,878;16,250;16%;26%;51%
NzNr-1485;3728;0;0;32,395;6,084.4;7,954;3,449;36;6.76;61;11;18;72;13.52;16;12;2;0;0;0;0;0;0;39;7;1;0;0;28;5.25;8;3;5;0;2;529;99;529;3,764;12;0;12;4;2;6;1;0.18;1;0;0;42;8;10;29;5;7;17;3.19;5;05:44;01:04;02:49;61;11;15;59%;85%;213;356;0;0;0;2,135;369;6;1.12;4;0;1 hour;01:31;0;1;1;868;1,394;17%;27%;34%
Odin-1745;3076;0;0;49,563;4,995.03;5,330;2,271;94;9.47;99;10;23;96;9.67;16;6;1.02;0;0;0;0;0;0;55;6;1;1;0;25;2.51;5;7;10;1;2;64,362;6,486.48;9,726;3,164;6;0;16;4;5;8;0;0;0;0;0;53;5;10;59;6;10;41;4.13;7;07:51;00:47;01:41;92;9;13;63%;80%;613;961;0;0;0;4,382;609;5;0.5;2;0;2 hours;02:44;4;1;1;1,572;2,401;13%;18%;24%
OhioBuckeyes-11390;2579;0;0;7,794;4,379.14;3,724;3,186;10;5.61;6;3;4;19;10.67;10;8;1.9;0;0;0;0;0;0;7;4;1;0;0;11;6.18;8;0;2;1;1;13,885;7,801.76;5,058;3,504;8;0;5;1;2;2;1;0.56;1;0;0;2;1;1;6;3;2;4;2.24;2;01:06;00:37;00:30;3;2;1;77%;85%;77;99;0;0;0;617;99;6;3.37;5;0;19 minutes;00:59;0;1;1;271;413;16%;35%;49%
oisuq-1610;3263;0;0;6,058;5,358.52;3,135;2,054;7;6.19;19;17;11;16;14.15;10;8;2.28;0;0;0;0;0;0;11;10;7;0;0;4;3.53;2;1;1;0;0;16,355;14,468;8,345;4,155;8;0;3;1;1;2;0;0;0;0;0;4;4;2;8;7;3;9;7.96;6;01:48;01:36;01:38;11;10;5;71%;82%;77;107;680;0.68;356;686;76;0;0;0;0;16 minutes;01:31;0;1;1;320;464;11%;0;25%
ONIGOD-21483;3888;0;0;2,646;6,055.87;2,646;1,148;4;9.15;4;9;4;5;11.44;5;2;1.25;0;0;0;0;0;0;3;7;3;1;0;2;4.57;2;0;0;0;0;2,995;6,855;2,995;1,685;2;0;1;0;0;0;0;0;0;0;0;1;2;1;2;5;2;1;2.28;1;00:04;00:10;00:04;2;5;2;68%;68%;24;35;310;0.93;310;166;31;1;2.28;1;0;5 minutes;0;0;1;1;57;94;18%;18%;0
oPuTo-1727;3814;2;0;42,364;5,253.17;5,449;3,092;30;3.71;70;9;20;138;17.11;23;15;4.59;0;0;0;0;0;0;43;5;7;0;0;50;6.19;10;1;8;0;7;14,524;1,801;9,252;3,913;15;0;25;9;5;11;1;0.12;1;3;1;52;6;12;34;4;6;45;5.57;10;05:59;00:44;01:51;88;11;16;65%;77%;510;778;1,260;0.28;614;2,648;510;9;1.11;3;0;1 hour;06:10;1;1;1;648;1,058;19%;25%;87%
order-31569;4661;1;0;6,619;4,412.45;5,280;1,339;7;4.66;16;11;16;19;12.66;15;4;2.71;0;0;0;0;0;0;7;5;4;0;0;8;5.33;6;0;1;0;1;9,938;6,625;8,072;2,643;4;0;2;0;1;1;0;0;0;0;0;5;3;3;5;3;4;7;4.66;5;00:30;00:20;00:30;15;10;11;60%;73%;83;138;680;0.76;517;536;75;1;0.66;1;0;14 minutes;00:22;0;1;1;168;255;13%;14%;66%
ouopi2180-3319;2569;0;0;37,418;5,626.27;5,832;1,658;77;11.57;91;14;16;79;11.87;15;6;1.02;0;0;0;0;0;0;56;8;1;1;0;31;4.66;6;3;7;0;4;59,902;9,007.06;9,088;2,766;6;0;10;1;2;6;1;0.15;1;0;0;47;7;9;49;7;9;37;5.56;9;12:57;01:56;02:38;61;9;12;60%;100%;708;1,179;0;0;0;4,117;488;6;0.9;4;0;1 hour;01:57;0;1;1;893;1,710;11%;12%;57%
Ovidious-11975;0;1;0;65,110;4,729.3;8,516;1,928;114;8.28;163;12;31;196;14.23;26;10;1.71;0;0;0;0;0;0;102;7;8;0;0;58;4.21;6;7;14;1;6;48,044;3,490;8,317;3,027;10;0;32;10;10;12;2;0.14;1;0;0;49;4;9;61;4;7;90;6.53;19;19:42;01:25;02:46;129;9;17;63%;100%;460;724;4,195;0.43;768;5,494;712;12;0.87;2;0;2 hours;08:58;2;1;1;2,463;3,985;12%;24%;45%
OvO-41212;2396;1;0;33,395;5,678.3;7,004;2,206;42;7.14;126;21;29;83;14.11;19;9;1.97;0;0;0;0;0;0;35;6;10;0;0;9;1.53;3;1;6;0;5;61,448;10,448;14,646;4,889;9;0;7;1;3;3;0;0;0;5;1;28;5;8;34;6;8;37;6.29;11;07:45;01:19;02:45;68;12;17;70%;81%;207;292;3,850;0.78;1,009;3,051;407;1;0.17;1;0;1 hour;06:06;0;1;1;1,546;2,433;13%;22%;76%
PandaBruiser-1274;3003;0;0;14,291;6,028.01;4,979;1,925;29;12.23;28;12;16;26;10.96;14;4;0.89;0;0;0;0;0;0;20;8;7;0;0;7;2.95;2;2;2;0;0;26,904;11,348;14,955;3,717;4;0;3;1;2;1;0;0;0;0;0;12;5;10;16;7;9;9;3.79;6;01:23;00:35;00:56;28;12;19;66%;73%;109;164;2,678;1.29;1,678;1,352;148;2;0.84;1;0;34 minutes;0;0;1;1;533;1,008;10%;10%;0
PassTheSalt-11477;2699;27;0;855,214;3,561.71;7,481;2,445;2,330;9.7;2,591;11;29;2,895;12.05;32;12;1.24;0;0;0;0;0;0;1,689;7;1;15;0;713;2.96;11;103;240;11;126;1,615,410;6,727.7;13,094;4,701;12;0;500;119;150;231;10;0.04;1;4;17;1,435;6;22;1,302;5;10;1,672;6.96;20;07:05:36;01:46;05:19;2,651;11;35;64%;100%;6,515;10,139;0;0;0;74,087;8,931;76;0.31;3;1;48 hours;02:24:29;49;1;1;34,429;52,504;12%;90%;52%
pbae-3753;2227;0;0;12,696;4,025.53;4,011;1,508;28;8.87;28;9;13;22;6.97;6;4;0.78;0;0;0;0;0;0;17;5;4;1;0;5;1.58;2;2;3;0;1;21,183;6,717;4,834;3,560;4;0;5;1;1;4;0;0;0;0;0;8;3;3;14;4;4;8;2.53;4;03:02;00:57;01:40;15;5;3;68%;81%;292;426;2,299;0.94;713;1,271;149;0;0;0;0;40 minutes;00:01;0;1;1;212;405;11%;27%;28%
Phoinix-3581;2837;0;0;2,117;3,706.33;1,239;1,019;4;7;2;4;1;4;7;2;2;1;0;0;0;0;0;0;2;4;1;0;0;3;5.25;2;1;1;0;0;2,233;3,909.54;1,204;915;2;0;2;1;0;1;0;0;0;0;0;2;4;2;1;2;1;2;3.5;1;00:08;00:15;00:08;3;5;2;28%;40%;2;7;0;0;0;156;23;1;1.75;1;0;4 minutes;02:22;0;0;0;58;141;14%;17%;0
Phython-1699;3306;0;0;7,107;8,200.55;6,662;2,160;10;11.53;10;12;9;25;28.84;23;15;2.5;0;0;0;0;0;0;8;9;1;0;0;9;10.38;7;1;1;0;0;8,053;9,291.93;7,314;1,784;15;0;2;1;0;1;1;1.15;1;4;1;6;7;6;9;10;8;12;13.84;12;00:49;00:57;00:47;15;17;15;65%;67%;83;127;0;0;0;439;72;3;3.46;2;0;14 minutes;04:15;0;1;1;107;176;16%;17%;10%
pierino-1398;2595;1;0;8,891;5,219.33;5,567;2,587;12;7.04;29;17;12;16;9.39;7;4;1.33;0;0;0;0;0;0;8;5;1;0;0;4;2.34;2;1;2;0;1;19,241;11,295.02;9,484;3,130;4;0;3;0;1;1;0;0;0;0;0;22;13;8;14;8;7;2;1.17;2;01:46;01:02;01:13;26;15;9;66%;100%;35;53;0;0;0;774;118;0;0;0;0;22 minutes;02:40;0;1;1;446;654;15%;24%;34%
pii-11898;2709;0;0;41,796;7,085.67;5,988;2,808;55;9.32;84;14;20;87;14.74;15;12;1.58;0;0;0;0;0;0;58;10;10;0;0;21;3.56;5;3;6;0;3;66,398;11,257;11,453;4,129;12;0;13;5;3;5;0;0;0;0;0;35;6;8;37;6;5;41;6.95;9;04:01;00:40;01:57;64;11;11;68%;97%;448;657;3,802;0.74;555;3,151;529;4;0.67;2;0;1 hour;01:19;0;1;1;1,291;1,800;16%;22%;48%
Pine-31232;4374;1;0;5,394;6,726.06;5,394;2,064;4;4.98;11;14;11;12;14.96;12;5;3;0;0;0;0;0;0;3;4;3;0;0;1;1.24;1;1;1;0;0;11,483;14,318;11,483;3,957;5;0;2;0;2;0;0;0;0;0;0;9;11;9;6;7;6;5;6.23;5;01:24;01:45;01:24;11;14;11;69%;69%;78;112;567;0.81;567;466;62;0;0;0;0;11 minutes;0;0;1;1;176;236;13%;13%;0
Pinky-6151;70;0;0;7,492;3,970.45;3,437;1,097;17;9;5;3;3;20;10.59;12;5;1.17;0;0;0;0;0;0;7;4;1;0;0;8;4.23;4;0;2;0;1;9,909;5,250.94;3,499;1,441;5;0;5;2;0;3;0;0;0;0;0;7;4;3;9;5;0;11;5.82;7;02:49;01:29;02:25;6;3;3;67%;0;0;0;0;0;0;0;0;0;0;0;0;25 minutes;00:55;0;1;0;0;0;14%;0;68%
PizzaHut-11467;1579;0;0;3,587;1,920.18;2,947;1,233;7;3.74;5;3;5;2;1.07;2;1;0.28;0;0;0;0;0;0;1;1;1;0;0;0;0;0;2;2;0;0;3,804;2,035.97;3,701;1,121;1;0;0;0;0;0;0;0;0;0;0;3;2;3;4;2;4;0;0;0;00:24;00:12;00:24;3;2;3;48%;50%;73;151;0;0;0;447;43;0;0;0;0;9 minutes;0;0;0;0;59;141;9%;8%;7%
PoppyDogma-1243;3133;0;0;21,614;3,922.6;5,317;2,002;47;8.52;36;7;17;49;8.89;18;8;1.04;0;0;0;0;0;0;32;6;2;0;0;9;1.63;6;3;6;0;2;448;81;181;1,654;8;0;10;3;4;4;2;0.36;1;3;1;12;2;4;16;3;3;12;2.17;3;03:33;00:38;00:55;37;7;10;64%;100%;110;171;100;0.02;100;1,438;228;0;0;0;0;58 minutes;01:12;0;1;1;594;1,080;15%;25%;44%
presh-1451;3565;2;0;214,203;5,582.5;9,709;3,346;320;8.33;472;12;26;521;13.57;25;9;1.62;0;0;0;0;0;0;173;5;4;3;0;108;2.81;6;16;38;0;22;26,341;686;8,331;3,585;9;0;52;14;9;29;4;0.1;1;3;5;195;5;15;217;6;9;228;5.94;14;37:16;00:58;01:49;402;10;22;69%;100%;2,769;3,965;1,264;0.04;457;17,509;2,444;11;0.28;1;0;7 hours;11:08;1;1;1;6,400;9,361;13%;28%;56%
PsychoHazard-1722;0;4;0;173,863;6,008.95;11,135;3,558;215;7.43;254;9;18;382;13.2;32;10;1.77;0;0;0;0;0;0;202;7;1;1;0;148;5.11;12;15;29;1;13;192,054;6,637.65;10,411;4,655;10;0;66;22;20;24;6;0.2;1;4;1;167;6;16;173;6;9;174;6.01;15;33:25;01:09;02:16;277;10;26;62%;100%;2,161;3,483;0;0;0;13,337;2,101;26;0.89;3;0;5 hours;23:50;14;1;1;3,945;6,198;15%;38%;44%
puchio-1528;3000;0;0;383;1,987.41;383;253;2;10.36;1;5;1;0;0;0;0;0;0;0;0;0;0;0;1;5;1;0;0;0;0;0;0;0;0;0;1,724;8,934.62;1,724;1,453;0;0;1;0;0;0;0;0;0;0;0;1;5;1;1;5;1;0;0;0;00:03;00:16;00:03;1;5;1;75%;75%;22;29;0;0;0;85;4;0;0;0;0;2 minutes;0;0;1;1;17;26;4%;0;0
qqwess-3609;2968;8;0;144,729;5,696.13;13,080;4,876;187;7.35;400;16;33;413;16.25;36;13;2.2;0;0;0;0;0;0;230;9;18;1;0;79;3.1;10;9;25;0;16;275,644;10,849;20,396;5,633;13;0;41;7;10;24;2;0.07;1;0;0;126;5;14;149;6;12;148;5.82;16;21:00;00:49;01:32;327;13;27;60%;100%;278;461;16,640;0.8;1,273;12,085;1,479;16;0.62;3;0;5 hours;18:39;0;1;1;6,961;11,014;12%;20%;64%
Rain-13736;3146;0;0;4,912;3,856.66;3,219;1,146;11;8.63;22;17;13;10;7.85;6;3;0.9;0;0;0;0;0;0;10;8;1;0;0;2;1.57;1;0;1;0;1;11,719;9,201.91;5,512;2,562;3;0;3;1;1;1;0;0;0;0;0;5;4;3;7;5;4;5;3.92;5;01:37;01:16;01:37;8;6;5;56%;61%;45;80;0;0;0;493;57;1;0.78;1;0;15 minutes;01:37;2;1;1;224;326;11%;9%;100%
Raisu-3380;2608;0;0;15,263;5,615.79;3,454;1,477;30;11.03;20;7;9;28;10.3;11;6;0.93;0;0;0;0;0;0;19;7;1;0;0;12;4.41;4;1;3;1;2;22,342;8,220.34;5,545;3,499;6;0;7;3;0;4;2;0.73;2;0;0;5;2;2;15;6;4;5;1.83;3;02:47;01:01;02:10;15;6;5;58%;68%;96;165;0;0;0;1,104;161;4;1.47;2;0;35 minutes;0;0;1;1;479;759;14%;23%;58%
Randomoink-2799;2704;0;0;34,003;4,364.03;7,993;1,644;67;8.59;94;12;18;86;11.03;18;11;1.28;0;0;0;0;0;0;57;7;1;0;0;26;3.33;5;6;8;0;2;57,716;7,407.42;10,207;3,749;11;0;18;6;6;7;1;0.12;1;0;0;42;5;12;45;6;9;51;6.54;12;16:21;02:05;04:13;66;8;18;81%;100%;27;33;0;0;0;3,030;418;7;0.89;2;0;1 hour;06:25;3;1;1;1,897;2,918;13%;19%;19%
RapidCH-4957;2634;2;0;85,617;4,088.13;6,610;2,304;178;8.49;228;11;24;252;12.03;21;8;1.41;0;0;0;0;0;0;161;8;1;2;0;69;3.29;7;10;21;1;10;156,164;7,456.65;9,826;3,547;8;0;32;7;8;17;7;0.33;2;0;0;119;6;11;121;6;11;109;5.2;11;26:38;01:16;02:05;213;10;24;68%;91%;397;578;0;0;0;7,416;1,011;12;0.57;2;0;4 hours;13:07;3;1;1;3,943;6,137;13%;18%;46%
Rebecca-12561;0;0;0;4,500;3,129.95;1,736;886;11;7.65;8;6;6;16;11.12;9;4;1.45;0;0;0;0;0;0;3;2;1;0;0;6;4.17;4;0;1;0;1;7,960;5,536.08;3,045;1,882;4;0;3;1;0;1;0;0;0;0;0;8;6;6;7;5;1;6;4.17;4;02:58;02:03;01:36;7;5;6;67%;100%;61;91;0;0;0;492;55;1;0.69;1;0;15 minutes;03:42;0;1;1;175;303;11%;12%;91%
Rebird-1185;0;4;0;28,962;3,655.85;4,941;1,263;76;9.59;53;7;8;104;13.12;19;7;1.36;0;0;0;0;0;0;60;8;1;0;0;36;4.54;10;2;8;0;6;83,678;10,562.66;10,782;4,280;7;0;13;4;5;4;2;0.25;1;0;0;65;8;9;63;8;10;46;5.8;10;12:48;01:37;01:44;56;7;9;56%;76%;354;624;0;0;0;4,449;327;3;0.37;2;0;1 hour;21:30;2;1;1;1,902;3,138;7%;10%;72%
RebornZ-11715;4006;0;0;1,109;2,899.63;1,104;1,104;0;0;8;21;8;6;15.69;6;6;0;0;0;0;0;0;0;2;5;1;0;0;1;2.61;1;0;0;0;0;3,720;9,729.77;3,139;3,139;6;0;1;1;0;0;0;0;0;0;0;3;8;3;3;8;3;2;5.23;2;00:48;02:07;00:37;3;8;3;70%;70%;17;24;0;0;0;158;12;0;0;0;0;4 minutes;00:07;0;1;1;66;107;7%;8%;100%
Reilly-11549;3595;3;0;11,860;4,788.81;3,902;1,452;19;7.67;20;8;8;29;11.7;12;5;1.52;0;0;0;0;0;0;17;7;1;0;0;12;4.84;5;1;2;0;1;22,246;8,981.94;6,899;2,343;5;0;4;2;1;1;1;0.4;1;0;0;13;5;7;17;7;7;10;4.03;4;00:45;00:18;00:24;25;10;9;85%;100%;168;196;0;0;0;866;133;2;0.8;2;0;27 minutes;00:55;0;1;1;332;456;15%;15%;43%
Renyz-11199;3452;1;0;41,153;6,009.75;10,066;2,571;64;9.34;93;14;23;88;12.85;22;14;1.37;0;0;0;0;0;0;57;8;1;1;0;22;3.21;6;5;7;0;2;55,128;8,050.58;8,896;3,033;14;0;14;7;3;5;0;0;0;0;0;53;8;14;45;7;8;33;4.81;8;04:30;00:39;01:25;79;12;19;71%;100%;360;502;0;0;0;3,059;463;4;0.58;2;0;1 hour;01:52;2;1;1;1,452;2,010;15%;22%;29%
Riant-3882;3241;0;0;3,435;5,052.92;3,435;1,211;5;7.35;4;6;4;9;13.23;9;4;1.8;0;0;0;0;0;0;5;7;5;0;0;2;2.94;2;0;1;0;1;3,937;5,791;3,937;1,184;4;0;2;1;1;0;0;0;0;0;0;1;1;1;3;4;3;1;1.47;1;00:21;00:31;00:21;4;6;4;68%;68%;24;35;160;0.31;160;227;37;0;0;0;0;8 minutes;0;0;1;1;94;154;16%;0;100%
Ridget-11622;3613;3;0;36,587;6,097.85;9,094;2,949;47;7.83;114;19;30;92;15.33;22;10;1.95;0;0;0;0;0;0;43;7;10;2;0;24;4;9;3;6;0;3;63,399;10,567;18,553;4,859;10;0;9;2;4;3;0;0;0;3;1;47;8;17;34;6;10;45;7.5;12;06:04;01:00;01:55;87;15;26;71%;88%;239;333;2,672;0.56;802;2,735;422;1;0.16;1;0;1 hour;09:46;0;1;1;1,423;2,035;15%;19%;50%
RobiN-12495;3560;1;0;21,646;5,433.44;9,368;2,152;40;10.04;53;13;27;41;10.29;14;4;1.02;0;0;0;0;0;0;33;8;11;0;0;6;1.5;2;3;4;0;1;46,181;11,592;14,850;4,099;4;0;4;0;3;1;0;0;0;0;0;23;6;10;24;6;7;15;3.76;5;02:15;00:33;00:43;49;12;18;71%;83%;149;208;1,810;0.58;568;1,637;225;1;0.25;1;0;51 minutes;03:09;0;1;1;884;1,197;13%;18%;25%
Rollie-4233;3780;0;0;5,917;5,917.09;5,917;2,719;6;6;15;15;15;15;15;15;6;2.5;0;0;0;0;0;0;7;7;1;0;0;3;3;3;0;1;0;1;8,890;8,890.17;8,890;4,310;6;0;1;0;0;1;0;0;0;0;0;8;8;8;6;6;6;4;4;4;01:43;01:43;01:43;14;14;14;69%;69%;65;93;0;0;0;473;71;1;1;1;0;12 minutes;00:02;0;1;1;200;281;15%;15%;100%
rose-3958;1361;0;0;2,845;3,817.65;1,751;523;12;16.1;18;24;14;10;13.41;6;3;0.83;0;0;0;0;0;0;2;3;1;1;0;2;2.68;1;0;1;0;0;7,229;9,699;5,473;2,165;3;0;0;0;0;0;0;0;0;0;0;1;1;1;4;5;3;6;8.05;4;01:33;02:05;01:08;6;8;4;65%;70%;46;70;422;0.57;258;338;39;0;0;0;0;12 minutes;0;0;1;1;124;194;11%;0;38%
ryujehong-31878;4424;0;0;18,274;8,587.99;7,049;2,232;21;9.86;38;18;24;58;27.25;26;9;2.76;0;0;0;0;0;0;24;11;10;1;0;10;4.69;6;0;2;0;2;25,588;12,025;12,480;3,891;9;0;5;2;2;0;1;0.46;1;0;0;14;7;8;16;8;6;26;12.21;10;04:58;02:20;02:15;37;17;20;70%;74%;281;401;1,384;0.62;541;1,284;222;3;1.4;2;0;37 minutes;04:19;0;1;1;349;466;17%;29%;71%
S4MOYED-1486;3166;0;0;14,998;3,276.31;5,144;1,404;41;8.95;77;17;25;41;8.95;18;7;1;0;0;0;0;0;0;30;7;11;0;0;7;1.52;3;3;5;0;2;42,737;9,336;12,544;2,561;7;0;6;1;2;3;0;0;0;4;1;17;4;8;25;5;8;26;5.67;12;06:34;01:26;02:39;43;9;18;71%;100%;49;69;1,649;0.47;582;1,620;147;1;0.21;1;0;57 minutes;02:37;0;1;1;985;1,457;9%;13%;43%
sadkatz-1191;3656;2;0;11,994;2,248.4;3,999;1,774;29;5.43;76;14;18;47;8.81;19;11;1.62;0;0;0;0;0;0;20;4;1;0;0;7;1.31;3;0;5;0;5;42,043;7,881.21;11,507;4,478;11;0;7;1;5;1;0;0;0;0;0;45;8;11;26;5;7;16;2.99;6;04:56;00:55;01:19;62;12;22;84%;100%;56;66;0;0;0;1,958;149;1;0.18;1;0;58 minutes;00:02;0;1;1;1,230;1,800;7%;11%;94%
sads-1738;2797;1;0;59,691;6,248.1;11,774;2,364;73;7.64;138;14;26;134;14.02;23;9;1.83;0;0;0;0;0;0;88;9;15;0;0;29;3.03;5;5;10;1;4;97,601;10,216;17,192;4,421;9;0;18;5;7;6;1;0.1;1;3;1;55;6;10;40;4;6;61;6.38;14;11:06;01:09;02:24;112;12;18;67%;100%;314;468;3,875;0.51;727;4,279;678;5;0.52;2;0;2 hours;07:35;0;1;1;2,152;3,303;15%;20%;46%
saks-21838;2540;0;0;7,801;5,915.77;4,387;1,005;19;14.4;7;5;4;19;14.4;10;5;1;0;0;0;0;0;0;10;8;1;0;0;4;3.03;2;1;1;0;0;6,533;4,953.99;3,513;1,141;5;0;3;0;2;2;0;0;0;0;0;7;5;4;9;7;5;6;4.55;4;01:40;01:16;01:28;12;9;7;66%;100%;32;48;0;0;0;418;87;0;0;0;0;20 minutes;00:09;0;1;1;181;313;20%;19%;32%
SaltyPanda-11486;3295;0;0;44,629;5,761.35;11,121;4,282;48;6.19;83;11;26;104;13.42;31;14;2.16;0;0;0;0;0;0;43;6;8;0;0;34;4.38;12;4;8;0;3;12,898;1,665;10,886;2,785;14;0;14;6;2;6;1;0.12;1;0;0;37;5;11;35;5;8;54;6.97;15;08:28;01:05;02:01;68;9;16;69%;100%;265;384;1,509;0.31;1,224;2,666;545;6;0.77;3;0;1 hour;06:29;4;1;1;1,145;1,863;20%;29%;43%
SanALex-2258;3625;3;0;136,627;5,614.9;8,933;2,337;289;11.87;405;17;34;338;13.89;24;9;1.16;0;0;0;0;0;0;205;8;1;4;0;77;3.16;9;9;24;2;13;182,886;7,515.96;9,748;2,768;9;0;47;12;11;23;6;0.24;2;0;0;162;7;15;158;6;8;141;5.79;18;35:13;01:26;03:46;324;13;24;51%;100%;276;537;0;0;0;11,972;1,476;3;0.12;1;0;5 hours;05:58;1;1;1;6,159;10,739;12%;20%;54%
SayaKo-4422;0;0;0;23,821;3,891.63;4,666;1,241;53;8.65;77;13;14;46;7.51;11;5;0.86;0;0;0;0;0;0;25;4;1;0;0;16;2.61;5;3;6;2;2;40,253;6,576.26;9,695;3,825;5;0;13;4;3;6;1;0.16;1;0;0;29;5;11;27;4;6;26;4.24;8;08:38;01:24;01:38;50;8;16;60%;85%;151;250;0;0;0;2,631;277;1;0.16;1;0;1 hour;03:58;0;1;1;1,175;2,104;10%;12%;27%
scottiting-3836;3000;0;0;34,648;4,542.27;9,773;2,319;58;7.6;93;12;24;71;9.3;19;5;1.22;0;0;0;0;0;0;37;5;10;1;0;13;1.7;5;2;8;0;5;55,993;7,340;8,067;4,448;5;0;14;4;2;8;0;0;0;0;0;36;5;13;28;4;6;21;2.75;4;05:50;00:46;01:27;59;8;17;58%;88%;410;695;7,105;1.2;963;3,336;430;1;0.13;1;0;1 hour;00:39;0;1;1;1,113;1,917;12%;24%;67%
Scy-1494;2687;3;0;144,574;5,438.58;6,030;2,495;238;8.95;261;10;14;365;13.73;19;9;1.53;0;0;0;0;0;0;196;7;1;2;0;125;4.7;9;10;27;2;14;156,833;5,899.74;11,125;3,323;9;0;62;19;13;30;6;0.22;2;0;0;150;6;10;130;5;7;186;6.99;11;40:38;01:31;01:53;292;11;16;52%;100%;417;799;0;0;0;10,062;1,645;17;0.63;2;0;5 hours;17:29;14;1;1;4,249;8,332;16%;29%;53%
Seba-1198;62;0;0;19,857;6,290.3;7,502;2,127;41;12.98;9;3;4;58;18.37;15;7;1.41;0;0;0;0;0;0;21;7;1;1;0;19;6.01;7;0;3;0;2;23,077;7,310.42;8,202;2,665;7;0;6;1;1;4;2;0.63;1;0;0;21;7;9;27;9;4;22;6.96;8;03:16;01:02;01:50;21;7;9;66%;0;0;0;0;0;0;0;0;4;1.26;2;0;51 minutes;00:50;0;1;1;0;0;16%;0;51%
SEKIYUTA-1528;3229;0;0;44,713;7,398.55;10,101;2,166;46;7.61;97;16;32;113;18.69;28;9;2.45;0;0;0;0;0;0;40;7;5;2;0;42;6.94;9;3;6;1;3;14,030;2,322;7,129;2,697;9;0;10;1;2;6;2;0.33;1;0;0;48;8;15;40;7;10;56;9.26;13;08:21;01:23;01:59;79;13;25;69%;78%;527;754;1,688;0.35;907;2,935;587;4;0.66;1;0;1 hour;04:37;0;1;1;927;1,387;20%;22%;41%
Setsuna-3446;0;0;0;5,063;6,115.89;3,125;1,712;9;10.87;9;11;7;10;12.07;6;4;1.11;0;0;0;0;0;0;8;10;6;0;0;3;3.62;2;0;1;0;0;9,801;11,840;5,178;3,079;4;0;1;1;0;0;1;1.2;1;0;0;3;4;3;4;5;2;7;8.45;4;01:12;01:27;01:02;8;10;5;60%;61%;28;46;467;0.64;280;410;57;1;1.2;1;0;11 minutes;01:08;0;1;1;209;314;13%;18%;58%
ShadowDragon-148899;2901;1;0;39,548;5,275.48;6,314;2,597;57;7.6;131;17;31;121;16.14;18;8;2.12;0;0;0;0;0;0;62;8;1;1;0;33;4.4;5;2;7;1;5;74,531;9,942.02;17,077;4,484;8;0;16;4;7;5;0;0;0;3;1;66;9;14;62;8;13;72;9.6;10;17:09;02:17;02:10;113;15;20;68%;100%;280;409;0;0;0;3,677;466;2;0.26;1;0;1 hour;18:12;4;1;1;1,812;2,797;12%;17%;68%
Shady-1406;2679;0;0;5,277;3,860.38;2,307;666;16;11.7;22;16;12;19;13.89;11;6;1.18;0;0;0;0;0;0;9;7;1;0;0;4;2.92;2;1;1;0;1;14,902;10,901.21;6,026;1,836;6;0;3;1;2;1;0;0;0;0;0;6;4;3;9;7;4;13;9.5;7;05:45;04:12;02:44;12;9;7;57%;88%;20;35;0;0;0;683;61;0;0;0;0;21 minutes;00:22;0;1;1;329;604;8%;20%;48%
Sharkyos-1524;0;0;0;1,490;4,159.61;1,490;772;3;8.37;10;28;10;5;13.95;5;2;1.66;0;0;0;0;0;0;2;6;2;0;0;1;2.79;1;0;0;0;0;5,715;15,949;5,715;2,942;2;0;1;0;0;0;0;0;0;0;0;1;3;1;3;8;3;1;2.79;1;00:06;00:18;00:06;2;6;2;62%;62%;5;8;221;0.81;221;165;14;0;0;0;0;4 minutes;0;0;1;1;98;146;8%;8%;100%
Shinobu-1269;48;0;0;2,338;4,209.66;2,338;1,535;7;12.6;1;2;1;3;5.4;3;2;0.42;0;0;0;0;0;0;3;5;1;0;0;1;1.8;1;0;1;0;1;3,126;5,628.6;3,126;1,206;2;0;1;1;1;0;0;0;0;0;0;4;7;4;3;5;0;1;1.8;1;02:53;05:12;02:53;4;7;4;48%;0;0;0;0;0;0;0;0;0;0;0;0;9 minutes;00:36;0;0;0;0;0;14%;0;100%
ska-11144;4016;1;0;13,259;8,477.41;8,378;2,951;12;7.67;36;23;27;31;19.81;21;9;2.58;0;0;0;0;0;0;14;9;7;0;0;12;7.67;10;1;2;0;1;25,298;16,174;18,697;6,054;9;0;3;2;2;0;0;0;0;0;0;8;5;5;13;8;9;4;2.55;3;01:26;00:55;01:05;21;13;12;70%;71%;147;209;990;0.64;801;1,084;164;2;1.27;2;0;25 minutes;03:36;0;1;1;483;653;15%;0;36%
SKRT-11232;1023;1;0;14,136;696.2;5,648;1,902;223;10.98;11;1;3;55;2.7;22;8;0.24;0;0;0;0;0;0;108;5;1;23;0;23;1.13;16;17;20;0;4;16,209;798.3;5,980;2,938;8;0;15;6;5;4;2;0.09;1;0;0;12;1;3;38;2;5;20;0.98;12;04:44;00:13;00:37;21;1;5;66%;100%;63;95;0;0;0;707;124;11;0.54;9;1;3 hours;02:46;6;1;1;314;479;17%;37%;18%
Slinky-1777;0;0;0;2,202;6,284.33;2,202;1,530;2;5.7;0;0;0;1;2.85;1;1;0.5;0;0;0;0;0;0;2;6;1;0;0;0;0;0;0;0;0;0;1,839;5,248.52;1,839;1,222;1;0;1;0;0;1;0;0;0;0;0;0;0;0;1;3;1;0;0;0;0;0;0;0;0;0;72%;72%;26;36;0;0;0;126;28;0;0;0;0;2 minutes;0;0;1;1;38;53;22%;0;0
Smith-2700;82;0;0;1,337;5,983.09;1,337;796;1;4.47;1;4;1;4;17.89;4;3;4;0;0;0;0;0;0;1;4;1;0;0;1;4.47;1;0;0;0;0;2,099;9,394.75;2,099;1,393;3;0;0;0;0;0;0;0;0;0;0;1;4;1;2;9;0;0;0;0;00:00;00:00;00:00;0;0;0;73%;0;0;0;0;0;0;0;0;0;0;0;0;4 minutes;0;0;0;0;0;0;11%;0;0
Snoy-1164;3000;1;0;14,534;4,546.11;5,558;2,203;18;5.63;53;17;15;45;14.07;14;9;2.5;0;0;0;0;0;0;20;6;1;0;0;14;4.37;8;0;3;0;3;31,606;9,886.06;14,861;3,779;9;0;5;1;1;3;0;0;0;3;2;29;9;13;26;8;11;14;4.37;7;03:39;01:08;01:36;51;16;21;66%;75%;318;479;0;0;0;1,557;184;1;0.31;1;0;38 minutes;03:21;0;1;1;395;573;11%;14%;100%
SoKoOLz-3456;2627;2;0;21,828;4,991.32;5,496;1,830;45;10.29;73;17;22;51;11.66;14;10;1.13;0;0;0;0;0;0;35;8;1;0;0;10;2.28;4;3;4;0;2;46,984;10,743.85;9,740;5,205;10;0;9;2;2;5;0;0;0;0;0;30;7;7;25;6;5;16;3.65;6;06:41;01:31;01:33;51;12;10;71%;77%;441;616;0;0;0;2,327;245;2;0.45;2;0;1 hour;0;0;1;1;655;1,070;10%;18%;38%
solaroplus-3806;2592;1;0;24,535;5,571.65;7,098;2,132;39;8.85;72;16;20;88;19.98;25;6;2.25;0;0;0;0;0;0;50;11;1;0;0;24;5.45;7;2;4;1;2;38,773;8,804.73;7,984;2,522;6;0;12;3;3;5;1;0.22;1;3;1;29;7;11;34;8;9;45;10.21;16;09:08;02:04;03:02;70;16;24;70%;100%;149;211;0;0;0;1,712;268;0;0;0;0;1 hour;07:20;1;1;1;892;1,256;15%;20%;48%
Somnians-2461;3015;3;0;192,207;4,607.26;6,917;2,429;396;9.49;497;12;17;446;10.69;13;12;1.12;0;0;0;0;0;0;267;6;1;4;0;117;2.8;5;21;42;4;16;330,659;7,926.01;8,423;4,413;12;0;93;36;16;40;2;0.04;1;3;2;261;6;9;305;7;8;188;4.5;10;01:03:37;01:31;02:44;445;11;15;63%;100%;423;664;0;0;0;15,624;2,190;14;0.33;2;0;8 hours;30:34;3;1;2;9,602;13,991;14%;31%;39%
Sooby-2892;2588;0;0;11,062;9,066.06;5,063;1,591;15;12.29;15;12;10;22;18.02;10;4;1.46;0;0;0;0;0;0;16;13;1;0;0;8;6.55;4;1;1;0;1;10,417;8,536.81;4,644;2,354;4;0;4;2;0;2;0;0;0;0;0;13;11;9;11;9;6;6;4.91;3;02:17;01:52;01:15;18;15;9;68%;77%;89;130;0;0;0;601;146;0;0;0;0;19 minutes;00:11;0;1;1;203;330;24%;66%;52%
SOR-11872;3722;0;0;36,219;5,452.01;5,052;2,168;50;7.52;61;9;11;100;15.05;15;6;2;0;0;0;0;0;0;51;8;1;1;0;34;5.11;7;2;7;0;4;31,533;4,746.63;4,604;2,175;6;0;13;3;3;7;1;0.15;1;0;0;27;4;7;32;5;5;36;5.41;10;05:06;00:46;01:18;66;10;10;68%;80%;405;587;0;0;0;2,389;386;8;1.2;2;0;1 hour;00:52;3;1;1;612;1,183;16%;23%;64%
sorpiggor-3889;0;0;0;9,388;12,269.65;9,388;1,514;18;23.52;20;26;20;21;27.44;21;4;1.16;0;0;0;0;0;0;8;10;8;1;0;7;9.14;7;0;1;0;1;14,265;18,645;14,265;1,946;4;0;1;0;0;1;2;2.61;2;0;0;7;9;7;7;9;7;10;13.07;10;01:44;02:16;01:44;13;17;13;75%;75%;89;118;1,130;1;1,130;613;117;1;1.3;1;0;18 minutes;00:48;0;1;1;243;370;19%;0;100%
SpartanZero-6126;2303;0;0;2,964;4,223.6;1,987;525;8;11.4;6;9;5;4;5.7;3;1;0.5;0;0;0;0;0;0;3;4;1;0;0;2;2.85;1;0;1;0;0;6,302;8,980.06;4,906;1,463;1;0;2;0;0;2;0;0;0;0;0;7;10;5;4;6;3;2;2.85;1;00:39;00:55;00:21;9;13;6;60%;60%;14;23;0;0;0;360;26;1;1.42;1;0;9 minutes;0;0;1;1;239;310;7%;6%;28%
spooner-1925;3641;1;0;39,972;5,684.8;9,342;1,802;58;8.24;117;17;24;111;15.78;20;7;1.91;0;0;0;0;0;0;64;9;1;0;0;29;4.12;7;1;7;1;5;62,768;8,926.82;9,703;4,426;7;0;14;4;3;7;0;0;0;4;2;46;7;11;47;7;8;44;6.25;10;07:13;01:01;01:43;93;13;21;65%;100%;207;316;0;0;0;2,790;440;6;0.85;2;0;1 hour;06:37;0;1;1;1,527;2,111;15%;22%;76%
Squacle-1295;2299;0;0;940;2,919.1;940;860;1;3.1;1;3;1;0;0;0;0;0;0;0;0;0;0;0;0;0;0;0;0;0;0;0;0;0;0;0;621;1,928;621;621;0;0;0;0;0;0;0;0;0;0;0;0;0;0;0;0;0;0;0;0;00:02;00:09;00:02;0;0;0;35%;35%;5;14;0;0;0;55;11;0;0;0;0;1 minute;0;0;1;1;17;27;20%;20%;0
sreader-1911;2668;8;0;84,562;4,665.53;6,835;2,465;144;7.94;296;16;45;200;11.03;21;7;1.38;0;0;0;0;0;0;123;7;11;2;0;54;2.97;6;11;18;1;6;57,052;3,148;17,156;4,930;7;0;21;2;9;11;3;0.16;1;0;0;121;7;18;105;6;12;71;3.91;8;15:41;00:51;01:33;196;11;23;71%;86%;587;822;4,546;0.33;1,361;7,926;1,009;7;0.38;2;0;3 hours;02:57;0;1;1;4,281;6,177;12%;22%;34%
Ssem-3281;2855;4;0;76,561;4,094.39;6,716;2,480;162;8.66;281;15;35;248;13.26;28;10;1.53;0;0;0;0;0;0;167;9;20;1;0;59;3.15;9;7;19;0;11;163,753;8,757;15,673;5,224;10;0;30;7;10;13;2;0.1;1;0;0;77;4;14;87;5;7;114;6.09;14;27:33;01:28;02:45;184;10;23;68%;100%;321;470;14,240;0.98;1,305;8,115;847;5;0.26;1;0;4 hours;13:35;3;1;1;4,517;7,087;10%;14%;60%
STANDBALD-1768;2271;0;0;13,842;4,401.28;5,746;4,616;17;5.4;20;6;11;26;8.26;11;8;1.52;0;0;0;0;0;0;8;3;1;0;0;4;1.27;3;3;3;0;0;1,104;351;1,104;2,141;8;0;7;4;2;2;0;0;0;0;0;10;3;4;12;4;4;16;5.08;8;01:34;00:29;00:40;19;6;8;55%;61%;164;296;231;0.13;231;1,146;146;0;0;0;0;29 minutes;0;1;0;1;270;542;12%;16%;0
Suiyoku-4395;1993;0;0;28,944;10,075.18;12,025;3,032;34;11.83;53;18;25;55;19.14;22;7;1.61;0;0;0;0;0;0;33;11;14;1;0;16;5.56;5;1;3;0;2;25,035;8,715;10,179;2,558;7;0;5;1;1;3;0;0;0;0;0;14;5;6;16;6;6;24;8.35;10;03:45;01:18;01:16;32;11;15;60%;76%;64;105;4,185;1.42;1,501;1,409;331;3;1.04;2;0;49 minutes;01:11;0;1;1;704;1,183;23%;37%;53%
Supah-1288;3197;1;0;11,042;2,958.67;2,392;783;29;7.77;51;14;12;40;10.71;9;6;1.37;0;0;0;0;0;0;24;6;1;1;0;8;2.14;3;1;4;0;2;44,269;11,861.85;8,272;3,188;6;0;8;1;3;4;2;0.53;1;0;0;33;9;11;30;8;6;17;4.55;5;05:46;01:32;01:47;51;14;13;73%;81%;140;190;0;0;0;1,692;128;0;0;0;0;47 minutes;04:55;0;1;1;933;1,282;7%;11%;50%
SupportMain-11364;60;1;0;50,821;3,906.84;6,857;1,664;93;7.14;71;5;11;124;9.53;23;7;1.33;0;0;0;0;0;0;51;4;1;1;0;40;3.07;9;0;13;0;8;110,065;8,461.2;14,264;3,646;7;0;20;5;4;11;0;0;0;0;0;82;6;20;90;7;10;61;4.68;14;11:04;00:51;01:28;83;6;21;68%;100%;0;0;399;0;0;0;0;6;0.46;1;0;2 hours;16:03;0;1;1;0;0;10%;0;58%
Surefour-2559;4493;2;0;75,515;6,937.05;10,156;3,880;51;4.68;167;15;23;239;21.95;29;13;4.68;0;0;0;0;0;0;101;9;1;2;0;89;8.17;11;2;11;0;8;85,077;7,815.47;10,334;3,758;13;0;23;6;5;11;1;0.09;1;3;2;77;7;11;87;8;12;60;5.51;9;04:24;00:24;00:54;169;16;19;73%;84%;1,085;1,480;0;0;0;4,940;853;15;1.37;4;0;2 hours;20:56;0;1;1;1,332;1,893;17%;22%;77%
SwagUnicorn-4998;0;2;0;92,530;3,421.7;5,251;2,505;222;8.2;352;13;30;266;9.83;15;9;1.19;0;0;0;0;0;0;181;7;1;4;0;67;2.47;6;13;27;2;13;187,303;6,926.33;10,387;4,744;9;0;46;15;13;19;5;0.18;3;0;0;135;5;10;133;5;8;123;4.54;9;27:14;01:00;02:22;236;9;17;65%;100%;736;1,123;0;0;0;9,656;1,045;7;0.25;1;0;5 hours;10:48;15;1;1;4,641;7,277;10%;29%;46%
Sylar-1669;60;0;0;1,435;4,815.25;739;697;3;10.06;2;7;2;3;10.06;2;1;1;0;0;0;0;0;0;3;10;1;0;0;3;10.06;2;0;0;0;0;3,420;11,474.07;1,821;1,821;1;0;1;1;0;0;0;0;0;0;0;2;7;1;3;10;0;0;0;0;00:08;00:29;00:05;3;10;2;72%;0;0;0;0;0;0;0;0;0;0;0;0;4 minutes;0;0;1;0;0;0;14%;0;100%
Sypeh-2707;0;28;0;417,600;6,157.38;12,786;4,340;534;7.87;1,175;17;29;1,126;16.6;33;14;2.1;0;0;0;0;0;0;600;9;1;6;0;349;5.14;12;23;68;3;41;754,754;11,128.62;20,838;5,676;14;0;106;26;45;35;15;0.22;2;5;8;657;10;19;631;9;17;352;5.19;14;53:51;00:47;02:21;1,046;15;29;71%;85%;8,181;11,433;0;0;0;38,750;4,885;50;0.73;5;1;15 hours;01:16:21;3;1;1;10,295;15,251;12%;19%;60%
Talespin-1868;4132;0;0;6,754;12,845.62;6,754;2,476;4;7.6;7;13;7;16;30.43;16;7;4;0;0;0;0;0;0;6;11;1;0;0;7;13.31;7;1;1;0;0;3,967;7,545.77;3,967;1,618;7;0;2;1;1;1;0;0;0;0;0;5;10;5;4;8;4;7;13.31;7;01:06;02:06;01:06;9;17;9;75%;75%;108;143;0;0;0;362;85;1;1.9;1;0;7 minutes;00:20;0;1;1;46;72;23%;0;0
tape2-1581;4695;1;0;5,570;2,785.24;4,333;1,537;7;3.5;9;5;8;9;4.5;6;4;1.28;0;0;0;0;0;0;9;5;8;0;0;2;1;2;1;2;0;1;13,551;6,776;7,861;7,256;4;0;3;1;1;1;0;0;0;0;0;4;2;3;5;3;3;4;2;3;00:30;00:15;00:28;5;3;4;76%;79%;207;269;639;0.79;439;656;70;0;0;0;0;13 minutes;0;0;1;1;76;113;10%;17%;50%
Tee-11350;2110;9;0;165,702;3,703.65;9,071;2,560;390;8.71;560;13;35;516;11.53;28;10;1.32;0;0;0;0;0;0;343;8;15;7;0;129;2.88;10;20;45;4;21;376,062;8,405;15,188;5,022;10;0;73;14;22;37;7;0.15;1;3;2;164;4;11;200;4;8;227;5.07;16;53:52;01:12;03:20;427;10;22;69%;100%;879;1,270;19,018;0.56;829;14,721;1,580;11;0.24;2;0;9 hours;20:46;9;1;1;7,802;11,980;10%;19%;46%
Teejay-1789;3762;0;0;1,568;2,323.2;1,328;461;5;7.4;16;24;12;8;11.84;8;5;1.6;0;0;0;0;0;0;1;1;1;0;0;1;1.48;1;0;1;0;1;7,083;10,491.15;6,282;1,430;5;0;1;0;0;0;0;0;0;0;0;10;15;10;6;9;5;2;2.96;2;01:20;01:59;01:11;12;18;12;82%;90%;70;85;0;0;0;325;18;0;0;0;0;8 minutes;02:00;0;1;1;101;149;5%;6%;100%
Tenzou-1223;2671;1;0;20,308;7,244.59;8,571;1,853;28;9.98;68;24;30;74;26.39;31;9;2.64;0;0;0;0;0;0;36;13;1;2;0;20;7.13;10;2;3;0;1;32,087;11,446.7;14,529;2,857;9;0;5;2;1;3;1;0.35;1;0;0;30;11;16;26;9;11;25;8.91;12;04:36;01:38;01:52;55;20;27;57%;63%;113;198;0;0;0;1,706;239;5;1.78;2;0;42 minutes;08:43;0;1;1;803;1,284;14%;15%;35%
teraponn-1128;2934;1;0;16,801;5,004.12;3,861;1,355;33;9.82;36;11;13;39;11.61;18;6;1.18;0;0;0;0;0;0;41;12;12;1;0;11;3.27;6;2;3;0;1;42,608;12,691;13,649;3,470;6;0;7;2;3;2;0;0;0;0;0;19;6;9;19;6;7;24;7.14;13;04:48;01:25;01:15;36;11;12;75%;83%;124;165;3,166;1.06;780;1,554;179;1;0.29;1;0;49 minutes;03:24;0;1;1;857;1,205;11%;20%;26%
TheBlackOne-1989;0;0;0;4,145;7,435.96;4,145;1,837;7;12.55;14;25;14;8;14.35;8;3;1.14;0;0;0;0;0;0;6;11;6;0;0;0;0;0;1;1;0;0;8,784;15,759;8,784;2,276;3;0;1;1;0;1;0;0;0;0;0;5;9;5;4;7;4;2;3.58;2;01:23;02:28;01:23;6;11;6;62%;62%;10;16;528;1.05;528;317;49;0;0;0;0;8 minutes;01:49;0;1;1;186;281;15%;15%;0
TheHell-31963;4715;0;0;25,577;6,636.32;8,512;1,978;40;10.37;47;12;17;60;15.56;17;6;1.5;0;0;0;0;0;0;34;9;11;1;0;21;5.44;7;2;4;0;2;44,382;11,516;12,233;3,315;6;0;7;3;3;2;3;0.77;1;0;0;20;5;7;25;6;8;19;4.92;5;03:16;00:50;01:11;39;10;13;71%;77%;598;835;3,238;0.95;901;2,314;317;4;1.03;2;0;56 minutes;06:18;0;1;1;448;619;13%;13%;59%
Thorlax-2359;2420;0;0;21,990;5,333.72;8,602;3,406;32;7.76;54;13;18;61;14.79;19;8;1.9;0;0;0;0;0;0;16;4;1;1;0;15;3.63;8;0;4;0;4;30,926;7,501.26;10,802;4,310;8;0;4;0;0;4;0;0;0;0;0;28;7;9;26;6;10;32;7.76;10;05:15;01:16;02:07;50;12;16;60%;67%;184;302;0;0;0;1,963;255;1;0.24;1;0;58 minutes;00:43;0;1;1;767;1,333;12%;15%;97%
ThreeDDD-4546;3579;1;0;19,151;8,017.91;7,069;2,211;21;8.79;63;26;22;51;21.35;17;10;2.42;0;0;0;0;0;0;14;6;1;1;0;19;7.95;7;1;2;0;2;26,651;11,157.81;9,433;2,400;10;0;4;1;0;2;1;0.41;1;0;0;27;11;14;21;9;7;19;7.95;8;03:55;01:38;01:27;51;21;19;63%;71%;123;193;0;0;0;1,294;211;1;0.41;1;0;37 minutes;03:59;3;1;1;564;887;16%;10%;73%
tic-1885;63;0;0;114,688;7,602.72;14,149;3,840;111;7.35;68;5;12;268;17.76;43;14;2.41;0;0;0;0;0;0;115;8;1;3;0;94;6.23;12;0;15;0;9;98,934;6,558.33;9,913;3,812;14;0;22;7;2;12;3;0.19;1;0;0;117;8;12;115;8;8;89;5.89;19;15:41;01:02;01:30;114;8;12;66%;100%;0;0;0;0;0;0;0;12;0.79;2;0;3 hours;31:52;0;1;1;0;0;21%;0;59%
Tiki-11546;3512;2;0;126,809;6,563.87;10,761;2,496;235;12.16;249;13;25;315;16.3;27;11;1.34;0;0;0;0;0;0;140;7;1;5;0;85;4.39;8;10;19;1;9;139,364;7,213.74;11,361;2,625;11;0;31;8;5;18;3;0.15;1;0;0;119;6;15;110;6;8;123;6.36;12;21:13;01:05;02:16;243;13;24;60%;100%;306;509;0;0;0;7,723;1,451;14;0.72;4;0;4 hours;12:25;0;1;1;3,824;6,595;18%;28%;44%
TinTing-3105;3121;0;0;19,920;4,356.6;5,592;1,463;36;7.87;46;10;13;42;9.18;11;5;1.16;0;0;0;0;0;0;14;3;1;0;0;10;2.18;3;2;5;0;3;35,101;7,676.82;8,930;3,957;5;0;5;0;1;3;0;0;0;3;1;26;6;9;26;6;8;19;4.15;8;04:54;01:04;01:25;48;10;12;61%;70%;248;405;0;0;0;2,189;239;1;0.21;1;0;58 minutes;00:02;0;1;1;769;1,353;10%;14%;66%
tissuep-1542;3419;6;0;66,002;6,147.91;11,844;2,605;80;7.45;243;23;38;199;18.53;30;8;2.48;0;0;0;0;0;0;103;10;19;0;0;48;4.47;8;1;11;1;9;142,396;13,264;23,073;4,787;8;0;17;4;4;8;4;0.37;1;3;2;66;6;10;68;6;11;67;6.24;14;12:45;01:11;03:22;149;14;25;72%;79%;766;1,057;6,636;0.71;884;6,633;721;3;0.27;1;0;2 hours;16:19;1;1;1;3,182;4,451;10%;18%;82%
Toha-2496;1362;1;0;34,093;3,944.01;5,431;2,916;30;3.47;40;5;11;75;8.67;17;10;2.5;0;0;0;0;0;0;33;4;1;1;0;31;3.58;9;4;9;1;4;27,281;3,156.02;2,819;2,757;10;0;9;3;1;5;0;0;0;0;0;16;2;3;35;4;4;32;3.7;10;01:45;00:12;00:59;32;4;7;63%;86%;679;1,064;0;0;0;2,624;426;10;1.15;2;0;1 hour;01:47;3;1;1;279;461;16%;24%;42%
tongue-11364;3632;0;0;37,503;9,705.38;12,516;3,073;39;10.09;58;15;20;81;20.96;33;8;2.07;0;0;0;0;0;0;33;9;14;1;0;25;6.46;10;1;4;1;2;27,905;7,222;9,543;2,370;8;0;6;2;0;4;4;1.03;2;0;0;25;6;9;25;6;7;44;11.38;19;04:41;01:12;01:31;59;15;19;67%;71%;451;670;3,122;0.85;1,520;2,167;444;2;0.51;2;0;1 hour;04:53;0;1;1;574;802;20%;25%;42%
ToraNerd-1456;2322;0;0;2,361;4,140.48;2,281;885;8;14.02;8;14;7;7;12.27;7;2;0.87;0;0;0;0;0;0;5;9;1;0;0;1;1.75;1;1;1;0;0;6,091;10,680.02;4,795;1,627;2;0;2;1;0;1;0;0;0;0;0;6;11;6;4;7;3;2;3.5;2;01:14;02:10;01:14;6;11;6;64%;66%;33;51;0;0;0;265;29;1;1.75;1;0;8 minutes;01:10;0;1;1;104;159;10%;0;0
Treaty-11117;57;0;0;2,218;4,134.75;2,218;1,071;2;3.72;4;7;4;7;13.04;7;4;3.5;0;0;0;0;0;0;5;9;1;0;0;2;3.72;2;0;1;0;1;2,820;5,255.85;2,820;1,228;4;0;3;1;1;1;0;0;0;0;0;3;6;3;3;6;0;3;5.59;3;01:42;03:11;01:42;3;6;3;78%;0;0;0;0;0;0;0;0;1;1.86;1;0;4 minutes;01:45;0;1;0;0;0;22%;0;100%
Tung-3350;3000;2;0;31,141;3,621.31;6,887;3,096;46;5.34;129;15;29;112;13.02;23;6;2.43;0;0;0;0;0;0;37;4;1;0;0;38;4.41;8;1;9;0;7;66,148;7,692.1;10,355;6,111;6;0;13;2;5;5;1;0.11;1;0;0;66;8;12;54;6;8;32;3.72;7;09:04;01:03;01:43;90;10;18;70%;83%;594;846;0;0;0;3,357;381;13;1.51;4;0;1 hour;04:08;1;1;1;975;1,611;11%;15%;84%
TviQ-1503;4134;14;0;219,192;6,058.6;11,829;4,346;255;7.04;523;14;31;506;13.98;34;12;1.98;0;0;0;0;0;0;293;8;14;9;0;145;4;11;18;36;2;17;29,677;820;18,095;6,053;12;0;58;13;21;25;10;0.27;1;4;5;292;8;18;252;7;14;125;3.45;10;12:54;00:21;01:19;462;13;30;76%;85%;3,920;5,129;2,516;0.09;1,521;18,606;2,479;34;0.93;4;0;7 hours;29:08;2;1;1;5,901;8,094;13%;20%;45%
Ulfang-1914;57;1;0;13,326;2,934.97;3,976;1,284;44;9.69;6;1;3;28;6.16;10;4;0.63;0;0;0;0;0;0;37;8;1;1;0;8;1.76;2;0;5;0;2;17,806;3,921.88;4,157;3,088;4;0;7;3;2;2;1;0.22;1;0;0;21;5;8;15;3;0;6;1.32;3;02:44;00:36;01:16;15;3;5;48%;0;0;0;0;0;0;0;0;3;0.66;2;0;42 minutes;01:55;0;1;0;0;0;20%;0;54%
uNFixed-2518;0;6;0;79,934;6,635.34;12,862;3,543;82;6.8;175;15;28;170;14.11;32;10;2.07;0;0;0;0;0;0;75;6;4;3;0;39;3.23;7;4;12;0;8;5,708;474;3,632;4,460;10;0;21;4;6;12;1;0.08;1;4;3;98;8;16;81;7;10;53;4.39;12;07:45;00:38;01:31;146;12;30;72%;100%;842;1,165;678;0.07;342;5,016;949;4;0.33;1;0;2 hours;07:56;0;1;1;1,931;2,605;18%;50%;63%
uruca-11142;4007;3;0;42,956;6,035.52;7,552;2,786;65;9.13;127;18;32;108;15.17;26;11;1.66;0;0;0;0;0;0;71;10;14;0;0;29;4.07;7;4;7;1;3;73,976;10,394;13,308;5,201;11;0;12;4;3;6;1;0.14;1;3;1;43;6;8;45;6;8;53;7.44;23;08:05;01:08;02:09;93;13;17;74%;87%;659;879;4,804;0.85;1,004;3,550;504;2;0.28;1;0;1 hour;11:43;1;1;1;1,214;1,747;14%;21%;42%
Vance-4548;0;0;0;4,603;4,603.01;4,603;2,465;3;3;12;12;12;8;8;8;7;2.66;0;0;0;0;0;0;9;9;9;0;0;5;5;5;1;1;0;0;6,272;6,272;6,272;2,824;7;0;1;0;1;0;1;1;1;0;0;2;2;2;3;3;3;0;0;0;00:22;00:22;00:22;5;5;5;60%;60%;17;28;516;1.07;516;268;51;0;0;0;0;8 minutes;01:35;0;1;1;145;209;19%;19%;0
vanGh-11287;3063;73;0;570,259;3,792.22;7,515;3,203;1,361;9.05;2,773;18;35;1,668;11.09;27;12;1.22;0;0;0;0;0;0;1,016;7;11;6;0;315;2.09;7;74;150;12;64;13,392;89;13,392;6,180;12;0;220;43;103;73;2;0.01;1;3;10;1,416;9;20;1,247;8;16;827;5.49;15;03:36:39;01:26;04:33;2,122;14;28;74%;100%;8,239;11,024;674;0;674;80,543;6,277;14;0.09;2;0;35 hours;01:55:50;6;1;1;40,284;57,247;7%;17%;42%
Vermillion-11337;3507;1;0;25,201;3,732.38;3,938;1,592;55;8.14;78;12;17;61;9.03;11;9;1.1;0;0;0;0;0;0;30;4;6;0;0;18;2.66;5;3;7;1;3;55,755;8,258;8,904;2,866;9;0;14;4;3;7;1;0.14;1;0;0;31;5;9;33;5;5;28;4.14;6;10:28;01:33;02:31;59;9;15;69%;75%;387;555;3,110;0.65;837;2,609;294;0;0;0;0;1 hour;01:54;0;1;1;906;1,466;11%;25%;50%
voice-3499;3569;1;0;17,012;4,560.61;6,154;1,510;51;13.67;66;18;31;42;11.25;16;6;0.82;0;0;0;0;0;0;22;6;7;1;0;11;2.94;4;3;4;0;0;42,983;11,523;18,276;5,364;6;0;8;2;3;2;0;0;0;0;0;14;4;6;17;5;9;10;2.68;5;03:47;01:01;01:38;36;10;19;69%;85%;169;242;3,642;1;1,687;1,526;203;0;0;0;0;1 hour;03:05;0;1;1;748;1,025;13%;17%;13%
watt-1213;80;0;0;32,426;6,850.46;6,007;2,994;33;6.97;14;3;5;67;14.15;11;6;2.03;0;0;0;0;0;0;41;9;1;0;0;21;4.43;4;0;5;0;2;38,450;8,123.13;5,814;3,200;6;0;11;4;1;5;2;0.42;1;0;0;42;9;6;32;7;2;30;6.33;6;07:53;01:40;01:24;38;8;5;73%;74%;0;0;0;0;0;0;0;1;0.21;1;0;1 hour;08:07;0;1;1;0;0;17%;0;44%
weaselele-2442;4437;13;0;268,914;5,834.79;11,205;3,320;354;7.68;652;14;25;739;16.03;28;12;2.08;0;0;0;0;0;0;312;7;1;2;0;243;5.27;15;11;46;4;32;438,065;9,504.96;14,717;4,897;12;0;90;32;22;35;5;0.1;1;4;3;472;10;18;414;9;15;249;5.4;16;32:43;00:42;01:35;707;15;27;73%;100%;5,506;7,470;0;0;0;24,384;3,200;37;0.8;4;0;9 hours;46:33;3;1;1;6,325;9,030;13%;21%;68%
WinterDKay-2106;2919;0;0;69,096;6,014.21;10,791;3,716;64;5.57;98;9;11;150;13.05;18;11;2.34;0;0;0;0;0;0;59;5;1;2;0;62;5.39;6;5;11;0;6;72,548;6,314.6;8,436;3,769;11;0;19;4;4;11;0;0;0;3;1;57;5;9;76;7;9;34;2.95;6;06:10;00:32;01:04;85;7;15;66%;80%;1,277;1,929;0;0;0;5,537;860;13;1.13;2;0;2 hours;06:00;2;1;1;983;1,603;15%;21%;56%
XavierChu-3266;3000;0;0;3,453;3,850.72;2,730;1,382;8;8.92;6;7;4;6;6.69;4;2;0.75;0;0;0;0;0;0;3;3;1;0;0;3;3.34;2;1;1;0;0;7,389;8,240.69;4,839;2,212;2;0;2;0;1;1;0;0;0;0;0;2;2;2;5;6;3;2;2.23;2;01:11;01:19;01:07;3;3;3;65%;68%;47;72;0;0;0;349;40;0;0;0;0;10 minutes;0;1;1;1;130;200;11%;16%;0
xFloweyx-3965;1752;0;0;3,748;8,052.59;3,748;1,275;4;8.59;6;13;6;11;23.63;11;4;2.75;0;0;0;0;0;0;8;17;8;0;0;2;4.29;2;0;0;0;0;3,682;7,911;3,682;1,243;4;0;1;0;1;0;0;0;0;0;0;3;6;3;2;4;2;5;10.74;5;01:11;02:33;01:11;4;9;4;50%;50%;7;14;378;0.92;378;209;40;1;2.14;1;0;6 minutes;0;0;1;1;100;179;19%;19%;0
xxiSaint-3541;2298;0;0;4,569;2,741.06;2,482;941;8;4.79;5;3;3;13;7.79;10;4;1.62;0;0;0;0;0;0;5;3;1;0;0;2;1.19;1;1;2;0;1;7,950;4,769.48;5,662;4,991;4;0;3;1;0;2;1;0.59;1;0;0;3;2;3;6;4;4;4;2.39;4;00:59;00:35;00:41;7;4;7;55%;100%;20;36;0;0;0;476;50;1;0.59;1;0;14 minutes;0;0;1;1;206;398;10%;15%;59%
Y19251658-2148;3795;4;0;37,695;6,236.74;8,365;2,175;47;7.77;128;21;28;100;16.54;24;9;2.12;0;0;0;0;0;0;56;9;1;0;0;29;4.79;9;1;6;0;5;79,858;13,212.62;18,283;6,559;9;0;9;3;4;2;1;0.16;1;0;0;57;9;16;69;11;15;31;5.12;10;07:06;01:10;01:45;97;16;24;71%;90%;797;1,122;0;0;0;3,893;444;6;0.99;3;0;1 hour;11:08;0;1;1;1,104;1,580;11%;10%;90%
YaMou-4439;3076;7;0;131,420;4,532.56;6,931;1,590;314;10.82;463;16;30;363;12.51;27;11;1.15;0;0;0;0;0;0;257;9;17;6;0;72;2.48;11;14;29;3;12;311,465;10,742;15,271;4,244;11;0;59;15;20;24;6;0.2;1;3;2;190;7;15;152;5;9;166;5.72;15;46:36;01:36;03:51;376;13;23;56%;100%;457;811;29,290;1.21;1,920;13,586;1,408;6;0.2;2;0;6 hours;35:01;0;1;1;7,136;11,812;10%;28%;39%
YLLES-3238;4613;1;0;15,184;7,592.71;8,131;2,389;14;7;26;13;20;36;18;25;7;2.57;0;0;0;0;0;0;18;9;15;0;0;13;6.5;10;1;2;0;1;15,918;7,960;11,589;2,809;7;0;6;2;3;1;1;0.5;1;0;0;13;7;11;7;4;5;5;2.5;3;00:33;00:16;00:23;32;16;25;59%;62%;46;77;934;0.77;482;750;173;1;0.5;1;0;20 minutes;01:48;0;1;1;411;588;23%;26%;50%
Yoooz-3681;2542;2;0;41,873;5,211.29;8,052;2,472;61;7.59;87;11;21;97;12.07;16;10;1.59;0;0;0;0;0;0;44;5;1;0;0;28;3.48;7;3;8;1;3;51,061;6,354.75;9,739;2,935;10;0;16;3;3;9;2;0.24;1;0;0;50;6;13;47;6;8;29;3.6;6;05:52;00:43;01:22;98;12;21;59%;87%;258;434;0;0;0;3,158;459;2;0.24;1;0;1 hour;05:52;2;1;1;1,282;2,243;14%;18%;43%
YuzuP-1934;1855;0;0;48,941;4,647.86;6,356;1,927;84;7.97;147;14;28;95;9.02;12;6;1.13;0;0;0;0;0;0;23;2;1;1;0;19;1.8;4;5;11;1;4;73,521;6,982.16;6,806;2,440;6;0;18;5;5;8;0;0;0;0;0;58;6;9;55;5;5;50;4.74;9;16:13;01:32;02:26;86;8;9;62%;100%;33;53;0;0;0;4,166;626;0;0;0;0;2 hours;01:39;0;1;1;2,384;4,005;15%;25%;40%
Yz50-11781;4342;0;0;6,145;6,145.26;6,145;1,288;10;10;6;6;6;9;9;9;2;0.9;0;0;0;0;0;0;6;6;6;0;0;3;3;3;1;1;0;0;9,797;9,797;9,797;2,043;2;0;1;0;0;1;0;0;0;0;0;3;3;3;7;7;7;3;3;3;00:54;00:54;00:54;4;4;4;65%;65%;31;47;636;0.86;636;392;70;0;0;0;0;12 minutes;0;0;1;1;215;291;17%;17%;0
Zatanna-11384;65;0;0;11,344;4,185.07;2,227;1,775;35;12.91;6;2;2;23;8.48;7;5;0.65;0;0;0;0;0;0;16;6;1;1;0;8;2.95;4;0;3;0;2;19,854;7,324.48;3,821;1,920;5;0;6;3;1;2;0;0;0;0;0;20;7;5;15;6;2;7;2.58;3;03:12;01:11;01:18;18;7;4;62%;80%;0;0;0;0;0;0;0;2;0.73;1;0;13 hours;00:35;0;1;1;0;0;14%;0;77%
Zonda-4175;4522;2;0;22,532;3,877.58;4,835;2,684;30;5.16;27;5;7;40;6.88;14;5;1.33;0;0;0;0;0;0;34;6;10;0;1;8;1.37;3;3;6;1;2;39,932;6,872;8,936;3,485;5;0;14;3;5;5;1;0.17;1;0;0;15;3;6;22;4;5;12;2.06;5;02:05;00:21;00:53;30;5;11;71%;81%;261;365;2,524;0.83;580;1,736;253;1;0.17;1;0;50 minutes;00:29;0;1;1;709;984;14%;20%;34%
