Adameve-11380;3410;0;2%;6;3;3;0.03;0;0;3,164;24,187.87;1,730;1,710;4;30.58;0;0;0;5;38.22;5;2;1.25;0;0;0;1;7.64;1;0;0;0;0;0;0;0;0;2;0;0;0;0;0;0;0;0;0;0;0;1;7.64;1;0;0;0;0;0;0;2;15.29;2;0;0;0;3;22.93;3;746;225;1;7.64;1;0;0;0;0;2 minutes;0;0;0;0;30%;69%;12%
Akimoto-3310;3063;0;4%;23;18;6;0.05;0;0;8,741;19,399.6;7,779;2,922;9;19.97;0;0;0;10;22.19;9;4;1.11;0;0;0;5;11.09;4;0;0;0;0;359;796.64;321;248;4;0;0;1;1;0;0;0;0;0;0;0;3;6.65;3;00:30;01:08;00:30;0;0;0;4;8.87;4;359;0.88;321;3;6.65;2;1,930;526;1;2.21;1;3;6.65;3;0;6 minutes;0;0;0;0;27%;0;0
Aktm-11812;0;0;20%;14;14;14;0.19;0;0;2,104;19,294.35;2,104;2,104;0;0;0;0;0;6;55.03;6;6;0;0;0;0;2;18.34;2;0;0;0;0;192;1,761.04;192;192;6;0;0;0;0;0;0;0;0;0;0;0;1;9.17;1;00:01;00:13;00:01;0;0;0;2;18.34;2;192;2.7;192;4;36.68;4;375;69;0;0;0;0;0;0;0;1 minute;0;0;0;0;18%;18%;100%
applejuice69-11392;0;0;0%;1;1;1;0;0;0;2,339;20,612.49;1,400;1,370;3;26.43;0;0;0;2;17.62;2;2;0.66;0;0;0;1;8.81;1;0;0;0;0;316;2,783.06;295;295;2;0;0;0;0;0;0;0;0;0;0;0;1;8.81;1;00:02;00:26;00:02;0;0;0;1;8.81;1;316;2.42;295;1;8.81;1;413;169;0;0;0;0;0;0;0;2 minutes;00:06;0;0;0;40%;0;96%
arbiterlin-1178;2685;0;2%;8;6;5;0.03;0;0;5,524;22,416.22;5,049;4,203;5;20.29;0;0;0;4;16.23;2;2;0.8;0;0;0;1;4.05;1;0;0;0;0;57;230.7;57;57;2;0;0;0;0;0;0;0;0;0;0;0;2;8.11;2;00:19;01:18;00:19;0;0;0;0;0;0;57;0.22;57;4;16.23;2;1,419;320;1;4.05;1;0;0;0;0;4 minutes;0;0;0;0;22%;27%;3%
AshkaliN-2848;73;0;12%;3;3;3;0;0;0;470;8,708.1;470;470;1;18.51;0;0;0;1;18.51;1;1;1;0;0;0;0;0;0;0;0;0;0;33,920;628,080.09;0;85;1;0;0;0;0;0;0;0;0;0;0;0;0;0;0;0;0;0;0;0;0;0;0;0;0;0;0;1;18.51;1;0;0;0;0;0;0;0;0;0;1 minute;0;0;0;0;12%;0;0
Bamos-11989;2551;0;5%;71;55;31;0.13;0;0;18,009;29,668.75;8,843;6,997;7;11.53;0;0;0;18;29.65;15;6;2.57;0;0;0;11;18.12;10;1;1;0;0;785;1,293.16;399;386;6;0;0;1;0;1;1;0;0;0;3;1;11;18.12;11;00:13;00:21;00:11;0;0;0;5;8.23;4;785;1.45;399;13;21.41;11;3,259;1,198;5;8.23;5;0;0;0;0;8 minutes;00:05;0;0;0;36%;32%;0
BioHack-11119;1988;1;5%;97;42;23;0.06;0;0;21,856;12,117.97;9,070;5,328;22;12.19;0;0;0;28;15.52;10;6;1.27;0;0;0;14;7.76;8;0;2;0;2;971;538.59;673;455;6;0;0;6;4;1;1;0;0;0;0;0;11;6.09;6;00:25;00:14;00:09;0;0;0;5;2.77;3;971;0.68;673;23;12.75;10;9,638;1,665;2;1.1;2;0;0;0;0;23 minutes;0;0;0;0;17%;0;91%
Bluemoon-31853;3351;0;6%;11;11;6;0.06;0;0;2,540;8,563.57;2,540;1,954;2;6.74;0;0;0;8;26.97;8;6;4;0;0;0;5;16.85;5;0;0;0;0;209;706.41;209;209;6;0;0;1;0;1;0;0;0;0;0;0;0;0;0;0;0;0;0;0;0;0;0;0;209;1.32;209;7;23.6;7;804;161;4;13.48;4;1;3.37;1;0;2 minutes;0;0;0;0;20%;20%;0
BluStar-2121;57;0;6%;112;31;20;0;0;0;25,119;17,812.43;6,026;4,063;25;17.72;0;0;0;30;21.27;12;5;1.2;0;0;0;18;12.76;7;0;1;0;0;57,985;41,118.31;451;213;5;0;0;3;1;0;2;0;0;0;0;0;12;8.5;8;00:35;00:25;00:26;0;0;0;10;7.09;6;15,289;0;451;17;12.05;5;0;0;3;2.12;1;3;2.12;2;0;19 minutes;00:07;0;0;0;29%;0;26%
Bobosa-3106;0;0;5%;78;32;19;0.07;0;0;22,525;10,173.39;6,553;2,774;18;8.12;0;0;0;35;15.8;15;6;1.94;0;1;0;17;7.67;7;2;2;0;0;750;338.91;224;165;6;0;0;3;1;1;1;0;0;0;3;2;8;3.61;5;00:24;00:11;00:14;0;0;0;5;2.25;2;750;0.68;224;20;9.03;10;4,575;1,379;1;0.45;1;10;4.51;4;0;18 minutes;00:23;0;0;0;30%;54%;5%
BriBrii-2647;1225;0;21%;21;21;12;0.13;0;0;2,136;9,421.89;2,136;697;4;17.64;0;0;0;1;4.41;1;1;0.25;0;0;0;1;4.41;1;0;0;0;0;0;0;0;0;1;0;0;0;0;0;0;0;0;0;0;0;0;0;0;0;0;0;0;0;0;0;0;0;0;0;0;1;4.41;1;666;97;0;0;0;0;0;0;0;2 minutes;0;0;0;0;14%;0;0
buff4eyes-1647;45;0;8%;209;42;25;0;0;0;38,398;15,467.37;5,647;4,543;40;16.11;0;0;0;76;30.61;14;11;1.9;0;0;0;41;16.51;10;0;2;0;1;1,348;543.09;409;356;11;0;0;9;2;3;4;0;0;0;3;1;31;12.48;9;02:02;00:49;00:45;0;0;0;11;4.43;3;1,348;0;409;49;19.73;9;0;0;13;5.23;3;16;6.44;8;0;38 minutes;03:24;0;0;0;20%;0;50%
burii-11667;0;0;6%;173;92;43;0.12;0;0;46,109;28,664.36;14,562;5,208;22;13.67;0;0;0;53;32.94;22;10;2.4;0;0;0;40;24.86;18;1;2;0;0;958;595.52;728;601;10;0;0;6;1;4;1;0;0;0;4;1;21;13.05;8;00:54;00:33;00:28;0;0;0;5;3.1;3;958;0.69;728;31;19.27;12;8,692;2,790;8;4.97;4;17;10.56;9;0;22 minutes;08:46;0;0;0;32%;46%;2%
Calvin-1337;4187;2;7%;336;73;45;0.12;0;0;86,690;19,394.99;13,865;7,904;28;6.26;0;0;0;129;28.86;23;15;4.6;0;0;0;78;17.45;14;1;4;0;4;989;221.18;194;194;15;0;0;13;2;7;5;0;0;0;4;3;56;12.52;15;04:22;00:58;01:31;0;0;0;30;6.71;6;989;0.37;194;78;17.45;14;15,818;4,346;8;1.78;3;21;4.69;8;0;43 minutes;08:17;0;0;0;27%;57%;86%
Capriccioso-1214;42;2;8%;275;69;36;0;0;0;53,770;16,570.87;13,508;9,196;37;11.4;0;0;0;100;30.81;27;13;2.7;0;0;0;69;21.26;19;0;3;0;2;3,070;946.08;806;565;13;0;0;10;3;5;3;0;0;0;4;1;36;11.09;15;00:48;00:14;00:18;0;0;0;23;7.08;7;3,044;0;806;65;20.03;18;0;0;29;8.93;11;12;3.69;6;0;48 minutes;06:49;0;0;0;27%;0;50%
CaptainEVS-1315;80;0;5%;65;26;21;0;0;0;20,075;33,908.58;7,876;5,349;7;11.82;0;0;0;31;52.36;11;7;4.42;0;0;0;17;28.71;6;0;1;0;0;1,223;2,065.53;545;545;7;0;0;2;0;1;1;0;0;0;0;0;13;21.95;8;00:28;00:48;00:24;0;0;0;4;6.75;2;1,223;0;545;23;38.84;7;0;0;7;11.82;4;4;6.75;2;0;8 minutes;03:30;0;0;0;32%;0;58%
clockwise-11369;3706;0;5%;8;8;8;0.1;0;0;2,258;31,185.73;2,258;2,258;1;13.81;0;0;0;6;82.86;6;6;6;0;0;0;2;27.62;2;0;0;0;0;0;0;0;0;6;0;0;0;0;0;0;0;0;0;0;0;3;41.43;3;0;0;0;0;0;0;0;0;0;0;0;0;6;82.86;6;519;146;0;0;0;0;0;0;0;1 minute;0;0;0;0;28%;0;0
CoffeeJelly-11718;0;0;14%;12;12;11;0.29;0;0;1,522;36,071.26;1,522;1,482;1;23.7;0;0;0;2;47.41;2;2;2;0;0;0;2;47.41;2;0;0;0;0;0;0;0;0;2;0;0;0;0;0;0;0;0;0;0;0;1;23.7;1;0;0;0;0;0;0;0;0;0;0;0;0;2;47.41;2;249;83;0;0;0;0;0;0;0;41.11417895462364 seconds;0;0;0;0;33%;33%;0
Cohias-1934;3115;0;16%;12;12;12;0.06;0;0;1,696;4,293.19;1,676;1,676;1;2.53;0;0;0;5;12.65;5;4;5;0;0;0;3;7.59;3;0;0;0;0;362;915.71;256;256;4;0;0;1;0;1;0;0;0;0;0;0;0;0;0;00:07;00:19;00:07;0;0;0;3;7.59;3;362;2.09;256;2;5.06;2;549;75;0;0;0;0;0;0;0;2 minutes;00:36;0;0;0;13%;22%;100%
CRA2YDOG-3822;2743;3;4%;444;54;31;0.07;0;0;168,223;16,211.08;18,371;9,264;69;6.64;0;0;0;179;17.24;24;13;2.59;0;0;0;95;9.15;11;5;10;1;4;10,600;1,021.51;1,402;1,402;13;0;0;29;9;12;8;1;0.09;1;3;1;63;6.07;11;02:33;00:14;00:23;0;0;0;39;3.75;7;10,600;1.77;1,402;115;11.08;16;35,498;10,754;28;2.69;6;25;2.4;3;0;1 hour;01:39;0;0;5;30%;52%;35%
CtrlAltL337-1674;58;1;4%;94;33;17;0;0;0;35,763;28,681.71;13,749;7,071;24;19.24;0;0;0;44;35.28;23;12;1.83;0;0;0;31;24.86;15;0;1;0;0;909;729.37;364;364;12;0;0;5;1;2;2;0;0;0;0;0;21;16.84;14;00:38;00:31;00:16;0;0;0;3;2.4;1;909;0;364;36;28.87;20;0;0;7;5.61;3;5;4;2;0;19 minutes;03:39;0;0;0;24%;0;12%
Darkaz-6141;3705;0;3%;26;23;15;0.08;0;0;11,484;23,931.24;9,623;4,961;5;10.41;0;0;0;12;25;11;8;2.4;0;0;0;7;14.58;7;0;0;0;0;428;891.15;340;340;8;0;0;2;0;1;0;0;0;0;0;0;10;20.83;10;01:24;02:55;01:24;0;0;0;2;4.16;1;428;1.39;340;10;20.83;10;1,563;664;1;2.08;1;0;0;0;0;5 minutes;01:38;0;0;0;42%;0;0%
DeGuN-2283;75;2;9%;78;70;32;0;0;0;17,173;17,532.26;14,197;7,748;8;8.16;0;0;0;30;30.62;23;7;3.75;0;0;0;19;19.39;15;0;1;0;1;207;211.7;207;134;0;0;0;3;1;1;1;0;0;0;0;0;13;13.27;8;00:54;00:55;00:44;0;0;0;7;7.14;6;207;0;207;19;19.39;13;0;0;2;2.04;2;4;4.08;4;0;9 minutes;04:55;0;0;0;34%;0;95%
DERPGUYZ-1495;2481;0;5%;22;22;10;0.08;0;0;6,929;29,748.04;6,629;2,618;6;25.75;0;0;0;12;51.51;12;6;2;0;0;0;3;12.87;3;0;0;0;0;7;28.97;7;7;6;0;0;0;0;0;0;0;0;0;0;0;6;25.75;6;00:08;00:37;00:08;0;0;0;3;12.87;3;7;0.02;7;9;38.63;9;1,617;431;0;0;0;0;0;0;0;4 minutes;0;0;0;2;26%;37%;74%
DerpHead-3508;2487;0;6%;6;6;6;0.06;0;0;1,275;7,990.87;1,275;1,045;2;12.53;0;0;0;3;18.79;3;3;1.5;0;0;0;1;6.26;1;0;0;0;0;0;0;0;0;3;0;0;0;0;0;0;0;0;0;0;0;0;0;0;0;0;0;0;0;0;0;0;0;0;0;0;3;18.79;3;292;87;1;6.26;1;0;0;0;0;1 minute;0;0;0;0;29%;0;0
doGsInaT-1838;3173;0;9%;69;26;26;0.07;0;0;12,308;7,226.05;6,650;6,550;9;5.28;0;0;0;31;18.19;14;14;3.44;0;0;0;16;9.39;9;0;2;0;2;7;4.13;7;7;14;0;0;5;3;1;1;0;0;0;3;1;9;5.28;7;00:39;00:23;00:17;0;0;0;9;5.28;7;7;0;7;18;10.56;7;6,299;722;3;1.76;2;4;2.34;3;0;15 minutes;01:24;0;0;1;11%;11%;88%
Edude13-1114;2202;1;7%;116;44;39;0.09;0;0;31,485;19,436.9;9,860;3,941;22;13.58;0;0;0;35;21.6;15;9;1.59;0;1;0;20;12.34;9;1;2;0;0;527;325.03;227;220;9;0;0;5;2;2;1;0;0;0;0;0;21;12.96;12;01:17;00:48;00:42;0;0;0;2;1.23;1;527;0.44;227;27;16.66;12;5,912;1,632;10;6.17;4;6;3.7;3;0;19 minutes;03:54;0;0;4;27%;22%;18%
EnumaElish-3343;3604;2;6%;174;39;39;0.09;0;0;46,433;19,169.49;15,419;6,824;21;8.66;0;0;0;49;20.22;15;14;2.33;0;0;0;20;8.25;6;1;2;1;1;1,074;443.52;219;219;14;0;0;6;2;3;1;0;0;0;0;0;6;2.47;2;00:08;00:03;00:04;0;0;0;16;6.6;7;1,074;0.6;219;25;10.32;8;8,325;2,859;8;3.3;5;8;3.3;2;0;29 minutes;01:20;0;0;0;34%;59%;21%
EquarTix-2371;64;0;20%;41;41;29;0;0;0;2,916;11,995;2,916;1,289;3;12.34;0;0;0;3;12.34;3;1;1;0;0;0;3;12.34;3;0;0;0;0;375;1,542.12;375;219;1;0;0;1;0;0;0;0;0;0;0;0;0;0;0;00:02;00:12;00:02;0;0;0;1;4.11;1;375;0;375;1;4.11;1;0;0;2;8.22;2;1;4.11;1;0;3 minutes;0;0;0;0;27%;0;0
Euront-2569;2224;1;2%;21;21;20;0.07;0;0;11,511;22,162.33;11,511;10,690;2;3.85;0;0;0;10;19.25;10;5;5;0;0;0;5;9.62;5;0;1;1;0;53;101.5;53;53;5;0;0;2;1;1;1;0;0;0;0;0;2;3.85;2;00:04;00:09;00:04;0;0;0;3;5.77;3;53;0.19;53;5;9.62;5;2,521;815;0;0;0;2;3.85;2;0;4 minutes;0;0;0;0;32%;32%;0
eXile1cK-1643;2867;0;8%;308;49;24;0.12;0;0;68,597;22,502.95;9,972;6,106;45;14.76;0;0;0;90;29.52;15;11;2;0;0;0;61;20.01;10;1;3;0;1;1,238;406.03;522;522;11;0;0;10;4;3;3;0;0;0;3;1;44;14.43;10;05:26;01:47;01:37;0;0;0;13;4.26;4;1,238;0.51;522;65;21.32;13;13,029;3,827;12;3.93;3;12;3.93;3;0;39 minutes;05:12;0;0;0;29%;35%;47%
Faith-1102;50;1;4%;70;50;15;0;0;0;21,926;22,887.79;14,290;4,262;13;13.57;0;0;0;43;44.88;35;8;3.3;0;0;0;25;26.09;20;0;1;0;1;1,508;1,574.41;753;704;8;0;0;3;0;2;0;0;0;0;0;0;20;20.87;19;01:34;01:38;01:19;0;0;0;19;19.83;14;1,508;0;753;16;16.7;14;0;0;7;7.3;6;8;8.35;7;0;39 minutes;01:23;0;0;0;32%;0;77%
fenner-1643;3668;0;3%;64;16;16;0.06;0;0;30,401;31,905.03;6,284;4,833;13;13.64;0;0;0;24;25.18;6;5;1.84;0;0;0;15;15.74;5;0;1;0;1;1,155;1,212.55;343;343;5;0;0;3;1;0;1;0;0;0;0;0;7;7.34;3;00:55;00:58;00:25;0;0;0;9;9.44;3;1,155;1.23;343;12;12.59;5;3,816;1,695;4;4.19;3;3;3.14;2;0;15 minutes;00:59;0;0;0;44%;49%;59%
fighteR-2604;63;0;7%;18;18;14;0;0;0;3,049;19,010.76;3,049;1,383;4;24.93;0;0;0;7;43.64;7;4;1.75;0;0;0;6;37.4;6;0;0;0;0;372;2,319.64;372;362;0;0;0;0;0;0;0;0;0;0;0;0;1;6.23;1;0;0;0;0;0;0;1;6.23;1;372;0;372;5;31.17;5;0;0;0;0;0;1;6.23;1;0;3 minutes;00:19;0;0;0;25%;0;0
Flame-12415;2806;0;5%;134;24;19;0.04;0;0;45,223;12,625.59;6,589;3,546;1;2.39;0;0;0;70;19.54;15;10;1.89;0;0;0;35;9.77;6;0;0;0;2;4,703;1,312.99;669;669;10;0;0;1;4;1;3;1;0.27;1;0;0;35;9.77;7;02:20;00:39;01:36;0;0;0;17;4.74;4;4,703;1.52;669;41;11.44;10;15,462;2,674;7;1.95;3;12;3.35;3;0;2 minutes;01:21;0;0;0;17%;28%;51%
Forsak3n-2206;75;1;5%;71;24;24;0;0;0;22,299;18,661.83;9,750;9,750;12;10.04;0;0;0;35;29.29;15;15;2.91;0;0;0;19;15.9;11;0;1;0;1;803;672.22;334;334;0;0;0;3;1;0;1;0;0;0;0;0;15;12.55;7;00:20;00:16;00:07;0;0;0;9;7.53;4;803;0;334;22;18.41;10;0;0;2;1.67;1;4;3.34;3;0;16 minutes;00:36;0;0;0;31%;0;75%
Freello-1459;57;0;4%;40;27;17;0;0;0;13,314;14,814.54;7,426;4,651;12;13.35;0;0;0;27;30.04;17;11;2.25;0;0;0;19;21.14;11;0;1;0;1;466;518.21;349;213;11;0;0;4;2;1;1;0;0;0;0;0;14;15.57;7;02:49;03:08;01:25;0;0;0;5;5.56;3;466;0;349;21;23.36;13;0;0;3;3.33;2;1;1.11;1;0;11 minutes;03:15;0;0;0;34%;0;84%
Frostnium-1430;2424;0;4%;56;36;20;0.08;0;0;14,433;15,931.82;6,115;6,115;10;11.03;0;0;0;17;18.76;11;11;1.7;0;0;0;10;11.03;6;1;1;0;0;1,199;1,323.63;486;250;11;0;0;3;1;2;1;0;0;0;0;0;5;5.51;3;00:03;00:04;00:01;0;0;0;4;4.41;2;1,199;1.76;486;9;9.93;5;3,696;1,136;2;2.2;1;4;4.41;4;0;11 minutes;01:20;0;0;0;30%;27%;17%
Frosty-3647;3980;1;7%;153;98;30;0.11;0;0;37,356;24,550.29;18,378;10,219;12;7.88;0;0;0;80;52.57;50;15;6.66;0;0;0;54;35.48;35;0;2;0;2;1,680;1,103.78;1,395;456;15;0;0;4;0;4;0;0;0;0;0;0;43;28.25;24;03:12;02:06;01:46;0;0;0;21;13.8;12;1,680;1.27;1,395;52;34.17;33;6,691;1,953;9;5.91;8;7;4.6;5;0;22 minutes;07:50;0;0;0;29%;28%;100%
Fulena-1606;3613;0;1%;1;1;1;0.02;0;0;700;18,066.9;495;495;1;25.79;0;0;0;1;25.79;1;1;1;0;0;0;1;25.79;1;0;0;0;0;0;0;0;0;1;0;0;0;0;0;0;0;0;0;0;0;0;0;0;0;0;0;0;0;0;0;0;0;0;0;0;1;25.79;1;184;56;0;0;0;0;0;0;0;34.05354302376509 seconds;0;0;0;0;30%;0;83%
Galactic-21329;47;0;4%;16;9;5;0;0;0;5,820;14,283.62;3,064;2,081;6;14.72;0;0;0;12;29.44;7;4;2;0;0;0;6;14.72;4;0;0;0;0;365;895.18;279;164;4;0;0;1;0;0;0;0;0;0;0;0;7;17.17;4;00:11;00:29;00:11;0;0;0;4;9.81;2;365;0;279;7;17.17;5;0;0;2;4.9;1;1;2.45;1;0;6 minutes;00:04;0;0;0;35%;0;30%
GambleRumble-1509;3583;0;8%;90;62;24;0.1;0;0;17,115;13,499.71;8,436;4,604;10;7.88;0;0;0;35;27.6;17;7;3.5;0;0;0;20;15.77;8;1;1;0;1;859;677.7;288;288;7;0;0;4;3;1;0;0;0;0;0;0;13;10.25;10;01:04;00:51;00:41;0;0;0;9;7.09;3;859;0.97;288;19;14.98;11;3,908;1,084;7;5.52;3;7;5.52;4;0;14 minutes;00:03;0;0;0;27%;33%;44%
GhostDragon-153648;3026;1;3%;170;48;20;0.05;0;0;68,978;17,062.03;18,422;4,915;56;13.85;0;0;0;85;21.02;30;7;1.51;0;0;0;48;11.87;18;3;4;0;1;3,672;908.35;861;343;7;0;0;11;3;3;5;0;0;0;3;2;48;11.87;13;01:54;00:28;00:48;0;0;0;12;2.96;6;3,672;1.18;861;62;15.33;18;14,924;4,525;11;2.72;6;11;2.72;6;0;51 minutes;01:10;0;0;3;30%;70%;26%
GoDLuci-1127;3686;1;5%;109;49;21;0.05;0;0;33,400;12,884.96;18,491;6,901;21;8.1;0;0;0;65;25.07;39;17;3.09;0;3;1;40;15.43;24;1;3;1;1;2,500;964.61;1,129;752;17;0;0;8;4;3;2;1;0.38;1;0;0;20;7.71;14;01:30;00:34;01:19;0;0;0;11;4.24;4;2,500;1.28;1,129;46;17.74;33;9,692;2,100;12;4.62;8;8;3.08;4;0;32 minutes;05:10;0;0;0;21%;26%;48%
Gods-1217;4059;1;7%;42;41;33;0.15;0;0;9,099;17,716.62;9,064;4,892;3;5.84;0;0;0;11;21.41;11;8;3.66;0;0;0;6;11.68;6;0;1;1;0;753;1,466.87;753;378;8;0;0;2;0;1;1;0;0;0;0;0;0;0;0;0;0;0;0;0;0;6;11.68;6;753;2.82;753;3;5.84;3;1,192;536;2;3.89;2;2;3.89;2;0;4 minutes;00:11;0;0;0;44%;0;0
Graceful-2412;87;0;7%;230;56;41;0;0;0;52,538;17,460.95;10,444;3,807;36;11.96;0;0;0;108;35.89;14;9;3;0;0;0;65;21.6;10;0;3;0;2;3,139;1,043.24;722;464;9;0;0;8;2;3;3;4;1.32;2;0;0;31;10.3;7;00:28;00:09;00:17;0;0;0;23;7.64;6;3,139;0;722;70;23.26;9;0;0;10;3.32;3;15;4.98;5;0;46 minutes;08:20;0;0;0;21%;0;74%
Grifster-21910;57;0;7%;33;21;13;0;0;0;7,097;15,211.29;3,929;2,249;6;12.85;0;0;0;18;38.57;13;9;3;0;0;0;9;19.28;8;0;0;0;0;616;1,319.59;399;399;9;0;0;2;1;0;0;0;0;0;0;0;9;19.28;6;00:11;00:23;00:08;0;0;0;3;6.42;2;616;0;399;12;25.71;8;0;0;0;0;0;3;6.42;3;0;7 minutes;00:10;0;0;0;24%;0;0
hakyuuu-2706;0;0;8%;33;33;24;0.12;0;0;4,825;7,263.93;4,825;2,628;2;3.01;0;0;0;10;15.05;10;8;5;0;0;0;7;10.53;7;0;1;0;1;168;253.04;168;168;8;0;0;1;0;0;1;0;0;0;0;0;3;4.51;3;0;0;0;0;0;0;2;3.01;2;168;0.64;168;7;10.53;7;873;407;0;0;0;1;1.5;1;0;4 minutes;00:25;0;0;0;46%;0;100%
Hallowed-11808;2942;0;1%;2;2;1;0.01;0;0;2,497;14,011.66;2,357;1,289;3;16.83;0;0;0;2;11.22;2;1;0.66;0;0;0;0;0;0;0;0;0;0;148;832.92;148;148;1;0;0;0;0;0;0;0;0;0;0;0;0;0;0;0;0;0;0;0;0;0;0;0;148;1.14;148;1;5.61;1;481;131;0;0;0;1;5.61;1;0;1.6933029992505908 seconds;0;0;0;0;27%;0;10%
HeyKatie-1413;3644;0;4%;49;15;13;0.04;0;0;17,602;14,483.63;5,248;5,224;15;12.34;0;0;0;23;18.92;7;7;1.53;0;0;0;19;15.63;5;0;1;0;1;1,230;1,011.98;530;475;7;0;0;3;2;1;1;0;0;0;0;0;9;7.4;3;00:12;00:09;00:06;0;0;0;0;0;0;1,230;1.24;530;16;13.16;4;3,777;1,024;3;2.46;2;7;5.75;4;0;16 minutes;01:41;0;0;0;27%;19%;97%
HoilDaym7K-4639;1803;0;7%;33;28;28;0.2;0;0;8,834;33,661.03;6,866;6,866;1;3.81;0;0;0;6;22.86;3;3;6;0;0;0;4;15.24;3;0;0;0;0;169;643.65;169;169;3;0;0;1;0;1;0;0;0;0;0;0;4;15.24;3;00:45;02:52;00:38;0;0;0;0;0;0;169;1.03;169;6;22.86;3;1,882;431;0;0;0;0;0;0;0;2 minutes;00:02;0;0;1;22%;24%;65%
HolynoshuryX-6110;2263;0;8%;24;12;10;0.1;0;0;3,976;13,492.18;2,250;2,098;3;10.17;0;0;0;7;23.75;5;4;2.33;0;0;0;4;13.57;3;0;0;0;0;167;566.25;167;152;4;0;0;1;0;0;0;0;0;0;0;0;2;6.78;2;0;0;0;0;0;0;1;3.39;1;167;0.75;167;6;20.35;5;1,411;291;0;0;0;0;0;0;0;3 minutes;00:06;0;0;0;20%;24%;42%
hoshimichan-1316;72;0;3%;10;8;8;0.07;0;0;4,196;25,072.28;3,068;3,068;2;11.95;0;0;0;4;23.9;2;2;2;0;0;0;4;23.9;2;0;0;0;0;0;0;0;0;2;0;0;1;0;0;0;0;0;0;0;0;1;5.97;1;0;0;0;0;0;0;1;5.97;1;0;0;0;3;17.92;2;588;253;2;11.95;1;0;0;0;0;2 minutes;0;0;0;0;43%;0;50%
Hossy-11899;2833;0;4%;51;17;10;0.06;0;0;21,116;19,881.06;10,134;4,174;15;14.12;0;0;0;23;21.65;7;5;1.53;0;0;0;11;10.35;3;1;1;0;0;951;895.11;598;257;5;0;0;3;1;0;2;0;0;0;3;1;9;8.47;3;00:48;00:45;00:17;0;0;0;5;4.7;2;951;1.19;598;14;13.18;4;3,287;1,208;3;2.82;1;4;3.76;2;0;13 minutes;02:22;0;0;0;36%;31%;29%
HotShotGG-3480;3682;0;1%;3;3;3;0.04;0;0;2,704;35,437.39;2,704;2,704;1;13.1;0;0;0;3;39.31;3;3;3;0;0;0;1;13.1;1;0;0;0;0;86;1,132.2;86;86;3;0;0;0;0;0;0;0;0;0;0;0;1;13.1;1;0;0;0;0;0;0;0;0;0;86;1.24;86;3;39.31;3;493;175;0;0;0;0;0;0;0;1 minute;0;0;0;0;35%;0;0
HumanRabbit-1734;1206;0;6%;237;64;37;0.08;0;0;46,564;11,781.6;7,146;3,394;44;11.13;0;0;0;63;15.94;9;6;1.43;0;0;0;35;8.85;6;3;4;0;1;3,611;913.73;765;498;6;0;0;8;4;1;3;0;0;0;0;0;23;5.81;5;00:28;00:07;00:08;0;0;0;16;4.04;4;3,611;1.32;765;36;9.1;7;15,153;3,447;9;2.27;3;11;2.78;4;0;45 minutes;02:32;0;0;2;22%;41%;20%
Hunterhyde-1159;2701;0;5%;55;28;15;0.08;0;0;16,806;19,746.84;8,687;3,852;11;12.92;0;0;0;27;31.72;16;6;2.45;0;0;0;18;21.14;12;1;1;0;0;1,221;1,434.98;861;342;6;0;0;3;1;1;1;0;0;0;4;1;12;14.09;6;00:06;00:08;00:05;0;0;0;5;5.87;2;1,221;1.9;861;20;23.49;12;2,981;920;4;4.69;3;2;2.34;2;0;10 minutes;02:53;0;0;0;30%;36%;24%
Hymalaya-1507;1698;0;2%;6;6;6;0.02;0;0;3,966;6,281.25;2,725;1,886;5;7.91;0;0;0;4;6.33;3;2;0.8;0;0;0;2;3.16;2;1;1;0;0;75;119.03;75;75;2;0;0;1;1;0;0;0;0;0;0;0;2;3.16;1;00:01;00:01;00:01;0;0;0;2;3.16;2;75;0.33;75;2;3.16;1;1,132;264;0;0;0;0;0;0;0;3 minutes;0;0;0;0;23%;25%;0
hymzi-2549;70;0;1%;1;1;1;0;0;0;1,047;13,601.95;1,047;1,047;0;0;0;0;0;4;51.98;4;4;0;0;0;0;3;38.99;3;0;0;0;0;0;0;0;0;4;0;0;0;0;0;0;0;0;0;4;1;4;51.98;4;00:16;03:40;00:16;0;0;0;0;0;0;0;0;0;4;51.98;4;0;0;0;0;0;0;0;0;0;21.138660959899426 seconds;00:03;0;0;0;29%;0;100%
Hyper-1157;3921;0;7%;23;22;22;0.05;0;0;5,068;7,490.91;4,345;4,345;4;5.91;0;0;0;7;10.34;7;7;1.75;0;0;0;4;5.91;4;0;0;0;0;221;326.36;221;221;7;0;0;0;0;0;0;0;0;0;0;0;4;5.91;4;01:21;01:59;01:21;0;0;0;0;0;0;221;0.54;221;5;7.39;5;1,680;322;1;1.47;1;2;2.95;2;0;8.368993017822504 seconds;01:22;0;0;0;19%;0;20%
iddqd-2884;84;0;4%;91;25;14;0;0;0;32,710;20,079.43;7,066;5,013;16;9.82;0;0;0;65;39.9;17;8;4.06;0;2;0;41;25.16;11;0;2;0;2;1,160;711.79;276;276;0;0;0;5;1;1;2;0;0;0;0;0;19;11.66;5;00:33;00:20;00:15;0;0;0;12;7.36;4;1,160;0;276;45;27.62;13;0;0;8;4.91;5;8;4.91;2;0;21 minutes;06:23;0;0;0;35%;0;100%
iKriegz-1142;3352;0;2%;5;5;2;0.02;0;0;3,191;8,533.36;3,191;1,059;5;13.37;0;0;0;3;8.02;3;2;0.6;0;0;0;2;5.34;2;0;0;0;0;172;458.86;172;167;2;0;0;1;0;1;0;0;0;0;0;0;0;0;0;00:02;00:06;00:02;0;0;0;1;2.67;1;172;0.93;172;1;2.67;1;436;179;1;2.67;1;1;2.67;1;0;3 minutes;0;0;0;1;41%;41%;0
inonn-1298;61;0;9%;17;17;15;0;0;0;2,490;13,174.03;2,490;1,993;1;5.29;0;0;0;7;37.03;7;5;7;0;0;0;4;21.16;4;0;0;0;0;0;0;0;0;0;0;0;1;0;0;0;0;0;0;0;0;6;31.74;6;00:11;01:00;00:11;0;0;0;3;15.87;3;0;0;0;4;21.16;4;0;0;1;5.29;1;0;0;0;0;3 minutes;0;0;0;0;9%;0;100%
Invision-2363;3901;0;6%;62;22;22;0.15;0;0;16,981;40,877.75;5,330;4,920;7;16.85;0;0;0;16;38.51;6;5;2.28;0;0;0;8;19.25;4;0;0;0;0;390;939.88;244;244;5;0;0;0;0;1;0;0;0;0;3;1;4;9.62;4;00:10;00:26;00:09;0;0;0;1;2.4;1;390;0.96;244;15;36.1;5;2,535;947;0;0;0;0;0;0;0;--;00:47;0;0;0;37%;0;100%
JackaL-3407;2555;0;13%;16;16;15;0.1;0;0;1,141;3,960.74;1,141;880;3;10.41;0;0;0;1;3.47;1;1;0.33;0;0;0;0;0;0;0;0;0;0;49;169.33;49;26;1;0;0;0;0;0;0;0;0;0;0;0;0;0;0;0;0;0;0;0;0;0;0;0;49;0.3;49;1;3.47;1;889;115;0;0;0;0;0;0;0;2 minutes;0;0;0;0;12%;12%;0
JesseJames-11680;2476;0;6%;28;14;8;0.04;0;0;5,447;4,196.91;3,570;1,451;12;9.24;0;0;0;6;4.62;4;3;0.5;0;0;0;3;2.31;2;1;1;0;0;252;194.42;214;214;3;0;0;3;0;0;2;0;0;0;0;0;2;1.54;2;00:04;00:03;00:04;0;0;0;2;1.54;1;252;0.39;214;3;2.31;2;2,006;405;2;1.54;2;1;0.77;1;0;10 minutes;0;0;0;1;20%;34%;0
jjlol-11226;52;0;7%;58;19;15;0;0;0;447;2,617.94;447;437;1;5.86;0;0;0;1;5.86;1;1;1;0;0;0;14;13.36;6;0;0;0;0;1,426;1,360.58;681;681;1;0;0;0;1;0;0;0;0;0;0;0;4;3.81;2;00:16;01:37;00:16;0;0;0;6;5.72;2;1,426;0;681;11;10.49;6;0;0;6;5.72;3;4;3.81;2;0;1 minute;0;0;0;0;22%;0;100%
JonnyBI-2703;3137;4;6%;311;50;49;0.11;0;0;79,627;19,018.66;21,795;8,435;32;7.64;0;0;0;97;23.16;21;11;3.03;0;0;0;51;12.18;12;2;4;0;3;4,900;1,170.35;934;753;11;0;0;14;5;5;3;0;0;0;0;0;38;9.07;10;00:20;00:04;00:06;0;0;0;29;6.92;8;4,900;1.82;934;58;13.85;13;13,833;4,716;11;2.62;3;10;2.38;3;0;44 minutes;03:38;0;0;1;34%;58%;61%
KAISER-31361;4393;0;11%;20;20;16;0.02;0;0;4,538;2,954.56;3,005;1,533;5;3.25;0;0;0;4;2.6;2;2;0.8;0;2;1;3;1.95;2;0;0;0;0;1,423;926.72;1,246;803;2;0;0;1;1;0;0;0;0;0;0;0;0;0;0;0;0;0;0;0;0;3;1.95;2;1,423;1.98;1,246;0;0;0;566;170;2;1.3;2;1;0.65;1;0;1.9011839982122183 seconds;0;0;0;0;30%;74%;0
KAKI-11832;0;0;5%;9;9;8;0.09;0;0;2,865;22,780.15;2,865;2,356;1;7.95;0;0;0;2;15.9;2;2;2;0;0;0;1;7.95;1;0;0;0;0;0;0;0;0;2;0;0;0;0;0;0;0;0;0;0;0;0;0;0;0;0;0;0;0;0;2;15.9;2;0;0;0;0;0;0;501;172;0;0;0;0;0;0;0;--;0;0;0;0;34%;0;100%
Kay3-2155;69;0;9%;5;5;3;0;0;0;667;3,848.36;667;380;2;11.53;0;0;0;1;5.76;1;1;0.5;0;0;0;0;0;0;0;0;0;0;368;2,126.15;368;368;0;0;0;0;0;0;0;0;0;0;0;0;0;0;0;0;0;0;0;0;0;0;0;0;368;0;368;1;5.76;1;0;0;0;0;0;0;0;0;0;2 minutes;0;0;0;0;11%;0;100%
Kefka-11531;4123;0;5%;2;2;2;0.03;0;0;2,669;21,762.87;2,669;2,669;1;8.15;0;0;0;1;8.15;1;1;1;0;0;0;0;0;0;0;0;0;0;0;0;0;0;1;0;0;0;0;0;0;0;0;0;0;0;0;0;0;0;0;0;0;0;0;0;0;0;0;0;0;1;8.15;1;414;35;0;0;0;0;0;0;0;56.584859997965395 seconds;0;0;0;0;8%;0;5%
Keishi-11995;3431;1;4%;71;57;15;0.09;0;0;33,126;48,883.87;22,291;4,760;10;14.75;0;0;0;44;64.93;28;10;4.4;0;0;0;36;53.12;24;0;1;0;0;652;962.24;526;184;10;0;0;2;0;1;0;0;0;0;3;2;14;20.65;7;00:34;00:50;00:23;0;0;0;7;10.32;7;652;0.89;526;30;44.27;17;4,339;1,690;2;2.95;1;7;10.32;4;0;12 minutes;04:13;0;0;0;38%;0;32%
keRLos-1604;3974;0;6%;29;26;10;0.1;0;0;7,302;16,399.28;6,602;4,048;4;8.98;0;0;0;14;31.44;10;6;3.5;0;0;0;8;17.96;6;0;0;0;0;362;812.27;255;255;6;0;0;1;0;0;0;0;0;0;0;0;4;8.98;4;00:08;00:18;00:07;0;0;0;4;8.98;3;362;1.26;255;10;22.45;9;1,894;479;2;4.49;1;0;0;0;0;4 minutes;00:20;0;0;0;25%;0;87%
Kira-1303;64;0;8%;7;7;5;0;0;0;1,737;5,013.86;1,707;823;3;8.65;0;0;0;5;14.43;5;3;1.66;0;0;0;2;5.77;2;0;0;0;0;509;1,468.86;509;285;3;0;0;1;0;1;0;0;0;0;0;0;3;8.65;3;0;0;0;0;0;0;2;5.77;2;509;0;509;2;5.77;2;0;0;0;0;0;1;2.88;1;0;3 minutes;0;0;0;0;11%;0;100%
KJerry-1610;4141;0;8%;101;38;38;0.11;0;0;550;10,108.73;550;550;1;18.37;0;0;0;1;18.37;1;1;1;0;0;0;21;10.89;7;0;0;0;0;873;453.07;565;410;1;0;0;0;0;0;0;0;0;0;3;1;1;18.37;1;00:00;00:01;00:00;0;0;0;7;3.63;3;873;0.99;565;23;11.93;8;5,841;1,262;2;1.03;1;5;2.59;3;0;45.060283026658 seconds;00:40;0;0;0;21%;19%;100%
KnOxXx-21951;3848;0;13%;42;23;23;0.11;0;0;7,349;11,587.73;3,486;3,486;3;4.73;0;0;0;10;15.76;6;6;3.33;0;0;0;9;14.19;6;0;1;0;0;1,084;1,709.87;864;864;6;0;0;2;0;1;1;0;0;0;0;0;0;0;0;00:02;00:04;00:02;0;0;0;1;1.57;1;1,084;2.9;864;6;9.46;4;1,215;309;6;9.46;6;3;4.73;1;0;6 minutes;00:37;0;0;0;25%;24%;68%
Kotani-2471;2612;4;6%;539;63;40;0.09;0;0;148,722;21,963.14;21,896;9,135;61;9;0;0;0;193;28.5;27;11;3.16;0;0;0;121;17.86;14;3;7;1;3;6,920;1,021.89;1,399;1,235;11;0;0;19;7;6;5;1;0.14;1;5;2;65;9.59;11;05:34;00:49;01:17;0;0;0;33;4.87;6;6,920;1.27;1,399;138;20.37;22;30,415;8,807;30;4.43;4;22;3.24;4;0;1 hour;08:48;0;0;3;28%;69%;45%
Kryw-2449;4208;0;7%;6;6;6;0.19;0;0;1,274;40,182.25;1,274;1,274;1;31.54;0;0;0;1;31.54;1;1;1;0;0;0;0;0;0;0;0;0;0;0;0;0;0;1;0;0;0;0;0;0;0;0;0;0;0;0;0;0;0;0;0;0;0;0;1;31.54;1;0;0;0;0;0;0;121;83;0;0;0;0;0;0;0;--;0;0;0;0;68%;0;0
KYLE-3141;0;0;4%;22;16;4;0.04;0;0;7,643;13,330.79;3,560;2,058;8;13.95;0;0;0;10;17.44;10;5;1.25;0;0;0;7;12.2;7;0;1;0;0;383;667.63;383;222;5;0;0;1;0;0;0;0;0;0;0;0;6;10.46;6;00:04;00:07;00:04;0;0;0;1;1.74;1;383;0.7;383;5;8.72;5;1,889;527;2;3.48;2;4;6.97;4;0;9 minutes;0;0;0;0;27%;36%;75%
LaraCroft-1233;2424;2;4%;542;50;23;0.07;0;0;193,346;18,495.59;14,808;7,372;128;12.24;0;0;0;301;28.79;24;12;2.35;0;1;0;187;17.88;14;5;10;0;5;7,038;673.23;1,103;469;12;0;0;27;7;13;6;0;0;0;4;7;112;10.71;10;02:53;00:16;00:59;0;0;0;46;4.4;6;7,038;0.9;1,103;207;19.8;17;42,502;11,533;54;5.16;6;48;4.59;6;0;2 hours;19:10;0;0;1;27%;85%;48%
Laurie400-1327;31;0;4%;65;15;8;0;0;0;102;895.26;102;55;1;8.77;0;0;0;49;21.46;16;8;2.13;0;1;0;35;15.33;10;0;0;0;1;1,300;569.36;524;314;8;0;0;2;1;1;1;0;0;0;0;0;12;5.25;5;00:37;00:16;00:18;0;0;0;8;3.5;4;1,300;0;524;31;13.58;14;0;0;15;6.57;5;10;4.38;4;0;1 minute;01:29;16;7;0;30%;0;29%
Lish-21487;53;0;17%;8;8;7;0;0;0;935;7,247.77;915;540;5;38.75;0;0;0;3;23.25;3;1;0.6;0;0;0;2;15.5;2;0;0;0;0;69;536.02;69;50;1;0;0;0;0;0;0;0;0;0;0;0;1;7.75;1;00:04;00:35;00:02;0;0;0;1;7.75;1;69;0;69;2;15.5;2;0;0;1;7.75;1;0;0;0;0;2 minutes;0;0;0;0;21%;0;0
LIXU-4794;3497;31;17%;5,308;217;123;0.25;0;0;567,887;17,299.69;23,776;12,866;226;6.88;0;0;0;1,286;39.17;53;25;5.69;0;1;0;1,026;31.25;48;9;33;0;24;22,174;675.49;1,411;886;25;0;0;119;21;80;18;0;0;0;4;27;541;16.48;30;38:59;01:11;02:38;0;0;0;278;8.46;16;22,174;1.05;1,411;907;27.63;46;92,889;30,925;349;10.63;23;101;3.07;12;0;5 hours;03:06:19;0;0;10;33%;49%;72%
Logue-1981;2403;0;13%;9;6;6;0.09;0;0;1,183;7,483.84;785;785;2;12.65;0;0;0;6;37.96;5;5;3;0;0;0;3;18.98;3;0;0;0;0;62;390.14;62;62;5;0;0;1;0;0;0;0;0;0;3;1;3;18.98;3;0;0;0;0;0;0;1;6.32;1;62;0.64;62;5;31.64;5;396;66;2;12.65;2;0;0;0;0;1 minute;00:03;0;0;0;16%;28%;24%
Lyan-21728;2550;0;20%;3;3;2;0.03;0;0;818;6,194.09;818;680;2;15.14;0;0;0;1;7.57;1;1;0.5;0;0;0;8;28.46;8;0;0;0;0;221;1,676;221;221;1;0;0;0;0;0;0;0;0;0;0;0;6;21.34;6;00:02;00:19;00:02;0;0;0;2;7.11;2;536;2.37;536;9;32.01;9;44;15;3;10.67;3;1;3.55;1;0;1 minute;01:05;0;0;0;34%;0;0
Mario-13553;50;4;5%;538;56;33;0;0;0;145,960;19,445.87;19,768;14,138;89;11.85;0;0;0;239;31.84;25;12;2.68;0;0;0;146;19.45;17;0;8;0;3;7,512;1,000.85;809;476;12;0;0;22;6;10;7;0;0;0;3;2;83;11.05;13;01:17;00:10;00:17;0;0;0;29;3.86;5;7,512;0;809;183;24.38;20;0;0;40;5.32;6;27;3.59;5;0;1 hour;06:59;0;0;0;28%;0;41%
MeePokBoy-1184;3653;0;4%;19;9;9;0.08;0;0;5,479;15,979.93;3,222;3,222;2;5.83;0;0;0;7;20.41;4;4;3.5;0;0;0;3;8.75;2;0;0;0;0;230;670.86;230;230;4;0;0;0;0;0;0;0;0;0;0;0;6;17.5;3;00:59;02:52;00:59;0;0;0;1;2.91;1;230;1.01;230;6;17.5;3;1,175;382;0;0;0;0;0;0;0;3 minutes;0;0;0;0;32%;30%;80%
mekemeke-11634;60;0;2%;7;7;4;0.02;0;0;5,695;11,120.3;5,695;2,685;4;7.81;0;0;0;10;19.52;10;6;2.5;0;0;0;4;7.81;4;0;1;0;1;52;101.49;52;52;6;0;0;2;2;0;1;0;0;0;0;0;4;7.81;4;0;0;0;0;0;0;2;3.9;2;52;0.2;52;6;11.71;6;910;323;2;3.9;2;2;3.9;2;0;4 minutes;00:09;0;0;0;35%;35%;100%
Mendokusaii-2955;4206;2;5%;182;31;20;0.1;0;0;55,566;27,044.53;9,403;5,309;25;12.16;0;0;0;78;37.96;16;9;3.12;0;0;0;55;26.76;13;1;2;0;1;938;456.3;297;297;9;0;0;6;1;3;2;0;0;0;4;3;38;18.49;6;03:09;01:32;02:08;0;0;0;19;9.24;4;938;0.53;297;45;21.9;8;7,986;3,249;12;5.84;3;14;6.81;5;0;29 minutes;04:28;0;0;2;40%;63%;69%
MilaTheMute-1868;47;1;3%;139;76;14;0;0;0;685;7,336.19;685;685;1;10.7;3;32;3;78;40.82;41;8;2.68;0;0;0;45;23.55;19;0;0;0;0;596;6,385.88;596;321;8;0;0;0;1;0;0;0;0;0;3;2;46;24.07;28;00:18;03:19;00:18;1;11;1;8;4.18;6;2,829;0;1,796;56;29.31;29;0;0;14;7.32;6;14;7.32;6;0;1 minute;00:02;0;0;0;34%;0;100%
Mix-41491;3599;0;4%;25;9;9;0.04;0;0;11,051;10,395.4;3,218;3,098;10;9.4;0;0;0;11;10.34;5;5;1.1;0;0;0;6;5.64;4;1;1;0;0;345;324.47;191;191;5;0;0;3;1;1;1;0;0;0;0;0;3;2.82;3;00:40;00:38;00:20;0;0;0;4;3.76;3;345;0.59;191;5;4.7;3;1,823;604;1;0.94;1;2;1.88;2;0;9 minutes;00:25;0;0;0;33%;51%;0
MyJohnny-2444;2931;0;11%;14;14;8;0.1;0;0;2,623;17,682.5;2,466;1,593;2;13.48;0;0;0;12;80.89;11;9;6;0;0;0;8;53.93;7;0;0;0;0;36;245.22;36;36;9;0;0;0;0;0;0;1;6.74;1;3;1;5;33.7;4;00:08;00:58;00:05;0;0;0;4;26.96;3;36;0.26;36;7;47.19;7;739;125;1;6.74;1;1;6.74;1;0;2 minutes;00:40;0;0;0;16%;17%;93%
MyNeverevr-1103;3533;2;7%;342;52;38;0.08;0;0;77,246;11,052.43;17,221;9,435;62;8.87;0;0;0;146;20.88;23;17;2.35;0;0;0;92;13.16;15;4;7;0;3;5,292;757.14;1,413;1,103;17;0;0;18;8;8;3;0;0;0;3;1;57;8.15;10;02:23;00:20;01:38;0;0;0;27;3.86;6;5,292;1.32;1,413;97;13.87;14;17,057;4,696;20;2.86;4;22;3.14;8;0;1 hour;09:08;0;0;1;27%;46%;46%
Neptune-31921;3151;1;5%;511;68;68;0.07;0;0;137,253;15,556.69;14,278;7,669;103;11.67;0;0;0;237;26.86;28;15;2.3;0;1;0;133;15.07;16;4;9;0;4;7,731;876.26;1,557;897;15;0;0;22;7;8;7;0;0;0;3;2;104;11.78;19;04:57;00:33;01:44;0;0;0;36;4.08;7;7,731;1.13;1,557;175;19.83;22;37,008;8,741;36;4.08;5;26;2.94;4;0;1 hour;10:15;0;0;1;23%;45%;48%
NikolaTesla-11280;53;1;4%;140;68;30;0;0;0;50,515;16,465.37;14,551;5,958;29;9.45;0;0;0;80;26.07;39;12;2.75;0;0;0;52;16.94;27;0;3;0;1;1,905;620.89;861;667;12;0;0;8;1;3;3;0;0;0;3;1;36;11.73;27;04:13;01:22;03:45;0;0;0;11;3.58;7;1,905;0;861;56;18.25;26;0;0;20;6.51;11;13;4.23;6;0;32 minutes;05:16;0;0;0;32%;0;37%
Nostril-1317;3333;0;0;0;0;0;0;0;0;7;11.1;7;7;2;3.38;0;0;0;1;1.69;1;1;0.5;0;2;0;1;1.69;1;0;1;0;1;0;0;0;0;1;0;0;1;1;0;1;0;0;0;0;0;0;0;0;00:40;01:09;00:40;0;0;0;1;1.69;1;0;0;0;0;0;0;440;1;0;0;0;0;0;0;0;4 minutes;0;0;0;0;0%;0;100%
Nova-1852;65;0;5%;28;18;13;0;0;0;7,696;38,933.19;6,309;5,312;4;20.23;0;0;0;4;20.23;2;2;1;0;0;0;2;10.11;2;0;0;0;0;65;330.1;65;65;2;0;0;1;0;0;0;0;0;0;0;0;1;5.05;1;0;0;0;0;0;0;1;5.05;1;65;0;65;3;15.17;2;0;0;0;0;0;0;0;0;0;3 minutes;00:05;0;0;0;46%;0;28%
NzNr-1485;3728;3;8%;520;80;30;0.1;0;0;111,412;14,444.73;16,933;7,124;74;9.59;0;0;0;241;31.24;38;11;3.25;0;2;0;134;17.37;22;0;8;0;7;1,517;196.66;416;243;11;0;0;24;8;9;7;1;0.12;1;3;5;96;12.44;11;07:24;00:57;01:56;0;0;0;46;5.96;8;1,517;0.3;416;155;20.09;25;22,828;6,091;14;1.81;3;40;5.18;7;0;1 hour;14:50;0;0;1;26%;56%;96%
Odin-1745;3076;1;3%;109;23;11;0.06;0;0;37,677;14,029.93;10,745;6,457;30;11.17;0;0;0;52;19.36;16;9;1.73;0;0;0;26;9.68;10;1;3;0;2;575;214.02;155;155;9;0;0;8;2;2;4;0;0;0;0;0;13;4.84;3;00:29;00:10;00:19;0;0;0;17;6.33;7;575;0.32;155;30;11.17;9;9,530;2,802;11;4.09;4;5;1.86;2;0;29 minutes;02:41;0;0;2;29%;50%;56%
OhioBuckeyes-11390;2579;0;7%;54;33;33;0.09;0;0;12,643;12,356.24;6,473;6,473;9;8.79;0;0;0;19;18.56;9;9;2.11;0;0;0;13;12.7;5;1;1;0;0;853;834.01;651;651;9;0;0;4;1;2;1;0;0;0;0;0;8;7.81;4;00:09;00:09;00:06;0;0;0;3;2.93;2;853;1.57;651;14;13.68;7;2,737;716;7;6.84;4;2;1.95;1;0;9 minutes;0;0;0;0;26%;28%;0
oisuq-1610;3263;0;8%;13;13;9;0.24;0;0;2,304;44,318.19;2,304;1,989;2;38.46;0;0;0;1;19.23;1;1;0.5;0;0;0;1;19.23;1;0;0;0;0;0;0;0;0;1;0;0;0;0;0;0;0;0;0;0;0;0;0;0;0;0;0;0;0;0;0;0;0;0;0;0;1;19.23;1;275;149;0;0;0;0;0;0;0;53.357204982079566 seconds;0;0;0;0;54%;0;15%
ONIGOD-21483;3888;0;8%;12;7;5;0.17;0;0;2,178;23,848.63;1,127;1,051;2;21.9;0;0;0;6;65.7;3;2;3;0;0;0;3;32.85;2;0;0;0;0;0;0;0;0;2;0;0;0;0;0;0;0;0;0;3;1;4;43.8;3;0;0;0;0;0;0;2;21.9;1;0;0;0;4;43.8;2;269;142;1;10.95;1;0;0;0;0;1 minute;0;0;0;0;52%;53%;100%
oPuTo-1727;3814;1;3%;28;25;13;0.07;0;0;12,925;20,636.18;11,509;6,157;4;6.38;0;0;0;25;39.91;24;17;6.25;0;0;0;16;25.54;15;0;1;0;1;279;445.8;226;124;17;0;0;3;1;2;0;0;0;0;0;0;21;33.52;21;02:30;04:00;02:30;0;0;0;3;4.78;3;279;0.79;226;18;28.73;17;1,933;734;2;3.19;2;4;6.38;4;0;5 minutes;03:17;0;0;0;37%;65%;92%
Oreo-12884;38;0;5%;49;23;17;0.04;0;0;15,605;8,919.38;7,711;2,238;17;9.71;0;0;0;29;16.57;15;6;1.7;0;0;0;17;9.71;8;1;2;0;1;464;265.47;279;279;6;0;0;5;2;1;3;0;0;0;0;0;10;5.71;6;00:18;00:10;00:15;0;0;0;8;4.57;5;464;0.45;279;15;8.57;8;2,771;899;3;1.71;2;6;3.42;2;0;17 minutes;0;0;0;0;32%;34%;48%
ouopi2180-3319;2569;0;5%;15;15;8;0.08;0;0;5,657;38,435.36;5,657;3,963;4;27.17;0;0;0;10;67.94;10;5;2.5;0;0;0;4;27.17;4;0;0;0;0;215;1,461.61;215;215;5;0;0;0;0;0;0;0;0;0;0;0;8;54.35;8;00:40;04:38;00:40;0;0;0;3;20.38;3;215;1.25;215;4;27.17;4;907;279;1;6.79;1;3;20.38;3;0;2 minutes;00:49;0;0;0;30%;0;100%
p0isons-1162;54;1;5%;55;55;55;0;0;0;20,047;61,520.15;20,047;20,047;0;0;0;0;0;29;88.99;29;29;0;0;0;0;20;61.37;20;0;0;0;0;29;88.61;29;29;29;0;0;2;0;1;1;0;0;0;0;0;0;0;0;0;0;0;0;0;0;0;0;0;29;0;29;29;88.99;29;0;0;1;3.06;1;0;0;0;0;5 minutes;03:22;0;0;0;38%;0;100%
PassTheSalt-11477;2699;1;4%;341;43;32;0.06;0;0;114,915;14,526.59;10,338;5,988;74;9.35;0;0;0;168;21.23;18;12;2.27;0;2;1;104;13.14;11;3;8;0;5;6,921;874.84;641;569;12;0;0;25;7;8;9;1;0.12;1;0;0;79;9.98;12;06:25;00:48;00:53;0;0;0;18;2.27;2;6,921;1.37;641;129;16.3;14;23,164;6,843;24;3.03;4;21;2.65;3;0;1 hour;06:41;0;0;3;29%;50%;58%
pbae-3753;2227;0;12%;12;8;8;0.09;0;0;1,482;5,089.95;665;665;3;10.3;0;0;0;1;3.43;1;1;0.33;0;0;0;1;3.43;1;0;0;0;0;160;548.41;160;160;1;0;0;1;0;0;0;0;0;0;0;0;0;0;0;00:21;01:12;00:21;0;0;0;0;0;0;160;1.19;160;1;3.43;1;525;94;1;3.43;1;0;0;0;0;2 minutes;0;0;0;0;17%;45%;0
Phoinix-3581;2837;1;9%;117;45;19;0.13;0;0;22,095;18,410.7;7,818;3,022;16;13.33;0;0;0;43;35.82;20;8;2.68;0;0;0;28;23.33;12;0;1;1;0;896;746.94;573;268;8;0;0;3;0;3;1;0;0;0;0;0;28;23.33;12;00:55;00:46;00:20;0;0;0;2;1.66;2;896;1.04;573;34;28.33;14;4,219;1,225;9;7.49;6;7;5.83;4;0;14 minutes;06:28;0;0;0;29%;63%;27%
Phython-1699;3306;0;6%;113;63;19;0.09;0;0;24,449;13,655.89;11,089;5,717;17;9.49;0;0;0;37;20.66;19;7;2.17;0;0;0;25;13.96;11;0;2;0;2;813;454.26;269;164;7;0;0;3;1;0;1;0;0;0;0;0;7;3.9;3;01:28;00:49;01:00;0;0;0;8;4.46;4;813;0.65;269;24;13.4;14;4,855;1,651;5;2.79;3;5;2.79;4;0;20 minutes;00:58;0;0;0;34%;36%;93%
piiiia-2451;25;1;5%;363;87;43;0;0;0;99,765;13,938.65;18,688;12,065;87;12.15;0;0;0;114;15.92;19;9;1.31;0;0;0;76;10.61;14;0;7;0;0;4,505;629.48;1,145;764;9;0;0;18;8;4;6;0;0;0;3;1;44;6.14;14;03:46;00:31;00:46;0;0;0;19;2.65;5;4,505;0;1,145;82;11.45;13;0;0;19;2.65;6;13;1.81;4;0;1 hour;02:21;0;0;0;23%;0;6%
Pinky-6151;70;0;17%;21;20;20;0;0;0;2,546;5,607.44;2,354;2,354;2;4.4;0;0;0;6;13.21;6;6;3;0;0;0;2;4.4;2;0;0;0;0;354;780.54;354;354;6;0;0;1;0;1;0;0;0;0;0;0;0;0;0;0;0;0;0;0;0;1;2.2;1;354;0;354;5;11.01;5;0;0;2;4.4;2;0;0;0;0;4 minutes;0;0;0;0;10%;0;76%
PizzaHut-11467;1579;0;3%;6;6;6;0.02;0;0;2,515;4,694.03;2,515;2,077;3;5.59;0;0;0;2;3.73;2;1;0.66;0;0;0;1;1.86;1;1;1;0;0;1,018;1,899.14;1,018;525;1;0;0;1;0;1;0;0;0;0;0;0;0;0;0;00:02;00:05;00:02;0;0;0;0;0;0;1,018;3.78;1,018;1;1.86;1;1,303;192;0;0;0;1;1.86;1;0;4 minutes;0;0;0;0;14%;14%;0
PLAYB0Y-11500;2966;0;3%;10;10;6;0.04;0;0;5,496;22,185.92;5,496;1,973;3;12.11;0;0;0;8;32.29;8;5;2.66;0;0;0;5;20.18;5;0;0;0;0;188;758.42;188;150;5;0;0;1;0;0;0;0;0;0;0;0;1;4.03;1;0;0;0;0;0;0;5;20.18;5;188;0.93;188;2;8.07;2;584;315;0;0;0;1;4.03;1;0;3 minutes;0;0;0;0;53%;0;100%
PoppyDogma-1243;3133;1;3%;52;11;11;0.05;0;0;23,019;17,027.91;7,135;6,960;16;11.83;0;0;0;23;17.01;9;9;1.43;0;0;0;16;11.83;6;1;1;0;1;1,838;1,359.7;471;471;9;0;0;4;2;1;1;0;0;0;0;0;4;2.95;3;00:41;00:30;00:34;0;0;0;7;5.17;4;1,838;1.82;471;15;11.09;5;4,885;1,418;5;3.69;1;1;0.73;1;0;16 minutes;01:05;0;0;1;29%;69%;43%
presh-1451;3565;0;6%;20;20;13;0.08;0;0;4,926;9,095.42;4,926;4,097;1;1.84;0;0;0;9;16.61;9;6;9;0;0;0;4;7.38;4;0;1;0;1;63;116.01;63;63;6;0;0;2;1;0;1;0;0;0;0;0;0;0;0;0;0;0;0;0;0;6;11.07;6;63;0.26;63;2;3.69;2;880;314;1;1.84;1;1;1.84;1;0;3 minutes;0;0;0;0;35%;35%;100%
PsychoHazard-1722;0;0;5%;41;27;26;0.14;0;0;14,358;41,571.51;10,710;10,550;3;8.68;0;0;0;11;31.84;6;5;3.66;0;0;0;7;20.26;5;0;0;0;0;221;639.32;128;128;5;0;0;1;0;1;0;0;0;0;0;0;10;28.95;6;01:16;03:42;01:03;0;0;0;3;8.68;2;221;0.79;128;6;17.37;3;1,939;814;0;0;0;2;5.79;1;0;4 minutes;00:46;0;0;0;41%;22%;27%
qqwess-3609;2968;1;3%;78;40;17;0.08;0;0;35,671;21,686.44;17,723;9,118;11;6.68;0;0;0;32;19.45;16;9;2.9;0;0;0;20;12.15;10;1;2;0;1;990;601.77;662;542;9;0;0;5;1;2;2;0;0;0;0;0;12;7.29;7;01:11;00:43;01:10;0;0;0;13;7.9;6;990;1.07;662;17;10.33;9;5,896;2,121;5;3.03;4;2;1.21;1;0;15 minutes;00:12;0;0;0;35%;37%;38%
Randomoink-2799;2704;0;0;0;0;0;0;0;0;373;5,386.26;373;373;1;14.42;0;0;0;2;28.85;2;2;2;0;0;0;2;28.85;2;0;0;0;0;0;0;0;0;2;0;0;0;0;0;0;0;0;0;0;0;2;28.85;2;00:01;00:27;00:01;0;0;0;0;0;0;0;0;0;2;28.85;2;89;24;0;0;0;0;0;0;0;1 minute;0;0;0;0;26%;0;100%
RapidCH-4957;2634;2;6%;133;35;26;0.13;0;0;29,244;23,015.25;9,367;6,761;11;8.65;0;0;0;37;29.11;18;6;3.36;0;2;0;22;17.31;11;1;1;0;1;839;660.21;467;290;6;0;0;3;0;2;1;0;0;0;0;0;9;7.08;4;00:36;00:28;00:12;0;0;0;9;7.08;4;839;0.86;467;22;17.31;11;5,414;1,961;8;6.29;6;6;4.72;3;0;16 minutes;04:06;0;0;0;36%;39%;58%
Rebecca-12561;0;0;4%;6;6;4;0.02;0;0;2,463;14,443.25;2,463;867;4;23.45;0;0;0;5;29.31;5;2;1.25;0;0;0;3;17.59;3;0;0;0;0;123;718.57;123;85;2;0;0;0;0;0;0;0;0;0;0;0;2;11.72;2;00:08;00:47;00:08;0;0;0;1;5.86;1;123;0.45;123;2;11.72;2;604;128;1;5.86;1;2;11.72;2;0;4 minutes;00:18;0;0;2;21%;0;100%
Renyz-11199;3452;0;7%;133;35;29;0.1;0;0;34,963;28,229.96;7,566;5,818;11;8.88;0;0;0;56;45.21;13;8;5.09;0;0;0;33;26.64;7;1;1;0;1;557;449.59;240;230;8;0;0;3;1;2;1;0;0;0;4;2;28;22.6;7;01:33;01:15;01:02;0;0;0;13;10.49;5;557;0.45;240;28;22.6;8;5,913;1,857;9;7.26;3;15;12.11;4;0;20 minutes;04:55;0;0;0;31%;28%;49%
Ryouta-1885;57;1;7%;228;64;26;0;0;0;57,568;18,299.2;12,496;4,746;36;11.44;0;0;0;123;39.09;28;13;3.41;0;0;0;78;24.79;20;0;3;0;2;3,276;1,041.31;1,615;927;0;0;0;12;2;6;4;0;0;0;0;0;45;14.3;13;01:47;00:34;01:06;0;0;0;30;9.53;9;3,276;0;1,615;75;23.84;19;0;0;21;6.67;6;18;5.72;6;0;46 minutes;06:16;0;0;0;25%;0;60%
saks-21838;2540;0;6%;46;40;33;0.08;0;0;11,858;17,907.41;7,608;3,482;8;12.08;0;0;0;13;19.63;12;8;1.62;0;0;0;8;12.08;8;0;1;0;0;746;1,126.79;746;746;8;0;0;2;0;0;1;0;0;0;0;0;5;7.55;5;00:11;00:17;00:10;0;0;0;3;4.53;3;746;1.45;746;7;10.57;6;2,472;736;0;0;0;3;4.53;3;0;8 minutes;0;0;0;0;29%;34%;55%
SaltyPanda-11486;3295;3;5%;135;62;26;0.1;0;0;44,123;25,708.84;16,749;13,829;16;9.32;0;0;0;72;41.95;34;13;4.5;0;0;0;49;28.55;25;1;2;0;1;2,376;1,384.56;2,158;668;13;0;0;6;1;5;1;2;1.16;1;0;0;18;10.48;9;02:15;01:18;01:53;0;0;0;24;13.98;14;2,376;1.81;2,158;40;23.3;18;7,135;2,600;19;11.07;11;8;4.66;6;0;21 minutes;09:47;0;0;0;36%;37%;51%
SanALex-2258;3625;0;2%;3;3;3;0.03;0;0;2,272;20,816.08;1,757;1,757;2;18.32;0;0;0;1;9.16;1;1;0.5;0;0;0;1;9.16;1;0;0;0;0;0;0;0;0;1;0;0;0;0;0;0;0;0;0;0;0;0;0;0;00:18;02:53;00:18;0;0;0;0;0;0;0;0;0;1;9.16;1;335;116;0;0;0;0;0;0;0;1 minute;0;0;0;0;34%;0;0
Sardis-21172;80;0;9%;23;20;17;0;0;0;4,322;24,591.5;3,675;2,073;3;17.07;0;0;0;7;39.83;6;4;2.33;0;0;0;4;22.76;3;0;0;0;0;154;876.62;154;154;4;0;0;1;0;0;0;0;0;0;0;0;1;5.69;1;0;0;0;0;0;0;0;0;0;154;0;154;6;34.14;5;0;0;1;5.69;1;1;5.69;1;0;2 minutes;0;0;0;0;32%;0;86%
SgtMcNuggets-21353;46;0;9%;9;9;9;0;0;0;178;3,142.33;178;178;1;15.99;0;0;0;1;17.65;1;1;1;0;0;0;1;17.65;1;0;0;0;0;159;2,809.31;159;159;1;0;0;0;0;0;0;0;0;0;0;0;0;0;0;00:00;00:08;00:00;0;0;0;0;0;0;364;0;364;1;15.99;1;0;0;1;15.99;1;0;0;0;0;53.21186698228121 seconds;0;0;0;0;41%;0;0
Shady-1406;2679;0;10%;40;40;12;0.08;0;0;6,888;10,586.85;6,888;2,640;4;6.14;0;0;0;13;19.98;13;6;3.25;0;0;0;7;10.75;7;0;1;0;1;133;204.39;133;133;6;0;0;2;0;1;1;0;0;0;0;0;12;18.44;12;00:06;00:09;00:06;0;0;0;2;3.07;2;133;0.27;133;7;10.75;7;4,084;368;1;1.53;1;4;6.14;4;0;8 minutes;00:28;0;0;0;9%;9%;100%
Sharkyos-1524;0;0;0;0;0;0;0;0;0;1,690;30,057.52;1,690;1,670;1;17.78;0;0;0;1;17.78;1;1;1;0;0;0;0;0;0;0;0;0;0;20;362.74;20;20;1;0;0;0;0;0;0;0;0;0;0;0;0;0;0;0;0;0;0;0;0;0;0;0;20;0.34;20;1;17.78;1;487;167;0;0;0;0;0;0;0;59.94042001478374 seconds;0;0;0;0;34%;0;100%
SKRT-11232;1023;0;9%;99;53;27;0.01;0;0;25,387;1,439.36;8,400;7,938;78;4.42;0;0;0;29;1.64;11;7;0.37;0;42;0;19;1.07;6;18;18;0;0;2,374;134.57;701;701;7;0;0;5;3;1;2;0;0;0;3;1;5;0.28;4;00:21;00:01;00:07;0;0;0;12;0.68;5;2,374;0.35;701;12;0.68;5;6,284;1,098;8;0.45;3;5;0.28;3;0;1 hour;00:33;0;0;0;17%;42%;0
smacked-11443;73;1;10%;144;90;34;0;0;0;27,919;26,684.72;14,462;6,214;14;13.38;0;0;0;60;57.34;45;15;4.28;0;0;0;44;42.05;31;0;1;0;1;1,315;1,257.19;799;322;15;0.4;0;4;1;2;1;0;0;0;3;2;10;9.55;7;00:17;00:16;00:08;0;0;0;10;9.55;8;1,315;0;799;32;30.58;23;0;0;10;9.55;7;18;17.2;14;0;17 minutes;09:18;0;0;0;24%;0;86%
Smith-2700;82;5;9%;771;108;49;0;0;0;159,897;19,525.8;20,488;8,380;84;10.25;0;0;0;379;46.28;39;19;4.51;0;0;0;256;31.26;27;0;8;0;7;13,230;1,615.58;2,548;837;19;0.26;0;28;8;10;10;1;0.12;1;3;6;98;11.96;20;03:29;00:25;01:53;0;0;0;62;7.57;7;8,947;0;1,365;259;31.62;27;0;0;68;8.3;10;58;7.08;8;0;1 hour;43:13;0;0;0;31%;0;84%
Somnians-2461;3015;0;5%;291;30;17;0.08;0;0;82,700;18,390.55;10,923;3,684;63;14;0;0;0;138;30.68;14;8;2.19;0;0;0;83;18.45;10;2;4;1;1;1,562;347.26;354;354;8;0;0;11;6;2;4;0;0;0;0;0;47;10.45;6;00:32;00:07;00:14;0;0;0;29;6.44;5;1,562;0.43;354;101;22.45;10;15,385;5,027;15;3.33;2;8;1.77;2;0;1 hour;02:32;0;0;0;32%;61%;24%
SOR-11872;3722;0;7%;17;17;13;0.16;0;0;3,995;27,410.53;3,995;2,689;2;13.72;0;0;0;7;48.02;7;4;3.5;0;0;0;7;48.02;7;0;0;0;0;0;0;0;0;4;0;0;1;0;0;0;0;0;0;4;1;3;20.58;3;0;0;0;0;0;0;0;0;0;0;0;0;7;48.02;7;732;223;3;20.58;3;0;0;0;0;1 minute;00:17;0;0;0;30%;0;100%
Squacle-1295;2299;0;4%;15;8;6;0.09;0;0;2,760;15,807.35;1,469;1,154;5;28.64;0;0;0;5;28.64;5;3;1;0;0;0;1;5.72;1;0;0;0;0;0;0;0;0;3;0;0;0;0;0;0;0;0;0;0;0;1;5.72;1;00:00;00:04;00:00;0;0;0;3;17.18;3;0;0;0;2;11.45;2;1,341;318;0;0;0;0;0;0;0;2 minutes;0;0;0;0;23%;34%;50%
sreader-1911;2668;0;7%;19;15;8;0.06;0;0;5,044;8,970.86;2,330;1,393;8;14.22;0;0;0;7;12.45;4;3;0.87;0;0;0;3;5.33;2;1;1;0;0;188;334.69;77;77;3;0;0;2;1;1;0;0;0;0;0;0;2;3.55;2;00:15;00:27;00:15;0;0;0;4;7.11;3;188;0.63;77;3;5.33;2;923;268;0;0;0;0;0;0;0;4 minutes;0;0;0;0;29%;42%;0
SuperNinja-115210;55;0;6%;7;7;3;0;0;0;2,444;14,705.58;2,444;1,152;4;24.06;0;0;0;8;48.13;8;4;2;0;0;0;7;42.11;7;0;0;0;0;260;1,564.33;260;260;4;0;0;1;0;0;0;0;0;0;0;0;1;6.01;1;00:02;00:13;00:02;0;0;0;3;18.04;3;260;0;260;3;18.04;3;0;0;4;24.06;4;2;12.03;2;0;3 minutes;00:13;0;0;0;21%;0;100%
Surefour-2559;4493;1;5%;128;43;35;0.15;0;0;37,867;22,465.74;16,411;10,548;8;4.74;0;0;0;53;31.44;17;11;6.62;0;0;0;38;22.54;15;0;2;0;1;58;34.54;58;58;11;0;0;5;0;3;2;0;0;0;0;0;18;10.67;9;00:24;00:14;00:18;0;0;0;8;4.74;2;58;0.07;58;40;23.73;15;5,964;2,273;4;2.37;3;5;2.96;2;0;13 minutes;02:54;0;0;0;38%;39%;81%
SwagUnicorn-4998;0;0;3%;13;9;7;0.03;0;0;5,315;12,005.89;2,111;1,586;8;18.07;0;0;0;4;9.03;2;2;0.5;0;0;0;4;9.03;2;0;0;0;0;440;993.44;240;207;2;0;0;1;0;0;1;0;0;0;0;0;1;2.25;1;00:11;00:25;00:10;0;0;0;0;0;0;440;1.17;240;4;9.03;2;1,502;344;1;2.25;1;0;0;0;0;6 minutes;0;0;0;2;22%;20%;0
Sypeh-2707;0;4;6%;596;59;39;0.11;0;0;161,282;24,744.8;18,379;8,278;69;10.58;0;0;0;221;33.9;23;9;3.2;0;1;0;120;18.41;14;2;7;0;4;6,038;926.35;948;948;9;0;0;20;7;8;6;2;0.3;1;3;2;91;13.96;13;05:18;00:48;01:17;0;0;0;46;7.05;7;6,038;1.13;948;145;22.24;15;26,903;9,348;28;4.29;6;30;4.6;6;0;1 hour;10:48;0;0;5;34%;51%;60%
Taimou-2526;4311;0;8%;38;20;16;0.15;0;0;7,886;25,495.01;5,170;3,113;4;12.93;0;0;0;8;25.86;5;3;2;0;0;0;5;16.16;3;0;0;0;0;190;612.99;190;190;3;0;0;1;0;0;0;0;0;0;0;0;1;3.23;1;0;0;0;0;0;0;2;6.46;1;190;0.78;190;6;19.39;4;1,084;453;2;6.46;1;0;0;0;0;4 minutes;0;0;0;0;41%;45%;37%
Talespin-1868;4132;0;4%;10;7;4;0.02;0;0;5,677;8,278.93;4,460;1,737;7;10.2;0;0;0;5;7.29;3;2;0.71;0;0;0;3;4.37;2;0;1;0;0;1,472;2,146.65;1,449;1,048;2;0;0;2;1;1;0;0;0;0;0;0;1;1.45;1;00:22;00:32;00:22;0;0;0;2;2.91;2;1,472;3.08;1,449;1;1.45;1;868;233;1;1.45;1;2;2.91;1;0;7 minutes;0;0;0;0;26%;0;57%
ThreeDDD-4546;3579;0;8%;54;25;24;0.14;0;0;10,113;13,467.35;4,699;3,815;2;2.66;0;0;0;19;25.3;12;12;9.5;0;1;0;15;19.97;9;0;1;0;0;206;273.72;206;206;12;0;0;3;1;1;1;0;0;0;3;1;3;3.99;3;00:27;00:36;00:27;0;0;0;3;3.99;2;206;0.54;206;14;18.64;10;2,004;661;6;7.99;4;2;2.66;1;0;6 minutes;01:16;0;0;2;32%;27%;36%
tic-1885;63;3;4%;254;35;25;0;0;0;82,401;19,439.52;11,081;8,988;48;11.32;0;0;0;121;28.54;23;23;2.52;0;1;0;71;16.74;13;0;4;0;2;4,847;1,143.57;731;437;23;0;0;10;3;6;1;0;0;0;3;1;31;7.31;9;01:36;00:22;01:09;0;0;0;24;5.66;4;4,847;0;731;81;19.1;16;0;0;22;5.19;5;16;3.77;4;0;1 hour;06:17;0;0;0;32%;0;41%
Toha-2496;1362;0;7%;31;15;15;0.09;0;0;5,801;13,277.12;4,187;4,187;2;4.57;0;0;0;11;25.17;7;7;5.5;0;0;0;6;13.73;4;0;0;0;0;722;1,651.54;609;609;7;0;0;1;0;0;0;0;0;0;0;0;7;16.02;5;00:12;00:29;00:11;0;0;0;3;6.86;2;722;2.14;609;6;13.73;3;1,822;397;0;0;0;2;4.57;2;0;5 minutes;0;0;0;0;21%;14%;59%
ToraNerd-1456;2322;1;5%;130;30;16;0.06;0;0;41,189;17,095.31;7,163;4,843;31;12.86;0;0;0;76;31.54;15;10;2.45;0;1;0;50;20.75;11;1;2;0;1;2,991;1,241.32;784;344;10;0;0;6;2;2;2;0;0;0;3;1;27;11.2;6;00:39;00:16;00:10;0;0;0;11;4.56;3;2,991;1.56;784;47;19.5;9;8,314;2,435;21;8.71;8;19;7.88;5;0;31 minutes;04:07;0;0;0;29%;39%;50%
Toujours-4543;0;0;5%;89;42;26;0.11;0;0;25,049;36,123.36;10,007;5,420;7;10.09;0;0;0;38;54.8;18;11;5.42;0;0;0;29;41.82;17;1;1;0;0;987;1,424.06;479;365;11;0;0;2;0;1;0;0;0;0;0;0;15;21.63;6;00:29;00:42;00:17;0;0;0;4;5.76;3;987;1.31;479;26;37.49;13;3,859;1,535;9;12.97;6;8;11.53;4;0;12 minutes;05:14;0;0;0;39%;37%;21%
Treaty-11117;57;0;2%;5;5;5;0;0;0;3,821;22,472.34;3,821;3,821;1;5.88;0;0;0;3;17.64;3;3;3;0;0;0;2;11.76;2;0;0;0;0;205;1,207.38;205;205;3;0;0;1;0;0;1;0;0;0;0;0;2;11.76;2;00:50;04:58;00:50;0;0;0;0;0;0;205;0;205;2;11.76;2;0;0;1;5.88;1;1;5.88;1;0;1 minute;00:25;0;0;0;36%;0;0
Tung-3350;3000;0;5%;22;17;11;0.11;0;0;8,036;40,475.34;6,099;3,780;4;20.14;0;0;0;9;45.33;9;8;2.25;0;0;0;5;25.18;5;0;0;0;0;273;1,374.36;273;273;8;0;0;0;0;0;0;0;0;0;3;1;1;5.03;1;00:03;00:17;00:03;0;0;0;2;10.07;2;273;1.44;273;4;20.14;4;1,080;425;1;5.03;1;3;15.11;3;0;3 minutes;01:04;0;0;0;39%;0;0
TviQ-1503;4134;1;10%;109;71;30;0.11;0;0;23,846;13,440.85;15,767;7,667;6;3.38;0;0;0;32;18.03;26;9;5.33;0;0;0;17;9.58;14;0;2;1;1;806;454.41;430;430;9;0;0;5;0;3;2;0;0;0;0;0;9;5.07;6;00:07;00:04;00:05;0;0;0;8;4.5;6;806;0.83;430;17;9.58;14;4,384;1,042;7;3.94;5;7;3.94;6;1;16 minutes;01:12;0;0;17;23%;52%;57%
Ulfang-1914;57;0;4%;9;7;3;0;0;0;4,035;9,916.82;2,164;1,244;11;27.03;0;0;0;7;17.2;7;3;0.63;0;0;0;4;9.83;4;0;0;0;0;241;592.76;140;140;3;0;0;1;0;0;0;0;0;0;0;0;5;12.28;5;00:11;00:29;00:11;0;0;0;2;4.91;2;241;0;140;2;4.91;2;0;0;0;0;0;3;7.37;3;0;6 minutes;00:05;0;0;0;17%;0;15%
uNFixed-2518;0;0;9%;6;4;4;0.01;0;0;1,188;2,701.93;485;485;6;13.64;0;0;0;2;4.54;1;1;0.33;0;0;0;2;4.54;1;0;0;0;0;612;1,392.07;314;298;1;0;0;2;0;1;0;0;0;0;0;0;1;2.27;1;01:52;04:15;01:39;0;0;0;1;2.27;1;612;1.83;314;1;2.27;1;177;66;1;2.27;1;0;0;0;0;5 minutes;00:01;0;0;0;37%;40%;21%
uruca-11142;4007;0;5%;7;7;7;0.1;0;0;1,561;20,490.12;1,561;1,561;0;0;0;0;0;5;65.63;5;5;0;0;0;0;2;26.25;2;0;0;0;0;0;0;0;0;5;0;0;0;0;0;0;0;0;0;0;0;2;26.25;2;0;0;0;0;0;0;0;0;0;0;0;0;5;65.63;5;505;124;0;0;0;0;0;0;0;--;00:26;0;0;0;24%;24%;100%
vallutaja-2514;4250;0;16%;4;4;4;0.14;0;0;401;10,582.75;401;401;1;26.38;0;0;0;2;52.76;2;2;2;0;0;0;2;52.76;2;0;0;0;0;0;0;0;0;2;0;0;0;0;0;0;0;0;0;0;0;0;0;0;0;0;0;0;0;0;0;0;0;0;0;0;2;52.76;2;102;24;2;52.76;2;0;0;0;0;28.199665000662208 seconds;0;0;0;0;23%;0;0
Vermillion-11337;3507;0;5%;31;31;31;0.24;0;0;8,279;66,350.64;8,279;8,279;1;8.01;0;0;0;3;24.04;3;3;3;0;0;0;1;8.01;1;0;0;0;0;133;1,067.54;133;133;3;0;0;0;0;0;0;0;0;0;0;0;2;16.02;2;00:10;01:26;00:10;0;0;0;0;0;0;133;1.03;133;3;24.04;3;1,570;567;0;0;0;0;0;0;0;2 minutes;0;0;0;0;36%;0;0
Vivieria-1169;50;0;4%;48;19;19;0;0;0;17,584;15,974.37;6,185;3,890;12;10.9;0;0;0;27;24.52;9;7;2.25;0;0;0;18;16.35;6;0;1;0;1;949;862.58;622;407;7;0;0;4;1;0;3;0;0;0;5;1;14;12.71;8;00:33;00:30;00:31;0;0;0;1;0.9;1;949;0;622;20;18.16;8;0;0;4;3.63;1;6;5.45;5;0;14 minutes;03:43;0;0;0;25%;0;46%
watt-1213;80;1;6%;87;41;32;0;0;0;21,305;13,557.73;8,907;4,469;8;5.09;0;0;0;46;29.27;24;11;5.75;0;0;0;26;16.54;13;0;2;0;1;1,202;765.11;509;265;11;0;0;5;1;3;2;0;0;0;0;0;11;7;6;01:31;00:57;01:26;0;0;0;6;3.81;3;1,202;0;509;33;21;17;0;0;6;3.81;3;7;4.45;4;0;16 minutes;05:45;0;0;0;28%;0;57%
weaselele-2442;4437;0;4%;214;44;27;0.09;0;0;71,770;26,393.4;9,615;6,899;32;11.76;0;0;0;78;28.68;15;13;2.43;0;2;0;38;13.97;8;1;3;0;2;2,261;831.4;1,125;544;13;0;0;7;2;2;2;0;0;0;3;2;19;6.98;5;01:26;00:31;00:24;0;0;0;21;7.72;4;2,261;1.01;1,125;49;18.01;10;10,208;4,356;3;1.1;1;8;2.94;3;0;36 minutes;03:16;0;0;0;42%;68%;61%
Werky-1402;2821;0;3%;55;24;16;0.09;0;0;26,809;38,672.2;15,057;6,573;11;15.86;0;0;0;25;36.06;16;8;2.27;0;0;0;17;24.52;11;0;1;0;0;480;691.89;191;191;8;0;0;2;0;1;1;0;0;0;0;0;12;17.31;11;00:20;00:29;00:17;0;0;0;6;8.65;3;480;0.78;191;17;24.52;12;3,899;1,543;2;2.88;1;2;2.88;1;0;10 minutes;04:03;0;0;0;39%;45%;0
Winston-11922;65;1;8%;288;113;46;0;0;0;65,558;23,604.58;26,494;14,490;28;10.08;0;0;0;79;28.44;30;16;2.82;0;0;0;56;20.16;26;0;3;0;1;1,758;632.82;808;673;16;0;0;9;2;4;4;0;0;0;0;0;25;9;7;00:38;00:13;00:15;0;0;0;9;3.24;3;1,758;0;808;61;21.96;23;0;0;10;3.6;5;9;3.24;4;0;33 minutes;04:07;0;0;0;30%;0;31%
WinterDKay-2106;2919;6;5%;766;62;38;0.1;0;0;234,697;21,761.5;15,417;8,686;83;7.69;0;0;0;323;29.94;36;21;3.89;0;0;1;209;19.37;22;5;11;0;6;8,034;744.91;819;819;21;0;0;36;10;14;13;1;0.09;1;4;3;150;13.9;18;21:38;02:00;02:42;0;0;0;56;5.19;8;8,034;1.14;819;237;21.97;24;46,599;13,594;24;2.22;4;30;2.78;4;0;1 hour;26:11;0;0;9;29%;49%;53%
xFloweyx-3965;1752;0;9%;10;10;10;0.12;0;0;1,700;5,197.41;1,700;1,700;1;3.05;0;0;0;1;3.05;1;1;1;0;0;0;1;3.05;1;0;0;0;0;0;0;0;0;1;0;0;0;0;0;0;0;0;0;0;0;1;3.05;1;0;0;0;0;0;0;1;3.05;1;0;0;0;0;0;0;464;107;0;0;0;0;0;0;0;1 minute;0;0;0;0;23%;0;0
XQQ-11863;4453;0;10%;44;43;24;0.16;0;0;7,995;25,419.2;7,016;2,710;5;15.89;0;0;0;8;25.43;8;6;1.6;0;0;0;5;15.89;5;0;0;0;0;268;852.14;268;188;6;0;0;1;0;0;0;0;0;0;0;0;4;12.71;4;00:32;01:41;00:20;0;0;0;1;3.17;1;268;1.01;268;2;6.35;2;915;434;1;3.17;1;5;15.89;5;0;4 minutes;00:27;0;0;0;47%;0;0
Y19251658-2148;3795;1;9%;180;52;29;0.12;0;0;35,996;21,313.2;8,406;4,486;23;13.61;0;0;0;56;33.15;15;12;2.43;0;0;0;36;21.31;10;1;2;0;1;1,060;627.35;412;278;12;0;0;4;1;2;1;0;0;0;0;0;5;2.96;1;00:02;00:01;00:02;0;0;0;16;9.47;5;1,060;0.73;412;35;20.72;8;6,361;1,813;7;4.14;2;5;2.96;2;0;24 minutes;03:53;0;0;0;28%;31%;48%
Yubuu-1763;42;5;5%;692;64;37;0;0;0;315;4,393.67;225;225;2;27.89;1;14;1;1;13.94;1;1;0.5;0;2;0;191;11.02;16;0;0;0;0;63;884.17;63;63;0;0;0;0;0;12;0;1;0;1;4;2;140;8.08;17;07:34;00:26;01:27;0;0;0;73;4.21;5;13,440;0;1,124;206;11.89;15;0;0;49;2.82;7;39;2.25;6;0;57.29816893488169 seconds;13:54;0;0;0;33%;0;45%
Zatanna-11384;65;3;5%;478;47;27;0;0;0;141,752;19,701.68;21,791;5,920;101;14.03;0;0;0;256;35.58;26;14;2.53;0;0;0;163;22.65;18;0;7;0;4;6,079;844.94;1,087;701;14;0;0;20;5;7;8;0;0;0;3;4;85;11.81;9;01:12;00:10;00:10;0;0;0;31;4.3;4;6,079;0;1,087;188;26.12;17;0;0;42;5.83;7;37;5.14;5;0;1 hour;17:30;0;0;0;27%;0;55%
ZeInfinity-21817;2173;0;8%;29;16;12;0.13;0;0;5,231;23,020.63;3,871;3,462;4;17.6;0;0;0;3;13.2;2;2;0.75;0;0;0;1;4.4;1;0;0;0;0;266;1,171.74;266;264;2;0;0;1;0;0;0;0;0;0;0;0;1;4.4;1;00:06;00:26;00:03;0;0;0;1;4.4;1;266;1.2;266;1;4.4;1;1,235;329;0;0;0;1;4.4;1;0;3 minutes;0;0;0;0;26%;30%;0
zunba-3237;4790;0;8%;44;20;17;0.1;0;0;7,447;17,700;2,818;2,095;9;21.39;0;0;0;8;19.01;3;2;0.88;0;0;0;7;16.63;3;0;0;0;0;14;34.22;14;14;2;0;0;0;1;0;1;0;0;0;0;0;3;7.13;2;00:30;01:11;00:19;0;0;0;1;2.37;1;14;0.03;14;6;14.26;2;1,464;509;3;7.13;2;1;2.37;1;0;3.191271993331611 seconds;00:02;0;0;0;34%;27%;100%
