Akimoto-3310;3063;0;19;6%;859;26;14;0.02;699,996;13,936.36;25,267;8,797;127,373;2,536;4,438;548;10.91;346;6.88;16;329;0;0;1,465;29.16;58;25;2.67;0;0;0;0;0;0;0;4;2;662;13.17;29;20;50;2;28;0;0;0;0;25;0;0;140;45;62;33;28;0.55;3;5;26;515;10.25;25;01:01:11;01:13;02:22;0;0;0;0;0;0;0;0;0;0;0;40,893;13,054;120;2.38;8;1;0;0;10 hours;01:14:34;0;0;0;0;12;31%;43%;55%
Aktm-11812;0;0;1;7%;60;25;8;0.02;35,241;14,966.38;14,663;4,159;8,090;3,436;3,314;27;11.46;11;4.67;5;14;0;0;60;25.48;27;10;2.22;0;0;0;0;0;0;0;0;0;34;14.43;18;1;2;0;1;0;0;0;0;10;0;0;6;4;0;2;0;0;0;0;0;21;8.91;9;02:08;00:54;00:47;0;0;0;0;0;0;0;0;0;0;0;2,023;836;8;3.39;5;0;0;0;33 minutes;03:22;0;0;0;0;5;41%;41%;51%
applejuice69-11392;0;0;6;7%;221;35;11;0.03;148,073;17,996.29;18,383;7,116;19,615;2,384;2,753;78;9.47;94;11.42;14;59;0;0;290;35.24;43;23;3.71;0;0;0;0;0;0;0;0;0;174;21.14;27;3;8;0;5;25;3.03;25;25;23;0;0;26;2;20;4;7;0.85;3;4;9;90;10.93;18;11:25;01:23;01:43;0;0;0;0;0;0;0;0;0;0;0;7,496;3,079;23;2.79;6;0;0;0;1 hour;30:28;0;0;0;0;0;41%;47%;60%
aRie-11198;2992;0;4;7%;296;30;10;0.02;200,496;11,977.29;19,226;6,238;33,708;2,014;2,715;167;9.97;114;6.81;15;92;0;0;428;25.56;43;23;2.56;0;0;0;0;0;0;0;1;0;217;12.96;25;6;17;0;10;0;0;0;0;23;0;0;41;14;13;14;15;0.89;3;3;8;141;8.42;13;17:21;01:02;01:41;0;0;0;0;0;0;0;0;0;0;0;12,716;3,937;60;3.58;10;2;0;0;3 hours;25:43;0;0;0;0;3;30%;43%;62%
Artificial-11535;2856;0;30;10%;2,436;79;18;0.03;1,114,699;10,990.02;22,471;5,996;225,134;2,220;5,973;1,008;9.93;570;5.61;18;498;0;0;2,486;24.5;71;17;2.46;0;0;0;0;0;0;0;4;1;1,387;13.67;40;48;101;5;49;30;0.29;30;30;17;0;0;250;94;76;80;75;0.73;4;5;40;835;8.23;39;01:40:32;00:59;02:43;0;0;0;0;0;0;0;0;0;0;0;67,841;22,884;379;3.73;11;0;0;0;20 hours;02:26:26;0;0;0;0;92;33%;53%;47%
Badger-1688;3050;0;0;14%;12;9;4;0.03;4,221;8,353.34;2,733;983;542;1,073;296;6;11.87;1;1.97;1;1;0;0;12;23.74;9;6;2;0;0;0;0;0;0;0;0;0;6;11.87;5;1;1;0;0;0;0;0;0;6;0;0;2;0;1;1;2;3.95;2;5;1;2;3.95;1;00:11;00:21;00:07;0;0;0;0;0;0;0;0;0;0;0;349;82;1;1.97;1;0;0;0;5 minutes;0;0;0;0;0;0;23%;21%;0
baio-11451;3581;0;0;6%;13;13;8;0.03;6,674;24,015.14;6,674;4,113;831;2,990;831;3;10.79;2;7.19;2;3;0;0;14;50.37;14;11;4.66;0;0;0;0;0;0;0;0;0;4;14.39;4;0;0;0;0;0;0;0;0;11;0;0;1;0;0;1;1;3.59;1;0;0;5;17.99;5;00:53;03:12;00:53;0;0;0;0;0;0;0;0;0;0;0;405;187;0;0;0;0;0;0;5 minutes;00:05;0;0;0;0;0;46%;0;100%
Bamos-11989;2551;0;3;7%;92;36;8;0.02;60,640;16,619.22;17,145;4,241;12,742;3,492;4,399;34;9.31;20;5.48;5;22;0;0;108;29.59;31;11;3.17;0;0;0;0;0;0;0;1;0;51;13.97;13;2;4;0;2;0;0;0;0;11;0;0;9;5;1;3;4;1.09;2;0;0;37;10.14;10;06:45;01:51;01:38;0;0;0;0;0;0;0;0;0;0;0;3,144;1,179;10;2.74;4;0;0;0;55 minutes;05:22;0;0;0;0;0;37%;52%;46%
BioHack-11119;1988;0;0;4%;27;25;5;0.01;26,142;15,595.66;19,550;3,715;2,936;1,752;1,154;19;11.33;10;5.96;7;10;0;0;48;28.63;33;12;2.52;0;0;0;0;0;0;0;1;0;21;12.52;14;1;2;0;0;0;0;0;0;12;0;0;6;2;3;1;0;0;0;3;2;14;8.35;10;02:50;01:41;01:46;0;0;0;0;0;0;0;0;0;0;0;1,757;608;6;3.57;4;0;0;0;24 minutes;03:45;0;0;0;0;1;34%;35%;20%
Blu-4175;3000;0;0;4%;7;7;5;0.01;8,040;18,550.96;8,040;3,124;1,119;2,582;1,119;7;16.15;1;2.3;1;3;0;0;10;23.07;10;7;1.42;0;0;0;0;0;0;0;0;0;7;16.15;7;0;0;0;0;0;0;0;0;7;0;0;0;0;0;0;1;2.3;1;0;0;0;0;0;00:34;01:18;00:34;0;0;0;0;0;0;0;0;0;0;0;434;145;1;2.3;1;0;0;0;7 minutes;0;0;0;0;0;0;33%;0;100%
Bluemoon-31853;3351;0;1;9%;20;13;13;0.03;10,410;17,506.67;5,183;5,043;1,851;3,113;704;5;8.4;4;6.72;2;4;0;0;17;28.58;15;15;3.4;0;0;0;0;0;0;0;0;0;12;20.18;10;0;1;0;0;0;0;0;0;15;0;0;2;0;1;0;1;1.68;1;0;0;10;16.81;9;01:35;02:40;01:20;0;0;0;0;0;0;0;0;0;0;0;577;208;4;6.72;2;0;0;0;10 minutes;00:17;0;0;0;0;0;36%;44%;41%
BluStar-2121;57;0;0;8%;35;14;6;0;17,402;11,057.23;6,681;1,894;2,717;1,726;894;24;15.24;8;5.08;6;0;0;0;23;14.61;9;7;0.95;0;0;0;0;0;0;0;0;0;11;6.98;6;0;2;0;0;0;0;0;0;7;0;0;4;2;1;0;0;0;0;3;1;13;8.26;5;02:04;01:18;00:50;0;0;0;0;0;0;0;0;0;0;0;0;0;1;0.63;1;0;0;0;21 minutes;00:33;0;0;0;0;0;31%;0;0
Bobosa-3106;0;0;36;8%;3,139;48;15;0.03;2,079,838;16,520.06;29,623;7,801;391,887;3,113;8,998;1,499;11.9;1,120;8.89;25;1,027;0;0;4,129;32.79;73;20;2.75;0;0;0;0;0;0;0;9;0;2,208;17.53;40;59;126;3;64;233;1.85;150;150;20;0;0;378;90;178;110;55;0.43;2;5;82;1,326;10.53;35;03:02:47;01:27;03:13;0;0;0;0;0;0;0;0;0;0;0;104,425;38,977;453;3.59;12;2;0;0;28 hours;04:55:32;0;0;0;0;50;37%;63%;50%
BriBrii-2647;1225;0;1;7%;71;14;3;0.01;52,257;7,159.85;10,887;3,312;13,425;1,839;2,517;82;11.23;24;3.28;6;30;0;0;109;14.93;23;7;1.32;0;0;0;0;0;0;0;0;0;44;6.02;8;3;7;1;3;0;0;0;0;7;0;0;12;5;3;4;1;0.13;1;3;1;48;6.57;15;10:46;01:28;02:13;0;0;0;0;0;0;0;0;0;0;0;5,888;1,004;20;2.74;3;0;0;0;1 hour;00:02;0;0;0;0;4;17%;42%;45%
buff4eyes-1647;45;0;0;8%;19;10;6;0;9,868;8,553.62;3,838;1,345;2,369;2,054;775;18;15.6;2;1.73;1;0;0;0;11;9.53;7;3;0.61;0;0;0;0;0;0;0;0;0;6;5.2;3;0;1;0;0;0;0;0;0;3;0;0;2;1;1;0;3;2.6;2;0;0;2;1.73;2;01:24;01:12;00:48;0;0;0;0;0;0;0;0;0;0;0;0;0;1;0.86;1;0;0;0;17 minutes;0;0;0;0;0;0;34%;0;0
BUR1X-2303;4034;0;0;1%;2;1;1;0;200;6,508.19;200;120;1,202;2,902;903;1;32.54;1;2.41;1;3;0;0;14;33.8;14;7;1.75;0;0;0;0;0;0;0;1;1;6;14.48;6;0;0;0;0;0;0;0;0;7;0;0;0;0;0;0;1;2.41;1;0;0;5;12.07;5;00:39;01:36;00:31;0;0;0;0;0;0;0;0;0;0;0;11;2;2;4.82;2;0;0;0;33.22263700515032 seconds;00:40;0;0;0;0;0;18%;33%;13%
burii-11667;0;0;0;5%;67;9;4;0.02;53,195;13,154.57;8,343;3,154;3,569;883;700;59;14.59;25;6.18;5;22;0;0;80;19.78;18;8;1.35;0;0;0;0;0;0;0;0;0;40;9.89;10;3;4;0;1;0;0;0;0;8;0;0;12;4;3;5;5;1.23;2;3;2;24;5.93;6;04:49;01:11;00:56;0;0;0;0;0;0;0;0;0;0;0;3,345;1,219;9;2.22;2;0;0;0;55 minutes;02:35;0;0;0;0;3;36%;40%;13%
Calvin-1337;4187;0;1;9%;171;33;12;0.04;85,223;17,893.39;17,780;4,460;9,098;1,910;2,502;52;10.91;52;10.91;11;38;0;0;198;41.57;50;14;3.8;0;0;0;0;0;0;0;1;0;101;21.2;22;1;5;0;3;75;15.74;75;75;14;0;0;17;4;7;5;1;0.2;1;4;5;77;16.16;28;06:38;01:23;01:40;0;0;0;0;0;0;0;0;0;0;0;4,686;1,898;13;2.72;4;0;0;0;1 hour;13:53;0;0;0;0;0;40%;45%;64%
Camou-1349;3855;0;0;12%;1;1;1;0.02;282;3,826.08;282;282;46;624;46;1;13.56;0;0;0;0;0;0;2;27.13;2;2;2;0;0;0;0;0;0;0;0;0;0;0;0;0;0;0;0;0;0;0;0;2;0;0;0;0;0;0;0;0;0;0;0;0;0;0;00:02;00:39;00:02;0;0;0;0;0;0;0;0;0;0;0;42;8;0;0;0;0;0;0;42.2760790027678 seconds;0;0;0;0;0;0;19%;0;100%
Capriccioso-1214;42;0;0;6%;30;11;5;0;22,476;10,189.34;9,277;2,376;2,971;1,347;1,438;27;12.24;16;7.25;7;0;0;0;45;20.4;19;8;1.66;0;0;0;0;0;0;0;1;0;29;13.14;12;0;2;0;0;0;0;0;0;8;0;0;6;1;3;2;2;0.9;2;0;0;13;5.89;6;02:31;01:08;01:18;0;0;0;0;0;0;0;0;0;0;0;0;0;11;4.98;5;0;0;0;28 minutes;02:50;7;3.17;13;5.89;0;31%;0;0
CaptainEVS-1315;80;0;3;7%;101;14;12;0;65,695;9,875.95;8,405;3,750;9,026;1,357;1,815;64;9.62;38;5.71;8;0;0;0;215;32.32;32;14;3.35;0;0;0;0;0;0;0;0;0;97;14.58;16;0;7;0;6;0;0;0;0;14;0;0;18;7;4;7;6;0.9;3;3;3;58;8.71;12;07:16;01:05;01:03;0;0;0;0;0;0;0;0;0;0;0;0;0;26;3.9;6;1;0;0;1 hour;06:48;0;0;0;0;0;31%;0;83%
carnifex-2958;4505;0;0;5%;33;8;7;0.02;25,730;10,773.47;9,753;5,324;2,143;897;1,002;24;10.04;8;3.34;2;8;0;0;25;10.46;11;4;1.04;0;0;0;0;0;0;0;0;0;10;4.18;5;2;2;0;0;0;0;0;0;4;0;0;5;1;2;3;0;0;0;0;0;6;2.51;2;00:51;00:21;00:26;0;0;0;0;0;0;0;0;0;0;0;1,771;620;4;1.67;3;0;0;0;25 minutes;0;0;0;0;0;7;35%;50%;0
clockwise-11369;3706;0;16;8%;875;54;27;0.03;447,975;14,077.34;21,091;6,961;55,346;1,739;4,186;279;8.76;193;6.06;17;168;0;0;1,029;32.33;57;25;3.68;0;0;0;0;0;0;0;2;0;579;18.19;32;13;32;1;18;0;0;0;0;25;0;0;97;28;44;25;25;0.78;3;5;19;361;11.34;29;36:50;01:09;02:06;0;0;0;0;0;0;0;0;0;0;0;27,758;9,828;124;3.89;10;0;0;0;6 hours;01:08:32;0;0;0;0;6;35%;44%;58%
CoffeeJelly-11718;0;0;0;5%;17;12;6;0.03;12,811;22,545.3;8,861;4,465;550;968;530;6;10.55;6;10.55;5;4;0;0;12;21.11;10;6;2;0;0;0;0;0;0;0;0;0;8;14.07;7;1;1;0;0;0;0;0;0;6;0;0;2;0;0;1;0;0;0;0;0;6;10.55;5;01:05;01:55;00:55;0;0;0;0;0;0;0;0;0;0;0;712;309;2;3.51;1;0;0;0;9 minutes;01:43;0;0;0;0;0;43%;43%;0
Cohias-1934;3115;0;1;5%;25;9;4;0.01;25,865;14,721.01;8,965;2,995;5,545;3,156;1,610;18;10.24;13;7.39;5;12;0;0;77;43.82;27;15;4.27;0;0;0;0;0;0;0;0;0;38;21.62;14;0;2;0;1;0;0;0;0;15;0;0;6;2;3;1;1;0.56;1;4;2;28;15.93;19;02:13;01:16;01:22;0;0;0;0;0;0;0;0;0;0;0;1,210;500;11;6.26;5;0;0;0;22 minutes;06:17;0;0;0;0;0;41%;43%;64%
cowbama-4260;2598;0;5;7%;204;34;16;0.02;140,475;14,304.96;22,110;6,692;22,866;2,328;4,909;89;9.06;88;8.96;17;66;0;0;297;30.24;47;14;3.33;0;0;0;0;0;0;0;2;0;155;15.78;24;4;10;0;6;46;4.64;46;46;14;0;0;28;5;11;11;15;1.52;3;5;2;115;11.71;23;14:14;01:27;02:23;0;0;0;0;0;0;0;0;0;0;0;8,382;2,822;44;4.48;8;1;0;0;2 hours;19:34;0;0;0;0;3;33%;43%;62%
CRA2YDOG-3822;2743;0;0;5%;37;7;3;0.01;25,975;6,948.16;5,998;1,707;6,478;1,733;1,180;47;12.57;13;3.47;3;16;0;0;45;12.03;11;4;0.95;0;0;0;0;0;0;0;0;0;22;5.88;6;3;4;0;1;0;0;0;0;4;0;0;9;5;2;3;1;0.26;1;0;0;16;4.27;5;03:52;01:02;01:08;0;0;0;0;0;0;0;0;0;0;0;2,356;618;8;2.13;4;2;0;0;40 minutes;00:12;0;0;0;0;2;26%;43%;17%
Crowner-31484;4074;0;1;6%;49;14;8;0.01;40,268;12,642.38;14,507;5,251;6,476;2,033;1,896;30;9.41;19;5.96;7;15;0;0;93;29.19;36;15;3.1;0;0;0;0;0;0;0;1;0;40;12.55;16;1;3;0;2;0;0;0;0;15;0;0;5;3;1;1;2;0.62;1;4;3;38;11.93;16;04:25;01:23;01:23;0;0;0;0;0;0;0;0;0;0;0;2,688;749;10;3.13;4;0;0;0;44 minutes;10:18;0;0;0;0;0;27%;39%;74%
Darkaz-6141;3705;0;0;6%;15;10;5;0.02;11,520;11,369.52;4,687;2,227;1,841;1,817;1,042;11;10.85;6;5.92;3;6;0;0;30;29.6;20;10;2.72;0;0;0;0;0;0;0;0;0;15;14.8;11;0;1;0;1;0;0;0;0;10;0;0;2;1;1;1;0;0;0;3;1;2;1.97;2;00:56;00:55;00:34;0;0;0;0;0;0;0;0;0;0;0;748;228;0;0;0;0;0;0;12 minutes;01:08;0;0;0;0;0;30%;55%;77%
DeerFanning-1832;3281;0;0;6%;71;18;8;0.03;47,469;21,419.26;10,886;4,629;7,888;3,559;2,224;27;12.18;16;7.21;4;16;0;0;72;32.48;18;8;2.66;0;0;0;0;0;0;0;0;0;30;13.53;8;1;2;0;1;0;0;0;0;8;0;0;6;3;2;2;1;0.45;1;4;2;30;13.53;9;04:45;02:08;01:08;0;0;0;0;0;0;0;0;0;0;0;2,461;1,084;4;1.8;2;0;0;0;36 minutes;03:11;0;0;0;0;0;44%;41%;40%
DeGuN-2283;75;0;4;8%;186;20;13;0;101,483;9,618.48;9,538;5,411;15,882;1,505;1,882;58;5.49;64;6.06;8;0;0;0;339;32.13;36;25;5.84;0;0;0;0;0;0;0;0;0;160;15.16;19;0;11;0;9;0;0;0;0;0;0.34;0;29;10;10;9;12;0;3;4;4;104;9.85;12;11:34;01:05;00:59;0;0;0;0;0;0;0;0;0;0;0;0;0;34;3.22;4;4;0;0;1 hour;16:55;0;0;0;0;0;38%;0;83%
DERPGUYZ-1495;2481;0;15;8%;925;38;12;0.02;564,524;11,609.71;19,904;6,738;124,770;2,566;5,672;524;10.77;319;6.56;15;314;0;0;1,389;28.56;49;18;2.65;0;0;0;0;0;0;0;7;0;653;13.42;30;22;49;1;25;0;0;0;0;18;0;0;160;53;55;52;26;0.53;3;4;21;603;12.4;33;01:39:54;02:03;05:22;0;0;0;0;0;0;0;0;0;0;0;38,126;10,880;158;3.24;11;3;0;0;10 hours;01:16:06;0;0;0;0;49;28%;45%;51%
DerpHead-3508;2487;0;0;8%;63;28;10;0.02;37,365;10,358.26;8,604;3,945;5,928;1,643;1,243;34;9.42;16;4.43;4;20;0;0;91;25.22;27;13;2.67;0;0;0;0;0;0;0;2;0;50;13.86;15;2;4;0;2;0;0;0;0;13;0;0;6;2;1;4;7;1.94;2;0;0;35;9.7;11;04:34;01:16;01:06;0;0;0;0;0;0;0;0;0;0;0;2,459;712;10;2.77;3;1;0;0;44 minutes;01:17;0;0;0;0;13;28%;31%;51%
Deso-11717;2903;0;0;8%;18;13;4;0.02;9,116;9,210.98;5,599;1,749;2,399;2,424;1,524;9;9.09;4;4.04;3;3;0;0;21;21.21;13;6;2.33;0;0;0;0;0;0;0;0;0;11;11.11;9;0;1;0;1;0;0;0;0;6;0;0;2;1;0;0;0;0;0;0;0;1;1.01;1;00:35;00:35;00:25;0;0;0;0;0;0;0;0;0;0;0;703;211;5;5.05;5;0;0;0;12 minutes;00:52;0;0;0;0;3;30%;0;100%
DevjlCloudVN-1911;3102;0;4;7%;162;24;13;0.02;109,576;12,886.96;13,723;5,211;18,906;2,223;3,503;107;12.58;62;7.29;11;50;0;0;242;28.46;37;15;2.26;0;0;0;0;0;0;0;0;0;124;14.58;22;2;9;0;6;0;0;0;0;15;0;0;26;7;10;10;13;1.52;3;3;6;78;9.17;15;08:01;00:56;01:17;0;0;0;0;0;0;0;0;0;0;0;7,208;2,179;30;3.52;6;0;0;0;1 hour;14:18;0;0;0;0;0;30%;37%;71%
doGsInaT-1838;3173;0;18;7%;1,349;39;15;0.02;867,732;13,992.58;29,499;7,817;113,513;1,830;5,793;510;8.22;570;9.19;22;401;0;0;2,053;33.1;57;26;4.02;0;0;0;0;0;0;0;6;0;1,015;16.36;30;21;62;1;40;0;0;0;0;26;0;0;178;64;50;63;82;1.32;3;6;59;580;9.35;22;01:08:34;01:06;02:46;0;0;0;0;0;0;0;0;0;0;0;48,566;17,025;180;2.9;8;4;0;0;12 hours;02:12:16;0;0;0;0;31;35%;50%;64%
Doubted-11183;3492;0;0;8%;64;15;9;0.03;40,025;14,588.07;9,501;5,407;6,249;2,278;1,756;23;8.38;26;9.47;6;20;0;0;86;31.34;19;13;3.73;0;0;0;0;0;0;0;0;0;54;19.68;11;1;3;0;2;0;0;0;0;13;0;0;8;1;3;3;3;1.09;1;3;1;14;5.1;4;02:19;00:51;00:38;0;0;0;0;0;0;0;0;0;0;0;2,501;748;12;4.37;3;0;0;0;33 minutes;02:45;0;0;0;0;0;29%;33%;60%
Edude13-1114;2202;0;0;17%;3;3;2;0.02;1,409;3,182.61;1,409;1,106;799;1,805;799;2;4.51;3;6.77;3;1;0;0;3;6.77;3;3;1.5;0;0;0;0;0;0;0;0;0;3;6.77;3;0;0;0;0;0;0;0;0;3;0;0;2;1;1;0;0;0;0;3;1;0;0;0;00:12;00:28;00:12;0;0;0;0;0;0;0;0;0;0;0;66;17;2;4.51;2;0;0;0;2 minutes;00:20;0;0;0;0;0;25%;0;0
EnumaElish-3343;3604;0;18;7%;1,374;45;16;0.03;839,571;14,315.47;21,909;8,221;119,249;2,033;3,883;648;11.04;402;6.85;15;360;0;0;1,763;30.06;51;19;2.72;0;0;0;0;0;0;0;5;1;859;14.64;27;26;59;2;31;276;4.71;96;96;19;0;0;150;45;50;55;53;0.9;4;5;37;474;8.08;17;53:03;00:54;01:45;0;0;0;0;0;0;0;0;0;0;0;49,790;17,746;170;2.89;8;0;0;0;12 hours;01:19:27;0;0;0;0;18;35%;62%;53%
EquarTix-2371;64;0;0;6%;28;8;7;0;20,594;12,136.22;7,303;2,379;5,066;2,985;1,383;24;14.14;9;5.3;5;0;0;0;50;29.46;23;7;2.08;0;0;0;0;0;0;0;0;0;28;16.5;13;0;2;0;1;0;0;0;0;7;0;0;5;1;2;3;3;1.76;1;0;0;13;7.66;4;02:03;01:12;00:40;0;0;0;0;0;0;0;0;0;0;0;0;0;10;5.89;8;1;0;0;26 minutes;02:54;0;0;0;0;0;40%;0;33%
eXile1cK-1643;2867;0;0;5%;95;19;7;0.01;68,189;10,776.9;12,665;4,186;10,653;1,684;2,403;68;10.74;32;5.05;8;28;0;0;145;22.91;33;10;2.13;0;0;0;0;0;0;0;1;0;72;11.37;16;3;6;1;3;0;0;0;0;10;0;0;12;4;2;6;1;0.15;1;3;1;52;8.21;14;05:18;00:50;01:01;0;0;0;0;0;0;0;0;0;0;0;5,136;1,596;21;3.31;5;0;0;0;1 hour;03:21;0;0;0;0;7;31%;47%;44%
Exodia-11437;3777;0;1;9%;22;22;7;0.03;9,762;21,607.72;9,762;2,278;1,376;3,045;1,376;10;22.13;6;13.28;6;5;0;0;23;50.91;23;8;2.29;0;0;0;0;0;0;0;0;0;10;22.13;10;0;0;0;0;0;0;0;0;8;0;0;2;0;1;0;0;0;0;0;0;9;19.92;9;00:51;01:54;00:51;0;0;0;0;0;0;0;0;0;0;0;692;221;1;2.21;1;0;0;0;9 minutes;02:40;0;0;0;0;0;31%;0;100%
Faith-1102;50;0;0;11%;61;30;10;0;22,536;7,774.41;9,605;2,915;3,919;1,352;2,144;24;8.27;11;3.79;8;0;0;0;41;14.14;24;11;1.7;0;0;0;0;0;0;0;0;0;22;7.58;12;0;3;0;1;0;0;0;0;11;0;0;7;3;3;2;1;0.34;1;0;0;21;7.24;13;02:35;00:53;01:23;0;0;0;0;0;0;0;0;0;0;0;0;0;6;2.06;2;0;0;0;35 minutes;01:54;0;0;0;0;0;30%;0;44%
fenner-1643;3668;0;0;0;0;0;0;0;3,250;21,131.11;3,250;3,250;727;4,726;727;1;6.5;1;6.5;1;1;0;0;9;58.51;9;9;9;0;0;0;0;0;0;0;0;0;4;26;4;0;0;0;0;0;0;0;0;9;0;0;0;0;0;0;2;13;2;0;0;1;6.5;1;0;0;0;0;0;0;0;0;0;0;0;0;0;0;156;73;0;0;0;0;0;0;2 minutes;0;0;0;0;0;0;46%;0;100%
Fl0w3R-3730;0;0;0;5%;29;29;9;0.03;18,938;18,938.46;18,938;7,208;1,946;1,946;1,946;9;9;6;6;6;6;0;0;20;20;20;8;2.22;0;0;0;0;0;0;0;0;0;11;11;11;1;1;0;0;0;0;0;0;8;0;0;4;0;1;3;2;2;2;0;0;9;9;9;01:13;01:13;01:13;0;0;0;0;0;0;0;0;0;0;0;930;487;0;0;0;0;0;0;13 minutes;02:12;0;0;0;0;0;52%;52%;0
Flame-12415;2806;0;0;7%;209;36;11;0.02;138,192;12,438.03;20,552;7,041;23,165;2,085;3,306;107;9.63;58;5.22;10;55;0;0;254;22.86;40;12;2.37;0;0;0;0;0;0;0;0;0;107;9.63;12;7;11;1;3;0;0;0;0;12;0;0;25;11;4;9;8;0.72;2;3;3;103;9.27;17;14:42;01:19;02:44;0;0;0;0;0;0;0;0;0;0;0;9,181;2,830;18;1.62;4;0;0;0;2 hours;10:46;0;0;0;0;0;30%;38%;26%
FlyingMice-4345;0;0;2;7%;104;46;10;0.03;67,424;24,214.08;29,809;5,382;13,461;4,834;7,783;45;16.16;25;8.97;11;24;0;0;100;35.91;47;9;2.22;0;0;0;0;0;0;0;1;0;51;18.31;24;2;3;1;0;142;51.1;142;61;9;0;0;9;3;5;2;1;0.35;1;4;2;33;11.85;15;03:05;01:06;01:12;0;0;0;0;0;0;0;0;0;0;0;3,714;1,327;16;5.74;7;0;0;0;50 minutes;06:50;0;0;0;0;0;35%;34%;0
Forsak3n-2206;75;0;8;12%;821;50;18;0;329,058;10,955.51;15,680;6,434;48,857;1,627;3,410;239;7.95;235;7.82;15;0;0;0;1,015;33.79;55;26;4.24;0;0;0;0;0;0;0;2;0;547;18.21;32;0;30;0;20;0;0;0;0;0;0;0;62;22;16;24;14;0;2;4;15;219;7.29;13;25:50;00:51;01:18;0;0;0;0;0;0;0;0;0;0;0;0;0;147;4.89;11;1;0;0;6 hours;49:15;0;0;0;0;0;32%;0;66%
Freello-1459;57;0;1;8%;48;23;14;0;27,115;13,103.4;11,406;3,691;4,714;2,278;1,708;28;13.53;25;12.08;13;0;0;0;63;30.44;32;11;2.25;0;0;0;0;0;0;0;0;0;37;17.88;17;0;2;0;2;0;0;0;0;11;0;0;7;2;4;2;1;0.48;1;0;0;29;14.01;13;02:24;01:09;00:51;0;0;0;0;0;0;0;0;0;0;0;0;0;18;8.69;10;0;0;0;30 minutes;06:29;0;0;0;0;0;38%;0;84%
Frostnium-1430;2424;0;0;8%;49;13;6;0.01;30,314;9,173.17;5,871;2,721;3,798;1,149;1,017;32;9.68;13;3.93;3;15;0;0;65;19.66;15;8;2.03;0;0;0;0;0;0;0;0;0;28;8.47;8;2;3;0;2;0;0;0;0;8;0;0;8;4;1;2;2;0.6;1;3;2;22;6.65;7;02:43;00:49;00:46;0;0;0;0;0;0;0;0;0;0;0;2,128;589;5;1.51;2;1;0;0;41 minutes;02:47;0;0;0;0;5;27%;30%;45%
Frosty-3647;3980;0;14;9%;682;56;19;0.03;389,104;15,575.18;28,162;9,770;54,233;2,171;5,574;235;9.4;235;9.4;15;177;0;0;846;33.86;54;22;3.6;0;0;0;0;0;0;0;3;0;459;18.37;29;10;25;1;14;130;5.22;130;100;22;0;0;70;19;35;16;11;0.44;3;4;18;262;10.48;30;26:57;01:04;02:10;0;0;0;0;0;0;0;0;0;0;0;19,907;7,556;91;3.64;10;0;0;0;5 hours;01:08:48;0;0;0;0;19;37%;52%;55%
Fulena-1606;3613;0;0;11%;12;7;6;0.03;3,815;9,397.48;2,029;1,243;413;1,017;329;7;17.24;0;0;0;2;0;0;3;7.38;2;1;0.42;0;0;0;0;0;0;0;0;0;1;2.46;1;0;0;0;0;0;0;0;0;1;0;0;1;0;0;0;0;0;0;0;0;1;2.46;1;00:13;00:33;00:08;0;0;0;0;0;0;0;0;0;0;0;347;101;0;0;0;0;0;0;5 minutes;0;0;0;0;0;0;29%;0;42%
Galactic-21329;47;0;1;6%;43;15;4;0;34,143;6,995.96;9,833;3,181;14,097;2,889;3,152;48;9.83;19;3.89;8;0;0;0;81;16.59;23;9;1.68;0;0;0;0;0;0;0;0;0;47;9.63;12;0;5;0;2;0;0;0;0;9;0;0;10;7;1;2;2;0.4;2;4;1;35;7.17;17;03:47;00:46;01:00;0;0;0;0;0;0;0;0;0;0;0;0;0;9;1.84;4;0;0;0;50 minutes;02:29;0;0;0;0;0;25%;0;41%
GambleRumble-1509;3583;0;7;7%;799;38;12;0.02;590,020;15,255;23,552;7,063;104,696;2,707;8,257;436;11.27;331;8.55;17;267;0;0;1,266;32.73;49;27;2.9;0;0;0;0;0;0;0;4;0;635;16.41;27;12;39;0;27;49;1.25;49;56;27;0;0;101;43;22;36;57;1.47;4;5;32;310;8.01;25;39:34;01:01;02:14;0;0;0;0;0;0;0;0;0;0;0;29,980;10,605;132;3.41;7;0;0;0;8 hours;01:19:46;0;0;0;0;18;35%;49%;68%
GhostDragon-153648;3026;0;7;9%;279;26;14;0.03;139,460;9,347.59;10,956;4,702;18,207;1,220;2,612;91;6.09;81;5.42;9;64;0;0;413;27.68;38;28;4.53;0;0;0;0;0;0;0;0;0;250;16.75;24;4;15;1;10;0;0;0;0;28;0;0;33;6;15;11;15;1;3;4;3;89;5.96;9;09:47;00:39;01:09;0;0;0;0;0;0;0;0;0;0;0;9,506;2,976;82;5.49;9;0;0;0;2 hours;36:09;0;0;0;0;12;31%;45%;65%
GoDLuci-1127;3686;0;4;10%;454;30;12;0.03;219,011;12,398.08;13,750;5,549;39,033;2,210;2,413;211;11.94;109;6.17;9;104;0;0;583;33;46;18;2.76;0;0;0;0;0;0;0;2;0;335;18.96;29;6;18;1;11;115;6.51;75;75;18;0;0;46;10;21;15;17;0.96;2;3;4;154;8.71;13;16:39;00:56;00:58;0;0;0;0;0;0;0;0;0;0;0;12,995;4,523;130;7.35;12;2;0;0;3 hours;40:30;0;0;0;0;12;34%;67%;63%
Gods-1217;4059;0;8;9%;369;36;13;0.04;184,828;14,836.12;17,756;6,336;23,275;1,868;4,502;108;8.66;130;10.43;18;85;0;0;430;34.51;44;15;3.98;0;0;0;0;0;0;0;1;0;237;19.02;23;2;12;0;10;0;0;0;0;15;0;0;38;7;21;11;15;1.2;2;5;6;134;10.75;15;12:45;01:01;01:06;0;0;0;0;0;0;0;0;0;0;0;10,316;3,742;40;3.21;6;0;0;0;2 hours;32:32;0;0;0;0;6;36%;55%;83%
Goosen-21913;2723;0;1;9%;165;20;5;0.01;98,162;8,570.55;10,448;2,804;27,542;2,405;2,896;160;13.96;37;3.23;9;52;0;0;207;18.07;26;10;1.29;0;0;0;0;0;0;0;2;0;104;9.08;11;7;11;1;3;100;8.73;100;100;10;0;0;21;7;3;10;3;0.26;1;3;4;77;6.72;15;11:28;01:00;01:54;0;0;0;0;0;0;0;0;0;0;0;5,757;1,793;31;2.7;5;1;0;0;2 hours;03:56;0;0;0;0;4;31%;41%;30%
Graceful-2412;87;0;87;11%;4,955;58;18;0;2,371,320;14,407.78;25,170;9,449;460,324;2,797;6,810;1,751;10.63;1,819;11.05;22;0;0;0;6,298;38.26;64;28;3.59;0;0;0;0;0;0;0;16;2;3,853;23.41;42;0;165;0;101;75;0.45;75;75;28;0.36;0;437;103;181;154;206;1.25;5;6;104;1,773;10.77;31;02:45:01;01:00;02:39;0;0;0;0;0;0;0;0;0;0;0;0;0;1,230;7.47;16;20;0;0;38 hours;07:07:32;0;0;0;0;0;29%;0;61%
Hallowed-11808;2942;0;42;7%;2,552;36;15;0.02;1,928,696;13,034.09;25,240;6,828;347,217;2,346;5,694;1,571;10.61;1,153;7.79;17;1,066;0;0;4,575;30.91;68;26;2.91;0;0;0;0;0;0;0;9;1;2,545;17.19;33;59;148;12;78;0;0;0;0;26;0;0;416;114;147;154;212;1.43;7;5;81;1,614;10.9;31;03:41:30;01:29;03:40;0;0;0;0;0;0;0;0;0;0;0;102,108;36,456;824;5.56;13;3;0;0;33 hours;04:34:13;0;0;0;0;87;35%;51%;52%
HappyPants-1658;3503;0;0;5%;34;9;4;0.02;28,946;13,937.79;8,864;2,926;5,669;2,730;2,142;29;13.96;12;5.77;2;12;0;0;62;29.85;15;8;2.13;0;0;0;0;0;0;0;0;0;37;17.81;8;1;2;0;1;0;0;0;0;8;0;0;5;2;1;2;2;0.96;1;0;0;20;9.63;5;02:29;01:12;00:44;0;0;0;0;0;0;0;0;0;0;0;1,643;623;6;2.88;2;0;0;0;28 minutes;03:19;0;0;0;0;6;37%;43%;45%
HAVATITE-1990;2718;0;6;8%;286;47;11;0.02;196,883;12,836.95;23,844;10,599;45,123;2,942;6,119;191;12.45;83;5.41;17;88;0;0;373;24.31;58;14;1.95;0;0;0;0;0;0;0;1;0;180;11.73;29;7;15;0;8;0;0;0;0;14;0;0;42;15;13;14;16;1.04;3;3;7;147;9.58;16;21:09;01:22;02:42;0;0;0;0;0;0;0;0;0;0;0;10,335;3,466;40;2.6;4;0;0;0;3 hours;15:54;0;0;0;0;5;33%;48%;53%
HeyKatie-1413;3644;0;2;7%;226;20;14;0.03;138,504;13,856.5;16,335;6,911;13,048;1,305;1,672;110;11;74;7.4;10;60;0;0;325;32.51;36;18;2.95;0;0;0;0;0;0;0;0;0;185;18.5;20;2;10;0;8;0;0;0;0;18;0;0;28;14;6;9;4;0.4;1;4;10;93;9.3;10;07:49;00:46;00:43;0;0;0;0;0;0;0;0;0;0;0;7,423;2,965;50;5;7;0;0;0;2 hours;15:07;0;0;0;0;7;39%;50%;78%
HolynoshuryX-6110;2263;0;0;11%;21;14;7;0.01;9,223;7,151.43;4,524;1,070;1,787;1,385;1,068;22;17.05;5;3.87;2;5;0;0;22;17.05;9;5;1;0;0;0;0;0;0;0;0;0;8;6.2;4;1;1;0;0;0;0;0;0;5;0;0;2;1;0;1;0;0;0;4;1;6;4.65;4;00:48;00:37;00:21;0;0;0;0;0;0;0;0;0;0;0;988;190;2;1.55;2;0;0;0;17 minutes;0;0;0;0;0;2;19%;21%;0
hoshimichan-1316;72;0;0;7%;29;11;5;0.02;20,081;9,548.26;8,517;2,138;3,787;1,801;1,907;16;7.6;8;3.8;5;8;0;0;48;22.82;20;10;3;0;0;0;0;0;0;0;0;0;24;11.41;9;1;2;0;1;0;0;0;0;10;0;0;7;2;4;1;1;0.47;1;4;1;18;8.55;10;02:48;01:20;01:23;0;0;0;0;0;0;0;0;0;0;0;1,225;408;4;1.9;1;0;0;0;21 minutes;01:07;0;0;0;0;1;33%;39%;30%
HotShotGG-3480;3682;0;0;9%;81;27;13;0.03;39,894;17,247.57;11,989;3,577;7,940;3,433;2,653;33;14.26;13;5.62;4;14;0;0;57;24.64;24;15;1.72;0;0;0;0;0;0;0;0;0;33;14.26;13;2;2;1;0;0;0;0;0;15;0;0;7;2;3;2;1;0.43;1;0;0;28;12.1;15;03:33;01:32;01:17;0;0;0;0;0;0;0;0;0;0;0;2,225;841;8;3.45;3;0;0;0;35 minutes;01:13;0;0;0;0;0;37%;50%;0
Hunterhyde-1159;2701;0;3;7%;293;36;11;0.02;177,868;14,955.87;19,624;5,134;30,029;2,525;3,059;134;11.26;88;7.39;13;75;0;0;375;31.53;49;12;2.79;0;0;0;0;0;0;0;1;0;184;15.47;21;6;12;2;4;100;8.4;100;100;12;0;0;27;11;4;12;17;1.42;6;4;10;119;10;14;14:03;01:10;01:24;0;0;0;0;0;0;0;0;0;0;0;10,876;3,711;52;4.37;9;0;0;0;3 hours;13:49;0;0;0;0;0;34%;50%;35%
Hymalaya-1507;1698;0;0;4%;27;7;4;0.01;29,000;10,066.28;8,393;2,385;4,903;1,702;1,244;32;11.1;10;3.47;5;15;0;0;46;15.96;16;8;1.43;0;0;0;0;0;0;0;0;0;27;9.37;12;2;3;0;0;70;24.29;70;70;8;0;0;10;1;4;4;3;1.04;1;3;1;17;5.9;6;04:41;01:37;01:09;0;0;0;0;0;0;0;0;0;0;0;1,646;626;10;3.47;3;0;0;0;32 minutes;04:55;0;0;0;0;2;38%;41%;0
hymzi-2549;70;0;2;9%;110;30;9;0;65,264;10,637.12;22,473;3,919;9,564;1,559;2,477;46;7.49;53;8.63;17;0;0;0;189;30.8;44;19;4.1;0;0;0;0;0;0;0;0;0;107;17.43;27;0;6;0;5;0;0;0;0;19;0;0;19;5;4;10;9;1.46;2;4;4;43;7;17;05:20;00:52;02:10;0;0;0;0;0;0;0;0;0;0;0;0;0;24;3.91;9;1;0;0;1 hour;20:16;0;0;0;0;0;31%;0;77%
Hyper-1157;3921;0;0;7%;151;22;12;0.02;94,233;15,420.7;15,575;6,201;12,164;1,991;2,228;62;10.14;51;8.34;11;37;0;0;163;26.67;27;13;2.62;0;0;0;0;0;0;0;0;1;94;15.38;18;3;6;1;2;0;0;0;0;13;0;0;20;9;6;5;1;0.16;1;3;3;45;7.36;10;08:07;01:19;01:26;0;0;0;0;0;0;0;0;0;0;0;5,530;2,101;19;3.1;5;0;0;0;1 hour;10:45;0;0;0;0;2;37%;61%;37%
IANBOT-11988;2823;0;16;7%;827;39;17;0.02;575,149;13,565.31;20,034;9,340;104,360;2,461;4,866;400;9.43;302;7.12;16;276;0;0;1,274;30.04;50;24;3.18;0;0;0;0;0;0;0;6;0;760;17.92;32;18;42;1;24;0;0;0;0;24;0;0;111;25;51;34;38;0.89;3;4;15;383;9.03;21;45:51;01:04;01:41;0;0;0;0;0;0;0;0;0;0;0;29,446;10,736;220;5.18;12;7;0;0;8 hours;01:36:28;0;0;0;0;51;36%;60%;55%
iddqd-2884;84;0;6;9%;441;34;14;0;228,002;12,760.23;14,918;5,837;26,231;1,468;1,959;133;7.44;175;9.79;16;0;0;0;771;43.14;59;26;5.79;0;0;0;0;0;0;0;4;1;434;24.28;39;0;18;0;17;0;0;0;0;0;0;0;46;15;16;15;32;0;4;4;13;188;10.52;16;14:43;00:49;01:02;0;0;0;0;0;0;0;0;0;0;0;0;0;107;5.98;13;0;495;0.03;3 hours;43:00;0;0;0;0;0;36%;0;95%
IDK-11494;3227;0;6;8%;247;41;8;0.02;154,383;14,013.4;19,138;4,803;28,720;2,607;4,498;138;12.52;103;9.34;16;75;0;0;343;31.13;51;13;2.48;0;0;0;0;0;0;0;0;0;172;15.61;24;6;11;0;5;0;0;0;0;13;0;0;39;5;24;9;2;0.18;2;4;5;156;14.16;37;20:24;01:51;03:14;0;0;0;0;0;0;0;0;0;0;0;9,521;2,950;43;3.9;7;0;0;0;2 hours;20:33;0;0;0;0;0;30%;39%;47%
IMWarMachine-6379;2264;0;2;7%;77;21;9;0.03;46,663;18,406.19;13,472;5,640;6,744;2,660;2,084;26;10.25;31;12.22;12;17;0;0;113;44.57;46;12;4.34;0;0;0;0;0;0;0;0;0;63;24.85;26;1;3;0;2;47;18.53;47;47;12;0;0;6;1;2;2;3;1.18;3;3;2;41;16.17;16;04:33;01:47;01:38;0;0;0;0;0;0;0;0;0;0;0;2,779;990;8;3.15;5;0;0;0;38 minutes;08:55;0;0;0;0;2;35%;43%;70%
Incognito-1602;72;0;2;7%;48;18;6;0;30,646;11,097.28;14,071;3,376;3,201;1,159;1,231;25;9.05;28;10.13;14;0;0;0;92;33.31;41;10;3.68;0;0;0;0;0;0;0;0;0;54;19.55;27;0;3;0;3;0;0;0;0;10;0;0;7;4;2;1;8;2.89;4;3;4;27;9.77;17;01:20;00:29;00:51;0;0;0;0;0;0;0;0;0;0;0;0;0;18;6.51;11;0;0;0;36 minutes;01:08;0;0;0;0;0;32%;0;100%
Invision-2363;3901;0;15;8%;870;38;14;0.03;509,361;14,545.17;21,046;7,273;53,221;1,520;3,843;281;8.02;283;8.08;13;196;0;0;1,263;36.06;65;21;4.49;0;0;0;0;0;0;0;2;0;612;17.47;29;11;35;1;23;150;4.28;75;75;21;0;0;98;30;43;26;49;1.39;5;6;36;359;10.25;30;32:34;00:55;02:15;0;0;0;0;0;0;0;0;0;0;0;25,530;9,833;91;2.59;5;1;0;0;6 hours;01:03:33;0;0;0;0;5;38%;67%;66%
ironblue-11749;2520;0;0;5%;8;5;3;0.02;5,087;7,432.37;3,066;1,617;877;1,281;555;5;7.3;2;2.92;2;2;0;0;6;8.76;4;4;1.2;0;0;0;0;0;0;0;0;0;3;4.38;2;1;1;0;0;0;0;0;0;4;0;0;1;0;1;0;0;0;0;3;1;3;4.38;2;00:34;00:49;00:29;0;0;0;0;0;0;0;0;0;0;0;423;145;2;2.92;2;0;0;0;6 minutes;00:20;0;0;0;0;0;34%;0;0
Ithae-1510;52;0;0;8%;8;7;5;0;4,195;5,696.45;2,875;1,422;2,466;3,348;1,689;5;6.79;2;2.71;2;0;0;0;16;21.72;11;5;3.2;0;0;0;0;0;0;0;0;0;5;6.79;5;0;1;0;0;0;0;0;0;5;0;0;1;0;0;1;0;0;0;0;0;6;8.14;3;00:39;00:54;00:24;0;0;0;0;0;0;0;0;0;0;0;0;0;1;1.35;1;0;0;0;9 minutes;0;0;0;0;0;0;19%;0;64%
JackaL-3407;2555;0;2;7%;91;34;7;0.02;63,529;17,502.74;24,541;3,762;11,032;3,039;4,040;48;13.22;29;7.98;13;25;0;0;103;28.37;36;9;2.14;0;0;0;0;0;0;0;0;0;55;15.15;21;3;4;0;1;0;0;0;0;9;0;0;13;5;1;8;6;1.65;3;3;2;46;12.67;19;06:45;01:51;02:32;0;0;0;0;0;0;0;0;0;0;0;3,884;1,292;10;2.75;5;0;0;0;54 minutes;03:43;0;0;0;0;0;33%;38%;27%
JamesLiu-3595;2182;0;0;7%;144;17;11;0.02;98,108;15,146.73;16,187;7,864;17,576;2,714;2,514;67;10.34;39;6.02;12;41;0;0;186;28.71;31;13;2.77;0;0;0;0;0;0;0;1;1;78;12.04;15;0;0;0;2;100;15.43;100;100;13;0;0;0;0;0;2;2;0.3;1;4;4;57;8.8;8;07:25;01:08;01:15;0;0;0;0;0;0;0;0;0;0;0;6,716;2,036;19;2.93;4;0;0;0;2.798055005259812 seconds;12:22;0;0;0;0;0;30%;36%;33%
JIhooN-31212;2641;0;0;7%;34;9;4;0.01;22,451;6,050.41;8,909;2,046;5,460;1,471;3,052;39;10.51;9;2.42;4;13;0;0;47;12.66;19;9;1.2;0;0;0;0;0;0;0;0;0;18;4.85;8;3;4;0;1;0;0;0;0;9;0;0;4;0;2;2;0;0;0;0;0;19;5.12;5;03:13;00:52;00:46;0;0;0;0;0;0;0;0;0;0;0;2,043;480;5;1.34;2;0;0;0;43 minutes;0;0;0;0;0;0;23%;30%;28%
jjlol-11226;52;0;1;6%;140;22;6;0;96,148;10,394.63;14,760;3,667;23,836;2,577;2,707;101;10.91;54;5.83;11;0;0;0;210;22.7;38;13;2.07;0;0;0;0;0;0;0;0;0;90;9.72;18;0;9;0;3;0;0;0;0;13;0;0;28;7;10;11;1;0.1;1;3;1;113;12.21;21;17:27;01:53;02:11;0;0;0;0;0;0;0;0;0;0;0;0;0;18;1.94;3;3;0;0;2 hours;04:35;0;0;0;0;0;27%;0;33%
JonnyBI-2703;3137;0;0;5%;10;4;3;0.01;9,672;9,175.25;3,128;2,446;1,324;1,256;472;10;9.48;5;4.74;3;3;0;0;9;8.53;5;5;0.9;0;0;0;0;0;0;0;0;0;2;1.89;1;1;1;0;0;0;0;0;0;5;0;0;2;0;1;1;0;0;0;3;1;7;6.64;4;00:53;00:51;00:25;0;0;0;0;0;0;0;0;0;0;0;541;191;2;1.89;1;0;0;0;12 minutes;0;0;0;0;0;0;35%;38%;5%
KAKI-11832;0;0;0;5%;4;4;3;0.01;3,064;10,879.79;1,215;1,011;180;639;180;4;14.2;0;0;0;2;0;0;9;31.96;5;5;2.25;0;0;0;0;0;0;0;0;0;1;3.55;1;0;0;0;0;0;0;0;0;5;0;0;1;0;0;0;0;0;0;0;0;2;7.1;1;00:20;01:12;00:09;0;0;0;0;0;0;0;0;0;0;0;206;73;0;0;0;0;0;0;3 minutes;0;0;0;0;0;0;35%;55%;23%
Kay3-2155;69;0;0;12%;12;7;4;0;5,110;8,910.01;3,741;1,176;1,095;1,909;723;11;19.17;5;8.71;5;0;0;0;14;24.41;11;4;1.27;0;0;0;0;0;0;0;0;0;10;17.43;9;0;1;0;0;0;0;0;0;0;0;0;1;0;0;1;0;0;0;0;0;2;3.48;2;00:25;00:43;00:17;0;0;0;0;0;0;0;0;0;0;0;0;0;3;5.23;3;0;0;0;9 minutes;00:13;0;0;0;0;0;23%;0;4%
Kefka-11531;4123;0;0;9%;20;10;5;0.02;10,529;7,689.8;6,292;1,907;1,817;1,327;943;10;7.3;3;2.19;3;4;0;0;28;20.45;13;8;2.8;0;0;0;0;0;0;0;1;0;9;6.57;6;0;1;0;1;0;0;0;0;8;0;0;2;1;0;1;0;0;0;0;0;4;2.92;3;00:53;00:39;00:41;0;0;0;0;0;0;0;0;0;0;0;919;222;1;0.73;1;0;0;0;13 minutes;01:11;0;0;0;0;0;24%;69%;95%
Keishi-11995;3431;0;2;7%;130;20;9;0.03;81,753;14,678.21;12,329;4,452;11,404;2,048;1,978;69;12.38;46;8.25;9;39;0;0;177;31.77;30;10;2.56;0;0;0;0;0;0;0;0;0;111;19.92;20;2;6;0;3;0;0;0;0;10;0;0;15;3;7;4;10;1.79;3;3;5;45;8.07;9;04:58;00:53;00:44;0;0;0;0;0;0;0;0;0;0;0;4,749;1,683;26;4.66;4;0;0;0;1 hour;10:47;0;0;0;0;0;35%;39%;60%
Kira-1303;64;0;10;5%;284;21;12;0;251,717;12,446.67;20,639;6,344;59,212;2,928;5,354;159;7.86;194;9.59;19;0;0;0;649;32.09;55;21;4.08;0;0;0;0;0;0;0;3;0;386;19.08;32;0;20;0;15;0;0;0;0;21;0;0;61;19;23;20;16;0.79;3;5;13;201;9.93;20;22:33;01:06;01:47;0;0;0;0;0;0;0;0;0;0;0;0;0;120;5.93;11;3;0;0;3 hours;51:10;0;0;0;0;0;33%;0;73%
KJerry-1610;4141;0;3;7%;122;13;8;0.02;87,059;10,392.94;7,648;7,316;16,338;1,950;6,247;49;5.84;66;7.87;6;41;0;0;238;28.41;19;16;4.85;0;0;0;0;0;0;0;1;0;127;15.16;11;1;8;0;7;0;0;0;0;16;0;0;26;8;10;9;8;0.95;2;3;3;65;7.75;9;06:42;00:48;01:01;0;0;0;0;0;0;0;0;0;0;0;4,649;1,584;29;3.46;5;1;0;0;1 hour;17:36;0;0;0;0;2;34%;46%;87%
Klocky-3301;4466;0;1;6%;82;26;8;0.02;60,297;15,898.94;21,702;7,010;6,623;1,746;2,132;41;10.81;34;8.96;15;22;0;0;116;30.58;40;10;2.82;0;0;0;0;0;0;0;0;0;56;14.76;20;1;4;0;2;75;19.77;75;75;10;0;0;14;4;3;7;6;1.58;2;6;4;25;6.59;6;03:20;00:52;01:08;0;0;0;0;0;0;0;0;0;0;0;2,962;1,219;6;1.58;2;0;0;0;48 minutes;03:28;0;0;0;0;0;41%;51%;60%
KnOxXx-21951;3848;0;0;9%;41;17;6;0.03;18,593;10,757.04;8,102;2,992;3,318;1,920;1,528;17;9.83;8;4.62;3;9;0;0;42;24.29;18;14;2.47;0;0;0;0;0;0;0;1;0;20;11.57;7;2;2;0;0;0;0;0;0;14;0;0;5;2;3;0;1;0.57;1;3;1;9;5.2;8;01:34;00:54;00:43;0;0;0;0;0;0;0;0;0;0;0;1,346;414;3;1.73;2;0;0;0;21 minutes;02:29;0;0;0;0;0;30%;60%;4%
KOKFC-1575;3897;0;0;4%;11;11;4;0.01;10,882;10,237.77;9,308;2,176;1,846;1,737;1,568;8;7.52;5;4.7;5;6;0;0;36;33.87;35;10;4.5;0;0;0;0;0;0;0;0;0;13;12.23;12;0;1;0;1;0;0;0;0;10;0;0;2;1;0;1;0;0;0;4;1;6;5.64;6;00:39;00:37;00:38;0;0;0;0;0;0;0;0;0;0;0;639;233;5;4.7;4;0;0;0;12 minutes;01:08;0;0;0;0;0;36%;35%;86%
Kotani-2471;2612;0;1;7%;165;19;10;0.02;106,444;11,794.31;11,766;6,447;20,563;2,278;1,905;88;9.75;58;6.42;11;52;0;0;240;26.59;33;19;2.72;0;0;0;0;0;0;0;3;0;136;15.06;16;5;9;0;4;0;0;0;0;19;0;0;25;10;5;9;7;0.77;2;3;1;93;10.3;23;11:08;01:14;01:48;0;0;0;0;0;0;0;0;0;0;0;6,959;2,175;40;4.43;6;0;0;0;2 hours;11:20;0;0;0;0;10;31%;53%;45%
Kruise-21259;0;0;7;10%;287;60;16;0.04;140,689;20,337.6;28,221;7,591;19,810;2,864;6,550;69;9.97;74;10.69;21;48;0;0;308;44.52;63;18;4.46;0;0;0;0;0;0;0;2;0;161;23.27;36;2;7;1;4;45;6.51;45;45;18;0;0;25;3;14;8;5;0.72;1;6;11;92;13.29;20;09:21;01:21;02:14;0;0;0;0;0;0;0;0;0;0;0;7,718;2,797;17;2.45;6;0;0;0;1 hour;26:30;0;0;0;0;0;36%;50%;57%
Kryw-2449;4208;0;0;11%;67;31;12;0.03;33,110;15,774.12;15,953;3,839;4,897;2,333;2,312;25;11.91;22;10.48;12;18;0;0;66;31.44;31;9;2.64;0;0;0;0;0;0;0;0;0;41;19.53;19;1;2;0;1;0;0;0;0;9;0;0;7;1;3;2;2;0.95;1;3;1;25;11.91;16;03:19;01:35;01:28;0;0;0;0;0;0;0;0;0;0;0;1,785;596;9;4.28;6;0;0;0;32 minutes;03:22;0;0;0;0;0;33%;36%;39%
KwamFun-1860;2633;0;41;7%;2,315;42;16;0.02;1,333,096;10,334.79;19,159;5,991;251,568;1,950;5,089;1,206;9.34;699;5.41;13;605;0;0;3,303;25.6;46;21;2.73;0;0;0;0;0;0;0;10;0;1,903;14.75;26;55;129;10;64;175;1.35;100;100;21;0;0;327;111;103;113;152;1.17;4;3;19;1,126;8.72;26;02:07:20;00:59;02:22;0;0;0;0;0;0;0;0;0;0;0;93,765;29,552;641;4.96;12;17;0;0;26 hours;02:47:18;0;0;0;0;196;31%;78%;49%
KYLE-3141;0;0;104;6%;7,025;37;14;0.01;5,934,932;11,629.36;27,597;7,283;1,451,830;2,845;14,649;6,274;12.29;3,780;7.4;19;3,304;0;0;14,825;29.04;66;19;2.36;0;0;0;0;0;0;7,303,700;103;8;7,409;14.51;32;242;510;0;268;302;0.59;151;151;19;0.28;2,049,013;958;448;195;315;277;0.54;4;5;190;5,198;10.18;37;10:43:48;01:15;03:37;0;0;0;0;0;0;0;0;0;0;0;383,520;105,904;388;0.76;14;65;6,119;0.01;123 hours;07:13:15;0;0;263;0.51;530;27%;68%;52%
Lara-31986;0;0;0;11%;2;2;2;0.02;677;6,359.53;677;602;208;1,956;208;2;18.78;0;0;0;0;0;0;2;18.78;2;1;1;0;0;0;0;0;0;0;0;0;2;18.78;2;0;0;0;0;0;0;0;0;1;0;0;0;0;0;0;0;0;0;0;0;0;0;0;00:01;00:18;00:01;0;0;0;0;0;0;0;0;0;0;0;75;18;1;9.39;1;0;0;0;1 minute;0;0;0;0;0;0;24%;24%;100%
Laurie400-1327;31;0;1;11%;187;56;15;0;76,272;8,756.73;14,654;6,666;6,405;735;1,863;81;9.29;56;6.42;15;0;0;0;178;20.43;43;20;2.19;0;0;0;0;0;0;0;1;0;101;11.59;24;0;9;0;3;0;0;0;0;20;0;0;16;6;5;5;1;0.11;1;3;1;55;6.31;16;05:45;00:39;02:15;0;0;0;0;0;0;0;0;0;0;0;0;0;35;4.01;8;0;0;0;1 hour;04:29;0;0;0;0;0;25%;0;30%
LDXLynm-1790;54;0;5;9%;184;28;14;0;108,005;11,677.84;15,419;4,997;20,070;2,170;2,774;74;8;96;10.37;20;0;0;0;336;36.32;47;20;4.54;0;0;0;0;0;0;0;1;0;212;22.92;35;0;9;0;8;0;0;0;0;0;0;0;26;10;7;9;24;0;5;3;2;91;9.83;15;11:16;01:13;01:39;0;0;0;0;0;0;0;0;0;0;0;0;0;87;9.4;12;2;0;0;2 hours;20:09;0;0;0;0;0;33%;0;82%
Legist-21953;2633;0;0;7%;28;12;5;0.02;17,155;7,469.52;7,211;1,563;3,493;1,521;1,458;23;10.01;7;3.04;2;9;0;0;42;18.28;18;8;1.82;0;0;0;0;0;0;0;0;0;24;10.45;10;2;2;0;0;0;0;0;0;8;0;0;6;1;3;2;2;0.87;1;0;0;16;6.96;8;01:28;00:38;00:33;0;0;0;0;0;0;0;0;0;0;0;1,057;397;8;3.48;4;0;0;0;23 minutes;00:40;0;0;0;0;4;37%;48%;6%
Legit-21235;1645;0;6;11%;196;42;15;0.04;95,240;16,256.09;17,957;5,853;14,559;2,485;3,166;47;8.02;67;11.43;15;40;0;0;247;42.15;52;17;5.25;0;0;0;0;0;0;0;2;0;167;28.5;33;1;6;0;5;84;14.33;84;84;17;0;0;17;1;14;2;12;2.04;3;4;7;51;8.7;15;05:44;00:58;01:22;0;0;0;0;0;0;0;0;0;0;0;4,244;1,759;68;11.6;16;0;0;0;1 hour;34:22;0;0;0;0;3;41%;54%;81%
Lilgho-4319;3766;0;0;8%;34;21;6;0.03;17,258;20,567.8;10,197;3,089;2,000;2,383;1,396;9;10.72;12;14.3;7;6;0;0;33;39.32;22;8;3.66;0;0;0;0;0;0;0;0;0;17;20.26;12;0;1;0;0;0;0;0;0;8;0;0;3;2;1;0;0;0;0;3;2;13;15.49;12;01:05;01:17;00:59;0;0;0;0;0;0;0;0;0;0;0;919;389;7;8.34;4;0;0;0;14 minutes;00:44;0;0;0;0;0;42%;43%;41%
Lish-21487;53;0;3;8%;166;25;8;0;103,548;11,327.59;19,208;3,527;27,354;2,992;4,094;117;12.79;69;7.54;10;0;0;0;261;28.55;45;15;2.23;0;0;0;0;0;0;0;2;0;158;17.28;29;0;9;0;3;0;0;0;0;15;0;0;26;8;8;11;10;1.09;3;4;3;80;8.75;21;10:25;01:08;03:21;0;0;0;0;0;0;0;0;0;0;0;0;0;48;5.25;10;2;0;0;2 hours;07:57;0;0;0;0;0;26%;0;33%
LIXU-4794;3497;0;1;7%;113;25;7;0.02;76,190;12,439.08;17,999;4,442;11,291;1,843;1,827;58;9.46;35;5.71;7;36;0;0;148;24.16;38;13;2.55;0;0;0;0;0;0;0;0;0;78;12.73;15;4;6;0;2;0;0;0;0;13;0;0;10;3;4;2;1;0.16;1;4;6;58;9.46;21;05:39;00:55;01:22;0;0;0;0;0;0;0;0;0;0;0;5,257;1,436;27;4.4;5;0;0;0;1 hour;08:27;0;0;0;0;1;27%;29%;36%
LMorals-1207;2669;0;0;8%;172;42;13;0.02;97,219;16,166.39;30,979;4,567;13,413;2,230;3,606;77;12.8;65;10.8;27;52;0;0;241;40.07;84;15;3.12;0;0;0;0;0;0;0;2;0;130;21.61;47;4;6;0;2;0;0;0;0;15;0;0;18;7;4;7;13;2.16;3;3;3;85;14.13;32;13:18;02:12;04:00;0;0;0;0;0;0;0;0;0;0;0;5,934;2,032;30;4.98;8;0;0;0;1 hour;16:30;0;0;0;0;7;34%;44%;25%
LuLu-11129;58;0;0;13%;3;3;1;0;1,661;14,616.73;1,661;957;746;6,566;746;2;17.6;1;8.8;1;0;0;0;2;17.6;2;1;1;0;0;0;0;0;0;0;0;0;2;17.6;2;0;0;0;0;0;0;0;0;1;0;0;0;0;0;0;0;0;0;0;0;2;17.6;2;00:08;01:15;00:08;0;0;0;0;0;0;0;0;0;0;0;0;0;0;0;0;0;0;0;2 minutes;0;0;0;0;0;0;23%;0;0
Luxyne-1720;3380;0;7;8%;255;36;13;0.03;175,807;17,643.63;24,153;5,154;28,813;2,892;5,098;120;12.04;122;12.24;21;82;0;0;415;41.64;72;17;3.45;0;0;0;0;0;0;0;1;0;236;23.68;36;2;10;0;8;75;7.52;75;75;17;0;0;30;7;16;8;24;2.4;5;5;8;110;11.03;15;10:27;01:02;01:12;0;0;0;0;0;0;0;0;0;0;0;7,881;3,021;59;5.92;8;0;0;0;2 hours;34:57;0;0;0;0;2;38%;88%;80%
Lyan-21728;2550;0;0;12%;8;8;8;0.03;2,668;10,616.62;2,668;1,691;570;2,268;570;4;15.91;0;0;0;1;0;0;5;19.89;5;5;1.25;0;0;0;0;0;0;0;0;0;1;3.97;1;0;0;0;0;0;0;0;0;5;0;0;1;0;0;0;0;0;0;0;0;1;3.97;1;00:10;00:42;00:10;0;0;0;0;0;0;0;0;0;0;0;176;66;0;0;0;1;0;0;3 minutes;00:02;0;0;0;0;4;37%;0;100%
MAJAJA-3599;0;0;3;6%;176;17;9;0.02;136,857;11,419.17;14,474;6,052;18,409;1,536;2,500;98;8.17;71;5.92;10;66;0;0;304;25.36;34;17;3.1;0;0;0;0;0;0;0;1;0;166;13.85;20;7;12;0;5;0;0;0;0;17;0;0;36;16;15;6;14;1.16;2;4;3;116;9.67;18;15:40;01:18;01:31;0;0;0;0;0;0;0;0;0;0;0;9,100;2,861;42;3.5;6;0;0;0;2 hours;12:49;0;0;0;0;4;31%;45%;43%
Mario-13553;50;0;22;8%;1,371;35;11;0;954,468;9,607.93;18,840;6,039;219,895;2,214;4,700;958;9.64;760;7.65;22;0;0;0;2,578;25.95;56;21;2.69;0;0;0;0;0;0;0;13;0;1,551;15.61;30;0;99;0;49;0;0;0;0;21;0;0;168;57;47;65;105;1.05;4;4;40;863;8.68;28;01:37:52;00:59;02:55;0;0;0;0;0;0;0;0;0;0;0;0;0;546;5.49;16;27;0;0;21 hours;01:51:29;0;0;0;0;0;31%;0;49%
MartabakKeju-1697;3125;0;1;6%;50;24;8;0.03;31,382;12,748.47;14,308;5,890;3,593;1,459;1,902;9;3.65;15;6.09;8;14;0;0;97;39.4;49;20;10.77;0;0;0;0;0;0;0;0;0;44;17.87;20;0;2;0;2;100;40.62;100;100;20;0;0;8;3;2;2;4;1.62;3;4;2;31;12.59;16;02:38;01:04;01:13;0;0;0;0;0;0;0;0;0;0;0;1,933;717;11;4.46;7;0;0;0;25 minutes;03:19;0;0;0;0;0;37%;35%;87%
Mendokusaii-2955;4206;0;15;8%;1,099;51;15;0.03;640,064;16,954.31;21,022;8,094;82,031;2,173;4,058;411;10.88;413;10.93;18;284;0;0;1,401;37.11;60;23;3.4;0;0;0;0;0;0;0;5;0;791;20.95;34;16;38;1;21;488;12.92;300;300;23;0;0;107;29;43;36;47;1.24;3;5;48;383;10.14;20;47:39;01:15;01:58;0;0;0;0;0;0;0;0;0;0;0;30,848;12,587;168;4.45;7;0;0;0;8 hours;01:40:58;0;0;0;0;19;40%;52%;54%
MgBlase-1420;0;0;2;26%;5;5;4;0.07;1,668;15,854;1,668;980;6,329;2,513;3,211;2;19.01;24;9.52;14;17;0;0;3;28.51;3;2;1.5;0;0;0;0;0;0;0;0;0;2;19.01;2;0;0;0;2;0;0;0;0;2;0;0;0;0;4;3;2;0.79;1;0;0;28;11.11;13;02:23;00:56;01:04;0;0;0;0;0;0;0;0;0;0;0;39;19;10;3.97;4;0;0;0;1 minute;08:18;0;0;0;0;0;48%;48%;79%
MGUY-2440;2854;0;0;3%;4;4;2;0.01;3,786;7,035.04;3,786;2,053;482;896;482;4;7.43;0;0;0;2;0;0;6;11.14;6;4;1.5;0;0;0;0;0;0;0;0;0;2;3.71;2;1;1;0;0;0;0;0;0;4;0;0;1;1;0;0;1;1.85;1;0;0;0;0;0;00:17;00:32;00:17;0;0;0;0;0;0;0;0;0;0;0;278;105;0;0;0;0;0;0;3 minutes;0;0;0;0;0;0;37%;0;0
Mix-41491;3599;0;0;4%;11;9;3;0.01;14,207;19,657.56;10,503;3,677;2,124;2,939;1,566;6;8.3;10;13.83;7;7;0;0;26;35.97;23;10;4.33;0;0;0;0;0;0;0;0;0;13;17.98;11;0;1;0;1;0;0;0;0;10;0;0;2;1;1;0;0;0;0;0;0;11;15.21;10;01:01;01:24;01:00;0;0;0;0;0;0;0;0;0;0;0;780;231;2;2.76;2;0;0;0;10 minutes;00:20;0;0;0;0;0;29%;0;100%
Moowe-4479;4350;0;6;6%;286;51;22;0.03;183,249;18,466.61;24,435;7,065;24,338;2,453;3,225;109;10.98;83;8.36;13;68;0;0;330;33.25;48;16;3.02;0;0;0;0;0;0;0;1;0;168;16.92;27;4;10;0;6;290;29.18;75;75;16;0;0;31;11;12;8;11;1.1;3;6;7;127;12.79;25;11:56;01:12;02:31;0;0;0;0;0;0;0;0;0;0;0;10,003;4,151;39;3.93;7;0;0;0;2 hours;31:16;0;0;0;0;0;41%;49%;56%
Mwiekned-3959;3456;0;1;4%;32;16;6;0.02;33,881;13,165.06;13,237;4,968;4,473;1,738;2,028;15;5.82;14;5.43;7;11;0;0;70;27.19;29;9;4.66;0;0;0;0;0;0;0;0;0;37;14.37;16;0;3;0;2;0;0;0;0;9;0;0;5;3;1;1;5;1.94;3;4;2;20;7.77;9;03:19;01:17;01:21;0;0;0;0;0;0;0;0;0;0;0;1,705;797;2;0.77;1;0;0;0;26 minutes;03:45;0;0;0;0;0;46%;56%;84%
MyNeverevr-1103;3533;0;12;7%;506;29;15;0.03;378,488;18,863.35;23,033;8,934;59,734;2,977;6,314;218;10.86;217;10.81;19;165;0;0;744;37.08;46;18;3.41;0;0;0;0;0;0;0;2;0;428;21.33;29;8;20;0;12;40;2.01;40;40;18;0;0;59;12;29;18;36;1.79;4;4;18;227;11.31;19;26:42;01:19;01:30;0;0;0;0;0;0;0;0;0;0;0;18,075;6,950;100;4.98;10;4;0;0;4 hours;01:04:39;0;0;0;0;20;38%;62%;60%
nan-1607;4000;0;5;6%;307;24;11;0.02;233,931;13,593.41;15,971;6,029;26,839;1,560;2,541;187;10.86;134;7.78;11;105;0;0;511;29.69;35;15;2.73;0;0;0;0;0;0;0;4;0;250;14.52;19;6;17;0;11;0;0;0;0;15;0;0;50;14;13;23;9;0.52;2;5;12;123;7.14;15;18:13;01:03;01:18;0;0;0;0;0;0;0;0;0;0;0;10,981;4,794;53;3.07;7;0;0;0;3 hours;25:32;0;0;0;0;17;43%;52%;65%
nekyG-2308;3842;0;2;11%;254;34;17;0.04;108,250;13,320.77;15,095;5,017;18,208;2,241;2,464;71;8.73;49;6.02;9;44;0;0;273;33.59;46;16;3.84;0;0;0;0;0;0;0;1;0;119;14.64;20;2;8;0;6;0;0;0;0;16;0;0;22;9;4;9;9;1.1;4;5;5;78;9.59;11;08:20;01:01;01:15;0;0;0;0;0;0;0;0;0;0;0;6,835;2,186;30;3.69;8;0;0;0;1 hour;15:13;0;0;0;0;3;31%;42%;67%
Neptune-31921;3151;0;0;6%;82;24;9;0.01;60,139;9,741.28;10,330;4,490;10,786;1,747;2,847;83;13.44;30;4.85;11;32;0;0;124;20.08;32;13;1.49;0;0;0;0;0;0;0;3;0;59;9.55;18;4;6;0;2;0;0;0;0;13;0;0;12;4;4;4;4;0.64;3;4;1;41;6.64;8;08:47;01:25;01:29;0;0;0;0;0;0;0;0;0;0;0;4,587;1,249;10;1.61;4;0;0;0;1 hour;04:44;0;0;0;0;3;27%;44%;37%
NEtodie-3311;3000;0;1;5%;14;7;3;0.01;14,175;10,665.81;7,881;4,492;1,850;1,392;1,528;8;6.01;13;9.78;7;7;0;0;42;31.6;24;16;5.25;0;0;0;0;0;0;0;0;0;27;20.31;19;0;1;0;1;0;0;0;0;16;0;0;2;0;2;0;2;1.5;1;0;0;9;6.77;5;01:10;00:53;00:44;0;0;0;0;0;0;0;0;0;0;0;832;251;9;6.77;8;0;0;0;12 minutes;03:02;0;0;0;0;0;30%;31%;100%
NikolaTesla-11280;53;0;3;6%;188;14;8;0;134,032;9,252.19;9,031;3,725;35,990;2,484;2,551;192;13.25;77;5.31;7;0;0;0;317;21.88;30;10;1.65;0;0;0;0;0;0;0;3;0;158;10.9;14;0;14;0;8;0;0;0;0;10;0;0;37;15;12;10;2;0.13;1;3;1;150;10.35;13;31:20;02:09;02:23;0;0;0;0;0;0;0;0;0;0;0;0;0;43;2.96;8;2;0;0;3 hours;16:15;0;0;0;0;0;30%;0;52%
Nostril-1317;3333;0;0;7%;32;9;7;0.02;23,793;13,465.96;9,480;2,287;1,705;965;754;20;11.31;11;6.22;5;8;0;0;41;23.2;11;7;2.04;0;0;0;0;0;0;0;0;0;18;10.18;5;1;2;0;1;0;0;0;0;7;0;0;5;2;2;1;1;0.56;1;4;1;11;6.22;4;02:01;01:08;00:45;0;0;0;0;0;0;0;0;0;0;0;1,109;448;2;1.13;1;0;0;0;21 minutes;01:23;0;0;0;0;0;40%;50%;49%
Nova-1852;65;0;1;7%;49;11;7;0;31,178;13,354.74;7,844;3,604;5,124;2,195;2,264;27;11.56;16;6.85;6;0;0;0;60;25.7;17;8;2.22;0;0;0;0;0;0;0;0;1;31;13.27;10;0;2;0;0;0;0;0;0;8;0;0;9;4;4;2;3;1.28;2;4;1;14;5.99;5;01:50;00:47;00:27;0;0;0;0;0;0;0;0;0;0;0;0;0;4;1.71;2;0;0;0;32 minutes;04:29;0;0;0;0;0;34%;0;15%
Nozomi-4919;3527;0;10;7%;546;38;20;0.03;355,079;14,120.27;23,397;6,043;51,258;2,038;5,243;231;9.18;174;6.91;13;142;0;0;729;28.98;48;19;3.15;0;0;0;0;0;0;0;1;1;390;15.5;28;8;25;1;16;0;0;0;0;19;0;0;74;24;23;27;38;1.51;5;4;12;238;9.46;24;33:29;01:19;03:18;0;0;0;0;0;0;0;0;0;0;0;19,403;7,100;111;4.41;8;0;0;0;4 hours;47:19;0;0;0;0;0;36%;50%;65%
Nypro-1996;4105;0;0;6%;27;9;6;0.03;15,961;13,869.53;4,478;2,332;924;803;407;11;9.55;7;6.08;2;6;0;0;23;19.98;7;7;2.09;0;0;0;0;0;0;0;0;0;12;10.42;4;1;1;0;0;75;65.17;75;75;7;0;0;4;1;2;1;1;0.86;1;0;0;8;6.95;2;00:40;00:34;00:12;0;0;0;0;0;0;0;0;0;0;0;1,043;407;2;1.73;1;0;0;0;13 minutes;00:32;0;0;0;0;0;39%;40%;21%
NzNr-1485;3728;0;6;8%;196;24;9;0.03;117,496;12,796.79;16,496;4,577;15,791;1,720;2,068;93;10.12;61;6.64;9;52;0;0;254;27.66;38;12;2.73;0;0;0;0;0;0;0;0;0;142;15.46;22;2;9;0;7;0;0;0;0;12;0;0;27;11;7;8;7;0.76;2;5;5;64;6.97;14;09:37;01:02;01:04;0;0;0;0;0;0;0;0;0;0;0;6,335;2,232;33;3.59;8;0;0;0;1 hour;12:32;0;0;0;0;0;35%;41%;76%
OhioBuckeyes-11390;2579;0;10;9%;234;36;14;0.03;129,808;13,458.18;17,918;6,759;21,285;2,207;3,436;45;4.66;109;11.3;18;60;0;0;346;35.87;47;17;7.68;0;0;0;0;0;0;0;0;0;221;22.91;31;0;10;0;9;0;0;0;0;17;0;0;32;4;20;8;10;1.03;3;4;7;91;9.43;15;09:22;00:58;01:30;0;0;0;0;0;0;0;0;0;0;0;6,326;2,410;82;8.5;14;0;0;0;1 hour;49:25;0;0;0;0;8;38%;47%;97%
oisuq-1610;3263;0;0;8%;14;6;5;0.03;8,926;12,599.53;4,007;2,570;776;1,095;430;7;9.88;2;2.82;2;2;0;0;6;8.46;3;3;0.85;0;0;0;0;0;0;0;0;0;4;5.64;2;1;1;0;0;0;0;0;0;3;0;0;2;1;0;1;0;0;0;0;0;3;4.23;2;00:12;00:17;00:05;0;0;0;0;0;0;0;0;0;0;0;400;172;0;0;0;0;0;0;7 minutes;0;0;0;0;0;0;43%;0;4%
ONIGOD-21483;3888;0;0;6%;13;5;4;0.02;7,853;12,756.92;4,061;3,496;1,110;1,803;463;9;14.62;1;1.62;1;3;0;0;15;24.36;6;6;1.66;0;0;0;0;0;0;0;0;0;9;14.62;4;0;1;0;0;0;0;0;0;6;0;0;2;1;0;1;0;0;0;0;0;4;6.49;2;01:02;01:41;00:38;0;0;0;0;0;0;0;0;0;0;0;607;186;2;3.24;1;0;0;0;8 minutes;0;0;0;0;0;1;30%;0;19%
oPuTo-1727;3814;0;51;10%;2,186;69;21;0.04;1,149,427;15,644.57;26,509;7,437;161,827;2,203;7,506;613;8.34;685;9.32;18;479;0;0;2,723;37.06;58;22;4.44;0;0;0;0;0;0;0;5;0;1,468;19.98;36;14;73;2;57;295;4;84;84;22;0;0;223;48;110;65;102;1.38;4;5;63;697;9.48;24;01:18:18;01:03;02:17;0;0;0;0;0;0;0;0;0;0;0;52,620;21,808;267;3.63;10;1;0;0;14 hours;03:47:51;0;0;0;0;27;41%;66%;78%
order-31569;4661;0;3;9%;220;44;16;0.03;112,025;15,487.94;16,912;8,714;14,046;1,942;1,970;78;10.78;52;7.18;7;43;0;0;229;31.66;36;14;2.93;0;0;0;0;0;0;0;1;0;103;14.24;18;3;7;0;4;0;0;0;0;14;0;0;20;6;7;8;11;1.52;3;4;6;58;8.01;8;07:38;01:03;00:56;0;0;0;0;0;0;0;0;0;0;0;7,008;2,316;17;2.35;4;0;0;0;1 hour;10:31;0;0;0;0;0;33%;47%;52%
Ovidious-11975;0;0;6;10%;230;25;14;0.03;113,968;9,575.34;8,741;3,992;21,170;1,779;1,862;97;8.14;75;6.3;8;55;0;0;275;23.1;30;16;2.83;0;0;0;0;0;0;0;0;0;156;13.1;18;6;12;0;6;75;6.3;75;75;16;0;0;41;13;17;11;1;0.08;1;0;0;78;6.55;8;12:30;01:03;01:57;0;0;0;0;0;0;0;0;0;0;0;6,410;2,251;61;5.12;13;0;0;0;1 hour;20:54;0;0;0;0;12;35%;43%;46%
p0isons-1162;54;0;0;7%;28;9;4;0;18,805;7,525.04;6,856;2,317;4,978;1,992;2,237;28;11.2;13;5.2;9;0;0;0;54;21.6;27;12;1.92;0;0;0;0;0;0;0;0;0;33;13.2;16;0;2;0;1;0;0;0;0;12;0;0;6;3;2;1;4;1.6;3;3;1;13;5.2;8;02:52;01:08;01:19;0;0;0;0;0;0;0;0;0;0;0;0;0;15;6;9;0;0;0;28 minutes;02:43;0;0;0;0;0;30%;0;24%
Pamyu-1936;3435;0;4;9%;255;30;12;0.03;133,119;12,481.64;13,504;5,960;18,075;1,695;2,909;99;9.28;85;7.96;15;60;0;0;317;29.72;34;17;3.2;0;0;0;0;0;0;0;0;0;160;15;17;4;11;0;7;0;0;0;0;17;0;0;27;9;6;13;7;0.65;2;5;9;83;7.78;11;12:08;01:08;01:24;0;0;0;0;0;0;0;0;0;0;0;8,133;2,763;27;2.53;4;2;0;0;2 hours;13:28;0;0;0;0;15;33%;42%;62%
PassTheSalt-11477;2699;0;0;6%;154;10;7;0.01;109,523;6,987.6;4,885;3,422;17,245;1,100;1,469;177;11.29;69;4.4;6;60;0;0;261;16.65;18;14;1.47;0;0;0;0;0;0;0;0;0;150;9.57;12;8;16;1;6;0;0;0;0;14;0;0;44;15;15;13;4;0.25;1;3;1;115;7.33;11;20:26;01:18;01:28;0;0;0;0;0;0;0;0;0;0;0;6,666;2,297;39;2.48;5;7;0;0;2 hours;09:55;0;0;0;0;41;34%;58%;39%
Phoinix-3581;2837;0;10;8%;794;50;15;0.03;459,542;16,693.88;30,886;5,765;66,192;2,405;3,758;278;10.09;254;9.22;28;178;0;0;898;32.62;67;17;3.23;0;0;0;0;0;0;0;4;1;507;18.41;41;14;28;0;14;0;0;0;0;17;0;0;80;18;42;21;25;0.9;4;5;25;286;10.38;38;35:03;01:16;02:55;0;0;0;0;0;0;0;0;0;0;0;26,271;9,591;115;4.17;10;1;0;0;6 hours;57:24;0;0;0;0;14;36%;51%;49%
Phython-1699;3306;0;0;4%;5;3;2;0.01;6,280;12,576.09;2,655;2,655;1,958;3,920;1,226;7;14.01;2;4;1;3;0;0;12;24.03;5;4;1.71;0;0;0;0;0;0;0;0;0;6;12.01;3;0;0;0;0;0;0;0;0;4;0;0;1;1;1;0;1;2;1;0;0;1;2;1;00:25;00:51;00:17;0;0;0;0;0;0;0;0;0;0;0;334;122;1;2;1;0;0;0;6 minutes;0;0;0;0;0;0;36%;34%;56%
piiiia-2451;25;0;0;12%;10;3;3;0;3,508;5,021.96;1,962;903;1,379;1,974;570;11;15.74;1;1.43;1;0;0;0;7;10.02;6;5;0.63;0;0;0;0;0;0;0;0;0;1;1.43;1;0;1;0;0;0;0;0;0;5;0;0;2;0;0;1;0;0;0;0;0;4;5.72;4;00:47;01:08;00:39;0;0;0;0;0;0;0;0;0;0;0;0;0;1;1.43;1;0;0;0;9 minutes;0;0;0;0;0;0;13%;0;0
Pine-31232;4374;0;0;8%;69;16;7;0.03;32,919;13,093.08;8,239;2,797;4,177;1,661;1,153;32;12.72;15;5.96;5;11;0;0;49;19.48;14;5;1.53;0;0;0;0;0;0;0;0;0;28;11.13;9;2;3;1;0;0;0;0;0;5;0;0;8;4;2;2;2;0.79;1;0;0;13;5.17;4;02:29;00:59;01:13;0;0;0;0;0;0;0;0;0;0;0;2,129;772;3;1.19;1;0;0;0;33 minutes;00:40;0;0;0;0;0;36%;42%;12%
Pinky-6151;70;0;0;0;0;0;0;0;191;6,244.76;191;191;52;1,700;52;1;32.69;0;0;0;0;0;0;0;0;0;0;0;0;0;0;0;0;0;0;0;0;0;0;0;0;0;0;0;0;0;0;0;0;0;0;0;0;0;0;0;0;0;0;0;0;0;0;0;0;0;0;0;0;0;0;0;0;0;0;0;0;0;0;0;0;0;0;0;0;35.07209999114275 seconds;0;0;0;0;0;0;40%;0;100%
PLAYB0Y-11500;2966;0;2;5%;48;15;8;0.02;40,402;15,008.68;10,998;4,765;5,514;2,048;1,381;27;10.02;20;7.42;8;18;0;0;107;39.74;36;11;3.96;0;0;0;0;0;0;0;0;0;67;24.88;23;1;3;0;1;0;0;0;0;11;0;0;8;3;1;4;2;0.74;1;0;0;27;10.02;10;02:20;00:52;00:36;0;0;0;0;0;0;0;0;0;0;0;2,136;825;10;3.71;4;0;0;0;37 minutes;07:09;0;0;0;0;0;38%;48%;50%
PoppyDogma-1243;3133;0;0;4%;20;6;3;0;18,670;6,903.8;4,248;2,638;4,582;1,694;811;29;10.72;7;2.58;2;10;0;0;38;14.05;12;8;1.31;0;0;0;0;0;0;0;1;0;14;5.17;3;2;3;0;1;0;0;0;0;8;0;0;6;2;3;1;0;0;0;0;0;12;4.43;7;02:13;00:49;00:51;0;0;0;0;0;0;0;0;0;0;0;1,673;402;5;1.84;2;0;0;0;34 minutes;0;0;0;0;0;8;24%;29%;38%
PsychoHazard-1722;0;0;9;7%;582;32;20;0.02;395,832;15,047.05;18,216;9,373;57,959;2,203;3,555;217;8.24;198;7.52;17;175;0;0;830;31.55;50;21;3.82;0;0;0;0;0;0;0;2;0;463;17.6;37;13;26;0;13;0;0;0;0;21;0;0;85;17;41;28;51;1.93;5;5;15;327;12.43;25;38:22;01:27;02:30;0;0;0;0;0;0;0;0;0;0;0;21,387;7,679;115;4.37;8;3;0;0;5 hours;01:09:19;0;0;0;0;27;35%;49%;48%
puchio-1528;3000;0;4;7%;336;56;12;0.02;209,151;15,708.45;23,850;8,981;40,537;3,045;4,885;172;12.91;103;7.73;17;92;0;0;386;28.99;47;19;2.24;0;0;0;0;0;0;0;0;0;201;15.09;27;7;13;1;5;0;0;0;0;19;0;0;42;12;15;15;4;0.3;2;4;6;126;9.46;15;17:24;01:18;01:39;0;0;0;0;0;0;0;0;0;0;0;11,296;4,367;43;3.22;6;0;0;0;3 hours;19:18;0;0;0;0;1;38%;61%;35%
qqwess-3609;2968;0;0;6%;43;22;6;0.02;31,647;19,709.06;14,092;4,216;10,286;6,406;5,788;20;12.45;11;6.85;4;13;0;0;55;34.25;24;12;2.75;0;0;0;0;0;0;0;0;0;23;14.32;9;1;2;0;0;0;0;0;0;12;0;0;4;2;0;1;0;0;0;3;1;24;14.94;11;02:27;01:32;00:57;0;0;0;0;0;0;0;0;0;0;0;2,044;646;3;1.86;1;0;0;0;25 minutes;01:37;0;0;0;0;0;31%;33%;30%
Rain-13736;3146;0;3;8%;67;19;7;0.03;46,416;13,549.64;18,491;4,917;3,758;1,097;1,272;31;9.04;33;9.63;12;18;0;0;92;26.85;27;11;2.96;0;0;0;0;0;0;0;0;0;51;14.88;14;2;3;0;2;0;0;0;0;11;0;0;12;1;6;5;4;1.16;1;5;4;28;8.17;11;02:56;00:51;00:48;0;0;0;0;0;0;0;0;0;0;0;2,097;762;14;4.08;4;0;0;0;34 minutes;09:44;0;0;0;0;1;36%;38%;54%
Raisu-3380;2608;0;4;6%;235;34;8;0.02;167,466;16,085.4;22,256;4,082;26,295;2,526;4,535;133;12.77;90;8.64;18;82;0;0;357;34.29;42;10;2.68;0;0;0;0;0;0;0;0;0;190;18.24;22;4;10;0;6;94;9.02;94;94;10;0;0;35;12;13;10;4;0.38;1;4;9;135;12.96;19;16:38;01:35;02:05;0;0;0;0;0;0;0;0;0;0;0;9,873;3,551;55;5.28;11;0;0;0;2 hours;18:23;0;0;0;0;5;35%;39%;60%
Randomoink-2799;2704;0;0;9%;4;4;4;0.02;2,283;8,935.54;2,283;1,676;671;2,624;671;1;3.91;1;3.91;1;1;0;0;8;31.3;8;7;8;0;0;0;0;0;0;0;0;0;4;15.65;4;0;0;0;0;0;0;0;0;7;0;0;1;0;0;0;1;3.91;1;0;0;3;11.74;3;00:29;01:54;00:29;0;0;0;0;0;0;0;0;0;0;0;137;44;1;3.91;1;0;0;0;2 minutes;00:06;0;0;0;0;0;32%;0;100%
RapidCH-4957;2634;0;0;6%;80;13;8;0.01;60,491;14,276.39;9,436;3,490;21,148;4,991;8,606;53;12.5;30;7.08;9;29;0;0;109;25.72;26;11;2.05;0;0;0;0;0;0;0;0;0;58;13.68;15;3;4;0;1;0;0;0;0;11;0;0;14;3;5;6;4;0.94;3;3;2;38;8.96;12;06:12;01:27;01:18;0;0;0;0;0;0;0;0;0;0;0;4,159;1,200;12;2.83;3;0;0;0;1 hour;05:16;0;0;0;0;1;28%;37%;28%
Rascal-31813;4599;0;0;7%;16;11;8;0.03;10,384;17,120.39;8,273;5,208;1,634;2,694;1,388;7;11.54;6;9.89;4;4;0;0;25;41.21;18;13;3.57;0;0;0;0;0;0;0;0;0;8;13.18;5;0;1;0;1;0;0;0;0;13;0;0;1;1;0;0;2;3.29;1;0;0;8;13.18;4;00:50;01:23;00:33;0;0;0;0;0;0;0;0;0;0;0;527;214;2;3.29;2;0;0;0;7 minutes;01:41;0;0;0;0;0;40%;0;100%
Rebecca-12561;0;0;0;9%;55;14;7;0.02;28,088;8,695.95;8,019;2,080;4,045;1,252;1,904;32;9.9;16;4.95;5;15;0;0;58;17.95;15;8;1.81;0;0;0;0;0;0;0;0;0;31;9.59;8;2;3;0;1;0;0;0;0;8;0;0;10;2;3;4;2;0.61;2;0;0;17;5.26;7;02:16;00:42;00:48;0;0;0;0;0;0;0;0;0;0;0;1,989;598;13;4.02;6;0;0;0;40 minutes;0;0;0;0;0;9;30%;53%;25%
Rebird-1185;0;0;0;6%;44;11;4;0.01;32,793;9,705.08;7,249;1,966;5,387;1,594;1,159;51;15.09;23;6.8;7;21;0;0;79;23.37;23;8;1.54;0;0;0;0;0;0;0;1;0;44;13.02;13;2;0;0;0;0;0;0;0;8;0;0;0;0;2;0;3;0.88;1;4;1;29;8.58;8;03:21;00:59;00:57;0;0;0;0;0;0;0;0;0;0;0;67;657;12;3.55;4;1;0;0;1 minute;04:02;0;0;0;0;11;29%;36%;100%
RebornZ-11715;4006;0;1;10%;107;32;13;0.03;57,119;15,209.1;18,185;4,165;5,955;1,586;1,822;31;8.25;38;10.11;11;31;0;0;154;41;46;18;4.96;0;0;0;0;0;0;0;1;0;73;19.43;21;1;4;0;3;0;0;0;0;18;0;0;13;3;3;6;4;1.06;2;3;2;44;11.71;10;03:22;00:53;00:59;0;0;0;0;0;0;0;0;0;0;0;2,808;1,037;11;2.92;6;0;0;0;46 minutes;11:56;0;0;0;0;0;36%;40%;76%
Reilly-11549;3595;0;3;8%;208;46;16;0.03;133,771;20,858.77;20,657;11,865;16,940;2,641;3,055;53;8.26;98;15.28;19;65;0;0;298;46.46;54;26;5.62;0;0;0;0;0;0;0;1;0;174;27.13;34;3;6;1;3;0;0;0;0;26;0;0;20;4;12;4;14;2.18;5;5;7;99;15.43;19;11:23;01:46;01:46;0;0;0;0;0;0;0;0;0;0;0;5,697;2,446;40;6.23;7;2;0;0;1 hour;24:39;0;0;0;0;11;42%;54%;45%
Relithtwo-1301;3000;0;0;8%;18;18;3;0.02;11,470;11,560.21;11,470;3,932;1,222;1,232;1,222;10;10.07;10;10.07;10;7;0;0;40;40.31;40;13;4;0;0;0;0;0;0;0;0;0;22;22.17;22;0;1;0;1;0;0;0;0;13;0;0;3;0;1;2;1;1;1;0;0;20;20.15;20;00:54;00:54;00:54;0;0;0;0;0;0;0;0;0;0;0;759;216;6;6.04;6;0;0;0;13 minutes;01:13;0;0;0;0;0;28%;28%;100%
Renyz-11199;3452;0;3;8%;337;34;12;0.02;211,335;15,688.71;16,794;5,940;41,969;3,116;4,101;171;12.69;118;8.75;12;106;0;0;495;36.74;43;17;2.89;0;0;0;0;0;0;0;3;1;282;20.93;24;8;13;1;4;0;0;0;0;17;0;0;41;8;20;14;26;1.93;5;5;5;191;14.17;24;21:22;01:35;02:06;0;0;0;0;0;0;0;0;0;0;0;11,326;3,876;82;6.08;8;0;0;0;3 hours;33:26;0;0;0;0;7;34%;50%;33%
RobiN-12495;3560;0;0;6%;1;1;1;0.02;898;17,585.07;898;506;455;8,910;455;1;19.58;0;0;0;0;0;0;0;0;0;0;0;0;0;0;0;0;0;0;0;0;0;0;0;0;0;0;0;0;0;0;0;0;0;0;0;0;0;0;0;0;0;0;0;0;0;0;0;0;0;0;0;0;0;0;0;0;0;0;0;0;36;16;0;0;0;0;0;0;43.46976099163294 seconds;0;0;0;0;0;0;44%;44%;0
Rollie-4233;3780;0;1;10%;35;24;6;0.03;18,536;11,068.2;9,586;2,291;2,551;1,523;1,415;10;5.97;14;8.35;7;7;0;0;44;26.27;22;11;4.4;0;0;0;0;0;0;0;0;0;29;17.31;16;0;2;0;2;0;0;0;0;11;0;0;5;3;0;2;1;0.59;1;4;1;12;7.16;7;02:30;01:30;01:09;0;0;0;0;0;0;0;0;0;0;0;851;334;4;2.38;2;0;0;0;15 minutes;02:11;0;0;0;0;2;39%;41%;94%
rose-3958;1361;0;0;9%;8;7;4;0.01;4,749;7,928.95;2,843;1,507;999;1,668;693;6;10.01;0;0;0;2;0;0;8;13.35;4;3;1.33;0;0;0;0;0;0;0;0;0;4;6.67;4;0;0;0;0;0;0;0;0;3;0;0;0;0;0;0;0;0;0;0;0;4;6.67;3;00:47;01:19;00:31;0;0;0;0;0;0;0;0;0;0;0;552;84;4;6.67;4;0;0;0;7.576809999532998 seconds;0;0;0;0;0;0;15%;13%;56%
Ryouta-1885;57;0;0;6%;23;11;6;0;11,764;13,249.96;5,213;2,301;3,159;3,558;1,305;10;11.26;3;3.37;2;0;0;0;26;29.28;12;5;2.6;0;0;0;0;0;0;0;0;0;13;14.64;5;0;1;0;0;0;0;0;0;0;0;0;2;0;1;0;0;0;0;0;0;9;10.13;5;01:37;01:50;00:52;0;0;0;0;0;0;0;0;0;0;0;0;0;6;6.75;3;0;0;0;13 minutes;02:07;0;0;0;0;0;39%;0;0
ryujehong-31878;4424;0;0;10%;167;46;17;0.03;79,292;15,280.71;16,281;7,821;12,806;2,468;2,239;44;8.47;38;7.32;9;32;0;0;173;33.33;48;17;3.93;0;0;0;0;0;0;0;0;0;97;18.69;19;2;5;1;3;153;29.48;78;78;17;0;0;14;5;3;5;10;1.92;4;4;2;52;10.02;15;06:39;01:16;01:41;0;0;0;0;0;0;0;0;0;0;0;4,655;1,635;17;3.27;5;0;0;0;1 hour;10:40;0;0;0;0;0;35%;43%;49%
SaltyPanda-11486;3295;0;6;6%;223;28;16;0.02;173,883;12,644.06;16,244;7,955;34,015;2,473;4,141;133;9.67;90;6.54;18;78;0;0;368;26.75;40;16;2.76;0;0;0;0;0;0;0;0;0;215;15.63;26;4;14;0;10;0;0;0;0;16;0;0;32;7;13;11;16;1.16;5;3;8;111;8.07;13;14:09;01:01;01:29;0;0;0;0;0;0;0;0;0;0;0;9,736;3,244;60;4.36;10;3;0;0;2 hours;25:16;0;0;0;0;21;33%;53%;73%
SanALex-2258;3625;0;4;7%;514;31;9;0.02;334,524;11,499.73;13,241;5,776;66,010;2,269;2,964;364;12.51;178;6.11;9;143;0;0;816;28.05;44;16;2.24;0;0;0;0;0;0;0;1;0;391;13.44;17;12;29;4;13;95;3.25;95;95;16;0;0;74;30;17;27;13;0.44;1;3;12;307;10.55;21;41:26;01:25;02:34;0;0;0;0;0;0;0;0;0;0;0;21,347;6,674;105;3.6;9;2;0;0;6 hours;25:29;0;0;0;0;6;31%;59%;44%
Sardis-21172;80;0;38;10%;1,579;44;20;0;810,949;14,543.92;23,030;6,677;139,129;2,495;4,108;527;9.45;644;11.54;18;0;0;0;2,204;39.52;64;28;4.18;0;0;0;0;0;0;0;3;2;1,332;23.88;41;0;56;0;32;22;0.39;22;22;28;0.4;0;178;33;99;47;48;0.86;3;5;34;720;12.91;32;01:12:26;01:17;02:47;0;0;0;0;0;0;0;0;0;0;0;0;0;381;6.83;16;6;0;0;12 hours;02:56:00;0;0;0;0;0;31%;0;57%
Scy-1494;2687;0;0;5%;30;13;3;0.01;27,757;13,919.75;9,904;3,177;5,285;2,650;2,152;29;14.54;14;7.02;6;14;0;0;55;27.58;16;9;1.89;0;0;0;0;0;0;0;0;0;33;16.54;11;0;2;0;2;0;0;0;0;9;0;0;5;2;1;1;2;1;1;0;0;24;12.03;9;04:01;02:01;01:38;0;0;0;0;0;0;0;0;0;0;0;2,098;559;9;4.51;3;0;0;0;31 minutes;02:01;0;0;0;0;2;26%;32%;95%
SEKIYUTA-1528;3229;0;0;4%;10;8;6;0.01;9,253;13,829.88;7,358;5,256;184;275;124;4;5.97;5;7.47;5;4;0;0;23;34.37;17;14;5.75;0;0;0;0;0;0;0;0;0;11;16.44;10;0;1;0;1;0;0;0;0;14;0;0;3;1;1;0;0;0;0;0;0;2;2.98;1;00:28;00:42;00:18;0;0;0;0;0;0;0;0;0;0;0;567;215;3;4.48;2;0;0;0;8 minutes;0;0;0;0;0;0;37%;0;79%
Shinobu-1269;48;0;10;5%;791;22;9;0;650,608;8,686.61;18,063;4,761;133,781;1,786;3,693;774;10.33;380;5.07;13;0;0;0;1,520;20.29;45;14;1.96;0;0;0;0;0;0;0;7;0;735;9.81;25;0;75;0;36;121,398;1,620.85;53;53;14;0;0;166;67;36;63;29;0.38;4;4;17;609;8.13;17;02:09:51;01:44;02:48;0;0;0;0;0;0;0;0;0;0;0;0;0;189;2.52;6;10;0;0;14 hours;01:10:25;0;0;0;0;0;32%;0;48%
Shinonin-6565;0;0;0;13%;3;3;3;0.02;1,418;11,301.04;1,418;1,264;409;3,259;409;1;7.96;1;7.96;1;1;0;0;6;47.8;6;6;6;0;0;0;0;0;0;0;0;0;6;47.8;6;0;0;0;0;0;0;0;0;6;0;0;0;0;0;0;0;0;0;0;0;2;15.93;2;00:10;01:23;00:10;0;0;0;0;0;0;0;0;0;0;0;84;22;0;0;0;0;0;0;1 minute;00:07;0;0;0;0;0;26%;26%;100%
ShoGuN-1127;3703;0;0;10%;8;8;6;0.05;3,314;20,611.58;3,314;1,722;151;939;151;2;12.43;1;6.21;1;1;0;0;7;43.53;7;5;3.5;0;0;0;0;0;0;0;0;0;5;31.09;5;0;0;0;0;0;0;0;0;5;0;0;1;0;0;0;0;0;0;0;0;2;12.43;2;00:09;01:01;00:09;0;0;0;0;0;0;0;0;0;0;0;191;75;1;6.21;1;0;0;0;2 minutes;00:26;0;0;0;0;0;39%;0;0
SKRT-11232;1023;0;4;8%;189;46;10;0.03;98,849;13,822.6;18,806;4,749;24,918;3,484;5,417;66;9.22;46;6.43;11;39;0;0;247;34.53;67;20;3.74;0;0;0;0;0;0;0;2;0;148;20.69;45;2;7;0;5;0;0;0;0;20;0;0;20;2;10;8;7;0.97;3;4;2;72;10.06;15;07:54;01:06;01:40;0;0;0;0;0;0;0;0;0;0;0;6,750;2,131;39;5.45;8;0;0;0;1 hour;17:10;0;0;0;0;10;31%;45%;74%
Slyness-11185;3955;0;6;6%;202;31;8;0.03;136,235;16,678.59;20,150;5,431;18,819;2,304;3,119;71;8.69;79;9.67;16;46;0;0;251;30.72;37;12;3.53;0;0;0;0;0;0;0;0;0;138;16.89;22;2;8;0;6;0;0;0;0;12;0;0;24;5;12;7;2;0.24;1;4;6;93;11.38;15;11:14;01:22;01:40;0;0;0;0;0;0;0;0;0;0;0;6,835;2,931;18;2.2;3;0;0;0;1 hour;13:57;0;0;0;0;2;42%;57%;71%
smacked-11443;73;0;4;12%;205;63;9;0;104,086;17,378.43;26,848;5,577;19,403;3,240;8,611;76;12.68;83;13.85;25;0;0;0;258;43.07;78;17;3.39;0;0;0;0;0;0;0;0;0;166;27.71;46;0;6;0;5;0;0;0;0;17;0;0;19;4;11;4;6;1;1;4;5;70;11.68;27;05:42;00:57;01:49;0;0;0;0;0;0;0;0;0;0;0;0;0;56;9.34;23;0;0;0;1 hour;23:41;0;0;0;0;0;30%;0;75%
Smith-2700;82;0;34;10%;1,424;46;20;0;720,897;15,240.33;27,418;9,450;129,268;2,733;5,659;404;8.54;586;12.38;23;0;0;0;1,816;38.39;59;29;4.49;0;0;0;0;0;0;0;1;0;1,052;22.24;37;0;47;0;36;0;0;0;0;29;0.4;0;131;32;57;41;27;0.57;4;6;28;436;9.21;22;46:40;00:59;02:14;0;0;0;0;0;0;0;0;0;0;0;0;0;246;5.2;12;2;0;0;10 hours;02:19:44;0;0;0;0;0;35%;0;75%
Snoy-1164;3000;0;3;6%;133;27;14;0.02;106,331;16,644.4;15,009;5,327;14,077;2,203;2,638;69;10.8;64;10.01;18;44;0;0;200;31.3;43;21;2.89;0;0;0;0;0;0;0;1;0;111;17.37;22;2;6;0;4;0;0;0;0;21;0;0;24;5;14;5;9;1.4;4;5;6;65;10.17;15;09:46;01:31;01:27;0;0;0;0;0;0;0;0;0;0;0;4,868;1,912;31;4.85;5;1;0;0;1 hour;12:51;0;0;0;0;2;39%;49%;65%
SoKoOLz-3456;2627;0;0;0;0;0;0;0;84;702.67;84;84;85;711;85;1;8.36;0;0;0;0;0;0;1;8.36;1;1;1;0;0;0;0;0;0;0;0;0;0;0;0;0;0;0;0;0;0;0;0;1;0;0;0;0;0;0;0;0;0;0;0;0;0;0;0;0;0;0;0;0;0;0;0;0;0;0;0;0;18;3;0;0;0;0;0;0;1 minute;0;0;0;0;0;0;16%;16%;100%
Somnians-2461;3015;0;0;8%;62;12;6;0.02;31,554;10,028.82;5,928;3,891;7,219;2,294;1,502;42;13.34;9;2.86;2;15;0;0;57;18.11;12;9;1.35;0;0;0;0;0;0;0;0;0;23;7.31;4;2;3;0;1;0;0;0;0;9;0;0;7;3;2;2;1;0.31;1;0;0;27;8.58;6;02:51;00:54;00:30;0;0;0;0;0;0;0;0;0;0;0;2,069;736;6;1.9;1;0;0;0;42 minutes;01:11;0;0;0;0;2;35%;39%;31%
Sooby-2892;2588;0;4;9%;273;21;10;0.03;146,774;11,890.55;11,020;3,493;20,444;1,656;2,120;159;12.88;67;5.42;8;57;0;0;338;27.38;37;15;2.12;0;0;0;0;0;0;0;1;0;185;14.98;19;6;12;1;5;0;0;0;0;15;0;0;34;9;17;8;10;0.81;2;4;5;116;9.39;14;12:04;00:58;01:38;0;0;0;0;0;0;0;0;0;0;0;7,741;3,024;65;5.26;7;2;0;0;2 hours;19:50;0;0;0;0;35;39%;61%;39%
spooner-1925;3641;0;4;10%;302;28;16;0.04;142,008;12,970.16;15,335;7,639;21,311;1,946;2,669;86;7.85;81;7.39;11;66;0;0;338;30.87;38;19;3.93;0;0;0;0;0;0;0;0;0;195;17.81;25;4;11;0;7;0;0;0;0;19;0;0;31;6;15;10;9;0.82;3;4;7;79;7.21;13;09:53;00:54;01:32;0;0;0;0;0;0;0;0;0;0;0;8,634;2,898;53;4.84;7;0;0;0;1 hour;27:47;0;0;0;0;5;33%;52%;66%
STANDBALD-1768;2271;0;0;10%;4;4;3;0.02;1,936;3,692.48;1,936;1,230;201;383;201;2;3.81;0;0;0;1;0;0;0;0;0;0;0;0;0;0;0;0;0;0;0;0;0;0;0;1;1;0;0;0;0;0;0;0;0;0;1;1;0;0;0;0;0;0;0;0;0;0;00:17;00:33;00:17;0;0;0;0;0;0;0;0;0;0;0;201;38;0;0;0;0;0;0;2 minutes;0;0;0;0;0;0;18%;0;0
Suiyoku-4395;1993;0;0;7%;4;4;2;0.01;2,290;10,534.23;2,290;1,043;719;3,307;719;4;18.39;1;4.59;1;1;0;0;3;13.79;3;2;0.75;0;0;0;0;0;0;0;0;0;1;4.59;1;0;0;0;0;0;0;0;0;2;0;0;0;0;0;0;0;0;0;0;0;2;9.19;2;00:25;01:57;00:25;0;0;0;0;0;0;0;0;0;0;0;150;52;0;0;0;0;0;0;3 minutes;0;0;0;0;0;0;34%;0;0
Surefour-2559;4493;0;9;9%;512;32;13;0.03;278,681;15,964.77;18,437;7,103;35,562;2,037;3,114;171;9.79;163;9.33;13;127;0;0;621;35.57;51;19;3.63;0;0;0;0;0;0;0;0;0;394;22.57;33;5;17;0;12;26;1.47;26;26;19;0;0;48;12;27;10;22;1.26;3;4;12;129;7.38;16;14:11;00:48;01:26;0;0;0;0;0;0;0;0;0;0;0;13,828;5,518;94;5.38;7;0;0;0;3 hours;50:52;0;0;0;0;0;39%;53%;68%
SwagUnicorn-4998;0;0;1;7%;131;17;9;0.02;85,213;10,888.09;10,550;3,229;17,938;2,292;2,599;93;11.88;42;5.36;8;40;0;0;172;21.97;31;10;1.84;0;0;0;0;0;0;0;0;0;95;12.13;20;4;8;0;4;0;0;0;0;10;0;0;19;6;4;9;5;0.63;2;3;2;64;8.17;9;09:37;01:13;01:06;0;0;0;0;0;0;0;0;0;0;0;4,881;1,744;24;3.06;3;0;0;0;1 hour;05:07;0;0;0;0;1;35%;52%;52%
Sylar-1669;60;0;2;8%;269;26;13;0;166,781;14,824.81;17,787;7,218;27,434;2,439;3,034;153;13.59;100;8.88;13;0;0;0;382;33.95;37;15;2.49;0;0;0;0;0;0;0;6;0;212;18.84;24;0;11;0;6;0;0;0;0;15;0;0;32;12;7;12;17;1.51;5;4;6;144;12.79;17;17:44;01:34;02:27;0;0;0;0;0;0;0;0;0;0;0;0;0;57;5.06;5;0;0;0;2 hours;18:37;0;0;0;0;0;34%;0;53%
Sypeh-2707;0;0;119;8%;5,677;56;18;0.03;3,464,435;17,201.26;29,068;10,003;538,489;2,674;8,428;2,139;10.62;2,155;10.69;27;1,452;0;0;7,454;37;67;23;3.48;0;0;0;0;0;0;0;17;2;4,181;20.75;43;65;201;7;130;1,219;6.05;238;238;23;0;0;602;133;274;195;363;1.8;7;5;228;1,944;9.65;28;03:13:23;00:57;02:29;0;0;0;0;0;0;0;0;0;0;0;171,036;65,229;958;4.75;14;7;0;0;43 hours;10:19:21;0;0;0;0;44;38%;62%;64%
Taimou-2526;4311;0;6;8%;311;33;9;0.03;171,872;13,039.61;18,334;4,621;22,472;1,705;2,554;120;9.1;74;5.61;10;65;0;0;363;27.54;36;11;3.02;0;0;0;0;0;0;0;1;0;205;15.55;22;3;13;0;10;2;0.13;2;2;11;0;0;31;12;8;11;34;2.57;6;4;7;79;5.99;11;13:18;01:00;01:48;0;0;0;0;0;0;0;0;0;0;0;10,185;3,816;36;2.73;9;0;0;0;2 hours;16:26;0;0;0;0;0;37%;83%;77%
Talespin-1868;4132;0;0;21%;29;14;11;0.05;7,922;12,626.46;3,797;1,978;1,570;2,502;737;8;12.75;4;6.37;3;4;0;0;14;22.31;10;6;1.75;0;0;0;0;0;0;0;0;0;10;15.93;6;0;1;0;1;0;0;0;0;6;0;0;2;1;1;1;2;3.18;2;3;1;3;4.78;3;00:42;01:08;00:34;0;0;0;0;0;0;0;0;0;0;0;497;135;2;3.18;2;0;0;0;8 minutes;00:44;0;0;0;0;0;27%;25%;87%
tape2-1581;4695;0;0;6%;5;4;4;0.01;2,669;3,449.07;1,912;1,912;377;487;377;1;1.29;1;1.29;1;1;0;0;9;11.63;7;7;9;0;0;0;0;0;0;0;0;0;3;3.87;2;0;1;0;1;0;0;0;0;7;0;0;2;0;1;0;0;0;0;0;0;2;2.58;1;00:03;00:04;00:01;0;0;0;0;0;0;0;0;0;0;0;377;73;0;0;0;0;0;0;5 minutes;0;0;0;0;0;1;19%;28%;100%
Teejay-1789;3762;0;7;7%;260;30;11;0.03;184,187;15,074.55;22,335;6,683;27,829;2,278;7,524;82;6.71;106;8.67;12;87;0;0;467;38.22;50;15;5.69;0;0;0;0;0;0;0;0;0;240;19.64;27;1;12;0;11;0;0;0;0;15;0;0;36;6;14;15;6;0.49;2;4;16;97;7.93;15;09:35;00:47;02:11;0;0;0;0;0;0;0;0;0;0;0;9,091;3,564;36;2.94;6;0;0;0;2 hours;32:24;0;0;0;0;0;39%;50%;93%
TheHell-31963;4715;0;1;8%;24;13;5;0.03;12,787;13,947.96;9,481;5,714;855;933;751;8;8.72;11;11.99;10;5;0;0;34;37.08;26;16;4.25;0;0;0;0;0;0;0;0;0;19;20.72;16;0;1;0;1;0;0;0;0;16;0;0;4;3;1;1;2;2.18;2;0;0;10;10.9;8;00:59;01:05;00:49;0;0;0;0;0;0;0;0;0;0;0;740;277;1;1.09;1;0;0;0;11 minutes;02:07;0;0;0;0;0;37%;46%;100%
tic-1885;63;0;5;7%;310;23;15;0;206,605;14,236.93;13,591;6,394;32,188;2,218;2,278;147;10.12;150;10.33;13;0;0;0;488;33.62;33;16;3.31;0;0;0;0;0;0;0;1;0;283;19.5;20;0;15;0;7;0;0;0;0;16;0.37;0;37;10;18;9;13;0.89;1;6;10;181;12.47;11;16:04;01:06;00:56;0;0;0;0;0;0;0;0;0;0;0;0;0;97;6.68;7;6;0;0;3 hours;29:45;0;0;0;0;0;32%;0;49%
Tiki-11546;3512;0;52;6%;2,434;45;16;0.02;1,834,174;15,258.43;31,780;9,524;317,433;2,641;4,687;1,366;11.36;1,040;8.65;22;885;0;0;3,934;32.72;73;36;2.87;0;0;0;0;0;0;0;11;0;2,166;18.01;40;52;120;6;62;553;4.6;200;200;36;0;0;329;88;132;109;164;1.36;4;5;82;1,221;10.15;29;02:25:25;01:12;03:04;0;0;0;0;0;0;0;0;0;0;0;96,720;35,683;476;3.95;10;5;0;0;26 hours;04:44:49;0;0;0;0;50;36%;75%;51%
Toha-2496;1362;0;5;9%;522;34;16;0.03;244,122;10,848.78;16,678;6,851;38,949;1,731;1,807;176;7.82;137;6.08;12;126;0;0;631;28.04;47;21;3.58;0;0;0;0;0;0;0;11;0;367;16.3;32;8;23;2;13;0;0;0;0;21;0;0;51;19;19;13;16;0.71;2;3;5;183;8.13;19;15:49;00:42;01:11;0;0;0;0;0;0;0;0;0;0;0;16,373;5,276;145;6.44;9;3;0;0;4 hours;37:04;0;0;0;0;21;32%;58%;56%
tongue-11364;3632;0;13;10%;820;56;16;0.04;408,363;15,570.54;22,667;7,202;47,862;1,825;2,645;268;10.21;254;9.68;18;187;0;0;917;34.96;55;20;3.42;0;0;0;0;0;0;0;1;0;535;20.39;39;8;26;1;17;400;15.25;100;100;20;0;0;79;18;41;21;27;1.02;3;4;31;253;9.64;18;25:24;00:58;01:44;0;0;0;0;0;0;0;0;0;0;0;18,931;7,998;133;5.07;13;2;0;0;5 hours;01:30:30;0;0;0;0;12;42%;60%;65%
ToraNerd-1456;2322;0;4;5%;173;13;6;0.01;155,362;11,495.69;12,845;3,436;41,342;3,059;2,930;173;12.8;77;5.69;13;69;0;0;301;22.27;36;10;1.73;0;0;0;0;0;0;0;1;0;154;11.39;13;8;14;0;5;100;7.39;100;100;10;0;0;34;17;8;9;3;0.22;1;4;2;136;10.06;16;24:31;01:48;01:56;0;0;0;0;0;0;0;0;0;0;0;9,882;2,970;49;3.62;7;1;0;0;3 hours;14:47;0;0;0;0;7;30%;52%;40%
Tung-3350;3000;0;1;9%;41;25;15;0.04;17,415;18,021.72;10,525;5,309;3,702;3,831;2,233;7;7.24;8;8.27;5;7;0;0;34;35.18;24;10;4.85;0;0;0;0;0;0;0;0;0;22;22.76;16;1;1;0;0;0;0;0;0;10;0;0;3;0;2;0;2;2.06;2;0;0;7;7.24;4;01:40;01:44;01:11;0;0;0;0;0;0;0;0;0;0;0;989;424;5;5.17;4;0;0;0;14 minutes;00:20;0;0;0;0;0;42%;44%;41%
TviQ-1503;4134;0;29;8%;1,150;44;22;0.03;708,502;17,164.83;21,593;7,443;87,723;2,125;3,653;388;9.4;427;10.34;19;277;0;0;1,365;33.06;48;24;3.51;0;0;0;0;0;0;0;1;0;776;18.8;35;12;41;6;23;177;4.29;100;100;24;0;0;118;27;55;36;67;1.62;4;4;36;373;9.03;14;38:24;00:55;01:45;0;0;0;0;0;0;0;0;0;0;0;32,434;14,063;158;3.82;6;1;0;0;8 hours;01:48:19;0;0;0;0;17;43%;100%;55%
Ulfang-1914;57;0;0;4%;54;11;7;0;60,258;8,135.88;8,910;2,949;11,353;1,533;2,718;99;13.36;50;6.75;11;0;0;0;164;22.14;30;10;1.65;0;0;0;0;0;0;0;1;0;88;11.88;17;0;7;0;4;55,279;7,463.55;0;75;10;0;0;8;4;2;2;11;1.48;2;0;0;48;6.48;14;05:00;00:40;00:49;0;0;0;0;0;0;5,777;0;0;0;0;0;0;37;4.99;9;1;0;0;1 hour;03:40;0;0;0;0;0;30%;0;55%
uNFixed-2518;0;0;24;8%;2,105;52;20;0.03;1,238,101;16,383.48;28,345;7,436;125,404;1,659;3,352;684;9.05;691;9.14;18;510;0;0;2,571;34.02;66;27;3.75;0;0;0;0;0;0;0;10;2;1,415;18.72;35;31;76;3;42;321;4.25;201;201;27;0;0;232;64;97;71;64;0.84;4;5;66;713;9.43;27;01:27:00;01:09;02:22;0;0;0;0;0;0;0;0;0;0;0;67,406;25,977;233;3.08;8;0;0;0;17 hours;02:27:54;0;0;0;0;14;38%;56%;55%
uruca-11142;4007;0;0;5%;39;15;5;0.02;32,634;17,286.56;7,419;5,092;7,774;4,118;2,050;24;12.71;14;7.41;6;11;0;0;43;22.77;20;10;1.79;0;0;0;0;0;0;0;0;0;19;10.06;8;1;2;0;1;23;12.07;23;23;10;0;0;7;2;4;2;1;0.52;1;0;0;24;12.71;11;03:03;01:37;01:05;0;0;0;0;0;0;0;0;0;0;0;1,845;759;0;0;0;0;0;0;27 minutes;06:58;0;0;0;0;0;41%;39%;33%
Usagii-11735;0;0;1;6%;13;7;5;0.01;10,490;8,647.49;6,185;3,003;1,979;1,631;1,172;12;9.89;6;4.94;6;5;0;0;12;9.89;11;6;1;0;0;0;0;0;0;0;0;0;9;7.41;8;1;1;0;0;0;0;0;0;6;0;0;4;0;2;2;0;0;0;4;1;4;3.29;4;00:28;00:23;00:25;0;0;0;0;0;0;0;0;0;0;0;663;205;0;0;0;0;0;0;11 minutes;01:15;0;0;0;0;0;30%;33%;0
Venteka-1866;3000;0;1;8%;20;12;6;0.02;14,528;14,829.34;6,795;2,334;3,005;3,068;1,245;12;12.24;9;9.18;6;8;0;0;40;40.82;24;9;3.33;0;0;0;0;0;0;0;0;0;21;21.43;14;0;1;0;1;0;0;0;0;9;0;0;3;0;1;2;2;2.04;2;0;0;18;18.37;15;01:34;01:36;01:16;0;0;0;0;0;0;0;0;0;0;0;688;242;3;3.06;2;0;0;0;13 minutes;02:18;0;0;0;0;1;35%;29%;100%
Vermillion-11337;3507;0;1;5%;111;24;12;0.02;106,882;18,231.29;15,141;5,734;26,522;4,524;9,794;56;9.55;62;10.57;12;40;0;0;256;43.66;39;15;4.57;0;0;0;0;0;0;0;0;0;121;20.63;21;1;6;1;5;175;29.85;100;100;15;0;0;17;7;6;5;14;2.38;4;4;8;82;13.98;16;12:28;02:07;02:42;0;0;0;0;0;0;0;0;0;0;0;6,139;2,088;31;5.28;8;0;0;0;1 hour;13:57;0;0;0;0;10;34%;42%;79%
ViruSs-1935;2793;0;1;7%;10;7;5;0.02;7,346;15,494.9;4,828;3,995;1,890;3,987;1,183;7;14.76;4;8.43;4;3;0;0;18;37.96;17;14;2.57;0;0;0;0;0;0;0;0;0;13;27.42;13;0;0;0;0;0;0;0;0;14;0;0;1;1;0;0;2;4.21;2;0;0;1;2.1;1;00:29;01:02;00:14;0;0;0;0;0;0;0;0;0;0;0;374;130;1;2.1;1;0;0;0;6 minutes;02:01;0;0;0;0;0;34%;53%;82%
watt-1213;80;0;5;8%;595;30;13;0;363,431;13,389.15;14,302;7,351;83,809;3,088;4,016;296;10.9;257;9.46;15;0;0;0;844;31.09;40;25;2.85;0;0;0;0;0;0;0;1;0;485;17.86;23;0;27;0;12;4;0.14;0;69;25;0;0;85;20;39;26;25;0.92;4;5;19;271;9.98;11;33:18;01:13;01:27;0;0;0;0;0;0;591;0;0;0;0;0;0;109;4.01;9;4;0;0;6 hours;54:26;0;0;0;0;0;34%;0;45%
weaselele-2442;4437;0;50;8%;3,312;60;15;0.03;1,973,813;16,921;27,572;7,365;243,542;2,088;5,025;1,344;11.52;1,212;10.39;23;895;0;0;4,252;36.45;70;21;3.16;0;0;0;0;0;0;0;11;0;2,204;18.89;42;44;117;4;68;786;6.74;180;150;21;0;0;344;89;152;104;133;1.14;6;6;124;1,158;9.92;24;02:01:11;01:02;02:38;0;0;0;0;0;0;0;0;0;0;0;100,304;38,073;443;3.79;12;2;0;0;26 hours;04:23:27;0;0;0;0;32;37%;69%;58%
Werky-1402;2821;0;0;6%;65;11;5;0.01;45,862;9,009.41;5,830;2,634;8,033;1,578;1,262;48;9.42;25;4.91;4;24;0;0;98;19.25;19;8;2.04;0;0;0;0;0;0;0;1;0;43;8.44;8;3;5;0;2;0;0;0;0;8;0;0;12;4;3;4;4;0.78;2;3;1;39;7.66;8;04:57;00:58;01:11;0;0;0;0;0;0;0;0;0;0;0;3,310;970;13;2.55;3;1;0;0;1 hour;00:45;0;0;0;0;10;29%;56%;38%
Winston-11922;65;0;133;10%;5,165;58;17;0;2,717,648;12,337.93;24,352;8,731;663,739;3,013;7,057;2,139;9.71;2,025;9.19;22;0;0;0;7,225;32.8;62;25;3.37;0;0;0;0;0;0;0;17;4;4,240;19.24;38;0;220;0;124;82;0.37;82;82;25;0;0;595;174;239;182;241;1.09;4;6;91;2,367;10.74;32;04:06:11;01:07;03:44;0;0;0;0;0;0;0;0;0;0;0;0;0;1,376;6.24;17;6;0;0;49 hours;06:15:41;0;0;0;0;0;30%;0;56%
WinterDKay-2106;2919;0;3;7%;151;20;10;0.02;86,006;9,584.97;10,341;4,775;18,574;2,070;2,257;83;9.24;41;4.56;6;34;0;0;203;22.62;26;14;2.44;0;0;0;0;0;0;0;1;0;97;10.81;9;6;9;0;3;0;0;0;0;14;0;0;22;9;8;5;2;0.22;1;4;3;57;6.35;9;09:56;01:06;01:31;0;0;0;0;0;0;0;0;0;0;0;6,136;1,930;32;3.56;4;0;0;0;1 hour;08:00;0;0;0;0;3;31%;43%;36%
xFloweyx-3965;1752;0;0;4%;6;6;2;0.01;5,894;11,513;5,732;1,458;978;1,910;879;7;13.67;0;0;0;3;0;0;8;15.62;8;4;1.14;0;0;0;0;0;0;0;0;0;5;9.76;5;0;1;0;0;0;0;0;0;4;0;0;1;0;1;0;0;0;0;0;0;3;5.86;3;00:45;01:28;00:45;0;0;0;0;0;0;0;0;0;0;0;419;146;1;1.95;1;0;0;0;7 minutes;0;0;0;0;0;0;34%;0;5%
Y19251658-2148;3795;0;21;10%;1,173;58;17;0.04;611,145;16,290.92;26,951;6,675;88,811;2,367;4,806;387;10.31;410;10.92;18;280;0;0;1,445;38.51;54;19;3.73;0;0;0;0;0;0;0;3;0;817;21.77;33;8;38;2;28;68;1.82;60;60;19;0;0;124;22;66;36;64;1.7;5;6;33;396;10.55;23;40:19;01:04;02:20;0;0;0;0;0;0;0;0;0;0;0;29,972;11,304;207;5.51;12;2;0;0;7 hours;01:57:43;0;0;0;0;24;37%;58%;73%
YLLES-3238;4613;0;2;11%;62;35;8;0.04;24,753;15,223.99;14,419;3,382;5,867;3,608;2,101;26;15.99;12;7.38;9;9;0;0;63;38.74;38;12;2.42;0;0;0;0;0;0;0;0;0;33;20.29;17;0;2;0;2;0;0;0;0;12;0;0;4;0;3;0;5;3.07;5;4;1;12;7.38;11;01:03;00:38;00:44;0;0;0;0;0;0;0;0;0;0;0;1,454;537;6;3.69;3;0;0;0;23 minutes;06:11;0;0;0;0;0;36%;30%;100%
Yoooz-3681;2542;0;1;8%;58;22;10;0.03;39,344;16,908.24;14,507;4,057;8,102;3,482;2,700;29;12.46;22;9.45;7;18;0;0;82;35.23;29;16;2.82;0;0;0;0;0;0;0;0;0;43;18.47;16;2;2;0;0;0;0;0;0;16;0;0;7;1;5;1;2;0.85;2;3;2;30;12.89;14;03:10;01:21;01:13;0;0;0;0;0;0;0;0;0;0;0;2,093;718;10;4.29;3;0;0;0;31 minutes;08:23;0;0;0;0;0;34%;53%;8%
Yz50-11781;4342;0;0;9%;27;16;10;0.03;14,764;13,758.62;8,197;3,620;2,089;1,947;976;11;10.25;5;4.65;4;6;0;0;23;21.43;19;8;2.09;0;0;0;0;0;0;0;0;0;10;9.31;9;1;1;0;0;0;0;0;0;8;0;0;3;0;1;1;0;0;0;0;0;6;5.59;3;00:21;00:19;00:12;0;0;0;0;0;0;0;0;0;0;0;683;298;2;1.86;1;0;0;0;12 minutes;00:20;0;0;0;0;0;43%;53%;0
Zatanna-11384;65;0;14;6%;925;31;10;0;735,619;12,699.5;17,871;4,486;179,388;3,097;4,573;790;13.63;503;8.68;21;0;0;0;1,746;30.14;50;19;2.21;0;0;0;0;0;0;0;8;0;943;16.27;32;0;58;0;27;96,199;1,660.75;100;100;19;0.39;0;159;42;58;59;61;1.05;4;5;19;651;11.23;20;01:24:30;01:27;02:04;0;0;0;0;0;0;10,185;0;0;0;0;0;0;254;4.38;8;3;0;0;4 hours;01:18:13;0;0;0;0;0;36%;0;46%
ZeInfinity-21817;2173;0;4;6%;215;21;9;0.01;159,978;8,758.67;12,596;4,157;32,596;1,785;2,570;216;11.82;72;3.94;6;72;0;0;386;21.13;37;13;1.78;0;0;0;0;0;0;0;3;0;175;9.58;21;9;18;2;7;0;0;0;0;13;0;0;55;18;21;16;7;0.38;1;3;4;190;10.4;21;32:45;01:47;02:23;0;0;0;0;0;0;0;0;0;0;0;11,742;3,436;48;2.62;5;1;0;0;3 hours;11:41;0;0;0;0;23;29%;47%;39%
Zonda-4175;4522;0;0;8%;42;18;6;0.03;22,570;17,089.77;11,857;3,713;1,782;1,349;1,101;17;12.87;10;7.57;4;9;0;0;34;25.74;20;9;2;0;0;0;0;0;0;0;0;0;18;13.62;8;1;1;0;0;0;0;0;0;9;0;0;4;1;2;1;3;2.27;2;0;0;8;6.05;6;01:22;01:02;00:36;0;0;0;0;0;0;0;0;0;0;0;1,167;524;6;4.54;3;0;0;0;19 minutes;02:15;0;0;0;0;0;44%;0;32%
zunba-3237;4790;0;0;12%;5;5;4;0.03;1,758;10,135.53;1,758;898;0;0;0;3;17.3;2;11.53;2;1;0;0;4;23.06;4;2;1.33;0;0;0;0;0;0;0;0;0;4;23.06;4;0;0;0;0;0;0;0;0;2;0;0;1;0;0;0;0;0;0;0;0;1;5.76;1;00:06;00:38;00:06;0;0;0;0;0;0;0;0;0;0;0;96;41;2;11.53;2;0;0;0;2 minutes;0;0;0;0;0;0;42%;0;100%
Zyphoid-11537;2610;0;2;9%;128;24;12;0.03;70,357;12,828.31;13,264;6,874;8,901;1,623;1,907;47;8.56;42;7.65;9;36;0;0;156;28.44;32;20;3.31;0;0;0;0;0;0;0;0;0;95;17.32;23;3;5;0;3;0;0;0;0;20;0;0;17;3;8;6;4;0.72;1;4;1;57;10.39;15;07:30;01:22;02:04;0;0;0;0;0;0;0;0;0;0;0;3,674;1,392;25;4.55;7;0;0;0;1 hour;10:15;0;0;0;0;9;37%;43%;50%
