Akimoto-3310;3063;1;3%;21;7;4;0;71,218;15,350.69;18,448;4,530;50;10.77;16;3.44;4;81;17.45;34;13;1.62;0;0;0;40;8.62;15;5;5;0;0;0;0;0;0;13;0;0;13;4;7;2;0;0;0;0;0;3;2;30;6.46;11;01:25;00:18;00:57;0;10;27;5.81;11;0;0;2,294;647;11;2.37;4;0;0;0;53 minutes;09:37;0;0;1;28%;38%;1%
applejuice69-11392;0;3;6%;91;23;6;0.01;151,368;17,863.61;19,604;7,618;85;10.03;41;4.83;7;256;30.21;42;16;3.01;0;0;0;179;21.12;28;4;8;1;4;0;0;0;0;16;0;0;27;6;11;10;4;0.47;3;0;0;3;2;69;8.14;13;05:00;00:35;00:54;0;10;81;9.55;12;0;0;4,861;1,312;41;4.83;13;0;0;0;1 hour;16:13;0;0;0;26%;26%;42%
Artificial-11535;2856;0;7%;2;2;1;0;4,037;11,001.38;4,037;1,826;5;13.62;0;0;0;2;5.44;2;2;0.4;0;1;0;2;5.44;2;0;0;0;0;0;0;0;0;2;0;0;0;0;0;0;0;0;0;0;0;0;0;0;0;0;00:02;00:07;00:02;0;1;0;0;0;0;0;147;27;1;2.72;1;0;0;0;5 minutes;0;0;0;0;18%;18%;0
Bluemoon-31853;3351;6;7%;113;14;12;0.01;167,194;16,885.94;16,331;9,339;89;8.98;51;5.15;7;286;28.88;35;23;3.21;0;2;0;202;20.4;28;3;10;0;7;0;0;0;0;23;0;0;35;8;19;8;0;0;0;0;0;0;0;113;11.41;20;12:13;01:14;02:38;0;11;87;8.78;10;0;0;4,714;1,416;59;5.95;7;0;0;0;2 hours;42:06;0;0;10;30%;41%;65%
BluStar-2121;57;0;8%;4;2;1;0;5,287;5,276.97;2,785;1,541;12;11.97;1;0.99;1;6;5.98;2;2;0.5;0;0;0;4;3.99;1;0;1;0;0;0;0;0;0;2;0;0;2;0;0;1;0;0;0;0;0;0;0;1;0.99;1;00:20;00:20;00:11;0;1;1;0.99;1;0;0;0;0;1;0.99;1;0;0;0;9 minutes;0;0;0;0;20%;0;18%
Bobosa-3106;0;17;4%;324;16;6;0;762,716;16,987.53;30,092;7,955;486;10.82;263;5.85;16;1,195;26.61;46;14;2.45;0;1;0;747;16.63;26;21;45;4;20;0;0;0;0;14;0;0;129;35;62;32;9;0.2;1;0;0;6;16;428;9.53;21;57:10;01:16;02:10;0;15;415;9.24;17;0;0;21,439;6,810;194;4.32;9;3;0;0;9 hours;01:52:06;0;0;15;31%;48%;45%
BriBrii-2647;1225;1;7%;15;6;2;0;22,069;9,568.68;6,824;1,877;25;10.83;12;5.2;5;45;19.51;17;6;1.8;0;0;0;35;15.17;11;1;2;0;1;0;0;0;0;6;0;0;7;2;2;3;0;0;0;0;0;3;2;18;7.8;9;01:22;00:35;00:39;0;3;8;3.46;3;0;0;1,092;199;16;6.93;5;0;0;0;27 minutes;03:35;0;0;0;18%;24%;34%
buff4eyes-1647;45;3;6%;41;10;3;0;68,051;10,597.83;12,416;5,134;59;9.18;30;4.67;5;152;23.67;29;9;2.57;0;0;0;96;14.95;19;0;6;0;2;0;0;0;0;9;0;0;23;7;11;5;4;0.62;3;0;0;0;0;66;10.27;16;03:23;00:31;01:23;0;10;33;5.13;8;0;0;0;0;37;5.76;9;0;0;0;1 hour;09:54;0;0;0;21%;0;36%
burii-11667;0;0;3%;7;3;2;0;24,491;12,644.24;7,651;4,705;15;7.74;5;2.58;2;32;16.52;10;7;2.13;0;0;0;22;11.35;6;2;2;0;0;0;0;0;0;7;0;0;6;2;2;2;0;0;0;0;0;0;0;15;7.74;5;01:27;00:45;00:41;0;1;12;6.19;5;0;0;672;195;4;2.06;2;0;0;0;19 minutes;02:17;0;0;5;29%;43%;13%
Calvin-1337;4187;2;4%;36;6;3;0;93,859;17,726.23;16,674;6,414;46;8.68;24;4.53;6;155;29.27;28;13;3.36;0;0;0;104;19.64;18;2;5;0;3;0;0;0;0;13;0;0;17;4;8;6;0;0;0;0;0;3;3;58;10.95;13;05:59;01:07;01:48;0;11;47;8.87;12;0;0;2,424;851;26;4.91;5;0;0;0;1 hour;14:44;0;0;1;35%;39%;50%
Camou-1349;3855;0;2%;1;1;1;0;3,488;4,966.31;2,338;1,393;1;1.42;3;4.27;2;19;27.05;14;9;19;0;0;0;12;17.08;10;0;1;0;1;0;0;0;0;9;0;0;1;0;0;1;0;0;0;0;0;0;0;5;7.11;4;00:07;00:10;00:06;0;3;4;5.69;3;0;0;289;39;5;7.11;4;0;0;0;5 minutes;00:07;0;0;0;13%;12%;100%
Capriccioso-1214;42;2;11%;55;11;7;0;63,591;10,535.45;8,077;4,662;56;9.27;31;5.13;6;140;23.19;20;10;2.5;0;0;0;110;18.22;17;0;6;0;3;0;0;0;0;10;0;0;15;6;6;3;1;0.16;1;0;0;3;2;35;5.79;8;00:44;00:07;00:13;0;5;11;1.82;3;0;0;0;0;43;7.12;13;0;0;0;1 hour;01:29;0;0;0;30%;0;57%
CaptainEVS-1315;80;0;3%;3;1;1;0;10,761;8,766.76;6,647;2,224;8;6.51;0;0;0;17;13.85;12;4;2.12;0;0;0;9;7.33;7;0;1;0;1;0;0;0;0;4;0;0;4;2;0;1;0;0;0;0;0;0;0;6;4.88;4;00:40;00:33;00:33;0;1;3;2.44;2;0;0;0;0;2;1.62;1;0;0;0;9 minutes;00:15;0;0;0;29%;0;100%
ClarieFarron-11811;2703;0;0;0;0;0;0;1,282;3,938.53;1,282;752;2;6.14;0;0;0;2;6.14;2;1;1;0;0;0;2;6.14;2;0;0;0;0;0;0;0;0;1;0;0;1;1;0;0;0;0;0;0;0;0;0;0;0;0;00:01;00:03;00:01;0;0;2;6.14;2;0;0;56;20;1;3.07;1;0;0;0;2 minutes;0;0;0;0;35%;35%;0
Cohias-1934;3115;0;8%;5;3;3;0.01;7,314;15,022.03;3,762;2,337;7;14.37;2;4.1;1;15;30.8;8;4;2.14;0;0;0;11;22.59;6;0;0;0;0;0;0;0;0;4;0;0;2;1;0;1;0;0;0;0;0;0;0;5;10.26;4;00:10;00:21;00:10;0;2;5;10.26;4;0;0;268;60;1;2.05;1;0;0;0;7 minutes;01:00;0;0;0;22%;0;43%
cowbama-4260;2598;1;2%;6;3;2;0;26,511;18,192.23;12,058;8,106;16;10.97;6;4.11;2;41;28.13;18;13;2.56;0;0;0;25;17.15;11;0;1;0;1;0;0;0;0;13;0;0;4;2;1;2;0;0;0;0;0;0;0;18;12.35;6;01:43;01:11;01:14;0;8;13;8.92;6;0;0;763;237;6;4.11;3;0;0;0;21 minutes;03:21;0;0;0;31%;0;66%
CRA2YDOG-3822;2743;0;6%;45;6;4;0;85,674;10,954.08;10,574;7,230;60;7.67;23;2.94;4;113;14.44;15;12;1.88;0;1;0;73;9.33;9;7;8;1;0;0;0;0;0;12;0;0;25;8;8;9;0;0;0;0;0;4;1;35;4.47;5;04:48;00:36;02:06;0;3;29;3.7;4;0;0;3,228;679;28;3.58;4;0;0;0;1 hour;03:47;0;0;0;21%;50%;3%
CtrlAltL337-1674;58;0;11%;20;8;5;0;17,991;12,314.94;4,144;3,051;18;12.32;7;4.79;4;36;24.64;15;10;2;0;0;0;23;15.74;11;0;1;0;1;0;0;0;0;10;0;0;5;1;1;3;0;0;0;0;0;3;1;7;4.79;5;00:39;00:26;00:29;0;3;2;1.36;1;0;0;0;0;4;2.73;3;0;0;0;20 minutes;01:02;0;0;0;27%;0;49%
Dark-15913;3265;6;4%;56;7;4;0;154,790;16,075.06;20,934;7,082;64;6.64;75;7.78;13;287;29.8;45;14;4.48;0;1;0;186;19.31;31;3;10;1;6;0;0;0;0;14;0;0;33;6;19;8;5;0.51;3;0;0;5;7;119;12.35;22;05:05;00:31;01:33;0;15;107;11.11;17;0;0;4,050;1,274;44;4.56;7;0;0;0;1 hour;30:12;0;0;0;31%;56%;67%
DERPGUYZ-1495;2481;0;4%;7;5;3;0;17,195;11,350.47;7,667;3,347;17;11.22;5;3.3;3;27;17.82;17;10;1.58;0;1;0;13;8.58;8;1;2;0;1;0;0;0;0;10;0;0;6;1;2;3;0;0;0;0;0;0;0;13;8.58;7;01:59;01:18;01:03;0;4;5;3.3;3;0;0;850;151;3;1.98;2;0;0;0;19 minutes;01:19;0;0;0;17%;0;48%
DerpHead-3508;2487;0;4%;1;1;1;0;2,467;5,194.89;2,467;2,125;1;2.1;0;0;0;7;14.73;7;6;7;0;0;0;5;10.52;5;0;0;0;0;0;0;0;0;6;0;0;0;0;0;0;0;0;0;0;0;0;0;0;0;0;00:02;00:05;00:02;0;0;2;4.21;2;0;0;191;22;0;0;0;0;0;0;4 minutes;0;0;0;0;11%;11%;0
doGsInaT-1838;3173;4;6%;69;9;5;0.01;119,043;12,748.39;17,178;6,178;67;7.17;46;4.92;11;266;28.48;42;18;3.97;0;0;0;159;17.02;22;3;9;0;7;0;0;0;0;18;0;0;24;8;11;5;3;0.32;1;0;0;3;2;67;7.17;18;05:01;00:32;01:03;0;9;79;8.46;14;0;0;4,422;1,095;40;4.28;5;0;0;0;1 hour;23:08;0;0;0;24%;33%;72%
Doubted-11183;3492;0;8%;4;4;3;0.01;5,307;27,236.95;5,307;2,116;2;10.26;3;15.39;3;13;66.72;13;5;6.5;0;0;0;10;51.32;10;0;0;0;0;0;0;0;0;5;0;0;0;0;0;0;0;0;0;0;0;0;0;5;25.66;5;00:07;00:37;00:07;0;4;4;20.53;4;0;0;139;45;1;5.13;1;0;0;0;3 minutes;00:56;0;0;0;32%;0;0
Enfoirer-4370;3000;13;5%;159;18;5;0.01;320,256;16,450.22;26,489;9,999;155;7.96;112;5.75;13;552;28.35;50;23;3.56;0;2;0;362;18.59;33;9;19;1;10;0;0;0;0;23;0;0;52;7;36;9;6;0.3;1;0;0;5;12;171;8.78;21;10:20;00:31;01:16;0;13;211;10.83;18;0;0;8,220;2,774;119;6.11;14;0;0;0;3 hours;53:53;0;0;9;33%;51%;51%
EnumaElish-3343;3604;11;3%;142;9;4;0;452,178;14,844.1;18,995;7,801;294;9.65;130;4.26;9;702;23.04;44;16;2.38;0;2;0;435;14.28;26;19;30;1;10;0;0;0;0;16;0;0;79;22;33;24;4;0.13;2;0;0;4;9;188;6.17;12;17:44;00:34;00:58;0;14;236;7.74;15;0;0;12,975;3,662;89;2.92;6;0;0;0;6 hours;38:10;0;0;8;28%;45%;32%
Euront-2569;2224;0;2%;1;1;1;0;3,311;13,218.77;2,247;2,078;2;7.98;0;0;0;3;11.97;3;2;1.5;0;0;0;1;3.99;1;0;0;0;0;0;0;0;0;2;0;0;1;0;0;0;0;0;0;0;0;0;0;1;3.99;1;00:20;01:21;00:20;0;2;1;3.99;1;0;0;87;34;0;0;0;0;0;0;3 minutes;0;0;0;0;39%;35%;0
eXile1cK-1643;2867;0;6%;10;4;4;0;15,771;12,411.72;3,292;2,272;19;14.95;4;3.14;3;27;21.24;7;7;1.42;0;0;0;23;18.1;6;1;1;0;0;0;0;0;0;7;0;0;3;1;1;2;0;0;0;0;0;0;0;8;6.29;3;00:35;00:28;00:16;0;2;8;6.29;3;0;0;548;152;5;3.93;2;0;0;0;17 minutes;00:09;0;0;0;27%;31%;19%
Faith-1102;50;0;4%;2;1;1;0;5,927;10,102.48;3,303;1,751;4;6.81;4;6.81;4;11;18.74;8;4;2.75;0;0;0;7;11.93;5;0;1;0;0;0;0;0;0;4;0;0;2;2;0;0;0;0;0;0;0;0;0;4;6.81;3;00:00;00:00;00:00;0;1;3;5.11;2;0;0;0;0;1;1.7;1;0;0;0;5 minutes;00:07;0;0;0;24%;0;0
Flame-12415;2806;0;6%;12;3;3;0;24,728;10,475.91;7,398;3,924;20;8.47;3;1.27;1;31;13.13;12;7;1.55;0;0;0;21;8.89;8;2;2;0;1;0;0;0;0;7;0;0;8;2;4;2;0;0;0;0;0;0;0;12;5.08;4;02:06;00:53;01:00;0;3;11;4.66;7;0;0;819;198;7;2.96;2;0;0;0;24 minutes;00:40;0;0;0;24%;25%;23%
flyby-11830;3830;0;0;0;0;0;0;2,846;24,142.86;2,846;2,846;1;8.48;5;42.4;5;6;50.89;6;6;6;0;0;0;1;8.48;1;0;0;0;0;0;0;0;0;6;0;0;1;0;0;0;0;0;0;0;0;3;1;3;25.44;3;00:04;00:42;00:04;0;0;1;8.48;1;0;0;75;25;1;8.48;1;0;0;0;1 minute;0;0;0;0;33%;0;100%
Forsak3n-2206;75;0;9%;35;8;4;0;37,226;9,596.53;5,685;4,037;30;7.73;6;1.54;2;87;22.42;17;11;2.9;0;0;0;52;13.4;9;0;4;0;3;0;0;0;0;0;0;0;9;4;2;2;2;0;1;0;0;0;0;18;4.64;5;01:45;00:27;00:39;0;3;18;4.64;3;0;0;0;0;18;4.64;5;0;0;0;44 minutes;04:47;0;0;0;25%;0;72%
Frostnium-1430;2424;0;4%;12;5;2;0;26,236;13,832.33;10,372;3,575;21;11.07;6;3.16;4;44;23.19;19;7;2.09;0;0;0;28;14.76;12;1;2;0;1;0;0;0;0;7;0;0;4;2;1;1;2;1.05;1;0;0;0;0;15;7.9;8;01:29;00:46;01:20;0;6;15;7.9;6;0;0;871;254;8;4.21;3;0;0;0;23 minutes;01:56;0;0;0;29%;30%;39%
Galactic-21329;47;0;4%;7;3;2;0;15,675;7,279.7;4,431;1,688;25;11.61;12;5.57;5;28;13;13;6;1.12;0;0;0;23;10.68;11;0;2;0;1;0;0;0;0;6;0;0;2;1;0;0;0;0;0;0;0;3;2;15;6.96;5;00:37;00:17;00:18;0;6;10;4.64;4;0;0;0;0;5;2.32;3;0;0;0;25 minutes;00:31;0;0;0;18%;0;53%
GhostDragon-153648;3026;0;5%;221;9;5;0;443,112;10,651.62;12,849;9,340;376;9.03;150;3.6;9;712;17.11;33;15;1.89;0;9;0;434;10.43;22;24;42;2;15;0;0;0;0;15;0;0;97;37;25;34;4;0.09;1;0;0;5;12;289;6.94;17;22:14;00:32;01:18;0;12;191;4.59;11;0;0;16,627;4,046;137;3.29;9;1;0;0;8 hours;30:14;0;0;11;24%;33%;36%
GoDLuci-1127;3686;2;6%;35;7;7;0.01;61,985;11,663.03;12,888;5,103;46;8.65;12;2.25;3;99;18.62;19;6;2.15;0;2;0;65;12.23;11;2;5;0;4;0;0;0;0;6;0;0;11;2;3;6;0;0;0;0;0;0;0;29;5.45;7;01:41;00:19;00:54;0;5;35;6.58;8;0;0;2,243;563;19;3.57;7;0;0;0;57 minutes;01:58;0;0;1;25%;32%;70%
Gods-1217;4059;3;9%;120;11;7;0.01;145,080;19,053.62;13,561;7,354;73;9.58;31;4.07;7;274;35.98;22;13;3.75;0;0;0;183;24.03;16;4;8;0;3;0;0;0;0;13;0;0;23;7;12;3;1;0.13;1;0;0;3;4;100;13.13;12;10:10;01:20;01:00;0;5;73;9.58;7;0;0;3,728;1,237;49;6.43;5;0;0;0;1 hour;30:35;0;0;3;33%;38%;44%
Goosen-21913;2723;1;4%;25;5;5;0;80,397;14,448.47;18,151;6,367;62;11.14;25;4.49;6;111;19.94;21;19;1.79;0;2;0;71;12.75;13;3;6;1;2;0;0;0;0;19;0;0;11;3;3;5;1;0.17;1;0;0;0;0;45;8.08;7;02:51;00:30;00:44;0;7;37;6.64;8;0;0;2,886;619;21;3.77;5;0;0;0;1 hour;04:33;0;0;0;21%;30%;29%
Graceful-2412;87;0;7%;28;7;4;0;45,475;13,077.7;7,870;4,254;31;8.91;16;4.6;5;72;20.7;14;8;2.32;0;0;0;44;12.65;10;0;3;0;2;0;0;0;0;8;0;0;8;2;2;5;0;0;0;0;0;4;3;17;4.88;5;00:24;00:07;00:05;0;8;10;2.87;2;0;0;0;0;15;4.31;4;0;0;0;46 minutes;01:06;0;0;0;23%;0;63%
Grifster-21910;57;1;6%;3;3;2;0;5,052;6,367.57;5,052;2,349;2;2.52;3;3.78;3;10;12.6;10;4;5;0;0;0;9;11.34;9;0;1;0;1;0;0;0;0;4;0;0;2;0;2;0;0;0;0;0;0;0;0;3;3.78;3;00:03;00:03;00:03;0;2;1;1.26;1;0;0;0;0;4;5.04;4;0;0;0;3 minutes;00:05;0;0;0;32%;0;100%
Hallowed-11808;2942;0;3%;3;1;1;0;10,734;10,465.88;5,766;4,626;10;9.74;4;3.89;3;15;14.62;11;9;1.5;0;0;0;9;8.77;6;1;1;0;0;0;0;0;0;9;0;0;3;1;1;2;0;0;0;0;0;0;0;4;3.89;2;00:53;00:52;00:50;0;3;4;3.89;4;0;0;397;93;2;1.94;1;0;0;0;11 minutes;0;0;0;0;23%;21%;16%
HappyPants-1658;3503;1;4%;38;9;5;0.01;81,474;15,584.26;14,052;7,367;50;9.56;26;4.97;7;136;26.01;25;12;2.72;0;0;0;94;17.98;17;4;5;0;2;0;0;0;0;12;0;0;16;3;8;4;0;0;0;0;0;3;2;53;10.13;14;04:01;00:46;01:00;0;11;38;7.26;8;0;0;2,381;802;37;7.07;9;0;0;0;1 hour;17:39;0;0;1;33%;38%;29%
HeyKatie-1413;3644;12;5%;230;15;8;0.01;450,616;13,818.68;17,179;7,892;256;7.85;128;3.92;9;897;27.5;47;17;3.5;0;0;0;603;18.49;36;4;33;0;28;0;0;0;0;17;0;0;90;29;37;24;8;0.24;1;0;0;4;10;223;6.83;15;14:25;00:26;01:00;0;14;315;9.65;13;0;0;12,269;3,983;178;5.45;13;1;0;0;5 hours;01:13:49;0;0;5;32%;53%;86%
HoilDaym7K-4639;1803;5;5%;146;12;6;0.01;247,063;10,729.38;18,836;6,655;145;6.29;77;3.34;8;426;18.5;31;17;2.93;0;0;0;270;11.72;19;11;23;1;11;0;0;0;0;17;0;0;59;15;26;18;3;0.13;1;0;0;3;5;165;7.16;16;17:14;00:44;03:22;0;13;96;4.16;8;0;0;11,085;2,473;108;4.69;9;0;0;0;3 hours;39:11;0;0;24;22%;30%;47%
Hossy-11899;2833;0;0;0;0;0;0;555;19,408.17;555;555;1;34.96;0;0;0;10;13.22;5;4;3.33;0;0;0;5;6.61;3;0;0;0;0;0;0;0;0;4;0;0;0;0;0;0;0;0;0;0;0;0;0;6;7.93;3;00:34;00:45;00:27;0;2;4;5.28;3;0;0;18;6;1;1.32;1;0;0;0;36.238299971446395 seconds;0;0;0;0;33%;25%;100%
HotShotGG-3480;3682;0;0;0;0;0;0;1,034;3,570.32;959;884;3;10.35;0;0;0;1;3.45;1;1;0.33;0;0;0;1;3.45;1;0;0;0;0;0;0;0;0;1;0;0;0;0;0;0;0;0;0;0;0;0;0;0;0;0;0;0;0;0;1;0;0;0;0;0;50;9;0;0;0;0;0;0;1 minute;0;0;0;0;18%;18%;0
Hunterhyde-1159;2701;1;7%;59;9;6;0.01;96,812;14,166.36;11,938;9,863;66;9.65;27;3.95;6;166;24.29;23;18;2.51;0;0;0;113;16.53;18;4;7;0;3;0;0;0;0;18;0;0;14;7;2;6;3;0.43;1;0;0;3;3;42;6.14;8;01:58;00:17;00:31;0;9;43;6.29;11;0;0;2,907;827;42;6.14;8;0;0;0;1 hour;09:03;0;0;0;28%;38%;42%
Hymalaya-1507;1698;4;6%;43;7;5;0;77,482;10,609.56;16,554;7,487;60;8.21;28;3.83;8;162;22.18;27;10;2.7;0;0;0;112;15.33;19;2;7;0;5;0;0;0;0;10;0;0;25;7;12;6;2;0.27;1;0;0;3;2;69;9.44;16;02:25;00:19;00:22;0;10;43;5.88;7;0;0;2,451;709;42;5.75;7;0;0;0;1 hour;15:36;0;0;0;28%;39%;70%
hymzi-2549;70;0;12%;5;5;5;0;920;9,970.56;920;906;2;21.68;3;4.88;3;28;45.56;22;8;4;0;0;0;18;29.29;13;0;0;0;0;0;0;0;0;8;0;0;0;0;2;0;0;0;0;0;0;3;1;18;29.29;14;01:14;02:01;01:05;0;6;7;11.39;5;0;0;0;0;5;8.13;4;0;0;0;1 minute;07:13;0;0;0;57%;0;100%
Hyper-1157;3921;1;7%;70;8;7;0.01;106,719;18,821.66;16,057;8,976;42;7.4;29;5.11;12;135;23.8;22;15;3.21;0;0;0;90;15.87;19;3;6;0;2;0;0;0;0;15;0;0;17;7;4;6;0;0;0;0;0;3;2;46;8.11;10;08:01;01:24;01:35;0;7;40;7.05;6;0;0;2,807;957;26;4.58;6;0;0;0;1 hour;08:59;0;0;0;34%;41%;39%
IANBOT-11988;2823;2;5%;43;8;4;0.01;97,469;14,232.71;16,801;6,324;37;5.4;31;4.52;7;206;30.08;37;14;5.56;0;0;0;143;20.88;25;3;7;0;4;0;0;0;0;14;0;0;19;3;11;5;2;0.29;1;0;0;3;1;71;10.36;14;06:12;00:54;01:13;0;6;62;9.05;16;0;0;2,812;850;49;7.15;12;0;0;0;1 hour;23:28;0;0;1;30%;35%;54%
iddqd-2884;84;1;10%;43;8;5;0;45,268;11,851.31;8,581;5,376;21;5.49;18;4.71;6;115;30.1;24;16;5.47;0;0;0;76;19.89;15;0;4;0;4;0;0;0;0;0;0;0;9;4;2;4;0;0;0;0;0;0;0;30;7.85;5;02:01;00:31;00:36;0;5;36;9.42;6;0;0;0;0;23;6.02;6;0;0;0;35 minutes;09:58;0;0;0;32%;0;100%
Incognito-1602;72;3;7%;29;7;5;0;45,224;11,930.04;16,007;5,920;24;6.33;17;4.48;9;86;22.68;25;13;3.58;0;0;0;61;16.09;18;0;4;0;3;0;0;0;0;13;0;0;10;1;5;4;1;0.26;1;0;0;3;1;27;7.12;13;00:25;00:06;00:10;0;10;19;5.01;5;0;0;0;0;25;6.59;8;0;0;0;37 minutes;10:33;0;0;0;23%;0;85%
INTERNETHULK-2984;3898;0;11%;1;1;1;0.03;1,007;16,260.74;1,007;1,007;1;16.14;0;0;0;1;16.14;1;1;1;0;0;0;0;0;0;0;0;0;0;0;0;0;0;1;0;0;0;0;0;0;0;0;0;0;0;0;0;1;16.14;1;0;0;0;0;0;1;16.14;1;0;0;24;9;0;0;0;0;0;0;31.28223696537316 seconds;0;0;0;0;37%;37%;0
Invision-2363;3901;3;6%;68;10;6;0.01;121,616;16,040.53;11,360;9,962;58;7.64;31;4.08;6;218;28.75;26;25;3.75;0;0;0;128;16.88;22;2;8;0;5;0;0;0;0;25;0;0;21;7;8;5;2;0.26;1;0;0;3;4;68;8.96;11;06:03;00:47;01:07;0;7;71;9.36;11;0;0;3,395;1,031;27;3.56;9;0;0;0;1 hour;13:03;0;0;0;30%;41%;69%
JIhooN-31212;2641;0;11%;3;3;2;0;3,655;3,349.11;3,579;2,540;3;2.74;1;0.91;1;6;5.49;6;3;2;0;0;0;5;4.58;5;1;1;0;0;0;0;0;0;3;0;0;1;0;0;1;0;0;0;0;0;0;0;2;1.83;2;0;0;0;0;2;1;0.91;1;0;0;176;26;2;1.83;2;0;0;0;11 minutes;0;0;0;0;14%;16%;0%
JonnyBI-2703;3137;4;6%;78;13;7;0.01;135,452;13,326.99;19,253;8,054;87;8.55;38;3.73;5;236;23.21;40;15;2.71;0;0;0;167;16.43;32;5;10;0;5;0;0;0;0;15;0;0;24;4;11;9;1;0.09;1;0;0;3;2;58;5.7;9;01:36;00:09;00:37;0;14;82;8.06;19;0;0;4,691;1,120;57;5.6;13;0;0;0;2 hours;09:26;0;0;2;23%;28%;50%
KAKI-11832;0;0;9%;5;5;2;0.01;4,969;7,848.02;4,844;1,598;8;12.63;1;1.57;1;13;20.53;13;4;1.62;0;0;0;8;12.63;8;1;1;0;0;0;0;0;0;4;0;0;2;1;1;0;0;0;0;0;0;0;0;6;9.47;6;00:27;00:42;00:27;0;8;5;7.89;5;0;0;241;53;4;6.31;4;0;0;0;8 minutes;0;0;0;1;21%;22%;3%
Kefka-11531;4123;0;3%;3;2;1;0;10,234;9,993.81;6,157;2,787;12;11.71;3;2.92;2;20;19.53;12;4;1.66;0;0;0;13;12.69;6;0;1;0;1;0;0;0;0;4;0;0;2;1;0;1;0;0;0;0;0;0;0;3;2.92;2;00:51;00:49;00:43;0;3;10;9.76;8;0;0;389;88;3;2.92;2;0;0;0;11 minutes;00:20;0;0;0;22%;0;95%
Keishi-11995;3431;0;6%;25;11;4;0.01;46,433;23,536.69;19,120;7,485;26;13.17;17;8.61;8;69;34.97;27;11;2.65;0;1;0;49;24.83;21;2;2;0;0;0;0;0;0;11;0;0;6;1;4;1;0;0;0;0;0;3;1;29;14.69;13;01:15;00:38;00:48;0;4;27;13.68;7;0;0;956;369;15;7.6;6;0;0;0;27 minutes;06:16;0;0;0;38%;37%;11%
keRLos-1604;3974;1;7%;34;10;4;0.01;46,999;11,160.03;10,997;4,547;34;8.07;12;2.84;6;118;28.01;33;14;3.47;0;0;0;77;18.28;21;0;4;0;4;0;0;0;0;14;0;0;12;4;5;2;0;0;0;0;0;3;2;48;11.39;14;03:34;00:50;01:17;0;5;25;5.93;6;0;0;1,585;438;9;2.13;3;0;0;0;47 minutes;04:39;0;0;0;27%;30%;88%
Kira-1303;64;0;9%;3;3;2;0;3,184;6,782.15;3,184;2,099;1;2.13;1;2.13;1;12;25.56;12;10;12;0;0;0;9;19.17;9;0;0;0;0;0;0;0;0;10;0;0;1;0;0;0;0;0;0;0;0;0;0;2;4.26;2;00:02;00:06;00:02;0;1;5;10.65;5;0;0;0;0;1;2.13;1;0;0;0;3 minutes;01:41;0;0;0;18%;0;100%
KJerry-1610;4141;3;5%;24;5;4;0;47,539;11,539.85;10,908;5,755;20;4.85;17;4.12;5;108;26.21;22;16;5.4;0;0;0;69;16.74;15;0;4;0;4;0;0;0;0;16;0;0;16;6;8;2;2;0.48;1;0;0;3;3;40;9.7;12;04:58;01:12;01:24;0;8;39;9.46;10;0;0;1,955;446;13;3.15;4;0;0;0;41 minutes;04:36;0;0;1;22%;32%;100%
KnOxXx-21951;3848;0;6%;41;8;6;0.01;69,880;16,953.71;9,931;6,621;29;7.03;21;5.09;4;117;28.38;23;15;4.03;0;0;0;67;16.25;14;3;4;0;1;0;0;0;0;15;0;0;8;3;5;0;0;0;0;0;0;4;1;30;7.27;8;02:40;00:38;00:44;0;9;35;8.49;11;0;0;2,183;597;21;5.09;6;0;0;0;51 minutes;07:55;0;0;0;27%;31%;23%
KOKFC-1575;3897;0;3%;1;1;1;0;3,364;14,293.86;3,364;3,364;0;0;1;4.24;1;12;50.98;12;12;0;0;0;0;5;21.24;5;0;0;0;0;0;0;0;0;12;0;0;1;0;0;0;0;0;0;0;0;0;0;1;4.24;1;00:03;00:15;00:03;0;5;4;16.99;4;0;0;102;32;2;8.49;2;0;0;0;2 minutes;00:13;0;0;0;31%;31%;100%
Kotani-2471;2612;0;1%;1;1;1;0;4,740;7,083.72;2,062;788;9;13.44;0;0;0;5;7.47;3;2;0.55;0;1;0;4;5.97;3;1;1;0;0;0;0;0;0;2;0;0;1;1;1;0;0;0;0;0;0;0;0;1;1.49;1;00:19;00:28;00:10;0;2;4;5.97;3;0;0;258;51;1;1.49;1;0;0;0;8 minutes;0;0;0;0;19%;32%;0
KwamFun-1860;2633;8;6%;260;12;6;0.01;471,970;14,037.47;19,119;6,335;295;8.77;145;4.31;10;818;24.32;39;19;2.77;0;2;0;542;16.12;28;15;34;3;16;0;0;0;0;19;0;0;83;29;30;25;2;0.05;1;0;0;3;2;249;7.4;19;13:54;00:24;02:23;0;17;263;7.82;14;0;0;15,171;3,955;158;4.69;10;1;0;0;6 hours;49:08;0;0;23;26%;35%;46%
KYLE-3141;0;3;4%;275;14;8;0;549,441;10,100.32;20,556;6,105;598;10.99;151;2.77;7;983;18.07;44;14;1.64;7,054,200;5;0;607;11.15;21;35;54;0;19;0;0;0;0;14;0;0;87;37;19;30;2;0.03;1;0;0;4;1;340;6.25;28;19:36;00:21;01:11;0;19;360;6.61;19;0;0;26,094;5,732;58;1.06;10;2;0;0;12 hours;28:14;335;6.15;29;21%;58%;35%
Laurie400-1327;31;0;10%;62;16;4;0;63,463;8,099.04;14,320;3,105;87;11.1;12;1.53;4;136;17.35;31;8;1.56;0;2;0;99;12.63;22;0;8;0;3;0;0;0;0;8;0;0;11;6;2;3;0;0;0;0;0;3;1;33;4.21;11;03:05;00:23;01:30;0;7;21;2.67;6;0;0;0;0;40;5.1;9;0;0;0;1 hour;01:11;0;0;0;24%;0;35%
Legist-21953;2633;0;3%;1;1;1;0;3,386;14,531.41;3,386;2,017;3;12.87;2;8.58;2;5;21.45;5;3;1.66;0;0;0;2;8.58;2;0;0;0;0;0;0;0;0;3;0;0;0;0;0;0;0;0;0;0;0;0;0;3;12.87;3;00:34;02:26;00:34;0;1;1;4.29;1;0;0;127;30;2;8.58;2;0;0;0;3 minutes;0;0;0;0;23%;0;0
Legit-21235;1645;4;5%;30;10;4;0;58,031;11,908.56;9,629;9,021;24;4.92;23;4.71;6;154;31.6;31;27;6.41;0;4;0;119;24.42;25;3;5;0;2;0;0;0;0;27;0;0;13;4;7;2;0;0;0;0;0;3;1;33;6.77;6;00:18;00:03;00:13;1;9;66;13.54;17;0;0;2,148;578;68;13.95;19;0;0;0;59 minutes;20:59;0;0;6;26%;32%;38%
Lilgho-4319;3766;0;5%;2;2;1;0;4,026;12,952.33;4,026;1,800;3;9.65;1;3.21;1;7;22.52;7;5;2.33;0;0;0;7;22.52;7;0;0;0;0;0;0;0;0;5;0;0;2;0;1;0;1;3.21;1;0;0;0;0;5;16.08;5;00:12;00:38;00:12;0;0;2;6.43;2;0;0;122;40;0;0;0;0;0;0;3 minutes;0;0;0;0;32%;0;0
Lish-21487;53;1;8%;33;4;3;0;43,473;8,664.71;6,870;3,440;45;8.96;12;2.39;5;99;19.73;15;10;2.2;0;0;0;75;14.94;12;0;5;0;3;0;0;0;0;10;0;0;17;5;4;8;2;0.39;1;0;0;0;0;36;7.17;8;01:33;00:18;00:18;0;3;32;6.37;7;0;0;0;0;32;6.37;6;0;0;0;57 minutes;02:32;0;0;0;17%;0;52%
LIXU-4794;3497;0;5%;5;3;1;0;9,345;10,529.11;3,500;2,382;8;9.01;1;1.12;1;14;15.77;6;4;1.75;0;0;0;10;11.26;5;0;1;0;0;0;0;0;0;4;0;0;2;1;1;0;0;0;0;0;0;0;0;0;0;0;00:16;00:18;00:15;0;1;5;5.63;2;0;0;361;100;3;3.38;3;0;0;0;9 minutes;00:29;0;0;1;27%;33%;48%
LMorals-1207;2669;0;6%;5;3;2;0.01;566;20,074.03;566;566;1;35.46;5;11.99;3;15;35.97;8;4;3;0;0;0;10;23.98;7;0;0;0;0;0;0;0;0;4;0;0;2;1;0;1;0;0;0;0;0;0;0;6;14.38;5;00:03;01:55;00:03;0;2;5;11.99;2;0;0;4;4;3;7.19;2;0;0;0;31.419110981747508 seconds;00:00;0;0;2;100%;0;16%
LuLu-11129;58;2;4%;13;10;3;0;30,376;15,697.93;14,764;4,025;21;10.85;17;8.78;10;67;34.62;33;11;3.19;0;0;0;43;22.22;23;0;2;0;1;0;0;0;0;11;0;0;7;0;6;1;0;0;0;0;0;3;1;38;19.63;19;03:29;01:48;02:35;0;15;13;6.71;9;0;0;0;0;14;7.23;8;0;0;0;29 minutes;09:47;0;0;0;28%;0;36%
Luxyne-1720;3380;0;1%;3;2;1;0;20,578;15,212.33;8,729;3,480;14;10.34;6;4.43;6;21;15.52;14;6;1.5;0;0;0;14;10.34;10;1;1;0;1;0;0;0;0;6;0;0;4;2;0;1;0;0;0;0;0;0;0;2;1.47;2;00:12;00:09;00:07;0;5;6;4.43;3;0;0;557;163;1;0.73;1;0;0;0;16 minutes;00:05;0;0;0;29%;32%;47%
Lyan-21728;2550;0;3%;1;1;1;0;3,278;20,002.59;3,278;3,278;1;6.1;3;18.3;3;8;48.81;8;8;8;0;0;0;6;36.61;6;0;0;0;0;0;0;0;0;8;0;0;1;0;0;0;0;0;0;0;0;0;0;6;36.61;6;00:04;00:26;00:04;0;0;4;24.4;4;0;0;72;27;2;12.2;2;0;0;0;2 minutes;01:49;0;0;0;37%;0;100%
MAJAJA-3599;0;1;4%;9;3;3;0;20,718;11,743.53;7,752;3,711;12;6.8;5;2.83;3;34;19.27;12;11;2.83;0;0;0;22;12.47;9;0;2;0;1;0;0;0;0;11;0;0;6;1;3;2;2;1.13;1;0;0;0;0;15;8.5;6;01:10;00:39;00:32;0;4;9;5.1;5;0;0;724;191;3;1.7;2;0;0;0;18 minutes;01:16;0;0;0;26%;21%;75%
Mario-13553;50;2;7%;327;26;7;0;479,314;9,530.63;20,667;5,794;508;10.1;208;4.13;11;1,131;22.48;43;17;2.22;0;7;0;805;16;34;0;50;0;29;0;0;0;0;17;0;0;85;32;18;35;11;0.21;2;0;0;4;17;336;6.68;21;16:38;00:19;01:20;0;7;343;6.82;16;0;0;0;0;323;6.42;17;0;0;0;10 hours;01:00:21;0;0;0;25%;0;57%
Master-11935;57;0;0;0;0;0;0;0;0;0;0;0;0;0;0;0;0;0;0;0;0;0;0;0;0;0;0;0;0;0;0;0;0;0;0;0;0;0;0;0;0;0;0;0;0;0;0;0;0;0;0;0;0;0;0;0;1;0;0;0;0;0;0;0;0;0;0;0;0;0;8.975501980632544 seconds;0;0;0;0;0;0;100%
MeePokBoy-1184;3653;2;4%;62;9;6;0.01;140,451;19,052.16;22,613;7,696;68;9.22;41;5.56;13;192;26.04;33;14;2.82;0;1;0;121;16.41;20;4;7;1;3;0;0;0;0;14;0;0;17;4;4;8;0;0;0;0;0;4;4;60;8.13;12;04:32;00:36;00:53;0;16;55;7.46;10;0;0;3,755;1,259;40;5.42;8;0;0;0;1 hour;17:40;0;0;0;33%;34%;41%
Mendokusaii-2955;4206;7;7%;283;13;6;0.01;430,825;18,104.7;16,560;7,584;216;9.07;140;5.88;7;856;35.97;39;17;3.96;0;1;0;575;24.16;24;9;24;0;15;0;0;0;0;17;0;0;71;17;31;23;11;0.46;2;0;0;4;16;293;12.31;20;26:06;01:05;02:44;0;17;251;10.54;11;0;0;11,493;3,771;193;8.11;8;0;0;0;5 hours;01:23:45;0;0;17;32%;57%;63%
Miro-31858;4511;0;9%;1;1;1;0;812;1,625.03;812;388;4;8;1;2;1;4;8;4;2;1;0;0;0;3;6;3;0;0;0;0;0;0;0;0;2;0;0;0;0;0;0;0;0;0;0;0;0;0;1;2;1;00:01;00:02;00:01;0;0;2;4;2;0;0;52;11;1;2;1;0;0;0;3 minutes;0;0;0;0;21%;21%;0
Mix-41491;3599;1;4%;34;5;3;0;87,867;15,206.07;13,051;3,939;51;8.82;36;6.23;9;134;23.18;27;11;2.62;0;1;0;74;12.8;13;4;6;0;2;0;0;0;52;11;0;0;17;6;7;5;1;0.17;1;0;0;4;4;52;8.99;18;04:06;00:42;01:14;0;12;33;5.71;6;0;0;2,840;704;22;3.8;3;0;0;0;1 hour;08:51;0;0;1;24%;32%;30%
Moowe-4479;4350;0;3%;20;4;3;0;62,371;21,452.33;15,114;7,370;23;7.91;10;3.43;4;73;25.1;19;10;3.17;0;0;0;46;15.82;11;2;3;0;1;0;0;0;0;10;0;0;8;1;5;2;0;0;0;0;0;0;0;30;10.31;11;02:46;00:57;00:46;0;7;24;8.25;6;0;0;1,598;554;16;5.5;3;0;0;0;37 minutes;10:35;0;0;0;34%;36%;35%
Mwiekned-3959;3456;0;0%;2;2;1;0;22,422;31,075.18;22,422;5,595;9;12.47;5;6.92;5;20;27.71;20;7;2.22;0;0;0;7;9.7;7;0;1;0;1;0;0;0;0;7;0;0;1;0;0;1;0;0;0;0;0;0;0;9;12.47;9;01:06;01:31;01:06;0;9;8;11.08;8;0;0;599;210;2;2.77;2;0;0;0;12 minutes;00:31;0;0;0;35%;0;100%
MyNeverevr-1103;3533;1;6%;17;12;4;0.01;29,262;16,697.31;20,359;5,550;11;6.27;9;5.13;8;49;27.96;32;12;4.45;0;0;0;32;18.25;21;0;2;0;2;0;0;0;0;12;0;0;6;2;3;1;1;0.57;1;0;0;0;0;15;8.55;13;01:03;00:36;00:40;2;12;18;10.27;11;0;0;935;275;6;3.42;3;0;0;0;19 minutes;01:21;0;0;1;29%;48%;100%
nan-1607;4000;0;6%;10;3;2;0;20,251;6,840.22;6,155;3,253;12;4.05;6;2.02;3;44;14.86;13;8;3.66;0;0;0;28;9.45;10;0;0;0;3;0;0;0;0;8;0;0;0;0;1;0;0;0;0;0;0;0;0;10;3.37;3;01:44;00:35;00:46;0;2;10;3.37;4;0;0;564;165;7;2.36;2;0;0;0;4.972848998382688 seconds;00:10;0;0;0;29%;41%;92%
nekyG-2308;3842;2;6%;42;9;8;0.01;74,648;15,510.36;13,803;8,777;45;9.35;21;4.36;8;109;22.64;21;17;2.42;0;0;0;72;14.96;13;2;5;0;3;0;0;0;0;17;0;0;15;5;4;5;0;0;0;0;0;3;4;30;6.23;11;04:04;00:50;01:33;0;10;33;6.85;5;0;0;2,051;671;20;4.15;5;0;0;0;54 minutes;10:13;0;0;0;32%;44%;53%
Neptune-31921;3151;0;5%;7;2;2;0;13,363;5,124.14;2,184;1,944;26;9.96;0;0;0;26;9.96;5;5;1;0;1;0;13;4.98;2;2;3;0;0;0;0;0;0;5;0;0;6;2;1;3;0;0;0;0;0;0;0;13;4.98;3;00:54;00:20;00:27;0;2;8;3.06;3;0;0;881;120;7;2.68;2;0;0;0;25 minutes;0;0;0;0;13%;27%;4%
Nichiren-21254;41;0;3%;1;1;1;0;2,652;2,615.91;1,429;1,044;4;3.94;0;0;0;3;2.95;3;3;0.75;0;1;0;1;0.98;1;0;1;0;0;0;0;0;0;3;0;0;1;1;0;0;0;0;0;0;0;0;0;2;1.97;2;00:13;00:13;00:13;0;2;1;0.98;1;0;0;0;0;0;0;0;0;0;0;7 minutes;00:07;0;0;0;13%;0;36%
NikolaTesla-11280;53;1;4%;27;4;3;0;59,753;11,297.96;10,280;4,233;57;10.77;15;2.83;4;105;19.85;16;11;1.84;0;2;0;65;12.29;12;0;5;0;4;0;0;0;0;11;0;0;13;6;5;2;1;0.18;1;0;0;0;0;44;8.31;10;01:29;00:16;00:25;0;4;37;6.99;7;0;0;0;0;25;4.72;5;0;0;0;1 hour;01:13;0;0;0;26%;0;72%
Nova-1852;65;0;20%;2;2;2;0;1,186;15,263.63;1,061;1,061;2;25.74;0;0;0;4;51.49;4;4;2;0;0;0;3;38.62;3;0;0;0;0;0;0;0;0;4;0;0;0;0;0;0;0;0;0;0;0;0;0;1;12.87;1;00:06;01:20;00:06;0;1;0;0;0;0;0;0;0;0;0;0;0;0;0;1 minute;00:15;0;0;0;21%;0;60%
NzNr-1485;3728;0;2%;3;1;1;0;12,016;10,008.63;7,034;3,193;11;9.16;4;3.33;3;22;18.32;12;7;2;0;1;0;13;10.82;8;0;1;0;1;0;0;0;0;7;0;0;3;1;0;1;0;0;0;0;0;0;0;2;1.66;1;00:16;00:13;00:13;0;4;8;6.66;5;0;0;439;117;1;0.83;1;0;0;0;12 minutes;0;0;0;0;26%;33%;84%
Odin-1745;3076;0;2%;1;1;1;0;3,523;2,319.27;2,843;1,021;4;2.63;2;1.31;2;6;3.94;5;2;1.5;0;0;0;4;2.63;3;1;2;1;0;0;0;0;0;2;0;0;2;1;0;1;0;0;0;0;0;0;0;4;2.63;3;0;0;0;0;0;0;0;0;0;0;246;36;1;0.65;1;0;0;0;5 minutes;0;0;0;0;14%;11%;0
ONIGOD-21483;3888;0;12%;7;7;2;0.01;5,020;4,689.11;4,280;1,753;7;6.53;1;0.93;1;20;18.68;20;7;2.85;0;1;0;14;13.07;14;0;1;0;1;0;0;0;0;7;0;0;0;0;0;0;0;0;0;0;0;0;0;3;2.8;3;00:15;00:14;00:15;0;6;4;3.73;4;0;0;300;58;6;5.6;6;0;0;0;8 minutes;00:25;0;0;0;19%;0;88%
oPuTo-1727;3814;2;6%;44;14;7;0.01;79,214;15,733.46;24,588;6,352;33;6.55;29;5.75;10;181;35.95;47;15;5.48;0;0;0;106;21.05;25;0;5;0;5;0;0;0;0;15;0;0;13;3;3;6;1;0.19;1;0;0;3;1;40;7.94;17;04:48;00:57;01:11;0;10;59;11.71;16;0;0;1,929;658;29;5.75;6;0;0;0;56 minutes;18:12;0;0;1;34%;36%;96%
Ovidious-11975;0;0;4%;7;4;2;0;15,092;8,646.34;3,911;1,900;28;16.04;2;1.14;2;29;16.61;11;6;1.03;0;0;0;25;14.32;9;1;2;0;1;0;0;0;0;6;0;0;3;0;1;2;1;0.57;1;0;0;0;0;9;5.15;4;00:30;00:17;00:28;0;4;13;7.44;6;0;0;564;159;13;7.44;4;0;0;0;21 minutes;02:54;0;0;0;28%;30%;43%
p0isons-1162;54;0;7%;10;5;3;0;15,014;14,165.29;8,654;3,736;5;4.71;12;11.32;6;41;38.68;23;11;8.19;0;0;0;24;22.64;13;0;1;0;1;0;0;0;0;11;0;0;2;1;1;0;0;0;0;0;0;3;1;10;9.43;6;00:07;00:07;00:07;0;5;7;6.6;5;0;0;0;0;11;10.37;9;0;0;0;13 minutes;03:31;0;0;0;27%;0;55%
Pamyu-1936;3435;0;6%;1;1;1;0;1,797;8,823.64;1,797;943;3;14.72;0;0;0;4;19.63;4;3;1.33;0;0;0;2;9.81;2;0;0;0;0;0;0;0;0;3;0;0;0;0;0;0;0;0;0;0;0;0;0;3;14.72;3;00:03;00:15;00:03;0;0;1;4.9;1;0;0;69;15;0;0;0;0;0;0;2 minutes;0;0;0;0;21%;0;0
PassTheSalt-11477;2699;0;6%;27;6;2;0;47,423;10,204.7;8,723;3,717;49;10.54;15;3.22;6;104;22.37;20;7;2.12;0;4;0;69;14.84;15;2;5;0;2;0;0;0;0;7;0;0;14;3;4;6;0;0;0;0;0;3;2;43;9.25;8;08:18;01:47;02:25;0;6;27;5.8;5;0;0;1,484;426;20;4.3;4;0;0;0;55 minutes;04:23;0;0;4;28%;47%;49%
Phoinix-3581;2837;4;7%;72;17;5;0.01;127,846;15,334.65;21,630;7,124;80;9.59;36;4.31;8;197;23.62;35;16;2.46;0;0;0;143;17.15;23;5;8;1;3;0;0;0;0;16;0;0;21;1;15;4;0;0;0;0;0;3;2;62;7.43;16;05:01;00:36;01:08;0;6;48;5.75;10;0;0;3,959;1,027;37;4.43;7;0;0;0;1 hour;09:20;0;0;4;25%;32%;31%
Phython-1699;3306;0;5%;21;5;4;0;48,402;13,749;12,627;5,756;17;4.82;17;4.82;5;106;30.11;33;18;6.23;0;0;0;60;17.04;17;1;4;0;3;0;0;0;0;18;0;0;9;3;2;5;1;0.28;1;0;0;0;0;34;9.65;13;01:21;00:23;00:36;0;15;25;7.1;9;0;0;1,769;405;16;4.54;4;0;0;0;40 minutes;07:23;0;0;0;22%;22%;75%
pierino-1398;2595;0;3%;11;5;4;0;28,802;10,927.05;9,221;3,985;14;5.31;11;4.17;5;56;21.24;17;11;4;0;0;0;37;14.03;11;1;3;0;2;0;0;0;0;11;0;0;7;3;1;3;2;0.75;1;0;0;0;0;16;6.07;7;01:02;00:23;00:23;0;7;18;6.82;5;0;0;849;279;14;5.31;5;0;0;0;22 minutes;05:27;0;0;0;32%;38%;73%
piiiia-2451;25;0;4%;5;2;2;0;12,566;7,743.37;3,825;1,720;18;11.09;3;1.84;2;10;6.16;4;3;0.55;0;0;0;7;4.31;2;0;2;0;0;0;0;0;0;3;0;0;3;2;0;0;0;0;0;0;0;0;0;5;3.08;2;01:11;00:43;00:37;0;2;0;0;0;0;0;0;0;2;1.23;1;0;0;0;20 minutes;01:09;0;0;0;20%;0;28%
Pinky-6151;70;2;8%;47;16;5;0;65,711;16,674.92;23,828;7,261;42;10.65;19;4.82;8;125;31.72;38;16;2.97;0;0;0;67;17;22;0;4;0;1;0;0;0;0;16;0;0;10;3;5;2;0;0;0;0;0;3;2;40;10.15;11;03:02;00:46;01:15;0;4;17;4.31;5;0;0;0;0;22;5.58;6;0;0;0;58 minutes;08:49;0;0;0;32%;0;16%
PoppyDogma-1243;3133;0;3%;2;2;1;0;6,245;4,857.35;3,113;1,314;16;12.44;1;0.77;1;7;5.44;4;1;0.43;0;0;0;6;4.66;3;1;1;0;0;0;0;0;0;1;0;0;3;2;1;0;0;0;0;0;0;0;0;0;0;0;0;0;0;0;4;4;3.11;2;0;0;286;56;3;2.33;2;0;0;0;10 minutes;0;0;0;0;19%;23%;14%
PsychoHazard-1722;0;0;7%;26;7;3;0.01;39,626;14,866.94;10,173;3,680;29;10.88;12;4.5;4;72;27.01;23;9;2.48;0;1;0;53;19.88;19;1;3;0;2;0;0;0;0;9;0;0;9;1;5;2;1;0.37;1;0;0;0;0;29;10.88;12;02:22;00:53;01:04;0;6;22;8.25;8;0;0;1,357;363;16;6;5;0;0;0;34 minutes;13:28;0;0;0;26%;28%;63%
qqwess-3609;2968;1;5%;49;14;10;0.01;101,407;21,892.65;23,438;9,067;46;9.93;20;4.31;8;126;27.2;31;15;2.73;0;0;0;82;17.7;21;3;5;0;2;0;0;0;0;15;0;0;13;2;7;4;0;0;0;0;0;0;0;51;11.01;15;01:35;00:20;00:42;0;11;34;7.34;6;0;0;3,096;856;22;4.74;6;0;0;0;1 hour;09:40;0;0;0;27%;29%;37%
Raisu-3380;2608;0;3%;8;5;2;0;25,481;12,868.81;9,315;3,356;16;8.08;10;5.05;5;38;19.19;18;9;2.37;0;0;0;29;14.64;15;0;2;0;1;0;0;0;0;9;0;0;6;1;3;1;0;0;0;0;0;4;1;9;4.54;6;00:14;00:07;00:08;0;10;16;8.08;10;0;0;830;238;14;7.07;8;0;0;0;22 minutes;05:09;0;0;0;28%;29%;75%
Rascal-31813;4599;0;0;0;0;0;0;2,002;12,781.18;2,002;2,002;0;0;0;0;0;7;44.68;7;7;0;0;0;0;2;12.76;2;0;0;0;0;0;0;0;0;7;0;0;0;0;0;0;0;0;0;0;0;0;0;6;38.3;6;00:25;02:45;00:25;0;2;2;12.76;2;0;0;60;19;1;6.38;1;0;0;0;1 minute;00:57;0;0;0;31%;31%;100%
RebornZ-11715;4006;0;8%;5;5;4;0.02;6,573;30,740.69;6,573;5,007;2;9.35;1;4.67;1;4;18.7;4;3;2;0;0;0;4;18.7;4;0;0;0;0;0;0;0;0;3;0;0;1;0;0;1;0;0;0;0;0;0;0;1;4.67;1;00:08;00:37;00:08;0;3;2;9.35;2;0;0;156;61;1;4.67;1;0;0;0;3 minutes;0;0;0;0;39%;0;0
Reilly-11549;3595;3;3%;14;5;5;0.01;45,241;21,517.5;13,691;6,808;14;6.65;9;4.28;5;59;28.06;33;18;4.21;0;0;0;37;17.59;20;1;2;0;1;0;0;0;0;18;0;0;6;1;3;2;2;0.95;2;0;0;0;0;12;5.7;5;00:54;00:25;00:20;0;12;20;9.51;11;0;0;1,070;389;5;2.37;2;0;0;0;22 minutes;06:15;0;0;0;36%;44%;57%
Renyz-11199;3452;2;6%;76;25;8;0.01;138,464;20,647;33,858;9,262;59;8.79;58;8.64;14;227;33.84;48;20;3.84;0;1;0;138;20.57;29;4;7;0;2;0;0;0;0;20;0;0;21;2;16;3;0;0;0;0;0;4;4;98;14.61;26;09:46;01:27;02:02;0;12;63;9.39;14;0;0;4,267;1,241;47;7;10;0;0;0;1 hour;31:12;0;0;4;29%;41%;36%
SaltyPanda-11486;3295;9;8%;108;17;8;0.01;151,158;12,862.64;18,080;8,305;52;4.42;48;4.08;9;299;25.44;47;16;5.75;0;1;0;218;18.55;37;4;12;0;8;0;0;0;0;16;0;0;24;3;18;3;3;0.25;1;0;0;4;6;68;5.78;14;04:43;00:24;00:47;0;10;97;8.25;18;0;0;4,107;1,310;89;7.57;17;0;0;0;1 hour;31:07;0;0;9;31%;36%;67%
SanALex-2258;3625;0;9%;13;4;3;0.01;13,946;9,148.93;6,919;3,114;19;12.46;5;3.28;4;25;16.4;9;7;1.31;0;0;0;12;7.87;4;1;2;0;0;0;0;0;0;7;0;0;5;2;0;3;1;0.65;1;0;0;0;0;7;4.59;3;00:39;00:25;00:16;0;3;7;4.59;3;0;0;602;136;5;3.28;3;0;0;0;16 minutes;01:37;0;0;0;22%;26%;18%
Sardis-21172;80;0;4%;4;4;3;0;10,547;21,861.71;10,010;4,760;3;6.21;6;12.43;6;17;35.23;16;8;5.66;0;0;0;11;22.8;11;0;0;0;0;0;0;0;0;8;0;0;1;0;0;1;0;0;0;0;0;3;2;5;10.36;4;00:43;01:29;00:36;0;1;6;12.43;6;0;0;0;0;5;10.36;5;0;0;0;7 minutes;01:36;0;0;0;26%;0;100%
Scy-1494;2687;0;4%;2;2;2;0.01;6,318;25,172.42;4,844;4,844;1;3.98;3;11.95;3;6;23.9;5;5;6;0;0;0;3;11.95;3;0;0;0;0;0;0;0;0;5;0;0;1;0;0;1;0;0;0;0;0;0;0;2;7.96;2;0;0;0;0;0;1;3.98;1;0;0;167;45;1;3.98;1;0;0;0;3 minutes;0;0;0;0;26%;38%;81%
Sharkyos-1524;0;0;4%;2;2;1;0;5,543;13,631.79;5,543;2,310;5;12.29;2;4.91;2;12;29.51;12;6;2.4;0;0;0;7;17.21;7;0;0;0;0;0;0;0;0;6;0;0;1;0;0;0;0;0;0;0;0;0;0;2;4.91;2;00:33;01:22;00:33;0;1;3;7.37;3;0;0;290;49;3;7.37;3;0;0;0;7 minutes;0;0;0;5;16%;0;100%
Shinobu-1269;48;0;3%;3;1;1;0;12,352;6,608.74;3,952;1,545;24;12.84;6;3.21;2;22;11.77;8;3;0.91;0;1;0;13;6.95;6;0;2;0;0;0;0;0;0;3;0;0;3;1;1;1;1;0.53;1;0;0;0;0;8;4.28;3;01:05;00:35;00:22;0;2;4;2.14;2;0;0;0;0;5;2.67;2;0;0;0;23 minutes;00:05;0;0;0;17%;0;1%
SKRT-11232;1023;0;8%;12;4;3;0.01;15,116;11,965.76;8,532;2,291;13;10.29;4;3.16;3;27;21.37;13;8;2.07;0;0;0;18;14.24;7;1;1;0;0;0;0;0;0;8;0;0;4;2;1;1;1;0.79;1;0;0;0;0;13;10.29;7;01:40;01:19;01:15;0;4;9;7.12;4;0;0;516;136;5;3.95;1;0;0;0;13 minutes;01:56;0;0;3;26%;20%;37%
smacked-11443;73;1;9%;27;17;3;0;30,695;13,447.4;11,676;3,126;28;12.26;8;3.5;4;67;29.35;29;9;2.39;0;0;0;47;20.59;23;0;2;0;2;0;0;0;0;9;0;0;6;1;3;2;1;0.43;1;0;0;0;0;18;7.88;8;01:34;00:41;00:40;0;5;18;7.88;9;0;0;0;0;18;7.88;10;0;0;0;29 minutes;05:37;0;0;0;25%;0;73%
Smith-2700;82;0;6%;24;8;8;0;37,960;15,336.41;13,458;4,800;20;8.08;11;4.44;8;88;35.55;23;14;4.4;0;0;0;58;23.43;17;0;2;0;2;0;0;0;0;14;0;0;8;2;3;3;0;0;0;0;0;4;2;31;12.52;7;02:58;01:11;01:14;0;3;22;8.88;7;0;0;0;0;16;6.46;5;0;0;0;30 minutes;13:35;0;0;0;33%;0;70%
Somnians-2461;3015;1;5%;14;5;3;0;28,109;9,439.03;9,353;6,545;28;9.4;8;2.68;6;41;13.76;14;9;1.46;0;0;0;20;6.71;6;3;3;0;0;0;0;0;0;9;0;0;5;4;1;0;0;0;0;0;0;4;1;13;4.36;4;01:53;00:38;00:32;0;1;11;3.69;3;0;0;973;240;3;1;1;0;0;0;34 minutes;00:26;0;0;0;24%;34%;7%
SOR-11872;3722;1;9%;120;19;6;0.01;152,183;16,709.94;31,494;8,373;80;8.78;52;5.7;10;294;32.28;57;17;3.67;0;2;0;194;21.3;39;4;9;1;5;0;0;0;0;17;0;0;27;6;11;10;0;0;0;0;0;4;3;99;10.87;17;09:04;00:59;01:46;0;10;80;8.78;15;0;0;4,803;1,307;67;7.35;9;0;0;0;2 hours;25:42;0;0;2;27%;36%;50%
spooner-1925;3641;0;0;0;0;0;0;1,269;11,501.45;1,269;1,269;1;9.06;0;0;0;2;18.12;2;2;2;0;0;0;1;9.06;1;0;0;0;0;0;0;0;0;2;0;0;0;0;0;0;0;0;0;0;0;0;0;1;9.06;1;00:03;00:34;00:03;0;2;1;9.06;1;0;0;56;17;0;0;0;0;0;0;1 minute;0;0;0;0;30%;0;0
sreader-1911;2668;22;6%;381;17;10;0.01;670,988;15,567.87;25,937;10,332;375;8.7;230;5.33;12;1,184;27.47;47;19;3.15;0;3;0;773;17.93;32;18;43;1;24;0;0;0;0;19;0;0;119;20;62;36;0;0;0;0;0;5;18;437;10.13;30;31:52;00:44;02:17;0;15;327;7.58;14;0;0;21,005;6,003;233;5.4;11;0;0;0;8 hours;01:59:58;0;0;7;28%;40%;54%
Surefour-2559;4493;13;6%;222;19;8;0.01;375,799;15,387.88;19,161;11,065;169;6.92;121;4.95;10;685;28.04;43;20;4.05;0;4;0;448;18.34;30;1;24;0;23;0;0;0;0;20;0;0;64;9;36;19;4;0.16;1;0;0;4;11;182;7.45;17;07:29;00:18;00:42;0;15;242;9.9;17;0;0;10,888;3,283;108;4.42;9;0;0;0;4 hours;56:05;0;0;7;30%;38%;95%
SwagUnicorn-4998;0;1;3%;13;7;6;0;44,928;13,771.7;10,054;4,647;34;10.42;6;1.83;2;68;20.84;24;7;2;0;2;0;40;12.26;17;1;3;1;2;0;0;0;0;7;0;0;6;2;2;2;2;0.61;2;0;0;0;0;31;9.5;10;04:07;01:15;01:26;0;3;22;6.74;6;0;0;1,147;381;7;2.14;3;1;0;0;37 minutes;04:13;0;0;7;33%;44%;55%
Sylar-1669;60;5;6%;161;21;5;0;279,529;14,665.69;22,543;8,144;193;10.12;118;6.19;11;539;28.27;41;17;2.79;0;1;0;350;18.36;29;0;19;0;13;13,350;700.44;4,816;26;17;0;0;52;14;19;19;3;0.15;1;0;0;4;11;212;11.12;26;14:35;00:45;02:24;0;13;128;6.71;12;3,615;1,331;0;0;103;5.4;10;0;0;0;4 hours;42:49;0;0;0;28%;0;70%
Sypeh-2707;0;7;6%;291;17;8;0.01;534,812;17,156.2;22,095;8,147;310;9.94;164;5.26;11;855;27.42;46;16;2.75;0;3;0;510;16.36;28;16;31;1;14;0;0;0;0;16;0;0;87;27;31;29;11;0.35;2;0;0;4;13;248;7.95;12;23:30;00:45;01:19;0;14;263;8.43;13;0;0;16,526;4,787;135;4.33;8;2;0;0;6 hours;43:02;0;0;15;28%;50%;46%
Taimou-2526;4311;0;6%;8;4;3;0.01;11,948;13,456.08;5,199;2,398;12;13.51;3;3.37;1;15;16.89;6;6;1.25;0;1;0;9;10.13;4;1;1;0;0;0;0;0;0;6;0;0;2;1;1;0;0;0;0;0;0;0;0;1;1.12;1;00:07;00:08;00:06;2;2;3;3.37;1;0;0;410;116;4;4.5;3;0;0;0;11 minutes;0;0;0;0;28%;0;0
Talespin-1868;4132;0;5%;1;1;1;0.01;1,777;16,027.38;1,777;1,527;2;18.04;0;0;0;2;18.04;2;2;1;0;0;0;2;18.04;2;0;0;0;0;0;0;0;0;2;0;0;0;0;0;0;0;0;0;0;0;0;0;0;0;0;00:02;00:25;00:02;0;0;1;9.02;1;0;0;39;18;0;0;0;0;0;0;1.212837990373373 seconds;0;0;0;0;46%;0;0
Teejay-1789;3762;3;4%;18;5;5;0.01;43,527;10,716.39;9,826;9,049;5;1.23;4;0.98;2;82;20.18;20;20;16.39;0;0;0;54;13.29;14;0;4;0;4;0;0;0;0;20;0;0;9;2;3;3;1;0.24;1;0;0;0;0;6;1.47;3;00:19;00:04;00:10;0;8;26;6.4;6;0;0;1,472;400;11;2.7;5;0;0;0;28 minutes;03:46;0;0;0;27%;31%;99%
Thorlax-2359;2420;0;9%;5;3;2;0.01;5,731;11,399.5;3,786;1,721;7;13.92;3;5.96;3;13;25.85;8;4;1.85;0;0;0;9;17.9;5;1;1;0;0;0;0;0;0;4;0;0;2;0;1;1;0;0;0;0;0;0;0;4;7.95;2;00:00;00:01;00:00;0;1;4;7.95;3;0;0;224;55;8;15.91;5;0;0;0;7 minutes;0;0;0;0;24%;24%;0
tic-1885;63;0;8%;27;9;6;0;38,352;12,973.77;8,930;4,838;33;11.16;14;4.73;4;68;23;22;11;2.06;0;0;0;46;15.56;16;0;3;0;1;0;0;0;0;11;0;0;4;1;3;0;1;0.33;1;0;0;3;1;17;5.75;5;01:46;00:36;00:36;0;3;17;5.75;7;0;0;0;0;15;5.07;5;0;0;0;37 minutes;04:39;0;0;0;23%;0;23%
Tiki-11546;3512;0;5%;20;5;4;0.01;34,700;16,243.44;9,018;4,659;28;13.1;7;3.27;3;59;27.61;16;10;2.1;0;1;0;40;18.72;9;2;2;0;0;0;0;0;0;10;0;0;5;0;3;2;1;0.46;1;0;0;3;2;20;9.36;6;01:03;00:29;00:25;0;2;20;9.36;7;0;0;1,214;337;13;6.08;4;0;0;0;31 minutes;01:07;0;0;0;27%;30%;15%
Toha-2496;1362;5;6%;160;11;5;0;274,109;12,213.35;18,173;9,791;154;6.86;75;3.34;11;502;22.36;36;12;3.25;0;2;0;354;15.77;28;10;22;2;10;0;0;0;0;12;0;0;41;15;17;10;5;0.22;1;0;0;3;3;81;3.6;9;03:24;00:09;00:30;0;12;144;6.41;15;0;0;9,631;2,309;143;6.37;15;1;0;0;4 hours;26:00;0;0;12;23%;62%;46%
tongue-11364;3632;0;5%;1;1;1;0.01;2,478;23,314.41;2,478;2,478;0;0;3;28.22;3;8;75.26;8;8;0;0;0;0;5;47.04;5;0;0;0;0;0;0;0;0;8;0;0;0;0;0;0;0;0;0;0;0;4;1;1;9.4;1;00:14;02:18;00:14;0;2;0;0;0;0;0;56;17;0;0;0;0;0;0;1 minute;00:13;0;0;0;30%;30%;100%
Tung-3350;3000;0;0;0;0;0;0;644;10,076.67;644;644;1;15.64;0;0;0;0;0;0;0;0;0;0;0;0;0;0;0;0;0;0;0;0;0;0;0;0;0;0;0;0;0;0;0;0;0;0;0;0;0;0;0;0;0;0;0;1;0;0;0;0;0;13;6;0;0;0;0;0;0;1 minute;0;0;0;0;46%;0;0
TviQ-1503;4134;4;6%;50;8;4;0.01;89,555;18,840.93;12,398;8,350;41;8.62;22;4.62;4;126;26.5;19;11;3.07;0;0;0;81;17.04;13;3;5;0;2;0;0;0;0;11;0;0;13;1;10;1;1;0.21;1;0;0;3;3;44;9.25;11;04:26;00:56;01:18;0;5;41;8.62;7;0;0;1,999;717;21;4.41;4;0;0;0;53 minutes;12:01;0;0;0;35%;38%;43%
uNFixed-2518;0;6;7%;126;17;6;0.01;207,422;17,004.76;18,548;10,337;93;7.62;78;6.39;10;335;27.46;41;14;3.6;0;0;0;219;17.95;27;7;12;0;5;0;0;0;0;14;0;0;35;7;15;13;3;0.24;1;0;0;5;6;133;10.9;20;14:03;01:09;01:53;0;10;89;7.29;10;0;0;5,523;1,788;30;2.45;5;0;0;0;2 hours;27:35;0;0;0;32%;39%;42%
watt-1213;80;3;7%;69;8;5;0;104,143;15,187.48;9,695;6,567;64;9.33;25;3.64;3;199;29.02;23;12;3.1;0;0;0;133;19.39;14;0;7;0;5;0;0;0;0;12;0.4;0;22;5;9;7;1;0.14;1;0;0;3;2;70;10.2;9;04:09;00:36;01:00;0;7;52;7.58;8;0;0;0;0;38;5.54;6;0;0;0;1 hour;24:34;0;0;0;25%;0;76%
weaselele-2442;4437;24;5%;475;14;6;0.01;1,062,390;18,822.87;24,211;8,683;573;10.15;329;5.82;10;1,691;29.96;41;15;2.95;0;4;0;1,035;18.33;25;23;56;4;30;0;0;0;127;15;0;0;150;42;58;49;18;0.31;2;0;0;5;20;521;9.23;18;42:53;00:45;01:25;0;15;614;10.87;15;0;0;27,337;9,436;255;4.51;9;1;0;0;12 hours;01:59:59;0;0;24;34%;46%;52%
Werky-1402;2821;1;5%;24;4;4;0;51,123;13,420.71;14,704;4,662;25;6.56;19;4.98;5;88;23.1;17;9;3.52;0;0;0;47;12.33;12;1;4;2;1;0;0;0;0;9;0;0;9;2;6;1;1;0.26;1;0;0;3;2;32;8.4;7;02:05;00:33;00:48;0;8;23;6.03;7;0;0;1,593;411;11;2.88;3;0;0;0;40 minutes;05:24;0;0;0;25%;35%;31%
Winston-11922;65;2;7%;46;11;4;0;67,609;11,756.62;13,827;4,332;69;11.99;15;2.6;3;133;23.12;26;16;1.92;0;0;0;84;14.6;13;0;6;0;4;0;0;0;0;16;0;0;17;5;4;7;1;0.17;1;0;0;0;0;49;8.52;13;02:20;00:24;00:35;0;10;31;5.39;5;0;0;0;0;31;5.39;7;0;0;0;1 hour;02:33;0;0;0;19%;0;67%
WinterDKay-2106;2919;0;7%;3;2;2;0;4,625;13,025.84;2,973;2,916;4;11.26;0;0;0;3;8.44;3;3;0.75;0;0;0;3;8.44;3;0;0;0;0;0;0;0;0;3;0;0;1;0;0;0;0;0;0;0;0;0;0;0;0;0;0;0;0;0;1;2;5.63;2;0;0;194;42;1;2.81;1;0;0;0;5 minutes;0;0;0;0;21%;35%;0
XQQ-11863;4453;0;11%;8;5;2;0.01;7,752;9,563.84;5,249;1,723;10;12.33;2;2.46;1;10;12.33;9;3;1;0;0;0;8;9.86;7;1;1;0;0;0;0;0;0;3;0;0;2;0;0;1;0;0;0;0;0;0;0;0;0;0;00:03;00:04;00:03;0;2;0;0;0;0;0;247;72;3;3.7;3;0;0;0;8 minutes;0;0;0;0;29%;30%;0
xxiSaint-3541;2298;0;5%;6;4;2;0;15,692;10,899.66;6,896;3,291;14;9.72;9;6.25;4;21;14.58;8;5;1.5;0;0;0;14;9.72;6;0;0;0;1;0;0;0;0;5;0;0;0;0;0;0;0;0;0;0;0;0;0;6;4.16;4;00:11;00:08;00:11;0;4;7;4.86;4;0;0;519;114;11;7.64;5;0;0;0;10.440466999076307 seconds;00:40;0;0;0;21%;0;38%
Y19251658-2148;3795;2;7%;34;10;5;0.01;55,450;15,433.5;9,745;4,152;38;10.57;7;1.94;3;72;20.03;19;9;1.89;0;0;0;51;14.19;14;2;4;0;1;0;0;0;0;9;0;0;10;3;5;3;0;0;0;0;0;0;0;18;5;5;01:34;00:26;00:22;0;5;26;7.23;9;0;0;1,737;485;14;3.89;6;0;0;0;44 minutes;04:14;0;0;0;27%;40%;25%
YLLES-3238;4613;0;21%;5;5;3;0.02;2,784;13,427.26;2,784;1,154;4;19.29;0;0;0;6;28.94;6;2;1.5;0;1;0;4;19.29;4;0;0;0;0;0;0;0;0;2;0;0;1;0;0;0;0;0;0;0;0;0;0;0;0;0;00:01;00:07;00:01;0;0;1;4.82;1;0;0;113;23;1;4.82;1;0;0;0;3 minutes;0;0;0;0;20%;0;100%
Yubuu-1763;42;0;3%;2;1;1;0;5,902;5,187.48;3,713;1,640;14;12.3;1;0.87;1;12;10.54;6;4;0.85;0;0;0;10;8.78;6;0;1;0;0;0;0;0;0;0;0;0;2;1;1;0;0;0;0;0;0;0;0;5;4.39;3;00:21;00:18;00:14;0;1;6;5.27;3;0;0;0;0;2;1.75;2;0;0;0;10 minutes;00:15;0;0;0;19%;0;0
Zatanna-11384;65;36;4%;567;13;5;0;1,262,957;13,622.12;26,509;7,718;965;10.4;491;5.29;17;2,523;27.21;51;16;2.61;0;5;0;1,624;17.51;32;0;93;0;57;0;0;0;0;16;0.35;0;251;59;105;88;23;0.24;2;0;0;4;29;933;10.06;27;01:25:34;00:55;02:22;0;11;754;8.13;19;0;0;0;0;514;5.54;10;2;0;0;8 hours;04:29:03;0;0;0;29%;0;61%
ZeInfinity-21817;2173;1;4%;9;4;4;0;23,888;9,108.11;8,321;3,906;24;9.15;8;3.05;4;40;15.25;16;13;1.66;0;0;0;31;11.81;13;1;3;0;2;0;0;0;0;13;0;0;7;1;2;4;0;0;0;0;0;0;0;15;5.71;9;01:42;00:38;00:41;0;3;16;6.1;7;0;0;782;218;10;3.81;6;0;0;0;27 minutes;01:57;0;0;0;27%;32%;62%
Zonda-4175;4522;0;1%;1;1;1;0;5,986;21,229.31;5,986;5,273;2;7.09;0;0;0;5;17.73;5;4;2.5;0;0;0;1;3.54;1;0;0;0;0;0;0;0;0;4;0;0;1;0;1;0;0;0;0;0;0;0;0;3;10.63;3;00:25;01:31;00:25;0;3;2;7.09;2;0;0;149;53;0;0;0;0;0;0;3 minutes;00:43;0;0;0;35%;0;0
zunba-3237;4790;0;12%;1;1;1;0.01;524;3,707.98;524;524;1;7.06;0;0;0;3;21.2;3;3;3;0;0;0;2;14.13;2;0;0;0;0;0;0;0;0;3;0;0;0;0;0;0;0;0;0;0;0;0;0;0;0;0;0;0;0;0;0;1;7.06;1;0;0;19;8;2;14.13;2;0;0;0;1 minute;0;0;0;0;42%;0;0
