Adam-1251;4239;0;43;1;7;40;12%;90;8;4;0;15,981;293.42;1,115;460;320;5.87;875;16;35;50;0.91;7;2;0.15;0;1;0;17;0.31;3;14;0;0;0;532,552;9,778;18,227;7,720;2;0;0;0;8;0;11;4;0.07;1;0;0;0;0;0;17;0.31;4;35:28;00:39;02:36;772;14;30;565;10.37;25;34,541;0.89;1,415;0;0;0;2,524;714;1;0.01;1;0;--;01:48:07;0;0;0;28%;100%;100%
Adameve-11380;3410;0;3;0;1;17;5%;2;1;1;0;812;18.39;140;100;386;8.74;751;17;35;3;0.06;1;1;0;0;1;0;1;0.02;1;23;44;2;19;423,121;9,588;13,007;7,143;1;0;0;57;8;34;15;0;0;0;0;0;0;0;0;0;0;0;18:19;00:24;01:17;331;8;15;365;8.27;11;33,305;1.01;1,213;0;0;0;156;39;0;0;0;0;9 hours;43:47;0;0;0;25%;100%;43%
Akimoto-3310;3063;0;29;2;5;6;10%;36;12;5;0;7,333;491.51;1,645;894;110;7.37;267;18;29;31;2.07;5;3;0.28;0;0;0;6;0.4;1;7;15;0;8;148,490;9,953;12,027;6,604;3;0;0;24;5;12;7;1;0.06;1;0;0;0;0;0;8;0.53;2;10:15;00:41;01:13;115;8;14;133;8.91;15;11,821;1.1;1,127;0;0;0;1,084;328;1;0.06;1;0;2 hours;29:29;0;0;2;30%;77%;55%
AnalNoob-1185;2462;0;0;0;0;0;0;0;0;0;0;0;0;0;0;1;6.46;1;6;1;0;0;0;0;0;0;0;0;0;0;0;0;0;0;0;4,412;28,507;4,412;4,448;0;0;0;0;0;0;0;0;0;0;0;0;0;0;0;0;0;0;00:01;00:11;00:01;0;0;0;1;6.46;1;414;2.69;414;0;0;0;0;0;0;0;0;0;2 minutes;0;0;0;0;0;0;0
applejuice69-11392;0;0;7;2;6;1;19%;22;12;4;0;2,579;751.02;1,963;600;36;10.48;88;26;19;7;2.03;6;2;0.19;0;1;0;3;0.87;2;1;3;0;2;50,586;14,733;13,403;7,916;2;0;0;4;1;3;1;1;0.29;1;0;0;0;0;0;2;0.58;2;03:49;01:06;00:50;46;13;13;38;11.06;12;5,739;1.81;1,812;0;0;0;303;111;1;0.29;1;0;52 minutes;05:50;0;0;0;36%;12%;59%
arbiterlin-1178;2685;0;0;0;0;1;0;0;0;0;0;0;0;0;0;4;5.39;14;19;10;0;0;0;0;0;0;0;0;0;0;0;0;1;0;1;6,162;8,311;3,804;3,267;0;0;0;1;0;1;0;0;0;0;0;0;0;0;0;0;0;0;00:14;00:19;00:08;9;12;6;5;6.74;4;591;1.2;435;0;0;0;0;0;0;0;0;0;8 minutes;0;0;0;0;0;0;75%
Artificial-11535;2856;0;0;0;0;0;0;0;0;0;0;0;0;0;0;1;2.21;7;15;7;0;0;0;0;0;0;0;0;0;0;0;0;0;0;0;2,635;5,831;2,635;1,433;0;0;0;0;0;0;0;0;0;0;0;0;0;0;0;0;0;0;0;0;0;1;2;1;1;2.21;1;153;0.77;153;0;0;0;1;0;0;0;0;0;3 minutes;0;0;0;0;0;0;0
BabyYukiko-6692;3461;0;7;1;3;3;2%;3;2;2;0;2,495;460.63;888;711;29;5.35;107;20;22;8;1.47;3;2;0.27;0;0;0;3;0.55;2;1;5;0;4;53,543;9,883;10,261;4,604;2;0;0;6;0;4;2;0;0;0;0;0;0;0;0;4;0.73;1;05:06;00:56;01:20;111;20;32;30;5.53;5;5,015;1.29;1,039;0;0;0;311;129;1;0.18;1;0;1 hour;02:13;0;0;1;41%;67%;77%
Badger-1688;3050;0;0;0;0;0;0;0;0;0;0;120;74.85;120;60;4;2.49;3;2;3;0;0;0;0;0;0;0;0;0;0;0;0;0;0;0;6,438;4,016;6,438;2,265;0;0;0;0;0;1;0;0;0;0;0;0;0;0;0;0;0;0;00:12;00:07;00:12;4;2;4;8;4.99;8;703;1.43;703;0;0;0;105;6;0;0;0;0;8.8934510005638 seconds;00:20;0;0;0;5%;0;0
BluStar-2121;57;0;23;1;4;11;12%;34;11;6;0;6,161;201.85;1,043;663;332;10.87;651;21;33;27;0.88;4;2;0.08;0;1;0;7;0.22;3;0;31;0;17;349,029;11,434.24;15,116;6,488;2;0;0;47;7;23;17;3;0.09;1;0;0;0;0;0;11;0.36;1;28:18;00:55;01:52;166;5;17;257;8.41;13;30,327;0;2,220;0;0;0;0;0;0;0;0;1;7 hours;01:24:59;0;0;0;20%;0;54%
Bobosa-3106;0;0;9;1;2;6;11%;36;10;7;0;6,354;363.29;1,079;576;134;7.66;255;15;33;9;0.51;2;1;0.06;0;0;0;5;0.28;1;8;17;1;8;141,105;8,068;10,855;4,658;1;0;0;23;5;10;9;1;0.05;1;0;0;0;0;0;1;0.05;1;08:55;00:30;01:41;97;6;10;141;8.06;17;8,738;0.73;824;0;0;0;874;302;2;0.11;1;0;3 hours;09:51;0;0;0;34%;50%;44%
buff4eyes-1647;45;0;6;3;4;0;16%;13;7;5;0;1,770;892.6;990;480;28;14.11;11;6;5;6;3.02;4;2;0.21;0;2;0;2;1;1;0;2;0;1;12,494;6,298.92;6,764;3,071;2;0;0;3;2;1;0;0;0;0;0;0;0;0;0;0;0;0;00:26;00:13;00:06;8;4;3;2;1;2;1,627;0;797;0;0;0;0;0;0;0;0;0;25 minutes;0;0;0;0;31%;0;46%
BUR1X-2303;4034;0;40;2;6;11;12%;44;6;3;0;7,710;322.4;770;530;130;5.43;336;14;28;42;1.75;6;4;0.32;0;1;0;8;0.33;1;3;24;0;21;192,414;8,047;13,960;4,258;4;0;0;30;1;19;10;2;0.08;1;0;0;0;0;0;13;0.54;3;17:35;00:44;02:15;391;16;29;194;8.11;14;13,217;0.8;1,155;0;0;0;1,662;340;1;0.04;1;0;4 hours;45:04;0;0;2;20%;53%;89%
burii-11667;0;0;0;0;0;0;0;0;0;0;0;40;185.87;40;40;3;13.94;5;23;5;0;0;0;0;0;0;0;0;0;0;0;0;0;0;0;2,441;11,345;2,441;1,121;0;0;0;0;0;0;0;0;0;0;0;0;0;0;0;0;0;0;00:04;00:21;00:04;0;0;0;2;9.29;2;305;1.71;305;0;0;0;12;2;0;0;0;0;2 minutes;0;0;0;0;16%;0;0
cacaron-1244;3164;0;1;2;1;0;4%;2;2;1;0;901;1,710.12;861;796;6;11.38;2;4;2;1;1.89;1;1;0.16;0;0;0;1;1.89;1;1;1;0;0;5,404;10,253;3,392;1,368;1;0;0;1;1;0;0;0;0;0;0;0;0;0;0;0;0;0;00:09;00:18;00:07;0;0;0;7;13.28;4;553;1.32;325;0;0;0;136;50;0;0;0;0;6 minutes;0;0;0;0;36%;0;0
Calvin-1337;4187;0;5;3;4;0;22%;11;6;6;0;1,309;757.99;611;456;17;9.84;31;18;13;6;3.47;4;4;0.35;0;0;0;1;0.57;1;1;2;0;1;15,658;9,067;7,265;1,701;4;0;0;1;0;1;1;0;0;0;0;0;0;0;0;4;2.31;3;01:53;01:05;00:44;17;10;13;25;14.47;10;1,289;0.89;757;0;0;0;174;48;0;0;0;0;24 minutes;04:56;0;0;0;27%;0;46%
Capriccioso-1214;42;0;10;2;4;0;12%;20;8;7;0;3,777;727.66;1,007;1,085;39;7.51;68;13;16;10;1.92;4;3;0.25;0;0;0;3;0.57;2;0;5;0;1;33,199;6,395.53;7,741;3,011;3;0;0;8;2;5;2;0;0;0;3;0.57;3;0;0;2;0.38;1;02:36;00:30;01:03;8;2;6;29;5.58;6;4,052;0;898;0;0;0;0;0;3;0.57;3;0;45 minutes;14:04;13;2.5;0;32%;0;27%
CaptainEVS-1315;80;0;7;2;4;1;10%;9;5;4;0;1,886;506.66;1,218;698;50;13.43;62;17;22;7;1.88;4;2;0.14;0;0;0;1;0.26;1;0;4;0;2;40,671;10,925.78;11,804;4,708;2;0;0;8;4;2;3;0;0;0;0;0;0;0;0;1;0.26;1;03:18;00:53;01:42;15;4;4;48;12.89;15;3,654;0;1,196;0;0;0;0;0;0;0;0;0;56 minutes;18:06;0;0;0;29%;0;57%
CERT-3809;2539;0;63;6;10;3;7%;45;7;4;0;13,683;1,290.81;1,873;1,105;77;7.26;163;15;20;66;6.22;10;7;0.85;0;0;0;24;2.26;5;5;11;1;5;114,853;10,835;14,979;5,005;7;0;0;20;7;12;2;4;0.37;1;0;0;0;0;0;22;2.07;3;05:30;00:31;01:30;68;6;10;92;8.67;11;11,528;1.48;1,914;0;0;0;2,650;596;4;0.37;1;0;2 hours;19:30;0;0;0;22%;75%;49%
clockwise-11369;3706;0;0;0;0;0;0;0;0;0;0;0;0;0;0;7;10.62;13;20;12;0;0;0;0;0;0;0;0;0;0;0;0;1;0;1;9,323;14,156;7,902;3,697;0;0;0;1;0;1;1;0;0;0;0;0;0;0;0;0;0;0;00:15;00:23;00:13;9;14;8;9;13.66;8;916;1.58;907;0;0;0;23;0;0;0;0;0;9 minutes;05:54;0;0;0;0;0;83%
Cobrastyles-1994;2681;0;1;2;1;0;14%;3;3;2;0;496;941.64;496;180;6;11.38;5;9;5;1;1.89;1;1;0.16;0;0;0;1;1.89;1;1;1;0;0;5,253;9,970;5,253;2,127;1;0;0;1;0;0;1;0;0;0;0;0;0;0;0;0;0;0;00:32;01:02;00:32;2;4;2;5;9.48;5;614;1.58;614;0;0;0;67;21;0;0;0;0;6 minutes;00:19;0;0;0;31%;0;0
CoffeeJelly-11718;0;0;0;0;0;0;0;0;0;0;0;0;0;0;0;4;11.33;8;23;8;0;0;0;0;0;0;0;0;0;0;0;0;0;0;0;6,557;18,588;6,557;2,951;0;0;0;1;1;0;0;0;0;0;0;0;0;0;0;0;0;0;00:28;01:20;00:28;2;6;2;5;14.17;5;685;1.8;685;0;0;0;3;0;0;0;0;0;6 minutes;0;0;0;0;0;0;0
Cohias-1934;3115;0;3;1;2;1;6%;1;1;1;0;314;118.4;160;160;27;10.18;72;27;40;3;1.13;2;2;0.11;0;0;0;1;0.37;1;1;3;0;2;35,190;13,270;19,786;3,252;2;0;0;5;3;2;1;0;0;0;0;0;0;0;0;3;1.13;2;05:11;01:57;02:26;42;16;30;26;9.8;12;3,428;1.48;1,813;0;0;0;85;16;0;0;0;0;38 minutes;04:06;0;0;0;18%;50%;67%
cowbama-4260;2598;0;0;0;0;0;16%;5;5;4;0;685;740.58;685;430;8;8.64;9;10;9;0;0;0;0;0;0;0;0;0;0;0;0;1;0;1;9,946;10,753;8,359;2,775;0;0;0;1;0;1;0;0;0;0;0;0;0;0;0;0;0;0;00:34;00:37;00:32;0;0;0;6;6.48;6;974;1.66;902;0;0;0;93;31;0;0;0;0;9 minutes;00:30;0;0;0;33%;33%;92%
CRA2YDOG-3822;2743;0;0;0;0;0;0;0;0;0;0;0;0;0;0;4;11.52;1;3;1;0;0;0;0;0;0;0;0;0;0;0;0;0;0;0;3,003;8,649;3,003;1,548;0;0;0;1;0;1;0;0;0;0;0;0;0;0;0;0;0;0;00:00;00:02;00:00;2;6;2;2;5.76;2;209;0.85;209;0;0;0;0;0;0;0;0;0;4 minutes;0;0;0;0;0;0;0
Crazdog-3857;2820;0;7;4;3;0;14%;27;14;9;0.01;4,119;2,086.28;1,672;621;19;9.62;39;20;22;7;3.54;3;1;0.36;0;0;0;3;1.51;1;1;2;0;1;15,417;7,810;6,429;3,209;1;0;0;2;0;0;2;1;0.5;1;0;0;0;0;0;3;1.51;2;01:49;00:55;00:54;18;9;14;10;5.06;5;832;0.54;509;0;0;0;480;182;0;0;0;0;25 minutes;00:00;0;0;0;37%;48%;50%
Dark-15913;3265;0;0;0;0;0;0;0;0;0;0;0;0;0;0;5;11.3;5;11;5;0;0;0;0;0;0;0;0;0;0;0;0;0;0;0;4,438;10,034;4,185;2,752;0;0;0;2;0;0;1;0;0;0;0;0;0;0;0;0;0;0;00:03;00:06;00:03;2;5;2;2;4.52;2;205;0.54;205;0;0;0;0;0;0;0;0;0;6 minutes;0;0;0;0;0;0;0
Darkaz-6141;3705;0;5;1;3;2;5%;5;2;2;0;2,028;554.02;800;560;25;6.83;44;12;16;5;1.36;3;1;0.2;0;0;0;1;0.27;1;1;0;0;0;31,554;8,622;7,810;3,936;1;0;0;0;0;0;0;0;0;0;0;0;0;0;0;2;0.54;1;01:19;00:21;00:31;17;5;9;38;10.38;9;2,322;0.83;566;0;0;0;8;96;0;0;0;0;--;05:46;0;0;0;24%;38%;100%
delave-1113;4000;0;0;0;0;0;0;0;0;0;0;0;0;0;0;1;8.6;4;34;4;0;0;0;0;0;0;0;0;0;0;0;0;0;0;0;1,216;10,462;1,216;1,216;0;0;0;0;0;0;0;0;0;0;0;0;0;0;0;0;0;0;00:23;03:23;00:23;8;69;8;2;17.2;2;427;3.48;427;0;0;0;0;0;0;0;0;0;2 minutes;0;0;0;0;0;0;0
DERPGUYZ-1495;2481;0;72;10;19;4;9%;71;21;12;0.01;15,747;2,163.62;4,001;1,828;69;9.48;105;14;33;72;9.89;19;6;1.04;0;0;0;21;2.88;6;2;7;1;4;64,170;8,817;17,953;3,703;6;0;0;18;7;8;4;0;0;0;0;0;0;3;1;35;4.8;15;12:03;01:39;04:26;4;1;4;45;6.18;12;6,950;1.35;2,125;0;0;0;2,366;764;3;0.41;2;0;1 hour;17:21;0;0;3;32%;40%;54%
DerpHead-3508;2487;0;0;0;0;0;25%;1;1;1;0;100;147.09;80;80;11;16.18;10;15;4;0;0;0;0;0;0;1;0;0;0;0;1;1;0;0;6,466;9,511;2,844;1,420;0;0;0;1;1;0;0;0;0;0;0;0;0;0;0;0;0;0;00:27;00:40;00:15;3;4;2;3;4.41;1;412;0.8;179;0;0;0;33;4;0;0;0;0;8 minutes;0;0;0;0;12%;37%;0
DevjlCloudVN-1911;3102;0;8;5;4;0;13%;16;8;6;0.01;2,753;1,578.59;1,191;955;16;9.17;28;16;14;8;4.58;4;2;0.5;0;0;0;2;1.14;1;0;2;0;2;15,948;9,145;6,279;3,899;2;0;0;2;0;0;1;0;0;0;0;0;0;0;0;1;0.57;1;01:53;01:05;00:57;5;3;3;7;4.01;4;2,999;2.3;1,199;0;0;0;321;123;1;0.57;1;1;21 minutes;0;0;0;1;38%;0;100%
doGsInaT-1838;3173;0;6;3;3;0;10%;5;2;2;0;1,092;498.92;550;280;9;4.11;32;15;14;7;3.19;4;3;0.77;0;0;0;2;0.91;1;1;2;0;2;12,192;5,568;5,601;1,979;3;0;0;2;0;1;0;0;0;0;0;0;0;0;0;4;1.82;3;00:53;00:24;00:20;28;13;14;13;5.93;6;1,359;1.19;607;0;0;0;132;47;0;0;0;0;18 minutes;01:17;0;0;0;35%;51%;68%
Doubted-11183;3492;0;2;1;2;1;20%;2;2;2;0;228;92.64;228;228;11;4.47;58;24;17;2;0.81;2;2;0.18;0;0;0;2;0.81;2;0;2;0;2;18,156;7,388;6,708;2,489;2;0;0;2;0;1;1;0;0;0;0;0;0;0;0;0;0;0;03:06;01:16;00:59;32;13;16;16;6.51;8;2,139;1.34;800;0;0;0;144;10;1;0.4;1;0;26 minutes;04:38;0;0;0;6%;31%;96%
Dream-22655;0;0;6;4;5;0;9%;5;3;2;0;1,126;668.83;607;340;9;5.34;14;8;12;6;3.56;5;3;0.66;0;0;0;2;1.18;1;2;2;0;0;11,978;7,114;8,938;3,007;3;0;0;4;2;2;0;0;0;0;0;0;0;0;0;1;0.59;1;00:30;00:18;00:26;6;4;5;6;3.56;5;1,086;1.18;840;0;0;0;254;52;0;0;0;0;15 minutes;01:04;0;0;0;20%;35%;0
Drewbiez-6476;66;0;0;0;0;0;0;0;0;0;0;0;0;0;0;6;17.3;5;14;5;0;0;0;0;0;0;0;0;0;0;0;0;0;0;0;4,681;13,504;4,681;1,637;0;0;0;0;0;0;0;0;0;0;0;0;0;0;0;0;0;0;00:23;01:06;00:23;3;9;3;3;8.65;3;106;0.27;106;0;0;0;0;0;0;0;0;0;6 minutes;0;0;0;0;0;0;0
Edude13-1114;2202;0;29;2;5;6;6%;55;14;13;0;17,243;1,025.94;2,975;1,345;149;8.86;237;14;28;29;1.72;5;3;0.19;0;1;0;8;0.47;3;7;17;2;8;148,034;8,808;15,899;5,454;3;0;0;22;4;8;10;1;0.05;1;0;0;0;0;0;17;1.01;4;13:19;00:47;02:07;55;3;11;139;8.27;14;15,744;1.22;1,889;0;0;0;2,958;839;3;0.17;3;1;3 hours;31:56;0;0;6;28%;55%;48%
Elir-11927;69;0;1;0;1;1;8%;7;3;3;0;1,750;468.36;505;360;41;10.97;65;17;15;1;0.26;1;1;0.02;0;0;0;1;0.26;1;0;0;0;0;34,077;9,120.24;9,824;2,315;1;0;0;0;1;0;0;0;0;0;0;0;0;0;0;1;0.26;1;03:58;01:03;01:12;33;9;11;37;9.9;10;3,634;0;1,443;0;0;0;0;0;0;0;0;0;--;10:48;0;0;0;36%;0;100%
ende-3181;2191;0;4;1;3;0;6%;4;2;1;0;1,199;224.09;399;207;48;8.97;72;13;17;4;0.74;3;1;0.08;0;0;0;1;0.18;1;4;5;0;1;52,899;9,887;12,123;3,996;1;0;0;7;1;3;3;0;0;0;0;0;0;0;0;2;0.37;1;06:09;01:09;01:44;86;16;21;36;6.72;10;5,275;1.17;1,118;0;0;0;231;58;0;0;0;0;1 hour;00:02;0;0;0;25%;41%;27%
EquarTix-2371;64;0;9;16;9;0;29%;17;17;5;0;1,419;2,475.03;1,419;519;6;10.46;9;16;7;9;15.69;9;4;1.5;0;0;0;4;6.97;4;0;1;0;0;5,332;9,298;4,145;2,300;4;0;0;2;1;1;1;0;0;0;0;0;0;0;0;4;6.97;4;00:17;00:29;00:08;15;26;13;12;20.92;8;582;0;580;0;0;0;0;0;1;1.74;1;0;10 minutes;00:33;0;0;0;34%;0;0
EunBi-11601;3000;0;8;1;3;11;8%;9;3;3;0;2,338;201.73;582;290;88;7.59;225;19;29;8;0.69;3;2;0.09;0;1;0;4;0.34;1;4;12;0;8;124,268;10,721;14,884;6,482;2;0;0;15;2;12;2;0;0;0;0;0;0;0;0;6;0.51;2;08:43;00:45;01:53;104;9;15;77;6.64;11;12,413;1.6;1,652;0;0;0;339;111;0;0;0;0;2 hours;03:23;0;0;1;32%;54%;64%
eXile1cK-1643;2867;0;13;1;3;4;7%;26;7;5;0;6,940;584.36;815;700;110;9.26;154;13;18;13;1.09;3;2;0.11;0;1;0;4;0.33;1;4;12;1;8;108,305;9,119;10,544;5,607;2;0;0;14;4;6;4;0;0;0;0;0;0;0;0;5;0.42;1;10:11;00:51;01:44;133;11;29;91;7.66;11;9,987;1.05;1,191;0;0;0;1,771;330;1;0.08;1;0;2 hours;04:37;0;0;0;18%;39%;63%
Faith-1102;50;0;1;1;1;0;12%;5;3;3;0;745;984.08;420;400;7;9.24;11;15;10;1;1.32;1;1;0.14;0;0;0;0;0;0;0;1;0;1;4,582;6,052.01;2,095;1,883;1;0;0;3;1;1;1;0;0;0;0;0;0;0;0;1;1.32;1;00:17;00:23;00:15;0;0;0;3;3.96;2;597;0;302;0;0;0;0;0;0;0;0;0;7 minutes;00:16;0;0;0;29%;0;71%
fighteR-2604;63;0;11;2;3;3;9%;13;5;3;0;2,856;456.78;606;305;53;8.47;149;24;38;13;2.07;3;2;0.24;0;0;0;5;0.79;2;0;6;0;4;60,906;9,740.43;9,236;5,742;0;0;0;9;1;3;5;1;0;1;0;0;0;0;0;3;0.47;1;05:24;00:51;00:59;26;4;7;61;9.75;12;5,367;0;2,425;0;0;0;0;0;1;0.15;1;0;1 hour;07:27;0;0;0;25%;0;68%
FongBi-1515;2655;0;0;0;0;0;50%;1;1;1;0;50;131.7;50;50;4;10.53;7;18;4;0;0;0;0;0;0;0;0;0;0;0;0;0;0;0;4,775;12,579;3,831;2,480;0;0;0;1;0;1;0;0;0;0;0;0;0;0;0;0;0;0;00:03;00:10;00:03;3;8;2;4;10.53;4;797;2.65;579;0;0;0;2;2;0;0;0;0;4 minutes;0;0;0;0;100%;0;0
Forsak3n-2206;75;0;9;3;4;1;19%;15;6;3;0;1,700;564.46;435;320;23;7.63;48;16;13;9;2.98;4;4;0.39;0;0;0;3;0.99;2;0;3;0;2;22,200;7,372.69;5,508;3,519;0;0;0;5;1;2;1;1;0;1;0;0;0;0;0;1;0.33;1;00:26;00:08;00:09;51;17;21;20;6.64;6;3,433;0;1,193;0;0;0;0;0;1;0.33;1;0;35 minutes;01:02;0;0;0;28%;0;51%
Freello-1459;57;0;0;0;0;1;0;0;0;0;0;0;0;0;0;6;7.79;3;4;3;0;0;0;0;0;0;0;0;0;0;0;0;1;0;1;5,898;7,662.92;5,898;1,678;0;0;0;1;0;1;0;0;0;0;0;0;0;0;0;0;0;0;00:20;00:27;00:20;0;0;0;9;11.69;9;363;0;363;0;0;0;0;0;0;0;0;0;7 minutes;03:15;0;0;0;0;0;100%
Frostnium-1430;2424;0;2;1;1;0;15%;3;3;3;0;409;218.97;249;189;18;9.64;26;14;10;2;1.07;1;1;0.11;0;0;0;1;0.53;1;1;2;0;1;20,779;11,138;8,082;3,509;1;0;0;3;1;1;2;0;0;0;0;0;0;0;0;0;0;0;01:47;00:57;01:38;14;8;5;18;9.64;8;2,272;1.58;936;0;0;0;79;20;0;0;0;0;23 minutes;01:48;0;0;0;25%;100%;31%
Frosty-3647;3980;0;0;0;0;0;0;0;0;0;0;40;44.28;40;40;7;7.74;13;14;7;0;0;0;0;0;0;0;0;0;0;0;0;1;0;1;8,421;9,322;6,156;2,287;0;0;0;2;2;1;0;0;0;0;0;0;0;0;0;0;0;0;00:07;00:08;00:07;15;17;9;4;4.42;4;453;0.55;298;0;0;0;14;2;0;0;0;0;13 minutes;0;0;0;0;14%;14%;100%
Fulena-1606;3613;0;0;0;0;0;14%;2;2;2;0.03;2,185;23,776.34;2,185;2,185;1;10.88;7;46;7;1;10.88;1;1;1;0;0;0;1;10.88;1;0;0;0;0;1,384;9,072;1,384;1,384;1;0;0;0;0;0;0;0;0;0;0;0;0;0;0;0;0;0;00:00;00:05;00:00;1;7;1;2;13.11;2;107;0.7;107;0;0;0;2;14;0;0;0;0;21.48225799947977 seconds;0;0;0;0;29%;29%;16%
gacchi-11980;2411;0;0;0;0;0;0;0;0;0;0;155;128.32;155;155;4;3.31;13;11;13;0;0;0;0;0;0;0;0;0;0;0;0;1;0;1;7,034;5,823;6,556;2,960;0;0;0;1;0;0;1;0;0;0;0;0;0;0;0;0;0;0;00:29;00:24;00:29;15;12;15;4;3.31;4;140;0.24;85;0;0;0;26;8;0;0;0;0;9 minutes;01:42;0;0;0;30%;30%;82%
Galactic-21329;47;0;0;0;0;0;0;0;0;0;0;20;139.06;20;20;2;13.9;2;14;2;0;0;0;0;0;0;0;0;0;0;0;0;0;0;0;1,630;11,333.66;1,630;1,194;0;0;0;0;0;0;0;0;0;0;0;0;0;0;0;0;0;0;0;0;0;1;7;1;1;6.95;1;43;0;43;0;0;0;0;0;0;0;0;0;2 minutes;0;0;0;0;50%;0;100%
Gibo-11904;3625;0;1;1;1;1;0;0;0;0;0;20;11.81;20;20;17;10.04;44;26;20;1;0.59;1;1;0.05;0;1;0;0;0;0;0;2;1;1;25,409;15,007;11,029;4,111;1;0;0;2;0;1;1;0;0;0;0;0;0;0;0;0;0;0;01:28;00:52;00:46;12;7;4;15;8.85;8;2,264;1.39;917;0;0;0;23;1;0;0;0;0;27 minutes;0;0;0;0;4%;5%;38%
GluhenRose-1558;2639;0;17;2;6;5;5%;5;2;2;0;1,941;239.31;620;360;53;6.53;111;14;17;17;2.09;6;3;0.32;0;0;0;5;0.61;2;4;8;1;4;75,114;9,259;13,690;4,734;3;0;0;8;0;7;1;0;0;0;0;0;0;0;0;8;0.98;3;04:47;00:35;00:52;65;8;14;45;5.54;9;10,567;2;2,195;0;0;0;586;96;1;0.12;1;0;1 hour;00:05;0;0;0;16%;17%;48%
GoDLuci-1127;3686;0;22;2;4;4;9%;25;6;3;0;5,595;534.94;1,017;560;98;9.37;146;14;16;22;2.1;4;4;0.22;0;0;0;5;0.47;1;7;10;0;3;85,570;8,182;84;6,109;4;0;0;12;2;5;5;0;0;0;0;0;0;0;0;8;0.76;2;05:24;00:31;01:01;43;4;12;71;6.78;8;7,753;1.07;891;0;0;0;833;275;0;0;0;0;2 hours;11:13;0;0;1;33%;53%;31%
Gods-1217;4059;0;1;1;1;0;3%;1;1;1;0;680;521.9;540;400;8;6.14;21;16;13;1;0.76;1;1;0.12;0;0;0;0;0;0;1;1;0;1;11,094;8,514;5,912;1,762;1;0;0;1;0;1;0;0;0;0;0;0;0;0;0;0;0;0;00:52;00:39;00:30;18;14;12;12;9.21;6;763;0.86;479;0;0;0;102;33;0;0;0;0;14 minutes;02:40;0;0;0;32%;39%;59%
Goosen-21913;2723;0;59;1;5;40;22%;172;14;10;0;18,740;242.92;1,303;849;570;7.38;1,141;15;37;59;0.76;5;3;0.1;0;1;0;26;0.33;4;29;77;4;43;777,225;10,075;20,693;8,790;3;0;0;81;6;57;18;4;0.05;1;0;0;0;0;0;16;0.2;2;34:14;00:26;01:39;524;7;19;695;9;21;50,741;0.94;1,276;0;0;0;2,481;755;6;0.07;1;0;14 hours;02:00:44;0;0;1;30%;100%;56%
Graceful-2412;87;0;29;4;5;1;12%;60;13;7;0;10,810;1,542.42;1,605;600;70;9.98;75;11;11;31;4.42;5;2;0.44;0;0;0;12;1.71;3;0;7;0;4;61,156;8,726.01;6,229;5,095;2;0;0;10;2;3;6;5;0.71;2;0;0;0;0;0;6;0.85;2;02:57;00:25;00:48;46;7;8;92;13.12;10;6,633;0;844;0;0;0;0;0;5;0.71;2;0;1 hour;11:59;0;0;0;27%;0;53%
Grifster-21910;57;0;79;3;10;15;9%;68;7;4;0;15,094;633.11;1,306;810;281;11.78;412;17;31;79;3.31;10;4;0.28;0;1;0;28;1.17;5;0;24;0;16;268,052;11,243.62;20,584;4,389;4;0;0;29;3;19;7;1;0.04;1;0;0;0;0;0;32;1.34;5;27:11;01:08;02:26;112;5;16;220;9.22;19;29,954;0;2,397;0;0;0;0;0;2;0.08;1;0;5 hours;01:06:24;0;0;0;30%;0;65%
H4ms-3114;0;0;0;0;0;0;0;0;0;0;0;0;0;0;0;5;10.12;7;14;7;0;0;0;0;0;0;0;0;0;0;0;0;0;0;0;7,033;14,238;7,033;3,291;0;0;0;0;0;0;0;0;0;0;0;0;0;0;0;0;0;0;00:16;00:34;00:16;0;0;0;8;16.19;8;593;1.19;593;0;0;0;0;0;0;0;0;0;8 minutes;0;0;0;0;0;0;100%
Hallowed-11808;2942;0;0;0;0;1;0;0;0;0;0;200;411.14;200;120;2;4.11;11;23;11;1;2.05;1;1;0.5;0;0;0;0;0;0;0;0;0;0;7,135;14,668;7,135;4,535;1;0;0;1;0;0;0;0;0;0;0;0;0;0;0;1;2.05;1;01:22;02:49;01:22;4;8;4;6;12.33;6;939;1.92;939;0;0;0;41;7;0;0;0;0;8 minutes;00:43;0;0;0;17%;17%;100%
Hamnett-3532;0;0;0;0;0;0;0;0;0;0;0;20;48.41;20;20;7;16.94;8;19;8;0;0;0;0;0;0;0;0;0;0;0;0;0;0;0;5,067;12,266;5,067;1,268;0;0;0;1;0;0;1;0;0;0;0;0;0;0;0;0;0;0;00:19;00:46;00:19;5;12;5;4;9.68;4;277;0.72;277;0;0;0;2;1;0;0;0;0;6 minutes;0;0;0;0;50%;0;0
HAVATITE-1990;2718;0;23;1;4;6;8%;33;8;2;0;8,664;417.6;1,035;405;155;7.47;340;16;27;24;1.15;4;2;0.15;0;1;0;5;0.24;3;9;21;2;11;183,985;8,868;6,401;6,896;2;0;0;29;7;12;9;0;0;0;0;0;0;0;0;6;0.28;2;14:11;00:41;01:44;162;8;13;166;8;21;15,367;1.06;1,250;0;0;0;1,382;378;1;0.04;1;0;3 hours;15:43;0;0;0;27%;66%;51%
HEEYA-3357;2300;0;4;0;1;10;3%;5;2;1;0;2,519;112.67;1,176;540;151;6.75;381;17;41;4;0.17;1;1;0.02;0;1;0;3;0.13;1;11;22;1;10;228,664;10,226;17,994;5,648;1;0;0;29;6;16;7;0;0;0;0;0;0;0;0;1;0.04;1;15:11;00:40;01:21;69;3;7;134;5.99;9;23,672;1.65;1,896;0;0;0;519;141;0;0;0;0;3 hours;01:07;0;0;3;27%;77%;46%
HeeYo-11434;2359;0;3;1;1;4;25%;10;4;4;0;1,040;193.3;340;340;41;7.62;85;16;35;3;0.55;1;1;0.07;0;1;0;2;0.37;1;4;5;0;1;57,721;10,728;18,663;3,992;1;0;0;6;0;4;2;0;0;0;0;0;0;0;0;0;0;0;04:10;00:46;02:12;8;1;6;23;4.27;6;5,345;1.61;1,658;0;0;0;257;39;2;0.37;1;0;55 minutes;00:02;0;0;0;15%;21%;18%
HeyKatie-1413;3644;0;18;2;6;4;12%;35;12;6;0;7,693;874.8;1,980;1,220;82;9.32;169;19;34;18;2.04;6;3;0.21;0;1;0;2;0.22;1;2;9;0;7;78,831;8,964;12,590;4,404;3;0;0;10;2;6;2;0;0;0;0;0;0;0;0;5;0.56;2;04:56;00:33;01:06;42;5;8;48;5.45;11;5,456;0.84;994;0;0;0;1,231;291;0;0;0;0;1 hour;04:20;0;0;0;23%;39%;82%
HolynoshuryX-6110;2263;0;2;0;1;1;2%;3;1;1;0;378;5,234.86;378;378;2;27.73;79;12;20;1;13.86;1;1;0.5;0;0;0;1;13.86;1;0;0;1;1;59,896;9,172;7,363;2,999;1;0;0;0;0;0;2;0;0;0;0;0;0;0;0;1;0.15;1;03:15;00:29;01:25;28;4;7;47;7.19;7;6,650;1.44;1,065;0;0;0;24;4;0;0;0;0;49.563204982317984 seconds;06:52;0;0;4;16%;39%;10%
Hoon-31856;4366;0;10;12;6;0;15%;16;14;10;0.04;2,310;2,851.44;1,391;760;5;6.17;1;1;1;10;12.34;6;4;2;0;1;0;7;8.63;4;0;1;1;0;1,702;2,100;1,296;1,061;4;0;0;2;2;0;1;0;0;0;0;0;0;0;0;0;0;0;00:01;00:02;00:01;1;1;1;2;2.46;1;690;1.74;467;0;0;0;276;106;5;6.17;3;0;6 minutes;0;0;0;7;38%;0;0
hoshimichan-1316;72;0;4;4;4;0;10%;6;5;4;0;125;10,046.09;125;125;12;11.97;40;40;31;4;3.99;4;2;0.33;0;0;0;0;0;0;1;0;0;0;15,746;15,709;8,850;3,104;2;0;0;0;0;0;1;0;0;0;0;0;0;0;0;2;1.99;2;00:43;00:43;00:36;4;4;3;17;16.96;13;1,788;1.31;788;0;0;0;7;1;0;0;0;0;9.791846998035908 seconds;00:54;0;0;0;14%;32%;100%
Hossy-11899;2833;0;12;3;4;0;9%;14;6;6;0;2,728;617.81;620;435;34;7.69;58;13;8;12;2.71;4;4;0.35;0;0;0;4;0.9;1;2;4;0;3;29,677;6,720;4,021;2,295;4;0;0;7;2;1;4;0;0;0;0;0;0;3;1;7;1.58;4;03:29;00:47;01:24;24;5;7;31;7.01;5;2,349;0.69;582;0;0;0;503;145;0;0;0;0;56 minutes;04:38;0;0;0;28%;57%;57%
HotLaps-1110;0;0;2;1;2;0;0;0;0;0;0;180;116;180;180;3;1.93;15;10;6;2;1.28;2;2;0.66;0;0;0;0;0;0;0;2;0;1;9,676;6,236;4,149;2,472;2;0;0;2;0;2;0;0;0;0;0;0;0;0;0;0;0;0;00:06;00:04;00:03;8;5;6;4;2.57;2;695;0.95;321;0;0;0;39;9;0;0;0;0;12 minutes;0;0;0;0;23%;23%;69%
Hunterhyde-1159;2701;0;38;3;5;3;9%;52;9;6;0;11,894;817.22;1,169;818;134;9.2;206;14;27;39;2.67;5;3;0.29;0;0;0;13;0.89;2;8;15;0;7;116,201;7,984;10,074;3,825;3;0;0;15;1;6;8;4;0.27;1;0;0;0;0;0;12;0.82;2;08:22;00:34;01:15;154;11;19;119;8.17;16;12,117;1.11;1,347;0;0;0;1,707;540;3;0.2;1;0;3 hours;14:40;0;0;0;31%;56%;46%
Hymalaya-1507;1698;0;7;0;3;5;7%;12;4;3;0;3,280;159.03;1,115;380;177;8.58;222;11;49;7;0.33;3;2;0.03;0;0;0;3;0.14;1;13;21;1;6;143,862;6,975;9,113;5,936;2;0;0;22;3;10;9;0;0;0;0;0;0;0;0;3;0.14;2;12:40;00:36;02:31;154;7;39;93;4.5;9;15,713;1.11;1,911;0;0;0;597;155;2;0.09;1;0;3 hours;04:15;0;0;0;25%;46%;30%
Hyper-1157;3921;0;2;1;1;1;19%;4;4;4;0;499;200.9;479;479;9;3.62;31;12;16;2;0.8;1;1;0.22;0;0;0;0;0;0;1;2;0;2;18,826;7,582;8,778;2,967;1;0;0;2;0;1;1;0;0;0;0;0;0;0;0;2;0.8;1;00:54;00:21;00:24;34;14;17;24;9.66;10;1,602;1.04;813;0;0;0;79;21;0;0;0;0;25 minutes;00:22;0;0;0;26%;0;78%
IANBOT-11988;2823;0;4;2;2;1;9%;5;3;2;0;1,211;618.6;440;310;15;7.66;31;16;17;4;2.04;2;1;0.26;0;0;0;1;0.51;1;1;2;0;0;19,024;9,721;10,628;5,309;1;0;0;3;0;2;1;0;0;0;0;0;0;0;0;3;1.53;2;00:37;00:19;00:16;13;7;5;16;8.17;7;2,023;1.66;1,181;0;0;0;176;52;0;0;0;0;20 minutes;07:03;0;0;0;29%;53%;0
iddqd-2884;84;0;0;0;0;0;0;0;0;0;0;320;876.9;320;280;3;8.22;4;11;4;0;0;0;0;0;0;0;0;0;0;0;0;0;0;0;2,992;8,198.38;2,992;1,925;0;0;0;0;0;0;0;0;0;0;0;0;0;0;0;0;0;0;00:32;01:28;00:32;16;44;16;3;8.22;3;356;0;356;0;0;0;0;0;0;0;0;0;6 minutes;0;0;0;0;19%;0;100%
IMWarMachine-6379;2264;0;6;3;4;0;10%;7;4;2;0;1,483;708.88;848;348;21;10.04;32;15;16;6;2.86;4;3;0.28;0;0;0;1;0.47;1;0;0;0;1;29,653;14,179;12,573;3,585;3;0;0;0;0;0;0;0;0;0;0;0;0;0;0;2;0.95;2;02:04;00:59;01:12;23;11;11;19;9.08;12;3,924;2.43;1,550;0;0;0;185;70;0;0;0;0;4.050105999223888 seconds;00:05;0;0;0;37%;85%;42%
Incognito-1602;72;0;43;3;6;7;10%;68;16;10;0;13,471;1,017.69;2,120;920;171;12.91;294;22;46;43;3.24;6;2;0.25;0;1;0;8;0.6;2;0;13;0;8;164,317;12,413.39;17,198;5,035;2;0;0;18;5;12;1;0;0;0;0;0;0;0;0;14;1.05;4;12:55;00:58;01:45;78;6;15;160;12.08;19;18,877;0;2,313;0;0;0;0;0;1;0.07;1;0;3 hours;50:20;0;0;0;28%;0;63%
inonn-1298;61;0;1;0;1;0;9%;4;2;1;0;882;433.18;635;240;31;15.22;35;17;16;1;0.49;1;1;0.03;0;0;0;1;0.49;1;0;2;0;1;20,104;9,874.05;10,127;2,572;0;0;0;4;0;3;1;0;0;0;0;0;0;0;0;0;0;0;02:28;01:13;02:10;28;14;21;30;14.73;16;2,467;0;1,475;0;0;0;0;0;0;0;0;0;35 minutes;01:59;0;0;0;28%;0;49%
Invision-2363;3901;0;18;3;7;4;16%;19;6;5;0;2,781;454.31;813;350;47;7.67;75;12;15;19;3.1;8;5;0.4;0;0;0;3;0.49;1;3;6;0;3;56,199;9,181;9,505;4,347;5;0;0;8;1;5;2;1;0.16;1;0;0;0;0;0;6;0.98;4;03:43;00:36;01:08;35;6;7;66;10.78;15;4,563;1.14;851;0;0;0;422;114;0;0;0;0;1 hour;18:54;0;0;0;27%;42%;54%
Ithae-1510;52;0;25;1;7;16;7%;24;3;3;0;6,439;304.04;773;773;157;7.41;292;14;26;25;1.18;7;7;0.15;0;0;0;10;0.47;4;0;21;0;15;191,240;9,029.45;12,366;4,832;7;0.24;0;36;8;23;5;1;0.04;1;0;0;0;0;0;12;0.56;3;11:22;00:32;01:14;191;9;17;158;7.46;10;20,244;0;1,584;0;0;0;0;0;1;0.04;1;0;4 hours;22:19;0;0;0;22%;0;70%
JamesLiu-3595;2182;0;3;4;2;0;4%;1;1;1;0;490;575.71;285;265;3;3.52;5;6;3;3;3.52;2;2;1;0;0;0;0;0;0;0;1;0;1;4,408;5,179;2,762;2,762;2;0;0;2;1;0;1;0;0;0;0;0;0;0;0;2;2.34;1;00:09;00:10;00:05;3;4;2;3;3.52;2;383;0.82;235;0;0;0;128;21;0;0;0;0;2.8135950034484267 seconds;0;0;0;0;16%;0;77%
JesseJames-11680;2476;0;97;1;8;28;16%;2;2;1;0;1,574;1,867.83;1,266;828;3;3.56;1,457;13;35;3;3.56;3;2;1;0;9;0;3;3.56;3;0;1;8;0;861,793;7,818;13,275;6,107;2;0;0;1;0;1;0;0;0;0;0;0;0;3;1;44;0.39;7;01:08:19;00:37;01:49;407;4;12;664;6.02;14;83,621;1.1;1,571;0;0;0;173;12;1;0;1;0;7 minutes;01:12:32;0;0;7;6%;13%;57%
JIhooN-31212;2641;0;1;1;1;1;0;0;0;0;0;340;234.78;290;270;12;8.28;30;21;21;1;0.69;1;1;0.08;0;0;0;0;0;0;1;1;0;1;15,148;10,460;8,133;3,417;1;0;0;2;0;1;1;0;0;0;0;0;0;0;0;1;0.69;1;00:35;00:24;00:16;0;0;0;11;7.59;5;899;0.84;296;0;0;0;10;2;0;0;0;0;17 minutes;0;0;0;0;20%;16%;38%
jjlol-11226;52;0;18;1;4;6;5%;1;1;1;0;2,337;16,903.08;2,337;984;3;21.7;254;19;39;18;1.35;4;1;0.12;0;7;0;6;0.45;2;0;0;0;8;117,235;8,838.7;17,198;6,607;1;0;0;0;5;11;0;0;0;0;0;0;0;0;0;8;0.6;2;00:00;00:02;00:00;56;4;16;109;8.21;19;15,514;0;2,184;0;0;0;0;0;2;0.15;1;0;2 minutes;17:29;0;0;0;30%;0;61%
JonnyBI-2703;3137;0;14;1;3;5;12%;47;12;8;0;8,563;477.63;1,785;1,345;176;9.81;310;17;32;14;0.78;3;3;0.07;0;0;0;5;0.27;2;9;18;3;6;183,739;10,248;14,980;4,922;3;0;0;26;8;11;7;0;0;0;0;0;0;0;0;3;0.16;1;12:56;00:43;01:51;121;7;12;155;8.64;12;16,287;1.2;1,456;0;0;0;862;386;2;0.11;1;0;3 hours;26:39;0;0;2;44%;100%;33%
Jorun-6697;3855;0;0;0;0;0;0;0;0;0;0;81;111.39;81;80;5;6.87;7;10;4;0;0;0;0;0;0;0;0;0;0;0;0;1;0;0;6,336;8,713;3,864;2,632;0;0;0;1;0;0;1;0;0;0;0;0;0;0;0;0;0;0;00:04;00:05;00:02;7;10;5;4;5.5;3;469;0.73;293;0;0;0;23;5;0;0;0;0;10 minutes;0;0;0;0;21%;0;49%
KAKI-11832;0;0;0;0;0;0;0;0;0;0;0;20;33.04;20;20;7;11.56;9;15;9;0;0;0;0;0;0;0;0;0;0;0;1;1;0;0;5,128;8,474;5,128;1,139;0;0;0;1;1;0;1;0;0;0;0;0;0;0;0;0;0;0;01:04;01:47;01:04;4;7;4;7;11.56;7;244;0.47;244;0;0;0;7;1;0;0;0;0;8 minutes;0;0;0;0;14%;14%;0
Kalidoscope-1230;2490;0;45;3;6;6;12%;67;11;6;0;11,954;853.83;1,492;1,090;116;8.28;261;19;33;46;3.28;7;3;0.39;0;3;0;11;0.78;3;6;14;0;8;182,122;13,009;20,993;5,909;3;0;0;15;1;11;3;2;0.14;1;0;0;0;0;0;20;1.42;5;14:53;01:03;02:25;171;12;25;158;11.28;26;13,056;1.06;1,395;0;0;0;1,579;535;6;0.42;1;0;3 hours;33:57;0;0;0;33%;44%;57%
Karma-12365;52;0;40;3;7;4;12%;65;14;10;0;11,087;933.24;2,584;669;107;9;169;14;43;40;3.36;7;3;0.37;0;2;0;11;0.92;2;0;12;0;5;111,039;9,347.06;17,393;6,320;3;0;0;18;3;11;4;0;0;0;0;0;0;3;1;16;1.34;3;06:26;00:32;01:11;130;11;40;107;9;15;12,319;0;2,156;0;0;0;0;0;5;0.42;1;0;2 hours;19:28;0;0;0;26%;0;44%
Kay3-2155;69;0;53;2;6;19;15%;75;9;6;0;10,784;460.73;1,084;741;140;5.98;488;21;29;53;2.26;6;3;0.37;0;1;0;17;0.72;3;0;23;0;19;199,020;8,503.22;13,673;6,786;0;0.38;0;29;5;18;6;4;0;1;0;0;0;0;0;15;0.64;4;16:41;00:42;02:23;295;13;23;189;8.07;15;19,607;0;1,733;0;0;0;0;0;0;0;0;0;4 hours;38:13;0;0;0;28%;0;79%
Kefka-11531;4123;0;10;13;10;1;18%;21;21;15;0.07;2,483;3,239.26;2,483;1,638;2;2.6;2;3;2;10;13.04;10;7;5;0;0;0;1;1.3;1;0;1;0;1;1,483;1,934;1,053;531;7;0;0;1;0;1;0;0;0;0;0;0;0;0;0;0;0;0;00:00;00:01;00:00;2;3;1;1;1.3;1;225;0.76;215;0;0;0;432;114;0;0;0;0;4 minutes;0;0;0;0;26%;26%;100%
Kira-1303;64;0;3;1;2;1;22%;5;3;3;0;548;222.47;320;200;16;6.49;52;21;24;3;1.21;2;1;0.18;0;1;0;2;0.81;1;0;2;0;2;30,749;12,476.04;14,792;5,549;1;0;0;5;1;4;0;0;0;0;0;0;0;0;0;0;0;0;03:14;01:18;01:12;26;11;13;32;12.98;17;3,350;0;1,260;0;0;0;0;0;2;0.81;1;0;32 minutes;11:32;0;0;0;23%;0;62%
KJerry-1610;4141;0;0;0;0;0;0;0;0;0;0;0;0;0;0;0;0;5;14;5;0;0;0;0;0;0;0;0;0;0;0;0;0;0;0;1,300;3,621;1,300;1,191;0;0;0;1;1;0;0;0;0;0;0;0;0;0;0;0;0;0;00:03;00:08;00:03;3;8;3;2;5.56;2;83;0.45;83;0;0;0;0;0;0;0;0;0;2 minutes;0;0;0;0;0;0;100%
Klocky-3301;4466;0;1;4;1;0;35%;5;5;5;0.03;380;1,337.95;380;220;1;3.52;1;4;1;1;3.52;1;1;1;0;0;0;1;3.52;1;0;0;0;0;2,302;8,105;2,302;1,990;1;0;0;1;1;0;1;0;0;0;0;0;0;0;0;0;0;0;0;0;0;0;0;0;2;7.04;2;425;2.9;425;0;0;0;28;14;1;3.52;1;0;2 minutes;0;0;0;0;50%;50%;0
KnOxXx-21951;3848;0;2;0;1;3;10%;8;5;5;0;1,663;337.52;710;475;27;5.47;70;14;16;2;0.4;1;1;0.07;0;0;0;0;0;0;1;5;0;3;42,942;8,716;9,164;3,974;1;0;0;8;2;3;2;0;0;0;0;0;0;0;0;1;0.2;1;02:23;00:29;01:02;51;10;11;32;6.49;6;3,135;1.03;630;0;0;0;165;77;0;0;0;0;50 minutes;04:32;0;0;0;46%;61%;69%
KOKFC-1575;3897;0;0;0;0;2;12%;1;1;1;0;180;43.82;160;160;20;4.86;71;17;17;0;0;0;0;0;0;0;0;0;0;0;0;4;0;4;35,022;8,526;9,167;3,855;0;0;0;7;2;4;1;0;0;0;0;0;0;0;0;0;0;0;01:01;00:14;00:37;66;16;22;15;3.65;7;2,065;0.83;753;0;0;0;36;8;0;0;0;0;41 minutes;02:52;0;0;0;22%;12%;100%
Kotani-2471;2612;0;23;3;5;2;10%;29;5;5;0;5,831;731.75;1,319;1,069;67;8.4;132;17;16;23;2.88;5;4;0.34;0;1;0;8;1;2;4;8;1;4;68,485;8,594;7,518;4,011;4;0;0;12;4;2;6;0;0;0;0;0;0;0;0;11;1.38;2;04:42;00:35;01:05;43;5;11;63;7.9;11;5,804;0.89;840;0;0;0;1,175;281;1;0.12;1;0;1 hour;01:54;0;0;1;23%;100%;48%
KwamFun-1860;2633;0;7;2;5;0;11%;14;9;3;0;2,992;982.4;1,126;558;25;8.2;24;8;7;7;2.29;5;3;0.28;0;0;0;2;0.65;2;2;3;0;1;21,508;7,062;4,913;2,969;3;0;0;5;1;2;2;0;0;0;0;0;0;0;0;0;0;0;02:50;00:55;01:45;13;4;7;19;6.23;8;2,484;1.3;576;0;0;0;529;125;0;0;0;0;31 minutes;02:40;0;0;3;23%;21%;34%
KYLE-3141;0;0;55;2;6;5;9%;76;12;5;0;17,213;738.54;2,280;900;248;10.64;374;16;20;55;2.35;6;3;0.22;351,300;1;0;22;0.94;3;11;23;0;12;230,547;9,892;9,840;5,281;3;0;0;33;9;13;11;1;0.04;1;0;0;0;0;0;21;0.9;3;20:13;00:52;01:34;111;5;11;239;10.25;18;26,725;1.4;1,513;0;0;0;2,967;811;7;0.3;2;1;5 hours;01:07:31;0;0;3;27%;75%;53%
Laurie400-1327;31;0;1;2;1;0;10%;4;3;3;0;692;1,691.74;570;285;9;22;2;5;2;1;2.44;1;1;0.11;0;0;0;1;2.44;1;0;0;0;0;2,927;7,155.27;2,018;665;1;0;0;0;0;0;0;0;0;0;0;0;0;0;0;0;0;0;00:16;00:39;00:16;1;2;1;3;7.33;3;284;0;158;0;0;0;0;0;1;2.44;1;0;6 minutes;0;0;0;0;55%;0;0
LazyTitan-33460;4211;0;0;0;0;0;0;0;0;0;0;0;0;0;0;3;20.67;0;0;0;0;0;0;0;0;0;0;0;0;0;0;0;0;0;0;1,249;8,612;1,249;764;0;0;0;1;0;0;0;0;0;0;0;0;0;0;0;0;0;0;00:05;00:36;00:05;3;21;3;3;20.67;3;253;1.79;253;0;0;0;0;0;0;0;0;0;2 minutes;0;0;0;0;0;0;0
LDXLynm-1790;54;0;0;0;0;0;50%;2;2;2;0;120;149.18;120;120;2;2.48;0;0;0;0;0;0;0;0;0;0;0;0;0;0;0;1;0;0;2,452;3,048.38;2,452;1,540;0;0;0;2;1;1;0;0;0;0;0;0;0;0;0;0;0;0;0;0;0;0;0;0;1;1.24;1;351;0;351;0;0;0;0;0;0;0;0;0;3 minutes;0;0;0;0;17%;0;0
Legist-21953;2633;0;5;2;1;0;10%;11;3;3;0;2,339;758.98;1,020;860;36;11.68;53;17;8;5;1.62;1;1;0.13;0;0;0;2;0.64;1;2;3;0;1;26,833;8,706;5,216;2,235;1;0;0;4;1;1;2;0;0;0;0;0;0;0;0;2;0.64;1;00:38;00:12;00:09;10;3;2;22;7.13;4;2,722;1.08;596;0;0;0;426;110;1;0.32;1;0;41 minutes;03:52;0;0;0;25%;100%;35%
LetterE-1468;2930;0;2;1;1;0;10%;1;1;1;0;210;96.04;190;80;17;7.77;27;12;8;2;0.91;1;1;0.11;0;0;0;0;0;0;2;0;0;0;23,216;10,618;7,587;3,548;1;0;0;0;0;2;0;0;0;0;0;0;0;0;0;0;0;0;01:17;00:35;00:31;15;7;5;15;6.86;5;1,868;1.22;639;0;0;0;80;10;0;0;0;0;--;01:33;0;0;0;12%;14%;100%
Lilgho-4319;3766;0;7;1;4;6;16%;12;5;5;0;1,758;210.54;782;742;44;5.26;185;22;40;7;0.83;4;3;0.15;0;1;0;3;0.35;2;1;8;0;7;66,241;7,932;4,898;3,493;3;0;0;11;2;7;3;1;0.11;1;0;0;0;0;0;1;0.11;1;06:34;00:47;01:05;92;11;21;35;4.19;5;5,082;0.98;825;0;0;0;236;71;1;0.11;1;0;1 hour;04:29;0;0;0;30%;59%;82%
Lish-21487;53;926;12;2;3;5;11%;13;4;3;0;2,412;356.46;625;306;69;10.19;137;20;28;12;1.77;3;2;0.17;0;1;0;5;0.73;1;0;7;0;4;75,087;11,099.02;13,315;6,979;2;0;0;12;2;7;3;0;0;0;0;0;0;0;0;6;0.88;3;05:13;00:46;01:17;38;6;14;39;5.76;9;7,503;0;1,417;0;0;0;0;0;2;0.29;1;0;1 hour;10:20;0;0;0;15%;0;53%
LIXU-4794;3497;0;0;0;0;0;0;0;0;0;0;155;616.5;155;115;4;15.9;2;8;2;0;0;0;0;0;0;0;0;0;0;0;0;0;0;0;1,544;6,142;1,544;767;0;0;0;0;0;0;0;0;0;0;0;0;0;0;0;0;0;0;00:29;01:59;00:29;2;8;2;3;11.93;3;119;0.65;119;0;0;0;61;8;0;0;0;0;3 minutes;00:42;0;0;0;13%;13%;0
Logue-1981;2403;0;10;3;6;2;14%;16;6;4;0;2,354;805.82;905;470;27;9.24;45;15;22;10;3.42;6;4;0.37;0;0;0;4;1.36;2;1;3;0;1;24,193;8,283;9,657;3,004;4;0;0;3;1;1;1;0;0;0;0;0;0;0;0;5;1.71;2;02:19;00:47;01:42;21;7;10;16;5.47;8;2,866;1.6;1,425;0;0;0;344;113;1;0.34;1;0;29 minutes;06:29;0;0;0;32%;0;49%
LOVE-34893;3220;0;24;1;7;7;10%;65;11;5;0;12,785;716.63;3,507;1,035;125;7;281;16;27;24;1.34;7;4;0.19;0;0;0;7;0.39;2;11;18;0;7;166,831;9,351;15,673;4,570;4;0;0;19;1;12;7;0;0;0;0;0;0;0;0;12;0.67;6;08:55;00:30;01:06;171;10;20;121;6.78;15;17,702;1.31;2,332;0;0;0;1,902;608;0;0;0;0;3 hours;02:16;0;0;0;31%;66%;40%
LsatGinder-1423;1920;0;0;0;0;0;0;0;0;0;0;0;0;0;0;2;5.2;8;21;8;0;0;0;0;0;0;0;0;0;0;0;0;0;0;0;2,748;7,154;2,748;1,448;0;0;0;1;0;1;0;0;0;0;0;0;0;0;0;0;0;0;00:02;00:06;00:02;1;3;1;3;7.8;3;349;1.95;349;0;0;0;0;0;0;0;0;0;2 minutes;0;0;0;0;0;0;0
Luxyne-1720;3380;0;5;0;2;6;10%;8;5;5;0;1,715;135.74;470;370;116;9.18;215;17;33;7;0.55;2;1;0.06;0;0;0;0;0;0;8;13;0;5;125,098;9,901;13,485;5,232;1;0;0;15;1;9;5;0;0;0;0;0;0;0;0;3;0.23;1;08:14;00:39;01:37;89;7;13;90;7.12;14;7,512;0.79;840;0;0;0;181;74;0;0;0;0;2 hours;03:04;0;0;0;40%;100%;40%
Lyan-21728;2550;0;14;2;6;4;9%;21;6;6;0;4,721;530.29;1,400;370;67;7.52;112;13;18;14;1.57;6;3;0.2;0;0;0;7;0.78;2;5;9;0;4;65,841;7,395;9,538;4,203;3;0;0;15;3;9;3;0;0;0;0;0;0;0;0;6;0.67;2;07:34;00:51;02:14;29;3;9;49;5.5;9;5,438;1.05;958;0;0;0;696;220;1;0.11;1;0;1 hour;04:47;0;0;0;31%;60%;40%
MAJAJA-3599;0;0;7;2;2;5;8%;4;2;1;0;1,050;260.06;240;150;32;7.92;102;25;22;7;1.73;2;2;0.21;0;1;0;1;0.24;1;1;4;1;2;58,332;14,448;11,273;6,940;2;0;0;7;2;3;1;1;0.24;1;0;0;0;0;0;1;0.24;1;02:27;00:36;00:40;19;5;6;27;6.68;6;4,937;1.42;1,262;0;0;0;252;48;0;0;0;0;57 minutes;04:11;0;0;0;19%;30%;40%
Mario-13553;50;0;17;3;4;0;10%;22;8;6;0;4,684;940.1;860;820;34;6.82;34;7;8;18;3.61;4;3;0.52;0;1;0;5;1;2;0;5;0;3;30,445;6,110.93;5,910;2,947;3;0;0;8;2;3;3;1;0.2;1;0;0;0;0;0;3;0.6;1;03:13;00:38;00:58;28;6;11;26;5.21;6;5,296;0;927;0;0;0;0;0;0;0;0;0;51 minutes;00:52;0;0;0;25%;0;59%
MartabakKeju-1697;3125;0;8;0;3;4;20%;1;1;1;0;490;851.07;490;490;119;6.15;239;12;21;4;6.94;4;4;0.07;0;1;0;3;5.21;3;0;0;1;1;145,371;7,517;11,684;4,936;4;0;0;0;0;11;0;0;0;0;0;0;0;0;0;0;0;0;06:59;00:21;00:51;179;9;23;149;7.7;14;10,296;0.8;921;0;0;0;1;5;0;0;0;0;21.068219006992877 seconds;15:35;0;0;3;11%;11%;100%
MeePokBoy-1184;3653;0;42;3;7;6;13%;63;8;5;0;10,162;746.04;1,045;647;87;6.38;278;20;30;42;3.08;7;4;0.48;0;0;0;13;0.95;3;3;14;0;10;162,206;11,908;15,456;5,382;4;0;0;18;2;7;9;2;0.14;1;0;0;0;0;0;11;0.8;3;10:22;00:45;01:34;180;13;20;100;7.34;9;16,742;1.58;1,770;0;0;0;1,144;472;4;0.29;1;0;2 hours;04:35;0;0;0;41%;69%;76%
Mendokusaii-2955;4206;0;0;0;0;0;4%;1;1;1;0;545;1,576.54;545;480;2;5.78;2;6;2;0;0;0;0;0;0;0;0;0;0;0;0;0;0;0;920;2,661;649;647;0;0;0;1;0;0;1;0;0;0;0;0;0;0;0;0;0;0;0;0;0;2;6;2;2;5.78;2;23;0.15;23;0;0;0;62;21;0;0;0;0;2 minutes;0;0;0;0;33%;33%;0
MilaTheMute-1868;47;0;2;1;2;1;15%;5;5;4;0;250;7,895.24;250;250;10;6.04;14;8;6;2;1.2;2;1;0.2;0;0;0;1;0.6;1;0;0;0;1;12,340;7,461.04;4,847;3,640;1;0;0;0;0;0;0;0;0;0;0;0;0;0;0;1;0.6;1;00:56;00:34;00:41;1;1;1;12;7.25;5;1,215;0;524;0;0;0;0;0;0;0;0;0;20.841317024081945 seconds;03:41;0;0;0;40%;0;68%
miruralula-1517;3723;0;0;0;0;0;0;0;0;0;0;0;0;0;0;2;5.1;7;18;7;0;0;0;0;0;0;0;0;0;0;0;0;0;0;0;4,953;12,652;4,953;2,458;0;0;0;1;0;1;0;0;0;0;0;0;0;0;0;0;0;0;00:26;01:08;00:26;6;15;6;4;10.21;4;845;2.14;845;0;0;0;3;0;0;0;0;0;6 minutes;00:20;0;0;0;0;0;0
Mix-41491;3599;0;22;1;5;8;11%;36;6;4;0;7,691;382.89;659;400;139;6.92;319;16;29;23;1.14;5;3;0.16;0;3;0;9;0.44;1;8;20;1;11;193,496;9,634;10,957;5,101;3;0;0;22;3;9;10;0;0;0;0;0;0;0;0;3;0.14;1;11:57;00:35;01:09;241;12;26;218;10.85;15;16,240;1.07;1,574;0;0;0;1,272;315;2;0.09;1;0;4 hours;36:19;0;0;0;24%;66%;55%
MogMk3-1981;3043;0;1;0;1;8;9%;5;2;1;0;1,096;106.09;260;260;65;6.29;176;17;27;1;0.09;1;1;0.01;0;0;0;0;0;0;2;10;1;7;119,451;11,563;21,146;6,919;1;0;0;11;1;10;0;0;0;0;0;0;0;0;0;0;0;0;05:41;00:33;01:19;71;7;17;88;8.51;16;6,565;0.94;1,053;0;0;0;124;51;0;0;0;0;1 hour;31:03;0;0;0;41%;83%;67%
Mwiekned-3959;3456;0;0;0;0;0;0;0;0;0;0;0;0;0;0;5;8.17;13;21;11;0;0;0;0;0;0;0;0;0;0;0;0;1;0;0;5,649;9,232;3,999;1,709;0;0;0;1;0;0;0;0;0;0;0;0;0;0;0;0;0;0;00:10;00:17;00:09;8;13;8;5;8.17;4;733;1.82;499;0;0;0;0;0;0;0;0;0;6 minutes;0;0;0;0;0;0;57%
MyJohnny-2444;2931;0;67;3;9;10;12%;98;12;6;0;17,949;684.8;1,748;894;193;7.36;334;13;25;69;2.63;10;3;0.35;0;0;0;16;0.61;2;0;0;1;0;226,986;8,660;12,517;6,348;3;0;0;0;0;0;0;4;0.15;1;0;0;0;0;0;22;0.83;3;13:10;00:30;01:42;262;10;19;178;6.79;18;19,249;1.12;1,678;0;0;0;2;781;4;0.15;2;0;1 minute;33:41;0;0;0;24%;61%;3%
MyNeverevr-1103;3533;0;4;4;4;0;2%;1;1;1;0;771;755.6;531;240;14;13.71;13;13;8;4;3.91;4;2;0.28;0;0;0;1;0.97;1;0;1;0;1;7,954;7,790;3,660;1,668;2;0;0;2;1;0;0;0;0;0;0;0;0;0;0;0;0;0;00:15;00:15;00:10;5;5;3;12;11.75;5;750;0.98;482;0;0;0;112;40;0;0;0;0;12 minutes;0;0;0;0;35%;0;69%
nekyG-2308;3842;0;21;2;5;7;13%;19;6;3;0;3,103;274.79;623;325;52;4.6;174;15;26;21;1.85;5;3;0.4;0;0;0;6;0.53;3;2;11;0;9;99,483;8,811;13,593;4,908;3;0;0;18;4;7;7;0;0;0;0;0;0;0;0;4;0.35;1;10:10;00:54;01:47;166;15;21;66;5.84;12;8,811;1.19;1,279;0;0;0;505;140;1;0.08;1;0;2 hours;17:09;0;0;0;27%;48%;83%
Neptune-31921;3151;0;1;0;1;0;11%;2;1;1;0;390;108.01;200;200;39;10.8;40;11;9;1;0.27;1;1;0.02;0;1;0;0;0;0;3;4;0;1;26,742;7,407;7,331;2,719;1;0;0;7;2;2;3;0;0;0;0;0;0;0;0;1;0.27;1;02:37;00:43;00:57;15;4;4;16;4.43;6;2,186;0.9;512;0;0;0;51;18;0;0;0;0;40 minutes;04:25;0;0;0;35%;58%;25%
NEtodie-3311;3000;0;1;1;1;1;28%;4;2;2;0;345;351.45;220;220;5;5.09;24;24;15;1;1.01;1;1;0.2;0;0;0;0;0;0;0;1;0;1;14,818;15,096;8,637;3,573;1;0;0;2;1;1;0;0;0;0;0;0;0;0;0;0;0;0;00:42;00:43;00:31;8;8;6;7;7.13;5;1,451;1.86;728;0;0;0;49;14;0;0;0;0;12 minutes;0;0;0;0;28%;47%;100%
Nichiren-21254;41;0;9;2;3;1;11%;14;3;2;0;2,569;588.48;745;295;43;9.85;56;13;19;9;2.06;3;2;0.2;0;0;0;2;0.45;1;0;4;0;0;38,641;8,852.26;8,213;3,737;2;0.2;0;7;2;3;2;0;0;0;0;0;0;0;0;2;0.45;1;02:38;00:36;00:48;30;7;8;31;7.1;7;4,611;0;1,081;0;0;0;0;0;1;0.22;1;0;1 hour;05:44;0;0;0;19%;0;11%
NicoNicotine-1354;2620;0;0;0;0;1;0;0;0;0;0;120;110.83;120;120;9;8.31;6;6;4;0;0;0;0;0;0;0;0;0;0;0;1;1;0;0;8,318;7,683;3,235;2,088;0;0;0;2;0;1;1;0;0;0;0;0;0;0;0;0;0;0;00:26;00:24;00:18;2;2;1;7;6.46;4;633;0.98;272;0;0;0;24;6;0;0;0;0;10 minutes;00:20;0;0;0;25%;85%;0
NikolaTesla-11280;53;0;5;2;3;0;8%;7;6;3;0;1,276;591.22;696;360;26;12.04;30;14;19;5;2.31;3;1;0.19;0;0;0;0;0;0;0;2;0;1;15,193;7,038.69;4,904;4,901;1;0;0;4;1;1;2;0;0;0;0;0;0;0;0;1;0.46;1;00:53;00:24;00:33;12;6;8;16;7.41;6;1,561;0;688;0;0;0;0;0;0;0;0;0;27 minutes;01:43;0;0;0;42%;0;40%
NorthPolaris-1964;48;0;5;1;4;5;6%;4;2;2;0;1,241;150.5;1,061;966;58;7.03;117;14;24;5;0.6;4;4;0.08;0;0;0;2;0.24;2;0;8;0;3;55,618;6,744.74;12,173;3,427;4;0;0;10;2;8;0;0;0;0;0;0;0;0;0;2;0.24;1;06:16;00:45;01:31;33;4;10;48;5.82;10;7,101;0;1,572;0;0;0;0;0;0;0;0;0;1 hour;09:53;0;0;0;24%;0;42%
Nostril-1317;3333;0;4;4;3;0;18%;8;6;6;0.01;1,017;1,113.09;721;721;1;9.72;7;8;4;4;4.37;3;3;0.28;0;1;0;0;0;0;0;0;0;0;6,851;7,498;2,328;1,598;3;0;0;0;0;0;1;0;0;0;0;0;0;0;0;1;1.09;1;00:13;00:14;00:06;5;5;2;8;8.75;3;581;0.73;240;0;0;0;62;44;0;0;0;0;47.45217899698764 seconds;0;0;0;0;34%;37%;100%
Nova-1852;65;0;1;1;1;0;0;0;0;0;0;350;240.32;170;170;14;9.61;14;10;11;1;0.68;1;1;0.07;0;0;0;0;0;0;0;1;0;1;13,729;9,427.22;6,007;3,344;1;0;0;4;1;2;0;0;0;0;0;0;0;0;0;0;0;0;01:30;01:02;00:53;16;11;10;10;6.86;6;2,037;0;796;0;0;0;0;0;0;0;0;0;19 minutes;06:46;0;0;0;23%;0;66%
Novady-11519;3894;0;1;7;1;0;25%;4;4;4;0.02;245;1,627.77;245;245;3;19.93;0;0;0;1;6.64;1;1;0.33;0;0;0;1;6.64;1;0;0;0;0;3,174;21,085;3,174;1,707;1;0;0;0;0;0;0;0;0;0;0;0;0;0;0;0;0;0;00:04;00:27;00:04;0;0;0;6;39.86;6;249;1.39;249;0;0;0;30;16;0;0;0;0;2 minutes;0;0;0;0;53%;53%;0
Nozomi-4919;3527;0;1;1;1;0;10%;2;2;1;0;415;422.18;260;140;13;13.22;12;12;7;1;1.01;1;1;0.07;0;0;0;0;0;0;1;1;0;0;10,003;10,176;6,871;1,771;1;0;0;1;0;0;1;0;0;0;0;0;0;0;0;0;0;0;01:05;01:06;01:04;10;10;8;9;9.15;8;1,468;1.82;1,101;0;0;0;63;19;0;0;0;0;13 minutes;0;0;0;0;30%;57%;0
NzNr-1485;3728;0;15;3;5;0;13%;17;4;3;0;2,818;627.2;667;491;17;3.78;53;12;13;15;3.33;5;3;0.88;0;1;0;2;0.44;1;0;4;0;4;31,915;7,103;8,786;3,972;3;0;0;6;1;4;1;0;0;0;0;0;0;0;0;4;0.89;2;01:52;00:24;00:58;46;10;11;37;8.23;13;3,648;1.33;1,566;0;0;0;431;127;0;0;0;0;45 minutes;00:21;0;0;0;29%;47%;100%
Odin-1745;3076;0;83;1;5;54;5%;61;6;5;0;25,708;316.01;1,713;1,341;565;6.94;1,744;21;51;86;1.05;5;4;0.15;0;3;0;30;0.36;3;33;81;5;44;856,774;10,532;18,699;7,358;4;0;0;102;19;66;18;6;0.07;2;0;0;0;3;1;28;0.34;3;34:55;00:25;01:43;245;3;9;671;8.24;13;58,316;0.96;2,072;0;0;0;4,868;1,204;7;0.08;1;1;16 hours;01:25:33;0;0;0;24%;88%;53%
OhioBuckeyes-11390;2579;0;10;2;5;2;8%;14;6;5;0;3,369;700;1,356;1,211;33;6.85;43;9;16;10;2.07;5;4;0.3;0;0;0;4;0.83;2;2;5;1;1;39,126;8,129;8,632;3,987;4;0;0;11;2;5;4;0;0;0;0;0;0;0;0;5;1.03;4;02:17;00:28;00:47;22;5;10;21;4.36;4;4,019;1.45;878;0;0;0;659;174;1;0.2;1;0;45 minutes;02:12;0;0;6;26%;25%;31%
oisuq-1610;3263;0;1;3;1;0;0;0;0;0;0;60;173.76;60;60;2;5.79;14;41;14;1;2.89;1;1;0.5;0;1;0;0;0;0;0;0;0;0;4,832;13,994;4,832;2,682;1;0;0;0;0;0;0;0;0;0;0;0;0;0;0;0;0;0;00:21;01:02;00:21;12;35;12;4;11.58;4;518;1.54;518;0;0;0;21;3;0;0;0;0;5 minutes;0;0;0;0;14%;0;100%
Oreo-12884;38;0;0;0;0;1;10%;1;1;1;0;220;98.35;220;220;15;6.7;26;12;18;0;0;0;0;0;0;0;0;0;0;0;1;2;0;1;19,078;8,529;9,470;3,484;0;0;0;3;0;2;1;0;0;0;0;0;0;0;0;0;0;0;01:14;00:33;01:08;5;2;3;14;6.25;6;2,479;1.99;1,513;0;0;0;13;10;0;0;0;0;20 minutes;07:22;0;0;0;76%;76%;44%
ouopi2180-3319;2569;0;0;0;0;0;0;0;0;0;0;40;80.15;40;40;5;10.01;13;26;8;0;0;0;0;0;0;0;0;0;0;0;0;0;0;0;3,962;7,939;2,522;1,607;0;0;0;1;0;0;1;0;0;0;0;0;0;0;0;0;0;0;01:15;02:31;01:12;5;10;5;3;6.01;2;383;1.03;229;0;0;0;15;2;0;0;0;0;6 minutes;0;0;0;0;13%;0;100%
Ovidious-11975;0;0;77;4;7;7;10%;70;6;6;0;13,608;642.57;1,688;630;159;7.5;217;10;17;77;3.63;7;4;0.48;0;0;0;26;1.22;5;9;21;1;11;184,409;8,708;4,847;5,128;4;0;0;39;10;16;13;1;0.04;1;0;0;0;3;1;28;1.32;4;06:42;00:19;01:24;109;5;8;203;9.58;12;14,700;1.02;661;0;0;0;1,980;661;8;0.37;3;0;3 hours;18:18;0;0;0;33%;80%;51%
OvO-41212;2396;0;0;0;0;1;0;0;0;0;0;0;0;0;0;11;7.68;34;24;19;0;0;0;0;0;0;0;0;0;0;0;0;1;0;1;17,275;12,069;7,327;2,677;0;0;0;1;0;1;1;0;0;0;0;0;0;0;0;0;0;0;01:03;00:44;00:39;12;8;10;8;5.58;4;2,297;2;1,186;0;0;0;0;0;0;0;0;0;19 minutes;0;0;0;0;0;0;88%
p0isons-1162;54;0;18;3;5;2;4%;7;3;3;0;3,348;598.69;1,129;992;44;7.86;94;17;22;18;3.21;5;4;0.4;0;0;0;7;1.25;3;0;6;0;4;54,543;9,753;10,919;4,418;4;0;0;11;2;5;3;0;0;0;0;0;0;0;0;10;1.78;4;06:08;01:05;01:47;47;8;13;62;11.08;12;6,322;0;1,380;0;0;0;0;0;0;0;0;0;1 hour;15:40;0;0;0;30%;0;71%
Pamyu-1936;3435;0;7;1;2;3;5%;2;2;2;0;888;130.25;245;245;44;6.45;100;15;14;7;1.02;2;2;0.15;0;1;0;3;0.44;2;2;7;0;5;64,295;9,436;12,872;4,165;2;0;0;10;1;6;3;2;0.29;2;0;0;0;0;0;1;0.14;1;04:22;00:38;00:56;63;9;10;61;8.95;12;5,159;1.01;969;0;0;0;103;40;0;0;0;0;1 hour;13:48;0;0;0;38%;75%;67%
PandaBruiser-1274;3003;0;6;4;4;1;9%;9;7;4;0;2,159;1,418.87;1,174;584;10;6.57;22;14;13;6;3.94;4;2;0.6;0;0;0;3;1.97;2;1;2;1;0;16,467;10,823;9,742;3,383;2;0;0;2;0;2;0;1;0.65;1;0;0;0;0;0;1;0.65;1;01:02;00:41;00:34;5;3;4;11;7.22;6;2,355;2.34;1,487;0;0;0;350;98;1;0.65;1;0;16 minutes;0;0;0;0;28%;31%;0
PassTheSalt-11477;2699;0;225;1;11;48;8%;201;17;11;0;48,764;266.67;1,870;1,733;1,647;9;2,398;13;21;227;1.24;11;11;0.13;0;5;0;65;0.35;3;74;183;18;91;1,582,312;8,653;12,867;6,673;11;0;0;305;63;139;103;1;0;1;0;0;0;3;1;109;0.59;4;01:30:47;00:29;03:40;1,214;7;14;1,423;7.78;15;137,398;1.04;1,239;0;0;0;8,612;2,425;9;0.04;1;1;36 hours;02:15:40;0;0;5;28%;100%;49%
pbae-3753;2227;0;0;0;0;0;0;0;0;0;0;80;1,274.64;80;80;1;15.93;3;8;3;0;0;0;0;0;0;0;0;0;0;0;0;0;0;0;2,855;7,281;1,832;907;0;0;0;0;0;0;0;0;0;0;0;0;0;0;0;0;0;0;00:17;00:44;00:09;7;18;4;2;5.1;1;466;1.38;298;0;0;0;1;1;0;0;0;0;8.700016990303993 seconds;0;0;0;0;100%;0;63%
Phython-1699;3306;0;2;2;1;0;2%;1;1;1;0;748;801.67;493;373;11;11.78;21;23;9;2;2.14;1;1;0.18;0;0;0;1;1.07;1;0;1;0;0;14,746;15,804;7,970;3,182;1;0;0;2;0;1;0;0;0;0;0;0;0;0;0;1;1.07;1;00:53;00:57;00:23;13;14;7;9;9.64;6;1,456;1.51;1,072;0;0;0;66;37;0;0;0;0;15 minutes;01:09;0;0;0;56%;0;50%
pierino-1398;2595;0;1;1;1;1;2%;1;1;1;0;854;566.84;535;295;9;5.97;17;11;10;1;0.66;1;1;0.11;0;0;0;0;0;0;1;2;1;0;19,337;12,835;10,512;6,083;1;0;0;2;0;2;0;0;0;0;0;0;0;0;0;0;0;0;00:29;00:19;00:22;6;4;6;13;8.62;9;1,571;1.35;918;0;0;0;248;40;0;0;0;0;19 minutes;01:26;0;0;0;16%;8%;0
pii-11898;2709;0;0;0;0;0;0;0;0;0;0;0;0;0;0;2;9.79;0;0;0;0;0;0;0;0;0;0;0;0;0;0;0;0;0;0;1,613;7,901;1,613;987;0;0;0;1;1;0;0;0;0;0;0;0;0;0;0;0;0;0;00:07;00:38;00:07;0;0;0;1;4.89;1;23;0.17;23;0;0;0;16;0;0;0;0;0;2 minutes;0;0;0;0;0;0;0
piiiia-2451;25;0;1;0;1;3;6%;5;2;1;0;1,646;172.45;816;756;103;10.79;97;10;20;1;0.1;1;1;0;0;1;0;0;0;0;0;10;0;3;63,056;6,605.98;11,619;3,314;1;0;0;11;1;7;3;0;0;0;0;0;0;0;0;0;0;0;07:03;00:44;01:31;56;6;11;53;5.55;12;10,803;0;1,967;0;0;0;0;0;0;0;0;0;1 hour;05:25;0;0;0;26%;0;29%
PizzaHut-11467;1579;0;2;0;1;12;8%;4;2;2;0;1,067;43.25;282;282;158;6.4;316;13;32;2;0.08;1;1;0.01;0;1;0;0;0;0;12;25;2;11;200,683;8,135;12,423;6,576;1;0;0;29;3;17;9;0;0;0;0;0;0;0;0;2;0.08;1;12:13;00:29;01:32;62;3;16;150;6.08;11;17,192;1.17;1,288;0;0;0;310;48;0;0;0;0;4 hours;17:08;0;0;0;15%;100%;44%
PoppyDogma-1243;3133;0;42;3;8;3;6%;27;5;3;0;9,062;605.68;1,244;709;159;10.62;204;14;24;42;2.8;8;3;0.26;0;2;0;8;0.53;3;7;15;2;6;122,572;8,193;11,479;6,178;3;0;0;23;5;4;14;1;0.06;1;0;0;0;0;0;20;1.33;4;13:08;00:52;01:42;63;4;22;85;5.68;8;11,610;1.03;1,203;0;0;0;1,594;415;2;0.13;1;0;3 hours;10:38;0;0;3;26%;100%;38%
PsychoHazard-1722;0;0;9;1;2;4;3%;7;2;2;0;4,158;577.67;837;685;73;10.14;78;11;13;9;1.25;2;2;0.12;0;0;0;1;0.13;1;4;7;1;3;73,505;10,213;13,336;5,111;2;0;0;13;5;6;2;0;0;0;0;0;0;0;0;3;0.41;1;05:28;00:45;01:29;48;7;11;81;11.25;13;4,907;0.92;897;0;0;0;473;218;0;0;0;0;1 hour;17:02;0;0;0;46%;71%;37%
qnx-2372;70;0;0;0;0;0;0;0;0;0;0;20;41;20;20;6;12.3;12;25;12;0;0;0;0;0;0;0;0;0;0;0;0;0;0;0;3,832;7,855.93;3,832;2,174;0;0;0;0;0;0;0;0;0;0;0;0;0;0;0;0;0;0;00:43;01:29;00:43;7;14;7;4;8.2;4;584;0;584;0;0;0;0;0;0;0;0;0;5 minutes;01:52;0;0;0;8%;0;0
qqwess-3609;2968;0;0;0;0;1;0;0;0;0;0;0;0;0;0;4;4;15;15;15;0;0;0;0;0;0;0;0;0;0;0;0;1;0;1;11,993;11,993;11,993;4,887;0;0;0;1;0;1;0;0;0;0;0;0;0;0;0;0;0;0;00:29;00:29;00:29;13;13;13;4;4;4;1,361;2.04;1,361;0;0;0;0;0;0;0;0;0;11 minutes;0;0;0;0;0;0;100%
Randomoink-2799;2704;0;38;3;9;8;11%;39;7;5;0;7,685;545.81;980;607;129;9.16;291;21;27;38;2.69;9;4;0.29;0;0;0;10;0.71;2;6;14;2;5;168,429;11,962;16,243;4,782;4;0;0;23;4;11;8;1;0.07;1;0;0;0;0;0;20;1.42;6;16:42;01:11;02:35;47;3;6;126;8.94;13;13,285;1.16;1,429;0;0;0;994;346;1;0.07;1;0;3 hours;20:29;0;0;2;34%;85%;38%
Rebecca-12561;0;0;311;1;11;122;10%;540;25;15;0;104,756;399.79;2,533;1,113;2,370;9.04;3,652;14;47;315;1.2;11;5;0.13;0;5;0;83;0.31;5;1;1;0;120;2,213,736;8,449;17,858;7,496;5;0;0;369;68;218;83;4;0.01;2;0;0;0;0;0;130;0.49;7;03:54:59;00:53;02:29;2,240;9;42;2,000;7.63;22;284,188;1.45;3,061;0;0;0;3;5,034;27;0.1;3;1;6.367191981524229 seconds;06:50:37;0;0;86;28%;87%;45%
Rebird-1185;0;0;27;2;6;9;16%;49;18;7;0;6,471;525.73;1,594;480;88;7.14;229;19;44;27;2.19;6;2;0.3;0;0;0;7;0.56;2;4;12;0;8;110,339;8,964;21,492;4,401;2;0;0;17;2;10;4;1;0.08;1;0;0;0;0;0;8;0.64;2;10:17;00:50;02:03;115;9;19;109;8.85;28;11,389;1.44;1,838;0;0;0;864;290;1;0.08;1;0;2 hours;32:11;0;0;4;33%;56%;64%
RebornZ-11715;4006;0;15;1;5;8;26%;32;12;10;0;3,128;295.34;780;600;32;3.02;235;22;33;17;1.6;5;3;0.53;0;0;0;5;0.47;3;2;11;0;9;105,476;9,958;14,537;6,889;3;0;0;13;2;7;3;0;0;0;0;0;0;0;0;4;0.37;2;05:28;00:31;01:12;182;17;25;75;7.08;21;6,892;1.05;1,342;0;0;0;276;120;1;0.09;1;0;1 hour;33:41;0;0;0;43%;72%;85%
Reilly-11549;3595;0;61;5;13;8;10%;81;16;11;0;16,155;1,417.53;2,660;1,466;61;5.35;151;13;27;63;5.52;13;8;1.03;0;0;0;28;2.45;7;7;11;1;4;121,618;10,672;16,228;6,636;8;0;0;13;1;10;2;5;0.43;2;0;0;0;0;0;19;1.66;5;07:26;00:39;02:15;146;13;23;113;9.91;19;10,720;1.25;1,728;0;0;0;1,848;739;5;0.43;1;0;2 hours;36:37;0;0;1;39%;52%;35%
Renyz-11199;3452;0;4;3;4;1;5%;4;4;2;0;1,324;892.46;1,324;509;15;10.11;28;19;20;4;2.69;4;2;0.26;0;0;0;1;0.67;1;1;1;0;0;14,560;9,816;10,268;2,323;2;0;0;1;0;1;0;0;0;0;0;0;0;0;0;1;0.67;1;01:32;01:02;01:28;17;11;16;11;7.41;9;1,202;0.91;1,000;0;0;0;252;67;1;0.67;1;0;21 minutes;00:20;0;0;0;26%;28%;0
Ryouta-1885;57;0;3;1;1;5;10%;4;2;1;0;684;136.64;265;210;36;7.18;126;25;26;3;0.59;1;1;0.08;0;0;0;3;0.59;1;0;5;0;3;61,118;12,202.36;10,922;5,455;0;0;0;10;2;5;2;0;0;0;0;0;0;0;0;1;0.19;1;01:46;00:21;01:07;29;6;9;42;8.38;9;6,214;0;1,260;0;0;0;0;0;1;0.19;1;0;1 hour;17:55;0;0;0;38%;0;64%
sadkatz-1191;3656;0;44;1;5;36;13%;62;9;5;0;10,614;209.92;933;885;276;5.45;1,221;24;44;44;0.87;5;4;0.15;0;1;0;11;0.21;1;10;51;2;39;511,117;10,109;17,725;6,589;4;0;0;66;8;49;9;0;0;0;0;0;0;0;0;17;0.33;2;38:52;00:46;02:17;161;3;15;361;7.13;20;34,842;0.99;1,901;0;0;0;1,731;476;2;0.03;1;0;9 hours;01:12:33;0;0;1;27%;100%;77%
sads-1738;2797;0;2;1;1;1;10%;2;1;1;0;375;197.07;200;180;15;7.88;27;14;14;2;1.05;1;1;0.13;0;0;0;0;0;0;2;2;0;0;19,098;10,037;6,648;5,614;1;0;0;3;1;2;1;0;0;0;0;0;0;0;0;1;0.52;1;01:53;00:59;01:25;24;13;12;14;7.35;8;2,089;1.45;845;0;0;0;63;20;0;0;0;0;24 minutes;03:43;0;0;0;31%;40%;18%
SaltyPanda-11486;3295;0;15;11;7;0;13%;34;18;13;0.04;5,545;4,180.77;3,255;2,755;13;9.8;9;7;3;15;11.31;7;4;1.15;0;0;0;3;2.26;2;0;1;0;1;4,793;3,614;1,995;1,277;4;0;0;3;1;1;2;0;0;0;0;0;0;0;0;6;4.52;3;00:44;00:33;00:18;3;2;2;5;3.77;2;519;0.63;173;0;0;0;542;246;3;2.26;2;0;13 minutes;00:24;0;0;4;45%;42%;99%
SanALex-2258;3625;0;31;4;6;1;11%;44;12;10;0;8,128;1,100.08;1,067;837;68;9.2;109;15;14;31;4.19;6;6;0.45;0;1;0;10;1.35;2;3;7;0;4;55,451;7,505;5,090;3,742;6;0;0;15;4;7;5;1;0.13;1;0;0;0;0;0;16;2.16;3;08:51;01:11;01:49;112;15;12;45;6.09;4;7,627;1.29;882;0;0;0;1,351;384;0;0;0;0;1 hour;06:36;0;0;0;28%;39%;56%
Sardis-21172;80;0;28;4;7;4;11%;42;11;5;0;7,718;1,236.69;2,219;790;56;8.97;129;21;43;28;4.48;7;5;0.5;0;0;0;9;1.44;3;0;6;0;4;82,518;13,221.43;17,614;6,703;5;0;0;9;1;7;1;0;0;0;0;0;0;0;0;11;1.76;3;01:38;00:15;00:25;56;9;19;94;15.06;22;8,226;0;2,293;0;0;0;0;0;2;0.32;1;0;1 hour;25:25;0;0;0;33%;0;59%
SayaKo-4422;0;0;2;1;2;2;10%;2;2;2;0;378;116.21;198;198;23;7.07;75;23;16;2;0.61;2;2;0.08;0;0;0;1;0.3;1;2;3;1;1;31,338;9,641;6,328;3,474;2;0;0;6;1;3;2;0;0;0;0;0;0;0;0;0;0;0;02:58;00:54;01:23;38;12;10;22;6.76;7;3,305;1.33;740;0;0;0;75;19;0;0;0;0;41 minutes;00:22;0;0;0;25%;63%;25%
scottiting-3836;3000;0;1;1;1;0;0;0;0;0;0;250;2,230.86;250;250;1;8.92;10;8;7;1;0.84;1;1;0.5;0;0;0;1;0.84;1;0;0;0;1;4,652;3,920;3,929;2,127;1;0;0;1;0;0;0;0;0;0;0;0;0;0;0;1;0.84;1;00:40;00:34;00:22;8;7;6;4;3.37;4;461;0.96;417;0;0;0;30;2;0;0;0;0;1 minute;00:02;0;0;0;6%;15%;100%
Scy-1494;2687;0;5;1;1;2;11%;9;7;3;0;1,659;268.44;1,037;590;74;11.97;106;17;19;5;0.8;1;1;0.06;0;0;0;3;0.48;1;3;6;1;3;63,240;10,230;7,885;3,417;1;0;0;12;2;5;5;0;0;0;0;0;0;0;0;1;0.16;1;03:13;00:31;00:35;23;4;4;66;10.67;9;5,443;1.01;783;0;0;0;333;81;1;0.16;1;0;1 hour;01:16;0;0;0;24%;47%;43%
Seba-1198;62;0;1;4;1;0;30%;3;3;3;0;250;1,009.79;250;250;3;12.11;1;4;1;1;4.03;1;1;0.33;0;0;0;0;0;0;0;0;0;0;1,691;6,830.51;1,185;1,185;1;0;0;1;0;0;0;0;0;0;0;0;0;0;0;1;4.03;1;00:02;00:11;00:02;0;0;0;2;8.07;2;246;0;242;0;0;0;0;0;0;0;0;0;2 minutes;01:22;0;0;0;37%;0;47%
SEKIYUTA-1528;3229;0;34;5;9;4;15%;67;29;20;0.01;9,955;1,428.7;3,810;1,605;44;6.31;127;18;24;35;5.02;9;5;0.79;0;1;0;15;2.15;5;2;7;0;5;62,527;8,974;10,872;4,493;5;0;0;10;2;7;1;2;0.28;1;0;0;0;0;0;13;1.86;6;05:34;00:48;01:51;67;10;24;50;7.17;12;5,359;1.14;1,226;0;0;0;898;425;2;0.28;1;0;1 hour;04:55;0;0;2;47%;59%;78%
SgtMcNuggets-21353;46;0;0;0;0;0;0;0;0;0;0;40;32.17;20;20;13;10.45;6;5;3;0;0;0;0;0;0;0;0;0;0;0;0;1;0;0;7,086;5,699.71;5,036;2,517;0;0;0;1;1;1;0;0;0;0;0;0;0;0;0;0;0;0;00:13;00:10;00:08;1;1;1;6;4.82;4;819;0;637;0;0;0;0;0;0;0;0;0;12 minutes;02:19;0;0;0;15%;0;16%
ShadowDragon-148899;2901;0;6;3;4;0;7%;7;3;2;0;1,131;11,114.5;1,131;1,006;1;9.82;22;11;8;6;2.86;4;4;0.4;0;0;0;1;0.47;1;0;0;0;0;15,634;7,473;3,586;2,596;4;0;0;1;0;0;0;0;0;0;0;0;0;0;0;4;1.91;3;02:11;01:02;01:08;13;6;9;12;5.73;4;1,002;0.73;586;0;0;0;36;9;0;0;0;0;1 minute;00:03;0;0;0;25%;17%;18%
Shinobu-1269;48;0;7;1;2;1;6%;14;3;3;0;4,349;664.78;635;425;69;10.54;58;9;14;7;1.07;2;1;0.1;0;0;0;1;0.15;1;0;7;0;3;40,220;6,148.46;6,636;3,483;1;0;0;9;3;3;4;0;0;0;0;0;0;0;0;2;0.3;1;01:35;00:14;00:19;48;7;11;19;2.9;3;5,961;0;1,069;0;0;0;0;0;1;0.15;1;0;1 hour;0;0;0;0;27%;0;48%
SKRT-11232;1023;0;31;9;23;0;5%;38;28;10;0.01;12,779;3,518.36;9,816;2,350;25;6.88;3;1;2;31;8.53;23;7;1.24;0;8;0;10;2.75;8;2;4;0;2;5,684;1,565;2,730;1,437;7;0;0;6;4;0;1;0;0;0;0;0;0;0;0;18;4.95;14;03:15;00:53;02:37;2;1;2;3;0.82;2;3,244;1.59;2,393;0;0;0;1,579;649;3;0.82;2;0;33 minutes;00:22;0;0;0;41%;45%;55%
Slinky-1777;0;0;10;10;10;1;11%;8;8;2;0;1,763;1,762.82;1,763;410;13;13;24;24;24;11;11;11;3;0.84;0;1;0;3;3;3;1;1;0;0;15,982;15,982;15,982;3,707;3;0;0;1;0;1;0;2;2;2;0;0;0;0;0;4;4;4;00:59;00:59;00:59;3;3;3;6;6;6;991;0.94;991;0;0;0;305;69;1;1;1;0;17 minutes;0;0;0;0;22%;22%;0
Smith-2700;82;0;0;0;0;0;0;0;0;0;0;0;0;0;0;13;10.04;18;14;9;0;0;0;0;0;0;0;0;0;0;0;0;1;0;0;11,690;9,032.24;7,542;2,527;0;0;0;2;1;0;1;0;0;0;0;0;0;0;0;0;0;0;03:17;02:32;02:07;31;24;19;17;13.13;10;1,313;0;882;0;0;0;0;0;0;0;0;0;20 minutes;01:26;0;0;0;0;0;0
SoKoOLz-3456;2627;0;1;2;1;0;0;0;0;0;0;166;336.12;166;151;4;8.09;3;6;3;1;2.02;1;1;0.25;0;0;0;0;0;0;0;0;0;0;2,755;5,578;2,755;782;1;0;0;1;0;0;0;0;0;0;0;0;0;0;0;0;0;0;00:11;00:23;00:11;11;22;11;6;12.14;6;330;0.67;330;0;0;0;27;9;0;0;0;0;8 minutes;00:20;0;0;0;33%;0;0
Somnians-2461;3015;0;10;3;4;1;12%;10;4;4;0;1,843;486.76;700;377;38;10.03;48;13;11;10;2.64;4;2;0.26;0;0;0;1;0.26;1;2;4;0;2;34,452;9,100;7,940;3,091;2;0;0;6;1;2;2;0;0;0;0;0;0;0;0;6;1.58;4;01:39;00:26;00:42;1;0;1;32;8.45;9;2,639;0.94;655;0;0;0;252;81;0;0;0;0;46 minutes;01:10;0;0;0;32%;43%;49%
SOR-11872;3722;0;0;0;0;0;0;0;0;0;0;140;77.56;140;140;16;8.86;22;12;13;0;0;0;0;0;0;0;0;0;0;0;2;2;0;0;14,154;7,842;8,448;2,675;0;0;0;3;0;1;1;0;0;0;0;0;0;0;0;0;0;0;02:04;01:08;01:14;11;6;6;13;7.2;12;1,541;1.18;916;0;0;0;37;7;0;0;0;0;21 minutes;02:51;0;0;0;18%;0;0
SpartanZero-6126;2303;0;1;0;1;2;0;0;0;0;0;89;24.4;69;69;42;11.5;54;15;15;1;0.27;1;1;0.02;0;0;0;1;0.27;1;1;4;1;1;32,908;9,011;12,722;2,763;1;0;0;7;2;4;1;0;0;0;0;0;0;0;0;0;0;0;01:23;00:22;00:19;20;5;5;24;6.57;6;3,270;1.1;937;0;0;0;27;5;0;0;0;0;49 minutes;00:58;0;0;0;18%;36%;37%
Squacle-1295;2299;0;0;0;0;0;0;0;0;0;0;15;20.87;15;15;10;13.91;9;13;8;0;0;0;0;0;0;0;0;0;0;0;0;1;0;0;5,648;7,860;3,052;1,309;0;0;0;2;0;1;0;0;0;0;0;0;0;0;0;0;0;0;00:25;00:35;00:18;0;0;0;2;2.78;2;586;1.06;318;0;0;0;11;1;0;0;0;0;9 minutes;0;0;0;0;9%;9%;49%
sreader-1911;2668;0;12;6;7;0;4%;7;3;3;0;3,217;1,487.2;1,996;911;16;7.39;29;13;9;12;5.54;7;4;0.75;0;0;0;2;0.92;1;1;2;0;0;22,015;10,178;2,827;4,415;4;0;0;4;1;2;1;0;0;0;0;0;0;0;0;4;1.84;3;00:29;00:13;00:09;16;7;5;12;5.54;6;1,949;1.17;702;0;0;0;395;158;0;0;0;0;27 minutes;02:36;0;0;1;40%;66%;19%
Ssem-3281;2855;0;6;2;4;1;15%;10;7;7;0;1,451;472.98;715;715;20;6.52;60;20;22;6;1.95;4;4;0.3;0;0;0;3;0.97;2;1;3;0;2;34,146;11,134;12,739;6,915;4;0;0;3;0;3;0;0;0;0;0;0;0;0;0;2;0.65;1;02:01;00:39;00:48;39;13;13;22;7.17;6;3,956;1.56;1,315;0;0;0;205;66;1;0.32;1;0;42 minutes;01:02;0;0;0;32%;50%;58%
Supah-1288;3197;0;1;0;1;2;5%;2;1;1;0;838;186.39;382;330;32;7.11;67;15;14;1;0.22;1;1;0.03;0;0;0;1;0.22;1;3;4;0;1;48,422;10,771;9,600;5,089;1;0;0;9;3;4;3;0;0;0;0;0;0;0;0;0;0;0;02:53;00:38;01:13;15;3;4;35;7.78;8;3,594;1.09;688;0;0;0;118;39;0;0;0;0;--;04:33;0;0;0;33%;53%;27%
SuperNinja-115210;55;0;2;2;2;1;3%;2;2;1;0;1,180;1,180.02;1,180;445;4;4;19;19;19;2;2;2;2;0.5;0;0;0;2;2;2;0;1;0;1;8,778;8,777.79;8,778;2,779;2;0;0;2;0;1;1;0;0;0;0;0;0;0;0;1;1;1;00:45;00:45;00:45;21;21;21;8;8;8;1,073;0;1,073;0;0;0;0;0;0;0;0;0;12 minutes;00:34;0;0;0;39%;0;100%
SupportMain-11364;60;0;0;0;0;0;0;0;0;0;0;0;0;0;0;15;9.68;22;14;7;0;0;0;0;0;0;0;0;0;0;0;0;2;0;1;16,382;10,577.61;4,435;2,589;0;0;0;2;0;1;1;0;0;0;0;0;0;0;0;0;0;0;01:19;00:51;00:40;2;1;1;11;7.1;4;849;0;184;0;0;0;0;0;0;0;0;0;57 minutes;0;0;0;0;0;0;32%
SwagUnicorn-4998;0;0;0;0;0;0;4%;1;1;1;0;495;608.06;395;295;9;11.05;10;12;7;0;0;0;0;0;0;0;0;0;0;0;0;1;0;0;6,477;7,956;2,908;2,445;0;0;0;2;0;0;1;0;0;0;0;0;0;0;0;0;0;0;0;0;0;4;5;2;4;4.91;2;332;0.51;225;0;0;0;66;24;0;0;0;0;10 minutes;0;0;0;0;36%;43%;17%
Sypeh-2707;0;0;39;5;7;2;10%;43;9;4;0;9,464;1,225.01;1,791;1,018;65;8.41;134;17;32;40;5.17;7;6;0.61;0;0;0;19;2.45;5;2;8;0;5;82,623;10,695;13,250;4,285;6;0;0;14;5;4;5;3;0.38;1;0;0;0;0;0;11;1.42;3;05:37;00:43;01:08;67;9;14;87;11.26;14;6,342;1.01;1,003;0;0;0;1,281;409;3;0.38;1;0;1 hour;14:09;0;0;1;31%;57%;67%
tape2-1581;4695;0;1;2;1;1;14%;3;3;2;0;480;795.27;480;320;4;6.62;5;8;5;1;1.65;1;1;0.25;0;0;0;1;1.65;1;0;0;0;0;6,792;11,254;6,792;3,271;1;0;0;0;0;0;0;0;0;0;0;0;0;0;0;0;0;0;00:11;01:14;00:11;4;7;4;4;6.62;4;671;1.36;671;0;0;0;1;21;0;0;0;0;5.107612002640963 seconds;00:01;0;0;0;26%;26%;100%
tassame-21620;59;0;0;0;0;2;0;0;0;0;0;80;49.63;80;80;6;3.72;20;12;9;0;0;0;0;0;0;0;0;0;0;0;0;2;0;1;15,241;9,456.57;7,833;6,649;0;0;0;3;2;2;0;0;0;0;0;0;0;0;0;0;0;0;00:43;00:26;00:23;11;7;6;9;5.58;5;1,215;0;648;0;0;0;0;0;0;0;0;0;16 minutes;03:14;0;0;0;10%;0;76%
Tearsdeath-3874;0;0;0;0;0;2;0;0;0;0;0;31;15.61;31;30;9;4.53;34;17;22;0;0;0;0;0;0;1;0;0;0;0;1;2;0;2;21,379;10,769;13,996;5,065;0;0;0;3;0;2;1;0;0;0;0;0;0;0;0;0;0;0;01:07;00:34;00:48;13;7;7;9;4.53;6;2,651;2.36;1,759;0;0;0;7;3;0;0;0;0;18 minutes;0;0;0;1;42%;42%;100%
Thorlax-2359;2420;0;7;7;7;1;11%;12;12;6;0.01;2,310;2,310;2,310;700;10;10;8;8;8;7;7;7;4;0.7;0;0;0;1;1;1;1;1;0;0;7,624;7,624;7,624;1,492;4;0;0;1;0;1;0;0;0;0;0;0;0;0;0;2;2;2;00:24;00:24;00:24;0;0;0;5;5;5;809;1.21;809;0;0;0;255;104;1;1;1;0;11 minutes;00:20;0;0;0;40%;40%;0
tic-1885;63;0;71;3;6;5;12%;113;10;8;0;20,266;946.96;1,235;820;186;8.69;370;17;33;72;3.36;6;4;0.38;0;6;0;32;1.49;4;0;21;0;11;201,962;9,437.28;12,847;5,498;4;0;0;31;7;8;15;6;0.28;1;0;0;0;0;0;23;1.07;5;11:27;00:32;01:02;135;6;13;198;9.25;17;19,286;0;1,604;0;0;0;0;0;7;0.32;2;1;5 hours;21:06;0;0;0;27%;0;50%
Tiki-11546;3512;0;20;3;6;2;5%;14;3;2;0;4,885;738.06;1,009;543;66;9.97;93;14;21;20;3.02;6;5;0.3;0;0;0;9;1.35;3;3;7;1;3;51,375;7,762;7,285;3,882;5;0;0;10;3;3;4;0;0;0;0;0;0;0;0;7;1.05;2;02:14;00:20;01:07;45;7;17;49;7.4;9;4,596;0.94;703;0;0;0;860;249;0;0;0;0;1 hour;05:16;0;0;0;28%;50%;48%
Toha-2496;1362;0;7;6;6;0;15%;19;16;9;0.02;2,395;2,152.8;1,692;892;5;4.49;12;11;8;7;6.29;6;3;1.4;0;1;0;4;3.59;3;1;1;0;1;10,297;9,256;6,378;3,207;3;0;0;2;0;1;1;1;0.89;1;0;0;0;0;0;1;0.89;1;00:11;00:10;00:06;3;3;2;7;6.29;4;808;0.92;570;0;0;0;476;126;4;3.59;3;0;14 minutes;00:31;0;0;0;26%;0;53%
tongue-11364;3632;0;2;5;2;0;0;0;0;0;0;110;265.67;110;70;4;9.66;3;7;3;2;4.83;2;1;0.5;0;0;0;0;0;0;0;0;0;0;3,185;7,692;3,185;1,532;1;0;0;2;1;0;0;0;0;0;0;0;0;0;0;1;2.41;1;00:04;00:10;00:04;5;12;5;2;4.83;2;288;0.94;288;0;0;0;44;6;0;0;0;0;5 minutes;0;0;0;0;13%;0;0
Treaty-11117;57;0;8;16;8;1;22%;7;7;7;0;770;1,551.58;770;750;2;4.03;16;32;16;8;16.13;8;7;4;0;0;0;2;4.03;2;0;0;0;0;8,016;16,162.68;8,016;6,243;7;0;0;1;0;0;0;1;2.01;1;0;0;0;0;0;5;10.08;5;00:37;01:14;00:37;6;12;6;4;8.06;4;1,060;0;1,060;0;0;0;0;0;0;0;0;0;9 minutes;05:29;0;0;0;21%;0;100%
TviQ-1503;4134;0;2;1;2;1;23%;9;6;4;0;940;564.36;660;360;8;4.8;31;19;18;2;1.2;2;1;0.25;0;0;0;0;0;0;0;2;0;2;18,685;11,218;11,520;3,817;1;0;0;2;0;2;0;0;0;0;0;0;0;0;0;0;0;0;00:57;00:34;00:45;25;15;13;8;4.8;5;2,226;2.01;1,352;0;0;0;94;39;0;0;0;0;18 minutes;0;0;0;0;41%;39%;100%
Ulfang-1914;57;0;34;2;4;9;5%;25;5;5;0;929;2,560.15;929;559;3;8.26;241;14;26;34;1.97;4;3;0.18;0;2;0;10;0.58;2;0;0;0;8;147,908;8,601.26;15,096;5,163;3;0;0;26;6;10;10;2;0.11;1;0;0;0;0;0;15;0.87;3;12:03;00:42;01:21;44;3;7;138;8.02;13;14,529;0;1,561;0;0;0;0;0;2;0.11;1;0;3 minutes;24:14;0;0;0;10%;0;47%
uNFixed-2518;0;0;2;1;1;1;10%;2;2;1;0;430;317.89;410;200;13;9.61;23;17;12;2;1.47;1;1;0.15;0;1;0;1;0.73;1;1;1;0;1;16,008;11,834;1,751;2,856;1;0;0;3;1;2;0;0;0;0;0;0;0;0;0;1;0.73;1;00:14;00:10;00:09;14;10;10;18;13.3;12;1,399;1.26;717;0;0;0;32;20;1;0.73;1;0;18 minutes;04:17;0;0;0;62%;76%;39%
uruca-11142;4007;0;7;2;3;2;6%;9;5;5;0;3,019;895.38;1,180;580;32;9.49;77;23;27;7;2.07;3;2;0.21;0;0;0;1;0.29;1;1;3;1;2;47,314;14,035;14,336;3,946;2;0;0;5;1;3;1;0;0;0;0;0;0;0;0;2;0.59;1;03:02;00:54;01:21;41;12;31;44;13.05;15;5,485;1.75;1,943;0;0;0;356;144;0;0;0;0;52 minutes;00:11;0;0;0;40%;55%;63%
vanGh-11287;3063;0;57;1;6;57;6%;69;4;3;0;20,888;229.64;1,098;566;694;7.62;1,818;20;35;57;0.62;6;3;0.08;0;1;0;17;0.18;2;44;91;4;42;1,040,508;11,439;19,793;6,128;3;0;0;115;15;74;26;0;0;0;0;0;0;0;0;24;0.26;3;01:17:30;00:51;03:03;389;4;21;1,032;11.34;19;69,096;0.96;1,740;0;0;0;2,878;1,002;3;0.03;1;0;19 hours;02:53:28;0;0;1;34%;93%;46%
Victrix-11344;2190;0;0;0;0;1;16%;1;1;1;0.01;994;9,544.08;994;994;1;9.6;13;14;13;0;0;0;0;0;0;0;0;0;0;0;0;0;0;0;8,857;9,815;8,247;3,506;0;0;0;0;0;0;0;0;0;0;0;0;0;0;0;0;0;0;00:17;00:19;00:17;2;2;2;5;5.54;5;1,245;2.18;1,124;0;0;0;30;6;0;0;0;0;57.66790896747261 seconds;0;0;0;0;20%;25%;0
Vivieria-1169;50;0;234;2;8;79;12%;427;15;8;0;77,846;610.65;2,500;1,365;1,095;8.58;2,656;21;45;237;1.85;8;5;0.21;0;0;0;85;0.66;5;0;127;0;64;1,266,208;9,932.67;21,996;7,864;5;0;0;166;25;107;34;18;0.14;3;0;0;0;0;0;79;0.61;6;01:48:55;00:51;02:13;465;4;12;1,166;9.14;28;127,200;0;2,343;0;0;0;0;0;29;0.22;3;2;26 hours;05:30:43;0;0;0;31%;0;49%
watt-1213;80;0;2;1;2;0;21%;3;1;1;0;360;191.34;180;100;20;10.63;61;32;20;2;1.06;2;1;0.1;0;0;0;0;0;0;0;2;0;0;27,132;14,420.75;7,282;3,910;1;0;0;3;1;1;1;0;0;0;0;0;0;0;0;1;0.53;1;00:32;00:17;00:16;22;12;9;29;15.41;11;2,117;0;781;0;0;0;0;0;0;0;0;0;4 hours;00:22;0;0;0;15%;0;22%
weaselele-2442;4437;0;10;5;3;0;14%;28;9;6;0.01;4,443;2,209.07;1,260;760;26;12.92;20;10;7;10;4.97;3;2;0.38;0;0;0;0;0;0;1;2;1;1;15,727;7,820;4,491;1,501;2;0;0;4;2;1;2;0;0;0;0;0;0;0;0;5;2.48;2;01:16;00:38;00:26;12;6;6;31;15.41;10;1,461;0.8;427;0;0;0;813;200;0;0;0;0;30 minutes;04:19;0;0;0;24%;29%;42%
Werky-1402;2821;0;0;0;0;0;0;0;0;0;0;60;355.67;60;60;2;11.85;2;12;2;0;0;0;0;0;0;0;0;0;0;0;0;0;0;0;2,191;12,990;2,191;2,090;0;0;0;1;0;0;0;0;0;0;0;0;0;0;0;0;0;0;00:00;00:03;00:00;0;0;0;1;5.92;1;285;2;285;0;0;0;7;3;0;0;0;0;2 minutes;0;0;0;0;42%;0;0
Winston-11922;65;0;0;0;0;0;23%;5;5;3;0;645;703.14;615;495;16;17.44;20;22;16;0;0;0;0;0;0;0;0;0;0;0;0;1;0;0;9,656;10,526.22;6,823;2,425;0;0;0;3;1;2;1;0;0;0;0;0;0;0;0;0;0;0;00:57;01:03;00:41;6;7;5;7;7.63;6;1,380;0;993;0;0;0;0;0;0;0;0;0;16 minutes;04:59;0;0;0;31%;0;45%
WinterDKay-2106;2919;0;27;4;9;3;13%;57;18;8;0.01;9,373;1,240.49;2,100;1,178;52;6.88;109;14;20;27;3.57;9;5;0.51;0;0;0;13;1.72;4;2;8;0;5;75,625;10,009;10,994;6,085;5;0;0;13;2;6;4;0;0;0;0;0;0;0;0;10;1.32;3;02:53;00:22;01:00;61;8;10;66;8.73;16;6,147;1.08;776;0;0;0;1,325;434;1;0.13;1;0;1 hour;14:04;0;0;1;32%;41%;67%
xFloweyx-3965;1752;0;4;3;2;0;5%;3;2;2;0.01;1,206;899.81;740;466;4;2.98;1;1;1;4;2.98;2;2;1;0;0;0;1;0.74;1;1;1;0;0;2,987;2,228;1,756;1,232;2;0;0;0;0;0;0;0;0;0;0;0;0;0;0;2;1.49;1;00:02;00:02;00:01;2;1;1;2;1.49;2;448;1.84;318;0;0;0;182;56;0;0;0;0;4 minutes;0;0;0;0;30%;29%;0
XQQ-11863;4453;0;0;0;0;0;0;0;0;0;0;0;0;0;0;3;6.4;7;15;7;0;0;0;0;0;0;0;0;0;0;0;0;0;0;0;3,729;7,967;3,729;2,416;0;0;0;0;0;0;0;0;0;0;0;0;0;0;0;0;0;0;00:33;01:10;00:33;6;13;6;3;6.4;3;706;1.77;706;0;0;0;12;0;0;0;0;0;6 minutes;0;0;0;0;0;0;100%
Y19251658-2148;3795;0;1;2;1;0;8%;1;1;1;0;260;424.28;120;100;7;11.42;5;8;4;1;1.63;1;1;0.14;0;0;0;0;0;0;0;1;0;0;5,180;8,453;2,563;1,424;1;0;0;1;0;0;1;0;0;0;0;0;0;0;0;0;0;0;00:15;00:25;00:15;7;11;6;4;6.52;2;373;0.8;209;0;0;0;60;12;0;0;0;0;7 minutes;0;0;0;0;20%;0;54%
YaMou-4439;3076;0;0;0;0;0;0;0;0;0;0;0;0;0;0;21;12.61;36;22;16;0;0;0;0;0;0;0;0;0;0;0;0;2;1;1;23,833;14,322;7,708;2,747;0;0;0;3;1;1;1;0;0;0;0;0;0;0;0;0;0;0;03:46;02:16;02:01;34;20;14;15;9.01;7;3,557;1.99;1,403;0;0;0;1;0;0;0;0;0;29 minutes;00:45;0;0;0;0;0;37%
YATIAYASE-1475;4005;0;0;0;0;0;0;0;0;0;0;20;41.6;20;20;4;8.32;11;23;11;0;0;0;0;0;0;0;0;0;0;0;0;0;0;0;3,213;6,684;3,213;1,633;0;0;0;1;1;0;0;0;0;0;0;0;0;0;0;0;0;0;00:28;00:59;00:28;8;17;8;2;4.16;2;771;2.1;771;0;0;0;8;1;0;0;0;0;6 minutes;0;0;0;0;12%;12%;0
Yoooz-3681;2542;0;0;0;0;0;0;0;0;0;0;0;0;0;0;5;28.64;1;6;1;0;0;0;0;0;0;0;0;0;0;0;0;0;0;0;1,127;6,455;1,127;620;0;0;0;0;0;0;0;0;0;0;0;0;0;0;0;0;0;0;00:05;00:29;00:05;0;0;0;2;11.45;2;129;0.66;129;0;0;0;0;0;0;0;0;0;3 minutes;0;0;0;0;0;0;0
Yubuu-1763;42;0;0;0;0;0;6%;3;1;1;0;840;665.57;380;355;12;9.5;30;24;14;0;0;0;0;0;0;0;0;0;0;0;0;1;0;0;13,324;10,557.51;5,608;4,920;0;0;0;3;1;1;1;0;0;0;0;0;0;0;0;0;0;0;00:35;00:28;00:29;3;2;1;13;10.3;5;1,960;0;785;0;0;0;0;0;0;0;0;0;15 minutes;05:08;0;0;0;32%;0;16%
YuzuP-1934;1855;0;2;1;1;1;19%;6;2;2;0;699;215.31;210;195;35;10.77;28;9;11;2;0.61;1;1;0.05;0;1;0;0;0;0;2;3;1;1;26,986;8,308;7,675;6,506;1;0;0;7;2;2;3;0;0;0;0;0;0;0;0;2;0.61;1;01:58;00:36;01:11;12;4;9;18;5.54;5;1,766;0.77;565;0;0;0;134;31;0;0;0;0;38 minutes;00:20;0;0;0;23%;27%;26%
Zalphx-1161;3789;0;6;1;2;5;3%;4;1;1;0;2,635;268.39;841;545;50;5.09;196;20;35;6;0.61;2;1;0.12;0;0;0;0;0;0;1;10;0;8;86,821;8,844;18,407;5,141;1;0;0;15;2;8;5;0;0;0;0;0;0;0;0;3;0.3;1;09:02;00:55;01:53;73;7;12;64;6.51;15;8,237;1.31;1,530;0;0;0;415;127;0;0;0;0;1 hour;12:16;0;0;1;30%;54%;85%
Zatanna-11384;65;0;161;3;8;27;7%;180;9;7;0;52,261;822.65;2,122;1,445;628;9.88;1,168;18;40;163;2.56;8;4;0.25;0;8;0;67;1.05;4;0;64;0;41;670,484;10,554.24;17,714;8,483;4;0.36;0;102;28;47;27;6;0.09;1;0;0;0;3;1;58;0.91;5;35:04;00:33;01:39;351;6;20;651;10.24;24;69,980;0;2,346;0;0;0;0;0;19;0.29;2;0;14 hours;02:11:22;0;0;0;33%;0;64%
Zeref-1317;2724;0;3;1;2;1;9%;5;3;2;0;1,105;357.12;520;517;19;6.14;49;16;14;3;0.96;2;2;0.15;0;0;0;1;0.32;1;1;3;1;2;33,000;10,669;8,424;5,847;2;0;0;4;0;2;2;0;0;0;0;0;0;0;0;2;0.64;1;04:11;01:21;01:32;25;8;9;29;9.37;7;2,659;1.22;829;0;0;0;278;53;0;0;0;0;36 minutes;11:44;0;0;3;19%;0;53%
zunba-3237;4790;0;0;0;0;0;0;0;0;0;0;80;184.41;80;80;6;13.83;5;12;5;0;0;0;0;0;0;0;0;0;0;0;0;0;0;0;4,664;10,752;4,652;2,790;0;0;0;1;0;0;0;0;0;0;0;0;0;0;0;0;0;0;00:03;00:07;00:03;2;5;2;5;11.52;5;545;1.54;533;0;0;0;17;4;0;0;0;0;5 minutes;0;0;0;0;23%;0;32%
