Adameve-11380;3410;0;6%;30;6;6;0.01;33,218;8,802.83;5,466;3,131;8;2.11;3;46;12.18;42;11.12;9;5;0.91;0;0;0;0;0;0;0;1;0;5;1.32;2;28;7.41;7;3;4;0;0;0;0;0;0;5;0;0;6;2;2;2;0;0;0;3;1;18;4.76;7;01:27;00:23;00:24;0;0;0;0;0;0;1,061;445;6;1.58;3;0;0;0;44 minutes;00:00;0;0;0;0;0;41%;49%;10%
Ahahababa-3671;2530;0;12%;10;5;2;0.01;5,982;10,098.07;4,272;1,440;2;3.37;2;8;13.5;13;21.94;10;4;1.62;0;0;0;0;0;0;0;0;0;0;0;0;7;11.81;5;0;1;0;0;0;0;0;0;4;0;0;1;0;0;1;0;0;0;0;0;6;10.12;5;00:40;01:09;00:30;0;0;0;0;0;0;231;82;0;0;0;0;0;0;8 minutes;0;0;0;0;0;0;35%;37%;62%
Akimoto-3310;3063;1;7%;100;12;7;0.01;107,160;11,274.87;16,179;6,065;37;3.89;5;102;10.73;198;20.83;25;10;1.94;0;0;0;0;0;0;0;1;0;8;0.84;3;111;11.67;15;5;10;0;4;0;0;0;0;10;0;0;20;10;5;6;2;0.21;1;4;2;73;7.68;14;05:52;00:37;01:05;0;0;0;0;0;0;3,478;1,405;14;1.47;3;0;0;0;1 hour;05:42;0;0;0;0;0;40%;86%;42%
Aktm-11812;0;0;6%;14;5;2;0.01;13,088;10,852.98;4,378;2,715;5;4.14;3;10;8.29;30;24.87;12;10;3;0;0;0;0;0;0;0;0;0;1;0.82;1;21;17.41;9;1;1;0;0;0;0;0;0;10;0;0;2;1;0;0;0;0;0;0;0;9;7.46;4;00:16;00:13;00:10;0;0;0;0;0;0;379;205;5;4.14;2;0;0;0;13 minutes;00:44;0;0;0;0;0;54%;52%;35%
Amzeyy-1680;4033;1;9%;14;14;8;0.03;9,952;14,505.12;9,952;7,573;0;0;0;2;2.91;27;39.35;27;22;13.5;0;0;0;0;0;0;0;0;0;2;2.91;2;9;13.11;9;0;1;0;1;0;0;0;0;22;0;0;2;0;2;0;1;1.45;1;0;0;12;17.48;12;00:05;00:08;00:05;0;0;0;0;0;0;262;146;2;2.91;2;0;0;0;6 minutes;02:17;0;0;0;0;0;55%;55%;100%
applejuice69-11392;0;46;8%;1,768;40;14;0.02;1,529,531;17,466.58;31,518;9,595;433;4.94;12;825;9.42;2,958;33.77;64;23;3.58;0;0;0;0;0;0;0;9;0;394;4.49;13;1,836;20.96;40;27;88;5;55;0;0;0;0;23;0;0;248;52;144;52;17;0.19;2;5;37;985;11.24;29;01:16:23;00:52;02:22;0;0;0;0;0;0;37,456;21,518;360;4.11;10;1;0;0;19 hours;04:00:34;0;0;0;0;10;57%;70%;63%
arbiterlin-1178;2685;9;10%;261;44;14;0.03;193,720;17,995.82;27,791;9,965;62;5.75;11;65;6.03;449;41.71;57;25;6.9;0;0;0;0;0;0;0;0;0;40;3.71;6;309;28.7;42;2;11;0;9;0;0;0;0;25;0;0;31;1;25;5;4;0.37;1;3;4;129;11.98;19;05:01;00:28;01:03;0;0;0;0;0;0;4,306;2,598;83;7.71;11;0;0;0;1 hour;49:00;0;0;0;0;6;60%;69%;86%
aRie-11198;2992;0;10%;6;3;2;0.01;3,926;8,170.13;2,446;1,460;1;2.08;1;5;10.4;7;14.56;4;3;1.4;0;0;0;0;0;0;0;0;0;2;4.16;2;4;8.32;2;0;0;0;0;0;0;0;0;3;0;0;0;0;0;0;0;0;0;0;0;2;4.16;2;00:20;00:41;00:18;0;0;0;0;0;0;130;60;0;0;0;0;0;0;5 minutes;00:10;0;0;0;0;0;46%;0;31%
Artificial-11535;2856;3;11%;328;33;12;0.02;226,418;14,514.32;19,582;5,662;52;3.33;8;164;10.51;385;24.68;37;14;2.34;0;0;0;0;0;0;0;3;0;4;0.25;1;210;13.46;24;6;16;1;8;0;0;0;0;14;0;0;48;19;17;12;2;0.12;1;3;3;145;9.29;24;09:43;00:37;02:03;0;0;0;0;0;0;7,070;2,967;51;3.26;7;0;0;0;3 hours;14:38;0;0;0;0;6;41%;56%;54%
AshkaliN-2848;73;2;9%;197;33;9;0;138,429;14,145.18;16,811;6,943;34;3.47;6;98;10.01;311;31.77;40;16;3.17;0;0;0;0;0;0;0;2;0;61;6.23;10;184;18.8;24;0;10;0;5;0;0;0;0;16;0;0;29;6;7;15;0;0;0;3;1;97;9.91;17;06:18;00:38;01:05;0;0;0;0;0;0;0;0;39;3.98;7;0;0;0;13 hours;08:14;0;0;0;0;0;48%;0;50%
baio-11451;3581;0;10%;8;8;4;0.03;5,617;30,385.09;5,617;2,576;1;5.4;1;2;10.81;5;27.04;5;3;2.5;0;0;0;0;0;0;0;0;0;0;0;0;2;10.81;2;0;0;0;0;0;0;0;0;3;0;0;1;0;0;0;0;0;0;0;0;2;10.81;2;00:09;00:50;00:09;0;0;0;0;0;0;121;80;0;0;0;0;0;0;3 minutes;0;0;0;0;0;0;66%;0;100%
Bamos-11989;2551;0;1%;3;1;1;0;16,542;14,015.58;6,141;5,504;6;5.08;3;15;12.7;23;19.48;9;6;1.53;0;0;0;0;0;0;0;0;0;11;9.31;5;11;9.31;6;1;1;0;0;0;0;0;0;6;0;0;2;1;0;1;0;0;0;0;0;9;7.62;5;00:58;00:49;00:30;0;0;0;0;0;0;543;230;3;2.54;2;0;0;0;17 minutes;01:27;0;0;0;0;0;42%;0;22%
Blu-4175;3000;0;5%;17;12;4;0.01;21,845;10,725.07;7,309;2,826;9;4.41;6;19;9.32;56;27.49;24;11;2.94;0;0;0;0;0;0;0;0;0;10;4.9;6;27;13.25;14;1;2;0;1;0;0;0;0;11;0;0;4;1;1;1;1;0.49;1;3;2;20;9.81;10;02:55;01:26;01:49;0;0;0;0;0;0;752;324;4;1.96;3;0;0;0;23 minutes;06:28;0;0;0;0;3;43%;42%;46%
Bluemoon-31853;3351;0;2%;1;1;1;0;3,309;8,320.77;2,025;2,025;1;2.51;1;6;15.08;4;10.05;3;3;0.66;0;0;0;0;0;0;0;0;0;0;0;0;2;5.02;1;0;0;0;0;0;0;0;0;3;0;0;1;0;0;1;0;0;0;0;0;1;2.51;1;00:11;00:29;00:11;0;0;0;0;0;0;104;43;0;0;0;0;0;0;4 minutes;0;0;0;0;0;0;41%;55%;0
BluStar-2121;57;1;5%;100;16;5;0;111,095;11,175.57;23,828;3,371;23;2.31;7;139;13.98;185;18.6;39;9;1.33;0;0;0;0;0;0;0;2;0;51;5.13;11;97;9.75;23;0;10;0;2;0;0;0;0;9;0;0;27;9;7;12;0;0;0;0;0;68;6.84;13;09:13;00:55;01:43;0;0;0;0;0;0;0;0;13;1.3;5;0;0;0;2 hours;05:15;0;0;0;0;0;37%;0;22%
Bobosa-3106;0;18;5%;1,043;25;7;0.01;1,444,459;14,520.91;21,237;6,777;481;4.83;12;1,254;12.6;2,779;27.93;51;19;2.21;0;0;0;0;0;0;0;11;1;663;6.66;19;1,726;17.35;31;49;99;4;47;0;0;0;109;19;0;0;275;85;100;91;17;0.17;2;5;40;925;9.29;19;01:36:18;00:58;02:44;0;0;0;0;0;0;38,649;20,264;396;3.98;11;1;0;0;22 hours;03:22:21;0;0;0;0;10;52%;86%;47%
BriBrii-2647;1225;1;3%;86;9;3;0;156,516;8,492.5;11,563;3,139;49;2.65;7;239;12.96;269;14.59;24;8;1.12;0;0;0;0;0;0;0;2;0;59;3.2;6;145;7.86;16;12;18;1;5;0;0;0;0;8;0;0;46;24;9;13;1;0.05;1;3;1;98;5.31;11;14:44;00:48;01:27;0;0;0;0;0;0;8,571;2,383;51;2.76;6;0;0;0;3 hours;02:33;0;0;0;0;12;27%;47%;28%
bricks-11417;0;0;11%;5;5;3;0;2,977;4,147.08;2,977;1,890;0;0;0;4;5.57;4;5.57;4;3;1;0;0;0;0;0;0;0;0;0;1;1.39;1;3;4.17;3;0;1;0;0;0;0;0;0;3;0;0;3;1;1;0;0;0;0;0;0;1;1.39;1;00:06;00:08;00:06;0;0;0;0;0;0;0;0;1;1.39;1;0;0;0;4 minutes;0;0;0;0;0;0;59%;0;0
buff4eyes-1647;45;0;2%;1;1;1;0;1,717;5,223.67;1,089;797;0;0;0;5;15.21;5;15.21;3;3;1;0;0;0;0;0;0;0;0;0;3;9.12;2;2;6.08;1;0;0;0;0;0;0;0;0;3;0;0;1;1;0;1;0;0;0;0;0;0;0;0;00:03;00:11;00:03;0;0;0;0;0;0;0;0;2;6.08;2;0;0;0;3 minutes;0;0;0;0;0;0;35%;0;0
burii-11667;0;4;5%;140;18;6;0.01;162,725;13,634.79;17,366;6,774;54;4.52;11;122;10.22;333;27.9;45;17;2.72;0;0;0;0;0;0;0;0;0;72;6.03;10;246;20.61;34;5;12;0;6;0;0;0;0;17;0;0;37;9;12;16;4;0.33;2;3;4;87;7.28;12;06:37;00:33;00:58;0;0;0;0;0;0;4,589;2,335;97;8.12;14;0;0;0;2 hours;38:24;0;0;0;0;3;50%;60%;54%
cacaron-1244;3164;0;3%;4;4;2;0.01;7,016;21,468.31;6,322;3,946;1;3.06;1;4;12.24;7;21.42;7;3;1.75;0;0;0;0;0;0;0;0;0;2;6.12;2;4;12.24;4;0;0;0;0;0;0;0;0;3;0;0;0;0;0;0;0;0;0;0;0;4;12.24;4;00:20;01:01;00:18;0;0;0;0;0;0;206;106;0;0;0;0;0;0;4 minutes;0;0;0;0;0;0;51%;51%;100%
CajunBuu-1638;3821;0;6%;5;5;4;0.01;5,349;22,724.74;5,349;2,752;0;0;0;3;12.74;11;46.73;11;5;3.66;0;0;0;0;0;0;0;0;0;4;16.99;4;9;38.23;9;0;0;0;0;0;0;0;0;5;0;0;0;0;0;0;0;0;0;0;0;2;8.49;2;00:09;00:42;00:09;0;0;0;0;0;0;149;77;1;4.24;1;0;0;0;4 minutes;01:59;0;0;0;0;0;51%;0;0
Calvin-1337;4187;34;10%;1,621;45;16;0.03;1,173,915;17,950.7;26,856;9,443;336;5.13;9;649;9.92;2,348;35.9;52;28;3.61;0;0;0;0;0;0;0;10;0;146;2.23;8;1,523;23.28;33;21;65;3;41;0;0;0;0;28;0;0;187;27;107;53;8;0.12;1;5;32;765;11.69;21;42:43;00:39;01:49;0;0;0;0;0;0;29,482;15,323;352;5.38;12;0;0;0;14 hours;03:34:40;0;0;0;0;8;51%;70%;62%
Camou-1349;3855;0;14%;16;12;6;0.03;9,381;14,642.75;4,866;3,201;2;3.12;1;6;9.36;18;28.09;13;11;3;0;0;0;0;0;0;0;0;0;0;0;0;10;15.6;7;0;1;0;1;0;0;0;0;11;0;0;1;0;0;0;0;0;0;0;0;5;7.8;5;00:05;00:07;00:04;0;0;0;0;0;0;267;114;0;0;0;0;0;0;7 minutes;0;0;0;0;0;0;42%;0;99%
CaptainEVS-1315;80;0;22%;23;18;13;0;6,569;6,573.13;2,479;1,704;1;1;1;9;9;23;23.01;10;6;2.55;0;0;0;0;0;0;0;0;0;3;3;1;11;11;6;0;1;0;1;0;0;0;0;6;0;0;3;1;1;2;0;0;0;0;0;8;8;4;00:50;00:50;00:28;0;0;0;0;0;0;0;0;3;3;2;0;0;0;10 minutes;0;0;0;0;0;0;37%;0;87%
carnifex-2958;4505;3;5%;129;18;10;0.02;142,332;18,082.72;20,705;8,565;20;2.54;5;76;9.65;182;23.12;38;12;2.39;0;0;0;0;0;0;0;0;0;35;4.44;8;92;11.68;20;4;8;0;3;0;0;0;0;12;0;0;26;4;13;8;1;0.12;1;4;1;63;8;14;10:40;01:21;01:32;0;0;0;0;0;0;4,117;2,245;16;2.03;5;0;0;0;1 hour;10:34;0;0;0;0;0;54%;66%;38%
CERT-3809;2539;0;4%;6;6;3;0;10,182;16,787.05;10,182;3,200;2;3.29;2;7;11.54;32;52.75;32;10;4.57;0;0;0;0;0;0;0;0;0;9;14.83;9;12;19.78;12;0;1;0;1;0;0;0;0;10;0;0;1;1;0;1;0;0;0;0;0;20;32.97;20;00:57;01:34;00:57;0;0;0;0;0;0;347;141;1;1.64;1;0;0;0;12 minutes;00:21;0;0;0;0;0;40%;40%;100%
Circe-1107;3150;0;2%;4;4;2;0;11,807;16,804.56;11,807;3,718;2;2.84;2;3;4.26;31;44.11;31;10;10.33;0;0;0;0;0;0;0;0;0;2;2.84;2;12;17.07;12;0;1;0;1;0;0;0;0;10;0;0;2;2;0;0;1;1.42;1;0;0;10;14.23;10;00:35;00:50;00:35;0;0;0;0;0;0;379;175;2;2.84;2;0;0;0;8 minutes;01:25;0;0;0;0;0;46%;0;100%
ClarieFarron-11811;2703;0;3%;8;4;3;0;11,989;9,625.2;5,065;1,882;1;0.8;1;13;10.43;18;14.45;9;6;1.38;0;0;0;0;0;0;0;0;0;6;4.81;3;14;11.23;8;1;1;0;0;0;0;0;0;6;0;0;4;1;0;2;0;0;0;3;1;7;5.61;3;00:41;00:33;00:21;0;0;0;0;0;0;439;211;3;2.4;2;0;0;0;14 minutes;01:06;0;0;0;0;0;48%;43%;26%
clockwise-11369;3706;7;9%;294;37;14;0.02;227,804;16,533.44;23,846;6,767;64;4.64;8;138;10.01;446;32.36;47;15;3.23;0;0;0;0;0;0;0;1;0;39;2.83;7;273;19.81;27;6;14;1;7;0;0;0;0;15;0;0;42;8;21;13;3;0.21;1;3;3;123;8.92;12;07:12;00:31;01:19;0;0;0;0;0;0;5,974;3,026;62;4.49;7;0;0;0;2 hours;29:34;0;0;0;0;2;50%;55%;47%
Cobrastyles-1994;2681;0;2%;1;1;1;0;2,459;8,810.92;2,459;1,269;0;0;0;4;14.33;2;7.16;2;1;0.5;0;0;0;0;0;0;0;0;0;1;3.58;1;1;3.58;1;0;0;0;0;0;0;0;0;1;0;0;1;0;0;0;0;0;0;0;0;1;3.58;1;00:17;01:03;00:17;0;0;0;0;0;0;65;43;0;0;0;0;0;0;2 minutes;0;0;0;0;0;0;66%;0;0
CoffeeJelly-11718;0;0;8%;31;10;3;0.02;8,644;22,929.35;8,437;2,831;1;2.16;1;5;13.26;13;34.48;13;7;2.6;10;27;10;10;27;10;0;0;0;1;2.16;1;5;13.26;5;0;0;0;0;470;1,247.08;395;210;7;0;0;1;1;0;1;0;0;0;0;0;6;15.91;6;01:03;02:47;01:00;3;8;3;80;1.25;80;2,158;1,079;1;2.16;1;0;0;0;6 minutes;00:03;0;0;0;0;1;50%;0;0
Cohias-1934;3115;0;8%;29;7;6;0.01;25,446;13,705.21;4,880;3,120;5;2.69;2;31;16.69;50;26.93;10;7;1.61;0;0;0;0;0;0;0;0;0;5;2.69;3;28;15.08;6;1;2;0;1;0;0;0;0;7;0;0;6;2;2;2;0;0;0;0;0;9;4.84;5;01:25;00:46;00:36;0;0;0;0;0;0;737;343;7;3.77;2;0;0;0;27 minutes;00:39;0;0;0;0;0;46%;50%;27%
cowbama-4260;2598;1;4%;31;14;6;0;52,909;13,638.32;17,145;5,327;27;6.95;9;48;12.37;121;31.19;39;11;2.52;0;0;0;0;0;0;0;0;0;23;5.92;8;74;19.07;24;2;4;0;2;0;0;0;0;11;0;0;11;2;5;4;1;0.25;1;3;2;27;6.95;13;02:38;00:40;01:31;0;0;0;0;0;0;1,656;725;30;7.73;11;0;0;0;59 minutes;05:43;0;0;0;0;0;43%;56%;61%
CRA2YDOG-3822;2743;19;5%;520;24;14;0.01;702,692;14,105.11;28,208;12,378;203;4.07;12;540;10.83;1,164;23.36;44;18;2.15;0;0;0;0;0;0;0;9;0;229;4.59;10;658;13.2;30;21;50;2;27;0;0;0;0;18;0;0;149;46;52;51;11;0.22;1;5;11;504;10.11;22;54:38;01:05;02:38;0;0;0;0;0;0;21,360;10,328;146;2.93;7;0;0;0;10 hours;01:00:35;0;0;0;0;30;48%;77%;53%
Crowner-31484;4074;2;8%;58;18;7;0.02;46,592;11,748.97;11,568;4,896;12;3.02;3;19;4.79;131;33.03;33;13;6.89;0;0;0;0;0;0;0;0;0;5;1.26;2;70;17.65;19;0;4;0;4;0;0;0;0;13;0;0;14;5;5;3;2;0.5;1;4;1;32;8.06;8;02:05;00:31;00:53;0;0;0;0;0;0;1,349;652;13;3.27;5;0;0;0;40 minutes;07:15;0;0;0;0;1;48%;52%;97%
CtrlAltL337-1674;58;68;8%;3,169;46;11;0;2,725,902;14,008.51;32,368;7,168;1,012;5.2;18;2,487;12.78;5,618;28.87;71;19;2.25;0;0;0;0;0;0;0;46;0;223;1.14;6;3,382;17.38;48;0;195;0;92;5;0.02;0;41;19;0;0;577;143;251;183;13;0.06;2;5;39;2,651;13.62;29;04:48:26;01:28;02:48;0;0;0;133,729;0;0;0;0;728;3.74;11;3;0;0;43 hours;08:18:36;0;0;523;2.68;0;40%;0;47%
Dark-15913;3265;0;6%;5;3;3;0;6,409;11,240.9;3,579;1,925;2;3.5;2;9;15.78;16;28.06;14;10;1.77;0;0;0;0;0;0;0;0;0;0;0;0;5;8.76;5;1;1;0;0;0;0;0;0;10;0;0;2;0;1;1;0;0;0;0;0;6;10.52;6;00:10;00:18;00:08;0;0;0;0;0;0;207;83;3;5.26;3;0;0;0;8 minutes;02:02;0;0;0;0;0;40%;0;0
Darkaz-6141;3705;1;12%;219;36;11;0.02;140,366;13,127.19;17,704;4,497;44;4.11;8;118;11.03;288;26.93;43;14;2.44;0;0;0;0;0;0;0;2;0;22;2.05;5;166;15.52;20;5;11;1;5;0;0;0;0;14;0;0;30;9;15;6;0;0;0;4;5;94;8.79;20;06:23;00:35;01:13;0;0;0;0;0;0;3,730;1,820;34;3.17;6;0;0;0;2 hours;16:47;0;0;0;0;1;48%;52%;45%
DeerFanning-1832;3281;3;6%;91;23;6;0.02;89,217;23,740.67;23,898;5,471;14;3.72;5;39;10.37;142;37.78;42;15;3.64;0;0;0;0;0;0;0;0;0;23;6.12;7;72;19.15;21;2;4;2;0;0;0;0;0;15;0;0;12;3;4;5;0;0;0;4;2;45;11.97;21;04:02;01:04;01:30;0;0;0;0;0;0;2,352;1,303;7;1.86;3;0;0;0;1 hour;10:04;0;0;0;0;0;55%;59%;8%
DeGuN-2283;75;0;5%;4;3;3;0;4,347;13,164.1;2,346;1,836;3;9.08;2;5;15.14;17;51.48;9;8;3.4;0;0;0;0;0;0;0;0;0;7;21.19;5;11;33.31;6;0;0;0;0;0;0;0;0;0;0;0;1;0;1;0;0;0;0;0;0;4;12.11;2;00:14;00:42;00:10;0;0;0;0;0;0;0;0;3;9.08;2;0;0;0;6 minutes;00:04;0;0;0;0;0;41%;0;100%
DERPGUYZ-1495;2481;0;10%;34;13;5;0.01;26,487;10,820.51;8,710;2,770;13;5.31;6;36;14.7;58;23.69;22;7;1.61;0;0;0;0;0;0;0;0;0;4;1.63;3;36;14.7;15;2;2;0;1;0;0;0;0;7;0;0;4;1;2;1;2;0.81;1;3;1;22;8.98;6;02:50;01:09;01:04;0;0;0;0;0;0;934;322;9;3.67;4;1;0;0;33 minutes;00:44;0;0;0;0;2;34%;42%;28%
DerpHead-3508;2487;0;7%;31;8;8;0.01;28,860;8,278.82;5,554;2,747;6;1.72;2;31;8.89;44;12.62;9;6;1.41;0;0;0;0;0;0;0;0;0;5;1.43;4;31;8.89;8;2;3;0;2;0;0;0;74;6;0;0;9;5;1;3;1;0.28;1;0;0;6;1.72;2;01:18;00:22;00:27;0;0;0;0;0;0;1,097;407;6;1.72;2;0;0;0;34 minutes;01:00;0;0;0;0;0;37%;43%;43%
Deso-11717;2903;2;6%;152;20;7;0.01;159,789;11,051.12;15,943;5,175;46;3.18;8;146;10.09;340;23.51;52;11;2.32;0;0;0;0;0;0;0;5;0;25;1.72;7;189;13.07;26;8;14;1;6;0;0;0;0;11;0;0;32;17;6;10;3;0.2;1;3;2;111;7.67;16;09:09;00:38;01:15;0;0;0;0;0;0;4,786;2,242;37;2.55;8;0;0;0;3 hours;10:41;0;0;0;0;2;46%;54%;39%
DevjlCloudVN-1911;3102;1;7%;109;21;7;0.01;111,842;15,017.59;17,154;3,682;32;4.29;10;82;11.01;186;24.97;38;11;2.26;0;0;0;0;0;0;0;1;0;11;1.47;4;100;13.42;23;3;7;1;4;0;0;0;0;11;0;0;17;5;6;6;0;0;0;3;1;77;10.33;16;06:58;00:56;01:14;0;0;0;0;0;0;3,411;1,469;22;2.95;8;0;0;0;1 hour;08:37;0;0;0;0;1;43%;45%;47%
doGsInaT-1838;3173;0;9%;103;18;8;0.02;81,882;14,394.27;11,325;6,231;29;5.09;5;62;10.89;162;28.47;29;13;2.61;0;0;0;0;0;0;0;0;0;4;0.7;1;101;17.75;19;4;6;0;2;0;0;0;0;13;0;0;14;6;3;5;0;0;0;3;2;29;5.09;6;02:40;00:28;01:00;0;0;0;0;0;0;2,027;1,039;28;4.92;6;0;0;0;1 hour;12:10;0;0;0;0;6;51%;58%;38%
Edude13-1114;2202;4;4%;127;19;7;0;234,308;11,174.47;17,345;4,730;135;6.43;14;219;10.44;484;23.08;42;13;2.21;0;0;0;0;0;0;0;4;0;166;7.91;15;344;16.4;27;9;21;0;12;0;0;0;0;13;0;0;35;11;8;16;7;0.33;1;4;13;163;7.77;16;14:08;00:40;01:48;0;0;0;0;0;0;6,844;3,118;120;5.72;14;1;0;0;4 hours;39:11;0;0;0;0;13;45%;55%;55%
Elir-11927;69;4;8%;234;25;11;0;200,000;14,100.83;25,517;6,304;20;1.41;7;160;11.28;422;29.75;46;14;2.63;0;0;0;0;0;0;0;0;0;3;0.21;1;243;17.13;35;0;14;0;5;0;0;0;0;14;0;0;44;7;24;13;0;0;0;3;1;176;12.4;21;20:38;01:27;03:07;0;0;0;0;0;0;0;0;50;3.52;13;0;0;0;2 hours;41:40;0;0;0;0;0;56%;0;33%
Enfoirer-4370;3000;6;27%;5;5;5;0.14;525;16,796.9;525;525;53;4.09;9;1;31.96;372;28.77;58;20;2.88;0;0;0;0;0;0;0;2;0;135;10.44;19;259;20.03;41;0;0;1;9;0;0;0;0;20;0;0;0;0;0;0;4;0.3;2;4;5;103;7.96;20;06:00;00:27;01:16;0;0;0;0;0;0;74;18;67;5.18;9;0;0;0;35.4802340567112 seconds;29:16;0;0;0;0;3;24%;83%;66%
EnumaElish-3343;3604;75;7%;3,586;43;11;0.02;3,277,825;16,482.13;31,280;9,577;869;4.36;13;2,154;10.83;6,076;30.55;57;30;2.82;0;0;0;0;0;0;0;24;0;506;2.54;10;3,544;17.82;40;83;199;10;106;0;0;0;0;30;0;0;544;125;269;151;20;0.1;1;5;77;1,987;9.99;24;02:24:08;00:43;01:55;0;0;0;0;0;0;91,912;46,627;593;2.98;11;0;0;0;44 hours;07:04:21;0;0;0;0;24;50%;100%;53%
Envi-31896;3032;0;5%;4;4;2;0.01;4,515;12,990.39;4,515;2,437;0;0;0;6;17.26;8;23.01;8;4;1.33;0;0;0;0;0;0;0;0;0;3;8.63;3;6;17.26;6;0;0;0;0;0;0;0;0;4;0;0;1;0;0;0;0;0;0;0;0;1;2.87;1;00:00;00:00;00:00;0;0;0;0;0;0;153;67;4;11.5;4;0;0;0;6 minutes;0;0;0;0;0;0;43%;0;0
EquarTix-2371;64;17;8%;686;31;9;0;556,403;14,414.73;25,072;11,222;194;5.02;11;418;10.82;1,275;33.03;54;21;3.05;0;0;0;0;0;0;0;7;0;217;5.62;17;799;20.69;36;0;39;0;22;0;0;0;0;21;0;0;116;23;50;43;24;0.62;5;3;12;448;11.6;27;36:50;00:57;02:25;0;0;0;0;0;0;0;0;188;4.87;10;0;0;0;8 hours;01:34:39;0;0;0;0;0;46%;0;56%
Eso-3710;0;0;6%;2;2;2;0.01;1,983;5,330.88;1,983;770;0;0;0;3;8.06;1;2.68;1;1;0.33;0;0;0;0;0;0;0;0;0;1;2.68;1;1;2.68;1;0;0;0;0;0;0;0;0;1;0;0;0;0;0;0;0;0;0;0;0;0;0;0;0;0;0;0;0;0;0;0;0;72;32;0;0;0;0;0;0;2 minutes;0;0;0;0;0;0;44%;44%;0
Euront-2569;2224;1;8%;38;13;7;0.01;34,096;7,344.5;9,051;3,683;9;1.93;4;48;10.33;72;15.5;26;15;1.5;0;0;0;0;0;0;0;0;0;6;1.29;5;42;9.04;14;3;5;0;1;0;0;0;0;15;0;0;13;7;5;1;1;0.21;1;0;0;31;6.67;12;04:02;00:52;01:45;0;0;0;0;0;0;1,121;443;8;1.72;3;0;0;0;51 minutes;01:53;0;0;0;0;5;39%;49%;21%
eXile1cK-1643;2867;1;9%;101;16;6;0.02;79,075;11,170.28;8,068;3,104;26;3.67;6;89;12.57;154;21.75;20;10;1.73;0;0;0;0;0;0;0;2;0;27;3.81;4;101;14.26;14;4;7;0;3;0;0;0;0;10;0;0;18;7;5;6;0;0;0;3;1;55;7.76;8;04:26;00:37;01:00;0;0;0;0;0;0;2,312;1,034;25;3.53;3;0;0;0;1 hour;03:09;0;0;0;0;0;44%;48%;43%
Exodia-11437;3777;0;5%;4;4;4;0.01;5,099;7,516.38;5,099;2,998;0;0;0;1;1.47;8;11.79;8;7;8;0;0;0;0;0;0;0;0;0;1;1.47;1;4;5.89;4;0;1;0;1;0;0;0;0;7;0;0;2;1;0;1;0;0;0;0;0;2;2.94;2;00:01;00:02;00:01;0;0;0;0;0;0;204;79;1;1.47;1;0;0;0;4 minutes;0;0;0;0;0;0;38%;38%;100%
Faith-1102;50;4;10%;146;24;12;0;105,354;11,560;12,207;6,104;40;4.38;14;51;5.59;243;26.66;35;12;4.76;0;0;0;0;0;0;0;0;0;17;1.86;5;152;16.67;24;0;9;0;8;0;0;0;0;12;0;0;30;9;11;10;2;0.21;1;4;2;93;10.2;17;08:53;00:58;01:13;0;0;0;0;0;0;0;0;51;5.59;9;0;0;0;1 hour;16:07;0;0;0;0;0;43%;0;89%
fenner-1643;3668;2;8%;61;27;12;0.02;47,882;18,148.08;13,442;8,526;11;4.16;4;22;8.33;86;32.59;20;12;3.9;0;0;0;0;0;0;0;0;0;12;4.54;5;50;18.95;13;0;3;0;2;0;0;0;0;12;0;0;9;4;3;2;0;0;0;3;1;27;10.23;9;01:11;00:27;00:38;0;0;0;0;0;0;1,387;720;19;7.2;8;0;0;0;37 minutes;05:24;0;0;0;0;0;51%;57%;84%
fighteR-2604;63;0;4%;5;5;2;0;6,158;10,650.98;3,990;1,201;2;3.45;1;6;10.37;13;22.48;8;4;2.16;0;0;0;0;0;0;0;0;0;10;17.29;6;9;15.56;5;0;1;0;0;0;0;0;0;0;0;0;1;0;0;1;0;0;0;0;0;6;10.37;4;00:15;00:26;00:11;0;0;0;0;0;0;0;0;2;3.45;1;0;0;0;6 minutes;0;0;0;0;0;0;45%;0;73%
Fl0w3R-3730;0;1;9%;15;13;3;0.02;12,234;16,523.63;9,279;2,289;1;1.35;1;9;12.15;17;22.96;11;4;1.88;0;0;0;0;0;0;0;0;0;2;2.7;2;11;14.85;6;0;1;0;1;0;0;0;0;4;0;0;1;0;1;0;0;0;0;0;0;10;13.5;5;00:54;01:13;00:35;0;0;0;0;0;0;262;161;0;0;0;0;0;0;10 minutes;0;0;0;0;0;0;61%;61%;100%
Flame-12415;2806;2;8%;300;19;10;0.01;274,446;11,650.1;17,122;8,620;99;4.2;12;250;10.61;536;22.75;38;13;2.14;0;0;0;0;0;0;0;6;0;16;0.67;4;297;12.6;18;12;24;1;10;0;0;0;0;13;0;0;45;18;9;18;4;0.16;1;4;9;198;8.4;17;17:12;00:43;02:02;0;0;0;0;0;0;8,966;3,518;70;2.97;6;0;0;0;5 hours;17:40;0;0;0;0;0;39%;52%;42%
Forsak3n-2206;75;0;8%;62;15;6;0;44,204;9,432.44;6,842;5,102;9;1.92;4;40;8.53;107;22.83;19;14;2.67;0;0;0;0;0;0;0;0;0;4;0.85;2;47;10.02;10;0;5;0;4;0;0;0;0;0;0;0;9;3;1;4;0;0;0;3;1;36;7.68;9;04:07;00:52;00:58;0;0;0;0;0;0;0;0;9;1.92;2;1;0;0;53 minutes;00:57;0;0;0;0;0;52%;0;86%
Frostnium-1430;2424;1;7%;70;10;6;0.01;72,230;9,929.95;9,868;4,682;28;3.84;6;65;8.93;154;21.17;26;10;2.36;0;0;0;0;0;0;0;1;0;26;3.57;6;87;11.96;14;4;7;0;3;0;0;0;0;10;0;0;17;6;6;5;2;0.27;1;3;4;68;9.34;15;06:59;00:57;01:38;0;0;0;0;0;0;2,621;939;18;2.47;4;0;0;0;1 hour;06:20;0;0;0;0;0;35%;45%;42%
Frosty-3647;3980;7;7%;204;23;9;0.02;188,306;14,000.15;16,870;7,671;53;3.94;9;123;9.14;361;26.83;48;20;2.93;0;0;0;0;0;0;0;2;0;31;2.3;5;220;16.35;23;7;13;1;6;0;0;0;0;20;0;0;37;5;24;8;1;0.07;1;3;3;118;8.77;15;08:41;00:38;01:22;0;0;0;0;0;0;5,291;2,666;46;3.41;6;0;0;0;2 hours;29:18;0;0;0;0;0;50%;59%;41%
Fulena-1606;3613;36;5%;1,282;32;19;0.01;1,533,770;16,693.65;35,198;9,435;429;4.66;12;802;8.72;2,787;30.33;60;21;3.47;0;0;0;0;0;0;0;8;0;396;4.31;15;1,640;17.84;36;32;92;3;57;0;0;0;0;21;0;0;251;58;108;85;7;0.07;1;4;32;932;10.14;30;01:04:23;00:42;02:39;0;0;0;0;0;0;42,905;22,403;350;3.8;11;1;0;0;19 hours;02:34:20;0;0;0;0;13;52%;64%;62%
GambleRumble-1509;3583;7;5%;554;29;9;0.01;719,881;12,035.21;24,412;8,151;242;4.04;12;577;9.64;1,470;24.57;47;22;2.54;0;0;0;0;0;0;0;9;0;174;2.9;8;843;14.09;25;20;60;1;39;0;0;0;0;22;0;0;139;50;30;59;13;0.21;2;5;19;473;7.9;23;36:14;00:36;01:53;0;0;0;0;0;0;19,512;9,888;174;2.9;11;1;0;0;11 hours;01:17:23;0;0;0;0;3;50%;63%;64%
GH4NA-1439;2926;0;7%;9;8;4;0.02;8,314;15,891.07;7,892;2,695;0;0;0;7;13.37;13;24.84;13;5;1.85;0;0;0;0;0;0;0;0;0;3;5.73;3;6;11.46;6;1;1;0;0;0;0;0;0;5;0;0;2;1;0;0;0;0;0;0;0;6;11.46;6;00:39;01:15;00:39;0;0;0;0;0;0;231;123;2;3.82;2;0;0;0;7 minutes;0;0;0;0;0;0;53%;52%;0
GhostDragon-153648;3026;12;9%;469;27;11;0.02;364,744;14,522.33;18,280;7,942;114;4.53;9;227;9.03;831;33.08;44;17;3.66;0;0;0;0;0;0;0;3;0;85;3.38;7;539;21.46;30;8;25;3;14;0;0;0;0;17;0;0;61;12;33;16;8;0.31;2;3;4;201;8;14;09:37;00:23;00:50;0;0;0;0;0;0;10,801;4,963;163;6.48;11;0;0;0;5 hours;01:02:11;0;0;0;0;4;45%;59%;56%
GoDLuci-1127;3686;69;10%;2,612;51;20;0.02;1,844,164;13,327.43;33,728;11,650;663;4.79;18;1,323;9.56;4,457;32.2;79;33;3.36;0;0;0;0;0;0;0;24;0;458;3.3;13;2,909;21.02;49;53;138;7;78;0;0;0;0;33;0;0;317;74;146;96;25;0.18;3;4;32;1,263;9.12;27;01:03:44;00:27;01:40;0;0;0;0;0;0;56,013;24,466;861;6.22;18;1;0;0;28 hours;06:05:17;0;0;0;0;46;43%;84%;56%
Gods-1217;4059;9;11%;523;42;20;0.03;353,693;17,442.94;23,814;11,716;91;4.48;11;203;10.01;686;33.83;52;21;3.37;0;0;0;0;0;0;0;2;0;54;2.66;10;463;22.83;30;8;20;1;11;0;0;0;0;21;0;0;53;13;25;15;2;0.09;1;4;8;206;10.15;24;11:58;00:35;01:01;0;0;0;0;0;0;8,787;4,640;98;4.83;9;0;0;0;4 hours;55:21;0;0;0;0;0;52%;62%;54%
Goosen-21913;2723;0;5%;42;8;4;0.01;51,548;10,258.26;13,718;2,740;18;3.58;5;65;12.93;99;19.7;25;8;1.52;0;0;0;0;0;0;0;1;0;19;3.78;5;59;11.74;14;4;5;1;0;0;0;0;0;8;0;0;10;4;1;5;0;0;0;3;2;33;6.56;10;02:05;00:24;00:25;0;0;0;0;0;0;1,680;729;14;2.78;4;0;0;0;1 hour;02:10;0;0;0;0;2;43%;68%;4%
Graceful-2412;87;7;8%;611;24;9;0;494,464;11,742.86;15,976;7,342;208;4.93;15;458;10.87;1,120;26.59;47;19;2.44;0;0;0;0;0;0;0;3;0;188;4.46;11;698;16.57;33;0;42;0;23;0;0;0;0;19;0;0;102;29;40;33;17;0.4;3;4;11;307;7.29;17;17:40;00:25;01:48;0;0;0;0;0;0;0;0;222;5.27;11;0;0;0;9 hours;45:23;0;0;0;0;0;40%;0;54%
Grifster-21910;57;0;8%;9;5;3;0;7,604;8,429.59;6,040;1,562;3;3.32;2;12;13.3;26;28.82;23;4;2.16;0;0;0;0;0;0;0;2;0;7;7.76;7;14;15.52;12;0;1;0;1;0;0;0;0;4;0;0;0;0;0;0;0;0;0;0;0;7;7.76;6;00:36;00:40;00:33;0;0;0;0;0;0;0;0;4;4.43;4;0;0;0;12 minutes;00:05;0;0;0;0;0;32%;0;100%
H4ms-3114;0;1;5%;32;13;5;0.01;45,997;12,321.59;17,322;7,989;11;2.94;5;25;6.69;88;23.57;36;11;3.52;0;0;0;0;0;0;0;0;0;18;4.82;11;48;12.85;19;1;4;0;2;0;0;0;0;11;0;0;9;3;5;1;0;0;0;3;1;28;7.5;13;03:42;00:59;01:17;0;0;0;0;0;0;1,112;622;10;2.67;6;0;0;0;35 minutes;01:49;0;0;0;0;0;55%;58%;64%
Hallowed-11808;2942;0;2%;5;3;3;0;11,624;10,211.23;4,035;2,992;3;2.63;2;13;11.41;15;13.17;6;4;1.15;0;0;0;0;0;0;0;0;0;1;0.87;1;11;9.66;4;1;1;0;0;0;0;0;0;4;0;0;1;0;0;1;0;0;0;0;0;2;1.75;1;00:32;00:28;00:24;0;0;0;0;0;0;418;184;2;1.75;1;0;0;0;14 minutes;00:46;0;0;0;0;0;44%;0;30%
Hamnett-3532;0;0;5%;5;5;3;0.01;7,201;10,179.86;5,600;2,841;2;2.82;1;6;8.48;17;24.03;10;9;2.83;0;0;0;0;0;0;0;0;0;1;1.41;1;7;9.89;5;0;1;0;0;0;0;0;0;9;0;0;2;1;1;1;0;0;0;0;0;5;7.06;3;00:07;00:09;00:05;0;0;0;0;0;0;177;91;4;5.65;2;0;0;0;7 minutes;02:19;0;0;0;0;0;51%;0;53%
HappyPants-1658;3503;0;7%;7;7;3;0.02;7,324;20,745.13;7,324;2,517;2;5.66;2;5;14.16;9;25.49;9;5;1.8;0;0;0;0;0;0;0;0;0;2;5.66;2;4;11.32;4;0;0;0;0;0;0;0;0;5;0;0;1;1;0;0;0;0;0;0;0;3;8.49;3;00:19;00:56;00:19;0;0;0;0;0;0;160;88;1;2.83;1;0;0;0;4 minutes;0;0;0;0;0;0;55%;0;100%
Hardi-11389;0;0;4%;3;3;2;0;4,564;10,853.53;3,472;1,425;0;0;0;6;14.26;12;28.53;8;3;2;0;0;0;0;0;0;0;0;0;1;2.37;1;7;16.64;5;0;0;0;0;0;0;0;0;3;0;0;1;0;0;1;0;0;0;0;0;5;11.88;3;00:28;01:07;00:22;0;0;0;0;0;0;227;69;2;4.75;1;0;0;0;7 minutes;0;0;0;0;0;0;30%;0;65%
HarryHook-2309;4272;1;5%;25;19;4;0.01;27,306;19,826.14;20,394;5,194;3;2.17;3;14;10.16;46;33.39;33;9;3.28;0;0;0;0;0;0;0;0;0;9;6.53;5;26;18.87;22;0;1;0;1;0;0;0;0;9;0;0;3;1;1;1;0;0;0;3;1;9;6.53;7;00:56;00:41;00:48;0;0;0;0;0;0;726;423;3;2.17;3;0;0;0;22 minutes;01:44;0;0;0;0;0;58%;76%;61%
HAVATITE-1990;2718;2;5%;165;12;6;0.01;220,616;12,814.69;18,559;5,644;68;3.94;10;176;10.22;342;19.86;31;12;1.94;0;0;0;0;0;0;0;1;0;39;2.26;5;186;10.8;16;10;17;0;7;0;0;0;0;12;0;0;37;18;10;9;1;0.05;1;4;4;121;7.02;12;16:13;00:56;02:12;0;0;0;0;0;0;6,778;3,060;34;1.97;4;0;0;0;3 hours;10:18;0;0;0;0;1;45%;70%;41%
HeyKatie-1413;3644;31;6%;1,482;42;13;0.01;1,496,575;15,285.99;24,183;9,031;440;4.49;13;990;10.11;3,305;33.75;47;22;3.33;0;0;0;0;0;0;0;12;0;732;7.47;23;2,124;21.69;34;26;98;4;68;0;0;0;0;22;0;0;267;84;83;100;9;0.09;1;4;26;879;8.97;18;46:46;00:28;01:13;0;0;0;0;0;0;37,633;21,404;458;4.67;9;0;0;0;21 hours;03:59:20;0;0;0;0;18;56%;80%;69%
HoilDaym7K-4639;1803;0;2%;4;1;1;0;11,674;8,151.56;3,727;2,761;2;1.39;1;15;10.47;17;11.87;7;7;1.13;0;0;0;0;0;0;0;0;0;0;0;0;9;6.28;4;0;1;1;1;0;0;0;0;7;0;0;4;1;2;1;1;0.69;1;0;0;7;4.88;7;00:52;00:36;00:35;0;0;0;0;0;0;374;154;5;3.49;2;0;0;0;15 minutes;00:40;0;0;0;0;2;41%;47%;40%
hoshimichan-1316;72;0;11%;7;7;4;0.02;3,961;11,526.7;3,961;2,807;0;0;0;4;11.64;9;26.19;9;9;2.25;0;0;0;0;0;0;0;0;0;2;5.82;2;4;11.64;4;0;0;0;0;0;0;0;0;9;0;0;1;0;1;0;0;0;0;0;0;2;5.82;2;00:09;00:28;00:09;0;0;0;0;0;0;164;61;2;5.82;2;0;0;0;4 minutes;01:04;0;0;0;0;0;37%;0;0
Hossy-11899;2833;0;2%;9;2;2;0;24,165;6,447.19;8,213;2,653;11;2.93;4;25;6.67;40;10.67;12;5;1.6;0;0;0;0;0;0;0;0;0;10;2.66;4;24;6.4;6;3;4;0;1;0;0;0;0;5;0;0;7;4;1;2;0;0;0;3;1;11;2.93;3;02:24;00:38;00:45;0;0;0;0;0;0;856;366;6;1.6;3;0;0;0;36 minutes;01:04;0;0;0;0;4;42%;100%;28%
Hung-3864;0;1;10%;10;8;5;0.03;7,342;15,382.44;6,561;3,073;2;4.19;2;7;14.66;10;20.95;10;3;1.42;0;0;0;0;0;0;0;1;0;2;4.19;2;5;10.47;5;0;0;0;0;0;0;0;0;3;0;0;1;0;1;0;0;0;0;0;0;1;2.09;1;00:02;00:06;00:02;0;0;0;0;0;0;192;96;0;0;0;0;0;0;5 minutes;0;0;0;0;0;0;50%;53%;0
Hunterhyde-1159;2701;4;11%;750;35;13;0.02;524,068;13,312.27;18,515;6,802;202;5.13;10;421;10.69;1,071;27.2;41;26;2.54;0;0;0;0;0;0;0;6;0;34;0.86;4;679;17.24;25;20;39;1;18;0;0;0;0;26;0;0;85;28;20;37;3;0.07;1;5;15;366;9.29;24;19:06;00:29;01:15;0;0;0;0;0;0;15,379;6,576;165;4.19;10;0;0;0;8 hours;49:07;0;0;0;0;7;42%;65%;46%
Hymalaya-1507;1698;5;7%;110;24;9;0.01;112,401;11,662.53;24,840;3,725;62;6.43;12;85;8.81;259;26.87;43;11;3.04;0;0;0;0;0;0;0;1;0;49;5.08;7;188;19.5;32;6;10;1;3;0;0;0;0;11;0;0;29;5;19;5;6;0.62;2;4;3;100;10.37;23;13:08;01:21;02:17;0;0;0;0;0;0;2,938;1,490;53;5.49;9;0;0;0;1 hour;22:22;0;0;0;0;13;50%;62%;32%
hymzi-2549;70;0;10%;9;9;5;0;7,043;15,755.41;7,043;4,543;7;15.65;7;1;2.23;24;53.69;24;18;24;0;0;0;0;0;0;0;0;0;1;2.23;1;14;31.31;14;0;0;0;0;0;0;0;0;18;0;0;1;1;0;0;0;0;0;4;1;5;11.18;5;00:00;00:00;00:00;0;0;0;0;0;0;0;0;4;8.94;4;0;0;0;5 minutes;01:07;0;0;0;0;0;48%;0;100%
Hyper-1157;3921;4;7%;368;22;8;0.01;374,987;17,696.17;23,916;8,285;84;3.96;9;235;11.08;669;31.57;49;17;2.84;0;0;0;0;0;0;0;3;0;83;3.91;10;367;17.31;33;8;21;1;13;0;0;0;0;17;0;0;58;23;16;19;2;0.09;1;4;9;225;10.61;19;17:37;00:49;01:20;0;0;0;0;0;0;10,591;5,199;97;4.57;12;0;0;0;5 hours;56:17;0;0;0;0;0;49%;58%;60%
IANBOT-11988;2823;10;7%;338;29;8;0.01;342,149;13,502.02;18,581;7,442;142;5.6;13;234;9.23;812;32.04;48;20;3.47;0;0;0;0;0;0;0;9;0;11;0.43;1;521;20.55;34;10;25;1;14;0;0;0;0;20;0;0;66;11;37;18;3;0.11;1;4;7;266;10.49;23;15:49;00:37;01:20;0;0;0;0;0;0;8,962;4,236;145;5.72;12;1;0;0;5 hours;01:22:19;0;0;0;0;14;47%;63%;56%
iddqd-2884;84;2;10%;151;28;12;0;93,032;12,599.46;18,260;4,746;35;4.74;8;68;9.2;282;38.19;40;18;4.14;0;0;0;0;0;0;0;0;0;45;6.09;9;170;23.02;23;0;7;0;7;0;0;0;0;0;0;0;20;5;8;7;1;0;1;3;3;71;9.61;14;02:50;00:23;01:07;0;0;0;0;0;0;0;0;53;7.17;8;0;0;0;1 hour;13:56;0;0;0;0;0;53%;0;100%
IekkAI-3307;3227;0;4%;1;1;1;0;1,239;11,358.31;1,239;659;0;0;0;1;9.16;2;18.33;2;2;2;0;0;0;0;0;0;0;0;0;1;9.16;1;1;9.16;1;0;0;0;0;0;0;0;0;2;0;0;0;0;0;0;0;0;0;0;0;1;9.16;1;0;0;0;0;0;0;0;0;0;61;21;0;0;0;0;0;0;1 minute;00:01;0;0;0;0;0;34%;0;0
IlIlIlIl-11546;0;0;13%;4;4;2;0.02;1,970;6,827.02;1,970;620;0;0;0;4;13.85;2;6.92;2;1;0.5;0;0;0;0;0;0;0;0;0;1;3.46;1;0;0;0;0;0;0;0;0;0;0;0;1;0;0;1;1;0;0;0;0;0;0;0;0;0;0;0;0;0;0;0;0;0;0;0;54;29;0;0;0;0;0;0;2 minutes;0;0;0;0;0;0;53%;53%;0
IMWarMachine-6379;2264;1;6%;55;11;5;0.01;55,892;12,370.91;13,746;4,288;10;2.21;5;44;9.73;102;22.57;30;13;2.31;0;0;0;0;0;0;0;0;0;30;6.64;11;62;13.72;19;1;5;0;3;0;0;0;0;13;0;0;11;2;7;2;3;0.66;1;0;0;45;9.96;12;02:00;00:26;00:43;0;0;0;0;0;0;1,681;867;16;3.54;7;1;0;0;50 minutes;06:11;0;0;0;0;1;51%;57%;69%
Incognito-1602;72;0;5%;1;1;1;0;1,317;10,841.38;1,317;739;1;8.23;1;2;16.46;3;24.7;3;2;1.5;0;0;0;0;0;0;0;0;0;1;8.23;1;1;8.23;1;0;0;0;0;0;0;0;0;2;0;0;0;0;0;0;0;0;0;0;0;3;24.7;3;00:12;01:41;00:12;0;0;0;0;0;0;0;0;0;0;0;0;0;0;1 minute;0;0;0;0;0;0;31%;0;0
Invision-2363;3901;12;7%;516;38;12;0.02;477,237;14,733.9;24,009;7,372;155;4.78;10;316;9.75;1,061;32.75;53;19;3.35;0;0;0;0;0;0;0;5;0;136;4.19;12;613;18.92;33;10;32;3;20;0;0;0;0;19;0;0;81;20;34;27;8;0.24;2;5;11;320;9.87;19;16:13;00:30;02:29;0;0;0;0;0;0;12,308;6,562;120;3.7;8;0;0;0;6 hours;57:14;0;0;0;0;3;53%;100%;60%
Ithae-1510;52;0;4%;6;3;3;0;8,631;10,992.26;3,336;1,809;5;6.36;3;9;11.46;18;22.92;8;5;2;0;0;0;0;0;0;0;0;0;7;8.91;3;11;14;4;0;1;0;0;0;0;0;0;5;0;0;3;1;1;1;0;0;0;0;0;9;11.46;4;00:44;00:56;00:27;0;0;0;0;0;0;0;0;4;5.09;2;0;0;0;10 minutes;0;0;0;0;0;0;44%;0;51%
JIhooN-31212;2641;3;5%;236;16;7;0.01;286,424;10,434.31;12,939;5,867;100;3.64;8;288;10.49;603;21.96;30;12;2.09;0;0;0;0;0;0;0;4;0;99;3.6;8;330;12.02;17;15;27;1;11;0;0;0;0;12;0;0;62;26;16;19;3;0.1;1;3;7;231;8.41;19;16:49;00:36;01:24;0;0;0;0;0;0;9,454;4,177;78;2.84;4;0;0;0;6 hours;14:56;0;0;0;0;9;44%;63%;40%
jjlol-11226;52;0;1%;4;2;2;0;12,069;11,198.75;11,514;2,253;3;2.78;3;11;10.2;34;31.54;32;8;3.09;0;0;0;0;0;0;0;0;0;11;10.2;11;17;15.77;17;0;1;0;1;0;0;0;0;8;0;0;4;2;1;1;0;0;0;0;0;17;15.77;15;01:20;01:15;01:20;0;0;0;0;0;0;0;0;3;2.78;3;0;0;0;15 minutes;00:53;0;0;0;0;0;37%;0;92%
JonnyBI-2703;3137;14;5%;749;26;8;0.01;886,962;11,977.48;26,475;7,684;244;3.29;14;714;9.64;1,597;21.56;47;17;2.23;0;0;0;0;0;0;0;6;0;317;4.28;13;878;11.85;27;42;74;3;29;0;0;0;0;17;0;0;150;49;49;52;4;0.05;2;4;18;541;7.3;23;35:34;00:28;01:55;0;0;0;0;0;0;24,962;13,023;225;3.03;9;0;0;0;14 hours;01:04:53;0;0;0;0;22;52%;83%;38%
KAKI-11832;0;2;3%;77;12;4;0.01;131,949;12,584.42;17,769;6,629;46;4.38;9;73;6.96;298;28.42;45;24;4.08;0;0;0;0;0;0;0;0;0;72;6.86;12;185;17.64;32;3;10;0;8;0;0;0;0;24;0;0;26;7;9;9;2;0.19;1;3;2;123;11.73;22;10:11;00:58;01:47;0;0;0;0;0;0;4,179;2,027;30;2.86;7;0;0;0;1 hour;24:26;0;0;0;0;0;48%;59%;74%
Kefka-11531;4123;45;9%;1,858;36;20;0.02;1,395,404;13,349.45;25,333;8,466;422;4.03;13;806;7.71;3,181;30.43;61;27;3.94;0;0;0;0;0;0;0;8;0;365;3.49;9;1,986;18.99;46;21;105;3;80;0;0;0;0;27;0;0;285;68;126;90;11;0.1;3;4;33;969;9.27;23;01:05:50;00:37;01:45;0;0;0;0;0;0;38,115;19,017;377;3.6;10;1;0;0;19 hours;03:46:14;0;0;0;0;10;49%;100%;76%
Keishi-11995;3431;17;10%;1,179;38;14;0.03;835,868;17,785.38;28,370;6,278;269;5.72;12;641;13.63;1,812;38.55;67;21;2.82;0;0;0;0;0;0;0;9;0;240;5.1;15;1,232;26.21;49;19;47;2;26;0;0;0;0;21;0;0;133;30;75;28;36;0.76;4;3;11;512;10.89;25;32:13;00:41;01:52;0;0;0;0;0;0;19,758;10,906;288;6.12;13;0;0;0;10 hours;03:05:49;0;0;0;0;12;55%;66%;54%
keRLos-1604;3974;10;7%;458;24;15;0.01;435,381;13,207.07;22,407;7,734;105;3.18;10;277;8.4;941;28.54;63;19;3.39;0;0;0;0;0;0;0;2;0;198;6;15;567;17.19;35;11;33;1;21;0;0;0;0;19;0;0;94;29;30;36;2;0.06;1;4;12;309;9.37;18;23:05;00:42;01:29;0;0;0;0;0;0;12,640;6,502;87;2.63;7;0;0;0;6 hours;01:00:05;0;0;0;0;9;51%;66%;63%
Kira-1303;64;0;1%;4;3;3;0;13,736;13,694.87;8,889;3,054;5;4.98;4;9;8.97;31;30.9;16;6;3.44;0;0;0;0;0;0;0;0;0;13;12.96;8;13;12.96;10;0;1;0;1;0;0;0;0;6;0;0;4;1;0;4;0;0;0;0;0;11;10.96;6;02:20;02:20;01:10;0;0;0;0;0;0;0;0;4;3.98;2;0;0;0;12 minutes;07:24;0;0;0;0;0;49%;0;100%
KJerry-1610;4141;5;7%;203;19;8;0.01;193,090;11,454.37;17,571;5,992;48;2.84;7;118;6.99;465;27.58;40;18;3.94;0;0;0;0;0;0;0;3;0;71;4.21;14;257;15.24;18;1;17;0;16;0;0;0;0;18;0;0;46;12;18;16;4;0.23;2;3;3;108;6.4;8;06:16;00:22;00:31;0;0;0;0;0;0;7,717;2,753;73;4.33;8;0;0;0;2 hours;36:07;0;0;0;0;0;35%;49%;93%
Klocky-3301;4466;1;8%;38;10;7;0.02;31,212;15,524.37;8,607;5,390;4;1.98;2;10;4.97;67;33.32;28;18;6.7;0;0;0;0;0;0;0;0;0;12;5.96;6;37;18.4;20;1;2;0;1;0;0;0;0;18;0;0;6;1;3;2;2;0.99;1;4;1;21;10.44;15;01:11;00:35;00:55;0;0;0;0;0;0;770;474;6;2.98;4;0;0;0;21 minutes;03:28;0;0;0;0;0;61%;63%;59%
KnOxXx-21951;3848;0;6%;115;15;7;0.01;127,690;15,259.91;15,945;4,950;33;3.94;5;87;10.39;245;29.27;27;13;2.81;0;0;0;0;0;0;0;3;0;60;7.17;7;134;16.01;20;5;8;0;4;0;0;0;0;13;0;0;24;6;11;7;0;0;0;3;1;70;8.36;11;05:17;00:37;00:51;0;0;0;0;0;0;3,640;1,852;23;2.74;5;0;0;0;1 hour;14:52;0;0;0;0;0;50%;83%;42%
Kotani-2471;2612;4;4%;133;11;5;0;195,126;11,976.69;16,396;6,789;77;4.72;9;174;10.67;450;27.62;35;18;2.58;0;0;0;0;0;0;0;5;0;146;8.96;14;281;17.24;22;9;16;1;6;0;0;0;0;18;0;0;41;19;11;11;4;0.24;1;4;6;147;9.02;19;11:25;00:42;01:23;0;0;0;0;0;0;6,270;2,947;78;4.78;10;0;0;0;3 hours;29:43;0;0;0;0;22;47%;54%;39%
Kryw-2449;4208;0;6%;34;27;8;0.01;33,574;19,541.48;23,044;3,467;8;4.65;7;28;16.29;53;30.84;37;6;1.89;0;0;0;0;0;0;0;0;0;16;9.31;11;37;21.53;27;0;2;0;1;0;0;0;0;6;0;0;4;1;0;2;0;0;0;0;0;20;11.64;16;02:46;01:37;01:48;0;0;0;0;0;0;869;507;7;4.07;3;0;0;0;28 minutes;00:42;0;0;0;0;0;58%;70%;79%
KwamFun-1860;2633;9;7%;453;21;15;0.01;422,616;11,837.03;15,433;8,422;151;4.22;11;318;8.9;894;25.04;42;23;2.81;0;0;0;0;0;0;0;1;0;196;5.48;10;546;15.29;31;16;36;1;18;0;0;0;0;23;0;0;88;30;27;32;6;0.16;1;3;8;270;7.56;16;16:06;00:27;01:05;0;0;0;0;0;0;14,127;6,388;174;4.87;14;0;0;0;7 hours;43:29;0;0;0;0;24;45%;61%;50%
KYLE-3141;0;0;6%;98;14;4;0;114,957;8,898.12;10,299;2,552;53;4.1;5;174;13.46;237;18.34;30;9;1.36;0;0;0;0;0;0;0;1;0;15;1.16;4;126;9.75;18;7;13;0;6;0;0;0;0;9;0;0;17;10;3;5;1;0.07;1;3;1;64;4.95;10;07:37;00:35;01:07;0;0;0;0;0;0;4,516;1,548;36;2.78;5;0;0;0;3 hours;06:09;0;0;0;0;0;34%;39%;45%
Lara-31986;0;0;7%;6;4;4;0.02;5,421;17,098.39;3,125;3,042;1;3.15;1;4;12.61;6;18.92;5;4;1.5;0;0;0;0;0;0;0;0;0;1;3.15;1;3;9.46;2;0;0;0;0;0;0;0;0;4;0;0;1;0;0;0;0;0;0;0;0;2;6.3;2;01:00;03:12;00:57;0;0;0;0;0;0;157;80;0;0;0;0;0;0;4 minutes;01:05;0;0;0;0;0;50%;0;100%
Laurie400-1327;31;1;9%;78;11;7;0;53,942;6,205.36;10,164;3,990;14;1.61;4;76;8.74;137;15.76;34;14;1.8;0;0;0;0;0;0;0;0;0;30;3.45;10;95;10.92;20;0;9;0;1;0;0;0;0;14;0;0;15;5;5;5;1;0.11;1;0;0;34;3.91;15;03:31;00:24;00:51;0;0;0;0;0;0;0;0;37;4.25;9;1;0;0;1 hour;03:10;0;0;0;0;0;35%;0;13%
LazyTitan-33460;4211;1;14%;10;10;10;0.04;5,460;7,791.3;5,460;5,460;2;2.85;2;1;1.42;13;18.54;13;13;13;0;0;0;0;0;0;0;0;0;0;0;0;8;11.41;8;0;0;0;1;0;0;0;0;13;0;0;0;0;0;1;0;0;0;0;0;3;4.28;3;00:00;00:00;00:00;0;0;0;0;0;0;133;70;1;1.42;1;0;0;0;2.985531995072961 seconds;00:49;0;0;0;0;0;52%;0;100%
LDXLynm-1790;54;0;10%;91;34;7;0;59,996;13,498.76;22,129;5,357;30;6.74;14;41;9.22;166;37.34;53;10;4.04;0;0;0;0;0;0;0;4;0;33;7.42;7;108;24.29;34;0;4;0;4;0;0;0;0;0;0;0;12;5;3;3;1;0;1;3;3;59;13.27;21;03:13;00:43;00:57;0;0;0;0;0;0;0;0;30;6.74;9;0;0;0;1 hour;05:52;0;0;0;0;0;45%;0;84%
LeBlanc-3936;3511;0;6%;8;8;7;0.02;7,808;14,269.14;7,808;6,627;0;0;0;2;3.65;14;25.58;14;7;7;0;0;0;0;0;0;0;0;0;3;5.48;3;7;12.79;7;0;1;0;1;0;0;0;0;7;0;0;1;1;0;0;0;0;0;0;0;3;5.48;3;00:14;00:26;00:14;0;0;0;0;0;0;217;118;4;7.31;4;0;0;0;4 minutes;00:57;0;0;0;0;0;54%;54%;100%
Legist-21953;2633;17;9%;1,957;29;13;0.02;1,540,479;12,393.5;24,040;6,980;512;4.11;16;1,537;12.36;3,198;25.72;51;16;2.08;0;0;0;0;0;0;0;22;0;228;1.83;9;1,931;15.53;34;63;124;6;55;0;0;0;0;16;0;0;287;90;80;117;10;0.08;2;4;27;1,100;8.84;25;01:29:14;00:43;02:45;0;0;0;0;0;0;41,929;20,465;516;4.15;14;0;0;0;26 hours;02:24:59;0;0;0;0;45;48%;73%;44%
Legit-21235;1645;0;11%;9;5;3;0.02;5,793;12,272.23;3,532;2,227;1;2.11;1;2;4.23;14;29.65;10;6;7;0;0;0;0;0;0;0;0;0;1;2.11;1;11;23.3;7;0;0;0;0;0;0;0;0;6;0;0;1;0;0;0;1;2.11;1;0;0;7;14.82;6;00:07;00:15;00:07;0;0;0;0;0;0;243;81;6;12.71;3;0;0;0;5 minutes;00:36;0;0;0;0;0;33%;42%;50%
Lilgho-4319;3766;0;11%;54;17;7;0.02;32,338;14,619.53;11,171;3,169;5;2.26;2;31;14.01;64;28.93;25;7;2.06;0;0;0;0;0;0;0;1;0;0;0;0;35;15.82;15;2;2;0;0;0;0;0;0;7;0;0;7;3;3;1;0;0;0;0;0;16;7.23;6;00:43;00:19;00:25;0;0;0;0;0;0;870;459;5;2.26;2;0;0;0;30 minutes;02:14;0;0;0;0;0;52%;55%;0
Lish-21487;53;0;2%;1;1;1;0;2,073;9,701.84;2,073;893;1;4.67;1;4;18.71;7;32.75;7;6;1.75;0;0;0;0;0;0;0;0;0;2;9.35;2;4;18.71;4;0;0;0;0;0;0;0;0;6;0;0;0;0;0;0;0;0;0;0;0;3;14.03;3;00:21;01:38;00:21;0;0;0;0;0;0;0;0;1;4.67;1;0;0;0;4 minutes;0;0;0;0;0;0;21%;0;0
LIXU-4794;3497;3;13%;279;38;13;0.03;149,063;13,951.28;19,195;6,453;43;4.02;12;82;7.67;349;32.66;50;17;4.25;0;0;0;0;0;0;0;1;0;17;1.59;3;254;23.77;32;3;11;0;8;0;0;0;0;17;0;0;28;6;15;7;0;0;0;3;3;114;10.66;23;03:25;00:19;00:36;0;0;0;0;0;0;3,906;2,011;74;6.92;9;0;0;0;2 hours;28:53;0;0;0;0;1;51%;58%;76%
LLOVEJX-1785;2651;4;8%;106;23;8;0.02;87,405;18,073.75;22,312;10,924;28;5.78;6;36;7.44;215;44.45;51;14;5.97;0;0;0;0;0;0;0;1;0;23;4.75;6;143;29.56;32;1;5;0;4;0;0;0;0;14;0;0;15;2;8;5;0;0;0;3;2;82;16.95;20;04:11;00:51;01:40;0;0;0;0;0;0;2,654;1,196;46;9.51;8;0;0;0;1 hour;17:15;0;0;0;0;7;45%;48%;80%
LMorals-1207;2669;0;4%;5;3;2;0.01;7,111;17,663.73;4,351;2,145;2;4.96;2;7;17.38;11;27.32;6;5;1.57;0;0;0;0;0;0;0;0;0;3;7.45;2;7;17.38;4;0;0;0;0;0;0;0;0;5;0;0;1;0;0;0;0;0;0;0;0;4;9.93;4;00:21;00:54;00:12;0;0;0;0;0;0;203;104;4;9.93;3;0;0;0;7 minutes;0;0;0;0;0;0;51%;0;0%
LsatGinder-1423;1920;0;2%;4;4;2;0;11,253;11,253.46;11,253;1,953;5;5;5;11;11;26;26;26;8;2.36;0;0;0;0;0;0;0;1;0;12;12;12;14;14;14;0;1;0;1;0;0;0;0;8;0;0;2;1;0;1;0;0;0;0;0;10;10;10;01:02;01:02;01:02;0;0;0;0;0;0;534;180;4;4;4;0;0;0;12 minutes;00:35;0;0;0;0;0;33%;33%;100%
LuLu-11129;58;1;9%;48;23;5;0;36,161;12,889;14,582;3,293;16;5.7;6;29;10.33;91;32.43;39;10;3.13;0;0;0;0;0;0;0;0;0;24;8.55;8;62;22.09;23;0;3;0;2;0;0;0;0;10;0;0;9;2;6;1;0;0;0;3;1;19;6.77;9;01:31;00:32;00:38;0;0;0;0;0;0;0;0;19;6.77;8;0;0;0;33 minutes;04:03;0;0;0;0;0;49%;0;64%
Luxyne-1720;3380;2;6%;101;18;10;0.01;113,692;13,289.79;12,838;4,431;43;5.02;7;88;10.28;237;27.7;32;13;2.69;0;0;0;0;0;0;0;0;0;23;2.68;5;136;15.89;17;2;9;0;6;0;0;0;0;13;0;0;21;11;7;3;0;0;0;3;2;73;8.53;9;06:15;00:43;01:40;0;0;0;0;0;0;3,072;1,517;26;3.03;4;0;0;0;1 hour;07:31;0;0;0;0;4;49%;58%;72%
Lyan-21728;2550;9;12%;259;45;18;0.04;139,115;14,115.26;24,641;11,073;43;4.36;9;46;4.66;348;35.3;60;25;7.56;0;0;0;0;0;0;0;2;0;75;7.6;17;236;23.94;40;1;10;0;9;0;0;0;0;25;0;0;27;4;19;4;0;0;0;3;2;98;9.94;17;03:24;00:20;00:45;0;0;0;0;0;0;3,854;2,100;79;8.01;18;0;0;0;1 hour;29:10;0;0;0;0;9;54%;60%;94%
MAJAJA-3599;0;0;6%;29;8;5;0.01;32,740;14,235.81;10,452;3,806;9;3.91;6;28;12.17;42;18.26;12;5;1.5;0;0;0;0;0;0;0;0;0;3;1.3;2;26;11.3;10;1;2;0;1;0;0;0;0;5;0;0;5;3;1;1;0;0;0;3;1;7;3.04;3;01:54;00:49;00:44;0;0;0;0;0;0;1,032;452;8;3.47;5;0;0;0;29 minutes;02:20;0;0;0;0;4;43%;54%;32%
Mario-13553;50;2;3%;88;7;4;0;177,433;8,677.41;20,178;4,684;103;5.03;8;240;11.73;431;21.07;32;9;1.79;0;0;0;0;0;0;0;2;0;156;7.62;14;295;14.42;24;0;20;0;10;0;0;0;0;9;0;0;34;15;9;10;3;0.14;1;5;11;138;6.74;11;09:15;00:27;00:55;0;0;0;0;0;0;0;0;104;5.08;7;0;0;0;4 hours;16:30;0;0;0;0;0;39%;0;50%
MartabakKeju-1697;3125;1;6%;87;14;10;0.01;94,969;13,731.43;14,236;5,986;27;3.9;8;64;9.25;185;26.74;36;18;2.89;0;0;0;0;0;0;0;0;0;5;0.72;2;106;15.32;19;2;7;0;5;0;0;0;0;18;0;0;16;5;7;5;4;0.57;2;3;4;72;10.41;13;03:57;00:34;00:54;0;0;0;0;0;0;2,889;1,318;20;2.89;7;0;0;0;1 hour;08:02;0;0;0;0;0;45%;46%;74%
Master-11935;57;0;8%;3;3;2;0;2,702;7,021.31;2,702;1,097;0;0;0;4;10.39;7;18.19;7;3;1.75;0;0;0;0;0;0;0;0;0;1;2.59;1;4;10.39;4;0;0;0;0;0;0;0;0;3;0;0;1;0;1;0;0;0;0;0;0;2;5.19;2;00:00;00:01;00:00;0;0;0;0;0;0;0;0;0;0;0;0;0;0;3 minutes;0;0;0;0;0;0;40%;0;100%
MeePokBoy-1184;3653;0;12%;114;22;12;0.02;71,705;14,394.5;14,480;6,855;18;3.61;6;72;14.45;114;22.88;26;14;1.58;0;0;0;0;0;0;0;0;0;5;1;4;81;16.26;14;4;5;0;1;0;0;0;0;14;0;0;12;4;4;4;1;0.2;1;0;0;29;5.82;8;03:38;00:43;00:57;0;0;0;0;0;0;1,723;934;26;5.21;8;0;0;0;1 hour;09:04;0;0;0;0;0;54%;61%;26%
Mendokusaii-2955;4206;55;10%;2,398;40;17;0.02;1,704,667;15,513.44;26,680;10,212;439;3.99;16;1,030;9.37;3,706;33.72;64;28;3.59;0;0;0;0;0;0;0;10;0;410;3.73;13;2,435;22.15;46;31;110;4;75;0;0;0;0;28;0;0;307;64;152;90;49;0.44;3;5;44;1,088;9.9;21;56:31;00:30;02:24;0;0;0;0;0;0;41,979;23,568;541;4.92;15;0;0;0;23 hours;05:14:10;0;0;0;0;9;56%;77%;68%
MGUY-2440;2854;0;5%;20;7;5;0.01;28,112;10,762.88;9,663;6,723;2;0.76;2;21;8.03;35;13.39;13;11;1.66;0;0;0;0;0;0;0;0;0;5;1.91;3;20;7.65;7;2;3;0;1;0;0;0;0;11;0;0;5;2;2;1;1;0.38;1;0;0;13;4.97;7;02:26;00:56;01:20;0;0;0;0;0;0;758;400;3;1.14;2;0;0;0;23 minutes;00:09;0;0;0;0;0;52%;0;24%
Miro-31858;4511;0;8%;11;5;3;0;8,524;2,881.52;2,647;908;0;0;0;27;9.12;24;8.11;8;3;0.88;0;0;0;0;0;0;0;1;0;1;0.33;1;14;4.73;7;0;3;3;0;0;0;0;0;3;0;0;6;2;1;3;0;0;0;0;0;1;0.33;1;00:04;00:01;00:04;0;0;0;0;0;0;555;123;10;3.38;6;0;0;0;24 minutes;0;0;0;0;0;0;22%;19%;7%
Mix-41491;3599;22;6%;1,489;32;11;0.01;1,729,126;15,350.46;29,014;10,316;494;4.38;15;1,208;10.72;3,124;27.73;65;20;2.58;0;0;0;0;0;0;0;17;0;290;2.57;13;1,796;15.94;41;52;113;5;55;0;0;0;0;20;0;0;288;93;104;91;27;0.23;2;5;37;944;8.38;25;01:17:51;00:41;01:43;0;0;0;0;0;0;47,615;24,190;334;2.96;10;2;0;0;24 hours;02:44:35;0;0;0;0;15;50%;68%;49%
mmymy-1524;4026;0;2%;3;3;3;0;7,284;24,858.13;7,284;3,177;3;10.23;3;4;13.65;13;44.36;13;5;3.25;0;0;0;0;0;0;0;0;0;2;6.82;2;6;20.47;6;0;0;0;0;0;0;0;0;5;0;0;1;0;0;0;0;0;0;0;0;1;3.41;1;00:14;00:50;00:14;0;0;0;0;0;0;223;105;1;3.41;1;0;0;0;6 minutes;01:00;0;0;0;0;0;47%;0;0
Moowe-4479;4350;3;7%;147;15;13;0.02;124,095;18,125.83;13,972;8,378;30;4.38;5;61;8.9;181;26.43;22;12;2.96;0;0;0;0;0;0;0;0;0;20;2.92;3;103;15.04;14;3;7;0;4;0;0;0;0;12;0;0;19;5;9;4;1;0.14;1;4;4;48;7.01;12;02:06;00:18;00:33;0;0;0;0;0;0;3,320;1,871;22;3.21;3;0;0;0;1 hour;18:05;0;0;0;0;0;56%;66%;60%
Mwiekned-3959;3456;0;5%;72;21;4;0.01;84,343;16,917.18;24,680;5,102;11;2.2;6;60;12.03;149;29.88;42;12;2.48;0;0;0;0;0;0;0;0;0;26;5.21;11;74;14.84;19;1;5;1;3;0;0;0;0;12;0;0;10;3;3;4;0;0;0;4;3;57;11.43;17;05:40;01:08;02:08;0;0;0;0;0;0;2,532;1,264;18;3.61;5;0;0;0;1 hour;03:08;0;0;0;0;0;49%;54%;60%
MyJohnny-2444;2931;0;5%;7;5;3;0.01;9,922;12,684.11;9,010;2,609;3;3.83;3;7;8.94;13;16.61;13;6;1.85;0;0;0;0;0;0;0;0;0;4;5.11;4;8;10.22;8;1;1;0;0;0;0;0;0;6;0;0;3;0;1;2;0;0;0;0;0;5;6.39;5;00:18;00:23;00:18;0;0;0;0;0;0;349;139;0;0;0;0;0;0;9 minutes;00:41;0;0;0;0;0;39%;0;0
MyNeverevr-1103;3533;20;8%;670;32;14;0.02;585,795;17,436.85;24,430;7,783;201;5.98;11;324;9.64;1,110;33.04;46;19;3.42;0;0;0;0;0;0;0;5;0;151;4.49;10;718;21.37;35;11;34;2;21;0;0;0;0;19;0;0;98;16;56;26;14;0.41;2;4;11;380;11.31;23;25:14;00:45;01:37;0;0;0;0;0;0;15,653;7,766;194;5.77;10;1;0;0;7 hours;01:49:36;0;0;0;0;31;49%;64%;62%
nan-1607;4000;4;6%;87;19;8;0.02;93,085;13,937.83;15,179;7,286;20;2.99;3;45;6.73;210;31.44;50;23;4.66;0;0;0;0;0;0;0;1;0;34;5.09;6;127;19.01;31;1;7;0;6;0;0;0;0;23;0;0;23;5;10;8;0;0;0;0;0;82;12.27;24;05:13;00:46;01:15;0;0;0;0;0;0;2,409;1,374;21;3.14;4;0;0;0;1 hour;15:33;0;0;0;0;1;57%;66%;86%
nekyG-2308;3842;1;19%;133;39;8;0.03;55,098;11,010.49;12,191;3,853;6;1.19;4;52;10.39;106;21.18;29;12;2.03;0;0;0;0;0;0;0;1;0;4;0.79;2;56;11.19;14;4;5;0;1;0;0;0;0;12;0;0;14;7;4;3;0;0;0;3;1;30;5.99;11;02:46;00:33;01:07;0;0;0;0;0;0;1,592;698;12;2.39;3;0;0;0;59 minutes;06:04;0;0;0;0;0;43%;53%;17%
Neptune-31921;3151;40;8%;1,146;44;12;0.02;937,910;13,876.62;32,462;7,553;360;5.32;14;667;9.86;2,405;35.58;80;24;3.6;0;0;0;0;0;0;0;7;0;397;5.87;19;1,634;24.17;63;21;68;5;41;0;0;0;0;24;0;0;192;33;114;46;21;0.31;2;4;31;692;10.23;29;41:08;00:36;01:53;0;0;0;0;0;0;26,110;13,293;523;7.73;35;2;0;0;14 hours;04:01:43;0;0;0;0;16;50%;63%;61%
Nichiren-21254;41;0;5%;22;8;3;0;28,685;6,697.06;8,050;2,754;13;3.03;7;30;7;65;15.17;17;10;2.16;0;0;0;0;0;0;0;0;0;20;4.66;6;46;10.73;13;0;4;0;2;0;0;0;0;10;0;0;7;3;1;3;1;0.23;1;3;1;15;3.5;6;00:46;00:10;00:24;0;0;0;0;0;0;0;0;15;3.5;8;0;0;0;44 minutes;00:58;0;0;0;0;0;38%;0;54%
NikolaTesla-11280;53;8;8%;873;25;11;0;743,341;9,325.49;15,672;6,524;239;2.99;11;977;12.25;1,650;20.69;34;18;1.68;0;0;0;0;0;0;0;7;0;148;1.85;8;960;12.04;22;0;80;0;44;0;0;0;0;18;0;0;188;74;52;61;13;0.16;1;5;18;810;10.16;21;02:02:52;01:32;03:12;0;0;0;0;0;0;0;0;206;2.58;7;1;0;0;16 hours;01:43:42;0;0;0;0;0;45%;0;55%
Nostril-1317;3333;0;9%;22;12;7;0.02;19,410;12,353.51;7,679;4,750;5;3.18;3;17;10.81;28;17.82;10;6;1.64;0;0;0;0;0;0;0;0;0;0;0;0;15;9.54;6;1;2;0;1;0;0;0;0;6;0;0;3;1;2;0;0;0;0;0;0;7;4.45;5;00:30;00:19;00:26;0;0;0;0;0;0;510;241;4;2.54;2;0;0;0;16 minutes;00:40;0;0;0;0;0;47%;46%;43%
Nova-1852;65;5;8%;166;18;15;0;145,057;15,153.14;14,969;6,180;64;6.68;12;101;10.55;339;35.41;38;15;3.35;0;0;0;0;0;0;0;3;0;71;7.41;6;241;25.17;30;0;10;0;5;0;0;0;0;15;0.32;0;32;9;13;9;5;0.52;2;5;8;103;10.75;18;11:34;01:12;01:43;0;0;0;0;0;0;0;0;92;9.61;13;0;0;0;2 hours;32:35;0;0;0;0;0;50%;0;56%
Novady-11519;3894;0;2%;1;1;1;0;2,411;18,328.72;2,411;2,411;0;0;0;1;7.6;3;22.8;3;3;3;0;0;0;0;0;0;0;0;0;1;7.6;1;2;15.2;2;0;0;0;0;0;0;0;0;3;0;0;0;0;0;0;0;0;0;0;0;1;7.6;1;00:08;01:05;00:08;0;0;0;0;0;0;70;44;1;7.6;1;0;0;0;2 minutes;0;0;0;0;0;0;62%;0;100%
Nozomi-4919;3527;0;6%;21;8;4;0.02;20,543;14,345.86;9,425;4,837;2;1.39;2;15;10.47;25;17.45;13;8;1.66;0;0;0;0;0;0;0;0;0;3;2.09;2;19;13.26;10;1;1;0;0;0;0;0;0;8;0;0;3;1;0;2;0;0;0;0;0;6;4.19;4;00:20;00:14;00:09;0;0;0;0;0;0;596;306;2;1.39;1;0;0;0;16 minutes;0;0;0;0;0;0;51%;39%;19%
Nypro-1996;4105;1;6%;88;21;7;0.02;94,074;18,374.2;21,976;6,471;18;3.51;7;39;7.61;134;26.17;36;12;3.43;0;0;0;0;0;0;0;0;0;12;2.34;3;80;15.62;25;1;5;0;4;0;0;0;0;12;0;0;16;5;6;5;1;0.19;1;3;1;41;8;10;02:13;00:26;00:44;0;0;0;0;0;0;2,416;1,346;15;2.92;4;0;0;0;1 hour;09:10;0;0;0;0;0;55%;59%;72%
NzNr-1485;3728;9;10%;589;29;9;0.02;434,890;12,785.25;20,685;8,404;126;3.7;9;331;9.73;940;27.63;47;17;2.83;0;0;0;0;0;0;0;6;0;28;0.82;5;556;16.34;28;13;34;1;20;0;0;0;0;17;0;0;81;17;33;31;1;0.02;1;4;9;233;6.84;15;20:13;00:35;01:07;0;0;0;0;0;0;12,003;5,736;132;3.88;10;0;0;0;6 hours;01:04:14;0;0;0;0;8;47%;60%;59%
OhioBuckeyes-11390;2579;1;10%;27;15;12;0.02;18,142;16,222.84;7,788;5,014;8;7.15;5;12;10.73;55;49.18;22;13;4.58;0;0;0;0;0;0;0;0;0;10;8.94;4;36;32.19;16;0;1;0;1;0;0;0;0;13;0;0;4;1;2;1;0;0;0;0;0;22;19.67;9;01:19;01:11;00:33;0;0;0;0;0;0;495;254;13;11.62;6;0;0;0;17 minutes;09:58;0;0;0;0;0;51%;57%;60%
ONIGOD-21483;3888;0;12%;23;10;7;0.02;13,695;12,778.81;4,812;1,998;2;1.86;2;19;17.72;22;20.52;7;4;1.15;0;0;0;0;0;0;0;0;0;3;2.79;2;14;13.06;5;0;1;0;1;0;0;0;0;4;0;0;2;1;0;0;0;0;0;0;0;3;2.79;2;00:12;00:12;00:10;0;0;0;0;0;0;446;188;3;2.79;2;0;0;0;16 minutes;0;0;0;0;0;0;42%;0;88%
oPuTo-1727;3814;39;8%;1,468;31;17;0.02;1,195,351;12,136.25;27,149;7,841;314;3.18;10;566;5.74;2,621;26.61;56;22;4.63;0;0;0;0;0;0;0;6;0;320;3.24;11;1,484;15.06;33;19;98;2;77;0;0;0;0;22;0;0;284;61;139;84;29;0.29;2;4;27;726;7.37;20;49:18;00:30;02:11;0;0;0;0;0;0;33,105;16,715;306;3.1;11;1;0;0;16 hours;02:44:19;0;0;0;0;11;50%;67%;78%
Ovidious-11975;0;1;12%;83;18;7;0.02;50,381;9,598.25;7,486;5,606;13;2.47;2;56;10.66;98;18.67;15;10;1.75;0;0;0;0;0;0;0;0;0;10;1.9;3;62;11.81;10;4;5;0;1;0;0;0;0;10;0;0;15;5;6;4;1;0.19;1;0;0;41;7.81;8;04:57;00:56;01:44;0;0;0;0;0;0;1,559;654;12;2.28;2;0;0;0;54 minutes;03:30;0;0;0;0;9;41%;57%;22%
ozr-1362;0;0;0;0;0;0;0;652;9,724.88;652;501;0;0;0;2;29.84;1;14.92;1;1;0.5;0;0;0;0;0;0;0;0;0;1;14.92;1;1;14.92;1;0;0;0;0;0;0;0;0;1;0;0;0;0;0;0;0;0;0;0;0;0;0;0;00:00;00:00;00:00;0;0;0;0;0;0;41;11;0;0;0;0;0;0;1 minute;0;0;0;0;0;0;26%;0;0
Pamyu-1936;3435;2;9%;96;17;9;0.02;74,915;13,027.26;12,438;4,202;24;4.17;7;57;9.91;167;29.04;40;14;2.92;0;0;0;0;0;0;0;1;0;18;3.13;8;107;18.6;28;2;6;0;4;0;0;0;0;14;0;0;16;4;5;7;0;0;0;3;2;56;9.73;14;03:42;00:38;01:40;0;0;0;0;0;0;2,232;1,037;16;2.78;5;0;0;0;1 hour;09:13;0;0;0;0;0;46%;73%;62%
PassTheSalt-11477;2699;21;4%;1,074;19;9;0;1,643,998;11,125.88;22,742;6,870;568;3.84;12;1,681;11.37;3,291;22.27;39;18;1.95;0;0;0;0;0;0;0;15;0;826;5.59;17;2,034;13.76;24;72;148;6;70;0;0;0;0;18;0;0;392;153;98;141;16;0.1;2;4;27;1,489;10.07;23;03:01:15;01:13;04:27;0;0;0;0;0;0;47,190;23,834;487;3.29;10;2;0;0;30 hours;02:58:44;0;0;0;0;60;50%;72%;47%
Phoinix-3581;2837;14;9%;801;37;12;0.02;641,831;14,619.01;29,197;8,995;170;3.87;9;400;9.11;1,180;26.87;47;18;2.95;0;0;0;0;0;0;0;6;0;105;2.39;14;779;17.74;31;23;44;2;19;0;0;0;0;18;0;0;121;23;64;34;3;0.06;1;4;10;358;8.15;16;27:26;00:37;01:35;0;0;0;0;0;0;17,624;8,865;194;4.41;14;0;0;0;9 hours;01:32:20;0;0;0;0;14;50%;63%;43%
Phython-1699;3306;0;4%;11;7;3;0.01;16,690;14,989.33;4,704;3,731;3;2.69;2;11;9.87;36;32.33;15;7;3.27;0;0;0;0;0;0;0;0;0;9;8.08;4;17;15.26;6;0;1;0;1;0;0;0;0;7;0;0;4;1;1;1;0;0;0;0;0;11;9.87;5;00:53;00:48;00:45;0;0;0;0;0;0;536;246;5;4.49;3;0;0;0;15 minutes;01:14;0;0;0;0;0;45%;55%;71%
pierino-1398;2595;0;7%;50;19;6;0.01;42,605;14,717.83;11,341;5,106;11;3.79;5;36;12.43;88;30.39;24;10;2.44;0;0;0;0;0;0;0;0;0;13;4.49;4;50;17.27;15;1;3;0;1;0;0;0;0;10;0;0;6;2;2;3;1;0.34;1;0;0;24;8.29;7;02:07;00:44;00:41;0;0;0;0;0;0;1,221;637;22;7.59;5;0;0;0;43 minutes;10:12;0;0;0;0;3;52%;53%;41%
pii-11898;2709;0;5%;12;12;4;0.01;15,143;18,860.78;13,618;4,116;3;3.73;3;6;7.47;23;28.64;22;6;3.83;0;0;0;0;0;0;0;0;0;6;7.47;5;13;16.19;12;0;1;0;1;0;0;0;0;6;0;0;1;0;0;1;0;0;0;0;0;8;9.96;7;01:13;01:31;01:03;0;0;0;0;0;0;448;235;2;2.49;2;0;0;0;11 minutes;01:01;0;0;0;0;0;52%;0;91%
piiiia-2451;25;0;3%;1;1;1;0;1,588;5,143.56;1,588;668;0;0;0;5;16.19;8;25.9;8;4;1.6;0;0;0;0;0;0;0;0;0;4;12.95;4;6;19.43;6;0;0;0;0;0;0;0;0;4;0;0;1;0;0;1;0;0;0;0;0;0;0;0;00:01;00:05;00:01;0;0;0;0;0;0;0;0;4;12.95;4;0;0;0;3 minutes;0;0;0;0;0;0;22%;0;0
Pine-31232;4374;0;12%;152;27;13;0.03;92,355;15,928.47;14,281;5,378;14;2.41;3;57;9.83;146;25.18;33;16;2.56;0;0;0;0;0;0;0;1;0;5;0.86;2;88;15.17;20;3;6;1;2;0;0;0;0;16;0;0;16;4;5;6;0;0;0;3;2;45;7.76;13;02:57;00:30;01:27;0;0;0;0;0;0;2,480;1,211;21;3.62;4;0;0;0;1 hour;06:51;0;0;0;0;0;48%;61%;37%
Pinky-6151;70;20;9%;769;36;11;0;595,289;15,825.93;24,146;10,013;143;3.8;10;402;10.68;1,358;36.1;59;20;3.37;0;0;0;0;0;0;0;4;0;7;0.18;1;848;22.54;38;0;38;0;22;0;0;0;0;20;0;0;102;14;55;33;11;0.29;2;4;7;407;10.82;22;26:01;00:41;01:35;0;0;0;0;0;0;0;0;210;5.58;15;0;0;0;8 hours;01:14:38;0;0;0;0;0;51%;0;57%
PLAYB0Y-11500;2966;2;3%;35;12;5;0.01;52,758;18,277.33;18,010;5,740;15;5.19;9;30;10.39;78;27.02;33;18;2.6;0;0;0;0;0;0;0;0;0;24;8.31;9;56;19.4;21;2;3;0;1;0;0;0;0;18;0;0;8;1;5;2;0;0;0;0;0;20;6.92;15;01:29;00:31;00:53;0;0;0;0;0;0;1,414;896;13;4.5;5;0;0;0;34 minutes;07:36;0;0;0;0;0;63%;65%;43%
PoppyDogma-1243;3133;0;5%;10;6;5;0.01;14,820;7,146.61;3,798;3,354;7;3.37;3;21;10.12;28;13.5;12;8;1.33;0;0;0;0;0;0;0;0;0;8;3.85;3;14;6.75;6;1;2;0;1;0;0;0;0;8;0;0;4;2;0;2;0;0;0;0;0;6;2.89;3;00:31;00:15;00:11;0;0;0;0;0;0;394;169;3;1.44;2;0;0;0;16 minutes;00:29;0;0;0;0;0;42%;64%;67%
PsychoHazard-1722;0;6;8%;253;22;11;0.02;221,745;14,827.13;17,596;7,931;64;4.27;6;149;9.96;441;29.48;40;17;2.95;0;0;0;0;0;0;0;3;0;49;3.27;5;273;18.25;22;7;15;0;8;0;0;0;0;17;0;0;45;9;19;17;5;0.33;1;3;3;174;11.63;15;14:20;00:57;01:13;0;0;0;0;0;0;6,644;3,087;66;4.41;7;0;0;0;3 hours;27:05;0;0;0;0;0;46%;72%;54%
puchio-1528;3000;5;5%;219;22;10;0.01;260,477;15,728.72;19,817;6,435;65;3.92;8;134;8.09;484;29.22;49;15;3.61;0;0;0;0;0;0;0;1;0;9;0.54;2;274;16.54;31;4;17;1;12;0;0;0;0;15;0;0;49;11;21;16;1;0.06;1;4;5;199;12.01;25;15:03;00:54;02:05;0;0;0;0;0;0;6,265;3,652;44;2.65;6;1;0;0;3 hours;31:34;0;0;0;0;2;58%;65%;72%
qnx-2372;70;14;7%;465;32;17;0;389,230;13,398.44;21,574;7,415;180;6.19;12;274;9.43;1,090;37.52;68;24;3.97;0;0;0;0;0;0;0;3;0;204;7.02;23;685;23.57;53;0;29;0;23;0;0;0;0;0;0.3;0;84;20;42;21;5;0;2;3;8;321;11.04;23;20:10;00:41;01:54;0;0;0;0;0;0;0;0;199;6.85;17;1;0;0;6 hours;01:12:46;0;0;0;0;0;53%;0;79%
qqwess-3609;2968;1;4%;41;12;6;0.01;57,175;12,485.41;11,805;4,577;10;2.18;3;43;9.38;82;17.9;15;9;1.9;0;0;0;0;0;0;0;0;0;9;1.96;4;37;8.07;8;3;5;0;1;0;0;0;0;9;0;0;11;3;4;4;1;0.21;1;3;1;30;6.55;8;02:19;00:30;00:47;0;0;0;0;0;0;2,062;851;3;0.65;1;0;0;0;51 minutes;03:04;0;0;0;0;0;41%;52%;24%
Rain-13736;3146;0;15%;33;20;7;0.04;15,976;12,488.54;10,599;2,586;4;3.12;4;13;10.16;27;21.1;20;8;2.07;0;0;0;0;0;0;0;0;0;0;0;0;20;15.63;17;1;1;0;0;0;0;0;0;8;0;0;5;0;4;1;0;0;0;0;0;13;10.16;10;00:49;00:38;00:42;0;0;0;0;0;0;389;212;6;4.69;4;0;0;0;13 minutes;03:19;0;0;0;0;0;54%;63%;18%
Raisu-3380;2608;0;4%;43;11;3;0.01;67,137;15,715.52;21,516;3,900;18;4.21;5;62;14.51;123;28.79;34;9;1.98;0;0;0;0;0;0;0;1;0;32;7.49;13;71;16.61;20;4;4;0;0;0;0;0;0;9;0;0;12;3;4;4;1;0.23;1;0;0;41;9.59;12;05:06;01:11;02:09;0;0;0;0;0;0;1,966;943;15;3.51;7;0;0;0;1 hour;06:58;0;0;0;0;0;47%;61%;3%
Randomoink-2799;2704;0;8%;39;16;5;0.01;35,703;10,208.76;11,220;2,956;11;3.14;3;43;12.29;73;20.87;24;6;1.69;0;0;0;0;0;0;0;5;0;21;6;6;47;13.43;14;2;3;0;1;0;0;0;0;6;0;0;10;3;4;3;1;0.28;1;3;1;23;6.57;7;02:59;00:51;00:38;0;0;0;0;0;0;1,161;481;12;3.43;3;0;0;0;42 minutes;02:44;0;0;0;0;2;41%;46%;24%
RapidCH-4957;2634;0;5%;13;6;3;0.01;15,532;11,536.15;4,199;1,825;1;0.74;1;20;14.85;23;17.08;11;5;1.14;0;0;0;0;0;0;0;0;0;9;6.68;5;10;7.42;5;1;1;0;0;0;0;0;0;5;0;0;5;1;2;1;0;0;0;0;0;10;7.42;6;01:04;00:48;00:51;0;0;0;0;0;0;655;236;1;0.74;1;0;0;0;19 minutes;0;0;0;0;0;0;36%;0;16%
Rascal-31813;4599;1;7%;37;12;9;0.02;32,542;14,158.16;7,946;5,798;5;2.17;2;10;4.35;64;27.84;17;13;6.4;0;0;0;0;0;0;0;0;0;6;2.61;3;36;15.66;13;0;2;0;2;0;0;0;0;13;0;0;5;3;1;1;1;0.43;1;3;1;18;7.83;9;00:54;00:23;00:26;0;0;0;0;0;0;901;527;5;2.17;2;0;0;0;24 minutes;03:09;0;0;0;0;0;58%;61%;98%
RebornZ-11715;4006;6;8%;137;31;12;0.02;112,150;15,890.12;22,955;6,839;43;6.09;7;53;7.5;256;36.27;47;21;4.83;0;0;0;0;0;0;0;2;0;38;5.38;10;156;22.1;31;1;7;0;6;0;0;0;0;21;0;0;20;4;8;8;3;0.42;2;5;3;72;10.2;15;03:48;00:32;00:36;0;0;0;0;0;0;2,871;1,588;38;5.38;12;0;0;0;1 hour;25:46;0;0;0;0;0;55%;60%;84%
Reilly-11549;3595;3;5%;185;24;6;0.01;232,193;19,423.6;22,139;6,359;52;4.34;5;148;12.38;404;33.79;45;16;2.72;0;0;0;0;0;0;0;4;0;104;8.69;13;245;20.49;28;5;12;0;7;0;0;0;0;16;0;0;36;8;18;10;3;0.25;1;3;3;155;12.96;27;11:42;00:58;01:59;0;0;0;0;0;0;6,045;3,384;53;4.43;11;0;0;0;2 hours;22:55;0;0;0;0;2;55%;69%;55%
Reinforce-11281;1922;0;2%;2;2;1;0;6,869;10,048.03;3,970;1,636;1;1.46;1;6;8.77;6;8.77;4;4;1;0;0;0;0;0;0;0;0;0;2;2.92;2;2;2.92;1;1;1;0;0;0;0;0;0;4;0;0;2;1;0;1;0;0;0;0;0;0;0;0;00:24;00:36;00:19;0;0;0;0;0;0;188;93;1;1.46;1;0;0;0;6 minutes;0;0;0;0;0;0;49%;0;0
Relithtwo-1301;3000;4;3%;64;19;5;0.01;100,537;13,258.5;28,455;6,795;27;3.56;7;55;7.25;268;35.34;59;15;4.87;0;0;0;0;0;0;0;0;0;57;7.51;15;158;20.83;36;0;8;0;8;0;0;0;0;15;0;0;22;7;8;7;0;0;0;3;2;77;10.15;22;03:32;00:27;00:55;0;0;0;0;0;0;3,157;1,602;27;3.56;8;0;0;0;1 hour;22:55;0;0;0;0;5;50%;58%;100%
Renyz-11199;3452;50;8%;1,813;45;15;0.02;1,536,758;17,102.63;29,626;9,514;498;5.54;12;947;10.53;3,107;34.57;54;21;3.28;0;0;0;0;0;0;0;19;0;617;6.86;21;1,914;21.3;43;33;90;3;53;0;0;0;0;21;0;0;262;42;169;51;8;0.08;1;5;27;1,216;13.53;27;01:17:14;00:51;02:28;0;0;0;0;0;0;42,090;22,030;390;4.34;11;0;0;0;19 hours;03:57:26;0;0;0;0;17;52%;65%;59%
Rollie-4233;3780;2;10%;42;21;8;0.03;30,687;15,053.43;16,342;6,100;6;2.94;5;15;7.35;70;34.33;40;14;4.66;0;0;0;0;0;0;0;0;0;0;0;0;40;19.62;23;0;2;0;2;0;0;0;0;14;0;0;7;0;4;3;2;0.98;1;3;2;27;13.24;14;03:08;01:32;02:12;0;0;0;0;0;0;735;412;8;3.92;6;0;0;0;22 minutes;07:22;0;0;0;0;0;56%;48%;86%
ryujehong-31878;4424;1;8%;41;26;8;0.02;34,856;19,817.27;22,750;4,425;8;4.54;7;24;13.64;66;37.52;46;16;2.75;0;0;0;0;0;0;0;0;0;1;0.56;1;29;16.48;23;1;2;0;1;0;0;0;0;16;0;0;7;3;1;3;0;0;0;3;1;19;10.8;13;01:54;01:05;01:48;0;0;0;0;0;0;855;480;2;1.13;2;0;0;0;29 minutes;05:06;0;0;0;0;0;56%;55%;60%
sads-1738;2797;0;3%;5;5;3;0.01;8,316;20,339.34;4,698;2,617;2;4.89;2;5;12.22;11;26.9;5;4;2.2;0;0;0;0;0;0;0;0;0;5;12.22;2;5;12.22;2;0;0;0;0;0;0;0;0;4;0;0;1;1;0;0;0;0;0;0;0;6;14.67;4;00:14;00:36;00:12;0;0;0;0;0;0;254;134;0;0;0;0;0;0;6 minutes;0;0;0;0;0;0;52%;0;55%
SaltyPanda-11486;3295;16;8%;618;44;15;0.02;525,063;14,636.32;26,994;7,461;124;3.45;8;330;9.19;1,009;28.12;55;24;3.05;0;0;0;0;0;0;0;5;0;137;3.81;14;621;17.31;37;14;36;1;21;0;0;0;0;24;0;0;89;16;42;32;4;0.11;1;3;10;354;9.86;23;26:01;00:43;02:40;0;0;0;0;0;0;13,920;7,154;146;4.06;11;0;0;0;7 hours;01:08:17;0;0;0;0;10;51%;76%;58%
SanALex-2258;3625;0;4%;51;7;3;0;74,897;10,620.68;6,924;4,091;19;2.69;3;107;15.17;134;19;19;9;1.25;0;0;0;0;0;0;0;2;0;41;5.81;6;74;10.49;11;6;7;0;1;0;0;0;0;9;0;0;19;9;4;6;1;0.14;1;3;1;49;6.94;8;07:03;01:00;01:40;0;0;0;0;0;0;2,616;1,129;18;2.55;2;0;0;0;1 hour;05:11;0;0;0;0;1;43%;80%;19%
Sardis-21172;80;3;10%;177;28;11;0;115,319;13,456.57;12,611;5,013;37;4.31;9;89;10.38;253;29.52;42;15;2.84;0;0;0;0;0;0;0;2;0;1;0.11;1;155;18.08;20;0;9;0;5;0;0;0;0;15;0;0;25;5;13;7;2;0.23;1;4;2;89;10.38;13;04:16;00:29;01:21;0;0;0;0;0;0;0;0;35;4.08;8;0;0;0;5 hours;11:32;0;0;0;0;0;42%;0;53%
scottiting-3836;3000;1;5%;55;11;6;0.01;1,317;11,751.45;1,317;1,317;17;4.21;5;42;10.41;1;8.92;1;1;2.9;0;0;0;0;0;0;0;2;0;25;6.2;5;1;8.92;1;0;0;0;3;0;0;0;89;1;0;0;1;4;0;0;0;0;0;4;2;42;10.41;12;03:28;00:51;00:45;0;0;0;0;0;0;28;9;1;8.92;1;0;0;0;1 minute;05:05;0;0;0;0;0;32%;32%;62%
Scy-1494;2687;0;2%;10;4;2;0;24,533;10,049.06;11,051;2,777;7;2.86;5;28;11.46;38;15.56;14;9;1.35;0;0;0;0;0;0;0;0;0;7;2.86;4;17;6.96;8;1;2;1;1;0;0;0;0;9;0;0;8;3;1;4;1;0.4;1;3;2;17;6.96;6;01:19;00:32;00:41;0;0;0;0;0;0;952;344;1;0.4;1;0;0;0;28 minutes;01:29;0;0;0;0;0;36%;30%;32%
Seba-1198;62;5;8%;343;26;8;0;274,592;13,361.58;21,746;6,535;75;3.64;13;208;10.12;526;25.59;52;14;2.52;0;0;0;0;0;0;0;1;0;42;2.04;7;297;14.45;31;0;0;0;0;0;0;0;0;14;0;0;0;0;21;0;1;0.04;1;4;6;205;9.97;18;16:01;00:46;01:26;0;0;0;0;0;0;0;0;64;3.11;7;2;0;0;2.5449840016663074 seconds;20:17;0;0;0;0;0;46%;0;100%
SEKIYUTA-1528;3229;0;4%;4;2;1;0.01;6,362;16,131.33;3,769;1,309;1;2.53;1;5;12.67;9;22.82;6;3;1.8;0;0;0;0;0;0;0;0;0;2;5.07;2;5;12.67;3;0;0;0;0;0;0;0;0;3;0;0;1;0;0;0;1;2.53;1;0;0;3;7.6;3;00:06;00:16;00:04;0;0;0;0;0;0;187;100;0;0;0;0;0;0;5 minutes;0;0;0;0;0;0;53%;60%;7%
ShadowDragon-148899;2901;2;7%;20;10;6;0.01;19,994;13,343.9;11,749;5,282;8;5.33;5;11;7.34;33;22.02;18;16;3;0;0;0;0;0;0;0;0;0;0;0;0;20;13.34;15;1;1;0;0;0;0;0;0;16;0;0;6;3;2;1;0;0;0;3;1;6;4;3;00:40;00:26;00:39;0;0;0;0;0;0;519;281;9;6;7;0;0;0;17 minutes;03:58;0;0;0;0;0;54%;0;0
Shinobu-1269;48;0;2%;14;3;2;0;35,379;6,687.8;4,137;1,793;16;3.02;4;81;15.31;77;14.55;10;6;0.95;0;0;0;0;0;0;0;2;0;27;5.1;5;45;8.5;7;0;5;0;2;0;0;0;0;6;0;0;9;5;2;2;0;0;0;4;1;33;6.23;5;05:31;01:02;01:06;0;0;0;0;0;0;0;0;17;3.21;4;0;0;0;1 hour;01:44;0;0;0;0;0;36%;0;41%
Shinonin-6565;0;1;9%;17;17;6;0.02;13,203;13,203.25;13,203;4,757;4;4;4;8;8;33;33;33;9;4.12;0;0;0;0;0;0;0;0;0;0;0;0;19;19;19;0;1;0;1;0;0;0;0;9;0;0;3;0;3;0;0;0;0;0;0;19;19;19;01:01;01:01;01:01;0;0;0;0;0;0;375;176;4;4;4;0;0;0;10 minutes;05:41;0;0;0;0;0;46%;46%;100%
ShoGuN-1127;3703;0;7%;3;3;3;0.02;2,457;15,339.93;2,457;1,564;0;0;0;3;18.73;6;37.46;6;6;2;0;0;0;0;0;0;0;0;0;1;6.24;1;4;24.97;4;0;0;0;0;0;0;0;0;6;0;0;0;0;0;0;0;0;0;0;0;1;6.24;1;00:01;00:06;00:01;0;0;0;0;0;0;62;39;2;12.48;2;0;0;0;2 minutes;00:20;0;0;0;0;0;62%;62%;0
SKRT-11232;1023;20;11%;644;52;15;0.03;409,198;13,629.11;28,592;8,156;129;4.29;12;218;7.26;943;31.4;67;21;4.32;0;0;0;0;0;0;0;6;0;102;3.39;12;622;20.71;52;10;30;1;19;0;0;0;0;21;0;0;82;13;47;21;3;0.09;1;4;11;343;11.42;23;23:19;00:46;02:10;0;0;0;0;0;0;11,929;5,638;198;6.59;23;0;0;0;5 hours;01:38:00;0;0;0;0;5;47%;73%;63%
Slyness-11185;3955;0;5%;32;11;5;0.02;32,592;20,773.01;10,454;6,025;3;1.91;2;16;10.19;35;22.3;11;8;2.18;0;0;0;0;0;0;0;0;0;6;3.82;2;20;12.74;7;1;2;0;1;0;0;0;0;8;0;0;5;1;3;1;0;0;0;3;1;11;7.01;3;00:55;00:35;00:38;0;0;0;0;0;0;875;537;3;1.91;1;0;0;0;20 minutes;01:48;0;0;0;0;0;61%;0;43%
smacked-11443;73;2;13%;90;46;7;0;52,387;12,944.86;21,672;4,075;14;3.45;5;50;12.35;108;26.68;42;10;2.16;0;0;0;0;0;0;0;1;0;1;0.24;1;81;20.01;34;0;4;0;1;0;0;0;0;10;0;0;10;2;6;3;0;0;0;3;1;35;8.64;12;02:05;00:31;00:43;0;0;0;0;0;0;0;0;22;5.43;7;0;0;0;41 minutes;10:08;0;0;0;0;0;49%;0;23%
Smith-2700;82;10;15%;575;52;15;0;282,288;13,001.52;18,018;7,072;116;5.34;9;190;8.75;769;35.41;52;19;4.04;0;0;0;0;0;0;0;0;0;50;2.3;7;505;23.25;33;0;22;0;18;0;0;0;0;19;0;0;60;13;25;22;2;0.09;1;3;12;221;10.17;15;16:40;00:46;02:12;0;0;0;0;0;0;0;0;104;4.79;7;0;0;0;4 hours;01:00:27;0;0;0;0;0;48%;0;81%
Snoy-1164;3000;16;8%;458;37;16;0.02;376,019;16,611.5;23,034;10,285;114;5.03;13;195;8.61;715;31.58;52;27;3.66;0;0;0;0;0;0;0;4;0;76;3.35;8;442;19.52;31;7;23;2;14;0;0;0;0;27;0;0;69;15;39;15;6;0.26;1;5;6;241;10.64;24;20:21;00:53;01:37;0;0;0;0;0;0;9,849;5,169;81;3.57;10;0;0;0;4 hours;57:08;0;0;0;0;1;52%;59%;60%
solaroplus-3806;2592;0;7%;15;5;5;0.01;14,251;8,695.07;6,182;2,623;7;4.27;4;15;9.15;47;28.67;25;13;3.13;0;0;0;0;0;0;0;0;0;23;14.03;12;26;15.86;13;1;2;0;1;0;0;0;0;13;0;0;6;1;3;1;0;0;0;0;0;18;10.98;11;01:09;00:42;00:56;0;0;0;0;0;0;468;203;8;4.88;4;0;0;0;18 minutes;01:56;0;0;0;0;0;43%;44%;37%
Somnians-2461;3015;14;9%;1,684;39;12;0.01;1,322,271;12,454.63;20,052;5,922;540;5.08;13;1,129;10.63;2,760;25.99;45;16;2.44;0;0;0;0;0;0;0;15;0;618;5.82;13;1,732;16.31;32;57;106;2;47;0;0;0;0;16;0;0;245;86;71;87;8;0.07;1;5;34;839;7.9;22;50:12;00:28;01:32;0;0;0;0;0;0;38,090;18,300;517;4.86;11;1;0;0;23 hours;01:58:54;0;0;0;0;21;48%;85%;44%
Sooby-2892;2588;3;8%;199;31;9;0.02;165,244;14,573.34;22,173;5,276;44;3.88;6;146;12.87;341;30.07;40;12;2.33;0;0;0;0;0;0;0;3;0;68;5.99;14;210;18.52;24;7;11;0;5;0;0;0;0;12;0;0;34;9;16;9;2;0.17;1;3;1;124;10.93;21;07:48;00:41;01:14;0;0;0;0;0;0;4,841;2,355;43;3.79;5;1;0;0;2 hours;23:48;0;0;0;0;17;48%;64%;41%
SOR-11872;3722;15;7%;513;23;10;0.01;502,870;15,016.21;23,566;8,700;151;4.5;8;314;9.37;1,133;33.83;43;16;3.6;0;0;0;0;0;0;0;6;0;248;7.4;15;672;20.06;27;12;33;2;20;0;0;0;0;16;0;0;90;14;50;26;2;0.05;1;4;12;349;10.42;15;25:17;00:45;01:12;0;0;0;0;0;0;14,473;7,252;136;4.06;6;0;0;0;7 hours;01:05:01;0;0;0;0;11;50%;63%;59%
SpamKappa123-1926;3000;10;9%;641;41;17;0.02;474,960;16,642.58;26,633;8,392;120;4.2;11;273;9.56;955;33.46;52;16;3.49;0;0;0;0;0;0;0;0;0;86;3.01;8;580;20.32;36;0;0;0;0;0;0;0;0;16;0;0;0;0;0;0;2;0.07;1;3;1;332;11.63;22;30:07;01:03;02:49;0;0;0;0;0;0;12,462;6,789;107;3.74;8;0;0;0;9.454550999216735 seconds;00:00;0;0;0;0;5;54%;61%;3%
spooner-1925;3641;31;11%;1,704;49;16;0.03;1,100,519;16,750.69;26,779;9,080;258;3.92;11;625;9.51;2,108;32.08;55;21;3.37;0;0;0;0;0;0;0;4;0;283;4.3;12;1,355;20.62;33;29;66;2;34;0;0;0;0;21;0;0;203;32;107;64;3;0.04;2;4;21;646;9.83;34;54:23;00:49;02:08;0;0;0;0;0;0;29,214;15,017;289;4.39;12;0;0;0;13 hours;03:15:19;0;0;0;0;20;51%;61%;51%
sreader-1911;2668;2;5%;197;17;6;0.01;239,535;15,358.28;28,006;9,259;78;5;16;158;10.13;384;24.62;54;15;2.43;0;0;0;0;0;0;0;2;0;40;2.56;9;242;15.51;43;7;16;0;8;0;0;0;0;15;0;0;43;14;15;14;3;0.19;1;3;5;151;9.68;15;12:35;00:48;01:12;0;0;0;0;0;0;6,321;3,384;54;3.46;7;0;0;0;3 hours;24:40;0;0;0;0;4;53%;66%;53%
StylishNoob-1882;3780;0;6%;23;5;4;0.01;27,716;19,603.63;7,007;3,610;3;2.12;2;24;16.97;22;15.56;7;4;0.91;0;0;0;0;0;0;0;0;0;2;1.41;1;14;9.9;4;1;1;0;0;0;0;0;0;4;0;0;5;2;2;0;1;0.7;1;0;0;6;4.24;5;01:00;00:42;00:23;0;0;0;0;0;0;680;383;2;1.41;1;0;0;0;21 minutes;01:44;0;0;0;0;0;56%;0;16%
Suiyoku-4395;1993;0;3%;18;9;4;0.01;30,027;8,727.32;8,001;3,171;10;2.9;5;28;8.13;42;12.2;19;9;1.5;0;0;0;0;0;0;0;0;0;11;3.19;5;22;6.39;11;2;3;0;1;0;0;0;0;9;0;0;6;2;2;3;0;0;0;3;1;16;4.65;9;02:37;00:45;01:46;0;0;0;0;0;0;956;467;5;1.45;3;0;0;0;29 minutes;05:22;0;0;0;0;0;48%;48%;29%
Supah-1288;3197;0;2%;14;8;3;0;32,686;13,639.32;15,098;2,105;15;6.25;11;42;17.52;77;32.13;36;7;1.83;0;0;0;0;0;0;0;4;0;25;10.43;10;44;18.36;23;2;2;0;0;0;0;0;0;7;0;0;8;3;2;3;0;0;0;4;1;42;17.52;23;03:00;01:15;01:22;0;0;0;0;0;0;1,047;496;10;4.17;4;0;0;0;36 minutes;07:13;0;0;0;0;1;47%;64%;0
Surefour-2559;4493;27;14%;1,542;45;18;0.03;851,136;17,593.13;22,148;11,573;222;4.58;8;538;11.12;1,807;37.35;54;25;3.35;0;0;0;0;0;0;0;8;0;116;2.39;9;1,234;25.5;38;14;48;1;34;0;0;0;0;25;0;0;130;24;75;31;8;0.16;1;4;26;483;9.98;24;23:06;00:28;01:09;0;0;0;0;0;0;20,374;10,710;260;5.37;13;0;0;0;11 hours;02:44:31;0;0;0;0;12;52%;73%;69%
Sylar-1669;60;0;5%;19;5;5;0;25,336;13,113.92;13,840;2,873;8;4.14;4;27;13.97;44;22.77;27;6;1.62;0;0;0;0;0;0;0;0;0;4;2.07;3;25;12.94;14;0;2;0;1;0;0;0;0;6;0;0;4;1;1;2;0;0;0;0;0;10;5.17;5;00:21;00:11;00:12;0;0;0;0;0;0;0;0;4;2.07;2;0;0;0;27 minutes;0;0;0;0;0;0;47%;0;52%
Sypeh-2707;0;7;8%;444;46;10;0.02;383,417;16,324.8;28,100;9,224;109;4.64;9;278;11.83;790;33.63;68;21;2.84;0;0;0;0;0;0;0;3;0;80;3.4;9;496;21.11;41;11;23;1;11;0;0;0;0;21;0;0;62;14;29;19;9;0.38;2;4;10;238;10.13;24;15:51;00:40;01:37;0;0;0;0;0;0;9,830;5,143;97;4.12;13;0;0;0;5 hours;45:03;0;0;0;0;0;52%;81%;47%
Taimou-2526;4311;1;12%;68;23;13;0.03;41,117;17,956.18;9,698;9,698;2;0.87;1;30;13.1;56;24.45;17;14;1.86;0;0;0;0;0;0;0;1;0;0;0;0;26;11.35;7;2;2;0;0;0;0;0;0;14;0;0;6;3;2;1;0;0;0;0;0;17;7.42;5;00:52;00:22;00:23;0;0;0;0;0;0;1,087;550;1;0.43;1;0;0;0;34 minutes;02:36;0;0;0;0;0;50%;59%;19%
Talespin-1868;4132;1;7%;48;14;5;0.01;42,570;12,767.28;9,051;4,200;5;1.49;2;32;9.59;89;26.69;23;8;2.78;0;0;0;0;0;0;0;0;0;19;5.69;7;62;18.59;18;1;3;0;3;0;0;0;0;8;0;0;9;1;6;1;0;0;0;0;0;20;5.99;4;01:26;00:25;00:28;0;0;0;0;0;0;1,198;670;18;5.39;4;0;0;0;40 minutes;06:40;0;0;0;0;0;55%;67%;76%
tassame-21620;59;3;7%;100;14;5;0;99,891;12,649.84;15,367;4,615;23;2.91;5;71;8.99;191;24.18;25;12;2.69;0;0;0;0;0;0;0;2;0;37;4.68;10;111;14.05;16;0;8;0;3;0;0;0;0;12;0;0;20;4;12;4;0;0;0;3;1;60;7.59;11;04:29;00:34;00:55;0;0;0;0;0;0;0;0;25;3.16;6;0;0;0;1 hour;11:10;0;0;0;0;0;51%;0;43%
Teejay-1789;3762;27;5%;612;32;15;0.01;730,304;16,167.95;32,318;10,233;176;3.89;12;257;5.68;1,509;33.4;55;21;5.87;0;0;0;0;0;0;0;5;0;225;4.98;12;860;19.03;33;7;45;1;37;0;0;0;0;21;0;0;125;24;68;34;11;0.24;1;5;21;437;9.67;27;30:42;00:40;02:26;0;0;0;0;0;0;18,642;10,370;149;3.29;9;1;0;0;8 hours;01:38:29;0;0;0;0;4;55%;63%;82%
TheBlackOne-1989;0;0;5%;2;2;2;0;2,726;9,472.43;2,726;1,592;2;6.95;2;3;10.42;6;20.85;6;5;2;0;0;0;0;0;0;0;0;0;2;6.95;2;3;10.42;3;0;0;0;0;0;0;0;0;5;0;0;1;0;0;0;0;0;0;0;0;0;0;0;00:04;00:16;00:04;0;0;0;0;0;0;162;38;1;3.47;1;0;0;0;4 minutes;0;0;0;0;0;0;23%;0;0
Thorlax-2359;2420;0;8%;20;14;2;0.01;20,578;10,263.56;11,205;2,490;12;5.98;7;30;14.96;53;26.43;28;10;1.76;0;0;0;0;0;0;0;0;0;3;1.49;2;30;14.96;17;2;2;0;0;0;0;0;0;10;0;0;2;2;0;1;0;0;0;4;2;28;13.96;19;03:37;01:48;01:37;0;0;0;0;0;0;639;247;7;3.49;5;0;0;0;29 minutes;00:55;0;0;0;0;0;38%;0;0
ThreeDDD-4546;3579;3;9%;128;34;11;0.03;91,692;21,203.7;31,928;11,223;18;4.16;6;38;8.78;220;50.87;63;21;5.78;0;0;0;0;0;0;0;0;0;27;6.24;13;144;33.29;45;0;4;1;3;0;0;0;0;21;0;0;13;2;10;1;0;0;0;4;1;81;18.73;18;03:46;00:52;00:41;0;0;0;0;0;0;2,261;1,318;23;5.31;10;0;0;0;1 hour;23:46;0;0;0;0;2;58%;62%;67%
tic-1885;63;15;9%;593;38;14;0;486,582;15,802.96;24,807;8,738;207;6.72;14;285;9.25;1,042;33.84;52;24;3.65;0;0;0;0;0;0;0;9;0;60;1.94;6;670;21.75;37;0;31;0;17;0;0;0;0;24;0;0;80;18;43;19;12;0.38;2;5;13;379;12.3;21;19:58;00:38;01:12;0;0;0;0;0;0;0;0;168;5.45;10;2;0;0;7 hours;01:08:06;0;0;0;0;0;51%;0;56%
Tiki-11546;3512;3;7%;330;21;7;0.01;328,747;14,628.44;19,105;5,514;100;4.44;8;282;12.54;606;26.96;47;19;2.14;0;0;0;0;0;0;0;0;0;46;2.04;6;354;15.75;27;11;22;1;10;0;0;0;0;19;0;0;54;16;18;20;2;0.08;1;4;3;193;8.58;17;16:15;00:43;02:10;0;0;0;0;0;0;9,325;4,404;83;3.69;7;0;0;0;4 hours;34:52;0;0;0;0;0;47%;64%;46%
Toha-2496;1362;11;9%;523;24;12;0.02;407,066;12,208.84;18,087;8,708;149;4.46;10;229;6.86;846;25.37;37;17;3.69;0;0;0;0;0;0;0;5;0;94;2.81;6;517;15.5;23;12;33;2;19;0;0;0;0;17;0;0;84;25;31;28;5;0.14;1;4;9;315;9.44;21;21:14;00:38;01:30;0;0;0;0;0;0;13,062;5,508;154;4.61;8;0;0;0;6 hours;55:37;0;0;0;0;6;42%;67%;56%
tongue-11364;3632;2;9%;183;28;12;0.02;134,684;15,220.56;17,105;5,392;34;3.84;6;110;12.43;297;33.56;45;15;2.7;0;0;0;0;0;0;0;1;0;24;2.71;4;177;20;30;3;9;1;4;0;0;0;0;15;0;0;26;9;13;4;0;0;0;3;3;82;9.26;11;05:11;00:35;01:09;0;0;0;0;0;0;3,490;1,842;27;3.05;6;0;0;0;2 hours;24:09;0;0;0;0;0;52%;59%;50%
ToraNerd-1456;2322;0;7%;10;3;3;0.01;9,548;6,980.48;3,848;2,033;1;0.73;1;11;8.04;12;8.77;8;5;1.09;0;0;0;0;0;0;0;0;0;2;1.46;1;7;5.11;4;1;1;0;0;0;0;0;0;5;0;0;5;2;2;1;0;0;0;0;0;3;2.19;2;00:16;00:11;00:06;0;0;0;0;0;0;271;126;4;2.92;3;0;0;0;10 minutes;00:17;0;0;0;0;0;46%;57%;19%
Toujours-4543;0;5;10%;132;26;9;0.02;97,494;14,170.13;18,680;4,467;39;5.66;10;76;11.04;237;34.44;44;13;3.11;0;0;0;0;0;0;0;1;0;12;1.74;6;155;22.52;26;5;7;0;2;0;0;0;0;13;0;0;15;2;7;6;0;0;0;4;3;61;8.86;14;03:36;00:31;00:56;0;0;0;0;0;0;2,870;1,316;45;6.54;9;0;0;0;1 hour;18:07;0;0;0;0;7;45%;73%;28%
Treaty-11117;57;0;2%;4;4;3;0;11,232;16,668.98;11,232;2,450;3;4.45;3;9;13.35;20;29.68;20;5;2.22;0;0;0;0;0;0;0;0;0;8;11.87;8;13;19.29;13;0;1;0;0;0;0;0;0;5;0;0;3;1;1;1;0;0;0;0;0;7;10.38;7;01:06;01:38;01:06;0;0;0;0;0;0;0;0;2;2.96;2;0;0;0;8 minutes;01:01;0;0;0;0;0;52%;0;0
Tung-3350;3000;1;4%;9;7;7;0.01;15,238;14,224.74;8,948;8,948;4;3.73;2;6;5.6;33;30.8;18;16;5.5;0;0;0;0;0;0;0;0;0;7;6.53;4;18;16.8;11;0;1;0;1;0;0;0;0;16;0;0;2;0;0;1;0;0;0;0;0;12;11.2;8;01:40;01:33;00:52;0;0;0;0;0;0;382;221;2;1.86;2;0;0;0;10 minutes;03:32;0;0;0;0;2;57%;50%;95%
TviQ-1503;4134;25;9%;1,051;43;17;0.03;805,327;18,306.25;40,314;10,997;143;3.25;11;440;10;1,348;30.64;53;18;3.06;0;0;0;0;0;0;0;9;0;156;3.54;9;804;18.27;34;18;44;4;22;0;0;0;0;18;0;0;112;22;63;28;8;0.18;2;3;14;403;9.16;16;21:42;00:29;01:22;0;0;0;0;0;0;20,346;11,654;159;3.61;8;0;0;0;9 hours;01:35:48;0;0;0;0;6;57%;75%;49%
Ulfang-1914;57;0;2%;10;2;2;0;26,276;7,452.51;6,175;2,540;10;2.83;3;49;13.89;54;15.31;12;9;1.1;0;0;0;0;0;0;0;1;0;21;5.95;6;35;9.92;6;0;4;0;1;0;0;0;0;9;0;0;6;3;1;2;1;0.28;1;0;0;18;5.1;5;01:54;00:32;00:21;0;0;0;0;0;0;0;0;12;3.4;2;0;0;0;43 minutes;00:13;0;0;0;0;0;40%;0;32%
uNFixed-2518;0;13;7%;873;36;17;0.02;756,036;16,832.64;26,433;8,587;206;4.58;13;387;8.61;1,358;30.23;60;18;3.5;0;0;0;0;0;0;0;11;0;244;5.43;11;827;18.41;36;21;45;2;22;0;0;0;0;18;0;0;131;21;71;40;3;0.06;1;5;20;444;9.88;24;31:43;00:42;01:32;0;0;0;0;0;0;20,349;11,460;163;3.62;9;0;0;0;10 hours;01:20:16;0;0;0;0;5;56%;83%;48%
uruca-11142;4007;0;5%;19;9;5;0.01;20,378;13,813.53;7,894;3,622;1;0.67;1;15;10.16;35;23.72;20;7;2.33;0;0;0;0;0;0;0;0;0;9;6.1;4;19;12.87;13;1;1;0;0;0;0;0;0;7;0;0;3;1;0;2;0;0;0;0;0;10;6.77;5;00:49;00:33;00:27;0;0;0;0;0;0;591;322;2;1.35;2;0;0;0;18 minutes;00:40;0;0;0;0;0;54%;50%;32%
vallutaja-2514;4250;25;8%;1,325;48;16;0.02;1,036,368;17,046.05;26,370;8,109;302;4.96;11;614;10.09;1,796;29.54;45;21;2.92;0;0;0;0;0;0;0;8;0;278;4.57;17;1,054;17.33;32;0;0;0;40;0;0;0;0;21;0;0;165;45;70;50;11;0.18;4;4;31;569;9.35;24;48:37;00:47;03:10;0;0;0;0;0;0;3;14,931;216;3.55;11;0;0;0;54.53564402461052 seconds;01:39:28;0;0;0;0;11;48%;77%;64%
Vance-4548;0;0;6%;5;5;4;0.02;4,836;13,340.21;4,836;3,417;0;0;0;3;8.27;4;11.03;4;3;1.33;0;0;0;0;0;0;0;0;0;1;2.75;1;1;2.75;1;0;0;0;0;0;0;0;0;3;0;0;1;1;0;0;0;0;0;3;1;4;11.03;4;00:02;00:07;00:02;0;0;0;0;0;0;137;79;0;0;0;0;0;0;3 minutes;0;0;0;0;0;0;57%;0;0
ViruSs-1935;2793;0;5%;6;6;2;0.01;7,510;11,695.32;6,775;4,167;2;3.11;2;6;9.34;14;21.8;13;9;2.33;0;0;0;0;0;0;0;0;0;0;0;0;10;15.57;10;0;1;0;1;0;0;0;0;9;0;0;2;1;1;1;1;1.55;1;0;0;5;7.78;4;00:16;00:25;00:08;0;0;0;0;0;0;291;101;0;0;0;0;0;0;7 minutes;00:21;0;0;0;0;0;34%;0;100%
voice-3499;3569;0;2%;1;1;1;0;2,255;3,820.5;2,255;927;0;0;0;4;6.77;1;1.69;1;1;0.25;0;0;0;0;0;0;0;0;0;1;1.69;1;1;1.69;1;1;1;0;0;0;0;0;0;1;0;0;2;1;1;1;0;0;0;0;0;0;0;0;00:02;00:03;00:02;0;0;0;0;0;0;99;41;0;0;0;0;0;0;3 minutes;0;0;0;0;0;2;41%;0;0
watt-1213;80;31;8%;1,331;41;13;0;1,151,284;15,760;26,784;6,741;372;5.09;16;807;11.04;2,458;33.64;58;21;3.04;0;0;0;0;0;0;0;7;0;163;2.23;10;1,592;21.79;42;0;73;0;43;0;0;0;0;21;0;0;216;48;100;68;52;0.71;3;5;31;750;10.26;20;57:22;00:47;01:54;0;0;0;0;0;0;0;0;373;5.1;13;0;0;0;17 hours;02:44:10;0;0;0;0;0;50%;0;58%
weaselele-2442;4437;11;11%;1,304;30;16;0.03;869,502;17,297.57;21,223;7,623;182;3.62;10;593;11.79;1,571;31.25;43;17;2.64;0;0;0;0;0;0;0;6;0;137;2.72;5;941;18.71;28;22;50;2;26;0;0;0;0;17;0;0;130;39;43;48;19;0.37;2;4;15;464;9.23;18;30:35;00:36;01:37;0;0;0;0;0;0;22,458;11,775;175;3.48;6;0;0;0;11 hours;01:31:11;0;0;0;0;5;52%;73%;52%
Werky-1402;2821;11;7%;1,089;28;14;0.01;988,735;13,750.02;23,288;6,982;340;4.72;11;724;10.06;2,187;30.41;49;18;3.02;0;0;0;0;0;0;0;6;0;469;6.52;13;1,332;18.52;33;36;72;2;33;0;0;0;0;18;0;0;192;55;64;74;7;0.09;1;5;27;797;11.08;23;56:37;00:47;01:58;0;0;0;0;0;0;31,574;14,289;318;4.42;9;0;0;0;15 hours;02:25:57;0;0;0;0;55;45%;56%;46%
Winston-11922;65;0;9%;182;20;6;0;138,087;10,913.68;9,761;3,547;39;3.08;5;173;13.67;298;23.55;20;11;1.72;0;0;0;0;0;0;0;5;0;62;4.9;5;179;14.14;11;0;13;0;7;0;0;0;0;11;0;0;34;15;8;11;2;0.15;1;0;0;94;7.42;12;09:20;00:44;01:54;0;0;0;0;0;0;0;0;46;3.63;4;0;0;0;3 hours;04:22;0;0;0;0;0;38%;0;58%
WinterDKay-2106;2919;1;4%;83;17;7;0.01;112,363;10,910.58;15,718;4,312;42;4.07;7;82;7.96;217;21.07;37;12;2.64;0;0;0;0;0;0;0;0;0;49;4.75;7;132;12.81;27;7;10;0;3;0;0;0;0;12;0;0;23;7;6;10;2;0.19;1;3;3;72;6.99;12;05:58;00:34;00:49;0;0;0;0;0;0;3,494;1,679;24;2.33;3;0;0;0;2 hours;13:10;0;0;0;0;3;48%;61%;32%
XavierChu-3266;3000;1;5%;19;11;6;0.01;23,147;13,167.61;13,934;4,105;4;2.27;4;19;10.8;53;30.15;42;11;2.78;0;0;0;0;0;0;0;0;0;5;2.84;4;30;17.06;22;0;2;0;1;0;0;0;0;11;0;0;4;2;2;0;1;0.56;1;0;0;24;13.65;21;02:34;01:27;02:04;0;0;0;0;0;0;627;341;5;2.84;4;0;0;0;--;02:41;0;0;0;0;2;54%;49%;84%
xFloweyx-3965;1752;0;2%;1;1;1;0;2,948;12,972.63;2,655;1,831;1;4.4;1;4;17.6;5;22;4;3;1.25;0;0;0;0;0;0;0;0;0;0;0;0;5;22;4;0;0;0;0;0;0;0;0;3;0;0;1;0;1;0;0;0;0;0;0;1;4.4;1;00:06;00:26;00:06;0;0;0;0;0;0;90;40;3;13.2;2;0;0;0;4 minutes;0;0;0;0;0;0;44%;0;0
XQQ-11863;4453;0;11%;13;7;5;0.02;7,799;17,182.84;4,923;3,080;2;4.4;2;6;13.21;6;13.21;3;2;1;0;0;0;0;0;0;0;0;0;1;2.2;1;5;11.01;3;0;0;0;0;0;0;0;0;2;0;0;1;0;0;1;0;0;0;0;0;2;4.4;2;00:20;00:44;00:15;0;0;0;0;0;0;230;115;2;4.4;1;0;0;0;7 minutes;0;0;0;0;0;0;50%;55%;12%
xxiSaint-3541;2298;0;4%;26;12;7;0.01;35,132;9,080.12;13,263;4,129;17;4.39;9;28;7.23;76;19.64;29;13;2.71;0;0;0;0;0;0;0;0;0;18;4.65;5;47;12.14;16;2;4;0;2;0;0;0;0;13;0;0;9;4;1;3;0;0;0;4;2;20;5.16;8;01:07;00:17;00:26;0;0;0;0;0;0;1,434;567;13;3.35;5;0;0;0;43 minutes;01:08;0;0;0;0;5;39%;50%;50%
Y19251658-2148;3795;2;8%;96;28;6;0.02;83,293;16,641.42;16,352;3,943;20;3.99;5;67;13.38;191;38.16;45;12;2.85;0;0;0;0;0;0;0;1;0;33;6.59;6;116;23.17;28;3;5;0;2;0;0;0;0;12;0;0;14;3;8;3;2;0.39;2;3;1;48;9.59;13;02:59;00:35;00:44;0;0;0;0;0;0;2,395;1,148;29;5.79;8;0;0;0;1 hour;15:20;0;0;0;0;4;47%;54%;42%
YaMou-4439;3076;0;11%;17;9;8;0.02;11,062;7,034.79;5,219;2,641;0;0;0;12;7.63;16;10.17;10;8;1.33;0;0;0;0;0;0;0;0;0;0;0;0;9;5.72;6;0;2;0;1;0;0;0;0;8;0;0;3;2;0;1;1;0.63;1;0;0;3;1.9;2;00:15;00:09;00:11;0;0;0;0;0;0;409;151;4;2.54;2;0;0;0;13 minutes;00:11;0;0;0;0;0;36%;22%;71%
YLLES-3238;4613;0;10%;48;15;8;0.04;28,758;19,499.36;8,671;3,889;2;1.35;1;14;9.49;45;30.51;14;7;3.21;0;0;0;0;0;0;0;0;0;3;2.03;2;32;21.69;11;0;1;0;1;0;0;0;0;7;0;0;4;0;3;1;1;0.67;1;0;0;8;5.42;3;00:37;00:25;00:23;0;0;0;0;0;0;783;451;6;4.06;4;0;0;0;17 minutes;03:31;0;0;0;0;0;57%;69%;73%
Yoooz-3681;2542;7;9%;251;34;13;0.02;193,326;14,033.88;18,035;10,294;59;4.28;7;143;10.38;396;28.74;39;20;2.76;0;0;0;0;0;0;0;0;0;47;3.41;7;262;19.01;26;9;14;0;5;0;0;0;0;20;0;0;41;4;25;12;1;0.07;1;4;3;131;9.5;14;09:16;00:40;01:09;0;0;0;0;0;0;5,670;2,683;76;5.51;12;1;0;0;2 hours;39:08;0;0;0;0;8;47%;58%;38%
YuzuP-1934;1855;0;3%;15;9;6;0;25,770;10,543.58;12,148;4,776;6;2.45;3;20;8.18;34;13.91;19;7;1.7;0;0;0;0;0;0;0;0;0;5;2.04;3;13;5.31;8;1;2;0;1;0;0;0;0;7;0;0;6;3;0;4;0;0;0;0;0;20;8.18;12;02:26;00:59;02:07;0;0;0;0;0;0;961;391;1;0.4;1;0;0;0;27 minutes;0;0;0;0;0;0;40%;49%;45%
Yz50-11781;4342;0;9%;49;25;11;0.02;36,372;13,651.82;16,669;5,140;9;3.37;5;28;10.5;62;23.27;32;14;2.21;0;0;0;0;0;0;0;0;0;9;3.37;5;38;14.26;21;1;3;0;2;0;0;0;0;14;0;0;8;1;5;2;0;0;0;0;0;9;3.37;5;01:22;00:30;01:06;0;0;0;0;0;0;988;528;14;5.25;7;0;0;0;--;03:46;0;0;0;0;0;53%;66%;75%
Zatanna-11384;65;2;3%;86;7;3;0;172,068;12,609.86;20,617;4,358;68;4.98;10;222;16.26;413;30.26;41;14;1.86;0;0;0;0;0;0;0;2;0;169;12.38;24;255;18.68;25;0;14;0;7;0;0;0;0;14;0;0;35;9;12;13;8;0.58;1;4;5;129;9.45;13;14:16;01:02;01:38;0;0;0;0;0;0;0;0;98;7.18;12;0;0;0;3 hours;16:20;0;0;0;0;0;45%;0;53%
ZeInfinity-21817;2173;0;0;0;0;0;0;2,314;9,823.52;2,314;1,468;1;4.24;1;3;12.73;3;12.73;3;2;1;0;0;0;0;0;0;0;0;0;0;0;0;2;8.49;2;0;0;0;0;0;0;0;0;2;0;0;1;0;0;0;0;0;0;0;0;2;8.49;2;00:08;00:34;00:08;0;0;0;0;0;0;89;34;0;0;0;0;0;0;2 minutes;0;0;0;0;0;0;38%;0;0
Zonda-4175;4522;1;10%;132;36;9;0.03;87,928;20,048.96;22,484;6,485;13;2.96;6;49;11.17;108;24.62;27;9;2.2;0;0;0;0;0;0;0;0;0;2;0.45;1;62;14.13;19;3;4;0;1;0;0;0;0;9;0;0;11;2;6;3;0;0;0;4;2;31;7.06;11;02:28;00:33;01:07;0;0;0;0;0;0;2,176;1,221;9;2.05;3;0;0;0;1 hour;06:57;0;0;0;0;0;56%;61%;30%
zunba-3237;4790;2;10%;54;21;12;0.03;35,209;14,805.95;14,425;4,775;8;3.36;5;14;5.88;66;27.75;26;10;4.71;0;0;0;0;0;0;0;0;0;12;5.04;9;42;17.66;19;0;2;1;2;0;0;0;0;10;0;0;8;1;3;4;0;0;0;0;0;22;9.25;12;01:23;00:34;01:11;0;0;0;0;0;0;881;531;13;5.46;5;0;0;0;24 minutes;02:30;0;0;0;0;1;60%;64%;65%
Zyphoid-11537;2610;4;6%;110;21;7;0.01;114,515;13,810.83;21,451;5,230;44;5.3;9;114;13.74;261;31.47;45;13;2.28;0;0;0;0;0;0;0;6;0;69;8.32;16;175;21.1;35;3;8;1;4;0;0;0;0;13;0;0;19;4;10;5;3;0.36;1;3;3;123;14.83;18;10:01;01:12;02:17;0;0;0;0;0;0;3,193;1,578;48;5.78;14;0;0;0;1 hour;23:47;0;0;0;0;7;49%;57%;48%
