Adam-1251;4239;1;6.16;1;0;40%;4;4;3;0.02;2,113;13,026;1,112;1,452;8,946.9;1,323;949;3;18.48;2;12.32;2;2;0.66;0;0;0;2;12.32;2;0;0;0;0;0;0;0;0;0;0;0;0;0;399;2,459.42;255;144;2;0;0;0;0;0;0;0;0;0;0;2;12.32;2;00:48;05:01;00:41;0;0;0;0;399;2.64;255;34;10;0;0;0;0;2 minutes;00:29;0;0;29%;0;79%
Adameve-11380;3410;3;5.41;3;0;7%;1;1;1;0;2,177;3,927;1,536;2,187;3,943.74;1,836;1,140;5;9.01;7;12.62;7;6;1.4;0;0;0;4;7.21;4;0;0;0;0;0;0;3;5.41;3;0;1;1;0;181;325.92;150;150;6;0;1;1;0;1;0;0;0;0;0;2;3.6;2;00:10;00:18;00:10;0;0;0;0;181;0.61;150;35;13;1;1.8;1;0;4 minutes;0;0;0;37%;40%;0
Ahahababa-3671;2530;1;6.13;1;0;0;0;0;0;0;342;2,097;342;1,216;7,455.22;1,216;660;2;12.26;5;30.65;5;4;2.5;0;0;0;2;12.26;2;0;0;0;0;0;0;1;6.13;1;0;0;0;0;339;2,077.74;339;189;4;0;0;0;0;0;0;0;0;0;0;2;12.26;2;00:17;01:47;00:17;0;0;0;0;339;2.09;339;53;11;0;0;0;0;2 minutes;0;0;0;20%;0;100%
akh826-3629;2350;3;6.6;3;1;16%;4;4;4;0.01;2,202;4,849;2,202;2,927;6,445.91;2,927;2,098;3;6.6;15;33.03;15;13;5;0;0;0;8;17.61;8;0;0;0;0;1;0;3;6.6;3;0;0;0;0;551;1,213.8;551;282;13;0;2;0;1;0;0;0;0;0;0;12;26.42;12;01:32;03:23;01:32;0;0;0;0;551;1.38;551;99;24;0;0;0;0;6 minutes;00:18;0;0;24%;24%;0
Akimoto-3310;3063;17;6.48;8;1;15%;29;12;5;0.01;28,205;10,762;6,650;21,697;8,278.78;5,042;2,207;22;8.39;74;28.23;16;16;3.36;0;0;0;34;12.97;6;0;0;0;0;1;0;23;8.77;5;1;3;0;1;1,783;680.19;503;372;16;0;8;4;3;1;1;0.38;1;0;0;19;7.24;7;01:42;00:38;00:39;0;0;0;0;1,780;0.82;503;610;193;1;0.38;1;0;35 minutes;02:18;0;0;31%;43%;32%
Aktm-11812;0;1;1.36;1;0;9%;6;3;2;0;10,055;13,746;3,801;6,808;9,307.01;2,536;1,651;9;12.3;13;17.77;8;6;1.44;0;0;0;13;17.77;5;0;0;0;0;2;0;3;4.1;2;0;1;0;0;774;1,058.52;477;397;6;0;2;2;0;0;0;0;0;0;0;2;2.73;1;01:06;01:31;00:42;0;0;0;0;774;1.27;477;162;65;0;0;0;0;10 minutes;0;0;0;40%;0;35%
applejuice69-11392;0;65;7.52;8;4;19%;144;17;8;0.01;100,850;11,672;14,662;83,570;9,671.91;8,366;4,989;94;10.87;284;32.86;32;14;3.02;0;0;0;172;19.9;31;0;0;0;0;0;0;107;12.38;11;1;9;3;5;7,832;906.47;665;371;14;0;27;9;9;9;3;0.34;2;3;5;105;12.15;15;09:56;01:09;01:32;0;0;0;0;7,832;1.08;665;1,942;743;28;3.24;5;0;2 hours;28:11;0;0;38%;57%;55%
arbiterlin-1178;2685;0;0;0;0;0;0;0;0;0;759;11,259;759;527;7,813.67;527;527;1;14.82;0;0;0;0;0;0;0;0;1;14.82;1;0;0;0;0;0;0;0;0;0;0;0;0;0;0;0;0;0;0;0;0;0;0;0;0;0;0;0;0;0;0;0;0;0;0;0;0;0;0;0;0;0;11;6;0;0;0;0;55.541115989908576 seconds;0;0;0;54%;54%;0
aRie-11198;2992;72;7.77;8;3;28%;167;20;9;0.02;38,501;4,157;4,619;75,039;8,102.24;6,907;3,132;68;7.34;249;26.88;27;17;3.66;0;0;0;177;19.11;16;0;0;0;0;1;0;118;12.74;15;4;9;0;5;10,131;1,093.87;963;671;17;0;20;6;8;6;4;0.43;2;4;5;102;11.01;17;08:56;00:57;01:07;0;0;0;0;10,131;1.6;963;1,510;576;48;5.18;10;0;1 hour;31:25;0;0;38%;64%;53%
Artificial-11535;2856;38;6.68;8;1;12%;70;12;9;0.01;25,931;4,561;7,993;54,322;9,555.17;8,580;5,775;43;7.56;131;23.04;24;13;3.04;0;0;0;67;11.78;11;0;0;0;0;1;0;41;7.21;11;1;6;1;3;5,833;1,026.03;1,366;676;13;0;22;11;3;8;0;0;0;3;3;54;9.49;14;05:43;01:00;01:14;0;0;0;0;5,833;1.4;1,366;1,503;550;6;1.05;3;0;1 hour;06:58;0;0;36%;73%;61%
Badger-1688;3050;0;0;0;0;25%;3;3;2;0.01;2,727;15,484;2,727;1,604;9,109.92;1,604;1,173;2;11.35;4;22.71;4;4;2;0;0;0;3;17.03;3;0;0;0;0;0;0;2;11.35;2;0;0;0;0;262;1,488.74;262;262;4;0;1;0;0;0;0;0;0;0;0;2;11.35;2;00:24;02:17;00:24;0;0;0;0;262;1.42;262;50;12;0;0;0;0;3 minutes;00:24;0;0;24%;0;0
BioHack-11119;1988;13;8.53;7;0;13%;13;7;3;0.01;20,150;13,236;9,579;11,084;7,280.84;5,787;1,574;15;9.85;38;24.96;21;14;2.53;0;0;0;31;20.36;14;0;0;0;0;0;0;15;9.85;7;0;2;0;1;3,190;2,095.27;1,628;437;14;0;4;2;1;2;2;1.31;2;4;2;15;9.85;10;03:27;02:16;02:10;0;0;0;0;3,190;2.7;1,628;255;95;1;0.65;1;0;19 minutes;02:09;1;0;37%;37%;80%
Bluemoon-31853;3351;429;9.24;15;31;22%;830;41;13;0.02;315,262;6,793;13,259;486,643;10,485.97;20,318;6,646;405;8.72;1,558;33.57;55;28;3.84;0;0;0;1,188;25.59;46;0;0;0;0;9;0;642;13.83;32;18;46;2;27;43,325;933.55;2,502;689;28;0;183;49;92;42;11;0.23;1;4;30;710;15.29;33;01:21:30;01:45;04:36;0;0;0;0;43,325;1.22;2,502;8,984;3,662;161;3.46;8;1;9 hours;03:19:35;10;0;40%;59%;57%
BluStar-2121;57;17;3.31;8;0;11%;35;11;6;0;39,561;7,719;15,895;31,669;6,179.41;8,228;4,207;56;10.92;82;16;33;11;1.46;0;0;0;45;8.78;8;0;0;0;0;0;0;27;5.26;11;0;5;0;1;5,201;1,014.85;1,031;596;11;0;10;2;2;6;0;0;0;0;0;28;5.46;19;03:48;00:44;01:44;0;0;0;0;5,201;0;1,031;0;0;6;1.17;4;0;1 hour;00:05;0;0;35%;0;27%
Bobosa-3106;0;250;6.95;12;5;15%;398;18;10;0.01;272,433;7,580;9,202;293,540;8,167.36;9,978;4,511;313;8.7;854;23.76;36;17;2.72;0;0;0;555;15.44;21;0;0;0;0;1;0;315;8.76;15;19;36;2;15;31,054;864.04;1,573;1,122;17;0;95;38;32;25;2;0.05;1;5;13;259;7.2;15;36:18;01:00;02:26;0;0;0;0;31,054;1.23;1,573;6,045;2,566;62;1.72;5;0;6 hours;48:28;6;0;42%;100%;41%
BriBrii-2647;1225;16;4.93;5;1;8%;26;5;4;0;15,590;4,811;4,409;27,943;8,623.58;5,371;3,216;42;12.96;52;16.04;16;12;1.23;0;0;0;41;12.65;8;0;0;0;0;0;0;21;6.48;6;2;3;0;1;4,116;1,270.19;1,029;636;12;0;7;3;2;2;0;0;0;0;0;17;5.24;4;04:10;01:17;01:21;0;0;0;0;4,116;1.52;1,029;949;304;5;1.54;2;0;44 minutes;02:14;2;0;32%;43%;38%
buff4eyes-1647;45;19;5.48;7;0;21%;37;12;4;0;35,403;10,229;11,138;25,285;7,305.61;8,549;2,641;49;14.15;107;30.91;41;14;2.18;0;0;0;78;22.53;29;0;0;0;0;3;0;38;10.97;12;0;3;0;1;6,093;1,760.57;1,828;453;14;0;9;3;2;4;1;0.28;1;0;0;55;15.89;27;09:06;02:38;04:39;0;0;0;0;6,093;0;1,828;0;0;13;3.75;4;0;55 minutes;00:43;0;0;38%;0;42%
burii-11667;0;11;3.73;3;1;11%;26;6;5;0.01;15,370;5,219;6,025;26,608;9,034.3;3,885;3,436;24;8.14;66;22.4;17;17;2.75;0;0;0;48;16.29;11;0;0;0;0;0;0;22;7.46;7;2;3;0;1;1,219;413.94;244;244;17;0;8;3;2;3;0;0;0;0;0;19;6.45;4;01:50;00:37;00:22;0;0;0;0;1,219;0.55;244;525;235;3;1.01;1;0;--;01:56;0;0;44%;75%;44%
cacaron-1244;3164;4;6.31;4;0;12%;6;6;4;0.01;3,808;6,015;2,970;4,965;7,842.46;4,087;2,274;7;11.05;12;18.95;11;8;1.71;0;0;0;10;15.79;10;0;0;0;0;0;0;1;1.57;1;1;1;0;0;874;1,380.99;454;304;8;0;1;1;0;0;0;0;0;0;0;6;9.47;6;00:39;01:02;00:39;0;0;0;0;874;1.54;454;178;48;0;0;0;0;9 minutes;00:41;0;0;26%;0;17%
Calvin-1337;4187;6;3.21;5;1;13%;22;10;3;0.01;23,642;12,663;15,806;18,218;9,758.01;10,434;3,057;19;10.17;55;29.46;29;8;2.89;0;0;0;28;14.99;17;0;0;0;0;0;0;22;11.78;10;0;2;0;2;1,871;1,002.25;700;494;8;0;6;2;3;1;0;0;0;0;0;28;14.99;16;03:02;01:37;01:34;0;0;0;0;1,871;1.23;700;383;167;4;2.14;2;0;25 minutes;03:07;0;0;43%;47%;86%
Camou-1349;3855;89;6.99;9;5;17%;194;18;14;0.02;81,965;6,439;9,466;114,672;9,008.2;11,344;6,037;45;3.53;415;32.6;33;22;9.22;0;0;0;174;13.66;20;0;0;0;0;2;0;180;14.14;16;0;13;1;12;7,956;625.01;938;615;22;0;42;15;16;11;3;0.23;1;4;5;86;6.75;12;10:01;00:47;02:12;0;0;0;0;7,956;1;938;3,218;1,117;39;3.06;7;0;2 hours;35:03;3;0;34%;57%;90%
Capriccioso-1214;42;6;2.07;3;0;33%;16;6;3;0;8,128;2,805;2,301;10,543;3,638.53;3,856;1,345;19;6.55;33;11.38;10;6;1.73;0;0;0;37;12.76;13;0;0;0;0;0;0;20;6.9;6;0;3;0;1;21,544;291.76;272;3;6;0;7;1;2;3;0;0;0;0;0;6;2.07;3;00:45;00:15;00:19;0;0;0;0;845;0;272;0;0;7;2.41;2;0;--;0;0;0;41%;0;43%
CaptainEVS-1315;80;2;5.25;2;0;22%;6;3;3;0;0;0;0;2,791;7,334.1;1,526;1,263;6;15.76;8;21.02;5;3;1.33;0;0;0;3;7.88;2;0;0;0;0;0;0;2;5.25;1;0;0;0;0;309;811;259;259;3;0;1;0;0;0;0;0;0;0;0;2;5.25;2;00:22;00:59;00:15;0;0;0;0;309;0;259;0;0;1;2.62;1;0;5 minutes;0;0;0;36%;0;100%
CERT-3809;2539;0;0;0;0;16%;3;3;2;0.01;725;2,697;725;2,816;10,478.67;2,816;1,079;5;18.6;3;11.16;3;3;0.6;0;0;0;8;29.77;8;0;0;0;0;0;0;2;7.44;2;0;0;0;0;328;1,221.83;328;178;3;0;0;0;0;0;0;0;0;0;0;2;7.44;2;01:45;06:33;01:45;0;0;0;0;328;1.13;328;61;18;0;0;0;0;4 minutes;0;0;0;29%;29%;0
Circe-1107;3150;44;6.89;9;3;15%;75;16;8;0.02;36,063;5,654;7,407;49,680;7,789.02;9,652;4,457;22;3.44;162;25.39;31;15;7.36;0;0;0;78;12.22;16;0;0;0;0;1;0;66;10.34;11;0;6;0;6;3,482;545.98;960;608;15;0;24;13;3;7;1;0.15;1;3;6;33;5.17;8;03:35;00:33;01:01;0;0;0;0;3,482;1.15;960;1,197;470;6;0.94;3;0;50 minutes;10:12;0;0;39%;100%;100%
ClarieFarron-11811;2703;16;7.33;5;0;18%;40;13;9;0.02;15,816;7,251;7,639;22,664;10,390;7,775;4,049;26;11.91;66;30.25;24;16;2.53;0;0;0;41;18.79;11;0;0;0;0;0;0;33;15.12;10;2;2;0;1;2,148;984.57;755;360;16;0;6;3;1;2;0;0;0;5;2;23;10.54;9;02:05;00:57;00:44;0;0;0;0;2,148;1.11;755;536;220;5;2.29;1;0;32 minutes;01:15;0;0;41%;48%;28%
clockwise-11369;3706;6;5.53;4;0;13%;24;17;10;0.02;12,200;11,251;4,402;15,094;13,919.32;7,809;4,784;10;9.22;24;22.13;13;6;2.4;0;0;0;8;7.37;4;0;0;0;0;0;0;11;10.14;7;0;1;0;0;1,060;977.91;649;258;6;0;5;2;1;2;0;0;0;0;0;10;9.22;7;01:09;01:03;00:39;0;0;0;0;1,060;1.02;649;467;173;3;2.76;2;0;17 minutes;01:26;0;0;37%;0;43%
Cohias-1934;3115;0;0;0;0;0;0;0;0;0;2,054;40,810;2,054;505;10,039.39;505;505;1;19.86;1;19.86;1;1;1;0;0;0;0;0;0;0;0;0;0;0;0;1;19.86;1;0;0;0;0;50;1,002.45;50;50;1;0;0;0;0;0;0;0;0;0;0;0;0;0;0;0;0;0;0;0;0;50;0.96;50;20;5;0;0;0;0;52.26655100192875 seconds;0;0;0;25%;0;0
CRA2YDOG-3822;2743;27;3.98;6;0;13%;40;8;4;0;69,204;10,215;9,566;37,617;5,552.52;4,869;2,972;73;10.77;138;20.36;16;16;1.89;0;0;0;94;13.87;9;0;0;0;0;1;0;38;5.6;7;4;7;0;2;7,229;1,066.99;1,210;473;16;0;20;8;4;7;4;0.59;1;0;0;51;7.52;10;10:23;01:32;01:23;0;0;0;0;7,229;1.43;1,210;821;287;9;1.32;2;0;1 hour;06:08;2;0;34%;66%;33%
CtrlAltL337-1674;58;0;0;0;0;33%;1;1;1;0;0;0;0;471;5,815.58;471;380;2;24.7;0;0;0;0;0;0;0;0;2;24.7;2;0;0;0;0;1;0;0;0;0;0;0;0;0;143;1,763.85;143;139;0;0;0;0;0;0;0;0;0;0;0;0;0;0;0;0;0;0;0;0;0;143;0;143;0;0;0;0;0;0;1 minute;0;0;0;18%;0;0
Darkaz-6141;3705;23;5.51;6;0;17%;54;9;6;0.01;40,054;9,613;7,107;33,567;8,056.03;5,209;2,611;49;11.75;107;25.67;20;10;2.18;0;0;0;54;12.95;12;0;0;0;0;0;0;42;10.07;11;1;4;1;2;5,033;1,207.98;715;276;10;0;13;5;2;5;0;0;0;4;1;50;11.99;10;07:40;01:50;01:57;0;0;0;0;5,033;1.49;715;913;315;6;1.43;3;0;56 minutes;10:49;0;0;34%;35%;48%
DEATHSTROKE-31860;0;0;0;0;0;0;0;0;0;0;1,889;7,353;1,889;649;2,524.81;649;337;3;11.67;4;15.56;4;2;1.33;0;0;0;2;7.78;2;0;0;0;0;0;0;1;3.89;1;0;0;0;0;307;1,195.12;307;220;2;0;0;0;0;0;0;0;0;0;0;0;0;0;00:20;01:19;00:20;0;0;0;0;307;1.58;307;19;6;0;0;0;0;3 minutes;0;0;0;31%;0;0
DeerFanning-1832;3281;0;0;0;0;0;0;0;0;0;2,357;8,674;1,452;2,632;9,685.68;2,631;1,513;3;11.04;5;18.4;5;4;1.66;0;0;0;2;7.36;2;0;0;0;0;1;0;2;7.36;2;0;0;0;0;339;1,249.32;279;187;4;0;1;0;0;1;0;0;0;0;0;1;3.68;1;00:02;00:10;00:01;0;0;0;0;339;1.64;279;70;32;0;0;0;0;3 minutes;0;0;0;45%;0;0
DeGuN-2283;75;3;2.88;2;0;25%;8;7;3;0;4,424;4,248;3,244;4,608;4,425.05;2,156;1,292;8;7.68;21;20.16;10;6;2.62;0;0;0;10;9.6;4;0;0;0;0;0;0;4;3.84;2;0;1;0;1;843;809.73;489;192;0;0;1;0;1;0;0;0;0;0;0;11;10.56;6;01:13;01:10;00:38;0;0;0;0;843;0;489;0;0;1;0.96;1;0;10 minutes;0;0;0;22%;0;100%
DERPGUYZ-1495;2481;18;5.23;5;1;16%;27;6;3;0;37,170;10,808;12,961;23,687;6,887.41;6,215;1,761;36;10.46;84;24.42;21;9;2.33;0;0;0;77;22.38;17;0;0;0;0;2;0;28;8.14;6;2;3;0;1;5,374;1,562.62;1,675;494;9;0;12;4;6;3;0;0;0;3;1;46;13.37;13;08:17;02:24;02:46;0;0;0;0;5,374;1.95;1,675;478;159;4;1.16;3;0;45 minutes;04:45;0;0;33%;35%;35%
DerpHead-3508;2487;0;0;0;0;0;0;0;0;0;1,962;13,682;1,962;85;589.21;85;85;0;0;1;6.97;1;1;0;0;0;0;0;0;0;0;0;0;0;0;0;0;0;0;0;0;0;0;1;6.27;1;1;1;0;0;0;0;0;0;0;0;0;0;0;0;0;0;0;0;0;0;0;0;1;0.01;1;13;3;0;0;0;0;1 minute;0;0;0;23%;23%;0
DevjlCloudVN-1911;3102;1;3.54;1;0;18%;2;2;1;0;2,002;7,102;2,002;1,726;6,122.2;1,669;1,051;6;21.28;4;14.19;3;2;0.66;0;0;0;4;14.19;4;0;0;0;0;0;0;2;7.09;2;0;0;0;0;230;815.58;230;121;2;0;1;0;0;0;0;0;0;0;0;1;3.54;1;00:04;00:14;00:04;0;0;0;0;230;1.09;230;34;11;0;0;0;0;3 minutes;0;0;0;32%;33%;0
doGsInaT-1838;3173;329;7.43;14;11;10%;14;13;13;0.01;375,246;8,475;15,279;1,863;11,830.72;1,731;718;5;31.74;4;25.39;3;2;0.8;1;6;1;456;10.29;24;5;32;4;0;4;0;4;25.39;3;0;0;0;34;38,653;872.96;2,104;755;2;0;0;0;31;0;28;0.63;2;5;24;1;6.34;1;00:01;00:06;00:01;0;0;0;0;38,653;1.23;2,104;606;241;1;6.34;1;1;3 minutes;01:00:25;9;0;39%;20%;77%
Doubted-11183;3492;2;4.37;2;0;12%;6;6;4;0.01;4,667;10,216;4,252;5,627;12,318.75;5,475;3,354;3;6.56;12;26.26;12;8;4;0;0;0;7;15.32;7;0;0;0;0;0;0;2;4.37;2;0;0;0;0;426;933.61;287;198;8;0;1;1;0;0;0;0;0;0;0;4;8.75;4;00:12;00:26;00:08;0;0;0;0;426;1.07;287;134;50;1;2.18;1;0;6 minutes;0;0;0;37%;36%;7%
Edude13-1114;2202;5;3.66;4;0;20%;7;3;2;0;14,255;10,448;5,024;6,828;5,004.29;2,146;1,369;12;8.79;32;23.45;14;10;2.66;0;0;0;23;16.85;11;0;0;0;0;2;0;11;8.06;4;0;1;0;1;2,110;1,546.69;746;401;10;0;4;2;0;1;0;0;0;3;1;8;5.86;3;01:12;00:53;00:26;0;0;0;0;2,110;2.18;746;85;35;3;2.19;1;0;16 minutes;01:28;0;0;41%;47%;66%
eLim-6562;0;0;0;0;0;0;0;0;0;0;935;27,940;935;61;1,814.4;61;61;1;29.86;0;0;0;0;0;0;0;0;0;0;0;0;0;0;0;0;0;0;0;0;0;0;0;0;150;4,480.02;150;150;0;0;0;0;0;0;0;0;0;0;0;0;0;0;00:07;03:57;00:07;0;0;0;0;150;6.24;150;0;0;0;0;0;0;24.025222996249795 seconds;0;0;0;0;0;0
Elir-11927;69;0;0;0;0;0;0;0;0;0;1,501;22,965;1,290;663;10,142.69;513;513;1;15.3;1;15.3;1;1;1;0;0;0;1;15.3;1;0;0;0;0;0;0;0;0;0;0;0;0;0;148;2,269.36;148;148;1;0;0;0;0;0;0;0;0;0;0;1;15.3;1;00:15;04:04;00:15;0;0;0;0;148;0;148;0;0;0;0;0;0;58.510555032640696 seconds;0;0;0;45%;0;74%
ende-3181;2191;18;3.74;6;0;17%;34;11;4;0;32,737;6,807;11,659;27,209;5,657.96;6,882;1,608;58;12.06;93;19.33;24;10;1.6;0;0;0;71;14.76;20;0;0;0;0;0;0;19;3.95;6;3;5;0;2;5,931;1,233.33;1,591;356;10;0;14;10;0;5;0;0;0;3;1;54;11.22;15;12:26;02:35;02:54;0;0;0;0;5,931;1.44;1,591;725;189;7;1.45;3;0;1 hour;03:52;0;0;26%;37%;41%
EnumaElish-3343;3604;377;9.3;18;15;10%;551;23;9;0.01;281,592;6,950;8,162;489,267;12,075.59;19,918;6,214;342;8.44;1,045;25.79;37;17;3.05;0;0;0;452;11.15;19;0;0;0;0;7;0;420;10.36;23;17;41;3;21;37,773;932.28;1,523;600;17;0;124;43;42;40;7;0.17;2;5;27;294;7.25;13;29:31;00:43;01:51;0;0;0;0;37,773;1.27;1,523;12,617;5,343;54;1.33;5;0;8 hours;58:04;1;0;42%;72%;50%
Envi-31896;3032;1;1.34;1;0;18%;6;5;3;0.01;2,963;3,981;2,572;3,821;5,134.71;2,994;2,229;4;5.37;10;13.43;7;4;2.5;0;0;0;7;9.4;6;0;0;0;0;0;0;7;9.4;4;0;1;1;0;538;722.48;304;304;4;0;3;1;1;1;0;0;0;0;0;2;2.68;1;00:22;00:30;00:11;0;0;0;0;538;1.57;304;73;33;2;2.68;2;0;5 minutes;00:20;0;0;45%;60%;0
EscA-31708;0;8;12.85;8;0;13%;46;18;5;0.02;3,673;5,903;3,673;1,770;1,770.16;1,770;1,009;1;0.99;5;4.99;5;3;5;3;3;3;13;20.89;13;3;3;3;0;0;0;2;1.99;2;0;1;1;0;575;574.99;575;575;3;0;1;1;1;0;1;1.6;1;0;0;14;22.5;14;00:08;00:08;00:08;0;0;0;0;779;1.11;779;578;216;2;1.99;2;0;7 minutes;02:52;0;0;37%;37%;0
Euront-2569;2224;22;10.52;9;1;15%;15;10;4;0.01;21,857;10,459;9,879;12,818;6,133.24;6,613;2,844;15;7.17;59;28.23;31;12;3.93;0;0;0;52;24.88;21;0;0;0;0;0;0;15;7.17;12;0;2;0;2;3,158;1,511.1;1,520;551;12;0;7;3;2;2;1;0.47;1;3;2;22;10.52;10;02:52;01:22;01:26;0;0;0;0;3,158;2.1;1,520;217;94;5;2.39;4;0;24 minutes;10:11;1;0;43%;51%;77%
eXile1cK-1643;2867;36;4.52;6;1;14%;53;8;4;0;72,968;9,163;11,828;50,218;6,306.49;5,426;2,429;94;11.8;153;19.21;22;10;1.62;0;0;0;115;14.44;15;0;0;0;0;2;0;50;6.27;7;3;8;0;5;5,949;747.09;955;319;10;0;19;8;4;7;1;0.12;1;4;4;62;7.78;11;11:37;01:27;01:57;0;0;0;0;5,949;0.98;955;1,022;367;6;0.75;3;0;1 hour;06:10;3;0;35%;100%;58%
Faith-1102;50;2;1.6;1;0;9%;6;3;2;0;4,210;3,376;1,978;7,156;5,737.16;2,429;1,796;11;8.81;30;24.05;11;11;2.72;0;0;0;17;13.62;8;0;0;0;0;0;0;10;8.01;3;0;1;0;1;1,418;1,137.17;600;254;11;0;3;2;1;0;1;0.8;1;0;0;17;13.62;5;01:35;01:16;00:34;0;0;0;0;1,418;0;600;0;0;4;3.2;2;0;17 minutes;00:05;0;0;27%;0;55%
Flame-12415;2806;13;4.82;7;0;14%;21;14;5;0.01;11,866;4,405;6,451;16,015;5,944.94;9,135;1,789;18;6.68;53;19.67;30;7;2.94;0;0;0;22;8.16;15;0;0;0;0;0;0;16;5.93;7;0;3;1;2;1,945;721.89;1,125;286;7;0;3;2;1;1;1;0.37;1;0;0;21;7.79;15;02:00;00:44;01:12;0;0;0;0;1,945;1.23;1,125;351;148;6;2.22;4;0;26 minutes;00:50;0;0;42%;40%;58%
flyby-11830;3830;0;0;0;0;15%;2;2;1;0.01;3,633;11,481;3,633;1,972;6,230.87;1,972;1,111;3;9.48;1;3.16;1;1;0.33;0;0;0;5;15.8;5;0;0;0;0;0;0;0;0;0;0;0;0;0;475;1,500.5;475;349;1;0;1;0;0;1;0;0;0;0;0;1;3.16;1;00:52;02:45;00:52;0;0;0;0;475;3.11;475;26;13;0;0;0;0;2 minutes;0;0;0;50%;0;0
Frostnium-1430;2424;18;4.26;4;0;12%;30;9;4;0;30,203;7,159;9,880;31,688;7,510.63;6,348;2,324;40;9.48;102;24.17;29;12;2.54;0;0;0;64;15.16;12;0;0;0;0;1;0;24;5.68;5;2;4;0;2;5,897;1,397.61;1,016;527;12;0;12;3;5;5;2;0.47;1;3;1;49;11.61;16;08:22;01:58;02:23;0;0;0;0;5,897;1.72;1,016;611;238;6;1.42;3;0;56 minutes;03:58;0;0;38%;60%;43%
Fulena-1606;3613;8;4.32;3;0;7%;12;5;2;0;9,105;4,927;4,107;15,640;8,462.87;4,194;2,019;17;9.19;43;23.26;9;8;2.52;0;0;0;22;11.9;6;0;0;0;0;0;0;16;8.65;5;0;2;0;1;1,807;977.52;290;236;8;0;6;2;1;2;0;0;0;0;0;16;8.65;5;01:42;00:55;00:32;0;0;0;0;1,807;1.21;290;431;158;4;2.16;2;0;24 minutes;00:40;0;0;36%;51%;77%
Galactic-21329;47;5;2.5;2;0;15%;12;6;5;0;16,967;8,497;5,383;9,499;4,756.85;2,168;1,375;21;10.51;31;15.52;7;6;1.47;0;0;0;26;13.01;7;0;0;0;0;1;0;16;8.01;4;0;2;0;1;2,423;1,213.43;600;300;6;0;5;1;2;2;0;0;0;0;0;9;4.5;3;02:58;01:29;00:45;0;0;0;0;2,423;0;600;0;0;4;2;2;0;27 minutes;00:19;0;0;29%;0;52%
GambleRumble-1509;3583;19;5.38;6;0;13%;35;8;6;0.01;23,408;6,638;7,722;27,870;7,903.91;6,889;2,981;26;7.37;96;27.22;19;12;3.69;0;0;0;37;10.49;10;0;0;0;0;0;0;29;8.22;5;2;4;0;1;3,516;997.04;502;346;12;0;8;4;2;2;0;0;0;4;2;27;7.65;5;02:00;00:34;00:23;0;0;0;0;3,516;1.67;502;666;260;5;1.41;2;0;34 minutes;03:09;0;0;39%;62%;34%
GhostDragon-153648;3026;6;3.28;3;0;2%;1;1;1;0;10,966;6,003;6,948;6,806;3,725.6;3,498;824;25;13.68;25;13.68;9;5;1;0;0;0;19;10.4;6;0;0;0;0;0;0;4;2.18;2;1;2;0;1;1,719;941.2;871;197;5;0;5;2;1;2;0;0;0;3;1;13;7.11;5;02:26;01:20;00:48;0;0;0;0;1,719;1.33;871;163;47;1;0.54;1;0;21 minutes;01:03;0;0;28%;26%;36%
GluhenRose-1558;2639;6;10.14;6;0;12%;4;4;2;0.01;4,738;8,009;2,466;4,209;7,113.54;3,645;1,532;5;8.45;14;23.66;14;6;2.8;0;0;0;10;16.9;10;0;0;0;0;0;0;2;3.38;2;1;1;0;0;511;863.7;410;226;6;0;2;1;1;1;0;0;0;4;1;5;8.45;5;00:16;00:28;00:16;0;0;0;0;511;1.44;410;83;31;0;0;0;0;5 minutes;01:41;0;0;37%;35%;0
GoDLuci-1127;3686;92;5.04;7;4;13%;142;13;10;0.01;124,118;6,810;8,676;120,315;6,600.99;8,465;4,552;126;6.91;353;19.36;26;18;2.8;0;0;0;212;11.63;18;0;0;0;0;6;0;137;7.51;11;10;18;0;8;17,746;973.6;1,139;674;18;0;37;15;8;14;3;0.16;1;4;6;119;6.52;10;17:58;00:59;02:49;0;0;0;0;17,746;1.54;1,139;2,921;1,087;38;2.08;4;0;3 hours;22:21;0;0;37%;52%;41%
Gods-1217;4059;120;10.6;12;4;14%;240;20;12;0.02;98,702;8,724;11,125;159,831;14,126.87;12,843;7,456;112;9.89;396;35;33;19;3.53;0;0;0;170;15.02;18;0;0;0;0;1;0;160;14.14;13;2;11;1;8;10,909;964.21;757;356;19;0;35;12;14;9;7;0.61;2;5;9;156;13.78;17;15:01;01:19;01:45;0;0;0;0;10,909;1.07;757;4,062;1,617;35;3.09;7;0;2 hours;31:50;0;0;39%;56%;73%
Goosen-21913;2723;0;0;0;0;0;0;0;0;0;466;11,668;466;82;2,049.12;82;82;1;25.06;0;0;0;0;0;0;0;0;0;0;0;0;0;0;0;0;0;0;0;0;0;0;0;0;49;1,239.9;49;49;0;0;0;0;0;0;0;0;0;0;0;0;0;0;00:05;02:29;00:05;0;0;0;0;49;1.02;49;4;1;0;0;0;0;48.23208601027727 seconds;0;0;0;25%;0;0
Graceful-2412;87;11;3.74;5;1;20%;47;13;6;0;13,182;4,486;3,244;28,290;9,627.01;5,997;3,633;30;10.2;66;22.45;19;11;2.2;0;0;0;58;19.73;15;0;0;0;0;0;0;43;14.63;15;0;3;0;2;4,213;1,433.57;751;476;11;0;9;4;2;3;4;1.36;1;0;0;16;5.44;7;03:03;01:02;00:46;0;0;0;0;4,213;0;751;0;0;13;4.42;4;0;41 minutes;01:17;0;0;34%;0;54%
Grifster-21910;57;12;6.02;4;1;11%;13;6;5;0;11,337;5,694;4,287;11,038;5,544.21;3,957;3,662;14;7.03;39;19.58;19;17;2.78;0;0;0;15;7.53;5;0;0;0;0;0;0;15;7.53;8;0;2;0;2;1,357;681.64;436;286;17;0;6;2;2;3;0;0;0;3;1;10;5.02;4;00:48;00:24;00:19;0;0;0;0;1,357;0;436;0;0;3;1.5;1;0;19 minutes;0;0;0;33%;0;78%
Hallowed-11808;2942;7;15.56;7;0;2%;1;1;1;0;5,039;11,208;4,874;5,143;11,438.88;3,998;2,029;9;20.01;12;26.68;12;6;1.33;0;0;0;13;28.91;12;0;0;0;0;0;0;2;4.44;2;0;0;0;0;755;1,679.87;605;216;6;0;1;1;0;0;0;0;0;0;0;8;17.79;8;01:00;02:13;01:00;0;0;0;0;755;1.62;605;75;44;0;0;0;0;7 minutes;01:55;0;0;58%;0;59%
Hamnett-3532;0;176;6.76;13;11;14%;290;26;11;0.01;148,705;5,718;9,462;227,133;8,733.24;17,539;5,439;230;8.84;677;26.03;44;17;2.94;0;0;0;421;16.18;38;0;0;0;0;7;0;246;9.45;14;8;26;2;16;27,497;1,057.27;2,687;582;17;0;89;44;17;28;8;0.3;2;4;11;271;10.41;22;37:14;01:25;03:33;0;0;0;0;27,497;1.43;2,687;4,998;1,970;45;1.73;4;0;5 hours;36:48;6;0;39%;55%;63%
HappyPants-1658;3503;41;5.78;7;1;16%;108;19;11;0.01;72,957;10,293;9,885;71,036;10,021.81;8,255;4,637;64;9.02;207;29.2;25;16;3.23;0;0;0;130;18.34;15;0;0;0;0;0;0;88;12.41;13;2;7;1;5;5,928;836.33;769;561;16;0;19;8;5;6;0;0;0;4;3;65;9.17;9;04:32;00:38;00:43;0;0;0;0;5,928;1.03;769;1,529;637;14;1.97;3;0;1 hour;09:54;1;0;41%;62%;69%
HarryHook-2309;4272;1;5.91;1;0;40%;2;2;2;0.01;2,545;15,064;2,545;1,009;5,975.05;1,009;773;2;11.83;2;11.83;2;1;1;0;0;0;3;17.75;3;0;0;0;0;0;0;0;0;0;0;0;0;0;133;787.9;133;92;1;0;0;0;0;0;0;0;0;0;0;1;5.91;1;00:07;00:45;00:07;0;0;0;0;133;0.88;133;23;5;0;0;0;0;2 minutes;0;0;0;21%;0;0
HAVATITE-1990;2718;0;0;0;0;0;0;0;0;0;357;10,844;357;70;2,126.36;70;70;1;30.37;0;0;0;0;0;0;0;0;0;0;0;0;0;0;0;0;0;0;0;0;0;0;0;0;150;4,556.49;150;150;0;0;0;0;0;0;0;0;0;0;0;0;0;0;00:06;03:23;00:06;0;0;0;0;150;4.61;150;2;1;0;0;0;0;32.510028993710876 seconds;0;0;0;50%;0;100%
HEEYA-3357;2300;19;5.89;13;0;9%;18;11;4;0;13,201;4,094;3,902;26,393;8,184.73;12,524;2,670;31;9.61;86;26.66;48;10;2.77;0;0;0;59;18.29;31;0;0;0;0;1;0;22;6.82;13;1;3;0;2;6,438;1,996.36;1,674;706;10;0;10;5;3;2;1;0.31;1;3;1;43;13.33;26;08:24;02:36;04:07;0;0;0;0;6,438;2.27;1,674;529;195;2;0.62;1;0;47 minutes;05:53;0;0;36%;45%;63%
HeyKatie-1413;3644;90;5.54;10;3;16%;223;23;12;0.01;85,993;5,296;10,998;141,199;8,695.09;11,786;4,398;133;8.19;386;23.77;39;14;2.9;0;0;0;214;13.17;23;0;0;0;0;0;0;170;10.46;17;3;16;0;13;11,510;708.78;1,030;450;14;0;46;27;6;13;1;0.06;1;4;4;106;6.52;16;09:41;00:35;02:06;0;0;0;0;11,510;0.99;1,030;3,324;1,312;42;2.58;5;0;3 hours;22:39;0;0;39%;47%;78%
HolynoshuryX-6110;2263;3;5.92;3;0;10%;4;4;2;0;1,984;3,916;1,984;3,972;7,841.23;3,972;904;10;19.74;11;21.71;11;3;1.1;0;0;0;6;11.84;6;0;0;0;0;0;0;2;3.94;2;1;1;0;0;439;867.27;439;150;3;0;1;1;0;1;0;0;0;0;0;3;5.92;3;00:25;00:50;00:25;0;0;0;0;439;0.87;439;147;40;2;3.94;2;0;8 minutes;0;0;0;27%;27%;0
Hoon-31856;4366;1;1.05;1;1;14%;7;7;5;0.01;1,725;1,824;1,090;6,227;6,585.05;4,900;3,343;5;5.28;9;9.51;6;4;1.8;0;0;0;18;19.03;17;0;0;0;0;0;0;6;6.34;4;0;1;1;0;386;408.41;386;348;4;0;3;1;0;1;0;0;0;0;0;0;0;0;00:02;00:02;00:02;0;0;0;0;386;0.56;386;144;47;1;1.05;1;0;11 minutes;00:33;8;0;32%;0;0
hoshimichan-1316;72;8;8.56;5;0;15%;12;7;2;0.01;10,659;11,407;5,387;9,052;9,686.7;3,494;1,252;16;17.12;36;38.52;19;7;2.25;0;0;0;15;16.05;8;0;0;0;0;0;0;12;12.84;5;1;1;0;0;1,948;2,084.63;648;300;7;0;4;1;0;2;2;2.14;1;3;1;18;19.26;7;01:53;02:01;00:45;0;0;0;0;1,948;1.96;648;201;80;1;1.07;1;0;16 minutes;0;0;0;39%;0;20%
Hossy-11899;2833;49;6.14;7;1;9%;36;4;3;0;55,898;7,013;6,460;54,851;6,881.82;9,035;5,281;70;8.78;169;21.2;25;20;2.41;0;0;0;140;17.56;33;0;0;0;0;2;0;42;5.26;5;4;8;1;3;9,278;1,164.06;1,001;513;20;0;18;6;5;7;0;0;0;3;4;83;10.41;19;15:01;01:53;03:58;0;0;0;0;9,278;1.4;1,001;1,139;394;5;0.62;2;0;1 hour;04:25;1;0;34%;69%;33%
HotShotGG-3480;3682;24;7;8;0;8%;7;9;5;0.01;33,539;9,786;7,005;1,291;8,561.22;1,291;1,291;1;6.63;3;19.89;3;3;3;0;0;0;38;11.08;11;0;0;0;0;0;0;14;4.08;6;0;0;0;2;75;497.48;75;75;3;0;0;0;0;0;1;0.29;1;3;2;25;7.29;7;03:22;00:58;00:44;0;0;0;0;2,811;1.04;637;447;183;3;0.87;1;0;2 minutes;02:44;0;0;40%;44%;54%
HumanRabbit-1734;1206;0;0;0;0;14%;1;1;1;0;3,661;15,904;3,661;1,257;5,460.93;1,257;480;3;13.03;3;13.03;3;1;1;0;0;0;5;21.71;5;0;0;0;0;0;0;2;8.68;2;0;0;0;0;269;1,168.16;269;234;1;0;1;0;0;0;0;0;0;0;0;0;0;0;00:33;02:26;00:33;0;0;0;0;269;1.27;269;28;7;1;4.34;1;0;3 minutes;0;0;0;25%;0;0
Hunterhyde-1159;2701;34;6.79;6;0;13%;36;18;6;0.01;51,904;10,374;11,029;5,444;9,380;4,272;3,080;6;10.33;11;18.95;8;4;1.83;2;3;2;76;15.18;15;4;7;2;0;2;0;6;10.33;5;0;1;0;0;295;508.3;295;295;4;0;2;0;1;1;6;1.19;1;5;1;4;6.89;2;00:20;00:34;00:16;0;0;0;0;4,406;0.99;704;1,370;457;4;6.89;3;0;5 minutes;02:57;6;0;33%;34%;14%
Hymalaya-1507;1698;4;4.69;3;0;7%;11;2;2;0;4,100;4,816;1,525;545;4,108.67;545;363;2;15.07;11;12.92;6;2;1.1;0;0;0;10;11.74;7;0;0;0;0;0;0;5;5.87;3;0;0;0;0;433;3,262.63;433;250;2;0;0;1;0;0;0;0;0;0;0;10;11.74;5;00:48;00:56;00:28;0;0;0;0;1,254;1.74;615;482;121;0;0;0;0;1 minute;0;0;0;25%;33%;12%
hymzi-2549;70;0;0;0;0;40%;2;2;2;0;200;706;200;908;3,203.44;590;590;1;3.52;8;28.22;5;5;8;0;0;0;4;14.11;3;0;0;0;0;0;0;3;10.58;2;0;0;0;0;27;95.24;27;27;5;0;0;0;0;0;0;0;0;0;0;4;14.11;2;00:48;02:50;00:32;0;0;0;0;27;0;27;0;0;0;0;0;0;2 minutes;0;0;0;27%;0;100%
Hyper-1157;3921;93;5.68;8;4;13%;219;14;8;0.01;157,774;9,643;8,790;160,738;9,823.79;8,324;5,444;117;7.15;420;25.66;27;14;3.58;0;0;0;224;13.69;16;0;0;0;0;0;0;155;9.47;10;5;16;1;11;11,412;697.45;689;488;14;0;50;25;11;14;5;0.3;2;4;6;114;6.96;13;13:52;00:50;02:08;0;0;0;0;11,412;0.93;689;4,431;1,668;32;1.95;4;0;3 hours;15:57;0;0;37%;58%;65%
IANBOT-11988;2823;0;0;0;0;16%;1;1;1;0;5,074;24,864;5,074;1,140;5,584.87;1,140;633;3;14.7;5;24.5;5;2;1.66;0;0;0;2;9.8;2;0;0;0;0;0;0;1;4.9;1;0;0;0;0;319;1,563.23;319;298;2;0;1;0;1;0;0;0;0;0;0;1;4.9;1;00:01;00:08;00:01;0;0;0;0;319;2.16;319;12;6;0;0;0;0;2 minutes;0;0;0;50%;0;0
iddqd-2884;84;5;2.66;3;1;16%;16;9;7;0;6,432;3,423;6,141;11,251;5,987.21;6,919;3,204;7;3.72;40;21.28;24;12;5.71;0;0;0;25;13.3;12;0;0;0;0;0;0;21;11.17;12;0;2;0;2;1,237;658.49;1,071;559;0;0;7;4;1;2;2;0;1;0;0;5;2.66;4;00:23;00:12;00:13;0;0;0;0;1,237;0;1,071;0;0;9;4.78;5;0;16 minutes;0;0;0;50%;0;100%
IDK-11494;3227;0;0;0;0;16%;1;1;1;0;2,168;16,851;1,248;1,035;8,046.47;657;651;2;15.54;1;7.77;1;1;0.5;0;0;0;1;7.77;1;0;0;0;0;0;0;0;0;0;0;0;0;0;323;2,511.14;178;178;1;0;0;0;0;0;0;0;0;0;0;1;7.77;1;00:15;02:03;00:15;0;0;0;0;323;2.73;178;11;6;0;0;0;0;1 minute;00:31;0;0;54%;0;28%
IekkAI-3307;3227;0;0;0;0;15%;7;7;3;0.01;7,602;17,734;7,322;4,434;10,343.18;4,434;1,172;8;18.66;11;25.66;11;5;1.37;0;0;0;12;27.99;12;0;0;0;0;0;0;4;9.33;4;0;0;0;0;674;1,573.19;622;272;5;0;2;0;1;0;0;0;0;0;0;6;13.99;6;01:26;03:20;01:16;0;0;0;0;674;1.65;622;98;44;1;2.33;1;0;6 minutes;02:37;0;0;44%;0;10%
IMWarMachine-6379;2264;0;0;0;0;2%;16;1;1;0;4,822;10,849;4,822;2,177;9,218.99;2,177;2,177;1;4.23;4;16.93;4;4;4;8;34;8;4;9;4;10;42;10;0;0;0;2;8.46;2;0;0;0;0;795;3,366.96;795;795;4;0;1;0;0;0;0;0;0;0;0;3;12.7;3;00:12;00:52;00:12;1;4;1;0;533;1.38;533;784;326;0;0;0;0;3 minutes;0;2;0;41%;0;0
Incognito-1602;72;14;3.92;5;1;18%;27;9;4;0;19,517;5,475;5,703;24,470;6,864.95;6,415;3,058;28;7.85;111;31.14;31;17;3.96;0;0;0;76;21.32;19;0;0;0;0;2;0;27;7.57;8;0;4;0;3;3,876;1,087.38;1,170;632;17;0;7;3;1;3;0;0;0;3;1;34;9.53;8;04:39;01:18;01:09;0;0;0;0;3,876;0;1,170;0;0;6;1.68;2;0;45 minutes;01:04;0;0;29%;0;87%
INTERNETHULK-2984;3898;0;0;0;0;0;0;0;0;0;80;1,841;80;448;10,315.74;448;448;0;0;3;69.03;3;3;0;0;0;0;1;23.01;1;0;0;0;0;0;0;1;23.01;1;0;0;0;0;15;341.83;15;15;3;0;0;0;0;0;0;0;0;0;0;3;69.03;3;00:15;05:55;00:15;0;0;0;0;15;0.36;15;18;5;1;23.01;1;0;40.51244802772999 seconds;0;0;0;27%;0;100%
Invision-2363;3901;2;4.23;2;0;8%;2;2;1;0;5,452;11,534;3,779;3,805;8,049.95;3,356;878;8;16.92;10;21.15;9;6;1.25;0;0;0;7;14.8;7;0;0;0;0;0;0;3;6.34;3;0;0;0;0;510;1,078.56;424;210;6;0;1;1;0;0;1;2.11;1;0;0;5;10.57;5;00:49;01:43;00:41;0;0;0;0;510;1.3;424;65;25;0;0;0;0;6 minutes;00:08;0;0;38%;0;2%
janus-31780;4448;3;6.12;3;0;16%;6;6;5;0.01;4,853;9,910;4,853;4,747;9,694.46;4,747;3,304;2;4.08;15;30.63;15;14;7.5;0;0;0;8;16.33;8;0;0;0;0;0;0;5;10.21;5;0;0;0;0;610;1,245.56;610;336;14;0;0;0;0;0;0;0;0;0;0;5;10.21;5;00:40;01:22;00:40;0;0;0;0;610;1.22;610;127;36;0;0;0;0;2.4068170087412 seconds;00:20;0;0;28%;28%;99%
JesseJames-11680;2476;15;7.05;8;0;10%;8;3;2;0;17,110;8,053;8,268;10,195;4,798.26;3,592;1,516;24;11.29;40;18.82;14;10;1.66;0;0;0;20;9.41;8;0;0;0;0;1;0;5;2.35;3;1;2;0;2;3,501;1,647.91;988;504;10;0;5;1;2;3;0;0;0;3;1;25;11.76;9;03:22;01:35;01:12;0;0;0;0;3,501;1.88;988;394;76;1;0.47;1;0;30 minutes;00:20;0;0;19%;35%;76%
JIhooN-31212;2641;152;3.72;10;3;13%;283;18;6;0;255,550;6,257;16,097;228,379;5,592.17;11,398;4,149;324;7.93;673;16.47;37;13;2.07;0;0;0;387;9.47;19;0;0;0;0;5;0;233;5.7;15;21;41;3;17;29,305;717.57;1,608;604;13;0;109;43;29;37;1;0.02;1;3;7;354;8.66;23;01:04:32;01:34;04:39;0;0;0;0;29,305;1.03;1,608;5,529;2,132;41;1;4;0;7 hours;10:35;4;0;38%;100%;42%
jjlol-11226;52;94;5.03;9;6;15%;146;12;7;0;160,276;8,589;17,140;118,055;6,326.55;6,800;3,363;137;7.34;405;21.7;27;11;2.95;0;0;0;257;13.77;19;0;0;0;0;2;0;140;7.5;13;0;19;0;12;25,783;1,381.71;1,787;658;11;0;50;19;15;16;1;0.05;1;4;4;202;10.82;16;23:12;01:14;02:19;0;0;0;0;25,781;0;1,787;0;0;30;1.6;6;0;3 hours;01:48;0;0;29%;0;63%
JonnyBI-2703;3137;10;5.02;6;1;15%;13;3;3;0;18,224;9,158;5,804;11,801;5,930.53;3,286;1,880;17;8.54;32;16.08;8;6;1.88;0;0;0;38;19.09;18;0;0;0;0;0;0;9;4.52;2;1;2;0;1;2,649;1,331.19;1,009;382;6;0;3;1;0;2;0;0;0;0;0;15;7.53;5;03:12;01:36;01:25;0;0;0;0;2,649;1.94;1,009;193;83;2;1;1;0;22 minutes;01:11;0;0;43%;53%;28%
KAKI-11832;0;4;6.1;4;0;2%;1;1;1;0;3,884;5,927;3,884;4,316;6,587.14;4,316;1,466;8;12.2;12;18.31;12;4;1.5;0;0;0;6;9.15;6;0;0;0;0;0;0;2;3.05;2;1;1;0;0;1,002;1,529.43;1,002;271;4;0;2;1;1;1;0;0;0;0;0;8;12.2;8;01:02;01:35;01:02;0;0;0;0;1,002;1.96;1,002;149;44;1;1.52;1;0;8 minutes;0;0;0;29%;0;0
Karma-12365;52;0;0;0;0;0;0;0;0;0;2,546;23,030;2,546;586;5,301.01;586;456;2;18.09;1;9.04;1;1;0.5;0;0;0;2;18.09;2;0;0;0;0;0;0;0;0;0;0;0;0;0;190;1,714.44;190;107;1;0;0;0;0;0;0;0;0;0;0;0;0;0;0;0;0;0;0;0;0;190;0;190;0;0;0;0;0;0;1 minute;0;0;0;29%;0;0
Kefka-11531;4123;2;1.66;2;0;24%;11;5;5;0.01;8,872;7,394;4,695;5,997;4,998.04;2,509;2,509;5;4.16;15;12.5;9;9;3;0;0;0;10;8.33;6;0;0;0;0;0;0;6;5;4;1;1;0;1;374;311.4;220;118;9;0;3;2;1;1;0;0;0;0;0;2;1.66;1;00:27;00:22;00:21;0;0;0;0;374;0.56;220;129;45;1;0.83;1;0;11 minutes;00:53;0;0;34%;42%;56%
Keishi-11995;3431;14;5.32;5;1;14%;46;13;8;0.02;18,238;6,940;4,877;28,356;10,790.1;6,270;3,581;24;9.13;57;21.68;21;10;2.37;0;0;0;22;8.37;6;0;0;0;0;0;0;29;11.03;11;1;3;0;1;2,526;961.16;729;300;10;0;8;2;2;4;0;0;0;0;0;14;5.32;7;01:53;00:43;00:54;0;0;0;0;2,526;1.29;729;905;312;11;4.18;4;0;32 minutes;01:51;0;0;34%;41%;56%
Kira-1303;64;3;3.54;1;0;26%;13;5;5;0;5,860;6,932;2,450;7,813;9,242.8;2,520;1,988;8;9.46;27;31.94;12;6;3.37;0;0;0;27;31.94;10;0;0;0;0;0;0;13;15.37;7;0;1;0;1;1,633;1,932.14;729;496;6;0;2;0;1;1;0;0;0;0;0;13;15.37;8;03:02;03:36;01:30;0;0;0;0;1,633;0;729;0;0;3;3.54;2;0;2 hours;00:34;0;0;37%;0;94%
KJerry-1610;4141;33;5.59;6;0;11%;36;7;7;0.01;26,679;4,521;4,649;32,161;5,449.85;4,494;4,494;16;2.71;112;18.97;17;14;7;0;0;0;39;6.6;8;0;0;0;0;0;0;44;7.45;10;1;6;0;5;3,798;643.54;717;521;14;0;17;6;4;7;0;0;0;0;0;16;2.71;5;01:45;00:17;00:28;0;0;0;0;3,798;1.41;717;864;318;10;1.69;2;0;44 minutes;01:39;0;0;36%;66%;80%
KnOxXx-21951;3848;15;7.46;7;0;12%;27;10;4;0.01;23,656;11,772;8,649;24,044;11,964.32;7,087;4,152;24;11.94;55;27.36;19;14;2.29;0;0;0;43;21.39;12;0;0;0;0;0;0;19;9.45;7;1;0;0;0;2,184;1,086.91;837;270;14;0;0;0;0;0;0;0;0;0;0;20;9.95;12;02:31;01:15;01:23;0;0;0;0;2,184;1.29;837;478;221;6;2.98;3;0;10.615491978824139 seconds;00:02;0;0;46%;50%;100%
KOKFC-1575;3897;0;0;0;0;0;0;0;0;0;1,816;8,174;1,816;793;3,568.38;793;793;1;4.5;1;4.5;1;1;1;0;0;0;0;0;0;0;0;0;0;0;0;1;4.5;1;0;0;0;0;241;1,085.16;241;241;1;0;1;0;0;1;0;0;0;0;0;0;0;0;00:05;00:26;00:05;0;0;0;0;241;3.15;241;23;9;0;0;0;0;1 minute;0;0;0;39%;39%;0
Kotani-2471;2612;86;6.55;9;2;17%;143;19;10;0.01;127,482;9,711;16,619;102,571;7,813.09;7,954;5,684;108;8.22;343;26.12;40;17;3.17;0;0;0;221;16.83;25;0;0;0;0;3;0;118;8.98;16;4;13;1;8;11,376;866.56;1,261;553;17;0;38;19;8;11;0;0;0;4;3;118;8.98;16;15:21;01:10;01:52;0;0;0;0;11,376;1.15;1,261;2,121;798;17;1.29;2;1;2 hours;22:31;7;0;37%;57%;64%
Kryw-2449;4208;0;0;0;0;8%;2;2;1;0;7,804;13,745;3,939;3,324;5,854.33;1,570;971;1;11.69;8;14.09;4;4;0.88;0;0;0;7;12.32;4;0;0;0;0;1;0;3;5.28;2;0;0;0;0;647;1,139.74;469;150;4;0;0;0;0;1;1;1.76;1;0;0;3;5.28;1;01:39;02:55;00:42;0;0;0;0;647;1.37;469;70;25;0;0;0;0;25.075334018096328 seconds;00:08;0;0;35%;0;54%
KwamFun-1860;2633;250;6.16;12;14;15%;519;22;11;0.01;205,847;5,078;8,212;347,011;8,559.79;12,729;4,102;348;8.58;1,039;25.62;39;14;2.98;0;0;0;648;15.98;31;0;0;0;0;17;0;477;11.76;21;18;41;1;22;37,322;920.63;1,461;595;14;0;120;42;36;42;12;0.29;2;4;10;393;9.69;17;44:38;01:06;03:06;0;0;0;0;37,322;1.24;1,461;9,219;3,315;136;3.35;8;0;8 hours;01:20:44;21;0;35%;58%;53%
KYLE-3141;0;1;2.52;1;0;33%;1;1;1;0;4,498;11,355;1,710;1,013;2,556.62;528;524;4;10.09;6;15.14;3;3;1.5;0;0;0;3;7.57;3;0;0;0;0;0;0;4;10.09;3;0;0;0;0;1,291;3,258.71;723;723;3;0;1;0;0;0;0;0;0;0;0;5;12.62;3;00:48;02:02;00:39;0;0;0;0;1,291;4.26;723;28;3;0;0;0;0;5 minutes;0;0;0;10%;12%;26%
Lara-31986;0;0;0;0;0;13%;4;4;4;0.01;1,507;6,961;1,507;3,329;15,374.47;3,329;3,329;0;0;8;36.94;8;8;0;0;0;0;5;23.09;5;0;0;0;0;0;0;1;4.61;1;0;0;0;0;424;1,959.82;424;424;8;0;1;0;0;0;0;0;0;0;0;3;13.85;3;00:33;02:32;00:33;0;0;0;0;424;2.06;424;73;30;0;0;0;0;3 minutes;0;0;0;41%;41%;100%
Laurie400-1327;31;15;4.98;8;0;36%;32;13;5;0;4,477;1,487;2,161;15,758;5,234.48;5,034;1,517;31;10.29;73;24.24;29;9;2.35;0;0;0;61;20.26;24;0;0;0;0;1;0;32;10.63;11;0;3;0;2;2,048;680.44;1,140;434;9;0;5;3;0;2;0;0;0;3;1;32;10.63;16;02:04;00:41;01:09;0;0;0;0;2,048;0;1,140;0;0;13;4.31;7;0;39 minutes;00:35;0;0;41%;0;63%
LeBlanc-3936;3511;0;0;0;0;0;0;0;0;0;338;12,574;338;234;8,727.09;234;234;1;37.23;0;0;0;0;0;0;0;0;0;0;0;0;0;0;0;0;0;0;0;0;0;0;0;0;0;0;0;0;0;0;0;0;0;0;0;0;0;0;0;0;0;0;00:03;02:11;00:03;0;0;0;0;0;0;0;4;2;0;0;0;0;29.341707970947027 seconds;0;0;0;50%;0;100%
Legist-21953;2633;15;6.52;6;0;18%;28;8;4;0.01;5,785;2,515;2,228;18,276;7,944.78;5,620;2,662;19;8.25;70;30.43;28;6;3.68;0;0;0;41;17.82;16;0;0;0;0;0;0;22;9.56;8;1;2;0;2;2,358;1,025.1;1,065;600;6;0;3;2;0;0;0;0;0;3;1;22;9.56;9;01:40;00:43;00:31;0;0;0;0;2,358;1.37;1,065;400;150;5;2.17;2;0;28 minutes;05:34;0;0;37%;44%;74%
Legit-21235;1645;2;3.37;2;1;46%;18;18;16;0.03;3,466;5,846;3,466;5,927;9,996.73;5,927;4,545;3;5.06;22;37.1;22;15;7.33;0;0;0;20;33.73;20;0;0;0;0;0;0;19;32.04;19;1;1;0;0;1,004;1,694.25;1,004;686;15;0;2;0;1;1;1;1.68;1;0;0;1;1.68;1;00:09;00:16;00:09;0;0;0;0;1,004;2.09;1,004;68;39;12;20.24;12;0;7 minutes;07:13;0;0;57%;57%;0
Lilgho-4319;3766;5;7.66;5;1;22%;17;17;10;0.03;1,629;2,499;1,629;7,202;11,047.24;7,202;4,513;3;4.6;19;29.14;19;11;6.33;0;0;0;10;15.33;10;0;0;0;0;1;0;7;10.73;7;1;1;0;0;685;1,051.34;685;364;11;0;3;1;2;1;0;0;0;0;0;8;12.27;8;00:35;00:53;00:35;0;0;0;0;685;1.4;685;265;76;2;3.06;2;0;8 minutes;02:39;0;0;28%;0;0
Lish-21487;53;9;3.11;3;1;15%;29;9;8;0;18,732;6,485;4,684;20,009;6,926.58;3,545;2,964;24;8.3;64;22.15;19;10;2.66;0;0;0;28;9.69;7;0;0;0;0;0;0;24;8.3;9;0;3;0;2;4,252;1,471.77;1,243;528;10;0;10;3;3;3;1;0.34;1;0;0;35;12.11;7;03:58;01:22;00:40;0;0;0;0;4,252;0;1,243;0;0;3;1.03;1;0;36 minutes;0;0;0;30%;0;59%
LIXU-4794;3497;0;0;0;0;0;0;0;0;0;225;201;225;607;542.81;337;320;9;8.05;3;2.68;2;1;0.33;0;0;0;1;0.89;1;0;0;0;0;1;0;0;0;0;1;1;0;0;0;0;0;0;1;0;0;0;0;0;0;0;0;0;0;0;0;0;00:02;00:02;00:02;0;0;0;0;0;0;0;11;4;0;0;0;0;8 minutes;0;0;0;36%;0;1%
LMorals-1207;2669;3;2.59;2;0;10%;10;6;6;0.01;2,999;2,595;1,887;8,820;7,629.89;6,741;3,087;8;6.92;16;13.84;12;7;2;0;0;0;9;7.78;6;0;0;0;0;0;0;4;3.46;4;0;1;0;1;720;622.68;524;267;7;0;4;1;1;2;0;0;0;0;0;7;6.05;4;00:29;00:25;00:20;0;0;0;0;720;1.04;524;202;93;1;0.86;1;0;11 minutes;0;0;0;46%;32%;100%
Logue-1981;2403;5;2.94;2;0;13%;13;6;6;0.01;15,419;9,079;6,452;11,409;6,717.61;5,228;3,198;11;6.47;35;20.6;18;10;3.18;0;0;0;18;10.59;10;0;0;0;0;0;0;8;4.71;3;0;2;1;1;1,566;922.03;910;423;10;0;4;1;1;2;1;0.58;1;0;0;17;10;12;02:36;01:32;01:50;0;0;0;0;1,566;1.43;910;240;99;2;1.17;1;0;18 minutes;01:12;0;0;41%;48%;70%
LOVE-34893;3220;0;0;0;0;0;0;0;0;0;1,207;6,825;1,207;774;4,379.85;774;277;2;11.31;0;0;0;0;0;0;0;0;1;5.65;1;0;0;0;0;0;0;0;0;0;0;0;0;0;236;1,335.89;236;150;0;0;1;1;0;0;0;0;0;0;0;0;0;0;00:17;01:37;00:17;0;0;0;0;236;1.67;236;34;6;0;0;0;0;2 minutes;0;0;0;17%;0;0
LuLu-11129;58;0;0;0;0;0;0;0;0;0;2,239;15,656;2,239;827;5,787.18;827;827;1;6.99;2;13.98;2;2;2;0;0;0;5;34.96;5;0;0;0;0;0;0;0;0;0;0;0;0;0;300;2,098.16;300;300;2;0;0;0;0;0;0;0;0;0;0;2;13.98;2;00:24;02:51;00:24;0;0;0;0;300;0;300;0;0;0;0;0;0;1 minute;0;0;0;44%;0;0
Luxyne-1720;3380;4;7.4;4;0;13%;5;5;2;0;2,485;4,603;2,376;4,446;8,234.65;4,245;1,726;4;7.4;16;29.63;15;6;4;0;0;0;10;18.52;10;0;0;0;0;0;0;8;14.81;8;0;1;0;0;335;620.4;312;255;6;0;1;1;0;0;0;0;0;0;0;5;9.26;4;00:11;00:21;00:07;0;0;0;0;335;0.59;312;74;36;2;3.7;2;0;9 minutes;0;0;0;48%;33%;90%
MAJAJA-3599;0;5;4.48;3;0;17%;8;4;3;0.01;5,154;4,624;1,940;6,195;5,557.44;3,213;1,330;10;8.97;15;13.45;7;4;1.5;0;0;0;14;12.55;5;0;0;0;0;0;0;5;4.48;3;1;1;0;0;981;879.81;392;295;4;0;4;1;2;1;0;0;0;0;0;3;2.69;2;01:03;00:56;00:28;0;0;0;0;981;1.5;392;134;47;1;0.89;1;0;10 minutes;0;0;0;35%;42%;0
Mario-13553;50;65;4.42;7;2;9%;88;12;5;0;69,921;4,756;11,892;96,065;6,534.71;7,542;2,730;142;9.65;281;19.11;27;11;1.97;0;0;0;156;10.61;13;0;0;0;0;8;0;122;8.29;14;0;15;0;7;17,835;1,213.22;1,635;570;11;0;31;14;5;11;3;0.2;2;3;3;97;6.59;10;14:21;00:58;01:43;0;0;0;0;17,835;0;1,635;0;0;32;2.17;5;2;13 hours;03:24;0;0;37%;0;47%
MartabakKeju-1697;3125;6;4.66;4;0;2%;2;2;1;0;11,830;9,189;7,837;9,183;7,133.67;4,979;2,088;9;6.99;30;23.3;12;8;3.33;0;0;0;15;11.65;6;0;0;0;0;0;0;4;3.1;2;0;1;0;1;966;750.62;441;324;8;0;3;3;0;0;2;1.55;1;0;0;16;12.42;9;01:41;01:19;01:12;0;0;0;0;966;0.9;441;175;68;0;0;0;0;17 minutes;0;0;0;38%;27%;91%
MeePokBoy-1184;3653;0;0;0;0;0;0;0;0;0;4,737;18,114;2,734;611;2,336.2;523;278;3;11.47;1;3.82;1;1;0.33;0;0;0;2;7.64;2;0;0;0;0;0;0;0;0;0;0;0;0;0;10;40.01;10;10;1;0;0;0;0;0;0;0;0;0;0;0;0;0;00:07;00:26;00:07;0;0;0;0;10;0.05;10;12;5;0;0;0;0;3 minutes;0;0;0;41%;44%;0
Mendokusaii-2955;4206;71;6.53;6;1;11%;163;18;9;0.02;83,243;7,664;7,389;123,414;11,361.97;10,317;6,018;89;8.19;255;23.47;16;14;2.86;0;0;0;100;9.2;9;0;0;0;0;2;0;110;10.12;8;3;11;0;7;10,120;931.72;717;299;14;0;36;19;9;8;2;0.18;1;3;3;100;9.2;9;09:24;00:51;01:13;0;0;0;0;10,120;1.24;717;3,348;1,400;18;1.65;3;0;2 hours;10:17;3;0;41%;100%;68%
MilaTheMute-1868;47;17;8.04;8;0;8%;13;4;3;0;12,758;6,036;5,975;16,493;7,804.11;5,626;2,253;26;12.3;59;27.91;34;13;2.26;0;0;0;29;13.72;9;0;0;0;0;0;0;20;9.46;10;0;2;0;0;3,109;1,470.87;1,351;465;13;0;7;2;3;2;1;0.47;1;3;2;40;18.92;23;06:05;02:52;02:37;0;0;0;0;3,109;0;1,351;0;0;4;1.89;2;0;34 minutes;0;0;0;27%;0;0
Mix-41491;3599;39;6.83;8;0;12%;19;15;7;0.01;34,559;6,058;4,425;5,716;11,029.62;5,548;2,951;5;9.64;11;21.22;11;6;2.2;12;23;12;75;13.14;13;18;35;18;0;0;0;4;7.71;4;0;1;0;0;250;482.97;250;250;6;0;2;0;1;1;3;0.52;1;4;1;6;11.57;6;00:48;01:32;00:48;4;8;4;0;5,135;1.12;731;1,351;517;1;1.92;1;0;8 minutes;01:08;0;0;38%;44%;92%
mmymy-1524;4026;1;5.3;1;0;8%;4;4;4;0.01;690;3,659;649;3,946;20,939.09;3,840;2,436;4;21.22;4;21.22;4;3;1;0;0;0;5;26.53;3;0;0;0;0;1;0;2;10.61;2;0;0;0;0;118;628.67;90;90;3;0;1;0;0;0;0;0;0;0;0;1;5.3;1;00:12;01:03;00:08;0;0;0;0;118;0.49;90;95;47;0;0;0;0;3 minutes;0;0;0;49%;0;80%
Moowe-4479;4350;0;0;0;0;0;0;0;0;0;1,819;18,880;1,819;649;6,738.03;649;649;1;10.37;0;0;0;0;0;0;0;0;0;0;0;0;0;0;0;0;0;0;0;0;0;0;0;0;128;1,328.28;128;128;0;0;0;0;0;0;0;0;0;0;0;0;0;0;00:04;00:46;00:04;0;0;0;0;128;2.25;128;25;9;0;0;0;0;56.86610499583185 seconds;0;0;0;36%;0;100%
MyNeverevr-1103;3533;75;11.34;19;4;16%;138;22;9;0.02;62,963;9,526;12,613;88,332;13,363.62;16,731;4,811;60;9.07;259;39.18;51;17;4.31;0;0;0;157;23.75;27;0;0;0;0;1;0;131;19.81;24;1;7;1;4;8,416;1,273.21;1,596;663;17;0;25;6;12;7;5;0.75;3;3;6;104;15.73;23;07:36;01:09;01:25;0;0;0;0;8,416;1.57;1,596;1,742;840;38;5.74;8;0;1 hour;33:36;5;0;48%;60%;65%
nan-1607;4000;15;5.65;4;0;16%;19;8;3;0.01;12,405;4,677;4,229;16,454;6,204.31;3,229;2,366;14;5.27;57;21.49;13;12;4.07;0;0;0;31;11.68;8;0;0;0;0;0;0;11;4.14;5;2;3;0;1;1,632;615.18;353;343;12;0;9;4;2;3;1;0.37;1;3;2;8;3.01;6;01:09;00:26;00:47;0;0;0;0;1,632;1.04;353;238;118;1;0.37;1;0;26 minutes;00:33;0;0;49%;58%;42%
nekyG-2308;3842;20;8.17;8;0;25%;59;25;9;0.02;15,544;6,350;5,774;24,542;10,026.31;10,878;2,849;24;9.8;76;31.04;37;10;3.16;0;0;0;39;15.93;10;0;0;0;0;1;0;44;17.97;19;1;2;0;1;2,877;1,175.2;1,773;314;10;0;9;4;1;4;1;0.4;1;3;2;20;8.17;11;02:58;01:12;01:39;0;0;0;0;2,877;1.39;1,773;727;233;6;2.45;3;0;34 minutes;08:38;0;0;32%;34%;60%
Neptune-31921;3151;65;4.84;6;0;10%;64;4;3;0;68,736;5,129;5,875;73,984;5,520.13;5,838;2,706;181;13.5;248;18.5;15;8;1.37;0;0;0;166;12.38;13;0;0;0;0;7;0;70;5.22;7;9;13;1;4;15,630;1,166.16;1,195;540;8;0;31;16;6;9;1;0.07;1;5;2;113;8.43;9;22:43;01:41;01:50;0;0;0;0;15,630;1.38;1,195;1,879;596;12;0.89;2;0;3 hours;04:20;1;0;31%;66%;30%
NEtodie-3311;3000;4;9.1;4;0;25%;9;9;3;0.02;7,674;17,473;7,674;4,934;11,235.17;4,934;1,508;4;9.1;10;22.76;10;8;2.5;0;0;0;12;27.32;12;0;0;0;0;0;0;5;11.38;5;0;0;0;0;120;272.53;120;100;8;0;1;1;0;0;2;4.55;2;0;0;5;11.38;5;00:40;01:32;00:40;0;0;0;0;120;0.27;120;115;35;2;4.55;2;0;7 minutes;0;0;0;30%;0;0
Nichiren-21254;41;194;4.19;9;5;10%;301;14;6;0;278,924;6,033;17,405;300,232;6,494.3;11,592;5,346;292;6.31;897;19.4;43;18;3.07;0;0;0;485;10.49;24;0;0;0;0;8;0;418;9.04;18;0;46;0;21;36,632;792.37;1,520;1,171;18;0.19;86;42;13;32;8;0.17;1;4;12;357;7.72;23;27:46;00:36;01:32;0;0;0;0;36,632;0;1,520;0;0;143;3.09;9;2;8 hours;08:04;0;0;34%;0;44%
Nidachu-1555;55;7;5.94;4;0;27%;14;6;4;0;4,007;3,403;2,362;9,333;7,927.75;4,682;2,379;18;15.28;31;26.33;16;11;1.72;0;0;0;21;17.83;10;0;0;0;0;0;0;12;10.19;5;0;1;0;1;1,955;1,660.78;1,078;335;0;0;3;2;1;1;0;0;0;3;1;10;8.49;5;01:23;01:10;00:49;0;0;0;0;1,955;0;1,078;0;0;4;3.39;2;0;16 minutes;0;0;0;41%;0;55%
NikolaTesla-11280;53;9;3.51;5;0;8%;18;4;3;0;8,273;3,229;2,510;22,236;8,679.3;5,644;2,982;33;12.88;51;19.9;13;7;1.54;0;0;0;32;12.49;15;0;0;0;0;0;0;15;5.85;3;0;3;0;1;3,119;1,217.38;800;411;7;0;7;2;3;2;0;0;0;3;1;33;12.88;10;06:05;02:22;02:40;0;0;0;0;3,119;0;800;0;0;1;0.39;1;0;40 minutes;0;0;0;38%;0;51%
NorthPolaris-1964;48;4;3.35;3;0;22%;7;3;2;0;6,949;5,833;4,325;5,489;4,608.06;3,333;957;14;11.75;21;17.62;15;8;1.5;0;0;0;13;10.91;8;0;0;0;0;0;0;6;5.03;4;0;1;0;1;1,592;1,336.82;867;313;8;0;1;0;1;0;0;0;0;0;0;9;7.55;6;02:37;02:12;01:29;0;0;0;0;1,592;0;867;0;0;0;0;0;0;15 minutes;0;0;0;26%;0;42%
Nostril-1317;3333;6;11.85;6;0;10%;3;3;2;0;372;735;372;3,225;6,372.91;3,225;1,248;4;7.9;14;27.66;14;8;3.5;0;0;0;10;19.76;10;0;0;0;0;0;0;6;11.85;6;0;1;0;1;383;756.43;383;186;8;0;1;1;0;0;0;0;0;3;1;6;11.85;6;00:20;00:40;00:20;0;0;0;0;383;0.93;383;112;28;1;1.97;1;0;6 minutes;0;0;0;25%;0;100%
Novady-11519;3894;2;5.38;2;0;3%;3;2;1;0;1,749;4,710;1,090;269;6,396.95;269;269;1;23.78;3;8.08;3;2;0.5;0;0;0;6;16.16;4;0;0;0;0;0;0;0;0;0;0;0;0;0;157;423.27;157;92;2;0;0;0;0;0;0;0;0;0;0;0;0;0;00:04;01:40;00:04;0;0;0;0;157;0.43;157;80;50;0;0;0;0;45.00941903796047 seconds;00:16;0;0;62%;0;49%
Nypro-1996;4105;0;0;0;0;0;12;0;0;0;4,453;36,991;2,345;1,476;10,832.67;1,476;773;2;14.67;4;29.35;4;3;2;2;15;2;2;16.61;1;5;37;5;0;0;0;1;7.33;1;0;0;0;0;39;286.01;39;39;3;0;0;0;0;0;0;0;0;0;0;1;7.33;1;00:10;01:19;00:10;0;0;0;0;255;2.3;142;550;236;1;7.33;1;0;2 minutes;00:02;0;0;42%;100%;100%
NzNr-1485;3728;329;6.51;13;14;16%;565;23;11;0.02;210,621;4,170;9,548;346,358;6,857.79;12,142;5,294;191;3.78;1,252;24.78;42;24;6.55;0;0;0;472;9.34;26;0;0;0;0;3;0;497;9.84;19;2;51;0;48;31,386;621.42;1,607;638;24;0;134;63;35;36;14;0.27;2;4;28;316;6.25;16;45:40;00:54;01:41;0;0;0;0;31,386;1.14;1,607;8,190;3,351;116;2.29;8;0;7 hours;01:00:20;20;0;40%;75%;95%
Odin-1745;3076;7;3.05;4;0;10%;5;4;1;0;7,485;3,265;4,186;8,249;3,598.34;4,381;1,572;13;5.67;36;15.7;16;6;2.76;0;0;0;31;13.52;16;0;0;0;0;0;0;13;5.67;8;1;2;1;0;521;227.38;206;138;6;0;4;2;1;1;0;0;0;0;0;21;9.16;7;01:19;00:34;00:26;0;0;0;0;521;0.43;206;160;50;0;0;0;0;20 minutes;01:31;0;0;31%;42%;18%
ONIGOD-21483;3888;0;0;0;0;32%;10;8;7;0.03;5,146;13,084;4,957;2,997;7,619.79;2,654;2,304;6;15.25;7;17.79;7;6;1.16;0;0;0;3;7.62;3;0;0;0;0;0;0;4;10.17;4;0;0;0;0;84;212.79;84;84;6;0;0;0;0;0;0;0;0;0;0;1;2.54;1;00:12;00:31;00:07;0;0;0;0;84;0.27;84;71;31;1;2.54;1;0;5 minutes;0;0;0;43%;37%;81%
oPuTo-1727;3814;17;4.85;6;0;17%;42;13;6;0.02;13,082;3,737;3,969;25,732;7,350.08;8,002;4,603;12;3.42;75;21.42;19;12;6.25;0;0;0;36;10.28;12;0;0;0;0;0;0;32;9.14;9;0;4;0;3;2,197;627.43;512;454;12;0;11;6;2;3;3;0.85;1;0;0;16;4.57;10;01:45;00:30;00:50;0;0;0;0;2,197;1.13;512;593;236;4;1.14;2;1;32 minutes;04:59;2;0;39%;46%;96%
order-31569;4661;0;0;0;0;0;0;0;0;0;3,513;137,015;3,513;38;1,462.49;38;38;2;77.99;0;0;0;0;0;0;0;0;0;0;0;0;0;0;0;0;0;0;0;0;0;0;0;0;0;0;0;0;0;0;0;0;0;0;0;0;0;0;0;0;0;0;0;0;0;0;0;0;0;0;0;0;1;1;0;0;0;0;29.065107968635857 seconds;0;0;0;100%;0;100%
ouopi2180-3319;2569;56;6.75;14;2;13%;99;19;7;0.01;71,883;8,671;14,248;73,057;8,813;14,291;4,626;83;10.01;181;21.83;29;17;2.18;0;0;0;112;13.51;28;0;0;0;0;4;0;65;7.84;15;4;8;1;4;8,489;1,023.99;2,310;446;17;0;18;9;4;6;1;0.12;1;3;3;82;9.89;17;14:09;01:42;03:02;0;0;0;0;8,489;1.49;2,310;2,190;726;16;1.93;6;0;1 hour;17:52;0;0;33%;67%;44%
Ovidious-11975;0;14;5.58;8;0;19%;38;11;6;0.01;20,259;8,088;5,125;23,515;9,388.34;6,379;2,876;29;11.57;58;23.15;19;9;2;0;0;0;44;17.56;16;0;0;0;0;0;0;28;11.17;8;1;3;0;1;3,620;1,445.29;864;298;9;0;8;4;2;2;0;0;0;4;1;20;7.98;9;03:40;01:27;01:17;0;0;0;0;3,620;1.7;864;539;199;4;1.59;1;0;35 minutes;03:58;0;0;36%;47%;48%
ozr-1362;0;0;0;0;0;33%;2;2;2;0.01;432;4,768;432;632;6,972.02;632;632;1;11.02;3;33.08;3;3;3;0;0;0;0;0;0;0;0;0;0;0;0;1;11.02;1;0;0;0;0;17;184.08;17;17;3;0;0;0;0;0;0;0;0;0;0;0;0;0;0;0;0;0;0;0;0;17;0.16;17;20;6;0;0;0;0;1 minute;0;0;0;30%;0;0
PassTheSalt-11477;2699;144;5.54;12;1;14%;227;15;6;0.01;184,889;7,126;13,189;191,973;7,398.69;10,785;3,185;284;10.94;594;22.89;34;12;2.09;0;0;0;414;15.95;24;0;0;0;0;7;0;214;8.24;10;12;26;1;14;25,523;983.66;912;662;12;0;70;25;23;21;6;0.23;2;3;10;263;10.13;20;40:01;01:32;02:15;0;0;0;0;25,523;1.2;912;4,088;1,593;37;1.42;6;0;5 hours;20:44;1;0;38%;53%;53%
pbae-3753;2227;2;1.3;2;0;6%;3;2;1;0;6,376;4,147;3,135;5,567;3,620.84;3,495;1,100;11;7.15;18;11.7;12;5;1.63;0;0;0;11;7.15;6;0;0;0;0;0;0;5;3.25;4;1;2;1;0;1,814;1,179.58;684;300;5;0;3;2;1;1;1;0.65;1;0;0;8;5.2;4;01:28;00:57;00:31;0;0;0;0;1,814;1.87;684;137;50;1;0.65;1;0;16 minutes;0;0;0;36%;43%;0%
Phoinix-3581;2837;9;7.52;4;0;7%;12;5;3;0.01;7,510;6,278;3,146;15,651;13,083.95;7,218;5,085;9;7.52;30;25.08;13;11;3.33;0;0;0;23;19.22;9;0;0;0;0;0;0;9;7.52;5;0;1;0;1;844;705.99;360;185;11;0;3;1;1;1;2;1.67;2;0;0;4;3.34;2;00:37;00:31;00:24;0;0;0;0;844;0.86;360;402;159;1;0.83;1;0;16 minutes;00:40;0;0;39%;60%;63%
Phython-1699;3306;21;6.55;9;1;16%;26;13;6;0.01;16,628;5,193;5,909;19,524;6,097.27;7,931;3,193;14;4.37;80;24.98;37;16;5.71;0;0;0;29;9.05;10;0;0;0;0;0;0;22;6.87;10;1;3;0;3;3,048;951.82;1,370;455;16;0;8;5;2;1;1;0.31;1;4;3;12;3.74;7;01:20;00:25;00:31;0;0;0;0;3,048;1.72;1,370;479;159;2;0.62;1;0;29 minutes;04:29;0;0;33%;50%;82%
pierino-1398;2595;0;0;0;0;0;0;0;0;0;1,144;10,481;1,144;1,144;10,482.83;1,144;1,144;1;9.16;2;18.32;2;2;2;0;0;0;0;0;0;0;0;0;0;0;0;0;0;0;0;0;0;0;0;0;0;0;2;0;0;0;0;0;0;0;0;0;0;0;0;0;0;0;0;0;0;0;0;0;0;0;30;13;0;0;0;0;1 minute;0;0;0;43%;0;100%
Pine-31232;4374;0;0;0;0;10%;16;1;1;0.01;478;6,963;478;1,193;1,587.39;1,075;1,075;1;1.33;3;43.74;3;3;0;0;0;0;2;29.16;2;4;5;2;0;0;0;1;14.58;1;0;1;1;0;299;397.21;299;299;3;0;1;0;0;0;0;0;0;0;0;0;0;0;00:04;00:06;00:04;0;0;0;0;177;2.94;177;291;144;1;14.58;1;0;5 minutes;0;0;0;49%;64%;33%
PLAYB0Y-11500;2966;4;6.25;4;0;12%;4;4;2;0.01;3,194;4,996;3,194;4,305;6,733.39;4,030;3,220;3;4.69;13;20.33;12;9;4.33;0;0;0;8;12.51;7;0;0;0;0;0;0;4;6.25;4;0;1;0;1;315;492.85;165;165;9;0;2;1;1;0;0;0;0;0;0;1;1.56;1;00:00;00:01;00:00;0;0;0;0;315;1.34;165;68;31;1;1.56;1;0;3 minutes;01:30;0;0;45%;0;94%
PoppyDogma-1243;3133;5;4.3;2;0;17%;8;4;3;0;15,602;13,443;5,271;7,633;6,576.9;2,935;2,298;14;12.06;23;19.81;11;8;1.64;0;0;0;24;20.67;11;0;0;0;0;0;0;9;7.75;4;0;0;1;0;1,251;1,077.97;488;201;8;0;0;1;0;0;0;0;0;0;0;10;8.61;5;01:35;01:22;00:45;0;0;0;0;1,251;1.38;488;129;47;1;0.86;1;0;--;01:50;0;0;36%;50%;100%
PsychoHazard-1722;0;18;4.66;5;1;14%;46;12;4;0.01;50,747;13,141;9,266;37,272;9,651.69;9,447;3,396;41;10.61;100;25.89;38;12;2.43;0;0;0;67;17.34;17;0;0;0;0;2;0;36;9.32;17;2;4;0;1;4,510;1,168;1,403;630;12;0;11;2;5;4;0;0;0;0;0;42;10.87;18;08:42;02:15;02:49;0;0;0;0;4,510;1.35;1,403;940;307;6;1.55;2;0;55 minutes;09:08;0;0;32%;47%;33%
qqwess-3609;2968;19;13.25;14;1;12%;33;26;11;0.02;19,745;13,779;17,668;24,076;16,801.25;17,834;5,522;14;9.76;62;43.26;52;15;4.42;0;0;0;35;24.42;27;0;0;0;0;0;0;30;20.93;26;0;1;1;0;1,824;1,273.18;1,326;314;15;0;6;3;2;1;1;0.69;1;3;1;32;22.33;27;04:09;02:53;03:27;0;0;0;0;1,824;1.24;1,326;573;254;6;4.18;5;0;24 minutes;06:38;0;0;44%;56%;0
Raisu-3380;2608;0;0;0;0;0;0;0;0;0;349;11,187;349;34;1,083.24;34;34;1;32.09;0;0;0;0;0;0;0;0;0;0;0;0;0;0;0;0;0;0;0;0;0;0;0;0;40;1,283.84;40;40;0;0;0;0;0;0;0;0;0;0;0;0;0;0;00:02;01:26;00:02;0;0;0;0;40;1.63;40;0;0;0;0;0;0;--;0;0;0;0;0;100%
Randomoink-2799;2704;29;6.31;9;0;15%;48;14;5;0.01;29,034;6,319;5,500;39,079;8,504.87;7,191;3,151;40;8.7;123;26.76;15;15;3.07;0;0;0;70;15.23;12;0;0;0;0;0;0;40;8.7;6;2;5;1;2;3,663;797.13;446;357;15;0;16;5;4;7;2;0.43;1;5;4;69;15.01;11;07:25;01:36;01:12;0;0;0;0;3,663;1.01;446;844;314;4;0.87;1;0;1 hour;07:12;0;0;37%;45%;37%
RapidCH-4957;2634;13;10.41;10;0;7%;9;7;4;0;9,032;7,235;4,534;11,823;9,471.05;6,048;3,279;8;6.4;41;32.84;21;18;5.12;0;0;0;21;16.82;11;0;0;0;0;0;0;10;8.01;6;0;1;0;1;1,369;1,096.95;1,006;353;18;0;3;2;0;2;2;1.6;2;3;1;22;17.62;11;01:29;01:11;00:49;0;0;0;0;1,369;1.49;1,006;338;116;0;0;0;0;15 minutes;00:43;0;0;34%;0;60%
Rascal-31813;4599;0;0;0;0;11%;3;3;2;0.01;2,343;8,664;2,283;3,183;11,767.2;3,104;1,548;3;11.09;9;33.27;9;5;3;0;0;0;2;7.39;2;0;0;0;0;0;0;4;14.78;4;0;0;0;0;480;1,776;383;224;5;0;0;0;0;0;0;0;0;0;0;2;7.39;2;00:18;01:08;00:18;0;0;0;0;480;2.39;383;62;26;1;3.69;1;0;3 minutes;0;0;0;41%;0;91%
Rebecca-12561;0;60;4.14;8;1;20%;146;14;9;0.01;76,383;5,282;9,418;92,654;6,406.77;8,047;2,275;166;11.47;360;24.89;42;14;2.16;0;0;0;251;17.35;28;0;0;0;0;7;0;154;10.64;17;9;14;0;5;592,255;40,953;2,815;640;14;0;37;12;12;13;1;0.06;1;3;5;162;11.2;21;22:29;01:33;02:11;0;0;0;0;18,988;1.51;2,815;1,860;707;43;2.97;7;0;3 hours;03:30;16;0;38%;66%;35%
Rebird-1185;0;6;7.78;6;1;28%;13;13;3;0.02;3,643;4,725;3,643;6,490;8,419.22;6,490;1,127;10;12.97;21;27.24;21;6;2.1;0;0;0;17;22.05;17;0;0;0;0;0;0;9;11.67;9;1;1;0;0;952;1,234.91;952;266;6;0;2;0;2;1;1;1.29;1;0;0;15;19.45;15;00:46;01:00;00:46;0;0;0;0;952;1.52;952;113;46;1;1.29;1;0;10 minutes;00:59;0;0;40%;0;0
RebornZ-11715;4006;3;2.63;3;1;6%;7;6;6;0.01;5,841;5,123;2,888;9,452;8,289.59;5,401;5,401;1;0.87;32;28.06;16;16;32;0;0;0;8;7.01;5;0;0;0;0;0;0;13;11.4;8;0;1;0;1;316;277.07;180;180;16;0;4;3;1;0;0;0;0;3;1;4;3.5;2;00:38;00:34;00:19;0;0;0;0;316;0.57;180;235;101;2;1.75;2;0;9 minutes;00:19;0;0;42%;46%;98%
Reilly-11549;3595;10;7.42;6;1;18%;25;11;6;0.02;10,827;8,039;6,184;3,619;5,131.7;3,619;1,588;3;4.25;13;18.43;13;7;4.33;3;4;3;27;20.04;9;8;11;8;0;0;0;2;2.83;2;0;1;0;1;14;19.14;14;14;7;0;2;1;1;3;1;0.74;1;0;0;8;11.34;8;00:44;01:02;00:44;4;6;4;0;1,167;1.2;561;1,065;494;1;0.74;1;0;4 minutes;03:05;0;0;46%;0;100%
Renyz-11199;3452;14;5.96;5;1;13%;32;13;8;0.01;12,792;5,447;4,970;23,924;10,187.4;7,878;4,026;15;6.38;63;26.82;23;13;4.2;0;0;0;32;13.62;12;0;0;0;0;0;0;27;11.49;10;0;2;0;2;1,866;794.46;584;467;13;0;9;4;2;2;1;0.42;1;4;1;31;13.2;12;02:04;00:53;00:52;0;0;0;0;1,866;1.08;584;620;244;4;1.7;3;0;28 minutes;05:25;0;0;39%;32%;84%
Rollie-4233;3780;18;7.4;7;2;14%;41;17;8;0.02;12,737;5,241;4,716;28,135;11,576.21;12,860;4,965;14;5.76;71;29.21;26;11;5.07;0;0;0;36;14.81;15;0;0;0;0;0;0;26;10.69;12;0;2;0;2;1,563;643.21;628;450;11;0;11;3;4;4;1;0.41;1;4;2;39;16.04;15;03:15;01:20;01:37;0;0;0;0;1,563;0.94;628;721;278;5;2.05;4;0;27 minutes;07:47;0;0;38%;42%;67%
rose-3958;1361;0;0;0;0;12%;1;1;1;0;1,541;8,337;1,421;1,385;7,493.27;1,141;726;3;16.23;2;10.82;1;1;0.66;0;0;0;5;27.05;4;0;0;0;0;0;0;0;0;0;0;0;0;0;234;1,265.26;234;124;1;0;1;0;0;0;0;0;0;0;0;1;5.41;1;00:18;01:42;00:11;0;0;0;0;234;1.09;234;54;8;0;0;0;0;3 minutes;0;0;0;14%;0;22%
ryujehong-31878;4424;5;5.94;3;0;20%;18;10;6;0.02;8,574;10,193;5,919;10,133;12,046.28;6,858;3,856;6;7.13;26;30.9;14;9;4.33;0;0;0;23;27.34;12;0;0;0;0;0;0;10;11.88;5;0;1;0;1;1,409;1,674.7;705;569;9;0;2;1;1;0;0;0;0;4;1;18;21.39;9;02:54;03:27;01:42;0;0;0;0;1,409;1.91;705;225;90;1;1.18;1;0;12 minutes;03:34;0;0;40%;0;96%
SaltyPanda-11486;3295;14;2.94;3;0;5%;19;5;2;0;33,992;7,139;8,698;32,107;6,743.24;6,011;3,750;32;6.72;66;13.86;16;9;2.06;0;0;0;42;8.82;11;0;0;0;0;0;0;16;3.36;4;3;5;1;1;3,849;808.47;1,285;730;9;0;14;6;3;5;0;0;0;0;0;30;6.3;8;03:38;00:45;01:10;0;0;0;0;3,849;1.36;1,285;760;339;5;1.05;2;0;46 minutes;01:20;0;0;44%;100%;19%
SanALex-2258;3625;41;3.9;6;0;11%;96;7;7;0.01;96,922;9,223;6,228;89,323;8,499.91;8,192;4,963;107;10.18;221;21.03;17;11;2.06;0;0;0;109;10.37;8;0;0;0;0;0;1;77;7.32;8;4;11;1;5;11,647;1,108.29;718;459;11;0;30;12;8;10;6;0.57;2;3;2;84;7.99;9;16:33;01:34;01:14;0;0;0;0;11,647;1.43;718;2,818;849;16;1.52;2;0;2 hours;09:01;0;0;30%;50%;51%
Sardis-21172;80;11;5.79;4;0;21%;64;18;17;0;16,837;8,872;5,874;28,947;15,252.73;7,706;7,057;18;9.48;83;43.73;25;24;4.61;0;0;0;29;15.28;6;0;0;0;0;0;0;43;22.65;12;0;2;0;0;2,503;1,318.86;669;669;24;0;6;1;4;2;1;0.52;1;0;0;9;4.74;6;01:02;00:33;00:25;0;0;0;0;2,503;0;669;0;0;6;3.16;2;0;33 minutes;01:53;0;0;37%;0;12%
scottiting-3836;3000;0;0;0;0;0;0;0;0;0;609;5,744;609;1,242;11,712.79;1,242;819;1;9.43;4;37.72;4;3;4;0;0;0;1;9.43;1;0;0;0;0;0;0;1;9.43;1;0;0;0;0;105;990.4;105;105;3;0;0;0;0;0;0;0;0;0;0;1;9.43;1;00:01;00:11;00:01;0;0;0;0;105;1.08;105;30;13;0;0;0;0;--;0;0;0;43%;0;100%
Scy-1494;2687;116;7.53;9;2;15%;198;14;7;0.01;125,699;8,166;7,091;144,236;9,369.72;7,788;3,870;156;10.13;390;25.33;24;16;2.5;0;0;0;258;16.75;19;0;0;0;0;2;0;163;10.58;13;6;15;1;8;16,498;1,071.71;1,098;461;16;0;53;21;14;18;3;0.19;1;4;4;168;10.91;12;25:34;01:39;02:10;0;0;0;0;16,498;1.43;1,098;3,609;1,294;44;2.85;4;0;3 hours;36:08;0;0;35%;56%;53%
Setsuna-3446;0;6;18.04;6;1;11%;2;2;1;0;2,284;6,866;2,284;4,017;12,076.54;4,017;2,235;2;6.01;19;57.12;19;9;9.5;0;0;0;13;39.08;13;0;0;0;0;0;0;6;18.04;6;0;0;0;0;218;656.76;218;218;9;0;1;0;1;0;0;0;0;3;1;7;21.04;7;01:01;03:05;01:01;0;0;0;0;218;0.7;218;29;17;0;0;0;0;5 minutes;00:45;0;0;58%;58%;100%
Sharkyos-1524;0;3;3.85;2;0;18%;12;7;3;0.01;8,255;10,605;4,422;7,217;9,271.44;3,796;2,315;9;11.56;17;21.84;12;6;1.88;0;0;0;10;12.84;6;0;0;0;0;0;0;6;7.7;5;1;1;0;0;895;1,150.03;701;234;6;0;2;1;0;1;1;1.28;1;0;0;5;6.42;3;00:12;00:16;00:07;0;0;0;0;895;1.32;701;194;66;3;3.85;2;0;11 minutes;0;0;0;34%;28%;31%
Shinobu-1269;48;62;3.59;8;2;14%;111;17;6;0;91,079;5,286;8,318;96,014;5,572.11;9,448;2,854;186;10.79;340;19.73;32;8;1.82;0;0;0;209;12.12;24;0;0;0;0;6;0;95;5.51;11;0;17;0;7;15,512;900.21;1,537;492;8;0;40;11;12;17;4;0.23;2;4;3;179;10.38;20;29:18;01:42;03:14;0;0;0;0;15,512;0;1,537;0;0;25;1.45;3;0;3 hours;05:31;0;0;38%;0;38%
Shinonin-6565;0;8;13.28;8;0;13%;12;12;7;0.02;3,235;5,371;3,235;8,236;13,676.01;8,236;3,120;3;4.98;17;28.22;17;8;5.66;0;0;0;9;14.94;9;0;0;0;0;0;0;5;8.3;5;0;1;0;1;354;587.43;354;150;8;0;2;1;1;1;0;0;0;0;0;8;13.28;8;00:23;00:39;00:23;0;0;0;0;354;0.72;354;197;86;1;1.66;1;0;8 minutes;00:57;0;0;43%;0;100%
ShoGuN-1127;3703;0;0;0;0;0;0;0;0;0;549;7,442;549;963;13,048.62;963;526;1;13.55;0;0;0;0;0;0;0;0;1;13.55;1;0;0;0;0;0;0;0;0;0;0;0;0;0;40;542.22;40;40;0;0;0;0;0;0;0;0;0;0;0;0;0;0;0;0;0;0;0;0;0;40;0.62;40;24;13;0;0;0;0;1 minute;0;0;0;54%;54%;0
SikiNeko-1832;0;3;5.9;3;0;4%;2;2;1;0;913;1,797;913;4,910;9,666.46;4,910;1,038;6;11.81;9;17.71;9;3;1.5;0;0;0;8;15.75;8;0;0;0;0;0;0;3;5.9;3;1;1;0;1;502;987.99;502;150;3;0;0;0;0;0;0;0;0;0;0;3;5.9;3;00:29;00:58;00:29;0;0;0;0;502;1.28;502;99;44;1;1.96;1;0;6 minutes;0;0;0;44%;0;100%
SKRT-11232;1023;44;1.08;8;1;17%;88;11;7;0;120,609;2,971;9,888;64,179;1,581.1;7,223;3,154;342;8.42;167;4.11;26;13;0.48;0;0;0;170;4.18;23;0;0;0;0;49;0;57;1.4;11;29;41;2;10;14,983;369.12;1,611;578;13;0;27;12;6;9;1;0.02;1;0;0;66;1.62;12;14:36;00:21;02:34;0;0;0;0;14,983;0.6;1,611;1,954;501;17;0.41;3;0;6 hours;05:54;2;0;25%;100%;25%
Slinky-1777;0;0;0;0;0;4%;2;2;1;0;3,511;7,585;3,511;3,323;7,179.23;3,323;1,875;3;6.48;5;10.8;5;2;1.66;0;0;0;0;0;0;0;0;0;0;0;0;3;6.48;3;0;0;0;0;165;356.11;165;104;2;0;1;0;0;1;1;2.16;1;0;0;2;4.32;2;00:03;00:08;00:03;0;0;0;0;165;0.79;165;81;42;2;4.32;2;0;3 minutes;0;0;0;51%;51%;0
Slyness-11185;3955;10;5.62;5;0;11%;23;8;8;0.01;20,892;11,752;13,147;19,046;10,714.03;6,332;6,035;11;6.18;46;25.87;18;17;4.18;0;0;0;23;12.93;8;0;0;0;0;0;0;17;9.56;6;0;2;0;1;2,008;1,129.62;723;723;17;0;5;2;2;1;1;0.56;1;0;0;18;10.12;12;01:58;01:06;01:17;0;0;0;0;2,008;1.58;723;465;205;0;0;0;0;21 minutes;03:14;0;0;44%;58%;80%
smacked-11443;73;1;4.66;1;0;45%;5;4;3;0;1,955;9,119;1,599;1,435;6,692.96;1,002;504;3;13.99;6;27.98;3;2;2;0;0;0;4;18.65;2;0;0;0;0;0;0;4;18.65;2;0;0;0;0;282;1,313.53;150;132;2;0;1;0;0;0;0;0;0;0;0;5;23.32;2;00:29;02:17;00:18;0;0;0;0;282;0;150;0;0;2;9.32;2;0;3 minutes;0;0;0;16%;0;65%
Smith-2700;82;1;3.14;1;0;0;0;0;0;0;2,524;7,928;2,524;839;2,634.02;839;506;2;6.28;5;15.7;5;4;2.5;0;0;0;2;6.28;2;0;0;0;0;0;0;1;3.14;1;0;0;0;0;147;461.95;147;147;4;0;1;0;0;0;0;0;0;0;0;2;6.28;2;00:19;01:02;00:19;0;0;0;0;147;0;147;0;0;0;0;0;0;2 minutes;0;0;0;15%;0;0
SoKoOLz-3456;2627;4;11;2;0;6%;4;3;3;0;5,172;14,232;2,836;5,259;14,471.49;3,624;2,846;5;13.75;12;33.02;6;5;2.4;0;0;0;4;11;3;0;0;0;0;0;0;4;11;3;0;0;0;0;693;1,907.45;346;346;5;0;1;0;0;0;0;0;0;0;0;11;30.26;6;00:59;02:43;00:30;0;0;0;0;693;1.57;346;152;59;0;0;0;0;7 minutes;00:41;0;0;38%;0;33%
solaroplus-3806;2592;34;6.32;12;3;17%;45;12;4;0.01;62,759;11,681;21,483;39,223;7,300.5;9,710;3,750;44;8.18;124;23.07;35;20;2.81;0;0;0;132;24.56;37;0;0;0;0;1;0;47;8.74;14;3;5;0;2;5,315;989.28;1,235;482;20;0;22;7;9;6;5;0.93;3;3;4;59;10.98;21;09:42;01:48;03:37;0;0;0;0;5,315;1.47;1,235;557;251;11;2.04;3;0;59 minutes;19:09;1;0;45%;60%;41%
Somnians-2461;3015;14;4.56;5;0;26%;30;15;5;0.01;6,681;2,177;1,562;19,216;6,262.26;6,124;1,710;41;13.36;44;14.33;13;5;1.07;0;0;0;66;21.5;18;0;0;0;0;0;0;14;4.56;4;3;3;0;0;3,020;984.28;817;531;5;0;4;2;0;2;0;0;0;3;1;14;4.56;3;02:30;00:49;00:39;0;0;0;0;3,020;1.21;817;307;115;3;0.97;2;0;41 minutes;02:37;0;0;37%;47%;0
SOR-11872;3722;15;4.53;5;0;10%;24;5;4;0;34,367;10,383;8,808;24,684;7,457.2;5,222;2,345;32;9.66;67;20.24;18;9;2.09;0;0;0;36;10.87;8;0;0;0;0;0;0;20;6.04;6;2;3;0;2;2,427;733.1;505;349;9;0;10;5;2;3;0;0;0;0;0;18;5.43;6;04:52;01:28;01:37;0;0;0;0;2,427;0.94;505;746;234;4;1.2;2;2;42 minutes;03:38;17;0;31%;39%;47%
SpamKappa123-1926;3000;0;0;0;0;0;0;0;0;0;761;19,640;761;16;406.54;16;16;1;25.81;0;0;0;0;0;0;0;0;0;0;0;0;0;0;0;0;0;0;0;0;0;0;0;0;0;0;0;0;0;0;0;0;0;0;0;0;0;0;0;0;0;0;00:09;04:10;00:09;0;0;0;0;0;0;0;2;0;0;0;0;0;30.75343400798738 seconds;0;0;0;0;0;0
spooner-1925;3641;3;3.82;3;0;22%;12;5;5;0.02;3,540;4,512;2,245;5,827;7,426.03;3,862;1,889;7;8.92;14;17.84;13;6;2;0;0;0;9;11.47;7;0;0;0;0;0;0;4;5.09;4;0;1;0;0;411;524.33;175;150;6;0;3;0;1;1;2;2.54;2;0;0;3;3.82;3;00:45;00:57;00:23;0;0;0;0;411;0.86;175;129;53;0;0;0;0;7 minutes;00:34;0;0;41%;41%;59%
Squacle-1295;2299;0;0;0;0;10%;1;1;1;0;4,143;17,412;3,743;921;3,871.99;771;765;3;12.6;1;4.2;1;1;0.33;0;0;0;1;4.2;1;0;0;0;0;0;0;1;4.2;1;0;0;0;0;290;1,218.12;290;146;1;0;1;0;0;0;0;0;0;0;0;1;4.2;1;00:16;01:09;00:12;0;0;0;0;290;1.56;290;56;10;0;0;0;0;3 minutes;0;0;0;17%;6%;0
sreader-1911;2668;65;10.67;9;0;17%;14;26;12;0.02;49,767;8,172;7,989;3,934;14,115.16;3,934;2,899;3;10.76;3;10.76;3;2;1;5;18;5;125;20.52;20;7;25;7;0;0;0;1;3.58;1;0;0;0;4;52;188.05;52;52;2;0;1;6;1;7;1;0.16;1;4;2;1;3.58;1;00:12;00:46;00:12;1;4;1;0;6,718;1.14;891;532;299;10;1.64;2;0;3 minutes;14:17;0;0;56%;46%;66%
STANDBALD-1768;2271;3;4.21;3;0;12%;16;3;3;0;3,290;4,617;3,290;453;2,687.98;453;385;2;11.86;12;16.84;11;8;1.09;0;0;0;12;16.84;11;1;6;1;0;2;0;2;2.8;2;0;0;0;0;623;874.13;623;189;8;0;0;1;0;0;0;0;0;0;0;4;5.61;3;00:10;01:01;00:10;0;0;0;0;623;1.18;623;192;69;0;0;0;0;1 minute;02:03;0;0;35%;35%;0
Suiyoku-4395;1993;5;13.51;5;0;15%;31;3;3;0.01;2,559;6,917;2,559;4,572;8,788.93;3,243;1,629;5;9.61;2;3.84;2;1;0.4;6;12;6;9;24.32;9;7;13;7;0;0;0;2;5.4;2;0;1;0;0;400;1,080.7;400;260;1;0;1;1;1;0;0;0;0;0;0;7;18.91;7;00:55;02:30;00:55;0;0;0;0;400;1.59;400;1,083;517;0;0;0;0;3 minutes;00:23;1;0;47%;28%;40%
Supah-1288;3197;26;6.74;6;0;10%;42;12;5;0.01;41,124;10,669;9,765;42,088;10,918.64;8,273;4,398;38;9.85;102;26.46;21;9;2.68;0;0;0;65;16.86;11;0;0;0;0;0;0;35;9.07;9;2;4;0;2;3,598;933.5;726;518;9;0;15;3;6;6;1;0.25;1;4;2;30;7.78;8;03:32;00:55;00:53;0;0;0;0;3,598;1.2;726;894;391;10;2.59;5;0;49 minutes;07:35;0;0;43%;0;46%
SupportMain-11364;60;0;0;0;0;0;0;0;0;0;1,420;26,978;1,420;55;1,047.1;55;34;1;18.99;0;0;0;0;0;0;0;0;0;0;0;0;0;0;0;0;0;0;0;0;0;0;0;0;45;852.58;45;45;0;0;0;0;0;0;0;0;0;0;0;0;0;0;00:01;00:31;00:01;0;0;0;0;45;0;45;0;0;0;0;0;0;1 minute;0;0;0;0;0;97%
Surefour-2559;4493;127;11.51;13;4;16%;588;22;14;0.02;85,618;7,762;12,270;60,062;11,493.03;14,824;3,885;37;7.08;147;28.12;34;12;3.97;119;23;37;188;17.04;18;147;28;44;0;1;0;71;13.58;14;1;5;0;4;9,964;1,906.71;2,841;793;12;0;15;4;8;3;2;0.18;1;3;2;41;7.84;10;01:49;00:21;00:34;40;8;15;0;8,934;1.09;888;14,990;6,769;27;5.16;8;0;1 hour;13:53;0;0;45%;46%;76%
SwagUnicorn-4998;0;206;6.96;12;4;15%;377;20;8;0.01;177,857;6,018;8,542;272,682;9,225.85;15,955;3,779;310;10.48;760;25.71;43;14;2.45;0;0;0;519;17.55;35;0;0;0;0;3;0;299;10.11;16;9;30;1;20;37,887;1,281.85;2,538;574;14;0;78;36;13;29;16;0.54;2;3;6;268;9.06;21;34:09;01:09;02:04;0;0;0;0;37,887;1.64;2,538;5,777;2,408;66;2.23;7;0;6 hours;51:31;9;0;41%;71%;68%
Sylar-1669;60;1;3.88;1;0;42%;3;2;2;0;1,131;4,389;1,131;1,194;4,635.59;969;446;5;19.4;4;15.52;3;1;0.8;0;0;0;3;11.64;3;0;0;0;0;0;0;3;11.64;3;0;0;0;0;316;1,225.24;140;116;1;0;1;0;0;0;0;0;0;0;0;2;7.76;2;00:14;00:57;00:07;0;0;0;0;316;0;140;0;0;1;3.88;1;0;3 minutes;0;0;0;63%;0;28%
Sypeh-2707;0;317;7.73;17;13;17%;710;36;16;0.02;391,855;9,562;13,607;441,201;10,766.25;16,563;8,133;364;8.88;1,296;31.62;46;24;3.56;0;0;0;625;15.25;27;0;0;0;0;2;0;544;13.27;19;11;41;5;25;51,962;1,267.98;2,215;968;24;0;133;59;38;36;48;1.17;2;6;21;362;8.83;18;37:01;00:54;01:35;0;0;0;0;51,962;1.57;2,215;10,117;4,152;90;2.19;6;0;9 hours;01:47:28;7;0;41%;58%;61%
Talespin-1868;4132;60;9.06;13;4;17%;101;18;6;0.02;40,383;6,104;6,270;64,419;9,737.01;11,183;7,016;41;6.19;226;34.15;38;16;5.51;0;0;0;121;18.28;25;0;0;0;0;0;0;84;12.69;15;1;7;0;5;6,195;936.38;1,348;703;16;0;26;10;9;8;2;0.3;2;4;3;76;11.48;11;09:00;01:21;01:52;0;0;0;0;6,195;1.26;1,348;1,707;588;13;1.96;2;1;1 hour;15:06;0;0;34%;45%;83%
tape2-1581;4695;0;0;0;0;40%;2;2;2;0.05;1,415;36,998;1,415;480;12,547.72;480;478;1;26.14;0;0;0;0;0;0;0;0;0;0;0;0;0;0;0;0;0;0;0;0;0;0;0;0;141;3,684.84;141;141;0;0;0;0;0;0;0;0;0;0;0;0;0;0;00:13;05:45;00:13;0;0;0;0;141;3.62;141;8;5;0;0;0;0;38.88233103137463 seconds;0;0;0;62%;0;0
Tee-11350;2110;0;0;0;0;100%;1;1;1;0.01;2,819;25,429;2,819;547;4,933.35;547;401;2;18.03;1;9.01;1;1;0.5;0;0;0;2;18.03;2;0;0;0;0;0;0;0;0;0;0;0;0;0;37;333.83;37;37;1;0;0;0;0;0;0;0;0;0;0;0;0;0;00:12;01:49;00:12;0;0;0;0;37;0.39;37;5;1;0;0;0;0;1 minute;0;0;0;20%;0;0
Teejay-1789;3762;6;2.98;3;1;6%;12;5;2;0;9,098;4,532;3,923;15,086;7,515.01;5,150;3,457;12;5.97;40;19.92;16;9;3.33;0;0;0;10;4.98;4;0;0;0;0;1;0;14;6.97;7;0;2;0;2;1,242;618.62;341;245;9;0;3;2;1;0;0;0;0;0;0;8;3.98;3;01:33;00:46;00:43;0;0;0;0;1,242;0.92;341;396;175;1;0.49;1;0;22 minutes;03:51;1;0;44%;100%;100%
Tenzou-1223;2671;24;7.61;11;2;17%;24;13;7;0.01;9,291;2,949;4,455;19,140;6,075.48;8,772;5,163;6;1.9;73;23.17;42;23;12.16;0;0;0;43;13.64;25;0;0;0;0;0;0;30;9.52;14;1;3;0;2;1,310;415.7;481;364;23;0;8;2;3;3;4;1.26;3;3;2;21;6.66;12;02:02;00:38;01:29;0;0;0;0;1,310;1.03;481;426;138;7;2.22;3;0;21 minutes;10:19;0;0;32%;39%;68%
teraponn-1128;2934;2;10.74;2;0;5%;1;1;1;0;2,837;15,242;2,500;1,774;9,530.99;1,695;956;5;26.86;2;10.74;2;2;0.4;0;0;0;0;0;0;0;0;0;0;0;0;0;0;0;0;0;0;0;173;931.07;109;66;2;0;0;0;0;0;0;0;0;0;0;1;5.37;1;00:17;01:36;00:09;0;0;0;0;173;0.81;109;50;18;0;0;0;0;3 minutes;0;0;0;36%;36%;78%
TheHell-31963;4715;42;8.48;6;2;14%;79;13;9;0.01;47,818;9,665;6,810;36;1,524.94;36;36;1;42.35;141;28.49;17;12;5.64;0;0;0;69;13.94;10;0;0;0;0;1;0;43;8.69;7;0;0;0;4;3,551;717.68;888;514;12;0;0;0;3;0;2;0.4;1;6;5;42;8.48;7;00:02;01:41;00:02;0;0;0;0;3,551;0.88;888;22;8;8;1.61;4;0;29.05537400301546 seconds;04:56;0;0;36%;36%;83%
tic-1885;63;50;6.49;8;3;10%;87;17;6;0;30,919;4,017;5,251;79,366;10,311.97;10,972;5,069;58;7.53;244;31.7;32;17;4.2;0;0;0;100;12.99;19;0;0;0;0;1;0;110;14.29;23;0;8;0;4;10,180;1,322.73;1,452;809;17;0;22;9;6;7;7;0.9;3;4;4;125;16.24;15;08:53;01:09;01:29;0;0;0;0;10,180;0;1,452;0;0;30;3.89;6;1;1 hour;08:56;0;0;42%;0;52%
Tiki-11546;3512;159;9.43;11;7;12%;198;13;7;0.01;142,916;8,483;11,307;169,478;10,059.57;7,520;4,044;164;9.73;506;30.03;26;16;3.08;0;0;0;281;16.67;28;0;0;0;0;4;0;206;12.22;14;7;17;1;9;16,701;991.32;1,321;469;16;0;56;22;18;16;5;0.29;1;5;16;171;10.14;10;18:34;01:06;01:50;0;0;0;0;16,701;1.26;1,321;4,109;1,551;44;2.61;4;0;3 hours;41:20;2;0;37%;62%;55%
TinTing-3105;3121;43;5.9;11;0;12%;54;10;8;0;51,024;7,009;7,355;49,337;6,777.08;8,588;2,963;61;8.37;170;23.35;30;10;2.78;0;0;0;74;10.16;11;0;0;0;0;1;0;40;5.49;7;2;7;1;5;7,463;1,025.17;1,341;565;10;0;17;5;6;7;0;0;0;3;3;92;12.63;21;11:24;01:34;01:50;0;0;0;0;7,463;1.29;1,341;1,262;418;8;1.09;2;0;1 hour;03:52;2;0;33%;66%;65%
tissuep-1542;3419;1;3.69;1;0;6%;2;1;1;0;3,652;13,489;2,213;2,880;10,639.13;1,853;1,336;3;11.08;3;11.08;2;1;1;0;0;0;2;7.38;2;0;0;0;0;0;0;0;0;0;0;0;0;0;413;1,524.39;263;150;1;0;1;0;0;0;0;0;0;0;0;2;7.38;1;00:22;01:24;00:13;0;0;0;0;413;1.88;263;63;31;0;0;0;0;3 minutes;0;0;0;49%;0;69%
TitaniumX9-1363;3274;21;8.65;7;2;13%;41;15;9;0.02;8,287;3,415;3,403;29,307;12,076.12;8,977;5,785;20;8.24;81;33.37;25;21;4.05;0;0;0;41;16.89;13;0;0;0;0;0;0;31;12.77;11;1;2;0;1;1,964;809.12;1,208;444;21;0;10;4;6;0;0;0;0;3;1;30;12.36;10;01:49;00:45;00:48;0;0;0;0;1,964;1.09;1,208;744;308;12;4.94;5;0;29 minutes;05:09;0;0;41%;0;58%
Toha-2496;1362;3;1.59;3;1;34%;13;6;3;0.01;1,554;826;640;7,422;3,943.6;3,656;1,537;7;3.71;32;17;16;9;4.57;0;0;0;29;15.4;13;0;0;0;0;0;0;11;5.84;6;1;2;0;1;2,022;1,074.27;799;799;9;0;3;1;1;2;0;0;0;0;0;5;2.65;3;00:51;00:27;00:20;0;0;0;0;2,022;2.23;799;105;38;7;3.71;3;0;15 minutes;00:05;0;0;36%;50%;55%
tongue-11364;3632;10;12.88;5;0;12%;9;8;2;0.01;5,261;6,780;4,259;7,693;9,914.36;3,721;1,298;1;38.51;25;32.21;10;6;2.5;0;0;0;9;11.59;4;0;0;0;0;0;0;8;10.3;5;0;0;0;0;250;9,628.63;250;250;6;0;0;0;0;0;1;1.28;1;3;2;12;15.46;4;00:36;00:46;00:14;0;0;0;0;941;1.32;370;191;75;1;1.28;1;0;29.50176400691271 seconds;0;0;0;39%;0;100%
ToraNerd-1456;2322;0;0;0;0;0;0;0;0;0;1,884;23,875;1,884;119;1,511.09;119;119;2;25.34;0;0;0;0;0;0;0;0;1;12.67;1;0;0;0;0;0;0;0;0;0;0;0;0;0;0;0;0;0;0;0;0;0;0;0;0;0;0;0;0;0;0;0;00:10;02:14;00:10;0;0;0;0;0;0;0;3;0;0;0;0;0;58.23394400347024 seconds;00:07;0;0;0;0;0
Treaty-11117;57;3;13.83;3;0;50%;6;6;6;0;1,139;5,252;1,139;1,846;8,513.72;1,846;1,846;0;0;11;50.72;11;11;0;0;0;0;7;32.28;7;0;0;0;0;0;0;6;27.66;6;0;0;0;0;466;2,150.34;466;466;11;0;1;0;0;0;1;4.61;1;0;0;1;4.61;1;00:07;00:32;00:07;0;0;0;0;466;0;466;0;0;2;9.22;2;0;2 minutes;0;0;0;38%;0;100%
Tung-3350;3000;7;14.19;7;0;11%;3;3;2;0;8,587;17,413;8,587;3,813;7,731.95;3,813;1,372;3;6.08;21;42.58;21;9;7;0;0;0;9;18.25;9;0;0;0;0;0;0;4;8.11;4;0;0;0;0;406;823.96;406;154;9;0;1;0;0;1;2;4.05;2;4;2;6;12.16;6;00:15;00:30;00:15;0;0;0;0;406;0.77;406;83;27;1;2.02;1;0;8 minutes;00:20;0;0;32%;0;0
TviQ-1503;4134;189;8.73;12;8;16%;1;27;17;0.02;113,278;5,235;8,014;77;5,843.66;77;77;1;75.96;1;75.96;1;1;1;0;0;0;249;11.5;31;0;0;0;0;2;0;1;75.96;1;0;0;0;17;17,505;808.94;1,271;597;1;0;0;0;0;0;8;0.36;2;5;15;1;75.96;1;00:03;04:21;00:03;0;0;0;0;17,505;1.1;1,271;22;9;43;1.98;5;0;14.16611700784415 seconds;31:31;5;0;40%;40%;79%
Twang-1104;0;0;0;0;0;7%;1;1;1;0;694;3,084;694;1,515;6,731.02;1,515;1,310;2;8.88;6;26.65;6;6;3;0;0;0;5;22.21;5;0;0;0;0;0;0;1;4.44;1;0;0;0;0;17;74.29;17;17;6;0;1;0;0;1;0;0;0;0;0;1;4.44;1;00:19;01:27;00:19;0;0;0;0;17;0.08;17;69;13;0;0;0;0;3 minutes;0;0;0;18%;0;100%
Ulfang-1914;57;13;5.42;4;0;19%;26;6;4;0;20,506;8,559;6,636;18,048;7,532.62;3,442;2,215;25;10.43;64;26.71;20;10;2.56;0;0;0;47;19.61;11;0;0;0;0;1;0;31;12.93;14;0;2;0;1;4,606;1,922.28;965;633;10;0;5;2;1;2;1;0.41;1;0;0;16;6.67;7;02:16;00:56;00:48;0;0;0;0;4,606;0;965;0;0;15;6.26;6;0;38 minutes;01:28;0;0;39%;0;62%
uNFixed-2518;0;140;8.42;13;6;13%;44;28;11;0.02;129,167;7,770;9,932;2,491;5,610.88;2,491;2,491;1;2.25;4;9;4;4;4;7;16;7;210;12.63;21;8;18;8;0;3;0;1;2.25;1;0;0;0;10;407;917.27;407;407;4;0;0;0;22;21;2;0.12;1;4;14;175;10.52;15;19:41;01:11;01:49;2;5;2;0;17,755;1.48;2,328;647;282;1;2.25;1;0;3 minutes;21:49;1;0;43%;43%;62%
uruca-11142;4007;40;9.63;9;0;9%;12;10;5;0.01;40,398;9,735;6,870;2,947;14,362.57;2,947;2,616;5;24.36;4;19.49;4;2;0.8;4;19;4;68;16.38;19;5;24;5;0;2;0;33;7.95;9;0;0;0;2;3,737;900.48;592;431;2;0;1;0;0;0;1;0.24;1;4;4;3;14.62;3;00:22;01:48;00:22;1;5;1;0;3,737;1.01;592;548;186;0;0;0;0;3 minutes;06:14;0;0;33%;33%;53%
ViruSs-1935;2793;12;11.21;5;0;12%;8;5;4;0;14,515;13,561;6,513;8,573;8,009.36;2,957;2,337;12;11.21;43;40.17;14;11;3.58;0;0;0;22;20.55;11;0;0;0;0;0;0;11;10.27;3;1;1;0;0;1,163;1,086.61;322;193;11;0;4;1;1;1;1;0.93;1;3;1;28;26.16;10;01:43;01:36;00:29;0;0;0;0;1,163;1.24;322;167;65;0;0;0;0;15 minutes;03:36;0;0;38%;35%;24%
Vivieria-1169;50;134;4.58;11;8;20%;243;20;7;0;204,534;7,003;13,745;198,637;6,801.45;12,080;3,016;294;10.06;867;29.68;51;18;2.94;0;0;0;627;21.46;45;0;0;0;0;5;0;341;11.67;17;0;29;0;14;35,654;1,220.82;1,744;798;18;0;83;25;24;34;37;1.26;4;3;5;360;12.32;33;49:33;01:41;04:20;0;0;0;0;35,654;0;1,744;0;0;121;4.14;8;0;7 hours;24:34;0;0;30%;0;47%
watt-1213;80;3;3.75;1;0;15%;9;5;4;0;8,035;10,070;4,572;6,609;8,283.2;2,740;2,465;8;10.02;29;36.34;15;15;3.62;0;0;0;12;15.03;5;0;0;0;0;1;0;11;13.78;6;0;1;0;1;1,533;1,921.35;881;881;15;0;2;1;0;1;1;1.25;1;3;2;7;8.77;4;00:36;00:45;00:12;0;0;0;0;1,533;0;881;0;0;2;2.5;2;0;11 minutes;00:08;0;0;30%;0;92%
weaselele-2442;4437;414;9.38;15;8;15%;832;31;13;0.02;303,063;6,872;10,364;533,818;12,104.23;14,776;6,147;335;7.59;1,264;28.66;38;26;3.77;0;0;0;578;13.1;18;0;0;0;0;6;0;532;12.06;16;12;44;2;30;39,590;897.69;1,088;620;26;0;141;59;38;44;27;0.61;2;5;25;413;9.36;14;37:32;00:51;01:15;0;0;0;0;39,590;1.17;1,088;13,700;5,496;115;2.6;4;0;9 hours;01:11:09;1;0;40%;60%;68%
Werky-1402;2821;23;6.46;4;0;10%;44;16;11;0.01;55,862;15,706;9,617;40,903;11,500.37;8,076;5,006;34;9.55;91;25.58;16;10;2.67;0;0;0;46;12.93;7;0;0;0;0;1;0;27;7.59;5;2;4;1;1;4,068;1,143.73;685;451;10;0;10;4;1;4;0;0;0;3;1;44;12.37;9;04:36;01:17;00:39;0;0;0;0;4,068;1.23;685;1,249;429;5;1.4;3;0;54 minutes;05:07;0;0;34%;42%;31%
Winston-11922;65;1;4.75;1;0;33%;2;1;1;0;1,665;7,924;1,665;1,061;5,048.56;685;685;3;14.27;3;14.27;3;3;1;0;0;0;3;14.27;2;0;0;0;0;2;0;2;9.51;2;0;0;0;0;237;1,126.23;135;135;3;0;1;0;0;1;0;0;0;0;0;3;14.27;3;00:27;02:09;00:27;0;0;0;0;237;0;135;0;0;0;0;0;0;3 minutes;0;0;0;27%;0;52%
WinterDKay-2106;2919;54;6.17;9;1;13%;75;15;11;0.01;50,907;5,819;8,520;65,720;7,512.1;8,405;3,973;67;7.65;202;23.08;30;10;3.01;0;0;0;133;15.2;24;0;0;0;0;0;0;79;9.03;17;3;9;0;5;10,079;1,152.04;1,217;500;10;0;24;11;3;11;3;0.34;1;4;3;75;8.57;18;09:27;01:04;01:39;0;0;0;0;10,079;1.54;1,217;1,580;565;11;1.25;3;0;1 hour;10:37;0;0;35%;51%;61%
XavierChu-3266;3000;0;0;0;0;0;0;0;0;0;3,012;6,874;1,764;1,351;3,082.23;667;667;2;4.56;2;4.56;2;2;1;0;0;0;1;2.28;1;0;0;0;0;0;0;1;2.28;1;0;0;0;0;209;477.83;100;100;2;0;1;0;1;0;0;0;0;0;0;1;2.28;1;00:35;01:21;00:19;0;0;0;0;209;0.98;100;30;14;0;0;0;0;3 minutes;0;0;0;46%;100%;0
xFloweyx-3965;1752;0;0;0;0;0;0;0;0;0;3,241;23,514;3,241;1,262;9,155.79;1,262;1,262;1;7.25;1;7.25;1;1;1;0;0;0;0;0;0;0;0;0;0;0;0;0;0;0;0;0;0;0;248;1,798.75;248;248;1;0;0;0;0;0;0;0;0;0;0;1;7.25;1;00:05;00:37;00:05;0;0;0;0;248;2.04;248;58;18;0;0;0;0;2 minutes;0;0;0;31%;0;0
XQQ-11863;4453;11;6.47;8;1;11%;42;10;5;0.01;18,960;11,157;6,715;2,145;8,692.73;2,145;806;3;12.15;34;20;13;9;1.88;8;32;8;16;9.41;7;11;45;11;0;0;0;13;7.64;4;0;0;0;1;692;2,802.2;692;445;9;0;0;0;0;0;1;0.58;1;0;0;13;7.64;5;00:13;00:56;00:13;0;0;0;0;2,227;1.57;1,012;715;325;0;0;0;0;4 minutes;01:18;0;0;45%;45%;41%
xxiSaint-3541;2298;5;10.27;5;0;11%;8;8;5;0.01;8,797;18,075;8,797;6,702;13,771.94;6,702;3,337;3;6.16;15;30.82;15;5;5;0;0;0;9;18.49;9;0;0;0;0;0;0;6;12.32;6;0;0;0;0;411;844.14;411;206;5;0;2;1;0;0;0;0;0;0;0;7;14.38;7;00:27;00:57;00:27;0;0;0;0;411;0.85;411;195;68;0;0;0;0;8 minutes;0;0;0;34%;0;0
Y19251658-2148;3795;24;6.66;6;1;18%;49;18;6;0.01;34,015;9,448;7,630;34,836;9,676.04;9,396;2,766;37;10.27;132;36.66;36;11;3.56;0;0;0;67;18.61;25;0;0;0;0;0;0;46;12.77;13;0;4;0;3;4,478;1,243.81;910;322;11;0;12;3;5;4;2;0.55;1;3;6;50;13.88;15;05:18;01:28;01:17;0;0;0;0;4,478;1.46;910;706;269;5;1.38;2;0;50 minutes;08:30;0;0;38%;50%;85%
Yoooz-3681;2542;2;2.49;2;0;19%;12;10;6;0.02;2,737;3,408;2,135;6,409;7,981.34;4,449;1,812;8;9.96;10;12.45;9;6;1.25;0;0;0;8;9.96;7;0;0;0;0;0;0;6;7.47;5;1;1;0;0;579;720.43;374;156;6;0;2;0;0;2;1;1.24;1;0;0;4;4.98;4;00:47;00:59;00:28;0;0;0;0;579;1.04;374;182;61;1;1.24;1;0;9 minutes;00:59;0;0;33%;47%;0
yoshi3098-1803;0;0;0;0;0;25%;1;1;1;0;331;4,534;331;537;7,341.15;537;297;3;41.03;1;13.67;1;1;0.33;0;0;0;0;0;0;0;0;0;0;0;0;0;0;0;0;0;0;0;244;3,331.13;244;150;1;0;0;0;0;0;0;0;0;0;0;0;0;0;00:15;03:31;00:15;0;0;0;0;244;2.27;244;11;4;0;0;0;0;1 minute;0;0;0;36%;0;100%
Yubuu-1763;42;0;0;0;0;0;0;0;0;0;85;993;85;344;3,999.73;344;344;1;11.63;2;23.26;2;2;2;0;0;0;1;11.63;1;0;0;0;0;0;0;0;0;0;0;0;0;0;86;1,000.38;86;86;0;0;0;0;0;0;0;0;0;0;0;1;11.63;1;00:16;03:10;00:16;0;0;0;0;86;0;86;0;0;0;0;0;0;1 minute;0;0;0;25%;0;0
Yz50-11781;4342;1;5.38;1;0;23%;3;3;3;0.02;508;2,736;508;1,194;6,430.06;1,194;1,194;2;10.77;4;21.54;4;4;2;0;0;0;1;5.38;1;0;0;0;0;0;0;2;10.77;2;0;0;0;0;258;1,387.92;258;150;4;0;0;0;0;0;0;0;0;0;0;2;10.77;2;00:00;00:04;00:00;0;0;0;0;258;2.11;258;47;13;1;5.38;1;0;2 minutes;0;0;0;27%;0;0
Zatanna-11384;65;0;0;0;0;25%;1;1;1;0;489;6,426;278;565;7,413.85;565;565;1;13.13;1;13.13;1;1;1;0;0;0;1;13.13;1;0;0;0;0;0;0;0;0;0;0;0;0;0;150;1,969.58;150;150;1;0;0;0;0;0;0;0;0;0;0;1;13.13;1;00:05;01:10;00:05;0;0;0;0;150;0;150;0;0;0;0;0;0;1 minute;0;0;0;33%;0;2%
ZeInfinity-21817;2173;64;6.15;7;5;25%;111;13;8;0.01;57,202;5,501;6,481;68,382;6,576.3;6,717;3,731;74;7.11;278;26.73;27;14;3.75;0;0;0;216;20.77;26;0;0;0;0;1;0;125;12.02;14;3;10;0;7;10,466;1,006.47;1,427;458;14;0;40;18;17;6;6;0.57;2;3;5;104;10;22;16:29;01:35;02:31;0;0;0;0;10,466;1.46;1,427;957;429;27;2.59;5;0;1 hour;23:36;7;0;44%;53%;68%
Zeref-1317;2724;3;2.08;2;0;9%;8;3;3;0;10,667;7,428;5,047;7,286;5,073.63;1,821;1,189;10;6.96;18;12.53;9;5;1.8;0;0;0;19;13.23;6;0;0;0;0;0;0;9;6.26;4;1;1;1;0;781;543.68;406;150;5;0;4;1;2;1;0;0;0;0;0;3;2.08;2;00:37;00:26;00:13;0;0;0;0;781;0.97;406;183;82;3;2.08;2;0;13 minutes;00:20;0;0;44%;75%;5%
Zonda-4175;4522;0;0;0;0;0;0;0;0;0;3,133;2,694;1,696;1,093;939.69;1,020;1,020;1;0.85;2;1.71;2;2;2;0;0;0;1;0.85;1;0;0;0;0;0;0;1;0.85;1;1;1;0;0;909;781.73;761;402;2;0;1;0;0;1;0;0;0;0;0;0;0;0;00:04;00:04;00:04;0;0;0;0;909;1.66;761;34;13;0;0;0;0;9 minutes;0;0;0;38%;38%;0
zunba-3237;4790;0;0;0;0;42%;37;3;3;0.08;0;0;0;1,235;3,466.49;1,235;1,235;0;0;2;5.61;2;2;0;2;6;2;1;27.9;1;3;8;3;0;0;0;1;2.8;1;0;0;0;0;0;0;0;0;2;0;1;0;1;0;0;0;0;0;0;0;0;0;00:07;03:19;00:07;0;0;0;0;0;0;0;384;145;1;2.8;1;0;2 minutes;00:02;0;0;37%;36%;3%
