AkaTsuKi-4330;2369;0;0;0;0;0;0;0;0;0;0;0;1,932;13,449.27;1,932;1,932;1;6.96;0;0;0;1;6.96;1;1;1;0;0;0;0;0;0;0;0;0;0;0;0;0;0;0;0;0;0;0;0;0;0;1;0;0;0;0;0;0;0;0;0;0;0;0;0;0;0;0;0;0;0;0;10;69.6;10;0;0;0;31;21;0;0;0;0;0;0;1 minute;0;0;0;0;67%;67%;0
Akimoto-3310;3063;0;0;29;7.85;5;0;0;0;0;0;0;76,017;20,592.97;14,026;3,726;59;15.98;0;0;0;93;25.19;15;10;1.57;0;0;0;0;0;0;0;0;0;0;1;54;14.62;9;2;4;0;2;0;0;0;0;10;0;0;10;3;3;4;0;0;0;4;6;40;10.83;7;04:35;01:14;01:19;0;0;0;342;92.64;61;0;0;0;1,367;627;13;3.52;4;0;0;0;53 minutes;01:33;0;0;2;45%;58%;42%
AnalNoob-1185;2462;0;0;1;1.57;1;0;0;0;0;0;0;6,184;9,759.69;6,184;3,095;6;9.46;0;0;0;4;6.31;4;2;0.66;0;0;0;0;0;0;0;0;0;0;0;4;6.31;4;1;1;0;0;0;0;0;0;2;0;0;0;0;0;0;0;0;0;0;0;1;1.57;1;00:08;00:13;00:08;0;0;0;25;39.45;25;0;0;0;166;69;3;4.73;3;0;0;0;7 minutes;0;0;0;0;41%;0;0
applejuice69-11392;0;0;0;24;10.74;7;2;0;0;0;0;0;58,587;26,235.49;13,019;4,327;27;12.09;0;0;0;84;37.61;17;9;3.11;0;0;0;0;0;0;0;0;0;0;2;50;22.39;10;1;2;0;1;0;0;0;0;9;0;0;7;2;4;2;0;0;0;4;4;20;8.95;7;02:39;01:11;00:38;0;0;0;225;100.75;45;0;0;0;739;414;10;4.47;3;0;0;0;29 minutes;08:24;0;0;1;56%;84%;53%
arbiterlin-1178;2685;0;0;0;0;0;0;0;0;0;0;0;2,202;8,801.32;2,202;1,112;3;11.98;0;0;0;0;0;0;0;0;0;0;0;0;0;0;0;0;0;0;0;0;0;0;0;0;0;0;0;0;0;0;0;0;0;0;0;0;0;0;0;0;0;0;0;0;0;00:03;00:13;00:03;0;0;0;8;31.97;8;0;0;0;45;19;0;0;0;0;0;0;2 minutes;0;0;0;0;42%;42%;0
aRie-11198;2992;0;0;6;4.1;4;0;0;0;0;0;0;16,782;11,485.62;6,728;2,706;16;10.95;0;0;0;32;21.9;11;6;2;0;0;0;0;0;0;0;0;0;0;0;16;10.95;7;1;1;0;1;0;0;0;0;6;0;0;5;1;2;2;0;0;0;0;0;7;4.79;4;00:57;00:39;00:22;0;0;0;92;62.96;40;0;0;0;322;169;4;2.73;3;0;0;0;16 minutes;00:22;0;0;2;52%;60%;61%
Artificial-11535;2856;0;0;0;0;0;0;0;0;0;0;0;3,379;7,851.24;1,863;1,611;5;11.61;0;0;0;3;6.97;3;2;0.6;0;0;0;0;0;0;0;0;0;0;0;0;0;0;0;0;0;0;0;0;0;0;2;0;0;1;1;0;1;0;0;0;0;0;0;0;0;00:13;00:30;00:13;0;0;0;21;48.79;14;0;0;0;75;38;0;0;0;0;0;0;4 minutes;0;0;0;1;50%;0;60%
AshkaliN-2848;73;0;0;37;8.12;11;1;0;0;0;0;0;85,396;18,742;17,135;11,155;48;10.53;0;0;0;155;34.01;40;15;3.22;0;0;0;0;0;0;0;0;0;0;0;89;19.53;28;0;5;0;2;0;0;0;0;15;0;0;11;3;3;5;0;0;0;3;2;38;8.33;10;01:37;00:21;00:21;0;0;0;385;84.49;71;0;0;0;0;0;27;5.92;7;0;0;0;1 hour;05:44;0;0;0;53%;0;47%
Badger-1688;3050;0;0;3;3.68;3;0;0;0;0;0;0;12,223;15,032.29;9,356;2,136;15;18.44;0;0;0;38;46.73;33;5;2.53;0;0;0;0;0;0;0;0;0;0;1;25;30.74;24;1;1;0;0;0;0;0;0;5;0;0;2;0;1;1;0;0;0;4;2;17;20.9;15;00:59;01:13;00:40;0;0;0;56;68.87;43;0;0;0;297;127;10;12.29;9;0;0;0;14 minutes;05:04;0;0;4;42%;68%;25%
Bamos-11989;2551;0;0;1;4.4;1;0;0;0;0;0;0;5,221;23,017.55;4,654;4,654;2;8.81;0;0;0;1;4.4;1;1;0.5;0;0;0;0;0;0;0;0;0;0;0;1;4.4;1;0;0;0;0;0;0;0;0;1;0;0;1;0;0;0;0;0;0;0;0;0;0;0;00:02;00:10;00:01;0;0;0;20;88.16;19;0;0;0;99;48;0;0;0;0;0;0;3 minutes;0;0;0;0;48%;0;63%
BioHack-11119;1988;0;0;28;9.46;9;3;0;0;0;0;0;45,480;15,380.25;22,060;6,319;21;7.1;0;0;0;120;40.58;54;20;5.71;0;0;0;0;0;0;0;0;0;0;0;74;25.02;33;1;3;0;2;0;0;0;0;20;0;0;11;1;9;1;0;0;0;0;0;40;13.52;15;03:46;01:16;01:06;0;0;0;184;62.22;91;0;0;0;952;451;23;7.77;11;0;0;0;34 minutes;12:44;0;0;2;47%;52%;61%
Blu-4175;3000;0;0;4;6.8;4;0;5%;1;1;1;0.01;938;3,482.56;938;773;2;7.42;0;0;0;10;17.01;10;8;2;0;0;0;0;0;0;0;0;0;0;0;7;11.91;7;0;0;0;1;324;1,202;324;320;8;0;0;3;2;1;1;0;0;0;0;0;3;5.1;3;00:40;01:09;00:40;0;0;0;45;76.57;45;0;0;0;41;17;5;8.5;5;0;0;0;1 minute;02:00;0;0;3;41%;41%;100%
Bluemoon-31853;3351;0;0;95;10.23;23;3;0;0;0;0;0;205,934;22,185.34;44,241;7,350;80;8.61;0;0;0;344;37.05;84;16;4.3;0;0;0;0;0;0;0;0;0;0;16;218;23.48;54;4;9;0;5;0;0;0;0;16;0;0;31;6;19;6;0;0;0;5;9;133;14.32;49;10:01;01:04;02:21;0;0;0;863;92.97;191;0;0;0;3,241;1,775;57;6.14;7;0;0;0;2 hours;29:29;0;0;11;54%;85%;56%
BluStar-2121;57;0;0;28;6.48;7;2;0;0;0;0;0;55,611;12,881.24;17,930;5,936;60;13.89;0;0;0;91;21.07;26;6;1.51;0;0;0;0;0;0;0;0;0;0;1;50;11.58;16;0;4;0;1;0;0;0;0;6;0;0;12;7;3;3;0;0;0;4;4;32;7.41;11;05:00;01:09;01:10;0;0;0;243;56.28;77;0;0;0;0;0;8;1.85;2;0;0;0;58 minutes;04:42;0;0;0;43%;0;29%
Bobosa-3106;0;0;0;141;7.55;11;8;0;0;0;0;0;381,625;20,453.94;22,132;7,871;227;12.16;0;0;0;680;36.44;43;15;2.99;0;0;0;0;0;0;0;0;0;4;84;401;21.49;30;8;19;0;10;0;0;0;0;15;0;0;54;12;27;15;0;0;0;4;15;254;13.61;19;18:18;00:58;01:14;0;0;0;1,581;84.73;93;0;0;0;6,801;3,232;111;5.94;11;0;0;0;4 hours;37:01;0;0;18;47%;69%;55%
BriBrii-2647;1225;0;0;11;2.79;3;0;0;0;0;0;0;35,029;8,908.85;6,282;2,528;50;12.71;0;0;0;55;13.98;11;5;1.1;0;0;0;0;0;0;0;0;0;0;3;32;8.13;7;3;4;0;1;0;0;0;0;5;0;0;7;3;2;2;1;0.25;1;0;0;25;6.35;6;04:05;01:02;00:46;0;0;0;168;42.72;31;0;0;0;1,346;368;13;3.3;4;0;0;0;52 minutes;0;0;0;0;27%;33%;28%
buff4eyes-1647;45;0;0;555;6.98;22;31;0;0;0;0;0;1,043,921;13,140.46;34,903;6,907;1,038;13.06;0;0;0;2,356;29.65;97;20;2.26;0;0;0;0;0;0;0;0;0;8;86;1,483;18.66;56;0;79;0;31;0;0;0;0;20;0.28;0;232;56;101;75;1;0.01;1;3;25;1,066;13.41;60;01:37:48;01:13;04:10;0;0;0;4,663;58.69;141;0;0;0;0;0;540;6.79;25;6;0;0;18 hours;03:02:17;0;0;0;47%;0;39%
burii-11667;0;0;0;3;3.45;2;0;0;0;0;0;0;14,848;17,110.68;6,263;4,721;8;9.21;0;0;0;14;16.13;9;8;1.75;0;0;0;0;0;0;0;0;0;0;0;8;9.21;4;0;1;0;0;0;0;0;0;8;0;0;3;1;2;0;0;0;0;0;0;8;9.21;7;00:46;00:53;00:26;0;0;0;65;74.9;27;0;0;0;220;117;2;2.3;1;0;0;0;10 minutes;00:24;0;0;0;53%;0;42%
cacaron-1244;3164;0;0;11;6.26;5;0;0;0;0;0;0;35,742;20,355.31;11,756;5,128;14;7.97;0;0;0;53;30.18;15;7;3.78;0;0;0;0;0;0;0;0;0;0;1;28;15.94;7;0;2;0;1;0;0;0;0;7;0;0;4;1;2;1;0;0;0;0;0;15;8.54;9;01:07;00:38;00:32;0;0;0;147;83.71;53;0;0;0;609;315;6;3.41;2;0;0;0;22 minutes;00:33;0;0;0;51%;65%;77%
Calvin-1337;4187;0;0;9;10.6;6;1;0;0;0;0;0;25,389;29,905.62;15,124;8,522;4;4.71;0;0;0;37;43.58;24;13;9.25;0;0;0;0;0;0;0;0;0;0;0;18;21.2;13;0;1;0;1;0;0;0;0;13;0;0;3;1;1;1;0;0;0;4;2;21;24.73;15;01:27;01:43;00:53;0;0;0;130;153.12;85;0;0;0;345;223;1;1.17;1;0;0;0;11 minutes;00:19;0;0;0;64%;0;94%
Camou-1349;3855;0;0;2;4.92;2;0;0;0;0;0;0;3,536;8,712.61;2,950;2,443;2;4.92;0;0;0;10;24.63;9;8;5;0;0;0;0;0;0;0;0;0;0;2;10;24.63;9;0;0;0;0;0;0;0;0;8;0;0;1;0;0;0;0;0;0;0;0;1;2.46;1;00:11;00:27;00:10;0;0;0;13;32.03;10;0;0;0;82;34;2;4.92;1;0;0;0;3 minutes;00:11;0;0;0;41%;39%;100%
Capriccioso-1214;42;0;0;32;4.71;8;5;0;0;0;0;0;105,569;15,558.9;19,243;5,046;84;12.37;0;0;0;177;26.08;24;14;2.1;0;0;0;0;0;0;0;0;0;3;4;107;15.76;18;0;7;0;2;0;0;0;0;14;0;0;19;5;9;5;0;0;0;3;3;62;9.13;11;05:05;00:45;00:50;0;0;0;540;79.58;96;0;0;0;0;0;41;6.04;9;1;0;0;1 hour;12:07;0;0;0;42%;0;25%
CaptainEVS-1315;80;0;0;86;5.72;9;8;0;0;0;0;0;230,130;15,312.44;24,646;6,077;192;12.77;0;0;0;428;28.47;43;13;2.22;0;0;0;0;0;0;0;0;0;0;7;249;16.56;27;0;15;0;7;0;0;0;0;13;0;0;47;13;18;17;0;0;0;4;9;164;10.91;28;13:41;00:54;01:38;0;0;0;1,140;75.85;122;0;0;0;0;0;59;3.92;10;0;0;0;3 hours;23:51;0;0;0;44%;0;49%
ClarieFarron-11811;2703;0;0;25;6.23;7;1;0;0;0;0;0;73,674;18,388.11;16,483;8,847;46;11.48;0;0;0;93;23.21;17;7;2.02;0;0;0;0;0;0;0;0;0;0;0;64;15.97;11;2;4;0;2;0;0;0;0;7;0;0;11;5;2;5;1;0.24;1;3;2;33;8.23;6;01:50;00:27;00:36;0;0;0;296;73.87;55;0;0;0;1,303;657;15;3.74;5;0;0;0;52 minutes;04:59;0;0;0;50%;53%;54%
clockwise-11369;3706;0;0;36;8.53;8;3;0;0;0;0;0;82,307;19,520.72;16,388;5,206;51;12.09;0;0;0;151;35.81;33;12;2.96;0;0;0;0;0;0;0;0;0;0;0;87;20.63;21;1;4;1;2;0;0;0;0;12;0;0;15;4;7;4;1;0.23;1;4;7;70;16.6;15;05:07;01:12;00:52;0;0;0;405;96.05;92;0;0;0;1,432;697;17;4.03;4;0;0;0;57 minutes;07:36;0;0;6;48%;57%;51%
cowbama-4260;2598;0;0;3;4.95;3;0;0;0;0;0;0;8,688;14,339.69;6,708;3,226;6;9.9;0;0;0;12;19.8;9;4;2;0;0;0;0;0;0;0;0;0;0;0;6;9.9;5;0;1;0;0;0;0;0;0;4;0;0;2;1;0;0;0;0;0;0;0;10;16.5;8;00:41;01:08;00:32;0;0;0;36;59.41;24;0;0;0;155;65;0;0;0;0;0;0;6 minutes;00:23;0;0;0;41%;42%;20%
CRA2YDOG-3822;2743;0;0;36;5.84;9;3;0;0;0;0;0;113,983;18,497.37;21,002;5,630;69;11.19;0;0;0;172;27.91;41;16;2.49;0;0;0;0;0;0;0;0;0;0;0;96;15.57;22;4;6;0;2;0;0;0;0;16;0;0;22;7;10;5;0;0;0;3;1;74;12;21;05:45;00:56;01:05;0;0;0;500;81.14;88;0;0;0;2,249;1,036;23;3.73;7;0;0;0;1 hour;05:40;0;0;11;46%;58%;36%
CtrlAltL337-1674;58;0;0;19;6.21;8;1;0;0;0;0;0;50,608;16,558.15;13,415;9,021;51;16.68;0;0;0;72;23.55;23;13;1.41;0;0;0;0;0;0;0;0;0;0;3;44;14.39;16;0;3;0;1;0;0;0;0;13;0;0;9;3;3;2;0;0;0;3;2;29;9.48;8;03:29;01:08;00:56;0;0;0;241;78.85;66;0;0;0;0;0;12;3.92;3;0;0;0;47 minutes;03:19;0;0;0;38%;0;26%
Darkaz-6141;3705;0;0;22;7.61;4;1;0;0;0;0;0;62,611;21,658.13;15,498;4,934;25;8.64;0;0;0;101;34.93;18;9;4.04;0;0;0;0;0;0;0;0;0;0;2;56;19.37;11;1;3;0;1;0;0;0;0;9;0;0;8;2;5;1;0;0;0;3;3;32;11.06;8;01:49;00:37;00:19;0;0;0;287;99.27;78;0;0;0;968;526;8;2.76;2;0;0;0;38 minutes;04:58;0;0;0;54%;65%;47%
DeerFanning-1832;3281;0;0;6;11.3;3;0;0;0;0;0;0;9,754;18,378.7;4,353;3,200;9;16.95;0;0;0;16;30.14;10;8;1.77;0;0;0;0;0;0;0;0;0;0;0;9;16.95;7;0;1;0;0;0;0;0;0;8;0;0;2;1;1;0;0;0;0;3;2;7;13.18;5;00:17;00:32;00:06;0;0;0;44;82.9;19;0;0;0;209;93;2;3.76;1;0;0;0;9 minutes;00:46;0;0;0;44%;0;0
DeGuN-2283;75;0;0;227;7.64;15;18;0;0;0;0;0;378,180;12,739.25;23,486;12,092;146;4.91;0;0;0;925;31.15;53;27;6.33;0;0;0;0;0;0;0;0;0;1;4;497;16.74;29;0;30;0;27;0;0;0;0;0;0;0;70;19;27;24;1;0;1;4;31;242;8.15;17;16:04;00:32;01:11;0;0;0;1,569;52.85;112;0;0;0;0;0;80;2.69;9;0;0;0;4 hours;01:05:10;0;0;0;47%;0;89%
DERPGUYZ-1495;2481;0;0;0;0;0;0;0;0;0;0;0;6,337;7,519.63;3,515;1,525;8;9.49;0;0;0;5;5.93;3;2;0.62;0;0;0;0;0;0;0;0;0;0;0;4;4.74;3;0;1;1;0;0;0;0;0;2;0;0;2;1;1;0;0;0;0;0;0;1;1.18;1;00:01;00:01;00:01;0;0;0;28;33.22;16;0;0;0;148;60;0;0;0;0;0;0;6 minutes;0;0;0;5;40%;0;0
DerpHead-3508;2487;0;0;5;2.34;4;0;0;0;0;0;0;17,000;7,969.44;6,184;2,478;24;11.25;0;0;0;27;12.65;16;6;1.12;0;0;0;0;0;0;0;0;0;0;0;10;4.68;6;2;2;0;0;0;0;0;0;6;0;0;5;3;1;1;0;0;0;0;0;8;3.75;4;01:05;00:30;00:23;0;0;0;74;34.68;23;0;0;0;425;173;1;0.46;1;0;0;0;21 minutes;0;0;0;0;40%;0;6%
DevilAngelS-1410;2632;0;0;12;9.39;6;0;0;0;0;0;0;22,744;17,798.19;8,501;6,375;13;10.17;0;0;0;50;39.12;21;10;3.84;0;0;0;0;0;0;0;0;0;0;0;36;28.17;14;1;1;0;0;0;0;0;0;10;0;0;3;2;0;1;2;1.56;2;3;1;15;11.73;8;00:59;00:46;00:31;0;0;0;86;67.29;29;0;0;0;326;202;8;6.26;3;0;0;0;17 minutes;02:10;0;0;2;61%;67%;27%
doGsInaT-1838;3173;0;0;3;11.52;3;0;0;0;0;0;0;6,385;24,527.49;6,385;5,006;1;3.84;0;0;0;15;57.62;15;12;15;0;0;0;0;0;0;0;0;0;0;0;5;19.2;5;0;0;0;0;0;0;0;0;12;0;0;1;1;1;0;0;0;0;0;0;7;26.88;7;00:27;01:46;00:27;0;0;0;37;142.13;37;0;0;0;125;63;2;7.68;2;0;0;0;3 minutes;00:40;0;0;0;50%;50%;100%
Dream-22655;0;0;0;6;18.97;6;0;0;0;0;0;0;6,881;21,758.94;6,881;2,770;3;9.48;0;0;0;10;31.62;10;4;3.33;0;0;0;0;0;0;0;0;0;0;0;7;22.13;7;0;0;0;0;0;0;0;0;4;0;0;1;1;0;0;0;0;0;4;1;5;15.81;5;00:21;01:08;00:21;0;0;0;22;69.57;22;0;0;0;115;62;3;9.48;3;0;0;0;4 minutes;00:28;0;0;0;53%;53%;0
Edude13-1114;2202;0;0;28;8.5;11;0;0;0;0;0;0;43,918;13,346.64;11,401;4,850;37;11.24;0;0;0;88;26.74;31;9;2.37;0;0;0;0;0;0;0;0;0;1;5;49;14.89;17;1;3;0;2;0;0;0;0;9;0;0;7;4;2;1;0;0;0;3;4;29;8.81;12;02:51;00:52;01:20;0;0;0;185;56.22;52;0;0;0;658;352;15;4.55;7;0;0;0;44 minutes;03:04;0;0;10;53%;81%;69%
Elir-11927;69;0;0;0;0;0;0;0;0;0;0;0;21,314;17,068.96;10,263;3,286;16;12.81;0;0;0;22;17.61;13;4;1.37;0;0;0;0;0;0;0;0;0;0;0;11;8.8;6;0;1;0;0;0;0;0;0;4;0;0;4;1;2;1;0;0;0;0;0;7;5.6;5;00:41;00:32;00:27;0;0;0;116;92.89;51;0;0;0;0;0;1;0.8;1;0;0;0;15 minutes;00:13;0;0;0;53%;0;5%
ende-3181;2191;0;0;4;2.74;3;0;0;0;0;0;0;15,012;10,305.62;8,900;2,494;26;17.84;0;0;0;27;18.53;13;6;1.03;0;0;0;0;0;0;0;0;0;0;0;13;8.92;8;1;1;0;0;0;0;0;0;6;0;0;3;2;1;1;0;0;0;0;0;8;5.49;4;00:29;00:20;00:16;0;0;0;70;48.05;42;0;0;0;606;165;2;1.37;1;0;0;0;24 minutes;0;0;0;0;27%;0;0
EnumaElish-3343;3604;0;0;100;7.77;10;7;0;0;0;0;0;254,555;19,797.75;16,289;9,692;132;10.26;0;0;0;378;29.39;24;24;2.86;0;0;0;0;0;0;0;0;0;0;5;205;15.94;13;6;13;2;5;0;0;0;0;24;0;0;37;10;20;7;0;0;0;4;8;145;11.27;12;10:02;00:46;00:59;0;0;0;1,090;84.77;70;0;0;0;4,346;2,247;37;2.87;4;0;0;0;2 hours;19:43;0;0;5;51%;75%;40%
Envi-31896;3032;0;0;26;4.19;8;5;0;0;0;0;0;90,730;14,621.75;19,204;4,916;47;7.57;0;0;0;192;30.94;53;17;4.08;0;0;0;0;0;0;0;0;0;0;8;126;20.3;41;2;6;1;3;0;0;0;0;17;0;0;21;4;15;3;0;0;0;3;2;68;10.95;20;06:41;01:04;01:35;0;0;0;405;65.26;90;0;0;0;1,684;926;42;6.76;11;0;0;0;1 hour;14:27;0;0;2;54%;63%;53%
EquarTix-2371;64;0;0;229;8.79;17;13;0;0;0;0;0;418,738;16,075.51;27,514;6,786;321;12.32;0;0;0;1,028;39.46;54;21;3.2;0;0;0;0;0;0;0;0;0;0;26;623;23.91;34;0;26;0;15;0;0;0;0;21;0;0;85;19;32;34;1;0.03;1;6;28;429;16.46;34;34:07;01:18;02:18;0;0;0;1,815;69.67;127;0;0;0;0;0;141;5.41;12;1;0;0;6 hours;01:18:31;0;0;0;49%;0;59%
eXile1cK-1643;2867;0;0;15;3.25;7;0;0;0;0;0;0;59,798;12,986.06;8,778;5,465;52;11.29;0;0;0;104;22.58;21;12;2;0;0;0;0;0;0;0;0;0;0;3;63;13.68;15;3;5;0;2;0;0;0;0;12;0;0;15;5;3;6;0;0;0;3;1;42;9.12;8;03:52;00:50;00:40;0;0;0;293;63.62;44;0;0;0;1,215;566;20;4.34;4;1;0;0;1 hour;03:34;0;0;9;46%;53%;32%
Exodia-11437;3777;0;0;1;10.97;1;0;0;0;0;0;0;3,004;32,985.13;3,004;3,004;1;10.97;0;0;0;2;21.95;2;2;2;0;0;0;0;0;0;0;0;0;0;0;1;10.97;1;0;0;0;0;0;0;0;0;2;0;0;0;0;0;0;0;0;0;0;0;0;0;0;0;0;0;0;0;0;14;153.7;14;0;0;0;62;25;0;0;0;0;0;0;1 minute;0;0;0;0;40%;0;100%
Faith-1102;50;0;0;36;4.15;12;7;0;0;0;0;0;116,493;13,445.37;25,048;7,249;52;6;0;0;0;187;21.58;40;14;3.59;0;0;0;0;0;0;0;0;0;0;1;97;11.19;19;0;9;0;4;0;0;0;0;14;0;0;27;10;9;8;0;0;0;3;1;80;9.23;17;06:26;00:44;01:38;0;0;0;648;74.79;122;0;0;0;0;0;25;2.88;8;1;0;0;1 hour;10:58;0;0;0;46%;0;45%
fenner-1643;3668;0;0;3;8.42;3;0;0;0;0;0;0;5,710;16,033.34;4,547;3,264;2;5.61;0;0;0;9;25.27;9;8;4.5;0;0;0;0;0;0;0;0;0;0;0;8;22.46;8;0;0;0;0;0;0;0;0;8;0;0;1;1;0;0;0;0;0;0;0;4;11.23;4;00:19;00:54;00:19;0;0;0;28;78.61;22;0;0;0;119;55;0;0;0;0;0;0;4 minutes;00:17;0;0;0;46%;47%;82%
fighteR-2604;63;0;0;29;6.9;6;1;0;0;0;0;0;55,403;13,184.08;11,346;3,375;55;13.08;0;0;0;106;25.22;21;7;1.92;0;0;0;0;0;0;0;0;0;0;1;61;14.51;14;0;4;0;1;0;0;0;0;0;0;0;9;2;5;2;1;0;1;3;4;33;7.85;6;02:06;00:30;00:28;0;0;0;238;56.63;42;0;0;0;0;0;21;4.99;5;0;0;0;58 minutes;07:26;0;0;0;45%;0;21%
Fl0w3R-3730;0;0;0;3;5.31;2;0;0;0;0;0;0;13,599;24,090.3;7,192;4,612;6;10.62;0;0;0;13;23.02;10;6;2.16;0;0;0;0;0;0;0;0;0;0;1;8;14.17;6;0;1;0;0;0;0;0;0;6;0;0;2;0;1;0;0;0;0;3;1;2;3.54;1;00:27;00:48;00:22;0;0;0;75;132.85;39;0;0;0;234;127;2;3.54;2;0;0;0;8 minutes;00:13;0;0;0;54%;0;45%
Flame-12415;2806;0;0;24;8.68;6;0;0;0;0;0;0;56,527;20,461.19;13,751;7,080;18;6.51;0;0;0;90;32.57;18;12;5;0;0;0;0;0;0;0;0;0;0;2;53;19.18;12;2;3;0;0;0;0;0;0;12;0;0;9;2;2;5;0;0;0;6;3;37;13.39;10;01:04;00:23;00:21;0;0;0;235;85.06;71;0;0;0;1,036;545;10;3.61;2;0;0;0;37 minutes;03:19;0;0;1;52%;62%;16%
FongBi-1515;2655;0;0;14;8.96;8;1;0;0;0;0;0;35,016;22,410.1;17,675;5,297;19;12.16;0;0;0;57;36.48;32;9;3;0;0;0;0;0;0;0;0;0;0;0;27;17.28;14;1;2;0;1;0;0;0;0;9;0;0;3;1;2;1;0;0;0;4;2;21;13.44;11;01:32;00:59;01:07;0;0;0;158;101.12;90;0;0;0;694;357;8;5.12;4;0;0;0;25 minutes;01:35;0;0;0;51%;47%;53%
Forsak3n-2206;75;0;0;37;6.64;9;2;0;0;0;0;0;83,570;15,000.73;16,526;3,855;62;11.12;0;0;0;171;30.69;32;9;2.75;0;0;0;0;0;0;0;0;0;0;2;101;18.12;20;0;6;0;4;0;0;0;0;0;0;0;12;5;3;4;0;0;0;4;3;66;11.84;20;03:34;00:38;00:55;0;0;0;367;65.87;73;0;0;0;0;0;29;5.2;7;0;0;0;1 hour;10:44;0;0;0;48%;0;64%
Freello-1459;57;0;0;270;7.55;20;29;0;0;0;0;0;541,171;15,134.55;27,483;8,592;349;9.76;0;0;0;1,096;30.65;52;19;3.14;0;0;0;0;0;0;0;0;0;0;13;698;19.52;34;0;36;0;24;0;0;0;0;19;0;0;114;19;62;34;0;0;0;5;25;424;11.85;25;30:04;00:50;02:21;0;0;0;2,503;69.99;133;0;0;0;0;0;215;6.01;13;0;0;0;6 hours;01:30:21;0;0;0;57%;0;65%
Frostnium-1430;2424;0;0;32;7.26;11;1;0;0;0;0;0;73,973;16,787.08;22,708;5,136;44;9.98;0;0;0;117;26.55;44;11;2.65;0;0;0;0;0;0;0;0;0;0;1;65;14.75;29;1;4;0;3;0;0;0;0;11;0;0;9;1;5;3;2;0.45;1;4;1;44;9.98;17;02:55;00:39;01:20;0;0;0;313;71.03;105;0;0;0;1,430;633;14;3.17;6;0;0;0;58 minutes;04:40;0;0;3;44%;55%;77%
Galactic-21329;47;0;0;8;2.94;5;0;0;0;0;0;0;24,791;9,127.77;7,648;5,144;30;11.04;0;0;0;41;15.09;16;8;1.36;0;0;0;0;0;0;0;0;0;0;0;20;7.36;9;0;3;0;1;0;0;0;0;8;0;0;8;4;2;2;0;0;0;3;2;18;6.62;8;02:42;00:59;01:26;0;0;0;117;43.07;35;0;0;0;0;0;5;1.84;2;0;0;0;34 minutes;01:15;0;0;0;38%;0;32%
GambleRumble-1509;3583;0;0;81;7.55;11;7;0;0;0;0;0;167,536;15,628.51;18,808;8,363;95;8.86;0;0;0;318;29.66;38;22;3.34;0;0;0;0;0;0;0;0;0;0;6;184;17.16;23;3;11;0;7;0;0;0;0;22;0;0;30;8;15;8;1;0.09;1;6;7;65;6.06;8;04:22;00:24;00:36;0;0;0;623;58.11;82;0;0;0;2,633;1,389;39;3.63;9;0;0;0;1 hour;22:35;0;0;2;52%;64%;68%
GH4NA-1439;2926;0;0;0;0;0;0;0;0;0;0;0;2,785;14,852.15;2,785;1,450;2;10.66;0;0;0;2;10.66;2;1;1;0;0;0;0;0;0;0;0;0;0;0;2;10.66;2;0;0;0;0;0;0;0;0;1;0;0;1;0;1;0;0;0;0;0;0;0;0;0;00:00;00:00;00:00;0;0;0;11;58.65;11;0;0;0;55;24;2;10.66;2;0;0;0;2 minutes;0;0;0;0;43%;0;0
GhostDragon-153648;3026;0;0;97;4.1;7;6;0;0;0;0;0;345,719;14,648.19;19,292;7,169;271;11.48;0;0;0;580;24.57;27;16;2.14;0;0;0;0;0;0;0;0;0;2;6;333;14.1;15;11;24;2;10;0;0;0;0;16;0;0;56;17;21;19;1;0.04;1;4;6;216;9.15;12;16:26;00:41;01:23;0;0;0;1,572;66.6;75;0;0;0;5,950;3,152;88;3.72;6;1;0;0;5 hours;24:18;0;0;43;52%;72%;41%
GluhenRose-1558;2639;0;0;0;0;0;0;0;0;0;0;0;2,409;19,078.32;1,762;1,762;0;0;0;0;0;4;31.67;4;4;0;0;0;0;0;0;0;0;0;0;0;0;1;7.91;1;0;0;0;0;0;0;0;0;4;0;0;0;0;0;0;0;0;0;0;0;1;7.91;1;00:10;01:26;00:10;0;0;0;14;110.85;12;0;0;0;39;20;1;7.91;1;0;0;0;1 minute;00:04;0;0;0;51%;54%;77%
GoDLuci-1127;3686;0;0;89;6.39;19;5;0;0;0;0;0;194,271;13,961.2;22,798;8,936;114;8.19;0;0;0;349;25.08;52;18;3.06;0;0;0;0;0;0;0;0;0;0;5;203;14.58;38;6;14;0;7;0;0;0;0;18;0;0;24;7;8;9;0;0;0;5;10;103;7.4;13;04:54;00:21;00:41;0;0;0;840;60.36;82;0;0;0;3,587;1,772;44;3.16;10;0;0;0;2 hours;22:33;0;0;2;49%;100%;52%
Gods-1217;4059;0;0;30;9.93;8;3;0;0;0;0;0;67,318;22,304.1;13,832;7,203;28;9.27;0;0;0;89;29.48;21;9;3.17;0;0;0;0;0;0;0;0;0;0;2;51;16.89;12;2;3;1;1;0;0;0;0;9;0;0;9;1;5;2;0;0;0;5;3;42;13.91;13;01:49;00:36;00:25;0;0;0;291;96.41;59;0;0;0;1,001;523;4;1.32;1;0;0;0;38 minutes;05:12;0;0;15;52%;50%;27%
Graceful-2412;87;0;0;260;8.99;21;14;0;0;0;0;0;542,674;18,776.76;32,410;9,186;348;12.04;0;0;0;965;33.38;59;14;2.77;0;0;0;0;0;0;0;0;0;1;8;591;20.44;39;0;29;0;16;0;0;0;0;14;0;0;77;18;34;25;8;0.27;2;5;26;338;11.69;22;22:00;00:45;01:39;0;0;0;2,514;86.98;146;0;0;0;0;0;154;5.32;12;1;0;0;7 hours;50:40;0;0;0;44%;0;55%
Grifster-21910;57;0;0;74;5.88;17;4;0;0;0;0;0;144,524;11,492.99;22,228;4,526;155;12.32;0;0;0;309;24.57;40;12;1.99;0;0;0;0;0;0;0;0;0;0;13;183;14.55;24;0;13;0;5;0;0;0;0;12;0;0;30;7;15;8;1;0.07;1;4;6;99;7.87;27;09:29;00:45;01:32;0;0;0;559;44.45;83;0;0;0;0;0;51;4.05;6;0;0;0;2 hours;15:31;0;0;0;43%;0;43%
H4ms-3114;0;0;0;0;0;0;0;0;0;0;0;0;481;4,870.92;481;456;1;10.13;0;0;0;0;0;0;0;0;0;0;0;0;0;0;0;0;0;0;0;0;0;0;0;0;0;0;0;0;0;0;0;0;0;0;0;0;0;0;0;0;0;0;0;0;0;0;0;0;0;0;0;2;20.27;2;0;0;0;10;7;0;0;0;0;0;0;30.149455972015858 seconds;0;0;0;0;70%;70%;0
Hallowed-11808;2942;0;0;5;5.2;2;0;0;0;0;0;0;19,485;20,297.33;8,117;4,491;15;15.62;0;0;0;23;23.95;14;8;1.53;0;0;0;0;0;0;0;0;0;0;0;11;11.45;7;0;1;0;0;0;0;0;0;8;0;0;2;1;1;1;0;0;0;0;0;3;3.12;2;00:40;00:41;00:18;0;0;0;79;82.29;31;0;0;0;256;148;4;4.16;1;0;0;0;15 minutes;01:20;0;0;1;57%;53%;36%
Hamnett-3532;0;0;0;0;0;0;0;0;0;0;0;0;187;4,367.29;187;187;1;23.35;0;0;0;0;0;0;0;0;0;0;0;0;0;0;0;0;0;0;0;0;0;0;0;0;0;0;0;0;0;0;0;0;0;0;0;0;0;0;0;0;0;0;0;0;0;0;0;0;0;0;0;1;23.35;1;0;0;0;2;2;0;0;0;0;0;0;18.56199099123478 seconds;0;0;0;0;100%;0;0
HappyPants-1658;3503;0;0;5;5.47;3;0;0;0;0;0;0;22,281;24,389.45;10,965;3,501;12;13.13;0;0;0;35;38.31;17;10;2.91;0;0;0;0;0;0;0;0;0;0;0;25;27.36;11;0;1;0;1;0;0;0;0;10;0;0;2;1;1;0;0;0;0;0;0;13;14.22;7;00:51;00:56;00:26;0;0;0;101;110.55;41;0;0;0;355;183;8;8.75;5;0;0;0;14 minutes;03:16;0;0;0;51%;0;83%
HAVATITE-1990;2718;0;0;86;5.5;10;4;0;0;0;0;0;254,555;16,298.23;20,349;6,712;174;11.14;0;0;0;440;28.17;39;13;2.52;0;0;0;0;0;0;0;0;0;1;8;215;13.76;23;6;16;0;10;0;0;0;0;13;0;0;39;11;13;15;2;0.12;2;4;8;172;11.01;15;10:55;00:41;01:00;0;0;0;1,183;75.74;82;0;0;0;5,021;2,420;33;2.11;7;0;0;0;3 hours;08:49;0;0;5;48%;63%;62%
HEEYA-3357;2300;0;0;43;4.84;10;0;0;0;0;0;0;139,609;15,739.35;22,058;11,325;105;11.83;0;0;0;198;22.32;48;8;1.88;0;0;0;0;0;0;0;0;0;0;13;117;13.19;32;7;9;0;1;0;0;0;0;8;0;0;22;10;6;5;0;0;0;4;1;98;11.04;32;09:52;01:06;01:42;0;0;0;529;59.63;71;0;0;0;2,835;1,300;21;2.36;3;0;0;0;2 hours;10:06;0;0;11;45%;80%;15%
HeyKatie-1413;3644;0;0;56;6.49;7;2;0;0;0;0;0;142,359;16,506.28;10,992;4,495;98;11.36;0;0;0;262;30.37;22;15;2.67;0;0;0;0;0;0;0;0;0;0;3;160;18.55;13;1;9;0;7;0;0;0;0;15;0;0;25;8;6;11;0;0;0;3;9;78;9.04;9;04:29;00:31;00:37;0;0;0;606;70.26;55;0;0;0;2,158;1,256;26;3.01;7;1;0;0;1 hour;11:05;0;0;3;58%;76%;80%
HolynoshuryX-6110;2263;0;0;10;3.52;4;2;0;0;0;0;0;40,191;14,186.73;11,859;6,639;23;8.11;0;0;0;60;21.17;16;12;2.6;0;0;0;0;0;0;0;0;0;0;1;31;10.94;9;1;3;0;1;0;0;0;0;12;0;0;10;1;5;5;1;0.35;1;0;0;26;9.17;9;01:42;00:36;00:55;0;0;0;184;64.94;55;0;0;0;847;354;5;1.76;2;0;0;0;32 minutes;04:36;0;0;0;41%;39%;52%
hoshimichan-1316;72;0;0;27;6.84;7;3;0;0;0;0;0;62,583;15,873.07;12,215;8,555;36;9.13;0;0;0;122;30.94;28;15;3.38;0;0;0;0;0;0;0;0;0;0;0;66;16.73;17;1;4;0;3;0;0;0;0;15;0;0;12;1;5;6;2;0.5;1;4;3;30;7.6;12;04:20;01:06;01:11;0;0;0;288;73.04;56;0;0;0;1,207;608;14;3.55;7;0;0;0;48 minutes;10:42;0;0;7;50%;60%;75%
Hossy-11899;2833;0;0;23;4.38;8;0;0;0;0;0;0;68,423;13,037.52;16,277;3,520;54;10.28;0;0;0;135;25.72;35;9;2.5;0;0;0;0;0;0;0;0;0;0;7;65;12.38;16;3;5;0;2;0;0;0;0;9;0;0;11;5;1;5;0;0;0;3;2;57;10.86;22;03:57;00:45;00:53;0;0;0;295;56.21;51;0;0;0;1,304;587;13;2.47;3;0;0;0;1 hour;00:27;0;0;0;45%;57%;41%
HotLaps-1110;0;0;0;0;0;0;0;0;0;0;0;0;131;2,119.48;131;131;1;16.2;0;0;0;1;16.2;1;1;1;0;0;0;0;0;0;0;0;0;0;0;0;0;0;0;0;0;0;0;0;0;0;1;0;0;0;0;0;0;0;0;0;0;0;0;0;0;0;0;0;0;0;0;1;16.2;1;0;0;0;5;2;0;0;0;0;0;0;45.6535359993577 seconds;0;0;0;0;40%;0;0
HumanRabbit-1734;1206;0;0;121;4.83;11;5;0;0;0;0;0;320,377;12,799.1;26,043;5,985;344;13.74;0;0;0;543;21.69;42;10;1.57;0;0;0;0;0;0;0;0;0;0;15;293;11.7;24;15;25;1;9;0;0;0;0;10;0;0;55;27;10;17;0;0;0;4;3;265;10.58;22;35:24;01:24;04:13;0;0;0;1,351;53.97;97;0;0;0;7,114;2,905;81;3.23;6;0;0;0;6 hours;09:48;0;0;14;40%;77%;35%
Hung-3864;0;0;0;0;0;0;0;0;0;0;0;0;1,460;8,774.58;1,460;1,460;0;0;0;0;0;4;24.04;4;4;0;0;0;0;0;0;0;0;0;0;0;0;2;12.02;2;0;0;0;0;0;0;0;0;4;0;0;1;0;0;0;0;0;0;0;0;2;12.02;2;00:10;01:01;00:10;0;0;0;9;54.09;9;0;0;0;20;15;0;0;0;0;0;0;51.263257041573524 seconds;00:02;0;0;0;75%;75%;100%
Hunterhyde-1159;2701;0;0;0;0;0;1;0;0;0;0;0;8,277;16,655.03;4,648;2,682;6;12.07;0;0;0;5;10.06;3;3;0.83;0;0;0;0;0;0;0;0;0;0;0;3;6.03;2;0;0;0;0;0;0;0;0;3;0;0;1;1;0;0;0;0;0;0;0;5;10.06;3;00:33;01:06;00:18;0;0;0;35;70.42;16;0;0;0;121;62;1;2.01;1;0;0;0;5 minutes;00:02;0;0;0;51%;55%;0
Hymalaya-1507;1698;0;0;9;6.12;7;0;0;0;0;0;0;18,771;12,773.83;11,270;3,346;15;10.2;0;0;0;40;27.21;23;8;2.66;0;0;0;0;0;0;0;0;0;0;0;26;17.69;17;1;1;0;1;0;0;0;0;8;0;0;5;2;2;1;0;0;0;3;2;16;10.88;11;02:19;01:34;01:17;0;0;0;79;53.75;40;0;0;0;311;175;12;8.16;6;0;0;0;18 minutes;04:19;0;0;3;56%;54%;59%
hymzi-2549;70;0;0;22;9.48;15;2;0;0;0;0;0;39,837;17,166.86;24,745;7,809;20;8.61;0;0;0;95;40.93;48;17;4.75;0;0;0;0;0;0;0;0;0;0;0;48;20.68;29;0;2;0;2;0;0;0;0;17;0;0;9;1;4;3;1;0.43;1;4;3;24;10.34;10;02:41;01:09;01:07;0;0;0;161;69.37;101;0;0;0;0;0;9;3.87;7;0;0;0;28 minutes;07:36;0;0;0;48%;0;100%
Hyper-1157;3921;0;0;57;7.2;7;4;0;0;0;0;0;179,830;22,741.49;18,354;8,574;82;10.36;0;0;0;283;35.78;31;15;3.45;0;0;0;0;0;0;0;0;0;1;26;162;20.48;16;5;8;0;3;0;0;0;0;15;0;0;22;7;9;6;2;0.25;1;4;4;66;8.34;15;05:35;00:42;00:45;0;0;0;685;86.62;76;0;0;0;2,782;1,582;40;5.05;8;0;0;0;1 hour;18:36;0;0;0;56%;80%;41%
IANBOT-11988;2823;0;0;69;7.52;7;5;0;0;0;0;0;170,286;18,567.23;16,216;8,758;93;10.14;0;0;0;349;38.05;34;21;3.75;0;0;0;0;0;0;0;0;0;0;5;226;24.64;20;4;9;0;4;0;0;0;0;21;0;0;27;5;14;9;1;0.1;1;4;7;111;12.1;10;09:27;01:01;01:09;0;0;0;682;74.36;78;0;0;0;2,883;1,689;60;6.54;8;1;0;0;2 hours;26:42;0;0;38;58%;77%;47%
iddqd-2884;84;0;0;6;3.88;2;0;0;0;0;0;0;24,886;16,100.07;6,356;3,661;20;12.93;0;0;0;46;29.76;11;8;2.29;0;0;0;0;0;0;0;0;0;0;0;29;18.76;8;0;2;0;2;0;0;0;0;0;0;0;4;1;2;1;0;0;0;3;1;17;10.99;4;01:29;00:57;00:28;0;0;0;125;80.86;33;0;0;0;0;0;8;5.17;3;1;0;0;20 minutes;02:11;0;0;0;45%;0;100%
IekkAI-3307;3227;0;0;26;9.3;9;2;0;0;0;0;0;66,132;23,673.17;22,679;5,394;26;9.3;0;0;0;100;35.79;37;12;3.84;0;0;0;0;0;0;0;0;0;0;4;65;23.26;23;1;3;0;2;0;0;0;0;12;0;0;9;2;3;3;0;0;0;3;1;41;14.67;17;02:15;00:48;00:30;0;0;0;313;112.04;117;0;0;0;1,215;579;11;3.93;7;0;0;0;40 minutes;07:58;0;0;0;47%;50%;67%
IMWarMachine-6379;2264;0;0;15;5.85;4;1;0;0;0;0;0;47,352;18,489.06;10,189;3,722;25;9.76;0;0;0;96;37.48;19;16;3.84;0;0;0;0;0;0;0;0;0;0;2;54;21.08;17;1;3;0;1;0;0;0;0;16;0;0;8;3;3;2;0;0;0;3;3;32;12.49;12;01:51;00:43;00:39;0;0;0;210;81.99;55;0;0;0;1,003;486;12;4.68;7;0;0;0;33 minutes;08:05;0;0;0;48%;69%;56%
Incognito-1602;72;0;0;46;8.85;17;1;0;0;0;0;0;92,813;17,860.99;27,371;6,607;49;9.42;0;0;0;213;40.99;72;24;4.34;0;0;0;0;0;0;0;0;0;0;10;116;22.32;42;0;0;0;4;0;0;0;0;24;0;0;0;0;0;0;0;0;0;3;4;83;15.97;33;03:35;00:41;01:28;0;0;0;422;81.21;127;0;0;0;0;0;30;5.77;11;0;0;0;11.68887098506093 seconds;16:17;0;0;0;45%;0;83%
inonn-1298;61;0;0;0;0;0;0;0;0;0;0;0;1,070;8,139.5;857;857;2;15.21;0;0;0;0;0;0;0;0;0;0;0;0;0;0;0;0;0;0;0;0;0;0;0;0;0;0;0;0;0;0;0;0;0;0;0;0;0;0;0;0;0;0;0;0;0;00:00;00:05;00:00;0;0;0;3;22.82;2;0;0;0;0;0;0;0;0;0;0;0;1.4251569993793964 seconds;0;0;0;0;39%;0;100%
Invision-2363;3901;0;0;35;10.14;15;2;0;0;0;0;0;71,199;20,641.28;18,670;14,148;35;10.14;0;0;0;81;23.48;28;14;2.31;0;0;0;0;0;0;0;0;0;0;1;51;14.78;17;1;3;0;2;0;0;0;0;14;0;0;9;3;5;1;0;0;0;4;4;20;5.79;6;00:59;00:17;00:23;0;0;0;271;78.56;70;0;0;0;1,123;519;6;1.73;3;0;0;0;43 minutes;03:56;0;0;4;46%;67%;44%
ironblue-11749;2520;0;0;0;0;0;0;0;0;0;0;0;4,365;19,811.85;4,365;2,378;2;9.07;0;0;0;4;18.15;4;2;2;0;0;0;0;0;0;0;0;0;0;0;1;4.53;1;0;0;0;0;0;0;0;0;2;0;0;1;1;0;0;0;0;0;0;0;3;13.61;3;00:13;01:03;00:13;0;0;0;22;99.84;22;0;0;0;91;39;0;0;0;0;0;0;3 minutes;0;0;0;0;42%;42%;0
Ithae-1510;52;0;0;16;5.03;7;0;0;0;0;0;0;37,727;11,881.87;10,821;3,622;32;10.07;0;0;0;89;28.02;29;11;2.78;0;0;0;0;0;0;0;0;0;0;5;60;18.89;23;0;3;0;1;0;0;0;0;11;0;0;8;2;3;3;0;0;0;3;2;39;12.28;13;02:14;00:42;00:35;0;0;0;158;49.76;40;0;0;0;0;0;20;6.29;11;0;0;0;45 minutes;05:06;0;0;0;38%;0;28%
JackaL-3407;2555;0;0;6;12.45;6;0;0;0;0;0;0;9,289;19,280.63;9,289;3,183;8;16.6;0;0;0;21;43.58;21;10;2.62;0;0;0;0;0;0;0;0;0;0;0;12;24.9;12;0;0;0;0;0;0;0;0;10;0;0;2;0;1;0;0;0;0;4;1;4;8.3;4;00:11;00:23;00:11;0;0;0;40;83.02;40;0;0;0;185;82;4;8.3;4;0;0;0;7 minutes;01:55;0;0;0;44%;44%;0
JesseJames-11680;2476;0;0;0;0;0;0;0;0;0;0;0;405;2,015.14;308;308;3;14.93;0;0;0;0;0;0;0;0;0;0;0;0;0;0;0;0;0;0;0;0;0;0;0;0;0;0;0;0;0;0;0;0;0;0;0;0;0;0;0;0;0;0;0;0;0;00:00;00:02;00:00;0;0;0;2;9.95;2;0;0;0;19;5;0;0;0;0;0;0;1 minute;0;0;0;1;26%;0;36%
JIhooN-31212;2641;0;0;7;2.79;4;0;0;0;0;0;0;25,176;10,046.98;6,454;3,400;25;9.97;0;0;0;46;18.35;14;9;1.84;0;0;0;0;0;0;0;0;0;2;5;24;9.57;6;1;3;0;1;0;0;0;0;9;0;0;6;2;0;3;0;0;0;3;1;16;6.38;7;01:39;00:39;00:29;0;0;0;128;51.08;32;0;0;0;774;262;6;2.39;2;0;0;0;37 minutes;00:50;0;0;0;33%;55%;56%
jjlol-11226;52;0;0;0;0;0;0;0;0;0;0;0;578;17,528.46;578;578;1;30.32;0;0;0;1;30.32;1;1;1;0;0;0;0;0;0;0;0;0;0;0;1;30.32;1;0;0;0;0;0;0;0;0;1;0;0;0;0;0;0;0;0;0;0;0;0;0;0;0;0;0;0;0;0;3;90.96;3;0;0;0;0;0;1;30.32;1;0;0;0;40.80117494612932 seconds;0;0;0;0;50%;0;0
JonnyBI-2703;3137;0;0;10;4.02;4;0;0;0;0;0;0;37,404;15,061.61;8,669;3,164;27;10.87;0;0;0;44;17.71;19;7;1.62;0;0;0;0;0;0;0;0;0;0;2;26;10.46;10;1;2;1;1;0;0;0;0;7;0;0;7;3;2;2;0;0;0;0;0;9;3.62;4;00:20;00:08;00:07;0;0;0;187;75.3;41;0;0;0;809;371;9;3.62;5;0;0;0;31 minutes;0;0;0;6;45%;45%;42%
Karma-12365;52;0;0;1;0.52;1;0;0;0;0;0;0;19,755;10,336.86;6,239;2,067;23;12.03;0;0;0;34;17.79;14;6;1.47;0;0;0;0;0;0;0;0;0;0;2;16;8.37;9;0;2;0;0;0;0;0;0;6;0;0;3;2;0;1;0;0;0;0;0;17;8.89;7;01:17;00:40;00:34;0;0;0;82;42.9;30;0;0;0;0;0;6;3.13;2;0;0;0;25 minutes;0;0;0;0;40%;0;11%
Kefka-11531;4123;0;0;5;5.71;2;0;0;0;0;0;0;16,997;19,416.62;11,136;2,895;11;12.56;0;0;0;26;29.7;15;7;2.36;0;0;0;0;0;0;0;0;0;0;2;17;19.41;8;0;1;0;1;0;0;0;0;7;0;0;3;1;1;1;0;0;0;0;0;7;7.99;3;00:41;00:47;00:24;0;0;0;68;77.67;44;0;0;0;322;166;4;4.56;2;0;0;0;11 minutes;0;0;0;0;51%;52%;89%
keRLos-1604;3974;0;0;42;7.42;9;3;0;0;0;0;0;93,806;16,590.09;21,871;8,163;56;9.9;0;0;0;191;33.77;52;14;3.41;0;0;0;0;0;0;0;0;0;0;2;109;19.27;25;1;6;0;4;0;0;0;0;14;0;0;15;5;6;4;0;0;0;4;5;56;9.9;14;06:08;01:05;01:11;0;0;0;387;68.44;111;0;0;0;1,761;833;16;2.82;4;0;0;0;1 hour;13:07;0;0;0;47%;63%;79%
Kira-1303;64;0;0;53;5.66;9;9;0;0;0;0;0;112,880;12,074.72;14,516;10,944;64;6.84;0;0;0;287;30.7;37;22;4.48;0;0;0;0;0;0;0;0;0;0;10;167;17.86;21;0;9;0;6;0;0;0;0;22;0.25;0;27;6;13;8;0;0;0;4;5;102;10.91;24;07:05;00:45;01:30;0;0;0;469;50.16;52;0;0;0;0;0;53;5.66;6;0;0;0;1 hour;15:00;0;0;0;50%;0;67%
KJerry-1610;4141;0;0;1;4.58;1;0;0;0;0;0;0;1,513;6,940.65;1,077;622;2;9.17;0;0;0;7;32.11;5;3;3.5;0;0;0;0;0;0;0;0;0;0;0;5;22.94;4;0;0;0;0;0;0;0;0;3;0;0;1;1;0;0;0;0;0;0;0;2;9.17;1;00:01;00:08;00:01;0;0;0;6;27.52;4;0;0;0;46;23;3;13.76;2;0;0;0;2 minutes;0;0;0;0;50%;52%;100%
Klocky-3301;4466;0;0;2;2.73;2;0;0;0;0;0;0;9,490;12,966.67;5,552;2,804;8;10.93;0;0;0;7;9.56;5;2;0.87;0;0;0;0;0;0;0;0;0;0;0;2;2.73;1;1;1;0;0;0;0;0;0;2;0;0;2;0;1;1;0;0;0;0;0;3;4.09;2;00:27;00:38;00:17;0;0;0;55;75.15;29;0;0;0;191;101;1;1.36;1;0;0;0;8 minutes;0;0;0;0;52%;47%;23%
KnOxXx-21951;3848;0;0;40;6.89;5;4;0;0;0;0;0;89,999;15,518.14;10,825;8,123;46;7.93;0;0;0;169;29.14;26;13;3.67;0;0;0;0;0;0;0;0;0;0;0;106;18.27;16;2;6;0;4;0;0;0;0;13;0;0;17;4;9;4;0;0;0;4;4;52;8.96;12;02:17;00:23;00:34;0;0;0;379;65.34;46;0;0;0;1,508;745;15;2.58;6;0;0;0;59 minutes;11:20;0;0;2;49%;57%;61%
KOKFC-1575;3897;0;0;1;3.24;1;0;0;0;0;0;0;4,451;14,463.41;4,451;4,418;1;3.24;0;0;0;10;32.49;10;8;10;0;0;0;0;0;0;0;0;0;0;0;6;19.49;6;0;0;0;0;0;0;0;0;8;0;0;1;0;0;0;0;0;0;3;1;2;6.49;2;00:03;00:12;00:03;0;0;0;23;74.73;23;0;0;0;60;40;1;3.24;1;1;0;0;3 minutes;00:01;0;0;0;66%;66%;100%
Kotani-2471;2612;0;0;41;4.02;4;2;0;0;0;0;0;138,220;13,583.96;9,784;5,239;123;12.08;0;0;0;271;26.63;23;18;2.2;0;0;0;0;0;0;0;0;0;1;4;169;16.6;14;6;10;1;3;0;0;0;0;18;0;0;30;12;11;7;1;0.09;1;5;2;96;9.43;10;07:21;00:43;00:48;0;0;0;549;53.95;52;0;0;0;2,624;1,403;50;4.91;4;0;0;0;2 hours;15:24;0;0;25;53%;71%;31%
Kruise-21259;0;0;0;0;0;0;0;0;0;0;0;0;300;3,731.82;300;300;1;12.45;0;0;0;0;0;0;0;0;0;0;0;0;0;0;0;0;0;0;0;0;0;0;0;0;0;0;0;0;0;0;0;0;0;0;0;0;0;0;0;0;0;0;0;0;0;0;0;0;0;0;0;1;12.45;1;0;0;0;7;4;0;0;0;0;0;0;41.31120497919619 seconds;0;0;0;0;57%;0;0
Kryw-2449;4208;0;0;36;7.49;7;3;0;0;0;0;0;88,571;18,442.08;15,594;8,486;56;11.66;0;0;0;134;27.9;29;14;2.39;0;0;0;0;0;0;0;0;0;0;1;83;17.28;18;3;5;0;2;0;0;0;0;14;0;0;14;3;7;4;0;0;0;3;3;42;8.74;7;03:37;00:45;00:36;0;0;0;328;68.29;53;0;0;0;1,431;738;21;4.37;5;0;0;0;1 hour;06:47;0;0;9;51%;63%;33%
KwamFun-1860;2633;0;0;112;6.24;10;8;0;0;0;0;0;282,678;15,764.62;25,032;7,727;192;10.7;0;0;0;513;28.6;46;13;2.67;0;0;0;0;0;0;0;0;0;4;18;301;16.78;30;9;18;0;9;0;0;0;0;13;0;0;46;13;19;14;0;0;0;3;8;192;10.7;24;10:38;00:35;01:16;0;0;0;1,259;70.21;107;0;0;0;5,427;2,542;91;5.07;7;1;0;0;3 hours;23:09;0;0;23;46%;56%;49%
KYLE-3141;0;0;0;453;6.11;16;13;0;0;0;0;0;1,010,148;13,636.81;27,986;7,132;996;13.44;0;0;0;1,905;25.71;39;15;1.91;0;0;0;0;0;0;0;0;5,650,800;10;65;1,073;14.48;26;39;74;0;35;0;0;0;0;15;0.32;1,863,356;142;62;32;49;1;0.01;1;5;41;669;9.03;17;44:05;00:35;01:41;0;0;0;4,091;55.22;124;0;0;0;20,233;9,099;287;3.87;9;5;0;0;17 hours;01:04:34;0;0;105;44%;80%;47%
Lara-31986;0;0;0;0;0;0;0;0;0;0;0;0;2,600;22,860.47;2,600;2,600;0;0;0;0;0;6;52.76;6;6;0;0;0;0;0;0;0;0;0;0;0;0;3;26.38;3;0;0;0;0;0;0;0;0;6;0;0;0;0;0;0;0;0;0;0;0;4;35.17;4;00:22;03:19;00:22;0;0;0;14;123.11;14;0;0;0;52;33;0;0;0;0;0;0;1 minute;0;0;0;0;63%;0;100%
LaraCroft-1233;2424;0;0;1,559;7.79;25;113;0;0;0;0;0;3,505,857;17,526.49;39,237;8,500;1,840;9.19;0;0;0;5,333;26.66;69;21;2.89;0;0;0;0;0;0;0;0;0;12;113;3,102;15.5;43;89;200;10;101;0;0;0;0;21;0;0;502;92;270;142;10;0.04;2;5;114;2,289;11.44;40;01:44:12;00:31;02:38;0;0;0;15,943;79.7;194;0;0;0;70,635;29,959;854;4.26;14;2;0;0;42 hours;03:58:53;0;0;104;42%;75%;50%
Laurie400-1327;31;0;0;28;3.02;8;1;0;0;0;0;0;84,195;9,105.27;16,747;4,033;89;9.62;0;0;0;148;16;30;11;1.66;0;0;0;0;0;0;0;0;0;0;2;92;9.94;20;0;9;0;3;0;0;0;0;11;0;0;14;8;2;4;2;0.21;1;3;2;41;4.43;9;02:42;00:17;00:35;0;0;0;386;41.74;75;0;0;0;0;0;37;4;8;1;0;0;1 hour;02:26;0;0;0;46%;0;27%
LeBlanc-3936;3511;0;0;1;2.2;1;0;0;0;0;0;0;3,754;8,290.64;3,754;1,508;4;8.83;0;0;0;7;15.45;7;2;1.75;0;0;0;0;0;0;0;0;0;0;0;2;4.41;2;0;0;0;0;0;0;0;0;2;0;0;1;1;0;0;0;0;0;0;0;2;4.41;2;00:28;01:02;00:28;0;0;0;18;39.75;18;0;0;0;95;43;1;2.2;1;0;0;0;3 minutes;0;0;0;0;45%;0;100%
Legist-21953;2633;0;0;46;6.17;11;0;0;0;0;0;0;104,173;13,993.18;14,249;6,162;103;13.83;0;0;0;198;26.59;32;7;1.92;0;0;0;0;0;0;0;0;0;0;1;108;14.5;17;4;7;0;3;0;0;0;0;7;0;0;18;11;3;4;1;0.13;1;3;1;82;11.01;11;06:28;00:52;01:05;0;0;0;492;66.08;69;0;0;0;2,089;949;21;2.82;3;0;0;0;1 hour;05:02;0;0;1;45%;56%;38%
LetterE-1468;2930;0;0;2;7.6;2;0;0;0;0;0;0;3,977;15,121.33;3,977;2,077;4;15.2;0;0;0;6;22.81;6;3;1.5;0;0;0;0;0;0;0;0;0;0;0;4;15.2;4;0;0;0;0;0;0;0;0;3;0;0;1;0;1;0;0;0;0;0;0;1;3.8;1;00:07;00:29;00:07;0;0;0;23;87.44;23;0;0;0;83;40;1;3.8;1;0;0;0;3 minutes;0;0;0;0;48%;0;0%
Lish-21487;53;0;0;45;6.44;10;2;0;0;0;0;0;96,963;13,883.39;12,889;5,568;73;10.45;0;0;0;238;34.07;43;13;3.26;0;0;0;0;0;0;0;0;0;0;13;134;19.18;24;0;7;0;5;0;0;0;0;13;0;0;12;4;4;4;4;0.57;2;0;0;94;13.45;19;07:10;01:01;01:06;0;0;0;397;56.84;62;0;0;0;0;0;43;6.15;10;1;0;0;1 hour;08:17;0;0;0;50%;0;70%
LIXU-4794;3497;0;0;14;5.72;4;1;0;0;0;0;0;36,737;15,012.22;13,390;5,165;1;5.89;0;0;0;50;20.43;15;9;2.27;0;0;0;0;0;0;0;0;0;0;5;32;13.07;12;0;0;0;0;0;0;0;0;9;0;0;6;2;3;1;0;0;0;0;0;16;6.53;7;01:48;00:44;00:48;0;0;0;174;71.1;67;0;0;0;725;350;13;5.31;5;0;0;0;49.00437604263425 seconds;01:58;0;0;5;48%;49%;7%
LMorals-1207;2669;0;0;0;0;0;0;0;0;0;0;0;2,045;43,081.2;2,045;1,391;2;42.13;0;0;0;0;0;0;0;0;0;0;0;0;0;0;0;0;0;0;0;0;0;0;0;0;0;0;0;0;0;0;0;0;0;0;0;0;0;0;0;0;0;0;0;0;0;00:08;02:50;00:08;0;0;0;12;252.81;12;0;0;0;28;17;0;0;0;0;0;0;1 minute;00:46;0;0;0;60%;0;0
LOVE-34893;3220;0;0;4;6.57;3;0;0;0;0;0;0;5,594;9,198.36;3,515;2,402;7;11.5;0;0;0;10;16.44;5;4;1.42;0;0;0;0;0;0;0;0;0;0;0;4;6.57;2;1;1;0;0;0;0;0;0;4;0;0;2;2;0;0;0;0;0;3;1;7;11.5;5;00:16;00:27;00:16;0;0;0;25;41.1;16;0;0;0;205;53;0;0;0;0;0;0;7 minutes;00:20;0;0;0;25%;25%;0
LSNPIG-4979;0;0;0;3;3.43;3;1;0;0;0;0;0;6,718;7,686.14;6,718;2,307;4;4.57;0;0;0;5;5.72;5;2;1.25;0;0;0;0;0;0;0;0;0;0;0;4;4.57;4;1;1;0;0;0;0;0;0;2;0;0;3;0;3;1;0;0;0;0;0;1;1.14;1;00:03;00:03;00:03;0;0;0;24;27.45;24;0;0;0;81;53;1;1.14;1;0;0;0;4 minutes;0;0;0;1;65%;0;0
LuLu-11129;58;0;0;84;7.13;10;11;0;0;0;0;0;182,438;15,505.78;17,447;6,413;125;10.62;0;0;0;408;34.67;48;21;3.26;0;0;0;0;0;0;0;0;0;0;9;249;21.16;28;0;12;0;9;0;0;0;0;21;0;0;38;7;20;11;0;0;0;4;8;131;11.13;17;09:48;00:50;01:28;0;0;0;793;67.39;91;0;0;0;0;0;87;7.39;14;0;0;0;2 hours;32:20;0;0;0;54%;0;72%
Luxyne-1720;3380;0;0;45;8.42;11;1;0;0;0;0;0;100,367;18,796.89;23,311;6,383;69;12.92;0;0;0;175;32.77;48;14;2.53;0;0;0;0;0;0;0;0;0;0;4;104;19.47;26;2;5;0;3;0;0;0;0;14;0;0;12;3;3;5;0;0;0;5;5;55;10.3;24;04:26;00:49;01:57;0;0;0;394;73.78;99;0;0;0;1,533;822;19;3.55;5;0;0;0;1 hour;07:04;0;0;0;53%;60%;60%
Lyan-21728;2550;0;0;49;4.06;12;2;0;0;0;0;0;127,092;10,546.35;27,432;9,849;104;8.63;0;0;0;242;20.08;49;20;2.32;0;0;0;0;0;0;0;0;0;0;4;146;12.11;31;6;12;1;5;0;0;0;0;20;0;0;33;13;13;7;0;0;0;3;6;128;10.62;32;12:46;01:03;02:32;0;0;0;626;51.94;123;0;0;0;2,378;1,152;46;3.81;12;1;0;0;2 hours;07:19;0;0;10;48%;100%;40%
MAJAJA-3599;0;0;0;1;0.5;1;0;0;0;0;0;0;15,739;7,944.23;5,950;3,057;13;6.56;0;0;0;21;10.59;8;6;1.61;0;0;0;0;0;0;0;0;0;0;0;11;5.55;4;2;2;0;0;0;0;0;0;6;0;0;4;1;2;2;0;0;0;0;0;3;1.51;3;01:26;00:43;00:41;0;0;0;67;33.81;29;0;0;0;383;181;4;2.01;2;0;0;0;16 minutes;0;0;0;4;47%;66%;2%
Mario-13553;50;0;0;171;5.28;20;7;0;0;0;0;0;377,854;11,669.15;28,236;10,026;407;12.56;0;0;0;854;26.37;62;18;2.09;0;0;0;0;0;0;0;0;0;5;38;546;16.86;43;0;32;0;19;0;0;0;0;18;0;0;67;29;20;17;1;0.03;1;4;18;283;8.73;22;17:52;00:33;01:24;0;0;0;1,583;48.88;82;0;0;0;0;0;176;5.43;16;0;0;0;7 hours;39:28;0;0;0;50%;0;58%
MartabakKeju-1697;3125;0;0;14;10.29;6;0;0;0;0;0;0;27,155;19,966.31;12,597;6,456;15;11.02;0;0;0;39;28.67;15;6;2.6;0;0;0;0;0;0;0;0;0;0;1;20;14.7;7;0;1;0;1;0;0;0;0;6;0;0;4;1;1;1;0;0;0;3;3;19;13.97;8;01:25;01:03;00:46;0;0;0;122;89.7;77;0;0;0;444;212;5;3.67;2;0;0;0;18 minutes;00:57;0;0;0;47%;53%;81%
MeePokBoy-1184;3653;0;0;9;6.31;3;0;0;0;0;0;0;26,152;18,354.15;6,645;4,580;14;9.82;0;0;0;56;39.3;16;8;4;0;0;0;0;0;0;0;0;0;0;0;30;21.05;10;0;1;0;1;0;0;0;0;8;0;0;4;1;1;1;0;0;0;3;3;21;14.73;8;00:50;00:35;00:15;0;0;0;126;88.43;32;0;0;0;428;252;7;4.91;3;0;0;0;16 minutes;01:09;0;0;0;58%;54%;72%
mekemeke-11634;60;0;0;0;0;0;1;0;0;0;0;0;6,582;9,381.62;6,582;4,957;2;2.85;0;0;0;6;8.55;6;4;3;0;0;0;0;0;0;0;0;0;0;0;3;4.27;3;1;1;0;0;0;0;0;0;4;0;0;2;0;2;0;0;0;0;0;0;3;4.27;3;00:13;00:19;00:13;0;0;0;44;62.71;44;0;0;0;133;73;0;0;0;0;0;0;3 minutes;0;0;0;1;54%;0;0
Mendokusaii-2955;4206;0;0;36;7.25;5;4;0;0;0;0;0;75,378;15,200.06;13,929;4,491;49;9.88;0;0;0;132;26.61;19;12;2.69;0;0;0;0;0;0;0;0;0;0;3;83;16.73;11;2;5;0;3;0;0;0;0;12;0;0;14;2;8;4;0;0;0;3;5;44;8.87;11;03:38;00:43;01:05;0;0;0;295;59.48;41;0;0;0;1,153;588;8;1.61;2;0;0;0;48 minutes;09:02;0;0;8;50%;59%;65%
MgBlase-1420;0;0;0;6;2.65;3;1;0;0;0;0;0;21,371;9,463.66;10,315;8,599;7;3.09;0;0;0;49;21.69;24;20;7;0;0;0;0;0;0;0;0;0;0;0;28;12.39;15;0;2;0;2;0;0;0;0;20;0;0;8;3;4;1;0;0;0;4;2;10;4.42;7;01:13;00:32;00:59;0;0;0;95;42.06;48;0;0;0;427;212;9;3.98;5;1;0;0;16 minutes;05:14;0;0;6;49%;59%;88%
MilaTheMute-1868;47;0;0;19;4.1;6;0;0;0;0;0;0;49,087;10,615.07;21,215;3,110;45;9.73;0;0;0;86;18.59;35;8;1.91;0;0;0;0;0;0;0;0;0;0;2;47;10.16;18;0;5;0;2;0;0;0;0;8;0;0;12;2;3;7;0;0;0;0;0;26;5.62;8;02:23;00:31;01:07;0;0;0;219;47.35;91;0;0;0;0;0;20;4.32;9;1;0;0;53 minutes;05:02;0;0;0;34%;0;49%
Miro-31858;4511;0;0;0;0;0;0;0;0;0;0;0;2,261;25,189.67;2,261;1,385;3;33.41;0;0;0;3;33.41;3;2;1;0;0;0;0;0;0;0;0;0;0;0;3;33.41;3;0;0;0;0;0;0;0;0;2;0;0;0;0;0;0;0;0;0;0;0;1;11.13;1;00:12;02:21;00:12;0;0;0;11;122.53;11;0;0;0;32;23;0;0;0;0;0;0;1 minute;0;0;0;0;71%;0;100%
Mix-41491;3599;0;0;1;2.72;1;0;0;0;0;0;0;3,651;9,941.71;1,879;1,411;3;8.16;0;0;0;2;5.44;1;1;0.66;0;0;0;0;0;0;0;0;0;1;0;1;2.72;1;0;0;0;0;0;0;0;0;1;0;0;1;1;0;0;0;0;0;0;0;1;2.72;1;00:02;00:06;00:02;0;0;0;13;35.39;7;0;0;0;94;43;0;0;0;1;0;0;4 minutes;0;0;0;2;45%;25%;0
Moowe-4479;4350;0;0;4;13.61;4;0;0;0;0;0;0;9,023;30,711.06;9,023;4,206;5;17.01;0;0;0;9;30.63;9;4;1.8;0;0;0;0;0;0;0;0;0;0;1;8;27.22;8;0;0;0;0;0;0;0;0;4;0;0;1;1;0;0;0;0;0;3;1;3;10.21;3;00:10;00:34;00:10;0;0;0;44;149.75;44;0;0;0;124;76;3;10.21;3;0;0;0;4 minutes;00:40;0;0;0;61%;0;100%
MyJohnny-2444;2931;0;0;57;5.24;4;5;0;0;0;0;0;166,109;15,288.11;16,897;7,930;96;8.83;0;0;0;253;23.28;23;14;2.63;0;0;0;0;0;0;0;0;0;0;2;146;13.43;13;5;11;1;5;0;0;0;0;14;0;0;31;8;12;11;0;0;0;3;4;102;9.38;12;15:49;01:27;01:37;0;0;0;673;61.94;62;0;0;0;3,055;1,510;34;3.12;6;0;0;0;2 hours;21:55;0;0;14;49%;60%;45%
MyNeverevr-1103;3533;0;0;151;12.64;18;10;0;0;0;0;0;285,491;23,910.88;33,063;8,568;133;11.13;0;0;0;561;46.98;61;20;4.21;0;0;0;0;0;0;0;0;0;2;14;419;35.09;47;4;12;0;8;0;0;0;0;20;0;0;37;3;32;2;3;0.25;2;5;16;155;12.98;25;10:29;00:52;01:26;0;0;0;1,185;99.24;135;0;0;0;4,219;2,394;87;7.28;11;1;0;0;2 hours;01:22:31;0;0;28;56%;68%;64%
nan-1607;4000;0;0;1;1.65;1;0;0;0;0;0;0;5,582;9,215.32;4,687;2,226;6;9.9;0;0;0;14;23.11;12;5;2.33;0;0;0;0;0;0;0;0;0;0;0;9;14.85;8;0;1;0;1;0;0;0;0;5;0;0;1;0;0;1;0;0;0;0;0;4;6.6;4;00:22;00:36;00:22;0;0;0;32;52.83;28;0;0;0;101;58;2;3.3;2;0;0;0;6 minutes;0;0;0;5;57%;0;100%
NejiYuri-4285;3000;0;0;5;9.42;5;0;0;0;0;0;0;14,237;26,839.16;14,237;5,607;7;13.19;0;0;0;17;32.04;17;10;2.42;0;0;0;0;0;0;0;0;0;0;1;7;13.19;7;0;1;0;1;0;0;0;0;10;0;0;2;1;1;1;0;0;0;0;0;10;18.85;10;00:48;01:31;00:48;0;0;0;54;101.79;54;0;0;0;190;86;4;7.54;4;0;0;0;7 minutes;02:32;0;0;0;45%;0;100%
nekyG-2308;3842;0;0;8;8.64;8;0;0;0;0;0;0;15,676;16,941.38;13,447;4,004;4;4.32;0;0;0;38;41.06;33;13;9.5;0;0;0;0;0;0;0;0;0;0;0;18;19.45;16;0;1;0;1;0;0;0;0;13;0;0;3;1;2;0;0;0;0;4;2;10;10.8;10;00:43;00:46;00:43;0;0;0;73;78.89;59;0;0;0;322;157;6;6.48;6;0;0;0;11 minutes;02:43;0;0;0;48%;47%;91%
Neptune-31921;3151;0;0;41;5.49;11;3;0;0;0;0;0;93,884;12,575.08;19,505;4,377;76;10.17;0;0;0;183;24.51;39;13;2.4;0;0;0;0;0;0;0;0;0;0;8;117;15.67;26;4;7;0;3;0;0;0;0;13;0;0;16;5;7;4;0;0;0;3;5;59;7.9;9;06:24;00:51;01:02;0;0;0;418;55.98;85;0;0;0;2,236;900;34;4.55;9;0;0;0;1 hour;14:23;0;0;8;40%;54%;39%
Nichiren-21254;41;0;0;7;2.22;3;0;0;0;0;0;0;26,174;8,335.2;6,383;4,209;25;7.96;0;0;0;32;10.19;10;7;1.28;0;0;0;0;0;0;0;0;0;0;1;17;5.41;7;0;3;0;1;0;0;0;0;7;0;0;5;2;1;1;0;0;0;0;0;15;4.77;8;00:26;00:08;00:16;0;0;0;128;40.76;24;0;0;0;0;0;3;0.95;2;0;0;0;42 minutes;00:24;0;0;0;35%;0;19%
NicoNicotine-1354;2620;0;0;4;10.67;4;0;0;0;0;0;0;6,749;18,004.3;6,749;2,650;5;13.33;0;0;0;13;34.67;13;7;2.6;0;0;0;0;0;0;0;0;0;0;1;7;18.67;7;0;0;0;0;0;0;0;0;7;0;0;1;0;0;0;0;0;0;0;0;5;13.33;5;00:44;01:59;00:44;0;0;0;27;72.02;27;0;0;0;137;67;3;8;3;0;0;0;5 minutes;01:41;0;0;0;48%;0;0
Nidachu-1555;55;0;0;7;7.16;4;0;0;0;0;0;0;13,775;14,105.9;5,888;2,685;11;11.26;0;0;0;19;19.45;9;6;1.72;0;0;0;0;0;0;0;0;0;1;2;15;15.36;7;0;1;0;0;0;0;0;0;0;0;0;2;1;1;1;0;0;0;3;1;8;8.19;4;00:20;00:21;00:17;0;0;0;59;60.41;31;0;0;0;0;0;5;5.12;3;0;0;0;11 minutes;03:21;0;0;0;56%;0;48%
NikolaTesla-11280;53;0;0;16;3.8;3;0;0;0;0;0;0;36,664;8,716.03;4,619;3,091;48;11.41;0;0;0;70;16.64;18;6;1.45;0;0;0;0;0;0;0;0;0;0;0;38;9.03;7;0;4;0;1;0;0;0;0;6;0;0;9;3;2;4;0;0;0;0;0;34;8.08;9;05:00;01:11;01:13;0;0;0;190;45.16;27;0;0;0;0;0;5;1.18;3;0;0;0;42 minutes;02:28;0;0;0;51%;0;26%
NorthPolaris-1964;48;0;0;7;4.96;4;0;0;0;0;0;0;22,145;15,707.97;11,890;8,183;13;9.22;0;0;0;35;24.82;23;9;2.69;0;0;0;0;0;0;0;0;0;0;0;19;13.47;14;0;1;0;1;0;0;0;0;9;0;0;2;1;0;1;0;0;0;0;0;7;4.96;5;00:48;00:34;00:48;0;0;0;104;73.76;54;0;0;0;0;0;5;3.54;3;0;0;0;20 minutes;0;0;0;0;35%;0;100%
Nostril-1317;3333;0;0;46;6.24;13;3;0;0;0;0;0;106,720;14,482.14;23,873;6,102;72;9.77;0;0;0;159;21.57;38;10;2.2;0;0;0;0;0;0;0;0;0;0;1;94;12.75;19;4;7;0;4;0;0;0;0;10;0;0;23;5;12;5;0;0;0;4;8;73;9.9;15;04:31;00:36;00:46;0;0;0;483;65.54;124;0;0;0;1,812;961;12;1.62;3;1;0;0;1 hour;11:03;0;0;2;53%;76%;50%
Nova-1852;65;0;0;134;10.58;16;12;0;0;0;0;0;234,374;18,505.87;21,658;7,703;139;10.97;0;0;0;526;41.53;47;19;3.78;0;0;0;0;0;0;0;0;0;2;8;325;25.66;30;0;13;0;9;0;0;0;0;19;0;0;43;8;24;11;3;0.23;1;4;8;212;16.73;22;14:45;01:09;01:24;0;0;0;951;75.08;82;0;0;0;0;0;88;6.94;9;1;0;0;2 hours;59:13;0;0;0;55%;0;73%
Novady-11519;3894;0;0;6;8.29;3;0;0;0;0;0;0;14,787;20,447.06;6,176;3,803;6;8.29;0;0;0;20;27.65;9;8;3.33;0;0;0;0;0;0;0;0;0;0;0;10;13.82;4;1;1;0;0;0;0;0;0;8;0;0;2;0;1;1;0;0;0;3;1;13;17.97;6;00:48;01:06;00:26;0;0;0;54;74.66;22;0;0;0;235;134;2;2.76;2;0;0;0;9 minutes;00:39;0;0;0;57%;67%;22%
Nypro-1996;4105;0;0;1;2.93;1;0;0;0;0;0;0;9,310;27,304.76;4,257;3,149;5;14.66;0;0;0;9;26.39;5;5;1.8;0;0;0;0;0;0;0;0;0;0;0;5;14.66;4;0;0;0;0;0;0;0;0;5;0;0;1;0;1;0;0;0;0;0;0;4;11.73;2;00:08;00:23;00:05;0;0;0;35;102.65;16;0;0;0;150;99;0;0;0;0;0;0;6 minutes;00:27;0;0;0;66%;0;22%
NzNr-1485;3728;0;0;187;5.82;12;9;0;0;0;0;0;432,010;13,455.47;23,389;7,164;221;6.88;0;0;0;899;28;40;17;4.06;0;0;0;0;0;0;0;0;0;3;34;503;15.66;26;4;32;0;28;0;0;0;0;17;0;0;89;29;37;22;7;0.21;1;4;25;222;6.91;14;26:06;00:48;01:26;0;0;0;1,891;58.89;116;0;0;0;7,834;3,855;92;2.86;5;1;0;0;5 hours;44:54;0;0;16;49%;60%;87%
Odin-1745;3076;0;0;56;6.53;7;0;0;0;0;0;0;113,327;13,232.45;18,928;4,335;109;12.72;0;0;0;222;25.92;22;9;2.03;0;0;0;0;0;0;0;0;0;0;2;136;15.87;15;5;9;1;3;0;0;0;0;9;0;0;16;8;2;6;0;0;0;4;9;71;8.29;13;03:11;00:22;00:28;0;0;0;445;51.95;67;0;0;0;2,234;1,058;47;5.48;7;1;0;0;1 hour;06:24;0;0;7;47%;73%;31%
OhioBuckeyes-11390;2579;0;0;10;4.6;5;0;0;0;0;0;0;29,132;13,404.97;6,119;2,586;32;14.72;0;0;0;54;24.84;14;6;1.68;0;0;0;0;0;0;0;0;0;0;1;26;11.96;6;1;2;0;1;0;0;0;0;6;0;0;7;2;3;2;1;0.46;1;0;0;21;9.66;7;01:12;00:33;00:24;0;0;0;118;54.29;24;0;0;0;518;237;7;3.22;2;0;0;0;28 minutes;00:40;0;0;4;45%;46%;34%
ONIGOD-21483;3888;0;0;1;2.5;1;0;0;0;0;0;0;5,226;13,069.3;3,717;2,184;6;15;0;0;0;5;12.5;4;2;0.83;0;0;0;0;0;0;0;0;0;1;0;2;5;2;0;0;0;0;0;0;0;0;2;0;0;1;0;0;1;0;0;0;0;0;3;7.5;2;00:18;00:47;00:10;0;0;0;16;40.01;10;0;0;0;112;50;1;2.5;1;0;0;0;5 minutes;0;0;0;0;44%;28%;19%
oPuTo-1727;3814;0;0;4;11.48;4;0;0;0;0;0;0;5,754;16,525.02;5,754;3,573;4;11.48;0;0;0;15;43.08;15;9;3.75;0;0;0;0;0;0;0;0;0;0;0;8;22.97;8;0;0;0;0;0;0;0;0;9;0;0;1;0;0;1;0;0;0;0;0;4;11.48;4;00:17;00:50;00:17;0;0;0;25;71.8;25;0;0;0;94;52;0;0;0;0;0;0;3 minutes;01:37;0;0;0;55%;55%;100%
order-31569;4661;0;0;65;10.22;13;6;0;0;0;0;0;151,554;23,838.67;32,403;8,455;73;11.48;0;0;0;249;39.16;35;13;3.41;0;0;0;0;0;0;0;0;0;1;4;152;23.9;25;1;6;0;5;0;0;0;0;13;0;0;17;2;11;3;0;0;0;6;11;38;5.97;8;03:01;00:28;00:41;0;0;0;601;94.53;136;0;0;0;2,399;1,233;26;4.08;7;0;0;0;1 hour;21:54;0;0;0;51%;56%;80%
Ovidious-11975;0;0;0;6;2.67;3;0;0;0;0;0;0;35,559;15,862.99;10,593;3,222;28;12.49;0;0;0;46;20.52;18;7;1.64;0;0;0;0;0;0;0;0;0;0;1;22;9.81;7;2;2;0;1;0;0;0;0;7;0;0;6;2;0;3;0;0;0;0;0;16;7.13;8;01:27;00:39;00:48;0;0;0;179;79.85;57;0;0;0;652;342;9;4.01;3;0;0;0;29 minutes;00:27;0;0;3;52%;61%;26%
ozr-1362;0;0;0;0;0;0;0;0;0;0;0;0;1,033;13,067.65;1,033;997;1;12.65;0;0;0;6;75.9;6;5;6;0;0;0;0;0;0;0;0;0;0;0;2;25.3;2;0;0;0;0;0;0;0;0;5;0;0;0;0;0;0;0;0;0;0;0;4;50.6;4;00:13;02:55;00:13;0;0;0;4;50.6;4;0;0;0;30;19;0;0;0;0;0;0;1 minute;0;0;0;0;63%;63%;0
p0isons-1162;54;0;0;23;7.33;6;4;0;0;0;0;0;46,374;14,785.56;14,169;3,693;28;8.92;0;0;0;85;27.1;27;10;3.03;0;0;0;0;0;0;0;0;0;0;4;57;18.17;22;0;3;0;1;0;0;0;0;10;0;0;10;1;5;4;0;0;0;3;3;30;9.56;17;01:16;00:24;00:43;0;0;0;228;72.69;76;0;0;0;0;0;16;5.1;6;0;0;0;35 minutes;05:04;0;0;0;49%;0;23%
Pamyu-1936;3435;0;0;0;0;0;0;0;0;0;0;0;1,118;8,759.27;1,118;962;2;15.67;0;0;0;0;0;0;0;0;0;0;0;0;0;0;0;0;0;0;0;0;0;0;0;0;0;0;0;0;0;0;0;0;0;0;0;0;0;0;0;0;0;0;0;0;0;00:02;00:17;00:02;0;0;0;7;54.85;7;0;0;0;16;9;0;0;0;0;0;0;1 minute;0;0;0;0;56%;0;100%
PassTheSalt-11477;2699;0;0;82;5.58;7;0;0;0;0;0;0;197,935;13,469.88;12,674;6,672;203;13.81;0;0;0;351;23.88;25;13;1.72;0;0;0;0;0;0;0;0;0;0;13;202;13.74;12;9;15;1;5;0;0;0;0;13;0;0;41;16;11;14;0;0;0;5;7;143;9.73;18;19:30;01:19;01:32;0;0;0;710;48.31;47;0;0;0;3,153;1,715;57;3.87;5;3;0;0;3 hours;10:35;0;0;28;54%;100%;33%
Phoinix-3581;2837;0;0;48;8.2;12;2;0;0;0;0;0;112,406;19,219.8;19,992;6,611;56;9.57;0;0;0;199;34.02;42;11;3.55;0;0;0;0;0;0;0;0;0;0;4;128;21.88;31;1;6;1;3;0;0;0;0;11;0;0;16;3;5;8;0;0;0;3;5;66;11.28;17;04:29;00:46;01:08;0;0;0;576;98.48;105;0;0;0;2,267;1,040;41;7.01;11;0;0;0;1 hour;12:19;0;0;6;45%;51%;55%
Phython-1699;3306;0;0;128;10.37;17;9;0;0;0;0;0;253,523;20,539.48;30,780;9,021;102;8.26;0;0;0;464;37.59;45;19;4.54;0;0;0;0;0;0;0;0;0;0;9;294;23.81;28;4;12;0;9;0;0;0;0;19;0;0;34;5;22;8;2;0.16;1;5;21;147;11.9;25;07:00;00:34;01:12;0;0;0;1,043;84.5;135;0;0;0;4,062;2,192;47;3.8;7;0;0;0;2 hours;38:16;0;0;5;53%;64%;69%
pierino-1398;2595;0;0;37;10.71;17;1;0;0;0;0;0;76,613;22,189.89;25,820;7,770;39;11.29;0;0;0;152;44.02;53;17;3.89;0;0;0;0;0;0;0;0;0;1;7;95;27.51;39;1;3;0;2;0;0;0;0;17;0;0;9;2;5;3;0;0;0;4;4;76;22.01;31;04:40;01:21;01:35;0;0;0;318;92.1;101;0;0;0;1,438;779;10;2.89;5;0;0;0;59 minutes;11:01;0;0;0;54%;64%;65%
pii-11898;2709;0;0;6;7.11;5;0;0;0;0;0;0;15,818;18,756.47;9,775;5,070;3;3.55;0;0;0;18;21.34;12;6;6;0;0;0;0;0;0;0;0;0;0;0;11;13.04;7;1;1;0;0;0;0;0;0;6;0;0;2;0;0;2;0;0;0;4;1;8;9.48;8;00:22;00:26;00:13;0;0;0;60;71.14;45;0;0;0;240;127;0;0;0;0;0;0;9 minutes;00:48;0;0;0;52%;0;0
piiiia-2451;25;0;0;13;1.16;4;1;0;0;0;0;0;70,906;6,374.56;8,349;3,962;130;11.68;0;0;0;97;8.72;19;6;0.74;0;0;0;0;0;0;0;0;0;2;5;51;4.58;13;0;11;0;4;0;0;0;0;6;0;0;19;7;5;7;0;0;0;0;0;43;3.86;13;05:51;00:31;01:29;0;0;0;400;35.96;49;0;0;0;0;0;15;1.34;4;0;0;0;1 hour;00:27;0;0;0;33%;0;31%
Pinky-6151;70;0;0;304;5;23;47;0;0;0;0;0;892,742;14,684.4;39,787;10,883;542;8.91;0;0;0;2,045;33.63;76;32;3.77;0;0;0;0;0;0;0;0;0;2;16;1,349;22.18;55;0;61;0;36;0;0;0;0;32;0;0;148;33;84;31;1;0.01;1;5;34;544;8.94;32;26:02;00:25;01:17;0;0;0;4,219;69.39;152;0;0;0;0;0;416;6.84;20;3;0;0;12 hours;02:37:09;0;0;0;51%;0;59%
PizzaHut-11467;1579;0;0;1;2;1;0;0;0;0;0;0;3,398;6,825.74;3,398;2,127;4;8.03;0;0;0;7;14.06;7;5;1.75;0;0;0;0;0;0;0;0;0;0;0;2;4.01;2;0;0;0;0;0;0;0;0;5;0;0;1;0;0;0;0;0;0;0;0;4;8.03;4;00:18;00:36;00:18;0;0;0;10;20.08;10;0;0;0;227;39;0;0;0;0;0;0;6 minutes;0;0;0;0;17%;0;100%
PLAYB0Y-11500;2966;0;0;5;6.37;5;0;0;0;0;0;0;12,698;16,185.41;6,455;2,292;9;11.47;0;0;0;28;35.68;19;7;3.11;0;0;0;0;0;0;0;0;0;0;0;17;21.66;12;1;1;0;0;0;0;0;0;7;0;0;2;0;1;1;0;0;0;0;0;11;14.02;9;00:43;00:54;00:33;0;0;0;56;71.37;25;0;0;0;244;145;5;6.37;4;0;0;0;9 minutes;02:45;0;0;1;59%;78%;15%
PoppyDogma-1243;3133;0;0;8;3.68;3;0;0;0;0;0;0;22,096;10,188.18;5,548;3,180;30;13.83;0;0;0;49;22.59;18;7;1.63;0;0;0;0;0;0;0;0;0;0;1;32;14.75;14;0;2;0;2;0;0;0;0;7;0;0;5;2;1;2;0;0;0;0;0;15;6.91;6;01:31;00:42;00:37;0;0;0;112;51.64;30;0;0;0;600;243;8;3.68;3;0;0;0;28 minutes;00:00;0;0;2;40%;51%;79%
PsychoHazard-1722;0;0;0;50;8.21;8;3;0;0;0;0;0;116,609;19,170.1;11,867;8,943;71;11.67;0;0;0;210;34.52;23;12;2.95;0;0;0;0;0;0;0;0;0;0;8;124;20.38;14;2;6;0;3;0;0;0;0;12;0;0;19;4;9;7;0;0;0;4;3;86;14.13;9;07:51;01:17;01:08;0;0;0;502;82.52;53;0;0;0;2,241;1,056;29;4.76;6;0;0;0;1 hour;09:56;0;0;2;47%;57%;57%
puchio-1528;3000;0;0;2;9.73;2;0;0;0;0;0;0;6,023;29,311.87;6,023;2,792;3;14.6;0;0;0;7;34.06;7;4;2.33;0;0;0;0;0;0;0;0;0;0;0;3;14.6;3;0;0;0;0;0;0;0;0;4;0;0;1;0;0;0;0;0;0;0;0;5;24.33;5;00:29;02:24;00:29;0;0;0;28;136.27;28;0;0;0;82;47;0;0;0;0;0;0;3 minutes;0;0;0;0;57%;0;0
qnx-2372;70;0;0;36;7.34;9;4;0;0;0;0;0;87,745;17,908.48;24,875;10,822;50;10.2;0;0;0;187;38.16;48;18;3.74;0;0;0;0;0;0;0;0;0;1;5;124;25.3;37;0;5;0;3;0;0;0;0;0;0;0;12;4;5;3;0;0;0;4;4;49;10;9;03:05;00:37;00:39;0;0;0;352;71.84;100;0;0;0;0;0;36;7.34;9;0;0;0;1 hour;24:02;0;0;0;52%;0;52%
qqwess-3609;2968;0;0;1;3.53;1;0;0;0;0;0;0;5,204;18,409.49;5,204;5,204;0;0;0;0;0;10;35.37;10;10;0;0;0;0;0;0;0;0;0;0;0;0;8;28.3;8;0;0;0;0;0;0;0;0;10;0;0;1;0;1;0;0;0;0;0;0;5;17.68;5;00:33;01:57;00:33;0;0;0;21;74.28;21;0;0;0;191;68;3;10.61;3;0;0;0;5 minutes;00:20;0;0;0;35%;0;94%
Rain-13736;3146;0;0;8;9.06;5;1;0;0;0;0;0;13,607;15,421.16;8,457;5,483;7;7.93;0;0;0;32;36.26;23;14;4.57;0;0;0;0;0;0;0;0;0;0;2;23;26.06;18;0;1;0;1;0;0;0;0;14;0;0;2;0;1;1;0;0;0;3;1;7;7.93;4;00:28;00:32;00:23;0;0;0;57;64.59;39;0;0;0;216;129;7;7.93;5;0;0;0;9 minutes;03:17;0;0;0;59%;57%;57%
Raisu-3380;2608;0;0;49;7.58;10;5;0;0;0;0;0;113,217;17,517.03;20,624;7,963;68;10.52;0;0;0;188;29.08;33;13;2.76;0;0;0;0;0;0;0;0;0;1;5;123;19.03;19;3;6;1;2;0;0;0;0;13;0;0;20;2;12;5;0;0;0;4;5;71;10.98;17;03:30;00:32;00:47;0;0;0;513;79.37;89;0;0;0;1,929;1,022;26;4.02;7;0;0;0;1 hour;12:15;0;0;13;52%;60%;37%
Randomoink-2799;2704;0;0;259;6.3;19;17;0;0;0;0;0;589,689;14,355.36;25,333;10,639;346;8.42;0;0;0;1,257;30.6;53;21;3.63;0;0;0;0;0;0;0;0;0;4;31;772;18.79;33;12;41;1;27;0;0;0;0;21;0;0;114;24;49;40;0;0;0;5;40;547;13.31;27;49:16;01:11;02:33;0;0;0;2,331;56.74;87;0;0;0;9,710;5,441;197;4.79;9;1;0;0;8 hours;01:30:13;0;0;28;56%;72%;66%
RapidCH-4957;2634;0;0;14;4.17;4;2;0;0;0;0;0;56,464;16,849.14;12,360;9,544;28;8.35;0;0;0;96;28.64;25;19;3.42;0;0;0;0;0;0;0;0;0;0;0;58;17.3;17;1;3;1;2;0;0;0;0;19;0;0;9;2;5;2;1;0.29;1;3;1;54;16.11;17;03:07;00:55;01:07;0;0;0;260;77.58;59;0;0;0;1,093;539;10;2.98;3;0;0;0;39 minutes;08:11;0;0;2;49%;61%;47%
Rascal-31813;4599;0;0;54;4.96;8;9;0;0;0;0;0;131,951;12,131.48;16,712;10,191;49;4.5;0;0;0;257;23.62;37;18;5.24;0;0;0;0;0;0;0;0;0;0;5;147;13.51;24;0;11;1;10;0;0;0;0;18;0;0;29;4;15;11;2;0.18;1;4;8;27;2.48;4;02:27;00:13;00:34;0;0;0;561;51.57;78;0;0;0;2,519;1,223;36;3.3;8;0;0;0;1 hour;11:21;0;0;0;48%;66%;94%
Rebecca-12561;0;0;0;145;4.54;13;10;0;0;0;0;0;423,929;13,274.24;21,550;5,180;402;12.58;0;0;0;749;23.45;41;13;1.86;0;0;0;0;0;0;0;0;0;2;7;396;12.39;18;20;32;0;12;0;0;0;0;13;0;0;59;20;16;23;0;0;0;4;16;307;9.61;19;17:18;00:32;01:15;0;0;0;2,109;66.03;104;0;0;0;9,503;3,956;118;3.69;5;3;0;0;7 hours;17:43;0;0;79;41%;75%;38%
Rebird-1185;0;0;0;0;0;0;0;0;0;0;0;0;1,365;32,480.29;1,365;1,365;1;23.8;0;0;0;0;0;0;0;0;0;0;0;0;0;0;0;0;0;0;0;0;0;0;0;0;0;0;0;0;0;0;0;0;0;0;0;0;0;0;0;0;0;0;0;0;0;0;0;0;0;0;0;9;214.21;9;0;0;0;19;12;0;0;0;0;0;0;41.00118701905012 seconds;0;0;0;0;63%;0;100%
RebornZ-11715;4006;0;0;3;11.23;3;0;0;0;0;0;0;6,376;23,878.46;6,376;3,646;5;18.72;0;0;0;12;44.94;12;6;2.4;0;0;0;0;0;0;0;0;0;0;0;7;26.21;7;0;0;0;0;0;0;0;0;6;0;0;1;0;0;1;0;0;0;0;0;1;3.74;1;00:20;01:17;00:20;0;0;0;24;89.88;24;0;0;0;95;52;1;3.74;1;0;0;0;4 minutes;0;0;0;0;54%;0;100%
Reilly-11549;3595;0;0;27;13.46;9;3;0;0;0;0;0;46,721;23,297.71;13,381;5,793;15;7.47;0;0;0;80;39.89;25;14;5.33;0;0;0;0;0;0;0;0;0;0;1;56;27.92;14;1;2;0;1;0;0;0;0;14;0;0;6;1;5;0;0;0;0;6;6;26;12.96;9;00:35;00:17;00:13;0;0;0;194;96.74;59;0;0;0;702;372;8;3.98;3;0;0;0;27 minutes;07:06;0;0;0;52%;57%;45%
Renyz-11199;3452;0;0;0;0;0;0;0;0;0;0;0;3,269;25,029.94;2,188;2,188;2;15.31;0;0;0;2;15.31;2;2;1;0;0;0;0;0;0;0;0;0;0;0;0;0;0;0;0;0;0;0;0;0;0;2;0;0;0;0;0;0;0;0;0;0;0;2;15.31;2;00:03;00:25;00:03;0;0;0;18;137.81;12;0;0;0;65;32;0;0;0;0;0;0;2 minutes;0;0;0;0;49%;55%;0
Ridget-11622;3613;0;0;0;0;0;0;0;0;0;0;0;625;10,185.68;625;584;1;16.29;0;0;0;0;0;0;0;0;0;0;0;0;0;0;0;0;0;0;0;0;0;0;0;0;0;0;0;0;0;0;0;0;0;0;0;0;0;0;0;0;0;0;0;0;0;0;0;0;0;0;0;3;48.87;3;0;0;0;15;8;0;0;0;0;0;0;48.88674099277705 seconds;0;0;0;0;53%;0;100%
rose-3958;1361;0;0;131;3.37;13;8;0;0;0;0;0;455,215;11,741.44;32,037;7,410;354;9.13;0;0;0;650;16.76;43;10;1.83;0;0;0;0;0;0;0;0;0;1;9;318;8.2;22;27;39;2;10;0;0;0;0;10;0;0;73;26;28;20;0;0;0;4;8;256;6.6;26;11:49;00:18;01:03;0;0;0;1,934;49.88;144;0;0;0;11,642;4,429;73;1.88;7;0;0;0;7 hours;13:53;0;0;2;38%;49%;25%
Ryouta-1885;57;0;0;12;5.06;4;1;0;0;0;0;0;38,057;16,055.03;9,097;5,048;32;13.49;0;0;0;54;22.78;19;10;1.68;0;0;0;0;0;0;0;0;0;0;0;36;15.18;16;0;2;0;1;0;0;0;0;0;0;0;7;2;4;1;0;0;0;3;1;8;3.37;3;00:52;00:22;00:25;0;0;0;195;82.26;54;0;0;0;0;0;13;5.48;6;0;0;0;32 minutes;02:18;0;0;0;51%;0;38%
ryujehong-31878;4424;0;0;11;7.77;5;0;0;0;0;0;0;19,651;13,892.37;8,658;3,881;16;11.31;0;0;0;28;19.79;11;6;1.75;0;0;0;0;0;0;0;0;0;0;0;14;9.89;5;0;1;0;1;0;0;0;0;6;0;0;3;1;1;2;0;0;0;3;1;6;4.24;3;00:27;00:19;00:14;0;0;0;75;53.02;33;0;0;0;348;170;0;0;0;0;0;0;14 minutes;01:15;0;0;0;48%;51%;79%
sads-1738;2797;0;0;53;9.79;10;4;0;0;0;0;0;115,130;21,267.9;21,078;11,242;46;8.49;0;0;0;157;29;30;18;3.41;0;0;0;0;0;0;0;0;0;0;4;78;14.4;17;2;5;1;3;0;0;0;0;18;0;0;15;6;5;5;0;0;0;4;8;69;12.74;14;04:39;00:51;00:53;0;0;0;465;85.89;73;0;0;0;1,830;977;16;2.95;4;0;0;0;1 hour;10:05;0;0;0;53%;0;52%
saks-21838;2540;0;0;17;5.44;9;0;0;0;0;0;0;39,037;12,507.12;8,804;6,022;30;9.61;0;0;0;72;23.06;20;15;2.4;0;0;0;0;0;0;0;0;0;0;2;38;12.17;10;2;3;0;1;0;0;0;0;15;0;0;9;3;3;3;0;0;0;4;1;38;12.17;14;02:08;00:41;01:01;0;0;0;172;55.1;40;0;0;0;989;388;11;3.52;6;0;0;0;38 minutes;01:21;0;0;1;39%;48%;47%
SaltyPanda-11486;3295;0;0;14;5.17;3;0;0;0;0;0;0;31,369;11,597.94;8,028;2,310;42;15.52;0;0;0;51;18.85;15;4;1.21;0;0;0;0;0;0;0;0;0;0;2;27;9.98;9;2;3;0;1;0;0;0;0;4;0;0;5;3;1;1;0;0;0;0;0;18;6.65;7;01:28;00:32;00:41;0;0;0;128;47.32;39;0;0;0;617;310;6;2.21;3;0;0;0;38 minutes;02:06;0;0;0;50%;52%;19%
SanALex-2258;3625;0;0;32;5.14;8;1;0;0;0;0;0;102,687;16,503.76;10,759;4,212;89;14.3;0;0;0;151;24.26;20;8;1.69;0;0;0;0;0;0;0;0;0;2;4;95;15.26;14;4;6;1;2;0;0;0;0;8;0;0;17;6;5;6;1;0.16;1;3;2;49;7.87;9;05:49;00:56;01:08;0;0;0;487;78.27;52;0;0;0;1,722;945;21;3.37;4;0;0;0;1 hour;07:46;0;0;13;54%;73%;24%
Saorabbie-3401;3960;0;0;2;14.82;2;0;0;0;0;0;0;3,569;26,450.63;3,569;2,328;1;7.41;0;0;0;7;51.87;7;5;7;0;0;0;0;0;0;0;0;0;0;0;5;37.05;5;0;0;0;0;0;0;0;0;5;0;0;0;0;0;0;0;0;0;0;0;2;14.82;2;00:11;01:22;00:11;0;0;0;9;66.69;9;0;0;0;55;28;0;0;0;0;0;0;2 minutes;00:08;0;0;0;50%;0;100%
Sardis-21172;80;0;0;103;9.9;16;9;0;0;0;0;0;227,086;21,842.96;23,931;13,107;129;12.4;0;0;0;449;43.18;53;22;3.48;0;0;0;0;0;0;0;0;0;0;3;278;26.74;30;0;10;0;5;0;0;0;0;22;0;0;33;5;19;10;0;0;0;5;13;161;15.48;20;08:05;00:46;01:07;0;0;0;1,048;100.8;117;0;0;0;0;0;47;4.52;6;0;0;0;2 hours;34:49;0;0;0;48%;0;51%
scottiting-3836;3000;0;0;0;0;0;0;0;0;0;0;0;2,137;16,644.77;2,137;2,137;1;7.78;0;0;0;2;15.57;2;2;2;0;0;0;0;0;0;0;0;0;0;0;1;7.78;1;0;0;0;0;0;0;0;0;2;0;0;0;0;0;0;0;0;0;0;0;0;0;0;00:01;00:14;00:01;0;0;0;10;77.89;10;0;0;0;37;19;0;0;0;0;0;0;1 minute;0;0;0;0;51%;0;0
Scy-1494;2687;0;0;17;5.26;3;0;0;0;0;0;0;46,481;14,394.4;9,728;3,668;38;11.76;0;0;0;76;23.53;17;9;2;0;0;0;0;0;0;0;0;0;0;2;37;11.45;7;1;3;0;2;0;0;0;0;9;0;0;11;5;2;3;0;0;0;3;2;32;9.9;9;01:50;00:34;00:27;0;0;0;192;59.45;35;0;0;0;952;434;13;4.02;3;1;0;0;45 minutes;00:52;0;0;9;45%;73%;73%
Seba-1198;62;0;0;5;4.02;4;0;0;0;0;0;0;9,387;7,554.17;6,185;1,947;15;12.07;0;0;0;17;13.68;14;4;1.13;0;0;0;0;0;0;0;0;0;0;0;11;8.85;8;0;1;0;0;0;0;0;0;4;0;0;5;2;3;0;0;0;0;0;0;5;4.02;5;00:34;00:28;00:34;0;0;0;44;35.41;27;0;0;0;0;0;5;4.02;3;0;0;0;12 minutes;0;0;0;0;34%;0;0
Setsuna-3446;0;0;0;7;7.31;5;0;0;0;0;0;0;18,008;18,822.77;12,164;7,941;6;6.27;0;0;0;22;22.99;14;13;3.66;0;0;0;0;0;0;0;0;0;0;0;12;12.54;6;0;1;0;1;0;0;0;0;13;0;0;3;1;1;1;0;0;0;0;0;8;8.36;6;01:00;01:02;00:33;0;0;0;76;79.43;55;0;0;0;360;184;8;8.36;5;0;0;0;11 minutes;02:33;0;0;7;51%;54%;80%
SgtMcNuggets-21353;46;0;0;5;3.5;3;0;0;0;0;0;0;17,939;12,581.08;10,049;6,024;13;9.11;0;0;0;43;30.15;23;9;3.3;0;0;0;0;0;0;0;0;0;0;3;23;16.13;12;0;1;0;1;0;0;0;0;9;0;0;3;2;0;1;0;0;0;0;0;24;16.83;12;01:11;00:49;00:38;0;0;0;68;47.68;31;0;0;0;0;0;7;4.9;5;0;0;0;19 minutes;00:53;0;0;0;41%;0;56%
ShadowDragon-148899;2901;0;0;2;6.5;2;0;0;0;0;0;0;4,651;15,139.4;4,651;3,623;2;6.5;0;0;0;9;29.29;9;8;4.5;0;0;0;0;0;0;0;0;0;0;0;3;9.76;3;0;0;0;0;0;0;0;0;8;0;0;1;1;0;0;0;0;0;0;0;7;22.78;7;00:39;02:08;00:39;0;0;0;18;58.58;18;0;0;0;123;40;0;0;0;0;0;0;4 minutes;0;0;0;0;32%;0;0
Shady-1406;2679;0;0;0;0;0;0;0;0;0;0;0;1,057;20,087.75;1,057;1,057;0;0;0;0;0;4;76.01;4;4;0;0;0;0;0;0;0;0;0;0;0;0;2;38;2;0;0;0;0;0;0;0;0;4;0;0;0;0;0;0;0;0;0;0;0;1;19;1;0;0;0;0;0;0;8;152.03;8;0;0;0;23;12;0;0;0;0;0;0;43.323718037456274 seconds;00:09;0;0;0;52%;0;100%
Sharkyos-1524;0;0;0;4;4.13;2;0;0;0;0;0;0;13,664;14,122.94;6,143;2,753;14;14.47;0;0;0;29;29.97;14;8;2.07;0;0;0;0;0;0;0;0;0;0;0;18;18.6;10;0;1;0;1;0;0;0;0;8;0;0;2;0;0;2;1;1.03;1;3;1;11;11.36;6;00:52;00:53;00:28;0;0;0;60;62.01;26;0;0;0;332;135;5;5.16;2;0;0;0;14 minutes;0;0;0;0;40%;40%;58%
Shinobu-1269;48;0;0;296;3.94;11;26;0;0;0;0;0;771,606;10,285.46;22,117;6,105;925;12.33;0;0;0;1,498;19.96;44;15;1.61;0;0;0;0;0;0;0;0;0;4;30;890;11.86;22;0;75;0;35;0;0;0;0;15;0;0;183;62;57;64;7;0.09;1;4;15;624;8.31;25;01:13:39;00:58;02:36;0;0;0;3,761;50.13;89;0;0;0;0;0;281;3.74;10;10;0;0;14 hours;01:27:53;0;0;0;48%;0;46%
SKRT-11232;1023;0;0;6;4.68;3;1;0;0;0;0;0;14,732;11,494.93;7,732;3,778;7;5.46;0;0;0;47;36.67;34;13;6.71;0;0;0;0;0;0;0;0;0;0;1;32;24.96;25;0;1;0;1;0;0;0;0;13;0;0;4;0;3;0;1;0.78;1;3;1;16;12.48;12;00:41;00:32;00:16;0;0;0;64;49.93;47;0;0;0;353;165;18;14.04;13;0;0;0;13 minutes;04:33;0;0;3;46%;61%;85%
Slinky-1777;0;0;0;1;2.66;1;0;0;0;0;0;0;3,802;10,139.36;3,802;2,071;3;7.99;0;0;0;6;15.99;6;3;2;0;0;0;0;0;0;0;0;0;0;1;4;10.66;4;0;0;0;0;0;0;0;0;3;0;0;1;0;0;0;0;0;0;0;0;2;5.33;2;00:05;00:14;00:05;0;0;0;14;37.33;14;0;0;0;113;36;2;5.33;2;0;0;0;4 minutes;00:20;0;0;0;31%;31%;100%
Slyness-11185;3955;0;0;18;10.05;13;1;0;0;0;0;0;44,813;25,027.73;24,486;4,887;20;11.16;0;0;0;57;31.83;36;8;2.85;0;0;0;0;0;0;0;0;0;0;3;39;21.78;24;0;2;0;2;0;0;0;0;8;0;0;5;1;3;1;0;0;0;3;1;27;15.07;22;01:20;00:44;00:51;0;0;0;173;96.62;94;0;0;0;606;319;9;5.02;5;0;0;0;26 minutes;02:58;0;0;0;52%;57%;88%
smacked-11443;73;0;0;3;7.15;3;0;0;0;0;0;0;6,967;16,618.35;6,046;2,915;7;16.69;0;0;0;15;35.77;15;5;2.14;0;0;0;0;0;0;0;0;0;0;0;8;19.08;8;0;0;0;0;0;0;0;0;5;0;0;2;0;1;0;0;0;0;3;1;8;19.08;8;00:15;00:37;00:15;0;0;0;25;59.63;20;0;0;0;0;0;3;7.15;3;0;0;0;6 minutes;00:46;0;0;0;47%;0;77%
Smith-2700;82;0;0;131;8.13;12;11;0;0;0;0;0;247,366;15,363.88;25,969;9,418;132;8.19;0;0;0;590;36.64;57;26;4.46;0;0;0;0;0;0;0;0;0;0;4;372;23.1;38;0;16;0;12;0;0;0;0;26;0.12;0;44;4;26;14;0;0;0;4;15;179;11.11;21;12:09;00:45;01:32;0;0;0;1,131;70.24;125;0;0;0;0;0;83;5.15;10;1;0;0;3 hours;44:39;0;0;0;52%;0;77%
Snoy-1164;3000;0;0;21;7.03;6;1;0;0;0;0;0;54,798;18,362.97;15,986;7,778;28;9.38;0;0;0;76;25.46;20;15;2.71;0;0;0;0;0;0;0;0;0;0;0;51;17.09;15;1;3;0;2;0;0;0;0;15;0;0;9;2;5;3;0;0;0;4;1;25;8.37;7;01:47;00:36;00:43;0;0;0;237;79.41;60;0;0;0;798;457;7;2.34;4;0;0;0;32 minutes;05:16;0;0;0;57%;71%;57%
SoKoOLz-3456;2627;0;0;283;5.69;24;24;0;0;0;0;0;708,895;14,263.6;41,375;11,350;437;8.79;0;0;0;1,303;26.21;58;16;2.98;0;0;0;0;0;0;0;0;0;1;42;741;14.9;35;13;50;5;31;0;0;0;0;16;0;0;120;30;49;41;0;0;0;5;22;475;9.55;42;28:44;00:34;03:02;0;0;0;3,034;61.04;190;0;0;0;13,867;6,840;217;4.36;12;1;0;0;10 hours;39:01;0;0;39;49%;66%;62%
solaroplus-3806;2592;0;0;2;7.01;2;0;0;0;0;0;0;4,827;16,929.94;4,827;1,954;4;14.02;0;0;0;3;10.52;3;2;0.75;0;0;0;0;0;0;0;0;0;0;0;3;10.52;3;0;0;0;0;0;0;0;0;2;0;0;1;1;1;0;0;0;0;0;0;2;7.01;2;00:04;00:15;00:04;0;0;0;19;66.63;19;0;0;0;65;44;1;3.5;1;0;0;0;3 minutes;0;0;0;0;67%;0;0
Somnians-2461;3015;0;0;19;6.06;3;0;0;0;0;0;0;54,918;17,518.18;9,417;5,354;34;10.84;0;0;0;77;24.56;10;8;2.26;0;0;0;0;0;0;0;0;0;0;0;39;12.44;7;1;3;1;1;0;0;0;0;8;0;0;9;5;1;2;0;0;0;3;2;37;11.8;8;01:33;00:29;00:25;0;0;0;290;92.5;37;0;0;0;929;462;10;3.18;2;0;0;0;44 minutes;01:53;0;0;5;49%;92%;17%
Sooby-2892;2588;0;0;5;7.39;3;1;0;0;0;0;0;19,724;29,163.41;10,568;4,442;14;20.7;0;0;0;31;45.83;16;5;2.21;0;0;0;0;0;0;0;0;0;0;1;16;23.65;8;1;1;0;0;0;0;0;0;5;0;0;2;1;1;0;0;0;0;0;0;13;19.22;7;01:13;01:48;00:39;0;0;0;91;134.55;53;0;0;0;288;165;1;1.47;1;0;0;0;13 minutes;00:27;0;0;0;57%;62%;0
SOR-11872;3722;0;0;52;5.43;7;4;0;0;0;0;0;154,080;16,111.21;14,818;7,372;85;8.88;0;0;0;297;31.05;33;14;3.49;0;0;0;0;0;0;0;0;0;0;5;157;16.41;18;3;10;1;6;0;0;0;0;14;0;0;26;6;13;7;0;0;0;4;9;93;9.72;13;06:02;00:37;00:46;0;0;0;708;74.03;74;0;0;0;3,094;1,443;28;2.92;5;0;0;0;2 hours;10:14;0;0;14;46%;67%;59%
Squacle-1295;2299;0;0;34;5.19;7;2;0;0;0;0;0;96,604;14,768.72;13,490;5,547;60;9.17;0;0;0;160;24.46;25;13;2.66;0;0;0;0;0;0;0;0;0;0;6;101;15.44;18;5;7;1;1;0;0;0;0;13;0;0;19;6;9;4;0;0;0;4;2;68;10.39;10;07:09;01:05;01:01;0;0;0;458;70.01;72;0;0;0;1,794;883;32;4.89;7;0;0;0;1 hour;15:39;0;0;5;49%;62%;9%
sreader-1911;2668;0;0;12;7.44;4;0;0;0;0;0;0;33,192;20,603.49;12,402;3,524;23;14.27;0;0;0;32;19.86;9;6;1.39;0;0;0;0;0;0;0;0;0;0;3;23;14.27;7;1;2;0;0;0;0;0;0;6;0;0;4;0;2;2;0;0;0;0;0;9;5.58;4;00:31;00:19;00:12;0;0;0;150;93.11;62;0;0;0;636;286;7;4.34;3;0;0;0;26 minutes;00:49;0;0;0;44%;45%;0
Ssem-3281;2855;0;0;2;10.36;2;0;0;0;0;0;0;6,488;33,636.23;6,488;2,754;5;25.92;0;0;0;6;31.1;6;5;1.2;0;0;0;0;0;0;0;0;0;0;0;3;15.55;3;0;0;0;0;0;0;0;0;5;0;0;1;0;0;0;0;0;0;0;0;0;0;0;00:00;00:04;00:00;0;0;0;38;197;38;0;0;0;102;60;1;5.18;1;0;0;0;3 minutes;0;0;0;0;58%;58%;0
Suiyoku-4395;1993;0;0;2;3.65;2;0;0;0;0;0;0;8,969;16,407.63;8,969;2,400;8;14.63;0;0;0;12;21.95;12;5;1.5;0;0;0;0;0;0;0;0;0;0;0;4;7.31;4;1;1;0;0;0;0;0;0;5;0;0;0;0;0;0;0;0;0;3;1;5;9.14;5;00:20;00:37;00:20;0;0;0;49;89.64;49;0;0;0;158;73;0;0;0;0;0;0;8 minutes;00:40;0;0;5;46%;46%;0
Supah-1288;3197;0;0;22;8.5;10;1;0;0;0;0;0;37,171;14,363.48;9,709;3,649;23;8.88;0;0;0;69;26.66;22;8;3;0;0;0;0;0;0;0;0;0;0;1;40;15.45;12;2;3;0;1;0;0;0;0;8;0;0;9;2;3;4;0;0;0;3;3;29;11.2;12;01:45;00:40;00:54;0;0;0;151;58.34;30;0;0;0;676;349;7;2.7;4;0;0;0;27 minutes;04:42;0;0;0;51%;56%;34%
SuperNinja-115210;55;0;0;10;6.57;4;1;0;0;0;0;0;19,015;12,504.97;8,280;3,364;15;9.86;0;0;0;55;36.16;29;14;3.66;0;0;0;0;0;0;0;0;0;0;0;27;17.75;14;0;2;0;1;0;0;0;0;14;0;0;4;2;1;1;0;0;0;3;1;13;8.54;7;00:50;00:33;00:26;0;0;0;89;58.52;39;0;0;0;0;0;13;8.54;7;0;0;0;19 minutes;01:05;0;0;0;48%;0;73%
SupportMain-11364;60;0;0;0;0;0;0;0;0;0;0;0;668;1,103.7;668;548;3;4.95;0;0;0;1;1.65;1;1;0.33;0;0;0;0;0;0;0;0;0;0;0;1;1.65;1;0;1;0;0;0;0;0;0;1;0;0;0;0;0;0;0;0;0;0;0;0;0;0;0;0;0;0;0;0;5;8.26;5;0;0;0;0;0;0;0;0;0;0;0;1 minute;0;0;0;0;26%;0;0
Surefour-2559;4493;0;0;17;9.89;5;1;0;0;0;0;0;32,847;19,112.17;11,240;5,467;12;6.98;0;0;0;52;30.25;15;11;4.33;0;0;0;0;0;0;0;0;0;1;0;38;22.11;10;0;2;1;1;0;0;0;0;11;0;0;6;1;5;1;2;1.16;2;4;1;29;16.87;11;01:52;01:05;00:31;0;0;0;100;58.18;28;0;0;0;442;262;5;2.9;2;0;0;0;19 minutes;05:05;0;0;0;59%;72%;61%
SwagUnicorn-4998;0;0;0;50;6.14;8;2;0;0;0;0;0;108,634;13,343.38;12,395;6,339;89;10.93;0;0;0;184;22.6;33;17;2.06;0;0;0;0;0;0;0;0;0;1;5;105;12.89;20;3;8;0;5;0;0;0;0;17;0;0;15;4;5;6;0;0;0;3;5;69;8.47;15;04:26;00:32;00:42;0;0;0;452;55.51;46;0;0;0;2,085;1,031;22;2.7;6;0;0;0;1 hour;06:21;0;0;5;49%;72%;59%
Sylar-1669;60;0;0;29;4.27;7;2;0;0;0;0;0;95,833;14,136.76;17,165;4,910;84;12.39;0;0;0;177;26.11;29;13;2.1;0;0;0;0;0;0;0;0;0;0;3;101;14.89;17;0;7;0;3;0;0;0;0;13;0;0;16;7;2;7;0;0;0;4;3;76;11.21;21;04:49;00:42;01:01;0;0;0;512;75.52;87;0;0;0;0;0;24;3.54;5;0;0;0;1 hour;09:51;0;0;0;42%;0;48%
Sypeh-2707;0;0;0;54;6.78;7;2;0;0;0;0;0;172,829;21,716.65;13,114;7,810;108;13.57;0;0;0;230;28.9;29;16;2.12;0;0;0;0;0;0;0;0;0;1;0;152;19.09;20;3;8;0;5;0;0;0;0;16;0;0;26;7;12;7;1;0.12;1;3;5;61;7.66;9;04:34;00:34;00:44;0;0;0;821;103.16;74;0;0;0;2,901;1,479;25;3.14;4;1;0;0;1 hour;13:49;0;0;0;50%;62%;57%
Taimou-2526;4311;0;0;4;9.41;3;0;0;0;0;0;0;11,206;26,384.37;5,778;2,996;11;25.89;0;0;0;15;35.31;11;7;1.36;0;0;0;0;0;0;0;0;0;0;0;8;18.83;5;0;0;0;0;0;0;0;0;7;0;0;1;0;0;1;0;0;0;0;0;1;2.35;1;00:09;00:21;00:04;0;0;0;58;136.55;27;0;0;0;190;109;2;4.7;1;0;0;0;8 minutes;0;0;0;0;57%;0;51%
Talespin-1868;4132;0;0;3;6.74;3;0;0;0;0;0;0;8,444;18,984.79;5,487;2,832;4;8.99;0;0;0;8;17.98;4;3;2;0;0;0;0;0;0;0;0;0;0;0;6;13.49;4;0;0;0;0;0;0;0;0;3;0;0;1;0;1;0;0;0;0;0;0;4;8.99;2;00:31;01:11;00:18;0;0;0;39;87.68;23;0;0;0;96;66;0;0;0;0;0;0;4 minutes;0;0;0;3;68%;76%;57%
tassame-21620;59;0;0;17;7.42;11;2;0;0;0;0;0;52,820;23,056.72;18,299;4,519;27;11.78;0;0;0;94;41.03;38;10;3.48;0;0;0;0;0;0;0;0;0;0;1;48;20.95;19;0;2;0;1;0;0;0;0;10;0;0;7;1;4;3;0;0;0;3;1;42;18.33;20;01:53;00:49;00:53;0;0;0;211;92.1;71;0;0;0;0;0;8;3.49;4;0;0;0;39 minutes;06:04;0;0;0;48%;0;55%
Teejay-1789;3762;0;0;5;5.66;3;0;0;0;0;0;0;16,434;18,616.68;6,541;6,002;8;9.06;0;0;0;18;20.39;10;10;2.25;0;0;0;0;0;0;0;0;0;0;0;8;9.06;4;0;1;0;0;0;0;0;0;10;0;0;3;1;2;0;0;0;0;3;1;8;9.06;7;00:27;00:31;00:23;0;0;0;68;77.03;27;0;0;0;186;105;0;0;0;0;0;0;7 minutes;00:37;0;0;1;56%;62%;48%
teraponn-1128;2934;0;0;3;17.6;3;0;0;0;0;0;0;7,072;41,499.88;7,072;7,032;1;5.86;0;0;0;11;64.55;11;11;11;0;0;0;0;0;0;0;0;0;0;0;7;41.07;7;0;0;0;0;0;0;0;0;11;0;0;0;0;0;0;0;0;0;0;0;5;29.34;5;01:05;06:26;01:05;0;0;0;27;158.45;27;0;0;0;93;52;0;0;0;0;0;0;3 minutes;00:42;0;0;0;55%;0;100%
TheBlackOne-1989;0;0;0;0;0;0;0;0;0;0;0;0;2,972;19,190.21;2,972;1,977;3;19.37;0;0;0;6;38.74;6;4;2;0;0;0;0;0;0;0;0;0;0;1;5;32.28;5;0;0;0;0;0;0;0;0;4;0;0;0;0;0;0;0;0;0;0;0;2;12.91;2;00:02;00:15;00:02;0;0;0;10;64.57;10;0;0;0;68;24;3;19.37;3;0;0;0;2 minutes;00:30;0;0;0;35%;0;0
TheHell-31963;4715;0;0;2;3.3;1;0;0;0;0;0;0;13,368;22,066.26;8,147;5,503;5;8.25;0;0;0;22;36.31;18;10;4.4;0;0;0;0;0;0;0;0;0;0;3;16;26.41;12;0;1;0;1;0;0;0;0;10;0;0;2;1;0;1;0;0;0;0;0;10;16.5;10;00:39;01:05;00:39;0;0;0;52;85.83;29;0;0;0;334;119;2;3.3;1;0;0;0;9 minutes;00:47;0;0;0;35%;0;100%
Thorlax-2359;2420;0;0;6;2.08;3;0;0;0;0;0;0;33,253;11,562.61;9,685;4,525;30;10.43;0;0;0;52;18.08;18;9;1.73;0;0;0;0;0;0;0;0;0;0;0;21;7.3;8;1;3;0;2;0;0;0;0;9;0;0;3;1;0;2;0;0;0;0;0;15;5.21;6;00:57;00:19;00:35;0;0;0;136;47.28;37;0;0;0;682;302;6;2.08;3;0;0;0;35 minutes;0;0;0;0;44%;39%;56%
ThreeDDD-4546;3579;0;0;1;3.63;1;0;0;0;0;0;0;2,415;8,780.79;2,415;1,171;4;14.54;0;0;0;3;10.9;3;2;0.75;0;0;0;0;0;0;0;0;0;0;0;0;0;0;0;0;0;0;0;0;0;0;2;0;0;0;0;0;0;0;0;0;0;0;1;3.63;1;00:09;00:34;00:09;0;0;0;9;32.72;9;0;0;0;50;20;0;0;0;0;0;0;3 minutes;0;0;0;0;40%;0;0
tic-1885;63;0;0;142;8.66;20;12;0;0;0;0;0;332,022;20,255.71;22,576;11,152;166;10.12;0;0;0;554;33.79;37;22;3.33;0;0;0;0;0;0;0;0;0;0;10;337;20.55;28;0;16;0;7;0;0;0;0;22;0.32;0;43;8;23;12;0;0;0;5;15;204;12.44;14;10:39;00:38;00:41;0;0;0;1,478;90.16;115;0;0;0;0;0;86;5.24;9;4;0;0;3 hours;51:27;0;0;0;54%;0;44%
Tiki-11546;3512;0;0;18;3.1;5;1;0;0;0;0;0;70,205;12,121.21;11,058;7,991;59;10.18;0;0;0;113;19.5;24;18;1.91;0;0;0;0;0;0;0;0;0;0;0;61;10.53;12;5;6;0;1;0;0;0;0;18;0;0;14;4;6;5;0;0;0;3;1;36;6.21;8;03:12;00:33;01:11;0;0;0;335;57.83;56;0;0;0;1,295;625;11;1.89;2;0;0;0;55 minutes;02:48;0;0;2;48%;66%;19%
tissuep-1542;3419;0;0;0;0;0;0;0;0;0;0;0;1,047;13,103.96;1,047;627;2;25.04;0;0;0;1;12.52;1;1;0.5;0;0;0;0;0;0;0;0;0;0;0;1;12.52;1;0;0;0;0;0;0;0;0;1;0;0;0;0;0;0;0;0;0;0;0;0;0;0;0;0;0;0;0;0;6;75.12;6;0;0;0;26;13;0;0;0;0;0;0;1 minute;0;0;0;0;50%;50%;0
Toha-2496;1362;0;0;21;10.87;6;1;0;0;0;0;0;40,645;21,041.68;9,972;9,963;11;5.69;0;0;0;67;34.68;20;10;6.09;0;0;0;0;0;0;0;0;0;0;1;47;24.33;13;2;2;0;0;0;0;0;0;10;0;0;5;1;2;2;0;0;0;3;1;25;12.94;12;01:18;00:40;00:56;0;0;0;202;104.57;63;0;0;0;652;350;19;9.83;5;0;0;0;22 minutes;05:04;0;0;6;53%;55%;21%
tongue-11364;3632;0;0;22;10.98;8;1;0;0;0;0;0;43,648;21,803.52;11,138;4,605;17;8.49;0;0;0;87;43.45;29;13;5.11;0;0;0;0;0;0;0;0;0;0;0;55;27.47;20;0;2;0;1;0;0;0;0;13;0;0;6;1;4;2;0;0;0;4;2;33;16.48;12;02:07;01:03;00:33;0;0;0;211;105.4;55;0;0;0;646;352;5;2.49;2;0;0;0;29 minutes;09:44;0;0;4;54%;0;55%
ToraNerd-1456;2322;0;0;1;1.16;1;0;0;0;0;0;0;9,727;11,303.56;2,546;2,546;14;16.26;0;0;0;4;4.64;2;2;0.28;0;0;0;0;0;0;0;0;0;0;0;2;2.32;2;1;1;0;0;0;0;0;0;2;0;0;2;1;1;0;0;0;0;0;0;1;1.16;1;00:24;00:28;00:10;0;0;0;49;56.94;15;0;0;0;205;101;1;1.16;1;0;0;0;12 minutes;0;0;0;0;49%;0;36%
Toujours-4543;0;0;0;0;0;0;0;0;0;0;0;0;808;8,804;808;808;1;10.9;0;0;0;0;0;0;0;0;0;0;0;0;0;0;0;0;0;0;0;0;0;0;0;0;0;0;0;0;0;0;0;0;0;0;0;0;0;0;0;0;0;0;0;0;0;0;0;0;0;0;0;3;32.7;3;0;0;0;23;13;0;0;0;0;0;0;54.16132402420044 seconds;0;0;0;0;56%;56%;0
Tung-3350;3000;0;0;0;0;0;0;0;0;0;0;0;2,712;19,133.19;2,712;1,096;3;21.16;0;0;0;3;21.16;3;2;1;0;0;0;0;0;0;0;0;0;0;0;2;14.11;2;0;0;0;0;0;0;0;0;2;0;0;0;0;0;0;0;0;0;0;0;2;14.11;2;00:07;00:49;00:07;0;0;0;20;141.11;20;0;0;0;70;26;0;0;0;0;0;0;2 minutes;0;0;0;0;37%;0;0
TviQ-1503;4134;0;0;51;10.48;11;6;0;0;0;0;0;150,212;30,877.13;32,961;8,621;53;10.89;0;0;0;187;38.43;49;18;3.52;0;0;0;0;0;0;0;0;0;0;3;120;24.66;29;2;5;1;2;0;0;0;0;18;0;0;17;3;11;3;0;0;0;4;6;63;12.95;24;04:44;00:58;02:01;0;0;0;688;141.42;137;0;0;0;2,363;1,251;16;3.28;3;0;0;0;1 hour;16:05;0;0;0;52%;64%;41%
Ulfang-1914;57;0;0;7;6.2;4;0;0;0;0;0;0;16,881;14,967.89;8,960;5,049;15;13.3;0;0;0;24;21.28;12;8;1.6;0;0;0;0;0;0;0;0;0;0;0;12;10.64;6;0;1;0;1;0;0;0;0;8;0;0;2;2;0;1;0;0;0;0;0;13;11.52;9;01:00;00:53;00:45;0;0;0;70;62.06;28;0;0;0;0;0;4;3.54;2;1;0;0;16 minutes;03:02;0;0;0;46%;0;73%
uNFixed-2518;0;0;0;68;8.19;16;3;0;0;0;0;0;135,870;16,365.14;24,620;7,007;64;7.7;0;0;0;247;29.75;51;11;3.85;0;0;0;0;0;0;0;0;0;0;1;156;18.78;32;2;8;0;6;0;0;0;0;11;0;0;25;3;15;6;0;0;0;3;4;68;8.19;23;04:18;00:31;01:08;0;0;0;664;79.97;133;0;0;0;2,791;1,321;36;4.33;9;0;0;0;1 hour;12:09;0;0;1;47%;57%;74%
uruca-11142;4007;0;0;3;9.09;3;0;0;0;0;0;0;5,696;17,269.53;5,696;4,309;1;3.03;0;0;0;9;27.28;9;8;9;0;0;0;0;0;0;0;0;0;0;0;6;18.19;6;0;0;0;0;0;0;0;0;8;0;0;1;0;0;1;0;0;0;0;0;3;9.09;3;00:04;00:13;00:04;0;0;0;25;75.79;25;0;0;0;96;56;1;3.03;1;0;0;0;3 minutes;00:20;0;0;5;58%;0;0
Usagii-11735;0;0;0;13;10.55;8;1;0;0;0;0;0;26,321;21,367.66;16,859;6,091;18;14.61;0;0;0;41;33.28;24;11;2.27;0;0;0;0;0;0;0;0;0;0;3;26;21.1;14;1;1;0;0;0;0;0;0;11;0;0;4;0;3;1;0;0;0;4;1;20;16.23;10;01:34;01:16;00:56;0;0;0;93;75.49;66;0;0;0;418;218;5;4.05;3;0;0;0;18 minutes;05:39;0;0;0;52%;61%;0
vallutaja-2514;4250;0;0;0;0;0;0;0;0;0;0;0;679;4,850.73;679;679;0;0;0;0;0;0;0;0;0;0;0;0;0;0;0;0;0;0;0;0;0;0;0;0;0;0;0;0;0;0;0;0;0;0;0;0;0;0;0;0;0;0;0;0;0;0;0;0;0;0;0;0;0;4;28.58;4;0;0;0;4;4;0;0;0;0;0;0;50.621932989917696 seconds;0;0;0;0;100%;0;0
vanGh-11287;3063;0;0;0;0;0;0;0;0;0;0;0;578;8,123.77;578;443;2;28.13;0;0;0;0;0;0;0;0;0;0;0;0;0;0;0;0;0;0;0;0;0;0;0;0;0;0;0;0;0;0;0;0;0;0;0;0;0;0;0;0;0;0;0;0;0;0;0;0;0;0;0;2;28.13;2;0;0;0;17;11;0;0;0;0;0;0;1 minute;0;0;0;0;64%;0;0
Venteka-1866;3000;0;0;75;7.56;25;7;0;0;0;0;0;160,358;16,175.49;32,939;11,355;69;6.96;0;0;0;295;29.75;58;19;4.27;0;0;0;0;0;0;0;0;0;0;5;164;16.54;41;1;10;2;8;0;0;0;0;19;0;0;27;2;15;10;1;0.1;1;5;7;126;12.7;27;07:09;00:43;01:52;0;0;0;660;66.57;143;0;0;0;2,726;1,466;37;3.73;13;0;0;0;1 hour;27:23;0;0;5;53%;67%;77%
ViruSs-1935;2793;0;0;29;6.59;9;1;0;0;0;0;0;59,570;13,541.14;13,120;6,014;43;9.77;0;0;0;103;23.41;28;8;2.39;0;0;0;0;0;0;0;0;0;0;1;66;15;21;2;4;1;1;0;0;0;0;8;0;0;13;4;5;3;0;0;0;3;3;27;6.13;10;02:26;00:33;01:05;0;0;0;263;59.78;61;0;0;0;1,200;574;23;5.22;10;2;0;0;48 minutes;03:31;0;0;9;47%;54%;33%
Vivieria-1169;50;0;0;0;0;0;0;0;0;0;0;0;1,754;16,004.53;1,754;1,389;2;18.24;0;0;0;2;18.24;2;1;1;0;0;0;0;0;0;0;0;0;0;0;1;9.12;1;0;0;0;0;0;0;0;0;1;0;0;0;0;0;0;0;0;0;0;0;0;0;0;00:03;00:31;00:03;0;0;0;11;100.35;11;0;0;0;0;0;0;0;0;0;0;0;1 minute;0;0;0;0;57%;0;0
watt-1213;80;0;0;202;9.43;17;14;0;0;0;0;0;446,356;20,846.89;34,155;8,019;233;10.88;0;0;0;861;40.21;72;19;3.69;0;0;0;0;0;0;0;0;0;2;54;513;23.95;50;0;21;0;13;0;0;0;0;19;0;0;69;12;38;20;5;0.23;1;4;21;332;15.5;38;25:07;01:10;02:00;0;0;0;1,967;91.86;161;0;0;0;0;0;126;5.88;17;1;0;0;5 hours;01:21:35;0;0;0;48%;0;63%
weaselele-2442;4437;0;0;156;8.97;10;15;0;0;0;0;0;386,555;22,247.34;25,070;10,721;213;12.25;0;0;0;595;34.24;42;16;2.79;0;0;0;0;0;0;0;0;0;1;16;346;19.91;27;6;17;0;11;0;0;0;0;16;0;0;50;10;22;17;2;0.11;1;4;10;183;10.53;17;14:16;00:49;01:57;0;0;0;1,890;108.77;127;0;0;0;6,142;3,247;71;4.08;9;0;0;0;4 hours;21:14;0;0;3;52%;64%;61%
Werky-1402;2821;0;0;40;5.19;5;2;0;0;0;0;0;114,855;14,903.5;16,389;6,557;82;10.64;0;0;0;155;20.11;26;10;1.89;0;0;0;0;0;0;0;0;0;0;1;76;9.86;13;3;8;2;3;0;0;0;0;10;0;0;21;8;6;7;0;0;0;4;2;70;9.08;12;03:43;00:29;00:44;0;0;0;562;72.92;82;0;0;0;2,454;1,038;23;2.98;4;0;0;0;1 hour;06:11;0;0;9;42%;66%;38%
Winston-11922;65;0;0;72;6.64;9;6;0;0;0;0;0;156,685;14,453.3;17,716;4,810;148;13.65;0;0;0;320;29.51;27;9;2.16;0;0;0;0;0;0;0;0;0;0;5;181;16.69;17;0;11;0;5;0;0;0;0;9;0;0;29;10;13;7;2;0.18;1;4;3;115;10.6;11;08:55;00:49;00:53;0;0;0;776;71.58;86;0;0;0;0;0;51;4.7;7;1;0;0;2 hours;08:22;0;0;0;43%;0;50%
WinterDKay-2106;2919;0;0;18;7.23;9;1;0;0;0;0;0;48,787;19,598.04;18,359;6,104;25;10.04;0;0;0;58;23.29;22;9;2.31;0;0;0;0;0;0;0;0;0;0;0;38;15.26;14;2;2;0;1;0;0;0;0;9;0;0;7;2;3;2;0;0;0;3;1;17;6.82;10;02:06;00:50;00:38;0;0;0;195;78.33;54;0;0;0;723;381;12;4.82;3;0;0;0;29 minutes;07:24;0;0;2;52%;58%;34%
xFloweyx-3965;1752;0;0;0;0;0;0;0;0;0;0;0;850;15,022.54;850;850;1;17.68;0;0;0;0;0;0;0;0;0;0;0;0;0;0;0;0;0;0;0;0;0;0;0;0;0;0;0;0;0;0;0;0;0;0;0;0;0;0;0;0;0;0;0;0;0;00:08;02:35;00:08;0;0;0;4;70.73;4;0;0;0;15;8;0;0;0;0;0;0;46.029243991710246 seconds;0;0;0;0;53%;53%;0
XQQ-11863;4453;0;0;11;6.35;4;0;0;0;0;0;0;45,015;26,013.07;14,028;7,529;16;9.24;0;0;0;71;41.02;25;11;4.43;0;0;0;0;0;0;0;0;0;0;7;46;26.58;16;1;2;0;1;0;0;0;0;11;0;0;4;2;1;1;0;0;0;3;1;14;8.09;6;00:50;00:29;00:27;0;0;0;199;114.99;63;0;0;0;722;368;9;5.2;4;0;0;0;26 minutes;05:25;0;0;2;50%;60%;66%
Y19251658-2148;3795;0;0;63;9.4;12;5;0;0;0;0;0;147,782;22,053.37;22,305;13,118;68;10.14;0;0;0;258;38.5;25;16;3.79;0;0;0;0;0;0;0;0;0;0;2;168;25.07;19;2;7;0;5;0;0;0;0;16;0;0;20;3;13;4;1;0.14;1;4;7;84;12.53;13;03:25;00:30;00:38;0;0;0;666;99.38;85;0;0;0;2,458;1,213;32;4.77;7;0;0;0;1 hour;19:58;0;0;3;49%;75%;69%
YaMou-4439;3076;0;0;27;3.99;6;1;0;0;0;0;0;96,765;14,322.9;16,700;5,476;99;14.65;0;0;0;178;26.34;35;11;1.79;0;0;0;0;0;0;0;0;0;0;1;111;16.42;21;3;7;1;3;0;0;0;0;11;0;0;16;6;4;7;0;0;0;3;2;57;8.43;21;05:57;00:52;02:00;0;0;0;361;53.43;61;0;0;0;1,819;977;23;3.4;5;0;0;0;1 hour;09:03;0;0;0;53%;62%;38%
YATIAYASE-1475;4005;0;0;3;6.25;3;0;0;0;0;0;0;8,399;17,502.73;8,399;3,081;6;12.5;0;0;0;15;31.25;15;6;2.5;0;0;0;0;0;0;0;0;0;0;0;9;18.75;9;0;0;0;0;0;0;0;0;6;0;0;2;0;1;0;0;0;0;0;0;5;10.41;5;00:37;01:19;00:37;0;0;0;35;72.93;35;0;0;0;127;78;1;2.08;1;0;0;0;5 minutes;03:00;0;0;0;61%;61%;0
YLLES-3238;4613;0;0;2;3.39;2;0;0;0;0;0;0;7,286;12,385.11;5,584;3,356;4;6.79;0;0;0;18;30.59;13;8;4.5;0;0;0;0;0;0;0;0;0;0;0;14;23.79;11;0;1;0;1;0;0;0;0;8;0;0;1;0;1;0;1;1.69;1;3;1;3;5.09;3;00:17;00:29;00:16;0;0;0;28;47.59;19;0;0;0;181;81;0;0;0;0;0;0;5 minutes;02:37;0;0;0;44%;53%;100%
Yubuu-1763;42;0;0;28;5.53;12;2;0;0;0;0;0;69,834;13,797.62;26,876;4,405;77;15.21;0;0;0;111;21.93;45;9;1.44;0;0;0;0;0;0;0;0;0;2;6;64;12.64;25;0;5;0;1;0;0;0;0;0;0;0;13;6;3;4;0;0;0;3;2;60;11.85;27;04:59;00:59;01:57;0;0;0;355;70.13;126;0;0;0;0;0;27;5.33;7;0;0;0;1 hour;06:10;0;0;0;41%;0;29%
YuzuP-1934;1855;0;0;20;3.91;9;4;0;0;0;0;0;69,863;13,664.68;23,394;5,131;45;8.8;0;0;0;80;15.64;25;10;1.77;0;0;0;0;0;0;0;0;0;0;0;44;8.6;14;3;5;0;2;0;0;0;0;10;0;0;12;5;5;1;0;0;0;4;3;43;8.41;15;03:01;00:35;01:31;0;0;0;349;68.26;101;0;0;0;1,455;588;6;1.17;4;0;0;0;54 minutes;03:35;0;0;7;40%;69%;30%
Yz50-11781;4342;0;0;3;8.44;3;0;0;0;0;0;0;6,419;18,073.69;6,419;3,049;4;11.26;0;0;0;12;33.78;12;8;3;0;0;0;0;0;0;0;0;0;0;0;8;22.52;8;0;0;0;0;0;0;0;0;8;0;0;1;0;1;0;0;0;0;0;0;7;19.71;7;00:18;00:52;00:18;0;0;0;29;81.65;29;0;0;0;116;61;1;2.81;1;0;0;0;4 minutes;00:14;0;0;0;52%;0;0
Zatanna-11384;65;0;0;28;4.27;6;0;0;0;0;0;0;78,289;11,950.32;14,154;3,068;103;15.72;0;0;0;122;18.62;36;7;1.18;0;0;0;0;0;0;0;0;0;0;4;76;11.6;20;0;7;0;1;0;0;0;0;7;0;0;20;7;7;6;1;0.15;1;3;1;32;4.88;12;04:10;00:38;01:06;0;0;0;356;54.34;57;0;0;0;0;0;19;2.9;5;0;0;0;1 hour;05:11;0;0;0;48%;0;18%
ZeInfinity-21817;2173;0;0;2;9.34;2;0;0;0;0;0;0;4,693;21,931.27;4,693;3,899;3;14.02;0;0;0;7;32.71;7;6;2.33;0;0;0;0;0;0;0;0;0;0;0;3;14.02;3;0;0;0;0;0;0;0;0;6;0;0;0;0;0;0;0;0;0;0;0;3;14.02;3;00:09;00:45;00:09;0;0;0;17;79.44;17;0;0;0;61;33;1;4.67;1;0;0;0;2 minutes;0;0;0;0;54%;54%;0
Zeref-1317;2724;0;0;235;8.49;18;18;0;0;0;0;0;439,357;15,888.89;28,709;7,643;211;7.63;0;0;0;827;29.9;74;18;3.91;0;0;0;0;0;0;0;0;0;0;51;508;18.37;43;15;28;0;13;0;0;0;0;18;0;0;71;17;43;11;0;0;0;5;26;366;13.23;35;21:35;00:46;02:06;0;0;0;1,695;61.29;108;0;0;0;7,289;3,673;114;4.12;14;1;0;0;5 hours;59:01;0;0;63;50%;70%;45%
