Adameve-11380;3410;0;0;0;1;7%;2,056;220;61;0.14;199,577;10,935.07;17,651;5,807;78;4.27;7;188;10.3;0;0;0;474;25.97;43;17;2.52;0;0;0;3;0;266;14.57;28;12;18;0;6;10,474;573.88;907;261;17;0;0;45;22;13;10;0;0;0;3;4;146;7.99;12;16:43;00:54;02:13;0;0;0;10,474;0.73;907;96,060;26,331;51;2.79;8;296;16.21;25;0;0;0;3 hours;14:49;2;27%;37%;33%
akh826-3629;2350;0;0;0;1;4%;1;1;1;0;490;559.67;330;330;0;0;0;4;4.56;9;10;9;6;20.03;6;3;1.2;0;0;0;0;0;2;6.67;2;0;1;0;1;3,156;3,605;2,802;1,190;3;0;0;1;0;1;0;0;0;0;0;0;1;3.33;1;00:12;00:14;00:11;1;1;1;226;0.75;202;57;24;2;6.67;2;5;16.69;5;0;0;0;4 minutes;0;0;42%;26%;77%
Akimoto-3310;3063;0;0;0;2;8%;1,603;181;65;0.2;146,232;15,384.29;15,364;4,534;67;7.04;11;111;11.67;0;0;0;299;31.45;43;19;2.69;0;0;0;3;0;137;14.41;20;3;10;0;6;6,782;713.5;930;343;19;0;0;31;13;7;11;0;0;0;6;8;113;11.88;17;10:36;01:06;01:43;0;0;0;6,782;0.87;930;64,940;19,598;24;2.52;4;190;19.98;26;0;0;0;2 hours;18:56;0;30%;40%;64%
Alcazer-1197;2662;0;0;0;5;7%;920;228;81;0.21;98,035;15,034.31;24,203;13,426;46;7.05;14;46;7.05;0;0;0;184;28.21;45;20;4;0;0;0;0;0;99;15.18;28;1;7;0;5;3,709;568.75;994;396;20;0;0;23;8;12;3;1;0.15;1;4;5;58;8.89;16;04:49;00:44;01:23;0;0;0;3,709;0.86;994;49,840;12,971;19;2.91;7;103;15.79;27;0;0;0;1 hour;11:45;9;26%;38%;78%
applejuice69-11392;0;0;0;0;13;7%;3,182;262;137;0.24;330,107;22,608.37;32,252;9,359;168;11.5;15;150;10.27;0;0;0;692;47.39;70;25;4.61;0;0;0;2;0;416;28.49;40;3;15;0;11;14,593;999.44;1,631;461;25;0;0;50;9;31;10;10;0.68;2;5;26;248;16.98;18;20:09;01:22;01:50;0;0;0;14,593;1.12;1,631;98,060;41,030;54;3.69;7;415;28.42;44;0;0;0;3 hours;01:03:56;2;41%;51%;77%
arbiterlin-1178;2685;0;0;0;5;8%;1,449;242;77;0.19;150,956;15,439.28;24,919;5,915;89;9.1;20;74;7.56;0;0;0;405;41.42;73;19;5.47;0;0;0;2;0;239;24.44;40;2;10;0;8;7,597;776.99;1,182;400;19;0;0;30;8;14;7;1;0.1;1;4;12;128;13.09;31;09:13;00:56;01:59;0;0;0;7,597;1.03;1,182;62,020;17,799;71;7.26;14;214;21.88;33;1;0;0;2 hours;39:19;5;28%;35%;79%
aRie-11198;2992;0;0;0;2;8%;1,517;283;57;0.21;136,728;15,969.46;28,083;5,599;73;8.52;13;90;10.51;0;0;0;284;33.17;51;17;3.15;0;0;0;7;0;163;19.03;30;4;9;0;4;6,351;741.8;1,055;428;17;0;0;26;8;12;6;1;0.11;1;5;11;113;13.19;22;09:44;01:08;02:33;0;0;0;6,351;0.9;1,055;64,480;17,286;34;3.97;10;169;19.73;27;1;0;0;1 hour;20:56;6;26%;35%;51%
Artificial-11535;2856;0;0;0;11;8%;6,050;356;138;0.18;567,370;13,596.5;27,550;8,027;296;7.09;23;460;11.02;0;0;0;1,181;28.3;62;17;2.56;0;0;0;7;0;670;16.05;39;18;42;5;18;29,121;697.86;1,803;463;17;0;0;114;42;38;35;8;0.19;1;5;32;398;9.53;30;39:39;00:57;02:52;0;0;0;29,121;0.89;1,803;232,960;73,411;123;2.94;8;805;19.29;48;0;0;0;8 hours;01:05:44;10;31%;53%;43%
AshkaliN-2848;73;0;0;0;0;9%;486;94;53;0;35,635;17,891.92;8,491;3,932;13;6.52;3;35;17.57;0;0;0;62;31.12;19;11;1.77;0;0;0;0;0;39;19.58;9;0;0;0;0;1,746;876.66;508;271;11;0.11;0;0;0;0;2;1;0.5;1;3;3;17;8.53;7;01:51;00:55;00:39;0;0;0;1,746;0;508;0;0;10;5.02;2;43;21.58;13;0;0;0;11.219252003356814 seconds;03:25;0;30%;0;3%
Badger-1688;3050;0;0;0;0;11%;12;7;5;0.11;638;4,665.42;375;264;0;0;0;3;21.92;0;0;0;1;7.3;1;1;0.33;0;0;0;0;0;1;7.3;1;0;0;0;0;206;508.8;165;100;1;0;0;0;0;0;0;1;2.47;1;0;0;6;14.82;5;00:10;01:15;00:05;0;0;0;250;2.49;170;512;106;1;7.3;1;6;14.82;4;0;0;0;1 minute;0;0;20%;27%;25%
baio-11451;3581;0;0;0;0;6%;117;117;57;0.28;11,385;32,490.9;11,385;6,241;1;2.85;1;4;11.41;0;0;0;18;51.37;18;11;4.5;0;0;0;0;0;9;25.68;9;0;0;0;0;485;1,383.88;485;283;11;0;0;1;0;0;1;0;0;0;0;0;2;5.7;2;00:19;00:54;00:19;0;0;0;485;1.17;485;4,900;1,808;1;2.85;1;12;34.24;12;0;0;0;6 minutes;00:18;0;36%;36%;100%
Bamos-11989;2551;0;0;0;0;11%;4;4;4;0.08;2,113;7,489.2;1,192;796;3;2.39;2;5;17.72;0;0;0;42;33.57;16;7;3.5;0;0;0;0;0;25;19.98;10;0;0;0;0;1,187;949.27;491;208;7;0;0;0;0;0;0;1;0.79;1;0;0;16;12.79;7;01:25;01:07;00:25;0;0;0;93;1.93;93;97;16;4;3.19;2;38;30.37;16;0;0;0;3 minutes;00:17;0;16%;26%;100%
BioHack-11119;1988;0;0;0;10;7%;1,458;318;87;0.2;146,147;13,407.18;21,455;9,194;90;8.25;19;82;7.52;0;0;0;382;35.04;62;22;4.65;0;0;0;4;0;240;22.01;40;1;11;0;10;10,306;945.43;1,686;447;22;0;0;40;10;25;5;2;0.18;1;4;6;135;12.38;27;14:26;01:19;03:55;0;0;0;10,306;1.48;1,686;70,580;19,916;63;5.77;10;273;25.04;46;0;0;0;1 hour;37:03;8;28%;32%;91%
Blu-4175;3000;0;0;0;5;9%;2,098;339;76;0.24;166,002;15,980.51;24,066;4,761;83;7.99;13;132;12.7;0;0;0;416;40.04;58;16;3.15;0;0;0;4;0;248;23.87;38;3;10;1;7;11,882;1,143.86;1,936;488;16;0;0;38;12;18;8;4;0.38;1;5;8;161;15.49;26;13:05;01:15;02:24;0;0;0;11,882;1.37;1,936;78,760;21,651;82;7.89;11;318;30.61;53;0;0;0;2 hours;44:15;0;27%;35%;66%
BluStar-2121;57;0;0;0;1;7%;633;102;49;0;66,311;13,589.9;13,623;5,097;29;5.94;5;53;10.86;0;0;0;133;27.25;24;14;2.5;0;0;0;0;0;70;14.34;13;0;5;0;3;2,721;557.7;637;476;14;0;0;16;4;6;6;1;0.2;1;4;3;61;12.5;11;09:48;02:00;02:16;0;0;0;2,721;0;637;0;0;18;3.68;4;80;16.39;15;0;0;0;1 hour;07:44;0;24%;0;53%
Bobosa-3106;0;0;0;0;32;7%;15,127;348;80;0.2;1,584,361;17,299.42;29,869;7,498;797;8.7;20;1,130;12.33;0;0;0;2,990;32.64;68;23;2.64;0;0;0;15;0;1,693;18.48;37;46;92;5;41;72,656;793.32;1,871;613;23;0;0;308;89;135;83;5;0.05;2;5;96;1,102;12.03;31;01:53:43;01:14;03:55;0;0;0;72,656;0.96;1,871;613,680;196,248;244;2.66;6;2,033;22.19;49;2;0;0;20 hours;03:24:39;16;31%;63%;44%
BriBrii-2647;1225;0;0;0;2;6%;481;118;43;0.1;50,252;6,900.58;9,195;3,995;21;2.88;6;72;9.88;0;0;0;117;16.06;22;11;1.62;0;0;0;2;0;61;8.37;13;4;7;1;3;2,777;381.36;557;376;11;0;0;16;7;5;4;1;0.13;1;0;0;42;5.76;8;06:56;00:57;01:31;0;0;0;2,777;0.59;557;45,700;7,538;20;2.74;6;76;10.43;18;0;0;0;1 hour;03:41;4;16%;14%;35%
buff4eyes-1647;45;0;0;0;3;8%;1,161;170;56;0;107,595;10,216.09;10,737;4,300;71;6.74;8;111;10.53;0;0;0;309;29.33;37;12;2.78;0;0;0;2;0;209;19.84;26;0;11;0;5;9,699;920.93;1,242;458;12;0;0;36;10;15;10;1;0.09;1;4;7;125;11.86;19;10:31;00:59;01:39;0;0;0;9,699;0;1,242;0;0;75;7.12;10;243;23.07;28;0;0;0;2 hours;25:20;0;30%;0;50%
BUR1X-2303;4034;0;0;0;0;2%;7;7;7;0.04;1,806;12,807.87;1,806;651;1;7.09;1;3;21.27;0;0;0;4;28.36;4;2;1.33;0;0;0;0;0;1;7.09;1;0;0;0;0;100;709.07;100;50;2;0;0;0;0;0;0;0;0;0;0;0;2;14.18;2;00:42;04:58;00:42;0;0;0;100;0.63;100;10;286;0;0;0;2;14.18;2;0;0;0;8.699451996944845 seconds;00:03;0;39%;0;40%
burii-11667;0;0;0;0;18;7%;4,420;359;76;0.21;453,191;16,976.82;31,122;7,057;251;9.4;18;237;8.87;0;0;0;1,065;39.89;78;21;4.49;0;0;0;4;0;707;26.48;52;10;27;0;17;23,283;872.2;2,103;583;21;0;0;92;19;52;21;3;0.11;1;5;50;380;14.23;38;27:39;01:02;02:19;0;0;0;23,283;1.12;2,103;174,700;57,900;120;4.49;14;635;23.78;55;0;0;0;5 hours;02:00:18;0;33%;40%;62%
cacaron-1244;3164;0;0;0;0;4%;143;68;30;0.16;21,072;20,965.88;7,843;3,696;7;6.96;5;15;14.92;0;0;0;23;22.88;13;9;1.53;0;0;0;0;0;7;6.96;6;1;1;0;0;174;172.8;112;62;9;0;0;3;1;2;0;0;0;0;0;0;6;5.96;4;00:47;00:47;00:24;0;0;0;174;0.2;112;8,960;3,132;1;0.99;1;6;5.96;3;0;0;0;14 minutes;01:01;0;34%;0;0%
CajunBuu-1638;3821;0;0;0;1;8%;475;315;148;0.36;41,330;36,712.46;23,819;6,579;25;22.2;14;8;7.1;0;0;0;70;62.17;39;14;8.75;0;0;0;1;0;43;38.19;23;1;1;0;1;1,594;1,416.15;1,118;318;14;0;0;3;0;2;1;0;0;0;4;6;16;14.21;11;01:44;01:33;00:54;0;0;0;1,594;1.21;1,118;15,820;5,827;6;5.32;6;41;36.41;26;0;0;0;21 minutes;07:02;0;36%;37%;100%
Calvin-1337;4187;0;0;0;5;9%;2,431;238;100;0.26;196,468;19,209.62;23,602;12,102;84;8.21;10;122;11.92;0;0;0;372;36.37;34;17;3.04;0;0;0;0;0;232;22.68;22;5;10;0;4;9,169;896.46;797;470;17;0;0;33;8;15;10;1;0.09;1;6;15;151;14.76;23;13:12;01:17;01:38;0;0;0;9,169;0.98;797;74,000;25,483;42;4.1;10;255;24.93;23;0;0;0;2 hours;30:26;0;34%;51%;41%
Camou-1349;3855;0;0;0;0;7%;19;19;16;0.22;2,125;31,412.37;2,125;1,687;1;14.78;1;2;29.56;0;0;0;3;44.35;3;2;1.5;0;0;0;0;0;2;29.56;2;0;0;0;0;183;2,699.67;183;133;2;0;0;0;0;0;0;0;0;0;0;0;1;14.78;1;00:08;02:07;00:08;0;0;0;183;2.12;183;620;262;0;0;0;4;59.13;4;0;0;0;1 minute;0;0;42%;0;100%
Capriccioso-1214;42;0;0;0;3;9%;874;183;68;0;70,355;10,193.47;17,801;5,801;40;5.79;12;65;9.41;0;0;0;199;28.83;53;17;3.06;0;0;0;2;0;122;17.67;27;0;7;0;4;4,031;584;834;368;17;0;0;16;5;8;3;2;0.28;1;3;4;53;7.67;25;04:41;00:40;02:14;0;0;0;4,031;0;834;0;0;62;8.98;11;101;14.63;23;1;0;0;1 hour;10:33;0;20%;0;60%
CaptainEVS-1315;80;0;0;0;22;7%;6,101;359;88;0;580,824;11,753.42;25,209;5,768;289;5.84;17;550;11.12;0;0;0;1,526;30.87;68;19;2.77;0;0;0;11;0;879;17.78;44;0;49;0;31;45,684;924.44;1,935;741;19;0;0;176;66;48;62;10;0.2;2;5;26;528;10.68;27;49:15;00:59;02:17;0;0;0;45,684;0;1,935;0;0;287;5.8;15;1,159;23.45;49;2;0;0;10 hours;01:34:39;0;26%;0;63%
carnifex-2958;4505;0;0;0;1;6%;525;127;45;0.25;57,240;27,088.53;19,184;5,288;22;10.41;11;23;10.88;0;0;0;118;55.84;38;10;5.13;0;0;0;0;0;61;28.86;25;0;2;1;1;2,603;1,231.78;715;315;10;0;0;8;2;5;1;0;0;0;4;6;52;24.6;16;05:08;02:26;01:11;0;0;0;2,603;1.26;715;22,100;7,781;10;4.73;6;72;34.07;22;0;0;0;34 minutes;10:23;0;35%;39%;54%
CERT-3809;2539;0;0;0;1;6%;214;89;38;0.16;24,541;19,084.28;10,172;2,579;11;8.55;4;20;15.55;0;0;0;54;41.99;23;8;2.7;0;0;0;0;0;25;19.44;12;0;1;0;1;1,157;899.37;534;181;8;0;0;4;2;1;2;0;0;0;3;1;22;17.1;12;01:53;01:28;00:58;0;0;0;1,157;0.89;534;10,620;3,191;8;6.22;5;32;24.88;16;1;0;0;21 minutes;02:55;5;30%;30%;50%
ClarieFarron-11811;2703;0;0;0;0;6%;19;14;9;0.09;2,104;9,880.42;1,785;599;1;4.69;1;5;23.47;0;0;0;3;14.08;3;1;0.6;0;0;0;0;0;3;14.08;3;0;0;0;0;8;37.09;8;8;1;0;0;1;0;0;0;0;0;0;0;0;1;4.69;1;00:03;00:18;00:03;0;0;0;8;0.03;8;1,100;279;2;9.39;2;1;4.69;1;0;0;0;3 minutes;0;0;25%;0;0
clockwise-11369;3706;0;0;0;4;8%;1,617;220;94;0.21;141,293;13,486.26;19,105;6,856;51;4.86;15;99;9.44;0;0;0;327;31.21;53;21;3.3;0;0;0;2;0;200;19.08;35;5;10;0;5;7,778;742.37;1,058;466;21;0;0;36;17;13;6;0;0;0;6;11;92;8.78;13;07:48;00:44;01:05;0;0;0;7,778;1.03;1,058;57,760;19,247;31;2.95;6;211;20.13;33;0;0;0;2 hours;19:51;0;33%;46%;51%
Cobrastyles-1994;2681;0;0;0;0;10%;20;20;9;0.14;875;3,060.62;875;442;5;4.84;3;3;10.49;0;0;0;1;3.49;1;1;0.33;0;0;0;0;0;1;3.49;1;0;0;0;0;656;636.18;363;194;1;0;0;1;0;0;0;0;0;0;4;1;5;4.84;2;00:01;00:06;00:01;0;0;0;140;1.02;140;574;187;4;3.87;3;17;16.47;10;0;0;0;2 minutes;00:07;0;32%;32%;40%
CoffeeJelly-11718;0;0;0;0;0;5%;11;11;8;0.11;884;8,833.35;884;697;3;15.09;3;1;9.99;0;0;0;5;25.16;5;4;1.66;0;0;0;0;0;3;15.09;3;0;0;0;0;13;65.66;13;13;4;0;0;0;0;0;0;0;0;0;0;0;2;10.06;2;00:08;01:24;00:08;0;0;0;128;1.38;128;556;217;0;0;0;3;15.09;3;0;0;0;1 minute;0;0;39%;0;0
Cohias-1934;3115;0;0;0;4;8%;796;154;67;0.23;69,700;15,892.77;16,129;5,653;29;6.61;9;51;11.62;0;0;0;154;35.11;32;15;3.01;0;0;0;1;0;93;21.2;21;1;4;1;2;4,114;937.97;771;349;15;0;0;15;4;7;3;1;0.22;1;3;2;53;12.08;15;04:16;00:58;00:54;0;0;0;4,114;1.22;771;28,040;9,110;28;6.38;7;100;22.8;21;0;0;0;55 minutes;15:09;0;32%;40%;55%
cowbama-4260;2598;0;0;0;0;8%;206;76;44;0.16;17,870;12,638.36;6,969;3,646;9;6.36;5;17;12.02;0;0;0;39;27.58;13;7;2.29;0;0;0;0;0;19;13.43;7;1;1;0;1;1,121;792.8;354;300;7;0;0;3;0;1;2;4;2.82;2;0;0;15;10.6;7;02:02;01:26;00:35;0;0;0;1,121;0.89;354;10,920;2,523;3;2.12;2;30;21.21;9;0;0;0;20 minutes;00:40;0;23%;34%;52%
CRA2YDOG-3822;2743;0;0;0;53;6%;13,278;361;98;0.19;1,416,933;15,933.46;36,112;8,618;669;7.52;23;979;11;0;0;0;2,755;30.98;80;23;2.81;0;0;0;14;0;1,548;17.4;56;43;89;2;44;69,304;779.32;2,176;755;23;0;0;319;76;162;81;9;0.1;1;6;69;1,218;13.69;52;02:14:12;01:30;04:11;0;0;0;69,304;0.99;2,176;709,340;193,896;362;4.07;14;1,895;21.3;59;6;0;0;19 hours;03:11:34;53;27%;37%;49%
Crazdog-3857;2820;0;0;0;0;11%;47;47;36;0.22;2,895;12,148.8;2,895;1,385;1;4.19;1;3;12.58;0;0;0;5;20.98;5;2;1.66;0;0;0;0;0;2;8.39;2;0;0;0;0;180;755.35;180;100;2;0;0;1;0;0;0;0;0;0;0;0;2;8.39;2;00:13;00:56;00:13;0;0;0;180;0.87;180;1,240;420;1;4.19;1;4;16.78;4;0;0;0;3 minutes;0;0;33%;0;0
Crowner-31484;4074;0;0;0;0;8%;21;21;14;0.09;1,132;4,053.04;1,132;690;1;2.49;1;3;10.74;0;0;0;4;14.32;4;2;1.33;0;0;0;0;0;2;7.16;2;0;0;0;0;250;624.92;250;100;2;0;0;0;0;0;0;0;0;0;0;0;1;3.58;1;00:09;00:33;00:09;0;0;0;288;1.33;288;964;261;0;0;0;5;12.49;5;0;0;0;3 minutes;0;0;27%;27%;100%
CtrlAltL337-1674;58;0;0;0;0;10%;234;68;44;0;17,626;16,250.76;7,038;2,417;5;4.6;3;23;21.2;0;0;0;33;30.42;13;6;1.43;0;0;0;0;0;21;19.36;8;0;1;0;0;1,037;955.83;355;237;6;0;0;4;1;1;2;0;0;0;0;0;19;17.51;8;02:37;02:25;01:09;0;0;0;1,037;0;355;0;0;4;3.68;2;25;23.04;9;0;0;0;19 minutes;02:49;0;23%;0;40%
Cyberpunk-11691;2298;0;0;0;0;9%;67;67;48;0.22;3,649;10,964.11;3,649;1,949;0;0;0;1;3;0;0;0;8;24.03;8;5;8;0;0;0;0;0;3;9.01;3;0;0;0;0;50;378.14;50;50;5;0;0;0;0;0;0;0;0;0;0;0;3;9.01;3;00:05;00:16;00:05;0;0;0;237;0.79;237;1,884;674;0;0;0;1;7.56;1;0;0;0;4 minutes;0;0;35%;35%;100%
Dark-15913;3265;0;0;0;1;6%;1,673;141;73;0.17;198,523;17,545.25;16,186;7,536;87;7.68;8;137;12.1;0;0;0;362;31.99;26;13;2.64;0;0;0;4;0;230;20.32;19;6;11;0;6;8,370;739.75;678;508;13;0;0;42;8;21;12;4;0.35;1;4;10;187;16.52;15;23:29;02:04;02:09;0;0;0;8,370;0.89;678;69,240;27,038;47;4.15;5;222;19.62;17;0;0;0;2 hours;32:23;8;39%;48%;50%
Darkaz-6141;3705;0;0;0;5;9%;1,708;340;90;0.2;150,019;13,076.78;22,976;7,115;81;7.06;17;88;7.67;0;0;0;378;32.94;71;19;4.29;0;0;0;2;0;212;18.47;43;5;11;0;7;7,950;692.94;1,131;481;19;0;0;41;14;16;11;1;0.08;1;5;10;162;14.12;32;12:48;01:06;02:21;0;0;0;7,950;0.94;1,131;57,580;17,773;51;4.44;6;228;19.87;33;0;0;0;2 hours;22:58;0;30%;40%;56%
DEATHSTROKE-31860;0;0;0;0;0;19%;5;5;2;0.02;1,788;6,010.76;1,788;732;2;7.21;2;4;13.45;1;13;1;2;6.72;2;1;0.5;0;0;0;0;0;1;3.36;1;0;0;0;0;123;1,630;123;109;1;0;0;1;1;0;1;0;0;0;0;0;1;13.28;1;00:59;03:35;00:59;1;13;1;255;1.02;255;70;26;2;7.21;2;7;25.25;7;0;0;0;2 minutes;00:49;0;37%;37%;0
DeerFanning-1832;3281;0;0;0;0;6%;236;150;54;0.24;23,910;25,737.39;11,967;4,879;11;11.84;8;13;13.99;0;0;0;39;41.97;19;11;3;0;0;0;1;0;15;16.14;11;0;1;0;0;817;879.86;655;335;11;0;0;4;2;1;1;0;0;0;3;3;18;19.37;12;01:15;01:21;00:38;0;0;0;817;0.85;655;9,680;3,401;2;2.15;1;19;20.45;14;0;0;0;15 minutes;05:23;0;35%;57%;36%
DeGuN-2283;75;0;0;0;0;9%;244;93;56;0;21,516;16,528.12;6,156;3,621;13;9.98;4;15;11.52;0;0;0;50;38.4;17;8;3.33;0;0;0;2;0;15;11.52;5;0;1;0;1;993;762.67;250;250;0;0;0;4;2;1;1;0;0;0;3;1;18;13.82;5;01:27;01:07;00:29;0;0;0;993;0;250;0;0;2;1.53;1;30;23.04;10;0;0;0;18 minutes;01:19;0;36%;0;81%
DERPGUYZ-1495;2481;0;0;0;1;10%;455;95;43;0.16;38,152;9,282.65;13,083;5,313;13;3.16;4;44;10.7;0;0;0;71;17.27;21;13;1.61;0;0;0;0;0;34;8.27;10;3;4;0;1;1,554;378.1;626;230;13;0;0;15;6;5;4;0;0;0;0;0;30;7.29;10;06:12;01:30;02:03;0;0;0;1,554;0.56;626;20,140;4,451;7;1.7;2;45;10.94;19;0;0;0;45 minutes;02:07;7;22%;22%;28%
DerpHead-3508;2487;0;0;0;0;8%;164;65;29;0.13;15,667;9,301.26;8,289;1,916;11;6.53;7;23;13.65;0;0;0;38;22.56;17;8;1.65;0;0;0;0;0;25;14.84;10;1;2;0;1;891;529.02;394;327;8;0;0;2;1;0;0;0;0;0;0;0;9;5.34;4;00:48;00:28;00:27;0;0;0;891;0.71;394;7,680;1,958;6;3.56;4;25;14.84;11;0;0;0;20 minutes;00:39;0;25%;43%;41%
Deso-11717;2903;0;0;0;2;6%;1,029;121;52;0.15;123;3,221.82;123;123;35;4.51;7;1;26.26;0;0;0;218;28.12;31;11;3.07;0;0;0;0;0;124;15.99;16;0;0;0;3;5,608;723.53;800;309;11;0;0;0;0;6;6;1;0.12;1;3;1;105;13.54;17;00:00;00:08;00:00;0;0;0;5,608;0.83;800;58;25;23;2.96;5;168;21.67;25;0;0;0;37.85653799306601 seconds;09:11;0;43%;41%;32%
DevjlCloudVN-1911;3102;0;0;0;0;4%;5;5;5;0.1;561;14,812.59;561;561;5;7.35;3;1;26.41;0;0;0;21;30.87;10;8;2.62;0;0;0;0;0;14;20.58;8;0;0;0;0;234;343.68;139;100;8;0;0;0;1;0;0;2;2.94;1;3;1;9;13.23;4;00:35;00:52;00:19;0;0;0;70;1.45;70;282;121;0;0;0;7;10.29;5;0;0;0;47.98568101134151 seconds;03:13;1;42%;33%;6%
doGsInaT-1838;3173;0;0;0;29;7%;8,155;251;98;0.18;881,689;15,223.93;23,937;12,024;534;9.22;19;510;8.8;0;0;0;2,166;37.39;57;25;4.24;0;0;0;8;0;1,151;19.87;36;21;58;1;36;47,936;827.7;1,685;506;25;0;0;198;68;85;45;9;0.15;1;5;92;696;12.01;24;48:00;00:49;01:36;0;0;0;47,936;1.08;1,685;356,300;106,266;172;2.96;10;1,321;22.8;46;0;0;0;12 hours;02:40:57;6;29%;58%;62%
Doubted-11183;3492;0;0;0;1;9%;115;54;54;0.15;8,872;6,919.91;4,061;3,639;5;3.89;3;6;4.67;0;0;0;27;21.05;15;15;4.5;0;0;0;0;0;16;12.47;8;0;1;0;1;554;432.26;412;412;15;0;0;3;0;1;2;0;0;0;3;1;5;3.89;3;00:17;00:13;00:09;0;0;0;554;0.76;412;5,320;1,255;4;3.11;3;18;14.03;13;0;0;0;12 minutes;01:04;0;23%;0;72%
Drewbiez-6476;66;0;0;0;8;9%;1,754;233;93;0.2;156,469;13,243.06;23,100;5,460;85;7.19;16;114;9.64;0;0;0;412;34.87;49;21;3.61;0;0;0;0;0;236;19.97;31;3;12;0;9;9,785;828.21;1,421;447;21;0;0;39;12;15;12;4;0.33;2;4;12;111;9.39;17;08:45;00:44;01:18;0;0;0;9,785;1.14;1,421;62,600;19,082;55;4.65;12;268;22.68;34;0;0;0;2 hours;39:14;0;30%;43%;76%
Edude13-1114;2202;0;0;0;1;5%;192;118;99;0.1;27,340;11,281.79;14,697;11,984;18;7.42;11;14;5.77;0;0;0;66;27.23;38;29;4.71;0;0;0;0;0;45;18.56;24;1;2;0;2;1,419;585.71;796;527;29;0;0;5;1;2;1;0;0;0;3;1;29;11.96;18;05:15;02:10;03:40;0;0;0;1,419;0.76;796;13,900;3,454;12;4.95;5;38;15.68;21;0;0;0;30 minutes;05:48;2;24%;29%;70%
elic-3246;2437;0;0;0;1;6%;6;6;6;0.16;1,401;5,204.84;1,401;1,401;0;0;0;1;3.71;0;0;0;1;3.71;1;1;1;0;0;0;0;0;1;3.71;1;0;0;0;0;0;0;0;0;1;0;0;1;0;0;0;0;0;0;0;0;1;0;1;00:01;0;00:01;0;0;0;0;0;0;50;13;1;3.71;1;1;0;1;0;0;0;1 minute;0;0;26%;26%;100%
Elir-11927;69;0;0;0;35;8%;8,167;388;86;0;705,391;14,540.02;29,824;6,362;294;6.06;17;523;10.78;0;0;0;2,134;43.98;85;28;4.08;0;0;0;13;0;1,358;27.99;57;0;49;0;34;54,933;1,132.3;2,336;584;28;0;0;191;40;96;56;0;0;0;4;39;923;19.02;52;01:13:25;01:30;04:15;0;0;0;54,933;0;2,336;0;0;309;6.36;19;1,486;30.63;59;1;0;0;11 hours;03:06:36;0;33%;0;69%
EnumaElish-3343;3604;0;0;0;26;7%;9,457;340;124;0.22;980,483;18,971.98;38,487;12,489;479;9.26;15;594;11.49;0;0;0;1,858;35.95;65;21;3.12;0;0;0;14;0;983;19.02;34;24;52;2;26;40,485;783.37;1,193;529;21;0;0;164;45;75;43;8;0.15;1;6;80;590;11.41;24;49:53;00:57;01:57;0;0;0;40,485;0.94;1,193;357,620;123,380;123;2.38;6;1,151;22.27;34;0;0;0;11 hours;02:02:25;6;34%;64%;50%
Envi-31896;3032;0;0;0;0;6%;22;22;15;0.12;2,841;5,789.09;2,841;1,411;0;0;0;4;8.15;0;0;0;2;4.07;2;1;0.5;0;0;0;0;0;2;4.07;2;0;0;0;0;0;0;0;0;1;0;0;1;0;0;0;0;0;0;0;0;0;0;0;00:03;00:07;00:03;0;0;0;0;0;0;1,200;356;0;0;0;1;2.03;1;0;0;0;2 minutes;0;0;29%;0;0
EquarTix-2371;64;0;0;0;0;9%;673;143;53;0;55,098;17,855.15;15,048;4,247;21;6.8;6;47;15.23;0;0;0;130;42.12;37;8;2.76;0;0;0;4;0;76;24.62;23;0;3;0;2;2,835;918.63;943;226;8;0;0;11;4;4;3;0;0;0;3;2;61;19.76;18;06:40;02:09;01:57;0;0;0;2,835;0;943;0;0;12;3.88;4;95;30.78;32;0;0;0;50 minutes;09:19;0;26%;0;61%
Eso-3710;0;0;0;0;0;5%;19;19;15;0.15;2,160;17,183.43;2,160;1,757;0;0;0;2;15.9;0;0;0;4;31.81;4;3;2;0;0;0;0;0;2;15.9;2;0;0;0;0;79;627.43;79;63;3;0;0;0;0;0;0;0;0;0;0;0;2;15.9;2;00:32;04:19;00:32;0;0;0;79;0.62;79;1,200;380;1;7.95;1;3;23.86;3;0;0;0;2 minutes;0;0;31%;31%;100%
eXile1cK-1643;2867;0;0;0;8;9%;6,703;271;102;0.17;554,477;11,991.28;24,988;6,017;300;6.48;17;568;12.28;0;0;0;1,449;31.33;75;20;2.55;0;0;0;15;0;966;20.89;52;18;46;1;27;40,189;869.13;2,289;581;20;0;0;120;53;29;38;4;0.08;1;5;29;503;10.87;32;47:41;01:01;02:36;0;0;0;40,189;1.05;2,289;206,760;68,197;327;7.07;12;1,061;22.94;58;2;0;0;10 hours;01:42:57;28;32%;63%;59%
Faith-1102;50;0;0;0;4;11%;1,425;203;68;0;96,811;12,349.06;18,017;3,699;58;7.39;11;71;9.05;0;0;0;264;33.67;48;12;3.71;0;0;0;3;0;184;23.47;31;0;8;0;5;7,575;966.27;1,410;524;12;0;0;24;5;11;8;2;0.25;1;4;6;142;18.11;32;11:10;01:25;02:53;0;0;0;7,575;0;1,410;0;0;51;6.5;9;201;25.63;37;0;0;0;--;22:37;0;27%;0;60%
fenner-1643;3668;0;0;0;0;8%;58;58;44;0.29;5,311;23,061.3;5,311;2,432;3;13.02;3;2;8.68;0;0;0;11;47.76;11;5;5.5;0;0;0;0;0;6;26.05;6;0;0;0;0;155;673.5;155;127;5;0;0;1;0;0;0;0;0;0;3;1;4;17.36;4;00:09;00:43;00:09;0;0;0;155;0.79;155;1,300;663;2;8.68;2;6;26.05;6;0;0;0;3 minutes;00:07;0;51%;0;100%
fighteR-2604;63;0;0;0;0;10%;118;87;34;0;9,444;16,320.78;7,650;2,047;2;3.45;2;5;8.64;0;0;0;21;36.29;13;8;4.2;0;0;0;1;0;7;12.09;5;0;1;0;0;459;793.6;382;150;0;0;0;1;0;0;1;0;0;0;0;0;7;12.09;6;00:12;00:20;00:12;0;0;0;459;0;382;0;0;2;3.45;2;11;19;8;0;0;0;8 minutes;01:36;0;21%;0;28%
Flame-12415;2806;0;0;0;47;6%;13,135;227;70;0.13;1,479,262;11,716.06;25,214;8,804;825;6.53;18;1,064;8.42;0;0;0;3,620;28.67;71;24;3.4;0;0;0;19;0;1,989;15.75;36;55;126;5;67;85,654;678.4;1,543;776;24;0;0;382;119;148;115;46;0.36;3;5;102;1,538;12.18;35;02:30:51;01:11;03:21;0;0;0;85,654;0.89;1,543;888,000;193,044;439;3.47;14;2,428;19.23;42;2;0;0;26 hours;03:51:04;33;21%;41%;52%
Forsak3n-2206;75;0;0;0;3;11%;2,523;304;64;0;176,636;14,554.91;17,954;4,055;86;7.08;11;135;11.12;0;0;0;531;43.75;60;14;3.93;0;0;0;2;0;312;25.7;43;0;12;0;10;13,796;1,136.79;1,224;455;0;0;0;32;11;7;14;0;0;0;4;11;187;15.4;19;14:59;01:14;01:20;0;0;0;13,796;0;1,224;0;0;76;6.26;18;377;31.06;29;0;0;0;3 hours;34:29;0;35%;0;84%
Freello-1459;57;0;0;0;0;7%;28;26;13;0;2,679;7,805.19;1,742;787;2;5.82;2;6;17.48;0;0;0;5;14.56;5;1;0.83;0;0;0;1;0;3;8.74;3;0;0;0;0;100;291.37;100;50;1;0;0;1;0;0;1;0;0;0;0;0;0;0;0;00:05;00:16;00:05;0;0;0;100;0;100;0;0;1;2.91;1;3;8.74;3;0;0;0;5 minutes;0;0;27%;0;0
Frostnium-1430;2424;0;0;0;0;7%;219;78;35;0.11;22,242;7,995.52;9,819;2,596;10;3.59;4;35;12.58;0;0;0;47;16.89;16;6;1.34;0;0;0;1;0;27;9.7;11;3;3;0;0;1,430;513.91;532;217;6;0;0;8;5;1;3;1;0.35;1;0;0;21;7.54;10;02:34;00:55;00:57;0;0;0;1,430;0.73;532;10,520;2,900;8;2.87;4;36;12.94;13;0;0;0;32 minutes;01:00;2;27%;30%;2%
Frosty-3647;3980;0;0;0;3;7%;1,193;222;69;0.2;121,460;17,323.66;17,925;5,945;53;7.55;11;71;10.12;0;0;0;240;34.23;45;15;3.38;0;0;0;0;0;129;18.39;27;3;7;0;4;5,479;781.44;956;450;15;0;0;20;4;8;9;2;0.28;1;4;4;80;11.41;24;06:38;00:56;01:26;0;0;0;5,479;0.95;956;47,040;15,328;25;3.56;8;150;21.39;26;0;0;0;1 hour;10:41;0;32%;40%;53%
Fulena-1606;3613;0;0;0;11;5%;2,924;262;80;0.18;400,689;20,134.35;38,113;10,432;159;7.98;22;221;11.1;0;0;0;650;32.66;66;22;2.94;0;0;0;3;0;342;17.18;36;9;20;2;9;13,592;682.97;1,351;419;22;0;0;69;19;31;19;0;0;0;6;21;256;12.86;27;24:44;01:14;02:55;0;0;0;13,592;0.83;1,351;168,560;53,460;34;1.7;5;395;19.84;35;0;0;0;4 hours;35:12;0;31%;45%;46%
Galactic-21329;47;0;0;0;3;5%;90;54;19;0;8,383;8,720.86;5,414;1,876;103;6.13;17;14;14.56;0;0;0;32;33.29;16;5;2.28;35;2.08;0;1;0;10;10.4;6;0;1;0;1;13,133;782.05;2,035;675;5;0;0;2;1;15;1;4;0.23;1;3;10;10;10.4;6;00:53;00:56;00:38;0;0;0;1,261;0;1,018;0;0;2;2.08;2;326;19.41;47;1;0;0;14 minutes;36:15;0;34%;0;98%
GambleRumble-1509;3583;0;0;0;3;9%;1,633;160;92;0.23;139,111;15,106.48;13,770;7,683;62;6.73;8;114;12.37;0;0;0;285;30.94;24;19;2.5;0;0;0;3;0;147;15.96;11;2;9;0;7;6,632;720.14;726;550;19;0;0;26;12;4;10;2;0.21;1;4;6;62;6.73;6;06:07;00:39;00:50;0;0;0;6,632;0.94;726;52,200;17,215;15;1.62;2;196;21.28;20;0;0;0;1 hour;12:35;0;32%;41%;77%
GhostDragon-153648;3026;0;0;0;4;6%;1,929;188;51;0.14;203,621;11,460.52;18,144;5,838;111;6.24;11;202;11.36;0;0;0;496;27.91;43;16;2.45;0;0;0;5;0;273;15.36;22;8;18;0;9;12,016;676.31;940;422;16;0;0;57;16;19;23;0;0;0;4;11;261;14.69;26;27:16;01:32;02:13;0;0;0;12,016;0.88;940;117,000;28,067;61;3.43;6;338;19.02;29;1;0;0;3 hours;20:10;12;23%;30%;53%
ginter-3695;2199;0;0;0;0;8%;121;57;39;0.1;8,963;3,984.72;3,160;1,847;2;0.88;1;19;8.44;0;0;0;24;10.66;17;10;1.26;0;0;0;0;0;10;4.44;5;1;2;0;1;773;343.7;499;245;10;0;0;6;0;0;5;0;0;0;0;0;7;3.11;5;00:57;00:25;00:38;0;0;0;773;0.7;499;7,980;1,458;3;1.33;2;20;8.89;13;0;0;0;18 minutes;0;0;18%;40%;44%
GluhenRose-1558;2639;0;0;0;0;6%;425;115;30;0.13;46,782;12,144.85;11,805;3,213;19;4.93;5;41;10.64;0;0;0;105;27.25;24;8;2.56;0;0;0;0;0;50;12.98;11;1;4;0;2;2,532;657.42;455;200;8;0;0;10;4;4;2;0;0;0;3;1;46;11.94;19;05:38;01:27;01:49;0;0;0;2,532;0.81;455;27,460;6,786;13;3.37;3;66;17.13;14;0;0;0;51 minutes;06:19;1;24%;38%;64%
GoDLuci-1127;3686;0;0;0;6;9%;3,235;350;85;0.18;281,743;12,885.75;18,918;6,685;129;5.89;13;264;12.07;0;0;0;660;30.18;52;26;2.5;0;0;0;4;0;391;17.88;37;14;22;1;7;17,185;785.98;1,064;566;26;0;0;55;17;16;22;2;0.09;1;4;11;229;10.47;20;18:52;00:51;01:38;0;0;0;17,185;1;1,064;130,460;35,592;116;5.3;11;443;20.26;33;0;0;0;4 hours;44:38;11;27%;51%;32%
Gods-1217;4059;0;0;0;0;8%;491;116;59;0.22;41,215;18,102.72;8,391;3,690;20;8.78;5;36;15.81;0;0;0;80;35.13;17;8;2.22;0;0;0;0;0;46;20.2;12;1;2;0;1;1,837;806.87;596;350;8;0;0;8;3;2;2;0;0;0;5;2;30;13.17;8;03:02;01:20;00:26;0;0;0;1,837;0.85;596;15,600;5,754;12;5.27;3;46;20.2;13;0;0;0;35 minutes;05:35;0;36%;37%;56%
Goosen-21913;2723;0;0;0;0;13%;338;98;60;0.19;20,687;12,621.47;6,282;2,393;9;5.49;5;26;15.86;0;0;0;54;32.94;22;9;2.07;0;0;0;1;0;31;18.91;14;0;0;0;1;1,725;1,052.44;582;248;9;0;0;0;0;0;0;1;0.61;1;3;2;23;14.03;8;02:50;01:44;01:15;0;0;0;1,725;1;582;8,620;2,554;8;4.88;4;46;28.06;19;0;0;0;10.78876600600779 seconds;01:47;0;29%;37%;68%
Graceful-2412;87;0;0;0;12;10%;5,792;232;83;0;433,370;15,574.29;15,340;6,083;237;8.51;12;362;13;0;0;0;1,067;38.34;55;22;2.94;0;0;0;10;0;630;22.64;29;0;28;0;17;26,783;962.52;1,222;698;22;0;0;83;22;36;25;14;0.5;3;5;28;395;14.19;21;29:11;01:02;01:21;0;0;0;26,783;0;1,222;0;0;154;5.53;10;715;25.69;31;0;0;0;6 hours;01:27:44;0;27%;0;60%
Grifster-21910;57;0;0;0;4;8%;1,965;210;76;0;187,039;13,932.27;21,264;4,967;117;8.71;14;206;15.34;0;0;0;411;30.61;47;11;1.99;0;0;0;1;0;257;19.14;27;0;13;0;8;11,212;835.13;1,287;359;11;0;0;38;14;12;13;0;0;0;4;10;139;10.35;22;16:06;01:11;01:39;0;0;0;11,212;0;1,287;0;0;89;6.62;13;291;21.67;36;0;0;0;3 hours;26:21;0;27%;0;59%
H4ms-3114;0;0;0;0;3;4%;660;237;48;0.15;100,303;22,076.75;35,768;5,288;43;9.46;15;53;11.66;0;0;0;211;46.44;87;18;3.98;0;0;0;1;0;89;19.58;42;1;5;0;3;3,998;879.96;1,625;286;18;0;0;15;3;10;2;0;0;0;4;6;85;18.7;37;07:17;01:36;03:16;0;0;0;3,998;0.95;1,625;40,840;13,856;9;1.98;3;120;26.41;53;0;0;0;1 hour;09:18;0;33%;39%;72%
Hallowed-11808;2942;0;0;0;0;3%;4;4;4;0.07;603;7,298.49;603;603;7;4.12;2;1;12.1;0;0;0;47;27.7;12;6;2.13;0;0;0;1;0;18;10.6;6;0;0;1;1;916;539.93;262;117;6;0;0;0;2;0;1;0;0;0;0;0;21;12.37;8;00:13;02:47;00:13;0;0;0;83;1.57;83;508;119;2;1.17;2;25;14.73;8;0;0;0;52.813809984363616 seconds;00:34;0;23%;23%;38%
Hamnett-3532;0;0;0;0;1;7%;364;143;36;0.15;40,071;13,015.37;16,973;6,198;23;7.47;11;37;12.01;0;0;0;88;28.58;36;16;2.37;0;0;0;0;0;59;19.16;25;2;3;0;1;1,911;620.55;685;250;16;0;0;11;3;5;3;0;0;0;5;2;25;8.12;10;02:42;00:52;01:13;0;0;0;1,911;0.83;685;12,600;4,722;8;2.59;4;57;18.51;21;0;0;0;37 minutes;05:31;0;37%;39%;20%
HappyPants-1658;3503;0;0;0;1;6%;318;121;60;0.23;33,589;25,088;12,469;6,020;16;11.95;5;14;10.45;0;0;0;79;59;35;20;5.64;0;0;0;0;0;45;33.61;20;0;1;0;1;1,368;1,021.44;419;326;20;0;0;5;2;1;1;0;0;0;3;3;35;26.14;20;02:57;02:12;01:08;0;0;0;1,368;1.01;419;13,100;4,584;11;8.21;4;39;29.12;13;0;0;0;22 minutes;07:22;0;34%;36%;72%
Hardi-11389;0;0;0;0;1;9%;468;104;83;0.15;37,083;10,191.32;7,866;5,499;24;6.59;6;47;12.91;0;0;0;103;28.3;21;16;2.19;0;0;0;1;0;64;17.58;15;1;4;0;2;3,049;837.99;1,021;828;16;0;0;13;5;3;6;0;0;0;3;1;47;12.91;10;03:17;00:54;00:45;0;0;0;3,049;0.98;1,021;18,240;4,693;24;6.59;10;78;21.43;22;1;0;0;51 minutes;07:20;3;25%;33%;63%
HarryHook-2309;4272;0;0;0;0;11%;33;33;30;0.44;1,912;20,467.37;1,912;1,764;0;0;0;1;10.7;0;0;0;3;32.11;3;3;3;0;0;0;0;0;3;32.11;3;0;0;0;0;10;109.78;10;10;3;0;0;0;0;0;0;0;0;0;0;0;0;0;0;00:03;00:38;00:03;0;0;0;10;0.13;10;840;291;0;0;0;1;10.7;1;0;0;0;1 minute;0;0;34%;0;0
HAVATITE-1990;2718;0;0;0;1;6%;467;110;45;0.14;53,799;12,282.13;9,047;3,497;17;3.88;7;43;9.81;0;0;0;86;19.63;27;15;2;0;0;0;0;0;39;8.9;8;2;4;0;2;1,531;349.52;397;347;15;0;0;13;4;5;4;0;0;0;3;3;25;5.7;5;03:54;00:53;01:00;0;0;0;1,531;0.47;397;26,380;7,315;11;2.51;3;47;10.72;13;0;0;0;53 minutes;01:05;0;27%;17%;47%
HEEYA-3357;2300;0;0;0;1;4%;76;52;18;0.1;14,614;21,302.64;12,510;6,571;7;10.2;7;8;11.66;0;0;0;28;40.81;26;12;3.5;0;0;0;2;0;16;23.32;15;0;1;0;0;779;1,135.19;727;332;12;0;0;2;1;1;1;0;0;0;0;0;18;26.23;18;02:15;03:17;02:05;0;0;0;779;1.06;727;6,800;1,808;4;5.83;4;24;34.98;22;0;0;0;12 minutes;01:45;0;26%;29%;69%
HeyKatie-1413;3644;0;0;0;6;7%;4,037;163;76;0.21;432,635;20,076.1;19,574;6,105;193;8.95;12;289;13.41;0;0;0;890;41.29;47;22;3.07;0;0;0;6;0;487;22.59;28;6;22;1;15;19,870;922.05;1,019;500;22;0;0;65;25;21;19;5;0.23;1;5;28;365;16.93;17;34:00;01:34;02:36;0;0;0;19,870;1.05;1,019;155,020;57,143;69;3.2;3;537;24.91;32;0;0;0;5 hours;56:53;1;36%;52%;67%
Hoon-31342;0;0;0;0;0;8%;17;17;17;0.29;1,367;21,677.55;1,367;1,367;0;0;0;0;0;0;0;0;5;79.3;5;5;0;0;0;0;0;0;1;15.86;1;0;0;0;0;104;1,653.81;104;104;5;0;0;0;0;0;0;0;0;0;0;0;3;47.58;3;00:10;02:42;00:10;0;0;0;104;1.8;104;800;196;0;0;0;3;47.58;3;0;0;0;57.915763025172055 seconds;00:57;0;24%;24%;100%
hoshimichan-1316;72;0;0;0;1;6%;320;95;52;0.14;32,447;13,308.69;9,952;3,605;10;4.1;3;26;10.66;0;0;0;94;38.55;30;10;3.61;0;0;0;0;0;47;19.27;15;1;2;0;1;2,699;1,107.01;979;388;10;0;0;9;3;3;4;0;0;0;0;0;38;15.58;18;02:29;01:01;01:03;0;0;0;2,699;1.25;979;15,620;4,747;8;3.28;3;76;31.17;26;0;0;0;35 minutes;04:26;0;30%;33%;40%
Hossy-11899;2833;0;0;0;3;10%;6;5;5;0.09;196;1,990.77;148;148;174;7.16;12;1;10.16;0;0;0;741;30.51;45;26;3.65;0;0;0;0;0;394;16.22;29;0;0;2;0;15,690;646.05;1,063;480;26;0;0;0;0;0;0;11;0.45;2;5;22;324;13.34;30;00:09;01:33;00:09;0;0;0;120;1.87;120;168;56;54;2.22;7;480;19.76;30;0;0;0;1 minute;00:00;8;33%;37%;28%
HotShotGG-3480;3682;0;0;0;0;8%;33;17;17;0.15;1,900;5,661.52;631;599;1;4.73;1;6;17.87;0;0;0;1;2.97;1;1;0.16;0;0;0;0;0;2;9.47;1;0;0;0;0;110;520.85;60;60;1;0;0;1;0;0;0;0;0;0;0;0;2;9.47;1;00:11;00:35;00:05;0;0;0;155;0.72;96;1,140;401;0;0;0;3;14.2;2;0;0;0;3 minutes;0;0;35%;49%;27%
HumanRabbit-1734;1206;0;0;0;0;7%;28;15;11;0.19;2,846;16,484.11;1,549;942;1;5.79;1;4;23.17;0;0;0;5;28.96;3;2;1.25;0;0;0;0;0;3;17.37;2;0;0;0;0;70;406;70;50;2;0;0;1;0;1;0;0;0;0;0;0;4;23.17;3;00:22;02:09;00:17;0;0;0;70;0.47;70;1,020;385;1;5.79;1;2;11.58;2;1;0;0;2 minutes;0;2;37%;42%;0
Hung-3864;0;0;0;0;6;8%;1,299;206;71;0.18;112,288;10,007.61;18,644;5,425;59;5.25;8;89;7.93;0;0;0;321;28.6;39;15;3.6;0;0;0;2;1;216;19.25;25;3;11;2;7;8,077;719.89;891;451;15;0;0;37;8;19;10;14;1.24;2;4;7;103;9.17;14;06:10;00:33;00:57;0;0;0;8,077;1.16;891;44,500;14,481;68;6.06;7;211;18.8;24;1;0;0;1 hour;25:32;6;32%;39%;58%
Hunterhyde-1159;2701;0;0;0;1;4%;12;7;7;0.07;1,267;4,261.16;734;734;19;8.38;7;2;6.72;0;0;0;1;3.36;1;1;0.5;0;0;0;0;0;37;16.33;11;0;0;0;1;1,566;691.39;388;284;1;0;0;1;0;1;0;0;0;0;0;0;25;11.03;9;00:07;00:24;00:04;0;0;0;268;1.73;152;780;271;7;3.08;3;42;18.53;12;0;0;0;2 minutes;02:04;0;34%;36%;54%
hymzi-2549;70;0;0;0;5;9%;753;130;71;0;59,636;10,013.32;7,885;5,152;25;4.19;6;41;6.88;0;0;0;176;29.55;30;17;4.29;0;0;0;0;0;99;16.62;19;0;6;0;6;4,753;798.11;1,230;541;17;0;0;23;9;10;5;0;0;0;3;6;43;7.21;8;03:21;00:33;00:51;0;0;0;4,753;0;1,230;0;0;18;3.02;4;123;20.65;27;0;0;0;53 minutes;19:13;0;33%;0;93%
Hyper-1157;3921;0;0;0;0;5%;573;67;46;0.19;64,307;17,848.72;6,854;4,335;15;4.16;3;49;13.6;0;0;0;98;27.2;11;9;2;0;0;0;0;0;53;14.71;10;2;4;0;1;1,958;543.5;444;291;9;0;0;9;4;3;2;0;0;0;3;2;47;13.04;8;06:35;01:49;01:00;0;0;0;1,958;0.66;444;28,280;10,227;4;1.11;1;61;16.93;11;0;0;0;49 minutes;05:27;0;36%;82%;24%
IANBOT-11988;2823;0;0;0;6;6%;2,169;171;76;0.2;236,280;20,060.01;18,987;8,067;110;9.33;14;151;12.81;0;0;0;479;40.66;41;21;3.17;0;0;0;3;0;308;26.14;28;6;12;1;5;11,181;949.25;1,191;499;21;0;0;36;8;23;6;1;0.08;1;4;9;207;17.57;20;18:33;01:34;01:24;0;0;0;11,181;1.04;1,191;105,760;32,052;95;8.06;15;308;26.14;31;1;0;0;2 hours;52:25;26;30%;44%;45%
iddqd-2884;84;0;0;0;1;7%;218;51;23;0;21,199;18,241.48;5,499;2,793;13;11.18;6;15;12.9;0;0;0;58;49.9;17;8;3.86;0;0;0;0;0;38;32.69;12;0;1;0;1;1,171;1,007.28;344;218;0;0;0;3;1;1;1;0;0;0;4;3;30;25.81;10;02:03;01:46;00:34;0;0;0;1,171;0;344;0;0;8;6.88;2;39;33.55;12;0;0;0;17 minutes;03:11;0;39%;0;92%
IDK-11494;3227;0;0;0;0;7%;198;113;27;0.16;20,143;13,754.37;12,044;2,519;7;4.77;4;23;15.7;0;0;0;39;26.62;17;9;1.69;0;0;0;0;0;19;12.97;11;1;1;0;0;1,074;733.07;563;164;9;0;0;5;2;1;2;0;0;0;3;1;12;8.19;5;02:08;01:27;01:16;0;0;0;1,074;0.88;563;9,800;2,576;4;2.73;1;29;19.8;15;0;0;0;20 minutes;00:59;0;26%;27%;0
IekkAI-3307;3227;0;0;0;1;8%;53;29;19;0.21;3,463;8,773.7;1,319;1,277;14;6.92;8;4;10.13;0;0;0;10;25.33;6;6;2.5;0;0;0;1;0;3;7.6;1;0;0;0;0;2,387;1,179.98;1,632;487;6;0;0;1;0;1;0;0;0;0;3;2;8;20.27;5;00:22;00:57;00:08;0;0;0;403;1.64;270;2,152;633;1;2.53;1;61;30.15;40;0;0;0;4 minutes;00:57;0;29%;31%;33%
IMWarMachine-6379;2264;0;0;0;1;6%;358;101;47;0.2;39,501;17,557.76;15,424;5,907;14;6.22;5;25;11.11;0;0;0;82;36.44;43;12;3.28;0;0;0;1;0;39;17.33;18;1;2;0;1;1,702;756.41;751;362;12;0;0;6;2;1;3;0;0;0;3;2;28;12.44;12;01:51;00:49;00:30;0;0;0;1,702;0.99;751;15,740;5,879;10;4.44;2;51;22.66;23;0;0;0;28 minutes;06:35;3;37%;37%;58%
Incognito-1602;72;0;0;0;16;8%;5,830;335;102;0;515,728;14,461.02;25,609;7,335;334;9.36;20;409;11.46;0;0;0;1,312;36.78;64;21;3.2;0;0;0;6;0;830;23.27;48;0;36;0;18;37,447;1,050.02;1,914;664;21;0.03;0;109;28;48;32;15;0.42;2;5;37;430;12.05;28;30:21;00:51;01:59;0;0;0;37,447;0;1,914;0;0;283;7.93;17;956;26.8;47;4;1,226;0.04;8 hours;02:18:11;0;29%;0;51%
Invision-2363;3901;0;0;0;7;7%;1,673;258;73;0.19;170,615;15,144.52;21,386;7,596;85;7.54;12;101;8.96;0;0;0;363;32.22;52;16;3.59;0;0;0;2;0;179;15.88;26;4;11;0;7;7,727;685.88;998;483;16;0;0;35;11;16;8;4;0.35;2;6;18;115;10.2;17;08:28;00:45;01:32;0;0;0;7,727;0.89;998;63,360;21,290;16;1.42;3;219;19.43;27;0;0;0;2 hours;21:32;0;33%;44%;61%
ironblue-11749;2520;0;0;0;0;5%;50;42;29;0.12;5,079;9,511.94;4,413;3,292;3;5.61;3;5;9.36;0;0;0;9;16.85;9;9;1.8;0;0;0;0;0;4;7.49;4;0;1;0;0;450;842.78;450;450;9;0;0;2;1;1;1;0;0;0;0;0;6;11.23;6;00:47;01:28;00:42;0;0;0;450;1.15;450;3,400;916;2;3.74;2;9;16.85;9;0;0;0;6 minutes;00:35;0;26%;27%;49%
Ithae-1510;52;0;0;0;1;7%;166;63;41;0;16,511;10,305.41;7,394;5,559;5;3.12;3;19;11.85;0;0;0;44;27.46;24;18;2.31;0;0;0;0;0;24;14.97;13;0;2;0;1;1,181;737.28;523;417;18;0;0;4;1;1;2;0;0;0;3;1;18;11.23;8;01:37;01:00;00:57;0;0;0;1,181;0;523;0;0;8;4.99;5;33;20.59;17;0;0;0;22 minutes;01:34;0;29%;0;43%
JackaL-3407;2555;0;0;0;0;13%;95;95;42;0.3;4,642;11,739.04;4,642;2,010;2;5.05;2;5;12.64;0;0;0;7;17.7;7;4;1.4;0;0;0;0;0;3;7.58;3;0;0;0;0;118;297.45;118;118;4;0;0;2;0;1;0;0;0;0;0;0;4;10.11;4;00:21;00:53;00:21;0;0;0;118;0.38;118;2,500;686;1;2.52;1;4;10.11;4;0;0;0;5 minutes;0;0;27%;0;0
JamesLiu-3595;2182;0;0;0;0;6%;137;66;23;0.17;13,339;15,303.21;6,636;2,053;5;5.73;3;12;13.76;0;0;0;19;21.79;9;4;1.58;0;0;0;1;0;9;10.32;5;1;1;0;0;425;487.72;285;135;4;0;0;2;2;0;0;0;0;0;0;0;11;12.61;6;01:13;01:24;00:53;0;0;0;425;0.52;285;8,180;2,036;3;3.44;1;11;12.61;8;0;0;0;13 minutes;01:32;0;24%;32%;25%
JesseJames-11680;2476;0;0;0;0;10%;7;6;6;0.03;248;878.25;157;126;8;3.39;3;6;21.26;0;0;0;2;7.08;1;1;0.33;0;0;0;0;0;11;4.66;4;0;0;0;0;871;369.38;431;220;1;0;0;1;0;0;0;0;0;0;3;1;2;7.08;1;00:11;00:41;00:07;0;0;0;201;0.86;201;592;68;1;0.42;1;24;10.17;11;0;0;0;3 minutes;00:36;0;11%;32%;57%
JIhooN-31212;2641;0;0;0;108;7%;42,955;371;102;0.14;4,312,007;11,437.63;30,060;12,251;2,154;5.71;25;3,098;8.21;0;0;0;10,659;28.27;69;28;3.44;0;0;0;68;1;5,976;15.85;47;148;377;25;203;225,296;597.6;1,643;709;28;0;0;1,249;463;418;368;45;0.11;1;5;216;4,688;12.43;35;09:19:49;01:29;05:12;0;0;0;225,296;0.76;1,643;2,349,540;588,226;1,373;3.64;13;6,436;17.07;50;35;0;0;81 hours;09:27:07;178;25%;53%;53%
jjlol-11226;52;0;0;0;6;8%;1,444;199;68;0;134,323;15,291.43;18,153;5,795;75;8.53;14;114;12.97;0;0;0;332;37.79;44;19;2.91;0;0;0;1;0;198;22.54;28;0;9;0;5;7,726;879.52;1,323;300;19;0;0;31;7;15;9;0;0;0;4;8;192;21.85;27;18:14;02:04;02:33;0;0;0;7,726;0;1,323;0;0;51;5.8;8;213;24.24;33;0;0;0;2 hours;31:46;0;25%;0;54%
JonnyBI-2703;3137;0;0;0;22;10%;116;43;40;0.19;6,006;6,460.38;2,200;1,758;377;6.75;17;8;8.6;0;0;0;7;7.52;3;3;0.87;0;0;0;8;0;2;2.15;1;1;1;4;0;38,480;689;1,401;501;3;0;0;2;1;1;1;7;0.12;2;5;45;4;4.3;3;00:55;00:59;00:42;0;0;0;760;1.3;294;3,552;1,156;2;2.15;1;1,035;18.53;43;3;0;0;9 minutes;01:43:34;19;32%;53%;7%
KAKI-11832;0;0;0;0;0;7%;230;121;46;0.23;22,055;22,583.3;11,626;4,763;9;9.21;7;15;15.35;0;0;0;45;46.07;28;14;3;0;0;0;2;0;26;26.62;20;1;1;0;0;1,028;1,053.07;704;408;14;0;0;3;0;2;0;0;0;0;3;2;16;16.38;13;01:20;01:22;01:06;0;0;0;1,028;1.04;704;8,400;3,124;7;7.16;7;30;30.71;21;0;0;0;16 minutes;03:33;0;37%;0;0
Kay3-2155;69;0;0;0;0;14%;80;65;31;0;5,079;19,036.21;3,873;1,614;1;3.74;1;5;18.74;0;0;0;10;37.48;8;6;2;0;0;0;0;0;7;26.23;6;0;0;0;0;242;907.03;167;100;0;0;0;1;0;0;0;0;0;0;0;0;1;3.74;1;00:26;01:39;00:15;0;0;0;242;0;167;0;0;0;0;0;7;26.23;5;0;0;0;4 minutes;00:32;0;29%;0;0
Kefka-11531;4123;0;0;0;7;8%;1,822;174;72;0.22;168,993;14,751.55;12,575;5,870;75;6.54;9;90;7.85;0;0;0;424;37.01;40;20;4.71;0;0;0;4;0;226;19.72;22;2;11;0;9;9,840;858.91;1,083;486;20;0;0;36;11;14;11;1;0.08;1;5;14;127;11.08;13;09:05;00:47;00:55;0;0;0;9,840;1.19;1,083;72,100;22,319;30;2.61;5;270;23.56;28;0;0;0;2 hours;26:25;0;30%;44%;79%
Keishi-11995;3431;0;0;0;4;9%;1,325;292;77;0.25;116,256;19,568.67;23,394;6,971;54;9.08;14;80;13.46;0;0;0;263;44.26;55;20;3.28;0;0;0;0;0;190;31.98;34;3;6;0;3;6,517;1,096.98;1,343;618;20;0;0;19;5;11;3;1;0.16;1;5;9;89;14.98;19;06:51;01:09;00:58;0;0;0;6,517;1.24;1,343;38,120;13,819;39;6.56;6;169;28.44;35;2;0;0;1 hour;24:31;5;36%;56%;50%
keRLos-1604;3974;0;0;0;5;9%;2,004;256;82;0.23;158,974;13,690.08;20,243;5,353;64;5.51;13;105;9.04;0;0;0;401;34.53;59;17;3.81;0;0;0;2;0;229;19.72;30;2;12;1;9;7,936;683.43;1,349;295;17;0;0;41;17;17;7;2;0.17;1;4;6;119;10.24;21;11:06;00:57;01:39;0;0;0;7,936;0.93;1,349;62,440;20,491;34;2.92;6;229;19.72;39;0;0;0;2 hours;17:17;1;32%;43%;75%
Kira-1303;64;0;0;0;0;8%;240;62;36;0;20,749;14,505.34;4,412;3,834;9;6.29;3;18;12.58;0;0;0;59;41.24;15;9;3.27;0;0;0;0;0;40;27.96;11;0;1;0;1;1,573;1,099.41;391;284;9;0;0;4;1;2;1;0;0;0;3;1;19;13.28;5;01:34;01:05;00:19;0;0;0;1,573;0;391;0;0;16;11.18;5;39;27.26;10;0;0;0;22 minutes;05:52;0;25%;0;50%
KJerry-1610;4141;0;0;0;3;9%;544;214;52;0.21;46,291;13,581.78;13,912;3,709;23;6.74;9;31;9.09;0;0;0;111;32.56;30;10;3.58;0;0;0;0;0;64;18.77;18;0;3;0;3;3,115;914.06;922;350;10;0;0;11;3;3;5;0;0;0;3;2;31;9.09;12;02:44;00:48;00:56;0;0;0;3,115;1.22;922;19,700;5,562;17;4.98;8;74;21.71;22;0;0;0;42 minutes;11:19;0;28%;26%;100%
KnOxXx-21951;3848;0;0;0;3;7%;695;269;64;0.23;65,125;17,040.13;27,755;7,384;24;6.27;10;34;8.89;0;0;0;145;37.93;53;16;4.26;0;0;0;1;0;75;19.62;29;2;4;0;2;2,827;739.66;1,331;392;16;0;0;13;3;7;4;0;0;0;3;3;31;8.11;10;03:39;00:57;01:21;0;0;0;2,827;0.96;1,331;28,040;9,006;7;1.83;3;96;25.11;43;0;0;0;48 minutes;10:41;0;32%;71%;41%
KOKFC-1575;3897;0;0;0;1;4%;32;16;7;0.09;3,655;8,889.36;2,382;1,003;7;5.56;4;7;17.02;0;0;0;5;12.16;3;2;0.71;0;0;0;1;0;1;2.43;1;0;0;0;1;531;421.55;300;231;2;0;0;1;0;0;0;0;0;0;0;0;1;2.43;1;00:14;00:36;00:08;0;0;0;334;1.03;277;1,710;718;1;0.79;1;12;9.53;6;0;0;0;5 minutes;00:40;1;41%;48%;61%
Kotani-2471;2612;0;0;0;10;7%;4,045;185;75;0.16;426,986;14,354.43;18,605;5,386;223;7.49;10;271;9.11;0;0;0;934;31.39;35;22;3.44;0;0;0;1;0;535;17.98;23;13;30;3;14;20,330;683.46;1,001;472;22;0;0;83;31;30;22;4;0.13;1;4;24;326;10.95;16;29:34;00:59;01:55;0;0;0;20,330;0.84;1,001;202,060;57,305;129;4.33;8;544;18.28;22;3;0;0;6 hours;44:12;20;28%;42%;46%
Kryw-2449;4208;0;0;0;4;7%;572;127;59;0.2;60,000;14,902.54;14,959;5,320;30;7.45;9;32;7.94;0;0;0;126;31.29;27;13;3.93;0;0;0;0;0;64;15.89;13;0;4;0;4;2,868;712.32;702;361;13;0;0;17;8;6;3;2;0.49;1;5;4;40;9.93;10;03:13;00:47;01:00;0;0;0;2,868;1.03;702;23,240;7,840;10;2.48;3;75;18.62;17;0;0;0;46 minutes;09:11;0;33%;29%;93%
KwamFun-1860;2633;0;0;0;12;8%;4,444;314;71;0.19;395,053;15,542.2;26,096;5,287;188;7.39;12;359;14.12;0;0;0;995;39.14;60;16;2.77;0;0;0;10;0;614;24.15;38;12;25;1;12;26,305;1,034.88;1,698;511;16;0;0;81;24;33;25;2;0.07;1;4;22;447;17.58;36;31:33;01:14;02:30;0;0;0;26,305;1.12;1,698;183,540;50,774;173;6.8;15;684;26.9;43;1;0;0;6 hours;01:09:58;3;27%;59%;46%
KYLE-3141;0;0;0;0;1;7%;3,375;274;58;0.14;335,331;12,978.7;20,439;5,089;166;6.42;17;377;14.59;0;0;0;721;27.9;53;20;1.91;0;0;0;8;0;373;14.43;31;14;26;0;12;19,733;763.75;1,421;829;20;0;0;59;31;9;20;0;0;0;4;12;265;10.25;25;30:25;01:10;02:00;0;0;0;19,733;0.83;1,421;169,880;44,470;69;2.67;5;525;20.31;38;1;0;0;6 hours;37:48;4;26%;53%;45%
LaraCroft-1233;2424;0;0;0;0;2%;14;10;5;0.03;3,220;5,007.34;1,673;1,200;1;2.1;1;8;12.43;0;0;0;1;1.55;1;1;0.12;0;0;0;0;0;4;8.43;4;0;1;0;0;178;374.88;178;178;1;0;0;2;0;0;1;0;0;0;0;0;1;1.55;1;00:14;00:22;00:07;0;0;0;335;0.73;153;1,684;671;3;6.32;3;5;10.54;5;0;0;0;7 minutes;0;0;39%;62%;67%
Laurie400-1327;31;0;0;0;3;8%;2;2;2;0;88;1,508.22;88;88;61;6.22;11;1;17.17;0;0;0;1;17.17;1;1;1;0;0;0;2;0;172;17.54;28;0;0;0;6;6,098;622.03;1,114;400;1;0;0;23;14;4;5;0;0;0;4;5;1;17.17;1;00:01;00:21;00:01;0;0;0;6,098;0;1,114;0;0;69;7.03;14;159;16.21;26;0;0;0;39.03874598816037 seconds;17:32;0;14%;0;65%
LDXLynm-1790;54;0;0;0;0;13%;46;46;20;0;3,015;5,829.45;3,015;1,155;2;3.86;2;4;7.73;0;0;0;5;9.66;5;3;1.25;0;0;0;0;0;3;5.8;3;0;1;0;0;82;158.54;82;50;0;0;0;1;0;1;0;0;0;0;0;0;2;3.86;2;00:02;00:04;00:02;0;0;0;82;0;82;0;0;2;3.86;2;3;5.8;3;0;0;0;4 minutes;0;0;28%;0;0
Legist-21953;2633;0;0;0;1;6%;1,692;170;82;0.18;184,318;16,965.21;24,194;9,190;77;7.08;10;153;14.08;0;0;0;350;32.21;46;15;2.28;0;0;0;3;0;180;16.56;23;6;11;0;5;9,349;860.55;882;357;15;0;0;31;14;7;10;0;0;0;4;10;148;13.62;23;13:32;01:14;01:53;0;0;0;9,349;0.99;882;70,860;24,590;35;3.22;7;248;22.82;23;0;0;0;2 hours;16:28;4;34%;52%;44%
Legit-21235;1645;0;0;0;0;7%;28;28;21;0.2;3,482;30,828.2;3,482;2,520;0;0;0;2;17.7;0;0;0;2;17.7;2;2;1;0;0;0;0;0;2;17.7;2;0;0;0;0;90;796.83;90;50;2;0;0;0;0;0;0;0;0;0;0;0;1;8.85;1;00:13;01:55;00:13;0;0;0;90;0.64;90;980;378;2;17.7;2;2;17.7;2;0;0;0;2 minutes;0;0;38%;0;0
LetterE-1468;2930;0;0;0;1;7%;1,041;151;74;0.17;113,414;15,012.55;17,160;5,436;62;8.2;10;64;8.47;0;0;0;244;32.29;42;17;3.81;0;0;0;0;0;142;18.79;24;2;8;0;5;5,983;791.91;1,060;450;17;0;0;22;10;5;8;2;0.26;1;3;7;80;10.58;19;07:38;01:00;01:33;0;0;0;5,983;1;1,060;54,620;14,496;33;4.36;5;159;21.04;27;0;0;0;1 hour;13:32;0;26%;55%;70%
Lilgho-4319;3766;0;0;0;1;5%;155;103;27;0.16;18,085;16,232.37;10,254;3,323;5;4.48;3;13;11.66;0;0;0;30;26.92;20;8;2.3;0;0;0;0;0;15;13.46;10;0;1;0;1;745;669.12;407;292;8;0;0;4;1;1;1;0;0;0;0;0;15;13.46;12;01:55;01:43;01:15;0;0;0;745;0.78;407;7,940;2,605;1;0.89;1;23;20.64;12;0;0;0;15 minutes;00:12;0;32%;33%;79%
Lish-21487;53;0;0;0;1;22%;2;2;2;0;43;1,647.42;43;43;37;6.81;12;1;38.4;0;0;0;1;38.4;1;1;1;0;0;0;2;0;1;38.4;1;0;0;0;3;3,861;711.04;878;283;1;0;0;0;0;0;0;1;0.18;1;3;8;1;38.4;1;05:59;01:06;01:35;0;0;0;128;0;128;0;0;28;5.15;11;102;18.78;22;1;0;0;26.068428985774517 seconds;09:53;0;19%;0;50%
LIXU-4794;3497;0;0;0;0;10%;95;37;36;0.13;6,474;3,540.34;2,602;1,953;3;1.64;3;2;1.09;0;0;0;24;13.12;14;9;12;0;0;0;0;0;16;8.75;10;1;2;0;1;600;328.29;386;250;9;0;0;3;1;1;1;0;0;0;4;2;8;4.37;5;00:15;00:08;00:05;0;0;0;600;0.86;386;5,640;918;9;4.92;8;16;8.75;9;0;0;0;11 minutes;01:37;5;16%;34%;31%
LLOVEJX-1785;2651;0;0;0;7;6%;1,986;162;67;0.15;205,534;13,377.82;22,418;6,876;100;6.5;16;169;10.99;0;0;0;467;30.39;43;17;2.76;0;0;0;4;0;216;14.05;27;4;15;0;11;12,631;822.14;1,343;578;17;0;0;44;15;16;13;2;0.13;1;5;5;200;13.01;24;22:05;01:26;02:40;0;0;0;12,631;0.96;1,343;123,740;30,288;67;4.36;9;334;21.73;33;0;0;0;3 hours;33:13;10;24%;36%;72%
Logue-1981;2403;0;0;0;0;7%;930;116;63;0.18;86,891;14,856.74;12,314;5,222;34;5.81;4;77;13.16;0;0;0;191;32.65;24;13;2.48;0;0;0;1;0;107;18.29;16;3;6;0;2;5,701;974.84;704;431;13;0;0;21;8;7;6;4;0.68;1;3;4;58;9.91;10;05:17;00:54;00:59;0;0;0;5,701;1.15;704;38,720;12,039;28;4.78;7;141;24.1;16;0;0;0;1 hour;16:24;4;31%;55%;37%
LsatGinder-1423;1920;0;0;0;0;11%;83;74;34;0.15;4,002;4,476.58;3,356;1,158;1;1.11;1;6;6.71;0;0;0;11;12.3;11;4;1.83;0;0;0;0;0;5;5.59;5;0;1;0;1;182;203.13;119;67;4;0;0;1;1;0;0;0;0;0;0;0;6;6.71;6;01:04;01:12;01:04;0;0;0;182;0.33;119;5,260;747;0;0;0;6;6.71;4;0;0;0;9 minutes;01:41;0;14%;4%;70%
LSNPIG-4979;0;0;0;0;1;11%;179;179;122;0.34;10,684;16,376.7;10,684;6,984;5;7.66;5;6;9.19;0;0;0;23;35.25;23;17;3.83;0;0;0;0;0;17;26.05;17;0;1;0;1;531;814.06;531;353;17;0;0;3;1;1;1;0;0;0;0;0;8;12.26;8;00:38;00:59;00:38;0;0;0;531;1.01;531;4,180;1,613;2;3.06;2;15;22.99;15;0;0;0;8 minutes;05:54;0;38%;0;100%
LuLu-11129;58;0;0;0;3;9%;523;294;68;0;40,858;13,020.93;18,465;4,416;29;9.24;14;30;9.56;0;0;0;103;32.82;51;11;3.43;0;0;0;1;0;77;24.53;39;0;3;0;2;2,483;791.32;1,113;315;11;0;0;11;2;7;2;1;0.31;1;4;3;41;13.06;23;03:15;01:02;01:31;0;0;0;2,483;0;1,113;0;0;25;7.96;11;68;21.67;34;0;0;0;33 minutes;15:29;0;31%;0;54%
Luxyne-1720;3380;0;0;0;0;5%;403;86;50;0.11;58,309;12,951.26;12,642;3,356;31;6.88;9;59;13.1;0;0;0;116;25.76;22;10;1.96;0;0;0;0;0;65;14.43;13;3;5;0;2;2,905;645.31;729;266;10;0;0;11;5;3;4;0;0;0;3;2;58;12.88;14;06:58;01:33;01:57;0;0;0;2,905;0.79;729;26,340;7,766;8;1.77;2;82;18.21;20;0;0;0;1 hour;06:45;0;29%;46%;38%
Lyan-21728;2550;0;0;0;0;13%;83;42;41;0.18;4,587;6,410.57;2,301;2,301;1;1.39;1;6;8.38;0;0;0;15;20.96;10;10;2.5;0;0;0;1;0;7;9.78;4;1;1;0;0;344;480.25;202;202;10;0;0;2;0;1;0;0;0;0;0;0;3;4.19;2;00:27;00:38;00:18;0;0;0;344;0.77;202;2,380;603;1;1.39;1;8;11.18;5;0;0;0;7 minutes;0;0;25%;26%;26%
MAJAJA-3599;0;0;0;0;8;5%;17;16;11;0.2;1,401;16,955.71;858;543;139;7.51;21;2;24.21;0;0;0;3;36.31;2;2;1.5;0;0;0;4;0;2;24.21;1;0;0;0;10;12,133;656.13;1,455;488;2;0;0;0;0;0;0;2;0.1;1;4;12;2;24.21;2;00:22;04:33;00:17;0;0;0;5;0.05;5;890;301;39;2.1;4;370;20;37;0;0;0;1 minute;00:07;2;33%;48%;55%
Mario-13553;50;0;0;0;3;8%;2,245;269;85;0;206,125;10,525.3;18,447;5,614;104;5.31;10;206;10.51;0;0;0;511;26.09;37;19;2.48;0;0;0;9;0;313;15.98;30;0;20;0;9;14,285;729.41;1,316;387;19;0;0;37;16;9;12;5;0.25;1;4;10;230;11.74;26;20:25;01:02;02:08;0;0;0;14,285;0;1,316;0;0;90;4.59;16;384;19.6;32;3;0;0;4 hours;39:47;0;25%;0;47%
MartabakKeju-1697;3125;0;0;0;2;9%;1,268;280;83;0.2;108,347;11,499.44;22,552;6,740;50;5.3;10;85;9.02;0;0;0;256;27.17;56;18;3.01;0;0;0;1;0;135;14.32;32;4;9;1;4;6,318;670.6;1,629;585;18;0;0;24;12;5;7;0;0;0;4;6;104;11.03;28;08:02;00:51;01:50;0;0;0;6,318;1.04;1,629;50,680;13,260;31;3.29;9;174;18.46;41;0;0;0;1 hour;15:14;0;26%;41%;47%
MeePokBoy-1184;3653;0;0;0;2;7%;1,410;153;63;0.22;134,341;16,158.03;15,852;5,832;59;7.09;8;95;11.42;0;0;0;265;31.87;43;13;2.78;0;0;0;2;0;139;16.71;26;4;8;1;4;6,779;815.31;1,204;430;13;0;0;21;7;6;8;3;0.36;1;6;8;63;7.57;8;06:14;00:45;00:47;0;0;0;6,779;1.08;1,204;45,020;18,284;27;3.24;7;184;22.13;32;0;0;0;1 hour;15:08;0;40%;74%;42%
mekemeke-11634;60;0;0;0;3;8%;770;198;72;0.17;67,538;12,870.44;16,197;7,405;24;4.57;11;39;7.43;0;0;0;198;37.73;51;27;5.07;0;0;105,700;1;0;139;26.48;43;1;5;0;4;5,229;996.38;1,359;582;27;0;0;25;7;11;8;3;0.57;1;4;4;88;16.76;21;06:03;01:09;01:07;0;0;0;5,229;1.19;1,359;31,300;9,591;41;7.81;18;148;28.2;35;1;0;0;1 hour;19:11;5;30%;34%;76%
Mendokusaii-2955;4206;0;0;0;2;8%;1,299;145;72;0.22;130,188;18,097.13;11,940;7,755;59;8.2;7;86;11.95;0;0;0;224;31.13;21;13;2.6;0;0;0;2;0;130;18.07;13;4;7;0;4;5,018;697.49;667;392;13;0;0;20;4;11;5;2;0.27;2;4;10;68;9.45;10;06:33;00:54;00:56;0;0;0;5,018;0.87;667;39,260;16,163;16;2.22;3;134;18.62;17;0;0;0;1 hour;19:02;0;41%;52%;50%
MGUY-2440;2854;0;0;0;0;4%;64;36;25;0.15;9,666;23,034.28;6,151;2,631;1;2.38;1;6;14.29;0;0;0;9;21.44;7;3;1.5;0;0;0;0;0;3;7.14;2;0;0;0;0;303;722.18;303;150;3;0;0;1;0;0;0;0;0;0;0;0;4;9.53;4;00:35;01:23;00:35;0;0;0;303;0.74;303;4,340;1,592;0;0;0;9;21.44;9;0;0;0;6 minutes;0;0;36%;41%;0
MilaTheMute-1868;47;0;0;0;0;10%;61;25;18;0;3,084;4,823.33;1,205;766;7;2.76;5;5;7.82;0;0;0;14;21.89;8;8;2.8;0;0;0;0;0;4;6.25;2;0;1;0;0;896;353.88;423;120;8;0;0;1;1;0;0;0;0;0;0;0;10;15.64;7;00:37;00:58;00:19;0;0;0;196;0;90;0;0;1;1.56;1;23;9.08;12;0;0;0;6 minutes;00:00;0;24%;0;9%
Mix-41491;3599;0;0;0;1;4%;283;109;53;0.16;40,449;19,853.23;17,072;4,300;17;8.34;5;22;10.79;0;0;0;50;24.54;17;12;2.27;0;0;0;0;0;28;13.74;9;2;2;0;0;1,348;661.75;615;389;12;0;0;8;4;4;1;0;0;0;3;1;23;11.28;9;03:12;01:34;01:14;0;0;0;1,348;0.76;615;15,920;6,044;4;1.96;3;39;19.14;16;0;0;0;29 minutes;03:09;0;37%;36%;12%
mmymy-1524;4026;0;0;0;0;6%;225;135;65;0.26;22,968;26,967.66;13,095;5,267;2;2.34;2;14;16.43;0;0;0;25;29.35;13;9;1.78;0;0;0;0;0;13;15.26;8;1;1;0;0;545;640;374;235;9;0;0;2;1;0;1;0;0;0;0;0;8;9.39;6;01:02;01:13;00:24;0;0;0;545;0.64;374;8,820;3,257;3;3.52;2;16;18.78;11;0;0;0;13 minutes;01:31;0;36%;0;9%
MyJohnny-2444;2931;0;0;0;2;8%;729;122;65;0.19;63,701;15,372.2;10,330;4,240;27;6.51;8;53;12.78;0;0;0;139;33.54;26;12;2.62;0;0;0;0;0;70;16.89;13;2;4;0;1;3,278;791.14;701;285;12;0;0;15;4;6;5;1;0.24;1;4;4;60;14.47;20;09:42;02:20;02:52;0;0;0;3,278;0.87;701;33,540;8,472;18;4.34;4;85;20.51;18;0;0;0;1 hour;06:10;2;25%;35%;33%
MyNeverevr-1103;3533;0;0;0;2;7%;1,651;174;98;0.16;165,745;13,192.39;15,787;7,494;85;6.76;11;140;11.14;0;0;0;376;29.92;40;25;2.68;0;0;0;7;0;228;18.14;25;6;13;0;7;11,816;940.47;1,426;721;25;0;0;36;11;9;16;6;0.47;1;4;12;146;11.62;20;16:06;01:16;02:30;0;0;0;11,816;1.2;1,426;71,240;21,364;52;4.13;8;301;23.95;34;2;0;0;2 hours;20:37;8;29%;49%;52%
nan-1607;4000;0;0;0;11;6%;4,537;231;74;0.2;509,439;17,042.3;21,958;8,544;233;7.79;19;326;10.9;0;0;0;944;31.57;57;22;2.89;0;0;0;5;0;530;17.73;29;11;30;1;18;22,597;755.92;1,341;841;22;0;0;102;34;29;39;5;0.16;1;4;38;325;10.87;24;25:42;00:51;01:27;0;0;0;22,597;0.99;1,341;170,980;68,406;109;3.64;8;614;20.54;36;0;0;0;6 hours;58:00;4;40%;82%;59%
nekyG-2308;3842;0;0;0;0;10%;640;106;103;0.26;47,675;16,762.47;7,556;3,993;18;6.32;4;33;11.6;0;0;0;91;31.99;14;8;2.75;0;0;0;0;0;43;15.11;6;2;3;0;1;2,077;730.15;307;212;8;0;0;10;4;2;4;0;0;0;4;1;40;14.06;6;04:14;01:29;00:37;0;0;0;2,077;0.84;307;16,380;5,981;9;3.16;3;66;23.2;10;0;0;0;40 minutes;04:57;4;36%;50%;43%
Neptune-31921;3151;0;0;0;8;6%;5,583;333;81;0.13;604,115;11,609.62;24,205;9,128;286;5.49;11;529;10.16;0;0;0;1,329;25.54;50;13;2.51;0;0;0;12;0;640;12.29;29;26;52;3;23;31,456;604.51;1,445;412;13;0;0;141;52;49;41;10;0.19;2;4;26;633;12.16;35;01:17:22;01:29;03:16;0;0;0;31,456;0.77;1,445;360,540;82,563;140;2.69;6;874;16.79;41;2;0;0;11 hours;39:39;22;22%;52%;44%
Nichiren-21254;41;0;0;0;5;7%;2,398;198;58;0;214,863;8,780.97;15,172;5,464;122;4.98;12;186;7.6;0;0;0;602;24.6;56;16;3.23;0;0;0;2;0;353;14.42;28;0;24;0;12;12,722;519.9;1,175;377;16;0;0;51;21;13;17;2;0.08;1;5;9;218;8.9;26;12:25;00:30;01:02;0;0;0;12,722;0;1,175;0;0;139;5.68;14;335;13.69;36;2;0;0;5 hours;23:38;0;21%;0;49%
NikolaTesla-11280;53;0;0;0;27;8%;9,112;325;93;0;819,814;12,642.66;32,634;6,663;389;5.99;12;798;12.3;0;0;0;2,199;33.91;76;20;2.75;0;0;0;28;0;1,179;18.18;42;0;65;0;37;57,931;893.37;1,890;781;20;0;0;232;77;86;69;17;0.26;2;4;33;1,145;17.65;49;01:59:13;01:50;03:37;0;0;0;57,931;0;1,890;0;0;217;3.34;9;1,580;24.36;58;0;0;0;16 hours;02:43:54;0;29%;0;57%
Nostril-1317;3333;0;0;0;0;5%;426;174;58;0.15;58,546;20,058.44;20,891;5,507;28;9.59;11;37;12.67;0;0;0;96;32.89;43;14;2.59;0;0;0;0;0;52;17.81;22;1;3;1;1;2,202;754.29;994;455;14;0;0;9;3;3;3;1;0.34;1;5;2;27;9.25;10;02:37;00:54;00:49;0;0;0;2,202;0.79;994;24,060;7,977;2;0.68;2;62;21.24;28;0;0;0;46 minutes;03:10;0;33%;38%;25%
Nova-1852;65;0;0;0;1;8%;924;219;49;0;77,932;16,294.1;17,829;4,021;36;7.52;9;64;13.38;0;0;0;192;40.14;42;11;3;0;0;0;2;0;110;22.99;22;0;5;0;3;5,880;1,229.44;1,062;300;11;0;0;14;3;6;6;0;0;0;4;2;72;15.05;21;06:43;01:24;01:35;0;0;0;5,880;0;1,062;0;0;29;6.06;5;154;32.19;29;0;0;0;1 hour;15:56;0;32%;0;55%
Novady-11519;3894;0;0;0;0;9%;49;36;19;0.19;4,279;15,698.74;3,865;2,309;3;11;3;2;7.33;0;0;0;8;29.35;8;6;4;0;0;0;0;0;4;14.67;4;0;0;0;0;215;787.09;215;154;6;0;0;0;0;0;0;0;0;0;3;1;2;7.33;2;00:21;01:18;00:19;0;0;0;215;0.84;215;1,480;530;0;0;0;7;25.68;7;0;0;0;9.455398999154568 seconds;00:20;0;35%;70%;92%
Nozomi-4919;3527;0;0;0;0;6%;9;9;7;0.16;772;16,916.79;772;657;0;0;0;2;43.82;0;0;0;1;21.91;1;1;0.5;0;0;0;0;0;0;0;0;0;0;0;0;150;3,286.68;150;100;1;0;0;0;0;0;0;0;0;0;0;0;0;0;0;00:10;03:51;00:10;0;0;0;150;2.74;150;440;129;0;0;0;2;43.82;2;0;0;0;54.63269002456218 seconds;0;0;29%;0;100%
NzNr-1485;3728;0;0;0;3;7%;2,050;104;79;0.18;209,247;12,448.24;11,795;5,110;109;6.48;9;138;8.2;0;0;0;477;28.37;25;16;3.45;0;0;0;6;0;268;15.94;14;3;17;0;13;11,281;671.11;808;414;16;0;0;49;17;16;15;2;0.11;2;5;14;160;9.51;13;15:18;00:54;01:40;0;0;0;11,281;0.99;808;82,240;26,869;32;1.9;5;305;18.14;19;0;0;0;3 hours;24:56;3;32%;42%;78%
Odin-1745;3076;0;0;0;0;5%;59;38;31;0.08;7,667;7,745.39;4,101;3,030;4;4.04;3;6;6.06;0;0;0;25;25.25;13;9;4.16;0;0;0;0;0;11;11.11;7;0;0;0;0;655;662.03;350;250;9;0;0;0;1;0;0;0;0;0;0;0;8;8.08;5;00:39;00:40;00:30;0;0;0;655;0.95;350;3,580;1,019;2;2.02;1;15;15.15;8;0;0;0;23.0053199948743 seconds;01:00;0;28%;0;46%
OhioBuckeyes-11390;2579;0;0;0;0;7%;133;66;22;0.14;12,708;13,761.97;4,944;2,417;5;5.41;3;16;17.32;0;0;0;23;24.9;12;5;1.43;0;0;0;0;0;18;19.49;11;1;1;0;0;641;694.1;335;144;5;0;0;4;1;2;1;0;0;0;3;1;10;10.82;7;01:15;01:21;00:47;0;0;0;641;0.7;335;5,840;1,861;4;4.33;2;16;17.32;8;0;0;0;15 minutes;00:02;0;31%;37%;0
oisuq-1610;3263;0;0;0;0;6%;79;67;19;0.19;8,432;23,723.73;7,134;2,273;2;5.62;2;8;22.5;0;0;0;14;39.39;11;6;1.75;0;0;0;0;0;8;22.5;6;0;0;0;0;397;1,116.67;200;200;6;0;0;1;1;0;1;0;0;0;0;0;11;30.94;8;01:18;03:41;00:44;0;0;0;397;0.99;200;3,580;1,192;1;2.81;1;9;25.32;5;0;0;0;6 minutes;00:15;0;33%;34%;0
OmegaMan-21744;2671;0;0;0;0;8%;232;101;33;0.12;21,294;8,135.35;7,792;2,607;9;3.43;3;19;7.25;0;0;0;42;16.04;15;8;2.21;0;0;0;0;0;19;7.25;9;2;3;0;1;868;331.74;417;306;8;0;0;10;4;3;3;1;0.38;1;3;2;12;4.58;5;01:43;00:39;00:39;0;0;0;868;0.47;417;11,940;2,887;3;1.14;3;21;8.02;10;0;0;0;30 minutes;01:09;3;24%;37%;36%
oPuTo-1727;3814;0;0;0;5;8%;1,951;265;95;0.22;192,040;16,078.97;22,107;6,455;98;8.2;14;107;8.95;0;0;0;459;38.43;63;17;4.28;0;0;0;3;0;234;19.59;33;1;12;0;10;9,219;771.91;1,341;364;17;0;0;42;12;15;14;7;0.58;3;4;17;137;11.47;18;14:05;01:10;01:56;0;0;0;9,219;1.04;1,341;64,100;23,966;24;2;3;250;20.93;39;0;0;0;2 hours;34:54;0;37%;48%;85%
order-31569;4661;0;0;0;0;7%;329;102;55;0.25;31,074;25,663.68;10,238;4,531;5;4.12;3;21;17.34;0;0;0;43;35.51;22;11;2.04;0;0;0;2;0;17;14.04;10;0;1;0;1;859;709.5;456;249;11;0;0;4;2;1;1;0;0;0;3;1;6;4.95;2;00:52;00:43;00:26;0;0;0;859;0.67;456;12,580;4,323;2;1.65;1;26;21.47;15;0;0;0;21 minutes;03:02;0;34%;33%;66%
Ovidious-11975;0;0;0;0;13;8%;4,707;362;87;0.2;422,752;16,464.37;35,429;7,377;199;7.75;21;332;12.92;0;0;0;979;38.12;92;18;2.94;0;0;0;15;0;644;25.08;67;13;26;2;11;26,523;1,032.94;2,368;744;18;0;0;95;30;41;24;2;0.07;2;4;14;390;15.18;45;35:53;01:23;03:27;0;0;0;26,523;1.16;2,368;173,580;54,846;137;5.33;14;704;27.41;65;0;0;0;6 hours;01:24:03;0;31%;43%;42%
OvO-41212;2396;0;0;0;0;10%;27;27;11;0.23;1,446;6,576.51;1,446;671;0;0;0;2;9.09;0;0;0;1;4.54;1;1;0.5;0;0;0;0;0;0;0;0;0;0;0;0;0;0;0;0;1;0;0;0;0;0;0;0;0;0;0;0;1;4.54;1;00:05;00:22;00:05;0;0;0;0;0;0;1,060;257;0;0;0;1;4.54;1;0;0;0;1 minute;0;0;24%;24%;0
Pamyu-1936;3435;0;0;0;2;9%;442;221;58;0.17;37,626;11,384.9;14,486;5,278;24;7.26;8;31;9.38;0;0;0;104;31.46;39;16;3.35;0;0;0;1;0;55;16.64;17;0;3;0;3;2,058;622.81;877;356;16;0;0;8;3;3;1;1;0.3;1;3;1;26;7.86;13;02:06;00:38;00:56;0;0;0;2,058;0.8;877;17,480;4,606;7;2.11;4;56;16.94;23;0;0;0;42 minutes;07:12;0;26%;28%;100%
PassTheSalt-11477;2699;0;0;0;15;7%;9,363;263;73;0.13;1,041,337;11,658.53;32,807;7,287;552;6.18;21;1,044;11.68;0;0;0;2,454;27.47;79;24;2.35;0;0;0;27;0;1,469;16.44;53;44;89;6;40;63,003;705.36;1,999;510;24;0;0;253;93;86;74;11;0.12;2;5;45;1,220;13.65;47;02:32:13;01:42;04:59;0;0;0;63,003;0.89;1,999;432,840;133,372;297;3.32;10;1,741;19.49;61;6;0;0;19 hours;02:27:16;51;30%;62%;44%
pbae-3753;2227;0;0;0;0;10%;23;23;20;0.12;1,801;5,211.17;1,801;1,454;0;0;0;4;11.57;0;0;0;2;5.78;2;1;0.5;0;0;0;0;0;1;2.89;1;0;0;0;0;100;289.39;100;50;1;0;0;1;1;1;0;0;0;0;0;0;0;0;0;00:01;00:05;00:01;0;0;0;100;0.52;100;1,460;224;0;0;0;2;5.78;2;0;0;0;3 minutes;0;0;15%;15%;0
Phoinix-3581;2837;0;0;0;18;7%;5,884;281;112;0.22;572,247;19,145.78;30,025;10,197;294;9.83;24;276;9.23;0;0;0;1,201;40.18;71;30;4.35;0;0;0;4;0;758;25.36;52;13;30;1;15;25,965;868.72;1,622;676;30;0;0;98;18;60;20;5;0.16;2;6;36;465;15.55;36;38:48;01:17;02:34;0;0;0;25,965;1.01;1,622;229,360;74,042;154;5.15;12;728;24.35;42;1;0;0;7 hours;02:05:57;15;32%;59%;51%
Phython-1699;3306;0;0;0;5;7%;1,818;147;60;0.15;196,680;13,118.75;14,975;7,619;116;7.73;13;137;9.13;0;0;0;518;34.55;39;17;3.78;0;0;0;2;0;281;18.74;23;5;15;0;10;11,702;780.54;886;462;17;0;0;43;15;19;10;5;0.33;1;5;15;138;9.2;12;10:54;00:43;01:11;0;0;0;11,702;1.02;886;76,400;25,819;65;4.33;9;305;20.34;24;0;0;0;3 hours;28:31;0;33%;47%;67%
pierino-1398;2595;0;0;0;0;5%;47;37;10;0.09;7,636;11,430.42;5,227;1,702;2;2.99;2;9;13.47;0;0;0;16;23.95;14;8;1.77;0;0;0;0;0;10;14.96;8;1;1;0;0;90;134.5;50;50;8;0;0;3;0;1;1;0;0;0;0;0;5;7.48;5;00:41;01:02;00:41;0;0;0;90;0.17;50;3,920;795;0;0;0;5;7.48;4;0;0;0;8 minutes;0;0;20%;0;0
pii-11898;2709;0;0;0;2;9%;855;221;66;0.23;67,942;15,534.59;14,597;5,183;37;8.45;10;31;7.08;0;0;0;139;31.78;40;16;4.48;0;0;0;0;0;80;18.29;18;2;4;0;3;3,826;874.69;883;420;16;0;0;16;4;6;5;0;0;0;3;5;75;17.14;24;06:35;01:30;01:33;0;0;0;3,826;1.05;883;28,760;9,394;14;3.2;3;91;20.8;20;0;0;0;1 hour;15:22;0;32%;46%;64%
piiiia-2451;25;0;0;0;0;7%;40;26;19;0;3,473;4,174.38;2,567;965;0;0;0;7;8.41;0;0;0;8;9.61;5;2;1.14;0;0;0;0;0;5;6;3;0;1;0;0;75;90.27;50;50;2;0;0;3;1;1;1;0;0;0;0;0;3;3.6;1;00:32;00:39;00:16;0;0;0;75;0;50;0;0;1;1.2;1;2;2.4;1;0;0;0;9 minutes;0;0;15%;0;55%
Pine-31232;4374;0;0;0;0;0;0;0;0;0;122;948.47;101;101;0;0;0;1;7.76;0;0;0;1;7.76;1;1;1;0;0;0;0;0;0;0;0;0;0;0;0;18;139.5;18;18;1;0;0;0;0;0;0;0;0;0;0;0;0;0;0;0;0;0;0;0;0;18;0.19;18;340;23;0;0;0;1;7.76;1;0;0;0;1 minute;0;0;6%;0;0
Pinky-6151;70;0;0;0;1;11%;883;196;100;0;57,570;12,366.96;9,957;5,230;25;5.37;5;68;14.6;0;0;0;155;33.29;28;14;2.27;0;0;0;1;0;112;24.05;17;0;5;0;3;3,849;826.81;674;453;14;0;0;11;4;5;3;1;0.21;1;3;2;35;7.51;8;02:37;00:33;00:30;0;0;0;3,849;0;674;0;0;38;8.16;7;99;21.26;15;0;0;0;1 hour;12:04;0;31%;0;54%
PLAYB0Y-11500;2966;0;0;0;0;9%;1,148;199;102;0.23;92,494;14,264.62;18,628;4,302;40;6.16;8;69;10.64;0;0;0;216;33.31;49;14;3.13;0;0;0;2;0;119;18.35;29;4;6;0;2;5,090;784.97;1,284;350;14;0;0;17;6;4;8;0;0;0;3;4;57;8.79;11;04:15;00:39;00:51;0;0;0;5,090;1.05;1,284;43,100;12,435;21;3.23;6;131;20.2;32;0;0;0;1 hour;12:58;0;28%;33%;37%
PoppyDogma-1243;3133;0;0;0;0;5%;259;101;44;0.09;36,700;13,181.34;11,314;3,988;10;3.59;3;45;16.16;0;0;0;71;25.5;24;10;1.57;0;0;0;1;0;33;11.85;11;2;3;0;0;1,172;420.81;442;217;10;0;0;5;2;1;2;1;0.35;1;3;2;33;11.85;14;03:20;01:12;01:27;0;0;0;1,172;0.43;442;17,960;5,055;4;1.43;2;33;11.85;14;0;0;0;45 minutes;02:40;2;28%;32%;11%
PsychoHazard-1722;0;0;0;0;2;7%;1,397;282;106;0.18;138,163;13,695.99;22,532;7,803;72;7.13;10;110;10.9;0;0;0;302;29.93;53;21;2.74;0;0;0;1;0;173;17.14;35;6;10;0;3;7,739;767.2;1,457;543;21;0;0;32;7;15;10;1;0.09;1;4;7;122;12.09;18;13:30;01:20;01:37;0;0;0;7,739;1.01;1,457;59,940;18,031;23;2.27;4;208;20.61;37;0;0;0;2 hours;20:42;4;30%;57%;33%
puchio-1528;3000;0;0;0;0;6%;37;27;14;0.12;4,165;12,055.3;3,105;1,163;1;2.89;1;7;20.26;0;0;0;7;20.26;6;2;1;0;0;0;0;0;3;8.68;2;0;0;0;0;218;631.56;168;100;2;0;0;1;1;1;0;0;0;0;0;0;3;8.68;3;00:22;01:05;00:13;0;0;0;218;0.75;168;2,040;567;0;0;0;5;14.47;4;0;0;0;4 minutes;0;0;27%;46%;70%
qnx-2372;70;0;0;0;0;100%;2;2;2;0;14;360.82;14;14;15;4.96;8;23;7.61;0;0;0;82;27.15;29;10;3.56;0;0;0;0;0;59;19.54;23;0;0;0;1;2,658;880.27;992;350;0;0;0;0;1;0;1;0;0;0;3;3;20;6.62;10;02:45;00:54;00:48;0;0;0;2,658;0;992;0;0;22;7.28;9;62;20.53;22;0;0;0;33.932803040370345 seconds;05:57;0;100%;0;32%
qqwess-3609;2968;0;0;0;0;9%;59;30;28;0.2;4,388;14,119.21;2,128;1,205;0;0;0;5;16.08;0;0;0;8;25.74;6;6;1.6;0;0;0;0;0;2;6.43;1;0;0;0;0;154;495.1;100;54;6;0;0;1;0;0;0;0;0;0;0;0;4;12.87;3;00:15;00:49;00:11;0;0;0;154;0.53;100;2,520;643;0;0;0;5;16.08;3;0;0;0;4 minutes;0;0;25%;49%;26%
Raisu-3380;2608;0;0;0;2;6%;309;224;99;0.22;33,475;20,661.8;22,898;8,129;14;8.64;11;19;11.72;0;0;0;52;32.09;37;18;2.73;0;0;0;1;0;32;19.75;23;2;2;0;0;1,452;896.03;947;316;18;0;0;7;2;3;2;0;0;0;3;1;16;9.87;13;01:49;01:07;01:27;0;0;0;1,452;1.06;947;11,520;4,565;11;6.78;9;43;26.54;27;0;0;0;22 minutes;06:37;0;39%;41%;0
Randomoink-2799;2704;0;0;0;0;6%;718;164;57;0.13;86,401;12,986.66;13,238;4,697;47;7.06;11;60;9.01;0;0;0;194;29.15;37;14;3.23;0;0;0;2;0;105;15.78;26;3;7;0;4;4,463;670.85;992;405;14;0;0;21;8;9;5;1;0.15;1;4;7;88;13.22;16;10:21;01:33;01:42;0;0;0;4,463;0.82;992;39,240;10,605;17;2.55;3;122;18.33;31;0;0;0;1 hour;14:35;4;27%;34%;53%
RapidCH-4957;2634;0;0;0;2;9%;1,346;225;71;0.19;114,713;17,066.02;21,130;6,828;63;9.37;13;85;12.64;0;0;0;296;44.03;46;14;3.48;0;0;0;4;0;162;24.1;32;4;7;0;3;6,613;983.78;1,180;375;14;0;0;24;9;8;7;5;0.74;4;4;4;129;19.19;23;09:04;01:21;01:49;0;0;0;6,613;0.94;1,180;63,540;14,517;31;4.61;7;188;27.96;34;0;0;0;1 hour;17:39;0;22%;27%;40%
Rascal-31813;4599;0;0;0;0;6%;12;12;8;0.15;1,034;9,488.82;1,034;565;0;0;0;1;9.17;0;0;0;1;9.17;1;1;1;0;0;0;0;0;0;0;0;0;0;0;0;50;458.92;50;50;1;0;0;0;0;0;0;0;0;0;0;0;0;0;0;00:02;00:22;00:02;0;0;0;50;0.64;50;520;174;0;0;0;1;9.17;1;0;0;0;--;0;0;33%;0;100%
Rebecca-12561;0;0;0;0;1;8%;531;132;39;0.12;47,960;11,861.77;13,426;3,322;27;6.67;9;67;16.57;0;0;0;137;33.88;41;10;2.04;0;0;0;2;0;76;18.79;21;2;4;0;2;3,630;897.75;990;300;10;0;0;12;4;2;6;1;0.24;1;4;3;62;15.33;18;06:05;01:30;01:38;0;0;0;3,630;0.87;990;27,980;6,268;23;5.68;6;99;24.48;30;0;0;0;1 hour;10:44;10;22%;26%;40%
Rebird-1185;0;0;0;0;1;9%;413;312;85;0.22;29,884;20,023.1;23,114;5,429;12;8.04;10;21;14.07;0;0;0;75;50.25;65;14;3.57;0;0;0;1;0;40;26.8;36;0;1;0;1;2,086;1,397.95;1,695;646;14;0;0;6;1;3;1;0;0;0;3;1;30;20.1;27;01:48;01:12;01:30;0;0;0;2,086;1.14;1,695;15,280;4,148;10;6.7;6;56;37.52;46;0;0;0;30 minutes;05:28;0;27%;27%;67%
RebornZ-11715;4006;0;0;0;4;7%;888;116;87;0.23;88,367;14,658.73;12,347;5,904;51;8.46;10;37;6.13;0;0;0;247;40.97;32;22;6.67;0;0;0;1;0;138;22.89;22;0;6;0;6;5,022;833.03;755;539;22;0;0;21;8;9;5;2;0.33;1;4;11;75;12.44;12;07:49;01:17;01:58;0;0;0;5,022;1.31;755;33,520;12,208;16;2.65;4;142;23.55;21;0;0;0;1 hour;22:04;0;36%;46%;91%
Reilly-11549;3595;0;0;0;1;8%;1,377;198;61;0.22;137,060;20,047.52;12,979;6,892;73;10.67;8;73;10.67;0;0;0;285;41.68;35;12;3.9;0;0;0;2;0;160;23.4;18;3;7;0;4;5,525;808.17;518;392;12;0;0;25;6;13;6;6;0.87;2;5;10;103;15.06;11;06:45;00:59;00:45;0;0;0;5,525;0.91;518;48,220;17,051;32;4.68;4;152;22.23;16;0;0;0;1 hour;17:51;0;35%;51%;55%
Renyz-11199;3452;0;0;0;2;10%;1,744;259;83;0.28;124,676;16,017.71;21,876;6,382;48;6.16;11;97;12.46;0;0;0;242;31.09;49;11;2.49;0;0;0;4;0;145;18.62;35;3;8;0;4;6,827;877.12;1,334;478;11;0;0;26;8;14;4;1;0.12;1;6;4;104;13.36;24;07:49;01:00;01:17;0;0;0;6,827;1.11;1,334;51,560;16,713;20;2.56;4;185;23.76;43;0;0;0;1 hour;15:12;5;32%;59%;55%
Ridget-11622;3613;0;0;0;0;7%;4;4;4;0.12;244;7,458.35;244;126;0;0;0;2;61.16;0;0;0;1;30.58;1;1;0.5;0;0;0;0;0;2;9.98;2;0;0;0;0;100;499.43;100;100;1;0;0;0;0;0;0;0;0;0;0;0;1;30.58;1;00:01;00:33;00:01;0;0;0;100;0.62;100;118;55;0;0;0;2;9.98;2;0;0;0;32.59934702515602 seconds;00:20;0;46%;46%;100%
Rollie-4233;3780;0;0;0;1;7%;339;124;57;0.24;34,109;19,180.77;16,987;5,997;15;8.43;7;17;9.55;0;0;0;72;40.48;25;19;4.23;0;0;0;0;0;49;27.55;20;0;2;0;2;2,200;1,237.3;843;426;19;0;0;7;2;3;1;1;0.56;1;4;1;26;14.62;10;02:18;01:17;01:26;0;0;0;2,200;1.58;843;11,900;4,792;13;7.31;6;59;33.17;22;0;0;0;23 minutes;07:41;0;40%;43%;100%
Rorschach-4186;0;0;0;0;2;5%;376;147;46;0.16;43,885;11,261.55;17,707;5,154;11;2.82;4;23;5.9;0;0;0;94;24.12;30;14;4.08;0;0;0;0;0;53;13.6;16;1;4;0;2;2,279;584.79;1,079;250;14;0;0;15;6;4;4;1;0.25;1;4;2;45;11.54;19;03:54;01:00;01:45;0;0;0;2,279;0.97;1,079;20,200;6,269;14;3.59;6;67;17.19;29;0;0;0;39 minutes;02:18;4;31%;32%;63%
Ryouta-1885;57;0;0;0;21;7%;4,516;390;80;0;429,689;14,649.36;30,967;8,099;223;7.6;27;251;8.55;0;0;0;1,210;41.25;87;28;4.82;0;0;0;8;0;733;24.99;60;0;29;0;16;29,633;1,010.28;2,071;707;0;0;0;107;29;55;24;0;0;0;4;31;504;17.18;49;36:37;01:14;03:40;0;0;0;29,633;0;2,071;0;0;183;6.23;19;805;27.44;55;0;0;0;6 hours;01:54:04;0;29%;0;55%
ryujehong-31878;4424;0;0;0;0;6%;2;2;1;0.01;3,163;23,780.08;3,163;1,763;1;1.94;1;2;15.03;0;0;0;2;15.03;2;1;1;0;0;0;0;0;2;15.03;2;0;0;0;0;123;238.88;73;73;1;0;0;1;0;0;0;0;0;0;0;0;7;13.59;4;00:09;01:11;00:09;0;0;0;62;0.7;62;82;29;1;7.51;1;5;9.71;4;0;0;0;36.51614498253912 seconds;0;0;52%;0;32%
sadkatz-1191;3656;0;0;0;0;7%;27;27;26;0.21;2,033;6,299.17;2,033;1,956;0;0;0;1;3.09;0;0;0;4;12.39;4;4;4;0;0;0;0;0;3;9.29;3;0;0;0;0;96;297.38;96;96;4;0;0;0;0;0;0;0;0;0;0;0;2;6.19;2;00:07;00:24;00:07;0;0;0;96;0.75;96;820;343;0;0;0;3;9.29;3;0;0;0;12.242682981304824 seconds;00:12;0;41%;41%;100%
sads-1738;2797;0;0;0;0;6%;269;154;57;0.23;26,174;22,831.43;16,172;4,901;8;6.97;5;15;13.08;0;0;0;41;35.76;28;9;2.73;0;0;0;0;0;21;18.31;15;1;1;0;0;1,136;990.94;865;238;9;0;0;4;1;1;2;0;0;0;0;0;10;8.72;7;01:05;00:57;00:36;0;0;0;1,136;1.01;865;12,580;4,072;4;3.48;4;29;25.29;19;0;0;0;18 minutes;00:44;0;32%;36%;36%
SaltyPanda-11486;3295;0;0;0;2;5%;701;140;40;0.12;98,313;13,081.89;12,896;5,498;36;4.79;6;73;9.71;0;0;0;169;22.48;31;10;2.31;0;0;0;0;0;83;11.04;17;5;8;0;3;4,249;565.4;986;401;10;0;0;23;8;6;9;2;0.26;2;4;4;67;8.91;15;07:12;00:57;01:19;0;0;0;4,249;0.77;986;44,540;12,898;19;2.52;4;122;16.23;28;0;0;0;1 hour;01:54;4;28%;33%;36%
SanALex-2258;3625;0;0;0;5;5%;3,334;235;89;0.15;412,183;16,484.92;31,252;7,632;187;7.47;22;321;12.83;0;0;0;816;32.63;63;19;2.54;0;0;0;5;0;422;16.87;29;10;25;2;13;19,111;764.31;1,943;609;19;0;0;83;29;28;26;9;0.35;1;5;31;283;11.31;23;31:12;01:14;02:12;0;0;0;19,111;0.9;1,943;186,020;55,779;80;3.19;6;512;20.47;46;1;0;0;5 hours;50:27;1;29%;63%;52%
Sardis-21172;80;0;0;0;0;8%;459;70;46;0;36,636;14,631.05;5,937;4,379;13;5.19;2;33;13.17;0;0;0;89;35.54;18;10;2.69;0;0;0;3;0;51;20.36;8;0;3;0;1;1,489;594.79;250;250;10;0;0;9;1;5;3;1;0.39;1;3;1;27;10.78;10;01:24;00:33;00:35;0;0;0;1,489;0;250;0;0;10;3.99;2;37;14.77;6;0;0;0;35 minutes;04:31;0;29%;0;56%
Scy-1494;2687;0;0;0;7;7%;3,094;180;75;0.17;304,959;14,213.93;14,755;6,672;189;8.8;13;243;11.32;0;0;0;638;29.73;40;16;2.62;0;0;0;5;0;363;16.91;23;9;21;4;9;15,214;709.09;967;350;16;0;0;77;22;29;25;2;0.09;1;5;19;249;11.6;17;27:14;01:16;01:18;0;0;0;15,214;0.87;967;150,020;39,068;109;5.08;7;414;19.29;28;2;0;0;4 hours;44:35;16;26%;39%;42%
SEKIYUTA-1528;3229;0;0;0;0;7%;48;29;18;0.18;3,795;15,870.76;2,059;1,646;0;0;0;6;25.09;0;0;0;3;12.54;3;2;0.5;0;0;0;0;0;2;8.36;2;0;0;0;0;100;418.2;100;100;2;0;0;1;0;0;0;0;0;0;0;0;2;8.36;2;00:21;01:30;00:16;0;0;0;100;0.38;100;2,320;614;0;0;0;2;8.36;2;0;0;0;4 minutes;0;0;26%;0;2%
ShadowDragon-148899;2901;0;0;0;0;5%;34;34;15;0.15;4,973;20,001.78;4,973;1,674;1;4.02;1;4;16.08;0;0;0;7;28.15;7;4;1.75;0;0;0;0;0;2;8.04;2;0;0;0;0;220;886.8;220;100;4;0;0;1;1;0;0;0;0;0;0;0;3;12.06;3;00:33;02:14;00:33;0;0;0;220;1;220;2,160;588;0;0;0;5;20.11;5;0;0;0;3 minutes;0;0;27%;0;0
Shady-1406;2679;0;0;0;1;8%;897;147;43;0.18;488;18,367.88;488;488;44;7.57;8;83;14.29;0;0;0;190;32.72;37;14;2.28;0;0;0;1;0;97;16.7;21;0;0;0;3;4,298;740.09;832;324;14;0;0;0;0;11;0;0;0;0;4;7;86;14.81;16;07:09;01:13;01:19;0;0;0;4,298;0.9;832;252;84;37;6.37;13;122;21.01;24;0;0;0;27.12542101368308 seconds;09:05;8;33%;33%;48%
Shinobu-1269;48;0;0;0;6;6%;4,062;201;70;0;431,373;10,697.14;23,912;5,060;202;5;11;475;11.77;0;0;0;939;23.28;35;14;1.97;0;0;0;6;1;471;11.67;24;0;40;0;18;28,877;716.08;1,101;706;14;0;0;131;53;31;48;12;0.29;3;5;17;418;10.36;22;47:58;01:11;02:37;0;0;0;28,877;0;1,101;0;0;114;2.82;7;726;18;35;3;0;0;8 hours;45:21;0;26%;0;44%
SikiNeko-1832;0;0;0;0;0;6%;38;38;16;0.1;4,255;8,647.1;4,255;1,852;1;2.03;1;5;10.16;0;0;0;10;20.32;10;4;2;0;0;0;0;0;4;8.12;4;0;0;0;0;226;459.22;226;110;4;0;0;0;0;0;0;0;0;0;0;0;7;14.22;7;01:12;02:26;01:12;0;0;0;226;0.59;226;2,200;630;2;4.06;2;7;14.22;7;0;0;0;6 minutes;00:02;0;28%;28%;100%
SKRT-11232;1023;0;0;0;3;8%;503;135;77;0.27;41,783;16,016.66;10,402;6,216;20;7.66;6;9;3.44;0;0;0;113;43.31;36;19;12.55;0;0;0;0;0;83;31.81;27;0;3;0;2;2,692;1,031.91;735;394;19;0;0;11;2;8;1;0;0;0;0;0;44;16.86;16;03:21;01:17;00:50;0;0;0;2,692;1.44;735;19,900;5,608;28;10.73;7;65;24.91;16;1;0;0;31 minutes;12:38;9;28%;30%;81%
Slyness-11185;3955;0;0;0;0;5%;104;95;31;0.19;13,777;23,952.99;10,888;4,028;3;5.21;3;7;12.17;0;0;0;25;43.46;16;9;3.57;0;0;0;0;0;11;19.12;8;0;1;0;0;629;1,093.64;389;389;9;0;0;2;1;1;0;0;0;0;3;1;7;12.17;6;00:39;01:08;00:35;0;0;0;629;1.16;389;4,380;2,000;1;1.73;1;20;34.77;11;0;0;0;9 minutes;01:15;0;45%;47%;35%
smacked-11443;73;0;0;0;1;13%;365;212;127;0;22,399;15,976.1;9,384;5,189;14;9.98;7;18;12.83;0;0;0;73;52.06;36;18;4.05;0;0;0;0;0;45;32.09;22;0;1;0;1;1,721;1,227.85;976;368;18;0;0;5;1;3;1;0;0;0;4;4;33;23.53;18;01:16;00:54;00:31;0;0;0;1,721;0;976;0;0;7;4.99;4;42;29.95;23;0;0;0;20 minutes;07:17;0;27%;0;94%
Smith-2700;82;0;0;0;1;11%;942;258;63;0;65,015;17,163.51;12,579;4,791;22;5.8;5;39;10.29;0;0;0;152;40.12;32;14;3.89;0;0;0;0;0;74;19.53;17;0;4;0;3;3,368;889.03;707;456;14;0;0;12;4;4;4;0;0;0;3;2;63;16.63;12;04:33;01:12;01:00;0;0;0;3,368;0;707;0;0;8;2.11;3;90;23.75;18;0;0;0;52 minutes;12:31;0;32%;0;84%
Snoy-1164;3000;0;0;0;0;8%;448;199;100;0.3;37,047;22,293.41;17,415;4,746;12;7.22;7;17;10.23;0;0;0;79;47.53;37;11;4.64;0;0;0;0;0;52;31.29;24;1;2;0;1;1,259;757.83;439;207;11;0;0;6;1;4;1;0;0;0;4;1;27;16.24;16;02:16;01:21;01:43;0;0;0;1,259;0.86;439;14,340;5,035;5;3;3;39;23.46;16;0;0;0;24 minutes;05:17;0;35%;57%;48%
SoKoOLz-3456;2627;0;0;0;0;9%;65;45;31;0.15;3,880;6,840.61;1,993;1,107;1;2.04;1;9;15.86;0;0;0;12;21.15;8;5;1.33;0;0;0;0;0;3;5.28;2;0;1;0;0;232;474.03;132;100;5;0;0;2;0;1;1;0;0;0;3;1;5;8.81;4;00:32;00:57;00:25;0;0;0;465;1.07;190;2,046;709;1;1.76;1;7;14.29;5;0;0;0;7 minutes;0;0;34%;28%;50%
solaroplus-3806;2592;0;0;0;1;7%;286;101;42;0.18;30,351;13,803.14;7,019;5,743;20;9.09;7;25;11.36;0;0;0;72;32.74;18;16;2.88;0;0;0;1;0;41;18.64;11;1;2;0;1;1,812;823.87;627;496;16;0;0;10;3;2;4;0;0;0;4;2;32;14.55;9;03:09;01:26;01:14;0;0;0;1,812;1.15;627;11,120;4,078;11;5;5;54;24.55;16;1;0;0;26 minutes;04:15;4;36%;53%;46%
Somnians-2461;3015;0;0;0;16;9%;8,712;261;118;0.19;754,212;13,712.1;22,569;6,901;454;8.25;16;597;10.85;0;0;0;1,782;32.39;48;23;2.98;0;0;0;8;0;1,097;19.94;33;25;55;3;27;45,690;830.67;1,356;513;23;0;0;172;66;55;51;3;0.05;1;5;59;663;12.05;29;01:04:19;01:10;02:25;0;0;0;45,690;1.02;1,356;262,200;87,808;289;5.25;10;1,232;22.39;37;4;0;0;12 hours;02:16:12;34;33%;53%;48%
Sooby-2892;2588;0;0;0;1;12%;663;303;61;0.32;43,527;18,656.73;20,836;4,687;17;7.28;5;26;11.14;0;0;0;87;37.28;36;13;3.34;0;0;0;1;0;52;22.28;19;1;2;0;1;2,225;953.8;818;426;13;0;0;7;2;2;3;1;0.42;1;0;0;29;12.42;13;02:28;01:03;01:04;0;0;0;2,225;1.1;818;16,500;5,387;17;7.28;5;64;27.43;26;0;0;0;33 minutes;04:13;0;32%;37%;56%
SOR-11872;3722;0;0;0;2;10%;963;250;61;0.2;74,659;13,154.71;20,540;5,763;26;4.58;9;63;11.1;0;0;0;195;34.35;57;14;3.09;0;0;0;2;0;117;20.61;29;3;6;1;2;5,350;942.6;1,729;337;14;0;0;17;5;9;3;2;0.35;1;4;4;84;14.8;28;05:55;01:02;02:03;0;0;0;5,350;1.12;1,729;30,020;9,477;26;4.58;13;130;22.9;45;1;0;0;1 hour;13:53;4;31%;36%;32%
SpartanZero-6126;2303;0;0;0;6;6%;6;6;6;0.11;479;12,131.06;479;365;62;5.66;17;1;25.34;0;0;0;374;34.17;63;22;3.66;0;0;0;3;0;200;18.27;30;0;0;0;8;9,532;870.86;2,114;834;22;0;0;0;10;0;13;0;0;0;4;7;165;15.07;43;13:14;01:12;03:38;0;0;0;9,532;1.13;2,114;264;96;46;4.2;8;249;22.74;52;0;0;0;51.550483990460634 seconds;23:09;0;36%;33%;73%
spooner-1925;3641;0;0;0;2;9%;1,258;171;80;0.3;97,968;20,780.01;12,586;5,636;49;10.39;9;57;12.09;0;0;0;170;36.05;31;12;2.98;0;0;0;2;0;106;22.48;18;2;5;0;3;3,730;791.18;528;265;12;0;0;16;3;7;6;2;0.42;1;5;7;65;13.78;12;07:03;01:29;01:29;0;0;0;3,730;0.89;528;33,520;12,668;20;4.24;4;110;23.33;17;0;0;0;1 hour;12:52;0;37%;54%;57%
sreader-1911;2668;0;0;0;6;7%;2,828;184;62;0.17;309,695;14,921.06;16,314;8,601;153;7.37;14;210;10.11;0;0;0;636;30.64;45;22;3.02;0;0;0;3;0;335;16.14;23;9;21;0;12;14,106;679.6;1,348;441;22;0;0;63;20;24;19;1;0.04;1;4;24;241;11.61;21;23:57;01:09;01:53;0;0;0;14,106;0.85;1,348;117,880;40,224;76;3.66;11;385;18.54;31;0;0;0;4 hours;27:35;4;34%;67%;56%
STANDBALD-1768;2271;0;0;0;4;8%;995;134;61;0.17;10;159.48;10;10;46;4.76;10;1;16.62;0;0;0;212;21.95;37;21;2.94;0;0;0;2;0;112;11.59;19;0;0;1;4;4,495;465.49;885;476;21;0;0;0;0;11;8;1;0.1;1;3;2;71;7.35;18;06:47;00:42;01:19;0;0;0;4,495;0.78;885;40;2;24;2.48;4;131;13.56;27;2;0;0;40.74939499236643 seconds;07:11;20;5%;33%;41%
Suiyoku-4395;1993;0;0;0;1;16%;11;11;8;0.38;189;5,878.63;189;105;7;6.46;5;6;5.53;0;0;0;38;35.07;19;13;6.33;0;0;0;0;0;23;21.22;12;0;0;0;1;669;617.11;427;313;13;0;0;0;0;0;0;0;0;0;3;1;12;11.07;9;01:16;01:10;01:07;0;0;0;669;0.75;427;104;65;5;4.61;3;21;19.38;12;0;0;0;28.34261799696833 seconds;03:03;4;62%;62%;54%
Supah-1288;3197;0;0;0;13;7%;5,440;307;73;0.22;526,604;17,673.49;23,571;7,561;297;9.96;15;332;11.14;0;0;0;1,163;39.03;55;24;3.5;0;0;0;11;0;727;24.39;33;15;30;1;15;27,238;914.15;1,527;737;24;0;0;105;19;52;33;9;0.3;3;5;30;436;14.63;23;49:22;01:39;02:29;0;0;0;27,238;1.1;1,527;202,620;68,042;128;4.29;8;767;25.74;43;2;0;0;6 hours;01:39:37;25;33%;54%;48%
SuperNinja-115210;55;0;0;0;1;8%;373;269;39;0;33,564;20,009.34;21,186;3,602;20;11.92;15;30;17.88;0;0;0;80;47.69;54;10;2.66;0;0;0;1;0;60;35.76;44;0;2;0;1;2,413;1,438.62;1,699;419;10;0;0;7;1;4;2;3;1.78;1;4;2;28;16.69;18;02:12;01:18;01:20;0;0;0;2,413;0;1,699;0;0;30;17.88;22;60;35.76;42;0;0;0;32 minutes;10:10;0;32%;0;82%
SupportMain-11364;60;0;0;0;1;6%;231;135;39;0;27,322;11,205.87;15,617;3,499;13;5.33;6;24;9.84;0;0;0;64;26.24;37;13;2.66;0;0;0;0;0;36;14.76;20;0;2;0;1;2,395;982.27;1,322;314;13;0;0;7;2;3;3;0;0;0;3;1;32;13.12;25;03:25;01:24;02:38;0;0;0;2,395;0;1,322;0;0;9;3.69;4;61;25.01;32;0;0;0;26 minutes;05:11;0;26%;0;52%
Surefour-2559;4493;0;0;0;7;8%;1,678;225;85;0.26;167,110;19,674.12;16,445;6,426;92;10.83;18;79;9.3;0;0;0;372;43.79;59;18;4.7;0;0;0;5;0;228;26.84;32;2;8;0;6;8,037;946.22;1,273;388;18;0;0;31;8;17;6;2;0.23;1;5;15;121;14.24;15;09:53;01:09;02:05;0;0;0;8,037;1.26;1,273;53,080;20,165;32;3.76;6;229;26.96;36;0;0;0;1 hour;32:27;3;37%;47%;73%
SwagUnicorn-4998;0;0;0;0;0;7%;760;140;69;0.14;73,366;10,989.03;9,570;4,474;40;5.99;7;68;10.18;0;0;0;168;25.16;26;11;2.47;0;0;0;1;0;101;15.12;16;4;7;0;2;4,375;655.3;883;418;11;0;0;16;7;3;5;1;0.14;1;3;6;43;6.44;10;04:05;00:36;00:43;0;0;0;4,375;0.85;883;39,640;10,396;32;4.79;9;117;17.52;23;0;0;0;1 hour;07:49;5;26%;42%;36%
Sylar-1669;60;0;0;0;2;11%;512;224;75;0;34,018;19,870.51;16,227;4,924;20;11.68;10;33;19.27;0;0;0;72;42.05;34;13;2.18;0;0;0;0;0;51;29.79;28;0;2;0;1;1,853;1,082.27;957;350;13;0;0;5;1;3;1;1;0.58;1;4;1;28;16.35;11;02:12;01:17;00:59;0;0;0;1,853;0;957;0;0;15;8.76;9;48;28.03;23;0;0;0;30 minutes;10:00;0;32%;0;75%
Sypeh-2707;0;0;0;0;12;8%;5,620;385;90;0.24;516,416;21,878.86;36,043;8,384;261;11.05;26;335;14.19;0;0;0;1,062;44.99;66;23;3.17;0;0;0;3;0;623;26.39;43;10;24;1;12;26,086;1,105.19;1,797;799;23;0;0;87;23;40;24;15;0.63;2;6;41;408;17.28;22;35:18;01:29;01:35;0;0;0;26,086;1.15;1,797;176,040;64,852;94;3.98;9;707;29.95;45;0;0;0;6 hours;01:18:04;5;36%;54%;52%
Taimou-2526;4311;0;0;0;1;3%;33;25;16;0.12;7,553;21,817.46;4,847;3,050;3;8.66;3;3;8.66;0;0;0;8;23.1;7;5;2.66;0;0;0;0;0;7;20.22;6;0;0;0;0;171;493.95;171;171;5;0;0;1;0;1;0;0;0;0;0;0;3;8.66;3;00:26;01:17;00:17;0;0;0;171;0.64;171;2,520;1,090;1;2.88;1;4;11.55;4;0;0;0;4 minutes;00:32;0;43%;54%;72%
Talespin-1868;4132;0;0;0;0;4%;49;23;23;0.14;8,023;24,276.3;4,831;4,831;6;18.15;4;4;12.1;0;0;0;18;54.46;12;12;4.5;0;0;0;0;0;11;33.28;7;0;0;0;0;309;934.53;159;159;12;0;0;1;0;0;1;0;0;0;3;1;4;12.1;3;00:35;01:45;00:20;0;0;0;309;0.93;159;2,920;1,066;0;0;0;9;27.23;5;0;0;0;5 minutes;01:25;0;36%;26%;84%
tassame-21620;59;0;0;0;1;8%;217;106;68;0;18,053;15,476.78;7,047;5,680;7;6;3;11;9.43;0;0;0;45;38.57;22;14;4.09;0;0;0;0;0;24;20.57;14;0;1;0;1;1,261;1,080.88;736;437;14;0;0;3;0;2;1;0;0;0;0;0;23;19.71;13;02:11;01:53;00:51;0;0;0;1,261;0;736;0;0;5;4.28;2;32;27.43;17;0;0;0;18 minutes;02:56;0;29%;0;58%
Tearsdeath-3874;0;0;0;0;0;7%;15;15;6;0.09;2,140;10,603.21;2,140;1,128;0;0;0;4;19.81;0;0;0;4;19.81;4;3;1;0;0;0;0;0;1;4.95;1;0;0;0;0;57;283.41;57;57;3;0;0;1;1;0;0;0;0;0;0;0;2;9.9;2;00:29;02:27;00:29;0;0;0;57;0.35;57;1,120;205;1;4.95;1;2;9.9;2;0;0;0;2 minutes;0;0;18%;18%;0
Teejay-1789;3762;0;0;0;0;7%;352;122;49;0.18;37,825;17,535.84;10,627;4,173;24;11.12;14;25;11.58;0;0;0;86;39.86;23;12;3.44;0;0;0;1;0;56;25.96;15;1;2;0;1;1,843;854.51;462;318;12;0;0;8;2;5;1;0;0;0;5;3;52;24.1;14;03:31;01:37;00:58;0;0;0;1,843;0.99;462;12,500;4,607;4;1.85;1;53;24.57;13;0;0;0;30 minutes;05:02;2;36%;44%;50%
Tenzou-1223;2671;0;0;0;0;11%;43;43;27;0.25;3,393;11,280.16;3,393;1,899;1;3.32;1;1;3.32;0;0;0;15;49.86;15;8;15;0;0;0;0;0;8;26.59;8;0;0;0;0;395;1,313.56;395;208;8;0;0;1;0;1;0;1;3.32;1;0;0;6;19.94;6;00:34;01:53;00:34;0;0;0;395;2.35;395;1,620;376;2;6.64;2;11;36.56;11;0;0;0;2 minutes;00:19;0;23%;23%;100%
TheBlackOne-1989;0;0;0;0;0;5%;117;117;29;0.23;14,207;38,743.61;14,207;3,337;7;19.08;7;6;16.36;0;0;0;24;65.44;24;10;4;0;0;0;0;0;16;43.63;16;0;0;0;0;848;2,313.33;848;382;10;0;0;1;0;0;0;2;5.45;2;3;1;12;32.72;12;01:10;03:13;01:10;0;0;0;848;1.67;848;5,800;2,172;3;8.18;3;19;51.81;19;0;0;0;8 minutes;03:19;0;37%;37%;100%
TheHell-31963;4715;0;0;0;0;6%;70;37;33;0.17;7,810;19,846.08;4,520;3,798;2;5.08;2;6;15.24;0;0;0;12;30.49;11;11;2;0;0;0;0;0;7;17.78;6;0;0;0;0;157;398.68;157;157;11;0;0;1;0;0;1;0;0;0;0;0;9;22.86;9;00:55;02:20;00:38;0;0;0;157;0.39;157;3,120;1,061;0;0;0;6;15.24;6;0;0;0;6 minutes;00:30;0;34%;37%;69%
Thorlax-2359;2420;0;0;0;1;8%;90;76;19;0.12;10,762;9,479.37;8,644;2,424;10;8.8;9;13;11.45;0;0;0;28;24.66;25;7;2.15;0;0;0;0;0;20;17.61;18;1;1;0;1;611;538.33;461;106;7;0;0;3;1;2;0;0;0;0;3;2;9;7.92;9;00:19;00:16;00:13;0;0;0;611;0.81;461;3,720;1,035;10;8.8;9;16;14.09;13;1;0;0;12 minutes;05:36;3;27%;0;47%
ThreeDDD-4546;3579;0;0;0;8;10%;2,251;467;87;0.23;186,195;14,271.56;24,590;9,687;106;8.12;19;121;9.27;0;0;0;467;35.79;73;20;3.85;0;0;0;2;0;284;21.76;48;2;13;1;10;10,972;841;2,153;656;20;0;0;38;17;14;8;2;0.15;1;5;11;119;9.12;32;09:28;00:43;01:49;0;0;0;10,972;1.16;2,153;69,500;22,219;60;4.59;13;284;21.76;51;0;0;0;2 hours;47:04;0;31%;40%;79%
tic-1885;63;0;0;0;0;7%;776;84;60;0;71,497;16,674.3;7,686;5,916;27;6.29;6;59;13.75;0;0;0;144;33.58;18;11;2.44;0;0;0;3;0;83;19.35;9;0;4;0;3;3,119;727.31;435;285;11;0;0;13;3;4;5;2;0.46;1;3;2;60;13.99;7;05:14;01:13;00:41;0;0;0;3,119;0;435;0;0;18;4.19;4;88;20.52;12;0;0;0;1 hour;09:48;0;32%;0;63%
Tiki-11546;3512;0;0;0;1;6%;1,078;119;62;0.16;120,250;14,916.34;16,200;6,080;61;7.56;9;101;12.52;0;0;0;235;29.15;36;16;2.32;0;0;0;1;0;123;15.25;20;4;8;0;4;5,465;677.92;628;560;16;0;0;24;7;11;6;2;0.24;1;5;7;111;13.76;22;09:11;01:08;01:51;0;0;0;5,465;0.85;628;53,840;15,487;20;2.48;4;158;19.59;20;0;0;0;1 hour;14:15;5;28%;41%;45%
tissuep-1542;3419;0;0;0;1;20%;7;7;7;0.3;250;14,242.14;250;250;6;4.25;3;1;57.03;0;0;0;32;22.67;16;14;5.33;0;0;0;0;0;17;12.04;10;0;0;0;0;767;543.13;435;383;14;0;0;0;3;0;0;0;0;0;3;1;7;4.95;5;00:08;08:02;00:08;0;0;0;116;5.01;116;102;35;1;0.7;1;24;17;13;0;0;0;23.0508289989084 seconds;00:24;0;34%;37%;100%
TitaniumX9-1363;3274;0;0;0;0;7%;22;22;22;0.21;2,187;18,806.37;2,187;1,940;1;8.59;1;2;17.19;0;0;0;4;34.39;4;2;2;0;0;0;0;0;1;8.59;1;0;0;0;0;0;0;0;0;2;0;0;0;0;0;0;0;0;0;0;0;1;8.59;1;00:05;00:46;00:05;0;0;0;0;0;0;620;307;0;0;0;0;0;0;0;0;0;1 minute;0;0;49%;49%;0
Toha-2496;1362;0;0;0;4;10%;2,206;148;148;0.23;168,975;14,368.76;11,216;7,384;89;7.56;9;91;7.73;0;0;0;494;42;39;22;5.42;0;0;0;3;1;295;25.08;18;3;12;2;7;11,503;978.14;982;750;22;0;0;31;10;11;10;5;0.42;1;5;7;149;12.67;19;09:17;00:47;01:33;0;0;0;11,503;1.2;982;73,940;21,513;101;8.58;12;297;25.25;23;0;0;0;2 hours;30:40;5;29%;38%;62%
tongue-11364;3632;0;0;0;13;7%;2,324;261;80;0.22;223,140;16,417.93;22,408;7,718;106;7.79;11;110;8.09;0;0;0;513;37.74;47;21;4.66;0;0;0;3;0;305;22.44;30;5;14;1;8;11,568;851.12;1,356;649;21;0;0;50;14;25;11;4;0.29;2;4;19;152;11.18;18;09:53;00:43;01:08;0;0;0;11,568;1.12;1,356;74,120;29,385;44;3.23;5;320;23.54;33;0;0;0;2 hours;42:00;2;39%;47%;58%
ToraNerd-1456;2322;0;0;0;1;9%;12;9;6;0.11;469;15,130.88;469;469;18;4.35;9;1;32.29;0;0;0;94;22.75;46;18;1.64;0;0;0;2;0;64;15.49;30;0;0;0;1;2,595;628.29;862;257;18;0;0;0;0;0;0;0;0;0;3;2;44;10.65;19;00:01;00:51;00:01;0;0;0;177;1.76;105;9;5;14;3.38;5;78;18.88;28;0;0;0;21.4945700019598 seconds;02:17;0;55%;24%;24%
Toujours-4543;0;0;0;0;6;9%;1,790;221;125;0.19;142,139;11,596.76;15,645;5,950;87;7.09;16;102;8.32;0;0;0;439;35.81;60;22;4.3;0;0;0;1;0;282;23;31;3;12;0;9;9,916;809.03;1,300;909;22;0;0;39;10;16;12;2;0.16;1;4;16;134;10.93;26;09:59;00:48;01:33;0;0;0;9,916;1.08;1,300;66,340;18,677;94;7.66;20;246;20.07;32;1;0;0;2 hours;36:22;4;28%;34%;71%
Treaty-11117;57;0;0;0;2;9%;451;190;72;0;37,204;17,538.02;16,972;5,042;20;9.42;10;25;11.78;0;0;0;94;44.31;50;17;3.76;0;0;0;1;0;67;31.58;39;0;2;0;2;2,266;1,068;1,021;373;17;0;0;9;2;7;0;2;0.94;2;4;2;36;16.97;18;05:09;02:25;02:43;0;0;0;2,266;0;1,021;0;0;28;13.19;13;59;27.81;27;0;0;0;28 minutes;14:13;0;38%;0;74%
Tung-3350;3000;0;0;0;0;7%;71;59;37;0.19;7,033;17,811.22;5,231;3,916;2;5.06;2;7;17.72;0;0;0;11;27.85;9;8;1.57;0;0;0;0;0;8;20.26;8;0;0;0;0;293;741.86;223;167;8;0;0;0;0;0;0;0;0;0;0;0;2;5.06;2;00:15;00:39;00:09;0;0;0;293;0.81;223;3,120;941;2;5.06;2;11;27.85;9;0;0;0;--;0;0;30%;32%;100%
TviQ-1503;4134;0;0;0;5;8%;1,606;224;110;0.29;149,796;22,727.2;17,611;9,654;71;10.77;13;66;10.01;0;0;0;261;39.59;35;17;3.95;0;0;0;0;0;162;24.57;24;3;7;1;3;5,833;884.97;760;510;17;0;0;20;5;11;4;3;0.45;1;4;10;83;12.59;9;06:10;00:56;00:45;0;0;0;5,833;1.06;760;47,480;18,085;18;2.73;4;152;23.06;22;0;0;0;1 hour;26:41;0;38%;39%;51%
Ulfang-1914;57;0;0;0;2;12%;30;30;14;0;1,392;5,432.71;1,368;575;16;3.65;5;6;23.41;0;0;0;1;3.9;1;1;0.16;0;0;0;0;0;1;3.9;1;0;0;0;0;33,721;7,709.47;997;538;1;0;0;1;0;0;0;0;0;0;4;1;35;8;11;00:09;00:36;00:08;0;0;0;355;0;355;0;0;1;3.9;1;65;14.86;25;0;0;0;4 minutes;03:28;0;35%;0;72%
uNFixed-2518;0;0;0;0;4;6%;1,393;164;58;0.18;162,953;19,527.07;16,939;9,437;67;8.02;7;74;8.86;0;0;0;342;40.98;39;20;4.62;0;0;0;2;0;195;23.36;21;3;8;0;6;7,667;918.81;1,014;433;20;0;0;29;12;11;7;2;0.23;1;5;9;118;14.14;16;13:23;01:36;02:06;0;0;0;7,667;1.04;1,014;54,680;22,559;22;2.63;4;222;26.6;28;0;0;0;2 hours;21:19;0;41%;59%;65%
uruca-11142;4007;0;0;0;0;5%;19;19;13;0.24;2,728;28,542.87;2,728;2,197;4;41.84;4;1;10.46;0;0;0;5;52.3;5;4;5;0;0;0;0;0;5;52.3;5;0;0;0;0;30;313.84;30;30;4;0;0;0;0;0;0;0;0;0;3;1;5;52.3;5;00:14;02:33;00:14;0;0;0;30;0.37;30;760;375;0;0;0;1;10.46;1;0;0;0;1 minute;00:04;0;49%;49%;100%
Usagii-11735;0;0;0;0;1;7%;107;79;40;0.19;9,048;7,771.97;5,495;3,051;3;2.57;2;7;6.01;0;0;0;26;22.33;13;13;3.71;0;0;0;0;0;10;8.59;6;1;1;0;0;627;538.99;327;327;13;0;0;4;2;1;1;0;0;0;0;0;18;15.46;9;01:24;01:12;00:53;0;0;0;627;1.11;327;6,220;1,422;2;1.71;2;17;14.6;9;0;0;0;9 minutes;00:59;0;22%;0;26%
vallutaja-2514;4250;0;0;0;5;8%;1,095;234;77;0.23;103,135;16,089.75;19,051;6,452;33;5.14;9;58;9.04;0;0;0;190;29.64;28;13;3.27;0;0;0;0;0;112;17.47;20;5;6;0;2;3,548;553.53;523;302;13;0;0;18;6;6;6;0;0;0;4;5;64;9.98;9;07:53;01:13;01:11;0;0;0;3,548;0.76;523;40,500;13,371;11;1.71;3;107;16.69;16;0;0;0;1 hour;09:14;0;33%;44%;29%
vanGh-11287;3063;0;0;0;0;5%;80;36;19;0.08;12,802;10,963.12;5,960;1,760;8;6.85;4;13;11.13;0;0;0;26;22.26;18;8;2;0;0;0;0;0;10;8.56;6;1;1;0;0;538;460.35;332;150;8;0;0;3;2;0;1;0;0;0;0;0;9;7.7;6;00:42;00:36;00:18;0;0;0;538;0.58;332;6,380;1,527;3;2.56;3;14;11.98;8;0;0;0;15 minutes;0;0;23%;32%;0
Venteka-1866;3000;2;5;2;0;45%;5;5;5;0.01;281;734.94;281;281;1;4.79;1;1;48.97;10;26;10;2;5.23;2;2;2.66;0;0;0;0;0;2;5.23;2;0;0;0;0;4,793;12,535;4,793;4,793;2;0;0;0;0;0;0;0;0;0;0;0;4;19.18;4;00:42;01:51;00:42;10;26;10;296;0.94;296;43;11;3;14.38;3;8;38.36;8;0;0;0;5 minutes;0;0;25%;25%;100%
ViruSs-1935;2793;0;0;0;0;9%;1,301;263;67;0.21;109,963;16,335.88;20,090;4,360;57;8.46;14;95;14.11;0;0;0;224;33.27;46;13;2.35;0;0;0;1;0;123;18.27;23;4;7;0;3;6,462;959.97;1,173;483;13;0;0;20;7;4;9;2;0.29;2;3;6;69;10.25;16;06:58;01:02;01:52;0;0;0;6,462;1.08;1,173;51,040;14,113;38;5.64;10;167;24.8;29;0;0;0;1 hour;12:29;0;27%;34%;42%
Vivieria-1169;50;0;0;0;0;6%;119;57;29;0;12,242;12,997.95;6,063;3,013;5;5.3;3;9;9.55;0;0;0;27;28.66;12;6;3;0;0;0;0;0;15;15.92;8;0;1;0;0;644;683.92;292;182;6;0;0;4;2;0;2;0;0;0;0;0;12;12.74;5;02:34;02:44;01:36;0;0;0;644;0;292;0;0;0;0;0;20;21.23;9;1;0;0;11 minutes;02:11;0;31%;0;31%
watt-1213;80;0;0;0;15;9%;5,923;246;121;0;515,287;14,541.19;15,677;8,449;280;7.9;13;341;9.62;0;0;0;1,289;36.37;54;25;3.78;0;0;0;5;0;783;22.09;25;0;35;0;19;30,554;862.22;1,131;676;25;0;0;116;25;56;35;7;0.19;1;5;38;449;12.67;23;37:00;01:02;01:38;0;0;0;30,554;0;1,131;0;0;207;5.84;8;844;23.81;29;1;0;0;3 hours;01:54:09;0;33%;0;54%
weaselele-2442;4437;0;0;0;13;8%;2,855;255;96;0.23;271,390;18,438.51;24,487;6,483;158;10.73;23;171;11.61;0;0;0;602;40.9;71;18;3.52;0;0;0;4;0;317;21.53;33;4;15;0;10;13,333;905.83;1,493;378;18;0;0;45;13;20;12;7;0.47;2;5;26;181;12.29;21;11:26;00:46;01:20;0;0;0;13,333;1.1;1,493;98,700;33,721;33;2.24;3;381;25.88;40;0;0;0;3 hours;40:53;0;34%;46%;69%
Werky-1402;2821;0;0;0;0;8%;403;80;47;0.16;36,694;13,832.86;6,639;3,289;15;5.65;4;40;15.07;0;0;0;73;27.51;17;11;1.82;0;0;0;1;0;39;14.7;8;1;3;1;1;1,501;566.01;374;233;11;0;0;7;2;2;3;1;0.37;1;3;1;40;15.07;8;04:14;01:35;00:49;0;0;0;1,501;0.62;374;15,240;4,863;7;2.63;2;46;17.34;12;1;0;0;39 minutes;02:59;2;31%;42%;39%
Winston-11922;65;0;0;0;3;10%;2,606;261;116;0;200,684;13,664.74;13,160;4,899;106;7.21;11;188;12.8;0;0;0;474;32.27;37;15;2.52;0;0;0;4;0;253;17.22;21;0;15;0;6;12,022;818.61;1,036;422;15;0;0;46;18;16;12;9;0.61;3;4;12;203;13.82;18;18:16;01:14;01:32;0;0;0;12,022;0;1,036;0;0;53;3.6;7;321;21.85;30;1;0;0;3 hours;30:56;0;23%;0;39%
WinterDKay-2106;2919;0;0;0;0;9%;523;129;43;0.21;41,484;14,555.73;11,384;2,918;13;4.56;6;39;13.68;0;0;0;91;31.92;20;13;2.33;0;0;0;1;0;55;19.29;15;2;3;0;1;1,905;668.46;374;308;13;0;0;9;3;3;3;1;0.35;1;5;3;39;13.68;9;03:00;01:03;00:52;0;0;0;1,905;0.77;374;17,160;5,594;14;4.91;5;50;17.54;10;0;0;0;41 minutes;03:55;0;32%;45%;36%
XavierChu-3266;3000;0;0;0;0;8%;84;48;22;0.13;7,611;11,787.51;4,936;1,296;3;4.64;3;11;17.03;0;0;0;19;29.42;14;5;1.72;0;0;0;0;0;6;9.29;4;0;1;0;0;568;879.18;437;135;5;0;0;3;2;1;0;0;0;0;0;0;3;4.64;3;00:36;00:56;00:35;0;0;0;568;0.88;437;4,300;1,042;1;1.54;1;17;26.32;13;0;0;0;10 minutes;00:04;0;24%;31%;61%
xxiSaint-3541;2298;0;0;0;1;10%;813;278;40;0.18;64,955;12,408.9;16,171;3,639;40;7.64;13;64;12.22;0;0;0;147;28.08;47;10;2.29;0;0;0;1;0;85;16.23;26;3;5;0;2;3,531;674.63;1,108;206;10;0;0;14;4;4;6;0;0;0;5;5;64;12.22;22;05:39;01:04;01:32;0;0;0;3,531;0.79;1,108;26,840;7,496;30;5.73;9;99;18.91;31;0;0;0;1 hour;08:53;0;27%;32%;46%
Y19251658-2148;3795;0;0;0;1;9%;356;71;42;0.25;29,162;19,785.62;6,460;3,856;7;4.74;3;23;15.6;0;0;0;51;34.6;21;10;2.21;0;0;0;0;0;27;18.31;10;1;1;0;0;1,170;793.53;520;251;10;0;0;5;1;3;1;0;0;0;3;2;31;21.03;15;02:05;01:24;00:37;0;0;0;1,170;0.83;520;9,180;3,933;4;2.71;1;38;25.78;18;0;0;0;23 minutes;02:00;0;42%;95%;32%
YaMou-4439;3076;0;0;0;0;8%;72;44;27;0.17;6,627;13,803.61;4,226;2,192;2;4.16;2;7;14.58;0;0;0;9;18.74;6;5;1.28;0;0;0;0;0;7;14.58;5;0;0;0;0;213;444.7;213;193;5;0;0;1;1;0;0;0;0;0;0;0;3;6.24;2;00:30;01:04;00:20;0;0;0;213;0.5;213;3,380;851;0;0;0;9;18.74;8;0;0;0;6 minutes;00:03;0;25%;24%;45%
Yoooz-3681;2542;0;0;0;0;7%;60;60;44;0.24;6,231;18,825.34;6,231;3,577;0;0;0;3;9.06;0;0;0;9;27.19;9;6;3;0;0;0;0;0;6;18.12;6;0;0;0;0;200;604.25;200;150;6;0;0;2;0;1;0;0;0;0;0;0;2;6.04;2;00:20;01:02;00:20;0;0;0;200;0.82;200;2,800;806;3;9.06;3;4;12.08;4;0;0;0;4 minutes;00:20;0;28%;0;0
yoshi3098-1803;0;0;0;0;0;16%;62;62;38;0.23;3,016;8,477.15;3,016;1,490;0;0;0;2;5.62;0;0;0;6;16.86;6;2;3;0;0;0;0;0;2;5.62;2;0;0;0;0;112;313.67;112;50;2;0;0;0;0;0;0;0;0;0;0;0;1;2.81;1;00:13;00:37;00:13;0;0;0;112;0.41;112;1,080;371;0;0;0;3;8.43;3;0;0;0;4 minutes;0;0;34%;0;100%
Yubuu-1763;42;0;0;0;0;10%;30;16;11;0;1,917;5,452.96;1,037;569;0;0;0;5;14.22;0;0;0;3;8.53;2;2;0.6;0;0;0;0;0;2;5.68;1;0;0;0;0;91;257.77;91;78;0;0;0;1;0;0;1;0;0;0;0;0;1;2.84;1;00:12;00:35;00:07;0;0;0;91;0;91;0;0;1;2.84;1;3;8.53;3;0;0;0;3 minutes;0;0;13%;0;0
YuzuP-1934;1855;0;0;0;11;5%;3,583;278;77;0.14;469,678;14,343.46;29,180;7,692;175;5.34;14;315;9.61;0;0;0;861;26.29;49;17;2.73;0;0;0;6;0;374;11.42;26;15;33;2;16;17,690;540.23;1,368;437;17;0;0;118;41;38;39;0;0;0;5;15;445;13.58;28;47:35;01:27;03:25;0;0;0;17,690;0.69;1,368;250,380;65,719;75;2.29;6;498;15.2;35;0;0;0;7 hours;21:11;8;26%;56%;48%
Zatanna-11384;65;0;0;0;12;9%;6,845;335;70;0;554,316;15,238.23;22,456;5,907;291;7.99;17;584;16.05;0;0;0;1,279;35.15;69;15;2.19;0;0;0;18;0;711;19.54;38;0;36;0;15;33,002;907.23;1,632;553;15;0.39;0;110;29;46;34;8;0.21;1;4;20;593;16.3;38;56:57;01:33;03:19;0;0;0;33,002;0;1,632;0;0;188;5.16;8;858;23.58;46;1;0;0;8 hours;01:42:10;0;27%;0;42%
Zyphoid-11537;2610;0;0;0;0;6%;12;11;8;0.09;1,095;6,765.94;1,004;770;3;14.86;3;3;18.53;0;0;0;6;29.73;6;6;0;0;0;0;0;0;4;19.82;4;0;0;0;0;200;991.19;200;200;6;0;0;0;0;0;0;0;0;0;0;0;4;19.82;4;00:00;00:03;00:00;0;0;0;108;0.86;108;506;200;0;0;0;4;19.82;4;0;0;0;2 minutes;00:10;0;39%;48%;100%
