Akimoto-3310;3063;0;2;15%;1,490;164;61;0.11;228,329;15,316.81;19,200;6,129;183;12.27;0;0;0;439;29.44;51;18;2.39;325;21.8;27;0;8;3;234;15.69;22;9;15;0;6;56,218;3,771.25;5,069;1,508;44%;83%;727;18;0;0;49;21;14;14;2;0.13;1;3;9;144;9.65;20;17:51;01:11;02:13;56,218;4.42;5,069;23,550;9,753;43;2.88;6;0;0;0;3 hours;24:40;0;41%;51%;96;6.43;13;39%
Aktm-11812;0;0;0;12%;57;57;32;0.15;7,437;13,988.24;7,437;4,474;5;9.4;0;0;0;19;35.73;19;14;3.8;14;26.33;14;0;0;0;12;22.56;12;1;1;0;0;718;1,351.04;718;418;58%;58%;24;14;0;0;2;1;0;1;2;3.76;2;0;0;7;13.16;7;00:34;01:04;00:34;718;1.99;718;1,049;449;4;7.52;4;0;0;0;6 minutes;04:01;0;42%;0;3;5.64;3;0
AnalNoob-1185;2462;0;0;8%;132;82;30;0.07;34,170;17,050.2;15,651;5,510;15;7.48;0;0;0;44;21.95;28;12;2.93;34;16.96;20;0;1;1;15;7.48;11;0;2;0;2;7,832;3,908.19;4,529;1,139;36%;80%;93;12;0;0;7;5;0;1;1;0.49;1;0;0;20;9.97;13;03:43;01:51;01:22;7,832;4.49;4,529;4,999;1,642;3;1.49;2;0;0;0;29 minutes;00:43;0;32%;42%;6;2.99;2;100%
Angelbuster-3254;0;0;0;9%;6;6;6;0.05;1,437;4,830.23;1,437;1,437;0;0;0;0;0;5;16.8;5;5;0;4;13.44;4;0;0;0;2;6.72;2;0;0;0;0;847;2,845.62;847;847;57%;57%;7;5;0;0;1;0;0;0;0;0;0;0;0;5;16.8;5;00:25;01:25;00:25;847;7.67;847;185;64;1;3.36;1;0;0;0;1 minute;00:04;0;34%;0;2;6.72;2;100%
applejuice69-11392;0;0;3;14%;364;104;32;0.11;55,278;12,157.19;17,849;3,910;41;9.01;0;0;0;110;24.19;34;15;2.68;100;21.99;33;0;2;3;63;13.85;23;2;5;0;2;9,218;2,027.37;2,206;796;51%;71%;193;15;0;0;14;5;7;3;3;0.65;2;3;1;23;5.05;7;02:12;00:29;00:50;9,218;2.82;2,206;4,948;2,489;16;3.51;7;0;0;0;54 minutes;07:51;0;50%;82%;23;5.05;8;50%
arbiterlin-1178;2685;0;0;40%;131;77;39;0.24;4,661;4,920.2;2,788;1,060;9;9.5;0;0;0;11;11.61;9;4;1.22;14;14.77;7;0;0;0;5;5.27;5;1;1;0;0;1,281;1,352.26;696;396;58%;100%;24;4;0;0;1;1;0;0;0;0;0;0;0;1;1.05;1;00:07;00:08;00:04;1,281;2.43;696;897;321;0;0;0;0;0;0;8 minutes;0;0;35%;29%;2;2.11;1;0
aRie-11198;2992;0;1;14%;213;73;36;0.11;27,888;9,489.05;10,268;6,504;18;6.12;0;0;0;61;20.75;16;16;3.38;41;13.95;11;0;1;0;25;8.5;7;2;3;0;1;8,242;2,804.46;2,524;1,590;48%;66%;84;16;0;0;5;2;1;2;1;0.34;1;4;1;17;5.78;7;01:57;00:39;01:11;8,242;4.64;2,524;4,322;1,502;6;2.04;2;0;0;0;29 minutes;04:15;8;34%;36%;14;4.76;4;35%
Artificial-11535;2856;0;0;13%;40;28;16;0.19;4,338;8,131.92;2,422;2,004;5;9.37;0;0;0;7;13.12;5;4;1.4;6;11.24;4;0;0;0;4;7.49;2;1;1;0;0;900;1,687.02;600;300;50%;50%;12;4;0;0;1;0;0;0;0;0;0;0;0;0;0;0;0;0;0;900;4.28;600;474;307;0;0;0;0;0;0;3 minutes;0;0;64%;56%;0;0;0;0
AshkaliN-2848;73;0;0;24%;338;166;130;0;29,985;12,308.83;16,051;13,759;15;6.15;0;0;0;63;25.86;24;15;4.2;39;16;15;0;0;0;32;13.13;11;0;2;0;2;7,632;3,133.03;3,391;2,340;46%;100%;84;15;0;0;9;3;2;4;0;0;0;0;0;27;11.08;9;03:41;01:30;01:41;7,632;0;3,391;0;0;4;1.64;2;0;0;0;34 minutes;08:30;0;37%;0;15;6.15;7;67%
Badger-1688;3050;0;5;12%;5;4;3;0.01;3,536;8,412.23;2,475;902;9;21.4;0;0;0;7;16.65;4;3;0.77;250;22.44;31;0;11;1;2;4.75;1;0;0;1;0;38,811;3,484.36;3,909;1,432;41%;58%;599;3;0;0;1;0;1;1;14;1.25;3;4;3;4;9.51;3;00:10;00:24;00:07;38,811;4.4;3,909;110;41;1;2.37;1;0;0;0;5 minutes;17:09;2;37%;54%;45;4.04;9;8%
Bamos-11989;2551;0;3;13%;461;124;30;0.1;99,921;17,777.02;20,292;7,172;43;7.65;0;0;0;142;25.26;38;11;3.3;109;19.39;23;0;4;0;71;12.63;15;0;6;0;5;14,571;2,592.33;2,375;1,467;55%;95%;197;11;0;0;17;10;3;4;7;1.24;3;0;0;51;9.07;9;07:34;01:20;02:36;14,571;3.26;2,375;8,172;3,380;16;2.84;4;0;0;0;1 hour;01:21;0;41%;44%;32;5.69;10;85%
BioHack-11119;1988;0;1;4%;3;3;2;0.01;5,919;8,916.2;5,919;2,091;4;6.02;0;0;0;7;10.54;7;3;1.75;340;14.81;24;0;6;3;2;3.01;2;1;1;1;12;46,053;2,006.83;3,733;1,237;44%;66%;769;3;0;0;2;20;2;24;2;0.08;2;0;0;4;6.02;4;00:17;00:26;00:17;46,053;2.78;3,733;158;72;1;1.5;1;0;0;0;4 minutes;11:12;2;45%;46%;50;2.17;5;50%
Blu-4175;3000;0;6;14%;947;182;66;0.13;137,537;13,855.97;22,775;7,925;66;6.64;0;0;0;326;32.84;44;17;4.93;236;23.77;35;0;3;2;202;20.35;28;3;10;0;7;32,634;3,287.67;5,325;1,583;54%;75%;433;17;0;0;41;12;20;9;5;0.5;2;4;4;115;11.58;24;13:11;01:19;02:00;32,634;4.57;5,325;14,093;6,556;32;3.22;5;0;0;0;1 hour;34:10;4;46%;59%;72;7.25;12;73%
Bluemoon-31853;3351;0;0;17%;150;74;34;0.15;20,727;18,009.75;10,458;6,178;18;15.64;0;0;0;34;29.54;13;8;1.88;26;22.59;10;0;0;0;22;19.11;8;1;1;0;0;6,108;5,307.09;2,731;1,500;46%;71%;56;8;0;0;5;1;4;1;1;0.86;1;0;0;14;12.16;7;02:45;02:23;01:24;6,108;6.13;2,731;2,104;843;4;3.47;2;0;0;0;16 minutes;04:09;0;40%;0;7;6.08;3;39%
BluStar-2121;57;0;2;11%;726;173;55;0;161,645;15,645.23;21,563;7,074;105;10.16;0;0;0;189;18.29;35;9;1.8;161;15.58;29;0;3;1;83;8.03;14;0;10;0;4;46,674;4,517.44;4,238;1,609;43%;65%;370;9;0;0;33;13;11;9;1;0.09;1;3;1;80;7.74;14;24:08;02:20;03:09;46,674;0;4,238;0;0;9;0.87;4;0;0;0;2 hours;41:17;0;34%;0;32;3.09;6;43%
Bobosa-3106;0;0;14;15%;6,942;162;82;0.13;987,085;14,777.6;25,211;8,871;707;10.58;0;0;0;1,877;28.1;47;21;2.65;1,533;22.95;40;0;26;23;1,064;15.92;29;32;67;3;31;254,577;3,811.26;6,293;2,584;47%;100%;3,212;21;0;0;222;85;69;68;36;0.53;3;3;14;608;9.1;17;01:28:17;01:19;02:50;254,577;4.89;6,293;95,952;43,651;231;3.45;8;0;0;0;14 hours;02:12:19;17;45%;89%;341;5.1;13;47%
Bororo-3413;0;0;1;25%;1;1;1;0.02;247;2,095.46;247;247;1;8.48;0;0;0;21;20.99;21;10;4.2;16;15.99;16;0;0;0;15;14.99;15;0;0;0;0;2,952;2,951.81;2,952;989;64%;64%;25;10;0;0;0;1;0;0;0;0;0;0;0;3;2.99;3;00:02;00:17;00:02;2,952;6.99;2,952;20;4;1;0.99;1;0;0;0;44.16682595014572 seconds;03:57;1;20%;28%;4;3.99;4;100%
BriBrii-2647;1225;0;0;14%;75;65;16;0.08;13,727;10,007.51;9,255;2,426;15;10.93;0;0;0;26;18.95;15;5;1.73;26;18.95;16;0;0;0;8;5.83;5;0;1;0;1;8,134;5,930.16;4,423;1,776;52%;57%;50;5;0;0;5;2;1;2;1;0.72;1;0;0;10;7.29;5;00:48;00:35;00:19;8,134;8.71;4,423;1,607;519;0;0;0;0;0;0;15 minutes;0;0;32%;36%;4;2.91;2;77%
buff4eyes-1647;45;0;14;13%;4,005;281;68;0;560,328;12,763.95;24,500;6,549;466;10.61;0;0;0;1,250;28.47;60;18;2.68;848;19.31;35;0;7;8;732;16.67;40;0;44;0;22;151,472;3,450.45;6,596;2,520;43%;100%;1,968;18;0.29;0;167;41;68;58;15;0.34;3;4;7;495;11.27;31;51:17;01:10;03:47;151,472;0;6,596;0;0;215;4.89;10;0;0;0;9 hours;02:01:06;0;36%;0;245;5.58;15;50%
burii-11667;0;0;1;15%;492;82;43;0.14;63,408;16,146.95;12,002;4,609;44;11.2;0;0;0;125;31.83;27;14;2.84;104;26.48;18;0;1;0;80;20.37;17;3;4;1;1;15,872;4,041.82;4,309;2,148;54%;75%;190;14;0;0;14;5;6;3;0;0;0;3;1;41;10.44;11;04:01;01:01;01:00;15,872;4.57;4,309;7,269;3,225;29;7.38;10;0;0;0;57 minutes;11:07;0;44%;57%;14;3.56;4;18%
cacaron-1244;3164;0;0;6%;46;46;15;0.11;9,019;15,734.38;9,019;2,124;9;15.7;0;0;0;6;10.46;6;1;0.66;7;12.21;7;0;0;0;3;5.23;3;1;1;0;0;1,670;2,913.67;1,670;535;50%;50%;14;1;0;0;1;1;0;0;0;0;0;0;0;2;3.48;2;00:17;00:30;00:17;1,670;4.31;1,670;1,130;666;1;1.74;1;0;0;0;6 minutes;0;0;58%;58%;0;0;0;0
CajunBuu-1638;3821;0;2;13%;318;125;64;0.16;50,481;18,809.07;17,998;8,657;17;6.33;0;0;0;69;25.7;21;9;4.05;53;19.74;15;0;1;3;42;15.64;13;1;3;0;2;3,105;1,156.82;1,359;459;58%;64%;90;9;0;0;8;1;3;4;1;0.37;1;3;1;20;7.45;8;01:43;00:38;00:33;3,105;1.64;1,359;5,281;2,306;6;2.23;2;0;0;0;31 minutes;03:02;0;43%;45%;14;5.21;6;74%
Calvin-1337;4187;0;2;17%;1,168;126;73;0.18;150,068;20,044.27;19,231;10,173;76;10.15;0;0;0;276;36.86;33;15;3.63;184;24.57;19;0;1;0;148;19.76;18;3;7;0;4;27,136;3,624.48;4,697;1,489;54%;100%;338;15;0;0;27;9;12;6;3;0.4;1;3;3;85;11.35;16;07:47;01:02;01:00;27,136;4.18;4,697;17,254;6,588;19;2.53;3;0;0;0;1 hour;13:44;2;38%;46%;54;7.21;12;56%
Camou-1349;3855;0;0;9%;77;27;25;0.07;22,265;13,381.74;6,409;6,409;5;3;0;0;0;58;34.85;16;16;11.6;23;13.82;10;0;1;1;40;24.04;12;0;2;0;1;3,000;1,802.94;1,576;1,576;42%;66%;54;16;0;0;6;3;1;2;5;3;3;0;0;14;8.41;4;01:02;00:37;00:47;3,000;2.85;1,576;1,632;839;7;4.2;6;0;0;0;17 minutes;03:27;0;51%;82%;10;6.01;3;85%
Capriccioso-1214;42;0;5;11%;987;146;62;0;103,392;8,155.77;15,939;5,253;82;6.46;0;0;0;266;20.98;35;10;3.24;226;17.82;29;0;2;3;161;12.69;27;0;13;0;9;37,777;2,979.94;5,627;1,812;51%;76%;438;10;0;0;45;12;14;19;9;0.7;2;4;3;99;7.8;21;11:05;00:52;01:40;37,777;0;5,627;0;0;56;4.41;10;0;0;0;2 hours;25:01;0;27%;0;61;4.81;18;67%
CaptainEVS-1315;80;0;6;14%;1,832;194;67;0;235,652;13,435.66;17,929;7,494;194;11.06;0;0;0;510;29.07;41;13;2.62;408;23.26;33;0;4;1;279;15.9;24;0;18;0;10;91,020;5,189.47;6,129;2,221;50%;85%;814;13;0;0;63;23;13;26;1;0.05;1;3;1;189;10.77;17;23:19;01:19;01:47;91,017;0;6,129;0;0;60;3.42;6;0;0;1;4 hours;01:06:42;0;39%;0;74;4.21;8;56%
carnifex-2958;4505;0;0;18%;3;3;3;0.02;719;3,913.9;719;620;2;10.88;0;0;0;1;5.44;1;1;0.5;1;5.44;1;0;0;0;0;0;0;0;0;0;0;600;3,266.12;600;600;20%;20%;5;1;0;0;1;0;0;0;0;0;0;0;0;1;5.44;1;00:01;00:07;00:01;600;5.87;600;159;16;0;0;0;0;0;0;1 minute;0;0;10%;0;0;0;0;0
CERT-3809;2539;0;1;5%;62;45;22;0.07;19,343;15,436.01;15,997;7,376;6;4.78;0;0;0;27;21.54;17;8;4.5;24;19.15;15;0;0;0;13;10.37;8;1;1;0;1;5,088;4,060.21;3,085;2,139;39%;66%;61;8;0;0;4;2;2;0;1;0.79;1;0;0;4;3.19;4;00:29;00:23;00:26;5,088;5.92;3,085;2,661;1,055;5;3.99;3;0;0;0;14 minutes;00:05;0;39%;24%;3;2.39;3;50%
CILOBETA-4737;3832;0;26;13%;10,783;234;99;0.14;1,384,801;14,949.68;30,909;9,867;832;8.98;0;0;0;2,615;28.23;49;20;3.14;2,045;22.07;40;0;36;9;1,511;16.31;33;40;93;6;47;377,245;4,072.56;9,197;4,094;54%;100%;3,757;20;0;0;270;159;54;57;156;1.68;7;4;19;710;7.66;22;01:17:55;00:50;02:19;377,245;5.02;9,197;182,235;80,844;315;3.4;10;0;0;0;20 hours;02:03:28;0;44%;71%;448;4.83;16;50%
City-11726;2824;0;6;15%;1,261;231;69;0.19;181,808;18,361.26;29,314;7,850;63;6.36;0;0;0;314;31.71;48;19;4.98;256;25.85;41;0;1;2;202;20.4;35;2;10;0;8;27,505;2,777.74;3,844;1,881;56%;70%;452;19;0;0;41;15;14;11;9;0.9;2;0;0;119;12.01;28;13:18;01:20;02:29;27,505;4.19;3,844;15,430;7,972;40;4.03;10;0;0;0;1 hour;31:39;1;51%;56%;61;6.16;12;80%
clockwise-11369;3706;0;6;16%;1,284;237;75;0.16;190,902;16,797.3;23,846;8,596;79;6.95;0;0;0;347;30.53;47;19;4.39;243;21.38;32;0;0;7;229;20.14;36;5;11;0;6;33,407;2,939.48;6,047;2,093;54%;80%;445;19;0;0;46;20;17;9;10;0.87;3;0;0;91;8;15;08:21;00:44;01:40;33,407;4.19;6,047;14,652;7,606;48;4.22;8;0;0;0;2 hours;30:10;0;51%;67%;59;5.19;9;51%
Cobrastyles-1994;2681;0;0;7%;13;13;10;0.1;2,637;16,114.17;2,637;1,808;2;12.22;0;0;0;3;18.33;3;2;1.5;4;24.44;4;0;0;0;2;12.22;2;0;0;0;0;150;913.76;150;150;80%;80%;5;2;0;0;1;0;0;0;0;0;0;0;0;1;6.11;1;00:00;00:01;00:00;150;1.18;150;308;183;1;6.11;1;0;0;0;2 minutes;0;0;59%;0;1;6.11;1;0
cocco-2188;0;0;0;11%;50;50;21;0.08;490;979.96;490;490;6;13.88;0;0;0;18;41.66;18;8;3;8;18.51;8;0;0;0;8;18.51;8;0;1;1;0;2,498;5,782.64;2,498;680;25%;25%;32;8;0;0;2;1;0;0;0;0;0;4;2;5;11.57;5;00:43;01:41;00:43;2,498;4.36;2,498;65;7;4;9.25;4;0;0;0;3 minutes;0;0;10%;0;9;20.83;9;100%
CoffeeJelly-11718;0;0;1;17%;143;143;31;0.12;13,583;13,582.83;13,583;2,317;16;16;0;0;0;47;47;47;7;2.93;46;46;46;0;3;0;30;30;30;1;1;0;1;6,118;6,117.94;6,118;1,244;62%;62%;74;7;0;0;4;2;0;2;1;1;1;0;0;18;18;18;02:12;02:12;02:12;6,118;5.2;6,118;2,173;814;0;0;0;0;0;0;19 minutes;03:46;0;37%;37%;6;6;6;100%
Cohias-1934;3115;0;7;13%;1,510;193;78;0.15;200,810;15,866.19;20,550;7,103;115;9.08;0;0;0;445;35.15;60;17;3.86;355;28.04;50;0;4;2;276;21.8;40;4;13;1;8;50,943;4,025.02;6,815;1,959;49%;66%;721;17;0;0;40;16;15;8;9;0.71;3;4;3;125;9.87;24;11:45;00:55;02:34;50,943;5.18;6,815;26,081;11,286;54;4.26;10;0;0;0;2 hours;54:28;1;43%;47%;65;5.13;9;65%
cowbama-4260;2598;0;1;13%;75;40;14;0.06;10,997;8,772.24;4,744;1,231;21;16.75;0;0;0;17;13.56;8;5;0.8;19;15.15;12;0;0;0;9;7.17;3;1;1;0;0;6,208;4,952.03;3,510;770;50%;100%;38;5;0;0;3;0;0;2;1;0.79;1;0;0;5;3.98;3;00:52;00:41;00:42;6,208;5.75;3,510;2,273;542;4;3.19;2;0;0;0;17 minutes;01:08;0;23%;34%;2;1.59;1;17%
CRA2YDOG-3822;2743;0;6;14%;1,494;117;46;0.12;223,927;14,468.89;20,477;8,662;157;10.14;0;0;0;335;21.64;33;16;2.13;321;20.74;26;0;2;1;168;10.85;19;7;15;0;8;69,989;4,522.29;6,394;1,944;51%;100%;629;16;0;0;57;16;20;21;8;0.51;2;4;2;158;10.2;24;21:00;01:21;03:53;69,989;6;6,394;25,598;10,270;35;2.26;4;0;0;0;3 hours;14:40;2;40%;67%;57;3.68;8;51%
Crazdog-3857;2820;0;1;9%;129;65;30;0.08;25,827;13,378.19;8,238;3,371;19;9.84;0;0;0;37;19.16;19;9;1.94;41;21.23;17;0;0;0;22;11.39;13;1;2;0;1;7,357;3,810.96;3,703;1,112;50%;66%;81;9;0;0;7;3;2;2;2;1.03;1;0;0;13;6.73;9;03:31;01:49;02:29;7,357;4.81;3,703;3,138;1,361;2;1.03;1;0;0;0;25 minutes;00:20;2;43%;60%;6;3.1;3;37%
Crowner-31484;4074;0;1;9%;383;89;39;0.09;57,523;8,931.16;13,676;5,940;44;6.83;0;0;0;112;17.38;32;19;2.54;98;15.21;23;0;0;0;52;8.07;20;2;6;0;4;23,986;3,724.13;4,139;1,631;44%;52%;218;19;0;0;13;4;3;6;7;1.08;2;3;1;43;6.67;10;06:41;01:02;01:38;23,986;5.79;4,139;13,381;3,851;10;1.55;5;0;0;0;1 hour;07:24;2;28%;37%;17;2.63;7;59%
CtrlAltL337-1674;58;0;0;12%;227;35;32;0;48,643;12,883.97;6,493;3,999;69;18.27;0;0;0;80;21.18;13;7;1.15;58;15.36;8;0;8;1;32;8.47;6;0;4;0;1;18,676;4,946.6;3,683;1,252;39%;85%;147;7;0;0;12;4;3;5;1;0.26;1;0;0;50;13.24;8;06:47;01:48;01:39;18,676;0;3,683;0;0;5;1.32;1;0;0;0;58 minutes;01:15;0;24%;0;18;4.76;6;32%
Dark-15913;3265;0;0;16%;263;109;52;0.13;50,875;25,245.09;12,347;6,677;27;13.39;0;0;0;44;21.83;13;6;1.62;54;26.79;15;0;1;0;27;13.39;9;1;2;0;0;10,692;5,305.36;3,124;1,425;51%;75%;104;6;0;0;8;2;2;3;0;0;0;0;0;13;6.45;4;03:11;01:35;01:09;10,692;5.43;3,124;3,900;1,637;4;1.98;3;0;0;0;32 minutes;00:20;0;41%;45%;10;4.96;4;17%
Darkaz-6141;3705;0;8;17%;1,855;178;66;0.13;248,276;14,392.72;19,873;7,761;155;8.98;0;0;0;518;30.02;59;16;3.34;417;24.17;31;0;10;3;316;18.31;35;5;17;1;10;50,682;2,938.09;2,832;2,483;57%;100%;731;16;0;0;63;26;23;14;3;0.17;2;3;1;191;11.07;19;25:46;01:29;02:18;50,682;3.71;2,832;23,483;10,858;52;3.01;6;0;0;0;3 hours;37:35;2;46%;66%;74;4.28;8;59%
DeerFanning-1832;3281;0;0;14%;238;87;49;0.19;27,197;20,693.02;9,131;4,021;19;14.45;0;0;0;22;16.73;8;6;1.15;36;27.39;13;0;0;0;16;12.17;6;1;1;0;0;6,040;4,595.35;2,356;1,764;56%;77%;64;6;0;0;3;2;1;0;0;0;0;0;0;6;4.56;2;01:00;00:45;00:19;6,040;4.92;2,356;3,200;1,628;3;2.28;2;0;0;0;20 minutes;00:47;0;50%;63%;3;2.28;3;30%
DeGuN-2283;75;0;2;11%;229;58;34;0;46,619;13,184.66;16,285;6,765;12;3.39;0;0;0;102;28.84;27;17;8.5;67;18.94;15;0;0;0;51;14.42;12;0;4;0;4;11,556;3,268.19;2,754;2,468;50%;60%;134;0;0;0;11;6;3;3;1;0;1;3;3;40;11.31;15;01:59;00:33;01:15;11,556;0;2,754;0;0;6;1.69;2;0;0;0;35 minutes;08:18;0;53%;0;26;7.35;7;100%
delave-1113;4000;0;0;16%;185;153;50;0.17;17,373;13,381.91;13,131;2,975;14;10.78;0;0;0;26;20.02;22;7;1.85;26;20.02;19;0;0;0;13;10.01;12;0;1;0;1;3,295;2,538.42;2,095;742;53%;100%;49;7;0;0;3;1;1;1;1;0.77;1;0;0;4;3.08;3;00:34;00:26;00:26;3,295;3.06;2,095;1,960;1,153;2;1.54;2;0;0;0;17 minutes;02:17;0;58%;60%;4;3.08;4;66%
DERPGUYZ-1495;2481;0;0;13%;168;95;44;0.12;22,292;10,384.88;12,437;7,881;13;6.05;0;0;0;45;20.96;21;11;3.46;40;18.63;25;0;0;0;17;7.91;10;0;2;0;2;9,087;4,233.23;3,457;1,563;45%;56%;88;11;0;0;7;2;1;4;0;0;0;0;0;24;11.18;14;05:01;02:20;03:33;9,087;6.58;3,457;4,241;1,255;1;0.46;1;0;0;1;22 minutes;05:21;1;29%;33%;9;4.19;6;100%
DerpHead-3508;2487;0;0;18%;397;166;50;0.16;45,293;17,758.09;12,713;4,723;32;12.54;0;0;0;87;34.11;28;8;2.71;75;29.4;23;0;2;1;44;17.25;15;2;3;0;1;11,076;4,342.53;3,577;1,396;42%;58%;178;8;0;0;8;4;1;3;5;1.96;4;0;0;26;10.19;8;02:36;01:01;00:56;11,076;4.61;3,577;6,269;2,124;12;4.7;6;0;0;0;39 minutes;03:01;0;33%;40%;11;4.31;4;25%
Deso-11717;2903;0;4;15%;2,006;180;47;0.14;199,411;10,655.12;18,602;5,258;162;8.65;0;0;0;415;22.17;40;13;2.56;402;21.48;27;0;9;1;226;12.07;23;10;19;1;8;69,710;3,724.81;4,849;2,061;52%;100%;762;13;0;0;62;33;15;15;13;0.69;2;3;3;146;7.8;17;21:11;01:07;02:25;69,710;4.9;4,849;27,539;12,863;53;2.83;6;0;0;1;3 hours;24:19;2;46%;59%;49;2.61;6;41%
DethroneME-1224;0;0;2;14%;633;249;45;0.18;66,297;14,568.81;19,357;4,562;35;7.69;0;0;0;121;26.58;40;16;3.45;112;24.61;35;0;0;0;63;13.84;18;0;5;0;4;15,425;3,389.62;3,927;1,420;49%;56%;225;16;0;0;18;12;3;4;6;1.31;2;0;0;45;9.88;16;05:15;01:09;01:41;15,425;4.56;3,927;9,989;4,446;10;2.19;5;0;0;0;56 minutes;08:49;1;44%;47%;17;3.73;6;89%
doGsInaT-1838;3173;0;3;16%;1,174;176;104;0.12;177,670;15,816.36;15,709;8,423;98;8.72;0;0;0;360;32.04;40;22;3.67;289;25.72;34;0;2;0;221;19.67;30;5;11;0;6;49,089;4,369.95;6,837;2,271;48%;66%;592;22;0;0;40;17;11;12;14;1.24;2;3;3;107;9.52;16;15:41;01:23;01:32;49,089;5.14;6,837;16,539;7,299;53;4.71;9;0;0;0;2 hours;28:50;16;44%;68%;68;6.05;8;53%
Doubted-11183;3492;0;0;24%;116;57;43;0.16;9,622;9,809.53;5,030;2,585;8;8.15;0;0;0;21;21.4;11;6;2.62;19;19.37;9;0;0;0;9;9.17;7;0;1;0;1;3,486;3,553.55;1,745;1,253;47%;100%;40;6;0;0;2;1;0;0;0;0;0;0;0;7;7.13;4;00:57;00:58;00:19;3,486;4.81;1,745;1,512;475;1;1.01;1;0;0;0;12 minutes;02:21;0;31%;21%;3;3.05;2;77%
Drewbiez-6476;66;0;0;19%;80;38;24;0.09;9,017;9,225.64;3,823;3,081;11;11.25;0;0;0;24;24.55;10;10;2.18;15;15.34;7;0;0;0;15;15.34;6;1;1;0;0;3,176;3,249.52;1,180;795;37%;50%;40;10;0;0;3;2;0;2;1;1.02;1;0;0;7;7.16;4;00:32;00:32;00:25;3,176;3.91;1,180;1,047;408;0;0;0;0;0;0;13 minutes;00:20;0;38%;14%;3;3.06;3;47%
drop-11251;3211;0;0;7%;9;9;9;0.05;4,706;15,436.82;4,706;2,895;2;6.56;0;0;0;1;3.28;1;1;0.5;3;9.84;3;0;0;0;1;3.28;1;0;0;0;0;668;2,191.03;668;668;42%;42%;7;1;0;0;1;0;0;1;0;0;0;0;0;1;3.28;1;00:13;00:45;00:13;668;4.18;668;269;127;0;0;0;0;0;0;2 minutes;0;0;47%;47%;0;0;0;0
Elir-11927;69;0;0;12%;202;130;61;0;22,846;15,723.24;7,536;2,617;22;15.14;0;0;0;42;28.9;14;7;1.9;45;30.96;15;0;0;0;30;20.64;9;0;1;0;1;8,671;5,967.64;2,830;1,321;52%;77%;85;7;0;0;6;2;1;2;2;1.37;1;0;0;8;5.5;4;01:15;00:51;00:29;8,671;0;2,830;0;0;8;5.5;3;0;0;0;23 minutes;02:41;0;45%;0;3;2.06;2;68%
EnumaElish-3343;3604;0;4;12%;1,388;110;33;0.09;277,279;15,328.45;18,654;5,181;198;10.94;0;0;0;427;23.6;28;19;2.15;371;20.5;25;0;1;0;222;12.27;17;11;18;0;7;40,567;2,242.6;2,579;1,070;43%;100%;849;19;0;0;57;26;17;14;8;0.44;1;4;5;143;7.9;16;21:40;01:11;01:56;40,567;2.91;2,579;26,091;10,874;50;2.76;5;0;0;0;3 hours;24:08;3;41%;86%;76;4.2;9;37%
EquarTix-2371;64;0;15;18%;2,947;276;84;0;354,913;15,184.42;30,528;6,718;224;9.58;0;0;0;818;34.99;63;19;3.65;561;24;35;0;2;3;518;22.16;40;0;23;0;14;84,656;3,621.86;5,928;2,660;52%;83%;1,067;19;0;0;88;22;40;27;20;0.85;4;5;3;270;11.55;34;27:05;01:09;02:20;84,656;0;5,928;0;0;121;5.17;12;0;0;1;5 hours;01:32:28;0;42%;0;169;7.23;14;60%
Euront-2569;2224;0;0;3%;2;2;2;0.01;2,628;11,384.3;2,628;1,646;3;12.99;0;0;0;2;8.66;2;2;0.66;1;4.33;1;0;0;0;1;4.33;1;0;0;0;0;1,477;6,397.79;1,477;1,477;14%;14%;7;2;0;0;1;0;0;1;0;0;0;0;0;1;4.33;1;00:04;00:21;00:04;1,477;10.01;1,477;183;66;0;0;0;0;0;0;2 minutes;0;0;36%;36%;0;0;0;0
EVERMORE-31643;5000;0;25;21%;5,942;301;121;0.24;588,668;14,530.22;29,291;11,843;181;4.46;0;0;0;1,129;27.86;52;26;6.23;840;20.73;36;0;13;11;688;16.98;36;1;41;3;37;90,854;2,242.56;6,445;2,404;57%;100%;1,473;26;0;0;139;65;46;29;40;0.98;6;4;21;236;5.82;23;20:35;00:30;01:38;90,854;3.73;6,445;49,516;27,342;152;3.75;8;0;0;0;6 hours;01:34:21;2;55%;66%;215;5.3;14;90%
eXile1cK-1643;2867;0;2;18%;797;164;67;0.12;116,972;14,850.62;15,348;7,022;96;12.18;0;0;0;211;26.78;39;14;2.19;163;20.69;27;0;2;1;123;15.61;26;5;8;1;2;24,698;3,135.64;4,222;2,750;50%;100%;325;14;0;0;25;11;6;8;12;1.52;4;3;2;77;9.77;14;08:03;01:01;01:32;24,698;3.95;4,222;9,091;4,325;31;3.93;8;0;0;0;1 hour;17:19;0;47%;71%;46;5.84;9;23%
Exodia-11437;3777;0;0;4%;10;5;5;0.03;4,525;6,786.2;2,898;2,898;1;1.49;0;0;0;18;26.99;10;10;18;10;14.99;6;0;0;1;10;14.99;5;0;1;0;1;385;578.03;300;300;55%;60%;18;10;0;0;2;1;0;1;0;0;0;0;0;9;13.49;5;00:54;01:21;00:35;385;1.49;300;639;214;1;1.49;1;0;0;0;4 minutes;00:40;0;33%;0;4;5.99;3;100%
Faith-1102;50;0;4;15%;1,214;231;61;0;119,202;10,194.71;17,384;4,930;100;8.55;0;0;0;337;28.82;46;20;3.37;287;24.54;43;0;4;6;177;15.13;27;0;12;0;7;67,280;5,754.13;14,162;2,549;50%;100%;568;20;0;0;42;8;11;22;7;0.59;2;3;3;168;14.36;25;19:34;01:40;04:08;67,280;0;14,162;0;0;48;4.1;11;0;0;0;2 hours;31:55;0;33%;0;54;4.61;11;56%
fenner-1643;3668;0;5;13%;1,175;198;115;0.13;193,258;17,741.94;23,161;6,775;83;7.61;0;0;0;259;23.77;29;13;3.12;242;22.21;33;0;0;2;151;13.86;20;5;11;0;6;40,375;3,706.56;5,818;2,066;53%;78%;450;13;0;0;38;19;6;14;3;0.27;1;0;0;81;7.43;14;11:58;01:05;02:56;40,375;4.79;5,818;15,800;8,690;35;3.21;7;0;0;0;2 hours;11:10;0;55%;65%;33;3.02;5;50%
fighteR-2604;63;0;0;10%;59;24;14;0;5,596;6,808.9;3,182;997;9;10.95;0;0;0;15;18.25;7;5;1.66;12;14.6;7;0;0;0;6;7.3;3;0;1;0;0;3,626;4,411.57;1,701;1,324;33%;43%;36;0;0;0;2;0;1;1;2;0;2;0;0;2;2.43;2;00:47;00:57;00:39;3,626;0;1,701;0;0;1;1.21;1;0;0;0;9 minutes;0;0;31%;0;1;1.21;1;59%
Flame-12415;2806;0;22;13%;5,911;230;65;0.11;781,875;10,087.64;21,776;6,974;659;8.5;0;0;0;1,650;21.28;51;19;2.5;1,291;16.65;40;0;22;9;854;11.01;24;42;78;1;34;316,429;4,082.51;7,721;3,126;45%;100%;2,816;19;0;0;246;102;53;91;60;0.77;3;3;4;648;8.36;29;01:28:30;01:08;03:11;316,429;5.88;7,721;155,032;43,243;221;2.85;7;0;0;0;14 hours;01:16:25;22;27%;59%;298;3.84;12;43%
flyby-11830;3830;0;1;14%;101;98;33;0.09;26,413;22,731.6;23,979;10,385;9;7.74;0;0;0;26;22.37;26;15;2.88;27;23.23;27;0;0;0;12;10.32;12;0;1;0;1;4,779;4,112.44;3,753;1,651;57%;67%;47;15;0;0;5;1;1;3;0;0;0;0;0;11;9.46;11;01:07;00:58;01:01;4,779;4.7;3,753;1,619;710;0;0;0;0;0;0;16 minutes;00:20;0;43%;49%;4;3.44;4;75%
FongBi-1515;2655;0;0;6%;7;7;7;0.05;1,355;7,051.69;1,355;928;1;5.2;0;0;0;1;5.2;1;1;1;2;10.41;2;0;0;0;1;5.2;1;0;0;0;0;622;3,239.93;622;520;33%;33%;6;1;0;0;1;1;0;0;0;0;0;0;0;0;0;0;00:19;01:43;00:19;622;4.85;622;238;116;0;0;0;0;0;0;2 minutes;0;0;48%;0;0;0;0;100%
Forsak3n-2206;75;0;1;15%;207;64;49;0;16,470;7,538.99;4,335;3,236;21;9.61;0;0;0;29;13.27;9;7;1.38;37;16.93;10;0;0;0;19;8.69;6;0;2;0;1;7,725;3,535.96;2,523;2,223;49%;100%;75;0;0;0;6;1;2;3;1;0;1;0;0;5;2.28;3;01:24;00:38;00:33;7,725;0;2,523;0;0;9;4.11;4;0;0;0;24 minutes;03:10;0;47%;0;4;1.83;2;47%
fourbags-3673;2468;0;2;14%;767;192;44;0.11;99,463;12,435.58;20,529;9,015;116;14.5;0;0;0;170;21.25;40;21;1.46;186;23.25;43;0;4;0;96;12;20;6;8;0;2;27,948;3,494.29;6,090;1,729;52%;66%;353;21;0;0;20;11;5;5;1;0.12;1;0;0;64;8;21;07:32;00:56;03:01;27,948;4.21;6,090;11,426;5,396;22;2.75;5;0;0;0;1 hour;06:37;1;47%;54%;18;2.25;7;24%
Freello-1459;57;0;0;3%;20;20;11;0;283;3,862.47;283;283;2;27.29;0;0;0;17;52.35;17;8;4.25;11;33.87;11;0;0;0;8;24.63;8;0;0;0;0;1,831;5,638.64;1,831;1,058;45%;45%;24;8;0;0;0;0;0;1;0;0;0;0;0;8;24.63;8;00:00;00:03;00:00;1,831;0;1,831;0;0;1;3.07;1;0;0;0;1 minute;00:22;0;35%;0;3;9.23;3;100%
Frostnium-1430;2424;0;2;13%;773;212;42;0.1;126,770;17,050.52;23,933;5,552;87;11.7;0;0;0;257;34.56;59;11;2.95;199;26.76;48;0;3;4;141;18.96;36;2;7;0;6;41,857;5,629.8;10,009;1,780;47%;60%;422;11;0;0;27;9;10;8;19;2.55;4;3;1;121;16.27;33;16:06;02:09;03:21;41,857;5.74;10,009;16,154;5,881;17;2.28;6;0;0;0;2 hours;19:40;0;36%;42%;61;8.2;14;74%
Frosty-3647;3980;0;0;15%;353;79;49;0.13;47,845;14,131.83;19,989;5,763;29;8.56;0;0;0;110;32.49;34;12;3.79;80;23.62;26;0;2;3;46;13.58;11;1;3;0;3;12,776;3,773.54;3,436;1,511;54%;66%;148;12;0;0;13;6;3;3;1;0.29;1;3;2;44;12.99;12;03:30;01:02;01:04;12,776;4.78;3,436;5,284;2,210;7;2.06;3;0;0;0;44 minutes;06:29;0;41%;63%;27;7.97;8;77%
Fulena-1606;3613;0;1;10%;227;49;39;0.07;69,130;15,026.42;17,156;5,776;41;8.91;0;0;0;90;19.56;29;9;2.19;92;19.99;23;0;1;0;54;11.73;15;3;5;0;1;11,829;2,571.15;3,394;1,270;50%;100%;182;9;0;0;14;6;3;5;4;0.86;3;3;2;25;5.43;7;03:10;00:41;00:43;11,829;3.87;3,394;4,301;2,193;12;2.6;3;0;0;0;50 minutes;01:48;0;50%;54%;10;2.17;5;24%
Galactic-21329;47;0;0;0;0;0;0;0;221;1,854.26;221;128;2;16.8;0;0;0;2;16.8;2;1;1;3;25.21;3;0;0;0;1;8.4;1;0;0;0;0;524;4,404.25;524;300;42%;42%;7;1;0;0;0;0;0;0;0;0;0;0;0;1;8.4;1;00:11;01:39;00:11;524;0;524;0;0;0;0;0;0;0;0;1 minute;0;0;2%;0;0;0;0;0
GambleRumble-1509;3583;0;1;11%;224;151;23;0.11;34,627;19,586.37;18,754;4,297;30;16.96;0;0;0;53;29.97;35;13;1.76;56;31.67;30;0;3;2;30;16.96;20;1;2;0;1;9,900;5,600.1;6,422;1,041;54%;100%;103;13;0;0;5;3;1;2;0;0;0;0;0;23;13;13;02:27;01:23;01:05;9,900;5.21;6,422;4,935;1,918;4;2.26;4;0;0;0;31 minutes;00:18;0;38%;61%;7;3.95;6;67%
GH4NA-1439;2926;0;1;12%;77;53;19;0.09;14,043;14,959.64;7,843;4,119;11;11.71;0;0;0;28;29.82;20;8;2.54;30;31.95;20;0;2;0;10;10.65;8;1;1;0;0;1,851;1,971.23;1,013;300;52%;66%;57;8;0;0;3;1;2;0;1;1.06;1;4;1;13;13.84;11;02:37;02:47;01:36;1,851;2.23;1,013;1,168;635;1;1.06;1;0;0;0;13 minutes;00:06;0;54%;0;9;9.58;9;28%
GhostDragon-153648;3026;0;3;14%;1,914;191;71;0.14;202,369;12,079.47;14,048;5,754;170;10.14;0;0;0;388;23.15;39;14;2.28;344;20.53;26;0;9;6;176;10.5;24;9;17;0;7;68,877;4,111.29;4,843;1,933;52%;100%;652;14;0;0;60;25;16;19;5;0.29;3;3;3;150;8.95;17;24:40;01:28;02:46;68,877;5.33;4,843;47,148;13,425;48;2.86;9;0;0;0;3 hours;18:25;11;28%;37%;68;4.05;8;44%
Glold-3213;0;0;0;7%;5;5;4;0.03;2,373;13,145.3;2,373;1,529;2;11.08;0;0;0;2;11.08;2;2;1;1;5.54;1;0;0;0;0;0;0;0;0;0;0;1,500;8,310.38;1,500;900;8%;8%;12;2;0;0;1;0;0;0;0;0;0;0;0;1;5.54;1;00:00;00:02;00:00;1,500;9.07;1,500;359;63;0;0;0;0;0;0;2 minutes;0;0;17%;0;0;0;0;0
GluhenRose-1558;2639;0;1;19%;317;104;71;0.14;40,179;16,209.52;15,739;6,092;30;12.1;0;0;0;63;25.41;25;15;2.1;63;25.41;20;0;3;1;31;12.5;10;0;0;0;2;10,734;4,330.54;2,515;1,057;48%;61%;130;15;0;0;0;3;2;0;0;0;0;3;1;22;8.87;9;05:00;02:01;01:58;10,734;4.87;2,515;4,001;1,654;8;3.22;4;0;0;0;1.7917840089648962 seconds;00:33;0;41%;44%;11;4.43;6;64%
GoDLuci-1127;3686;0;5;15%;2,494;288;91;0.12;301,420;11,163.69;22,796;4,882;272;10.07;0;0;0;620;22.96;48;13;2.27;485;17.96;29;0;10;8;345;12.77;32;16;27;0;11;87,984;3,258.67;4,850;1,703;46%;100%;1,046;13;0;0;78;32;17;29;12;0.44;3;3;4;188;6.96;18;28:47;01:03;02:08;87,984;4.56;4,850;38,500;16,068;81;2.99;8;0;0;0;5 hours;29:51;11;41%;63%;112;4.14;11;41%
Gods-1217;4059;0;8;13%;2,204;184;60;0.13;339,983;17,106.63;17,400;9,689;210;10.56;0;0;0;678;34.11;41;18;3.22;488;24.55;29;0;10;2;421;21.18;26;10;20;1;9;82,797;4,166.01;5,841;1,604;49%;100%;983;18;0;0;73;26;28;19;15;0.75;2;3;7;203;10.21;19;24:10;01:12;01:51;82,797;4.97;5,841;32,634;16,440;95;4.78;9;0;0;1;4 hours;53:44;4;50%;73%;115;5.78;12;42%
Graceful-2412;87;0;9;17%;2,409;125;69;0;266,308;11,807.15;17,754;7,245;217;9.62;0;0;0;707;31.34;37;29;3.25;515;22.83;23;0;1;4;402;17.82;22;0;23;0;14;106,388;4,716.86;4,823;3,759;51%;100%;1,005;29;0.47;0;77;28;19;30;52;2.3;6;5;5;230;10.19;17;21:33;00:57;01:40;106,388;0;4,823;0;0;115;5.09;11;0;0;0;4 hours;01:26:02;0;37%;0;145;6.42;15;60%
Grifster-21910;57;0;0;22%;434;148;51;0;37,073;10,813.93;9,292;2,282;56;16.33;0;0;0;99;28.87;22;7;1.76;66;19.25;17;0;0;0;53;15.45;14;0;3;0;2;16,807;4,902.55;3,583;1,139;33%;45%;198;7;0;0;14;5;4;5;1;0.29;1;0;0;32;9.33;10;03:58;01:09;01:41;16,807;0;3,583;0;0;13;3.79;3;0;0;0;55 minutes;04:16;0;42%;0;19;5.54;4;45%
Hallowed-11808;2942;0;1;17%;754;125;37;0.11;108,449;12,969.66;17,537;4,777;73;8.73;0;0;0;233;27.86;38;10;3.19;177;21.16;24;0;10;2;127;15.18;14;3;8;0;6;30,127;3,602.9;3,967;1,534;41%;100%;427;10;0;0;23;11;3;9;9;1.07;2;3;4;84;10.04;16;06:52;00:49;01:33;30,127;4.56;3,967;10,058;4,220;38;4.54;6;0;0;0;1 hour;08:34;0;41%;61%;43;5.14;10;67%
Hamnett-3532;0;0;1;16%;1,402;180;79;0.15;158,418;12,575.31;17,833;6,319;121;9.6;0;0;0;308;24.44;44;15;2.54;275;21.82;33;0;1;1;187;14.84;24;6;13;0;7;35,362;2,807.05;4,381;1,445;55%;80%;498;15;0;0;42;18;8;16;11;0.87;3;4;3;112;8.89;21;16:11;01:17;02:03;35,362;3.9;4,381;15,547;8,321;51;4.04;8;0;0;0;2 hours;21:24;2;53%;59%;60;4.76;10;52%
HappyPants-1658;3503;0;0;13%;174;47;29;0.15;22,179;12,698.88;9,472;4,904;18;10.3;0;0;0;30;17.17;13;8;1.66;28;16.03;9;0;0;0;21;12.02;6;1;2;0;0;3,573;2,045.84;1,087;747;45%;64%;61;8;0;0;7;2;4;1;1;0.57;1;0;0;18;10.3;11;03:10;01:48;01:25;3,573;3.21;1,087;3,159;1,337;4;2.29;2;0;0;0;18 minutes;01:59;0;42%;43%;1;0.57;1;24%
HarryHook-2309;4272;0;0;17%;249;120;52;0.17;44,939;27,077.17;18,899;6,537;15;9.03;0;0;0;61;36.75;29;13;4.06;52;31.33;22;0;2;2;35;21.08;18;0;2;0;1;6,729;4,054.42;2,012;1,172;50%;57%;104;13;0;0;5;2;1;2;3;1.8;3;0;0;13;7.83;6;00:51;00:31;00:30;6,729;4.64;2,012;2,598;1,432;1;0.6;1;0;0;0;24 minutes;04:46;0;55%;61%;10;6.02;8;57%
HAVATITE-1990;2718;0;1;10%;262;66;38;0.08;56,883;10,339.15;14,228;6,098;37;6.72;0;0;0;78;14.17;11;10;2.1;67;12.17;13;0;2;0;41;7.45;7;4;6;0;2;9,213;1,674.62;1,387;864;36%;60%;183;10;0;0;10;6;1;3;5;0.9;3;4;1;24;4.36;6;05:39;01:01;01:57;9,213;2.85;1,387;6,542;2,562;6;1.09;2;0;0;0;53 minutes;00:40;0;39%;45%;16;2.9;5;35%
HeyKatie-1413;3644;0;3;11%;1,764;136;63;0.11;300,519;16,241.14;22,991;7,193;193;10.43;0;0;0;494;26.69;34;15;2.55;348;18.8;23;0;6;0;291;15.72;18;6;19;0;12;68,401;3,696.62;5,979;1,884;50%;100%;693;15;0;0;52;26;11;15;17;0.91;2;3;4;121;6.53;10;15:23;00:49;01:05;68,401;4.62;5,979;31,110;14,745;71;3.83;6;0;0;0;4 hours;29:19;0;47%;75%;79;4.26;8;66%
Hinnjai-4609;0;0;0;26%;30;30;20;0.12;2,751;11,976.79;2,751;1,655;3;13.05;0;0;0;7;30.47;7;5;2.33;7;30.47;7;0;0;0;4;17.41;4;0;0;0;0;1,616;7,033.88;1,616;1,206;53%;53%;13;5;0;0;1;0;0;0;1;4.35;1;0;0;1;4.35;1;00:07;00:30;00:07;1,616;6.91;1,616;300;114;2;8.7;2;0;0;0;3 minutes;0;0;38%;0;1;4.35;1;100%
HolynoshuryX-6110;2263;0;0;5%;31;14;13;0.05;10,052;13,225.78;4,665;3,513;8;10.52;0;0;0;9;11.84;6;5;1.12;12;15.78;6;0;0;0;2;2.63;2;1;1;0;0;2,876;3,783.71;1,633;808;42%;66%;28;5;0;0;2;1;0;1;0;0;0;0;0;3;3.94;3;00:48;01:03;00:35;2,876;5.3;1,633;2,115;560;0;0;0;0;0;0;9 minutes;0;1;26%;0;0;0;0;0
Hoon-31856;4366;0;0;13%;210;98;71;0.09;31,402;13,811.39;8,646;6,253;18;7.91;0;0;0;55;24.19;14;10;3.05;82;36.06;45;0;3;0;28;12.31;7;0;2;1;0;7,490;3,294.04;3,242;2,869;61%;75%;134;10;0;0;7;2;1;4;5;2.19;3;0;0;14;6.15;5;04:07;01:48;01:44;7,490;3.54;3,242;3,686;1,548;6;2.63;4;0;0;0;35 minutes;01:17;3;41%;42%;6;2.63;3;15%
hoshimichan-1316;72;0;10;14%;2,286;186;72;0.12;332,427;15,633.23;23,762;8,794;255;11.99;0;0;0;688;32.35;39;16;2.69;526;24.73;28;951,700;6;4;404;18.99;25;11;21;0;11;116,020;5,456.15;7,047;2,579;52%;100%;1,001;16;0.22;210,013;90;24;36;30;15;0.7;3;4;4;282;13.26;17;37:06;01:44;03:12;116,020;6.14;7,047;39,425;15,311;68;3.19;6;0;0;0;5 hours;01:36:21;7;38%;60%;143;6.72;10;50%
Hossy-11899;2833;0;3;14%;2,012;112;89;0.09;319,641;12,604.12;24,611;7,657;261;10.29;0;0;0;619;24.4;42;12;2.37;515;20.3;28;0;10;3;311;12.26;23;13;25;3;9;109,085;4,301.45;5,821;1,952;43%;100%;1,187;12;0;0;88;49;15;23;17;0.67;3;3;6;256;10.09;18;30:10;01:11;01:58;109,085;5.08;5,821;38,453;14,129;53;2.08;5;0;0;0;5 hours;24:21;2;36%;84%;88;3.47;8;35%
HotShotGG-3480;3682;0;0;17%;564;104;81;0.17;2,534;10,162.57;2,109;2,109;3;12.03;0;0;0;92;21.46;17;11;2.48;86;20.06;14;0;2;0;55;12.83;11;0;0;0;1;10,787;2,516.52;2,307;1,606;42%;80%;201;11;0;0;1;1;0;4;2;0.46;1;3;1;25;5.83;6;00:00;00:03;00:00;10,787;3.43;2,307;105;41;8;1.86;4;0;0;0;3 minutes;05:37;0;39%;44%;16;3.73;5;20%
HumanRabbit-1734;1206;0;9;2%;1;1;1;0;1,959;16,399.37;1,959;1,819;2;16.74;0;0;0;293;28.16;35;18;4.3;274;26.33;40;0;2;1;192;18.45;23;0;0;2;3;39,028;3,750.97;6,152;3,328;61%;100%;442;18;0;0;0;0;0;11;15;1.44;5;3;1;89;8.55;19;10:20;00:59;01:51;39,028;5.91;6,152;81;39;61;5.86;10;0;0;1;2 minutes;41:13;17;48%;62%;47;4.51;7;28%
Hung-3864;0;0;3;13%;522;135;94;0.14;59,264;11,308.13;16,522;5,168;41;7.82;0;0;0;160;30.52;47;23;3.9;138;26.33;34;0;1;0;88;16.79;23;1;5;0;4;19,209;3,665.32;4,448;2,495;64%;71%;213;23;0;0;21;6;8;7;11;2.09;5;3;1;56;10.68;25;05:16;01:00;01:47;19,209;5.37;4,448;11,101;3,804;18;3.43;6;0;0;0;59 minutes;10:56;7;34%;44%;31;5.91;11;82%
Hunterhyde-1159;2701;0;3;13%;349;65;31;0.08;73,648;14,722.1;13,702;5,156;56;11.19;0;0;0;125;24.98;39;13;2.23;113;22.58;30;0;3;0;58;11.59;22;2;5;0;3;15,309;3,060.26;4,139;1,192;46%;64%;243;13;0;0;15;7;5;4;6;1.19;2;3;1;41;8.19;18;05:02;01:00;01:51;15,309;3.78;4,139;6,479;2,577;14;2.79;7;0;0;0;1 hour;03:50;0;39%;61%;22;4.39;10;50%
Hymalaya-1507;1698;0;1;12%;513;130;38;0.13;61,451;9,538.8;12,072;4,150;53;8.22;0;0;0;115;17.85;24;10;2.16;98;15.21;24;0;1;2;64;9.93;16;3;6;0;3;21,798;3,383.61;5,535;2,682;45%;100%;215;10;0;0;20;4;5;10;4;0.62;1;0;0;47;7.29;13;08:45;01:21;02:31;21,798;5.7;5,535;11,935;4,060;13;2.01;6;0;0;0;1 hour;14:23;0;34%;84%;25;3.88;8;52%
hymzi-2549;70;0;2;13%;279;109;65;0;46,603;12,385.4;13,110;8,229;22;5.84;0;0;0;123;32.68;37;12;5.59;73;19.4;21;0;0;0;80;21.26;20;0;4;0;3;14,323;3,806.51;5,320;1,500;52%;66%;140;12;0;0;17;5;5;7;3;0.79;2;0;0;37;9.83;15;05:07;01:21;02:52;14,323;0;5,320;0;0;13;3.45;6;0;0;0;42 minutes;15:12;0;40%;0;17;4.51;5;91%
Hyper-1157;3921;0;12;14%;3,505;188;69;0.15;517,683;18,548.96;27,397;10,559;236;8.45;0;0;0;839;30.06;40;16;3.55;718;25.72;34;0;8;6;499;17.87;27;12;28;3;12;75,743;2,713.91;5,021;1,929;52%;100%;1,359;16;0;0;98;41;30;27;39;1.39;4;4;11;295;10.57;15;37:39;01:20;03:08;75,743;3.28;5,021;51,847;24,006;108;3.86;8;0;0;0;6 hours;01:07:13;6;46%;96%;139;4.98;8;44%
IANBOT-11988;2823;0;0;10%;82;35;35;0.12;12,062;12,296.04;4,406;3,967;9;9.17;0;0;0;21;21.4;11;7;2.33;21;21.4;10;0;0;0;7;7.13;4;0;1;0;1;3,208;3,270.74;1,708;616;58%;69%;36;7;0;0;4;2;1;1;0;0;0;0;0;8;8.15;5;02:15;02:18;01:04;3,208;4.72;1,708;2,182;766;2;2.03;2;0;0;0;11 minutes;04:09;2;35%;0;3;3.05;2;100%
iddqd-2884;84;0;3;18%;690;131;52;0;91,959;15,038.15;19,410;10,894;46;7.52;0;0;0;203;33.19;32;21;4.41;142;23.22;22;0;0;2;118;19.29;21;0;6;0;6;30,617;5,006.75;4,796;2,350;51%;100%;276;0;0;0;19;9;4;6;6;0;1;3;1;65;10.62;13;02:50;00:27;00:26;30,617;0;4,796;0;0;25;4.08;4;0;0;0;1 hour;29:23;0;50%;0;39;6.37;6;96%
IDK-11494;3227;0;1;10%;549;123;45;0.1;100,620;16,751.35;22,857;7,604;61;10.15;0;0;0;156;25.97;34;17;2.55;128;21.3;24;0;0;0;80;13.31;18;3;6;1;2;23,188;3,860.36;5,599;1,858;46%;73%;276;17;0;0;25;12;6;7;4;0.66;1;0;0;69;11.48;12;10:17;01:42;02:13;23,188;4.6;5,599;11,547;5,239;14;2.33;5;0;0;0;1 hour;03:40;0;45%;56%;27;4.49;7;36%
IekkAI-3307;3227;0;0;16%;38;30;17;0.08;7,492;12,641.79;5,023;3,318;4;6.74;0;0;0;12;20.24;12;8;3;15;25.31;12;0;0;0;7;11.81;7;1;1;0;0;2,954;4,984.19;2,185;1,102;48%;50%;31;8;0;0;2;1;1;0;2;3.37;2;0;0;8;13.49;8;00:50;01:25;00:49;2,954;6.72;2,185;701;225;2;3.37;2;0;0;0;7 minutes;0;0;32%;0;1;1.68;1;0
IMWarMachine-6379;2264;0;0;10%;72;54;32;0.09;16,462;17,080.31;11,738;5,356;12;12.45;0;0;0;18;18.67;15;6;1.5;19;19.71;11;0;0;0;10;10.37;7;0;1;0;0;4,787;4,966.84;1,851;900;42%;44%;45;6;0;0;4;2;2;0;0;0;0;0;0;7;7.26;6;00:20;00:21;00:18;4,787;6.62;1,851;1,464;711;4;4.15;3;0;0;0;12 minutes;00:20;0;48%;0;1;1.03;1;50%
Incognito-1602;72;0;7;17%;1,170;159;96;0;136,076;10,638.87;14,898;7,439;50;3.9;0;0;0;396;30.96;51;18;7.92;230;17.98;30;0;2;1;212;16.57;34;0;13;0;12;45,350;3,545.63;6,255;1,803;49%;64%;467;18;0;0;50;29;11;10;6;0.46;2;4;10;127;9.92;13;11:25;00:53;01:35;45,350;0;6,255;0;0;33;2.58;6;0;0;0;2 hours;33:09;0;32%;0;88;6.88;13;94%
inonn-1298;61;0;0;22%;8;8;5;0;3,290;9,611.73;3,290;3,094;3;8.76;0;0;0;1;2.92;1;1;0.33;4;11.68;4;0;0;0;0;0;0;0;0;0;0;1,048;3,062.83;1,048;883;36%;36%;11;0;0;0;1;1;0;0;1;0;1;0;0;0;0;0;00:02;00:06;00:02;1,048;0;1,048;0;0;0;0;0;0;0;0;3 minutes;0;0;13%;0;0;0;0;100%
INTERNETHULK-2984;3898;0;0;13%;7;7;7;0.08;1,330;9,715.23;1,330;1,237;2;14.6;0;0;0;1;7.3;1;1;0.5;3;21.91;3;0;0;0;0;0;0;0;0;0;0;300;2,191.4;300;300;60%;60%;5;1;0;0;0;0;0;0;0;0;0;0;0;0;0;0;00:01;00:12;00:01;300;3.6;300;140;52;0;0;0;0;0;0;1 minute;0;0;37%;0;0;0;0;100%
Invision-2363;3901;0;7;10%;1,405;141;49;0.11;304,919;18,011.65;23,623;8,913;121;7.14;0;0;0;517;30.53;39;18;4.27;316;18.66;22;0;1;0;251;14.82;21;2;17;1;14;26,029;1,537.51;2,965;962;45%;100%;690;18;0;0;66;29;24;13;9;0.53;2;4;7;171;10.1;23;18:40;01:06;02:24;26,029;2.08;2,965;31,203;13,820;31;1.83;5;0;0;0;3 hours;20:10;0;44%;55%;98;5.78;8;80%
ironblue-11749;2520;0;1;10%;1,125;124;53;0.13;173,195;15,838.27;17,646;9,866;97;8.87;0;0;0;270;24.69;31;17;2.78;243;22.22;25;0;5;6;143;13.07;18;4;11;0;6;31,732;2,901.83;3,146;1,363;45%;60%;529;17;0;0;40;21;8;11;5;0.45;2;3;2;99;9.05;16;18:20;01:40;02:27;31,732;3.73;3,146;24,003;10,325;24;2.19;5;0;0;0;2 hours;13:14;2;43%;50%;35;3.2;5;56%
JackaL-3407;2555;0;2;12%;517;126;47;0.12;86,013;18,622.11;29,200;8,045;54;11.69;0;0;0;108;23.38;37;16;2;124;26.84;33;0;1;1;56;12.12;21;2;5;1;2;22,133;4,791.9;7,501;2,029;53%;70%;233;16;0;0;15;11;2;2;6;1.29;2;0;0;37;8.01;13;06:52;01:29;02:27;22,133;5.29;7,501;9,431;4,187;12;2.59;4;0;0;0;1 hour;05:39;0;44%;55%;16;3.46;6;49%
janus-31780;4448;0;1;14%;71;38;23;0.12;7,616;8,325.49;4,126;1,985;7;7.65;0;0;0;10;10.93;6;3;1.42;27;29.51;16;0;0;0;5;5.46;4;0;0;1;0;3,458;3,780.09;2,943;2,943;72%;83%;37;3;0;0;0;0;2;0;1;1.09;1;0;0;3;3.27;3;00:15;00:17;00:12;3,458;5.85;2,943;807;497;0;0;0;0;0;0;6.297908998094499 seconds;01:00;0;61%;66%;1;1.09;1;100%
JIhooN-31212;2641;0;2;14%;271;88;29;0.08;31,813;6,146.23;11,014;3,215;45;8.69;0;0;0;51;9.85;13;7;1.13;69;13.33;21;0;2;0;31;5.98;11;3;5;0;1;11,336;2,190.2;3,200;1,473;43%;60%;158;7;0;0;18;9;4;4;1;0.19;1;0;0;15;2.89;4;04:37;00:53;01:41;11,336;3.66;3,200;5,240;1,871;6;1.15;2;0;0;0;51 minutes;01:01;0;35%;86%;6;1.15;2;27%
jjlol-11226;52;0;3;10%;459;81;30;0;105,544;11,578.1;15,892;4,545;77;8.44;0;0;0;221;24.24;37;16;2.87;157;17.22;22;0;2;0;115;12.61;22;0;9;0;4;52,702;5,781.36;8,570;3,219;41%;100%;378;16;0;0;33;11;8;15;9;0.98;2;0;0;114;12.5;32;16:24;01:47;03:09;52,702;0;8,570;0;0;16;1.75;5;0;0;0;1 hour;23:21;0;29%;0;57;6.25;13;39%
JonnyBI-2703;3137;0;1;9%;588;89;42;0.09;106,798;11,211.5;14,781;8,421;75;7.87;0;0;0;169;17.74;21;18;2.25;133;13.96;15;0;4;0;78;8.18;10;6;10;1;2;37,181;3,903.2;4,945;2,903;45%;75%;293;18;0;0;27;16;3;7;1;0.1;1;0;0;65;6.82;9;10:20;01:05;01:50;37,181;6.3;4,945;13,779;6,037;14;1.46;3;0;0;0;1 hour;03:42;10;43%;53%;20;2.09;4;24%
KAISER-31361;4393;0;0;18%;42;42;22;0.16;3,067;5,688.08;3,067;1,464;1;4.54;0;0;0;7;12.98;7;4;1.75;7;12.98;7;0;0;0;2;3.7;2;0;0;0;0;1,784;3,308.81;1,784;1,058;50%;50%;14;4;0;0;0;0;1;1;0;0;0;0;0;4;7.41;4;00:04;00:21;00:04;1,784;6.97;1,784;468;231;2;3.7;2;0;0;0;1 minute;0;0;49%;49%;0;0;0;0
KAKI-11832;0;0;0;16%;146;128;31;0.11;25,022;19,030.42;17,233;4,246;15;11.4;0;0;0;44;33.46;35;11;2.93;22;16.73;17;0;0;0;19;14.45;15;0;1;0;1;2,913;2,215.62;2,723;1,006;33%;34%;66;11;0;0;5;2;0;4;0;0;0;0;0;19;14.45;14;01:51;01:24;01:01;2,913;2.2;2,723;2,140;897;2;1.52;2;0;0;0;21 minutes;00:07;0;41%;39%;9;6.84;9;76%
Karma-12365;52;0;0;2%;4;4;2;0;2,729;9,576.33;2,729;1,355;4;14.03;0;0;0;4;14.03;4;2;1;2;7.01;2;0;1;0;3;10.52;3;0;0;0;0;1,706;5,989.32;1,706;1,032;15%;15%;13;2;0;0;0;0;0;0;0;0;0;0;0;1;3.5;1;00:52;03:04;00:52;1,706;0;1,706;0;0;0;0;0;0;0;0;4 minutes;0;0;28%;0;0;0;0;0
Kay3-2155;69;0;0;0;0;0;0;0;122;1,237.23;122;122;2;20.31;0;0;0;3;30.46;3;2;1.5;1;10.15;1;0;1;0;1;10.15;1;0;0;0;0;0;0;0;0;25%;25%;4;0;0;0;0;0;0;0;0;0;0;0;0;2;20.31;2;00:02;00:26;00:02;0;0;0;0;0;1;10.15;1;0;0;0;1 minute;0;0;0;0;0;0;0;100%
Kefka-11531;4123;0;5;16%;1,556;139;66;0.17;179,474;13,624.08;21,484;7,521;79;5.99;0;0;0;401;30.44;47;17;5.07;291;22.09;33;0;2;2;234;17.76;24;2;13;0;11;35,803;2,717.88;3,455;1,900;45%;100%;638;17;0;0;49;20;12;18;4;0.3;1;4;2;103;7.81;13;12:14;00:55;02:03;35,803;3.93;3,455;19,608;9,665;49;3.71;7;0;0;0;2 hours;16:58;5;49%;82%;58;4.4;8;84%
Keishi-11995;3431;0;2;8%;160;61;26;0.07;49,407;20,557;12,703;4,472;36;14.97;0;0;0;76;31.62;21;9;2.11;51;21.21;14;0;0;0;46;19.13;14;2;2;0;1;10,875;4,525.01;4,162;1,766;42%;71%;120;9;0;0;8;3;3;2;4;1.66;1;0;0;12;4.99;5;01:23;00:34;00:28;10,875;5.02;4,162;4,635;1,827;12;4.99;5;0;0;0;36 minutes;08:32;0;39%;36%;12;4.99;4;28%
keRLos-1604;3974;0;2;14%;1,136;104;56;0.13;145,768;14,437.03;18,293;5,627;89;8.81;0;0;0;348;34.46;43;18;3.91;224;22.18;21;0;5;3;194;19.21;24;4;10;0;6;45,014;4,458.21;5,096;2,681;51%;73%;432;18;0;0;34;18;9;8;11;1.08;2;4;3;93;9.21;12;05:47;00:34;01:05;45,014;5.42;5,096;18,060;7,985;44;4.35;6;0;0;0;2 hours;18:18;1;44%;55%;47;4.65;10;59%
Kira-1303;64;0;1;14%;246;59;29;0;37,230;12,867.2;13,164;4,994;22;7.6;0;0;0;63;21.77;15;9;2.86;54;18.66;15;0;0;1;42;14.51;11;0;3;0;2;8,857;3,061.3;2,700;1,862;54%;62%;100;9;0;0;12;4;5;3;0;0;0;0;0;27;9.33;8;03:32;01:13;02:20;8,857;0;2,700;0;0;14;4.83;4;0;0;0;32 minutes;06:19;0;38%;0;11;3.8;5;79%
KJerry-1610;4141;0;4;15%;655;58;48;0.17;89,791;14,222.05;7,860;6,875;28;4.43;0;0;0;215;34.05;17;17;7.67;138;21.85;12;0;1;0;127;20.11;11;0;6;0;6;18,702;2,962.21;2,297;1,830;53%;100%;256;17;0;0;25;9;8;9;7;1.1;2;4;2;44;6.96;7;04:13;00:40;01:02;18,702;4.89;2,297;8,835;4,361;32;5.06;6;0;0;0;1 hour;11:21;0;49%;58%;43;6.81;6;96%
KnOxXx-21951;3848;0;3;10%;360;140;51;0.1;81,802;17,873.9;17,885;6,083;44;9.61;0;0;0;126;27.53;39;13;2.86;102;22.28;33;0;3;1;69;15.07;22;2;5;0;2;15,047;3,287.88;4,564;1,252;50%;100%;201;13;0;0;18;6;6;6;1;0.21;1;3;1;58;12.67;17;07:21;01:36;02:53;15,047;4.34;4,564;7,359;3,539;13;2.84;8;0;0;0;57 minutes;07:15;0;48%;68%;19;4.15;5;50%
KOKFC-1575;3897;0;0;10%;118;54;27;0.09;21,082;14,096.99;13,433;6,031;1;21.19;0;0;0;40;26.74;18;8;4;25;16.71;15;0;0;0;23;15.37;11;0;0;1;1;5,993;4,007.1;2,759;1,135;45%;100%;55;8;0;0;0;0;0;1;0;0;0;3;1;9;6.01;6;01:20;00:53;00:43;5,993;4.95;2,759;2;1,178;5;3.34;2;0;0;0;30.54029299505055 seconds;00:20;0;48%;0;2;1.33;2;53%
Kotani-2471;2612;0;1;12%;696;161;49;0.08;118,116;12,822.85;15,974;7,310;94;10.2;0;0;0;255;27.68;51;18;2.71;232;25.18;36;0;3;0;139;15.09;25;3;9;0;6;38,780;4,210.05;4,384;2,278;47%;80%;488;18;0;0;31;19;4;8;13;1.41;3;4;6;105;11.39;23;11:57;01:17;02:10;38,780;4.96;4,384;14,653;5,694;23;2.49;3;0;0;0;2 hours;19:59;0;38%;64%;57;6.18;10;64%
Kryw-2449;4208;0;0;26%;52;46;23;0.26;3,937;15,936.26;2,667;1,485;4;16.19;0;0;0;2;8.09;1;1;0.5;6;24.28;4;0;0;0;1;4.04;1;0;0;0;0;997;4,033.78;900;900;66%;80%;9;1;0;0;1;0;0;0;0;0;0;0;0;1;4.04;1;00:29;01:58;00:29;997;5.02;900;318;198;1;4.04;1;0;0;0;3 minutes;0;0;62%;0;0;0;0;53%
KwamFun-1860;2633;0;1;12%;471;92;39;0.1;70,059;12,147.48;10,789;5,768;66;11.44;0;0;0;126;21.84;19;14;1.9;106;18.37;13;0;5;1;66;11.44;11;3;6;1;3;21,486;3,725.44;3,189;1,414;46%;100%;227;14;0;0;18;10;3;6;3;0.52;1;3;2;45;7.8;12;04:51;00:50;01:53;21,486;4.77;3,189;13,357;3,760;9;1.56;2;0;0;0;1 hour;03:00;3;28%;25%;23;3.98;6;45%
KYLE-3141;0;0;0;8%;167;65;20;0.05;44,259;12,800.15;18,657;4,282;40;11.56;0;0;0;61;17.64;21;7;1.52;42;12.14;19;0;2;0;24;6.94;7;2;3;0;2;19,785;5,721.98;6,797;1,520;30%;36%;136;7;0;0;9;4;0;5;1;0.28;1;0;0;18;5.2;9;03:38;01:03;01:59;19,785;6.77;6,797;5,334;1,876;5;1.44;2;0;0;0;48 minutes;03:10;0;35%;40%;14;4.04;4;51%
Lara-31986;0;0;0;21%;16;16;16;0.31;2,286;42,541.93;2,286;2,286;1;18.61;0;0;0;0;0;0;0;0;2;37.22;2;0;0;0;0;0;0;0;0;0;0;531;9,879.08;531;531;100%;100%;2;0;0;0;0;0;0;0;0;0;0;0;0;0;0;0;0;0;0;531;10.39;531;91;74;0;0;0;0;0;0;51.033354027196765 seconds;0;0;81%;0;0;0;0;100%
LaraCroft-1233;2424;0;0;12%;1;1;1;0.01;1,922;11,569.03;1,625;1,625;2;12.04;0;0;0;21;24.45;15;11;2.62;19;22.12;13;0;1;0;12;13.97;8;0;0;1;0;3,686;4,293.15;1,777;1,509;42%;100%;45;11;0;0;0;0;0;0;1;1.16;1;0;0;5;5.82;5;00:02;00:15;00:02;3,686;4.97;1,777;58;12;1;1.16;1;0;0;0;2 minutes;02:48;0;20%;0;4;4.65;3;0
Laurie400-1327;31;0;0;16%;218;69;37;0;20,122;6,001.38;4,938;1,926;25;7.45;0;0;0;62;18.49;17;9;2.48;42;12.52;10;0;0;0;31;9.24;8;0;3;0;1;7,273;2,169.3;2,344;1,123;51%;87%;82;9;0;0;4;3;0;1;2;0.59;2;0;0;13;3.87;5;02:22;00:42;00:58;7,273;0;2,344;0;0;10;2.98;3;0;0;0;34 minutes;02:22;0;28%;0;4;1.19;3;33%
LazyTitan-33460;4211;0;6;16%;1,380;195;76;0.15;168,516;13,174.13;34,204;9,880;87;6.8;0;0;0;251;19.62;44;15;2.88;281;21.96;36;0;1;2;136;10.63;26;3;13;5;4;38,021;2,972.37;2,894;1,955;54%;100%;514;15;0;0;44;15;17;12;8;0.62;2;0;0;95;7.42;20;14:16;01:06;02:56;38,021;4.34;2,894;16,614;8,350;19;1.48;4;0;0;0;2 hours;14:30;4;50%;62%;24;1.87;5;30%
LDXLynm-1790;54;0;1;17%;365;153;46;0;33,475;10,687.34;9,651;3,580;25;7.98;0;0;0;80;25.54;30;11;3.2;73;23.3;25;0;0;0;46;14.68;17;0;3;0;2;14,404;4,598.59;4,244;2,878;54%;66%;134;0;0;0;12;5;1;5;1;0;1;0;0;24;7.66;9;01:56;00:37;00:57;14,404;0;4,244;0;0;10;3.19;3;0;0;0;36 minutes;06:39;0;41%;0;12;3.83;6;77%
LeBlanc-3936;3511;0;0;10%;99;60;18;0.06;21,440;13,337.05;8,293;3,804;20;12.44;0;0;0;40;24.88;19;9;2;36;22.39;18;0;0;0;16;9.95;8;2;2;0;0;4,675;2,908.37;2,404;723;40%;47%;88;9;0;0;4;2;0;2;2;1.24;2;0;0;13;8.08;7;02:30;01:33;01:15;4,675;3.12;2,404;1,982;912;3;1.86;2;0;0;0;24 minutes;01:31;0;46%;55%;3;1.86;2;0
Legist-21953;2633;0;4;19%;1,681;216;108;0.13;211,338;13,624.37;21,591;7,560;158;10.18;0;0;0;365;23.53;37;13;2.31;287;18.5;28;0;7;0;216;13.92;26;7;16;1;7;72,037;4,644.05;5,951;2,215;44%;64%;647;13;0;0;56;26;12;18;2;0.12;1;4;6;136;8.76;13;17:41;01:08;01:49;72,037;5.98;5,951;18,291;8,474;40;2.57;5;0;0;0;3 hours;16:13;3;46%;72%;70;4.51;9;44%
Legit-21235;1645;0;0;20%;52;52;34;0.14;3,328;9,504.69;3,328;1,672;3;8.56;0;0;0;12;34.27;12;5;4;10;28.56;10;0;0;0;11;31.41;11;0;0;0;0;1,223;3,493.65;1,223;733;66%;66%;15;5;0;0;0;0;0;0;2;5.71;2;0;0;0;0;0;0;0;0;1,223;3.43;1,223;836;254;8;22.85;8;0;0;0;5 minutes;00:20;0;30%;0;0;0;0;100%
LetterE-1468;2930;0;0;12%;2;2;2;0.01;1,086;8,268.22;1,086;799;2;15.22;0;0;0;2;15.22;2;2;1;3;11.44;3;0;0;0;3;11.44;3;0;0;0;0;987;3,766.36;987;404;30%;30%;10;2;0;0;0;0;0;0;0;0;0;0;0;2;15.22;2;00:07;00:57;00:07;987;5.34;987;68;16;1;3.81;1;0;0;0;2 minutes;0;0;23%;0;0;0;0;100%
Lish-21487;53;0;5;10%;632;116;103;0;131,749;13,291.37;17,047;5,948;86;8.67;0;0;0;271;27.33;43;15;3.15;207;20.88;28;0;3;5;138;13.92;21;0;10;0;7;53,637;5,411.13;8,044;2,400;40%;57%;509;15;0;0;37;9;14;14;5;0.5;1;3;2;120;12.1;24;14:08;01:25;02:43;53,637;0;8,044;0;0;41;4.13;8;0;0;0;2 hours;27:53;0;37%;0;55;5.54;10;69%
LIXU-4794;3497;0;0;9%;24;24;13;0.04;7,204;6,478.12;5,573;4,259;7;6.29;0;0;0;10;8.99;9;8;1.42;12;10.79;10;0;0;0;7;6.29;6;1;1;0;0;2,597;2,335.1;1,921;1,479;38%;52%;31;8;0;0;3;2;1;0;2;1.79;2;0;0;5;4.49;5;00:51;00:46;00:50;2,597;4.39;1,921;1,143;244;3;2.69;2;0;0;0;9 minutes;01:18;0;21%;0;1;0.89;1;0
lkd0877-1498;3016;0;2;20%;745;348;85;0.24;75,427;21,494.69;30,040;8,903;28;7.97;0;0;0;92;26.21;36;15;3.28;118;33.62;43;0;2;1;57;16.24;22;4;4;0;0;14,254;4,061.88;4,518;2,091;59%;65%;200;15;0;0;11;7;3;1;0;0;0;0;0;22;6.26;10;02:44;00:46;01:22;14,254;4.67;4,518;6,712;3,619;7;1.99;4;0;0;0;50 minutes;07:48;0;53%;61%;12;3.41;4;0
LLOVEJX-1785;2651;0;4;16%;960;283;62;0.15;117,843;15,871.77;23,572;6,017;61;8.21;0;0;0;242;32.59;48;14;3.96;207;27.87;38;0;2;0;156;21.01;34;1;7;1;5;34,177;4,603.09;7,374;2,316;53%;77%;390;14;0;0;29;12;11;7;9;1.21;2;3;1;74;9.96;19;09:20;01:15;02:23;34,177;5.67;7,374;13,613;5,785;50;6.73;12;0;0;0;1 hour;25:03;2;42%;48%;38;5.11;11;68%
LMorals-1207;2669;0;1;18%;215;68;48;0.09;44,373;18,058.45;12,272;7,502;17;6.91;0;0;0;76;30.92;18;9;4.47;54;21.97;14;0;0;0;46;18.72;14;1;2;0;1;17,134;6,972.98;4,099;2,100;55%;100%;97;9;0;0;9;3;2;4;2;0.81;1;0;0;28;11.39;7;02:52;01:10;00:58;17,134;7.43;4,099;3,339;1,154;6;2.44;3;0;0;1;38 minutes;06:03;6;34%;35%;17;6.91;5;53%
Logue-1981;2403;0;4;15%;1,399;142;78;0.15;565;10,211.46;565;565;1;18.07;0;0;0;344;30.23;36;12;3.07;268;23.55;26;0;5;4;210;18.45;28;0;0;1;5;39,802;3,498.49;5,602;2,079;47%;100%;563;12;0;0;0;0;18;0;14;1.23;3;3;1;149;13.09;23;00:02;00:37;00:02;39,802;4.45;5,602;20;9;61;5.36;8;0;0;0;51.81474299170077 seconds;23:13;9;45%;70%;62;5.44;11;44%
LOVE-34893;3220;0;0;6%;14;14;9;0.05;8,228;27,272.07;8,228;2,590;5;16.57;0;0;0;6;19.88;6;3;1.2;2;6.62;2;0;0;0;1;3.31;1;0;0;0;0;821;2,719.88;821;300;15%;15%;13;3;0;0;2;1;0;0;0;0;0;0;0;0;0;0;00:01;00:06;00:01;821;3.41;821;467;224;0;0;0;0;0;0;3 minutes;0;0;47%;47%;0;0;0;0
LuLu-11129;58;0;1;13%;327;147;51;0;34,725;13,604.53;10,849;2,836;34;13.32;0;0;0;74;28.99;33;9;2.17;47;18.41;18;0;1;2;45;17.63;23;0;3;0;0;8,692;3,405.47;2,437;1,001;48%;60%;97;9;0;0;10;3;3;4;3;1.17;2;0;0;28;10.96;16;03:49;01:29;01:33;8,692;0;2,437;0;0;11;4.3;6;0;0;0;33 minutes;14:29;0;34%;0;17;6.66;7;0
Lunatic-32955;3035;0;4;16%;815;139;51;0.14;111,435;12,082.9;26,528;9,425;59;6.39;0;0;0;250;27.1;40;17;4.23;187;20.27;30;0;2;0;134;14.52;24;3;9;0;6;29,754;3,226.25;4,586;2,143;51%;100%;364;17;0;0;40;12;13;16;8;0.86;2;4;8;82;8.89;21;10:41;01:09;02:27;29,754;5.26;4,586;10,271;4,854;19;2.06;4;0;0;1;1 hour;30:03;2;47%;67%;52;5.63;8;66%
Luxyne-1720;3380;0;0;11%;56;56;32;0.2;8,385;35,306.75;8,385;7,061;1;4.21;0;0;0;16;67.37;16;15;16;15;63.16;15;0;0;0;9;37.89;9;0;0;0;0;2,434;10,246.87;2,434;1,681;60%;60%;25;15;0;0;1;0;0;0;1;4.21;1;0;0;7;29.47;7;00:59;04:08;00:59;2,434;9.05;2,434;1,122;505;2;8.42;2;0;0;0;4 minutes;01:38;0;45%;0;3;12.63;3;100%
Lyan-21728;2550;0;0;18%;11;11;11;0.08;1,002;7,346.4;1,002;703;2;14.66;0;0;0;1;7.33;1;1;0.5;3;22;3;0;0;0;1;7.33;1;0;0;0;0;742;5,445.1;742;742;100%;100%;3;1;0;0;0;0;0;0;0;0;0;0;0;1;7.33;1;00:06;00:49;00:06;742;5.94;742;281;59;1;7.33;1;0;0;0;2 minutes;0;0;20%;0;1;7.33;1;0
MAJAJA-3599;0;0;0;11%;237;114;28;0.09;42,753;14,170.06;11,917;6,535;36;11.93;0;0;0;66;21.87;18;12;1.83;70;23.2;17;0;2;1;35;11.6;10;2;3;0;0;8,678;2,876.22;2,960;1,370;56%;75%;124;12;0;0;13;4;3;6;2;0.66;1;6;2;26;8.61;7;04:04;01:21;01:54;8,678;3.56;2,960;6,014;2,021;7;2.32;4;0;0;0;40 minutes;02:22;0;33%;43%;18;5.96;10;14%
Mario-13553;50;0;55;14%;8,914;209;67;0;1,130,834;12,531.16;29,370;8,384;968;10.72;0;0;0;2,548;28.23;60;18;2.63;1,872;20.74;38;0;35;15;1,540;17.06;38;0;90;0;50;302,981;3,357.43;6,553;2,619;51%;100%;3,644;18;0;0;310;97;91;123;159;1.76;5;4;11;797;8.83;23;01:31:22;01:00;03:13;302,981;0;6,553;0;0;441;4.88;18;0;0;3;19 hours;04:43:33;0;37%;0;519;5.75;14;55%
MartabakKeju-1697;3125;0;0;13%;86;59;23;0.09;16,040;15,966.72;11,415;4,302;12;11.94;0;0;0;31;30.85;16;7;2.58;20;19.9;10;0;0;0;18;17.91;10;0;1;0;1;5,013;4,989.83;2,652;1,081;39%;50%;51;7;0;0;3;2;0;1;1;0.99;1;0;0;12;11.94;7;01:02;01:02;00:33;5,013;5.3;2,652;1,485;618;2;1.99;2;0;0;0;15 minutes;00:20;0;41%;41%;3;2.98;2;51%
Master-11935;57;0;0;10%;11;11;10;0;1,500;12,335.76;1,500;1,489;1;8.22;0;0;0;4;32.89;4;3;4;4;32.89;4;0;0;0;1;8.22;1;0;0;0;0;633;5,204.78;633;633;57%;57%;7;3;0;0;1;0;0;0;0;0;0;0;0;2;16.44;2;00:03;00:29;00:03;633;0;633;0;0;0;0;0;0;0;0;2 minutes;00:05;0;21%;0;2;16.44;2;0
MeePokBoy-1184;3653;0;1;15%;1,138;160;84;0.14;139,138;14,182.35;13,240;4,707;96;9.78;0;0;0;244;24.87;34;13;2.54;221;22.52;31;0;9;0;127;12.94;22;5;10;1;5;43,998;4,484.71;4,222;1,949;51%;100%;431;13;0;0;31;13;10;8;8;0.81;3;5;3;78;7.95;11;11:06;01:07;01:56;43,998;5.61;4,222;14,611;7,179;42;4.28;8;0;0;0;2 hours;16:30;0;49%;60%;44;4.48;6;47%
Mendokusaii-2955;4206;0;1;12%;621;66;37;0.1;132,338;19,055.86;19,901;5,621;83;11.95;0;0;0;203;29.23;33;9;2.44;166;23.9;28;0;2;0;104;14.97;18;3;7;0;4;17,213;2,478.63;4,754;912;44%;75%;377;9;0;0;22;10;5;6;12;1.72;3;4;2;64;9.21;12;10:24;01:29;02:11;17,213;2.86;4,754;10,325;5,081;25;3.59;4;0;0;0;1 hour;06:25;2;49%;55%;30;4.31;6;63%
Mezamorphis-2358;3658;0;1;9%;27;21;13;0.05;13,617;14,207.2;6,921;5,663;6;6.26;0;0;0;8;8.34;6;6;1.33;6;6.26;3;0;0;0;5;5.21;4;0;1;0;1;1,500;1,565.03;900;900;26%;40%;23;6;0;0;3;0;2;1;0;0;0;0;0;5;5.21;5;01:05;01:08;00:49;1,500;3.25;900;543;283;2;2.08;2;0;0;0;7 minutes;00:05;4;52%;65%;3;3.13;2;82%
MGUY-2440;2854;0;0;19%;35;35;19;0.12;5,086;13,108.45;5,086;1,699;6;15.46;0;0;0;6;15.46;6;3;1;5;12.88;5;0;0;0;4;10.31;4;0;0;0;0;473;1,218.74;473;353;55%;55%;9;3;0;0;0;0;0;0;0;0;0;0;0;1;2.57;1;00:09;00:23;00:09;473;1.67;473;397;178;1;2.57;1;0;0;0;4 minutes;0;0;44%;0;0;0;0;0
MilaTheMute-1868;47;0;1;10%;460;119;33;0;92,493;11,645.15;14,875;6,321;75;9.44;0;0;0;194;24.42;35;14;2.58;93;11.7;23;0;3;3;91;11.45;20;0;8;0;5;31,908;4,017.34;5,548;1,902;50%;70%;183;14;0;0;27;8;5;14;1;0.12;1;3;2;102;12.84;20;13:18;01:40;02:32;31,908;0;5,548;0;0;16;2.01;5;0;0;0;1 hour;11:56;0;25%;0;39;4.91;9;60%
Miro-31858;4511;0;1;38%;47;45;30;0.12;1,149;1,443.86;766;489;3;3.76;0;0;0;7;8.79;5;3;2.33;8;10.05;5;0;0;0;6;7.53;5;0;1;1;0;2,371;2,978.96;2,020;1,234;61%;62%;13;3;0;0;2;1;1;0;0;0;0;0;0;0;0;0;0;0;0;2,371;6.16;2,020;402;121;3;3.76;2;0;0;0;6 minutes;0;0;30%;32%;0;0;0;0
Mix-41491;3599;0;1;12%;291;65;45;0.14;40,662;15,989.36;9,692;8,174;24;9.43;0;0;0;92;36.17;23;18;3.83;75;29.49;14;0;0;1;54;21.23;12;1;3;0;2;6,019;2,366.8;872;872;49%;100%;152;18;0;0;10;4;4;3;3;1.17;3;4;1;28;11.01;9;03:27;01:21;00:57;6,019;2.91;872;5,517;2,302;9;3.53;2;0;0;0;34 minutes;03:37;0;41%;44%;16;6.29;4;70%
mmymy-1524;4026;0;7;14%;4,045;296;86;0.16;602,939;21,267.81;32,643;8,993;290;10.22;0;0;0;823;29.03;44;17;2.83;745;26.27;42;0;6;4;446;15.73;27;9;28;2;17;101,646;3,585.42;7,261;1,999;46%;76%;1,600;17;0;0;101;45;24;32;31;1.09;3;4;6;272;9.59;21;36:41;01:17;03:01;101,646;4.25;7,261;61,746;28,761;75;2.64;9;0;0;0;6 hours;52:06;0;46%;53%;144;5.07;12;58%
MyJohnny-2444;2931;0;0;8%;92;47;13;0.05;18,518;9,282.98;5,084;2,874;27;13.53;0;0;0;36;18.04;11;5;1.33;27;13.53;10;0;0;0;19;9.52;6;2;2;0;0;5,717;2,865.79;2,292;1,200;38%;50%;71;5;0;0;7;4;1;2;1;0.5;1;3;1;16;8.02;5;03:26;01:43;01:26;5,717;3.61;2,292;3,331;1,064;4;2;2;0;0;0;26 minutes;01:41;5;31%;37%;7;3.5;3;17%
MyNeverevr-1103;3533;0;0;12%;33;31;14;0.07;5,343;10,817.2;4,086;2,878;6;12.14;0;0;0;4;8.09;4;3;0.66;8;16.19;6;0;0;0;4;8.09;4;0;0;0;0;1,887;3,819.66;1,014;769;34%;37%;23;3;0;0;1;0;1;0;0;0;0;0;0;1;2.02;1;00:03;00:06;00:02;1,887;4.48;1,014;897;255;1;2.02;1;0;0;0;7 minutes;0;0;28%;42%;0;0;0;0
nan-1607;4000;0;3;16%;361;162;79;0.22;44,007;12,451.82;14,084;8,253;9;2.54;0;0;0;88;24.89;30;14;9.77;61;17.26;23;0;1;0;58;16.41;19;0;4;0;4;8,505;2,406.55;2,340;1,780;58%;100%;105;14;0;0;13;7;5;1;6;1.69;2;0;0;15;4.24;9;01:49;00:30;01:24;8,505;5.21;2,340;3,786;2,166;19;5.37;5;0;0;0;27 minutes;04:53;0;57%;71%;12;3.39;5;100%
nekyG-2308;3842;0;0;15%;445;96;39;0.13;59,277;15,003.87;14,535;4,109;46;11.64;0;0;0;115;29.1;29;10;2.5;74;18.73;18;0;0;0;74;18.73;21;1;4;0;3;18,718;4,737.74;5,761;2,069;44%;60%;167;10;0;0;17;7;4;6;0;0;0;3;1;39;9.87;12;04:40;01:11;01:54;18,718;5.8;5,761;6,075;2,890;17;4.3;6;0;0;0;53 minutes;07:11;0;47%;43%;18;4.55;6;82%
Neptune-31921;3151;0;0;10%;451;74;29;0.09;65,114;10,678.22;10,800;3,531;84;13.77;0;0;0;103;16.89;19;8;1.22;100;16.39;12;0;6;0;42;6.88;8;4;6;0;2;27,129;4,448.91;2,897;1,053;36%;100%;276;8;0;0;18;7;4;7;5;0.81;2;0;0;49;8.03;13;08:57;01:28;01:40;27,129;5.66;2,897;13,620;4,301;8;1.31;2;0;0;0;1 hour;00:20;3;31%;55%;20;3.27;4;27%
NEtodie-3311;3000;0;0;14%;222;95;55;0.14;34,528;15,839.73;14,164;5,277;15;6.88;0;0;0;60;27.52;19;16;4;42;19.26;14;0;1;0;21;9.63;6;0;2;0;2;9,439;4,330.26;3,572;3,239;42%;54%;99;16;0;0;9;4;2;2;0;0;0;0;0;23;10.55;9;04:20;01:59;02:17;9,439;6.04;3,572;3,604;1,522;6;2.75;3;0;0;0;26 minutes;05:24;0;42%;42%;9;4.12;3;74%
Nichiren-21254;41;0;12;15%;1,157;104;56;0;141,650;8,550.89;9,384;6,593;81;4.88;0;0;0;342;20.64;27;20;4.22;334;20.16;28;0;1;0;202;12.19;19;0;17;0;8;44,076;2,660.71;3,354;2,773;50%;100%;663;20;0.21;0;60;18;20;21;12;0.72;2;3;1;94;5.67;12;07:43;00:27;01:12;44,076;0;3,354;0;0;47;2.83;7;0;0;0;2 hours;30:09;0;42%;0;57;3.44;6;49%
NicoNicotine-1354;2620;0;0;9%;52;26;16;0.08;6,240;9,056.44;3,194;1,940;11;15.96;0;0;0;15;21.76;10;5;1.36;22;31.92;13;0;1;0;6;8.7;3;0;1;0;0;5,165;7,495.64;3,460;955;57%;64%;38;5;0;0;3;1;1;1;0;0;0;0;0;9;13.06;5;01:09;01:41;00:35;5,165;8.41;3,460;1,797;545;1;1.45;1;0;0;0;10 minutes;00:47;0;30%;24%;5;7.25;3;36%
NikolaTesla-11280;53;0;13;15%;3,821;137;53;0;504,235;11,042.3;17,945;6,519;479;10.48;0;0;0;929;20.34;37;14;1.93;943;20.65;31;0;17;6;506;11.08;18;0;46;0;21;121,159;2,653.27;5,422;2,358;49%;100%;1,896;14;0;0;142;45;43;54;1;0.02;1;3;5;407;8.91;15;01:02:39;01:22;03:50;121,159;0;5,422;0;0;97;2.12;4;0;0;1;4 hours;01:01:59;0;44%;0;168;3.67;9;45%
Nnoct-1989;0;0;0;13%;42;42;16;0.08;2,528;4,904.06;2,528;795;6;11.63;0;0;0;12;23.27;12;5;2;13;25.21;13;0;0;0;7;13.57;7;1;1;0;1;2,391;4,637.64;2,391;1,242;48%;48%;27;5;0;0;1;1;0;1;0;0;0;0;0;7;13.57;7;00:34;01:07;00:34;2,391;4.83;2,391;1,391;318;3;5.81;3;0;0;0;8 minutes;00:35;1;22%;22%;2;3.87;2;100%
Nostril-1317;3333;0;0;10%;128;27;27;0.06;37,284;13,493.83;7,933;6,607;20;7.23;0;0;0;64;23.16;13;10;3.2;40;14.47;8;0;0;0;30;10.85;9;1;3;0;2;6,463;2,339.08;1,320;1,068;50%;80%;79;10;0;0;9;3;1;5;0;0;0;3;1;21;7.6;5;01:54;00:41;00:21;6,463;3.16;1,320;3,658;1,269;7;2.53;4;0;0;0;34 minutes;02:58;0;34%;53%;8;2.89;3;58%
Nova-1852;65;0;33;15%;5,564;211;166;0;702,201;14,217.27;24,961;10,915;418;8.46;0;0;0;1,631;33.02;52;34;3.9;1,146;23.2;43;0;10;4;977;19.78;37;0;49;0;32;195,171;3,951.57;6,592;2,884;58%;100%;1,958;34;0;0;196;46;81;69;28;0.56;4;5;11;525;10.62;23;01:10:00;01:25;03:12;195,171;0;6,592;0;0;235;4.75;12;0;0;2;10 hours;04:03:09;0;47%;0;295;5.97;12;63%
Nozomi-4919;3527;0;0;11%;44;22;16;0.07;6,342;6,562.26;3,000;1,589;12;12.41;0;0;0;7;7.24;6;3;0.58;13;13.45;7;0;2;0;2;2.06;1;1;1;0;0;1,342;1,388.09;830;300;38%;53%;34;3;0;0;3;1;1;1;0;0;0;0;0;5;5.17;5;01:44;01:48;01:24;1,342;2.38;830;993;381;1;1.03;1;0;0;0;9 minutes;0;0;38%;42%;2;2.06;2;8%
Nypro-1996;4105;0;5;17%;1,741;211;84;0.18;271,407;25,732.77;32,777;10,902;78;7.39;0;0;0;360;34.13;41;16;4.61;274;25.97;37;0;2;0;185;17.54;22;3;11;0;7;26,011;2,466.13;4,052;2,211;46%;75%;593;16;0;0;37;13;16;9;12;1.13;3;4;6;124;11.75;16;11:20;01:04;01:55;26,011;2.8;4,052;18,714;9,727;21;1.99;4;0;0;0;2 hours;23:21;0;51%;64%;66;6.25;9;69%
NzNr-1485;3728;0;0;18%;586;209;42;0.17;56,623;12,092.65;12,915;6,746;40;8.54;0;0;0;132;28.19;38;13;3.3;106;22.63;26;0;4;0;65;13.88;14;2;5;0;3;13,074;2,792.2;3,393;1,489;52%;75%;201;13;0;0;17;6;4;7;5;1.06;2;3;1;43;9.18;17;04:50;01:01;01:30;13,074;3.9;3,393;7,636;3,200;16;3.41;7;0;0;0;55 minutes;06:47;0;41%;49%;16;3.41;6;58%
OhioBuckeyes-11390;2579;0;0;3%;5;5;4;0.02;2,535;11,055.13;2,184;2,049;3;13.08;0;0;0;2;8.72;2;2;0.66;2;8.72;2;0;0;0;1;4.36;1;0;0;0;0;846;3,689.82;846;658;25%;33%;8;2;0;0;1;0;0;1;0;0;0;0;0;0;0;0;00:13;00:58;00:11;846;4.13;846;576;150;0;0;0;0;0;0;3 minutes;0;0;26%;0;0;0;0;21%
oisuq-1610;3263;0;0;10%;164;133;43;0.1;1,953;10,602.84;1,035;918;3;16.28;0;0;0;1;5.42;1;1;0.33;47;30.15;33;0;2;0;21;13.47;11;0;0;0;0;9,153;5,872.14;4,985;1,425;49%;63%;95;1;0;0;1;0;1;0;4;2.56;4;0;0;20;12.83;10;00:00;00:02;00:00;9,153;5.87;4,985;64;31;3;1.92;2;0;0;0;1 minute;01:36;0;48%;49%;10;6.41;5;0
OmegaMan-21744;2671;0;1;17%;84;84;31;0.19;7,678;13,742.38;7,678;2,793;5;8.94;0;0;0;22;39.37;22;9;4.4;19;34;19;0;0;1;14;25.05;14;0;1;0;1;670;1,198.61;670;575;61%;61%;31;9;0;0;3;1;1;1;0;0;0;0;0;13;23.26;13;01:59;03:33;01:59;670;1.52;670;970;482;0;0;0;0;0;0;7 minutes;02:56;0;49%;0;4;7.15;4;100%
ONIGOD-21483;3888;0;0;11%;264;109;30;0.11;36,580;11,756.25;9,619;6,526;34;10.92;0;0;0;63;20.24;22;17;1.85;72;23.13;24;0;3;0;26;8.35;8;2;3;0;1;8,759;2,814.84;3,689;1,595;44%;63%;163;17;0;0;9;4;2;3;1;0.32;1;4;1;21;6.74;9;01:38;00:31;00:54;8,759;3.75;3,689;6,220;2,326;8;2.57;3;0;0;0;38 minutes;03:58;0;37%;43%;9;2.89;7;33%
oPuTo-1727;3814;0;10;14%;1,393;147;53;0.13;196,791;13,190.82;22,165;8,417;92;6.16;0;0;0;491;32.91;50;19;5.33;316;21.18;31;0;5;3;295;19.77;28;1;15;0;13;30,711;2,058.53;3,580;1,798;49%;83%;634;19;0;0;56;24;20;12;27;1.8;4;4;6;135;9.04;17;24:30;01:38;02:26;30,711;3.03;3,580;20,249;9,463;72;4.82;12;0;0;0;2 hours;43:12;1;46%;66%;83;5.56;11;89%
ouopi2180-3319;2569;0;0;11%;234;89;38;0.1;41,093;16,213.94;12,324;3,933;41;16.17;0;0;0;72;28.4;23;10;1.75;58;22.88;20;0;1;1;45;17.75;15;1;3;1;1;10,738;4,236.93;3,045;990;53%;100%;108;10;0;0;8;3;1;4;0;0;0;0;0;17;6.7;5;03:39;01:26;01:27;10,738;4.65;3,045;6,368;2,124;12;4.73;5;0;0;0;38 minutes;06:05;4;33%;39%;10;3.94;3;41%
Ovidious-11975;0;0;22;16%;5,751;225;84;0.16;636,796;13,486.78;25,666;8,457;413;8.74;0;0;0;1,388;29.39;46;23;3.36;1,164;24.65;40;0;15;14;856;18.12;28;18;47;1;28;200,528;4,247.01;9,132;3,235;54%;100%;2,148;23;0;0;195;73;56;66;11;0.23;1;3;8;482;10.2;22;51:16;01:05;03:47;200,528;5.63;9,132;71,372;35,614;191;4.04;7;0;0;0;9 hours;01:59:30;4;49%;96%;192;4.06;10;58%
ozr-1362;0;0;0;12%;124;90;38;0.1;20,906;20,337.76;11,058;4,667;14;13.61;0;0;0;35;34.04;18;6;2.5;35;34.04;20;0;1;0;20;19.45;12;0;1;0;0;4,920;4,786.27;2,763;826;41%;47%;84;6;0;0;4;2;0;1;0;0;0;0;0;9;8.75;6;02:51;02:46;02:17;4,920;4.09;2,763;2,309;962;1;0.97;1;0;0;0;20 minutes;00:00;0;41%;0;4;3.89;4;18%
p0isons-1162;54;0;1;13%;357;127;56;0;46,176;10,096.04;13,382;3,855;46;10.05;0;0;0;143;31.26;48;19;3.1;97;21.2;24;0;3;1;73;15.96;25;0;5;0;4;17,589;3,845.71;4,723;1,692;53%;85%;183;19;0;0;13;4;4;5;5;1.09;2;0;0;62;13.55;21;06:25;01:24;01:40;17,589;0;4,723;0;0;19;4.15;7;0;0;0;58 minutes;12:15;0;36%;0;22;4.81;8;80%
Pamyu-1936;3435;0;0;11%;21;21;12;0.07;4,900;11,826.14;4,900;2,014;3;7.24;0;0;0;11;26.54;11;5;3.66;10;24.13;10;0;1;0;4;9.65;4;0;0;0;0;1,601;3,863.82;1,601;725;62%;62%;16;5;0;0;2;0;1;0;0;0;0;0;0;6;14.48;6;01:12;02:54;01:12;1,601;5.81;1,601;497;188;1;2.41;1;0;0;0;4 minutes;02:31;0;37%;37%;4;9.65;4;1%
PassTheSalt-11477;2699;0;18;11%;14,309;203;73;0.1;1,997,702;10,961.15;31,594;7,438;2,016;11.06;0;0;0;4,019;22.05;46;16;1.99;3,371;18.49;39;0;74;45;2,448;13.43;29;85;182;10;86;664,138;3,644.04;6,383;2,371;49%;100%;6,857;16;0;0;590;258;154;179;143;0.78;7;4;22;1,639;8.99;26;04:04:58;01:20;04:40;664,138;4.72;6,383;260,578;121,170;536;2.94;8;0;0;0;39 hours;03:37:04;25;46%;97%;693;3.8;12;47%
pbae-3753;2227;0;3;18%;2,106;248;74;0.18;164,231;11,105.24;17,741;6,286;149;10.07;0;0;0;296;20.01;36;19;1.98;319;21.57;32;0;4;0;173;11.69;21;7;15;0;8;52,705;3,563.88;5,469;2,366;52%;80%;611;19;0;0;37;13;5;19;10;0.67;3;0;0;120;8.11;23;21:02;01:25;02:34;52,705;4.68;5,469;26,372;11,086;49;3.31;7;0;0;0;3 hours;18:28;1;42%;50%;55;3.71;7;52%
Phoinix-3581;2837;0;0;23%;361;143;39;0.17;39,505;12,839.92;15,990;5,955;24;7.8;0;0;0;72;23.4;26;10;3;40;13;15;0;1;0;45;14.62;17;1;3;0;2;8,854;2,877.79;3,296;1,110;51%;75%;77;10;0;0;12;6;3;3;3;0.97;2;3;1;24;7.8;10;03:04;01:00;00:58;8,854;4.38;3,296;3,353;1,545;12;3.9;6;0;0;0;33 minutes;05:54;0;46%;60%;12;3.9;7;66%
Phython-1699;3306;0;1;17%;436;134;43;0.13;55,921;13,211.16;16,237;4,864;36;8.5;0;0;0;157;37.09;49;15;4.36;101;23.86;27;0;2;0;98;23.15;26;1;4;0;3;18,611;4,396.88;5,821;1,457;46%;66%;216;15;0;0;12;7;1;4;12;2.83;4;0;0;27;6.37;8;03:47;00:53;01:40;18,611;5.55;5,821;5,719;2,512;23;5.43;7;0;0;0;55 minutes;08:21;0;43%;55%;23;5.43;6;72%
pierino-1398;2595;0;1;14%;1,178;148;57;0.12;186,604;16,606.89;21,268;11,009;88;7.83;0;0;0;335;29.81;49;15;3.8;233;20.73;32;0;4;1;192;17.08;26;3;11;0;8;49,135;4,372.78;4,195;2,216;52%;100%;443;15;0;0;39;11;11;18;6;0.53;2;3;2;101;8.98;20;11:18;01:00;01:22;49,135;5.34;4,195;19,624;8,030;51;4.53;7;0;0;0;2 hours;30:19;3;40%;46%;53;4.71;15;67%
pii-11898;2709;0;2;15%;448;105;63;0.14;69,039;16,633.14;14,612;8,711;28;6.74;0;0;0;85;20.47;19;11;3.03;96;23.12;19;0;0;0;41;9.87;9;2;4;0;2;9,482;2,284.49;1,904;1,287;46%;80%;207;11;0;0;17;10;4;3;6;1.44;2;0;0;31;7.46;9;05:31;01:19;01:42;9,482;3.16;1,904;6,586;2,985;8;1.92;2;0;0;0;49 minutes;04:58;0;45%;38%;7;1.68;3;46%
Pine-31232;4374;0;2;13%;201;140;32;0.13;25,213;12,639.11;14,898;3,423;20;10.02;0;0;0;52;26.06;38;9;2.6;45;22.55;27;0;0;0;25;12.53;18;2;2;0;0;4,479;2,245.27;2,160;900;46%;69%;96;9;0;0;6;2;2;2;1;0.5;1;3;1;14;7.01;12;01:03;00:32;00:50;4,479;3.04;2,160;3,276;1,455;6;3;4;0;0;0;24 minutes;00:08;0;44%;51%;2;1;2;14%
Pinky-6151;70;0;1;16%;579;87;41;0;83,538;11,397.38;13,243;3,172;76;10.36;0;0;0;206;28.1;38;14;2.71;111;15.14;18;0;5;0;116;15.82;18;0;7;0;4;31,796;4,338.02;5,074;1,705;47%;85%;232;14;0;0;20;3;5;12;2;0.27;1;6;3;69;9.41;14;05:03;00:41;00:59;31,796;0;5,074;0;0;32;4.36;5;0;0;0;1 hour;15:01;0;33%;0;26;3.54;9;56%
PoppyDogma-1243;3133;0;7;14%;5,166;232;85;0.11;741,327;13,116.54;20,761;10,463;591;10.45;0;0;0;1,236;21.86;37;15;2.09;1,130;19.99;30;0;17;5;608;10.75;20;33;57;2;21;221,739;3,923.3;6,761;2,382;41%;100%;2,746;15;0;0;172;81;33;59;5;0.08;1;5;7;506;8.95;26;01:17:50;01:22;02:34;221,739;4.86;6,761;101,473;36,380;98;1.73;5;0;0;0;12 hours;32:29;18;35%;94%;210;3.71;7;37%
presh-1451;3565;0;0;21%;99;62;25;0.12;14,057;11,254.11;11,854;5,675;7;5.6;0;0;0;44;35.22;39;26;6.28;21;16.81;17;0;0;0;18;14.41;15;0;1;0;1;1,032;826.23;899;651;44%;100%;47;26;0;0;5;2;0;2;0;0;0;3;1;8;6.4;6;00:43;00:34;00:32;1,032;1.32;899;1,491;471;4;3.2;2;0;0;0;12 minutes;02:04;0;31%;53%;5;4;5;100%
PsychoHazard-1722;0;0;0;5%;34;21;18;0.05;19,264;23,767.7;12,002;10,714;7;8.63;0;0;0;25;30.84;19;19;3.57;22;27.14;14;0;0;0;15;18.5;11;1;1;0;0;5,980;7,377.67;2,680;2,080;50%;58%;44;19;0;0;3;0;2;0;1;1.23;1;0;0;9;11.1;8;02:41;03:18;01:51;5,980;9.06;2,680;1,345;669;2;2.46;1;0;0;0;10 minutes;04:37;0;49%;0;2;2.46;2;25%
puchio-1528;3000;0;5;13%;1,030;164;57;0.12;206,736;18,839.04;24,263;7,996;102;9.29;0;0;0;301;27.42;45;12;2.95;190;17.31;24;0;3;1;163;14.85;20;4;11;0;7;38,534;3,511.47;5,641;2,419;55%;77%;343;12;0;0;45;16;17;12;10;0.91;4;0;0;132;12.02;17;18:53;01:43;02:32;38,534;4.5;5,641;15,959;7,628;24;2.18;3;0;0;0;2 hours;12:41;0;47%;65%;45;4.1;9;65%
qnx-2372;70;0;0;21%;105;96;50;0;8,311;14,653.91;7,756;2,554;12;21.15;0;0;0;24;42.31;24;9;2;20;35.26;18;0;0;0;11;19.39;11;0;1;0;0;3,742;6,598.3;2,868;726;50%;66%;40;0;0;0;2;1;0;2;1;0;1;0;0;6;10.57;6;00:27;00:48;00:27;3,742;0;2,868;0;0;1;1.76;1;0;0;0;12 minutes;02:48;0;41%;0;3;5.28;3;10%
qqwess-3609;2968;0;1;13%;416;70;40;0.12;73,951;16,341.39;14,730;9,768;43;9.5;0;0;0;103;22.76;20;16;2.39;91;20.1;16;0;2;1;54;11.93;12;2;5;0;2;16,455;3,636.22;3,232;1,991;50%;100%;182;16;0;0;15;6;7;3;2;0.44;1;0;0;42;9.28;13;06:02;01:20;01:08;16,455;4.92;3,232;8,219;3,083;9;1.98;6;0;0;0;55 minutes;09:10;0;37%;44%;20;4.41;6;36%
Raisu-3380;2608;0;0;9%;85;73;16;0.07;27,556;23,761.33;22,915;5,363;14;12.07;0;0;0;37;31.9;32;7;2.64;32;27.59;26;0;0;0;15;12.93;13;1;1;0;0;4,619;3,982.89;3,705;1,043;43%;46%;74;7;0;0;4;2;0;1;1;0.86;1;0;0;18;15.52;17;03:28;03:00;03:15;4,619;3.87;3,705;2,089;888;1;0.86;1;0;0;0;19 minutes;00:20;0;42%;0;4;3.44;3;0
Randomoink-2799;2704;0;0;14%;862;161;76;0.13;101,946;12,091.3;10,459;5,652;78;9.25;0;0;0;176;20.87;26;18;2.25;174;20.63;20;0;5;0;92;10.91;15;5;8;1;3;30,262;3,589.23;4,452;2,297;54%;76%;322;18;0;0;30;14;7;9;0;0;0;3;1;78;9.25;14;12:50;01:31;01:59;30,262;4.56;4,452;14,895;5,925;12;1.42;2;0;0;0;1 hour;08:22;10;39%;52%;26;3.08;6;37%
RapidCH-4957;2634;0;11;19%;4,157;240;65;0.15;420,280;11,191.55;25,879;6,172;336;8.94;0;0;0;924;24.6;50;16;2.75;739;19.67;35;0;19;4;513;13.66;27;15;38;3;20;127,174;3,386.48;6,567;2,045;51%;100%;1,445;16;0;0;104;37;29;38;46;1.22;4;4;7;243;6.47;12;23:17;00:37;01:14;127,174;4.88;6,567;55,170;21,472;125;3.32;9;0;0;0;7 hours;38:28;7;38%;62%;141;3.75;12;53%
Rascal-31813;4599;0;1;17%;294;128;35;0.14;43,917;17,719.55;23,058;7,302;23;9.28;0;0;0;77;31.06;39;14;3.34;61;24.61;30;0;0;0;45;18.15;25;1;2;1;1;7,294;2,942.85;2,744;975;49%;54%;123;14;0;0;8;5;1;2;4;1.61;3;4;3;18;7.26;10;01:23;00:33;00:46;7,294;3.51;2,744;3,609;1,695;8;3.22;3;0;0;0;34 minutes;07:05;0;46%;49%;20;8.06;11;40%
Reaper-25278;2600;0;1;6%;53;42;41;0.07;13,784;10,397.98;8,367;5,257;9;6.78;0;0;0;32;24.13;17;14;3.55;20;15.08;11;0;0;0;17;12.82;9;1;1;0;1;2,962;2,234.28;1,525;1,437;42%;61%;47;14;0;0;5;1;3;1;0;0;0;0;0;17;12.82;10;01:06;00:50;00:44;2,962;4.03;1,525;1,719;813;2;1.5;1;0;0;0;12 minutes;02:30;0;47%;0;5;3.77;3;52%
Rebecca-12561;0;0;5;11%;1,641;247;64;0.14;161,833;11,680.46;18,121;5,199;148;10.68;0;0;0;350;25.26;39;15;2.36;314;22.66;32;0;2;0;191;13.78;22;8;14;0;6;54,977;3,967.99;5,360;2,091;48%;100%;649;15;0;0;33;8;9;15;13;0.93;5;4;3;145;10.46;23;19:09;01:22;02:32;54,977;4.98;5,360;42,779;14,904;49;3.53;8;0;0;0;3 hours;37:05;11;34%;59%;67;4.83;13;45%
RebornZ-11715;4006;0;0;27%;61;61;26;0.16;5,895;9,076.66;5,895;1,379;5;7.69;0;0;0;16;24.63;16;6;3.2;9;13.85;9;0;0;0;6;9.23;6;0;1;0;1;588;905.67;588;206;50%;50%;18;6;0;0;2;1;0;1;0;0;0;0;0;1;1.53;1;00:06;00:09;00:06;588;1.6;588;523;221;2;3.07;2;0;0;0;6 minutes;0;0;42%;0;3;4.61;3;100%
Reilly-11549;3595;0;2;14%;259;80;50;0.1;54,231;21,106.5;11,623;5,934;27;10.5;0;0;0;90;35.02;20;12;3.33;68;26.46;16;0;1;0;50;19.45;14;2;3;0;1;11,964;4,656.5;2,401;1,654;46%;71%;146;12;0;0;10;3;5;2;4;1.55;2;0;0;34;13.23;9;04:39;01:48;01:18;11,964;5.06;2,401;3,951;1,766;12;4.67;3;0;0;0;39 minutes;05:58;0;44%;0;14;5.44;3;40%
Renyz-11199;3452;0;0;11%;240;73;23;0.12;35,226;15,762.55;11,983;3,849;36;16.1;0;0;0;60;26.84;23;7;1.66;56;25.05;16;0;5;1;38;17;16;2;2;0;0;11,154;4,991.11;3,779;1,264;42%;75%;131;7;0;0;6;2;3;1;2;0.89;1;3;1;18;8.05;8;02:28;01:06;00:45;11,154;5.72;3,779;4,786;2,072;7;3.13;3;0;0;0;32 minutes;03:28;0;43%;47%;11;4.92;5;0
Ridget-11622;3613;0;0;4%;5;5;3;0.05;1,179;8,497.51;1,179;868;2;14.41;0;0;0;1;7.2;1;1;0.5;2;14.41;2;0;0;0;0;0;0;0;0;0;0;300;2,161.79;300;300;50%;50%;4;1;0;0;0;0;0;0;0;0;0;0;0;1;7.2;1;00:01;00:12;00:01;300;3.01;300;284;123;0;0;0;0;0;0;1 minute;0;0;43%;0;0;0;0;0
RobiN-12495;3560;0;0;6%;7;7;7;0.03;2,395;11,607.93;2,395;1,001;3;14.53;0;0;0;2;9.69;2;2;0.66;2;9.69;2;0;0;0;0;0;0;0;0;0;0;740;3,587.23;740;423;33%;33%;6;2;0;0;0;0;0;0;0;0;0;0;0;1;4.84;1;00:03;00:19;00:03;740;4.21;740;1;111;0;0;0;0;0;0;4.334262005053461 seconds;0;0;31%;0;0;0;0;100%
Rollie-4233;3780;0;1;12%;233;210;40;0.18;32,069;25,016.62;29,200;4,515;17;13.26;0;0;0;48;37.44;46;8;2.82;36;28.08;33;0;5;1;32;24.96;31;0;1;0;1;5,848;4,561.94;5,294;828;62%;66%;58;8;0;0;5;1;2;3;1;0.78;1;3;1;12;9.36;10;02:17;01:47;01:34;5,848;4.54;5,294;4,094;1,801;7;5.46;7;0;0;0;21 minutes;02:01;0;43%;0;8;6.24;8;68%
ryujehong-31878;4424;0;0;5%;25;14;10;0.05;7,800;14,932.22;5,362;4,151;6;11.48;0;0;0;17;32.54;9;7;2.83;13;24.88;8;0;0;0;8;15.31;5;0;1;0;0;996;1,906.76;696;460;52%;66%;25;7;0;0;2;1;1;0;0;0;0;0;0;3;5.74;2;00:22;00:42;00:14;996;2.12;696;943;423;1;1.91;1;0;0;0;7 minutes;0;0;44%;0;4;7.65;3;0
S4MOYED-1486;3166;0;0;16%;53;45;37;0.12;10,562;24,817;5,763;3,614;8;18.79;0;0;0;7;16.44;4;2;0.87;6;14.09;6;0;0;0;3;7.04;2;0;0;0;0;3,085;7,247.86;2,123;1,051;26%;66%;23;2;0;0;1;0;0;1;0;0;0;0;0;2;4.69;2;00:14;00:33;00:12;3,085;7.2;2,123;721;326;0;0;0;0;0;0;7 minutes;0;0;45%;0;1;2.34;1;0
sads-1738;2797;0;0;13%;336;81;44;0.12;63,198;17,728.05;11,957;9,344;31;8.69;0;0;0;90;25.24;21;12;2.9;68;19.07;17;0;0;0;46;12.9;10;2;4;0;1;6,322;1,773.51;2,000;725;45%;60%;151;12;0;0;11;7;1;3;1;0.28;1;3;2;25;7.01;8;03:02;00:51;01:36;6,322;2.27;2,000;7,063;2,544;7;1.96;4;0;0;0;46 minutes;00:20;0;36%;41%;5;1.4;2;30%
SaltyPanda-11486;3295;0;5;15%;1,125;308;93;0.15;134,767;13,113.97;21,209;8,159;102;9.92;0;0;0;244;23.74;52;19;2.39;210;20.43;43;0;8;2;154;14.98;43;6;10;0;4;33,397;3,249.78;5,931;1,779;54%;73%;387;19;0;0;32;13;11;8;9;0.87;3;3;3;82;7.97;21;10:07;00:59;03:08;33,397;4.62;5,931;15,640;7,058;34;3.3;14;0;0;1;2 hours;23:49;10;45%;58%;50;4.86;12;40%
SanALex-2258;3625;0;2;10%;1,039;104;27;0.09;174,377;13,938.25;23,661;5,491;175;13.98;0;0;0;315;25.17;44;11;1.8;287;22.94;28;0;7;0;144;11.51;22;6;13;1;5;28,980;2,316.45;2,678;1,207;44%;100%;644;11;0;0;33;16;8;9;12;0.95;3;3;4;110;8.79;16;14:51;01:11;02:02;28,980;2.67;2,678;22,962;10,177;15;1.19;2;0;0;0;3 hours;06:12;0;44%;56%;46;3.67;10;41%
Saorabbie-3401;3960;0;0;17%;157;99;53;0.17;27,271;24,390.25;18,542;8,134;13;11.62;0;0;0;31;27.72;14;6;2.38;26;23.25;15;0;0;0;18;16.09;8;1;1;0;1;2,404;2,149.71;1,730;795;52%;68%;50;6;0;0;5;1;3;1;0;0;0;0;0;12;10.73;4;02:27;02:11;01:43;2,404;2.69;1,730;1,760;903;0;0;0;0;0;0;14 minutes;04:48;0;51%;53%;6;5.36;2;49%
Sardis-21172;80;0;0;2%;2;2;2;0;2,750;19,209.96;2,750;1,844;2;13.97;0;0;0;3;20.96;3;2;1.5;3;20.96;3;0;0;0;0;0;0;0;0;0;0;300;2,096.01;300;300;37%;37%;8;2;0;0;1;0;0;0;0;0;0;0;0;3;20.96;3;00:32;03:50;00:32;300;0;300;0;0;0;0;0;0;0;0;1 minute;0;0;38%;0;1;6.98;1;100%
scottiting-3836;3000;0;0;40%;10;10;10;0.21;476;6,852.4;476;476;1;14.39;0;0;0;0;0;0;0;0;1;14.39;1;0;0;0;0;0;0;0;0;0;0;290;4,174.78;290;290;33%;33%;3;0;0;0;0;0;0;0;0;0;0;0;0;0;0;0;0;0;0;290;6.33;290;56;25;0;0;0;0;0;0;45.74136300198734 seconds;0;0;44%;0;0;0;0;0
Scy-1494;2687;0;2;14%;1,519;130;85;0.17;159,481;16,011.31;13,069;6,771;117;11.74;0;0;0;317;31.82;27;14;2.7;266;26.7;20;0;5;2;176;17.66;13;4;10;1;4;40,303;4,046.3;3,654;2,030;50%;85%;528;14;0;0;32;11;11;10;13;1.3;2;4;5;107;10.74;13;14:28;01:27;01:57;40,303;4.54;3,654;29,282;10,264;46;4.61;6;0;0;0;2 hours;17:27;7;35%;56%;54;5.42;6;44%
Seba-1198;62;0;18;14%;3,073;217;63;0;390,002;13,805.61;21,494;8,372;261;9.23;0;0;0;882;31.22;55;18;3.37;596;21.09;41;0;8;3;524;18.54;35;0;28;0;16;81,760;2,894.22;6,626;1,999;51%;85%;1,157;18;0;0;123;29;40;54;38;1.34;6;3;9;394;13.94;30;44:24;01:34;03:19;81,760;0;6,626;0;0;115;4.07;10;0;0;1;6 hours;01:27:20;0;40%;0;139;4.92;13;56%
SEKIYUTA-1528;3229;0;8;12%;1,098;154;66;0.13;186,387;17,812.14;30,139;5,423;73;6.97;0;0;0;329;31.44;46;15;4.5;278;26.56;41;0;2;1;179;17.1;25;2;10;1;8;24,682;2,358.74;4,213;1,756;55%;100%;500;15;0;0;36;15;10;11;16;1.52;3;6;3;111;10.6;30;12:27;01:11;02:54;24,682;3.14;4,213;17,219;9,040;29;2.77;6;0;0;0;2 hours;19:52;3;52%;61%;58;5.54;13;72%
Setsuna-3446;0;0;1;13%;294;101;55;0.1;41,402;10,809.12;9,844;5,577;26;6.78;0;0;0;92;24.01;30;13;3.53;66;17.23;19;0;0;0;50;13.05;18;2;4;0;2;11,961;3,122.77;3,061;1,508;47%;61%;140;13;0;0;14;6;2;5;4;1.04;2;3;1;24;6.26;9;03:21;00:52;01:15;11,961;4.47;3,061;6,303;2,248;8;2.08;3;0;0;0;44 minutes;00:55;1;35%;40%;14;3.65;4;59%
ShadowDragon-148899;2901;0;0;19%;53;53;30;0.22;5,874;13,152.39;5,874;4,300;1;2.23;0;0;0;17;38.06;17;14;17;10;22.39;10;0;0;0;8;17.91;8;0;0;0;0;642;1,438.15;642;424;50%;50%;20;14;0;0;2;0;1;0;1;2.23;1;0;0;7;15.67;7;00:05;00:13;00:05;642;2.67;642;591;268;6;13.43;6;0;0;0;3 minutes;02:50;0;45%;45%;2;4.47;2;100%
Shady-1406;2679;0;0;23%;123;73;36;0.18;366;7,293.6;366;186;2;39.87;0;0;0;24;23.12;14;9;2;18;17.34;9;0;0;0;14;13.48;8;0;0;0;1;3,030;2,919.28;1,787;720;62%;100%;29;9;0;0;0;0;0;0;0;0;0;0;0;6;5.78;3;01:15;01:12;00:52;3,030;4.43;1,787;12;6;9;8.67;5;0;0;0;37.186022993177176 seconds;03:09;2;50%;0;7;6.74;5;100%
Sharkyos-1524;0;0;1;13%;114;64;23;0.12;15,196;13,865.06;8,183;3,294;13;11.86;0;0;0;36;32.84;21;6;2.76;19;17.33;12;0;0;0;14;12.77;11;0;1;0;1;4,242;3,870.03;3,261;859;42%;50%;45;6;0;0;4;2;0;2;0;0;0;0;0;15;13.68;8;02:03;01:52;01:29;4,242;4.54;3,261;3,113;819;4;3.64;3;0;0;0;15 minutes;00:18;0;26%;0;6;5.47;4;86%
Shinobu-1269;48;0;4;10%;1,055;131;58;0;134,822;8,715.95;16,052;4,296;154;9.95;0;0;0;284;18.35;40;15;1.84;255;16.48;32;0;10;2;134;8.66;17;0;15;0;5;69,520;4,494.29;6,252;2,767;45%;100%;561;15;0;0;45;13;14;18;6;0.38;2;3;1;128;8.27;19;23:35;01:31;02:47;69,520;0;6,252;0;0;26;1.68;5;0;0;0;3 hours;28:50;0;32%;0;44;2.84;4;30%
ShoGuN-1127;3703;0;2;14%;211;104;79;0.13;35,690;16,858.48;14,457;6,709;17;8.03;0;0;0;40;18.89;17;11;2.35;30;14.17;12;0;1;0;27;12.75;13;2;2;0;0;4,809;2,271.63;1,985;890;42%;46%;70;11;0;0;7;3;2;2;5;2.36;3;0;0;11;5.19;9;02:16;01:04;01:53;4,809;3.1;1,985;3,393;1,455;1;0.47;1;0;0;0;25 minutes;04:31;0;42%;36%;7;3.3;5;0
ska-11144;4016;0;1;9%;44;44;11;0.12;12,646;23,847.86;12,646;4,813;5;9.42;0;0;0;15;28.28;15;8;3;11;20.74;11;0;0;0;7;13.2;7;1;1;0;0;1,386;2,613.26;1,386;785;39%;39%;28;8;0;0;2;1;2;0;1;1.88;1;0;0;7;13.2;7;00:25;00:47;00:25;1,386;3.99;1,386;860;452;0;0;0;0;0;0;5 minutes;00:20;0;52%;0;4;7.54;4;0
SKRT-11232;1023;0;6;14%;756;152;103;0.17;105,168;11,978.37;16,163;9,178;24;2.73;0;0;0;282;32.11;44;22;11.75;186;21.18;29;0;0;1;201;22.89;32;2;9;0;7;29,887;3,404.04;5,480;3,186;59%;87%;312;22;0;0;32;4;17;10;13;1.48;3;0;0;63;7.17;17;07:55;00:54;01:59;29,887;6.81;5,480;11,959;5,338;56;6.37;13;0;0;0;1 hour;36:00;11;44%;50%;55;6.26;11;76%
Slinky-1777;0;0;1;21%;73;73;35;0.18;1,069;5,726.02;1,069;457;3;16.07;0;0;0;2;10.71;2;1;0.66;9;14.4;9;0;0;0;1;5.35;1;0;0;0;1;1,270;2,032.38;1,270;600;40%;40%;22;1;0;0;1;0;1;0;0;0;0;0;0;5;8;5;00:29;00:46;00:29;1,270;3.14;1,270;27;16;0;0;0;0;0;0;1 minute;0;0;59%;0;1;1.6;1;100%
Slyness-11185;3955;0;3;12%;370;106;55;0.12;78,339;18,185.46;19,350;9,794;26;6.03;0;0;0;114;26.46;31;20;4.38;87;20.19;24;0;0;0;60;13.92;17;1;4;0;3;13,307;3,088.97;3,441;2,445;53%;63%;162;20;0;0;18;9;5;4;1;0.23;1;0;0;45;10.44;15;05:17;01:13;01:46;13,307;4.5;3,441;6,472;2,941;6;1.39;3;0;0;0;49 minutes;08:22;0;45%;51%;17;3.94;5;72%
smacked-11443;73;0;1;11%;69;45;34;0;10,025;8,947.85;6,194;4,372;6;5.35;0;0;0;41;36.59;24;15;6.83;23;20.52;14;0;0;0;25;22.31;17;0;1;0;1;3,386;3,022.01;1,579;686;51%;57%;45;15;0;0;5;1;3;1;3;2.67;3;0;0;12;10.71;7;00:36;00:32;00:13;3,386;0;1,579;0;0;5;4.46;5;0;0;0;10 minutes;06:27;0;36%;0;8;7.14;4;84%
Smith-2700;82;0;0;0;0;0;0;0;1,025;33,893.29;1,025;1,025;1;33.06;0;0;0;0;0;0;0;0;1;33.06;1;0;0;0;0;0;0;0;0;0;0;300;9,920.59;300;300;100%;100%;1;0;0;0;0;0;0;0;0;0;0;0;0;0;0;0;0;0;0;300;0;300;0;0;0;0;0;0;0;0;38.640607967972755 seconds;0;0;69%;0;0;0;0;0
SoKoOLz-3456;2627;0;2;8%;3;2;2;0.01;1,758;4,224;1,313;583;7;16.82;0;0;0;1;2.4;1;1;0.14;202;20.12;27;0;2;1;1;2.4;1;0;0;0;0;41,974;4,181.93;5,402;1,722;47%;100%;421;1;0;0;1;1;0;0;5;0.49;1;0;0;91;9.06;17;16:36;01:39;04:21;41,974;5.14;5,402;78;34;1;2.4;1;0;0;1;4 minutes;09:40;1;43%;50%;39;3.88;7;28%
solaroplus-3806;2592;0;6;16%;1,265;149;75;0.16;137,095;11,370.12;13,582;8,478;77;6.38;0;0;0;308;25.54;37;21;4;265;21.97;26;0;2;2;193;16;31;4;12;0;8;46,152;3,827.66;4,408;2,284;60%;100%;435;21;0;0;51;13;21;16;16;1.32;3;4;1;137;11.36;16;20:17;01:41;02:33;46,152;6.04;4,408;15,492;7,576;54;4.47;8;0;0;0;2 hours;29:06;8;48%;69%;51;4.22;9;63%
Somnians-2461;3015;0;154;18%;44,971;360;112;0.16;5,166,441;14,101.7;33,573;12,746;3,525;9.62;0;0;0;10,391;28.36;64;29;2.94;8,326;22.72;44;0;108;72;6,357;17.35;40;146;366;16;204;1,617,984;4,416.25;8,604;3,426;48%;100%;17,098;29;0;0;1,265;512;400;353;179;0.48;5;5;68;3,335;9.1;30;06:49:44;01:07;03:35;1,617,984;5.76;8,604;488,285;237,010;1,557;4.24;13;0;0;5;77 hours;13:55:27;130;48%;92%;2,231;6.08;16;55%
Sooby-2892;2588;0;4;16%;729;235;53;0.15;86,286;15,246.78;18,464;7,632;69;12.19;0;0;0;164;28.97;59;13;2.37;157;27.74;43;0;7;0;85;15.01;32;3;6;0;3;36,881;6,516.95;10,940;2,392;56%;66%;277;13;0;0;19;7;6;6;8;1.41;3;4;4;57;10.07;22;07:17;01:17;02:00;36,881;8.02;10,940;9,851;4,318;14;2.47;6;0;0;0;1 hour;17:38;1;43%;52%;33;5.83;14;50%
SOR-11872;3722;0;4;18%;1,852;181;68;0.15;213,854;13,780.63;19,919;7,378;145;9.34;0;0;0;467;30.09;50;18;3.22;359;23.13;28;0;6;1;266;17.14;28;7;16;1;8;37,194;2,396.74;5,341;1,343;51%;100%;696;18;0;0;55;21;18;17;21;1.35;3;3;4;126;8.11;19;14:05;00:54;01:39;37,194;3.13;5,341;21,575;10,172;76;4.89;11;0;0;0;3 hours;31:12;1;47%;73%;72;4.63;12;50%
SpartanZero-6126;2303;0;2;16%;289;92;39;0.1;42,636;10,388.85;9,816;5,003;32;7.79;0;0;0;85;20.71;23;12;2.65;72;17.54;23;0;2;0;45;10.96;16;3;4;0;1;12,611;3,072.94;2,973;2,100;45%;66%;157;12;0;0;16;6;7;4;0;0;0;0;0;45;10.96;12;04:21;01:03;01:35;12,611;4.42;2,973;5,261;1,774;7;1.7;3;0;0;0;47 minutes;02:45;0;33%;51%;8;1.94;3;29%
spooner-1925;3641;0;0;19%;210;49;32;0.17;19,491;10,584.06;5,170;2,926;26;14.11;0;0;0;35;19;8;5;1.34;40;21.72;10;0;0;0;26;14.11;7;1;2;0;0;4,901;2,661.15;1,152;819;63%;100%;63;5;0;0;6;2;3;2;0;0;0;0;0;7;3.8;3;01:28;00:48;00:47;4,901;4.02;1,152;2,608;1,078;8;4.34;3;0;0;0;20 minutes;01:17;0;41%;0;3;1.62;1;21%
sreader-1911;2668;0;4;14%;1,472;220;71;0.11;236,856;16,420.45;23,256;6,490;148;10.26;0;0;0;430;29.81;51;16;2.9;393;27.24;50;0;8;2;242;16.77;27;4;14;1;9;50,277;3,485.55;5,150;2,161;54%;64%;723;16;0;0;43;22;6;15;2;0.13;1;4;6;148;10.26;16;18:37;01:17;02:09;50,277;3.97;5,150;24,120;9,887;46;3.18;5;0;0;0;3 hours;23:32;2;40%;46%;72;4.99;9;62%
Ssem-3281;2855;0;0;6%;23;10;8;0.04;14,174;26,534.67;7,985;3,862;9;16.84;0;0;0;10;18.72;9;7;1.11;10;18.72;5;0;0;0;3;5.61;2;1;1;0;0;2,928;5,482.04;1,352;968;41%;55%;24;7;0;0;1;0;1;0;1;1.87;1;0;0;4;7.48;4;01:00;01:54;00:57;2,928;5.49;1,352;1,205;361;0;0;0;0;0;0;8 minutes;0;0;29%;23%;1;1.87;1;0
STANDBALD-1768;2271;0;0;15%;74;35;28;0.08;11,619;15,322.5;7,267;2,963;10;13.18;0;0;0;19;25.05;11;6;1.9;26;34.28;15;0;1;0;6;7.91;3;0;1;0;0;4,635;6,112.94;2,706;855;50%;62%;51;6;0;0;3;1;0;1;1;1.31;1;0;0;9;11.86;5;00:38;00:51;00:29;4,635;5.58;2,706;1,204;478;1;1.31;1;0;0;1;13 minutes;00:02;3;39%;0;1;1.31;1;54%
StylishNoob-1882;3780;0;13;15%;4,718;245;83;0.19;651,121;21,402.36;31,067;10,254;280;9.2;0;0;0;895;29.41;47;21;3.19;757;24.88;35;0;17;3;456;14.98;23;13;30;2;16;71,588;2,353.09;4,209;1,303;53%;70%;1,426;21;0;0;111;57;25;29;36;1.18;6;3;11;267;8.77;17;36:03;01:11;02:46;71,588;2.89;4,209;61,226;30,152;81;2.66;6;0;0;0;6 hours;40:37;3;49%;68%;145;4.76;13;51%
Supah-1288;3197;0;7;16%;1,469;201;58;0.17;197,528;20,377.62;28,171;7,660;90;9.28;0;0;0;361;37.24;50;13;4.01;279;28.78;34;0;6;1;229;23.62;29;3;10;0;7;43,328;4,469.82;6,652;2,241;52%;62%;536;13;0;0;41;11;15;16;4;0.41;1;5;4;140;14.44;17;18:54;01:56;02:37;43,328;5.29;6,652;19,454;9,071;47;4.84;12;0;0;0;2 hours;46:01;4;46%;56%;91;9.38;13;69%
SuperNinja-115210;55;0;0;15%;92;53;31;0;10,252;12,290.63;5,724;2,793;16;19.18;0;0;0;38;45.55;27;7;2.37;23;27.57;17;0;0;0;18;21.57;13;0;1;0;0;4,504;5,399.55;2,494;1,687;47%;54%;48;7;0;0;4;2;0;2;1;1.19;1;3;2;17;20.38;16;00:58;01:09;00:57;4,504;0;2,494;0;0;3;3.59;2;0;0;0;15 minutes;03:40;0;27%;0;11;13.18;8;0
SupportMain-11364;60;0;4;15%;1,048;190;41;0;162,541;12,403.14;21,113;9,293;120;9.15;0;0;0;327;24.95;41;18;2.72;285;21.74;42;0;3;1;164;12.51;21;0;13;0;5;44,309;3,381.11;5,940;3,139;47%;58%;596;18;0;0;41;17;11;14;10;0.76;5;3;1;156;11.9;24;17:10;01:18;02:40;44,309;0;5,940;0;0;34;2.59;5;0;0;0;2 hours;20:18;0;38%;0;48;3.66;10;41%
Surefour-2559;4493;0;1;11%;245;52;41;0.11;45,614;17,381.68;11,653;11,653;31;11.81;0;0;0;74;28.19;22;22;2.38;62;23.62;15;0;1;0;34;12.95;8;1;3;0;2;8,097;3,085.29;1,725;1,725;49%;100%;126;22;0;0;9;4;2;4;0;0;0;0;0;22;8.38;9;02:40;01:01;01:06;8,097;3.73;1,725;4,347;2,055;6;2.28;2;0;0;0;36 minutes;04:03;0;47%;39%;13;4.95;7;74%
SwagUnicorn-4998;0;0;0;17%;76;42;23;0.08;8,844;7,649.55;4,293;1,341;15;12.97;0;0;0;20;17.29;9;4;1.33;19;16.43;9;0;0;0;13;11.24;7;1;1;0;1;6,327;5,472.33;3,660;705;41%;50%;46;4;0;0;3;2;0;1;1;0.86;1;0;0;2;1.72;2;00:37;00:32;00:25;6,327;6.88;3,660;1,291;438;3;2.59;1;0;0;0;15 minutes;0;0;33%;39%;7;6.05;4;52%
Sylar-1669;60;0;1;20%;386;205;53;0;36,556;13,324.68;15,070;3,380;44;16.03;0;0;0;65;23.69;31;7;1.47;71;25.87;32;0;1;0;41;14.94;22;0;3;0;1;11,041;4,024.4;4,150;1,053;60%;78%;118;7;0;0;8;5;0;3;4;1.45;2;0;0;25;9.11;9;02:36;00:57;01:02;11,041;0;4,150;0;0;7;2.55;4;0;0;0;41 minutes;05:01;0;47%;0;3;1.09;1;43%
Sypeh-2707;0;0;14;14%;2,171;127;69;0.13;375,091;16,791.27;26,805;9,229;204;9.13;0;0;0;573;25.65;42;21;2.8;467;20.9;25;0;2;1;337;15.08;22;8;22;1;13;85,896;3,845.21;7,024;2,891;48%;100%;961;21;0;0;77;27;31;19;10;0.44;2;6;5;145;6.49;10;14:27;00:38;01:11;85,896;5.47;7,024;34,506;15,397;79;3.53;6;0;0;1;4 hours;38:18;2;44%;64%;110;4.92;9;59%
Taimou-2526;4311;0;6;15%;949;130;67;0.13;164,021;16,998.89;24,544;6,797;70;7.25;0;0;0;232;24.04;34;12;3.31;204;21.14;26;0;6;2;129;13.36;19;5;10;0;5;30,493;3,160.27;5,538;2,403;40%;56%;505;12;0;0;29;12;8;9;15;1.55;5;5;3;71;7.35;15;07:54;00:49;02:26;30,493;4.23;5,538;12,049;6,224;21;2.17;4;0;0;0;1 hour;07:42;0;51%;62%;44;4.56;7;52%
Talespin-1868;4132;0;3;21%;420;117;64;0.2;32,984;8,619.86;8,672;4,357;16;4.18;0;0;0;104;27.17;37;18;6.5;73;19.07;26;0;1;0;61;15.94;23;0;4;0;4;9,142;2,389.19;1,944;1,186;52%;70%;140;18;0;0;16;3;6;7;5;1.3;2;4;1;24;6.27;8;01:41;00:26;00:42;9,142;4.39;1,944;3,758;1,973;14;3.65;5;0;0;0;34 minutes;07:48;0;52%;62%;11;2.87;5;98%
tape2-1581;4695;0;0;12%;7;5;2;0.02;3,897;6,753.08;2,842;1,199;7;12.13;0;0;0;7;12.13;6;3;1;0;0;0;0;0;0;2;3.46;1;0;1;0;1;0;0;0;0;0;0;2;3;0;0;1;1;0;0;0;0;0;0;0;1;1.73;1;00:01;00:03;00:01;0;0;0;130;54;0;0;0;0;0;0;5 minutes;0;0;41%;59%;0;0;0;100%
tassame-21620;59;0;0;6%;5;5;4;0;1,612;7,981.32;1,612;1,354;2;9.89;0;0;0;1;4.94;1;1;0.5;3;14.84;3;0;0;0;1;4.94;1;0;0;0;0;0;0;0;0;100%;100%;3;1;0;0;0;0;0;0;0;0;0;0;0;0;0;0;00:00;00:01;00:00;0;0;0;0;0;0;0;0;0;0;0;2 minutes;0;0;39%;0;0;0;0;0
Tearsdeath-3874;0;0;0;9%;73;67;29;0.16;10,236;14,379.56;8,599;4,881;6;8.42;0;0;0;18;25.28;14;8;3;11;15.45;10;0;1;0;7;9.83;6;1;1;0;1;1,126;1,582.17;881;352;45%;55%;24;8;0;0;2;2;0;1;0;0;0;0;0;7;9.83;5;00:59;01:24;00:38;1,126;2.59;881;2,253;803;0;0;0;0;0;0;7 minutes;0;0;35%;0;0;0;0;100%
Teejay-1789;3762;0;2;15%;423;85;77;0.14;76,949;14,261.23;16,889;8,719;23;4.26;0;0;0;128;23.72;23;17;5.56;91;16.86;14;0;0;0;75;13.9;14;1;5;0;5;10,932;2,025.99;2,252;1,776;50%;100%;181;17;0;0;13;5;4;4;1;0.18;1;4;3;39;7.22;15;03:07;00:34;01:02;10,932;3.67;2,252;6,394;2,778;13;2.4;4;0;0;0;49 minutes;11:44;0;43%;60%;25;4.63;8;84%
TheBlackOne-1989;0;0;0;14%;300;236;61;0.16;44,952;22,871.08;20,847;6,580;17;8.64;0;0;0;74;37.65;42;15;4.35;66;33.58;31;0;4;0;43;21.87;27;1;2;0;1;7,988;4,064.14;4,535;1,786;60%;66%;110;15;0;0;8;7;0;1;8;4.07;8;0;0;28;14.24;16;03:05;01:34;01:39;7,988;4.42;4,535;4,442;2,104;7;3.56;5;0;0;0;30 minutes;03:29;0;47%;45%;9;4.57;5;56%
TheHell-31963;4715;0;12;16%;3,958;373;91;0.17;454,015;15,992.35;31,859;10,920;210;7.39;0;0;0;833;29.34;50;17;3.96;663;23.35;40;0;10;3;507;17.85;30;6;28;1;22;72,943;2,569.38;4,764;1,396;54%;75%;1,213;17;0;0;105;52;23;30;44;1.54;5;4;11;249;8.77;22;29:11;01:01;02:07;72,943;3.28;4,764;42,743;23,329;105;3.69;12;0;0;0;6 hours;44:48;3;54%;64%;142;5;12;76%
Thorlax-2359;2420;0;1;15%;408;160;49;0.1;44,076;9,920.85;11,793;3,984;54;12.15;0;0;0;120;27.01;40;12;2.22;95;21.38;24;0;3;0;66;14.85;17;2;4;0;2;12,913;2,906.5;4,048;1,118;47%;75%;201;12;0;0;11;3;0;7;1;0.22;1;0;0;42;9.45;17;04:04;00:55;01:05;12,913;3.33;4,048;8,358;2,710;22;4.95;8;0;0;0;1 hour;05:07;0;32%;29%;25;5.62;8;45%
ThreeDDD-4546;3579;0;0;20%;55;51;51;0.22;5,583;13,182.49;4,471;4,471;1;2.36;0;0;0;13;30.69;9;9;13;10;23.61;7;0;0;0;10;23.61;8;0;0;0;0;965;2,278.79;965;965;58%;60%;17;9;0;0;1;0;0;1;0;0;0;0;0;3;7.08;2;00:09;00:22;00:04;965;3.96;965;624;270;4;9.44;3;0;0;0;4 minutes;00:48;0;43%;49%;2;4.72;2;100%
tic-1885;63;0;0;17%;114;37;37;0;13,493;12,681.3;3,887;2,709;11;10.33;0;0;0;21;19.73;5;4;1.9;19;17.85;5;0;0;0;15;14.09;4;0;1;0;0;4,920;4,623.76;1,215;900;48%;80%;39;4;0;0;4;2;0;1;1;0.93;1;0;0;5;4.69;2;00:31;00:29;00:11;4,920;0;1,215;0;0;3;2.81;2;0;0;0;13 minutes;03:52;0;38%;0;3;2.81;2;28%
Tiki-11546;3512;0;3;11%;732;142;51;0.09;149,432;14,742.2;25,689;5,395;94;9.27;0;0;0;307;30.28;46;18;3.26;210;20.71;26;0;2;0;149;14.69;23;5;10;0;6;39,446;3,891.55;8,136;2,021;44%;62%;471;18;0;0;40;17;10;13;7;0.69;2;3;1;99;9.76;21;11:02;01:05;02:20;39,446;5.18;8,136;14,812;6,362;21;2.07;5;0;0;0;2 hours;15:49;0;42%;53%;70;6.9;10;55%
TinTing-3105;3121;0;0;9%;266;71;31;0.07;60,622;14,697.27;15,727;6,683;36;8.72;0;0;0;112;27.15;29;15;3.11;68;16.48;17;0;2;1;49;11.87;13;1;4;0;3;14,586;3,536.15;3,061;1,153;45%;60%;151;15;0;0;12;6;2;4;2;0.48;2;3;1;29;7.03;7;04:53;01:11;02:01;14,586;4.31;3,061;7,695;2,694;10;2.42;4;0;0;0;56 minutes;03:02;1;35%;36%;17;4.12;5;75%
Toha-2496;1362;0;9;17%;1,622;252;82;0.21;170,980;13,442.85;22,609;7,132;83;6.52;0;0;0;327;25.7;45;18;3.93;283;22.25;33;0;3;0;213;16.74;29;4;13;0;9;41,752;3,282.65;6,624;1,960;57%;100%;495;18;0;0;46;11;21;14;17;1.33;3;3;2;94;7.39;18;11:11;00:52;01:43;41,752;5.46;6,624;19,768;9,218;44;3.45;5;0;0;1;2 hours;41:57;9;46%;56%;62;4.87;9;69%
tongue-11364;3632;0;0;18%;123;42;26;0.11;21,371;11,734.4;5,780;3,019;18;9.88;0;0;0;22;12.07;8;4;1.22;23;12.62;7;0;1;0;13;7.13;6;0;2;0;1;3,855;2,116.76;1,717;793;53%;63%;43;4;0;0;7;5;1;2;0;0;0;0;0;3;1.64;2;00:31;00:17;00:16;3,855;3.53;1,717;1,353;673;5;2.74;3;0;0;0;18 minutes;0;0;49%;0;3;1.64;3;75%
Toujours-4543;0;0;1;15%;65;55;22;0.11;9,497;7,226.57;5,381;3,121;8;6.08;0;0;0;17;12.93;14;8;2.12;12;9.13;7;0;0;0;10;7.6;7;1;1;0;1;2,652;2,017.7;1,696;1,015;48%;55%;25;8;0;0;6;3;3;1;0;0;0;0;0;4;3.04;4;00:40;00:30;00:40;2,652;4.82;1,696;1,165;417;1;0.76;1;0;0;0;9 minutes;03:10;0;35%;0;2;1.52;2;42%
Treaty-11117;57;0;0;5%;28;16;9;0;5,968;5,171.58;3,117;1,709;8;6.93;0;0;0;18;15.59;10;7;2.25;17;14.73;9;0;1;0;13;11.26;7;0;1;0;0;1,527;1,322.92;1,116;516;56%;66%;30;7;0;0;6;1;3;2;1;0.86;1;0;0;6;5.19;4;00:58;00:50;00:44;1,527;0;1,116;0;0;5;4.33;5;0;0;0;8 minutes;01:26;0;51%;0;3;2.59;2;40%
TromBB-2791;0;0;7;14%;972;191;51;0.14;127,798;12,779.84;19,671;5,633;75;7.5;0;0;0;257;25.7;38;14;3.42;211;21.1;29;0;3;0;169;16.9;27;2;10;0;8;47,233;4,723.27;7,367;2,275;47%;62%;443;14;0;0;47;12;17;18;3;0.3;1;0;0;99;9.9;16;11:04;01:06;02:05;47,233;7.1;7,367;12,412;6,527;47;4.7;11;0;0;0;1 hour;37:40;20;52%;68%;52;5.2;9;80%
Tung-3350;3000;0;0;11%;128;100;35;0.08;20,334;11,876.23;11,137;2,868;23;13.43;0;0;0;41;23.94;28;5;1.78;27;15.76;20;0;0;1;15;8.76;13;1;2;0;1;4,798;2,802.25;2,782;600;42%;50%;64;5;0;0;3;2;0;1;0;0;0;0;0;12;7;7;02:07;01:14;01:09;4,798;3.11;2,782;3,020;1,078;1;0.58;1;0;0;0;25 minutes;0;0;35%;51%;6;3.5;4;46%
TviQ-1503;4134;0;8;14%;1,081;167;53;0.12;225,181;22,395.18;28,083;10,254;112;11.13;0;0;0;315;31.32;53;20;2.81;241;23.96;31;0;2;1;172;17.1;36;3;10;1;6;33,834;3,364.89;3,758;1,708;49%;75%;484;20;0;0;36;15;16;5;18;1.79;5;3;2;74;7.35;10;08:02;00:47;01:15;33,834;3.77;3,758;17,965;7,720;35;3.48;6;0;0;0;2 hours;23:01;0;42%;55%;60;5.96;12;61%
Twang-1104;0;0;0;21%;110;110;25;0.46;4,833;17,633.1;4,833;1,093;6;21.89;0;0;0;4;14.59;4;2;0.66;11;40.13;11;0;0;0;4;14.59;4;0;0;0;0;1,500;5,473.26;1,500;300;84%;84%;13;2;0;0;1;0;0;1;0;0;0;0;0;1;3.64;1;00:19;01:10;00:19;1,500;6.34;1,500;905;513;1;3.64;1;0;0;0;3 minutes;0;0;56%;0;0;0;0;100%
Ulfang-1914;57;0;0;10%;99;38;20;0;15,677;8,884.26;4,489;2,803;20;11.33;0;0;0;35;19.83;13;8;1.75;22;12.46;4;0;0;0;20;11.33;9;0;2;0;0;5,854;3,317.65;1,968;1,104;36%;100%;61;8;0;0;5;1;1;3;0;0;0;0;0;18;10.2;7;01:28;00:50;00:28;5,854;0;1,968;0;0;4;2.26;1;0;0;0;17 minutes;03:06;0;36%;0;6;3.4;2;20%
uNFixed-2518;0;0;7;12%;849;176;67;0.11;178,571;17,832.63;28,038;8,990;49;4.89;0;0;0;251;25.06;34;14;5.12;200;19.97;34;0;0;0;149;14.87;22;2;10;2;6;27,678;2,763.97;3,373;1,392;49%;100%;406;14;0;0;41;15;16;10;1;0.09;1;3;1;94;9.38;15;15:40;01:33;02:19;27,678;3.85;3,373;13,107;6,624;18;1.79;3;0;0;0;1 hour;14:00;0;50%;100%;39;3.89;6;60%
uruca-11142;4007;0;0;14%;892;122;96;0.16;135,432;22,730.95;24,055;6,913;65;10.9;0;0;0;177;29.7;33;12;2.72;167;28.02;26;0;3;0;87;14.6;16;3;6;0;3;26,441;4,437.94;4,056;1,515;49%;100%;339;12;0;0;21;8;6;7;7;1.17;1;0;0;68;11.41;12;11:47;01:58;02:14;26,441;5.03;4,056;11,474;6,151;15;2.51;4;0;0;0;1 hour;07:21;1;53%;73%;25;4.19;5;48%
Usagii-11735;0;0;0;10%;42;23;15;0.08;7,790;8,230.91;4,335;2,383;7;7.39;0;0;0;12;12.67;7;5;1.71;12;12.67;7;0;0;0;6;6.33;4;0;1;0;1;1,710;1,807.33;900;900;60%;100%;20;5;0;0;3;1;1;0;1;1.05;1;0;0;0;0;0;00:06;00:06;00:06;1,710;3.52;900;722;407;0;0;0;0;0;0;8 minutes;0;0;56%;59%;3;3.16;3;72%
vallutaja-2514;4250;0;1;20%;197;97;47;0.14;22,592;15,187.46;8,208;4,238;17;11.42;0;0;0;47;31.59;18;10;2.76;32;21.51;9;0;0;0;17;11.42;6;0;1;0;1;8,961;6,023.66;3,337;1,928;34%;100%;94;10;0;0;7;2;2;3;0;0;0;4;3;17;11.42;7;01:20;00:54;00:39;8,961;6.56;3,337;2,502;964;4;2.68;2;0;0;0;22 minutes;01:18;0;38%;43%;20;13.44;9;100%
Vance-4548;0;0;0;15%;34;25;15;0.1;7,067;16,042.97;5,204;2,853;6;13.62;0;0;0;10;22.7;7;6;1.66;7;15.89;4;0;1;0;5;11.35;4;0;0;0;0;1,039;2,358.92;653;386;38%;50%;18;6;0;0;1;0;0;1;0;0;0;0;0;5;11.35;3;00:23;00:52;00:12;1,039;3.16;653;655;215;0;0;0;0;0;0;5 minutes;0;0;32%;33%;2;4.54;2;28%
ViruSs-1935;2793;0;0;4%;18;18;10;0.02;6,674;6,780.96;5,582;1,640;8;8.12;0;0;0;22;22.35;20;9;2.75;14;14.22;10;0;1;0;8;8.12;8;1;1;0;0;2,859;2,904.55;2,559;1,003;34%;66%;41;9;0;0;4;2;2;0;0;0;0;0;0;6;6.09;6;00:38;00:38;00:33;2,859;3.95;2,559;1,213;406;1;1.01;1;0;0;0;12 minutes;00:48;0;33%;34%;3;3.04;3;15%
Vivieria-1169;50;0;15;18%;3,469;203;115;0;328,421;10,511.88;15,064;10,600;319;10.21;0;0;0;830;26.56;39;16;2.6;673;21.54;32;0;9;16;496;15.87;25;0;31;0;18;143,069;4,579.24;7,765;2,850;51%;100%;1,312;16;0;0;95;30;19;46;13;0.41;2;4;5;317;10.14;17;44:39;01:25;02:40;143,069;0;7,765;0;0;152;4.86;10;0;0;0;7 hours;01:44:21;0;42%;0;166;5.31;13;59%
watt-1213;80;0;4;16%;2,580;144;78;0;361,023;17,233.44;24,658;12,550;224;10.69;0;0;0;724;34.56;56;22;3.23;583;27.82;46;0;5;1;445;21.24;39;0;21;0;11;128,131;6,116.34;7,081;3,079;51%;100%;1,134;22;0.4;0;79;24;22;33;26;1.24;3;4;9;229;10.93;22;22:00;01:03;01:46;128,131;0;7,081;0;0;90;4.29;6;0;0;0;5 hours;01:34:22;0;45%;0;135;6.44;13;52%
weaselele-2442;4437;0;5;14%;1,429;142;56;0.12;252,882;18,291.93;16,621;9,194;146;10.56;0;0;0;391;28.28;29;10;2.67;290;20.97;23;0;0;1;221;15.98;16;5;14;0;9;54,019;3,907.41;5,427;1,832;41%;80%;702;10;0;0;48;17;15;16;10;0.72;2;3;1;113;8.17;9;12:53;00:55;01:24;54,019;4.58;5,427;22,806;9,694;41;2.96;6;0;0;0;3 hours;11:43;3;42%;73%;73;5.28;8;63%
Werky-1402;2821;0;0;15%;3;3;3;0.02;1,039;5,454.18;1,039;461;3;15.74;0;0;0;1;5.24;1;1;0.33;1;5.24;1;0;0;0;1;5.24;1;0;0;0;0;564;2,959.44;564;264;16%;16%;6;1;0;0;0;0;0;0;0;0;0;0;0;0;0;0;00:03;00:17;00:03;564;5.25;564;87;20;0;0;0;0;0;0;1 minute;0;0;22%;0;0;0;0;0
Winghaven-2491;3505;0;0;9%;13;13;13;0.06;2,736;11,654.83;2,736;2,736;0;0;0;0;0;8;34.08;8;8;0;7;29.82;7;0;0;0;2;8.52;2;0;0;0;0;657;2,799.51;657;657;53%;53%;13;8;0;0;0;0;0;0;0;0;0;0;0;0;0;0;00:01;00:08;00:01;657;3.51;657;252;141;0;0;0;0;0;0;3 minutes;0;0;55%;55%;0;0;0;100%
Winston-11922;65;0;0;16%;216;52;28;0;24,661;9,738.01;10,643;3,169;41;16.19;0;0;0;37;14.61;12;6;0.9;42;16.58;10;0;9;1;15;5.92;5;0;3;0;1;11,606;4,583.01;2,789;1,200;38%;100%;109;6;0;0;6;2;1;3;0;0;0;0;0;14;5.52;6;03:45;01:29;02:21;11,606;0;2,789;0;0;4;1.57;2;0;0;0;33 minutes;02:03;0;24%;0;7;2.76;2;32%
WinterDKay-2106;2919;0;1;12%;320;128;55;0.11;47,630;13,018.83;16,551;5,344;33;9.01;0;0;0;94;25.69;30;11;2.84;63;17.21;23;0;0;0;40;10.93;14;1;4;0;2;13,221;3,613.63;3,967;1,825;45%;60%;137;11;0;0;12;5;4;4;1;0.27;1;3;1;28;7.65;12;03:39;01:00;01:09;13,221;4.62;3,967;7,011;2,525;7;1.91;3;0;0;0;47 minutes;04:00;6;36%;45%;15;4.09;6;60%
XavierChu-3266;3000;0;0;18%;397;96;39;0.11;49,165;12,034.36;11,066;3,943;48;11.74;0;0;0;93;22.76;29;10;1.93;90;22.02;27;0;2;0;47;11.5;15;3;4;0;1;17,454;4,272.41;5,252;1,319;47%;100%;188;10;0;0;10;6;2;3;3;0.73;1;0;0;27;6.6;9;03:31;00:51;00:47;17,454;5.24;5,252;4,931;2,182;7;1.71;2;0;0;0;55 minutes;00:23;1;44%;64%;7;1.71;4;22%
XQQ-11863;4453;0;1;20%;1,091;165;52;0.18;123,764;16,176.52;18,012;6,411;70;9.14;0;0;0;209;27.31;29;10;2.98;171;22.35;24;0;3;0;131;17.12;18;2;8;1;5;24,283;3,173.84;4,095;1,557;46%;72%;368;10;0;0;21;11;3;7;7;0.91;2;3;2;59;7.71;11;09:10;01:11;01:25;24,283;4.01;4,095;9,854;5,334;27;3.52;6;0;0;0;1 hour;06:38;2;54%;60%;27;3.52;5;59%
xxiSaint-3541;2298;0;0;14%;128;72;18;0.07;22,807;12,111.3;11,709;3,230;16;8.49;0;0;0;43;22.83;20;5;2.68;38;20.17;18;0;3;0;20;10.62;10;1;2;0;1;7,573;4,021.7;3,083;816;48%;52%;79;5;0;0;6;5;1;1;0;0;0;0;0;22;11.68;12;03:24;01:48;01:36;7,573;4.67;3,083;3,133;913;4;2.12;3;0;0;0;27 minutes;00:14;0;29%;28%;6;3.18;3;53%
Y19251658-2148;3795;0;0;11%;163;45;32;0.09;43,748;24,012.83;10,073;9,649;21;11.52;0;0;0;68;37.32;22;18;3.23;59;32.38;14;0;0;0;33;18.11;9;1;2;0;1;7,654;4,201.02;2,306;1,322;54%;69%;108;18;0;0;6;2;2;2;1;0.54;1;0;0;24;13.17;8;01:54;01:02;00:40;7,654;4.59;2,306;3,321;1,415;5;2.74;2;0;0;0;27 minutes;03:36;0;42%;50%;13;7.13;4;59%
YaMou-4439;3076;0;0;14%;1,061;118;50;0.15;118,500;14,240.24;22,784;5,132;109;13.09;0;0;0;167;20.06;23;10;1.53;173;20.78;29;0;2;0;88;10.57;14;5;8;0;3;28,893;3,472.11;5,384;1,223;41%;100%;415;10;0;0;25;15;3;7;6;0.72;2;4;1;71;8.53;12;14:43;01:46;02:22;28,893;4.18;5,384;17,028;7,109;9;1.08;2;0;0;0;1 hour;05:27;1;41%;57%;33;3.96;9;35%
YATIAYASE-1475;4005;0;0;4%;3;3;3;0.08;443;11,957.7;443;443;1;27;0;0;0;0;0;0;0;0;2;54.01;2;0;0;0;0;0;0;0;0;0;0;179;4,830.09;179;179;100%;100%;2;0;0;0;0;0;0;0;0;0;0;0;0;0;0;0;00:00;00:18;00:00;179;5.34;179;152;71;0;0;0;0;0;0;33.433446013368666 seconds;00:01;0;46%;0;0;0;0;0
YLLES-3238;4613;0;1;18%;179;104;43;0.16;26,826;25,155.95;15,585;6,089;10;9.37;0;0;0;54;50.63;30;16;5.4;35;32.82;17;0;1;0;27;25.31;12;0;1;0;1;4,914;4,607.82;2,837;1,176;47%;55%;74;16;0;0;4;1;1;1;0;0;0;0;0;13;12.19;8;00:26;00:25;00:21;4,914;4.44;2,837;2,229;956;5;4.68;3;0;0;0;18 minutes;02:36;0;42%;48%;9;8.43;7;100%
Yoooz-3681;2542;0;3;15%;371;86;54;0.15;52,527;14,969.74;18,050;6,972;29;8.26;0;0;0;90;25.64;25;12;3.1;69;19.66;19;0;0;0;56;15.95;16;2;4;0;1;13,008;3,707.3;3,649;1,374;50%;55%;138;12;0;0;13;3;8;2;6;1.7;3;0;0;24;6.83;6;02:58;00:50;00:58;13,008;5.4;3,649;6,132;2,409;17;4.84;4;0;0;0;40 minutes;09:10;0;39%;41%;15;4.27;6;34%
yoshi3098-1803;0;0;0;11%;69;61;20;0.06;9,251;10,311.15;7,934;2,385;11;12.25;0;0;0;43;47.92;34;10;3.9;30;33.43;25;0;2;0;25;27.86;20;0;1;0;1;7,006;7,808.3;6,636;2,653;51%;53%;58;10;0;0;3;1;0;2;1;1.11;1;0;0;21;23.4;20;01:53;02:05;01:36;7,006;6.44;6,636;2,081;601;4;4.45;3;0;0;0;18 minutes;04:45;0;28%;30%;10;11.14;9;100%
Yubuu-1763;42;0;0;0;0;0;0;0;660;36,523.29;660;660;1;55.33;0;0;0;1;55.33;1;1;1;1;41.93;1;0;1;0;1;55.33;1;0;0;0;0;0;0;0;0;100%;100%;1;0;0;0;0;0;0;0;0;0;0;0;0;0;0;0;00:02;01:37;00:02;0;0;0;0;0;1;55.33;1;0;0;0;21.512794010341167 seconds;0;0;71%;0;0;0;0;100%
YuzuP-1934;1855;0;0;10%;44;44;17;0.07;3,821;4,804.75;3,821;894;9;11.31;0;0;0;13;16.34;13;3;1.44;8;10.05;8;0;2;0;6;7.54;6;1;1;0;0;3,421;4,301.66;3,421;900;38%;38%;21;3;0;0;2;0;0;2;0;0;0;0;0;7;8.8;7;01:16;01:36;01:16;3,421;5.66;3,421;2,358;402;0;0;0;0;0;0;10 minutes;0;0;17%;17%;1;1.25;1;0
Yz50-11781;4342;0;0;14%;92;61;21;0.09;11,254;13,768.43;7,503;2,049;11;13.45;0;0;0;28;34.25;23;6;2.54;18;22.02;15;0;2;0;16;19.57;14;0;1;0;1;5,252;6,424.99;3,374;1,637;34%;39%;52;6;0;0;1;1;0;1;0;0;0;0;0;7;8.56;5;01:12;01:29;00:50;5,252;5.37;3,374;1,176;618;0;0;0;0;0;0;16 minutes;00:17;0;52%;52%;5;6.11;3;68%
Zatanna-11384;65;0;2;18%;833;172;54;0;83,826;12,113.48;12,924;4,051;115;16.61;0;0;0;167;24.13;29;9;1.45;169;24.42;33;0;9;2;91;13.15;16;0;7;0;2;38,364;5,543.84;7,417;1,800;51%;100%;331;9;0;0;25;7;5;12;2;0.28;2;3;2;61;8.81;11;10:27;01:30;02:09;38,364;0;7,417;0;0;23;3.32;6;0;0;0;1 hour;19:06;0;36%;0;33;4.76;5;27%
ZeInfinity-21817;2173;0;1;14%;280;81;48;0.08;44,627;12,859.23;12,833;4,539;45;12.96;0;0;0;82;23.62;31;12;1.82;64;18.44;16;0;4;1;36;10.37;14;2;3;0;2;16,516;4,758.98;5,964;1,432;45%;100%;142;12;0;0;13;5;4;4;1;0.28;1;3;1;42;12.1;20;06:31;01:52;02:28;16,516;5.15;5,964;6,898;1,885;5;1.44;2;0;0;0;53 minutes;05:10;1;27%;33%;11;3.16;6;49%
Zonda-4175;4522;0;1;17%;672;141;82;0.14;77,969;10,434.63;21,569;5,871;43;5.75;0;0;0;167;22.34;54;11;3.88;149;19.94;34;0;2;1;81;10.84;24;3;7;1;4;18,660;2,497.28;3,968;2,005;53%;81%;278;11;0;0;22;13;4;6;6;0.8;2;3;1;37;4.95;12;04:08;00:33;00:59;18,660;4.09;3,968;7,577;3,922;25;3.34;4;0;0;0;1 hour;09:56;1;51%;60%;18;2.4;7;47%
zunba-3237;4790;0;0;9%;85;30;25;0.07;20,006;12,266.55;12,205;4,627;14;8.58;0;0;0;30;18.39;16;8;2.14;26;15.94;11;0;1;0;16;9.81;6;1;2;1;0;3,887;2,383.53;1,919;1,109;52%;80%;50;8;0;0;5;3;2;1;1;0.61;1;0;0;10;6.13;8;02:34;01:34;01:52;3,887;3.37;1,919;1,951;911;3;1.83;1;0;0;1;19 minutes;00:20;0;46%;57%;4;2.45;2;21%
Zyphoid-11537;2610;0;2;17%;227;151;33;0.15;18,814;9,953.55;10,952;2,303;22;11.63;0;0;0;46;24.33;32;10;2.09;40;21.16;26;0;1;0;25;13.22;17;1;2;0;1;6,465;3,420.22;2,461;900;44%;66%;90;10;0;0;7;5;1;1;2;1.05;1;0;0;16;8.46;11;02:02;01:04;01:26;6,465;4.34;2,461;3,903;1,319;4;2.11;3;0;0;0;24 minutes;03:26;0;33%;36%;6;3.17;5;52%
