Adameve-11380;3410;0;3;82;3.54;9;0;0;0;0;0;465,251;20,102;28,404;178,434;7,709.5;13,445;3,301;261;11.27;0;0;0;0;0;77;3.32;7;369;15.94;27;11;1.41;0;0;0;0;4;2;179;7.73;13;81;3.49;6;12;23;1;10;0;0;0;190;11;0;0;40;19;4;17;4;9;123;5.31;12;31:11;01:20;03:17;0;0;0;0;0;0;0;0;19;0.82;3;0;0;0;0;0;0;4 hours;05:19;0;0;0;0;2;0;0;41%
akh826-3629;2350;0;3;14;1.96;5;4%;1;1;1;0;148,224;20,807;33,870;1,173;2,442.76;1,173;639;3;6.24;2;4;2;0;0;23;3.22;5;3;6.24;3;2;1;0;0;0;0;0;1;67;9.4;15;34;4.77;6;0;0;0;5;1,263;2,630;1,263;515;2;0;0;1;6;0;0;3;2;60;8.42;17;13:47;01:56;02:36;2;4;2;0;0;0;117;23;14;1.96;3;0;0;0;0;0;0;2 minutes;08:40;0;0;0;0;1;19%;0;74%
Akimoto-3310;3063;0;2;67;3.88;8;0;0;0;0;0;329,350;19,108;29,419;171,016;9,921.7;14,229;5,061;183;10.61;0;0;0;0;0;83;4.81;13;360;20.88;38;13;1.96;0;0;0;0;5;3;176;10.21;21;110;6.38;13;9;17;1;7;0;0;0;0;13;0;0;37;10;13;13;4;11;145;8.41;15;25:05;01:27;02:51;0;0;0;0;0;0;0;0;23;1.33;3;0;0;0;0;0;0;3 hours;23:03;0;0;0;0;5;0;0;42%
Alcazer-1197;2662;0;1;17;4.19;8;0;0;0;0;0;56,069;13,849;21,648;47,120;11,638.69;19,319;2,811;47;11.6;0;0;0;0;0;22;5.43;10;91;22.47;44;9;1.93;0;0;0;0;1;0;43;10.62;18;18;4.44;9;3;4;1;1;0;0;0;0;9;0;0;5;3;1;1;4;2;42;10.37;20;06:28;01:36;02:49;0;0;0;0;0;0;0;0;6;1.48;5;0;0;0;0;0;0;46 minutes;08:16;0;0;0;0;0;0;0;21%
AnalNoob-1185;2462;0;2;9;2.08;3;0;0;0;0;0;125,425;29,094;49,557;46,889;10,876.61;14,004;3,317;49;11.36;0;0;0;0;0;18;4.17;5;70;16.23;17;6;1.42;0;0;0;0;0;0;37;8.58;9;16;3.71;5;2;4;0;2;0;0;0;0;6;0;0;9;4;4;2;3;1;40;9.27;10;14:36;03:23;06:04;0;0;0;0;0;0;0;0;3;0.69;2;0;0;0;0;0;0;59 minutes;03:03;0;0;0;0;0;0;0;54%
applejuice69-11392;0;0;2;10;2.37;3;0;0;0;0;0;50,019;11,901;8,069;28,527;6,787.51;5,504;1,792;39;9.27;0;0;0;0;0;7;1.66;2;43;10.23;13;9;1.1;0;0;0;0;2;1;26;6.18;7;13;3.09;5;1;4;2;2;0;0;0;0;9;0;0;11;6;2;2;3;1;14;3.33;8;02:10;00:30;00:36;0;0;0;0;0;0;0;0;5;1.18;1;0;0;0;0;0;0;41 minutes;00:37;0;0;0;0;1;0;0;36%
arbiterlin-1178;2685;0;0;4;5.51;2;0;0;0;0;0;20,337;28,019;9,369;6,466;8,907.93;3,199;1,401;12;16.53;0;0;0;0;0;3;4.13;3;13;17.91;8;5;1.08;0;0;0;0;0;0;9;12.39;5;2;2.75;1;0;1;0;1;0;0;0;0;5;0;0;1;0;0;0;0;0;3;4.13;2;00:57;01:19;00:30;0;0;0;0;0;0;0;0;0;0;0;0;0;0;0;0;0;11 minutes;02:21;0;0;0;0;0;0;0;86%
Artificial-11535;2856;0;0;3;4.24;2;0;0;0;0;0;18,926;26,788;8,923;6,164;8,724.53;2,815;1,177;11;15.56;0;0;0;0;0;3;4.24;3;14;19.81;10;4;1.27;0;0;0;0;0;0;3;4.24;2;5;7.07;3;0;1;0;0;0;0;0;0;4;0;0;1;1;0;0;0;0;2;2.83;2;00:16;00:23;00:06;0;0;0;0;0;0;0;0;1;1.41;1;0;0;0;0;0;0;10 minutes;00:05;0;0;0;0;0;0;0;33%
AshkaliN-2848;73;0;0;2;5.42;2;0;0;0;0;0;8,194;22,240;8,194;3,212;8,719.25;3,212;1,415;3;8.14;0;0;0;0;0;0;0;0;7;18.99;7;5;2.33;0;0;0;0;0;0;3;8.14;3;4;10.85;4;0;0;0;0;0;0;0;0;5;0;0;1;0;1;0;0;0;6;16.28;6;00:51;02:20;00:51;0;0;0;0;0;0;0;0;2;5.42;2;0;0;0;0;0;0;5 minutes;00:10;0;0;0;0;0;0;0;0
BabyYukiko-6692;3461;0;0;1;1.25;1;0;0;0;0;0;4,302;5,403;4,302;2,549;3,201.42;2,549;1,490;6;7.53;0;0;0;0;0;0;0;0;4;5.02;4;1;0.66;0;0;0;0;0;0;3;3.76;3;0;0;0;1;1;0;0;0;0;0;0;1;0;0;2;1;0;1;0;0;0;0;0;00:04;00:05;00:04;0;0;0;0;0;0;0;0;0;0;0;0;0;0;0;0;0;3 minutes;0;0;0;0;0;0;0;0;0
Badger-1688;3050;0;1;23;2.31;3;0;0;0;0;0;183,331;18,476;19,261;113,181;11,406.54;11,522;4,564;98;9.87;0;0;0;0;0;43;4.33;6;199;20.05;24;14;2.03;0;0;0;0;6;2;95;9.57;13;80;8.06;12;7;10;1;2;0;0;0;0;14;0;0;20;10;5;5;5;5;65;6.55;12;13:15;01:20;02:35;0;0;0;0;0;0;0;0;11;1.1;2;0;0;0;0;0;0;2 hours;11:52;0;0;0;0;0;0;0;20%
Bamos-11989;2551;0;1;6;5.29;4;0;0;0;0;0;46,214;40,808;33,444;13,916;12,288.4;9,834;2,541;10;8.83;0;0;0;0;0;5;4.41;2;24;21.19;18;9;2.4;0;0;0;0;0;0;12;10.59;9;7;6.18;5;1;1;0;0;0;0;0;0;9;0;0;1;1;0;0;3;1;6;5.29;4;03:04;02:42;02:13;0;0;0;0;0;0;0;0;1;0.88;1;0;0;0;0;0;0;18 minutes;00:14;0;0;0;0;0;0;0;0
blackouts-3993;4246;0;7;58;4.51;15;0;0;0;0;0;252,655;19,668;29,123;159,201;12,393.3;26,934;4,626;133;10.35;0;0;0;0;0;65;5.06;18;291;22.65;51;10;2.18;0;0;0;0;12;2;156;12.14;28;113;8.79;18;6;13;0;7;0;0;0;0;10;0;0;31;10;9;12;4;6;86;6.69;14;24:24;01:53;02:53;0;0;0;0;0;0;0;0;26;2.02;8;0;0;0;0;0;0;2 hours;20:43;0;0;0;0;2;0;0;51%
Bluemoon-31853;3351;0;7;44;6.26;9;0;0;0;0;0;114,185;16,260;13,126;72,182;10,278.46;9,149;4,807;59;8.4;0;0;0;0;0;25;3.55;5;168;23.92;28;19;2.84;0;0;0;0;3;1;103;14.66;19;42;5.98;7;2;7;0;5;0;0;0;0;19;0;0;25;7;11;7;3;2;81;11.53;16;18:08;02:35;02:15;0;0;0;0;0;0;0;0;19;2.7;5;0;0;0;0;0;0;1 hour;17:19;0;0;0;0;7;0;0;71%
BluStar-2121;57;0;13;70;2.74;6;0;0;0;0;0;690,399;27,099;44,364;232,927;9,142.59;21,376;5,311;266;10.44;0;0;0;0;0;113;4.43;9;454;17.81;34;14;1.7;0;0;0;0;8;4;236;9.26;20;182;7.14;16;0;25;0;13;0;0;0;0;14;0.34;0;46;13;18;14;4;9;170;6.67;17;43:24;01:42;03:15;0;0;0;0;0;0;0;0;17;0.66;3;0;0;0;0;0;0;5 hours;45:16;0;0;0;0;0;0;0;50%
Bobosa-3106;0;0;19;467;5.37;10;0;0;0;0;0;1,651,737;19,006;34,601;1,025,262;11,797.21;23,678;6,363;1,009;11.61;0;0;0;0;0;489;5.62;14;1,969;22.65;40;22;1.95;0;0;0;0;24;6;990;11.39;22;717;8.25;15;42;87;3;42;0;0;0;0;22;0;0;235;93;66;76;6;51;682;7.84;19;02:18:32;01:35;03:03;0;0;0;0;0;0;0;0;130;1.49;4;0;0;0;0;0;0;18 hours;03:01:45;0;0;0;0;12;0;0;47%
brian-31216;3312;0;0;1;1;1;0;0;0;0;0;21,966;21,966;21,966;11,141;11,141.22;11,141;2,286;13;13;0;0;0;0;0;9;9;9;22;22;22;6;1.69;0;0;0;0;0;0;11;11;11;3;3;3;0;0;0;1;0;0;0;0;6;0;0;0;1;0;0;0;0;14;14;14;02:57;02:57;02:57;0;0;0;0;0;0;0;0;0;0;0;0;0;0;0;0;0;3.7618839908391237 seconds;02:06;0;0;0;0;0;0;0;100%
BriBrii-2647;1225;0;1;13;2.98;6;0;0;0;0;0;46,150;10,603;14,977;22,637;5,200.91;7,823;1,391;45;10.33;0;0;0;0;0;8;1.83;3;53;12.17;16;6;1.17;0;0;0;0;1;1;26;5.97;9;23;5.28;6;2;4;0;2;0;0;0;0;6;0;0;4;1;3;1;0;0;16;3.67;7;03:36;00:49;01:46;0;0;0;0;0;0;0;0;4;0.91;2;0;0;0;0;0;0;43 minutes;01:27;0;0;0;0;0;0;0;45%
buff4eyes-1647;45;0;6;131;4.89;8;0;0;0;0;0;467,904;17,489;25,452;225,380;8,424.13;11,033;3,449;323;12.07;0;0;0;0;0;99;3.7;7;557;20.81;38;9;1.72;0;0;0;0;21;3;332;12.4;21;194;7.25;14;0;27;0;13;0;0;0;0;9;0;0;66;29;15;22;3;5;212;7.92;16;33:34;01:15;03:13;0;0;0;0;0;0;0;0;93;3.47;5;0;0;0;0;0;0;6 hours;21:56;0;0;0;0;0;0;0;47%
burii-11667;0;0;0;4;2.82;4;0;0;0;0;0;23,581;16,672;15,196;24,096;17,035.6;16,440;3,717;24;16.96;0;0;0;0;0;15;10.6;12;44;31.1;32;14;1.83;0;0;0;0;0;0;19;13.43;15;12;8.48;9;1;1;0;1;0;0;0;0;14;0;0;6;4;0;2;5;1;27;19.08;21;04:57;03:30;03:57;0;0;0;0;0;0;0;0;0;0;0;0;0;0;0;0;0;25 minutes;02:58;0;0;0;0;0;0;0;37%
cacaron-1244;3164;0;1;11;4.41;5;0;0;0;0;0;64,740;26,009;34,777;30,157;12,115.21;16,605;5,204;23;9.24;0;0;0;0;0;22;8.83;14;68;27.31;42;12;2.95;0;0;0;0;0;0;33;13.25;17;16;6.42;8;0;2;0;2;0;0;0;0;12;0;0;5;1;2;1;5;2;36;14.46;28;05:38;02:15;04:27;0;0;0;0;0;0;0;0;3;1.2;2;0;0;0;0;0;0;34 minutes;06:54;0;0;0;0;0;0;0;100%
Calvin-1337;4187;0;1;2;1.29;2;0;0;0;0;0;26,703;17,351;11,549;18,658;12,123.7;14,461;8,441;10;6.49;0;0;0;0;0;6;3.89;5;20;12.99;16;7;2;0;0;0;0;0;0;13;8.44;11;9;5.84;6;1;2;0;1;0;0;0;0;7;0;0;5;2;1;2;3;1;9;5.84;8;01:05;00:42;00:43;0;0;0;0;0;0;0;0;2;1.29;1;0;0;0;0;0;0;15 minutes;01:45;0;0;0;0;0;0;0;60%
Camou-1349;3855;0;1;11;3;6;0;0;0;0;0;50,597;13,822;19,224;32,632;8,914.53;10,672;3,656;18;4.91;0;0;0;0;0;29;7.92;12;90;24.58;29;17;5;0;0;0;0;1;1;37;10.1;13;31;8.46;14;0;4;0;4;0;0;0;0;17;0;0;6;2;1;4;5;7;28;7.64;14;04:58;01:21;02:05;0;0;0;0;0;0;0;0;4;1.09;3;0;0;0;0;0;0;39 minutes;05:25;0;0;0;0;0;0;0;100%
Capriccioso-1214;42;0;0;17;4.78;7;0;0;0;0;0;41,916;11,793;11,841;24,904;7,006.57;10,859;1,874;57;16.03;0;0;0;0;0;4;1.12;3;58;16.31;26;6;1.01;0;0;0;0;1;0;41;11.53;21;15;4.22;3;0;4;0;1;0;0;0;0;6;0;0;9;2;3;4;0;0;22;6.18;13;04:32;01:16;02:08;0;0;0;0;0;0;0;0;9;2.53;6;0;0;0;0;0;0;43 minutes;01:07;0;0;0;0;0;0;0;36%
CaptainEVS-1315;80;0;3;20;4.04;5;0;0;0;0;0;99,797;20,179;24,721;46,005;9,301.97;8,626;3,718;58;11.72;0;0;0;0;0;28;5.66;6;123;24.87;31;17;2.12;0;0;0;0;2;2;58;11.72;14;36;7.27;10;0;5;0;4;62,669;12,671.54;0;85;17;0;0;13;8;1;4;3;2;46;9.3;15;06:56;01:24;01:46;0;0;0;0;0;0;0;0;11;2.22;3;0;0;0;0;0;0;1 hour;04:58;0;0;0;0;0;0;0;81%
CERT-3809;2539;0;3;22;4.58;10;0;0;0;0;0;96,281;20,046;23,109;36,609;7,621.88;9,063;2,968;41;8.53;0;0;0;0;0;18;3.74;7;85;17.69;26;8;2.07;0;0;0;0;1;0;53;11.03;16;25;5.2;7;1;5;0;3;0;0;0;0;8;0;0;8;3;2;3;0;0;42;8.74;13;05:29;01:08;01:22;0;0;0;0;0;0;0;0;10;2.08;3;0;0;0;0;0;0;1 hour;05:56;0;0;0;0;0;0;0;71%
City-11726;2824;0;0;2;2;2;0;0;0;0;0;16,431;16,431;16,431;6,703;6,702.62;6,703;1,728;4;4;0;0;0;0;0;3;3;3;20;20;20;6;5;0;0;0;0;0;0;7;7;7;8;8;8;0;1;0;1;0;0;0;0;6;0;0;2;2;0;0;0;0;11;11;11;01:09;01:09;01:09;0;0;0;0;0;0;0;0;0;0;0;0;0;0;0;0;0;9 minutes;01:03;0;0;0;0;0;0;0;100%
ClarieFarron-11811;2703;0;2;20;2.72;5;0;0;0;0;0;133,639;18,188;24,747;103,276;14,055.81;22,369;6,930;80;10.88;0;0;0;0;0;42;5.71;12;217;29.53;49;23;2.71;0;0;0;0;3;1;112;15.24;32;81;11.02;17;4;7;0;4;0;0;0;0;23;0;0;17;9;4;5;4;6;78;10.61;17;14:32;01:58;03:13;0;0;0;0;0;0;0;0;16;2.17;7;0;0;0;0;0;0;1 hour;21:03;0;0;0;0;0;0;0;49%
clockwise-11369;3706;0;0;7;4.18;3;0;0;0;0;0;51,881;31,011;18,394;21,089;12,605.68;7,165;5,430;16;9.56;0;0;0;0;0;9;5.37;4;41;24.5;16;12;2.56;0;0;0;0;0;0;18;10.75;7;12;7.17;5;1;2;0;0;0;0;0;0;12;0;0;5;2;2;1;3;1;4;2.39;3;02:32;01:31;01:52;0;0;0;0;0;0;0;0;1;0.59;1;0;0;0;0;0;0;27 minutes;02:10;0;0;0;0;0;0;0;23%
cocco-2188;0;0;2;8;3.64;6;0;0;0;0;0;45,099;20,560;20,941;25,601;11,671.1;15,745;7,803;4;1.82;0;0;0;0;0;10;4.55;7;49;22.33;25;12;12.25;0;0;0;0;0;0;16;7.29;7;22;10.02;11;0;2;0;2;0;0;0;0;12;0;0;5;2;3;0;5;2;27;12.3;14;06:16;02:51;02:31;0;0;0;0;0;0;0;0;2;0.91;1;0;0;0;0;0;0;21 minutes;02:48;0;0;0;0;0;0;0;91%
Cohias-1934;3115;0;0;16;3.95;5;0;0;0;0;0;92,997;22,997;15,262;49,190;12,163.82;7,809;3,224;54;13.35;0;0;0;0;0;18;4.45;4;117;28.93;28;11;2.16;0;0;0;0;1;1;63;15.57;13;48;11.86;10;2;4;0;2;0;0;0;0;11;0;0;11;4;4;2;3;1;47;11.62;15;08:16;02:02;02:23;0;0;0;0;0;0;0;0;4;0.98;2;0;0;0;0;0;0;57 minutes;10:45;0;0;0;0;0;0;0;47%
cowbama-4260;2598;0;2;12;2.91;4;0;0;0;0;0;73,437;17,820;23,419;34,181;8,294.24;12,245;2,788;41;9.94;0;0;0;0;0;23;5.58;11;82;19.89;29;13;2;0;0;0;0;2;1;38;9.22;11;25;6.06;12;1;4;0;3;0;0;0;0;13;0;0;9;2;4;2;5;3;27;6.55;8;04:35;01:06;02:14;0;0;0;0;0;0;0;0;6;1.45;2;0;0;0;0;0;0;50 minutes;04:43;0;0;0;0;0;0;0;81%
CRA2YDOG-3822;2743;0;5;36;3.81;5;0;0;0;0;0;256,556;27,191;30,893;112,657;11,939.81;20,524;4,473;110;11.65;0;0;0;0;0;50;5.29;8;221;23.42;43;14;2;0;0;0;0;0;2;118;12.5;18;88;9.32;21;4;9;0;6;0;0;0;0;14;0;0;23;10;6;7;3;4;100;10.59;22;17:35;01:51;02:34;0;0;0;0;0;0;0;0;21;2.22;3;0;0;0;0;0;0;2 hours;33:25;0;0;0;0;9;0;0;60%
Crazdog-3857;2820;0;16;187;4.02;11;0;0;0;0;0;912,961;19,628;37,376;511,993;11,007.74;18,147;4,846;561;12.06;0;0;0;0;0;240;5.15;11;1,053;22.63;45;15;1.87;0;0;0;0;17;7;574;12.34;28;311;6.68;16;19;47;2;25;0;0;0;0;15;0;0;114;40;35;39;4;18;445;9.56;26;01:27:48;01:53;04:14;0;0;0;0;0;0;0;0;61;1.31;6;0;0;0;0;0;0;10 hours;01:35:23;0;0;0;0;10;0;0;54%
Crowner-31484;4074;0;2;8;3;5;0;0;0;0;0;54,022;20,302;28,790;248;3,146.29;248;248;2;25.36;0;0;0;0;0;7;2.63;5;1;12.68;1;1;0.5;0;0;0;0;1;1;21;7.89;11;13;4.88;7;0;0;0;0;0;0;0;0;1;0;0;0;0;3;0;3;1;31;11.65;16;05:51;02:11;03:11;0;0;0;0;0;0;11;5;5;1.87;4;0;0;0;0;0;0;1 minute;03:02;0;0;0;0;1;45%;0;30%
CtrlAltL337-1674;58;0;46;507;3.99;11;0;0;0;0;0;2,331,823;18,388;42,330;1,207,937;9,525.18;21,701;5,290;1,503;11.85;0;0;0;0;0;613;4.83;16;2,584;20.37;45;14;1.71;0;0;0;0;37;16;1,392;10.97;25;900;7.09;17;0;127;0;71;0;0;0;0;14;0.34;0;324;86;130;109;5;45;1,111;8.76;26;04:19:42;02:02;03:58;0;0;0;0;0;0;0;0;213;1.67;7;0;0;0;4;0;0;27 hours;03:57:01;0;0;0;0;0;0;0;56%
Danny-3127;0;0;0;5;2.5;5;0;0;0;0;0;16,890;8,445;16,576;14,628;7,313.78;14,558;8,376;8;4;0;0;0;0;0;4;2;4;26;13;26;17;3.25;0;0;0;0;0;0;19;9.5;19;6;3;6;2;2;0;0;0;0;0;0;17;0;0;0;0;0;0;0;0;18;9;18;02:57;01:28;02:57;0;0;0;0;0;0;0;0;2;1;2;0;0;0;0;0;0;13 minutes;01:42;0;0;0;0;0;0;0;0
Darkaz-6141;3705;0;15;152;3.48;9;0;0;0;0;0;941,035;21,586;36,067;461,943;10,596.24;16,726;5,965;374;8.57;0;0;0;0;0;270;6.19;15;948;21.74;38;15;2.53;0;0;0;0;9;3;430;9.86;18;348;7.98;15;16;44;3;24;0;0;0;0;15;0;0;104;45;25;33;5;26;422;9.68;19;01:17:50;01:47;04:12;0;0;0;0;0;0;0;0;35;0.8;3;0;0;0;1;0;0;9 hours;01:11:43;0;0;0;0;9;0;0;56%
DeerFanning-1832;3281;0;1;13;3.07;4;0;0;0;0;0;94,893;22,446;23,864;53,018;12,541.09;11,758;3,477;47;11.11;0;0;0;0;0;16;3.78;7;67;15.84;24;9;1.42;0;0;0;0;0;0;31;7.33;13;23;5.44;8;2;4;0;2;0;0;0;0;9;0;0;6;1;1;4;4;2;28;6.62;9;09:06;02:09;02:45;0;0;0;0;0;0;0;0;1;0.23;1;0;0;0;0;0;0;54 minutes;03:33;0;0;0;0;0;0;0;47%
delave-1113;4000;0;0;1;2.19;1;0;0;0;0;0;7,558;16,582;7,558;2,291;5,026.93;2,291;670;7;15.35;0;0;0;0;0;1;2.19;1;7;15.35;7;4;1;0;0;0;0;0;0;1;2.19;1;5;10.97;5;0;0;0;0;0;0;0;0;4;0;0;0;0;0;0;4;1;0;0;0;00:19;00:42;00:19;0;0;0;0;0;0;0;0;0;0;0;0;0;0;0;0;0;5 minutes;0;0;0;0;0;0;0;0;100%
DERPGUYZ-1495;2481;0;1;6;2.4;3;0;0;0;0;0;21,035;8,418;6,186;17,354;6,945.33;5,013;3,150;26;10.4;0;0;0;0;0;3;1.2;2;32;12.8;13;8;1.23;0;0;0;0;0;0;16;6.4;7;9;3.6;4;1;2;0;2;0;0;0;0;8;0;0;7;2;3;2;0;0;8;3.2;3;02:22;00:57;01:03;0;0;0;0;0;0;0;0;7;2.8;4;0;0;0;0;0;0;21 minutes;02:34;0;0;0;0;2;0;0;78%
DerpHead-3508;2487;0;0;1;6.1;1;0;0;0;0;0;2,149;13,121;1,374;1,444;8,814.26;1,444;1,125;4;24.42;0;0;0;0;0;0;0;0;3;18.31;3;2;0.75;0;0;0;0;0;0;1;6.1;1;0;0;0;0;0;0;0;0;0;0;0;2;0;0;0;0;0;0;0;0;2;12.21;2;00:11;01:12;00:11;0;0;0;0;0;0;0;0;0;0;0;0;0;0;0;0;0;2 minutes;0;0;0;0;0;0;0;0;75%
Deso-11717;2903;0;1;4;2.62;3;0;0;0;0;0;34,313;22,533;16,075;19,723;12,952.26;14,078;5,349;10;6.56;0;0;0;0;0;18;11.82;14;46;30.2;37;16;4.59;0;0;0;0;0;0;20;13.13;15;14;9.19;7;1;2;0;1;0;0;0;0;16;0;0;5;1;2;1;4;3;20;13.13;16;03:26;02:15;02:25;0;0;0;0;0;0;0;0;2;1.31;2;0;0;0;0;0;0;17 minutes;05:31;0;0;0;0;0;0;0;59%
DethroneME-1224;0;0;0;0;0;0;0;0;0;0;0;18,201;18,065;10,229;6,473;6,425.01;3,710;2,590;6;5.95;0;0;0;0;0;5;4.96;3;18;17.86;10;8;3;0;0;0;0;0;0;9;8.93;6;5;4.96;3;0;1;0;1;0;0;0;0;8;0;0;4;1;1;1;4;1;5;4.96;3;00:35;00:34;00:24;0;0;0;0;0;0;0;0;0;0;0;0;0;0;0;0;0;10 minutes;01:58;0;0;0;0;0;0;0;91%
DevjlCloudVN-1911;3102;0;6;63;4.37;9;0;0;0;0;0;219,303;15,231;30,438;176,588;12,264;22,052;5,020;148;10.27;0;0;0;0;0;79;5.48;12;386;26.8;49;15;2.6;0;0;0;0;4;2;234;16.25;30;121;8.4;14;0;0;0;7;0;0;0;0;15;0;0;0;0;0;0;3;7;117;8.12;18;23:08;01:36;02:52;0;0;0;0;0;0;0;0;36;2.5;5;0;0;0;0;0;0;4.650072991847992 seconds;41:48;0;0;0;0;0;0;0;51%
doGsInaT-1838;3173;0;3;26;2.26;6;0;0;0;0;0;175,356;15,257;28,084;118,945;10,348.63;15,206;5,657;77;6.69;0;0;0;0;0;67;5.82;8;280;24.36;40;13;3.63;0;0;0;0;4;1;129;11.22;27;114;9.91;18;1;11;0;10;0;0;0;0;13;0;0;26;14;3;8;4;6;88;7.65;15;15:00;01:18;02:32;0;0;0;0;0;0;0;0;9;0.78;2;0;0;0;0;0;0;2 hours;26:15;0;0;0;0;0;0;0;90%
Doubted-11183;3492;0;10;132;4.36;7;0;0;0;0;0;584,529;19,340;30,138;297,401;9,839.77;17,374;6,497;179;5.92;0;0;0;0;0;173;5.72;10;679;22.46;40;16;3.79;0;0;0;0;7;4;324;10.71;21;266;8.8;15;6;30;1;23;0;0;0;0;16;0;0;64;29;21;14;5;19;276;9.13;23;58:40;01:56;03:45;0;0;0;0;0;0;0;0;35;1.15;4;0;0;0;0;0;0;6 hours;01:06:04;0;0;0;0;3;0;0;76%
Drewbiez-6476;66;0;3;29;4.23;8;0;0;0;0;0;135,624;19,824;23,356;995;28,800.17;995;975;1;28.94;0;0;0;0;0;26;3.8;6;132;19.29;31;10;1.8;0;0;0;0;1;0;68;9.93;20;53;7.74;14;4;0;0;0;0;0;0;0;10;0;0;0;0;4;0;3;4;56;8.18;10;11:36;01:41;02:09;0;0;0;0;0;0;94;66;13;1.9;3;0;0;0;0;0;0;31.36762000247836 seconds;13:45;0;0;0;0;5;70%;0;100%
Dylandy-1189;0;0;1;6;3.92;5;0;0;0;0;0;26,023;17,014;20,230;18,437;12,054.25;9,865;2,544;23;15.03;0;0;0;0;0;7;4.57;4;47;30.72;26;8;2.04;0;0;0;0;1;0;28;18.3;18;14;9.15;9;0;2;0;1;0;0;0;0;0;0;0;3;1;1;2;4;1;20;13.07;11;03:52;02:31;02:40;0;0;0;0;0;0;0;0;7;4.57;4;0;0;0;0;0;0;23 minutes;06:36;0;0;0;0;0;0;0;61%
eibwen-3372;3906;0;0;1;7.62;1;0;0;0;0;0;2,346;17,894;2,346;546;4,167.68;546;340;2;15.25;0;0;0;0;0;0;0;0;1;7.62;1;1;0.5;0;0;0;0;0;0;1;7.62;1;0;0;0;0;0;0;0;0;0;0;0;1;0;0;0;0;0;0;0;0;0;0;0;0;0;0;0;0;0;0;0;0;0;0;0;0;0;0;0;0;0;0;0;1 minute;0;0;0;0;0;0;0;0;0
elic-3246;2437;0;2;6;3.02;5;0;0;0;0;0;72,116;36,414;42,347;30,712;15,507.75;17,550;5,267;25;12.62;0;0;0;0;0;14;7.06;12;52;26.25;30;10;2.08;0;0;0;0;0;0;23;11.61;15;24;12.11;14;1;2;0;1;0;0;0;0;10;0;0;8;3;2;3;3;1;22;11.1;11;08:14;04:09;05:10;0;0;0;0;0;0;0;0;3;1.51;3;0;0;0;0;0;0;34 minutes;01:45;0;0;0;0;0;0;0;49%
Elir-11927;69;0;0;1;2.24;1;0;0;0;0;0;16,759;37,587;16,759;3,755;8,423.03;3,755;1,590;6;13.45;0;0;0;0;0;2;4.48;2;4;8.97;4;4;0.66;0;0;0;0;0;0;1;2.24;1;0;0;0;0;0;0;0;0;0;0;0;4;0;0;0;0;0;0;0;0;0;0;0;00:46;01:43;00:46;0;0;0;0;0;0;0;0;0;0;0;0;0;0;0;0;0;7 minutes;0;0;0;0;0;0;0;0;0
ende-3181;2191;0;0;1;0.75;1;0;0;0;0;0;29,041;21,919;11,415;7,508;5,666.8;3,855;1,078;18;13.58;0;0;0;0;0;0;0;0;12;9.05;5;3;0.66;0;0;0;0;0;0;4;3.01;2;6;4.52;3;1;1;0;0;0;0;0;0;3;0;0;1;0;0;1;0;0;7;5.28;3;02:24;01:48;01:11;0;0;0;0;0;0;0;0;2;1.5;1;0;0;0;0;0;0;17 minutes;0;0;0;0;0;0;0;0;24%
EnumaElish-3343;3604;0;0;8;3.5;5;0;0;0;0;0;45,421;19,907;19,562;19,515;8,552.96;9,119;3,227;23;10.08;0;0;0;0;0;9;3.94;6;45;19.72;27;10;1.95;0;0;0;0;0;0;25;10.95;16;17;7.45;10;0;2;0;2;0;0;0;0;10;0;0;4;3;1;0;3;2;13;5.69;8;03:48;01:40;02:56;0;0;0;0;0;0;0;0;2;0.87;2;0;0;0;0;0;0;27 minutes;00:48;0;0;0;0;0;0;0;96%
Eso-3710;0;0;0;1;1.92;1;0;0;0;0;0;10,845;20,892;6,729;5,691;10,963.03;4,548;1,738;6;11.55;0;0;0;0;0;1;1.92;1;9;17.33;7;4;1.5;0;0;0;0;0;0;5;9.63;4;1;1.92;1;1;1;0;0;0;0;0;0;4;0;0;1;1;0;0;0;0;4;7.7;3;01:21;02:37;01:15;0;0;0;0;0;0;0;0;1;1.92;1;0;0;0;0;0;0;6 minutes;0;0;0;0;0;0;0;0;0
eXile1cK-1643;2867;0;0;41;4.11;6;0;0;0;0;0;86,899;8,723;12,672;88,212;8,854.84;10,924;3,971;93;9.33;0;0;0;0;0;34;3.41;5;142;14.25;17;8;1.52;0;0;0;0;4;2;74;7.42;9;55;5.52;7;4;10;2;4;0;0;0;0;8;0;0;26;11;7;8;3;1;59;5.92;9;12:03;01:12;02:59;0;0;0;0;0;0;0;0;14;1.4;2;0;0;0;0;0;0;1 hour;06:46;0;0;0;0;0;0;0;37%
Exodia-11437;3777;0;2;8;2.51;4;0;0;0;0;0;49,602;15,575;13,205;36,592;11,489.73;14,407;4,231;34;10.67;0;0;0;0;0;26;8.16;11;69;21.66;30;7;2.02;0;0;0;0;0;1;27;8.47;13;33;10.36;17;2;3;0;2;0;0;0;0;7;0;0;6;1;3;3;5;4;24;7.53;11;07:11;02:15;02:42;0;0;0;0;0;0;0;0;1;0.31;1;0;0;0;0;0;0;37 minutes;05:59;0;0;0;0;0;0;0;51%
Faith-1102;50;0;0;7;2.69;5;0;0;0;0;0;58,722;22,599;22,454;19,622;7,551.63;9,294;4,059;30;11.54;0;0;0;0;0;12;4.61;7;52;20.01;25;6;1.73;0;0;0;0;1;1;28;10.77;14;10;3.84;5;0;3;0;1;0;0;0;0;6;0;0;7;1;3;3;3;1;17;6.54;7;04:55;01:53;02:04;0;0;0;0;0;0;0;0;11;4.23;7;0;0;0;0;0;0;36 minutes;05:03;0;0;0;0;0;0;0;56%
fenner-1643;3668;0;2;7;1.58;2;0;0;0;0;0;117,862;26,618;28,972;37,803;8,537.32;9,842;3,309;40;9.03;0;0;0;0;0;13;2.93;4;70;15.8;25;8;1.75;0;0;0;0;0;0;29;6.54;17;17;3.83;7;1;4;0;3;0;0;0;0;8;0;0;11;4;3;4;4;2;35;7.9;14;11:14;02:32;04:25;0;0;0;0;0;0;0;0;2;0.45;1;0;0;0;0;0;0;53 minutes;01:43;0;0;0;0;0;0;0;67%
fighteR-2604;63;0;0;6;5.17;3;0;0;0;0;0;33,386;28,769;22,453;12,674;10,921.25;8,297;2,345;12;10.34;0;0;0;0;0;10;8.61;7;33;28.43;23;7;2.75;0;0;0;0;0;0;15;12.92;8;7;6.03;4;0;1;0;0;0;0;0;0;0;0;0;3;2;0;1;3;2;11;9.47;10;03:41;03:10;03:21;0;0;0;0;0;0;0;0;0;0;0;0;0;0;0;0;0;14 minutes;06:45;0;0;0;0;0;0;0;42%
Flame-12415;2806;0;106;1,358;4.27;10;0;0;0;0;0;5,569,391;17,529;46,152;3,012,961;9,482.67;29,207;6,459;3,226;10.15;0;0;0;0;0;1,544;4.85;16;6,587;20.73;55;23;2.04;0;0;0;0;91;24;3,501;11.01;31;2,002;6.3;19;150;318;8;160;0;0;0;0;23;0;0;665;270;162;233;5;122;2,543;8;28;08:06:02;01:31;05:15;0;0;0;0;0;0;0;0;496;1.56;10;0;0;0;3;0;0;64 hours;06:58:11;0;0;0;0;55;0;0;50%
flyby-11830;3830;0;2;33;4.71;9;0;0;0;0;0;135,592;19,370;39,255;75,498;10,785.46;29,247;3,117;63;9;0;0;0;0;0;23;3.28;7;122;17.42;41;9;1.93;0;0;0;0;5;5;70;10;27;36;5.14;12;6;7;0;1;0;0;0;0;9;0;0;12;2;3;7;4;4;49;7;17;11:03;01:34;02:56;0;0;0;0;0;0;0;0;12;1.71;4;0;0;0;0;0;0;1 hour;10:07;0;0;0;0;0;0;0;14%
Forsak3n-2206;75;0;1;0;0;0;0;0;0;0;0;1,931;8,950;1,931;75;347.57;75;75;0;0;0;0;0;0;0;0;0;0;0;0;0;0;0;0;0;0;0;0;0;0;0;0;0;0;0;0;0;0;0;0;0;0;0;0;0;0;0;0;0;0;0;0;0;0;0;00:18;01:26;00:18;0;0;0;0;0;0;0;0;0;0;0;0;0;0;0;0;0;1 minute;0;0;0;0;0;0;0;0;100%
Frostnium-1430;2424;0;2;37;3.75;8;0;0;0;0;0;214,970;21,792;20,995;110,683;11,220.26;14,226;4,628;122;12.36;0;0;0;0;0;52;5.27;10;241;24.43;33;11;1.97;0;0;0;0;2;2;117;11.86;18;92;9.32;13;6;10;1;4;0;0;0;10;11;0;0;23;7;7;9;4;4;98;9.93;13;21:12;02:08;03:19;0;0;0;0;0;0;0;0;20;2.02;6;0;0;0;0;0;0;2 hours;17:34;0;0;0;0;1;0;0;36%
Frosty-3647;3980;0;1;4;5.67;4;0;0;0;0;0;12,776;18,132;10,501;8,941;12,689.76;7,411;2,840;7;9.93;0;0;0;0;0;7;9.93;6;22;31.22;20;9;3.14;0;0;0;0;0;0;13;18.44;13;3;4.25;3;0;1;0;1;0;0;0;0;9;0;0;2;0;1;1;3;2;7;9.93;5;00:34;00:48;00:17;0;0;0;0;0;0;0;0;2;2.83;2;0;0;0;0;0;0;10 minutes;02:36;0;0;0;0;0;0;0;95%
Galactic-21329;47;0;1;9;4.88;6;0;0;0;0;0;41,100;22,307;17,264;10,481;5,688.54;4,406;1,565;25;13.56;0;0;0;0;0;7;3.79;3;28;15.19;13;4;1.12;0;0;0;0;0;0;16;8.68;8;7;3.79;4;0;2;0;0;0;0;0;0;4;0;0;5;3;0;2;3;1;12;6.51;5;02:39;01:26;01:40;0;0;0;0;0;0;0;0;6;3.25;3;0;0;0;0;0;0;24 minutes;05:25;0;0;0;0;0;0;0;10%
GambleRumble-1509;3583;0;2;15;1.75;4;0;0;0;0;0;128,309;14,998;17,374;79,945;9,344.49;10,394;4,224;81;9.46;0;0;0;0;0;28;3.27;5;112;13.09;19;12;1.38;0;0;0;0;1;0;58;6.77;10;44;5.14;8;7;9;0;2;0;0;0;0;12;0;0;19;9;5;5;4;4;30;3.5;6;07:14;00:50;02:11;0;0;0;0;0;0;0;0;1;0.11;1;0;0;0;0;0;0;1 hour;04:09;0;0;0;0;0;0;0;22%
GH4NA-1439;2926;0;0;1;1.76;1;0;0;0;0;0;9,850;17,415;8,330;6,248;11,046.66;5,613;2,791;5;8.84;0;0;0;0;0;3;5.3;3;16;28.28;16;11;3.2;0;0;0;0;0;0;8;14.14;8;6;10.6;6;0;1;0;1;0;0;0;0;11;0;0;1;1;1;0;0;0;8;14.14;8;00:32;00:58;00:32;0;0;0;0;0;0;0;0;0;0;0;0;0;0;0;0;0;7 minutes;01:25;0;0;0;0;0;0;0;89%
GhostDragon-153648;3026;0;6;90;2.93;10;0;0;0;0;0;321,523;10,488;15,143;251,788;8,213.34;20,635;8,947;315;10.27;0;0;0;0;0;100;3.26;10;481;15.69;35;18;1.52;0;0;0;0;11;6;292;9.52;25;120;3.91;13;12;31;3;15;0;0;0;0;18;0;0;69;22;25;22;4;10;212;6.91;20;55:57;01:49;05:41;0;0;0;0;0;0;0;0;51;1.66;5;0;0;0;0;0;0;5 hours;39:05;0;0;0;0;17;0;0;49%
ginter-3695;2199;0;8;21;1.95;5;0;0;0;0;0;207,623;19,313;32,918;47,496;4,418.03;7,944;2,522;87;8.09;0;0;0;0;0;24;2.23;5;98;9.11;17;7;1.12;0;0;0;0;0;0;52;4.83;10;38;3.53;7;5;11;1;5;0;0;0;0;7;0;0;12;2;7;4;4;1;25;2.32;7;13:22;01:14;04:06;0;0;0;0;0;0;0;0;8;0.74;2;0;0;0;0;0;0;1 hour;07:03;0;0;0;0;3;0;0;46%
GluhenRose-1558;2639;0;17;121;5.01;15;0;0;0;0;0;525,117;21,744;46,830;307,681;12,740.37;26,731;11,214;251;10.39;0;0;0;0;0;118;4.88;12;663;27.45;70;34;2.64;0;0;0;0;15;6;376;15.56;46;230;9.52;22;9;24;1;14;0;0;0;0;34;0;0;65;17;24;24;5;9;285;11.8;29;56:58;02:21;05:50;0;0;0;0;0;0;0;0;39;1.61;8;0;0;0;0;0;0;5 hours;01:04:40;0;0;0;0;2;0;0;58%
GoDLuci-1127;3686;0;2;40;2.7;8;0;0;0;0;0;291,535;19,693;33,520;134,221;9,066.55;14,955;3,313;184;12.42;0;0;0;0;0;62;4.18;6;279;18.84;32;14;1.51;0;0;0;0;8;3;151;10.19;17;81;5.47;15;9;15;1;5;0;0;0;0;14;0;0;30;16;5;9;5;7;110;7.43;20;20:01;01:21;02:18;0;0;0;0;0;0;0;0;25;1.68;4;0;0;0;0;0;0;3 hours;14:17;0;0;0;0;1;0;0;33%
Gods-1217;4059;0;5;34;3.81;7;0;0;0;0;0;178,465;20,016;25,254;104,102;11,675.41;13,446;6,242;80;8.97;0;0;0;0;0;61;6.84;12;209;23.44;35;16;2.61;0;0;0;0;6;2;121;13.57;24;65;7.28;9;4;9;0;5;0;0;0;0;16;0;0;31;9;11;12;3;5;58;6.5;11;16:22;01:50;02:06;0;0;0;0;0;0;0;0;16;1.79;4;0;0;0;1;0;0;1 hour;23:31;0;0;0;0;1;0;0;55%
Goosen-21913;2723;0;1;1;0.59;1;0;0;0;0;0;29,414;17,499;11,628;10,670;6,347.98;2,914;1,377;18;10.7;0;0;0;0;0;7;4.16;3;20;11.89;7;4;1.11;0;0;0;0;0;0;8;4.75;3;8;4.75;2;1;2;0;0;0;0;0;0;4;0;0;3;2;0;1;3;1;11;6.54;5;01:39;00:59;01:02;0;0;0;0;0;0;0;0;0;0;0;0;0;0;0;0;0;15 minutes;00:11;0;0;0;0;0;0;0;26%
Graceful-2412;87;0;23;124;2.96;9;0;0;0;0;0;1,060,005;25,342;43,667;416,819;9,965.12;21,198;4,324;433;10.35;0;0;0;0;0;202;4.82;13;894;21.37;48;15;2.06;0;0;0;0;13;1;427;10.2;19;321;7.67;18;0;42;0;34;0;0;0;0;15;0;0;78;41;15;22;5;23;308;7.36;19;01:15:46;01:48;03:21;0;0;0;0;0;0;0;0;47;1.12;3;0;0;0;0;0;0;9 hours;01:25:28;0;0;0;0;0;0;0;80%
Grifster-21910;57;0;3;12;3.53;7;0;0;0;0;0;51,873;15,285;21,634;17,611;5,189.49;9,789;1,952;31;9.13;0;0;0;0;0;6;1.76;5;40;11.78;26;6;1.29;0;0;0;0;1;0;27;7.95;18;6;1.76;3;0;3;0;1;0;0;0;0;6;0;0;7;3;3;1;0;0;11;3.24;4;06:09;01:48;03:00;0;0;0;0;0;0;0;0;2;0.58;1;0;0;0;0;0;0;34 minutes;04:18;0;0;0;0;0;0;0;31%
hakyuuu-2706;0;0;1;7;5.24;7;0;0;0;0;0;37,593;28,142;34,803;17,645;13,209.25;15,729;3,316;18;13.47;0;0;0;0;0;9;6.73;9;39;29.19;38;10;2.16;0;0;0;0;1;0;29;21.7;28;6;4.49;5;1;1;0;0;0;0;0;0;10;0;0;3;1;1;1;3;1;24;17.96;24;05:21;04:00;05:16;0;0;0;0;0;0;0;0;5;3.74;5;0;0;0;0;0;0;22 minutes;04:31;0;0;0;0;0;0;0;25%
Hallowed-11808;2942;0;6;105;4.55;12;0;0;0;0;0;324,656;14,090;22,919;209,989;9,113.53;15,809;5,895;233;10.11;0;0;0;0;0;95;4.12;8;443;19.22;40;12;1.9;0;0;0;0;8;3;227;9.85;23;138;5.98;10;10;23;0;13;0;0;0;0;12;0;0;53;26;7;20;5;7;156;6.77;29;34:31;01:29;05:12;0;0;0;0;0;0;0;0;33;1.43;4;0;0;0;0;0;0;4 hours;32:56;0;0;0;0;3;0;0;54%
Hamnett-3532;0;0;0;1;1.01;1;0;0;0;0;0;26,084;26,548;18,525;8,770;8,926.05;7,516;2,079;10;10.17;0;0;0;0;0;4;4.07;4;18;18.32;17;6;1.8;0;0;0;0;0;0;4;4.07;3;4;4.07;4;0;1;0;1;0;0;0;0;6;0;0;2;1;1;1;0;0;6;6.1;5;02:03;02:05;01:39;0;0;0;0;0;0;0;0;0;0;0;0;0;0;0;0;0;12 minutes;01:04;0;0;0;0;0;0;0;68%
HappyPants-1658;3503;0;6;34;4.1;7;0;0;0;0;0;169,510;20,481;32,813;98,092;11,852.1;17,743;5,191;93;11.23;0;0;0;0;0;45;5.43;13;192;23.19;40;14;2.06;0;0;0;0;4;0;109;13.17;22;65;7.85;21;4;8;0;4;0;0;0;0;14;0;0;21;8;4;10;3;5;75;9.06;13;12:18;01:29;02:37;0;0;0;0;0;0;0;0;9;1.08;2;0;0;0;0;0;0;1 hour;13:58;0;0;0;0;2;0;0;49%
HAVATITE-1990;2718;0;0;1;2.07;1;0;0;0;0;0;6,908;14,341;4,014;2,856;5,929.73;2,086;745;5;10.37;0;0;0;0;0;1;2.07;1;8;16.6;8;4;1.6;0;0;0;0;0;0;4;8.3;4;0;0;0;0;0;0;0;0;0;0;0;4;0;0;1;0;1;0;0;0;1;2.07;1;00:26;00:54;00:19;0;0;0;0;0;0;0;0;0;0;0;0;0;0;0;0;0;5 minutes;0;0;0;0;0;0;0;0;0
HEEYA-3357;2300;0;7;52;2.74;5;0;0;0;0;0;389,876;20,565;31,143;146,879;7,747.36;12,848;5,716;154;8.12;0;0;0;0;0;54;2.84;9;294;15.5;27;12;1.9;0;0;0;0;5;2;151;7.96;17;43;2.26;7;7;19;1;11;0;0;0;0;12;0;0;34;12;10;12;4;1;131;6.9;16;40:36;02:08;04:21;0;0;0;0;0;0;0;0;22;1.16;3;0;0;0;0;0;0;3 hours;18:01;0;0;0;0;12;0;0;57%
HeeYo-11434;2359;0;1;4;0.99;4;0;0;0;0;0;14,643;3,661;11,663;2,982;745.45;1,495;495;57;14.24;0;0;0;0;0;0;0;0;6;1.49;4;1;0.1;0;0;0;0;4;0;4;0.99;3;0;0;0;4;4;0;0;0;0;0;0;1;0;0;3;1;1;1;0;0;4;0.99;4;00:42;00:10;00:31;0;0;0;0;0;0;0;0;3;0.74;3;0;0;0;0;0;0;34 minutes;0;0;0;0;0;0;0;0;0
HeyKatie-1413;3644;0;0;9;4.5;3;0;0;0;0;0;48,349;24,179;12,067;34,319;17,162.28;9,740;2,846;25;12.5;0;0;0;0;0;7;3.5;3;65;32.5;19;8;2.6;0;0;0;0;0;0;27;13.5;8;18;9;6;0;2;0;2;0;0;0;0;8;0;0;4;3;0;0;3;1;27;13.5;9;04:40;02:20;01:16;0;0;0;0;0;0;0;0;3;1.5;1;0;0;0;0;0;0;31 minutes;05:06;0;0;0;0;0;0;0;79%
HolynoshuryX-6110;2263;0;2;52;4.67;8;0;0;0;0;0;160,197;14,399;20,368;107,618;9,673.23;13,358;3,981;132;11.86;0;0;0;0;0;40;3.59;7;219;19.68;32;7;1.65;0;0;0;0;2;0;138;12.4;18;66;5.93;10;5;11;2;5;0;0;0;0;7;0;0;25;10;6;9;0;0;68;6.11;9;17:54;01:36;02:50;0;0;0;0;0;0;0;0;22;1.97;3;0;0;0;0;0;0;2 hours;11:48;0;0;0;0;10;0;0;42%
Hoon-31856;4366;0;0;1;1.72;1;0;0;0;0;0;3,777;6,515;3,772;1,875;3,233.82;1,035;860;2;3.44;0;0;0;0;0;1;1.72;1;3;5.17;3;3;1.5;0;0;0;0;0;0;3;5.17;3;1;1.72;1;0;1;0;0;0;0;0;0;3;0;0;2;0;1;1;0;0;0;0;0;00:03;00:05;00:01;0;0;0;0;0;0;0;0;2;3.44;2;0;0;0;0;0;0;5 minutes;0;0;0;0;0;0;0;0;0
hoshimichan-1316;72;0;1;7;5.28;3;0;0;0;0;0;44,965;33,947;32,566;10,433;7,876.27;5,635;1,801;17;12.83;0;0;0;0;0;7;5.28;3;31;23.4;14;7;1.82;0;0;0;0;0;0;13;9.81;5;9;6.79;7;1;1;0;1;0;0;0;0;7;0;0;2;1;1;1;3;1;13;9.81;7;05:12;03:55;02:46;0;0;0;0;0;0;0;0;1;0.75;1;0;0;0;0;0;0;22 minutes;08:20;0;0;0;0;2;0;0;38%
Hossy-11899;2833;0;107;1,325;4.73;15;0;0;0;0;0;6,003,522;21,434;51,169;3,015,313;10,765.55;25,603;8,012;2,567;9.16;0;0;0;0;0;1,463;5.22;16;6,029;21.52;50;24;2.34;0;0;0;0;87;40;3,044;10.86;28;1,735;6.19;20;130;280;12;138;0;0;0;0;24;0;0;598;233;172;193;5;128;2,562;9.14;24;09:14:27;01:58;05:17;0;0;0;0;0;0;0;0;329;1.17;5;0;0;0;2;0;0;60 hours;08:07:41;0;0;0;0;32;0;0;49%
HotShotGG-3480;3682;0;10;87;3.7;8;0;0;0;0;0;569,076;24,264;42,207;315,616;13,457.16;20,677;6,870;253;10.78;0;0;0;0;0;119;5.07;10;535;22.81;37;17;2.11;0;0;0;0;8;1;242;10.31;18;190;8.1;18;9;23;2;13;0;0;0;0;17;0;0;54;21;17;16;4;16;214;9.12;18;45:03;01:55;03:56;0;0;0;0;0;0;0;0;16;0.68;2;0;0;0;0;0;0;5 hours;33:00;0;0;0;0;4;0;0;56%
HumanRabbit-1734;1206;0;0;2;2.66;1;0;0;0;0;0;14,806;19,707;4,459;3,550;4,725.23;1,544;995;8;10.64;0;0;0;0;0;1;1.33;1;8;10.64;4;4;1;0;0;0;0;0;0;4;5.32;2;0;0;0;1;1;0;0;0;0;0;0;4;0;0;1;1;0;0;0;0;4;5.32;4;01:20;01:47;00:51;0;0;0;0;0;0;0;0;4;5.32;2;0;0;0;0;0;0;8 minutes;00:31;0;0;0;0;0;0;0;23%
Hung-3864;0;0;2;23;8;9;0;0;0;0;0;51,933;18,081;27,236;42,694;14,864.32;17,658;5,008;29;10.09;0;0;0;0;0;20;6.96;9;118;41.08;47;16;4.06;0;0;0;0;0;0;60;20.88;26;37;12.88;18;0;3;1;2;0;0;0;0;16;0;0;10;4;4;3;4;4;56;19.49;25;07:20;02:33;02:55;0;0;0;0;0;0;0;0;3;1.04;2;0;0;0;0;0;0;39 minutes;17:09;0;0;0;0;0;0;0;72%
Hunterhyde-1159;2701;0;0;28;3.27;8;0;0;0;0;0;92,199;10,798;17,977;92,042;10,779.73;10,051;3,699;101;11.82;0;0;0;0;0;45;5.27;5;187;21.9;20;9;1.85;0;0;0;0;2;0;88;10.3;11;47;5.5;7;5;9;0;3;0;0;0;0;9;0;0;18;10;1;8;3;1;66;7.72;11;12:24;01:27;01:57;0;0;0;0;0;0;0;0;12;1.4;2;0;0;0;0;0;0;1 hour;11:44;0;0;0;0;4;0;0;36%
Hymalaya-1507;1698;0;0;1;3.03;1;0;0;0;0;0;5,934;17,985;4,027;865;2,623.06;445;445;5;15.15;0;0;0;0;0;0;0;0;1;3.03;1;1;0.2;0;0;0;0;0;0;1;3.03;1;0;0;0;0;0;0;0;0;0;0;0;1;0;0;1;0;0;1;0;0;0;0;0;00:03;00:10;00:03;0;0;0;0;0;0;0;0;0;0;0;0;0;0;0;0;0;4 minutes;0;0;0;0;0;0;0;0;0
Hyper-1157;3921;0;0;7;2.31;2;0;0;0;0;0;74,462;24,658;21,974;26,057;8,628.53;6,278;2,704;25;8.27;0;0;0;0;0;6;1.98;2;39;12.91;11;6;1.56;0;0;0;0;2;0;21;6.95;6;13;4.3;5;2;3;0;1;0;0;0;0;6;0;0;6;3;2;2;0;0;13;4.3;5;05:36;01:51;03:11;0;0;0;0;0;0;0;0;2;0.66;1;0;0;0;0;0;0;35 minutes;00:20;0;0;0;0;0;0;0;36%
IANBOT-11988;2823;0;0;7;3.41;3;0;0;0;0;0;48,780;23,807;12,941;20,401;9,956.45;7,263;3,224;27;13.17;0;0;0;0;0;11;5.36;4;32;15.61;11;6;1.18;0;0;0;0;2;0;19;9.27;7;15;7.32;6;1;2;0;1;0;0;0;0;6;0;0;4;1;1;2;0;0;6;2.92;5;01:37;00:47;00:56;0;0;0;0;0;0;0;0;1;0.48;1;0;0;0;0;0;0;26 minutes;01:42;0;0;0;0;1;0;0;37%
IDK-11494;3227;0;1;7;2.7;3;0;0;0;0;0;51,718;19,982;25,133;24,567;9,491.67;8,182;1,840;30;11.59;0;0;0;0;0;11;4.24;6;39;15.06;13;5;1.3;0;0;0;0;0;0;17;6.56;8;13;5.02;5;3;3;0;0;0;0;0;0;5;0;0;6;2;2;2;0;0;17;6.56;5;02:56;01:08;01:01;0;0;0;0;0;0;0;0;5;1.93;3;0;0;0;0;0;0;30 minutes;06:27;0;0;0;0;0;0;0;2%
IekkAI-3307;3227;0;0;11;3.71;6;0;0;0;0;0;25,106;8,486;14,119;21,643;7,315.08;7,737;3,155;14;4.73;0;0;0;0;0;6;2.02;4;64;21.63;23;10;4.57;0;0;0;0;0;0;38;12.84;13;18;6.08;9;1;3;0;2;0;0;0;0;10;0;0;2;0;1;0;3;1;14;4.73;6;03:29;01:10;02:02;0;0;0;0;0;0;0;0;7;2.36;3;0;0;0;0;0;0;23 minutes;05:51;0;0;0;0;0;0;0;58%
IlIlIlIl-11546;0;0;1;1;1.36;1;0;0;0;0;0;17,461;23,906;14,702;4,945;6,770.55;4,845;2,473;5;6.84;0;0;0;0;0;2;2.73;2;11;15.05;11;6;2.2;0;0;0;0;0;0;4;5.47;4;4;5.47;4;0;1;0;1;0;0;0;0;6;0;0;0;0;0;0;0;0;8;10.95;8;01:00;01:23;01:00;0;0;0;0;0;0;0;0;1;1.36;1;0;0;0;0;0;0;8 minutes;01:08;0;0;0;0;0;0;0;87%
IMWarMachine-6379;2264;0;2;18;5.21;6;0;0;0;0;0;73,805;21,391;17,794;44,977;13,035.79;12,535;5,091;36;10.43;0;0;0;0;0;14;4.05;5;74;21.44;26;12;2.05;0;0;0;0;0;0;48;13.91;17;26;7.53;9;2;3;0;2;0;0;0;0;12;0;0;13;1;4;8;3;1;36;10.43;13;05:19;01:32;02:06;0;0;0;0;0;0;0;0;2;0.57;2;0;0;0;0;0;0;43 minutes;05:23;0;0;0;0;0;0;0;56%
Incognito-1602;72;0;1;5;2.02;2;0;0;0;0;0;42,587;17,268;11,886;14,441;5,855.2;3,950;1,626;23;9.32;0;0;0;0;0;12;4.86;4;53;21.48;17;8;2.3;0;0;0;0;1;0;21;8.51;5;13;5.27;4;0;2;0;2;0;0;0;0;8;0;0;5;3;1;1;3;1;33;13.38;10;02:52;01:09;01:00;0;0;0;0;0;0;0;0;6;2.43;2;0;0;0;0;0;0;29 minutes;00:45;0;0;0;0;0;0;0;100%
inonn-1298;61;0;2;5;2.23;3;0;0;0;0;0;61,327;27,389;18,296;11,025;4,923.85;5,824;3,620;21;9.37;0;0;0;0;0;10;4.46;5;42;18.75;25;10;2;0;0;0;0;0;0;16;7.14;8;11;4.91;7;0;2;0;2;0;0;0;0;0;0;0;5;1;3;1;3;1;24;10.71;13;05:42;02:32;02:35;0;0;0;0;0;0;0;0;2;0.89;1;0;0;0;0;0;0;28 minutes;07:44;0;0;0;0;0;0;0;82%
INTERNETHULK-2984;3898;0;8;14;2.12;3;0;0;0;0;0;119,213;18,101;21,050;50,952;7,736.18;11,378;3,893;47;7.13;0;0;0;0;0;29;4.4;10;107;16.24;21;12;2.27;0;0;0;0;3;2;62;9.41;12;32;4.85;6;1;7;0;5;0;0;0;0;12;0;0;14;8;3;3;4;4;27;4.09;8;08:31;01:17;01:57;0;0;0;0;0;0;0;0;7;1.06;2;0;0;0;0;0;0;1 hour;03:11;0;0;0;0;0;0;0;78%
Invision-2363;3901;0;0;4;3.65;4;0;0;0;0;0;15,874;14,500;14,913;11,002;10,048.98;11,002;1,877;13;11.87;0;0;0;0;0;5;4.56;5;20;18.26;20;4;1.53;0;0;0;0;0;0;10;9.13;10;6;5.48;6;0;1;0;1;0;0;0;0;4;0;0;1;0;0;1;3;1;3;2.74;3;01:24;01:17;01:22;0;0;0;0;0;0;0;0;2;1.82;2;0;0;0;0;0;0;13 minutes;00:20;0;0;0;0;0;0;0;91%
ironblue-11749;2520;0;5;49;5.21;8;0;0;0;0;0;258,563;27,511;36,861;122,362;13,019.39;20,880;5,136;109;11.59;0;0;0;0;0;53;5.63;8;226;24.04;35;13;2.07;0;0;0;0;1;0;122;12.98;21;63;6.7;10;5;9;0;5;0;0;0;0;13;0;0;22;12;4;7;3;3;88;9.36;18;17:08;01:49;03:05;0;0;0;0;0;0;0;0;4;0.42;1;0;0;0;0;0;0;2 hours;23:09;0;0;0;0;0;0;0;49%
Ithae-1510;52;0;3;5;1.51;3;0;0;0;0;0;89,198;26,954;24,695;16,301;4,925.73;4,890;1,619;26;7.85;0;0;0;0;0;8;2.41;4;49;14.8;16;5;1.88;0;0;0;0;1;0;28;8.46;9;17;5.13;7;0;3;0;1;0;0;0;0;5;0;0;5;0;4;1;0;0;18;5.43;5;06:13;01:52;02:44;0;0;0;0;0;0;0;0;6;1.81;4;0;0;0;0;0;0;42 minutes;02:35;0;0;0;0;0;0;0;17%
JackaL-3407;2555;0;2;12;3.18;4;0;0;0;0;0;77,124;20,478;25,875;41,072;10,905.82;14,563;5,568;36;9.55;0;0;0;0;0;24;6.37;14;86;22.83;31;14;2.38;0;0;0;0;2;0;50;13.27;16;23;6.1;9;2;4;0;2;0;0;0;0;14;0;0;8;7;0;1;5;5;36;9.55;16;04:46;01:16;01:31;0;0;0;0;0;0;0;0;4;1.06;2;0;0;0;0;0;0;48 minutes;10:56;0;0;0;0;0;0;0;43%
Jackassforce-1576;2415;0;2;8;4;5;0;0;0;0;0;52,931;26,466;33,700;22,626;11,313.13;11,348;4,532;15;7.5;0;0;0;0;0;11;5.5;6;38;19;20;7;2.53;0;0;0;0;0;0;17;8.5;9;10;5;6;0;2;0;2;0;0;0;0;7;0;0;4;1;2;1;4;1;23;11.5;13;07:12;03:36;05:13;0;0;0;0;0;0;0;0;1;0.5;1;0;0;0;0;0;0;27 minutes;01:12;0;0;0;0;0;0;0;100%
janus-31780;4448;0;28;110;3.25;9;0;0;0;0;0;1,037,266;30,731;56,173;456,329;13,519.71;25,495;6,801;277;8.2;0;0;0;0;0;171;5.06;12;791;23.43;45;16;2.85;0;0;0;0;16;8;373;11.05;22;308;9.12;19;11;34;1;21;0;0;0;0;16;0;0;82;31;29;22;5;16;284;8.41;14;01:14:52;02:13;06:24;0;0;0;0;0;0;0;0;42;1.24;4;0;0;0;0;0;0;7 hours;36:24;0;0;0;0;0;0;0;63%
JesseJames-11680;2476;0;228;2,802;3.53;12;0;0;0;0;0;11,965,882;15,104;46,868;8,645,881;10,913.35;32,301;7,308;9,217;11.63;0;0;0;0;0;3,803;4.8;19;17,125;21.61;61;23;1.85;0;0;0;0;288;99;9,203;11.61;35;4,010;5.06;18;344;792;43;406;0;0;0;112;23;0;0;1,889;725;502;663;7;342;6,789;8.56;29;22:13:52;01:41;05:54;0;0;0;0;0;0;0;0;1,531;1.93;12;0;0;0;64;0;0;165 hours;25:07:41;0;0;0;0;409;0;0;51%
JIhooN-31212;2641;0;11;97;3.28;8;0;0;0;0;0;582,342;19,741;29,232;163,082;5,528.5;9,536;2,771;327;11.08;0;0;0;0;0;62;2.1;9;336;11.39;23;10;1.02;0;0;0;0;10;3;199;6.74;15;65;2.2;7;13;29;2;14;0;0;0;0;10;0;0;50;19;20;11;0;0;131;4.44;14;55:51;01:53;04:29;0;0;0;0;0;0;0;0;30;1.01;4;0;0;0;1;0;0;6 hours;08:52;0;0;0;0;2;0;0;48%
jjlol-11226;52;0;6;26;2.55;5;0;0;0;0;0;248,411;24,435;32,549;71,066;6,990.26;9,185;5,443;89;8.75;0;0;0;0;0;39;3.83;6;199;19.57;28;12;2.23;0;0;0;0;4;3;108;10.62;14;53;5.21;7;0;10;0;5;0;0;0;0;12;0;0;26;10;9;7;3;3;89;8.75;10;32:08;03:09;03:44;0;0;0;0;0;0;0;0;13;1.27;3;0;0;0;0;0;0;2 hours;26:50;0;0;0;0;0;0;0;53%
JonnyBI-2703;3137;0;86;673;4.72;13;0;0;0;0;0;3,168,978;22,245;49,796;1,930,941;13,554.53;32,864;8,631;1,548;10.86;0;0;0;0;0;828;5.81;19;3,572;25.07;60;17;2.3;0;0;0;0;47;10;2,054;14.41;46;1,192;8.36;21;56;142;12;75;0;0;0;0;17;0;0;404;106;177;121;6;72;1,442;10.12;25;05:02:18;02:07;06:40;0;0;0;0;0;0;0;0;306;2.14;12;0;0;0;1;0;0;31 hours;06:11:17;0;0;0;0;63;0;0;52%
Jorun-6697;3855;0;8;17;2.28;5;0;0;0;0;0;170,356;22,920;34,834;59,536;8,010.09;10,349;3,607;50;6.72;0;0;0;0;0;26;3.49;6;120;16.14;25;10;2.4;0;0;0;0;2;1;57;7.66;15;47;6.32;11;2;7;0;5;0;0;0;0;10;0;0;16;4;9;2;4;2;59;7.93;14;16:54;02:16;03:37;0;0;0;0;0;0;0;0;5;0.67;2;0;0;0;0;0;0;1 hour;07:11;0;0;0;0;0;0;0;68%
KAISER-31361;4393;0;118;973;4.22;12;0;0;0;0;0;5,010,466;21,773;55,352;3,065,850;13,322.54;29,464;9,338;1,717;7.46;0;0;0;0;0;1,674;7.27;20;6,400;27.81;56;22;3.72;0;0;0;0;52;25;3,274;14.22;35;2,219;9.64;23;53;230;17;160;0;0;0;0;22;0;0;627;224;164;239;5;226;2,188;9.5;25;05:54:51;01:32;04:41;0;0;0;0;0;0;0;0;324;1.4;7;0;0;0;5;0;0;52 hours;10:28:09;0;0;0;0;13;0;0;69%
KAKI-11832;0;0;7;112;4.44;12;0;0;0;0;0;413,022;16,406;30,316;301,429;11,973.46;22,575;5,689;247;9.81;0;0;0;0;0;150;5.95;17;586;23.27;48;12;2.37;0;0;0;0;6;2;328;13.02;22;227;9.01;21;10;25;2;13;0;0;0;0;12;0;0;74;22;28;24;5;17;223;8.85;17;32:59;01:18;02:39;0;0;0;0;0;0;0;0;45;1.78;6;0;0;0;0;0;0;5 hours;01:10:01;0;0;0;0;3;0;0;51%
Kay3-2155;69;0;1;5;2.27;3;0;0;0;0;0;18,898;8,608;6,377;7,823;3,563.51;2,974;1,837;5;2.27;0;0;0;0;0;3;1.36;1;23;10.47;11;6;4.59;0;0;0;0;0;0;14;6.37;6;8;3.64;3;0;2;0;2;0;0;0;0;0;0;0;4;1;2;1;3;1;6;2.73;2;01:20;00:36;00:55;0;0;0;0;0;0;0;0;3;1.36;1;0;0;0;0;0;0;15 minutes;00:35;0;0;0;0;0;0;0;100%
Kefka-11531;4123;0;1;2;2;2;0;0;0;0;0;8,334;8,334;8,334;1,986;1,985.62;1,986;1,287;2;2;0;0;0;0;0;4;4;4;11;11;11;7;5.5;0;0;0;0;0;0;5;5;5;4;4;4;0;1;0;1;0;0;0;0;7;0;0;2;2;0;0;0;0;4;4;4;01:34;01:34;01:34;0;0;0;0;0;0;0;0;1;1;1;0;0;0;0;0;0;7 minutes;0;0;0;0;0;1;0;0;100%
Keishi-11995;3431;0;3;49;5.83;8;0;0;0;0;0;205,629;24,470;37,221;93,666;11,146.3;14,098;3,231;119;14.16;0;0;0;0;0;44;5.23;11;201;23.91;33;13;1.68;0;0;0;0;4;2;113;13.44;17;59;7.02;12;4;8;1;3;0;0;0;0;13;0;0;21;5;6;10;5;2;75;8.92;16;11:38;01:23;02:09;0;0;0;0;0;0;0;0;14;1.66;3;0;0;0;0;0;0;1 hour;15:25;0;0;0;0;0;0;0;39%
Kira-1303;64;0;0;7;3.08;3;0;0;0;0;0;33,791;14,870;8,275;15,897;6,995.72;3,895;1,495;25;11;0;0;0;0;0;8;3.52;3;36;15.84;8;6;1.44;0;0;0;0;0;0;18;7.92;5;12;5.28;3;0;2;0;1;0;0;0;0;6;0;0;7;2;4;1;0;0;15;6.6;6;03:11;01:24;00:54;0;0;0;0;0;0;0;0;5;2.2;2;0;0;0;0;0;0;22 minutes;01:42;0;0;0;0;0;0;0;43%
KJerry-1610;4141;0;1;11;4.32;5;0;0;0;0;0;29,547;11,631;8,261;18,631;7,333.63;6,964;1,904;23;9.05;0;0;0;0;0;9;3.54;5;49;19.28;15;6;2.13;0;0;0;0;4;1;31;12.2;9;16;6.29;4;0;3;0;3;0;0;0;0;6;0;0;5;1;2;1;3;2;6;2.36;2;01:17;00:30;00:26;0;0;0;0;0;0;0;0;10;3.93;4;0;0;0;0;0;0;27 minutes;00:53;0;0;0;0;0;0;0;100%
KnOxXx-21951;3848;0;22;155;3.82;9;0;0;0;0;0;1,016,135;25,064;44,772;473,745;11,685.25;19,236;12,772;347;8.55;0;0;0;0;0;212;5.22;12;923;22.76;34;21;2.65;0;0;0;0;6;1;465;11.46;19;307;7.57;14;13;41;3;25;0;0;0;0;21;0;0;98;35;37;25;6;17;326;8.04;16;01:24:13;02:04;05:21;0;0;0;0;0;0;0;0;42;1.03;4;0;0;0;1;0;0;8 hours;01:16:10;0;0;0;0;6;0;0;62%
KOKFC-1575;3897;0;5;65;3.75;6;0;0;0;0;0;271,368;15,657;48,767;109,939;6,343.25;9,488;4,661;82;4.73;0;0;0;0;0;67;3.86;7;306;17.65;24;17;3.73;0;0;0;0;3;0;149;8.59;14;112;6.46;10;1;17;0;16;0;0;0;0;17;0;0;33;8;11;14;3;2;118;6.8;10;29:58;01:43;03:07;0;0;0;0;0;0;0;0;13;0.75;2;0;0;0;0;0;0;2 hours;10:43;0;0;0;0;3;0;0;91%
Kotani-2471;2612;0;5;86;4.89;9;0;0;0;0;0;365,564;20,787;27,202;152,156;8,651.92;13,793;5,040;161;9.15;0;0;0;0;0;62;3.52;7;345;19.61;37;15;2.14;0;0;0;0;8;5;198;11.25;18;138;7.84;13;9;18;1;7;0;0;0;0;15;0;0;40;19;7;14;4;9;115;6.53;13;23:25;01:19;02:25;0;0;0;0;0;0;0;0;26;1.47;4;0;0;0;0;0;0;3 hours;17:51;0;0;0;0;2;0;0;40%
KwamFun-1860;2633;0;3;79;3.93;8;0;0;0;0;0;311,099;15,514;19,143;151,884;7,573.97;10,033;3,141;245;12.21;0;0;0;0;0;68;3.39;11;349;17.4;29;13;1.42;0;0;0;0;6;4;208;10.37;21;78;3.88;10;9;20;1;10;0;0;0;0;13;0;0;37;15;8;14;4;7;130;6.48;13;32:00;01:35;02:42;0;0;0;0;0;0;0;0;39;1.94;4;0;0;0;0;0;0;4 hours;23:13;0;0;0;0;12;0;0;47%
KYLE-3141;0;0;4;79;2.97;5;0;0;0;0;0;519,178;19,531;25,473;184,100;6,925.69;8,407;2,937;334;12.56;0;0;0;0;0;92;3.46;6;352;13.24;15;8;1.05;0;0;0;6,207,500;8;7;181;6.8;10;111;4.17;7;15;27;0;12;0;0;0;0;8;0;0;39;20;7;12;5;2;135;5.07;8;33:57;01:16;02:54;0;0;0;0;0;0;0;0;35;1.31;3;0;0;0;0;0;0;5 hours;11:52;0;0;0;0;10;0;0;43%
Laurie400-1327;31;0;0;0;0;0;0;0;0;0;0;14,989;23,454;7,252;3,758;5,879.78;3,138;1,080;13;20.34;0;0;0;0;0;0;0;0;8;12.51;8;3;0.61;0;0;0;0;3;0;5;7.82;5;1;1.56;1;0;1;0;0;0;0;0;0;3;0;0;0;0;0;0;0;0;3;4.69;3;00:40;01:03;00:33;0;0;0;0;0;0;0;0;1;1.56;1;0;0;0;0;0;0;11 minutes;0;0;0;0;0;0;0;0;0
LazyTitan-33460;4211;0;2;36;5.32;8;0;0;0;0;0;154,253;22,819;25,297;93,364;13,811.65;15,914;5,120;67;9.91;0;0;0;0;0;45;6.65;8;159;23.52;25;9;2.37;0;0;0;0;2;1;84;12.42;14;46;6.8;9;3;7;1;3;0;0;0;0;9;0;0;24;8;6;9;3;2;61;9.02;11;16:02;02:22;03:11;0;0;0;0;0;0;0;0;8;1.18;2;0;0;0;0;0;0;1 hour;09:24;0;0;0;0;4;0;0;39%
LDXLynm-1790;54;0;1;8;5.3;4;0;0;0;0;0;34,067;22,581;14,759;8,005;5,305.93;3,173;1,870;12;7.95;0;0;0;0;0;5;3.31;3;22;14.58;12;8;1.83;0;0;0;0;2;1;11;7.29;5;2;1.32;1;0;2;0;1;0;0;0;0;0;0;0;3;1;1;1;0;0;5;3.31;5;01:03;00:42;00:46;0;0;0;0;0;0;0;0;4;2.65;4;0;0;0;0;0;0;17 minutes;00:17;0;0;0;0;0;0;0;74%
LeBlanc-3936;3511;0;0;2;9.29;1;0;0;0;0;0;5,408;25,130;4,106;3,012;13,997.62;2,287;1,387;1;4.64;0;0;0;0;0;1;4.64;1;6;27.88;4;4;6;0;0;0;0;0;0;3;13.94;3;1;4.64;1;0;0;0;0;0;0;0;0;4;0;0;0;0;0;0;0;0;3;13.94;3;00:32;02:31;00:26;0;0;0;0;0;0;0;0;0;0;0;0;0;0;0;0;0;3 minutes;0;0;0;0;0;0;0;0;29%
Legist-21953;2633;0;4;65;2.77;6;0;0;0;0;0;438,801;18,766;28,279;238,130;10,183.81;19,540;6,577;289;12.35;0;0;0;0;0;128;5.47;12;461;19.71;33;11;1.59;0;0;0;0;6;1;262;11.2;25;146;6.24;15;12;23;0;12;0;0;0;0;11;0;0;59;24;8;26;5;8;163;6.97;14;41:31;01:46;03:06;0;0;0;0;0;0;0;0;24;1.02;3;0;0;0;0;0;0;5 hours;40:45;0;0;0;0;10;0;0;49%
Legit-21235;1645;0;1;7;10.94;6;0;0;0;0;0;2,305;3,603;2,170;3,551;5,549.96;2,901;1,152;6;9.37;0;0;0;0;0;3;4.68;3;10;15.63;8;4;1.66;0;0;0;0;2;2;8;12.5;6;2;3.12;2;1;1;0;0;0;0;0;0;4;0;0;1;1;0;1;0;0;1;1.56;1;00:04;00:06;00:04;0;0;0;0;0;0;0;0;5;7.81;5;0;0;0;0;0;0;7 minutes;00:58;0;0;0;0;0;0;0;11%
LetterE-1468;2930;0;15;185;4.11;12;0;0;0;0;0;1,103,252;24,557;54,645;525,302;11,692.33;22,979;9,467;474;10.55;0;0;0;0;0;260;5.78;17;1,108;24.66;44;23;2.33;0;0;0;0;12;7;586;13.04;26;404;8.99;19;23;45;1;21;0;0;0;76;23;0;0;113;37;30;47;4;18;426;9.48;18;01:25:32;01:54;03:16;0;0;0;0;0;0;0;0;76;1.69;5;0;0;0;2;0;0;10 hours;01:59:00;0;0;0;0;25;0;0;46%
Leuf-1110;3504;0;0;3;5.62;1;0;0;0;0;0;11,599;21,741;7,718;8,030;15,051.65;5,011;2,978;6;11.24;0;0;0;0;0;2;3.74;2;12;22.49;7;5;2;0;0;0;0;0;0;8;14.99;6;5;9.37;5;0;1;0;0;0;0;0;0;5;0;0;2;0;1;1;0;0;3;5.62;3;00:25;00:47;00:17;0;0;0;0;0;0;0;0;1;1.87;1;0;0;0;0;0;0;8 minutes;00:20;0;0;0;0;0;0;0;14%
Lilgho-4319;3766;0;7;72;2.25;6;0;0;0;0;0;534,285;16,713;29,845;310,051;9,698.77;17,337;5,816;204;6.38;0;0;0;0;0;175;5.47;16;690;21.58;35;20;3.38;0;0;0;0;6;1;276;8.63;17;274;8.57;18;5;32;1;27;0;0;0;35;20;0;0;53;20;16;16;5;21;216;6.75;22;45:04;01:24;03:28;0;0;0;0;0;0;0;0;18;0.56;2;0;0;0;0;0;0;5 hours;45:25;0;0;0;0;0;0;0;82%
Lish-21487;53;0;7;42;3.05;4;0;0;0;0;0;270,417;19,655;27,621;89,356;6,494.65;12,732;2,478;131;9.52;0;0;0;0;0;48;3.48;12;218;15.84;37;11;1.66;0;0;0;0;7;2;118;8.57;18;84;6.1;11;0;14;0;8;0;0;0;0;11;0;0;26;9;7;10;3;1;83;6.03;14;21:08;01:32;02:48;0;0;0;0;0;0;0;0;30;2.18;8;0;0;0;1;0;0;2 hours;08:32;0;0;0;0;0;0;0;57%
LIXU-4794;3497;0;0;3;4.11;3;0;0;0;0;0;12,662;17,384;7,782;3,856;5,294.39;3,456;781;11;15.1;0;0;0;0;0;0;0;0;4;5.49;4;2;0.36;0;0;0;0;0;0;4;5.49;4;1;1.37;1;1;1;0;0;0;0;0;0;2;0;0;0;0;0;0;0;0;0;0;0;00:20;00:27;00:20;0;0;0;0;0;0;0;0;4;5.49;4;0;0;0;0;0;0;7 minutes;0;0;0;0;0;0;0;0;0
lkd0877-1498;3016;0;0;0;0;0;0;0;0;0;0;4,301;34,441;4,301;916;7,335.88;916;916;1;8;0;0;0;0;0;0;0;0;1;8;1;1;1;0;0;0;0;0;0;1;8;1;0;0;0;0;0;0;0;0;0;0;0;1;0;0;0;0;0;0;0;0;1;8;1;00:11;01:28;00:11;0;0;0;0;0;0;0;0;0;0;0;0;0;0;0;0;0;1 minute;0;0;0;0;0;0;0;0;0
LLOVEJX-1785;2651;0;13;74;2.87;8;0;0;0;0;0;572,219;22,211;32,334;187,363;7,272.77;15,707;5,000;290;11.25;0;0;0;0;0;108;4.19;10;432;16.76;30;13;1.48;0;0;0;0;8;3;223;8.65;18;88;3.41;11;13;26;1;12;0;0;0;0;13;0;0;52;26;11;14;4;8;206;7.99;15;54:06;02:06;04:40;0;0;0;0;0;0;0;0;33;1.28;6;0;0;0;0;0;0;5 hours;33:56;0;0;0;0;14;0;0;45%
LMorals-1207;2669;0;2;11;2.64;3;0;0;0;0;0;75,607;18,208;22,943;45,072;10,854.64;12,043;4,475;29;6.98;0;0;0;0;0;22;5.29;7;93;22.39;27;14;3.2;0;0;0;0;0;1;46;11.07;13;41;9.87;13;1;4;0;3;0;0;0;0;14;0;0;9;4;2;3;4;4;33;7.94;10;08:47;02:07;03:27;0;0;0;0;0;0;0;0;8;1.92;3;0;0;0;0;0;0;44 minutes;14:08;0;0;0;0;0;0;0;71%
Logue-1981;2403;0;1;19;6.53;7;0;0;0;0;0;50,669;17,440;26,452;31,990;11,010.67;13,253;3,461;41;14.11;0;0;0;0;0;16;5.5;9;62;21.34;28;9;1.51;0;0;0;0;3;2;40;13.76;22;17;5.85;8;2;3;0;0;0;0;0;0;9;0;0;6;2;1;2;3;1;22;7.57;8;05:00;01:43;02:54;0;0;0;0;0;0;0;0;7;2.4;4;0;0;0;0;0;0;38 minutes;05:48;0;0;0;0;1;0;0;16%
LOVE-34893;3220;0;0;4;6.3;3;0;0;0;0;0;17,401;27,429;11,874;5,504;8,675.23;3,476;975;8;12.61;0;0;0;0;0;0;0;0;6;9.45;4;1;0.75;0;0;0;0;0;0;4;6.3;3;1;1.57;1;1;1;0;0;0;0;0;0;1;0;0;1;0;0;1;0;0;1;1.57;1;00:22;00:35;00:10;0;0;0;0;0;0;0;0;0;0;0;0;0;0;0;0;0;7 minutes;0;0;0;0;0;0;0;0;0
LsatGinder-1423;1920;0;0;1;1.4;1;0;0;0;0;0;12,212;17,127;8,669;4,185;5,869;3,490;1,200;7;9.81;0;0;0;0;0;0;0;0;1;1.4;1;1;0.14;0;0;0;0;0;0;1;1.4;1;0;0;0;1;1;0;0;0;0;0;0;1;0;0;2;0;1;1;0;0;0;0;0;00:41;00:57;00:41;0;0;0;0;0;0;0;0;1;1.4;1;0;0;0;0;0;0;5 minutes;0;0;0;0;0;0;0;0;0
LuLu-11129;58;0;1;0;0;0;0;0;0;0;0;12,378;14,250;12,378;745;857.69;745;400;4;4.6;0;0;0;0;0;0;0;0;0;0;0;0;0;0;0;0;0;0;0;0;0;0;0;0;0;0;1;0;0;0;0;0;0;0;0;0;1;0;1;0;0;0;0;0;0;00:12;00:14;00:12;0;0;0;0;0;0;0;0;0;0;0;0;0;0;0;0;0;4 minutes;0;0;0;0;0;0;0;0;0
Luxyne-1720;3380;0;1;13;3.02;7;0;0;0;0;0;84,809;19,714;18,898;49,562;11,520.56;24,515;4,636;41;9.53;0;0;0;0;0;24;5.57;9;95;22.08;38;10;2.31;0;0;0;0;1;0;40;9.29;23;29;6.74;11;2;4;0;2;0;0;0;0;10;0;0;7;1;3;3;3;2;21;4.88;8;04:42;01:05;02:48;0;0;0;0;0;0;0;0;2;0.46;2;0;0;0;0;0;0;52 minutes;09:44;0;0;0;0;0;0;0;37%
Lyan-21728;2550;0;2;0;0;0;0;0;0;0;0;20,213;27,346;13,603;533;720.61;333;200;6;8.11;0;0;0;0;0;0;0;0;1;1.35;1;1;0.16;0;0;0;0;0;0;0;0;0;1;1.35;1;1;1;0;0;0;0;0;0;1;0;0;1;1;0;0;0;0;1;1.35;1;00:18;00:24;00:09;0;0;0;0;0;0;0;0;0;0;0;0;0;0;0;0;0;9 minutes;0;0;0;0;0;0;0;0;30%
MAJAJA-3599;0;0;0;4;1.48;3;0;0;0;0;0;47,512;17,621;10,133;26,739;9,916.87;7,111;3,841;32;11.86;0;0;0;0;0;10;3.7;3;47;17.43;15;9;1.46;0;0;0;0;0;0;22;8.15;6;13;4.82;4;2;3;0;0;0;0;0;0;9;0;0;9;4;2;3;0;0;19;7.04;6;05:24;02:00;02:12;0;0;0;0;0;0;0;0;2;0.74;1;0;0;0;0;0;0;34 minutes;01:46;0;0;0;0;3;0;0;18%
Mario-13553;50;0;1;72;5.03;11;0;0;0;0;0;227,151;15,896;27,140;119,217;8,342.73;12,342;2,927;210;14.69;0;0;0;0;0;69;4.82;10;333;23.3;39;9;1.58;0;0;0;0;15;5;191;13.36;27;54;3.77;7;0;14;0;7;0;0;0;0;9;0;0;24;11;4;9;4;5;125;8.74;14;17:02;01:11;02:56;0;0;0;0;0;0;0;0;47;3.28;7;0;0;0;1;0;0;3 hours;13:42;0;0;0;0;0;0;0;51%
MartabakKeju-1697;3125;0;0;5;2.2;2;0;0;0;0;0;26,471;11,664;12,625;15,380;6,776.8;10,356;6,583;12;5.28;0;0;0;0;0;5;2.2;3;33;14.54;23;11;2.75;0;0;0;0;1;0;18;7.93;13;2;0.88;1;1;2;0;1;0;0;0;0;11;0;0;4;1;0;2;3;1;3;1.32;3;00:45;00:20;00:34;0;0;0;0;0;0;0;0;3;1.32;2;0;0;0;0;0;0;20 minutes;00:20;0;0;0;0;0;0;0;44%
Master-11935;57;0;0;1;0.73;1;0;0;0;0;0;28,091;20,645;22,352;11,385;8,366.63;7,967;2,715;13;9.55;0;0;0;0;0;5;3.67;5;22;16.16;11;6;1.69;0;0;0;0;0;0;17;12.49;10;4;2.93;3;0;1;0;1;0;0;0;0;6;0;0;5;2;1;2;0;0;6;4.4;4;02:02;01:30;01:47;0;0;0;0;0;0;0;0;2;1.46;1;0;0;0;0;0;0;14 minutes;07:15;0;0;0;0;0;0;0;51%
MeePokBoy-1184;3653;0;0;8;5.04;3;0;0;0;0;0;40,945;25,828;16,764;18,360;11,581.48;6,296;2,373;25;15.76;0;0;0;0;0;4;2.52;3;33;20.81;13;7;1.32;0;0;0;0;0;0;12;7.56;4;13;8.2;7;1;2;0;0;0;0;0;0;7;0;0;3;2;0;1;3;2;15;9.46;4;03:55;02:28;01:20;0;0;0;0;0;0;0;0;1;0.63;1;0;0;0;0;0;0;24 minutes;01:23;0;0;0;0;0;0;0;29%
mekemeke-11634;60;0;2;13;6.37;8;0;0;0;0;0;57,861;28,393;32,402;22,846;11,210.77;13,994;3,014;23;11.28;0;0;0;0;0;8;3.92;5;58;28.46;33;13;2.52;0;0;0;0;0;0;26;12.75;13;12;5.88;7;0;2;0;2;0;0;0;0;13;0;0;5;2;2;0;0;0;22;10.79;13;10:00;04:54;04:36;0;0;0;0;0;0;0;0;2;0.98;1;0;0;0;0;0;0;31 minutes;05:34;0;0;0;0;0;0;0;77%
Mendokusaii-2955;4206;0;2;20;4.71;5;0;0;0;0;0;70,608;16,655;21,722;59,368;14,003.59;18,289;6,958;41;9.67;0;0;0;0;0;31;7.31;10;99;23.35;28;17;2.41;0;0;0;0;0;0;57;13.44;14;35;8.25;11;1;4;0;4;0;0;0;0;17;0;0;12;5;3;4;5;4;25;5.89;9;04:18;01:00;00:53;0;0;0;0;0;0;0;0;7;1.65;3;0;0;0;0;0;0;53 minutes;12:28;0;0;0;0;3;0;0;86%
Mezamorphis-2358;3658;0;4;51;3.19;4;0;0;0;0;0;340,210;21,292;31,496;155,283;9,718.2;13,036;6,756;133;8.32;0;0;0;0;0;85;5.31;8;362;22.65;33;16;2.72;0;0;0;0;0;0;157;9.82;17;127;7.94;12;5;16;1;10;0;0;0;0;16;0;0;39;18;12;8;6;10;154;9.63;16;27:56;01:44;05:14;0;0;0;0;0;0;0;0;12;0.75;3;0;0;0;0;0;0;3 hours;36:00;0;0;0;0;4;0;0;65%
MGUY-2440;2854;0;0;3;1.42;1;0;0;0;0;0;34,023;16,185;13,546;15,964;7,593.91;8,801;1,709;21;9.98;0;0;0;0;0;2;0.95;2;18;8.56;10;4;0.85;0;0;0;0;0;0;10;4.75;6;12;5.7;6;2;2;0;0;0;0;0;0;4;0;0;6;3;0;2;0;0;4;1.9;3;01:18;00:37;00:38;0;0;0;0;0;0;0;0;2;0.95;2;0;0;0;0;0;0;18 minutes;0;0;0;0;0;0;0;0;0
MilaTheMute-1868;47;0;0;0;0;0;0;0;0;0;0;1,051;7,106;1,051;75;507.22;75;75;1;6.76;0;0;0;0;0;0;0;0;0;0;0;0;0;0;0;0;0;0;0;0;0;0;0;0;0;0;0;0;0;0;0;0;0;0;0;0;0;0;0;0;0;0;0;0;0;00:01;00:08;00:01;0;0;0;0;0;0;0;0;0;0;0;0;0;0;0;0;0;1 minute;0;0;0;0;0;0;0;0;0
MingWaiChang-4771;0;0;0;2;2.81;2;0;0;0;0;0;21,079;29,682;21,079;10,963;15,437.79;10,963;2,998;9;12.67;0;0;0;0;0;3;4.22;3;15;21.12;15;5;1.66;0;0;0;0;0;0;5;7.04;5;5;7.04;5;1;1;0;0;0;0;0;0;5;0;0;2;1;0;1;0;0;5;7.04;5;02:39;03:45;02:39;0;0;0;0;0;0;0;0;0;0;0;0;0;0;0;0;0;11 minutes;00:57;0;0;0;0;0;0;0;0
Miro-31858;4511;0;9;76;4.2;8;0;0;0;0;0;410,506;22,721;36,437;223,329;12,360.92;20,002;6,566;152;8.41;0;0;0;0;0;113;6.25;13;446;24.68;49;14;2.93;0;0;0;0;4;2;218;12.06;24;155;8.57;14;4;18;1;13;0;0;0;0;14;0;0;41;22;9;11;5;13;151;8.35;19;32:51;01:49;04:13;0;0;0;0;0;0;0;0;21;1.16;4;0;0;0;0;0;0;3 hours;31:50;0;0;0;0;0;0;0;73%
miruralula-1517;3723;0;0;1;2.97;1;0;0;0;0;0;6,955;20,719;6,955;2,083;6,206.11;2,083;680;4;11.91;0;0;0;0;0;0;0;0;3;8.93;3;2;0.75;0;0;0;0;0;0;3;8.93;3;2;5.95;2;0;0;0;0;0;0;0;0;2;0;0;1;0;0;0;0;0;2;5.95;2;01:02;03:06;01:02;0;0;0;0;0;0;0;0;1;2.97;1;0;0;0;0;0;0;4 minutes;0;0;0;0;0;0;0;0;0
Mix-41491;3599;0;6;73;3.38;10;0;0;0;0;0;435,138;20,195;34,533;247,197;11,472.47;26,868;5,181;203;9.42;0;0;0;0;0;135;6.26;15;486;22.55;48;12;2.39;0;0;0;0;8;3;218;10.11;27;177;8.21;19;7;22;1;14;0;0;0;0;12;0;0;49;22;11;15;5;18;174;8.07;24;34:52;01:37;04:00;0;0;0;0;0;0;0;0;11;0.51;3;0;0;0;0;0;0;4 hours;36:37;0;0;0;0;0;0;0;66%
mmymy-1524;4026;0;0;1;4.69;1;0;0;0;0;0;5,985;28,098;5,985;1,850;8,685.4;1,850;615;5;23.47;0;0;0;0;0;1;4.69;1;1;4.69;1;1;0.2;0;0;0;0;0;0;0;0;0;0;0;0;0;0;0;0;0;0;0;0;1;0;0;1;0;0;0;0;0;0;0;0;00:07;00:35;00:07;0;0;0;0;0;0;0;0;0;0;0;0;0;0;0;0;0;3 minutes;0;0;0;0;0;0;0;0;0
MogMk3-1981;3043;0;0;9;4.5;8;0;0;0;0;0;28,714;14,357;14,732;22,831;11,415.34;11,924;4,513;21;10.5;0;0;0;0;0;14;7;8;62;31;39;12;2.95;0;0;0;0;0;1;29;14.5;15;15;7.5;12;0;2;0;2;0;0;0;0;12;0;0;4;2;1;1;3;2;32;16;22;04:00;02:00;02:08;0;0;0;0;0;0;0;0;3;1.5;2;0;0;0;0;0;0;25 minutes;07:07;0;0;0;0;0;0;0;100%
MyJohnny-2444;2931;0;12;82;2.7;6;0;0;0;0;0;749,642;24,767;42,905;260,559;8,608.46;18,086;6,328;306;10.1;0;0;0;0;0;104;3.43;8;550;18.17;39;18;1.79;0;0;0;0;12;0;266;8.78;19;135;4.46;9;16;30;0;14;0;0;0;0;18;0;0;68;24;20;24;4;14;244;8.06;18;55:31;01:50;05:32;0;0;0;0;0;0;0;0;35;1.15;4;0;0;0;0;0;0;6 hours;43:15;0;0;0;0;11;0;0;46%
MyNeverevr-1103;3533;0;4;35;2.81;5;0;0;0;0;0;195,583;15,744;21,204;93,111;7,495.21;10,914;3,486;129;10.38;0;0;0;0;0;43;3.46;6;215;17.3;27;13;1.66;0;0;0;0;4;1;115;9.25;17;61;4.91;9;5;12;1;6;0;0;0;0;13;0;0;25;12;7;6;3;1;75;6.03;11;22:07;01:46;02:48;0;0;0;0;0;0;0;0;19;1.52;4;0;0;0;1;0;0;2 hours;13:57;0;0;0;0;13;0;0;50%
nan-1607;4000;0;0;6;3.57;3;0;0;0;0;0;19,415;11,570;12,275;8,856;5,277.3;4,707;2,554;10;5.95;0;0;0;0;0;6;3.57;3;23;13.7;8;4;2.29;0;0;0;0;0;0;15;8.93;6;9;5.36;3;0;2;0;2;0;0;0;0;4;0;0;4;2;1;1;0;0;4;2.38;3;00:19;00:11;00:10;0;0;0;0;0;0;0;0;3;1.78;2;0;0;0;0;0;0;14 minutes;01:39;0;0;0;0;4;0;0;100%
nekyG-2308;3842;0;0;2;2.57;2;0;0;0;0;0;24,665;31,717;12,962;7,654;9,841.98;4,878;1,579;8;10.28;0;0;0;0;0;7;9;5;28;36;15;8;3.5;0;0;0;0;1;0;12;15.43;9;8;10.28;7;0;1;0;0;0;0;0;0;8;0;0;4;1;1;1;3;1;9;11.57;5;04:01;05:10;02:39;0;0;0;0;0;0;0;0;0;0;0;0;0;0;0;0;0;11 minutes;04:33;0;0;0;0;0;0;0;40%
Neptune-31921;3151;0;88;724;3.65;10;0;0;0;0;0;4,090,832;20,659;41,931;1,879,268;9,490.36;27,338;8,179;2,036;10.28;0;0;0;0;0;817;4.12;12;3,532;17.83;48;20;1.73;0;0;0;0;62;21;1,996;10.07;29;1,074;5.42;15;90;198;11;98;0;0;0;33;20;0;0;426;120;169;137;5;64;1,529;7.72;22;07:56:28;02:24;07:21;0;0;0;0;0;0;0;0;303;1.53;7;0;0;0;7;0;0;41 hours;04:51:17;0;0;0;0;155;0;0;49%
NEtodie-3311;3000;0;1;10;5.74;6;0;0;0;0;0;47,033;27,022;20,538;18,673;10,728.02;9,720;3,028;15;8.61;0;0;0;0;0;3;1.72;3;47;27;26;8;3.13;0;0;0;0;0;0;21;12.06;12;15;8.61;10;0;2;0;1;0;0;0;0;8;0;0;4;3;1;0;3;1;15;8.61;7;02:53;01:39;01:21;0;0;0;0;0;0;0;0;4;2.29;2;0;0;0;0;0;0;23 minutes;00:07;0;0;0;0;0;0;0;57%
Nichiren-21254;41;0;4;33;2.34;4;0;0;0;0;0;214,600;15,262;33,564;65,268;4,641.81;8,866;2,991;89;6.32;0;0;0;0;0;37;2.63;8;173;12.3;21;9;1.94;0;0;0;0;4;4;101;7.18;14;63;4.48;12;0;14;0;7;0;0;0;0;9;0.31;0;28;12;6;11;3;1;61;4.33;10;18:45;01:20;02:52;0;0;0;0;0;0;0;0;17;1.2;6;0;0;0;0;0;0;2 hours;16:18;0;0;0;0;0;0;0;50%
NicoNicotine-1354;2620;0;1;6;4.53;5;0;0;0;0;0;19,055;14,416;12,638;14,361;10,864.91;11,698;3,383;10;7.56;0;0;0;0;0;9;6.8;9;41;31.01;30;13;4.09;0;0;0;0;1;0;24;18.15;18;7;5.29;6;0;1;1;1;0;0;0;0;13;0;0;5;0;2;2;3;1;24;18.15;18;03:28;02:37;02:33;0;0;0;0;0;0;0;0;2;1.51;1;0;0;0;0;0;0;18 minutes;04:34;0;0;0;0;0;0;0;43%
NikolaTesla-11280;53;0;11;130;3.64;6;0;0;0;0;0;626,886;17,595;31,006;237,996;6,679.87;9,645;3,558;383;10.74;0;0;0;0;0;119;3.33;7;556;15.6;23;9;1.45;0;0;0;0;9;3;282;7.91;13;160;4.49;8;0;36;0;18;0;0;0;0;9;0.27;0;82;29;32;22;4;10;220;6.17;12;01:08:26;01:55;03:35;0;0;0;0;0;0;0;0;59;1.65;4;0;0;0;0;0;0;7 hours;45:45;0;0;0;0;0;0;0;50%
Nnoct-1989;0;0;3;4;1.09;3;0;0;0;0;0;53,206;14,596;19,382;13,275;3,641.87;5,356;2,752;19;5.21;0;0;0;0;0;2;0.54;1;23;6.3;12;9;1.21;0;0;0;0;0;0;13;3.56;6;7;1.92;3;3;4;0;1;0;0;0;0;9;0;0;7;1;1;5;0;0;6;1.64;4;01:10;00:19;00:35;0;0;0;0;0;0;0;0;2;0.54;1;0;0;0;0;0;0;24 minutes;0;0;0;0;0;0;0;0;27%
NorthPolaris-1964;48;0;1;6;3.83;5;0;0;0;0;0;19,011;12,167;15,127;7,323;4,686.27;5,943;1,520;17;10.87;0;0;0;0;0;5;3.19;3;20;12.79;16;5;1.17;0;0;0;0;1;2;16;10.23;12;3;1.91;3;0;2;0;0;0;0;0;0;5;0;0;1;1;0;0;0;0;10;6.39;9;02:17;01:28;01:46;0;0;0;0;0;0;0;0;8;5.11;5;0;0;0;0;0;0;15 minutes;00:22;0;0;0;0;0;0;0;0
Nostril-1317;3333;0;5;74;3.18;6;0;0;0;0;0;523,838;22,516;28,828;226,612;9,740.4;14,925;5,238;241;10.35;0;0;0;0;0;126;5.41;10;453;19.47;28;13;1.87;0;0;0;0;4;1;211;9.06;13;157;6.74;13;8;23;3;12;0;0;0;0;13;0;0;51;20;11;20;4;11;183;7.86;14;34:18;01:28;02:58;0;0;0;0;0;0;0;0;18;0.77;3;0;0;0;0;0;0;4 hours;29:55;0;0;0;0;0;0;0;51%
Nova-1852;65;0;2;41;4.65;8;0;0;0;0;0;207,885;23,605;29,217;87,478;9,932.89;10,931;5,378;92;10.44;0;0;0;0;0;52;5.9;8;195;22.14;25;9;2.11;0;0;0;0;2;2;103;11.69;13;54;6.13;7;0;9;0;5;0;0;0;0;9;0;0;31;11;8;12;5;4;78;8.85;11;17:08;01:56;02:26;0;0;0;0;0;0;0;0;25;2.83;5;0;0;0;0;0;0;1 hour;28:58;0;0;0;0;0;0;0;51%
Nozomi-4919;3527;0;0;5;2.12;3;0;0;0;0;0;58,326;24,811;23,956;20,659;8,788.32;9,825;2,461;26;11.06;0;0;0;0;0;8;3.4;6;30;12.76;18;6;1.15;0;0;0;0;2;0;13;5.53;8;8;3.4;4;1;2;0;1;0;0;0;0;6;0;0;4;1;1;3;3;1;11;4.67;9;02:37;01:07;01:50;0;0;0;0;0;0;0;0;1;0.42;1;0;0;0;0;0;0;26 minutes;00:16;0;0;0;0;0;0;0;51%
Nypro-1996;4105;0;0;2;4.04;2;0;0;0;0;0;6,610;13,355;6,610;3,976;8,033.46;3,976;3,594;2;4.04;0;0;0;0;0;3;6.06;3;8;16.16;8;8;4;0;0;0;0;0;0;6;12.12;6;2;4.04;2;0;0;0;0;0;0;0;0;8;0;0;0;0;0;0;0;0;0;0;0;00:13;00:27;00:13;0;0;0;0;0;0;0;0;1;2.02;1;0;0;0;0;0;0;5 minutes;00:20;0;0;0;0;0;0;0;100%
NzNr-1485;3728;0;2;21;2.54;5;0;0;0;0;0;128,518;15,572;17,476;70,762;8,574.09;10,120;5,176;51;6.17;0;0;0;0;0;24;2.9;4;149;18.05;26;15;2.92;0;0;0;0;0;0;66;7.99;13;64;7.75;10;2;8;0;6;0;0;0;0;15;0;0;19;7;7;5;4;4;45;5.45;10;07:44;00:56;01:54;0;0;0;0;0;0;0;0;9;1.09;2;0;0;0;0;0;0;1 hour;02:03;0;0;0;0;0;0;0;72%
Odin-1745;3076;0;0;2;5.88;2;0;0;0;0;0;3,081;9,070;3,081;1,903;5,600.92;1,903;959;3;8.83;0;0;0;0;0;0;0;0;4;11.77;4;2;1.33;0;0;0;0;0;0;3;8.83;3;3;8.83;3;0;0;0;0;0;0;0;0;2;0;0;2;0;1;0;0;0;0;0;0;00:15;00:44;00:15;0;0;0;0;0;0;0;0;1;2.94;1;0;0;0;0;0;0;2 minutes;0;0;0;0;0;0;0;0;0
OhioBuckeyes-11390;2579;0;0;0;0;0;0;0;0;0;0;7,916;17,733;7,916;2,505;5,611.3;2,505;1,223;4;8.96;0;0;0;0;0;0;0;0;2;4.48;2;1;0.5;0;0;0;0;0;0;1;2.24;1;2;4.48;2;0;0;0;0;0;0;0;0;1;0;0;1;0;0;0;0;0;1;2.24;1;00:51;01:56;00:51;0;0;0;0;0;0;0;0;0;0;0;0;0;0;0;0;0;3 minutes;0;0;0;0;0;0;0;0;0
oisuq-1610;3263;0;0;5;3.09;2;0;0;0;0;0;39,366;24,340;18,630;13,046;8,066.38;5,849;2,760;15;9.27;0;0;0;0;0;6;3.7;2;27;16.69;12;9;1.8;0;0;0;0;1;0;12;7.41;8;6;3.7;4;1;2;0;0;0;0;0;0;9;0;0;6;2;2;3;0;0;8;4.94;5;02:27;01:31;01:21;0;0;0;0;0;0;0;0;2;1.23;1;0;0;0;0;0;0;19 minutes;02:06;0;0;0;0;0;0;0;0
OmegaMan-21744;2671;0;0;6;5.24;4;0;0;0;0;0;23,645;20,652;11,913;15,902;13,889.54;8,960;2,874;12;10.48;0;0;0;0;0;7;6.11;4;33;28.82;21;6;2.75;0;0;0;0;0;0;17;14.84;12;5;4.36;3;1;1;0;1;0;0;0;0;6;0;0;3;1;2;1;3;1;13;11.35;8;02:06;01:50;01:37;0;0;0;0;0;0;0;0;4;3.49;2;0;0;0;0;0;0;16 minutes;01:41;0;0;0;0;0;0;0;44%
ONIGOD-21483;3888;0;0;0;0;0;0;0;0;0;0;4,233;23,400;4,233;2,576;14,241.15;2,576;1,554;4;22.11;0;0;0;0;0;0;0;0;3;16.58;3;3;0.75;0;0;0;0;1;0;3;16.58;3;1;5.52;1;0;0;0;0;0;0;0;0;3;0;0;1;0;0;0;0;0;0;0;0;00:04;00:23;00:04;0;0;0;0;0;0;0;0;0;0;0;0;0;0;0;0;0;2 minutes;00:20;0;0;0;0;0;0;0;0
oPuTo-1727;3814;0;0;1;3;1;0;0;0;0;0;3,242;9,731;3,242;1,575;4,726.89;1,575;850;5;15;0;0;0;0;0;0;0;0;1;3;1;1;0.2;0;0;0;0;0;0;1;3;1;0;0;0;0;0;0;0;0;0;0;0;1;0;0;0;0;0;0;0;0;1;3;1;00:13;00:39;00:13;0;0;0;0;0;0;0;0;1;3;1;0;0;0;0;0;0;3 minutes;0;0;0;0;0;0;0;0;0
ouopi2180-3319;2569;0;0;9;3.77;4;0;0;0;0;0;48,571;20,379;15,079;19,924;8,359.46;6,530;1,778;31;13;0;0;0;0;0;9;3.77;5;43;18.04;16;5;1.38;0;0;0;0;3;1;22;9.23;7;15;6.29;8;2;2;0;1;0;0;0;0;5;0;0;6;5;1;0;0;0;17;7.13;7;05:43;02:24;01:51;0;0;0;0;0;0;0;0;3;1.25;1;0;0;0;0;0;0;32 minutes;02:05;0;0;0;0;0;0;0;22%
Ovidious-11975;0;0;1;40;3.24;4;0;0;0;0;0;255,065;20,699;23,135;127,276;10,328.62;17,224;6,162;136;11.03;0;0;0;0;0;52;4.21;10;261;21.18;37;14;1.91;0;0;0;0;1;0;132;10.71;18;110;8.92;17;6;12;0;6;0;0;0;0;14;0;0;33;11;11;10;5;2;100;8.11;17;27:06;02:11;03:45;0;0;0;0;0;0;0;0;13;1.05;3;0;0;0;0;0;0;2 hours;22:16;0;0;0;0;3;0;0;51%
OvO-41212;2396;0;0;1;1.83;1;0;0;0;0;0;14,023;25,791;14,023;5,159;9,487.68;5,159;1,077;9;16.55;0;0;0;0;0;1;1.83;1;12;22.07;12;6;1.33;0;0;0;0;0;0;4;7.35;4;3;5.51;3;1;1;0;0;0;0;0;0;6;0;0;1;0;0;1;0;0;5;9.19;5;00:59;01:50;00:59;0;0;0;0;0;0;0;0;0;0;0;0;0;0;0;0;0;9 minutes;0;0;0;0;0;0;0;0;0
p0isons-1162;54;0;0;1;1.28;1;0;0;0;0;0;12,123;15,596;10,323;4,846;6,234.56;2,884;2,089;2;2.57;0;0;0;0;0;2;2.57;2;13;16.72;8;7;6.5;0;0;0;0;0;0;10;12.86;6;3;3.85;2;0;1;0;1;0;0;0;0;7;0;0;2;1;0;1;0;0;4;5.14;4;00:21;00:27;00:21;0;0;0;0;0;0;0;0;0;0;0;0;0;0;0;0;0;7 minutes;0;0;0;0;0;0;0;0;81%
Pamyu-1936;3435;0;0;13;6.96;9;0;0;0;0;0;26,692;14,303;11,882;16,424;8,801.13;6,919;3,840;18;9.64;0;0;0;0;0;6;3.21;4;39;20.89;26;13;2.16;0;0;0;0;0;0;16;8.57;9;8;4.28;5;0;2;0;2;0;0;0;0;13;0;0;7;1;3;4;3;1;8;4.28;6;02:42;01:26;01:55;0;0;0;0;0;0;0;0;3;1.6;1;0;0;0;0;0;0;19 minutes;04:44;0;0;0;0;0;0;0;82%
PassTheSalt-11477;2699;0;144;1,015;3.31;10;0;0;0;0;0;6,781,958;22,146;50,810;2,721,121;8,885.59;24,030;8,688;3,220;10.51;0;0;0;0;0;1,207;3.94;17;5,411;17.66;50;23;1.68;0;0;0;0;70;19;2,940;9.6;28;1,921;6.27;17;140;306;18;147;0;0;0;71;23;0;0;685;245;242;198;4;100;2,462;8.03;41;10:55:42;02:08;07:17;0;0;0;0;0;0;0;0;340;1.11;6;0;0;0;4;0;0;62 hours;06:43:20;0;0;0;0;69;0;0;48%
Phoinix-3581;2837;0;1;0;0;0;0;0;0;0;0;22,705;22,705;22,705;7,865;7,865.27;7,865;3,746;4;4;0;0;0;0;0;3;3;3;18;18;18;8;4.5;0;0;0;0;0;0;11;11;11;6;6;6;0;1;0;1;0;0;0;0;8;0;0;3;0;0;3;0;0;9;9;9;00:41;00:41;00:41;0;0;0;0;0;0;0;0;0;0;0;0;0;0;1;0;0;9 minutes;04:46;0;0;0;0;4;0;0;100%
Phython-1699;3306;0;0;6;2.11;4;0;0;0;0;0;50,847;17,959;14,160;25,726;9,086.63;7,443;3,052;28;9.88;0;0;0;0;0;6;2.11;2;37;13.06;15;9;1.32;0;0;0;0;0;0;17;6;5;16;5.65;5;1;3;0;1;0;0;0;0;9;0;0;4;3;0;2;0;0;12;4.23;7;02:33;00:54;00:54;0;0;0;0;0;0;0;0;3;1.05;1;0;0;0;0;0;0;36 minutes;00:20;0;0;0;0;0;0;0;52%
pierino-1398;2595;0;0;17;4.05;4;0;0;0;0;0;77,926;18,584;15,463;44,793;10,682.42;8,211;4,332;38;9.06;0;0;0;0;0;13;3.1;3;81;19.31;13;12;2.13;0;0;0;0;1;0;41;9.77;7;38;9.06;6;3;4;0;1;0;0;0;0;12;0;0;10;3;2;5;0;0;31;7.39;9;05:04;01:12;01:13;0;0;0;0;0;0;0;0;8;1.9;2;0;0;0;0;0;0;51 minutes;03:21;0;0;0;0;0;0;0;31%
pii-11898;2709;0;0;0;0;0;0;0;0;0;0;1,749;35,152;1,749;275;5,527.02;275;275;1;20.09;0;0;0;0;0;0;0;0;0;0;0;0;0;0;0;0;0;0;0;0;0;0;0;0;0;0;0;0;0;0;0;0;0;0;0;0;0;0;0;0;0;0;0;0;0;0;0;0;0;0;0;0;0;0;0;0;0;0;0;0;0;0;0;0;0;40.86128598637879 seconds;0;0;0;0;0;0;0;0;0
piiiia-2451;25;0;0;0;0;0;0;0;0;0;0;3,430;99,814;3,430;0;0;0;0;1;29.09;0;0;0;0;0;0;0;0;0;0;0;0;0;0;0;0;0;0;0;0;0;0;0;0;0;0;0;0;0;0;0;0;0;0;0;0;0;0;0;0;0;0;0;0;0;0;0;0;0;0;0;0;0;0;0;0;0;0;0;0;0;0;0;0;0;45.79102700576186 seconds;0;0;0;0;0;0;0;0;100%
Pinky-6151;70;0;0;5;6.47;2;0;0;0;0;0;15,328;19,850;12,095;7,495;9,706.23;3,000;1,449;8;10.36;0;0;0;0;0;0;0;0;16;20.72;6;5;2;0;0;0;0;0;0;3;3.88;2;3;3.88;3;0;1;0;1;0;0;0;0;5;0;0;3;1;1;1;0;0;8;10.36;4;01:06;01:26;00:23;0;0;0;0;0;0;0;0;0;0;0;0;0;0;0;0;0;11 minutes;01:11;0;0;0;0;0;0;0;83%
PizzaHut-11467;1579;0;0;1;4.14;1;0;0;0;0;0;2,727;11,298;2,727;895;3,708.05;895;495;3;12.42;0;0;0;0;0;0;0;0;1;4.14;1;1;0.33;0;0;0;0;0;0;1;4.14;1;0;0;0;0;0;0;0;0;0;0;0;1;0;0;0;0;0;0;0;0;0;0;0;00:05;00:22;00:05;0;0;0;0;0;0;0;0;1;4.14;1;0;0;0;0;0;0;1 minute;0;0;0;0;0;0;0;0;100%
PoppyDogma-1243;3133;0;484;4,420;3.95;15;0;0;0;0;0;22,580,776;20,205;45,318;12,932,824;11,572.11;28,033;8,225;11,899;10.64;0;0;0;0;0;6,069;5.43;22;24,953;22.32;56;23;2.09;0;0;0;0;459;166;13,282;11.88;43;9,594;8.58;26;453;1,118;58;607;0;0;0;0;23;0;0;2,800;1,079;786;935;5;468;10,726;9.59;33;35:09:16;01:53;05:13;0;0;0;0;0;0;0;0;1,755;1.57;8;0;0;0;16;0;0;243 hours;35:52:15;0;0;0;0;462;0;0;54%
presh-1451;3565;0;7;43;3.67;8;0;0;0;0;0;242,763;20,720;27,831;117,830;10,056.64;13,403;3,156;129;11.01;0;0;0;0;0;43;3.67;6;219;18.69;31;11;1.69;0;0;0;0;2;0;93;7.93;15;58;4.95;11;4;12;1;7;0;0;0;0;11;0;0;19;9;2;9;5;3;78;6.65;19;21:20;01:49;03:12;0;0;0;0;0;0;0;0;9;0.76;2;0;0;0;0;0;0;2 hours;06:51;0;0;0;0;0;0;0;61%
PsychoHazard-1722;0;0;14;84;3.56;7;0;0;0;0;0;530,025;22,491;39,288;254,312;10,791.54;15,266;5,602;201;8.52;0;0;0;0;0;116;4.92;10;484;20.53;30;12;2.4;0;0;0;0;3;1;259;10.99;19;174;7.38;13;5;24;2;16;0;0;0;0;12;0;0;65;24;22;19;4;10;195;8.27;20;32:27;01:22;04:37;0;0;0;0;0;0;0;0;32;1.35;4;0;0;0;1;0;0;4 hours;54:01;0;0;0;0;5;0;0;66%
qnx-2372;70;0;0;1;16.19;1;0;0;0;0;0;960;15,545;960;395;6,398.83;395;395;1;16.19;0;0;0;0;0;0;0;0;2;32.39;2;2;2;0;0;0;0;0;0;1;16.19;1;0;0;0;0;0;0;0;0;0;0;0;0;0;0;0;0;0;0;0;0;1;16.19;1;00:08;02:14;00:08;0;0;0;0;0;0;0;0;1;16.19;1;0;0;0;0;0;0;56.581330951303244 seconds;0;0;0;0;0;0;0;0;0
qqwess-3609;2968;0;5;26;3.76;9;0;0;0;0;0;218,743;31,650;46,864;71,219;10,304.65;18,096;3,859;62;8.97;0;0;0;0;0;26;3.76;10;143;20.69;31;11;2.3;0;0;0;0;2;1;66;9.54;16;47;6.8;12;2;7;1;4;0;0;0;0;11;0;0;13;8;3;2;3;3;72;10.41;13;11:29;01:39;01:59;0;0;0;0;0;0;0;0;5;0.72;2;0;0;0;0;0;0;1 hour;03:26;0;0;0;0;0;0;0;56%
Raisu-3380;2608;0;3;0;0;0;0;0;0;0;0;80,362;27,092;27,446;21,370;7,204.17;9,219;2,888;28;9.43;0;0;0;0;0;12;4.04;8;35;11.79;16;4;1.25;0;0;0;0;0;1;18;6.06;8;10;3.37;3;2;3;0;1;0;0;0;0;4;0;0;9;2;3;4;0;0;12;4.04;5;03:56;01:19;01:22;0;0;0;0;0;0;0;0;4;1.34;3;0;0;0;0;0;0;35 minutes;01:27;0;0;0;0;2;0;0;49%
Randomoink-2799;2704;0;6;44;2.91;4;0;0;0;0;0;349,996;23,209;39,515;149,582;9,919.1;16,533;5,260;136;9.01;0;0;0;0;0;59;3.91;10;309;20.49;31;8;2.27;0;0;0;0;2;1;146;9.68;15;112;7.42;14;6;15;0;9;0;0;0;0;8;0;0;31;10;15;6;5;4;135;8.95;20;36:48;02:26;04:34;0;0;0;0;0;0;0;0;16;1.06;3;0;0;0;0;0;0;3 hours;27:48;0;0;0;0;3;0;0;61%
RapidCH-4957;2634;0;1;3;1.25;2;0;0;0;0;0;46,154;19,307;13,460;19,343;8,091.7;7,279;4,350;23;9.62;0;0;0;0;0;10;4.18;5;38;15.89;23;18;1.65;0;0;0;0;1;0;15;6.27;7;15;6.27;9;1;2;0;2;0;0;0;0;18;0;0;4;2;1;2;0;0;14;5.85;12;02:46;01:09;01:36;0;0;0;0;0;0;0;0;3;1.25;2;0;0;0;0;0;0;26 minutes;02:38;0;0;0;0;0;0;0;67%
Reaper-25278;2600;0;5;41;5.34;8;0;0;0;0;0;159,759;20,817;43,047;92,605;12,066.88;17,222;5,874;71;9.25;0;0;0;0;0;49;6.38;10;189;24.62;40;19;2.66;0;0;0;0;1;0;117;15.24;24;69;8.99;17;2;8;0;5;0;0;0;0;19;0;0;28;8;11;9;3;3;85;11.07;24;16:06;02:05;04:40;0;0;0;0;0;0;0;0;18;2.34;5;0;0;0;0;0;0;1 hour;28:25;0;0;0;0;13;0;0;69%
Rebecca-12561;0;0;20;130;2.99;8;0;0;0;0;0;828,405;19,096;35,029;264,113;6,088.17;13,282;3,726;500;11.52;0;0;0;0;0;110;2.53;5;634;14.61;32;15;1.26;0;0;0;0;21;9;346;7.97;17;100;2.3;10;26;43;0;17;0;0;0;0;15;0;0;84;32;29;22;5;6;277;6.38;15;01:24:56;01:57;04:05;0;0;0;0;0;0;0;0;70;1.61;9;0;0;0;2;0;0;9 hours;01:01:15;0;0;0;0;22;0;0;39%
Rebird-1185;0;0;1;8;2.92;4;0;0;0;0;0;59,549;21,800;18,354;25,503;9,336.43;7,657;2,142;30;10.98;0;0;0;0;0;9;3.29;4;64;23.42;24;8;2.13;0;0;0;0;1;0;36;13.17;14;19;6.95;7;2;3;0;1;0;0;0;0;8;0;0;11;3;6;2;0;0;25;9.15;8;08:52;03:14;02:17;0;0;0;0;0;0;0;0;6;2.19;3;0;0;0;0;0;0;38 minutes;08:09;0;0;0;0;3;0;0;28%
RebornZ-11715;4006;0;12;94;2.49;6;0;0;0;0;0;656,704;17,401;41,853;330,987;8,770.45;15,126;5,439;247;6.54;0;0;0;0;0;186;4.92;11;822;21.78;30;18;3.32;0;0;0;0;5;7;408;10.81;17;292;7.73;15;3;38;0;35;0;0;0;0;18;0;0;87;31;23;33;4;21;291;7.71;18;44:28;01:10;03:25;0;0;0;0;0;0;0;0;39;1.03;6;0;0;0;0;0;0;6 hours;01:07:30;0;0;0;0;0;0;0;92%
Reilly-11549;3595;0;2;54;6.24;9;0;0;0;0;0;192,874;22,313;23,745;142,154;16,445.12;18,889;6,348;99;11.45;0;0;0;0;0;72;8.32;15;285;32.97;43;16;2.87;0;0;0;0;5;2;146;16.89;25;111;12.84;16;4;9;0;5;0;0;0;0;16;0;0;27;6;10;10;5;12;83;9.6;15;13:23;01:32;02:20;0;0;0;0;0;0;0;0;20;2.31;5;0;0;0;0;0;0;2 hours;44:39;0;0;0;0;0;0;0;57%
Reinforce-11281;1922;0;0;5;2.82;3;0;0;0;0;0;29,645;16,725;7,667;11,819;6,668.11;4,248;2,043;27;15.23;0;0;0;0;0;4;2.25;2;27;15.23;14;4;1;0;0;0;0;0;0;15;8.46;7;8;4.51;4;1;2;0;0;0;0;0;0;4;0;0;4;1;1;2;0;0;14;7.89;6;02:36;01:28;01:29;0;0;0;0;0;0;0;0;1;0.56;1;0;0;0;0;0;0;24 minutes;0;0;0;0;0;0;0;0;27%
Renyz-11199;3452;0;0;1;3.49;1;0;0;0;0;0;6,441;22,522;6,441;3,570;12,484.02;3,570;1,190;4;13.98;0;0;0;0;0;1;3.49;1;1;3.49;1;1;0.25;0;0;0;0;0;0;1;3.49;1;0;0;0;0;0;0;0;0;0;0;0;1;0;0;1;0;0;0;0;0;0;0;0;00:21;01:16;00:21;0;0;0;0;0;0;0;0;0;0;0;0;0;0;0;0;0;3 minutes;0;0;0;0;0;0;0;0;0
rin-12167;2377;0;0;2;4.86;2;0;0;0;0;0;12,041;29,311;12,041;3,344;8,140.98;3,344;1,458;4;9.73;0;0;0;0;0;2;4.86;2;6;14.6;6;3;1.5;0;0;0;0;0;0;3;7.3;3;0;0;0;0;0;0;0;0;0;0;0;3;0;0;1;0;0;1;0;0;3;7.3;3;01:34;03:49;01:34;0;0;0;0;0;0;0;0;0;0;0;0;0;0;0;0;0;7 minutes;0;0;0;0;0;0;0;0;0
RobiN-12495;3560;0;0;0;0;0;0;0;0;0;0;15,459;15,459;15,459;3,399;3,398.64;3,399;545;13;13;0;0;0;0;0;0;0;0;1;1;1;1;0.07;0;0;0;0;0;0;1;1;1;1;1;1;1;1;0;0;0;0;0;0;1;0;0;1;0;0;1;0;0;0;0;0;00:30;00:30;00:30;0;0;0;0;0;0;0;0;0;0;0;0;0;0;0;0;0;7 minutes;0;0;0;0;0;0;0;0;0
Rorschach-4186;0;0;0;3;4.32;2;9%;1;1;1;0.02;13,270;19,143;11,074;411;6,494.41;411;411;1;15.8;0;0;0;0;0;7;10.09;4;26;37.5;15;7;4.33;0;0;0;0;0;0;11;15.86;7;5;7.21;5;0;0;0;0;0;0;0;0;7;0;0;0;1;1;0;0;0;5;7.21;3;01:47;02:34;01:31;0;0;0;0;0;0;27;11;3;4.32;2;0;0;0;0;0;0;38.51856195926666 seconds;01:01;0;0;0;0;0;40%;0;100%
rose-3958;1361;0;0;0;0;0;0;0;0;0;0;3,460;28,261;3,460;835;6,820.68;835;790;2;16.33;0;0;0;0;0;0;0;0;1;8.16;1;1;0.5;0;0;0;0;0;0;0;0;0;0;0;0;0;0;0;0;0;0;0;0;1;0;0;0;0;0;0;0;0;1;8.16;1;00:26;03:35;00:26;0;0;0;0;0;0;0;0;0;0;0;0;0;0;0;0;0;1 minute;0;0;0;0;0;0;0;0;0
Ryouta-1885;57;0;0;3;0.76;1;0;0;0;0;0;93,730;23,997;20,360;41,316;10,577.8;8,657;3,718;43;11;0;0;0;0;0;24;6.14;9;105;26.88;24;11;2.44;0;0;0;0;2;1;67;17.15;14;19;4.86;4;0;4;0;2;0;0;0;0;0;0;0;11;3;4;4;3;2;33;8.44;8;09:30;02:26;03:57;0;0;0;0;0;0;0;0;7;1.79;3;0;0;0;0;0;0;1 hour;02:53;0;0;0;0;0;0;0;39%
ryujehong-31878;4424;0;0;1;2.64;1;0;0;0;0;0;16,537;43,725;16,537;2,510;6,636.69;2,510;980;4;10.57;0;0;0;0;0;0;0;0;3;7.93;3;1;0.75;0;0;0;0;0;0;1;2.64;1;2;5.28;2;0;0;0;0;0;0;0;0;1;0;0;1;0;1;0;0;0;0;0;0;00:33;01:29;00:33;0;0;0;0;0;0;0;0;0;0;0;0;0;0;0;0;0;5 minutes;0;0;0;0;0;0;0;0;100%
S4MOYED-1486;3166;0;4;20;3.66;7;0;0;0;0;0;153,464;28,148;40,836;77,997;14,306.18;23,962;6,378;59;10.82;0;0;0;0;0;36;6.6;16;127;23.29;37;11;2.15;0;0;0;0;0;0;62;11.37;18;43;7.88;12;1;5;1;4;0;0;0;0;11;0;0;10;6;1;2;6;8;47;8.62;16;14:22;02:38;05:35;0;0;0;0;0;0;0;0;9;1.65;3;0;0;0;0;0;0;1 hour;12:00;0;0;0;0;1;0;0;71%
sads-1738;2797;0;3;26;5.04;5;0;0;0;0;0;127,528;24,759;16,876;60,116;11,671.18;15,612;3,876;57;11.06;0;0;0;0;0;24;4.65;10;135;26.2;28;13;2.36;0;0;0;0;2;1;57;11.06;11;30;5.82;11;3;5;2;1;0;0;0;0;13;0;0;14;3;5;6;3;3;45;8.73;13;10:38;02:03;03:21;0;0;0;0;0;0;0;0;9;1.74;2;0;0;0;0;0;0;1 hour;08:50;0;0;0;0;0;0;0;10%
SaltyPanda-11486;3295;0;4;22;2.28;4;0;0;0;0;0;184,012;19,148;17,669;71,946;7,486.44;10,076;8,556;83;8.63;0;0;0;0;0;44;4.57;6;149;15.5;27;22;1.79;0;0;0;0;1;1;71;7.38;15;56;5.82;15;5;10;0;5;0;0;0;0;22;0;0;27;7;8;11;4;4;57;5.93;10;10:53;01:08;01:55;0;0;0;0;0;0;0;0;9;0.93;3;0;0;0;0;0;0;1 hour;13:35;0;0;0;0;5;0;0;47%
SanALex-2258;3625;0;2;43;3.26;4;0;0;0;0;0;230,848;17,531;15,267;147,104;11,171.14;14,401;5,290;190;14.42;0;0;0;0;0;67;5.08;9;299;22.7;26;16;1.57;0;0;0;0;2;0;145;11.01;15;82;6.22;8;6;13;2;6;0;0;0;0;16;0;0;35;13;12;9;4;10;117;8.88;15;24:44;01:52;03:53;0;0;0;0;0;0;0;0;16;1.21;4;0;0;0;0;0;0;3 hours;23:50;0;0;0;0;1;0;0;44%
Sardis-21172;80;0;4;44;4.75;6;0;0;0;0;0;246,628;26,651;26,474;104,404;11,282.05;13,172;2,976;131;14.15;0;0;0;0;0;45;4.86;8;229;24.74;43;11;1.74;0;0;0;0;3;3;145;15.66;26;64;6.91;12;0;9;0;6;0;0;0;0;11;0;0;27;6;9;12;4;3;74;7.99;18;17:17;01:52;03:10;0;0;0;0;0;0;0;0;25;2.7;4;0;0;0;0;0;0;2 hours;27:38;0;0;0;0;0;0;0;62%
scottiting-3836;3000;0;0;0;0;0;0;0;0;0;0;3,589;39,695;3,589;300;3,318.21;300;300;1;11.06;0;0;0;0;0;0;0;0;0;0;0;0;0;0;0;0;0;0;0;0;0;0;0;0;0;0;0;0;0;0;0;0;0;0;0;0;0;0;0;0;0;0;0;0;0;00:11;02:08;00:11;0;0;0;0;0;0;0;0;0;0;0;0;0;0;0;0;0;1 minute;0;0;0;0;0;0;0;0;0
Scy-1494;2687;0;6;87;6.01;8;0;0;0;0;0;216,371;14,961;21,536;185,327;12,814.63;18,217;4,375;184;12.72;0;0;0;0;0;99;6.84;11;413;28.55;39;13;2.24;0;0;0;0;8;3;237;16.38;24;112;7.74;13;6;14;1;8;0;0;0;0;13;0;0;49;15;16;18;3;5;166;11.47;16;35:48;02:28;03:57;0;0;0;0;0;0;0;0;29;2;3;0;0;0;0;0;0;3 hours;41:52;0;0;0;0;11;0;0;56%
Seba-1198;62;0;0;3;4.8;2;0;0;0;0;0;9,506;15,221;3,270;3,276;5,244.97;1,805;1,560;3;4.8;0;0;0;0;0;1;1.6;1;14;22.41;8;8;4.66;0;0;0;0;0;0;11;17.61;7;3;4.8;2;0;1;0;1;0;0;0;0;8;0;0;3;1;1;1;0;0;8;12.8;6;01:28;02:21;01:05;0;0;0;0;0;0;0;0;0;0;0;0;0;0;0;0;0;5 minutes;00:28;0;0;0;0;0;0;0;100%
SEKIYUTA-1528;3229;0;0;1;4.62;1;0;0;0;0;0;7,255;33,553;5,547;1,841;8,513.62;1,416;737;4;18.49;0;0;0;0;0;1;4.62;1;3;13.87;3;2;0.75;0;0;0;0;2;0;2;9.24;2;2;9.24;2;0;0;0;0;0;0;0;0;2;0;0;1;0;0;0;0;0;0;0;0;00:06;00:30;00:06;0;0;0;0;0;0;0;0;1;4.62;1;0;0;0;0;0;0;3 minutes;0;0;0;0;0;0;0;0;18%
Setsuna-3446;0;0;0;2;5.29;2;0;0;0;0;0;8,073;21,387;6,333;4,641;12,294.83;3,521;2,314;5;13.24;0;0;0;0;0;1;2.64;1;5;13.24;4;3;1;0;0;0;0;0;0;5;13.24;4;2;5.29;2;0;0;0;0;0;0;0;0;3;0;0;1;1;0;0;0;0;3;7.94;2;01:22;03:39;01:12;0;0;0;0;0;0;0;0;0;0;0;0;0;0;0;0;0;5 minutes;0;0;0;0;0;0;0;0;0
SgtMcNuggets-21353;46;0;0;6;3.1;3;0;0;0;0;0;26,294;13,602;9,540;7,667;3,966.21;3,466;2,117;15;7.75;0;0;0;0;0;3;1.55;3;19;9.82;10;4;1.26;0;0;0;0;0;1;13;6.72;5;5;2.58;2;0;2;0;1;0;0;0;0;4;0;0;4;1;2;2;0;0;6;3.1;4;00:44;00:23;00:23;0;0;0;0;0;0;0;0;4;2.06;3;0;0;0;0;0;0;18 minutes;0;0;0;0;0;0;0;0;31%
ShadowDragon-148899;2901;0;0;2;3.69;1;0;0;0;0;0;11,888;21,939;7,793;4,296;7,927.72;2,268;1,928;5;9.22;0;0;0;0;0;3;5.53;2;6;11.07;5;3;1.2;0;0;0;0;0;0;1;1.84;1;2;3.69;2;0;1;0;0;0;0;0;0;3;0;0;1;0;1;1;0;0;3;5.53;2;01:00;01:51;00:45;0;0;0;0;0;0;0;0;1;1.84;1;0;0;0;0;0;0;4 minutes;0;0;0;0;0;0;0;0;39%
Shady-1406;2679;0;0;1;2.26;1;0;0;0;0;0;14,705;33,335;11,936;5,648;12,802.73;5,298;2,526;6;13.6;0;0;0;0;0;2;4.53;2;6;13.6;6;4;1;0;0;0;0;0;0;2;4.53;2;3;6.8;3;0;0;0;0;0;0;0;0;4;0;0;1;0;0;0;0;0;2;4.53;2;00:15;00:35;00:11;0;0;0;0;0;0;0;0;0;0;0;0;0;0;0;0;0;7 minutes;0;0;0;0;0;0;0;0;0
Shinobu-1269;48;0;7;139;3.09;7;0;0;0;0;0;557,857;12,411;21,560;452,541;10,068.2;12,479;5,559;527;11.72;0;0;0;0;0;177;3.93;6;1,068;23.76;40;19;2.02;0;0;0;0;21;2;627;13.94;29;391;8.69;16;0;45;0;21;0;0;0;0;19;0;0;109;40;30;39;4;6;389;8.65;24;51:22;01:08;03:33;0;0;0;0;0;0;0;0;153;3.4;6;0;0;0;0;0;0;10 hours;50:58;0;0;0;0;0;0;0;46%
ShoGuN-1127;3703;0;2;22;5.74;9;1%;1;1;1;0.02;83,602;21,842;25,361;2,240;44,060.92;2,240;2,240;1;19.67;0;0;0;0;0;25;6.53;8;82;21.42;37;8;2.21;0;0;0;0;3;1;34;8.88;17;15;3.91;5;0;0;0;2;20;401.29;20;20;8;0;0;0;0;0;0;3;3;38;9.92;20;06:05;01:35;02:33;0;0;0;20;0.45;20;213;80;3;0.78;2;0;0;0;0;0;0;44.95406195707619 seconds;04:01;0;0;0;0;0;37%;0;52%
SKRT-11232;1023;0;0;2;0.36;1;0;0;0;0;0;5,207;959;2,292;9,904;1,823.66;3,074;1,345;91;16.75;0;0;0;0;0;1;0.18;1;22;4.05;11;4;0.24;0;0;0;0;43;1;16;2.94;9;11;2.02;4;3;5;1;2;0;0;0;0;4;0;0;1;1;0;0;0;0;4;0.73;3;01:43;00:19;00:57;0;0;0;0;0;0;0;0;7;1.28;5;0;0;0;0;0;0;1 hour;0;0;0;0;0;0;0;0;36%
smacked-11443;73;0;0;1;8.28;1;0;0;0;0;0;1,954;16,184;1,954;494;4,090.61;494;394;2;16.56;0;0;0;0;0;0;0;0;4;33.12;4;3;2;0;0;0;0;0;0;2;16.56;2;1;8.28;1;0;0;0;0;0;0;0;0;3;0;0;1;0;0;0;0;0;3;24.84;3;00:20;02:51;00:20;0;0;0;0;0;0;0;0;0;0;0;0;0;0;0;0;0;1 minute;0;0;0;0;0;0;0;0;0
Smith-2700;82;0;0;5;5.56;3;0;0;0;0;0;13,856;15,427;7,878;6,784;7,553.64;4,450;1,547;13;14.47;0;0;0;0;0;3;3.34;3;17;18.92;12;3;1.3;0;0;0;0;0;0;9;10.02;5;7;7.79;5;0;1;0;1;0;0;0;0;3;0;0;3;0;1;2;0;0;8;8.9;7;01:30;01:40;01:18;0;0;0;0;0;0;0;0;1;1.11;1;0;0;0;0;0;0;10 minutes;00:06;0;0;0;0;0;0;0;100%
SoKoOLz-3456;2627;0;1;10;2.63;3;0;0;0;0;0;52,239;13,742;19,424;18,929;4,979.19;5,902;1,461;29;7.62;0;0;0;0;0;6;1.57;3;30;7.89;14;4;1.03;0;0;0;0;0;0;16;4.2;8;10;2.63;7;1;4;0;2;0;0;0;0;4;0;0;3;1;1;1;0;0;16;4.2;8;04:10;01:05;02:07;0;0;0;0;0;0;0;0;3;0.78;1;0;0;0;0;0;0;34 minutes;0;0;0;0;0;0;0;0;52%
Somnians-2461;3015;0;6;99;4.1;8;0;0;0;0;0;367,483;15,242;27,055;326,893;13,558.7;21,308;6,323;317;13.14;0;0;0;0;0;161;6.67;13;611;25.34;43;13;1.92;0;0;0;0;9;7;351;14.55;27;160;6.63;12;11;24;1;12;0;0;0;0;13;0;0;62;25;20;18;4;16;192;7.96;14;43:45;01:48;03:33;0;0;0;0;0;0;0;0;51;2.11;7;0;0;0;0;0;0;5 hours;51:48;0;0;0;0;3;0;0;49%
Sooby-2892;2588;0;2;14;2.57;4;0;0;0;0;0;111,700;20,524;18,400;46,563;8,555.52;14,094;4,290;52;9.55;0;0;0;0;0;28;5.14;9;92;16.9;31;12;1.76;0;0;0;0;0;0;48;8.81;20;42;7.71;15;3;5;0;2;0;0;0;0;12;0;0;12;5;2;6;4;7;37;6.79;15;09:40;01:46;03:16;0;0;0;0;0;0;0;0;5;0.91;2;0;0;0;0;0;0;55 minutes;13:49;0;0;0;0;2;0;0;45%
SOR-11872;3722;0;0;2;2.72;1;0;0;0;0;0;14,838;20,224;9,834;3,060;4,170.67;2,373;2,373;5;6.81;0;0;0;0;0;2;2.72;2;11;14.99;10;10;2.2;0;0;0;0;0;0;7;9.54;6;3;4.08;3;0;1;0;1;0;0;0;0;10;0;0;2;0;1;1;0;0;3;4.08;3;00:13;00:18;00:10;0;0;0;0;0;0;0;0;0;0;0;0;0;0;0;0;0;8 minutes;00:38;0;0;0;0;0;0;0;73%
SpartanZero-6126;2303;0;18;86;2.78;6;0;0;0;0;0;620,698;20,132;37,441;283,787;9,204.28;20,823;4,298;307;9.95;0;0;0;0;0;113;3.66;8;513;16.63;35;11;1.67;0;0;0;0;4;1;240;7.78;16;169;5.48;15;12;31;2;16;0;0;0;0;11;0;0;78;23;27;28;3;8;258;8.36;23;01:00:42;01:58;05:09;0;0;0;0;0;0;0;0;18;0.58;3;0;0;0;0;0;0;6 hours;52:35;0;0;0;0;20;0;0;53%
spooner-1925;3641;0;6;44;2.28;5;0;0;0;0;0;450,918;23,417;28,859;210,726;10,943.43;19,155;4,987;213;11.06;0;0;0;0;0;92;4.77;9;367;19.05;34;10;1.72;0;0;0;0;2;0;164;8.51;14;136;7.06;12;10;19;1;8;0;0;0;0;10;0;0;49;11;20;18;4;6;146;7.58;19;32:53;01:42;03:23;0;0;0;0;0;0;0;0;19;0.98;3;0;0;0;0;0;0;3 hours;18:49;0;0;0;0;3;0;0;41%
Squacle-1295;2299;0;1;1;1;1;0;0;0;0;0;40,187;40,286;40,187;10,898;10,924.39;10,898;1,924;17;17.04;0;0;0;0;0;9;9.02;9;24;24.05;24;7;1.41;0;0;0;0;1;0;8;8.01;8;4;4;4;1;1;0;0;0;0;0;0;7;0;0;2;0;1;1;4;1;16;16.03;16;06:01;06:02;06:01;0;0;0;0;0;0;0;0;1;1;1;0;0;0;0;0;0;18 minutes;01:10;0;0;0;0;0;0;0;0
sreader-1911;2668;0;0;6;2.72;4;0;0;0;0;0;62,740;28,537;21,725;25,156;11,441.79;9,922;2,366;32;14.55;0;0;0;0;0;9;4.09;3;47;21.37;16;6;1.46;0;0;0;0;4;3;27;12.28;11;18;8.18;9;0;2;0;2;0;0;0;0;6;0;0;3;1;0;2;3;1;27;12.28;10;04:07;01:52;01:34;0;0;0;0;0;0;0;0;5;2.27;3;0;0;0;0;0;0;34 minutes;01:18;0;0;0;0;0;0;0;99%
Ssem-3281;2855;0;1;6;3.41;4;0;0;0;0;0;38,291;21,769;15,453;21,691;12,331.64;10,289;3,017;17;9.66;0;0;0;0;0;3;1.7;2;24;13.64;10;6;1.41;0;0;0;0;0;0;16;9.09;8;9;5.11;4;0;2;1;0;0;0;0;0;6;0;0;5;2;2;1;0;0;9;5.11;5;02:36;01:29;01:14;0;0;0;0;0;0;0;0;0;0;0;0;0;0;0;0;0;18 minutes;01:31;0;0;0;0;0;0;0;18%
STANDBALD-1768;2271;0;0;17;3.35;4;0;0;0;0;0;82,533;16,291;24,214;53,400;10,540.41;9,498;4,799;57;11.25;0;0;0;0;0;27;5.32;6;111;21.9;19;10;1.94;0;0;0;0;0;0;54;10.65;13;24;4.73;6;1;5;2;2;0;0;0;0;10;0;0;8;1;1;6;3;1;47;9.27;12;06:34;01:17;01:04;0;0;0;0;0;0;0;0;5;0.98;2;0;0;0;0;0;0;1 hour;02:59;0;0;0;0;1;0;0;41%
StylishNoob-1882;3780;0;15;94;3.69;10;0;0;0;0;0;688,478;27,060;47,093;296,987;11,672.65;24,387;5,357;248;9.74;0;0;0;0;0;104;4.08;11;497;19.53;54;15;2;0;0;0;0;6;1;218;8.56;19;161;6.32;19;17;25;1;7;0;0;0;0;15;0;0;54;17;20;16;5;18;225;8.84;30;59:23;02:20;05:39;0;0;0;0;0;0;0;0;20;0.78;4;0;0;0;0;0;0;5 hours;40:10;0;0;0;0;0;0;0;26%
Supah-1288;3197;0;1;24;4.44;5;0;0;0;0;0;136,943;25,356;23,072;76,126;14,095.57;13,019;5,162;64;11.85;0;0;0;0;0;46;8.51;11;162;29.99;30;12;2.53;0;0;0;0;1;1;98;18.14;20;56;10.36;8;1;5;1;4;0;0;0;0;12;0;0;19;9;4;6;4;3;73;13.51;13;14:36;02:42;03:00;0;0;0;0;0;0;0;0;15;2.77;4;0;0;0;0;0;0;1 hour;26:24;0;0;0;0;0;0;0;68%
SuperNinja-115210;55;0;1;11;11.79;11;0;0;0;0;0;16,242;17,419;10,221;14,345;15,384.97;12,861;1,672;19;20.37;0;0;0;0;0;7;7.5;7;41;43.97;37;4;2.15;0;0;0;0;0;0;19;20.37;17;16;17.15;16;0;1;0;0;0;0;0;0;4;0;0;3;1;1;1;0;0;11;11.79;9;01:58;02:06;01:30;0;0;0;0;0;0;0;0;4;4.28;4;0;0;0;0;0;0;17 minutes;01:44;0;0;0;0;0;0;0;0
SupportMain-11364;60;0;0;4;4.02;2;0;0;0;0;0;14,384;14,476;10,540;4,730;4,759.98;3,554;1,856;8;8.05;0;0;0;0;0;5;5.03;4;11;11.07;9;8;1.37;0;0;0;0;0;0;8;8.05;6;3;3.01;3;0;1;0;1;0;0;0;0;8;0;0;1;0;0;1;0;0;5;5.03;3;00:35;00:35;00:25;0;0;0;0;0;0;0;0;2;2.01;2;0;0;0;0;0;0;9 minutes;00:07;0;0;0;0;0;0;0;54%
Surefour-2559;4493;0;2;14;4.66;6;0;0;0;0;0;63,070;21,023;13,854;35,123;11,707.73;12,991;2,640;38;12.66;0;0;0;0;0;17;5.66;5;89;29.66;33;11;2.34;0;0;0;0;2;1;47;15.66;16;29;9.66;9;0;3;0;3;0;0;0;0;11;0;0;10;5;3;2;3;1;26;8.66;11;04:17;01:25;01:58;0;0;0;0;0;0;0;0;6;2;2;0;0;0;0;0;0;44 minutes;02:24;0;0;0;0;0;0;0;93%
SwagUnicorn-4998;0;0;4;14;4.98;4;0;0;0;0;0;60,352;21,485;14,073;22,869;8,141.21;6,343;2,805;33;11.74;0;0;0;0;0;9;3.2;3;52;18.51;12;6;1.57;0;0;0;0;2;0;36;12.81;8;12;4.27;4;1;3;0;2;0;0;0;0;6;0;0;6;3;1;2;3;1;15;5.33;4;02:17;00:48;00:39;0;0;0;0;0;0;0;0;8;2.84;3;0;0;0;0;0;0;32 minutes;02:23;0;0;0;0;0;0;0;55%
Sylar-1669;60;0;1;1;0.94;1;0;0;0;0;0;10,089;9,537;7,535;2,889;2,730.89;2,324;797;7;6.61;0;0;0;0;0;1;0.94;1;3;2.83;3;3;0.42;0;0;0;0;0;0;3;2.83;3;1;0.94;1;0;1;0;0;0;0;0;0;3;0;0;5;2;2;1;0;0;2;1.89;2;00:43;00:41;00:30;0;0;0;0;0;0;0;0;0;0;0;0;0;0;0;0;0;5 minutes;01:05;0;0;0;0;0;0;0;0
Sypeh-2707;0;0;9;124;3.78;8;0;0;0;0;0;623,926;19,032;30,554;370,286;11,294.83;14,640;5,524;314;9.57;0;0;0;0;0;195;5.94;14;803;24.49;43;15;2.55;0;0;0;0;14;3;448;13.66;26;285;8.69;21;8;33;1;23;0;0;0;0;15;0;0;90;38;21;30;5;18;216;6.58;16;39:45;01:12;03:21;0;0;0;0;0;0;0;0;62;1.89;6;0;0;0;0;0;0;6 hours;01:11:40;0;0;0;0;12;0;0;71%
Taimou-2526;4311;0;0;3;2.27;1;0;0;0;0;0;25,704;19,495;16,233;13,326;10,107.01;6,061;1,547;21;15.92;0;0;0;0;0;4;3.03;2;21;15.92;11;4;1;0;0;0;0;3;1;11;8.34;5;5;3.79;3;1;1;0;0;0;0;0;0;4;0;0;2;2;0;0;0;0;5;3.79;2;01:10;00:53;00:42;0;0;0;0;0;0;0;0;2;1.51;1;0;0;0;0;0;0;20 minutes;0;0;0;0;0;0;0;0;37%
tape2-1581;4695;0;1;10;2.56;5;0;0;0;0;0;56,241;14,426;17,582;26,350;6,758.75;9,613;3,198;24;6.15;0;0;0;0;0;11;2.82;5;53;13.59;22;9;2.2;0;0;0;0;1;0;23;5.89;10;21;5.38;11;0;0;0;4;0;0;0;0;9;0;0;0;0;0;0;3;2;9;2.3;4;04:15;01:05;01:55;0;0;0;0;0;0;0;0;3;0.76;1;0;0;0;1;0;0;4.4314159993082285 seconds;01:02;0;0;0;0;0;0;0;97%
tassame-21620;59;0;10;52;2.9;6;0;0;0;0;0;410,849;22,979;34,133;144,038;8,056.13;11,416;3,972;190;10.62;0;0;0;0;0;95;5.31;11;361;20.19;29;10;1.9;0;0;0;0;5;2;188;10.51;17;123;6.87;14;0;18;0;9;0;0;0;0;10;0;0;41;11;14;16;5;8;157;8.78;18;33:14;01:51;03:08;0;0;0;0;0;0;0;0;30;1.67;4;0;0;0;0;0;0;4 hours;30:22;0;0;0;0;0;0;0;49%
Tearsdeath-3874;0;0;0;2;1.92;2;0;0;0;0;0;20,426;19,697;10,496;7,354;7,091.41;3,866;1,319;14;13.5;0;0;0;0;0;4;3.85;3;13;12.53;7;3;0.92;0;0;0;0;1;0;11;10.6;7;3;2.89;2;0;0;0;0;0;0;0;0;3;0;0;0;2;0;1;0;0;6;5.78;4;02:38;02:32;01:52;0;0;0;0;0;0;0;0;1;0.96;1;0;0;0;0;0;0;--;0;0;0;0;0;0;0;0;100%
Teejay-1789;3762;0;0;3;8.16;3;0;0;0;0;0;10,756;29,257;9,943;2,306;6,273.5;2,156;1,019;6;16.32;0;0;0;0;0;2;5.44;2;4;10.88;3;2;0.66;0;0;0;0;0;0;3;8.16;3;1;2.72;1;0;0;0;0;0;0;0;0;2;0;0;1;1;0;0;0;0;0;0;0;00:14;00:40;00:09;0;0;0;0;0;0;0;0;1;2.72;1;0;0;0;0;0;0;5 minutes;0;0;0;0;0;0;0;0;17%
Tenzou-1223;2671;0;0;3;7.44;3;0;0;0;0;0;5,232;12,989;5,232;4,094;10,164.45;4,094;1,778;6;14.89;0;0;0;0;0;2;4.96;2;11;27.3;11;5;1.83;0;0;0;0;1;1;9;22.34;9;3;7.44;3;0;0;0;0;0;0;0;0;5;0;0;2;0;0;1;0;0;3;7.44;3;00:27;01:08;00:27;0;0;0;0;0;0;0;0;4;9.93;4;0;0;0;0;0;0;5 minutes;0;0;0;0;0;0;0;0;0
teraponn-1128;2934;0;5;40;3.35;6;0;0;0;0;0;259,404;21,733;30,351;154,758;12,965.4;16,236;5,908;126;10.55;0;0;0;0;0;78;6.53;14;273;22.87;37;13;2.16;0;0;0;0;4;2;127;10.63;19;105;8.79;14;5;12;0;7;0;0;0;0;13;0;0;25;12;5;8;4;13;125;10.47;14;25:47;02:09;03:44;0;0;0;0;0;0;0;0;4;0.33;1;0;0;0;0;0;0;2 hours;16:43;0;0;0;0;0;0;0;54%
TheBlackOne-1989;0;0;0;0;0;0;0;0;0;0;0;5,398;38,302;5,398;3,631;25,768.97;3,631;1,173;4;28.38;0;0;0;0;0;0;0;0;5;35.48;5;2;1.25;0;0;0;0;0;0;1;7.09;1;3;21.28;3;0;0;0;0;0;0;0;0;2;0;0;0;0;0;0;3;1;3;21.28;3;00:19;02:18;00:19;0;0;0;0;0;0;0;0;0;0;0;0;0;0;0;0;0;2 minutes;01:22;0;0;0;0;0;0;0;0
TheHell-31963;4715;0;0;3;4.11;3;0;0;0;0;0;18,205;24,968;9,595;7,521;10,315;4,742;1,980;8;10.97;0;0;0;0;0;1;1.37;1;11;15.08;7;4;1.37;0;0;0;0;0;0;4;5.48;4;3;4.11;2;0;1;0;0;0;0;0;0;4;0;0;1;1;0;0;0;0;5;6.85;3;02:44;03:46;01:58;0;0;0;0;0;0;0;0;1;1.37;1;0;0;0;0;0;0;9 minutes;01:23;0;0;0;0;0;0;0;53%
Thorlax-2359;2420;0;5;35;3.55;7;0;0;0;0;0;156,559;15,882;25,032;84,483;8,570.25;12,985;3,383;96;9.73;0;0;0;0;0;42;4.26;9;174;17.65;29;10;1.81;0;0;0;0;4;4;99;10.04;17;55;5.57;8;4;10;0;6;0;0;0;0;10;0;0;24;9;7;8;3;5;74;7.5;13;16:27;01:40;02:43;0;0;0;0;0;0;0;0;30;3.04;5;0;0;0;0;0;0;1 hour;08:00;0;0;0;0;4;0;0;56%
ThreeDDD-4546;3579;0;0;1;1.18;1;0;0;0;0;0;13,414;15,868;10,953;6,340;7,499.17;5,550;3,094;10;11.82;0;0;0;0;0;1;1.18;1;7;8.28;7;5;0.7;0;0;0;0;0;0;4;4.73;4;3;3.54;3;1;1;0;0;0;0;0;0;5;0;0;1;0;0;1;0;0;1;1.18;1;01:10;01:23;01:10;0;0;0;0;0;0;0;0;0;0;0;0;0;0;0;0;0;8 minutes;0;0;0;0;0;0;0;0;0
tic-1885;63;0;5;49;3.43;6;0;0;0;0;0;385,871;27,062;40,618;155,648;10,915.86;21,310;6,569;178;12.48;0;0;0;0;0;83;5.82;13;319;22.37;44;17;1.79;0;0;0;0;8;5;164;11.5;23;131;9.18;23;0;14;0;7;0;0;0;0;17;0;0;33;13;6;13;3;6;119;8.34;14;20:35;01:26;03:25;0;0;0;0;0;0;0;0;38;2.66;3;0;0;0;0;0;0;3 hours;22:53;0;0;0;0;0;0;0;47%
Tiki-11546;3512;0;1;28;4.15;6;0;0;0;0;0;113,551;16,864;31,532;69,675;10,347.93;18,451;3,974;91;13.51;0;0;0;0;0;24;3.56;6;113;16.78;21;8;1.24;0;0;0;0;3;0;58;8.61;11;40;5.94;8;5;7;0;2;0;0;0;0;8;0;0;17;7;4;6;4;3;48;7.12;9;08:09;01:12;02:34;0;0;0;0;0;0;0;0;13;1.93;4;0;0;0;0;0;0;1 hour;08:40;0;0;0;0;0;0;0;27%
TinTing-3105;3121;0;0;2;3.93;2;0;0;0;0;0;8,708;17,138;8,708;3,204;6,306.43;3,204;1,202;8;15.74;0;0;0;0;0;2;3.93;2;6;11.8;6;2;0.75;0;0;0;0;0;0;4;7.87;4;3;5.9;3;0;1;0;1;0;0;0;0;2;0;0;1;0;0;1;0;0;1;1.96;1;00:54;01:47;00:54;0;0;0;0;0;0;0;0;0;0;0;0;0;0;0;0;0;8 minutes;0;0;0;0;0;0;0;0;100%
Toha-2496;1362;0;6;22;2.23;4;0;0;0;0;0;172,634;17,527;14,726;87,345;8,867.93;8,571;3,381;69;7;0;0;0;0;0;42;4.26;5;201;20.4;20;12;2.91;0;0;0;0;4;0;113;11.47;15;63;6.39;8;2;10;1;7;0;0;0;0;12;0;0;26;5;10;11;3;2;62;6.29;9;10:44;01:05;01:58;0;0;0;0;0;0;0;0;19;1.92;5;0;0;0;0;0;0;1 hour;21:33;0;0;0;0;4;0;0;68%
tongue-11364;3632;0;0;18;4.97;7;0;0;0;0;0;70,802;19,564;25,658;33,297;9,200.51;9,857;2,888;39;10.77;0;0;0;0;0;13;3.59;6;61;16.85;27;11;1.56;0;0;0;0;0;0;27;7.46;13;21;5.8;7;3;4;0;1;0;0;0;0;11;0;0;11;5;3;3;4;2;12;3.31;4;05:22;01:29;01:17;0;0;0;0;0;0;0;0;4;1.1;2;0;0;0;0;0;0;43 minutes;04:55;0;0;0;0;0;0;0;23%
ToraNerd-1456;2322;0;18;119;3.3;9;0;0;0;0;0;804,714;22,345;45,815;383,280;10,642.83;22,532;9,899;325;9.02;0;0;0;0;0;185;5.13;11;791;21.96;44;20;2.43;0;0;0;0;16;4;422;11.71;21;270;7.49;18;18;36;1;17;0;0;0;0;20;0;0;87;35;26;26;3;15;333;9.24;18;01:10:52;01:58;04:05;0;0;0;0;0;0;0;0;49;1.36;6;0;0;0;1;0;0;7 hours;01:16:55;0;0;0;0;22;0;0;46%
Treaty-11117;57;0;3;11;4.02;8;0;0;0;0;0;34,395;12,587;19,363;11,560;4,230.5;7,778;1,896;12;4.39;0;0;0;0;0;6;2.19;3;39;14.27;15;10;3.25;0;0;0;0;0;0;28;10.24;12;14;5.12;6;0;3;0;1;0;0;0;0;10;0;0;6;1;2;3;0;0;19;6.95;8;03:35;01:18;02:12;0;0;0;0;0;0;0;0;1;0.36;1;0;0;0;0;0;0;18 minutes;03:31;0;0;0;0;0;0;0;38%
TviQ-1503;4134;0;8;51;2.68;5;0;0;0;0;0;360,000;18,939;28,247;193,369;10,172.63;18,992;5,072;160;8.41;0;0;0;0;0;70;3.68;11;384;20.2;36;16;2.4;0;0;0;0;2;1;198;10.41;20;120;6.31;14;6;19;1;12;0;0;0;0;16;0;0;42;18;11;13;6;12;132;6.94;12;22:55;01:12;02:28;0;0;0;0;0;0;0;0;15;0.78;4;0;0;0;0;0;0;3 hours;25:19;0;0;0;0;2;0;0;62%
Twang-1104;0;0;1;3;3;3;0;0;0;0;0;13,693;13,693;13,693;6,739;6,738.62;6,739;4,161;1;1;0;0;0;0;0;7;7;7;16;16;16;10;16;0;0;0;0;0;0;4;4;4;2;2;2;1;1;0;1;0;0;0;0;10;0;0;2;1;1;0;4;2;5;5;5;01:10;01:10;01:10;0;0;0;0;0;0;0;0;0;0;0;0;0;0;0;0;0;5 minutes;01:31;0;0;0;0;0;0;0;100%
Ulfang-1914;57;0;1;26;4.9;5;0;0;0;0;0;66,502;12,550;10,072;38,738;7,310.64;6,139;2,889;54;10.19;0;0;0;0;0;11;2.07;3;99;18.68;18;10;1.83;0;0;0;0;3;2;54;10.19;9;26;4.9;4;0;5;0;3;0;0;0;0;10;0;0;11;5;2;4;0;0;27;5.09;9;03:42;00:41;01:09;0;0;0;0;0;0;0;0;17;3.2;5;0;0;0;0;0;0;56 minutes;03:20;0;0;0;0;0;0;0;64%
uNFixed-2518;0;0;1;7;2.48;2;0;0;0;0;0;70,374;24,937;22,726;26,387;9,350.14;10,521;4,346;21;7.44;0;0;0;0;0;8;2.83;4;52;18.42;23;12;2.47;0;0;0;0;2;0;25;8.85;13;19;6.73;7;1;3;0;1;0;0;0;0;12;0;0;9;3;4;1;4;2;23;8.15;8;06:44;02:23;03:03;0;0;0;0;0;0;0;0;3;1.06;1;0;0;0;0;0;0;36 minutes;02:41;0;0;0;0;1;0;0;41%
uruca-11142;4007;0;4;35;5.79;7;0;0;0;0;0;197,298;32,647;35,872;84,421;13,969.32;15,543;4,753;74;12.24;0;0;0;0;0;28;4.63;8;154;25.48;33;9;2.08;0;0;0;0;3;0;76;12.57;13;51;8.43;10;3;6;0;3;0;0;0;0;9;0;0;16;8;3;6;4;4;53;8.77;16;11:08;01:50;02:41;0;0;0;0;0;0;0;0;6;0.99;2;0;0;0;0;0;0;1 hour;09:03;0;0;0;0;0;0;0;44%
Vance-4548;0;0;0;0;0;0;0;0;0;0;0;1,099;8,004;1,099;125;910.54;125;75;3;21.85;0;0;0;0;0;0;0;0;0;0;0;0;0;0;0;0;0;1;0;0;0;0;0;0;0;0;0;0;0;0;0;0;0;0;0;0;0;0;0;0;0;0;0;0;0;0;0;0;0;0;0;0;0;0;0;0;0;0;0;0;0;0;0;0;0;1 minute;0;0;0;0;0;0;0;0;0
vanGh-11287;3063;0;0;4;1.43;2;0;0;0;0;0;36,503;13,128;12,929;13,510;4,858.6;4,500;1,210;31;11.14;0;0;0;0;0;5;1.79;2;18;6.47;7;3;0.58;0;0;0;0;0;0;11;3.95;3;7;2.51;4;2;3;0;0;0;0;0;0;3;0;0;4;1;1;2;0;0;10;3.59;4;02:34;00:55;01:23;0;0;0;0;0;0;0;0;2;0.71;1;0;0;0;0;0;0;22 minutes;00:20;0;0;0;0;0;0;0;12%
Venteka-1866;3000;0;0;2;4.03;2;0;0;0;0;0;1,714;3,461;1,714;3,254;6,568.64;3,254;2,099;1;2.01;0;0;0;0;0;3;6.05;3;7;14.13;7;4;7;0;0;0;0;0;0;4;8.07;4;0;0;0;0;0;0;0;0;0;0;0;4;0;0;1;0;0;0;0;0;4;8.07;4;00:20;00:40;00:20;0;0;0;0;0;0;0;0;0;0;0;0;0;0;0;0;0;3 minutes;00:26;0;0;0;0;0;0;0;0
ViruSs-1935;2793;0;0;1;1.4;1;0;0;0;0;0;19,856;27,981;19,856;9,282;13,080.52;9,282;3,739;7;9.86;0;0;0;0;0;4;5.63;4;16;22.54;16;10;2.28;0;0;0;0;0;0;4;5.63;4;2;2.81;2;1;1;0;0;0;0;0;0;10;0;0;2;0;1;1;0;0;10;14.09;10;03:23;04:46;03:23;0;0;0;0;0;0;0;0;0;0;0;0;0;0;0;0;0;10 minutes;01:08;0;0;0;0;0;0;0;0
Vivieria-1169;50;0;0;34;7.03;12;0;0;0;0;0;54,351;11,253;9,259;50,198;10,392.64;16,047;3,078;91;18.84;0;0;0;0;0;26;5.38;10;114;23.6;35;10;1.25;0;0;0;0;10;2;77;15.94;28;32;6.62;14;0;5;0;1;0;0;0;0;10;0;0;10;6;2;3;3;1;52;10.76;15;08:18;01:43;02:16;0;0;0;0;0;0;0;0;21;4.34;6;0;0;0;1;0;0;1 hour;03:17;0;0;0;0;0;0;0;24%
watt-1213;80;0;3;10;1.53;2;0;0;0;0;0;193,517;29,642;31,130;53,133;8,138.66;5,998;2,174;81;12.4;0;0;0;0;0;29;4.44;6;104;15.93;13;8;1.28;0;0;0;0;2;2;52;7.96;8;42;6.43;6;0;7;0;3;0;0;0;0;8;0.4;0;13;5;2;6;3;3;48;7.35;12;11:22;01:44;02:09;0;0;0;0;0;0;0;0;9;1.37;2;0;0;0;0;0;0;1 hour;06:10;0;0;0;0;0;0;0;38%
weaselele-2442;4437;0;0;24;3.06;6;0;0;0;0;0;213,715;27,265;21,514;109,052;13,912.43;10,618;5,034;97;12.37;0;0;0;0;0;38;4.84;9;166;21.17;28;10;1.71;0;0;0;0;2;0;76;9.69;14;70;8.93;10;3;8;0;5;0;0;0;0;10;0;0;13;9;0;4;3;3;48;6.12;8;09:22;01:11;01:07;0;0;0;0;0;0;0;0;5;0.63;2;0;0;0;0;0;0;1 hour;10:37;0;0;0;0;1;0;0;62%
Werky-1402;2821;0;0;0;0;0;0;0;0;0;0;17,033;19,210;10,197;10,171;11,470.53;5,040;2,589;16;18.04;0;0;0;0;0;4;4.51;2;16;18.04;10;6;1;0;0;0;0;0;0;9;10.15;5;4;4.51;3;1;1;0;0;0;0;0;0;6;0;0;2;2;0;0;0;0;5;5.63;3;02:06;02:22;01:07;0;0;0;0;0;0;0;0;1;1.12;1;0;0;0;0;0;0;15 minutes;01:37;0;0;0;0;1;0;0;5%
Winghaven-2491;3505;0;0;3;2.15;2;0;0;0;0;0;32,088;23,069;12,467;12,503;8,988.84;6,826;2,608;16;11.5;0;0;0;0;0;4;2.87;3;13;9.34;9;4;0.81;0;0;0;0;1;0;7;5.03;5;7;5.03;4;0;1;1;0;0;0;0;0;4;0;0;4;2;1;1;0;0;2;1.43;2;00:38;00:27;00:27;0;0;0;0;0;0;0;0;3;2.15;2;0;0;0;0;0;0;18 minutes;00:02;0;0;0;0;0;0;0;8%
Winston-11922;65;0;0;4;6.11;2;0;0;0;0;0;14,000;21,402;9,101;2,693;4,116.53;1,244;750;11;16.81;0;0;0;0;0;2;3.05;1;7;10.7;4;2;0.63;0;0;0;0;0;0;6;9.17;4;2;3.05;2;0;1;0;0;0;0;0;0;2;0;0;2;1;1;1;0;0;1;1.52;1;00:56;01:27;00:36;0;0;0;0;0;0;0;0;3;4.58;2;0;0;0;0;0;0;8 minutes;0;0;0;0;0;0;0;0;0
WinterDKay-2106;2919;0;9;124;5.52;10;0;0;0;0;0;486,560;21,679;34,657;229,198;10,212.29;14,124;5,875;224;9.98;0;0;0;0;0;113;5.03;10;490;21.83;33;12;2.18;0;0;0;0;8;7;290;12.92;19;181;8.06;13;11;22;0;12;0;0;0;0;12;0;0;57;18;12;27;3;6;190;8.46;20;40:53;01:49;03:58;0;0;0;0;0;0;0;0;39;1.73;6;0;0;0;0;0;0;4 hours;43:37;0;0;0;0;14;0;0;52%
XavierChu-3266;3000;0;120;1,632;3.92;14;0;0;0;0;0;7,651,757;18,387;44,923;5,030,886;12,088.8;29,551;7,713;3,913;9.4;0;0;0;0;0;2,297;5.51;14;9,811;23.57;53;22;2.5;0;0;0;0;83;37;4,944;11.88;31;3,333;8;21;148;416;23;246;0;0;0;0;22;0;0;1,015;404;282;329;6;249;3,565;8.56;30;12:10:12;01:45;04:10;0;0;0;0;0;0;0;0;499;1.19;7;0;0;0;0;0;0;88 hours;14:52:08;0;0;0;0;72;0;0;59%
XQQ-11863;4453;0;2;24;2.73;5;0;0;0;0;0;215,139;24,509;42,808;122,179;13,918.63;25,173;4,820;103;11.73;0;0;0;0;0;49;5.58;10;194;22.1;30;14;1.88;0;0;0;0;4;3;93;10.59;14;81;9.22;14;3;9;0;5;0;0;0;0;14;0;0;16;8;4;5;5;5;87;9.91;15;13:47;01:34;02:09;0;0;0;0;0;0;0;0;4;0.45;2;0;0;0;0;0;0;2 hours;18:06;0;0;0;0;0;0;0;61%
Y19251658-2148;3795;0;1;10;2.08;4;0;0;0;0;0;88,228;18,407;16,460;54,739;11,420.41;10,110;4,554;49;10.22;0;0;0;0;0;27;5.63;6;110;22.94;18;10;2.24;0;0;0;0;0;0;65;13.56;13;50;10.43;10;1;5;0;4;0;0;0;0;10;0;0;16;6;2;8;3;2;27;5.63;7;10:33;02:12;02:35;0;0;0;0;0;0;0;0;4;0.83;1;0;0;0;0;0;0;1 hour;16:36;0;0;0;0;0;0;0;77%
YaMou-4439;3076;0;3;42;3.48;5;0;0;0;0;0;328,061;27,185;32,445;128,989;10,688.74;13,906;3,415;154;12.76;0;0;0;0;0;46;3.81;7;237;19.63;24;8;1.53;0;0;0;0;7;4;120;9.94;16;66;5.46;8;5;12;0;7;0;0;0;0;8;0;0;23;10;8;5;3;6;102;8.45;13;31:49;02:38;03:11;0;0;0;0;0;0;0;0;14;1.16;2;0;0;0;0;0;0;2 hours;12:36;0;0;0;0;0;0;0;56%
YATIAYASE-1475;4005;0;0;4;4.48;2;0;0;0;0;0;16,980;19,033;8,358;12,785;14,330.73;4,942;1,560;16;17.93;0;0;0;0;0;5;5.6;3;21;23.53;13;5;1.31;0;0;0;0;1;1;10;11.2;8;5;5.6;4;1;1;0;0;0;0;0;0;5;0;0;3;2;1;0;0;0;7;7.84;4;01:14;01:23;00:52;0;0;0;0;0;0;0;0;0;0;0;0;0;0;0;0;0;14 minutes;0;0;0;0;0;0;0;0;37%
Yoooz-3681;2542;0;0;0;0;0;0;0;0;0;0;3,819;15,465;3,819;685;2,773.63;685;560;3;12.14;0;0;0;0;0;0;0;0;0;0;0;0;0;0;0;0;0;0;0;0;0;0;0;0;0;0;0;0;0;0;0;0;0;0;0;0;0;0;0;0;0;0;0;0;0;00:02;00:08;00:02;0;0;0;0;0;0;0;0;0;0;0;0;0;0;0;0;0;2 minutes;0;0;0;0;0;0;0;0;0
yoshi3098-1803;0;0;0;8;3.61;3;0;0;0;0;0;46,326;20,954;18,568;13,625;6,162.95;5,730;1,922;25;11.3;0;0;0;0;0;8;3.61;5;41;18.54;18;7;1.64;0;0;0;0;0;0;21;9.49;9;14;6.33;7;0;2;0;2;0;0;0;0;7;0;0;3;0;2;1;3;2;19;8.59;15;08:12;03:42;03:13;0;0;0;0;0;0;0;0;4;1.8;3;0;0;0;0;0;0;32 minutes;02:48;0;0;0;0;4;0;0;100%
Yubuu-1763;42;0;2;13;3.13;4;0;0;0;0;0;71,240;17,167;18,765;21,242;5,118.92;4,601;2,586;41;9.88;0;0;0;0;0;4;0.96;3;70;16.86;21;10;1.7;0;0;0;0;1;0;44;10.6;12;8;1.92;4;0;4;0;3;0;0;0;0;0;0;0;6;3;2;1;0;0;18;4.33;9;04:00;00:57;01:01;0;0;0;0;0;0;0;0;11;2.65;4;0;0;0;0;0;0;45 minutes;05:03;0;0;0;0;0;0;0;75%
YuzuP-1934;1855;0;20;132;2.54;8;0;0;0;0;0;1,130,134;21,804;43,634;483,608;9,330.18;18,121;4,763;532;10.26;0;0;0;0;0;167;3.22;9;862;16.63;48;17;1.62;0;0;0;0;9;7;456;8.79;29;234;4.51;10;27;52;5;20;0;0;0;184;17;0;0;103;32;38;34;6;20;361;6.96;21;01:38:36;01:54;06:59;0;0;0;0;0;0;0;0;61;1.17;5;0;0;0;0;0;0;10 hours;56:54;0;0;0;0;20;0;0;38%
Yz50-11781;4342;0;0;7;2.26;4;0;0;0;0;0;64,478;20,897;19,095;35,558;11,524.32;13,237;4,760;36;11.66;0;0;0;0;0;12;3.88;7;50;16.2;20;13;1.38;0;0;0;0;3;0;21;6.8;9;15;4.86;6;1;3;0;1;0;0;0;0;13;0;0;4;1;1;2;5;2;19;6.15;8;04:23;01:25;02:18;0;0;0;0;0;0;0;0;0;0;0;0;0;0;0;0;0;41 minutes;01:12;0;0;0;0;0;0;0;46%
Zalphx-1161;3789;0;0;0;0;0;0;0;0;0;0;7,518;15,678;7,518;2,465;5,140.41;2,465;1,445;1;2.08;0;0;0;0;0;0;0;0;4;8.34;4;4;4;0;0;0;0;0;0;0;0;0;4;8.34;4;0;0;0;0;0;0;0;0;4;0;0;1;0;0;1;0;0;0;0;0;00:25;00:52;00:25;0;0;0;0;0;0;0;0;0;0;0;0;0;0;0;0;0;3 minutes;0;0;0;0;0;0;0;0;100%
Zatanna-11384;65;0;1;9;3.47;3;0;0;0;0;0;70,985;27,435;20,726;24,651;9,527.4;7,881;2,288;38;14.68;0;0;0;0;0;12;4.63;5;45;17.39;17;7;1.18;0;0;0;0;2;0;19;7.34;9;8;3.09;3;0;3;0;1;0;0;0;0;7;0;0;8;4;0;3;3;1;16;6.18;6;06:00;02:19;02:53;0;0;0;0;0;0;0;0;5;1.93;2;0;0;0;0;0;0;39 minutes;05:59;0;0;0;0;0;0;0;32%
ZeInfinity-21817;2173;0;1;9;4.45;4;0;0;0;0;0;39,816;19,700;15,241;13,110;6,486.56;5,386;2,417;21;10.39;0;0;0;0;0;5;2.47;4;19;9.4;8;4;0.9;0;0;0;0;0;0;15;7.42;6;2;0.98;2;2;2;0;0;0;0;0;0;4;0;0;6;2;1;3;0;0;11;5.44;6;02:25;01:12;00:58;0;0;0;0;0;0;0;0;2;0.98;1;0;0;0;0;0;0;19 minutes;00:35;0;0;0;0;0;0;0;0
Zeref-1317;2724;0;2;15;3.12;3;0;0;0;0;0;56,962;11,885;12,588;43,569;9,090.49;9,932;4,439;30;6.25;0;0;0;0;0;20;4.17;5;90;18.77;19;10;3;0;0;0;0;0;0;52;10.84;13;25;5.21;7;0;5;1;3;0;0;0;0;10;0;0;12;3;5;5;5;3;29;6.05;8;06:29;01:21;01:58;0;0;0;0;0;0;0;0;10;2.08;4;0;0;0;0;0;0;52 minutes;06:24;0;0;0;0;0;0;0;72%
Zonda-4175;4522;0;3;10;1.93;5;0;0;0;0;0;75,327;14,573;20,467;38,200;7,390.28;11,253;3,798;29;5.61;0;0;0;0;0;18;3.48;6;64;12.38;22;9;2.2;0;0;0;0;1;0;34;6.57;13;20;3.86;6;1;5;2;2;0;0;0;0;9;0;0;13;2;8;3;3;3;21;4.06;9;06:22;01:13;03:21;0;0;0;0;0;0;0;0;3;0.58;2;0;0;0;0;0;0;52 minutes;05:06;0;0;0;0;0;0;0;43%
