cacaron-1244;3164;1;72;9,256;17,250.79;9,256;3,335;6;11.18;8;14.91;8;5;1.33;19;35;19;20;37;20;0;1;1.86;1;1;1;0;0;1,228;2,288.23;1,228;381;5;1;0;0;1;1;1.86;1;0;0;2;3.72;2;00:28;00:52;00:28;6;11;6;1,797;804;0;0;0;0;7 minutes;0;0;44%;0;0
ende-3181;2191;0;105;8,704;3,830.24;4,188;1,354;28;12.32;30;13.2;21;6;1.07;28;12;9;43;19;15;0;7;3.08;5;0;2;0;2;3,348;1,473.41;1,147;530;6;4;1;0;3;2;0.88;1;3;1;11;4.84;8;02:23;01:03;00:57;15;7;8;5,379;1,132;1;0.44;1;0;29 minutes;01:15;0;21%;19%;85%
Flame-12415;2806;0;19;1,190;4,676.06;1,190;608;2;7.86;7;27.51;7;4;3.5;4;16;4;6;24;6;0;3;11.79;3;0;0;0;0;75;294.76;75;75;4;1;1;0;0;1;3.93;1;0;0;2;7.86;2;00:20;01:21;00:20;0;0;0;727;196;1;3.93;1;0;2 minutes;0;0;26%;0;0
Hoon-31856;4366;0;29;1,176;4,201.89;1,176;1,176;2;7.14;3;10.71;3;3;1.5;0;0;0;2;7;2;0;2;7.14;2;0;0;0;0;291;1,041.42;291;289;3;1;0;0;1;1;3.57;1;0;0;0;0;0;00:01;00:06;00:01;1;4;1;349;155;2;7.14;2;0;4 minutes;0;3;44%;44%;0
Hyper-1157;3921;1;361;35,544;10,130.36;8,461;6,054;27;7.69;88;25.08;26;24;3.25;68;19;16;88;25;20;1;31;8.83;13;1;4;0;2;5,980;1,704.32;1,609;874;24;10;6;1;3;1;0.28;1;0;0;44;12.54;16;04:09;01:11;01:09;38;11;14;9,838;4,141;4;1.14;2;0;43 minutes;05:00;1;42%;54%;46%
Legit-21235;1645;1;121;13,633;13,391.94;10,734;3,841;9;8.84;26;25.54;20;7;2.88;17;17;14;24;24;19;0;17;16.69;11;1;1;1;0;2,219;2,179.97;1,422;521;7;3;1;2;0;4;3.92;2;0;0;0;0;0;00:08;00:08;00:06;4;4;3;2,791;1,204;10;9.82;6;0;13 minutes;0;0;43%;0;0
NzNr-1485;3728;0;25;2,899;4,453.31;1,995;1,301;6;9.21;12;18.43;10;9;2;8;12;4;16;25;10;0;5;7.68;3;1;1;0;0;0;0;0;0;9;2;1;0;1;1;1.53;1;0;0;6;9.21;6;00:43;01:07;00:43;6;9;5;1,064;344;1;1.53;1;0;7 minutes;01:58;0;32%;0;0
oPuTo-1727;3814;1;526;51,035;9,501.3;9,215;3,960;48;8.93;113;21.03;19;10;2.35;69;13;12;111;21;18;0;38;7.07;10;2;5;0;3;1,550;288.65;482;482;10;14;3;7;3;3;0.55;1;0;0;37;6.88;6;03:39;00:40;00:32;40;7;9;13,285;5,621;11;2.04;3;0;1 hour;07:01;0;42%;40%;56%
Rascal-31813;4599;8;909;87,779;11,905.82;16,534;5,705;53;7.18;265;35.94;51;20;5;140;19;28;207;28;38;1;120;16.27;22;1;7;0;6;12,484;1,693.2;3,965;1,374;20;23;8;7;8;9;1.22;3;3;6;56;7.59;17;05:00;00:40;01:15;80;11;15;22,310;9,689;33;4.47;10;0;1 hour;22:13;0;43%;63%;81%
SEKIYUTA-1528;3229;0;288;30,655;14,024.74;14,447;4,870;23;10.52;69;31.56;34;9;3;44;20;22;69;32;31;0;37;16.92;20;0;2;0;2;2,921;1,336.17;1,591;684;9;6;3;1;1;3;1.37;2;0;0;19;8.69;10;01:52;00:51;01:01;24;11;11;7,595;3,234;15;6.86;9;0;31 minutes;04:45;0;42%;42%;72%
