Akimoto-3310;3063;23;25.33;0;3%;7;4;4;0.01;14,786;16,286.3;7,171;7,171;2;2.2;0;0;0;35;38.55;18;18;17.5;0;0;0;17;18.72;10;0;1;0;1;0;0;0;0;18;0;0;2;1;1;1;0;0;0;11;12.11;8;0;0;8;8.81;4;00:14;00:15;00:06;0;0;0;0;0;0;731;185;2;2.2;1;0;0;0;10 minutes;03:51;22;24.23;11;28;30.84;0;25%;30%;94%
Amzeyy-1680;4033;2;9.24;1;83%;15;15;15;0.07;1,620;7,494.16;1,620;1,620;1;4.62;0;0;0;10;46.24;10;10;10;0;1;0;9;41.62;9;0;0;0;0;0;0;0;0;10;0;0;1;0;0;0;0;0;0;0;0;0;0;0;10;46.24;10;02:29;11:30;02:29;0;0;0;0;0;0;26;18;8;36.99;8;0;0;0;3 minutes;01:44;10;46.24;10;0;0;0;69%;0;100%
applejuice69-11392;0;25;13.49;0;5%;30;7;6;0.02;26,428;14,263.12;5,046;3,713;17;9.17;0;0;0;44;23.74;13;8;2.58;0;0;0;20;10.79;5;1;2;1;0;0;0;0;0;8;0;0;7;2;2;2;1;0.53;1;9;4.85;5;0;0;8;4.31;4;00:23;00:12;00:12;0;0;0;0;0;0;1,142;510;6;3.23;2;0;0;0;21 minutes;03:10;33;17.81;9;25;13.49;0;44%;36%;25%
arbiterlin-1178;2685;28;60.47;0;1%;2;2;2;0;5,648;12,198.6;3,141;3,029;3;6.47;0;0;0;14;30.23;9;9;4.66;0;0;0;6;12.95;4;0;0;0;0;0;0;0;0;9;0;0;1;0;0;0;0;0;0;1;2.15;1;0;0;7;15.11;4;00:24;00:53;00:14;0;0;0;0;0;0;455;118;1;2.15;1;0;0;0;6 minutes;00:31;5;10.79;3;12;25.91;0;25%;0;0
aRie-11198;2992;2;9.04;0;7%;6;6;4;0.03;3,826;17,312.58;3,826;1,983;2;9.04;0;0;0;4;18.09;4;3;2;0;0;0;1;4.52;1;0;0;0;0;0;0;0;0;3;0;0;1;0;0;0;0;0;0;0;0;0;0;0;0;0;0;00:04;00:19;00:04;0;0;0;0;0;0;225;77;0;0;0;0;0;0;2 minutes;0;3;13.57;3;2;9.04;0;34%;0;0
Artificial-11535;2856;3;15.49;0;3%;1;1;1;0;3,797;19,616.56;3,797;2,174;2;10.33;0;0;0;4;20.66;4;4;2;0;0;0;1;5.16;1;0;0;0;0;0;0;0;0;4;0;0;1;1;0;0;0;0;0;0;0;0;0;0;2;10.33;2;00:04;00:22;00:04;0;0;0;0;0;0;85;26;0;0;0;0;0;0;2 minutes;0;4;20.66;4;1;5.16;0;30%;0;0
Bamos-11989;2551;5;26.16;0;6%;5;5;5;0.03;3,322;17,382.97;3,008;2,784;2;10.46;0;0;0;7;36.63;7;7;3.5;0;0;0;3;15.69;3;0;0;0;0;0;0;0;0;7;0;0;1;0;0;0;0;0;0;1;5.23;1;0;0;5;26.16;5;00:01;00:10;00:01;0;0;0;0;0;0;303;81;0;0;0;0;0;0;2 minutes;01:14;6;31.39;6;6;31.39;0;26%;22%;0
BioHack-11119;1988;16;17.6;0;5%;15;6;5;0.02;11,852;13,037.35;7,115;7,115;5;5.5;0;0;0;20;22;12;12;4;0;0;0;7;7.7;3;0;1;0;1;0;0;0;0;12;0;0;3;0;2;2;0;0;0;5;5.5;3;3;1;6;6.6;3;00:09;00:10;00:07;0;0;0;0;0;0;922;300;3;3.3;2;0;0;0;8 minutes;01:28;12;13.2;7;16;17.6;0;32%;38%;63%
Blu-4175;3000;8;21.77;0;0;0;0;0;0;8,855;24,102.33;8,855;8,841;1;2.72;0;0;0;16;43.55;16;16;16;0;0;0;6;16.33;6;0;0;0;0;0;0;0;0;16;0;0;2;1;0;0;0;0;0;5;13.61;5;0;0;0;0;0;00:02;00:07;00:02;0;0;0;0;0;0;145;57;0;0;0;0;0;0;3 minutes;01:03;7;19.05;7;14;38.1;0;39%;39%;100%
Bluemoon-31853;3351;27;31.27;2;1%;3;2;1;0;12,932;14,979.84;9,804;9,622;3;3.47;0;0;0;33;38.22;21;21;11;0;0;0;11;12.74;8;0;1;0;0;0;0;0;0;21;0;0;3;1;2;0;0;0;0;11;12.74;8;3;1;25;28.95;15;00:21;00:24;00:15;0;0;0;0;0;0;676;209;3;3.47;2;0;0;0;11 minutes;02:30;24;27.8;17;20;23.16;0;30%;11%;48%
BluStar-2121;57;38;38.76;0;9%;26;12;11;0;11,314;11,541.12;4,267;1,870;18;18.36;0;0;0;21;21.42;8;5;1.16;0;0;0;8;8.16;4;0;1;0;0;0;0;0;0;5;0;0;2;1;0;1;0;0;0;2;2.04;1;0;0;10;10.2;4;00:33;00:33;00:15;0;0;0;0;0;0;0;0;0;0;0;0;0;0;16 minutes;0;11;11.22;4;12;12.24;0;33%;0;4%
Bobosa-3106;0;68;26.23;0;5%;44;15;9;0.02;30,747;11,864.41;10,092;4,199;19;7.33;0;0;0;66;25.46;28;13;3.47;0;0;0;28;10.8;12;2;3;1;0;0;0;0;0;13;0;0;8;1;5;2;0;0;0;12;4.63;5;0;0;28;10.8;13;01:59;00:46;01:18;0;0;0;0;0;0;2,186;861;4;1.54;3;0;0;0;29 minutes;04:49;32;12.34;13;54;20.83;0;39%;55%;0
buff4eyes-1647;45;27;34.3;0;6%;15;7;7;0;15,950;20,263.15;5,189;4,913;9;11.43;0;0;0;37;47;17;7;4.11;0;2;0;18;22.86;10;0;1;0;0;0;0;0;0;7;0;0;3;1;1;1;0;0;0;7;8.89;5;0;0;12;15.24;5;00:21;00:26;00:17;0;0;0;0;0;0;0;0;6;7.62;3;0;0;0;15 minutes;00:24;15;19.05;8;26;33.03;0;31%;0;52%
cacaron-1244;3164;25;33.57;0;6%;21;14;8;0.03;18,707;25,126.61;9,639;5,928;7;9.4;0;0;0;20;26.86;10;8;2.85;0;0;0;13;17.46;7;0;1;0;1;0;0;0;0;8;0;0;2;0;1;0;0;0;0;4;5.37;4;0;0;12;16.11;6;00:10;00:13;00:08;0;0;0;0;0;0;829;325;3;4.02;2;0;0;0;11 minutes;01:02;13;17.46;7;13;17.46;0;39%;39%;70%
Calvin-1337;4187;8;18.11;0;12%;14;14;12;0.04;3,076;6,963.69;3,076;2,411;4;9.05;0;0;0;4;9.05;4;3;1;0;0;0;3;6.79;3;0;0;0;0;0;0;0;0;3;0;0;2;0;1;0;0;0;0;1;2.26;1;0;0;2;4.52;2;00:27;01:03;00:27;0;0;0;0;0;0;138;115;1;2.26;1;1;0;0;5 minutes;00:08;4;9.05;4;0;0;6;83%;83%;100%
Camou-1349;3855;12;16.79;0;13%;21;18;9;0.04;6,560;9,178.56;3,379;2,077;3;4.19;0;0;0;25;34.97;14;10;8.33;0;0;0;9;12.59;5;0;1;0;1;0;0;0;0;10;0;0;2;1;0;0;0;0;0;5;6.99;3;3;2;6;8.39;5;00:09;00:12;00:04;0;0;0;0;0;0;481;153;2;2.79;2;0;0;0;7 minutes;01:21;16;22.38;10;14;19.58;0;31%;34%;100%
Capriccioso-1214;42;44;15.57;2;6%;27;9;9;0;28,628;10,132.85;5,421;5,421;22;7.78;0;0;0;65;23;16;8;2.95;0;0;0;27;9.55;7;0;3;0;1;0;0;0;0;8;0;0;7;2;3;3;0;0;0;14;4.95;3;3;1;27;9.55;7;00:43;00:15;00:16;0;0;0;0;0;0;0;0;9;3.18;3;0;0;0;34 minutes;01:42;27;9.55;6;49;17.34;0;29%;0;37%
CaptainEVS-1315;80;96;14.29;2;6%;96;18;17;0;59,038;8,791.14;8,244;5,279;36;5.36;0;0;0;141;20.99;16;12;3.91;0;2;0;65;9.67;7;0;7;0;4;0;0;0;0;12;0;0;13;4;1;8;0;0;0;32;4.76;4;0;0;56;8.33;9;02:30;00:22;00:26;0;0;0;0;0;0;0;0;17;2.53;2;0;0;0;59 minutes;08:09;74;11.01;12;105;15.63;0;41%;0;58%
cocco-2188;0;0;0;0;0;0;0;0;0;898;1,663.07;490;490;1;1.85;0;0;0;1;1.85;1;1;1;0;0;0;0;0;0;0;1;0;0;0;0;0;0;1;0;0;0;0;0;0;0;0;0;0;0;0;0;0;0;0;0;0;0;0;0;0;0;0;0;0;73;14;0;0;0;0;0;0;4 minutes;0;1;1.85;1;1;1.85;0;19%;2%;0
Cohias-1934;3115;1;10.26;0;10%;7;7;5;0.06;2,086;21,420.05;2,086;1,130;2;20.53;0;0;0;1;10.26;1;1;0.5;0;0;0;0;0;0;0;0;0;0;0;0;0;0;1;0;0;0;0;0;0;0;0;0;0;0;0;0;0;0;0;0;00:07;01:12;00:07;0;0;0;0;0;0;163;66;0;0;0;0;0;0;1 minute;0;1;10.26;1;0;0;0;40%;0;0
CRA2YDOG-3822;2743;62;26.94;2;3%;32;13;9;0.01;44,903;19,515.79;10,787;7,893;18;7.82;0;0;0;56;24.33;22;17;3.11;0;0;0;22;9.56;10;1;2;0;1;0;0;0;0;17;0;0;8;2;5;1;0;0;0;15;6.51;8;0;0;25;10.86;7;01:20;00:34;00:25;0;0;0;0;0;0;2,817;1,059;1;0.43;1;0;0;0;31 minutes;0;32;13.9;9;42;18.25;0;37%;46%;48%
CtrlAltL337-1674;58;1,074;25.31;30;6%;1,039;28;19;0;669,096;15,771.31;16,751;10,838;352;8.29;0;0;0;1,256;29.6;41;19;3.56;0;4;0;529;12.46;16;0;42;0;29;461,437;10,876.56;0;16;19;0.18;0;156;32;77;47;1;0.02;1;276;6.5;11;4;14;510;12.02;17;17:02;00:24;00:42;0;0;0;105,328;0;0;0;0;151;3.55;7;0;0;0;8 hours;01:15:08;744;17.53;21;898;21.16;0;29%;0;69%
Cyberpunk-11691;2298;12;27.39;0;1%;3;3;2;0;9,982;22,789.22;9,982;5,879;3;6.84;0;0;0;13;29.67;13;7;4.33;0;0;0;4;9.13;4;0;0;0;0;0;0;0;0;7;0;0;0;0;0;0;0;0;0;1;2.28;1;0;0;6;13.69;6;00:00;00:02;00:00;0;0;0;0;0;0;509;214;1;2.28;1;0;0;0;6 minutes;01:41;6;13.69;6;11;25.11;0;42%;0;100%
DeGuN-2283;75;63;18.58;2;7%;54;17;15;0;28,957;8,543.21;6,977;4,707;6;1.77;0;0;0;79;23.3;21;15;13.16;0;0;0;34;10.03;9;0;3;0;3;0;0;0;0;0;0;0;12;4;4;3;0;0;0;18;5.31;6;3;1;11;3.24;5;00:24;00:07;00:12;0;0;0;0;0;0;0;0;10;2.95;4;0;0;0;27 minutes;05:05;50;14.75;14;49;14.45;0;33%;0;100%
DERPGUYZ-1495;2481;8;7.21;0;8%;24;13;13;0.04;9,205;8,301.34;3,469;3,469;6;5.41;0;0;0;21;18.93;9;9;3.5;0;1;0;7;6.31;4;1;1;0;0;0;0;0;0;9;0;0;4;2;1;1;0;0;0;5;4.5;3;0;0;4;3.6;2;00:30;00:27;00:24;0;0;0;0;0;0;880;285;0;0;0;0;0;0;8 minutes;0;15;13.52;8;11;9.92;0;32%;8%;0
DerpHead-3508;2487;6;7.77;1;3%;4;3;3;0.01;8,029;10,401.08;6,240;6,240;3;3.88;0;0;0;16;20.72;16;16;5.33;0;0;0;6;7.77;6;0;1;0;1;0;0;0;0;16;0;0;1;1;0;1;0;0;0;5;6.47;5;0;0;5;6.47;5;00:17;00:22;00:12;0;0;0;0;0;0;359;102;0;0;0;0;0;0;6 minutes;0;7;9.06;7;14;18.13;0;28%;0;100%
DevjlCloudVN-1911;3102;54;42.99;0;5%;25;10;10;0.02;18,640;14,841.97;7,726;3,983;11;8.75;0;0;0;30;23.88;12;7;2.72;0;0;0;11;8.75;4;1;1;0;0;0;0;0;0;7;0;0;2;1;0;1;0;0;0;4;3.18;2;0;0;8;6.36;3;00:43;00:34;00:28;0;0;0;0;0;0;1,925;451;1;0.79;1;0;0;0;18 minutes;01:37;16;12.73;6;24;19.1;1;23%;33%;37%
doGsInaT-1838;3173;38;17.93;1;5%;21;11;5;0.01;16,593;7,832.3;8,363;2,797;13;6.13;0;0;0;39;18.4;18;12;3;0;0;0;13;6.13;5;1;2;0;2;0;0;0;0;12;0;0;4;1;1;2;0;0;0;7;3.3;4;0;0;6;2.83;5;00:24;00:11;00:23;0;0;0;0;0;0;1,165;354;4;1.88;4;0;0;0;19 minutes;00:24;29;13.68;14;15;7.08;2;30%;19%;73%
Dylandy-1189;0;1;18.26;0;14%;2;2;2;0;974;17,792.67;974;652;2;36.53;0;0;0;0;0;0;0;0;0;0;0;0;0;0;0;0;0;0;0;0;0;0;0;0;0;0;0;0;0;0;0;0;0;0;0;0;0;0;0;0;00:06;02:01;00:06;0;0;0;0;0;0;0;0;0;0;0;0;0;0;57.146716019138694 seconds;0;0;0;0;0;0;0;21%;0;0
Edude13-1114;2202;4;5.43;0;5%;2;2;2;0;5,107;6,936.15;3,588;1,676;7;9.5;0;0;0;3;4.07;2;1;0.42;0;0;0;2;2.71;2;1;1;0;0;0;0;0;0;1;0;0;2;1;1;0;0;0;0;0;0;0;0;0;1;1.35;1;00:06;00:08;00:04;0;0;0;0;0;0;391;38;2;2.71;2;0;0;0;7 minutes;0;1;1.35;1;3;4.07;0;9%;12%;0
EnumaElish-3343;3604;42;11.01;1;5%;39;12;11;0.01;37,839;9,921.64;14,391;9,820;24;6.29;0;0;0;60;15.73;23;14;2.5;0;0;0;20;5.24;9;2;4;2;0;0;0;0;0;14;0;0;8;2;4;2;0;0;0;16;4.19;7;3;3;16;4.19;9;01:20;00:21;00:50;0;0;0;0;0;0;1,836;674;4;1.04;1;0;0;0;33 minutes;05:33;39;10.22;15;41;10.75;0;36%;37%;0%
eXile1cK-1643;2867;67;16.9;0;12%;91;37;35;0.03;47,598;12,006.67;6,980;4,058;35;8.82;0;0;0;97;24.46;16;10;2.77;0;0;0;44;11.09;8;2;4;0;2;0;0;0;0;10;0;0;11;5;2;4;0;0;0;11;2.77;3;3;1;30;7.56;10;02:16;00:34;01:00;0;0;0;0;0;0;2,129;722;11;2.77;4;0;0;0;47 minutes;02:52;36;9.08;6;76;19.17;0;33%;68%;46%
Faith-1102;50;28;39.31;0;3%;3;2;1;0;11,538;16,199.11;9,119;3,807;7;9.82;0;0;0;33;46.32;29;11;4.71;0;0;0;13;18.25;13;0;1;0;1;0;0;0;0;11;0;0;3;1;1;1;0;0;0;8;11.23;7;3;1;21;29.48;17;00:36;00:50;00:27;0;0;0;0;0;0;0;0;3;4.21;3;0;0;0;12 minutes;02:38;17;23.86;15;28;39.31;0;22%;0;85%
Flame-12415;2806;63;16.58;1;6%;50;15;15;0.01;36,954;9,730.27;6,362;5,561;26;6.84;0;0;0;80;21.06;15;12;3.07;0;0;0;35;9.21;9;2;4;1;1;0;0;0;0;12;0;0;10;3;3;5;0;0;0;14;3.68;5;3;1;41;10.79;10;01:44;00:27;00:48;0;0;0;0;0;0;2,867;753;8;2.1;5;0;0;0;44 minutes;07:25;39;10.26;8;58;15.27;0;26%;36%;32%
FongBi-1515;2655;8;56.87;0;3%;3;3;3;0.01;2,850;20,258.69;2,850;1,519;2;14.21;0;0;0;1;7.1;1;1;0.5;0;0;0;0;0;0;0;0;0;0;0;0;0;0;1;0;0;0;0;0;0;0;0;0;0;0;0;0;0;0;0;0;00:10;01:11;00:10;0;0;0;0;0;0;260;80;0;0;0;0;0;0;2 minutes;0;1;7.1;1;0;0;0;30%;0;0
Forsak3n-2206;75;96;21.73;2;11%;106;25;18;0;36,498;8,263.99;8,900;4,989;31;7.01;0;0;0;109;24.68;26;22;3.51;0;0;0;55;12.45;14;0;4;0;4;0;0;0;0;0;0;0;8;3;2;3;0;0;0;11;2.49;3;0;0;29;6.56;6;00:40;00:09;00:09;0;0;0;0;0;0;0;0;11;2.49;4;0;0;0;45 minutes;04:55;61;13.81;15;65;14.71;0;30%;0;100%
Frostnium-1430;2424;23;15.99;2;3%;6;2;2;0;15,529;10,802.31;4,258;3,900;8;5.56;0;0;0;24;16.69;9;9;3;0;0;0;3;2.08;1;0;1;0;1;0;0;0;0;9;0;0;2;1;1;1;0;0;0;4;2.78;2;0;0;2;1.39;1;00:11;00:08;00:05;0;0;0;0;0;0;655;198;1;0.69;1;0;0;0;14 minutes;0;7;4.86;2;22;15.3;0;30%;76%;61%
Galactic-21329;47;21;17.98;2;3%;22;18;14;0;21,856;18,720.12;10,249;5,254;13;11.13;0;0;0;30;25.69;15;7;2.3;0;0;0;13;11.13;8;0;1;0;1;0;0;0;0;7;0;0;3;1;1;0;0;0;0;3;2.56;2;0;0;10;8.56;6;00:14;00:12;00:10;0;0;0;0;0;0;0;0;1;0.85;1;0;0;0;17 minutes;01:04;14;11.99;9;25;21.41;0;32%;0;94%
GambleRumble-1509;3583;2;4.64;0;7%;3;3;3;0.01;1,955;4,544.84;1,839;1,167;4;9.29;0;0;0;1;2.32;1;1;0.25;0;1;0;1;2.32;1;0;0;0;0;0;0;0;0;1;0;0;2;1;1;0;0;0;0;0;0;0;0;0;0;0;0;00:01;00:02;00:01;0;0;0;0;0;0;169;41;1;2.32;1;0;0;0;4 minutes;0;0;0;0;1;2.32;0;24%;0;0
GhostDragon-153648;3026;16;4.32;2;4%;35;9;8;0.01;46,226;12,507.93;6,327;4,796;30;8.11;0;0;0;92;24.89;18;16;3.06;0;1;0;36;9.74;6;1;4;1;2;0;0;0;0;16;0;0;11;3;6;3;0;0;0;17;4.59;4;3;2;27;7.3;8;00:41;00:11;00:08;0;0;0;0;0;0;2,906;738;10;2.7;2;0;0;0;45 minutes;01:06;25;6.76;6;83;22.45;0;25%;36%;51%
Glold-3213;0;8;30.66;0;0;0;0;0;0;395;1,513.88;395;395;1;3.83;0;0;0;0;0;0;0;0;0;0;0;0;0;0;0;0;0;0;0;0;0;0;0;0;0;1;1;0;0;0;0;0;0;0;0;0;0;0;0;0;00:17;01:08;00:17;0;0;0;0;0;0;13;0;0;0;0;0;0;0;--;0;0;0;0;0;0;0;0;0;0
GoDLuci-1127;3686;77;17.88;1;6%;50;19;10;0.01;48,273;11,214;13,387;5,632;36;8.36;0;0;0;111;25.78;34;15;3.08;0;0;0;44;10.22;14;2;4;0;2;0;0;0;0;15;0;0;9;1;2;6;0;0;0;18;4.18;7;0;0;42;9.75;14;04:34;01:03;01:59;0;0;0;0;0;0;2,236;726;7;1.62;4;0;0;0;55 minutes;06:26;48;11.15;17;85;19.74;2;32%;30%;52%
Gods-1217;4059;0;0;0;0;0;0;0;0;308;3,935.49;308;308;1;12.77;0;0;0;2;25.55;2;2;2;0;0;0;0;0;0;0;0;0;0;0;0;0;0;2;0;0;0;0;0;0;0;0;0;0;0;0;0;0;1;12.77;1;00:04;00:59;00:04;0;0;0;0;0;0;4;2;0;0;0;0;0;0;1 minute;0;0;0;0;2;25.55;0;50%;0;0
Goosen-21913;2723;4;169.92;0;0;0;0;0;0;689;29,269.71;689;689;0;0;0;0;0;0;0;0;0;0;0;0;0;0;0;0;0;0;0;0;0;0;0;0;0;0;0;0;0;0;0;0;0;0;0;0;0;0;0;0;0;0;00:11;07:51;00:11;0;0;0;0;0;0;48;17;0;0;0;0;0;0;24.33360998146236 seconds;0;0;0;0;0;0;0;35%;35%;100%
Graceful-2412;87;32;22.17;0;8%;57;18;17;0;30,686;21,268.76;5,847;5,016;19;13.16;0;0;0;45;31.18;12;11;2.36;0;0;0;17;11.78;7;0;1;0;1;0;0;0;0;11;0.54;0;4;1;1;1;1;0.69;1;10;6.93;4;3;1;16;11.08;6;00:36;00:25;00:14;0;0;0;0;0;0;0;0;3;2.07;2;0;0;0;21 minutes;01:40;24;16.63;8;33;22.87;0;34%;0;70%
H4ms-3114;0;10;13.23;1;3%;8;8;5;0.01;9,891;13,094.08;9,891;5,652;3;3.97;0;0;0;20;26.47;20;14;6.66;0;0;0;5;6.61;5;0;1;0;1;0;0;0;0;14;0;0;4;2;1;1;0;0;0;1;1.32;1;0;0;8;10.59;8;00:22;00:29;00:22;0;0;0;0;0;0;576;225;0;0;0;0;0;0;6 minutes;00:30;11;14.56;11;16;21.18;0;39%;0;100%
HAVATITE-1990;2718;7;19.29;0;4%;9;5;5;0.02;7,238;19,954.45;4,171;4,080;3;8.27;0;0;0;16;44.11;10;9;5.33;0;0;0;8;22.05;5;0;0;0;0;0;0;0;0;9;0;0;1;0;0;0;1;2.75;1;2;5.51;2;0;0;6;16.54;5;00:03;00:10;00:02;0;0;0;0;0;0;477;196;1;2.75;1;0;0;0;5 minutes;01:14;10;27.57;5;14;38.59;0;41%;0;42%
HEEYA-3357;2300;43;21.43;1;5%;6;3;3;0;19,919;9,927.93;6,485;6,485;6;2.99;0;0;0;33;16.44;17;17;5.5;0;0;0;17;8.47;9;1;2;0;1;0;0;0;0;17;0;0;5;1;2;2;0;0;0;11;5.48;6;0;0;7;3.48;5;00:09;00:04;00:07;0;0;0;0;0;0;600;106;2;0.99;2;0;0;0;16 minutes;03:10;11;5.48;5;29;14.45;0;17%;26%;57%
Hinnjai-4609;0;4;19.1;0;1%;1;1;1;0;2,811;13,424.38;2,811;2,278;2;9.55;0;0;0;4;19.1;4;3;2;0;0;0;1;4.77;1;0;0;0;0;0;0;0;0;3;0;0;1;0;0;0;0;0;0;1;4.77;1;0;0;0;0;0;00:01;00:07;00:01;0;0;0;0;0;0;161;74;1;4.77;1;0;0;0;3 minutes;0;1;4.77;1;3;14.32;0;45%;0;100%
Hoon-31342;0;2;18.61;0;13%;3;3;3;0.02;1,956;18,209.7;1,956;1,956;1;9.3;0;0;0;3;27.92;3;3;3;0;0;0;2;18.61;2;0;0;0;0;0;0;0;0;3;0;0;0;0;0;0;0;0;0;0;0;0;0;0;3;27.92;3;0;0;0;0;0;0;0;0;0;56;23;2;18.61;2;0;0;0;1 minute;0;1;9.3;1;3;27.92;0;41%;41%;0
Hoon-31856;4366;14;23.62;0;38%;28;18;10;0.08;2,473;4,172.56;1,493;716;4;6.74;0;0;0;5;8.43;3;2;1.25;0;0;0;4;6.74;3;0;1;1;0;0;0;0;0;2;0;0;2;1;0;1;0;0;0;0;0;0;0;0;0;0;0;0;0;0;0;0;0;0;0;0;148;73;4;6.74;3;0;0;0;5 minutes;0;5;8.43;3;0;0;0;49%;89%;0
hoshimichan-1316;72;10;8.83;0;8%;23;7;6;0.02;15,973;14,118.8;4,154;2,776;13;11.49;0;0;0;19;16.79;6;5;1.46;0;0;0;12;10.6;5;1;1;0;0;0;0;0;0;5;0;0;3;0;1;1;0;0;0;0;0;0;0;0;4;3.53;3;00:09;00:08;00:07;0;0;0;0;0;0;834;272;3;2.65;2;0;0;0;14 minutes;01:02;10;8.83;4;15;13.25;0;32%;26%;9%
HotShotGG-3480;3682;25;33.7;0;5%;24;16;16;0.04;16,359;22,054.96;8,931;8,819;4;5.39;0;0;0;20;26.96;12;12;5;0;0;0;3;4.04;2;0;1;0;1;0;0;0;0;12;0;0;2;1;1;0;1;1.34;1;5;6.74;4;3;1;10;13.48;7;00:50;01:08;00:27;0;0;0;0;0;0;1,540;468;1;1.34;1;0;0;0;9 minutes;01:58;13;17.52;9;16;21.57;0;30%;0;100%
HumanRabbit-1734;1206;28;14.49;1;6%;13;4;4;0.01;23,246;12,030.09;7,745;6,427;14;7.24;0;0;0;41;21.21;17;13;2.92;0;0;0;20;10.35;9;1;2;0;1;0;0;0;0;13;0;0;4;1;2;2;0;0;0;12;6.21;7;4;1;19;9.83;10;00:21;00:10;00:08;0;0;0;0;0;0;884;196;5;2.58;2;0;0;0;19 minutes;04:14;19;9.83;9;33;17.07;0;22%;23%;30%
Hunterhyde-1159;2701;1;7.82;0;6%;2;2;2;0.01;2,410;18,867.78;2,410;2,091;2;15.65;0;0;0;2;15.65;2;2;1;0;0;0;0;0;0;0;0;0;0;0;0;0;0;2;0;0;0;0;0;0;0;0;0;0;0;0;0;0;0;0;0;0;0;0;0;0;0;0;0;0;67;30;0;0;0;0;0;0;2 minutes;0;2;15.65;2;0;0;0;44%;0;0
Hyper-1157;3921;11;22.86;0;7%;17;17;17;0.05;8,943;18,591.81;6,727;6,492;1;2.07;0;0;0;6;12.47;6;4;6;0;0;0;3;6.23;3;0;0;0;0;0;0;0;0;4;0;0;1;0;0;0;0;0;0;2;4.15;2;0;0;0;0;0;00:02;00:05;00:02;0;0;0;0;0;0;506;238;1;2.07;1;0;0;0;5 minutes;00:14;3;6.23;3;5;10.39;0;47%;76%;87%
iddqd-2884;84;11;10.76;0;5%;12;6;5;0;8,729;8,539.78;4,021;2,586;7;6.84;0;0;0;21;20.54;14;8;3;0;0;0;12;11.74;7;0;1;0;1;0;0;0;0;0;0;0;3;0;0;2;0;0;0;2;1.95;2;0;0;8;7.82;3;00:32;00:31;00:28;0;0;0;0;0;0;0;0;3;2.93;1;0;0;0;10 minutes;00:03;13;12.71;7;10;9.78;0;40%;0;100%
IDK-11494;3227;41;19.24;1;4%;28;12;8;0.01;36,191;16,991.51;9,009;4,305;19;8.92;0;0;0;54;25.35;20;10;2.84;0;0;0;21;9.85;9;1;2;0;1;0;0;0;0;10;0;0;7;1;4;3;0;0;0;15;7.04;6;0;0;28;13.14;11;01:03;00:29;00:27;0;0;0;0;0;0;2,250;696;3;1.4;1;0;0;0;27 minutes;02:33;26;12.2;11;43;20.18;0;30%;34%;34%
Incognito-1602;72;11;16.12;0;8%;10;10;3;0;10,182;14,922.86;9,387;3,799;8;11.72;0;0;0;19;27.84;19;7;2.37;0;0;0;7;10.25;7;0;1;0;0;0;0;0;0;7;0;0;3;0;1;1;0;0;0;4;5.86;4;0;0;8;11.72;8;01:54;02:47;01:54;0;0;0;0;0;0;0;0;2;2.93;2;0;0;0;9 minutes;01:12;10;14.65;10;14;20.51;0;23%;0;11%
Ithae-1510;52;13;14.62;0;6%;13;13;7;0;7,767;8,740.57;7,767;3,040;6;6.75;0;0;0;21;23.63;21;8;3.5;0;0;0;9;10.12;9;0;1;0;1;0;0;0;0;8;0;0;3;2;0;1;0;0;0;4;4.5;4;0;0;11;12.37;11;00:12;00:13;00:12;0;0;0;0;0;0;0;0;2;2.25;2;0;0;0;10 minutes;00:39;16;18;16;8;9;0;25%;0;100%
JesseJames-11680;2476;323;9.76;2;4%;246;15;11;0.01;318,327;9,627.83;12,587;6,559;340;10.28;0;0;0;639;19.32;27;18;1.87;0;10;0;201;6.07;11;24;33;4;5;0;0;0;0;18;0;0;78;30;20;28;0;0;0;124;3.75;8;3;2;273;8.25;14;18:31;00:33;01:56;0;0;0;0;0;0;28,018;5,708;49;1.48;3;0;0;0;6 hours;10:58;189;5.71;10;556;16.81;3;20%;58%;16%
JIhooN-31212;2641;26;14.64;1;7%;6;5;4;0;12,158;6,848.48;4,307;3,257;14;7.88;0;0;0;39;21.96;15;12;2.78;0;1;0;7;3.94;4;1;2;1;1;0;0;0;0;12;0;0;2;1;0;1;0;0;0;4;2.25;3;3;2;17;9.57;5;00:11;00:06;00:08;0;0;0;0;0;0;1,215;85;3;1.68;2;0;0;0;22 minutes;01:47;4;2.25;2;38;21.4;0;6%;6%;29%
jjlol-11226;52;29;13.5;2;12%;21;8;8;0;21,310;9,925.73;8,116;5,002;16;7.45;0;0;0;48;22.35;16;13;3;0;0;0;16;7.45;7;0;2;0;2;0;0;0;0;13;0;0;6;0;4;2;0;0;0;11;5.12;8;5;2;13;6.05;9;00:17;00:08;00:15;0;0;0;0;0;0;0;0;6;2.79;3;0;0;0;26 minutes;01:08;22;10.24;10;40;18.63;0;21%;0;81%
JonnyBI-2703;3137;67;21.8;1;6%;36;13;12;0.01;33,835;11,013.91;8,093;5,152;24;7.81;0;0;0;63;20.5;21;10;2.62;0;1;0;25;8.13;9;1;3;1;2;0;0;0;0;10;0;0;6;2;1;3;0;0;0;10;3.25;4;3;1;11;3.58;5;01:00;00:19;00:39;0;0;0;0;0;0;1,630;595;7;2.27;4;0;0;0;41 minutes;02:42;34;11.06;10;43;13.99;0;36%;16%;52%
KAKI-11832;0;3;19.38;0;5%;8;8;4;0.05;3,678;23,765.44;3,678;1,867;3;19.38;0;0;0;3;19.38;3;2;1;0;0;0;0;0;0;0;0;0;0;0;0;0;0;2;0;0;0;0;0;0;0;0;0;0;0;0;0;0;1;6.46;1;00:02;00:17;00:02;0;0;0;0;0;0;367;148;0;0;0;0;0;0;2 minutes;0;3;19.38;3;0;0;0;40%;0;0
Karma-12365;52;11;24.5;0;14%;13;10;10;0;5,092;11,344.78;2,377;1,316;8;17.82;0;0;0;15;33.41;8;6;1.87;0;0;0;9;20.05;6;0;0;0;0;0;0;0;0;6;0;0;1;0;0;0;0;0;0;2;4.45;2;0;0;4;8.91;2;00:07;00:16;00:05;0;0;0;0;0;0;0;0;1;2.22;1;0;0;0;7 minutes;0;4;8.91;2;13;28.96;0;36%;0;0
Kay3-2155;69;3;54.37;0;75%;3;3;2;0;808;14,654.65;808;744;1;18.12;0;0;0;2;36.25;2;1;2;0;0;0;1;18.12;1;0;0;0;0;0;0;0;0;0;0;0;0;0;0;0;0;0;0;0;0;0;0;0;1;18.12;1;00:02;00:52;00:02;0;0;0;0;0;0;0;0;0;0;0;0;0;0;51.990157060325146 seconds;0;2;36.25;2;0;0;0;19%;0;100%
Kefka-11531;4123;15;28.4;0;9%;6;6;6;0.02;4,757;9,006.64;4,757;4,757;0;0;0;0;0;16;30.29;16;16;0;0;0;0;5;9.46;5;1;1;0;1;0;0;0;0;16;0;0;3;1;2;0;0;0;0;4;7.57;4;3;2;7;13.25;7;00:00;00:01;00:00;0;0;0;0;0;0;310;66;2;3.78;2;0;0;0;4 minutes;01:36;8;15.14;8;13;24.61;0;21%;21%;100%
Kira-1303;64;38;60.83;0;5%;12;5;5;0;6,821;10,920.61;4,494;1,866;8;12.8;0;0;0;26;41.62;12;9;3.25;0;0;0;6;9.6;3;0;1;0;1;0;0;0;0;9;0;0;2;0;1;0;0;0;0;5;8;5;0;0;11;17.61;6;00:24;00:39;00:13;0;0;0;0;0;0;0;0;1;1.6;1;0;0;0;9 minutes;00:20;12;19.21;6;17;27.21;0;30%;0;89%
KJerry-1610;4141;23;19.28;1;6%;14;11;11;0.01;17,802;14,928.17;6,622;6,622;4;3.35;0;0;0;36;30.18;14;14;9;0;0;0;16;13.41;7;0;1;0;1;0;0;0;0;14;0;0;4;2;1;2;0;0;0;10;8.38;4;0;0;14;11.74;8;00:28;00:24;00:12;0;0;0;0;0;0;643;207;7;5.87;4;0;0;0;14 minutes;00:11;30;25.15;12;23;19.28;1;32%;39%;75%
KnOxXx-21951;3848;5;9.13;1;2%;3;3;3;0.01;3,681;6,722.95;3,672;2,218;3;5.47;0;0;0;2;3.65;2;1;0.66;0;0;0;0;0;0;1;1;0;0;0;0;0;0;1;0;0;1;0;0;0;0;0;0;0;0;0;0;0;0;0;0;0;0;0;0;0;0;0;0;0;260;128;0;0;0;0;0;0;3 minutes;0;0;0;0;2;3.65;0;49%;0;0
Kotani-2471;2612;39;12.44;1;4%;41;9;9;0.02;26,868;8,573.87;6,880;3,788;15;4.78;0;0;0;63;20.1;18;17;4.2;0;1;0;21;6.7;6;2;3;0;2;0;0;0;0;17;0;0;8;4;2;2;1;0.31;1;11;3.51;5;0;0;18;5.74;8;00:29;00:09;00:08;0;0;0;0;0;0;3,189;961;8;2.55;3;0;0;0;26 minutes;03:18;31;9.89;12;53;16.91;0;30%;62%;49%
KwamFun-1860;2633;39;13.28;1;5%;58;20;14;0.02;40,511;13,799.37;7,767;4,477;18;6.13;0;0;0;96;32.7;18;13;5.33;0;0;0;51;17.37;10;1;3;1;1;0;0;0;0;13;0;0;9;2;5;2;0;0;0;19;6.47;7;0;0;23;7.83;5;00:48;00:16;00:15;0;0;0;0;0;0;3,648;1,060;14;4.76;4;0;0;0;33 minutes;03:24;56;19.07;11;69;23.5;0;29%;44%;41%
KYLE-3141;0;395;23.14;2;5%;236;20;17;0.01;198,354;11,623.91;9,879;6,025;165;9.66;0;0;0;447;26.19;35;15;2.7;6,220,500;2;0;155;9.08;14;6;17;0;11;0;0;0;0;15;0;0;38;17;4;18;1;0.05;1;89;5.21;7;3;5;195;11.42;17;09:36;00:33;01:59;0;0;0;0;0;0;15,385;3,946;40;2.34;5;0;0;0;3 hours;08:27;202;11.83;19;346;20.27;0;25%;44%;66%
Laurie400-1327;31;10;8.03;0;6%;16;8;5;0;9,551;7,673.28;3,921;2,731;7;5.62;0;0;0;24;19.28;11;5;3.42;0;0;0;7;5.62;3;0;1;0;0;0;0;0;0;5;0;0;1;0;0;0;0;0;0;2;1.6;2;0;0;10;8.03;5;00:28;00:23;00:11;0;0;0;0;0;0;0;0;2;1.6;2;0;0;0;12 minutes;0;10;8.03;5;15;12.05;0;30%;0;0
Lish-21487;53;0;0;0;0;0;0;0;0;892;4,458.12;758;758;4;19.98;0;0;0;1;4.99;1;1;0.25;0;0;0;0;0;0;0;0;0;0;0;0;0;0;1;0;0;0;0;0;0;0;0;0;0;0;0;0;0;0;0;0;00:04;00:22;00:04;0;0;0;0;0;0;0;0;0;0;0;0;0;0;3 minutes;0;1;4.99;1;1;4.99;0;15%;0;0
LIXU-4794;3497;0;0;0;16%;1;1;1;0;322;309.03;200;200;1;0.95;0;0;0;2;1.91;1;1;2;0;1;0;1;0.95;1;1;1;0;0;0;0;0;0;1;0;0;0;0;0;0;0;0;0;0;0;0;0;0;1;0.95;1;00:14;00:13;00:14;0;0;0;0;0;0;178;6;1;0.95;1;0;0;0;1 minute;0;1;0.95;1;1;0.95;0;3%;3%;4%
Logue-1981;2403;17;15.27;1;10%;38;19;19;0.05;11,252;10,111.09;4,550;3,685;7;6.29;0;0;0;24;21.56;16;16;3.42;0;0;0;13;11.68;7;1;1;0;0;0;0;0;0;16;0;0;3;2;1;0;0;0;0;3;2.69;3;0;0;5;4.49;2;00:23;00:21;00:11;0;0;0;0;0;0;1,240;356;3;2.69;2;0;0;0;10 minutes;00:39;16;14.37;10;12;10.78;0;28%;42%;40%
LOVE-34893;3220;17;25.85;0;7%;4;4;2;0;9,821;14,934.28;6,056;3,524;5;7.6;0;0;0;17;25.85;10;10;3.4;0;0;0;5;7.6;3;1;1;0;0;0;0;0;0;10;0;0;2;2;0;0;0;0;0;7;10.64;4;0;0;6;9.12;4;00:02;00:04;00:02;0;0;0;0;0;0;192;56;2;3.04;2;0;0;0;8 minutes;01:02;7;10.64;4;15;22.8;0;29%;0;0
Lyan-21728;2550;4;5.08;0;3%;9;5;3;0.01;3,757;4,776.83;2,251;958;8;10.17;0;0;0;15;19.07;9;5;1.87;0;1;0;3;3.81;2;0;1;0;0;0;0;0;0;5;0;0;2;1;2;0;0;0;0;0;0;0;0;0;5;6.35;5;00:05;00:07;00:02;0;0;0;0;0;0;910;228;0;0;0;0;0;0;9 minutes;0;9;11.44;5;8;10.17;0;25%;10%;54%
MAJAJA-3599;0;5;16.22;0;7%;13;11;10;0.04;6,996;22,695.04;4,873;3,646;3;9.73;0;0;0;16;51.9;16;11;5.33;0;0;0;5;16.22;5;0;0;0;0;0;0;0;0;11;0;0;1;0;1;0;1;3.24;1;3;9.73;3;0;0;12;38.92;12;00:35;01:56;00:35;0;0;0;0;0;0;742;181;0;0;0;0;0;0;5 minutes;01:43;9;29.19;9;14;45.41;0;24%;42%;80%
Mario-13553;50;222;16.88;2;5%;132;18;8;0;129,281;9,835.06;8,750;4,364;96;7.3;0;0;0;325;24.72;29;18;3.38;0;0;0;134;10.19;12;0;13;0;6;0;0;0;0;18;0;0;33;13;8;13;2;0.15;1;53;4.03;5;3;3;122;9.28;16;02:46;00:12;00:25;0;0;0;0;0;0;0;0;41;3.11;5;0;0;0;2 hours;04:04;111;8.44;11;278;21.14;0;29%;0;45%
mekemeke-11634;60;0;0;0;4%;1;1;1;0;1,719;12,314.4;1,719;1,204;2;14.32;0;0;0;4;28.65;4;2;2;0;0;0;1;7.16;1;0;0;0;0;0;0;0;0;2;0;0;1;0;0;0;0;0;0;0;0;0;0;0;0;0;0;0;0;0;0;0;0;0;0;0;157;25;1;7.16;1;0;0;0;2 minutes;0;1;7.16;1;4;28.65;0;15%;0;0
Mendokusaii-2955;4206;60;37.46;1;6%;66;25;13;0.04;24,978;15,594.9;7,079;5,811;10;6.24;0;0;0;71;44.32;16;14;7.1;0;1;0;28;17.48;10;0;2;0;1;0;0;0;0;14;0;0;4;2;1;1;0;0;0;17;10.61;6;3;4;22;13.73;7;00:29;00:18;00:18;0;0;0;0;0;0;2,165;953;2;1.24;1;0;0;0;22 minutes;05:44;47;29.34;11;37;23.1;0;44%;52%;87%
MilaTheMute-1868;47;0;0;0;0;0;0;0;0;2,038;7,716.35;2,038;1,008;3;11.35;0;0;0;8;30.28;8;3;2.66;0;0;0;4;15.14;4;0;0;0;0;0;0;0;0;3;0;0;1;0;1;1;0;0;0;1;3.78;1;0;0;3;11.35;3;00:11;00:43;00:11;0;0;0;0;0;0;0;0;1;3.78;1;0;0;0;2 minutes;0;1;3.78;1;8;30.28;0;14%;0;0
Mix-41491;3599;37;17.57;2;4%;12;8;8;0;20,523;9,750.38;5,903;5,077;9;4.27;0;0;0;27;12.82;7;6;3;0;0;0;13;6.17;5;1;2;1;0;0;0;0;0;6;0;0;7;1;5;2;0;0;0;3;1.42;3;0;0;4;1.9;1;00:55;00:26;00:26;0;0;0;0;0;0;635;244;5;2.37;3;0;0;0;21 minutes;0;18;8.55;6;20;9.5;1;38%;100%;0
MyNeverevr-1103;3533;29;13.71;1;3%;13;6;6;0.01;15,359;7,264.23;5,147;3,207;8;3.78;0;0;0;34;16.08;16;8;4.25;0;0;0;18;8.51;8;0;2;0;2;0;0;0;0;8;0;0;5;1;2;2;0;0;0;8;3.78;5;3;1;7;3.31;5;00:14;00:07;00:08;0;0;0;0;0;0;924;370;5;2.36;4;0;0;0;16 minutes;02:00;20;9.45;10;21;9.93;0;40%;53%;86%
Neptune-31921;3151;138;16.1;4;4%;82;10;10;0.01;92,441;10,790.08;6,967;6,270;58;6.76;0;0;0;203;23.69;23;18;3.5;0;1;0;76;8.87;12;3;9;2;4;0;0;0;0;18;0;0;25;7;8;11;0;0;0;40;4.66;6;4;2;94;10.97;15;03:29;00:24;00:32;0;0;0;0;0;0;10,065;1,705;19;2.21;3;0;0;0;1 hour;11:14;84;9.8;12;174;20.3;0;16%;38%;49%
Nichiren-21254;41;19;8;3;10%;13;4;4;0;15,386;6,480.11;4,233;4,233;12;5.05;0;0;0;47;19.79;21;14;3.91;0;0;0;16;6.73;6;0;2;0;2;0;0;0;0;14;0;0;5;1;2;1;0;0;0;9;3.79;4;0;0;6;2.52;3;00:04;00:01;00:03;0;0;0;0;0;0;0;0;7;2.94;4;0;0;0;32 minutes;00:16;13;5.47;5;40;16.84;0;16%;0;85%
Nidachu-1555;55;15;13.13;2;9%;18;8;5;0;12,875;11,272.27;7,207;2,962;8;7;0;0;0;50;43.77;26;12;6.25;0;0;0;19;16.63;12;0;1;0;1;0;0;0;0;0;0;0;4;1;3;0;0;0;0;11;9.63;7;3;1;11;9.63;6;00:15;00:13;00:10;0;0;0;0;0;0;0;0;5;4.37;3;0;0;0;12 minutes;01:05;23;20.13;11;40;35.02;0;17%;0;92%
NikolaTesla-11280;53;7;8.62;0;4%;1;1;1;0;2,849;3,511.08;2,709;1,364;4;4.92;0;0;0;7;8.62;7;4;1.75;0;0;0;2;2.46;2;0;1;0;1;0;0;0;0;4;0;0;1;0;0;1;0;0;0;0;0;0;3;1;5;6.16;5;00:06;00:07;00:06;0;0;0;0;0;0;0;0;1;1.23;1;0;0;0;4 minutes;0;4;4.92;4;6;7.39;0;27%;0;100%
Nova-1852;65;54;19.56;1;5%;50;13;9;0;48,557;17,592.96;14,156;4,526;26;9.42;0;0;0;77;27.89;24;10;2.96;0;0;0;36;13.04;10;0;3;0;2;0;0;0;0;10;0;0;10;2;5;3;3;1.08;2;14;5.07;7;0;0;19;6.88;10;00:47;00:17;00:24;0;0;0;0;0;0;0;0;14;5.07;4;0;0;0;35 minutes;04:48;59;21.37;18;36;13.04;0;42%;0;62%
NzNr-1485;3728;11;21.51;1;2%;3;3;2;0.01;6,194;12,117.36;5,830;2,029;5;9.78;0;0;0;17;33.25;17;7;3.4;0;0;0;7;13.69;7;0;1;0;0;0;0;0;0;7;0;0;2;1;1;1;0;0;0;4;7.82;4;0;0;4;7.82;4;00:00;00:01;00:00;0;0;0;0;0;0;267;133;1;1.95;1;0;0;0;4 minutes;01:00;8;15.65;8;13;25.43;0;49%;48%;94%
Odin-1745;3076;39;11.01;0;5%;35;11;6;0.01;39,312;11,106.41;9,317;9,317;18;5.08;0;0;0;70;19.77;14;14;3.88;0;0;0;20;5.65;4;2;4;1;1;0;0;0;0;14;0;0;7;3;1;3;0;0;0;8;2.26;3;0;0;27;7.62;6;00:38;00:10;00:08;0;0;0;0;0;0;2,294;647;3;0.84;1;0;0;0;34 minutes;02:52;29;8.19;7;57;16.1;0;28%;42%;21%
oPuTo-1727;3814;13;14.73;0;1%;5;4;4;0.01;9,794;11,100.11;6,421;5,706;2;2.26;0;0;0;20;22.66;17;16;10;0;0;0;9;10.19;9;0;1;0;1;0;0;0;0;16;0;0;3;0;1;2;0;0;0;2;2.26;2;0;0;1;1.13;1;00:04;00:04;00:04;0;0;0;0;0;0;490;255;0;0;0;0;0;0;6 minutes;0;13;14.73;11;12;13.59;0;52%;57%;81%
Oreo-12884;38;7;8.65;0;3%;2;2;2;0;6,923;8,561.61;4,236;2,547;8;9.89;0;0;0;19;23.49;13;7;2.37;0;0;0;8;9.89;6;1;1;0;0;0;0;0;0;7;0;0;2;0;1;0;0;0;0;2;2.47;2;0;0;8;9.89;4;00:10;00:13;00:07;0;0;0;0;0;0;241;53;2;2.47;2;0;0;0;9 minutes;00:43;5;6.18;5;15;18.55;0;21%;11%;0
Ovidious-11975;0;25;28.08;1;8%;31;20;14;0.05;12,899;14,492.79;7,620;3,840;7;7.86;0;0;0;22;24.71;12;6;3.14;0;0;0;10;11.23;6;1;1;0;0;0;0;0;0;6;0;0;4;0;2;1;0;0;0;2;2.24;1;0;0;9;10.11;6;00:31;00:35;00:18;0;0;0;0;0;0;859;358;3;3.37;2;0;0;0;9 minutes;03:04;11;12.35;6;14;15.72;0;41%;45%;0
p0isons-1162;54;26;17.42;1;6%;28;20;19;0;28,757;19,274.38;15,482;5,747;7;4.69;0;0;0;55;36.86;24;17;7.85;0;0;0;27;18.09;13;0;1;0;1;0;0;0;0;17;0;0;4;1;1;2;1;0.67;1;11;7.37;4;3;1;19;12.73;7;00:26;00:17;00:19;0;0;0;0;0;0;0;0;4;2.68;2;0;0;0;20 minutes;03:31;35;23.45;17;40;26.8;0;28%;0;87%
PassTheSalt-11477;2699;34;13.5;0;8%;47;19;11;0.02;17,785;7,065.73;6,954;2,336;19;7.54;0;0;0;60;23.83;15;11;3.15;0;0;0;24;9.53;9;0;3;0;2;0;0;0;35;11;0;0;7;3;1;3;0;0;0;6;2.38;4;0;0;25;9.93;9;02:34;01:01;01:57;0;0;0;0;0;0;2,159;562;6;2.38;2;0;0;0;30 minutes;01:16;33;13.11;11;38;15.09;1;26%;38%;88%
Phoinix-3581;2837;5;4.11;0;5%;14;8;8;0.01;13,236;10,897.32;4,336;4,336;9;7.4;0;0;0;8;6.58;5;4;0.88;0;0;0;5;4.11;3;1;1;0;0;0;0;0;0;4;0;0;3;1;1;1;1;0.82;1;1;0.82;1;0;0;4;3.29;3;00:10;00:08;00:09;0;0;0;0;0;0;826;275;2;1.64;1;0;0;0;11 minutes;0;5;4.11;3;6;4.93;0;33%;60%;0
Phython-1699;3306;8;13.67;0;8%;7;7;6;0.02;4,525;7,736.61;4,525;2,738;3;5.12;0;0;0;12;20.51;12;9;4;0;0;0;6;10.25;6;0;1;0;1;0;0;0;0;9;0;0;2;2;0;1;0;0;0;2;3.41;2;0;0;3;5.12;3;01:24;02:25;01:24;0;0;0;0;0;0;229;83;2;3.41;2;0;0;0;4 minutes;00:32;6;10.25;6;9;15.38;0;36%;0;100%
piiiia-2451;25;49;8.36;1;4%;8;1;1;0;39,809;6,794.96;6,202;3,614;67;11.43;0;0;0;80;13.65;15;7;1.19;0;0;0;25;4.26;6;0;6;0;2;0;0;0;0;7;0;0;11;4;5;2;0;0;0;7;1.19;3;0;0;41;6.99;10;04:29;00:45;02:01;0;0;0;0;0;0;0;0;5;0.85;2;0;0;0;1 hour;04:17;19;3.24;4;70;11.94;0;25%;0;28%
Pine-31232;4374;5;11.93;0;0;0;0;0;0;1,877;4,482.39;1,877;1,877;0;0;0;0;0;6;14.32;6;6;0;0;0;0;4;9.55;4;0;0;0;0;0;0;0;0;6;0;0;0;0;0;0;0;0;0;1;2.38;1;0;0;1;2.38;1;0;0;0;0;0;0;0;0;0;164;3;2;4.77;2;0;0;0;3 minutes;0;1;2.38;1;5;11.93;1;1%;0;0
Pinky-6151;70;17;18.83;0;11%;12;8;8;0;9,164;10,153.82;4,919;4,919;4;4.43;0;0;0;22;24.37;13;9;5.5;0;0;0;10;11.07;6;0;1;0;1;0;0;0;0;9;0;0;2;1;1;1;0;0;0;5;5.53;4;3;1;7;7.75;5;00:07;00:08;00:04;0;0;0;0;0;0;0;0;2;2.21;1;0;0;0;10 minutes;00:26;11;12.18;6;18;19.94;0;22%;0;86%
PizzaHut-11467;1579;12;24.76;0;2%;1;1;1;0;2,014;4,156.31;1,486;812;6;12.38;0;0;0;5;10.31;3;2;0.83;0;1;0;2;4.12;1;0;0;0;0;0;0;0;0;2;0;0;1;0;1;0;0;0;0;0;0;0;0;0;3;6.19;3;00:53;01:50;00:48;0;0;0;0;0;0;347;35;0;0;0;0;0;0;5 minutes;00:20;2;4.12;1;4;8.25;0;10%;14%;22%
PoppyDogma-1243;3133;74;11.09;1;4%;41;8;8;0.01;58,818;8,819.29;9,548;7,488;42;6.29;0;0;0;100;14.99;15;11;2.38;0;1;0;45;6.74;7;1;7;0;5;0;0;0;0;11;0;0;16;7;3;5;0;0;0;20;2.99;5;3;1;28;4.19;5;01:30;00:13;00:12;0;0;0;0;0;0;2,837;976;8;1.19;3;0;0;0;1 hour;02:16;44;6.59;7;81;12.14;2;34%;100%;79%
qnx-2372;70;0;0;0;0;0;0;0;0;214;2,382.91;214;214;1;11.15;0;0;0;1;11.15;1;1;1;0;0;0;1;11.15;1;0;0;0;0;0;0;0;0;0;0;0;0;0;0;0;0;0;0;0;0;0;0;0;0;0;0;0;0;0;0;0;0;0;0;0;0;0;0;0;0;0;0;0;25.489982035011053 seconds;0;1;11.15;1;0;0;0;0;0;0
Raisu-3380;2608;33;19.22;0;7%;35;21;14;0.03;22,029;12,833.96;7,036;7,036;12;6.99;0;0;0;40;23.3;15;14;3.33;0;0;0;21;12.23;8;1;2;1;0;0;0;0;0;14;0;0;6;2;2;2;0;0;0;10;5.82;3;0;0;10;5.82;5;00:25;00:15;00:11;0;0;0;0;0;0;1,578;476;3;1.74;3;0;0;0;19 minutes;02:38;25;14.56;11;32;18.64;0;30%;38%;7%
Randomoink-2799;2704;0;0;0;2%;2;2;2;0.01;1,734;13,757.22;1,734;1,734;1;7.93;0;0;0;2;15.86;2;2;2;0;0;0;1;7.93;1;0;0;0;0;0;0;0;0;2;0;0;0;0;0;0;0;0;0;0;0;0;0;0;0;0;0;00:03;00:30;00:03;0;0;0;0;0;0;143;71;1;7.93;1;0;0;0;1 minute;0;1;7.93;1;1;7.93;0;49%;0;100%
Rebecca-12561;0;72;9.01;1;4%;93;14;9;0;60,578;7,585.04;12,672;3,502;52;6.51;0;0;0;153;19.15;24;15;2.94;0;1;0;70;8.76;16;3;8;0;5;772,580;96,735;0;88;15;0;0;16;7;3;5;0;0;0;32;4;8;4;5;65;8.13;13;01:38;00:12;00:24;0;0;0;108,130;7.95;0;9,181;2,150;15;1.87;6;0;0;0;3 hours;03:57;63;7.88;11;125;15.65;0;23%;45%;62%
RebornZ-11715;4006;21;11.48;0;8%;24;10;8;0.02;15,584;8,525.54;5,277;5,277;7;3.82;0;0;0;40;21.88;15;10;5.71;0;0;0;17;9.29;6;0;2;0;2;0;0;0;0;10;0;0;6;3;2;2;0;0;0;6;3.28;3;0;0;10;5.47;6;00:08;00:04;00:05;0;0;0;0;0;0;1,114;297;3;1.64;2;0;0;0;13 minutes;00:27;23;12.58;10;28;15.31;0;26%;32%;95%
Reinforce-11281;1922;18;12.35;0;19%;39;20;13;0.04;16,361;11,227.27;4,898;4,898;4;2.74;0;0;0;30;20.58;14;14;7.5;0;0;0;11;7.54;7;0;1;0;1;0;0;0;0;14;0;0;6;3;2;1;0;0;0;10;6.86;6;4;1;16;10.97;9;00:44;00:30;00:16;0;0;0;0;0;0;1,119;205;2;1.37;1;0;0;0;13 minutes;01:58;13;8.92;6;23;15.78;0;18%;0;50%
Ryouta-1885;57;24;13.72;1;1%;5;2;1;0;23,344;13,345.96;6,485;4,263;14;8;0;0;0;49;28.01;12;10;3.5;0;0;0;24;13.72;8;0;2;0;2;0;0;0;0;0;0;0;6;2;2;2;0;0;0;6;3.43;3;0;0;14;8;8;00:24;00:14;00:05;0;0;0;0;0;0;0;0;5;2.85;2;0;0;0;19 minutes;00:48;29;16.57;10;34;19.43;0;34%;0;89%
saks-21838;2540;62;21.78;1;3%;14;5;5;0;42,888;15,072.75;13,554;6,353;30;10.54;0;0;0;60;21.08;13;10;2;0;1;0;19;6.67;7;1;3;1;1;0;0;0;0;10;0;0;9;2;2;5;0;0;0;8;2.81;3;3;1;38;13.35;10;01:07;00:23;00:12;0;0;0;0;0;0;1,506;352;5;1.75;2;0;0;0;43 minutes;04:40;32;11.24;8;47;16.51;0;23%;38%;32%
SaltyPanda-11486;3295;29;13.42;0;10%;39;34;17;0.04;14,411;6,671.4;8,607;4,773;10;4.62;0;0;0;25;11.57;16;8;2.5;0;2;0;16;7.4;12;1;2;0;1;0;0;0;0;8;0;0;3;0;1;2;0;0;0;5;2.31;5;0;0;5;2.31;2;00:09;00:04;00:05;0;0;0;0;0;0;846;380;6;2.77;5;0;0;0;15 minutes;02:28;11;5.09;10;17;7.87;0;44%;52%;44%
SanALex-2258;3625;35;44.52;0;1%;6;4;4;0;13,851;17,622.29;8,370;3,982;10;12.72;0;0;0;18;22.9;11;5;1.8;0;0;0;7;8.9;4;0;1;0;0;0;0;0;0;5;0;0;1;0;0;1;0;0;0;1;1.27;1;0;0;11;13.99;7;00:19;00:24;00:16;0;0;0;0;0;0;964;373;1;1.27;1;0;0;0;11 minutes;00:50;9;11.45;5;15;19.08;0;38%;44%;6%
SayaKo-4422;0;11;45.55;0;6%;5;5;5;0.01;4,397;18,208.94;4,397;4,077;2;8.28;0;0;0;10;41.41;10;10;5;0;0;0;3;12.42;3;0;0;0;0;0;0;0;0;10;0;0;0;0;0;0;0;0;0;2;8.28;2;3;1;2;8.28;2;00:02;00:09;00:02;0;0;0;0;0;0;283;80;2;8.28;2;0;0;0;--;01:57;6;24.84;6;7;28.99;0;28%;0;100%
Shady-1406;2679;25;22.91;0;6%;27;19;14;0.02;14,369;13,168.9;6,852;3,876;12;10.99;0;0;0;29;26.57;16;7;2.41;0;0;0;9;8.24;7;0;1;0;1;0;0;0;0;7;0;0;2;1;1;0;0;0;0;5;4.58;5;0;0;8;7.33;5;00:40;00:36;00:29;0;0;0;0;0;0;1,455;399;2;1.83;2;0;0;0;16 minutes;02:55;18;16.49;10;22;20.16;0;27%;38%;100%
Sharkyos-1524;0;26;40.46;0;1%;1;1;1;0;7,187;11,184.68;6,437;2,546;6;9.33;0;0;0;14;21.78;13;6;2.33;0;0;0;9;14;8;0;1;0;1;0;0;0;0;6;0;0;1;1;0;1;0;0;0;2;3.11;2;0;0;5;7.78;5;00:11;00:17;00:10;0;0;0;0;0;0;368;89;1;1.55;1;0;0;0;8 minutes;0;7;10.89;6;11;17.11;0;24%;0;98%
Shinobu-1269;48;168;10.67;4;3%;77;12;11;0;133,747;8,498.82;8,628;5,791;121;7.68;0;0;0;292;18.55;30;15;2.41;0;0;0;110;6.98;9;0;16;0;6;0;0;0;0;15;0;0;36;13;11;13;1;0.06;1;47;2.98;4;3;2;91;5.78;9;04:24;00:16;00:28;0;0;0;0;0;0;0;0;27;1.71;4;0;0;0;2 hours;04:51;117;7.43;10;224;14.23;0;27%;0;41%
ShoGuN-1127;3703;1;8.8;0;2%;1;1;1;0.01;1,475;12,996.11;1,475;1,475;1;8.8;0;0;0;0;0;0;0;0;0;0;0;0;0;0;0;0;0;0;0;0;0;0;0;0;0;0;0;0;0;0;0;0;0;0;0;0;0;0;0;0;0;0;0;0;0;0;0;0;0;76;50;0;0;0;0;0;0;1 minute;0;0;0;0;0;0;0;65%;0;0
SKRT-11232;1023;79;5.39;0;5%;27;8;6;0;27,322;1,866.72;6,267;4,195;158;10.79;0;0;0;48;3.27;11;9;0.3;0;17;0;15;1.02;4;12;15;0;2;0;0;0;0;9;0;0;5;2;3;1;1;0.06;1;6;0.4;2;0;0;22;1.5;7;05:03;00:20;01:16;0;0;0;0;0;0;1,399;511;8;0.54;3;0;0;0;2 hours;02:59;24;1.63;7;34;2.32;2;36%;57%;15%
Smith-2700;82;81;18.75;2;7%;95;22;13;0;59,425;13,758.45;7,344;7,324;23;5.32;0;0;0;134;31.02;20;17;5.82;0;1;0;60;13.89;9;0;4;0;4;0;0;0;0;17;0.4;0;13;4;3;6;1;0.23;1;32;7.4;5;3;1;23;5.32;7;00:12;00:02;00:04;0;0;0;0;0;0;0;0;13;3;4;0;0;0;46 minutes;08:37;78;18.05;11;91;21.06;0;39%;0;97%
Somnians-2461;3015;5,965;21.89;124;7%;6,788;94;36;0.03;3,835,621;14,077.64;34,575;11,867;1,876;6.88;0;0;0;7,073;25.95;58;27;3.77;0;24;0;2,979;10.93;24;117;272;18;138;0;0;0;76;27;0;0;815;268;288;259;15;0.05;1;1,678;6.15;15;4;75;2,807;10.3;31;02:45:32;00:36;02:36;0;0;0;0;0;0;257,135;94,077;732;2.68;7;2;0;0;56 hours;08:05:43;4,198;15.4;36;4,919;18.05;30;36%;75%;50%
Sooby-2892;2588;33;24.79;1;1%;9;5;3;0;19,322;14,518.34;10,491;5,818;10;7.51;0;0;0;38;28.55;23;12;3.8;0;0;0;15;11.27;8;0;1;1;0;0;0;0;0;12;0;0;4;1;1;2;0;0;0;8;6.01;5;0;0;12;9.01;9;00:25;00:18;00:15;0;0;0;0;0;0;1,255;451;2;1.5;2;0;0;0;16 minutes;00:03;23;17.28;14;24;18.03;0;35%;33%;0
sreader-1911;2668;45;24.64;0;4%;19;9;5;0.01;18,588;10,179.98;7,613;2,161;19;10.4;0;0;0;21;11.5;8;5;1.1;0;0;0;5;2.73;2;2;2;0;0;0;0;0;0;5;0;0;4;2;1;2;0;0;0;4;2.19;2;0;0;14;7.66;5;02:02;01:06;00:55;0;0;0;0;0;0;1,162;394;1;0.54;1;0;0;0;22 minutes;0;8;4.38;3;15;8.21;0;33%;41%;2%
STANDBALD-1768;2271;994;20.94;22;7%;666;36;18;0.02;569,776;12,006.71;17,258;9,361;311;6.55;0;0;0;1,138;23.98;47;22;3.65;0;5;0;461;9.71;20;19;47;3;25;0;0;0;121;22;0;0;131;32;61;38;1;0.02;1;221;4.65;9;3;10;417;8.78;21;17:15;00:21;01:56;0;0;0;0;0;0;34,093;9,408;144;3.03;8;0;0;0;8 hours;01:21:37;550;11.58;23;864;18.2;6;27%;49%;52%
Surefour-2559;4493;12;19.96;0;9%;18;10;5;0.03;9,966;16,577.35;3,933;2,660;8;13.3;0;0;0;19;31.6;9;9;2.37;0;0;0;9;14.97;5;0;1;0;1;0;0;0;0;9;0;0;2;0;1;1;1;1.66;1;4;6.65;2;0;0;3;4.99;2;00:10;00:17;00:10;0;0;0;0;0;0;490;190;1;1.66;1;0;0;0;9 minutes;01:26;12;19.96;5;12;19.96;0;38%;0;99%
SwagUnicorn-4998;0;215;25.78;2;5%;180;38;16;0.03;118,212;14,174.78;18,007;10,114;76;9.11;0;0;0;193;23.14;21;15;2.53;0;1;0;64;7.67;8;3;8;1;5;0;0;0;0;15;0;0;21;6;7;8;1;0.11;1;32;3.83;9;3;2;81;9.71;10;09:25;01:07;01:28;0;0;0;0;0;0;7,977;3,238;12;1.43;4;0;0;0;1 hour;16:05;101;12.11;11;132;15.82;2;40%;43%;56%
Sylar-1669;60;10;15.37;0;5%;7;4;3;0;8,910;13,702.27;6,114;3,266;9;13.84;0;0;0;21;32.29;15;8;2.33;0;0;0;10;15.37;8;0;1;0;0;0;0;0;0;8;0;0;1;0;1;1;0;0;0;4;6.15;3;0;0;5;7.68;3;00:13;00:21;00:10;0;0;0;0;0;0;0;0;1;1.53;1;0;0;0;9 minutes;00:20;7;10.76;6;19;29.21;0;39%;0;22%
Sypeh-2707;0;111;19.29;1;6%;109;17;13;0.02;69,410;12,065.65;10,845;6,396;41;7.12;0;0;0;130;22.59;20;10;3.17;0;2;0;53;9.21;13;1;6;0;5;0;0;0;0;10;0;0;13;3;5;5;1;0.17;1;23;3.99;3;3;2;40;6.95;8;00:39;00:06;00:10;0;0;0;0;0;0;4,485;1,776;14;2.43;3;0;0;0;1 hour;06:56;75;13.03;15;87;15.12;1;39%;49%;79%
tassame-21620;59;20;10.86;1;3%;14;8;7;0;23,042;12,518.87;6,779;6,095;15;8.14;0;0;0;48;26.07;17;14;3.2;0;2;0;20;10.86;10;0;2;0;2;0;0;0;0;14;0;0;4;0;2;2;0;0;0;6;3.25;3;3;1;16;8.69;8;00:08;00:04;00:06;0;0;0;0;0;0;0;0;4;2.17;3;0;0;0;22 minutes;00:52;27;14.66;11;34;18.47;0;35%;0;84%
Tearsdeath-3874;0;15;25.58;0;1%;1;1;1;0;6,753;11,518.59;5,050;1,838;4;6.82;0;0;0;11;18.76;9;6;2.75;0;0;0;3;5.11;3;0;1;0;0;0;0;0;0;6;0;0;1;0;0;0;0;0;0;0;0;0;0;0;4;6.82;2;00:10;00:18;00:06;0;0;0;0;0;0;261;96;0;0;0;0;0;0;5 minutes;00:27;7;11.93;6;7;11.93;0;36%;54%;58%
TheHell-31963;4715;9;17.99;0;50%;1;1;1;0;1,768;3,535.65;1,768;1,195;1;1.99;0;0;0;5;9.99;5;3;5;0;0;0;5;9.99;5;0;1;1;0;0;0;0;0;3;0;0;0;0;0;0;0;0;0;2;3.99;2;0;0;0;0;0;0;0;0;0;0;0;0;0;0;251;2;3;5.99;3;0;0;0;3 minutes;0;3;5.99;3;2;3.99;0;0%;0%;0
tic-1885;63;19;15.95;0;8%;47;21;11;0;23,878;20,052.38;6,173;5,132;14;11.75;0;0;0;42;35.27;17;10;3;0;0;0;21;17.63;8;0;1;0;1;0;0;0;0;10;0;0;3;1;1;1;0;0;0;8;6.71;3;0;0;6;5.03;2;00:22;00:18;00:08;0;0;0;0;0;0;0;0;10;8.39;6;0;0;0;17 minutes;02:45;19;15.95;8;32;26.87;0;49%;0;54%
Tiki-11546;3512;12;8.05;1;2%;2;2;2;0;7,495;5,028.96;2,769;2,125;7;4.69;0;0;0;24;16.1;10;10;3.42;0;0;0;12;8.05;5;0;1;0;1;0;0;0;0;10;0;0;3;1;2;0;0;0;0;1;0.67;1;3;1;6;4.02;5;00:12;00:08;00:12;0;0;0;0;0;0;416;70;3;2.01;2;0;0;0;13 minutes;0;9;6.03;5;19;12.74;0;16%;17%;72%
Toha-2496;1362;0;0;0;5%;1;1;1;0;5,134;2,518.09;2,820;2,020;8;3.92;0;0;0;11;5.39;7;5;1.37;0;5;0;2;0.98;2;1;2;0;1;0;0;0;0;5;0;0;2;1;0;1;0;0;0;3;1.47;2;0;0;4;1.96;4;00:42;00:20;00:42;0;0;0;0;0;0;685;18;0;0;0;0;0;0;20 minutes;00:26;2;0.98;1;10;4.9;0;2%;4%;49%
ToraNerd-1456;2322;29;36.35;0;9%;25;13;10;0.03;12,098;15,167.29;7,360;5,889;10;12.53;0;0;0;19;23.82;12;9;1.9;0;0;0;8;10.02;6;1;1;0;0;0;0;0;0;9;0;0;2;1;0;1;0;0;0;4;5.01;3;0;0;6;7.52;5;00:37;00:47;00:24;0;0;0;0;0;0;1,101;266;5;6.26;4;0;0;0;13 minutes;02:46;7;8.77;4;15;18.8;0;24%;0;37%
Toujours-4543;0;2;14.06;0;9%;2;2;2;0.01;1,325;9,318.21;1,325;884;1;7.03;0;0;0;9;63.28;9;6;9;0;0;0;2;14.06;2;0;0;0;0;0;0;0;0;6;0;0;0;0;0;0;0;0;0;3;21.09;3;0;0;6;42.18;6;00:03;00:23;00:03;0;0;0;0;0;0;115;21;1;7.03;1;0;0;0;1 minute;0;4;28.12;4;7;49.22;0;18%;18%;100%
Treaty-11117;57;19;49.96;0;2%;7;7;4;0;6,995;18,394.44;6,995;2,226;4;10.51;0;0;0;15;39.44;15;7;3.75;0;0;0;6;15.77;6;0;0;0;0;0;0;0;0;7;0;0;2;0;1;0;0;0;0;1;2.62;1;0;0;5;13.14;5;00:12;00:33;00:12;0;0;0;0;0;0;0;0;1;2.62;1;0;0;0;6 minutes;0;10;26.29;10;9;23.66;0;44%;0;100%
Triofakt-6586;60;6;40.88;0;6%;1;1;1;0;2,025;13,797.3;2,025;1,224;1;6.81;0;0;0;6;40.88;6;4;6;0;0;0;2;13.62;2;0;0;0;0;0;0;0;0;4;0;0;1;0;0;0;0;0;0;1;6.81;1;0;0;4;27.25;4;00:05;00:40;00:05;0;0;0;0;0;0;0;0;0;0;0;0;0;0;1 minute;0;5;34.07;5;3;20.44;0;17%;0;100%
Tung-3350;3000;16;19.12;1;1%;4;2;2;0;10,177;12,164.47;7,145;7,004;3;3.58;0;0;0;26;31.07;14;13;8.66;0;0;0;8;9.56;4;0;1;0;1;0;0;0;0;13;0;0;2;1;1;0;0;0;0;6;7.17;4;0;0;3;3.58;3;0;0;0;0;0;0;0;0;0;486;208;0;0;0;0;0;0;8 minutes;00:04;13;15.53;7;14;16.73;0;42%;35%;100%
TviQ-1503;4134;2;4.53;1;0;0;0;0;0;8,416;19,081.62;8,089;2,013;5;11.33;0;0;0;12;27.2;12;3;2.4;0;0;0;7;15.87;7;0;0;0;0;0;0;0;0;3;0;0;1;0;1;1;0;0;0;3;6.8;3;0;0;2;4.53;2;01:21;03:05;01:21;0;0;0;0;0;0;23;17;3;6.8;3;0;0;0;6 minutes;00:28;2;4.53;2;10;22.67;2;73%;0;16%
Ulfang-1914;57;2;2.41;1;3%;6;3;3;0;6,167;7,459.68;3,105;3,105;6;7.25;0;0;0;11;13.3;5;5;1.83;0;0;0;5;6.04;3;0;1;0;0;0;0;0;0;5;0;0;3;1;1;1;0;0;0;0;0;0;0;0;2;2.41;1;00:04;00:05;00:04;0;0;0;0;0;0;0;0;3;3.62;2;0;0;0;6 minutes;0;4;4.83;4;9;10.88;0;29%;0;0
uNFixed-2518;0;22;15.41;0;3%;13;9;9;0.01;15,558;10,901.69;8,962;6,001;17;11.91;0;0;0;17;11.91;7;5;1;0;2;0;4;2.8;2;1;1;0;0;0;0;0;0;5;0;0;5;1;1;2;0;0;0;4;2.8;2;0;0;5;3.5;2;01:59;01:24;01:29;0;0;0;0;0;0;749;391;2;1.4;2;0;0;0;15 minutes;00:16;9;6.3;3;10;7;0;52%;57%;0
uruca-11142;4007;8;31.15;0;1%;3;3;2;0.01;5,636;21,951.62;5,636;4,008;2;7.78;0;0;0;4;15.57;4;3;2;0;0;0;3;11.68;3;0;0;0;0;0;0;0;0;3;0;0;1;0;1;0;0;0;0;1;3.89;1;0;0;1;3.89;1;00:05;00:21;00:05;0;0;0;0;0;0;265;168;0;0;0;0;0;0;3 minutes;0;4;15.57;4;2;7.78;0;63%;0;100%
Victrix-11344;2190;10;27.89;0;25%;3;3;2;0.01;1,510;4,212.69;1,510;693;4;11.15;0;0;0;0;0;0;0;0;0;0;0;0;0;0;0;0;0;0;0;0;0;0;0;0;0;1;0;0;0;0;0;0;0;0;0;0;0;0;0;0;0;0;0;0;0;0;0;0;0;30;12;0;0;0;0;0;0;3 minutes;0;0;0;0;0;0;0;40%;40%;0
ViruSs-1935;2793;15;9.43;0;9%;26;13;11;0.02;14,662;9,219.03;4,733;4,733;7;4.4;0;0;0;26;16.34;13;13;3.71;0;0;0;11;6.91;5;0;2;0;1;0;0;0;0;13;0;0;5;2;0;2;0;0;0;2;1.25;2;0;0;13;8.17;10;00:23;00:14;00:18;0;0;0;0;0;0;772;269;4;2.51;1;0;0;0;15 minutes;01:47;14;8.8;8;21;13.2;0;34%;58%;79%
Vivieria-1169;50;233;30.73;4;5%;101;17;11;0;104,248;13,750.91;11,417;6,879;61;8.04;0;0;0;245;32.31;37;26;4.01;0;0;0;88;11.6;15;0;8;0;4;0;0;0;0;26;0;0;25;12;5;8;1;0.13;1;50;6.59;7;0;0;96;12.66;14;03:43;00:29;00:36;0;0;0;0;0;0;0;0;25;3.29;4;0;0;0;1 hour;11:59;96;12.66;14;199;26.24;0;31%;0;56%
watt-1213;80;3;5.62;0;7%;14;7;7;0;8,208;15,380.64;3,543;3,543;6;11.24;0;0;0;11;20.61;5;5;1.83;0;0;0;8;14.99;4;0;1;0;0;0;0;0;0;5;0;0;1;1;0;0;0;0;0;1;1.87;1;0;0;6;11.24;3;00:32;01:00;00:26;0;0;0;0;0;0;0;0;4;7.49;3;0;0;0;7 minutes;00:12;7;13.11;4;8;14.99;0;51%;0;33%
weaselele-2442;4437;179;16.16;3;7%;413;41;21;0.05;187,033;16,894.11;12,044;8,244;103;9.3;0;0;0;274;24.74;27;18;2.66;0;2;0;105;9.48;16;6;11;0;4;0;0;0;12;18;0;0;32;8;16;8;3;0.27;1;58;5.23;9;4;6;60;5.41;11;02:08;00:11;00:20;0;0;0;0;0;0;14,190;5,446;22;1.98;3;0;0;0;2 hours;10:12;174;15.71;21;172;15.53;0;38%;53%;39%
Winston-11922;65;6;10.36;0;5%;2;2;2;0;2,978;5,146.06;1,378;790;7;12.09;0;0;0;7;12.09;4;2;1;0;0;0;4;6.91;2;0;1;0;0;0;0;0;0;2;0;0;1;0;1;0;0;0;0;1;1.72;1;0;0;3;5.18;3;00:00;00:01;00:00;0;0;0;0;0;0;0;0;2;3.45;1;0;0;0;6 minutes;0;3;5.18;2;5;8.64;0;13%;0;0
WinterDKay-2106;2919;0;0;0;9%;1;1;1;0.01;1,517;19,166.15;1,517;1,517;1;12.63;0;0;0;1;12.63;1;1;1;0;0;0;0;0;0;0;0;0;0;0;0;0;0;1;0;0;0;0;0;0;0;0;0;0;0;0;0;0;0;0;0;0;0;0;0;0;0;0;0;0;40;11;0;0;0;0;0;0;1 minute;0;1;12.63;1;1;12.63;0;27%;27%;0
Y19251658-2148;3795;234;23.22;5;4%;160;23;12;0.02;141,843;14,079.25;12,849;7,147;62;6.15;0;0;0;299;29.67;24;20;4.82;0;2;0;124;12.3;11;0;10;0;10;0;0;0;0;20;0;0;32;6;12;14;1;0.09;1;67;6.65;9;6;5;91;9.03;14;02:56;00:17;00:40;0;0;0;0;0;0;7,725;3,316;20;1.98;5;0;0;0;1 hour;20:07;172;17.07;17;208;20.64;0;42%;47%;94%
YaMou-4439;3076;0;0;0;0;0;0;0;0;706;9,523.31;706;505;2;26.99;0;0;0;1;13.49;1;1;0.5;0;0;0;0;0;0;0;0;0;0;0;0;0;0;1;0;0;0;0;0;0;0;0;0;0;0;0;0;0;0;0;0;00:01;00:22;00:01;0;0;0;0;0;0;36;4;0;0;0;0;0;0;57.67201900202781 seconds;0;0;0;0;1;13.49;0;11%;11%;0
Yoooz-3681;2542;5;11.61;0;4%;2;2;2;0;2,597;6,030.45;2,597;1,464;3;6.96;0;0;0;4;9.28;4;3;1.33;0;1;0;3;6.96;3;0;0;0;0;0;0;0;0;3;0;0;0;0;0;0;0;0;0;0;0;0;0;0;0;0;0;00:02;00:04;00:02;0;0;0;0;0;0;167;45;2;4.64;2;0;0;0;3 minutes;0;3;6.96;3;2;4.64;0;26%;0;0
Yubuu-1763;42;10;8.83;0;11%;4;2;2;0;8,318;7,348.02;3,046;1,582;10;8.83;0;0;0;29;25.61;12;6;2.9;0;0;0;9;7.95;4;0;1;0;1;4;3.42;0;4;0;0;0;4;1;1;2;0;0;0;4;3.53;3;0;0;12;10.6;9;00:39;00:34;00:32;0;0;0;0;0;0;0;0;2;1.76;1;0;0;0;11 minutes;00:04;7;6.18;4;25;22.08;0;13%;0;55%
Zalphx-1161;3789;40;22.53;0;6%;22;15;7;0.01;23,539;13,261.54;10,072;5,057;9;5.07;0;0;0;41;23.09;23;11;4.55;0;1;0;18;10.14;12;1;2;0;1;0;0;0;0;11;0;0;4;1;1;2;0;0;0;10;5.63;5;0;0;22;12.39;14;00:35;00:19;00:24;0;0;0;0;0;0;1,172;319;0;0;0;0;0;0;19 minutes;01:42;21;11.83;11;28;15.77;0;27%;23%;56%
Zatanna-11384;65;22;26.36;0;4%;14;6;6;0;12,908;15,469.75;5,350;4,481;11;13.18;0;0;0;20;23.96;12;9;1.81;0;0;0;8;9.58;5;0;1;0;0;0;0;0;0;9;0;0;2;0;0;1;0;0;0;1;1.19;1;3;1;12;14.38;8;00:41;00:50;00:25;0;0;0;0;0;0;0;0;0;0;0;0;0;0;14 minutes;00:05;12;14.38;8;12;14.38;0;30%;0;49%
ZeInfinity-21817;2173;35;24.08;0;3%;11;4;3;0;12,223;8,410.8;4,732;3,247;18;12.38;0;0;0;21;14.45;11;6;1.16;0;0;0;2;1.37;1;1;1;0;0;0;0;0;0;6;0;0;4;2;1;2;0;0;0;2;1.37;1;0;0;11;7.56;5;00:47;00:32;00:17;0;0;0;0;0;0;1,720;359;1;0.68;1;0;0;0;19 minutes;00:53;9;6.19;4;14;9.63;0;20%;29%;0
Zeref-1317;2724;8;16.12;0;4%;6;6;6;0.01;6,416;12,930.11;5,132;3,336;4;8.06;0;0;0;13;26.2;13;7;3.25;0;0;1;5;10.07;5;0;0;0;0;0;0;0;0;7;0;0;1;0;1;0;1;2.01;1;5;10.07;5;0;0;6;12.09;6;00:06;00:12;00:06;0;0;0;0;0;0;371;137;2;4.03;2;0;0;0;6 minutes;00:24;7;14.1;7;7;14.1;0;36%;52%;0
