Akimoto-3310;3063;0;0;0;0;0;0;81,155;15,329;14,220;61,361;11,590.46;10,988;4,091;89;16.81;0;0;0;187;35.32;38;18;2.1;0;2;5;73;13.78;12;3;5;0;2;0;0;0;0;36;6.79;8;18;0;0;11;5;2;5;5;0.94;2;42;7.93;8;0;0;6;4;56;10.57;10;10:29;01:58;01:25;0;0;0;360;67.99;86;35;7;7;0;0;0;0;0;11;2.07;4;0;0;0;1 hour;07:54;0;0;0;0;0;0;46%
Aktm-11812;0;0;0;0;0;0;0;2,171;7,507;2,171;1,643;5,680.25;1,643;954;5;17.29;0;0;0;2;6.91;2;1;0.4;0;0;0;2;6.91;2;0;0;0;0;0;0;0;0;0;0;0;1;0;0;1;1;0;0;0;0;0;0;0;0;0;0;0;0;0;0;0;00:05;00:20;00:05;0;0;0;10;34.58;10;0;0;0;0;0;0;0;0;1;3.45;1;0;0;0;3 minutes;0;0;0;0;0;0;0;0
AnalNoob-1185;2462;0;0;0;0;0;0;16,935;7,269;5,264;20,747;8,905.45;7,364;4,034;24;10.3;0;0;0;57;24.46;23;12;2.37;0;0;0;27;11.58;9;1;2;0;1;0;0;0;0;11;4.72;4;12;0;0;5;2;1;2;0;0;0;7;3;3;0;0;0;0;20;8.58;11;03:39;01:34;01:32;0;0;0;115;49.36;37;6;3;3;0;0;0;0;0;8;3.43;5;0;0;0;29 minutes;01:19;0;0;0;0;0;0;41%
applejuice69-11392;0;4;0;0;0;0;0;31,797;8,461;6,113;35,916;9,556.62;8,584;5,017;24;6.38;0;0;0;113;30.06;27;23;4.7;0;0;2;50;13.3;11;1;4;1;2;0;0;0;0;33;8.78;8;23;0;0;11;3;4;4;5;1.33;1;35;9.31;6;0;0;4;2;50;13.3;17;05:15;01:23;01:36;0;0;0;295;78.49;54;21;6;7;0;0;0;0;0;8;2.12;2;0;0;0;42 minutes;12:33;0;0;0;5;0;0;40%
aRie-11198;2992;0;0;0;0;0;0;30,929;10,720;7,784;25,016;8,670.15;6,097;2,526;25;8.66;0;0;0;69;23.91;21;8;2.76;0;1;0;32;11.09;9;1;3;0;2;0;0;0;0;10;3.46;3;8;0;0;9;3;3;3;0;0;0;9;3.11;3;0;0;0;0;25;8.66;10;04:38;01:36;02:05;0;0;0;133;46.09;41;9;3;4;0;0;0;0;0;11;3.81;7;0;0;0;36 minutes;00:29;0;0;0;0;0;0;54%
AshkaliN-2848;73;0;0;0;0;0;0;11,288;11,382;2,923;6,357;6,409.83;2,213;1,887;15;15.12;0;0;0;23;23.19;9;9;1.53;0;0;0;12;12.1;4;0;1;0;0;0;0;0;0;3;3.02;2;9;0.42;0;3;1;1;1;0;0;0;1;1;1;0;0;0;0;8;8.06;3;00:41;00:41;00:12;0;0;0;30;30.25;15;1;1;1;0;0;0;0;0;0;0;0;0;0;0;13 minutes;00:15;0;0;0;0;0;0;29%
AznMike-11455;4104;0;0;0;0;0;0;70;1,301;70;131;2,426.33;131;130;1;18.58;0;0;0;1;18.58;1;1;1;0;0;0;0;0;0;0;0;0;0;0;0;0;0;0;0;0;1;0;0;0;0;0;0;0;0;0;0;0;0;0;0;0;0;0;0;0;0;0;0;0;0;0;0;0;0;0;0;0;0;0;0;0;0;0;0;0;0;0;0;30.374559968709946 seconds;00:01;0;0;0;0;0;0;100%
Badger-1688;3050;4;0;0;0;0;0;70,955;10,820;8,698;62,905;9,592.5;11,849;4,935;72;10.97;0;0;0;202;30.8;42;17;2.8;0;1;8;80;12.19;19;3;7;0;3;0;0;0;0;50;7.62;12;17;0;0;19;7;6;6;9;1.37;4;57;8.69;7;0;0;4;3;70;10.67;12;07:34;01:09;01:10;0;0;0;408;62.21;73;21;3;5;0;0;0;0;0;12;1.82;3;0;0;0;1 hour;08:05;0;0;0;5;0;0;46%
Bamos-11989;2551;0;0;0;0;0;0;12,063;14,632;5,562;7,128;8,645.88;3,807;1,882;9;10.91;0;0;0;16;19.4;8;6;1.77;0;0;0;6;7.27;4;1;1;0;0;0;0;0;0;6;7.27;3;6;0;0;1;1;0;0;0;0;0;1;1.21;1;0;0;0;0;5;6.06;4;01:07;01:22;00:41;0;0;0;35;42.45;18;1;1;1;0;0;0;0;0;1;1.21;1;0;0;0;12 minutes;00:34;0;0;0;0;0;0;5%
BioHack-11119;1988;0;0;0;0;0;0;10,631;7,761;5,245;9,287;6,780.57;4,627;2,958;9;6.57;0;0;0;26;18.98;14;11;2.88;0;0;0;16;11.68;10;1;1;0;0;0;0;0;0;7;5.11;4;11;0;0;3;1;1;1;0;0;0;5;3.65;3;0;0;0;0;10;7.3;4;01:45;01:17;00:50;0;0;0;56;40.88;22;2;1;2;0;0;0;0;0;1;0.73;1;0;0;0;10 minutes;03:32;0;0;0;1;0;0;24%
blackouts-3993;4246;0;0;0;0;0;0;1,800;11,395;1,800;1,929;12,209.34;1,929;1,202;2;12.66;0;0;0;0;0;0;0;0;0;0;0;0;0;0;0;0;0;0;0;0;0;0;0;0;0;0;0;0;0;0;0;0;0;0;0;0;0;0;0;0;0;0;0;0;0;00:03;00:21;00:03;0;0;0;20;126.6;20;0;0;0;0;0;0;0;0;0;0;0;0;0;0;1 minute;0;0;0;0;0;0;0;100%
Bluemoon-31853;3351;0;0;0;0;0;0;5,065;9,466;2,728;4,730;8,840.09;2,964;1,729;7;13.08;0;0;0;8;14.95;6;3;1.14;0;0;0;7;13.08;5;0;1;0;0;0;0;0;0;3;5.6;2;3;0;0;2;0;2;0;0;0;0;2;3.73;2;0;0;0;0;6;11.21;4;01:25;02:38;00:55;0;0;0;36;67.27;20;1;2;1;0;0;0;0;0;0;0;0;0;0;0;7 minutes;01:01;0;0;0;2;0;0;37%
BluStar-2121;57;1;0;0;0;0;0;135,842;12,986;16,067;102,862;9,833.02;9,717;2,882;146;13.95;0;0;0;329;31.45;39;14;2.25;0;2;5;125;11.94;22;0;10;0;6;0;0;0;0;48;4.58;7;14;0;0;25;6;9;9;2;0.19;1;57;5.44;6;0;0;3;3;162;15.48;21;29:30;02:49;03:21;0;0;0;544;52;54;37;4;6;0;0;0;0;0;10;0.95;3;2;0;0;2 hours;21:39;0;0;0;0;0;0;53%
Bobosa-3106;0;2;0;0;0;0;0;66,195;17,138;16,955;56,400;14,601.77;17,329;4,695;62;16.05;0;0;0;152;39.35;55;14;2.45;0;1;0;42;10.87;11;2;4;0;2;0;0;0;0;45;11.65;18;14;0;0;12;3;3;6;1;0.25;1;25;6.47;6;0;0;3;5;56;14.49;16;07:47;02:00;01:40;0;0;0;391;101.22;119;20;5;7;0;0;0;0;0;3;0.77;2;0;0;0;1 hour;04:01;0;0;0;0;0;0;59%
BriBrii-2647;1225;0;0;0;0;0;0;1,507;7,502;633;2,474;12,314.44;1,267;1,182;2;9.95;0;0;0;6;29.86;4;2;3;0;0;0;1;4.97;1;0;0;0;0;0;0;0;0;2;9.95;1;2;0;0;1;0;0;0;0;0;0;0;0;0;0;0;0;0;1;4.97;1;00:21;01:48;00:14;0;0;0;9;44.79;4;1;5;1;0;0;0;0;0;1;4.97;1;0;0;0;2 minutes;0;0;0;0;1;0;0;48%
buff4eyes-1647;45;4;0;0;0;0;0;127,785;10,009;8,821;100,111;7,841.01;6,859;3,844;154;12.06;0;0;0;327;25.61;32;30;2.12;0;5;6;134;10.49;17;0;13;0;5;0;0;0;0;98;7.67;12;30;0;0;40;14;12;14;0;0;0;64;5.01;6;0;0;3;2;127;9.94;20;18:40;01:27;01:27;0;0;0;670;52.47;49;41;3;6;0;0;0;0;0;40;3.13;7;0;0;0;2 hours;04:02;0;0;0;0;0;0;40%
BUR1X-2303;4034;0;0;0;0;0;0;30,060;19,849;12,607;22,937;15,145.3;10,716;2,886;27;17.82;0;0;0;83;54.8;38;14;3.07;0;0;4;32;21.12;14;0;2;0;2;0;0;0;0;19;12.54;12;14;0;0;3;2;0;1;2;1.32;1;16;10.56;7;0;0;3;1;22;14.52;14;02:01;01:20;00:56;0;0;0;124;81.87;46;12;8;6;0;0;0;0;0;8;5.28;7;0;0;0;30 minutes;02:17;0;0;0;0;0;0;100%
burii-11667;0;0;0;0;0;0;0;3,723;5,704;3,412;6,314;9,674.22;6,182;2,162;6;9.19;0;0;0;28;42.9;28;10;4.66;0;0;0;7;10.72;7;0;1;0;0;0;0;0;0;13;19.91;13;10;0;0;2;1;0;1;0;0;0;2;3.06;2;0;0;6;3;11;16.85;11;00:59;01:31;00:59;0;0;0;49;75.08;45;4;6;4;0;0;0;0;0;2;3.06;2;0;0;0;6 minutes;01:55;0;0;0;0;0;0;71%
cacaron-1244;3164;1;0;0;0;0;0;24,503;10,892;13,864;23,335;10,373.36;14,625;4,835;16;7.11;0;0;0;71;31.56;44;14;4.43;0;0;1;21;9.33;14;1;2;0;2;0;0;0;0;23;10.22;13;14;0;0;3;0;1;2;0;0;0;13;5.77;11;0;0;5;3;16;7.11;9;02:46;01:14;01:17;0;0;0;171;76.01;113;13;6;11;0;0;0;0;0;1;0.44;1;0;0;0;25 minutes;06:34;0;0;0;4;0;0;71%
Calvin-1337;4187;0;0;0;0;0;0;6,443;8,211;1,540;9,466;12,063.17;3,323;1,629;12;15.29;0;0;0;25;31.85;8;8;2.08;0;1;0;6;7.64;2;0;1;0;0;0;0;0;0;7;8.92;4;8;0;0;3;1;1;1;0;0;0;10;12.74;2;0;0;0;0;11;14.01;4;01:14;01:35;00:27;0;0;0;47;59.89;14;6;8;3;0;0;0;0;0;0;0;0;0;0;0;10 minutes;01:13;0;0;0;0;0;0;56%
Camou-1349;3855;0;0;0;0;0;0;9,228;9,361;6,334;7,989;8,104.14;5,389;3,471;5;5.07;0;0;0;35;35.5;23;12;7;0;2;1;9;9.12;6;0;1;0;1;0;0;0;0;9;9.12;8;12;0;0;2;1;0;1;1;1.01;1;4;4.05;2;0;0;3;1;6;6.08;4;00:39;00:40;00:24;0;0;0;33;33.47;27;2;2;1;0;0;0;0;0;1;1.01;1;0;0;0;9 minutes;00:17;0;0;0;0;0;0;99%
Capriccioso-1214;42;2;0;0;0;0;0;27,965;8,683;8,559;23,519;7,302.54;7,609;2,239;35;10.86;0;0;0;76;23.59;25;10;2.17;0;0;0;45;13.97;14;0;3;0;3;0;0;0;0;23;7.14;11;10;0;0;7;1;1;5;0;0;0;10;3.1;5;0;0;0;0;14;4.34;5;04:25;01:22;01:30;0;0;0;147;45.64;57;8;2;3;0;0;0;0;0;15;4.65;7;1;0;0;39 minutes;05:27;0;28;8.69;0;0;0;84%
CaptainEVS-1315;80;0;0;0;0;0;0;17,595;10,242;3,127;9,912;5,769.53;1,791;956;29;16.88;0;0;0;30;17.46;6;5;1.03;0;0;0;7;4.07;2;0;2;0;1;0;0;0;0;5;2.91;1;5;0;0;5;2;1;2;0;0;0;4;2.32;2;0;0;3;1;17;9.89;6;02:28;01:26;00:23;0;0;0;64;37.25;22;2;1;2;0;0;0;0;0;0;0;0;0;0;0;24 minutes;0;0;0;0;0;0;0;42%
CERT-3809;2539;0;0;0;0;0;0;9,401;9,683;5,330;8,842;9,106.91;7,176;1,543;14;14.42;0;0;0;20;20.6;15;4;1.42;0;0;0;11;11.33;9;0;0;0;1;0;0;0;0;3;3.09;3;4;0;0;0;0;0;2;1;1.03;1;5;5.15;4;0;0;0;0;12;12.36;8;02:13;02:17;01:21;0;0;0;67;69.01;56;4;4;4;0;0;0;0;0;3;3.09;1;0;0;0;24.407356027513742 seconds;00:20;0;0;0;0;0;0;67%
City-11726;2824;0;0;0;0;0;0;161;4,309;161;645;17,255.38;645;645;0;0;0;0;0;4;107.05;4;4;0;0;0;0;1;26.76;1;0;0;0;0;0;0;0;0;0;0;0;4;0;0;0;0;0;0;0;0;0;1;26.76;0;0;0;0;0;4;107.05;4;00:24;10:49;00:24;0;0;0;2;53.52;2;0;0;0;0;0;0;0;0;0;0;0;0;0;0;45.96564700361341 seconds;0;0;0;0;0;0;0;100%
ClarieFarron-11811;2703;0;0;0;0;0;0;8,287;11,645;5,379;6,279;8,822.56;4,512;2,234;8;11.24;0;0;0;14;19.67;13;6;1.75;0;0;0;5;7.02;5;1;1;0;0;0;0;0;0;1;1.4;1;6;0;0;2;1;0;1;0;0;0;0;0;0;0;0;0;0;7;9.83;6;01:16;01:47;01:07;0;0;0;50;70.25;30;0;0;0;0;0;0;0;0;0;0;0;0;0;0;8 minutes;00:27;0;0;0;0;0;0;0
clockwise-11369;3706;0;0;0;0;0;0;4,828;13,794;3,909;4,289;12,253.52;3,543;2,548;5;14.28;0;0;0;13;37.14;12;11;2.6;0;0;0;4;11.42;3;0;0;0;0;0;0;0;0;1;2.85;1;11;0;0;1;0;0;0;0;0;0;3;8.57;3;0;0;0;0;5;14.28;4;01:21;03:53;01:05;0;0;0;24;68.56;21;2;6;2;0;0;0;0;0;1;2.85;1;0;0;0;5 minutes;00:26;0;0;0;0;0;0;14%
Cobrastyles-1994;2681;0;0;0;0;0;0;2,266;6,930;2,266;1,008;3,081.28;900;628;3;9.17;0;0;0;1;3.05;1;1;0.33;0;0;0;1;3.05;1;0;0;0;0;0;0;0;0;0;0;0;1;0;0;1;1;1;0;0;0;0;0;0;0;0;0;0;0;0;0;0;00:11;00:36;00:10;0;0;0;7;21.4;6;0;0;0;0;0;0;0;0;0;0;0;0;0;0;3 minutes;0;0;0;0;0;0;0;4%
Cohias-1934;3115;0;0;0;0;0;0;46,344;12,332;8,146;50,788;13,514.52;6,023;3,222;57;15.16;0;0;0;150;39.91;26;16;2.63;0;2;2;50;13.3;8;2;4;0;2;0;0;0;0;41;10.9;7;16;0;0;11;4;4;2;1;0.26;1;25;6.65;5;0;0;5;4;51;13.57;14;07:52;02:05;01:11;0;0;0;336;89.4;46;24;6;5;0;0;0;0;0;9;2.39;2;0;0;0;57 minutes;09:39;0;0;0;0;0;0;50%
CRA2YDOG-3822;2743;1;0;0;0;0;0;205,234;11,390;13,822;179,554;9,965.17;14,248;4,010;213;11.82;0;0;0;506;28.08;46;15;2.37;0;8;8;240;13.31;28;8;18;2;8;0;0;0;0;108;5.99;12;15;0;0;53;18;19;15;1;0.05;1;81;4.49;7;0;0;3;4;188;10.43;17;35:02;01:56;02:30;0;0;0;991;54.99;64;60;3;5;0;0;0;0;0;38;2.1;7;5;0;0;4 hours;26:45;0;0;0;30;0;0;45%
Crazdog-3857;2820;0;0;0;0;0;0;25,804;15,124;5,567;15,040;8,815.55;4,100;2,434;24;14.06;0;0;0;46;26.96;14;11;1.91;0;1;0;15;8.79;7;1;2;0;1;0;0;0;0;8;4.68;4;11;0;0;4;2;1;2;0;0;0;6;3.51;1;0;0;0;0;14;8.2;5;03:03;01:47;00:54;0;0;0;90;52.75;26;2;1;1;0;0;0;0;0;1;0.58;1;0;0;0;24 minutes;01:26;0;0;0;0;0;0;65%
Crowner-31484;4074;1;0;0;0;0;0;17,056;13,136;10,562;17,321;13,339.62;12,024;3,817;19;14.63;0;0;0;47;36.19;35;18;2.47;0;2;0;13;10.01;12;0;1;0;1;0;0;0;0;13;10.01;9;18;0;0;4;2;1;2;0;0;0;5;3.85;3;0;0;4;1;19;14.63;12;04:11;03:13;01:51;0;0;0;132;101.66;79;2;2;2;0;0;0;0;0;2;1.54;2;0;0;0;23 minutes;06:25;0;0;0;1;0;0;70%
CtrlAltL337-1674;58;0;0;0;0;0;0;58,777;11,748;6,298;49,329;9,859.79;5,772;1,808;94;18.78;0;0;0;120;23.98;16;8;1.27;0;4;8;48;9.59;7;0;5;0;2;0;0;0;0;23;4.59;4;8;0;0;15;4;5;6;2;0.39;1;32;6.39;5;0;0;0;0;47;9.39;8;08:21;01:40;00:46;0;0;0;330;65.95;40;20;4;6;0;0;0;0;0;11;2.19;3;0;0;0;1 hour;02:56;0;0;0;0;0;0;32%
Darkaz-6141;3705;2;0;0;0;0;0;123,631;10,448;17,319;114,264;9,656.56;17,224;4,785;91;7.69;0;0;0;370;31.26;55;22;4.06;0;2;10;123;10.39;21;3;12;1;8;0;0;0;0;96;8.11;9;22;0;0;30;13;6;12;2;0.16;1;59;4.98;10;0;0;4;8;136;11.49;27;20:29;01:43;03:17;0;0;0;619;52.31;93;43;4;8;0;0;0;0;0;12;1.01;3;0;0;0;2 hours;13:50;0;0;0;0;0;0;67%
DeerFanning-1832;3281;0;0;0;0;0;0;4,446;10,942;4,446;3,875;9,538.62;3,875;1,908;6;14.76;0;0;0;8;19.69;8;4;1.33;0;0;0;4;9.84;4;0;0;0;0;0;0;0;0;1;2.46;1;4;0;0;1;1;0;0;0;0;0;0;0;0;0;0;0;0;2;4.92;2;00:01;00:03;00:01;0;0;0;34;83.68;34;0;0;0;0;0;0;0;0;0;0;0;0;0;0;4 minutes;0;0;0;0;0;0;0;0
DeGuN-2283;75;2;0;0;0;0;0;42,351;6,530;7,034;40,287;6,211.72;7,686;3,057;27;4.16;0;0;0;184;28.37;35;19;6.81;0;0;7;61;9.4;13;0;6;0;5;0;0;0;0;41;6.32;11;0;0;0;11;3;2;6;6;0;1;38;5.85;7;0;0;3;1;69;10.63;15;06:11;00:57;00:58;0;0;0;242;37.31;43;19;3;5;0;0;0;0;0;6;0.92;1;0;0;0;1 hour;02:49;0;0;0;0;0;0;79%
delave-1113;4000;0;0;0;0;0;0;5,560;14,796;4,360;5,035;13,398.57;4,553;1,994;8;21.28;0;0;0;17;45.23;15;8;2.12;0;0;0;5;13.3;5;0;0;0;0;0;0;0;0;5;13.3;4;8;0;0;1;0;0;0;0;0;0;2;5.32;2;0;0;0;0;1;2.66;1;00:17;00:45;00:14;0;0;0;35;93.13;32;3;8;3;0;0;0;0;0;1;2.66;1;0;0;0;7 minutes;01:34;0;0;0;0;0;0;99%
DERPGUYZ-1495;2481;0;0;0;0;0;0;6,477;11,177;2,698;3,920;6,764.17;1,770;833;11;18.98;0;0;0;11;18.98;10;4;1;0;0;0;6;10.35;6;1;1;0;0;0;0;0;0;3;5.17;3;4;0;0;2;1;1;1;0;0;0;0;0;0;0;0;0;0;5;8.62;4;00:53;01:32;00:31;0;0;0;44;75.92;22;0;0;0;0;0;0;0;0;2;3.45;2;0;0;0;7 minutes;0;0;0;0;0;0;0;0%
DerpHead-3508;2487;0;0;0;0;0;0;61,506;12,195;13,420;50,727;10,058.06;9,543;3,246;65;12.88;0;0;0;156;30.93;37;16;2.4;0;1;2;49;9.71;13;2;5;0;3;0;0;0;0;33;6.54;9;16;0;0;11;7;1;3;0;0;0;19;3.76;5;0;0;3;6;48;9.51;14;07:51;01:33;01:53;0;0;0;363;71.97;76;19;4;5;0;0;0;0;0;5;0.99;2;0;0;0;1 hour;05:36;0;0;0;6;0;0;64%
Deso-11717;2903;0;0;0;0;0;0;21,801;13,954;9,414;16,448;10,528.21;6,841;3,113;15;9.6;0;0;0;42;26.88;21;6;2.8;0;0;2;21;13.44;8;1;2;0;0;0;0;0;0;1;0.64;1;6;0;0;6;3;2;1;0;0;0;8;5.12;4;0;0;0;0;13;8.32;6;03:45;02:24;01:22;0;0;0;84;53.76;41;5;3;3;0;0;0;0;0;5;3.2;2;0;0;0;25 minutes;0;0;0;0;0;0;0;24%
DethroneME-1224;0;0;0;0;0;0;0;188;8,449;188;228;10,234.92;228;228;0;0;0;0;0;1;44.98;1;1;0;0;0;0;0;0;0;0;0;0;0;0;0;0;0;0;0;0;1;0;0;0;0;0;0;0;0;0;0;0;0;0;0;0;0;1;44.98;1;00:03;02:35;00:03;0;0;0;0;0;0;0;0;0;0;0;0;0;0;0;0;0;0;0;0;20.908071997575462 seconds;0;0;0;0;0;0;0;81%
DevjlCloudVN-1911;3102;3;0;0;0;0;0;103,583;10,732;9,787;125,511;13,004.29;11,510;2,921;138;14.29;0;0;0;298;30.87;29;9;2.15;0;2;5;136;14.09;14;3;10;1;6;0;0;0;0;84;8.7;12;9;0;0;27;8;9;9;14;1.45;4;70;7.25;6;0;0;3;5;99;10.25;11;13:37;01:24;01:57;0;0;0;738;76.46;68;31;3;5;0;0;0;0;0;23;2.38;5;0;0;0;2 hours;18:25;0;0;0;0;0;0;59%
doGsInaT-1838;3173;2;0;0;0;0;0;103,885;9,929;11,577;95,451;9,123.27;9,098;3,358;70;6.69;0;0;0;377;36.03;41;18;5.38;0;0;12;128;12.23;12;1;10;0;9;0;0;0;0;59;5.63;11;18;0;0;28;7;13;9;5;0.47;2;86;8.21;8;0;0;5;9;105;10.03;15;13:37;01:18;02:18;0;0;0;535;51.13;55;43;4;8;0;0;0;0;0;19;1.81;4;0;0;0;2 hours;07:07;0;0;0;0;0;0;88%
Doubted-11183;3492;2;0;0;0;0;0;121,468;10,575;10,790;117,515;10,230.61;11,098;5,626;75;6.52;0;0;0;406;35.34;44;14;5.41;0;1;3;126;10.96;16;2;0;0;0;0;0;0;0;99;8.61;13;14;0;0;0;15;0;0;2;0.17;1;53;4.61;8;0;0;4;11;114;9.92;12;20:06;01:45;01:59;0;0;0;602;52.4;51;45;4;9;0;0;0;0;0;15;1.3;5;0;0;0;1.5435620043426752 seconds;11:27;0;0;0;5;0;0;100%
Dylandy-1189;0;0;0;0;0;0;0;6,717;4,744;5,470;5,675;4,008.87;4,829;1,524;8;5.65;0;0;0;9;6.35;5;4;1.12;0;0;0;1;0.7;1;0;1;0;0;0;0;0;0;0;0;0;0;0;0;5;1;1;3;0;0;0;2;1.41;2;0;0;0;0;5;3.53;3;01:07;00:47;00:55;0;0;0;41;28.96;40;1;1;1;0;0;0;0;0;0;0;0;0;0;0;7 minutes;0;0;0;0;0;0;0;4%
Edude13-1114;2202;0;0;0;0;0;0;845;9,803;845;974;11,305.23;974;544;2;23.2;0;0;0;1;11.6;1;1;0.5;0;0;0;1;11.6;1;0;0;0;0;0;0;0;0;0;0;0;1;0;0;0;0;0;0;0;0;0;0;0;0;0;0;0;0;1;11.6;1;00:05;01:02;00:05;0;0;0;2;23.2;2;0;0;0;0;0;0;0;0;0;0;0;0;0;0;1 minute;0;0;0;0;0;0;0;100%
ende-3181;2191;0;0;0;0;0;0;5,361;11,196;5,010;2,600;5,430.13;2,513;933;7;14.61;0;0;0;10;20.88;8;4;1.42;0;0;0;3;6.26;3;0;0;0;0;0;0;0;0;0;0;0;4;0;0;0;0;0;0;0;0;0;0;0;0;0;0;0;0;6;12.53;4;00:52;01:49;00:46;0;0;0;16;33.41;16;0;0;0;0;0;0;0;0;0;0;0;0;0;0;6 minutes;00:20;0;0;0;0;0;0;0
Enfoirer-4370;3000;0;0;0;0;0;0;2,023;8,399;2,023;1,081;4,486.49;1,081;517;3;12.45;0;0;0;4;16.6;4;2;1.33;0;0;0;2;8.3;2;0;0;0;0;0;0;0;0;2;8.3;2;2;0;0;0;0;0;0;0;0;0;0;0;0;0;0;0;0;0;0;0;00:00;00:01;00:00;0;0;0;8;33.21;8;0;0;0;0;0;0;0;0;0;0;0;0;0;0;3 minutes;0;0;0;0;0;0;0;0
EnumaElish-3343;3604;1;0;0;0;0;0;32,813;8,502;5,545;28,533;7,393.36;5,807;2,222;31;8.03;0;0;0;90;23.32;27;10;2.9;0;0;1;31;8.03;8;2;4;0;2;0;0;0;0;32;8.29;8;10;0;0;9;5;2;2;0;0;0;13;3.36;6;0;0;3;3;26;6.73;6;03:30;00:54;00:42;0;0;0;192;49.74;34;13;3;7;0;0;0;0;0;4;1.03;2;0;0;0;38 minutes;01:07;0;0;0;2;0;0;58%
EquarTix-2371;64;0;0;0;0;0;0;16,490;15,413;9,797;11,951;11,170.57;6,861;2,233;16;14.95;0;0;0;31;28.97;21;7;1.93;0;1;1;8;7.47;6;0;1;0;1;0;0;0;0;7;6.54;5;7;0;0;3;2;0;0;1;0.93;1;7;6.54;3;0;0;0;0;15;14.02;10;02:22;02:13;01:03;0;0;0;81;75.7;41;3;3;2;0;0;0;0;0;2;1.86;2;0;0;0;18 minutes;00:07;0;0;0;0;0;0;67%
eXile1cK-1643;2867;0;0;0;0;0;0;22,770;11,252;4,245;16,238;8,024.24;3,736;2,357;30;14.82;0;0;0;47;23.22;11;5;1.56;0;2;0;20;9.88;5;1;2;0;1;0;0;0;0;8;3.95;3;5;0;0;5;3;1;2;0;0;0;4;1.97;2;0;0;3;1;25;12.35;5;04:57;02:26;01:28;0;0;0;93;45.95;34;6;3;3;0;0;0;0;0;1;0.49;1;0;0;0;27 minutes;01:06;0;0;0;5;0;0;45%
Exodia-11437;3777;0;0;0;0;0;0;6,294;16,891;6,294;6,660;17,872.08;6,660;2,349;6;16.1;0;0;0;20;53.67;20;14;3.33;0;0;0;7;18.78;7;0;0;0;0;0;0;0;0;7;18.78;7;14;0;0;0;0;0;0;1;2.68;1;5;13.41;4;0;0;3;1;4;10.73;4;00:24;01:06;00:24;0;0;0;59;158.33;59;3;8;3;0;0;0;0;0;3;8.05;3;0;0;0;6 minutes;00:37;0;0;0;0;0;0;100%
Faith-1102;50;0;0;0;0;0;0;17,061;9,363;4,495;12,281;6,739.4;4,066;1,219;26;14.26;0;0;0;43;23.59;16;7;1.65;0;1;1;19;10.42;7;0;2;0;1;0;0;0;0;4;2.19;2;7;0;0;4;2;1;1;0;0;0;6;3.29;3;0;0;0;0;19;10.42;9;04:45;02:36;01:02;0;0;0;73;40.06;31;3;2;2;0;0;0;0;0;2;1.09;1;0;0;0;28 minutes;00:39;0;0;0;0;0;0;35%
fenner-1643;3668;0;0;0;0;0;0;499;6,558;499;929;12,204.07;929;929;1;13.14;0;0;0;1;13.14;1;1;1;0;0;0;1;13.14;1;0;0;0;0;0;0;0;0;1;13.14;1;1;0;0;0;0;0;0;0;0;0;0;0;0;0;0;0;0;1;13.14;1;00:01;00:23;00:01;0;0;0;1;13.14;1;0;0;0;0;0;0;0;0;0;0;0;0;0;0;40.998733988031745 seconds;0;0;0;0;0;0;0;0
fighteR-2604;63;0;0;0;0;0;0;1,748;10,127;1,130;2,212;12,817.61;1,339;769;4;23.17;0;0;0;2;11.58;1;1;0.5;0;0;0;2;11.58;1;0;0;0;0;0;0;0;0;0;0;0;0;0;0;0;0;0;0;0;0;0;0;0;0;0;0;0;0;1;5.79;1;00:19;01:55;00:15;0;0;0;6;34.76;5;0;0;0;0;0;0;0;0;1;5.79;1;0;0;0;3 minutes;0;0;0;0;0;0;0;0
Fl0w3R-3730;0;0;0;0;0;0;0;5,514;11,681;2,661;3,744;7,930.04;2,224;1,242;4;8.47;0;0;0;18;38.13;12;10;4.5;0;0;0;4;8.47;2;0;0;0;0;0;0;0;0;8;16.94;4;10;0;0;1;0;1;0;0;0;0;6;12.71;2;0;0;3;1;5;10.59;4;00:11;00:23;00:05;0;0;0;24;50.84;18;1;2;1;0;0;0;0;0;1;2.11;1;0;0;0;5 minutes;00:08;0;0;0;0;0;0;24%
Flame-12415;2806;1;0;0;0;0;0;128,179;10,276;15,302;90,322;7,240.78;9,780;2,752;140;11.22;0;0;0;311;24.93;49;10;2.22;0;8;2;90;7.21;18;7;12;0;5;0;0;0;0;51;4.08;9;10;0;0;28;12;6;10;1;0.08;1;40;3.2;9;0;0;3;2;177;14.18;31;22:32;01:48;03:17;0;0;0;601;48.17;84;29;2;8;0;0;0;0;0;12;0.96;3;0;0;0;2 hours;04:49;0;0;0;0;0;0;38%
FongBi-1515;2655;0;0;0;0;0;0;796;5,747;796;2,257;16,297.21;2,257;1,742;2;14.43;0;0;0;6;43.31;6;5;3;0;0;0;3;21.65;3;0;0;0;0;0;0;0;0;1;7.21;1;5;0;0;0;0;0;0;0;0;0;0;0;0;0;0;0;0;5;36.09;5;00:17;02:05;00:17;0;0;0;10;72.19;10;0;0;0;0;0;0;0;0;0;0;0;0;0;0;2 minutes;00:20;0;0;0;0;0;0;0
Forsak3n-2206;75;0;0;0;0;0;0;7,161;7,269;2,062;6,727;6,828.44;2,216;1,789;8;8.12;0;0;0;22;22.33;11;6;2.75;0;0;0;8;8.12;5;0;1;0;1;0;0;0;0;6;6.09;2;0;0;0;2;1;0;1;0;0;0;1;1.01;1;0;0;0;0;4;4.06;2;01:08;01:09;00:44;0;0;0;33;33.49;13;0;0;0;0;0;0;0;0;2;2.03;2;0;0;0;12 minutes;0;0;0;0;0;0;0;51%
Frostnium-1430;2424;0;0;0;0;0;0;49,671;16,041;14,091;30,455;9,835.43;9,560;1,844;56;18.08;0;0;0;85;27.45;32;8;1.51;0;6;6;44;14.2;15;2;3;0;1;0;0;0;0;19;6.13;8;8;0;0;9;2;3;4;0;0;0;16;5.16;7;0;0;4;1;50;16.14;24;06:37;02:08;03:08;0;0;0;226;72.98;65;17;5;8;0;0;0;0;0;4;1.29;2;0;0;0;49 minutes;02:02;0;0;0;0;0;0;23%
Frosty-3647;3980;0;0;0;0;0;0;6,446;14,254;2,920;3,803;8,408.87;1,828;848;10;22.11;0;0;0;9;19.9;5;3;0.9;0;2;0;1;2.21;1;0;0;0;0;0;0;0;0;1;2.21;1;3;0;0;2;0;0;1;1;2.21;1;1;2.21;0;0;0;0;0;2;4.42;2;00:41;01:32;00:25;0;0;0;15;33.16;7;0;0;0;0;0;0;0;0;0;0;0;0;0;0;6 minutes;0;0;0;0;0;0;0;12%
Fulena-1606;3613;0;0;0;0;0;0;6,877;13,818;3,284;7,527;15,122.76;4,551;3,313;9;18.08;0;0;0;17;34.15;12;10;1.88;0;0;0;6;12.05;4;0;0;0;0;0;0;0;0;3;6.02;2;10;0;0;1;1;0;0;0;0;0;2;4.01;1;0;0;3;1;7;14.06;4;01:40;03:21;00:38;0;0;0;50;100.45;33;1;2;1;0;0;0;0;0;1;2;1;0;0;0;7 minutes;01:53;0;0;0;0;0;0;41%
Galactic-21329;47;0;0;0;0;0;0;12,061;5,768;4,415;9,254;4,425.68;4,096;1,314;22;10.52;0;0;0;27;12.91;14;5;1.22;0;0;0;8;3.82;5;0;2;0;0;0;0;0;0;6;2.86;4;5;0;0;5;1;1;3;0;0;0;3;1.43;3;0;0;3;1;11;5.26;6;01:54;00:54;01:05;0;0;0;54;25.82;23;3;1;3;0;0;0;0;0;4;1.91;2;0;0;0;22 minutes;00:58;0;0;0;0;0;0;4%
GambleRumble-1509;3583;0;0;0;0;0;0;22,753;11,361;9,757;17,256;8,616.24;7,138;2,679;27;13.48;0;0;0;28;13.98;12;12;1.03;0;0;0;10;4.99;4;2;2;0;0;0;0;0;0;7;3.49;5;12;0;0;4;1;2;1;0;0;0;5;2.49;2;0;0;0;0;7;3.49;3;01:19;00:39;00:33;0;0;0;87;43.44;29;2;1;1;0;0;0;0;0;2;0.99;1;0;0;0;22 minutes;0;0;0;0;0;0;0;18%
GH4NA-1439;2926;0;0;0;0;0;0;553;29,354;553;218;11,564.12;218;212;1;53.06;0;0;0;0;0;0;0;0;0;0;0;0;0;0;0;0;0;0;0;0;0;0;0;0;0;0;0;0;0;0;0;0;0;0;0;0;0;0;0;0;0;0;0;0;0;00:02;02:20;00:02;0;0;0;0;0;0;0;0;0;0;0;0;0;0;0;0;0;0;0;0;15.981659008190036 seconds;0;0;0;0;0;0;0;0
GhostDragon-153648;3026;0;0;0;0;0;0;110,633;8,912;8,836;88,229;7,107.12;9,548;2,126;178;14.33;0;0;0;251;20.21;32;17;1.41;0;3;3;77;6.2;12;8;12;1;4;0;0;0;0;42;3.38;5;17;0;0;28;10;9;10;0;0;0;38;3.06;4;0;0;3;2;138;11.11;20;29:07;02:20;02:54;0;0;0;580;46.72;69;33;3;4;0;0;0;0;0;17;1.36;5;0;0;0;2 hours;00:33;0;0;0;5;0;0;31%
Glold-3213;0;0;0;0;0;0;0;1,344;9,378;1,344;1,748;12,194.66;1,748;1,113;2;13.95;0;0;0;1;6.97;1;1;0.5;0;0;0;1;6.97;1;0;0;0;0;0;0;0;0;0;0;0;1;0;0;1;0;0;0;0;0;0;0;0;0;0;0;0;0;0;0;0;00:14;01:38;00:14;0;0;0;11;76.74;11;0;0;0;0;0;0;0;0;0;0;0;0;0;0;2 minutes;0;0;0;0;0;0;0;0
GluhenRose-1558;2639;0;0;0;0;0;0;4,148;10,066;2,226;4,196;10,182.51;1,817;1,062;7;16.98;0;0;0;11;26.69;5;5;1.57;0;0;0;6;14.55;3;0;0;0;0;0;0;0;0;0;0;0;5;0;0;1;0;0;0;0;0;0;2;4.85;2;0;0;0;0;6;14.55;3;00:57;02:20;00:30;0;0;0;30;72.79;13;2;5;2;0;0;0;0;0;0;0;0;0;0;0;7 minutes;0;0;0;0;0;0;0;15%
GoDLuci-1127;3686;0;0;0;0;0;0;45,378;9,720;5,503;37,164;7,961.05;5,200;3,654;60;12.85;0;0;0;85;18.2;18;8;1.41;0;2;3;28;5.99;9;3;5;0;1;0;0;0;0;30;6.42;8;8;0;0;12;8;1;2;1;0.21;1;23;4.92;6;0;0;3;1;32;6.85;7;07:18;01:33;01:12;0;0;0;296;63.4;49;17;4;5;0;0;0;0;0;4;0.85;2;0;0;0;55 minutes;00:12;0;0;0;3;0;0;27%
Gods-1217;4059;3;0;0;0;0;0;111,159;11,231;13,715;109,608;11,073.95;13,301;3,671;91;9.19;0;0;0;302;30.51;46;18;3.31;0;1;5;118;11.92;22;2;10;0;7;0;0;0;0;93;9.39;15;18;0;0;34;12;13;9;7;0.7;3;95;9.59;12;0;0;3;9;88;8.89;17;13:26;01:21;01:52;0;0;0;820;82.84;104;47;5;11;0;0;0;0;0;16;1.61;3;0;0;0;2 hours;24:29;0;0;0;1;0;0;72%
Goosen-21913;2723;0;0;0;0;0;0;45,737;12,170;11,207;35,014;9,316.79;9,278;4,651;40;10.64;0;0;0;102;27.14;23;23;2.54;0;0;1;30;7.98;7;2;4;0;2;0;0;0;0;30;7.98;7;23;0;0;8;5;1;1;0;0;0;15;3.99;4;0;0;0;0;46;12.23;13;06:13;01:39;01:14;0;0;0;233;61.99;71;17;5;5;0;0;0;0;0;3;0.79;2;1;0;0;48 minutes;01:27;0;0;0;5;0;0;56%
Graceful-2412;87;1;0;0;0;0;0;80,910;10,737;10,737;67,380;8,941.91;10,266;3,226;83;11.01;0;0;0;235;31.18;43;15;2.83;0;4;5;84;11.14;16;0;8;0;5;0;0;0;0;52;6.9;13;15;0;0;19;11;4;4;7;0.92;3;50;6.63;8;0;0;5;6;83;11.01;13;11:00;01:27;01:35;0;0;0;428;56.79;83;37;5;12;0;0;0;0;0;10;1.32;2;0;0;0;1 hour;02:55;0;0;0;0;0;0;72%
Grifster-21910;57;0;0;0;0;0;0;4,492;10,871;2,425;2,636;6,378.14;1,928;885;7;16.93;0;0;0;6;14.51;5;3;0.85;0;0;0;1;2.41;1;0;0;0;0;0;0;0;0;3;7.25;2;3;0;0;1;0;0;1;0;0;0;0;0;0;0;0;0;0;1;2.41;1;00:44;01:47;00:26;0;0;0;23;55.65;16;0;0;0;0;0;0;0;0;0;0;0;0;0;0;5 minutes;00:04;0;0;0;0;0;0;0
Hallowed-11808;2942;0;0;0;0;0;0;51,659;11,482;7,235;40,971;9,106.12;6,184;3,230;56;12.44;0;0;0;104;23.11;23;11;1.85;0;1;1;41;9.11;10;3;4;0;2;0;0;0;0;36;8;6;11;0;0;15;7;2;6;0;0;0;24;5.33;7;0;0;3;1;34;7.55;8;07:47;01:44;01:20;0;0;0;310;68.89;50;22;5;5;0;0;0;0;0;8;1.77;2;1;0;0;56 minutes;03:41;0;0;0;17;0;0;36%
Hamnett-3532;0;0;0;0;0;0;0;11,550;11,874;4,287;7,615;7,828.92;2,743;1,764;13;13.36;0;0;0;24;24.67;10;10;1.84;0;0;0;4;4.11;2;1;1;0;0;0;0;0;0;5;5.14;2;10;0;0;3;1;1;1;0;0;0;5;5.14;3;0;0;0;0;15;15.42;7;01:32;01:35;00:30;0;0;0;56;57.56;22;3;3;2;0;0;0;0;0;3;3.08;2;0;0;0;13 minutes;00:55;0;0;0;0;0;0;22%
Hardi-11389;0;0;0;0;0;0;0;27,301;11,331;13,149;16,161;6,706.97;8,815;1,482;38;15.77;0;0;0;63;26.14;46;10;1.65;0;1;1;22;9.13;14;2;2;0;1;0;0;0;0;6;2.49;6;10;0;0;6;2;2;3;0;0;0;9;3.73;5;0;0;3;1;37;15.35;28;04:42;01:57;02:24;0;0;0;78;32.37;43;8;3;4;0;0;0;0;0;3;1.24;2;0;0;0;34 minutes;01:23;0;0;0;4;0;0;22%
HarryHook-2309;4272;0;0;0;0;0;0;10,604;13,142;6,153;9,649;11,957.87;5,701;1,798;10;12.39;0;0;0;22;27.26;16;6;2.2;0;0;1;6;7.43;4;0;1;0;0;0;0;0;0;8;9.91;6;6;0;0;2;1;1;1;0;0;0;4;4.95;3;0;0;0;0;1;1.23;1;00:27;00:34;00:21;0;0;0;62;76.83;40;5;6;4;0;0;0;0;0;1;1.23;1;0;0;0;12 minutes;0;0;0;0;0;0;0;56%
HAVATITE-1990;2718;2;0;0;0;0;0;78,786;11,674;14,258;66,075;9,790.42;15,133;5,061;65;9.63;0;0;0;249;36.89;44;19;3.83;0;0;5;86;12.74;20;3;7;0;4;0;0;0;0;51;7.55;15;19;0;0;15;5;5;6;6;0.88;2;51;7.55;9;0;0;4;8;78;11.55;14;09:59;01:28;01:41;0;0;0;387;57.34;84;43;6;7;0;0;0;0;0;11;1.62;2;0;0;0;1 hour;07:32;0;0;0;5;0;0;62%
HEEYA-3357;2300;0;0;0;0;0;0;20,437;9,351;4,334;17,734;8,114.2;3,558;2,065;23;10.52;0;0;0;46;21.04;11;9;2;0;1;0;15;6.86;4;2;2;0;1;0;0;0;0;9;4.11;3;9;0;0;6;3;1;2;0;0;0;8;3.66;4;0;0;0;0;26;11.89;8;03:19;01:31;00:51;0;0;0;92;42.09;27;7;3;3;0;0;0;0;0;4;1.83;1;0;0;0;26 minutes;00:17;0;0;0;0;0;0;23%
HeyKatie-1413;3644;0;0;0;0;0;0;1,547;23,297;1,547;994;14,978.79;994;549;2;30.12;0;0;0;2;30.12;2;1;1;0;0;0;0;0;0;0;0;0;0;0;0;0;0;1;15.06;1;1;0;0;0;0;0;0;0;0;0;0;0;0;0;0;0;0;0;0;0;00:02;00:36;00:02;0;0;0;2;30.12;2;0;0;0;0;0;0;0;0;0;0;0;0;0;0;1 minute;0;0;0;0;0;0;0;100%
HolynoshuryX-6110;2263;0;0;0;0;0;0;10,998;8,014;2,510;9,765;7,115.68;3,806;1,770;20;14.57;0;0;0;26;18.94;13;7;1.3;0;0;0;10;7.28;6;1;1;0;0;0;0;0;0;4;2.91;2;7;0;0;4;1;2;1;0;0;0;3;2.18;1;0;0;0;0;14;10.2;7;01:54;01:23;00:54;0;0;0;51;37.16;17;2;1;1;0;0;0;0;0;0;0;0;0;0;0;18 minutes;00:40;0;0;0;2;0;0;29%
Hoon-31342;0;0;0;0;0;0;0;600;21,515;600;356;12,759.12;356;356;0;0;0;0;0;0;0;0;0;0;0;0;0;0;0;0;0;0;0;0;0;0;0;0;0;0;0;0;0;0;0;0;0;0;0;0;0;0;0;0;0;0;0;0;0;0;0;00:04;02:25;00:04;0;0;0;5;179.29;5;0;0;0;0;0;0;0;0;0;0;0;0;0;0;25.48511502146721 seconds;00:01;0;0;0;0;0;0;71%
Hoon-31856;4366;1;0;0;0;0;0;3,202;6,034;2,970;1,417;2,670.06;893;651;2;3.76;0;0;0;3;5.65;3;3;1.5;0;0;0;0;0;0;0;1;1;0;0;0;0;0;1;1.88;1;3;0;0;1;0;1;1;0;0;0;1;1.88;0;0;0;0;0;2;3.76;2;01:22;02:35;01:07;0;0;0;13;24.49;11;0;0;0;0;0;0;0;0;0;0;0;0;0;0;4 minutes;00:02;0;0;0;3;0;0;0
hoshimichan-1316;72;0;0;0;0;0;0;11,718;7,626;4,225;11,683;7,603.24;4,859;2,087;17;11.06;0;0;0;34;22.12;14;7;2;0;0;0;14;9.11;5;1;2;0;1;0;0;0;0;8;5.2;3;7;0;0;5;1;3;1;0;0;0;3;1.95;1;0;0;0;0;5;3.25;3;01:50;01:11;00:28;0;0;0;70;45.55;26;4;3;2;0;0;0;0;0;5;3.25;3;0;0;0;19 minutes;00:47;0;0;0;0;0;0;40%
Hossy-11899;2833;3;0;0;0;0;0;225,010;10,116;14,255;173,710;7,809.85;9,974;4,308;244;10.97;0;0;0;545;24.5;26;18;2.23;0;8;17;178;8;12;12;22;1;9;0;0;0;0;131;5.88;8;18;0;0;53;25;7;20;2;0.08;1;82;3.68;5;0;0;3;15;249;11.19;14;37:53;01:42;01:36;0;0;0;1,210;54.4;79;60;3;4;0;0;0;0;0;27;1.21;3;0;0;0;5 hours;11:30;0;0;0;7;0;0;39%
HotShotGG-3480;3682;0;0;0;0;0;0;7,766;12,444;4,178;7,531;12,067.57;5,231;5,231;6;9.61;0;0;0;29;46.46;22;22;4.83;0;0;0;5;8.01;4;1;1;0;0;0;0;0;0;6;9.61;6;22;0;0;2;1;1;0;1;1.6;1;3;4.8;2;0;0;0;0;17;27.23;13;01:44;02:47;00:59;0;0;0;32;51.27;30;3;5;3;0;0;0;0;0;0;0;0;0;0;0;7 minutes;01:37;0;0;0;0;0;0;3%
HumanRabbit-1734;1206;0;0;0;0;0;0;2,603;12,313;1,403;1,988;9,403.62;867;867;4;18.92;0;0;0;5;23.65;3;2;1.25;0;1;0;1;4.73;1;0;0;0;0;0;0;0;0;0;0;0;2;0;0;0;0;0;0;0;0;0;0;0;0;0;0;0;0;2;9.46;1;00:17;01:21;00:12;0;0;0;2;9.46;1;0;0;0;0;0;0;0;0;0;0;0;0;0;0;3 minutes;0;0;0;0;0;0;0;57%
Hunterhyde-1159;2701;0;0;0;0;0;0;18,045;7,961;4,996;20,538;9,060.7;4,867;2,134;31;13.67;0;0;0;61;26.91;18;9;1.96;0;1;2;16;7.05;4;1;2;0;1;0;0;0;0;10;4.41;4;9;0;0;3;1;1;1;0;0;0;5;2.2;2;0;0;3;1;23;10.14;7;02:29;01:05;00:34;0;0;0;121;53.38;31;7;3;3;0;0;0;0;0;4;1.76;2;0;0;0;32 minutes;01:00;0;0;0;1;0;0;47%
Hymalaya-1507;1698;0;0;0;0;0;0;5,363;14,311;5,363;4,685;12,501.7;4,685;2,532;3;8;0;0;0;16;42.69;16;7;5.33;0;0;0;9;24.01;9;0;0;0;0;0;0;0;0;5;13.34;5;7;0;0;1;0;1;0;0;0;0;3;8;3;0;0;0;0;4;10.67;4;00:37;01:40;00:37;0;0;0;40;106.74;40;2;5;2;0;0;0;0;0;4;10.67;4;0;0;0;4 minutes;02:50;0;0;0;0;0;0;0
hymzi-2549;70;0;0;0;0;0;0;3,631;14,561;3,148;2,983;11,963.01;2,556;862;4;16.03;0;0;0;16;64.15;15;6;4;0;0;0;6;24.05;6;0;0;0;0;0;0;0;0;6;24.05;5;6;0;0;1;0;0;0;0;0;0;0;0;0;0;0;0;0;9;36.08;8;00:35;02:20;00:33;0;0;0;14;56.13;13;0;0;0;0;0;0;0;0;2;8.01;2;0;0;0;4 minutes;02:13;0;0;0;0;0;0;100%
Hyper-1157;3921;0;0;0;0;0;0;25,618;10,277;4,050;21,027;8,435.03;5,083;1,963;31;12.43;0;0;0;53;21.26;14;6;1.7;0;0;0;24;9.62;6;1;2;0;1;0;0;0;0;11;4.41;2;6;0;0;7;3;2;2;1;0.4;1;5;2;1;0;0;0;0;24;9.62;7;03:40;01:28;00:35;0;0;0;100;40.11;22;1;0;1;0;0;0;0;0;2;0.8;1;0;0;0;31 minutes;02:38;0;0;0;0;0;0;45%
IANBOT-11988;2823;2;0;0;0;0;0;61,694;11,115;7,048;76,072;13,705.83;9,532;3,681;56;10.08;0;0;0;224;40.35;33;14;4;0;3;10;113;20.35;18;2;6;0;3;0;0;0;0;66;11.89;9;14;0;0;17;3;8;7;3;0.54;2;54;9.72;9;0;0;3;2;94;16.93;14;11:01;01:59;01:27;0;0;0;537;96.75;71;44;8;10;0;0;0;0;0;16;2.88;9;0;0;0;1 hour;17:17;0;0;0;4;0;0;53%
iddqd-2884;84;0;0;0;0;0;0;1,650;8,400;1,650;2,228;11,342.9;2,228;2,228;0;0;0;0;0;10;50.91;10;10;0;0;0;0;6;30.54;6;0;0;0;0;0;0;0;0;4;20.36;4;0;0;0;1;0;0;0;0;0;0;1;5.09;0;0;0;0;0;0;0;0;00:06;00:33;00:06;0;0;0;10;50.91;10;0;0;0;0;0;0;0;0;1;5.09;1;0;0;0;2 minutes;00:05;0;0;0;0;0;0;100%
IDK-11494;3227;1;0;0;0;0;0;154,940;10,631;10,738;149,596;10,263.98;12,660;3,789;161;11.04;0;0;0;456;31.28;43;15;2.83;0;5;4;145;9.94;12;6;15;1;7;0;0;0;0;125;8.57;16;15;0;0;42;12;13;17;0;0;0;72;4.94;8;0;0;6;13;183;12.55;22;26:38;01:49;03:12;0;0;0;893;61.26;75;65;4;10;0;0;0;0;0;18;1.23;3;1;0;0;3 hours;14:19;0;0;0;33;0;0;50%
IekkAI-3307;3227;0;0;0;0;0;0;2,895;17,772;2,895;3,419;20,991;3,419;2,315;2;12.27;0;0;0;7;42.97;7;4;3.5;0;0;1;1;6.13;1;0;0;0;0;0;0;0;0;2;12.27;2;4;0;0;0;0;0;0;0;0;0;3;18.41;3;0;0;0;0;5;30.69;5;00:40;04:07;00:40;0;0;0;24;147.33;24;4;25;4;0;0;0;0;0;0;0;0;0;0;0;3 minutes;0;0;0;0;0;0;0;100%
iKriegz-1142;3352;0;0;0;0;0;0;12,829;10,243;5,409;11,584;9,248.94;5,075;1,942;11;8.78;0;0;0;30;23.95;15;5;2.72;0;0;0;14;11.17;6;1;1;0;0;0;0;0;0;10;7.98;5;5;0;0;5;1;2;2;2;1.59;1;8;6.38;3;0;0;0;0;13;10.37;9;01:42;01:21;01:13;0;0;0;74;59.08;30;3;2;2;0;0;0;0;0;1;0.79;1;0;0;0;17 minutes;02:15;0;0;0;1;0;0;22%
IlIlIlIl-11546;0;0;0;0;0;0;0;1,028;4,385;939;1,294;5,523.69;807;488;3;12.8;0;0;0;4;17.07;3;3;1.33;0;0;0;1;4.26;1;0;0;0;0;0;0;0;0;2;8.53;1;3;0;0;0;0;0;0;1;4.26;1;1;4.26;0;0;0;0;0;1;4.26;1;00:15;01:07;00:08;0;0;0;6;25.6;4;0;0;0;0;0;0;0;0;1;4.26;1;0;0;0;2 minutes;0;0;0;0;0;0;0;52%
IMWarMachine-6379;2264;0;0;0;0;0;0;1,200;19,305;600;113;1,822.38;113;113;0;0;0;0;0;0;0;0;0;0;0;0;0;0;0;0;0;0;0;0;0;0;0;0;0;0;0;0;0;0;0;0;0;0;0;0;0;0;0;0;0;0;0;0;0;0;0;00:02;00:47;00:02;0;0;0;0;0;0;0;0;0;0;0;0;0;0;0;0;0;0;0;0;41.09834797959775 seconds;0;0;0;0;0;0;0;0
INTERNETHULK-2984;3898;0;0;0;0;0;0;14,778;7,200;8,190;16,028;7,809.78;8,434;4,084;10;4.87;0;0;0;44;21.43;18;11;4.4;0;0;1;17;8.28;7;1;2;0;1;0;0;0;0;16;7.79;6;11;0;0;5;1;1;3;2;0.97;1;24;11.69;5;0;0;4;1;11;5.35;4;02:18;01:07;01:11;0;0;0;125;60.9;63;9;4;4;0;0;0;0;0;4;1.94;2;0;0;0;21 minutes;01:00;0;0;0;0;0;0;66%
Invision-2363;3901;0;0;0;0;0;0;22,451;15,891;10,712;21,964;15,545.83;11,476;2,850;22;15.57;0;0;0;51;36.09;26;11;2.31;0;0;3;20;14.15;11;1;1;0;1;0;0;0;0;16;11.32;12;11;0;0;3;1;1;1;0;0;0;17;12.03;6;0;0;3;1;11;7.78;5;01:28;01:02;00:53;0;0;0;181;128.11;100;7;5;5;0;0;0;0;0;5;3.53;3;0;0;0;24 minutes;00:37;0;0;0;0;0;0;46%
ironblue-11749;2520;0;0;0;0;0;0;31,492;9,248;6,320;35,298;10,366.2;8,547;5,104;34;9.98;0;0;0;79;23.2;21;13;2.32;0;0;0;32;9.39;9;2;0;0;0;0;0;0;0;25;7.34;7;13;0;0;0;0;2;0;0;0;0;11;3.23;2;0;0;0;0;33;9.69;8;06:31;01:54;01:58;0;0;0;258;75.76;58;6;2;2;0;0;0;0;0;2;0.58;1;0;0;0;8.634363004006445 seconds;03:38;0;0;0;0;0;0;100%
Ithae-1510;52;0;0;0;0;0;0;20,215;13,981;11,584;11,856;8,199.29;6,690;1,920;21;14.52;0;0;0;55;38.03;42;11;2.61;0;1;4;21;14.52;17;0;1;0;1;0;0;0;0;5;3.45;4;11;0;0;4;1;2;1;0;0;0;7;4.84;5;0;0;3;1;37;25.58;31;04:04;02:48;02:42;0;0;0;53;36.65;33;5;3;4;0;0;0;0;0;5;3.45;4;0;0;0;25 minutes;00:33;0;0;0;0;0;0;57%
JamesLiu-3595;2182;0;0;0;0;0;0;3,721;13,752;2,796;1,852;6,844.49;1,437;734;4;14.78;0;0;0;2;7.39;1;1;0.5;0;0;0;1;3.69;1;0;0;0;0;0;0;0;0;1;3.69;1;1;0;0;0;0;0;0;0;0;0;0;0;0;0;0;0;0;1;3.69;1;00:31;01:56;00:25;0;0;0;15;55.44;14;0;0;0;0;0;0;0;0;0;0;0;0;0;0;3 minutes;0;0;0;0;0;0;0;0
janus-31780;4448;1;10%;6;6;6;0.02;24,360;14,026;12,603;2,769;3,379.42;2,769;2,769;19;10.93;10;12;10;10;12.2;10;10;2.47;0;0;1;5;6.1;5;1;1;0;1;2,395;2,923;2,395;2,395;20;11.51;10;10;0;0;2;3;2;2;0;0;0;11;6.33;5;0;0;3;1;2;2.44;2;00:02;00:02;00:02;16;20;16;144;82.91;83;6;3;5;0;0;0;231;55;5;2.87;4;0;0;0;4 minutes;01:55;80;0;0;0;23%;0;100%
JesseJames-11680;2476;2;0;0;0;0;0;524,860;9,026;11,532;386,852;6,652.69;9,662;4,293;700;12.03;0;0;0;1,155;19.86;32;16;1.65;0;15;22;333;5.72;12;27;58;4;27;0;0;0;0;199;3.42;8;16;0;0;110;48;22;40;1;0.01;1;186;3.19;8;0;0;5;14;525;9.02;22;01:34:35;01:37;02:12;0;0;0;2,540;43.68;65;170;3;6;0;0;0;0;0;62;1.06;6;16;0;0;11 hours;11:26;0;0;0;118;0;0;46%
JIhooN-31212;2641;4;0;0;0;0;0;331,939;10,768;16,078;228,980;7,427.98;11,251;5,295;327;10.6;0;0;0;717;23.25;39;19;2.19;0;9;11;214;6.94;14;16;31;1;13;0;0;0;0;142;4.6;10;19;0;0;69;19;24;26;4;0.12;2;107;3.47;7;0;0;3;4;356;11.54;21;01:02:42;02:02;03:00;0;0;0;1,532;49.69;92;83;3;6;0;0;0;0;0;29;0.94;3;1;0;0;6 hours;15:51;0;0;0;7;0;0;42%
jjlol-11226;52;1;0;0;0;0;0;68,482;10,675;14,001;53,565;8,350.1;12,398;3,822;68;10.6;0;0;0;151;23.53;42;12;2.22;0;6;4;67;10.44;18;0;6;0;4;0;0;0;0;34;5.3;10;12;0;0;23;12;4;7;0;0;0;29;4.52;13;0;0;0;0;58;9.04;14;12:44;01:59;03:32;0;0;0;359;55.96;82;22;3;10;0;0;0;0;0;19;2.96;7;0;0;0;1 hour;02:11;0;0;0;0;0;0;61%
JonnyBI-2703;3137;2;0;0;0;0;0;123,137;11,639;11,570;98,644;9,324.23;9,159;3,312;128;12.09;0;0;0;267;25.23;37;12;2.08;0;3;10;113;10.68;12;4;11;1;5;0;0;0;0;51;4.82;8;12;0;0;27;7;11;9;3;0.28;1;48;4.53;6;0;0;4;3;115;10.87;20;18:51;01:46;01:55;0;0;0;555;52.46;55;40;4;7;0;0;0;0;0;21;1.98;4;1;0;0;2 hours;11:06;0;0;0;5;0;0;49%
Jorun-6697;3855;0;0;0;0;0;0;5,949;10,352;4,655;5,364;9,334.87;3,108;1,755;9;15.66;0;0;0;17;29.58;14;6;1.88;0;0;0;9;15.66;7;0;1;0;1;0;0;0;0;2;3.48;1;6;0;0;1;0;0;1;1;1.74;1;2;3.48;1;0;0;0;0;9;15.66;8;01:05;01:53;00:46;0;0;0;29;50.46;18;1;2;1;0;0;0;0;0;2;3.48;2;0;0;0;7 minutes;0;0;0;0;0;0;0;100%
jyzhang-4449;2508;0;0;0;0;0;0;1,928;14,649;1,928;1,740;13,222.55;1,740;1,731;1;7.59;0;0;0;1;7.59;1;1;1;0;0;0;1;7.59;1;0;0;0;0;0;0;0;0;0;0;0;1;0;0;1;1;0;0;0;0;0;0;0;0;0;0;0;0;0;0;0;00:06;00:47;00:06;0;0;0;15;113.96;15;0;0;0;0;0;0;0;0;1;7.59;1;0;0;0;1 minute;0;0;0;0;0;0;0;100%
KAISER-31361;4393;6;0;0;0;0;0;336,112;9,950;13,925;356,868;10,564.33;12,561;7,294;251;7.43;0;0;0;1,083;32.05;40;24;4.31;0;7;24;438;12.96;16;12;34;1;20;0;0;0;0;298;8.82;10;24;0;0;89;34;24;31;33;0.97;2;284;8.4;7;0;0;4;19;358;10.59;19;58:41;01:44;01:45;0;0;0;2,205;65.27;78;130;4;7;0;0;0;0;0;61;1.8;5;1;0;0;7 hours;45:16;0;0;0;13;0;0;59%
KAKI-11832;0;0;0;0;0;0;0;29,390;8,222;5,074;22,518;6,299.31;4,829;2,109;37;10.35;0;0;0;63;17.62;11;7;1.7;0;0;1;32;8.95;5;3;4;0;1;0;0;0;0;13;3.63;5;7;0;0;10;4;4;2;4;1.11;2;14;3.91;2;0;0;0;0;23;6.43;5;04:25;01:14;01:02;0;0;0;153;42.8;40;5;1;3;0;0;0;0;0;7;1.95;2;0;0;0;37 minutes;00:56;0;0;0;6;0;0;23%
Karma-12365;52;1;0;0;0;0;0;25,121;10,525;7,893;20,842;8,731.95;7,414;2,820;23;9.63;0;0;0;80;33.51;36;15;3.47;0;0;0;24;10.05;8;0;2;0;1;0;0;0;0;18;7.54;9;15;0;0;6;2;1;2;1;0.41;1;10;4.18;4;0;0;3;1;28;11.73;16;05:34;02:20;01:49;0;0;0;125;52.36;42;6;3;3;0;0;0;0;0;7;2.93;2;0;0;0;36 minutes;04:17;0;0;0;0;0;0;54%
Kay3-2155;69;0;0;0;0;0;0;9,773;13,999;5,721;6,001;8,594.88;3,535;1,448;10;14.32;0;0;0;32;45.83;18;10;3.2;0;0;0;16;22.91;11;0;0;0;1;0;0;0;0;6;8.59;4;0;0;0;0;0;0;0;1;0;1;10;14.32;5;0;0;0;0;12;17.18;8;01:09;01:39;00:38;0;0;0;48;68.75;28;7;10;5;0;0;0;0;0;5;7.16;4;0;0;0;2.287194985896349 seconds;04:18;0;0;0;0;0;0;100%
Kefka-11531;4123;0;0;0;0;0;0;1,980;9,588;1,516;934;4,522.15;630;392;3;14.53;0;0;0;1;4.84;1;1;0.33;0;0;0;1;4.84;1;0;0;0;0;0;0;0;0;1;4.84;1;1;0;0;1;0;0;0;0;0;0;0;0;0;0;0;0;0;0;0;0;00:13;01:04;00:12;0;0;0;4;19.37;2;0;0;0;0;0;0;0;0;0;0;0;0;0;0;2 minutes;0;0;0;0;0;0;0;17%
Keishi-11995;3431;0;0;0;0;0;0;15,313;12,192;4,441;12,405;9,876.16;2,678;1,384;22;17.51;0;0;0;29;23.08;9;5;1.31;0;0;0;6;4.77;2;1;1;0;0;0;0;0;0;5;3.98;3;5;0;0;3;1;1;1;1;0.79;1;5;3.98;2;0;0;3;1;15;11.94;8;02:25;01:55;00:50;0;0;0;66;52.54;16;2;2;1;0;0;0;0;0;0;0;0;0;0;0;16 minutes;01:00;0;0;0;0;0;0;28%
Kira-1303;64;0;0;0;0;0;0;4,085;14,913;2,145;3,176;11,593.22;1,678;1,498;4;14.6;0;0;0;14;51.1;7;7;3.5;0;0;0;9;32.85;5;0;0;0;0;0;0;0;0;3;10.95;2;7;0;0;1;0;0;0;1;3.65;1;3;10.95;1;0;0;0;0;6;21.9;4;00:48;02:56;00:29;0;0;0;22;80.3;14;1;4;1;0;0;0;0;0;1;3.65;1;1;0;0;4 minutes;01:03;0;0;0;0;0;0;40%
KJerry-1610;4141;5;0;0;0;0;0;79,979;8,700;10,936;75,527;8,215.63;9,914;3,736;50;5.43;0;0;0;302;32.85;43;18;6.04;0;3;2;103;11.2;11;0;9;0;9;0;0;0;0;67;7.28;12;18;0;0;27;9;10;8;2;0.21;1;55;5.98;9;0;0;4;7;79;8.59;13;09:09;00:59;01:39;0;0;0;440;47.86;67;48;5;10;0;0;0;0;0;23;2.5;4;0;0;0;1 hour;11:54;0;0;0;2;0;0;96%
KnOxXx-21951;3848;8;0;0;0;0;0;239,626;12,677;18,854;247,408;13,089.12;18,984;6,759;183;9.68;0;0;0;712;37.66;50;26;3.89;0;7;13;296;15.65;25;6;19;1;12;0;0;0;0;211;11.16;16;26;0;0;56;21;25;10;11;0.58;2;150;7.93;13;0;0;5;21;204;10.79;18;28:57;01:31;02:09;0;0;0;1,586;83.9;113;108;6;11;0;0;0;0;0;40;2.11;4;0;0;0;4 hours;37:32;0;0;0;6;0;0;62%
KOKFC-1575;3897;2;0;0;0;0;0;58,926;8,786;13,276;55,365;8,255.41;12,329;4,853;40;5.96;0;0;0;196;29.22;47;18;4.9;0;3;6;78;11.63;21;1;7;0;6;0;0;0;0;55;8.2;16;18;0;0;13;5;1;8;3;0.44;1;35;5.21;6;0;0;5;5;52;7.75;13;06:44;01:00;01:16;0;0;0;388;57.85;88;32;5;9;0;0;0;0;0;12;1.78;4;0;0;0;1 hour;03:57;0;0;0;0;0;0;85%
Kotani-2471;2612;0;0;0;0;0;0;46,410;11,137;6,479;45,622;10,947.9;8,080;2,184;56;13.43;0;0;0;122;29.27;31;11;2.17;0;3;0;47;11.27;5;2;4;0;2;0;0;0;0;29;6.95;7;11;0;0;10;4;2;3;2;0.47;1;13;3.11;4;0;0;3;2;47;11.27;11;07:59;01:55;02:01;0;0;0;263;63.11;46;12;3;5;0;0;0;0;0;9;2.15;3;0;0;0;1 hour;03:01;0;0;0;9;0;0;37%
Kryw-2449;4208;0;0;0;0;0;0;15,381;8,783;6,835;15,431;8,811.35;5,002;3,595;7;3.99;0;0;0;67;38.25;20;14;9.57;0;0;0;23;13.13;7;0;2;0;1;0;0;0;0;23;13.13;9;14;0;0;6;2;4;1;2;1.14;1;10;5.71;3;0;0;0;0;26;14.84;9;02:16;01:17;00:40;0;0;0;115;65.66;44;8;5;3;0;0;0;0;0;5;2.85;3;0;0;0;18 minutes;08:52;0;0;0;7;0;0;85%
KwamFun-1860;2633;0;0;0;0;0;0;41,191;8,355;9,551;33,646;6,824.47;7,923;3,555;47;9.53;0;0;0;101;20.48;30;13;2.14;0;2;2;38;7.7;11;3;5;0;2;0;0;0;0;32;6.49;9;13;0;0;13;6;2;5;0;0;0;15;3.04;5;0;0;0;0;36;7.3;6;04:57;01:00;01:32;0;0;0;218;44.21;58;9;2;4;0;0;0;0;0;8;1.62;5;0;0;0;51 minutes;02:50;0;0;0;0;0;0;43%
KYLE-3141;0;1;0;0;0;0;0;244,679;10,830;12,162;179,257;7,934.48;12,133;3,374;328;14.51;0;0;0;627;27.75;45;15;1.91;0;18;9;216;9.56;15;10;23;0;13;0;0;0;0;126;5.57;8;15;0;0;38;19;7;12;1;0.04;1;91;4.02;5;0;0;4;3;211;9.33;16;35:52;01:35;02:16;0;0;0;1,135;50.23;66;75;3;6;0;0;0;0;0;57;2.52;7;1;0;0;5 hours;10:05;0;0;0;4;0;0;57%
Lara-31986;0;0;0;0;0;0;0;7,695;13,955;7,695;8,321;15,089.62;8,321;6,266;3;5.44;0;0;0;16;29.01;16;9;5.33;0;0;0;6;10.88;6;1;1;0;1;0;0;0;0;4;7.25;4;9;0;0;1;1;0;0;0;0;0;2;3.62;2;0;0;0;0;6;10.88;6;00:33;01:00;00:33;0;0;0;48;87.05;48;1;2;1;0;0;0;0;0;0;0;0;0;0;0;8 minutes;00:20;0;0;0;0;0;0;100%
LaraCroft-1233;2424;0;0;0;0;0;0;2,523;7,270;1,101;1,420;4,091.07;1,257;530;6;17.28;0;0;0;3;8.64;3;3;0.5;0;0;0;0;0;0;0;0;0;0;0;0;0;0;2;5.76;2;3;0;0;1;0;0;0;0;0;0;0;0;0;0;0;3;1;0;0;0;00:06;00:17;00:05;0;0;0;18;51.85;18;0;0;0;0;0;0;0;0;0;0;0;0;0;0;3 minutes;0;0;0;0;2;0;0;0
Laurie400-1327;31;0;0;0;0;0;0;1,449;4,274;849;1,934;5,703.04;1,818;916;5;14.74;0;0;0;1;2.94;1;1;0.2;0;1;0;1;2.94;1;0;0;0;0;0;0;0;0;0;0;0;1;0;0;0;0;0;0;0;0;0;0;0;0;0;0;0;0;0;0;0;00:06;00:19;00:06;0;0;0;4;11.79;4;0;0;0;0;0;0;0;0;1;2.94;1;0;0;0;3 minutes;0;0;0;0;0;0;0;0
LazyTitan-33460;4211;0;0;0;0;0;0;35,844;11,441;7,515;32,154;10,263.34;8,282;4,402;36;11.49;0;0;0;93;29.68;29;16;2.58;0;3;1;35;11.17;10;1;3;1;2;0;0;0;0;27;8.61;7;16;0;0;10;4;3;3;2;0.63;2;14;4.46;4;0;0;3;1;55;17.55;15;05:19;01:41;01:15;0;0;0;199;63.52;53;11;4;4;0;0;0;0;0;7;2.23;3;0;0;0;43 minutes;05:07;0;0;0;0;0;0;53%
Legist-21953;2633;0;0;0;0;0;0;21,277;7,912;6,537;1,345;28,468;1,345;1,345;1;21.16;0;0;0;58;21.56;17;8;1.34;0;1;0;26;9.66;7;0;0;0;1;0;0;0;0;9;3.34;3;8;0;0;0;0;1;0;1;0.37;1;3;1.11;2;0;0;0;0;17;6.32;4;02:56;01:05;00:53;0;0;0;132;49.08;39;2;1;2;0;0;0;147;90;7;2.6;1;0;0;0;35.140855005942285 seconds;01:29;0;0;0;0;61%;0;33%
LetterE-1468;2930;0;0;0;0;0;0;7,088;14,007;4,712;6,284;12,419.26;3,970;3,308;5;9.88;0;0;0;19;37.54;11;10;3.8;0;0;0;6;11.85;3;0;1;0;0;0;0;0;0;4;7.9;3;10;0;0;1;0;0;1;0;0;0;1;1.97;1;0;0;0;0;7;13.83;2;00:44;01:28;00:22;0;0;0;27;53.35;22;2;4;2;0;0;0;0;0;0;0;0;0;0;0;7 minutes;00:28;0;0;0;0;0;0;28%
Leuf-1110;3504;0;0;0;0;0;0;365;18,732;365;121;6,208.28;121;121;0;0;0;0;0;0;0;0;0;0;0;0;0;0;0;0;0;0;0;0;0;0;0;0;0;0;0;0;0;0;0;0;0;0;0;0;0;0;0;0;0;0;0;0;0;0;0;0;0;0;0;0;0;0;0;0;0;0;0;0;0;0;0;0;0;0;0;0;0;0;20.4082559812814 seconds;00:02;0;0;0;0;0;0;26%
Lilgho-4319;3766;3;0;0;0;0;0;135,233;10,422;17,619;121,514;9,364.36;13,728;4,276;129;9.94;0;0;0;360;27.74;47;21;2.79;0;5;7;109;8.39;13;2;13;0;11;0;0;0;0;96;7.39;12;21;0;0;24;10;7;8;1;0.07;1;43;3.31;6;0;0;4;8;107;8.24;20;15:03;01:09;02:29;0;0;0;684;52.71;80;47;4;9;0;0;0;0;0;17;1.31;4;0;0;0;2 hours;08:00;0;0;0;0;0;0;82%
Lish-21487;53;0;0;0;0;0;0;43,644;16,658;7,272;28,315;10,807.27;6,602;3,087;45;17.17;0;0;0;85;32.44;22;14;1.88;0;0;4;43;16.41;11;0;3;0;1;0;0;0;0;16;6.1;4;14;0.31;0;8;3;3;3;0;0;0;16;6.1;7;0;0;0;0;44;16.79;11;06:42;02:33;01:08;0;0;0;182;69.46;39;14;5;5;0;0;0;0;0;14;5.34;4;1;0;0;45 minutes;07:27;0;0;0;0;0;0;36%
LOVE-34893;3220;0;0;0;0;0;0;8,837;12,786;7,637;7,638;11,051.9;7,354;1,876;7;10.12;0;0;0;22;31.83;22;9;3.14;0;0;0;13;18.8;13;1;1;0;0;0;0;0;0;5;7.23;5;9;0;0;2;0;1;1;0;0;0;0;0;0;0;0;0;0;11;15.91;11;02:24;03:28;02:16;0;0;0;36;52.08;32;1;1;1;0;0;0;0;0;1;1.44;1;0;0;0;8 minutes;00:37;0;0;0;0;0;0;0
LuLu-11129;58;0;0;0;0;0;0;1,200;22,984;1,200;774;14,815.35;774;572;1;19.15;0;0;0;0;0;0;0;0;0;0;0;0;0;0;0;0;0;0;0;0;0;0;0;0;0;0;0;0;0;0;0;0;0;0;0;0;0;0;0;0;0;0;0;0;0;00:14;04:29;00:14;0;0;0;6;114.91;6;0;0;0;0;0;0;0;0;0;0;0;0;0;0;53.35782900452614 seconds;0;0;0;0;0;0;0;0
Luxyne-1720;3380;2;0;0;0;0;0;37,987;8,637;6,596;35,532;8,078.71;7,627;6,294;35;7.95;0;0;0;139;31.6;45;26;3.97;0;0;0;45;10.23;14;2;4;0;2;0;0;0;0;37;8.41;12;26;0;0;8;3;3;2;0;0;0;22;5;6;0;0;3;5;33;7.5;9;03:38;00:49;01:02;0;0;0;206;46.83;37;20;5;8;0;0;0;0;0;3;0.68;2;0;0;0;51 minutes;04:25;0;0;0;0;0;0;56%
Lyan-21728;2550;0;0;0;0;0;0;600;12,152;600;202;4,084.74;202;201;1;20.25;0;0;0;0;0;0;0;0;0;0;0;0;0;0;0;0;0;0;0;0;0;0;0;0;0;0;0;0;0;0;0;0;0;0;0;0;0;0;0;0;0;0;0;0;0;0;0;0;0;0;0;0;0;0;0;0;0;0;0;0;0;0;0;0;0;0;0;0;39.404096975922585 seconds;0;0;0;0;0;0;0;100%
MAJAJA-3599;0;3;0;0;0;0;0;93,930;11,939;15,113;90,208;11,465.85;18,193;3,917;84;10.67;0;0;0;239;30.37;45;16;2.84;0;4;8;102;12.96;21;0;0;0;3;0;0;0;0;50;6.35;12;16;0;0;0;0;0;0;3;0.38;1;49;6.22;9;0;0;3;3;102;12.96;20;16:17;02:04;02:37;0;0;0;550;69.9;84;40;5;11;0;0;0;0;0;19;2.41;4;0;0;0;3.9099739966914058 seconds;15:27;0;0;0;0;0;0;41%
Mario-13553;50;0;0;0;0;0;0;54,983;8,683;10,164;45,776;7,228.7;6,310;1,878;87;13.73;0;0;0;133;21;29;8;1.52;0;1;0;57;9;9;0;6;0;2;0;0;0;0;30;4.73;5;8;0;0;10;6;0;3;1;0.15;1;18;2.84;5;0;0;4;2;56;8.84;18;08:18;01:18;01:39;0;0;0;286;45.16;31;12;2;4;0;0;0;0;0;11;1.73;2;0;0;0;1 hour;03:58;0;0;0;0;0;0;34%
MartabakKeju-1697;3125;1;0;0;0;0;0;27,525;9,392;9,079;25,629;8,744.5;8,709;2,736;32;10.91;0;0;0;86;29.34;33;11;2.68;0;1;0;27;9.21;9;1;3;0;1;0;0;0;0;23;7.84;9;11;0;0;8;4;1;2;0;0;0;13;4.43;5;0;0;3;1;28;9.55;11;04:18;01:28;01:31;0;0;0;157;53.56;67;12;4;6;0;0;0;0;0;5;1.7;2;0;0;0;38 minutes;04:38;0;0;0;0;0;0;48%
Master-11935;57;0;0;0;0;0;0;600;11,473;600;29;550.69;29;29;1;19.12;0;0;0;0;0;0;0;0;0;0;0;0;0;0;0;0;0;0;0;0;0;0;0;0;0;0;0;0;0;0;0;0;0;0;0;0;0;0;0;0;0;0;0;0;0;00:01;00:33;00:01;0;0;0;0;0;0;0;0;0;0;0;0;0;0;0;0;0;0;0;0;26.428276024758816 seconds;0;0;0;0;0;0;0;0
MeePokBoy-1184;3653;0;0;0;0;0;0;18,910;16,519;6,956;17,355;15,160.38;6,041;3,037;17;14.85;0;0;0;28;24.45;9;7;1.64;0;0;0;7;6.11;3;0;1;0;1;0;0;0;0;6;5.24;3;7;0;0;3;1;1;1;0;0;0;2;1.74;2;0;0;3;1;15;13.1;7;05:03;04:25;01:49;0;0;0;96;83.86;47;1;1;1;0;0;0;0;0;1;0.87;1;0;0;0;18 minutes;02:55;0;0;0;0;0;0;56%
Mendokusaii-2955;4206;0;0;0;0;0;0;14,648;8,196;3,663;14,842;8,304.28;5,701;4,090;14;7.83;0;0;0;40;22.38;14;11;2.85;0;0;0;17;9.51;7;0;2;0;2;0;0;0;0;14;7.83;7;11;0;0;5;3;2;1;0;0;0;9;5.03;2;0;0;4;1;14;7.83;6;02:02;01:08;00:58;0;0;0;93;52.03;40;5;3;2;0;0;0;0;0;3;1.67;1;0;0;0;17 minutes;01:08;0;0;0;0;0;0;85%
Mezamorphis-2358;3658;4;0;0;0;0;0;134,835;11,257;18,391;125,525;10,479.49;15,544;4,677;116;9.68;0;0;0;470;39.23;63;21;4.05;0;3;12;167;13.94;23;3;12;0;9;0;0;0;0;153;12.77;24;21;0;0;34;11;11;12;15;1.25;3;97;8.09;9;0;0;4;12;140;11.68;22;20:28;01:42;02:08;0;0;0;824;68.79;104;76;6;12;0;0;0;0;0;26;2.17;5;1;0;0;2 hours;30:00;0;0;0;5;0;0;73%
MilaTheMute-1868;47;2;0;0;0;0;0;25,349;10,803;5,272;15,616;6,655.44;4,095;2,577;24;10.22;0;0;0;59;25.14;19;14;2.45;0;0;0;21;8.95;7;0;2;0;1;0;0;0;0;7;2.98;4;14;0;0;7;2;3;2;0;0;0;9;3.83;4;0;0;0;0;34;14.49;13;07:07;03:02;01:54;0;0;0;78;33.24;21;8;3;3;0;0;0;0;0;6;2.55;2;0;0;0;32 minutes;01:41;0;0;0;0;0;0;34%
Miro-31858;4511;2;0;0;0;0;0;63,301;8,527;14,199;106;1,283.69;106;106;1;12.13;0;0;0;205;27.61;34;14;4.01;0;3;3;91;12.25;16;0;0;0;5;0;0;0;0;86;11.58;19;14;0;0;0;0;0;0;14;1.88;5;81;10.91;6;0;0;4;3;55;7.4;13;05:52;00:47;01:41;0;0;0;576;77.58;115;27;4;6;0;0;0;6;2;14;1.88;2;0;0;0;40.270910990424454 seconds;07:00;0;0;0;0;33%;0;65%
miruralula-1517;3723;0;0;0;0;0;0;1,800;10,139;1,800;1,913;10,776.55;1,913;1,380;2;11.26;0;0;0;3;16.89;3;3;1.5;0;0;0;1;5.63;1;0;0;0;0;0;0;0;0;0;0;0;3;0;0;1;0;0;0;0;0;0;0;0;0;0;0;0;0;3;16.89;3;00:20;01:55;00:20;0;0;0;5;28.16;5;0;0;0;0;0;0;0;0;0;0;0;0;0;0;2 minutes;0;0;0;0;0;0;0;0
Mix-41491;3599;0;0;0;0;0;0;124,446;13,210;22,217;110,477;11,726.77;14,113;5,213;108;11.46;0;0;0;283;30.03;59;16;2.62;0;4;7;105;11.14;20;4;9;1;4;0;0;0;0;77;8.17;15;16;0;0;28;11;5;12;8;0.84;2;77;8.17;9;0;0;4;5;91;9.65;12;14:19;01:31;01:32;0;0;0;656;69.63;92;36;4;8;0;0;0;0;0;19;2.01;5;0;0;0;2 hours;13:09;0;0;0;0;0;0;45%
mmymy-1524;4026;1;0;0;0;0;0;50,610;12,098;8,908;51,394;12,285.58;9,685;2,930;45;10.75;0;0;0;155;37.05;36;10;3.44;0;0;2;74;17.68;19;1;4;1;3;0;0;0;0;47;11.23;9;10;0;0;11;6;2;3;5;1.19;1;31;7.41;8;0;0;3;2;35;8.36;7;05:51;01:24;01:03;0;0;0;267;63.82;54;15;4;6;0;0;0;0;0;12;2.86;5;0;0;0;1 hour;04:19;0;0;0;0;0;0;62%
Mwiekned-3959;3456;0;0;0;0;0;0;4,641;12,255;4,641;7,417;19,584.12;7,417;2,834;5;13.2;0;0;0;11;29.04;11;8;2.2;0;0;0;5;13.2;5;0;0;0;0;0;0;0;0;1;2.64;1;8;0;0;0;0;0;0;0;0;0;2;5.28;2;0;0;0;0;3;7.92;3;00:34;01:31;00:34;0;0;0;41;108.25;41;4;11;4;0;0;0;0;0;1;2.64;1;0;0;0;6 minutes;0;0;0;0;0;0;0;0
MyJohnny-2444;2931;12;0;0;0;0;0;374,915;10,474;15,829;352,270;9,840.92;16,619;4,375;413;11.53;0;0;0;1,145;31.98;49;17;2.77;0;18;16;454;12.68;25;14;36;0;22;0;0;0;0;220;6.14;12;17;0;0;108;31;43;35;21;0.58;3;216;6.03;11;0;0;3;12;439;12.26;26;01:06:07;01:50;03:04;0;0;0;2,024;56.54;78;118;3;7;0;0;0;0;0;72;2.01;7;0;0;0;7 hours;33:39;0;0;0;30;0;0;61%
MyNeverevr-1103;3533;0;0;0;0;0;0;2,830;17,412;2,830;2,210;13,600.29;2,210;1,964;2;12.3;0;0;0;5;30.76;5;4;2.5;0;0;0;2;12.3;2;0;0;0;0;0;0;0;0;4;24.61;4;4;0;0;1;0;0;0;1;6.15;1;3;18.45;2;0;0;0;0;0;0;0;0;0;0;0;0;0;21;129.2;21;2;12;2;0;0;0;0;0;1;6.15;1;0;0;0;2 minutes;0;0;0;0;0;0;0;0
nan-1607;4000;1;0;0;0;0;0;10,946;7,143;3,819;13,567;8,853.31;4,937;2,211;11;7.17;0;0;0;48;31.32;15;11;4.36;0;0;0;13;8.48;6;0;2;0;2;0;0;0;0;9;5.87;3;11;0;0;4;3;0;1;0;0;0;11;7.17;4;0;0;3;2;24;15.66;8;02:18;01:30;00:35;0;0;0;64;41.76;26;7;5;4;0;0;0;0;0;2;1.3;1;0;0;0;15 minutes;01:07;0;0;0;0;0;0;100%
Neptune-31921;3151;0;0;0;0;0;0;63,610;9,906;5,131;46,838;7,293.82;5,139;2,652;93;14.48;0;0;0;116;18.06;12;10;1.24;0;3;0;27;4.2;5;3;6;1;2;0;0;0;0;25;3.89;5;10;0;0;10;2;3;4;0;0;0;16;2.49;3;0;0;3;2;56;8.72;7;12:54;02:00;01:45;0;0;0;299;46.56;38;10;2;3;0;0;0;0;0;2;0.31;1;0;0;0;1 hour;02:01;0;0;0;0;0;0;37%
NEtodie-3311;3000;0;0;0;0;0;0;11,968;15,044;8,304;9,578;12,039.61;7,587;2,560;13;16.34;0;0;0;21;26.39;19;12;1.61;0;0;0;5;6.28;4;0;1;1;0;0;0;0;0;5;6.28;4;12;0;0;2;2;0;0;1;1.25;1;8;10.05;6;0;0;0;0;11;13.82;9;01:13;01:32;01:00;0;0;0;74;93.02;59;5;6;4;0;0;0;0;0;1;1.25;1;0;0;0;14 minutes;02:55;0;0;0;0;0;0;0
Nichiren-21254;41;1;0;0;0;0;0;55,205;7,982;6,764;37,502;5,422.48;3,940;2,137;56;8.09;0;0;0;160;23.13;23;11;2.85;0;3;2;71;10.26;12;0;7;0;4;0;0;0;0;38;5.49;7;11;0;0;15;7;3;5;3;0.43;1;29;4.19;5;0;0;3;1;55;7.95;13;09:22;01:21;01:29;0;0;0;297;42.94;41;21;3;4;0;0;0;0;0;22;3.18;5;3;0;0;1 hour;05:02;0;0;0;0;0;0;56%
NikolaTesla-11280;53;0;0;0;0;0;0;18,752;9,132;3,590;12,975;6,318.64;3,516;1,459;36;17.53;0;0;0;34;16.55;16;6;0.94;0;0;0;10;4.86;5;0;2;0;1;0;0;0;0;4;1.94;2;6;0;0;5;2;2;1;0;0;0;5;2.43;2;0;0;4;2;14;6.81;5;03:02;01:28;00:33;0;0;0;72;35.06;20;3;1;2;0;0;0;0;0;1;0.48;1;0;0;0;25 minutes;0;0;0;0;0;0;0;57%
Nostril-1317;3333;2;0;0;0;0;0;39,502;13,734;8,621;29,233;10,163.66;5,927;3,393;32;11.12;0;0;0;79;27.46;19;13;2.46;0;0;0;26;9.03;6;1;3;0;1;0;0;0;0;19;6.6;5;13;0;0;8;3;2;3;0;0;0;10;3.47;4;0;0;0;0;29;10.08;10;04:16;01:29;01:00;0;0;0;177;61.53;44;8;3;4;0;0;0;0;0;0;0;0;0;0;0;43 minutes;03:02;0;0;0;2;0;0;44%
Nova-1852;65;3;0;0;0;0;0;45,448;12,900;6,883;45,614;12,947.1;10,933;6,698;45;12.77;0;0;0;137;38.88;28;27;3.04;0;0;3;52;14.75;14;0;4;0;2;0;0;0;0;30;8.51;6;27;0;0;14;3;7;4;1;0.28;1;21;5.96;4;0;0;3;2;46;13.05;12;06:54;01:57;01:57;0;0;0;304;86.28;65;19;5;7;0;0;0;0;0;13;3.68;4;0;0;0;54 minutes;07:42;0;0;0;0;0;0;64%
Novady-11519;3894;0;0;0;0;0;0;1,200;13,087;600;860;9,382.65;632;627;2;21.81;0;0;0;3;32.71;2;1;1.5;0;0;0;1;10.9;1;0;0;0;0;0;0;0;0;1;10.9;1;1;0;0;0;0;0;0;0;0;0;0;0;0;0;0;0;0;2;21.81;1;00:12;02:11;00:07;0;0;0;5;54.52;4;0;0;0;0;0;0;0;0;0;0;0;0;0;0;1 minute;00:49;0;0;0;0;0;0;47%
Nozomi-4919;3527;1;0;0;0;0;0;8,729;7,736;6,618;7,264;6,437.94;5,719;2,492;5;4.43;0;0;0;21;18.61;20;7;4.2;0;0;0;13;11.52;12;0;1;0;1;0;0;0;0;7;6.2;7;7;0;0;2;1;1;0;0;0;0;2;1.77;2;0;0;0;0;5;4.43;5;00:52;00:46;00:36;0;0;0;43;38.1;42;1;1;1;0;0;0;0;0;0;0;0;0;0;0;6 minutes;00:07;0;0;0;0;0;0;88%
Nypro-1996;4105;0;0;0;0;0;0;3,596;11,180;3,596;3,127;9,724.19;3,127;1,745;1;3.1;0;0;0;7;21.76;7;6;7;0;0;0;1;3.1;1;0;0;0;0;0;0;0;0;2;6.21;2;6;0;0;0;0;0;0;0;0;0;2;6.21;1;0;0;0;0;3;9.32;3;00:33;01:45;00:33;0;0;0;16;49.74;16;1;3;1;0;0;0;0;0;0;0;0;0;0;0;3 minutes;0;0;0;0;0;0;0;100%
NzNr-1485;3728;2;0;0;0;0;0;67,515;10,636;11,547;63,330;9,976.24;13,916;3,379;54;8.5;0;0;0;196;30.87;40;13;3.62;0;2;4;73;11.49;10;2;6;0;4;0;0;0;0;54;8.5;11;13;0;0;15;6;5;4;5;0.78;1;40;6.3;9;0;0;4;6;46;7.24;10;08:35;01:21;01:13;0;0;0;411;64.74;94;29;5;8;0;0;0;0;0;15;2.36;3;0;0;0;1 hour;03:19;0;0;0;1;0;0;61%
Odin-1745;3076;4;0;0;0;0;0;248,051;9,864;16,177;247,167;9,828.44;18,306;4,326;297;11.81;0;0;0;715;28.43;51;18;2.4;0;7;25;340;13.51;28;10;25;1;14;0;0;0;0;173;6.87;12;18;0;0;67;25;15;27;5;0.19;1;147;5.84;17;0;0;4;4;282;11.21;25;35:49;01:25;02:40;0;0;0;1,689;67.16;139;105;4;10;0;0;0;0;0;92;3.65;11;2;0;0;5 hours;35:11;0;0;0;12;0;0;53%
oisuq-1610;3263;0;0;0;0;0;0;7,696;15,641;2,716;7,952;16,160.79;3,151;3,146;8;16.25;0;0;0;9;18.29;3;3;1.12;0;0;1;5;10.16;2;0;0;0;0;0;0;0;0;2;4.06;1;3;0;0;2;1;1;1;0;0;0;2;4.06;1;0;0;0;0;3;6.09;1;01:12;02:27;00:25;0;0;0;38;77.22;19;2;4;1;0;0;0;0;0;2;4.06;1;0;0;0;7 minutes;0;0;0;0;0;0;0;0
ONIGOD-21483;3888;0;0;0;0;0;0;2,400;12,772;1,200;1,128;6,000.64;602;468;4;21.28;0;0;0;1;5.32;1;1;0.25;0;0;0;0;0;0;0;0;0;0;0;0;0;0;1;5.32;1;1;0;0;0;0;0;0;0;0;0;0;0;0;0;0;0;0;0;0;0;00:06;00:37;00:05;0;0;0;8;42.57;7;0;0;0;0;0;0;0;0;0;0;0;0;0;0;2 minutes;0;0;0;0;0;0;0;0
oPuTo-1727;3814;0;0;0;0;0;0;2,335;7,306;2,335;1,176;3,677.93;1,176;979;2;6.25;0;0;0;4;12.51;4;4;2;0;0;0;3;9.38;3;0;0;0;0;0;0;0;0;0;0;0;4;0;0;0;0;0;0;0;0;0;1;3.12;0;0;0;0;0;2;6.25;2;00:22;01:09;00:22;0;0;0;12;37.54;12;0;0;0;0;0;0;0;0;0;0;0;0;0;0;3 minutes;0;0;0;0;0;0;0;0
order-31569;4661;0;0;0;0;0;0;1,330;5,578;1,200;2,016;8,454.52;1,674;1,522;2;8.38;0;0;0;7;29.36;6;6;3.5;0;0;0;3;12.58;2;0;0;0;0;0;0;0;0;2;8.38;2;6;0;0;1;0;0;0;0;0;0;3;12.58;2;0;0;0;0;2;8.38;1;00:12;00:53;00:08;0;0;0;14;58.72;12;2;8;2;0;0;0;0;0;1;4.19;1;0;0;0;2 minutes;00:05;0;0;0;0;0;0;81%
ouopi2180-3319;2569;0;0;0;0;0;0;5,271;19,314;4,671;3,408;12,485.21;3,057;859;5;18.32;0;0;0;15;54.96;14;5;3;0;0;0;4;14.65;4;0;0;0;0;0;0;0;0;3;10.99;3;5;0;0;1;0;0;0;1;3.66;1;2;7.32;1;0;0;0;0;8;29.31;7;00:39;02:25;00:31;0;0;0;30;109.92;27;1;4;1;0;0;0;0;0;0;0;0;0;0;0;4 minutes;01:29;0;0;0;0;0;0;84%
Ovidious-11975;0;0;0;0;0;0;0;15,316;11,131;6,101;10,774;7,829.69;5,383;1,434;18;13.08;0;0;0;24;17.44;12;5;1.33;0;0;0;6;4.36;3;0;1;1;0;0;0;0;0;7;5.08;4;5;0;0;4;1;1;2;0;0;0;4;2.9;2;0;0;0;0;10;7.26;3;01:22;01:00;00:20;0;0;0;60;43.6;29;2;1;2;0;0;0;0;0;0;0;0;0;0;0;13 minutes;0;0;0;0;0;0;0;12%
ozr-1362;0;0;0;0;0;0;0;12,651;17,044;11,234;9,509;12,810.57;7,189;2,614;11;14.81;0;0;0;29;39.06;24;7;2.63;0;0;0;9;12.12;7;0;1;0;1;0;0;0;0;8;10.77;5;7;0;0;1;1;0;0;0;0;0;8;10.77;6;0;0;0;0;10;13.47;10;01:01;01:22;00:51;0;0;0;53;71.4;37;7;9;6;0;0;0;0;0;1;1.34;1;0;0;0;12 minutes;01:48;0;0;0;0;0;0;78%
p0isons-1162;54;0;0;0;0;0;0;15,972;9,605;4,131;10,864;6,533.08;4,328;2,565;20;12.02;0;0;0;36;21.64;17;8;1.8;0;0;0;12;7.21;5;0;2;0;1;0;0;0;0;6;3.6;3;8;0;0;4;1;1;2;0;0;0;6;3.6;3;0;0;0;0;19;11.42;10;01:29;00:54;00:33;0;0;0;79;47.5;31;7;4;4;0;0;0;0;0;2;1.2;1;0;0;0;20 minutes;00:11;0;0;0;0;0;0;31%
Pamyu-1936;3435;1;0;0;0;0;0;38,455;10,359;12,371;44,597;12,012.93;15,575;3,644;41;11.04;0;0;0;122;32.86;46;17;2.97;0;4;1;52;14;19;2;4;0;2;0;0;0;0;28;7.54;13;17;0;0;7;1;2;4;3;0.8;3;22;5.92;7;0;0;3;3;49;13.19;22;05:53;01:35;01:40;0;0;0;305;82.15;106;17;5;6;0;0;0;0;0;9;2.42;4;0;0;0;51 minutes;10:39;0;0;0;0;0;0;49%
PassTheSalt-11477;2699;2;0;0;0;0;0;364,336;8,529;10,528;343,374;8,038.12;10,284;3,786;584;13.67;0;0;0;1,058;24.76;34;16;1.81;0;12;24;429;10.04;18;20;43;5;18;0;0;0;0;161;3.76;5;16;0;0;105;46;27;33;6;0.14;1;136;3.18;6;0;0;4;8;509;11.91;16;01:26:25;02:01;02:14;0;0;0;1,817;42.53;54;106;2;5;0;0;0;0;0;82;1.91;3;3;0;0;10 hours;32:21;0;0;0;62;0;0;42%
Phoinix-3581;2837;0;0;0;0;0;0;11,820;11,402;6,592;9,306;8,977.53;4,178;2,673;9;8.68;0;0;0;16;15.43;12;8;1.77;0;0;1;5;4.82;4;1;1;0;0;0;0;0;0;1;0.96;1;8;0;0;3;0;1;2;0;0;0;5;4.82;3;0;0;0;0;4;3.85;4;01:05;01:02;00:24;0;0;0;47;45.33;24;1;1;1;0;0;0;0;0;0;0;0;0;0;0;9 minutes;00:35;0;0;0;3;0;0;17%
Phython-1699;3306;0;0;0;0;0;0;22,620;13,588;8,744;17,841;10,717.24;6,995;2,060;26;15.61;0;0;0;39;23.42;18;7;1.5;0;0;1;15;9.01;6;1;2;0;1;0;0;0;0;12;7.2;7;7;0;0;4;1;0;2;0;0;0;6;3.6;4;0;0;0;0;15;9.01;8;02:24;01:26;00:54;0;0;0;113;67.87;48;6;4;3;0;0;0;0;0;3;1.8;3;0;0;0;24 minutes;00:07;0;0;0;1;0;0;43%
pierino-1398;2595;0;0;0;0;0;0;20,640;9,905;7,288;16,617;7,974;3,580;2,000;29;13.91;0;0;0;47;22.55;16;5;1.62;0;0;0;14;6.71;5;1;2;0;1;0;0;0;0;9;4.31;3;5;0;0;7;3;2;2;0;0;0;8;3.83;4;0;0;3;1;14;6.71;5;03:24;01:38;00:53;0;0;0;107;51.34;30;5;2;3;0;0;0;0;0;3;1.43;1;0;0;0;29 minutes;00:21;0;0;0;0;0;0;57%
pii-11898;2709;0;0;0;0;0;0;600;12,640;600;488;10,272.96;488;488;1;21.06;0;0;0;2;42.13;2;2;2;0;0;0;1;21.06;1;0;0;0;0;0;0;0;0;1;21.06;1;2;0;0;0;0;0;0;0;0;0;0;0;0;0;0;0;0;0;0;0;0;0;0;0;0;0;4;84.26;4;0;0;0;0;0;0;0;0;0;0;0;0;0;0;49.03227598965168 seconds;0;0;0;0;0;0;0;0
Pinky-6151;70;0;0;0;0;0;0;600;24,296;600;155;6,260.59;155;155;1;40.49;0;0;0;0;0;0;0;0;0;0;0;0;0;0;0;0;0;0;0;0;0;0;0;0;0;0;0;0;0;0;0;0;0;0;0;0;0;0;0;0;0;0;0;0;0;00:02;02:01;00:02;0;0;0;3;121.47;3;0;0;0;0;0;0;0;0;0;0;0;0;0;0;24.278511997312307 seconds;00:01;0;0;0;0;0;0;0%
PoppyDogma-1243;3133;0;0;0;0;0;0;115,436;12,584;13,285;98,497;10,737.37;16,760;4,584;157;17.11;0;0;0;296;32.26;35;15;1.88;0;5;9;85;9.26;19;4;9;1;5;0;0;0;0;66;7.19;10;15;0;0;21;11;5;6;2;0.21;1;61;6.64;10;0;0;4;3;158;17.22;25;23:16;02:32;03:52;0;0;0;684;74.56;92;45;5;7;0;0;0;0;0;17;1.85;3;0;0;0;2 hours;08:46;0;0;0;9;0;0;49%
presh-1451;3565;4;0;0;0;0;0;152,557;10,375;15,106;138,089;9,391.06;15,231;3,677;138;9.38;0;0;0;569;38.69;47;23;4.12;0;2;13;166;11.28;18;1;15;0;14;0;0;0;0;104;7.07;13;23;0;0;32;16;4;11;7;0.47;2;94;6.39;11;0;0;5;9;142;9.65;27;16:18;01:06;02:51;0;0;0;900;61.2;105;74;5;9;0;0;0;0;0;15;1.02;2;0;0;0;3 hours;15:10;0;0;0;6;0;0;93%
PsychoHazard-1722;0;0;0;0;0;0;0;51,776;13,331;9,442;39,435;10,153.34;6,806;4,274;39;10.04;0;0;0;124;31.92;24;15;3.17;0;0;1;46;11.84;12;2;4;0;2;0;0;0;0;35;9.01;8;15;0;0;12;4;4;3;5;1.28;2;31;7.98;5;0;0;3;1;59;15.19;12;10:22;02:40;01:50;0;0;0;251;64.62;69;16;4;5;0;0;0;0;0;8;2.05;3;0;0;0;50 minutes;09:08;0;0;0;13;0;0;42%
puchio-1528;3000;0;0;0;0;0;0;12,363;16,704;10,563;9,214;12,449.68;7,342;3,869;10;13.51;0;0;0;23;31.07;18;7;2.29;0;0;0;15;20.26;12;1;1;0;0;0;0;0;0;3;4.05;2;7;0;0;2;1;1;1;0;0;0;2;2.7;2;0;0;3;1;6;8.1;3;00:54;01:13;00:45;0;0;0;45;60.8;35;1;1;1;0;0;0;0;0;0;0;0;0;0;0;11 minutes;0;0;0;0;0;0;0;0
qnx-2372;70;0;0;0;0;0;0;3,220;11,960;3,220;1,836;6,820.33;1,836;701;6;22.28;0;0;0;1;3.71;1;1;0.16;0;0;0;0;0;0;0;0;0;0;0;0;0;0;0;0;0;0;0;0;1;1;0;0;0;0;0;0;0;0;0;0;0;0;0;0;0;00:19;01:11;00:19;0;0;0;4;14.85;4;0;0;0;0;0;0;0;0;0;0;0;1;0;0;4 minutes;0;0;0;0;0;0;0;0
qqwess-3609;2968;0;0;0;0;0;0;14,817;11,171;6,488;10,044;7,572.8;4,080;2,570;18;13.57;0;0;0;27;20.35;14;7;1.5;0;2;0;11;8.29;7;1;1;0;0;0;0;0;0;8;6.03;4;7;0;0;2;1;1;1;0;0;0;3;2.26;2;0;0;0;0;8;6.03;2;01:25;01:04;00:36;0;0;0;73;55.03;38;2;2;1;0;0;0;0;0;2;1.5;1;0;0;0;16 minutes;0;0;0;0;0;0;0;0
Raisu-3380;2608;0;0;0;0;0;0;31,833;18,848;13,995;27,198;16,103.77;12,513;3,822;19;11.24;0;0;0;74;43.81;27;11;3.89;0;0;1;26;15.39;12;1;2;0;0;0;0;0;0;14;8.28;6;11;0;0;6;2;2;1;1;0.59;1;22;13.02;11;0;0;5;1;29;17.17;10;04:58;02:56;02:00;0;0;0;162;95.91;79;13;8;9;0;0;0;0;0;3;1.77;1;0;0;0;31 minutes;05:15;0;0;0;0;0;0;23%
Randomoink-2799;2704;2;0;0;0;0;0;50,505;7,713;12,008;50,960;7,782.31;10,069;3,697;49;7.48;0;0;0;170;25.96;32;18;3.46;0;1;6;59;9.01;11;2;7;1;3;0;0;0;0;29;4.42;6;18;0;0;18;6;7;5;1;0.15;1;39;5.95;9;0;0;3;3;82;12.52;17;12:21;01:53;02:03;0;0;0;346;52.83;82;32;5;7;0;0;0;0;0;16;2.44;4;1;0;0;1 hour;09:07;0;0;0;8;0;0;51%
RapidCH-4957;2634;0;0;0;0;0;0;1,446;12,173;1,446;1,386;11,668.66;1,386;838;3;25.26;0;0;0;1;8.42;1;1;0.33;0;0;0;0;0;0;0;0;0;0;0;0;0;0;0;0;0;1;0;0;0;0;0;0;0;0;0;1;8.42;1;0;0;0;0;1;8.42;1;00:08;01:12;00:08;0;0;0;7;58.94;7;1;8;1;0;0;0;0;0;0;0;0;0;0;0;2 minutes;0;0;0;0;0;0;0;0
Rebecca-12561;0;1;0;0;0;0;0;48,737;7,427;8,545;53,374;8,134.23;10,658;1,901;87;13.25;0;0;0;179;27.27;52;13;2.05;0;4;2;54;8.22;17;4;7;0;3;0;0;0;0;25;3.81;7;13;0;0;13;4;4;4;0;0;0;17;2.59;6;0;0;3;4;102;15.54;30;13:02;01:59;02:54;0;0;0;247;37.64;58;16;2;8;0;0;0;0;0;7;1.06;3;0;0;0;1 hour;00:40;0;0;0;4;0;0;39%
RebornZ-11715;4006;8;0;0;0;0;0;186,923;10,797;19,192;474;17,896.17;474;459;1;37.75;0;0;0;725;41.87;70;19;6.9;0;3;6;245;14.15;23;0;0;0;17;0;0;0;0;166;9.58;17;19;0;0;0;0;0;19;14;0.8;2;110;6.35;7;0;0;4;21;257;14.84;19;00:10;06:40;00:10;0;0;0;992;57.3;125;64;4;6;0;0;0;154;32;30;1.73;6;0;0;0;26.62035399954766 seconds;37:17;0;0;0;3;20%;0;96%
Reilly-11549;3595;0;0;0;0;0;0;17,916;11,901;4,671;17,868;11,870.13;5,844;3,564;17;11.29;0;0;0;42;27.9;13;10;2.47;0;2;1;17;11.29;4;0;2;0;1;0;0;0;0;18;11.95;6;10;0;0;5;0;2;2;0;0;0;8;5.31;2;0;0;3;1;10;6.64;4;02:09;01:25;00:45;0;0;0;102;67.75;39;10;7;3;0;0;0;0;0;5;3.32;2;0;0;0;19 minutes;00:49;0;0;0;0;0;0;68%
Reinforce-11281;1922;0;0;0;0;0;0;578;2,936;578;1,147;5,828.62;1,005;638;2;10.16;0;0;0;3;15.25;3;3;1.5;0;0;0;1;5.08;1;0;0;0;0;0;0;0;0;1;5.08;1;3;0;0;0;0;0;0;0;0;0;0;0;0;0;0;0;0;2;10.16;2;00:07;00:36;00:07;0;0;0;2;10.16;2;0;0;0;0;0;0;0;0;0;0;0;0;0;0;2 minutes;0;0;0;0;0;0;0;0
Renyz-11199;3452;0;0;0;0;0;0;1,502;27,309;1,200;502;9,120.53;328;214;3;54.54;0;0;0;2;36.36;1;1;0.66;0;0;0;0;0;0;0;0;0;0;0;0;0;0;0;0;0;1;0;0;0;0;0;0;0;0;0;0;0;0;0;0;0;0;1;18.18;1;00:15;04:42;00:10;0;0;0;2;36.36;2;0;0;0;0;0;0;0;0;0;0;0;0;0;0;1 minute;0;0;0;0;0;0;0;0
Ryouta-1885;57;1;0;0;0;0;0;17,400;7,833;7,062;20,736;9,335.47;6,503;2,461;30;13.5;0;0;0;76;34.21;23;11;2.53;0;0;2;27;12.15;8;0;2;0;1;0;0;0;0;10;4.5;4;0;0;0;7;2;3;3;0;0;0;8;3.6;4;0;0;0;0;43;19.35;11;05:08;02:18;01:48;0;0;0;93;41.86;25;3;1;2;0;0;0;0;0;5;2.25;3;0;0;0;33 minutes;02:51;0;0;0;0;0;0;46%
ryujehong-31878;4424;0;0;0;0;0;0;9,835;16,848;8,044;8,780;15,040.03;7,915;5,266;5;8.56;0;0;0;21;35.97;21;14;4.2;0;0;2;7;11.99;7;1;1;0;0;0;0;0;0;9;15.41;9;14;0;0;2;0;1;1;1;1.71;1;6;10.27;4;0;0;0;0;6;10.27;6;00:59;01:41;00:38;0;0;0;56;95.93;53;5;9;5;0;0;0;0;0;1;1.71;1;0;0;0;8 minutes;01:28;0;0;0;0;0;0;0
S4MOYED-1486;3166;0;0;0;0;0;0;2,709;15,002;1,628;2,608;14,445.6;1,871;1,339;1;5.53;0;0;0;9;49.84;6;5;9;0;0;1;4;22.15;2;0;0;0;0;0;0;0;0;4;22.15;4;5;0;0;0;0;0;0;0;0;0;1;5.53;1;0;0;0;0;4;22.15;3;00:34;03:12;00:28;0;0;0;14;77.53;14;2;11;2;0;0;0;0;0;0;0;0;0;0;0;3 minutes;00:07;0;0;0;0;0;0;51%
sadkatz-1191;3656;0;0;0;0;0;0;600;15,791;600;347;9,124.93;347;343;1;26.31;0;0;0;0;0;0;0;0;0;0;0;0;0;0;0;0;0;0;0;0;0;0;0;0;0;0;0;0;0;0;0;0;0;0;0;0;0;0;0;0;0;0;0;0;0;00:01;00:34;00:01;0;0;0;0;0;0;0;0;0;0;0;0;0;0;0;0;0;0;0;0;30.336384017020464 seconds;00:18;0;0;0;0;0;0;39%
sads-1738;2797;0;0;0;0;0;0;34,167;12,208;16,410;35,417;12,654.54;19,023;3,111;27;9.64;0;0;0;86;30.72;41;12;3.18;0;0;2;35;12.5;20;1;3;1;1;0;0;0;0;12;4.28;3;12;0;0;8;4;2;2;1;0.35;1;19;6.78;3;0;0;5;3;35;12.5;16;04:24;01:34;01:25;0;0;0;188;67.17;84;10;4;3;0;0;0;0;0;6;2.14;3;0;0;0;39 minutes;03:35;0;0;0;4;0;0;38%
saks-21838;2540;0;0;0;0;0;0;2,767;10,417;2,767;2,845;10,711.89;2,845;1,145;4;15.06;0;0;0;6;22.59;6;3;1.5;0;0;2;3;11.29;3;0;0;0;0;0;0;0;0;0;0;0;3;0;0;1;0;0;1;0;0;0;2;7.53;2;0;0;0;0;4;15.06;4;00:47;02:57;00:47;0;0;0;18;67.77;18;2;8;2;0;0;0;0;0;1;3.76;1;0;0;0;4 minutes;0;0;0;0;5;0;0;100%
SaltyPanda-11486;3295;1;0;0;0;0;0;44,438;9,606;11,480;41,631;8,999.29;14,642;4,499;40;8.64;0;0;0;117;25.29;34;13;2.92;0;0;1;46;9.94;14;3;5;0;2;0;0;0;0;19;4.1;11;13;0;0;10;2;4;4;2;0.43;1;26;5.62;5;0;0;4;3;65;14.05;16;08:16;01:47;01:59;0;0;0;222;47.98;72;18;4;5;0;0;0;0;0;4;0.86;2;0;0;0;53 minutes;01:30;0;0;0;7;0;0;40%
SanALex-2258;3625;6;0;0;0;0;0;453,868;10,890;14,300;409,823;9,833.2;12,622;4,943;513;12.3;0;0;0;1,278;30.66;49;18;2.49;0;10;16;460;11.03;17;20;42;3;19;0;0;0;0;254;6.09;11;18;0;0;113;46;31;36;33;0.79;3;234;5.61;8;0;0;4;21;475;11.39;20;01:18:11;01:52;03:15;0;0;0;2,375;56.98;90;137;3;7;0;0;0;0;0;77;1.84;4;3;0;0;9 hours;49:09;0;0;0;49;0;0;46%
Sardis-21172;80;3;0;0;0;0;0;134,626;12,177;14,008;121,256;10,967.59;16,651;4,584;141;12.75;0;0;0;412;37.26;61;18;2.92;0;4;16;198;17.9;30;0;11;0;6;0;0;0;0;130;11.75;21;18;0.34;0;41;9;16;15;15;1.35;3;132;11.93;17;0;0;3;3;149;13.47;20;21:49;01:58;02:36;0;0;0;938;84.84;140;66;6;14;0;0;0;0;0;43;3.88;6;0;0;0;3 hours;21:44;0;0;0;0;0;0;57%
Scy-1494;2687;4;0;0;0;0;0;181,444;13,440;12,941;320;3,687.59;320;300;1;11.52;0;0;0;496;36.74;41;14;2.28;0;9;19;210;15.55;19;0;0;1;0;114;1,318.89;114;114;103;7.62;10;14;0;0;0;0;0;0;3;0.22;1;95;7.03;9;0;0;4;6;234;17.33;18;35:52;02:39;03:30;0;0;0;1,197;88.66;110;70;5;8;114;3.76;114;48;22;63;4.66;8;1;0;0;30.40842799190432 seconds;30:58;0;0;0;18;45%;45%;15%
Seba-1198;62;0;0;0;0;0;0;12,186;16,940;4,800;8,873;12,334.85;3,338;3,072;15;20.85;0;0;0;16;22.24;4;4;1.06;0;0;0;3;4.17;2;0;1;0;0;0;0;0;0;2;2.78;2;4;0;0;2;0;1;1;0;0;0;3;4.17;0;0;0;3;1;12;16.68;4;02:56;04:05;00:58;0;0;0;59;82.01;27;1;1;1;0;0;0;0;0;1;1.39;1;0;0;0;12 minutes;01:27;0;0;0;0;0;0;24%
SEKIYUTA-1528;3229;0;7%;1;1;1;0.01;23,832;16,412;15,857;726;10,199.18;726;667;1;14.04;0;0;0;53;36.49;39;13;2.3;0;1;2;17;11.7;12;0;0;0;1;387;5,440;387;387;19;13.08;15;13;0;0;0;0;0;2;2;1.37;1;20;13.77;8;0;0;0;0;23;15.83;18;02:09;01:29;01:40;0;0;0;154;106.05;126;10;7;9;0;0;0;38;14;2;1.37;1;0;0;0;1 minute;01:11;0;0;0;0;36%;36%;67%
ShadowDragon-148899;2901;0;0;0;0;0;0;3,297;10,670;3,297;2,175;7,039.99;2,175;1,518;2;6.47;0;0;0;5;16.18;5;3;2.5;0;0;1;3;9.7;3;0;0;0;0;0;0;0;0;0;0;0;3;0;0;1;0;0;0;1;3.23;1;2;6.47;1;0;0;0;0;2;6.47;2;00:19;01:01;00:19;0;0;0;5;16.18;5;1;3;1;0;0;0;0;0;0;0;0;0;0;0;3 minutes;0;0;0;0;0;0;0;100%
Shady-1406;2679;0;0;0;0;0;0;15,745;9,487;8,782;14,695;8,854.08;9,156;1,221;26;15.66;0;0;0;46;27.71;34;5;1.76;0;1;2;17;10.24;12;0;2;0;1;0;0;0;0;7;4.21;6;5;0;0;3;0;1;1;0;0;0;6;3.61;6;0;0;3;2;17;10.24;12;02:12;01:20;01:11;0;0;0;95;57.23;74;4;2;4;0;0;0;0;0;2;1.2;1;1;0;0;20 minutes;00:37;0;0;0;7;0;0;86%
Shinobu-1269;48;0;0;0;0;0;0;4,407;6,778;1,724;3,068;4,719.29;1,802;1,053;5;7.69;0;0;0;8;12.3;5;3;1.6;0;0;0;7;10.76;4;0;1;0;1;0;0;0;0;0;0;0;3;0;0;2;1;0;0;0;0;0;0;0;0;0;0;0;0;1;1.53;1;00:34;00:52;00:28;0;0;0;7;10.76;5;0;0;0;0;0;0;0;0;2;3.07;2;0;0;0;7 minutes;0;0;0;0;0;0;0;89%
SKRT-11232;1023;0;0;0;0;0;0;10,732;12,097;6,275;9,649;10,877.29;5,198;1,661;17;19.16;0;0;0;15;16.9;8;5;0.88;0;2;0;6;6.76;5;1;1;0;0;0;0;0;0;6;6.76;4;5;0;0;2;1;0;1;0;0;0;2;2.25;2;0;0;0;0;6;6.76;4;01:11;01:21;00:54;0;0;0;67;75.52;34;1;1;1;0;0;0;0;0;0;0;0;0;0;0;14 minutes;0;0;0;0;0;0;0;0
Smith-2700;82;0;0;0;0;0;0;19,223;7,299;3,919;18,537;7,038.44;3,798;1,662;26;9.87;0;0;0;83;31.51;18;8;3.19;0;0;0;32;12.15;9;0;3;0;2;0;0;0;0;25;9.49;5;8;0;0;6;2;2;2;0;0;0;7;2.65;4;0;0;3;1;24;9.11;6;03:03;01:09;00:41;0;0;0;127;48.22;27;7;3;5;0;0;0;0;0;8;3.03;2;0;0;0;32 minutes;07:52;0;0;0;0;0;0;91%
SoKoOLz-3456;2627;0;0;0;0;0;0;41,425;11,084;8,167;24,701;6,609.24;7,533;2,844;44;11.77;0;0;0;69;18.46;13;7;1.56;0;2;3;29;7.75;7;2;4;0;1;0;0;0;0;25;6.68;7;7;0;0;8;3;1;4;5;1.33;2;19;5.08;5;0;0;4;2;24;6.42;6;05:16;01:24;01:19;0;0;0;204;54.58;58;11;3;5;0;0;0;0;0;6;1.6;3;0;0;0;50 minutes;02:00;0;0;0;0;0;0;31%
solaroplus-3806;2592;0;0;0;0;0;0;4,889;21,301;4,889;2,979;12,979.8;2,979;1,117;5;21.78;0;0;0;12;52.27;12;9;2.4;0;0;0;4;17.42;4;0;0;0;0;0;0;0;0;3;13.06;3;9;0;0;1;0;1;0;0;0;0;2;8.71;2;0;0;0;0;10;43.56;10;01:09;05:00;01:09;0;0;0;24;104.55;24;1;4;1;0;0;0;0;0;0;0;0;0;0;0;5 minutes;0;0;0;0;0;0;0;0
Somnians-2461;3015;0;0;0;0;0;0;84,833;9,524;5,752;79,825;8,961.3;7,232;2,467;119;13.35;0;0;0;241;27.05;22;11;2.02;0;3;3;75;8.41;6;4;9;0;4;0;0;0;0;46;5.16;4;11;0;0;20;11;2;6;0;0;0;30;3.36;4;0;0;3;3;105;11.78;9;14:59;01:40;01:01;0;0;0;426;47.82;41;24;3;4;0;0;0;0;0;11;1.23;2;1;0;0;2 hours;06:18;0;0;0;18;0;0;45%
Sooby-2892;2588;0;0;0;0;0;0;5,936;10,209;2,541;4,973;8,552;2,363;1,341;5;8.59;0;0;0;19;32.67;10;10;3.8;0;0;0;8;13.75;5;0;1;0;0;0;0;0;0;2;3.43;1;10;0;0;1;1;0;1;0;0;0;0;0;0;0;0;4;1;8;13.75;4;00:44;01:16;00:18;0;0;0;27;46.43;14;0;0;0;0;0;0;0;0;1;1.71;1;0;0;0;6 minutes;00:12;0;0;0;0;0;0;79%
SOR-11872;3722;2;0;0;0;0;0;96,524;11,449;9,775;81,767;9,698.52;7,919;3,502;109;12.92;0;0;0;224;26.56;30;17;2.05;0;2;3;77;9.13;9;6;8;0;3;0;0;0;0;65;7.7;11;17;0;0;26;10;7;9;3;0.35;1;57;6.76;7;0;0;5;5;79;9.37;16;12:41;01:30;01:22;0;0;0;622;73.77;68;29;3;6;0;0;0;0;0;5;0.59;1;0;0;0;1 hour;07:04;0;0;0;0;0;0;34%
sorpiggor-3889;0;0;0;0;0;0;0;600;18,890;600;9;272.01;9;9;1;31.48;0;0;0;0;0;0;0;0;0;0;0;0;0;0;0;0;0;0;0;0;0;0;0;0;0;0;0;0;0;0;0;0;0;0;0;0;0;0;0;0;0;0;0;0;0;00:00;00:09;00:00;0;0;0;0;0;0;0;0;0;0;0;0;0;0;0;0;0;0;0;0;21.086131980642676 seconds;0;0;0;0;0;0;0;0
SpartanZero-6126;2303;0;0;0;0;0;0;70,339;12,156;9,098;51,997;8,986.33;7,931;2,595;83;14.34;0;0;0;143;24.71;26;10;1.72;0;5;2;53;9.15;12;4;6;0;2;0;0;0;0;26;4.49;6;10;0;0;15;5;5;5;0;0;0;7;1.2;2;0;0;3;1;62;10.71;13;09:40;01:40;01:54;0;0;0;229;39.57;41;5;1;2;0;0;0;0;0;10;1.72;3;0;0;0;1 hour;02:18;0;0;0;5;0;0;30%
spooner-1925;3641;0;0;0;0;0;0;66,211;12,874;14,511;55,279;10,748.66;12,613;4,387;51;9.91;0;0;0;170;33.05;45;20;3.33;0;1;4;58;11.27;18;1;5;0;4;0;0;0;0;27;5.24;8;20;0;0;15;4;6;5;2;0.38;1;28;5.44;7;0;0;3;5;60;11.66;20;06:51;01:20;01:54;0;0;0;292;56.77;59;17;3;6;0;0;0;0;0;5;0.97;4;0;0;0;1 hour;08:06;0;0;0;0;0;0;72%
STANDBALD-1768;2271;2;0;0;0;0;0;152,129;11,007;11,346;135,233;9,784.58;17,724;3,387;174;12.58;0;0;0;408;29.52;52;12;2.34;0;13;5;175;12.66;30;8;0;0;0;0;0;0;0;95;6.87;13;12;0;0;0;7;0;13;1;0.07;1;54;3.9;5;0;0;4;9;164;11.86;17;23:10;01:40;01:46;0;0;0;795;57.52;71;55;4;8;0;0;0;0;0;39;2.82;9;1;0;0;5.856241002678871 seconds;23:30;0;0;0;12;0;0;100%
StylishNoob-1882;3780;0;0;0;0;0;0;24,058;10,429;4,791;18,381;7,967.97;4,460;1,851;25;10.83;0;0;0;62;26.87;27;10;2.48;0;1;0;26;11.27;12;1;2;0;1;0;0;0;0;14;6.06;7;10;0;0;8;3;3;3;3;1.3;1;14;6.06;2;0;0;4;2;18;7.8;6;03:08;01:21;00:43;0;0;0;111;48.11;28;2;1;1;0;0;0;0;0;1;0.43;1;0;0;0;29 minutes;01:11;0;0;0;0;0;0;39%
Supah-1288;3197;3;0;0;0;0;0;98,178;10,407;8,313;97,538;10,339.49;8,362;4,373;88;9.32;0;0;0;297;31.48;30;19;3.37;0;3;8;154;16.32;17;0;0;0;5;0;0;0;0;101;10.7;13;19;0;0;0;0;0;0;0;0;0;64;6.78;6;0;0;5;6;100;10.6;12;15:37;01:39;01:51;0;0;0;714;75.68;65;52;6;7;0;0;0;0;0;46;4.87;6;0;0;0;1.955293013714254 seconds;19:43;0;0;0;26;0;0;57%
Surefour-2559;4493;0;0;0;0;0;0;6,008;13,585;2,388;4,931;11,149.42;1,829;1,641;8;18.08;0;0;0;6;13.56;4;4;0.75;0;0;0;4;9.04;4;0;0;0;0;0;0;0;0;2;4.52;2;4;0;0;1;0;0;1;0;0;0;0;0;0;0;0;0;0;2;4.52;1;00:37;01:25;00:14;0;0;0;32;72.35;12;0;0;0;0;0;0;0;0;0;0;0;0;0;0;5 minutes;0;0;0;0;0;0;0;92%
SwagUnicorn-4998;0;0;0;0;0;0;0;139,706;10,850;8,296;123,172;9,565.78;9,643;4,350;153;11.88;0;0;0;328;25.47;33;17;2.14;0;3;6;127;9.86;14;7;13;1;5;0;0;0;0;82;6.36;7;17;0;0;27;13;3;11;1;0.07;1;40;3.1;5;0;0;3;1;135;10.48;15;25:25;01:58;02:02;0;0;0;754;58.55;72;32;2;5;0;0;0;0;0;33;2.56;3;0;0;0;2 hours;13:57;0;0;0;19;0;0;40%
Sylar-1669;60;0;0;0;0;0;0;5,578;9,671;2,398;391;11,360.19;391;391;1;29.05;0;0;0;22;38.14;15;10;5.5;0;0;0;8;13.87;4;0;0;0;1;0;0;0;0;4;6.93;3;10;0;0;0;0;0;0;0;0;0;2;3.46;1;0;0;0;0;10;17.33;10;00:36;01:03;00:27;0;0;0;21;36.4;12;0;0;0;0;0;0;0;0;1;1.73;1;0;0;0;35.547020982950926 seconds;0;0;0;0;0;27%;0;95%
Sypeh-2707;0;1;0;0;0;0;0;177,931;12,609;11,216;189,868;13,454.81;12,232;4,883;175;12.4;0;0;0;535;37.91;35;18;3.05;0;4;7;236;16.72;18;4;14;1;9;0;0;0;0;164;11.62;15;18;0;0;46;16;14;16;20;1.41;5;140;9.92;8;0;0;4;9;174;12.33;12;21:32;01:31;01:45;0;0;0;1,190;84.32;96;80;6;8;0;0;0;0;0;36;2.55;3;0;0;0;3 hours;30:37;0;0;0;2;0;0;65%
Taimou-2526;4311;0;0;0;0;0;0;3,603;18,172;1,447;1,965;9,910.36;867;784;3;15.12;0;0;0;4;20.17;3;3;1.33;0;0;0;1;5.04;1;0;0;0;0;0;0;0;0;1;5.04;1;3;0;0;0;0;0;0;0;0;0;0;0;0;0;0;0;0;2;10.08;2;00:12;01:01;00:09;0;0;0;4;20.17;2;0;0;0;0;0;0;0;0;0;0;0;0;0;0;3 minutes;0;0;0;0;0;0;0;25%
Talespin-1868;4132;0;0;0;0;0;0;4,136;15,985;2,970;4,206;16,253.22;3,570;1,194;5;19.32;0;0;0;6;23.18;5;3;1.2;0;0;0;1;3.86;1;0;0;0;0;0;0;0;0;2;7.72;1;3;0;0;1;0;0;0;0;0;0;0;0;0;0;0;3;1;3;11.59;3;00:32;02:06;00:22;0;0;0;11;42.5;8;0;0;0;0;0;0;0;0;0;0;0;0;0;0;3 minutes;01:15;0;0;0;0;0;0;100%
tassame-21620;59;0;0;0;0;0;0;12,055;8,908;3,685;12,455;9,202.68;4,055;2,553;22;16.25;0;0;0;48;35.46;23;13;2.18;0;1;0;15;11.08;7;0;1;0;1;0;0;0;0;10;7.38;7;13;0;0;3;1;1;1;0;0;0;3;2.21;2;0;0;0;0;13;9.6;7;02:23;01:46;01:03;0;0;0;62;45.81;28;5;4;4;0;0;0;0;0;3;2.21;2;0;0;0;21 minutes;01:24;0;0;0;0;0;0;54%
Teejay-1789;3762;0;0;0;0;0;0;4,640;7,213;4,640;7,676;11,932.37;7,542;1,829;6;9.32;0;0;0;20;31.08;19;11;3.33;0;0;0;10;15.54;9;1;1;0;0;0;0;0;0;3;4.66;3;11;0;0;2;1;0;1;0;0;0;1;1.55;1;0;0;3;1;3;4.66;3;01:43;02:40;01:43;0;0;0;46;71.5;46;1;2;1;0;0;0;0;0;0;0;0;0;0;0;9 minutes;0;0;0;0;0;0;0;4%
Tenzou-1223;2671;0;0;0;0;0;0;2,679;16,599;2,679;1,146;7,100.83;1,146;733;3;18.58;0;0;0;2;12.39;2;1;0.66;0;0;0;1;6.19;1;0;0;0;0;0;0;0;0;0;0;0;1;0;0;1;0;0;0;0;0;0;0;0;0;0;0;0;0;1;6.19;1;00:05;00:34;00:05;0;0;0;6;37.17;6;0;0;0;0;0;0;0;0;1;6.19;1;0;0;0;2 minutes;0;0;0;0;4;0;0;0
teraponn-1128;2934;0;0;0;0;0;0;13,937;17,368;8,777;10,605;13,215.58;6,297;3,385;9;11.21;0;0;0;29;36.13;18;6;3.22;0;0;0;10;12.46;7;0;1;0;1;0;0;0;0;8;9.96;5;6;0;0;1;1;0;0;1;1.24;1;7;8.72;3;0;0;3;1;14;17.44;9;02:09;02:40;01:20;0;0;0;71;88.47;41;4;5;3;0;0;0;0;0;0;0;0;0;0;0;14 minutes;00:41;0;0;0;0;0;0;79%
TheHell-31963;4715;0;0;0;0;0;0;19,349;12,981;8,934;18,048;12,108.45;8,456;3,508;24;16.1;0;0;0;52;34.88;32;10;2.16;0;2;0;28;18.78;18;1;1;0;1;0;0;0;0;20;13.41;10;10;0;0;5;2;1;2;4;2.68;3;16;10.73;3;0;0;3;1;11;7.38;8;02:43;01:49;01:30;0;0;0;113;75.81;56;3;2;3;0;0;0;0;0;2;1.34;2;0;0;0;24 minutes;02:48;0;0;0;0;0;0;45%
Thorlax-2359;2420;0;0;0;0;0;0;2,430;8,980;1,880;2,286;8,444.28;1,960;1,190;4;14.77;0;0;0;9;33.25;8;4;2.25;0;1;0;1;3.69;1;0;0;0;0;0;0;0;0;0;0;0;4;0;0;0;0;0;0;1;3.69;1;2;7.38;1;0;0;3;1;6;22.16;6;00:37;02:18;00:32;0;0;0;24;88.67;23;0;0;0;0;0;0;0;0;1;3.69;1;1;0;0;3 minutes;00:05;0;0;0;1;0;0;90%
ThreeDDD-4546;3579;0;0;0;0;0;0;4,681;8,483;3,481;3,331;6,035.89;2,728;2,042;4;7.24;0;0;0;13;23.55;8;8;3.25;0;0;0;5;9.06;3;0;1;0;0;0;0;0;0;1;1.81;1;8;0;0;2;1;1;0;0;0;0;0;0;0;0;0;4;1;6;10.87;5;00:47;01:25;00:40;0;0;0;16;28.99;16;0;0;0;0;0;0;0;0;0;0;0;0;0;0;5 minutes;00:44;0;0;0;0;0;0;82%
tic-1885;63;4;0;0;0;0;0;133,062;10,409;8,298;136,857;10,705.85;12,199;4,320;171;13.37;0;0;0;426;33.32;35;14;2.49;0;1;8;217;16.97;18;0;13;0;7;0;0;0;0;125;9.77;12;14;0;0;32;11;10;11;2;0.15;1;80;6.25;8;0;0;3;3;132;10.32;10;17:49;01:23;01:14;0;0;0;977;76.42;89;63;5;6;0;0;0;0;0;65;5.08;7;1;0;0;3 hours;18:54;0;0;0;0;0;0;51%
Tiki-11546;3512;1;6%;7;7;4;0.05;62,836;10,062;7,732;1,604;17,335.01;1,604;917;2;21.61;0;0;0;137;21.93;40;23;1.92;0;0;1;61;9.76;11;0;0;0;2;72;777.79;72;72;26;4.16;6;23;0;0;0;6;0;0;2;0.32;1;17;2.72;4;0;0;0;0;44;7.04;15;00:26;04:48;00:26;0;0;0;250;40.03;43;16;3;4;72;0.61;72;492;101;10;1.6;2;0;0;0;1 minute;01:55;0;0;0;11;20%;20%;25%
TinTing-3105;3121;0;0;0;0;0;0;3,557;7,796;2,098;2,653;5,813.84;2,455;2,455;6;13.14;0;0;0;9;19.72;9;9;1.5;0;0;0;5;10.95;5;0;0;0;0;0;0;0;0;2;4.38;2;9;0;0;2;1;0;0;1;2.19;1;3;6.57;2;0;0;0;0;6;13.14;6;00:18;00:40;00:16;0;0;0;28;61.36;27;2;4;2;0;0;0;0;0;1;2.19;1;0;0;0;6 minutes;0;0;0;0;0;0;0;60%
Toha-2496;1362;0;0;0;0;0;0;9,215;11,755;5,070;8,431;10,755.4;4,866;1,773;12;15.3;0;0;0;32;40.82;21;10;2.66;0;0;0;12;15.3;7;1;1;0;0;0;0;0;0;5;6.37;3;10;0;0;2;0;1;1;0;0;0;5;6.37;3;0;0;0;0;13;16.58;11;01:03;01:21;00:29;0;0;0;47;59.95;28;3;4;2;0;0;0;0;0;4;5.1;1;0;0;0;12 minutes;0;0;0;0;0;0;0;6%
tongue-11364;3632;1;0;0;0;0;0;14,963;9,938;6,331;19,908;13,221.99;12,557;2,550;14;9.29;0;0;0;80;53.13;61;14;5.71;0;0;2;25;16.6;17;1;2;0;1;0;0;0;0;24;15.93;15;14;0;0;6;4;1;0;0;0;0;5;3.32;3;0;0;4;1;25;16.6;15;02:07;01:24;01:10;0;0;0;105;69.73;68;5;3;3;0;0;0;0;0;1;0.66;1;0;0;0;22 minutes;04:40;0;0;0;0;0;0;57%
ToraNerd-1456;2322;0;0;0;0;0;0;6,214;16,250;2,657;3,786;9,900.57;1,970;1,388;7;18.3;0;0;0;6;15.69;6;6;0.85;0;0;0;1;2.61;1;0;0;0;0;0;0;0;0;1;2.61;1;6;0;0;1;0;0;0;0;0;0;1;2.61;1;0;0;4;1;6;15.69;6;00:59;02:35;00:28;0;0;0;31;81.07;17;1;3;1;0;0;0;0;0;0;0;0;0;0;0;6 minutes;00:01;0;0;0;0;0;0;46%
Toujours-4543;0;0;0;0;0;0;0;3,343;12,183;3,343;1,633;5,952.8;1,633;773;3;10.93;0;0;0;16;58.3;16;9;5.33;0;0;0;7;25.51;7;0;0;0;0;0;0;0;0;1;3.64;1;9;0;0;1;0;0;0;0;0;0;1;3.64;1;0;0;0;0;7;25.51;7;00:19;01:10;00:19;0;0;0;3;10.93;3;0;0;0;0;0;0;0;0;0;0;0;0;0;0;3 minutes;0;0;0;0;0;0;0;100%
Treaty-11117;57;1;0;0;0;0;0;20,461;12,278;11,386;14,317;8,591.84;9,190;3,652;13;7.8;0;0;0;51;30.6;30;12;3.92;0;0;0;21;12.6;13;0;2;0;1;0;0;0;0;5;3;2;12;0;0;5;1;2;3;3;1.8;3;13;7.8;6;0;0;0;0;22;13.2;15;04:55;02:57;03:13;0;0;0;73;43.8;50;6;4;3;0;0;0;0;0;4;2.4;3;0;0;0;20 minutes;06:02;0;0;0;0;0;0;85%
Tung-3350;3000;0;0;0;0;0;0;3,498;7,780;1,803;2,603;5,789.97;1,857;1,857;5;11.11;0;0;0;4;8.89;4;4;0.8;0;0;0;2;4.44;2;0;0;0;0;0;0;0;0;2;4.44;2;4;0;0;1;0;0;1;0;0;0;1;2.22;0;0;0;0;0;3;6.67;3;00:30;01:08;00:26;0;0;0;20;44.47;17;0;0;0;0;0;0;0;0;0;0;0;0;0;0;4 minutes;00:30;0;0;0;0;0;0;0
TviQ-1503;4134;0;0;0;0;0;0;119,929;11,800;11,880;127,659;12,560.46;15,588;5,043;94;9.24;0;0;0;274;26.95;39;17;2.91;0;1;4;102;10.03;17;4;10;1;5;0;0;0;0;79;7.77;11;17;0;0;32;8;9;15;8;0.78;2;68;6.69;10;0;0;3;6;87;8.56;22;11:35;01:08;02:13;0;0;0;731;71.92;100;39;4;10;0;0;0;0;0;13;1.27;4;0;0;0;2 hours;17:37;0;0;0;3;0;0;48%
Ulfang-1914;57;0;0;0;0;0;0;31,453;8,335;9,130;25,594;6,782.36;9,054;3,691;45;11.92;0;0;0;84;22.25;27;11;1.86;0;1;1;30;7.94;9;0;4;0;2;0;0;0;0;17;4.5;4;11;0;0;7;2;1;3;1;0.26;1;7;1.85;3;0;0;3;2;25;6.62;7;06:38;01:45;03:23;0;0;0;126;33.38;48;6;2;2;0;0;0;0;0;7;1.85;2;1;0;0;42 minutes;02:08;0;0;0;0;0;0;55%
uNFixed-2518;0;1;0;0;0;0;0;58,564;8,962;7,853;60,413;9,245.38;7,109;3,508;58;8.87;0;0;0;197;30.14;34;12;3.39;0;0;0;101;15.45;18;3;7;0;4;0;0;0;0;70;10.71;11;12;0;0;19;5;10;4;2;0.3;1;37;5.66;5;0;0;4;4;64;9.79;10;10:28;01:36;01:54;0;0;0;395;60.44;61;33;5;4;0;0;0;0;0;15;2.29;2;0;0;0;1 hour;11:25;0;0;0;2;0;0;57%
uruca-11142;4007;0;0;0;0;0;0;11,223;14,476;1,814;7,933;10,232.87;1,775;1,675;14;18.05;0;0;0;16;20.63;8;8;1.14;0;0;0;8;10.31;3;1;1;0;0;0;0;0;0;4;5.15;2;8;0;0;2;1;1;1;1;1.28;1;3;3.86;0;0;0;4;1;4;5.15;2;01:26;01:51;00:19;0;0;0;48;61.91;11;0;0;0;0;0;0;0;0;1;1.28;1;0;0;0;11 minutes;0;0;0;0;0;0;0;30%
vallutaja-2514;4250;0;0;0;0;0;0;15,687;11,912;4,531;17,543;13,321.47;6,965;2,712;17;12.9;0;0;0;38;28.85;14;9;2.23;0;0;1;22;16.7;7;0;1;0;1;0;0;0;0;11;8.35;4;9;0;0;5;1;3;1;1;0.75;1;10;7.59;3;0;0;0;0;11;8.35;6;02:18;01:45;00:29;0;0;0;108;82.01;37;5;4;3;0;0;0;0;0;8;6.07;3;0;0;0;20 minutes;05:03;0;0;0;0;0;0;59%
Vance-4548;0;0;0;0;0;0;0;5,928;9,927;2,444;4,644;7,777.33;2,660;1,217;8;13.39;0;0;0;7;11.72;6;2;0.87;0;0;0;2;3.34;1;0;1;0;0;0;0;0;0;2;3.34;1;2;0;0;1;1;0;0;0;0;0;0;0;0;0;0;0;0;3;5.02;3;00:19;00:33;00:16;0;0;0;39;65.31;20;0;0;0;0;0;0;0;0;1;1.67;1;0;0;0;7 minutes;0;0;0;0;0;0;0;54%
vanGh-11287;3063;0;50%;1;1;1;0.05;28,023;11,069;10,466;60;3,577.44;60;60;1;59.62;0;0;0;44;17.38;19;6;1.37;0;2;0;11;4.34;4;0;0;0;0;0;0;0;0;7;2.76;4;6;0;0;0;0;0;2;0;0;0;9;3.55;3;0;0;3;2;15;5.92;7;03:36;01:25;01:53;0;0;0;104;41.08;55;9;4;3;0;0;0;10;2;4;1.58;2;0;0;0;1.2414979981258512 seconds;00:19;0;0;0;5;20%;0;100%
ViruSs-1935;2793;2;0;0;0;0;0;222,786;11,131;16,346;197,500;9,867.88;11,694;3,405;257;12.84;0;0;0;566;28.27;38;13;2.2;0;4;17;235;11.74;14;11;20;1;9;0;0;0;0;145;7.24;10;13;0;0;61;28;20;13;0;0;0;93;4.64;7;0;0;3;7;206;10.29;22;32:11;01:36;02:22;0;0;0;1,290;64.45;100;75;4;7;0;0;0;0;0;58;2.89;4;0;0;0;4 hours;28:47;0;0;0;19;0;0;43%
Vivieria-1169;50;4;0;0;0;0;0;134,439;9,029;8,829;114,929;7,718.59;10,215;3,514;179;12.02;0;0;0;434;29.14;36;10;2.42;0;5;5;218;14.64;17;0;0;0;0;30,081;2,020.22;0;104;83;5.57;7;10;0;0;0;0;8;0;3;0.2;1;54;3.62;8;0;0;3;2;155;10.4;13;28:23;01:54;02:11;0;0;0;639;42.91;52;44;3;7;4,040;0;0;0;0;67;4.49;8;3;0;0;13.535132024437189 seconds;16:01;0;0;0;0;0;0;100%
voice-3499;3569;1;0;0;0;0;0;8,403;15,123;8,403;7,872;14,167.72;7,872;3,954;4;7.19;0;0;0;25;44.99;25;12;6.25;0;0;1;12;21.59;12;0;1;0;1;0;0;0;0;5;8.99;5;12;0;0;2;1;0;2;0;0;0;3;5.39;2;0;0;0;0;9;16.19;9;02:34;04:38;02:34;0;0;0;59;106.18;59;1;2;1;0;0;0;0;0;2;3.59;2;0;0;0;8 minutes;00:59;0;0;0;0;0;0;100%
watt-1213;80;3;0;0;0;0;0;161,147;11,699;12,492;120,996;8,784.05;10,097;3,571;158;11.47;0;0;0;445;32.3;35;18;2.81;0;2;6;183;13.28;13;0;14;0;6;0;0;0;0;98;7.11;7;18;0;0;44;15;15;14;2;0.14;1;68;4.93;5;0;0;4;4;153;11.1;21;26:43;01:56;03:33;0;0;0;798;57.93;60;60;4;6;0;0;0;0;0;27;1.96;3;1;0;0;3 hours;27:03;0;0;0;0;0;0;46%
weaselele-2442;4437;1;0;0;0;0;0;132,850;13,643;17,760;126,641;13,005.67;15,050;4,927;102;10.47;0;0;0;391;40.15;51;23;3.83;0;6;10;144;14.78;23;2;10;0;7;0;0;0;0;103;10.57;13;23;0;0;28;9;10;9;6;0.61;3;79;8.11;12;0;0;4;7;119;12.22;14;16:54;01:44;02:05;0;0;0;791;81.23;95;60;6;10;0;0;0;0;0;10;1.02;2;0;0;0;2 hours;21:37;0;0;0;5;0;0;75%
Werky-1402;2821;0;0;0;0;0;0;26,167;12,340;5,339;21,184;9,989.95;4,435;3,115;27;12.73;0;0;0;67;31.59;21;17;2.48;0;2;0;22;10.37;8;1;2;0;1;0;0;0;0;13;6.13;4;17;0;0;5;2;1;2;0;0;0;9;4.24;3;0;0;3;1;33;15.56;15;04:07;01:56;01:18;0;0;0;135;63.66;35;8;4;5;0;0;0;0;0;2;0.94;1;0;0;0;29 minutes;00:32;0;0;0;2;0;0;43%
Winghaven-2491;3505;0;0;0;0;0;0;5,676;12,923;3,077;3,618;8,236.68;2,110;1,600;6;13.66;0;0;0;13;29.59;6;5;2.16;0;0;0;7;15.93;4;0;0;0;0;0;0;0;0;7;15.93;3;5;0;0;1;1;0;0;0;0;0;3;6.83;2;0;0;0;0;5;11.38;3;00:52;01:58;00:21;0;0;0;20;45.53;13;3;7;2;0;0;0;0;0;0;0;0;0;0;0;5 minutes;0;0;0;0;0;0;0;30%
Winston-11922;65;0;0;0;0;0;0;1,907;9,640;875;1,390;7,028.63;876;876;4;20.22;0;0;0;1;5.05;1;1;0.25;0;0;0;0;0;0;0;0;0;0;0;0;0;0;0;0;0;1;0;0;1;0;0;0;0;0;0;0;0;0;0;0;0;0;0;0;0;0;0;0;0;0;0;0;0;0;0;0;0;0;0;0;0;0;0;0;0;0;0;0;2 minutes;0;0;0;0;0;0;0;46%
WinterDKay-2106;2919;2;0;0;0;0;0;62,613;11,170;6,969;47,064;8,395.97;7,252;6,417;53;9.45;0;0;0;142;25.33;31;31;2.67;0;3;7;62;11.06;11;2;6;0;4;0;0;0;0;26;4.63;6;31;0;0;14;7;4;4;1;0.17;1;29;5.17;6;0;0;4;4;67;11.95;29;08:14;01:28;02:32;0;0;0;313;55.83;55;27;5;6;0;0;0;0;0;16;2.85;5;0;0;0;1 hour;05:45;0;0;0;7;0;0;63%
XavierChu-3266;3000;18;0;0;0;0;0;1,512,463;12,952;23,459;1,385,423;11,863.92;23,873;5,846;1,166;9.98;0;0;0;4,008;34.32;73;29;3.43;0;28;62;1,427;12.21;29;0;0;2;0;0;0;0;0;915;7.83;19;29;0;0;0;0;0;0;13;0.11;1;532;4.55;14;0;0;5;81;1,252;10.72;30;03:00:56;01:32;03:33;0;0;0;7,305;62.55;175;457;4;12;0;0;0;17;0;186;1.59;7;0;0;0;23.853820991702378 seconds;00:01;0;0;0;19;0;0;13%
XQQ-11863;4453;1;0;0;0;0;0;31,152;8,967;4,527;27,760;7,990.52;7,264;2,405;40;11.51;0;0;0;77;22.16;24;10;1.92;0;2;2;29;8.34;10;1;3;1;2;0;0;0;0;19;5.46;5;10;0;0;7;3;1;3;6;1.72;3;31;8.92;4;0;0;3;2;28;8.05;12;04:52;01:24;01:13;0;0;0;232;66.77;47;16;5;5;0;0;0;0;0;6;1.72;2;0;0;0;46 minutes;01:51;0;0;0;0;0;0;46%
Y19251658-2148;3795;0;0;0;0;0;0;10,468;9,523;4,596;14,150;12,873.26;6,723;2,884;7;6.36;0;0;0;37;33.66;14;10;5.28;0;0;0;16;14.55;8;0;1;0;1;0;0;0;0;10;9.09;6;10;0;0;3;1;1;1;1;0.9;1;8;7.27;4;0;0;3;1;20;18.19;9;02:19;02:07;00:57;0;0;0;104;94.61;46;6;5;4;0;0;0;0;0;0;0;0;0;0;0;10 minutes;01:10;0;0;0;0;0;0;100%
YaMou-4439;3076;0;0;0;0;0;0;5,915;9,114;2,732;6,126;9,438.56;3,439;1,243;9;13.86;0;0;0;6;9.24;3;2;0.66;0;1;0;3;4.62;2;0;1;0;0;0;0;0;0;2;3.08;1;2;0;0;2;1;1;0;0;0;0;0;0;0;0;0;0;0;3;4.62;1;00:53;01:22;00:25;0;0;0;37;57;25;0;0;0;0;0;0;0;0;1;1.54;1;0;0;0;8 minutes;0;0;0;0;0;0;0;11%
YATIAYASE-1475;4005;0;0;0;0;0;0;1,200;19,973;600;494;8,226.08;269;266;2;33.28;0;0;0;0;0;0;0;0;0;0;0;0;0;0;0;0;0;0;0;0;0;0;0;0;0;0;0;0;0;0;0;0;0;0;0;0;0;0;0;0;0;0;0;0;0;00:03;00:58;00:03;0;0;0;2;33.28;2;0;0;0;0;0;0;0;0;0;0;0;0;0;0;1 minute;0;0;0;0;0;0;0;46%
YLLES-3238;4613;0;0;0;0;0;0;1,200;20,923;1,200;129;2,243.67;129;129;2;34.87;0;0;0;0;0;0;0;0;0;0;0;0;0;0;0;0;0;0;0;0;0;0;0;0;0;0;0;0;0;0;0;0;0;0;0;0;0;0;0;0;0;0;0;0;0;00:03;01:01;00:03;0;0;0;0;0;0;0;0;0;0;0;0;0;0;0;0;0;0;0;0;35.811729999259114 seconds;0;0;0;0;0;0;0;0
yoshi3098-1803;0;0;0;0;0;0;0;1,200;14,194;1,200;185;7,026.75;185;185;1;37.98;0;0;0;0;0;0;0;0;0;0;0;0;0;0;0;0;0;0;276;10,470;276;276;0;0;0;0;0;0;0;0;0;0;0;0;0;0;0;0;0;0;0;0;0;0;0;00:03;00:35;00:03;0;0;0;1;11.82;1;0;0;0;0;0;0;9;5;0;0;0;0;0;0;38.49581300467253 seconds;0;0;0;0;0;55%;0;100%
Yubuu-1763;42;0;0;0;0;0;0;118,587;12,188;17,400;83,313;8,562.34;10,941;3,384;141;14.49;0;0;0;289;29.7;55;16;2.04;0;3;4;112;11.51;25;0;10;0;4;0;0;0;0;41;4.21;8;0;0;0;25;12;2;11;6;0;3;58;5.96;6;0;0;3;1;135;13.87;30;24:54;02:33;04:27;0;0;0;539;55.39;92;30;3;7;0;0;0;0;0;30;3.08;9;0;0;0;2 hours;08:06;0;0;0;0;0;0;45%
Zalphx-1161;3789;2;0;0;0;0;0;25,401;8,582;10,581;25,619;8,656.04;9,926;2,648;25;8.44;0;0;0;86;29.05;36;11;3.44;0;1;0;19;6.41;9;1;3;0;2;0;0;0;0;21;7.09;7;11;0;0;7;3;1;3;0;0;0;18;6.08;11;0;0;3;1;26;8.78;11;05:04;01:43;01:44;0;0;0;179;60.47;62;16;5;10;0;0;0;0;0;1;0.33;1;0;0;0;33 minutes;01:00;0;0;0;0;0;0;56%
Zatanna-11384;65;0;0;0;0;0;0;5,743;13,216;2,908;3,429;7,890.36;2,341;1,159;11;25.31;0;0;0;10;23.01;6;2;0.9;0;0;0;5;11.5;3;0;0;0;0;0;0;0;0;2;4.6;1;2;0;0;1;1;0;0;0;0;0;1;2.3;0;0;0;3;1;3;6.9;1;00:49;01:52;00:26;0;0;0;33;75.94;24;0;0;0;0;0;0;0;0;1;2.3;1;0;0;0;6 minutes;0;0;0;0;0;0;0;5%
ZeInfinity-21817;2173;5;0;0;0;0;0;126,559;9,286;12,041;110,744;8,125.85;8,638;6,400;129;9.46;0;0;0;300;22.01;32;17;2.32;0;6;8;142;10.41;15;6;14;1;7;0;0;0;0;51;3.74;8;17;0;0;45;15;18;12;4;0.29;2;59;4.32;8;0;0;3;2;125;9.17;17;24:33;01:48;02:45;0;0;0;561;41.16;55;36;3;9;0;0;0;0;0;18;1.32;5;0;0;0;2 hours;15:16;0;0;0;38;0;0;50%
Zeref-1317;2724;0;0;0;0;0;0;18,176;13,651;13,201;12,091;9,081.01;8,331;1,738;25;18.77;0;0;0;27;20.27;19;6;1.08;0;1;2;10;7.51;7;1;1;0;0;0;0;0;0;10;7.51;6;6;0;0;5;3;1;1;0;0;0;5;3.75;2;0;0;0;0;14;10.51;11;04:09;03:07;03:00;0;0;0;89;66.84;64;3;2;2;0;0;0;0;0;2;1.5;2;0;0;0;21 minutes;00:41;0;0;0;2;0;0;4%
zunba-3237;4790;0;0;0;0;0;0;1,409;4,714;600;2,146;7,181.14;852;848;3;10.03;0;0;0;8;26.76;4;4;2.66;0;0;0;6;20.07;3;0;0;0;0;0;0;0;0;2;6.69;1;4;0;0;1;0;1;0;0;0;0;1;3.34;0;0;0;0;0;2;6.69;2;00:28;01:36;00:17;0;0;0;9;30.11;5;0;0;0;0;0;0;0;0;0;0;0;0;0;0;2 minutes;00:17;0;0;0;0;0;0;100%
