Adam-1251;4239;0;0;14;7%;209;26;7;0.01;152,233;10,090.93;17,714;4,137;124;8.21;472;31;42;324;21.47;26;14;2.61;0;2;0;84;5.56;9;6;15;0;9;155,300;10,294;14,002;4,152;14;0;0;30;8;14;8;4;0.26;2;3;2;139;9.21;18;17:15;01:08;03:09;346;23;33;2,117;0.17;387;0;0;0;9,467;2,967;7;0.46;2;0;0;0;3 hours;48:26;55,472;1,831;0;0;0;31%;47%;62%
Adameve-11380;3410;0;0;426;7%;5,985;30;12;0.01;4,288,079;7,736.03;18,378;6,609;4,708;8.49;14,061;25;58;11,354;20.48;48;18;2.41;0;46;0;3,939;7.1;22;237;554;24;293;4,535,795;8,183;18,493;6,455;18;0;0;1,073;294;243;536;15;0.02;1;4;49;4,677;8.43;29;09:43:36;01:03;04:30;12,951;23;52;101,293;0.23;853;0;0;0;235,924;80,234;540;0.97;7;1;0;0;118 hours;35:58:07;1,549,018;4,206;0;0;56;34%;56%;52%
Ahahababa-3671;2530;0;0;6;6%;74;16;6;0.01;64,731;9,358.73;15,613;4,008;36;5.2;196;28;38;141;20.38;33;17;3.91;0;0;0;44;6.36;12;1;7;0;5;51,656;7,468;11,440;4,176;17;0;0;20;7;7;5;1;0.14;1;0;0;76;10.98;19;08:33;01:14;02:14;164;24;36;2,140;0.48;587;0;0;0;4,302;1,231;10;1.44;3;0;0;0;1 hour;32:47;16,733;1,656;0;0;0;28%;37%;78%
Akimoto-3310;3063;0;0;14;7%;243;28;8;0.01;161,874;9,030.54;12,716;6,413;150;8.36;484;27;44;357;19.91;33;12;2.38;0;2;0;112;6.24;14;4;18;0;14;161,446;9,007;16,638;4,154;12;0;0;38;11;8;19;5;0.27;1;4;4;123;6.86;15;15:12;00:50;02:10;406;23;42;3,825;0.27;447;0;0;0;10,175;3,112;15;0.83;4;0;0;0;3 hours;01:03:26;59,155;2,259;0;0;0;30%;40%;77%
Aktm-11812;0;0;0;0;22%;6;6;4;0.04;1,662;16,510.29;1,662;901;2;19.86;4;40;4;1;9.93;1;1;0.5;0;0;0;1;9.93;1;0;0;0;0;706;7,014;706;363;1;0;0;0;0;0;0;0;0;0;0;0;1;9.93;1;00:05;00:58;00:05;1;10;1;0;0;0;0;0;0;79;27;0;0;0;0;0;0;2 minutes;0;198;198;0;0;0;34%;0;100%
AnalNoob-1185;2462;0;0;9;5%;189;15;6;0.01;154,975;9,963.05;13,140;6,008;128;8.22;351;23;38;293;18.83;26;10;2.28;0;1;0;89;5.72;11;8;16;0;7;151,309;9,727;12,177;4,468;10;0;0;34;10;9;15;0;0;0;3;1;122;7.84;13;17:01;01:05;02:34;259;17;29;3,553;0.29;627;0;0;0;11,587;3,174;6;0.38;2;0;0;0;3 hours;33:43;40,581;1,436;0;0;0;27%;39%;46%
applejuice69-11392;0;0;0;16;10%;563;45;15;0.03;284,289;12,095.1;21,517;5,092;241;10.25;569;24;58;723;30.76;48;16;3;0;4;0;290;12.33;22;7;24;1;15;162,869;6,929;11,065;3,139;16;0;0;73;21;17;35;19;0.8;6;4;3;237;10.08;20;21:40;00:55;02:03;640;27;43;6,318;0.34;749;0;0;0;15,095;5,233;56;2.38;6;0;0;0;5 hours;02:11:25;71,613;2,207;0;0;1;34%;45%;64%
arbiterlin-1178;2685;0;0;1;5%;8;8;4;0.01;7,482;10,527.48;7,482;2,836;2;2.81;17;24;17;15;21.1;15;6;7.5;0;0;0;5;7.03;5;0;1;0;1;3,613;5,083;3,613;1,328;6;0;0;2;0;1;1;0;0;0;0;0;6;8.44;6;01:33;02:11;01:33;15;21;15;197;0.43;197;0;0;0;394;150;0;0;0;0;0;0;7 minutes;00:27;1,236;689;0;0;0;38%;38%;100%
aRie-11198;2992;0;0;0;3%;9;7;3;0.01;11,501;12,239.55;6,540;3,999;14;14.89;23;24;17;19;20.22;13;9;1.35;0;0;0;1;1.06;1;1;1;0;0;8,819;9,385;5,873;3,871;9;0;0;2;1;1;1;0;0;0;0;0;11;11.7;7;00:41;00:44;00:29;12;13;9;378;0.44;211;0;0;0;710;228;0;0;0;0;0;0;14 minutes;01:29;2,778;1,042;0;0;0;32%;28%;35%
Artificial-11535;2856;0;0;54;8%;1,273;39;14;0.01;755,201;9,664.9;21,457;5,950;775;9.91;1,905;24;62;1,638;20.96;57;19;2.11;0;14;0;628;8.03;20;37;78;2;39;713,953;9,137;19,570;5,804;19;0;0;183;58;55;70;25;0.31;3;3;6;745;9.53;30;01:27:57;01:07;03:14;1,609;21;58;18,763;0.29;648;0;0;0;43,221;14,294;106;1.35;5;0;0;0;17 hours;04:49:47;237,540;2,646;0;0;23;33%;56%;50%
AshkaliN-2848;73;0;0;4;12%;152;43;12;0;60,123;9,876.44;14,444;4,513;43;7.06;114;19;33;142;23.32;30;15;3.3;0;1;0;50;8.21;13;0;6;0;4;59,080;9,705.04;16,335;3,475;15;0;0;18;7;6;5;0;0;0;3;1;56;9.19;14;07:46;01:16;02:20;65;11;18;2,025;0;637;0;0;0;0;0;2;0.32;1;0;0;0;1 hour;35:09;19,160;2,287;0;0;0;35%;0;59%
Badger-1688;3050;0;0;2;7%;19;10;7;0.01;12,095;9,073.51;6,786;2,131;8;6;32;24;16;30;22.5;14;8;3.75;0;0;0;8;6;4;0;1;0;1;10,548;7,913;5,422;3,228;8;0;0;2;1;0;1;0;0;0;3;1;14;10.5;7;00:34;00:26;00:17;43;32;24;0;0;0;0;0;0;773;239;0;0;0;0;0;0;16 minutes;05:26;3,804;1,162;0;0;0;30%;28%;76%
Bluemoon-31853;3351;0;0;7;7%;190;22;10;0.02;138,578;11,702.97;11,083;4,889;111;9.37;244;21;27;278;23.47;29;12;2.5;0;2;0;99;8.36;13;5;12;1;6;92,041;7,773;7,935;2,992;12;0;0;51;13;17;21;1;0.08;1;3;1;145;12.24;14;20:19;01:43;02:32;250;21;29;2,780;0.29;277;0;0;0;8,174;2,565;15;1.26;3;0;0;0;2 hours;53:42;34,559;1,292;0;0;11;31%;43%;47%
BluStar-2121;57;0;0;10;9%;422;28;9;0;227,497;8,847.81;11,256;4,309;303;11.78;341;13;16;514;19.99;32;16;1.69;0;4;0;165;6.41;12;0;26;0;11;198,451;7,718.16;11,879;3,544;16;0;0;64;18;16;30;3;0.11;1;0;0;234;9.1;17;44:28;01:43;02:32;113;4;7;5,045;0;467;6;0.23;5;0;0;35;1.36;4;0;0;0;5 hours;02:28:34;63,802;1,411;0;0;0;25%;0;41%
Bobosa-3106;0;0;0;8;8%;467;27;8;0.02;282,332;11,110.6;17,067;5,628;283;11.13;570;22;37;580;22.82;39;13;2.04;0;4;0;252;9.91;18;14;25;0;11;186,039;7,321;12,644;5,847;13;0;0;60;21;10;29;2;0.07;1;3;2;197;7.75;13;31:55;01:15;02:35;538;21;32;6,909;0.33;447;0;0;0;14,794;5,383;38;1.49;5;0;0;0;5 hours;01:36:40;74,310;1,874;0;0;0;36%;50%;42%
BriBrii-2647;1225;0;0;2;8%;52;15;5;0.01;31,560;5,232.39;8,096;2,645;65;10.77;76;13;22;66;10.94;14;6;1.01;0;0;0;22;3.64;9;3;6;0;3;23,547;3,904;4,865;2,533;6;0;0;10;4;4;3;0;0;0;0;0;31;5.13;6;03:56;00:39;00:51;61;10;14;1,191;0.3;291;0;0;0;2,380;617;10;1.65;5;0;0;0;1 hour;03:52;8,184;1,140;0;0;1;25%;33%;43%
buff4eyes-1647;45;0;0;0;2%;5;2;2;0;9,610;7,272.85;4,452;3,706;12;9.08;5;4;3;19;14.37;11;8;1.58;0;0;0;5;3.78;2;0;1;0;1;5,035;3,810.5;2,409;2,249;8;0;0;3;2;1;0;0;0;0;0;0;7;5.29;4;00:23;00:17;00:07;5;4;3;0;0;0;0;0;0;0;0;0;0;0;0;0;0;13 minutes;03:01;1,249;522;0;0;0;31%;0;53%
BUR1X-2303;4034;0;0;8;8%;168;28;8;0.01;108,946;9,210.4;12,358;3,389;111;9.38;371;31;48;279;23.58;31;9;2.51;0;2;0;87;7.35;11;2;12;0;9;84,426;7,137;10,387;3,056;9;0;0;24;8;3;13;6;0.5;2;3;2;93;7.86;14;08:55;00:45;01:16;309;26;33;2,210;0.24;393;0;0;0;6,615;2,057;11;0.92;2;0;0;0;2 hours;47:56;25,591;1,887;0;0;0;31%;42%;79%
burii-11667;0;0;0;0;4%;7;6;2;0;7,775;8,475.06;6,998;1,652;11;11.99;21;23;21;13;14.17;12;5;1.18;0;0;0;2;2.18;2;1;1;0;0;6,412;6,990;5,974;1,744;5;0;0;2;1;0;1;1;1.09;1;0;0;8;8.72;8;01:43;01:53;01:43;18;20;17;127;0.15;127;0;0;0;527;150;0;0;0;0;0;0;13 minutes;02:13;1,501;1,007;0;0;0;28%;30%;0
cacaron-1244;3164;0;0;0;8%;2;2;2;0;1,211;4,753.59;1,211;602;4;15.69;1;4;1;2;7.84;2;1;0.5;0;0;0;1;3.92;1;0;0;0;0;1,374;5,394;1,374;693;1;0;0;0;0;0;0;0;0;0;0;0;0;0;0;00:05;00:21;00:05;1;4;1;40;0.19;40;0;0;0;51;23;1;3.92;1;0;0;0;3 minutes;0;134;134;0;0;0;45%;45%;0
Camou-1349;3855;0;0;1;12%;24;20;11;0.03;11,285;9,633;8,032;5,435;3;2.56;30;26;18;36;30.73;26;17;12;0;0;0;11;9.39;7;0;1;0;1;6,537;5,580;3,501;2,391;17;0;0;2;1;0;1;1;0.85;1;0;0;8;6.82;5;00:59;00:51;00:43;27;23;20;186;0.29;143;0;0;0;596;189;2;1.7;1;0;0;0;10 minutes;08:29;3,459;964;0;0;0;31%;0;100%
CaptainEVS-1315;80;0;0;2;7%;53;26;8;0;32,051;7,329.02;13,250;4,141;45;10.28;63;14;31;66;15.09;30;10;1.46;0;0;0;21;4.8;8;0;4;0;3;33,375;7,631.74;12,728;3,245;10;0;0;6;1;2;2;0;0;0;0;0;28;6.4;13;03:30;00:48;01:45;16;4;8;1,436;0;645;0;0;0;0;0;2;0.45;1;0;0;0;52 minutes;18:21;12,129;1,833;0;0;0;34%;0;77%
cArn-11368;4111;0;0;31;7%;634;30;11;0.02;456,740;14,089.3;25,768;7,094;262;8.08;743;23;44;761;23.47;38;12;2.9;0;4;0;303;9.34;21;10;32;1;21;316,765;9,771;21,974;5,638;12;0;0;104;37;22;45;18;0.55;2;4;11;316;9.74;18;40:58;01:15;03:28;743;23;38;9,442;0.37;593;0;0;0;20,649;8,952;60;1.85;5;0;0;0;7 hours;01:58:26;119,309;3,413;0;0;1;43%;70%;64%
CERT-3809;2539;0;0;4;7%;93;19;5;0.01;68,765;10,465.37;14,680;4,195;58;8.82;158;24;29;142;21.61;23;13;2.44;0;3;0;53;8.06;11;3;7;1;3;52,214;7,946;8,599;6,027;13;0;0;20;7;6;6;1;0.15;1;0;0;61;9.28;16;08:27;01:17;02:10;147;22;23;1,853;0.33;366;0;0;0;6,079;1,303;7;1.06;2;0;0;0;1 hour;20:51;13,764;1,484;0;0;3;21%;30%;44%
City-11726;2824;0;0;1;6%;29;18;6;0.03;21,154;17,548.33;11,441;5,687;10;8.29;22;18;12;18;14.93;12;4;1.8;0;0;0;5;4.14;4;1;1;0;1;12,130;10,062;6,883;3,722;4;0;0;4;2;1;1;0;0;0;0;0;8;6.63;5;00:49;00:41;00:33;22;18;13;114;0.13;86;0;0;0;947;422;0;0;0;0;0;0;14 minutes;05:56;3,646;826;0;0;0;44%;50%;57%
clockwise-11369;3706;0;0;0;4%;4;2;1;0;4,689;7,386.35;3,446;1,541;9;14.17;16;25;15;19;29.93;17;10;2.11;0;1;0;6;9.45;5;1;1;0;0;5,133;8,087;3,260;1,636;10;0;0;2;1;1;0;1;1.57;1;0;0;6;9.45;4;00:38;01:01;00:38;18;28;16;255;0.51;239;0;0;0;293;95;0;0;0;0;0;0;8 minutes;04:25;2,154;768;0;0;0;32%;22%;0
CoffeeJelly-11718;0;0;0;0;6%;2;2;2;0.01;1,854;9,594.45;1,854;1,035;1;5.17;4;21;4;5;25.87;5;5;5;0;0;0;1;5.17;1;0;0;0;0;2,856;14,781;2,856;2,208;5;0;0;0;0;0;0;0;0;0;0;0;3;15.52;3;00:05;00:30;00:05;5;26;5;0;0;0;0;0;0;125;33;0;0;0;0;0;0;3 minutes;00:16;1,191;983;0;0;0;26%;0;0
Cohias-1934;3115;0;0;1;8%;51;14;7;0.02;32,542;11,853.66;11,732;2,767;30;10.92;65;24;27;64;23.31;21;8;2.13;0;0;0;30;10.92;9;1;3;0;2;20,057;7,306;5,880;1,596;8;0;0;9;3;1;5;2;0.72;1;0;0;23;8.37;8;04:32;01:39;02:04;52;19;18;619;0.29;370;0;0;0;1,728;634;8;2.91;3;0;0;0;35 minutes;11:18;7,268;1,248;0;0;0;36%;42%;64%
CRA2YDOG-3822;2743;0;0;8;4%;99;24;5;0.01;116,778;9,613.35;13,097;4,832;133;10.94;253;21;35;195;16.05;26;9;1.46;0;2;0;60;4.93;12;8;12;0;4;87,381;7,193;10,367;3,782;9;0;0;33;9;6;19;1;0.08;1;3;2;81;6.66;11;13:11;01:05;02:01;227;19;35;2,461;0.26;404;0;0;0;6,669;2,326;14;1.15;3;0;0;0;2 hours;39:39;28,491;1,561;0;0;0;34%;50%;34%
Crazdog-3857;2820;0;0;11;7%;234;26;10;0.01;166,878;10,460.56;13,286;5,454;143;8.96;378;24;45;334;20.93;36;12;2.33;0;0;0;130;8.14;12;7;16;1;7;120,506;7,554;13,024;4,684;12;0;0;38;9;15;14;5;0.31;2;0;0;155;9.71;17;20:21;01:16;02:45;333;21;41;3,541;0.29;446;0;0;0;9,856;3,063;29;1.81;5;0;0;0;3 hours;48:30;39,179;1,613;0;0;6;31%;51%;45%
CtrlAltL337-1674;58;0;0;7;9%;549;26;11;0;279,791;9,330.96;11,916;5,544;381;12.7;442;15;24;610;20.34;23;13;1.6;0;6;0;206;6.87;11;0;30;0;11;228,150;7,608.76;12,474;5,673;13;0;0;77;27;16;34;1;0.03;1;0;0;312;10.4;16;35:57;01:11;02:33;236;8;12;7,316;0;437;0;0;0;0;0;39;1.3;3;0;0;0;7 hours;02:12:12;74,673;1,714;0;0;0;21%;0;36%
Dark-15913;3265;0;0;0;6%;14;7;3;0.01;11,805;9,351.35;5,761;1,411;16;12.67;28;22;17;31;24.55;18;6;1.93;0;0;0;10;7.92;7;0;1;0;1;13,107;10,383;6,629;2,622;6;0;0;4;2;2;1;1;0.79;1;0;0;14;11.09;11;02:47;02:12;02:05;26;21;17;162;0.14;106;0;0;0;693;227;1;0.79;1;0;0;0;18 minutes;07:59;3,874;826;0;0;0;32%;36%;80%
Darkaz-6141;3705;0;0;9;10%;195;21;15;0.02;104,630;7,905.27;11,767;4,640;100;7.55;281;21;34;238;17.98;30;13;2.38;0;4;0;98;7.4;17;4;13;0;9;88,926;6,719;11,275;4,909;13;0;0;28;12;3;13;0;0;0;4;2;85;6.42;18;12:15;00:55;02:06;267;20;39;2,680;0.29;456;0;0;0;6,083;1,911;8;0.6;2;0;0;0;2 hours;44:52;28,785;2,619;0;0;5;31%;44%;70%
DeGuN-2283;75;0;0;0;11%;4;4;4;0;1,697;2,893.23;1,697;1,460;2;3.4;7;12;7;5;8.52;5;4;2.5;0;0;0;2;3.4;2;0;1;0;1;1,844;3,144.57;1,844;1,081;0;0;0;1;1;0;1;0;0;0;0;0;0;0;0;0;0;0;1;2;1;132;0;132;0;0;0;0;0;1;1.7;1;0;0;0;3 minutes;00:10;625;625;0;0;0;33%;0;100%
DERPGUYZ-1495;2481;0;0;0;6%;23;4;3;0.01;19,486;6,798.38;4,080;2,263;34;11.86;52;18;15;50;17.44;20;10;1.47;0;0;0;20;6.97;7;2;3;0;1;17,788;6,206;4,995;1,699;10;0;0;10;2;6;2;0;0;0;0;0;24;8.37;9;03:05;01:04;01:15;49;17;19;763;0.39;208;0;0;0;1,552;369;3;1.04;1;0;0;0;31 minutes;08:55;5,202;1,068;0;0;3;23%;34%;44%
DerpHead-3508;2487;0;0;0;6%;24;7;3;0.01;18,806;8,925.53;8,842;3,135;24;11.39;41;19;16;33;15.66;11;6;1.37;0;1;0;10;4.74;4;1;2;0;1;19,468;9,240;4,884;4,468;6;0;0;2;0;0;2;0;0;0;0;0;19;9.01;7;02:06;00:59;00:34;27;13;10;351;0.2;223;0;0;0;1,423;380;2;0.94;1;0;0;0;28 minutes;05:00;7,066;1,246;0;0;0;26%;27%;38%
Deso-11717;2903;0;0;13;4%;111;16;7;0;126,145;7,568.62;13,255;6,028;127;7.61;368;22;35;320;19.19;32;20;2.51;0;3;0;110;6.59;15;7;17;0;10;121,280;7,277;11,543;3,833;20;0;0;34;8;10;16;2;0.11;1;0;0;133;7.97;16;18:54;01:08;02:09;410;25;39;3,932;0.31;440;0;0;0;6,936;2,438;9;0.53;2;0;0;0;3 hours;42:37;36,684;1,449;0;0;5;35%;45%;59%
Dest-1774;0;0;0;0;3%;2;2;2;0;2,896;4,191.45;2,896;2,525;1;1.44;10;14;10;5;7.23;5;5;5;0;0;0;2;2.89;2;0;1;0;1;1,488;2,154;1,488;1,321;5;0;0;1;0;0;1;0;0;0;0;0;3;4.34;3;00:24;00:35;00:24;9;13;9;58;0.23;58;0;0;0;158;58;1;1.44;1;0;0;0;4 minutes;00:05;58;58;0;0;0;36%;0;100%
DevjlCloudVN-1911;3102;0;0;0;7%;144;29;11;0.02;90,056;14,551.76;14,286;5,052;72;11.63;163;26;35;178;28.76;34;14;2.47;0;1;0;79;12.76;18;3;6;0;4;45,034;7,277;8,193;3,070;14;0;0;19;7;2;10;0;0;0;0;0;69;11.14;12;07:08;01:09;01:39;159;26;27;1,849;0.35;483;0;0;0;5,107;1,813;10;1.61;3;0;0;0;1 hour;23:19;14,615;1,313;0;0;0;35%;46%;59%
doGsInaT-1838;3173;0;0;9;5%;100;16;9;0.01;99,715;7,784.91;14,193;6,571;62;4.84;344;27;49;260;20.29;39;14;4.19;0;2;0;80;6.24;14;3;13;0;10;102,546;8,006;5,256;5,293;14;0;0;25;7;9;9;0;0;0;3;2;85;6.63;15;09:56;00:46;01:38;252;20;33;2,144;0.26;475;0;0;0;6,153;1,961;10;0.78;2;0;0;0;2 hours;41:50;33,733;1,902;0;0;1;31%;40%;74%
Doubted-11183;3492;0;0;0;3%;3;3;2;0;3,871;8,367.71;3,871;878;5;10.8;13;28;13;10;21.61;10;6;2;0;1;0;3;6.48;3;0;0;0;0;5,111;11,049;5,111;2,091;6;0;0;0;0;0;0;0;0;0;0;0;7;15.13;7;00:18;00:41;00:18;9;19;9;201;0.44;201;0;0;0;251;79;0;0;0;0;0;0;7 minutes;00:10;1,234;715;0;0;0;31%;31%;0
Edude13-1114;2202;0;0;0;0;0;0;0;0;615;2,086.45;615;454;5;16.96;2;7;2;2;6.78;2;1;0.4;0;0;0;0;0;0;0;0;0;0;1,308;4,439;1,308;674;1;0;0;1;1;0;0;0;0;0;0;0;1;3.39;1;00:09;00:33;00:09;2;7;2;0;0;0;0;0;0;105;12;0;0;0;0;0;0;2 minutes;0;383;383;0;0;0;11%;0;0
elic-3246;2437;0;0;4;5%;47;17;5;0.01;45,711;9,426.17;16,607;3,970;40;8.24;106;22;38;111;22.88;36;9;2.77;0;0;0;36;7.42;10;2;5;0;3;43,292;8,927;16,067;5,403;9;0;0;14;3;7;4;2;0.41;1;4;2;35;7.21;13;05:24;01:06;01:37;114;24;32;1,920;0.55;638;0;0;0;2,428;899;6;1.23;2;0;0;0;57 minutes;20:07;14,812;1,630;0;0;10;37%;47%;54%
ende-3181;2191;0;0;0;3%;1;1;1;0;1,532;2,935.26;906;800;9;17.24;9;17;6;4;7.66;3;2;0.44;0;0;0;0;0;0;0;1;0;0;3,244;6,216;1,865;1,141;2;0;0;1;0;0;0;0;0;0;0;0;0;0;0;00:05;00:10;00:05;6;11;4;154;0.36;154;0;0;0;114;29;0;0;0;0;0;0;7 minutes;0;650;570;0;0;0;25%;0;40%
EnumaElish-3343;3604;0;0;1;6%;13;9;3;0.01;9,664;7,580.85;6,503;1,746;11;8.62;37;29;32;23;18.04;19;5;2.09;0;0;0;9;7.05;8;0;1;0;1;11,550;9,060;7,018;2,562;5;0;0;4;3;0;1;0;0;0;0;0;6;4.7;5;00:41;00:32;00:33;26;20;23;528;0.6;396;0;0;0;594;194;0;0;0;0;0;0;14 minutes;03:44;3,732;1,967;0;0;0;32%;29%;78%
Envi-31896;3032;0;0;0;4%;2;2;2;0.01;2,584;7,647.82;2,584;1,359;2;5.92;1;3;1;1;2.96;1;1;0.5;0;0;0;1;2.96;1;0;0;0;0;2,392;7,082;2,392;1,994;1;0;0;1;1;0;0;0;0;0;0;0;0;0;0;0;0;0;1;3;1;31;0.19;31;0;0;0;106;41;0;0;0;0;0;0;2 minutes;0;394;394;0;0;0;38%;0;0
EquarTix-2371;64;0;0;3;8%;120;17;7;0;73,979;7,435.8;10,430;4,754;83;8.34;100;10;18;166;16.68;26;12;2;0;2;0;72;7.23;10;0;10;0;6;64,464;6,479.35;8,165;3,134;12;0;0;29;9;7;13;6;0.6;3;0;0;71;7.13;13;11:01;01:06;02:05;46;5;15;968;0;344;0;0;0;0;0;18;1.8;3;0;0;0;1 hour;44:51;23,693;1,899;0;0;0;34%;0;62%
ESC-31979;3772;0;0;0;2%;6;5;2;0;9,984;10,959.5;5,190;2,426;9;9.87;24;26;13;20;21.95;10;7;2.22;0;0;0;5;5.48;3;0;1;0;0;12,047;13,224;5,039;2,759;7;0;0;3;1;1;1;0;0;0;0;0;7;7.68;6;02:28;02:43;02:27;24;26;15;225;0.26;225;0;0;0;778;213;0;0;0;0;0;0;14 minutes;04:50;4,120;1,194;0;0;0;27%;36%;48%
EunBi-11601;3000;0;0;0;10%;33;9;9;0.02;16,474;8,911.05;4,784;3,051;16;8.65;38;21;18;42;22.71;10;10;2.62;0;1;0;11;5.95;4;1;2;0;1;17,827;9,643;4,530;4,008;10;0;0;4;2;1;1;1;0.54;1;0;0;17;9.19;6;01:47;00:58;00:29;45;24;15;371;0.26;140;0;0;0;1,217;321;0;0;0;0;0;0;23 minutes;08:48;5,425;1,211;0;0;0;26%;46%;38%
eXile1cK-1643;2867;0;0;2;9%;86;11;9;0.01;48,316;9,243.3;8,599;4,081;69;13.2;111;21;17;93;17.79;16;6;1.34;0;0;0;38;7.26;6;2;5;0;3;38,257;7,319;6,037;3,147;6;0;0;10;5;1;4;0;0;0;3;1;33;6.31;5;06:07;01:10;01:35;78;15;13;1,102;0.24;202;0;0;0;3,439;951;8;1.53;3;0;0;0;1 hour;10:44;15,004;1,690;0;0;0;27%;45%;58%
Faith-1102;50;0;0;1;4%;3;3;2;0;3,461;5,333.54;3,393;2,723;3;4.62;2;3;2;5;7.7;5;4;1.66;0;0;0;2;3.08;2;0;1;0;1;2,774;4,274.97;2,283;1,185;4;0;0;1;1;0;1;0;0;0;0;0;3;4.62;3;00:13;00:20;00:13;0;0;0;0;0;0;0;0;0;0;0;0;0;0;0;0;0;4 minutes;00:24;1,054;877;0;0;0;36%;0;95%
Flame-12415;2806;0;0;2;7%;29;18;7;0.01;19,978;8,364.08;15,519;4,144;19;7.95;47;20;34;35;14.65;25;11;1.84;0;1;0;7;2.93;5;0;2;0;2;14,075;5,893;8,492;3,151;11;0;0;4;1;0;2;0;0;0;0;0;17;7.11;14;03:03;01:16;02:29;49;21;34;206;0.13;126;0;0;0;1,225;397;0;0;0;0;0;0;26 minutes;06:05;4,324;923;0;0;0;32%;36%;85%
flyby-11830;3830;0;0;1;6%;17;16;5;0.01;14,460;11,202.65;12,113;3,917;8;6.19;32;25;28;26;20.14;24;8;3.25;0;0;0;11;8.52;11;0;1;0;1;8,437;6,536;6,636;2,058;8;0;0;5;2;0;4;0;0;0;0;0;9;6.97;9;01:04;00:49;00:55;27;21;23;248;0.27;151;0;0;0;683;281;4;3.09;4;0;0;0;15 minutes;01:42;1,958;636;0;0;1;41%;41%;73%
FongBi-1515;2655;0;0;0;4%;10;8;5;0.01;11,647;18,067.82;6,328;2,416;12;18.61;16;25;9;11;17.06;7;3;0.91;0;0;0;5;7.75;3;0;1;0;0;9,523;14,773;6,922;2,731;3;0;0;2;1;0;1;0;0;0;0;0;5;7.75;4;01:21;02:06;00:51;12;19;8;61;0.08;41;0;0;0;683;240;0;0;0;0;0;0;12 minutes;00:52;3,846;1,716;0;0;0;35%;0;0
Frostnium-1430;2424;0;0;4;7%;85;23;8;0.01;58,297;9,501.71;13,685;3,045;51;8.31;141;23;29;125;20.37;26;12;2.45;0;0;0;50;8.14;13;2;6;0;4;49,370;8,047;15,924;3,519;12;0;0;16;5;5;7;1;0.16;1;0;0;64;10.43;17;11:28;01:52;02:47;136;22;25;1,852;0.39;527;0;0;0;3,741;1,105;3;0.48;2;0;0;0;1 hour;23:57;17,314;1,435;0;0;6;29%;33%;62%
Frosty-3647;3980;0;0;9;8%;210;32;12;0.02;128,683;9,560.53;13,233;6,204;110;8.17;318;24;34;285;21.17;27;17;2.59;0;2;0;96;7.13;8;5;13;0;8;111,199;8,262;13,290;3,898;17;0;0;35;11;8;17;5;0.37;1;3;1;98;7.28;12;13:04;00:58;02:44;336;25;31;1,806;0.17;198;0;0;0;8,746;2,446;14;1.04;3;0;0;0;2 hours;42:29;32,095;2,030;0;0;0;27%;62%;61%
Fulena-1606;3613;0;0;5;6%;279;24;10;0.01;204,492;11,468.47;19,323;4,085;233;13.06;451;25;50;386;21.64;37;10;1.65;0;3;0;113;6.33;12;12;18;1;5;163,860;9,190;1,750;3,650;10;0;0;35;10;11;15;4;0.22;2;3;1;153;8.58;16;16:38;00:55;01:45;377;21;36;3,934;0.24;464;0;0;0;13,953;4,067;20;1.12;4;0;0;0;4 hours;01:04:37;57,811;2,199;0;0;0;29%;44%;27%
Galactic-21329;47;0;0;2;8%;24;14;4;0;13,951;5,573.04;8,861;2,761;20;7.98;20;8;10;39;15.57;24;6;1.95;0;0;0;15;5.99;11;0;3;0;2;16,671;6,659.51;8,722;4,289;6;0;0;9;3;4;2;0;0;0;0;0;14;5.59;8;02:47;01:06;01:36;10;4;5;801;0;451;0;0;0;0;0;3;1.19;3;0;0;0;28 minutes;10:33;6,389;1,451;0;0;0;23%;0;85%
GambleRumble-1509;3583;0;0;0;7%;20;7;7;0.01;14,616;8,729.96;4,913;3,124;16;9.55;48;29;14;25;14.93;9;9;1.56;0;0;0;9;5.37;5;1;2;0;1;14,679;8,768;3,522;3,128;9;0;0;3;1;1;1;1;0.59;1;0;0;9;5.37;4;00:47;00:28;00:25;39;23;14;302;0.22;250;0;0;0;811;279;1;0.59;1;0;0;0;22 minutes;04:12;5,226;1,382;0;0;0;34%;0;49%
GH4NA-1439;2926;0;0;1;13%;26;13;9;0.02;11,060;6,525.38;5,663;3,783;7;4.13;25;15;18;14;8.26;9;7;2;0;0;0;3;1.77;3;1;2;0;1;10,494;6,192;5,203;3,895;7;0;0;4;2;0;2;0;0;0;0;0;6;3.54;5;01:05;00:38;00:47;20;12;11;191;0.2;191;0;0;0;754;198;1;0.59;1;0;0;0;15 minutes;00:58;3,373;1,267;0;0;1;26%;31%;59%
GhostDragon-153648;3026;0;0;14;5%;284;14;8;0;251,424;6,772.96;9,969;4,082;430;11.58;685;18;44;622;16.75;33;12;1.44;0;4;0;209;5.63;12;18;37;4;15;204,745;5,516;11,806;3,813;12;0;0;94;28;28;38;0;0;0;0;0;347;9.34;21;58:46;01:34;04:39;657;18;39;7,248;0.25;733;0;0;0;16,858;4,966;25;0.67;3;0;0;0;7 hours;01:30:31;62,415;3,575;0;0;7;29%;51%;40%
Gibo-11904;3625;0;0;2;6%;51;21;7;0.02;37,934;14,669.19;16,567;7,033;23;8.89;75;29;35;58;22.42;25;11;2.52;0;0;0;17;6.57;10;0;3;0;2;32,397;12,528;13,090;5,521;11;0;0;4;1;2;1;0;0;0;0;0;25;9.66;10;05:15;02:02;02:19;76;29;32;496;0.2;283;0;0;0;1,920;758;1;0.38;1;0;0;0;39 minutes;10:40;9,385;1,391;0;0;0;39%;29%;74%
GluhenRose-1558;2639;0;0;1;5%;45;22;8;0.01;42,437;13,300.25;18,377;3,636;28;8.77;79;25;33;71;22.25;29;7;2.53;0;0;0;24;7.52;9;1;3;1;1;24,968;7,825;8,048;2,778;7;0;0;9;3;2;3;3;0.94;1;0;0;31;9.71;16;04:48;01:30;02:11;76;24;31;795;0.3;395;0;0;0;2,409;844;3;0.94;3;0;0;0;43 minutes;13:24;8,117;1,000;0;0;0;35%;25%;32%
GoDLuci-1127;3686;0;0;47;8%;951;29;14;0.01;578,214;7,788.25;13,069;4,429;701;9.44;1,666;22;46;1,318;17.75;36;14;1.88;0;4;0;466;6.27;12;34;74;3;37;575,157;7,747;4,213;6,677;14;0;0;138;40;37;62;12;0.16;1;3;8;538;7.24;19;59:18;00:47;02:33;1,393;19;42;17,597;0.31;668;0;0;0;34,463;10,968;66;0.88;3;0;0;0;15 hours;03:31:29;206,823;2,708;0;0;9;31%;52%;49%
Gods-1217;4059;0;0;0;6%;24;10;6;0.01;19,661;12,794.54;11,169;3,468;15;9.76;38;25;21;36;23.42;19;7;2.4;0;0;0;13;8.45;6;1;2;0;1;13,696;8,913;6,386;2,485;7;0;0;3;1;1;1;0;0;0;0;0;10;6.5;5;01:29;00:58;00:33;32;21;18;616;0.44;318;0;0;0;1,082;378;2;1.3;1;0;0;0;23 minutes;04:52;5,562;1,371;0;0;0;34%;0;34%
Goosen-21913;2723;0;0;57;9%;1,453;39;14;0.02;817,200;9,685.78;19,425;7,416;803;9.51;1,996;24;52;1,657;19.63;43;15;2.06;0;11;0;641;7.59;19;43;84;6;35;697,372;8,266;15,342;5,453;15;0;0;142;42;38;62;42;0.49;3;3;9;661;7.83;20;01:20:34;00:57;02:33;1,742;21;42;16,016;0.23;476;0;0;0;46,264;15,054;106;1.25;4;0;0;0;18 hours;05:10:19;263,478;1,717;0;0;10;32%;56%;41%
Graceful-2412;87;0;0;16;8%;346;20;8;0;203,523;7,597.1;12,036;5,108;218;8.13;397;15;25;523;19.52;32;12;2.39;0;0;1;178;6.64;13;0;27;0;21;222,245;8,295.99;15,218;5,465;12;0;0;47;12;8;27;26;0.97;4;3;1;181;6.75;13;19:30;00:43;01:25;256;10;19;6,197;0;571;0;0;0;0;0;23;0.85;2;0;0;0;5 hours;02:02:06;82,825;2,055;0;0;0;26%;0;78%
Grifster-21910;57;0;0;0;16%;1;1;1;0;196;3,055.8;196;140;2;31.18;0;0;0;3;24.69;3;2;1.5;0;0;0;3;24.69;3;0;0;0;0;577;4,748.52;577;384;2;0;0;0;0;0;0;0;0;0;0;0;1;8.23;1;00:16;02:18;00:16;0;0;0;0;0;0;0;0;0;0;0;0;0;0;0;0;0;1 minute;00:24;95;95;0;0;0;25%;0;0
H4ms-3114;0;0;0;2;5%;28;19;8;0.01;24,385;9,934.95;12,695;2,932;17;6.92;66;27;39;53;21.59;35;11;3.11;0;0;0;15;6.11;8;1;2;0;1;22,211;9,049;12,199;2,752;11;0;0;6;1;1;4;0;0;0;0;0;24;9.77;16;03:02;01:14;01:38;46;19;32;316;0.16;269;0;0;0;1,070;478;4;1.62;3;0;0;0;32 minutes;07:41;5,948;1,202;0;0;0;44%;67%;40%
Hallowed-11808;2942;0;0;6;7%;113;24;10;0.01;79,742;8,493.69;12,050;3,511;75;7.98;204;22;32;182;19.38;26;10;2.42;0;1;0;59;6.28;13;4;9;0;5;64,172;6,835;11,288;2,762;10;0;0;22;8;2;12;2;0.21;1;3;2;85;9.05;14;11:34;01:13;02:08;188;20;27;1,718;0.26;433;0;0;0;4,524;1,525;16;1.7;4;0;0;0;1 hour;39:06;23,431;1,320;0;0;2;33%;41%;55%
Hamnett-3532;0;0;0;1;6%;27;18;7;0.01;21,521;11,653.13;12,498;2,502;16;8.66;61;33;32;59;31.94;43;11;3.68;0;0;0;26;14.07;17;0;2;0;1;17,359;9,399;10,341;2,203;11;0;0;7;3;2;1;3;1.62;3;0;0;36;19.49;27;08:20;04:30;03:13;62;34;39;517;0.32;309;0;0;0;1,370;413;3;1.62;2;0;0;0;26 minutes;09:22;6,913;1,423;0;0;0;30%;33%;73%
HappyPants-1658;3503;0;0;3;8%;52;20;11;0.02;30,226;9,237.85;10,454;3,171;25;7.64;68;21;25;76;23.22;29;7;3.04;0;0;0;31;9.47;12;1;3;0;2;21,328;6,518;5,936;2,261;7;0;0;11;4;2;5;1;0.3;1;0;0;24;7.33;10;01:20;00:24;00:34;72;22;27;412;0.2;281;0;0;0;1,654;582;2;0.61;1;0;0;0;33 minutes;05:53;7,693;1,307;0;0;0;35%;45%;69%
Hardi-11389;0;0;0;0;7%;9;9;2;0.01;6,323;9,557.73;6,323;1,145;9;13.6;13;20;13;17;25.69;17;4;1.88;0;0;0;6;9.07;6;0;1;0;1;4,533;6,852;4,533;919;4;0;0;3;2;1;0;0;0;0;0;0;8;12.09;8;01:50;02:47;01:50;1;2;1;95;0.15;95;0;0;0;451;115;1;1.51;1;0;0;0;10 minutes;03:38;1,551;639;0;0;1;25%;25%;100%
HAVATITE-1990;2718;0;0;2;6%;41;19;6;0.01;33,930;7,657.23;12,057;2,451;40;9.02;101;23;43;68;15.34;31;7;1.7;0;0;0;19;4.28;10;2;4;0;2;34,658;7,821;189;2,332;7;0;0;10;1;3;5;1;0.22;1;0;0;31;6.99;14;07:11;01:37;03:29;91;21;44;1,128;0.32;470;0;0;0;2,226;670;3;0.67;2;0;0;0;57 minutes;20:36;10,470;781;0;0;1;30%;27%;45%
HEEYA-3357;2300;0;0;3;5%;41;10;5;0.01;1,891;7,922.04;1,891;1,891;1;4.18;104;20;23;69;13.01;14;7;1.5;0;1;0;23;4.33;6;0;0;0;3;44,910;8,469;8,682;4,050;7;0;0;0;1;0;0;0;0;0;0;0;32;6.03;8;03:24;00:38;00:44;77;15;15;1,074;0.27;292;0;0;0;55;14;3;0.56;2;0;0;0;1 minute;08:59;13,967;1,467;0;0;0;25%;25%;47%
HeyKatie-1413;3644;0;0;1;5%;36;12;9;0.01;31,482;12,783.66;13,043;3,908;31;12.58;41;17;14;38;15.43;10;10;1.22;0;0;0;5;2.03;3;2;2;0;0;16,186;6,572;4,210;3,944;10;0;0;6;1;1;3;0;0;0;0;0;8;3.24;4;01:05;00:26;00:29;28;11;8;941;0.43;403;0;0;0;1,729;611;1;0.4;1;0;0;0;36 minutes;05:09;6,867;1,806;0;0;0;35%;52%;11%
Hinnjai-4609;0;0;0;0;8%;6;6;4;0.03;3,212;17,187.89;3,212;2,792;2;10.7;11;59;11;10;53.51;10;7;5;0;0;0;4;21.4;4;0;0;0;0;3,930;21,028;3,930;3,637;7;0;0;1;0;0;0;0;0;0;0;0;2;10.7;2;00:07;00:37;00:07;3;16;3;0;0;0;0;0;0;153;68;2;10.7;2;0;0;0;3 minutes;02:29;1,469;1,176;0;0;0;44%;44%;100%
HoilDaym7K-4639;1803;0;0;1;4%;17;9;4;0.01;17,336;11,996.68;10,428;5,831;8;5.53;30;21;18;25;17.3;14;11;3.12;0;0;0;5;3.46;2;1;1;0;0;12,996;8,993;5,527;3,265;11;0;0;4;1;1;2;0;0;0;0;0;14;9.68;8;01:21;00:56;00:35;29;20;18;313;0.28;153;0;0;0;1,276;363;0;0;0;0;0;0;18 minutes;02:40;1,939;831;0;0;0;28%;31%;0
HolynoshuryX-6110;2263;0;0;2;7%;72;18;4;0.01;51,138;8,763.45;9,280;2,643;77;13.19;124;21;30;112;19.19;27;8;1.45;0;1;0;44;7.54;14;4;6;0;2;46,785;8,017;10,788;2,751;8;0;0;9;1;5;3;2;0.34;1;0;0;58;9.93;19;08:57;01:32;02:59;106;18;21;1,913;0.38;672;0;0;0;3,985;1,016;7;1.19;1;0;0;0;1 hour;24:56;13,639;1,119;0;0;4;25%;39%;35%
Hoon-31856;4366;0;0;0;7%;3;3;1;0.01;2,091;5,362.45;1,936;800;5;12.82;3;8;2;1;2.56;1;1;0.2;0;0;0;0;0;0;0;0;0;0;1,514;3,883;1,447;881;1;0;0;1;1;0;0;0;0;0;0;0;0;0;0;00:05;00:13;00:05;2;5;1;90;0.37;90;0;0;0;110;41;0;0;0;0;0;0;3 minutes;0;639;639;0;0;0;37%;45%;0
hoshimichan-1316;72;0;0;1;9%;31;13;6;0.01;15,881;8,313.72;7,365;2,057;18;9.42;28;15;12;38;19.89;16;6;2.11;0;1;0;12;6.28;6;1;2;0;1;16,890;8,842;7,181;3,201;6;0;0;4;1;1;2;2;1.04;1;0;0;18;9.42;7;02:44;01:26;01:38;14;7;6;680;0.4;318;0;0;0;787;321;3;1.57;1;0;0;0;28 minutes;13:56;5,760;885;0;0;0;40%;39%;53%
Hossy-11899;2833;0;0;239;6%;4,216;31;12;0.01;3,487,632;8,907.58;19,699;7,247;3,364;8.59;9,388;24;71;7,817;19.96;48;18;2.32;0;46;0;2,607;6.65;18;180;392;15;196;3,276,469;8,368;17,562;7,249;18;0;0;781;211;111;459;81;0.2;2;4;28;3,681;9.4;29;08:56:16;01:22;04:21;8,781;22;50;84,465;0.26;744;0;0;0;217,878;67,154;335;0.85;5;0;0;0;90 hours;22:54:02;1,164,685;2,888;0;0;39;30%;46%;50%
HotLaps-1110;0;0;0;1;7%;25;12;8;0.01;16,337;5,171.62;6,527;2,701;14;4.43;25;8;8;28;8.86;10;6;2;0;0;0;10;3.16;4;2;3;1;1;11,601;3,672;4,183;1,897;6;0;0;2;0;1;1;2;0.63;1;0;0;11;3.48;5;02:48;00:53;01:10;39;12;16;291;0.2;291;0;0;0;1,660;320;0;0;0;0;0;0;23 minutes;01:38;2,098;517;0;0;2;19%;22%;29%
HotShotGG-3480;3682;0;0;1;6%;20;12;6;0.02;16,279;17,990.53;8,947;4,029;8;8.84;24;27;13;19;20.99;12;8;2.37;0;0;0;6;6.63;5;0;1;0;0;10,726;11,853;6,932;3,978;8;0;0;2;1;0;0;0;0;0;0;0;5;5.52;4;00:17;00:19;00:13;20;22;13;254;0.32;203;0;0;0;922;324;1;1.1;1;0;0;0;13 minutes;01:09;5,509;1,582;0;0;0;35%;41%;54%
HumanRabbit-1734;1206;0;0;0;5%;23;13;4;0.01;18,609;7,758.1;12,287;1,678;27;11.25;38;16;24;38;15.84;25;6;1.4;0;1;0;18;7.5;10;2;2;0;0;14,978;6,244;7,242;1,584;6;0;0;9;1;3;5;0;0;0;0;0;18;7.5;13;04:08;01:43;03:03;30;13;19;731;0.36;353;0;0;0;1,504;396;3;1.25;1;0;0;0;33 minutes;05:34;4,284;891;0;0;0;26%;29%;0
Hung-3864;0;0;0;1;3%;12;5;3;0;16,740;10,394.43;7,633;4,675;18;11.17;41;25;22;41;25.45;18;13;2.27;0;0;0;15;9.31;9;2;2;0;0;15,107;9,380;8,450;5,033;13;0;0;7;4;1;2;0;0;0;0;0;14;8.69;6;02:28;01:32;01:33;45;28;23;266;0.19;259;0;0;0;1,290;309;4;2.48;2;0;0;0;23 minutes;13:51;5,338;1,710;0;0;0;23%;29%;0
Hunterhyde-1159;2701;0;0;4;7%;168;20;6;0.01;124,172;9,723.39;13,350;4,579;142;11.11;317;25;37;274;21.45;28;13;1.92;0;6;0;105;8.22;16;5;13;0;7;107,740;8,437;10,233;3,665;13;0;0;24;7;3;13;5;0.39;1;3;1;97;7.59;9;09:12;00:43;00:57;299;23;33;2,803;0.24;533;0;0;0;8,172;2,346;18;1.4;5;0;0;0;3 hours;26:52;29,785;1,330;0;0;0;28%;41%;57%
Hymalaya-1507;1698;0;0;4;9%;84;48;9;0.01;44,946;8,761.22;18,936;5,147;58;11.3;127;25;34;100;19.49;52;10;1.72;0;0;0;48;9.35;26;3;5;0;2;43,700;8,518;5,436;3,697;10;0;0;12;3;4;6;0;0;0;0;0;52;10.13;28;09:59;01:56;04:20;110;21;46;1,682;0.39;497;0;0;0;3,194;842;6;1.16;4;0;0;0;1 hour;23:15;16,750;985;0;0;3;26%;33%;42%
Hyper-1157;3921;0;0;1;4%;15;8;3;0.01;15,385;12,310.21;6,332;3,819;13;10.4;30;24;17;29;23.2;16;10;2.23;0;0;0;9;7.2;6;0;1;0;1;10,666;8,535;6,488;4,648;10;0;0;4;1;0;3;0;0;0;0;0;12;9.6;8;02:41;02:08;02:04;26;21;16;148;0.14;148;0;0;0;843;311;1;0.8;1;0;0;0;17 minutes;06:27;4,151;2,165;0;0;0;36%;0;95%
IANBOT-11988;2823;0;0;2;5%;31;15;3;0.01;30,080;10,097.09;14,573;2,361;34;11.41;56;19;34;53;17.79;29;10;1.55;0;1;0;22;7.38;13;2;3;1;0;25,642;8,607;10,584;2,916;10;0;0;7;2;2;3;1;0.33;1;3;1;24;8.05;14;03:00;01:00;01:58;53;18;26;573;0.24;222;0;0;0;1,773;593;3;1;3;0;0;0;38 minutes;05:07;10,385;2,366;0;0;0;33%;26%;5%
iddqd-2884;84;0;0;1;11%;18;8;4;0;9,155;3,691.51;3,322;2,886;9;3.62;23;9;11;33;13.3;15;8;3.66;0;0;0;17;6.85;8;0;2;0;1;5,979;2,411.04;2,920;1,304;0;0;0;4;1;2;1;0;0;0;0;0;7;2.82;5;00:45;00:18;00:40;5;2;2;0;0;0;0;0;0;0;0;7;2.82;4;0;0;0;15 minutes;04:15;1,283;755;0;0;0;32%;0;59%
IDK-11494;3227;0;0;7;6%;93;17;9;0.01;75,687;7,472.5;10,852;3,832;77;7.6;228;23;35;174;17.17;30;14;2.25;0;0;0;40;3.94;6;2;10;1;7;77,097;7,612;13,607;3,562;14;0;0;30;9;9;12;1;0.09;1;0;0;84;8.29;14;14:08;01:23;02:20;230;23;30;2,772;0.37;414;0;0;0;5,668;1,460;8;0.78;2;0;0;0;2 hours;30:14;23,512;1,787;0;0;0;25%;32%;72%
IlIlIlIl-11546;0;0;0;1;7%;14;14;5;0.01;9,877;10,086.05;9,877;2,555;10;10.21;32;33;32;24;24.5;24;9;2.4;0;1;0;7;7.14;7;1;1;0;1;10,678;10,904;10,678;3,320;9;0;0;2;0;1;1;0;0;0;0;0;14;14.29;14;01:42;01:44;01:42;23;23;23;143;0.16;143;0;0;0;577;195;2;2.04;2;0;0;0;14 minutes;02:44;5,033;1,873;0;0;0;33%;33%;100%
IMWarMachine-6379;2264;0;0;1;6%;35;13;8;0.01;28,881;9,476.31;10,350;3,041;31;10.17;54;18;26;53;17.39;20;9;1.7;0;0;0;22;7.21;9;3;3;0;0;24,436;8,018;9,547;2,759;9;0;0;8;4;1;3;2;0.65;1;0;0;19;6.23;9;02:03;00:40;01:04;52;17;25;849;0.42;392;0;0;0;1,331;541;5;1.64;3;0;0;0;33 minutes;09:01;10,432;2,046;0;0;0;40%;42%;7%
Incognito-1602;72;0;0;4;8%;127;18;7;0;72,321;8,815.26;8,549;3,540;70;8.53;102;12;13;183;22.3;23;8;2.61;0;0;0;66;8.04;11;0;8;0;5;52,827;6,439.06;6,203;3,592;8;0;0;23;6;6;11;4;0.48;1;3;1;86;10.48;12;09:14;01:07;01:26;56;7;8;1,725;0;286;0;0;0;0;0;13;1.58;2;0;0;0;1 hour;46:30;16,872;1,484;0;0;0;28%;0;65%
Invision-2363;3901;0;0;1;9%;28;21;6;0.02;15,659;9,110.91;8,798;3,000;14;8.14;64;37;35;42;24.43;29;9;3;0;0;0;15;8.72;10;1;2;0;1;13,588;7,906;6,998;2,549;9;0;0;2;0;0;2;1;0.58;1;0;0;11;6.4;6;01:17;00:44;00:44;41;24;25;579;0.43;304;0;0;0;952;308;4;2.32;2;0;0;0;22 minutes;07:36;3,400;768;0;0;4;32%;32%;69%
ironblue-11749;2520;0;0;1;5%;37;13;7;0.01;32,249;11,037.16;9,785;3,689;22;7.52;66;23;18;51;17.45;16;7;2.31;0;0;0;21;7.18;6;1;3;0;2;23,411;8,012;6,080;3,319;7;0;0;7;4;0;3;1;0.34;1;3;1;17;5.81;8;04:03;01:23;01:44;58;20;19;760;0.37;180;0;0;0;1,618;631;2;0.68;2;0;0;0;33 minutes;08:54;6,792;2,611;0;0;0;38%;41%;67%
Ithae-1510;52;0;0;0;6%;42;9;5;0;31,787;9,372.31;7,423;3,577;56;16.51;31;9;6;78;22.99;15;8;1.39;0;0;0;29;8.55;5;0;3;0;2;23,034;6,791.67;3,617;1,861;8;0;0;7;1;3;2;0;0;0;0;0;30;8.84;7;02:28;00:43;01:00;19;6;5;649;0;148;0;0;0;0;0;5;1.47;2;0;0;0;58 minutes;08:31;5,592;747;0;0;0;29%;0;44%
JackaL-3407;2555;0;0;0;7%;7;7;3;0.02;4,539;18,073.46;4,539;1,976;4;15.92;12;48;12;10;39.82;10;5;2.5;0;0;0;2;7.96;2;0;0;0;0;1,868;7,439;1,868;940;5;0;0;0;0;0;0;0;0;0;0;0;2;7.96;2;00:11;00:43;00:11;7;28;7;0;0;0;0;0;0;251;88;1;3.98;1;0;0;0;5 minutes;02:06;99;99;0;0;0;35%;0;0
JesseJames-11680;2476;0;0;32;6%;575;19;10;0.01;428,797;5,568.89;9,617;3,189;676;8.77;1,455;19;41;829;10.76;22;11;1.22;0;11;0;206;2.67;9;0;0;3;0;440,718;5,724;9,533;3,566;11;0;0;0;0;0;66;1;0.01;1;4;2;433;5.62;16;01:33:06;01:12;02:27;1,097;14;26;12,646;0.24;614;0;0;0;39,364;8,343;29;0.37;2;2;0;0;6.972276004962623 seconds;01:47:51;134,919;1,929;0;0;19;21%;55%;44%
JIhooN-31212;2641;0;0;0;9%;22;10;4;0.01;11,910;6,688.39;4,569;2,354;17;9.54;31;17;13;33;18.53;19;8;1.94;0;0;0;9;5.05;6;1;2;0;1;7,830;4,397;2,988;1,702;8;0;0;3;1;0;2;0;0;0;0;0;20;11.23;13;03:03;01:42;01:54;38;21;20;154;0.09;145;0;0;0;1,784;223;1;0.56;1;0;0;0;27 minutes;01:50;1,850;689;0;0;0;12%;0;54%
jjlol-11226;52;28;2.1;6;6%;180;19;8;0;120,551;9,046.44;14,015;3,978;139;10.43;123;9;20;264;19.81;38;11;1.89;0;1;0;98;7.35;17;0;13;0;8;82,523;6,192.72;8,870;2,735;11;0;0;41;16;9;16;1;0.07;1;0;0;128;9.6;19;17:51;01:20;02:56;75;6;12;3,127;0;360;0;0;0;0;0;19;1.42;3;0;0;0;2 hours;58:48;30,302;1,508;0;0;0;28%;0;63%
JonnyBI-2703;3137;0;0;23;8%;440;26;11;0.01;266,425;8,994.15;16,920;4,871;278;9.38;848;29;39;603;20.35;34;12;2.16;0;3;0;207;6.98;16;15;30;0;15;274,012;9,250;14,065;5,712;12;0;0;56;18;18;21;1;0.03;1;3;5;266;8.97;15;37:45;01:16;02:56;602;20;35;6,413;0.26;544;0;0;0;15,516;5,131;33;1.11;3;0;0;0;6 hours;01:35:21;89,975;2,400;0;0;4;33%;46%;49%
Jorun-6697;3855;0;0;1;4%;12;7;7;0;13,276;8,888.18;4,664;4,664;11;7.36;50;33;23;31;20.75;13;10;2.81;0;0;0;11;7.36;4;1;1;0;1;15,136;10,134;6,062;2,779;10;0;0;3;1;0;2;0;0;0;0;0;12;8.03;8;03:16;02:11;02:41;39;26;20;207;0.15;124;0;0;0;792;270;0;0;0;0;0;0;22 minutes;00:25;2,073;850;0;0;0;34%;49%;61%
jyzhang-4449;2508;0;0;0;9%;16;16;6;0.02;9,751;11,228.82;9,751;2,268;6;6.9;22;25;22;21;24.18;21;7;3.5;0;0;0;9;10.36;9;0;1;0;1;5,555;6,397;5,555;1,619;7;0;0;4;3;0;1;1;1.15;1;0;0;10;11.51;10;02:11;02:31;02:11;23;26;23;85;0.12;85;0;0;0;615;163;1;1.15;1;0;0;0;11 minutes;06:06;1,250;360;0;0;2;26%;26%;100%
KAISER-31361;4393;0;0;0;30%;6;4;3;0.01;1,462;1,919.39;875;834;1;1.31;1;1;1;4;5.25;2;2;4;0;0;0;4;5.25;2;0;1;1;0;203;267;154;154;2;0;0;1;0;0;1;1;1.31;1;0;0;0;0;0;0;0;0;2;3;2;0;0;0;0;0;0;33;20;3;3.93;2;0;0;0;6 minutes;0;0;0;0;0;0;60%;54%;0
KAKI-11832;0;0;0;11;7%;200;31;9;0.02;138,168;11,470.19;16,145;6,631;98;8.13;292;24;44;316;26.23;41;14;3.22;0;1;0;119;9.87;17;4;12;0;8;98,439;8,172;14,039;4,359;14;0;0;41;8;12;21;1;0.08;1;0;0;132;10.95;28;12:17;01:01;01:56;283;23;39;3,469;0.37;696;0;0;0;8,064;2,681;24;1.99;6;0;0;0;2 hours;57:11;37,236;1,473;0;0;1;33%;50%;66%
Karma-12365;52;0;0;3;2%;12;6;2;0;18,342;7,936.59;7,624;2,814;20;8.65;29;13;14;35;15.14;15;6;1.75;0;0;0;12;5.19;5;0;2;0;0;24,828;10,743.11;9,537;4,744;6;0;0;5;2;1;2;1;0.43;1;0;0;14;6.05;6;03:06;01:20;01:22;25;11;13;598;0;316;0;0;0;0;0;1;0.43;1;0;0;0;31 minutes;13:34;6,299;859;0;0;0;31%;0;17%
Kay3-2155;69;0;0;0;14%;7;6;3;0;3,083;5,674.9;2,399;1,424;6;11.04;16;29;14;14;25.77;11;6;2.33;0;0;0;6;11.04;4;0;1;0;0;4,800;8,836.05;3,121;1,455;0;0;0;1;0;0;0;1;0;1;0;0;4;7.36;4;00:59;01:49;00:34;9;17;8;130;0;126;0;0;0;0;0;1;1.84;1;0;0;0;8 minutes;02:55;1,158;762;0;0;0;33%;0;72%
Kefka-11531;4123;0;0;19;8%;316;34;10;0.02;201,937;8,436.15;16,900;5,400;128;5.34;580;24;55;547;22.85;40;16;4.27;0;2;0;190;7.93;13;1;24;1;22;161,877;6,763;15,297;5,564;16;0;0;53;20;19;15;2;0.08;1;3;2;195;8.14;19;21:52;00:54;02:02;564;24;44;4,353;0.27;646;0;0;0;12,578;3,870;26;1.08;3;0;0;0;4 hours;01:28:55;49,648;2,674;0;0;1;30%;40%;91%
Keishi-11995;3431;0;0;18;8%;379;25;12;0.02;224,667;9,582.34;13,151;4,658;210;8.95;596;25;42;562;23.97;38;15;2.67;0;0;0;253;10.79;16;9;23;0;14;194,803;8,309;11,243;4,415;15;0;0;62;16;21;25;8;0.34;2;3;3;209;8.91;19;24:06;01:01;02:07;515;22;31;6,959;0.4;697;0;0;0;11,906;4,245;49;2.08;6;0;0;0;4 hours;01:47:57;71,032;2,329;0;0;0;35%;46%;59%
keRLos-1604;3974;0;0;20;7%;263;24;9;0.01;183,083;7,172.57;11,598;4,641;133;5.21;602;24;39;539;21.11;33;14;4.05;0;0;0;211;8.26;18;2;0;0;0;171,423;6,716;10,311;4,831;14;0;0;0;0;0;0;5;0.19;1;3;1;168;6.58;18;24:16;00:57;02:20;542;21;37;3,274;0.21;455;0;0;0;10,949;3,567;34;1.33;5;1;0;0;18.573524999432266 seconds;01:32:54;48,514;1,601;0;0;2;32%;41%;100%
Kira-1303;64;0;0;1;6%;14;5;2;0;12,190;7,956.56;3,957;1,404;21;13.7;24;16;7;28;18.27;11;5;1.33;0;0;0;9;5.87;3;0;2;0;0;16,736;10,923.85;5,205;2,448;5;0;0;4;1;1;1;0;0;0;0;0;12;7.83;5;00:45;00:29;00:28;9;6;4;262;0;134;0;0;0;0;0;2;1.3;1;0;0;0;23 minutes;08:12;5,043;1,022;0;0;0;30%;0;29%
KJerry-1610;4141;0;0;1;4%;10;6;4;0.01;10,687;7,364.52;7,693;4,549;6;4.13;16;11;14;21;14.47;17;11;3.5;0;0;0;6;4.13;5;0;1;0;1;6,740;4,645;5,758;3,472;11;0;0;6;2;2;2;0;0;0;0;0;3;2.06;3;00:24;00:17;00:19;20;14;17;376;0.56;201;0;0;0;583;209;1;0.68;1;0;0;0;11 minutes;03:52;3,029;1,700;0;0;0;35%;37%;100%
Klocky-3301;4466;0;0;2;4%;16;8;6;0.01;18,593;10,164.27;11,787;3,665;11;6.01;54;30;30;37;20.22;21;10;3.36;0;0;0;8;4.37;5;0;2;0;2;18,463;10,093;10,223;4,416;10;0;0;5;1;2;2;1;0.54;1;0;0;14;7.65;9;02:00;01:05;01:39;39;21;26;574;0.44;201;0;0;0;911;381;1;0.54;1;0;0;0;21 minutes;03:13;7,116;1,274;0;0;0;41%;46%;89%
KnOxXx-21951;3848;0;0;14;8%;288;27;9;0.02;183,697;11,970.95;13,594;5,133;99;6.45;550;36;65;413;26.91;37;13;4.17;0;0;0;154;10.03;14;4;15;1;10;150,188;9,787;2,139;4,780;13;0;0;30;13;8;10;3;0.19;1;3;3;135;8.79;13;15:38;01:01;02:10;458;30;40;4,082;0.32;498;0;0;0;9,074;3,485;25;1.62;3;1;0;0;3 hours;01:37:50;56,362;1,861;0;0;2;38%;48%;64%
KOKFC-1575;3897;0;0;16;7%;162;15;8;0.01;112,359;6,049.17;12,114;4,398;73;3.93;436;23;46;306;16.47;33;14;4.19;0;1;0;99;5.32;14;4;19;0;15;115,710;6,230;11,687;5,545;14;0;0;40;13;12;15;0;0;0;3;1;112;6.02;10;18:16;00:59;01:43;395;21;42;3,729;0.33;616;0;0;0;6,538;2,143;11;0.59;2;0;0;0;3 hours;55:36;31,309;1,689;0;0;0;32%;50%;78%
Kotani-2471;2612;0;0;0;6%;86;17;6;0.01;73,892;10,231.74;11,300;3,143;76;10.52;148;20;23;159;22.01;24;8;2.09;0;0;0;55;7.61;7;4;7;0;3;50,666;7,016;6,610;3,677;8;0;0;16;8;2;6;0;0;0;0;0;76;10.52;13;08:32;01:10;01:36;188;26;24;1,124;0.18;309;0;0;0;4,037;1,432;8;1.1;2;0;0;0;1 hour;18:12;21,058;1,859;0;0;0;35%;44%;44%
Kura-11749;4011;0;0;0;6%;3;3;3;0.02;2,528;14,604.23;2,528;2,528;0;0;5;29;5;5;28.88;5;5;0;0;0;0;3;17.33;3;0;0;0;0;503;2,906;503;503;5;0;0;0;0;0;0;0;0;0;0;0;1;5.77;1;00:02;00:13;00:02;5;29;5;0;0;0;0;0;0;110;49;1;5.77;1;0;0;0;1 minute;0;0;48;0;0;0;44%;44%;100%
KwamFun-1860;2633;0;0;3;8%;124;20;8;0.02;74,358;8,445.66;12,014;5,477;70;7.95;121;14;20;150;17.03;24;11;2.14;0;0;0;64;7.26;11;3;9;1;5;47,060;5,345;6,231;2,633;11;0;0;21;10;5;6;0;0;0;0;0;61;6.92;11;06:27;00:44;01:26;124;14;18;1,757;0.31;411;0;0;0;4,391;1,413;12;1.36;3;0;0;0;1 hour;22:01;16,939;1,212;0;0;3;32%;48%;56%
KYLE-3141;0;0;0;36;7%;952;30;9;0;642,110;7,517.43;14,270;5,200;933;10.92;1,293;15;32;1,483;17.36;40;14;1.58;7,479,600;11;0;414;4.84;13;39;85;0;46;659,606;7,722;14,134;5,422;14;0.33;2,513,307;159;52;36;71;18;0.21;2;3;3;616;7.21;19;01:51:04;01:18;02:48;776;9;20;20,611;0.2;775;0;0;0;62,777;13,569;55;0.64;3;0;0;0;27 hours;07:14:54;215,798;2,350;0;0;11;21%;35%;53%
Lara-31986;0;0;0;0;0;0;0;0;0;3,544;8,188.62;3,544;1,122;4;9.24;13;30;13;4;9.24;4;2;1;0;0;0;0;0;0;0;0;0;0;3,355;7,752;3,355;1,497;2;0;0;1;0;0;0;0;0;0;0;0;3;6.93;3;01:07;02:36;01:07;8;18;8;0;0;0;0;0;0;237;75;0;0;0;0;0;0;5 minutes;0;392;392;0;0;0;31%;31%;0
Laurie400-1327;31;0;0;0;8%;17;6;4;0;11,053;6,650.65;3,107;2,208;17;10.22;7;4;5;28;16.84;10;8;1.64;0;1;0;16;9.62;6;0;2;0;1;3,592;2,161.45;1,975;1,226;8;0;0;3;2;1;0;2;1.2;2;0;0;6;3.61;5;01:16;00:46;00:40;6;4;2;249;0;138;0;0;0;0;0;4;2.4;2;0;0;0;21 minutes;07:20;814;297;0;0;0;28%;0;46%
LazyTitan-33460;4211;0;0;0;8%;10;10;8;0.03;300;6,447.01;300;300;1;21.49;6;19;6;9;28.98;9;6;4.5;0;0;0;6;19.32;6;0;0;0;0;4,342;13,983;4,342;2,660;6;0;0;0;0;0;0;0;0;0;0;0;1;3.22;1;00:03;00:11;00:03;9;29;9;150;0.5;150;0;0;0;12;9;1;3.22;1;0;0;0;22.333730989135802 seconds;02:07;1,820;931;0;0;1;75%;0;0
LeBlanc-3936;3511;0;0;0;8%;11;11;5;0.01;6,637;7,611.26;5,588;1,964;9;10.32;22;25;21;15;17.2;14;5;1.66;0;0;0;5;5.73;4;1;1;0;0;7,398;8,483;6,724;2,628;5;0;0;1;0;0;1;0;0;0;0;0;4;4.58;4;00:12;00:14;00:12;15;17;15;53;0.07;53;0;0;0;566;129;0;0;0;0;0;0;11 minutes;01:35;2,041;1,437;0;0;0;22%;0;0
Legist-21953;2633;0;0;137;8%;2,684;48;13;0.01;1,695,256;8,992.73;21,237;6,062;1,800;9.54;4,803;25;52;3,637;19.29;46;18;2.02;0;39;0;1,332;7.06;20;72;189;8;109;1,522,936;8,079;16,879;5,381;18;0;0;402;118;80;205;14;0.07;2;4;22;1,715;9.09;26;03:48:49;01:12;04:49;4,000;21;49;44,722;0.3;726;0;0;0;84,814;32,060;148;0.78;5;0;0;0;40 hours;11:48:53;492,636;2,172;0;0;32;37%;61%;57%
LetterE-1468;2930;0;0;39;7%;516;24;15;0.01;357,739;8,970.38;14,580;8,240;254;6.36;1,121;28;56;789;19.78;38;15;3.1;0;11;0;266;6.67;15;16;40;2;22;384,813;9,649;18,317;6,683;15;0;0;76;16;25;35;11;0.27;2;3;1;367;9.2;23;42:39;01:04;02:30;993;25;43;9,589;0.31;615;0;0;0;21,057;6,796;34;0.85;5;1;0;0;8 hours;02:39:02;125,380;1,871;0;0;2;32%;58%;55%
Lilgho-4319;3766;0;0;1;10%;26;16;11;0.03;12,428;9,908.82;8,136;3,216;6;4.78;25;20;15;18;14.35;9;5;3;0;0;0;7;5.58;5;0;1;0;1;9,114;7,267;6,323;3,052;5;0;0;3;1;1;1;0;0;0;0;0;5;3.98;3;00:01;00:00;00:01;14;11;8;217;0.31;140;0;0;0;612;238;0;0;0;0;0;0;11 minutes;0;2,766;958;0;0;0;38%;37%;100%
Lish-21487;53;0;0;3;9%;118;14;8;0;68,366;7,664.06;7,134;6,506;72;8.07;103;12;19;165;18.49;20;16;2.29;0;1;0;64;7.17;9;0;9;0;5;54,669;6,128.58;7,779;4,757;16;0;0;33;9;9;14;2;0.22;1;3;1;76;8.51;10;09:51;01:06;01:21;39;4;6;992;0;215;0;0;0;0;0;18;2.01;3;0;0;0;1 hour;44:36;15,814;1,429;0;0;0;27%;0;51%
LIXU-4794;3497;0;0;0;6%;11;5;4;0.02;7,920;8,555.16;5,261;2,536;8;8.64;5;5;4;14;15.12;12;5;1.75;0;0;0;5;5.4;5;0;1;0;1;3,077;3,324;2,031;1,046;5;0;0;2;1;0;1;1;1.08;1;0;0;6;6.48;5;00:20;00:22;00:19;8;9;7;158;0.29;158;0;0;0;513;159;1;1.08;1;0;0;0;9 minutes;0;1,826;747;0;0;0;30%;3%;80%
LLOVEJX-1785;2651;0;0;0;1%;2;2;1;0;5,880;5,879.91;5,880;1,042;8;7.99;16;16;16;12;11.99;12;6;1.5;0;0;0;4;3.99;4;0;1;0;1;4,822;4,822;4,822;1,141;6;0;0;2;1;0;1;0;0;0;0;0;8;7.99;8;01:23;01:23;01:23;13;13;13;261;0.34;261;0;0;0;513;128;0;0;0;0;0;0;12 minutes;00:36;1,380;644;0;0;2;24%;24%;100%
LMorals-1207;2669;0;0;1;9%;35;19;5;0.02;19,604;13,148;12,171;2,984;18;12.07;55;37;32;46;30.85;21;8;2.55;0;0;0;15;10.06;7;1;1;0;1;17,466;11,714;9,529;3,674;8;0;0;4;2;1;1;1;0.67;1;0;0;37;24.81;16;04:00;02:41;01:56;54;36;23;907;0.57;597;0;0;0;959;355;2;1.34;1;0;0;0;26 minutes;07:27;8,132;1,120;0;0;1;37%;0;61%
Logue-1981;2403;0;0;2;9%;61;17;10;0.03;32,727;10,193.43;13,637;5,515;17;5.29;75;23;35;77;23.98;29;16;4.52;0;0;0;29;9.03;10;1;3;0;2;20,689;6,444;7,171;3,893;16;0;0;11;3;3;6;0;0;0;0;0;32;9.96;13;03:19;01:02;01:42;68;21;26;462;0.23;272;0;0;0;1,833;628;6;1.86;3;0;0;0;33 minutes;17:21;5,658;1,174;0;0;3;34%;39%;62%
LOVE-34893;3220;0;0;0;8%;13;13;4;0.03;7,904;12,549.69;7,904;3,125;6;9.52;4;6;4;4;6.35;4;2;0.66;0;2;0;1;1.58;1;1;1;0;0;3,597;5,712;3,597;870;2;0;0;1;0;0;1;0;0;0;0;0;0;0;0;00:00;00:00;00:00;4;6;4;129;0.36;129;0;0;0;373;162;0;0;0;0;0;0;5 minutes;0;918;728;0;0;0;43%;43%;0
LSNPIG-4979;0;0;0;0;13%;8;8;6;0.03;3,334;4,829.83;3,334;1,621;4;5.79;4;6;4;1;1.44;1;1;0.25;0;0;0;1;1.44;1;1;1;0;0;2,262;3,276;2,210;1,119;1;0;0;2;1;0;1;0;0;0;0;0;0;0;0;00:03;00:04;00:03;4;6;4;7;0.02;7;0;0;0;164;60;0;0;0;0;0;0;4 minutes;0;431;431;0;0;0;36%;0;0
Lunatic-32955;3035;0;0;1;9%;37;13;8;0.01;21,996;9,443.87;10,050;3,470;28;12.02;56;24;29;48;20.6;23;10;1.71;0;0;0;23;9.87;9;1;2;0;1;21,831;9,373;8,729;3,380;10;0;0;8;2;3;3;2;0.85;1;0;0;27;11.59;15;03:28;01:29;02:25;52;22;29;507;0.24;186;0;0;0;1,277;400;3;1.28;1;0;0;0;33 minutes;12:09;6,488;1,253;0;0;0;31%;43%;37%
Luxyne-1720;3380;0;0;0;6%;6;5;5;0.01;4,715;5,674.09;3,178;3,178;1;1.2;13;16;8;14;16.84;9;9;14;0;0;0;3;3.61;2;0;1;0;1;1,975;2,377;1,650;1,646;9;0;0;3;1;0;2;0;0;0;0;0;4;4.81;4;00:24;00:30;00:20;13;16;8;192;0.62;192;0;0;0;333;91;1;1.2;1;0;0;0;5 minutes;00:43;591;331;0;0;0;27%;31%;99%
MAJAJA-3599;0;0;0;9;6%;133;18;6;0.01;105,217;8,777.68;9,295;4,851;87;7.25;324;27;37;251;20.93;28;14;2.88;0;2;0;91;7.59;14;3;12;1;8;102,839;8,579;9,781;4,590;14;0;0;32;8;13;11;3;0.25;1;3;1;144;12.01;16;13:01;01:05;01:53;275;23;32;2,452;0.27;583;0;0;0;6,354;2,036;14;1.16;4;0;0;0;2 hours;52:33;27,169;1,175;0;0;5;32%;43%;67%
Maple-3133;3416;0;0;1;4%;13;7;3;0;13,669;6,616.46;5,368;1,823;20;9.68;38;18;17;23;11.13;13;5;1.14;0;0;0;8;3.87;6;1;2;0;1;22,082;10,688;5,255;2,321;5;0;0;3;0;3;0;2;0.96;1;0;0;10;4.84;5;01:09;00:33;00:38;29;14;16;64;0.04;36;0;0;0;1,257;270;1;0.48;1;0;0;0;26 minutes;04:40;7,159;1,272;0;0;0;21%;31%;33%
Mario-13553;50;0;0;1;5%;63;10;5;0;57,171;7,621.97;8,557;4,405;79;10.53;74;10;12;151;20.13;21;15;1.91;0;0;0;58;7.73;9;0;8;0;3;40,596;5,412.31;7,701;2,858;15;0.03;0;14;4;5;4;2;0.26;2;0;0;41;5.46;11;05:53;00:47;01:26;35;5;9;1,672;0;466;0;0;0;0;0;13;1.73;3;0;0;0;1 hour;30:25;11,246;955;81;10.79;0;28%;0;42%
MartabakKeju-1697;3125;0;0;0;6%;37;8;3;0.01;29,952;6,896.03;7,625;2,137;43;9.9;96;22;29;83;19.1;22;11;1.93;0;3;0;24;5.52;7;3;4;0;2;35,172;8,098;9,147;3,904;11;0;0;7;2;1;4;0;0;0;3;1;30;6.9;7;03:33;00:49;00:43;77;18;17;550;0.15;227;0;0;0;1,788;588;4;0.92;2;0;0;0;58 minutes;13:54;12,595;1,378;0;0;0;32%;52%;37%
MeePokBoy-1184;3653;0;0;0;10%;36;13;8;0.02;18,891;9,276.69;6,568;4,417;23;11.29;45;22;20;37;18.16;14;12;1.6;0;1;0;13;6.38;6;1;2;0;1;18,333;9,003;9,286;4,542;12;0;0;5;2;0;3;0;0;0;0;0;14;6.87;6;02:41;01:19;01:42;37;18;21;345;0.2;154;0;0;0;881;355;3;1.47;1;0;0;0;28 minutes;05:31;5,321;1,151;0;0;0;40%;0;29%
Mendokusaii-2955;4206;0;0;1;7%;20;14;8;0.01;14,937;11,455.05;9,865;2,749;9;6.9;45;35;33;33;25.3;25;9;3.66;0;0;0;13;9.96;10;0;1;0;1;10,690;8,198;7,099;2,723;9;0;0;5;3;1;1;0;0;0;0;0;7;5.36;6;01:21;01:02;00:47;35;27;27;257;0.25;145;0;0;0;681;281;2;1.53;1;0;0;0;16 minutes;05:31;4,802;1,154;0;0;0;41%;37%;100%
Mezamorphis-2358;3658;0;0;1;9%;34;20;6;0.02;19,913;12,604.06;10,613;3,044;15;9.49;46;29;29;55;34.81;31;12;3.66;0;0;0;22;13.92;12;0;2;0;2;12,081;7,646;6,678;2,562;12;0;0;4;3;0;1;0;0;0;3;1;28;17.72;14;02:25;01:32;01:43;55;35;30;630;0.4;429;0;0;0;1,151;361;4;2.53;3;0;0;0;25 minutes;09:07;4,483;814;0;0;0;31%;27%;100%
MgBlase-1420;0;0;0;4;7%;60;19;6;0.02;43,058;10,764.52;13,209;3,942;24;6;177;44;52;145;36.25;41;15;6.04;0;0;0;64;16;22;0;4;0;4;21,286;5,321;7,086;1,972;15;0;0;16;2;2;12;0;0;0;0;0;44;11;18;03:16;00:49;01:21;136;34;38;206;0.07;86;0;0;0;2,299;820;12;3;6;0;0;0;44 minutes;27:47;6,551;1,590;0;0;1;35%;43%;100%
MingWaiChang-4771;0;0;0;1;11%;13;7;7;0.02;5,963;7,735.18;3,648;2,315;4;5.18;19;25;15;16;20.75;11;11;4;0;0;0;8;10.37;6;0;1;0;0;6,819;8,844;3,758;3,061;11;0;0;1;1;0;0;0;0;0;0;0;8;10.37;5;00:01;00:02;00:01;11;14;9;8;0.01;8;0;0;0;400;112;1;1.29;1;0;0;0;9 minutes;00:22;1,873;829;0;0;0;28%;25%;62%
miruralula-1517;3723;0;0;1;6%;18;6;4;0.01;14,490;8,516.33;5,800;3,430;16;9.4;31;18;12;24;14.1;9;5;1.5;0;0;0;7;4.11;4;1;2;0;1;12,967;7,621;4,274;2,582;5;0;0;3;1;1;1;0;0;0;0;0;10;5.87;4;00:49;00:29;00:20;29;17;12;17;0.01;17;0;0;0;858;290;0;0;0;0;0;0;20 minutes;00:52;3,672;1,146;0;0;0;33%;55%;53%
Mix-41491;3599;0;0;17;5%;318;23;9;0.01;283,704;12,063.57;16,207;4,661;193;8.2;796;34;48;576;24.49;36;12;2.98;0;6;0;175;7.44;13;12;24;0;11;246,597;10,486;7,928;4,136;12;0;0;45;11;13;21;15;0.63;2;4;5;215;9.14;20;26:32;01:07;02:25;687;29;45;5,897;0.28;394;0;0;0;17,119;5,534;22;0.93;2;0;0;0;5 hours;01:48:00;92,951;1,913;0;0;4;32%;49%;46%
MogMk3-1981;3043;0;0;1;4%;19;12;2;0.01;19,876;11,904.42;15,212;2,850;24;14.37;54;32;48;34;20.36;33;6;1.41;0;0;0;6;3.59;6;1;2;0;1;18,575;11,125;13,803;2,366;6;0;0;2;0;0;2;0;0;0;0;0;16;9.58;16;01:37;00:58;01:01;37;22;33;227;0.13;225;0;0;0;1,336;405;1;0.59;1;0;0;0;29 minutes;04:42;6,268;1,474;0;0;0;30%;33%;60%
MyJohnny-2444;2931;0;0;22;6%;460;26;9;0.01;344,797;8,123.83;14,532;5,857;371;8.74;781;18;35;769;18.11;33;14;2.07;0;8;0;274;6.45;15;21;42;4;17;314,359;7,407;14,515;6,103;14;0;0;114;31;32;51;17;0.4;2;3;4;344;8.1;16;58:22;01:22;03:25;813;19;36;7,334;0.23;447;0;0;0;22,403;6,595;45;1.06;3;0;0;0;8 hours;02:09:18;103,835;2,324;0;0;12;29%;43%;39%
MyNeverevr-1103;3533;0;0;0;8%;35;8;8;0.01;22,311;8,937.65;5,952;5,952;19;7.61;34;14;8;54;21.63;13;10;2.84;0;1;0;20;8.01;4;2;2;0;1;14,582;5,841;3,401;2,046;10;0;0;8;4;2;3;4;1.6;1;0;0;27;10.81;7;02:59;01:11;00:58;44;18;14;542;0.3;178;0;0;0;1,434;423;4;1.6;2;0;0;0;29 minutes;07:24;4,905;987;0;0;0;29%;42%;26%
nan-1607;4000;0;0;0;6%;12;8;3;0.01;10,190;13,783.41;6,510;2,214;7;9.46;28;38;18;24;32.46;14;7;3.42;0;0;0;8;10.82;5;0;1;0;0;4,801;6,494;3,267;2,528;7;0;0;2;1;0;0;0;0;0;0;0;8;10.82;4;02:07;02:52;01:10;32;43;18;214;0.33;176;0;0;0;369;183;0;0;0;0;0;0;10 minutes;03:40;1,665;661;0;0;0;49%;0;59%
nekyG-2308;3842;0;0;1;11%;68;25;7;0.02;31,873;7,966.91;10,000;2,806;31;7.74;104;26;37;73;18.24;21;8;2.35;0;0;0;26;6.49;11;2;4;0;2;28,183;7,045;10,269;1,769;8;0;0;8;2;0;6;0;0;0;0;0;25;6.24;7;04:17;01:04;01:13;83;21;23;576;0.19;271;0;0;0;1,515;578;1;0.24;1;0;0;0;50 minutes;18:42;5,373;622;0;0;0;38%;52%;57%
Neptune-31921;3151;0;0;4;7%;149;14;9;0.01;106,037;6,277.29;9,867;3,309;187;11.07;313;19;30;191;11.3;19;11;1.02;0;1;0;47;2.78;4;8;17;1;8;107,268;6,350;7,900;4,287;11;0;0;36;14;4;17;2;0.11;1;0;0;85;5.03;10;18:32;01:05;01:41;274;16;26;2,955;0.22;292;0;0;0;8,027;1,975;4;0.23;1;0;0;0;3 hours;24:43;31,762;2,265;0;0;2;24%;37%;45%
NEtodie-3311;3000;0;0;0;5%;10;5;4;0;10,074;5,786.29;3,177;1,969;14;8.04;27;16;9;20;11.48;6;5;1.42;0;0;0;9;5.16;3;1;2;0;1;12,945;7,436;2,859;2,556;5;0;0;5;2;1;1;0;0;0;0;0;7;4.02;4;01:26;00:49;00:58;29;17;10;43;0.03;43;0;0;0;642;195;1;0.57;1;0;0;0;19 minutes;01:20;2,958;933;0;0;0;30%;28%;65%
Nichiren-21254;41;0;0;3;7%;162;13;10;0;115,306;6,178.13;7,956;4,943;1;39.66;263;14;25;308;16.5;25;13;2.54;0;1;0;131;7.01;11;0;0;0;0;108,678;5,822.98;9,250;5,276;13;0;0;0;0;9;19;2;0.1;1;3;1;118;6.32;15;00:00;00:20;00:00;106;6;13;2,092;0;319;0;0;0;0;0;35;1.87;6;0;0;0;23.96422902867198 seconds;45:55;27,599;947;0;0;0;27%;0;100%
NicoNicotine-1354;2620;0;0;1;5%;11;8;4;0.01;11,310;9,415.58;6,828;2,900;9;7.49;24;20;20;19;15.81;17;9;2.11;0;0;0;9;7.49;9;1;1;0;0;9,981;8,309;5,910;2,300;9;0;0;3;1;2;0;0;0;0;0;0;13;10.82;13;01:56;01:37;01:56;12;10;11;125;0.13;125;0;0;0;704;200;0;0;0;0;0;0;15 minutes;03:30;2,761;883;0;0;1;28%;33%;37%
Nidachu-1555;55;0;0;0;4%;1;1;1;0;1,244;3,774.89;792;413;5;15.17;3;9;3;6;18.2;4;2;1.2;0;0;0;3;9.1;3;0;0;0;0;1,713;5,198.21;1,602;1,298;0;0;0;1;0;0;0;0;0;0;0;0;3;9.1;2;00:03;00:09;00:03;1;3;1;39;0;39;0;0;0;0;0;1;3.03;1;0;0;0;3 minutes;00:16;1,076;1,076;0;0;0;29%;0;19%
NikolaTesla-11280;53;0;0;0;4%;7;3;3;0;6,241;4,845.08;3,274;1,662;18;13.97;15;12;12;18;13.97;12;7;1;0;0;0;6;4.65;5;0;1;0;0;8,241;6,397.7;3,582;2,142;7;0;0;2;1;0;0;0;0;0;0;0;8;6.21;6;01:41;01:19;00:38;3;2;2;132;0;84;0;0;0;0;0;1;0.77;1;0;0;0;19 minutes;02:15;2,188;582;0;0;0;25%;0;33%
Nostril-1317;3333;0;0;5;5%;52;16;4;0.01;44,109;8,780.16;11,098;3,455;48;9.55;137;27;37;109;21.69;24;12;2.27;0;1;0;38;7.56;9;3;5;0;2;50,459;10,044;16,184;3,859;12;0;0;18;8;4;7;1;0.19;1;0;0;55;10.94;12;08:37;01:43;01:42;119;24;38;1,063;0.26;279;0;0;0;2,229;891;3;0.59;1;0;0;0;1 hour;23:36;20,055;3,245;0;0;1;39%;51%;48%
Nova-1852;65;0;0;0;7%;13;8;6;0;7,913;7,009.73;4,783;2,874;12;10.62;14;12;12;14;12.4;12;7;1.16;0;0;0;3;2.65;3;0;1;0;1;5,269;4,667.13;2,612;1,490;7;0;0;3;1;1;1;0;0;0;0;0;6;5.31;5;01:28;01:18;00:58;9;8;5;285;0;151;0;0;0;0;0;0;0;0;0;0;0;14 minutes;02:26;1,636;658;0;0;0;30%;0;53%
Novady-11519;3894;0;0;2;4%;36;17;7;0.01;42,371;17,801.77;19,256;7,879;20;8.4;74;31;39;59;24.78;26;9;2.95;0;1;0;21;8.82;15;1;2;0;1;28,110;11,810;14,052;6,251;9;0;0;6;4;1;1;1;0.42;1;0;0;17;7.14;11;02:42;01:08;01:36;70;29;30;561;0.22;419;0;0;0;1,840;859;5;2.1;3;0;0;0;41 minutes;07:30;8,868;1,254;0;0;0;46%;44%;49%
NzNr-1485;3728;0;0;4;9%;58;15;10;0.02;32,876;6,346.1;8,798;2,971;26;5.01;95;18;23;94;18.14;35;12;3.61;0;0;0;32;6.17;14;2;5;0;3;30,803;5,946;4,291;6,027;12;0;0;15;6;3;6;3;0.57;2;3;1;26;5.01;9;04:32;00:52;01:45;108;21;35;401;0.15;308;0;0;0;1,929;625;3;0.57;2;0;0;0;44 minutes;17:56;9,540;1,496;0;0;0;32%;35%;53%
Odin-1745;3076;0;0;52;5%;889;24;7;0.01;880,159;9,770.41;17,165;8,008;730;8.1;2,020;22;46;1,815;20.14;39;19;2.48;0;9;0;621;6.89;18;36;90;2;52;688,508;7,643;12,664;7,487;19;0;0;196;62;51;82;34;0.37;3;3;7;770;8.54;22;01:37:59;01:05;02:24;1,820;20;40;19,226;0.27;611;0;0;0;58,654;17,195;80;0.88;4;0;0;0;19 hours;04:47:55;225,830;2,036;0;0;25;29%;44%;58%
OhioBuckeyes-11390;2579;0;0;0;19%;8;8;4;0.03;2,574;10,461.21;2,574;1,468;3;12.19;10;41;10;14;56.9;14;12;4.66;0;0;0;7;28.45;7;0;0;0;0;1,813;7,369;1,813;1,597;12;0;0;0;0;0;0;0;0;0;0;0;8;32.51;8;00:56;03:47;00:56;12;49;12;0;0;0;0;0;0;146;42;2;8.12;2;0;0;0;3 minutes;01:35;716;385;0;0;0;28%;0;0
oisuq-1610;3263;0;0;2;7%;32;20;11;0.01;22,109;10,116.86;9,005;3,835;16;7.32;67;31;30;39;17.84;22;10;2.43;0;0;0;12;5.49;5;1;2;0;1;20,015;9,159;9,880;4,106;10;0;0;6;1;2;4;1;0.45;1;0;0;21;9.6;12;03:21;01:32;02:08;57;26;32;187;0.11;137;0;0;0;1,344;450;1;0.45;1;0;0;0;28 minutes;05:25;5,578;1,001;0;0;0;33%;36%;51%
OmegaMan-21744;2671;0;0;4;7%;158;28;6;0.01;113,401;7,974.41;15,174;3,728;122;8.57;224;16;31;223;15.68;28;10;1.82;0;0;0;81;5.69;10;5;14;1;9;88,263;6,207;11,047;4,353;10;0;0;30;8;6;17;8;0.56;3;3;2;96;6.75;15;14:51;01:02;02:28;231;16;27;1,727;0.17;274;0;0;0;6,436;2,159;13;0.91;3;0;0;0;2 hours;30:34;28,183;1,728;0;0;0;33%;41%;59%
oPuTo-1727;3814;0;0;0;7%;4;4;4;0.01;2,971;6,456.31;2,971;2,112;3;6.51;10;22;10;10;21.73;10;6;3.33;0;0;0;3;6.51;3;0;0;0;0;2,461;5,348;2,461;1,683;6;0;0;1;0;0;0;0;0;0;0;0;6;13.03;6;00:09;00:20;00:09;11;24;11;181;0.76;181;0;0;0;163;57;0;0;0;0;0;0;3 minutes;02:39;961;497;0;0;0;34%;0;0
ouopi2180-3319;2569;0;0;3;5%;43;10;8;0.01;36,946;9,025.54;6,291;2,935;34;8.3;75;18;25;78;19.05;24;9;2.29;0;0;0;29;7.08;8;1;4;0;2;24,980;6,102;5,646;2,865;9;0;0;7;2;3;2;0;0;0;0;0;27;6.59;10;03:08;00:45;00:52;73;18;19;1,181;0.44;292;0;0;0;2,328;725;5;1.22;2;0;0;0;44 minutes;16:58;8,885;1,681;0;0;0;31%;35%;60%
Ovidious-11975;0;0;0;42;8%;859;30;13;0.02;538,932;9,949.91;15,638;4,582;515;9.5;1,202;22;50;1,317;24.31;47;18;2.55;0;2;0;553;10.2;20;21;54;4;30;428,419;7,910;4,009;4,646;18;0;0;159;46;41;72;5;0.09;2;3;3;638;11.77;24;01:40:49;01:51;03:06;1,326;24;45;10,284;0.24;577;0;0;0;28,889;10,010;105;1.93;7;0;0;0;11 hours;03:57:47;158,177;2,216;0;0;27;34%;45%;54%
Pamyu-1936;3435;0;0;1;5%;39;7;4;0.01;33,968;6,674.77;9,492;2,757;40;7.86;92;18;20;82;16.11;17;9;2.04;0;1;0;29;5.69;6;3;5;0;2;27,961;5,494;5,111;2,660;9;0;0;12;4;3;5;0;0;0;3;1;32;6.28;8;03:34;00:42;01:07;86;17;18;955;0.29;319;0;0;0;1,801;654;5;0.98;2;0;0;0;53 minutes;15:45;8,065;1,582;0;0;0;36%;43%;37%
PassTheSalt-11477;2699;0;0;69;7%;2,041;42;19;0.01;1,527,285;7,985.56;19,577;4,236;2,376;12.42;3,721;19;50;3,590;18.77;44;16;1.51;0;45;0;1,336;6.98;20;103;191;3;84;1,348,900;7,053;17,196;3,958;16;0;0;419;126;88;206;27;0.14;2;3;14;1,971;10.3;30;06:00:15;01:53;04:49;3,629;19;46;38,136;0.24;849;0;0;0;79,108;28,677;208;1.08;4;0;0;0;43 hours;09:26:11;482,372;2,573;0;0;51;36%;63%;44%
pbae-3753;2227;0;0;1;7%;5;5;2;0.01;3,363;7,147.98;3,363;1,463;4;8.5;11;23;11;6;12.75;6;3;1.5;0;0;0;0;0;0;0;0;0;0;4,278;9,092;4,278;2,334;3;0;0;0;0;0;0;0;0;0;0;0;3;6.37;3;00:22;00:47;00:22;4;9;4;177;0.52;177;0;0;0;301;69;0;0;0;0;0;0;5 minutes;0;1,733;1,067;0;0;0;22%;0;100%
Phoinix-3581;2837;0;0;1;4%;8;5;3;0.01;8,597;8,995.63;5,529;1,542;11;11.51;21;22;11;16;16.74;10;5;1.45;0;0;0;6;6.27;3;1;1;0;0;7,488;7,836;5,158;2,339;5;0;0;2;1;0;1;0;0;0;0;0;5;5.23;5;01:29;01:33;01:10;20;21;15;39;0.06;39;0;0;0;584;164;1;1.04;1;0;0;0;10 minutes;04:47;3,243;1,495;0;0;0;28%;0;0
pierino-1398;2595;0;0;1;4%;12;6;2;0.01;12,862;9,973.41;6,102;3,000;15;11.63;34;26;15;23;17.83;12;6;1.53;0;0;0;7;5.42;5;1;1;0;0;12,529;9,716;5,638;2,396;6;0;0;4;1;1;1;0;0;0;0;0;9;6.97;4;01:27;01:07;00:51;20;16;10;397;0.38;216;0;0;0;673;260;1;0.77;1;0;0;0;17 minutes;02:49;4,351;984;0;0;0;38%;39%;0
Pine-31232;4374;0;0;0;3%;1;1;1;0;1,513;7,543.48;1,513;1,393;2;9.97;4;20;4;3;14.95;3;3;1.5;0;0;0;0;0;0;0;0;0;0;991;4,941;991;910;3;0;0;1;0;0;0;0;0;0;0;0;0;0;0;00:00;00:02;00:00;2;10;2;134;1.04;134;0;0;0;85;28;0;0;0;0;0;0;2 minutes;0;502;502;0;0;0;32%;0;0
Pinky-6151;70;0;0;4;11%;221;27;10;0;100,945;10,167.25;11,243;5,318;102;10.27;139;14;19;285;28.7;36;13;2.79;0;2;0;124;12.48;16;0;10;0;5;68,130;6,862.07;7,451;2,893;13;0.3;0;26;6;6;14;6;0.6;1;3;1;106;10.67;13;09:09;00:55;01:42;58;6;10;2,236;0;336;0;0;0;0;0;28;2.82;5;0;0;0;2 hours;57:07;24,136;2,076;0;0;0;29%;0;48%
PizzaHut-11467;1579;0;0;1;7%;22;11;8;0.01;14,773;5,877.18;4,393;2,265;25;9.94;37;15;13;26;10.34;10;6;1.04;0;1;0;8;3.18;3;1;3;0;1;20,447;8,134;7,283;3,647;6;0;0;3;1;0;2;0;0;0;0;0;12;4.77;6;03:54;01:33;01:21;32;13;14;268;0.13;134;0;0;0;1,621;301;0;0;0;0;0;0;32 minutes;04:14;7,161;1,010;0;0;0;18%;0;55%
PoppyDogma-1243;3133;0;0;89;7%;2,073;25;11;0.01;1,500,049;7,761.49;16,416;5,548;1,995;10.32;4,003;21;42;3,153;16.31;40;13;1.58;0;34;0;1,062;5.49;23;101;193;10;83;1,485,030;7,684;10,851;5,142;13;0;0;416;142;85;189;24;0.12;3;3;10;1,554;8.04;22;03:51:40;01:11;03:10;3,373;17;38;42,222;0.27;638;0;0;0;106,823;29,453;160;0.82;6;0;0;0;43 hours;07:29:24;466,830;2,523;0;0;45;27%;50%;42%
presh-1451;3565;0;0;39;7%;897;40;17;0.01;649,729;10,405.45;18,560;8,285;462;7.39;1,682;27;46;1,334;21.36;38;16;2.88;0;8;0;391;6.26;16;21;62;1;40;479,456;7,679;11,452;4,895;16;0;0;112;39;18;55;9;0.14;1;4;10;501;8.02;20;48:51;00:46;01:46;1,592;25;49;14,095;0.29;674;0;0;0;40,640;12,686;34;0.54;5;0;0;0;13 hours;02:59:42;167,102;3,295;0;0;0;31%;42%;64%
PsychoHazard-1722;0;0;0;10;11%;265;23;12;0.02;126,963;8,004.39;11,504;5,802;150;9.45;382;24;47;314;19.79;31;13;2.09;0;4;0;123;7.75;13;5;16;1;10;119,560;7,538;14,774;3,988;13;0;0;37;11;12;14;8;0.5;3;3;1;143;9.01;23;14:55;00:56;01:50;378;24;41;3,539;0.28;622;0;0;0;7,300;2,266;18;1.13;4;0;0;0;3 hours;56:13;37,625;1,463;0;0;3;31%;51%;63%
puchio-1528;3000;0;0;1;5%;11;10;3;0.01;9,738;9,843.75;8,167;1,663;11;11.11;32;32;31;23;23.25;20;4;2.09;0;0;0;9;9.09;7;0;1;1;0;9,954;10,062;8,703;2,140;4;0;0;4;2;1;1;0;0;0;3;2;13;13.14;11;01:27;01:28;01:19;17;17;17;505;0.59;505;0;0;0;417;192;2;2.02;2;0;0;0;14 minutes;06:03;3,782;1,553;0;0;0;46%;46%;0
Rain-13736;3146;0;0;3;7%;58;16;8;0.02;41,418;10,465.68;14,274;6,753;20;5.05;113;29;40;96;24.25;27;13;4.8;0;0;0;37;9.34;8;0;4;0;4;37,166;9,391;14,494;5,811;13;0;0;11;4;4;2;0;0;0;0;0;51;12.88;14;04:44;01:11;02:58;96;24;33;1,517;0.52;720;0;0;0;1,946;788;5;1.26;2;0;0;0;48 minutes;18:47;14,057;1,887;0;0;0;40%;50%;100%
Raisu-3380;2608;0;0;11;6%;158;28;11;0.01;135,927;12,504.72;18,636;7,021;85;7.81;319;29;42;283;26.03;40;18;3.32;0;1;0;105;9.65;20;4;11;2;5;110,743;10,188;10,795;6,421;18;0;0;32;11;9;12;3;0.27;2;3;2;113;10.39;22;15:12;01:23;02:01;290;27;39;3,733;0.41;806;0;0;0;7,491;2,553;27;2.48;8;0;0;0;2 hours;59:09;36,987;2,143;0;0;3;34%;42%;43%
Randomoink-2799;2704;0;0;1;4%;17;5;3;0;18,632;5,439.35;5,737;2,569;25;7.29;60;18;20;42;12.26;18;8;1.68;0;0;0;15;4.37;7;1;3;1;2;22,451;6,554;6,002;2,770;8;0;0;6;3;3;1;0;0;0;0;0;17;4.96;9;01:55;00:33;00:41;42;12;17;203;0.09;96;0;0;0;1,083;361;2;0.58;1;0;0;0;36 minutes;03:48;8,222;1,789;0;0;2;33%;40%;51%
RapidCH-4957;2634;0;0;4;6%;108;17;13;0.01;87,202;8,883.39;8,667;4,526;68;6.92;169;17;20;176;17.92;21;14;2.58;0;0;0;58;5.9;9;4;10;0;5;75,480;7,689;8,896;5,106;14;0;0;26;10;4;12;6;0.61;3;0;0;66;6.72;9;07:29;00:45;01:37;164;17;18;2,801;0.44;746;0;0;0;5,412;1,712;7;0.71;1;0;0;0;1 hour;33:23;27,294;1,604;0;0;2;31%;46%;50%
Rebecca-12561;0;0;0;20;8%;484;23;9;0.01;295,983;8,942.49;16,399;4,673;304;9.18;425;13;29;704;21.26;40;13;2.31;0;0;0;257;7.76;16;13;33;0;20;2,618,639;79,117;11,858;4,953;13;0;0;80;23;24;34;9;0.27;2;3;1;347;10.48;21;49:37;01:29;02:13;229;7;14;6,418;0.23;447;0;0;0;20,041;5,858;36;1.08;3;0;0;0;7 hours;03:54:42;90,064;1,586;0;0;18;29%;49%;61%
Rebird-1185;0;0;0;11;6%;238;19;8;0.01;163,295;7,420.43;15,183;3,992;195;8.86;370;17;32;367;16.67;29;10;1.88;0;2;0;105;4.77;8;12;22;0;10;202,667;9,210;14,685;5,182;10;0;0;41;10;12;18;8;0.36;1;0;0;174;7.9;14;32:56;01:29;02:29;224;10;19;4,306;0.23;462;0;0;0;13,238;3,439;13;0.59;2;0;0;0;4 hours;02:02:46;62,463;2,094;0;0;5;25%;35%;43%
RebornZ-11715;4006;0;0;3;10%;97;22;10;0.02;48,479;8,247.03;7,990;3,519;30;5.1;182;31;37;135;22.96;28;17;4.5;0;0;0;50;8.5;9;2;6;0;4;54,849;9,331;9,831;4,830;17;0;0;14;5;3;6;0;0;0;4;2;31;5.27;5;05:22;00:54;01:07;172;29;37;1,175;0.29;241;0;0;0;2,229;895;1;0.17;1;0;0;0;1 hour;27:34;15,824;1,525;0;0;0;40%;50%;64%
Reilly-11549;3595;0;0;2;5%;43;14;10;0.02;37,651;11,751.4;9,463;6,659;16;4.99;69;22;27;58;18.1;21;11;3.62;0;0;0;22;6.86;7;0;3;0;3;25,916;8,089;6,955;4,013;11;0;0;8;4;0;4;0;0;0;0;0;20;6.24;7;03:22;01:03;01:09;65;20;22;555;0.27;238;0;0;0;1,504;744;2;0.62;1;0;0;0;33 minutes;09:38;8,765;1,043;0;0;1;49%;53%;87%
Renyz-11199;3452;0;0;1;4%;21;11;3;0.01;23,538;9,249.01;7,995;2,423;29;11.39;63;25;30;50;19.64;25;10;1.72;0;1;0;13;5.1;6;1;3;0;2;17,643;6,933;6,242;2,009;10;0;0;5;2;1;1;0;0;0;0;0;23;9.03;8;03:21;01:19;01:05;54;21;29;432;0.21;231;0;0;0;1,425;445;3;1.17;2;0;0;0;32 minutes;06:07;6,378;1,012;0;0;0;31%;42%;62%
Riant-3882;3241;0;0;7;6%;133;28;17;0.02;103,407;14,327.78;21,502;5,155;54;7.48;230;32;51;194;26.88;38;12;3.59;0;0;0;70;9.69;14;3;7;0;4;87,569;12,133;18,701;4,938;12;0;0;21;4;12;5;0;0;0;3;1;90;12.47;21;07:46;01:04;02:24;201;28;41;1,150;0.18;278;0;0;0;5,603;2,035;10;1.38;4;0;0;0;1 hour;31:36;26,613;1,790;0;0;0;36%;43%;59%
S4MOYED-1486;3166;0;0;1;3%;11;7;3;0.01;14,207;12,057.31;9,457;5,316;11;9.33;34;29;26;20;16.97;16;7;1.81;0;0;0;6;5.09;6;1;1;0;0;15,644;13,276;8,378;5,105;7;0;0;2;0;1;1;0;0;0;0;0;13;11.03;9;03:17;02:47;02:01;21;18;17;229;0.22;166;0;0;0;807;280;1;0.84;1;0;0;0;17 minutes;05:27;5,759;1,507;0;0;0;34%;0;0
sadkatz-1191;3656;0;0;31;6%;310;19;9;0.01;257,430;7,611.54;13,623;5,413;212;6.26;1,026;30;51;678;20.04;36;12;3.19;0;2;0;228;6.74;14;2;34;0;31;254,462;7,524;14,401;4,938;12;0;0;72;18;24;30;1;0.02;1;3;1;276;8.16;20;40:15;01:11;03:54;806;24;42;6,411;0.26;655;0;0;0;14,727;4,993;22;0.65;2;2;0;0;6 hours;02:20:19;82,379;1,945;0;0;3;33%;41%;92%
sads-1738;2797;0;0;1;3%;8;6;2;0.01;11,996;7,580.44;7,957;2,930;8;5.05;20;13;16;17;10.74;11;5;2.12;0;0;0;9;5.68;5;1;2;0;0;7,746;4,895;5,905;2,347;5;0;0;4;1;0;2;0;0;0;0;0;7;4.42;4;00:37;00:23;00:32;18;11;13;181;0.23;181;0;0;0;613;250;3;1.89;2;0;0;0;12 minutes;02:14;2,255;1,115;0;0;0;40%;43%;15%
saks-21838;2540;0;0;157;9%;4,715;44;20;0.02;2,728,583;9,601.24;22,833;9,302;2,590;9.11;4,661;16;49;5,489;19.31;47;19;2.11;0;25;0;2,215;7.79;22;126;284;21;138;1,583,425;5,572;13,029;5,840;19;0;0;847;213;259;375;0;0;0;4;17;2,857;10.05;31;06:38:07;01:24;04:52;5,720;20;51;69,810;0.33;940;0;0;0;172,202;51,501;516;1.81;8;1;0;0;58 hours;17:05:38;516,776;2,981;0;0;131;29%;49%;48%
SaltyPanda-11486;3295;0;0;1;4%;40;9;3;0.01;40,527;9,137.47;9,334;2,308;49;11.04;88;20;21;74;16.68;23;7;1.51;0;1;0;25;5.63;12;2;4;0;3;32,579;7,345;9,636;2,405;7;0;0;8;1;3;3;1;0.22;1;3;1;32;7.21;8;04:04;00:55;01:44;76;17;30;850;0.22;453;0;0;0;2,845;828;3;0.67;1;0;0;0;1 hour;06:41;10,519;1,961;0;0;0;29%;29%;57%
SanALex-2258;3625;0;0;21;5%;466;24;9;0.01;413,435;10,748.15;14,834;4,448;443;11.51;1,053;27;42;828;21.52;41;14;1.86;0;4;0;263;6.83;12;16;38;1;21;287,862;7,484;9,653;4,309;14;0;0;97;29;22;46;14;0.36;2;3;7;344;8.94;21;54:02;01:24;02:29;858;22;45;10,637;0.34;494;0;0;0;28,027;8,008;33;0.85;4;1;0;0;8 hours;01:55:05;105,177;2,442;0;0;12;28%;43%;54%
Saorabbie-3401;3960;0;0;0;0;0;0;0;0;1,614;5,668.26;1,614;654;4;14.05;5;18;5;6;21.07;6;4;1.5;0;0;0;3;10.53;3;0;0;0;0;2,423;8,514;2,423;1,212;4;0;0;1;0;0;0;1;3.51;1;0;0;3;10.53;3;00:06;00:22;00:06;8;28;8;75;0.26;75;0;0;0;157;33;0;0;0;0;0;0;4 minutes;00:52;443;443;0;0;0;21%;0;100%
Sardis-21172;80;0;0;9;10%;188;36;8;0;92,331;10,679.96;14,106;5,607;76;8.79;136;16;21;242;27.99;42;13;3.18;0;0;0;95;10.98;18;0;9;0;8;99,152;11,468.88;17,422;4,492;13;0;0;23;6;8;9;4;0.46;2;4;2;103;11.91;15;08:24;00:58;01:26;67;8;14;2,510;0;581;0;0;0;0;0;16;1.85;3;1;0;0;2 hours;01:14:09;35,590;1,806;0;0;0;30%;0;87%
Satoru-6935;0;0;0;1;8%;9;8;8;0.01;5,621;5,082.17;3,049;2,571;5;4.52;13;12;11;11;9.94;9;9;2.2;0;0;0;4;3.61;4;1;1;0;0;8,551;7,732;4,667;3,884;9;0;0;4;2;1;1;0;0;0;0;0;4;3.61;3;00:10;00:09;00:06;11;10;9;16;0.03;16;0;0;0;346;107;0;0;0;0;0;0;--;00:12;3,492;1,331;0;0;0;30%;21%;0
SayaKo-4422;0;0;0;7;6%;177;18;7;0.01;143,221;8,926.42;16,682;5,614;144;8.97;384;24;51;247;15.39;35;9;1.71;0;1;0;71;4.42;8;7;16;2;8;132,808;8,277;10,577;5,259;9;0;0;31;10;9;12;2;0.12;1;0;0;115;7.16;15;19:36;01:13;02:14;342;21;38;3,783;0.28;464;0;0;0;11,741;2,749;6;0.37;2;0;0;0;3 hours;17:39;45,287;1,812;0;0;1;23%;37%;47%
Scy-1494;2687;0;0;5;7%;139;15;8;0.01;92,452;9,916.97;10,694;4,309;107;11.47;187;20;21;174;18.66;25;9;1.62;0;0;0;77;8.25;13;4;9;0;5;78,238;8,392;7,235;5,086;9;0;0;24;5;10;9;1;0.1;1;0;0;94;10.08;14;12:51;01:22;02:09;182;20;23;3,212;0.43;429;0;0;0;5,971;1,786;11;1.17;3;0;0;0;2 hours;31:47;28,661;1,414;0;0;1;29%;42%;52%
Seba-1198;62;0;0;2;6%;45;15;7;0;31,657;8,180.06;12,066;4,326;35;9.04;49;13;19;97;25.06;44;16;2.77;0;0;0;26;6.71;14;0;4;0;2;30,288;7,826.36;8,440;2,854;16;0;0;12;1;5;5;0;0;0;0;0;43;11.11;18;05:11;01:20;02:03;26;7;7;525;0;222;0;0;0;0;0;2;0.51;1;0;0;0;52 minutes;20:24;8,819;1,176;0;0;0;21%;0;45%
ShadowDragon-148899;2901;0;0;6;5%;111;17;8;0.01;103,792;12,454.51;12,649;5,480;80;9.59;171;21;28;183;21.95;29;11;2.28;0;2;0;50;5.99;9;3;8;1;5;70,078;8,409;10,894;4,060;11;0;0;23;9;10;4;5;0.59;2;3;1;94;11.27;16;08:03;00:57;02:07;188;23;30;2,122;0.32;617;0;0;0;5,971;2,060;4;0.47;2;0;0;0;1 hour;26:26;25,150;1,704;0;0;0;34%;40%;55%
Sharkyos-1524;0;0;0;0;5%;3;3;2;0;2,389;5,790.79;2,302;963;7;16.96;5;12;4;6;14.54;6;3;0.85;0;0;0;2;4.84;2;0;0;0;0;2,429;5,888;2,307;773;3;0;0;1;0;0;0;0;0;0;0;0;1;2.42;1;00:27;01:07;00:26;4;10;4;110;0.31;110;0;0;0;230;52;0;0;0;0;0;0;5 minutes;0;507;397;0;0;0;22%;0;22%
Shinobu-1269;48;0;0;3;7%;147;22;6;0;99,101;6,609.98;11,486;2,546;179;11.93;178;12;15;235;15.67;26;8;1.31;0;2;0;85;5.66;10;0;15;0;8;94,484;6,302.05;9,775;3,479;8;0.33;0;33;11;7;15;12;0.8;4;3;1;113;7.53;12;23:46;01:35;02:09;90;6;13;3,394;0;444;0;0;0;0;0;11;0.73;4;0;0;0;3 hours;01:02:48;28,677;1,517;0;0;0;30%;0;53%
ska-11144;4016;0;0;1;8%;23;13;8;0.01;13,133;12,002.92;7,929;4,670;11;10.05;46;42;29;29;26.5;16;7;2.63;0;1;0;10;9.13;5;0;1;0;1;13,944;12,744;7,740;2,472;7;0;0;2;0;0;1;0;0;0;0;0;11;10.05;6;01:31;01:23;01:09;28;26;16;316;0.26;195;0;0;0;1,019;264;0;0;0;0;0;0;20 minutes;02:46;2,570;717;0;0;0;25%;34%;100%
SKRT-11232;1023;0;0;0;21%;5;5;5;0.06;1,333;17,631.25;1,333;1,333;1;13.22;0;0;0;0;0;0;0;0;0;0;0;0;0;0;0;0;0;0;1,121;14,824;1,121;1,121;0;0;0;0;0;0;0;0;0;0;0;0;0;0;0;00:00;00:06;00:00;0;0;0;0;0;0;0;0;0;81;23;0;0;0;0;0;0;1 minute;0;202;202;0;0;1;28%;0;0
smacked-11443;73;0;0;0;8%;13;7;4;0;8,845;6,543.45;4,390;2,451;13;9.61;12;9;7;22;16.27;17;8;1.69;0;0;0;10;7.39;7;0;1;0;0;5,206;3,851.18;2,785;1,246;8;0;0;4;1;1;2;0;0;0;0;0;5;3.69;5;00:59;00:43;00:31;5;4;3;176;0;155;0;0;0;0;0;4;2.95;2;0;0;0;11 minutes;04:39;1,558;442;0;0;0;37%;0;0
Smith-2700;82;0;0;0;20%;25;22;8;0;7,222;10,046.68;5,412;1,810;10;13.91;4;6;2;6;8.34;5;2;0.6;0;0;0;3;4.17;3;0;1;0;0;4,847;6,742.54;3,899;1,483;2;0;0;3;1;0;1;0;0;0;0;0;1;1.39;1;00:18;00:25;00:18;3;4;3;392;0;392;0;0;0;0;0;1;1.39;1;0;0;0;10 minutes;01:17;1,861;1,182;0;0;0;30%;0;19%
Snoy-1164;3000;0;0;0;5%;17;7;7;0.01;15,919;12,988.59;6,008;2,785;13;10.6;22;18;8;26;21.21;10;6;2;0;0;0;9;7.34;4;1;1;0;0;12,584;10,268;4,758;2,057;6;0;0;3;1;2;0;0;0;0;0;0;15;12.23;5;00:47;00:38;00:20;26;21;9;210;0.18;152;0;0;0;759;310;1;0.81;1;0;0;0;18 minutes;00:07;4,188;1,051;0;0;0;40%;0;0
solaroplus-3806;2592;0;0;0;8%;14;6;6;0.01;8,760;7,557.02;3,100;2,722;11;9.48;16;14;11;13;11.21;9;8;1.18;0;0;0;9;7.76;6;1;1;0;0;8,451;7,291;3,350;2,464;8;0;0;4;1;1;1;3;2.58;2;0;0;6;5.17;6;00:27;00:23;00:19;11;9;8;453;0.55;184;0;0;0;502;157;3;2.58;2;0;0;0;13 minutes;02:12;2,211;848;0;0;1;31%;25%;29%
Somnians-2461;3015;0;0;20;10%;747;44;16;0.02;379,733;9,099.18;14,746;4,769;399;9.56;915;22;41;767;18.37;38;14;1.92;0;5;0;262;6.27;18;21;42;1;19;307,876;7,377;16,056;5,989;14;0;0;97;30;23;44;5;0.11;1;3;1;320;7.66;22;50:51;01:13;02:37;755;18;36;8,017;0.24;450;0;0;0;22,465;7,196;38;0.91;4;0;0;0;9 hours;02:20:25;108,610;1,543;0;0;8;32%;75%;46%
Sooby-2892;2588;0;0;0;8%;32;12;6;0.01;19,542;11,003.3;6,800;3,251;22;12.38;46;26;21;45;25.33;21;10;2.04;0;0;0;20;11.26;10;1;2;0;1;13,713;7,721;6,060;3,266;10;0;0;3;2;0;1;4;2.25;2;0;0;18;10.13;7;01:00;00:34;00:27;41;23;17;322;0.19;144;0;0;0;979;375;2;1.12;1;0;0;0;27 minutes;10:22;4,340;1,089;0;0;0;38%;40%;35%
SOR-11872;3722;0;0;25;7%;375;27;10;0.01;254,294;8,827.39;13,562;4,531;215;7.46;714;25;40;666;23.11;37;22;3.09;0;6;0;243;8.43;16;6;29;3;20;235,507;8,175;12,546;5,091;22;0;0;67;23;17;28;3;0.1;1;4;4;257;8.92;14;23:03;00:48;02:02;704;24;38;4,826;0.21;540;0;0;0;15,109;4,769;40;1.38;4;0;0;0;6 hours;02:08:31;76,978;2,281;0;0;0;31%;48%;69%
sorpiggor-3889;0;0;0;0;7%;8;8;2;0.01;5,827;9,580.87;4,102;1,619;10;16.44;17;28;15;10;16.44;8;4;1;0;0;0;2;3.28;2;0;1;0;0;6,803;11,185;5,072;2,032;4;0;0;1;0;0;0;0;0;0;0;0;6;9.86;5;00:42;01:09;00:22;10;16;8;77;0.12;46;0;0;0;333;114;1;1.64;1;0;0;0;9 minutes;00:05;2,589;1,388;0;0;0;34%;36%;38%
SpamKappa123-1926;3000;0;0;1;15%;29;20;10;0.03;10,951;7,089.95;6,788;2,577;8;5.17;32;21;22;40;25.89;28;11;5;0;0;0;17;11;15;0;2;0;1;8,341;5,400;3,879;2,213;11;0;0;6;4;0;2;1;0.64;1;4;1;23;14.89;15;00:53;00:34;00:34;36;23;26;81;0.09;81;0;0;0;668;190;3;1.94;3;0;0;0;14 minutes;06:47;3,127;1,105;0;0;0;28%;27%;76%
SpartanZero-6126;2303;0;0;22;5%;270;23;9;0.01;269,848;9,036.37;16,752;6,286;192;6.42;603;20;38;549;18.38;33;17;2.85;0;0;0;190;6.36;13;12;30;0;17;204,449;6,846;11,987;5,258;17;0;0;80;23;23;34;0;0;0;3;3;256;8.57;22;30:46;01:01;02:56;604;20;35;5,454;0.26;504;0;0;0;18,363;5,214;17;0.56;3;0;0;0;5 hours;02:01:07;53,311;1,727;0;0;9;28%;40%;57%
spooner-1925;3641;0;0;2;11%;141;24;9;0.02;65,937;9,401.56;8,757;5,016;68;9.69;179;26;45;169;24.09;33;9;2.48;0;2;0;57;8.12;11;3;7;0;4;57,927;8,259;10,991;3,651;9;0;0;19;5;3;11;4;0.57;1;0;0;77;10.97;18;09:54;01:24;02:52;169;24;38;1,434;0.24;353;0;0;0;3,728;1,187;13;1.85;4;0;0;0;1 hour;33:32;23,258;1,998;0;0;0;31%;41%;58%
Squacle-1295;2299;0;0;6;6%;103;17;8;0.01;78,976;8,636.59;12,302;5,070;62;6.78;205;22;38;152;16.62;21;9;2.45;0;1;0;45;4.92;8;4;9;1;5;68,741;7,517;12,148;4,513;9;0;0;21;6;5;10;0;0;0;0;0;75;8.2;15;13:37;01:29;02:50;191;21;29;1,802;0.29;364;0;0;0;5,487;1,568;6;0.65;1;0;0;0;1 hour;22:53;21,620;2,528;0;0;2;28%;36%;53%
sreader-1911;2668;0;0;3;7%;61;31;5;0.01;43,540;12,357.47;17,401;3,599;39;11.06;129;37;42;107;30.36;45;12;2.74;0;0;0;49;13.9;24;1;4;0;2;41,685;11,831;15,913;2,933;12;0;0;6;1;2;3;3;0.85;2;3;1;45;12.77;16;04:55;01:23;02:15;117;33;43;1,579;0.42;560;0;0;0;2,238;807;6;1.7;3;0;0;0;--;19:35;16,530;1,994;0;0;0;36%;43%;57%
Ssem-3281;2855;0;0;1;9%;38;14;6;0.02;20,612;8,155.88;4,727;2,129;27;10.68;46;18;17;35;13.84;9;5;1.29;0;0;0;15;5.93;6;2;3;0;1;18,765;7,425;5,939;2,921;5;0;0;4;1;1;2;0;0;0;0;0;15;5.93;5;01:19;00:31;00:24;46;18;15;229;0.12;85;0;0;0;1,275;403;1;0.39;1;0;0;0;30 minutes;03:03;4,687;1,171;0;0;0;31%;44%;27%
STANDBALD-1768;2271;0;0;0;9%;18;12;5;0.01;9,587;7,899.83;5,198;1,677;15;12.36;46;38;26;31;25.54;18;7;2.06;0;0;0;10;8.24;7;1;1;0;0;10,230;8,430;5,335;2,102;7;0;0;1;0;0;1;1;0.82;1;0;0;19;15.65;12;02:04;01:42;01:28;36;30;20;208;0.19;195;0;0;0;844;185;0;0;0;0;0;0;18 minutes;04:50;3,344;1,388;0;0;1;21%;0;37%
StylishNoob-1882;3780;0;0;0;10%;51;34;8;0.03;24,895;16,202.55;13,559;2,920;16;10.41;40;26;22;30;19.52;17;7;1.87;0;0;0;10;6.5;6;1;2;0;1;16,874;10,982;9,215;3,464;7;0;0;2;0;0;2;0;0;0;0;0;14;9.11;7;02:22;01:33;01:34;39;25;24;283;0.19;164;0;0;0;1,131;477;2;1.3;2;0;0;0;23 minutes;03:37;6,080;1,019;0;0;0;42%;0;50%
Suiyoku-4395;1993;0;0;0;11%;16;9;5;0.02;7,260;10,786.31;4,258;1,747;11;16.34;14;21;8;14;20.79;10;7;1.27;0;1;0;9;13.37;6;0;1;0;0;7,137;10,604;5,202;1,900;7;0;0;1;0;0;1;2;2.97;2;0;0;6;8.91;5;01:30;02:13;00:49;7;10;5;356;0.51;356;0;0;0;413;134;5;7.42;3;0;0;0;11 minutes;03:25;2,344;766;0;0;0;32%;0;38%
Supah-1288;3197;0;0;0;6%;49;11;7;0.01;41,724;9,813.78;6,226;6,106;32;7.52;76;18;16;80;18.81;17;16;2.5;0;0;0;28;6.58;5;2;4;0;2;38,509;9,058;4,233;4,189;16;0;0;11;3;4;5;5;1.17;1;0;0;29;6.82;8;02:53;00:40;00:56;82;19;17;752;0.25;175;0;0;0;2,199;803;2;0.47;2;0;0;0;49 minutes;09:21;14,569;1,907;0;0;0;36%;45%;44%
SupportMain-11364;60;0;0;17;7%;417;28;11;0;285,384;7,333.25;12,342;4,024;298;7.65;631;16;30;771;19.81;41;13;2.58;0;6;0;242;6.21;14;0;39;0;25;337,138;8,663.13;13,282;4,871;13;0;0;68;18;17;33;1;0.02;1;3;1;380;9.76;24;49:11;01:15;02:51;328;8;17;9,006;0;628;0;0;0;0;0;39;1;4;1;0;0;8 hours;03:55:41;100,839;2,161;0;0;0;26%;0;65%
Surefour-2559;4493;0;0;0;7%;18;9;4;0.02;11,155;11,717.99;6,332;2,134;14;14.7;10;11;7;18;18.9;15;10;1.28;0;0;0;8;8.4;6;1;1;0;0;6,486;6,814;3,799;2,862;10;0;0;3;2;1;0;0;0;0;0;0;5;5.25;4;00:45;00:47;00:25;13;14;11;242;0.29;129;0;0;0;634;233;1;1.05;1;0;0;0;13 minutes;03:19;2,357;967;0;0;0;36%;0;23%
SwagUnicorn-4998;0;0;0;2;6%;47;10;5;0.01;35,128;5,488.37;6,201;2,748;48;7.49;114;18;22;74;11.56;14;6;1.54;0;0;0;21;3.28;5;3;6;1;3;37,577;5,871;5,876;4,334;6;0;0;18;9;3;7;2;0.31;1;0;0;34;5.31;9;04:54;00:46;01:08;86;13;16;1,076;0.28;175;0;0;0;2,463;682;3;0.46;2;0;0;0;1 hour;12:29;11,687;2,506;0;0;4;27%;50%;50%
Sylar-1669;60;0;0;0;7%;22;8;6;0;14,816;8,965.21;4,627;2,385;13;7.86;25;15;12;50;30.25;15;11;3.84;0;0;0;16;9.68;7;0;2;0;1;14,405;8,716.78;4,432;2,195;11;0;0;4;2;0;2;1;0.6;1;0;0;22;13.31;8;04:09;02:31;01:15;17;10;6;164;0;95;0;0;0;0;0;4;2.42;2;0;0;0;23 minutes;13:39;4,078;767;0;0;0;27%;0;89%
Sypeh-2707;0;0;0;10;9%;236;38;11;0.02;132,052;11,865.57;12,091;4,459;82;7.36;404;36;57;279;25.06;39;15;3.4;0;4;0;97;8.71;13;2;11;0;9;138,261;12,423;13,194;5,198;15;0;0;29;13;6;11;8;0.71;2;3;2;105;9.43;17;09:20;00:50;01:18;304;27;43;3,513;0.38;578;0;0;0;7,327;2,488;10;0.89;1;0;0;0;2 hours;01:01:24;52,440;2,182;0;0;0;33%;52%;76%
Talespin-1868;4132;0;0;0;13%;4;4;4;0.02;1,520;5,559.2;1,520;1,520;1;3.65;4;15;4;6;21.94;6;6;6;0;0;0;3;10.97;3;0;0;0;0;1,017;3,720;1,017;925;6;0;0;1;0;0;1;0;0;0;0;0;1;3.65;1;00:03;00:11;00:03;5;18;5;58;0.36;58;0;0;0;101;30;1;3.65;1;0;0;0;2 minutes;0;297;297;0;0;0;29%;0;100%
tape2-1581;4695;0;0;0;4%;19;15;8;0.01;20,710;17,334.74;18,286;8,000;17;14.22;16;13;14;22;18.41;19;12;1.29;0;0;0;7;5.85;6;1;1;0;0;7,281;6,095;6,342;3,526;12;0;0;5;2;1;2;0;0;0;3;1;7;5.85;5;01:16;01:04;00:55;24;20;19;270;0.23;190;0;0;0;1,074;417;2;1.67;2;0;0;0;18 minutes;03:57;1,977;890;0;0;0;38%;40%;0
tassame-21620;59;0;0;0;0;0;0;0;0;440;4,205.83;440;440;1;9.55;2;19;2;0;0;0;0;0;0;0;0;0;0;0;0;0;0;0;1,577;15,078.83;1,577;1,573;0;0;0;0;0;0;0;0;0;0;0;0;0;0;0;00:10;01:38;00:10;1;10;1;0;0;0;0;0;0;0;0;0;0;0;0;0;0;1 minute;0;376;376;0;0;0;10%;0;0
Tee-11350;2110;0;0;1;7%;21;9;7;0.01;643;12,466.85;643;643;1;19.38;47;24;19;1;19.38;1;1;1;0;1;0;16;8.33;6;0;0;1;0;14,775;7,694;6,627;2,406;1;0;0;0;0;0;0;0;0;0;0;0;19;9.89;9;00:00;00:05;00:00;32;17;21;279;0.18;170;0;0;0;22;5;1;0.52;1;0;0;0;51.17199701536447 seconds;03:48;4,139;1,053;0;0;2;22%;37%;100%
Teejay-1789;3762;0;0;5;13%;122;37;17;0.03;51,943;9,906.09;11,917;4,725;36;6.86;149;28;47;137;26.12;37;21;3.8;0;1;0;48;9.15;13;2;5;0;3;44,784;8,541;13,704;5,454;21;0;0;12;4;2;6;0;0;0;4;3;32;6.1;18;03:36;00:41;01:30;125;24;32;1,394;0.34;368;0;0;0;2,554;932;4;0.76;1;0;0;0;1 hour;18:10;17,327;1,992;0;0;0;36%;42%;56%
Thorlax-2359;2420;0;0;0;8%;7;6;3;0.01;4,257;4,899.91;3,230;672;14;16.11;8;9;5;4;4.6;4;2;0.28;0;0;0;2;2.3;2;1;1;0;0;4,125;4,748;2,900;700;2;0;0;1;1;0;0;0;0;0;0;0;3;3.45;3;00:21;00:24;00:18;4;5;3;2;0;2;0;0;0;331;79;0;0;0;0;0;0;9 minutes;0;830;346;0;0;0;23%;24%;0
ThreeDDD-4546;3579;0;0;13;8%;194;20;13;0.02;121,601;8,005.61;14,302;5,662;84;5.53;348;23;38;313;20.6;33;14;3.72;0;1;0;117;7.7;16;5;15;0;10;107,274;7,062;12,648;4,270;14;0;0;41;18;4;20;0;0;0;3;2;107;7.04;11;09:35;00:37;01:35;355;23;33;2,138;0.22;335;0;0;0;6,417;2,249;19;1.25;3;0;0;0;2 hours;54:38;37,715;1,889;0;0;0;35%;52%;67%
tic-1885;63;0;0;7;9%;251;33;12;0;132,349;11,366.08;12,242;3,499;122;10.47;148;13;15;275;23.61;38;13;2.25;0;2;0;104;8.93;15;0;12;0;4;102,508;8,803.36;10,895;4,791;13;0;0;30;13;6;12;2;0.17;1;3;2;120;10.3;20;13:28;01:09;01:51;48;4;7;2,664;0;491;0;0;0;0;0;22;1.88;3;1;0;0;2 hours;01:06:29;45,057;1,945;0;0;0;31%;0;35%
Tiki-11546;3512;0;0;8;6%;265;26;9;0.01;216,794;10,030.51;19,635;4,280;239;11.05;494;23;44;469;21.69;52;10;1.96;0;5;0;172;7.95;23;11;22;0;11;153,883;7,120;15,204;4,235;10;0;0;49;20;8;21;7;0.32;3;3;2;193;8.92;30;21:47;01:00;03:05;476;22;52;6,053;0.35;699;0;0;0;12,927;4,157;24;1.11;3;0;0;0;4 hours;01:11:06;51,160;1,456;0;0;0;32%;39%;49%
TinTing-3105;3121;0;0;2;6%;28;14;4;0.01;22,550;5,835.44;6,416;2,030;35;9.05;80;21;29;41;10.61;15;7;1.17;0;1;0;12;3.1;3;1;4;1;2;27,801;7,194;11,179;4,241;7;0;0;7;2;0;5;2;0.51;1;3;1;18;4.65;8;03:53;01:00;01:33;59;15;21;619;0.22;342;0;0;0;1,631;437;2;0.51;1;0;0;0;46 minutes;04:30;9,796;1,723;0;0;0;26%;40%;59%
Toha-2496;1362;0;0;3;13%;93;44;10;0.02;40,668;9,587.81;12,653;3,871;21;4.95;103;24;21;94;22.16;24;13;4.47;0;0;0;43;10.13;13;1;4;0;3;35,679;8,412;11,547;3,015;13;0;0;13;6;3;3;4;0.94;2;0;0;26;6.12;8;01:40;00:23;00:47;82;19;24;997;0.3;298;0;0;0;2,351;715;14;3.3;5;0;0;0;54 minutes;16:51;8,762;1,921;0;0;0;30%;34%;74%
tongue-11364;3632;0;0;1;9%;37;12;6;0.02;19,858;7,850.71;4,004;3,248;17;6.72;53;21;16;55;21.74;15;10;3.23;0;0;0;26;10.27;8;1;3;0;2;17,223;6,809;3,999;2,644;10;0;0;8;2;2;3;0;0;0;3;1;23;9.09;6;00:47;00:18;00:18;45;18;11;730;0.45;326;0;0;0;939;373;6;2.37;3;0;0;0;26 minutes;05:58;6,852;1,211;0;0;0;39%;54%;60%
ToraNerd-1456;2322;0;0;3;6%;103;16;6;0.01;78,868;6,816.92;12,838;1,872;128;11.06;217;19;49;216;18.66;47;9;1.68;0;1;0;76;6.56;16;5;12;0;7;82,470;7,128;14,384;3,710;9;0;0;22;6;4;11;2;0.17;1;3;1;107;9.24;24;12:54;01:06;02:36;215;19;48;1,854;0.19;338;0;0;0;5,296;1,517;12;1.03;3;0;0;0;2 hours;25:46;23,643;2,022;0;0;9;28%;47%;60%
Toujours-4543;0;0;0;0;10%;11;11;4;0.01;5,989;6,808.78;5,989;1,893;9;10.23;8;9;8;20;22.73;20;10;2.22;0;0;0;8;9.09;8;1;1;0;0;6,994;7,952;6,994;1,952;10;0;0;3;1;1;1;1;1.13;1;0;0;7;7.95;7;01:16;01:26;01:16;8;9;8;0;0;0;0;0;0;537;109;5;5.68;5;0;0;0;12 minutes;05:05;1,309;539;0;0;0;20%;0;0
Treaty-11117;57;0;0;1;8%;14;6;4;0;8,227;8,827.45;3,402;2,560;6;6.43;10;11;7;22;23.6;12;9;3.66;0;0;0;6;6.43;3;0;1;0;1;6,220;6,674.5;2,889;2,260;9;0;0;3;0;1;1;0;0;0;0;0;6;6.43;5;00:31;00:33;00:17;6;6;3;12;0;12;0;0;0;0;0;2;2.14;1;0;0;0;10 minutes;06:13;1,602;937;0;0;0;28%;0;72%
Tung-3350;3000;0;0;0;10%;4;4;2;0.01;2,141;5,677.06;2,141;1,136;3;7.95;11;29;11;3;7.95;3;2;1;0;1;0;0;0;0;0;0;0;0;4,012;10,641;4,012;2,957;2;0;0;0;0;0;0;0;0;0;0;0;0;0;0;00:06;00:16;00:06;11;29;11;232;0.82;232;0;0;0;180;37;0;0;0;0;0;0;4 minutes;01:41;1,856;1,651;0;0;0;20%;20%;0
TviQ-1503;4134;0;0;2;9%;146;24;10;0.02;78,494;10,649.42;17,843;5,151;57;7.73;154;21;29;159;21.57;31;13;2.78;0;2;0;69;9.36;16;4;7;1;3;52,873;7,173;13,589;3,453;13;0;0;21;6;3;12;5;0.67;2;0;0;58;7.86;14;07:08;00:58;01:26;129;18;29;1,825;0.32;625;0;0;0;3,777;1,493;19;2.57;4;0;0;0;1 hour;22:02;19,144;1,466;0;0;0;39%;46%;36%
Ulfang-1914;57;0;0;0;6%;63;10;5;0;52,288;8,038.19;6,601;2,293;74;11.37;67;10;11;129;19.83;15;7;1.74;0;3;0;56;8.6;7;0;7;0;5;35,718;5,491;5,552;2,238;7;0;0;8;3;2;3;5;0.76;1;0;0;47;7.22;6;07:02;01:04;01:18;24;4;4;1,434;0;227;0;0;0;0;0;9;1.38;2;1;0;0;1 hour;22:43;10,832;1,298;0;0;0;28%;0;75%
uNFixed-2518;0;0;0;3;7%;87;29;18;0.02;58,563;16,530.57;21,938;5,178;17;4.79;124;35;51;121;34.15;48;13;7.11;0;0;0;48;13.54;14;2;4;0;1;42,345;11,953;14,490;4,478;13;0;0;13;4;5;4;0;0;0;0;0;46;12.98;13;03:03;00:51;01:06;114;32;51;885;0.27;667;0;0;0;2,384;1,112;8;2.25;3;0;0;0;54 minutes;25:44;14,933;1,049;0;0;0;46%;47%;41%
uruca-11142;4007;0;0;0;6%;30;11;9;0.01;23,372;12,325.23;6,928;2,906;21;11.07;35;18;12;36;18.98;10;9;1.71;0;0;0;6;3.16;2;1;2;0;1;20,117;10,609;4,715;2,970;9;0;0;5;2;1;2;0;0;0;3;1;17;8.96;8;02:30;01:19;01:19;35;18;9;476;0.28;160;0;0;0;1,288;473;0;0;0;0;0;0;27 minutes;05:52;7,444;1,743;0;0;0;36%;48%;41%
vallutaja-2514;4250;0;0;2;11%;27;22;8;0.02;12,275;8,708.51;8,370;2,450;6;4.25;36;26;19;31;21.99;16;8;5.16;0;0;0;6;4.25;3;0;1;0;1;9,220;6,541;4,656;2,126;8;0;0;5;0;1;4;0;0;0;0;0;8;5.67;4;00:32;00:23;00:21;23;16;14;176;0.18;137;0;0;0;896;237;2;1.41;1;0;0;0;16 minutes;04:59;2,830;666;0;0;3;26%;0;100%
vanGh-11287;3063;0;0;270;5%;4,110;42;13;0.01;53;1,424.91;53;53;1;27.08;9,207;26;66;6,697;19.2;47;16;2.18;0;24;0;1,867;5.35;14;0;0;0;179;3,437,594;9,858;22,902;7,449;16;0;0;0;0;233;297;33;0.09;2;4;43;2,963;8.49;29;06:39:04;01:08;04:36;7,837;22;52;66,677;0.24;836;0;0;0;11;1;159;0.45;3;1;0;0;37.19532700907439 seconds;21:34:36;1,233,344;3,411;0;0;11;9%;47%;51%
Victrix-11344;2190;0;0;2;8%;56;23;12;0.02;35,492;11,863.3;15,778;7,390;24;8.02;73;24;31;48;16.04;25;11;2;0;0;0;18;6.01;9;2;3;0;1;26,945;9,007;12,421;5,856;11;0;0;9;3;4;3;1;0.33;1;0;0;18;6.01;14;02:07;00:42;01:09;59;20;28;669;0.27;350;0;0;0;2,675;689;5;1.67;3;0;0;0;40 minutes;09:06;6,418;1,079;0;0;1;25%;25%;33%
ViruSs-1935;2793;0;0;3;8%;85;24;7;0.02;50,411;10,759.55;17,833;3,825;56;11.95;124;26;37;105;22.41;29;9;1.87;0;1;0;45;9.6;12;3;5;0;2;33,120;7,069;9,128;2,204;9;0;0;14;4;2;9;4;0.85;2;3;2;37;7.89;14;04:03;00:51;01:33;101;22;31;1,163;0.3;554;0;0;0;3,539;972;6;1.28;3;0;0;0;1 hour;12:58;12,128;1,540;0;0;0;27%;32%;42%
Vivieria-1169;50;0;0;16;5%;159;12;7;0;159,142;7,361.26;8,353;3,307;185;8.55;333;15;17;417;19.28;34;10;2.25;0;0;0;193;8.92;16;0;22;0;11;180,481;8,348.3;11,243;3,699;10;0;0;56;15;23;17;13;0.6;2;0;0;172;7.95;13;39:25;01:49;03:24;124;6;10;25,955;0;371;0;0;0;0;0;43;1.98;5;0;0;0;4 hours;02:16:01;45,896;1,677;0;0;0;33%;0;48%
voice-3499;3569;0;0;1;3%;11;10;3;0;17,419;10,371.22;11,270;3,191;12;7.14;50;30;38;35;20.83;27;12;2.91;0;0;0;16;9.52;14;1;2;0;1;13,977;8,322;7,196;3,593;12;0;0;5;1;1;3;0;0;0;0;0;17;10.12;14;02:12;01:18;02:00;35;21;29;385;0.28;224;0;0;0;893;338;3;1.78;2;0;0;0;22 minutes;04:00;3,006;1,344;0;0;1;37%;41%;59%
watt-1213;80;0;0;6;6%;118;13;5;0;86,569;8,193.8;11,427;3,795;80;7.57;203;19;25;268;25.36;30;12;3.35;0;4;0;88;8.32;11;0;11;0;7;104,512;9,892.19;11,514;4,398;12;0;0;28;10;5;13;7;0.66;2;3;1;104;9.84;15;10:22;00:58;01:45;101;10;11;2,055;0;621;0;0;0;0;0;10;0.94;2;0;0;0;2 hours;01:04:33;31,200;1,909;0;0;0;32%;0;70%
weaselele-2442;4437;0;0;4;7%;93;20;8;0.02;66,091;11,604.48;12,960;4,235;63;11.06;154;27;46;122;21.42;38;9;1.93;0;1;0;33;5.79;10;4;6;0;2;50,231;8,820;10,893;3,553;9;0;0;13;3;2;8;2;0.35;1;3;1;34;5.96;9;03:27;00:36;01:18;112;20;29;1,271;0.27;497;0;0;0;2,907;1,274;2;0.35;1;0;0;0;1 hour;14:44;22,207;1,833;0;0;0;43%;53%;34%
Werky-1402;2821;0;0;17;6%;309;19;11;0.01;250,044;9,514.46;12,918;5,427;186;7.07;605;23;39;606;23.05;36;16;3.25;0;6;0;223;8.48;16;8;26;0;18;194,915;7,417;10,471;4,990;16;0;0;81;28;16;36;7;0.26;1;0;0;284;10.8;18;32:23;01:13;01:55;633;24;38;4,737;0.24;505;0;0;0;16,953;4,794;26;0.98;3;0;0;0;5 hours;01:50:34;69,177;2,091;0;0;10;28%;33%;67%
WinterDKay-2106;2919;0;0;20;9%;520;31;14;0.02;289,313;9,549.27;12,546;6,673;232;7.65;814;27;43;670;22.11;34;20;2.88;0;2;0;249;8.21;13;11;30;0;20;278,747;9,201;13,116;8,041;20;0;0;69;22;15;33;2;0.06;1;3;4;277;9.14;16;30:05;00:59;02:08;735;24;38;7,201;0.29;595;0;0;0;18,383;5,494;37;1.22;3;0;0;0;6 hours;02:10:04;91,105;1,607;0;0;3;29%;44%;64%
XavierChu-3266;3000;0;0;2;7%;33;7;6;0.01;24,510;7,030.2;8,075;2,414;33;9.46;83;24;23;58;16.63;22;11;1.75;0;1;0;13;3.72;6;3;3;0;1;31,808;9,123;9,552;3,695;11;0;0;10;3;3;4;1;0.28;1;0;0;21;6.02;8;05:01;01:26;02:11;71;20;26;776;0.28;253;0;0;0;1,619;469;2;0.57;1;0;0;0;44 minutes;18:50;9,191;1,775;0;0;0;28%;38%;26%
xFloweyx-3965;1752;0;0;1;5%;14;11;3;0.01;13,658;12,091.62;12,137;2,219;12;10.62;21;19;17;27;23.9;25;5;2.25;0;0;0;13;11.5;12;0;1;0;1;10,262;9,086;8,809;1,821;5;0;0;3;1;1;1;1;0.88;1;0;0;7;6.19;7;01:39;01:28;01:35;22;19;21;473;0.49;468;0;0;0;668;267;6;5.31;5;0;0;0;15 minutes;06:05;4,026;1,246;0;0;0;39%;40%;88%
XQQ-11863;4453;0;0;0;7%;6;6;6;0.03;3,875;20,908.79;3,875;3,875;1;5.39;10;54;10;6;32.37;6;6;6;0;0;0;1;5.39;1;0;0;0;0;2,234;12,057;2,234;2,229;6;0;0;0;0;0;0;0;0;0;3;1;2;10.79;2;00:01;00:07;00:01;8;43;8;102;0.54;102;0;0;0;163;78;0;0;0;0;0;0;3 minutes;01:43;873;502;0;0;0;47%;0;0
xxiSaint-3541;2298;0;0;2;5%;32;18;4;0.01;29,405;13,501.26;16,000;4,065;18;8.26;46;21;24;46;21.12;31;10;2.55;0;0;0;17;7.8;12;1;2;0;1;20,496;9,411;11,010;3,184;10;0;0;6;2;2;1;0;0;0;0;0;21;9.64;13;01:37;00:44;01:22;45;21;27;427;0.23;386;0;0;0;1,629;555;3;1.37;3;0;0;0;29 minutes;06:34;6,786;1,142;0;0;0;34%;41%;45%
Y19251658-2148;3795;0;0;1;16%;45;34;12;0.04;14,940;9,573.52;10,283;2,560;11;7.04;43;28;32;37;23.7;31;11;3.36;0;1;0;14;8.97;11;1;2;0;1;15,820;10,137;10,531;3,645;11;0;0;5;2;2;2;0;0;0;3;1;16;10.25;16;00:55;00:35;00:52;35;22;29;178;0.16;178;0;0;0;837;273;1;0.64;1;0;0;0;17 minutes;04:55;5,532;1,567;0;0;0;32%;33%;64%
YaMou-4439;3076;0;0;0;7%;1;1;1;0.01;395;3,346.64;395;196;2;16.94;19;15;6;10;8.13;2;2;0.58;0;0;0;1;0.81;1;0;0;0;0;10,213;8,312;2,794;2,275;2;0;0;0;0;1;2;0;0;0;0;0;2;1.62;1;01:01;00:50;00:22;14;11;4;364;0.41;154;0;0;0;30;14;0;0;0;0;0;0;1 minute;00:17;3,096;1,763;0;0;0;46%;0;20%
Yoooz-3681;2542;0;0;0;10%;32;17;11;0.03;17,004;16,169.25;10,375;4,987;13;12.36;29;28;14;35;33.28;17;9;2.69;0;0;0;18;17.11;12;1;1;0;0;8,826;8,393;4,581;1,873;9;0;0;3;1;0;2;2;1.9;1;0;0;6;5.7;4;00:40;00:38;00:19;24;23;16;218;0.22;163;0;0;0;1,036;318;4;3.8;3;0;0;0;16 minutes;04:40;2,755;756;0;0;0;30%;34%;45%
YuzuP-1934;1855;0;0;5;5%;162;25;9;0.01;147,253;9,810.63;12,595;6,306;138;9.19;321;21;36;247;16.45;28;13;1.78;0;0;0;69;4.59;12;10;15;0;4;109,440;7,291;10,504;4,595;13;0;0;33;10;6;18;0;0;0;3;5;139;9.26;14;20:11;01:20;02:46;251;17;27;2,525;0.21;238;0;0;0;9,292;2,793;7;0.46;3;0;0;0;3 hours;42:35;33,238;2,150;0;0;3;30%;48%;29%
Zalphx-1161;3789;0;0;5;4%;86;21;6;0.01;88,521;11,124.73;15,334;5,285;63;7.91;225;28;38;159;19.98;21;12;2.52;0;1;0;50;6.28;6;1;8;0;7;52,956;6,655;8,604;3,663;12;0;0;18;5;5;8;1;0.12;1;3;1;64;8.04;10;11:23;01:25;02:49;209;26;31;1,772;0.29;331;0;0;0;6,262;1,776;6;0.75;2;0;0;0;1 hour;23:25;16,567;1,301;0;0;1;28%;40%;87%
Zatanna-11384;65;0;0;2;8%;55;12;4;0;31,843;5,358.65;5,888;2,485;59;9.92;74;12;19;73;12.28;15;6;1.23;0;1;0;18;3.02;5;0;6;0;3;39,330;6,618.61;7,597;2,789;6;0;0;11;2;3;6;1;0.16;1;0;0;23;3.87;6;05:07;00:51;00:57;20;3;9;912;0;207;0;0;0;0;0;2;0.33;1;0;0;0;1 hour;14:52;12,925;1,175;0;0;0;29%;0;54%
Zyphoid-11537;2610;0;0;0;4%;1;1;1;0;1,164;3,709.82;1,164;570;4;12.75;0;0;0;0;0;0;0;0;0;0;0;0;0;0;0;0;0;0;902;2,876;902;427;0;0;0;1;1;0;0;0;0;0;0;0;0;0;0;00:05;00:17;00:05;0;0;0;9;0.05;9;0;0;0;75;21;0;0;0;0;0;0;2 minutes;0;87;87;0;0;0;28%;0;0
