abra84kadabra;2388;0;4%;5;2;1;0;6,845;2,865.05;1,871;1,649;1;0.41;1;13;5.44;14;5.85;5;5;1.07;0;0;0;0;0;0;0;0;0;8;3.34;4;9;3.76;4;1;2;0;1;0;0;0;0;5;0;0;6;2;3;2;0;0;0;0;0;5;2.09;3;01:18;00:32;01:04;0;0;0;0;0;0;577;116;3;1.25;1;0;0;0;23 minutes;0;0;0;0;0;2;20%;35%;60%
aisia121;4402;0;9%;22;10;4;0.01;16,973;9,938.14;4,249;2,369;7;4.09;2;22;12.88;43;25.17;14;5;1.95;0;0;0;0;0;0;0;1;0;4;2.34;3;27;15.8;9;0;2;0;1;0;0;0;0;5;0;0;3;1;2;1;0;0;0;0;0;12;7.02;7;00:47;00:28;00:13;0;0;0;0;0;0;539;224;5;2.92;3;0;0;0;23 minutes;01:10;0;0;0;0;0;41%;60%;65%
AkimboMistiK;4165;0;6%;6;4;4;0.01;5,716;10,046.39;3,311;1,411;2;3.51;2;7;12.3;11;19.33;5;3;1.57;0;0;0;0;0;0;0;0;0;0;0;0;4;7.03;2;0;1;0;0;0;0;0;0;3;0;0;1;1;0;0;0;0;0;0;0;1;1.75;1;00:02;00:04;00:02;0;0;0;0;0;0;195;88;0;0;0;0;0;0;7 minutes;0;0;0;0;0;0;45%;0;33%
Akodak;3000;2;3%;37;9;7;0;65,965;11,918.54;12,863;4,289;27;4.87;7;57;10.29;125;22.58;25;15;2.19;0;0;0;0;0;0;0;0;0;32;5.78;8;81;14.63;17;2;6;0;3;0;0;0;0;15;0;0;12;4;5;3;2;0.36;2;0;0;43;7.76;14;03:56;00:42;01:16;0;0;0;0;0;0;2,492;951;18;3.25;4;0;0;0;1 hour;04:37;0;0;0;0;0;38%;47%;49%
Alelksan;0;2;3%;17;13;3;0.01;26,194;16,021.03;22,044;2,974;15;9.17;15;19;11.62;73;44.64;56;13;3.84;0;0;0;0;0;0;0;0;0;30;18.34;24;52;31.8;40;0;2;0;2;0;0;0;0;13;0;0;5;0;5;0;0;0;0;3;1;28;17.12;20;02:44;01:40;02:14;0;0;0;0;0;0;749;426;21;12.84;14;0;0;0;25 minutes;10:57;0;0;0;0;0;56%;0;100%
AllStatsDown;4102;0;4%;4;4;2;0;6,879;8,614.69;6,879;3,608;2;2.5;2;7;8.76;13;16.28;13;10;1.85;0;0;0;0;0;0;0;0;0;0;0;0;13;16.28;13;1;1;0;0;0;0;0;0;10;0;0;2;0;2;0;0;0;0;0;0;1;1.25;1;00:15;00:18;00:15;0;0;0;0;0;0;252;94;4;5;4;0;0;0;9 minutes;04:00;0;0;0;0;0;37%;37%;0
angels_fan_44;0;0;3%;22;5;3;0;44,263;8,631.67;9,241;3,019;18;3.51;6;50;9.75;96;18.72;22;10;1.92;0;0;0;0;0;0;0;0;0;32;6.24;8;56;10.92;13;3;5;0;1;0;0;0;0;10;0;0;13;4;4;5;0;0;0;3;1;31;6.04;8;05:03;00:59;01:22;0;0;0;0;0;0;1,202;674;18;3.51;7;0;0;0;1 hour;03:31;0;0;0;0;6;56%;73%;24%
APurplePanduh;4466;0;10%;82;19;9;0.02;56,514;15,842.53;13,823;3,947;10;2.8;3;36;10.09;100;28.03;19;10;2.77;0;0;0;0;0;0;0;0;0;8;2.24;4;67;18.78;12;2;4;0;2;0;0;0;0;10;0;0;10;2;6;2;0;0;0;3;1;39;10.93;7;02:05;00:35;00:28;0;0;0;0;0;0;1,600;767;16;4.48;4;0;0;0;46 minutes;07:21;0;0;0;0;0;47%;46%;50%
Arash1994;3986;2;8%;61;25;12;0.02;50,678;11,409.05;13,531;5,515;6;1.35;3;19;4.27;136;30.61;42;16;7.15;0;0;0;0;0;0;0;1;0;11;2.47;3;68;15.3;20;0;4;0;4;0;0;0;0;16;0;0;13;7;3;3;0;0;0;3;1;34;7.65;10;04:52;01:05;01:21;0;0;0;0;0;0;1,494;744;18;4.05;7;0;0;0;46 minutes;06:24;0;0;0;0;0;49%;56%;100%
ATLXyphes;3256;1;6%;75;9;8;0.01;88,544;12,307.2;15,018;6,990;36;5;7;64;8.89;221;30.71;30;18;3.45;0;0;0;0;0;0;0;1;0;8;1.11;2;129;17.93;20;2;7;0;5;0;0;0;0;18;0;0;19;8;4;6;0;0;0;4;2;81;11.25;12;05:01;00:41;01:41;0;0;0;0;0;0;2,592;1,219;23;3.19;3;0;0;0;1 hour;13:05;0;0;0;0;1;47%;55%;64%
AutoBots_Kick_A;2901;4;5%;205;19;6;0.01;247,445;9,425.61;17,100;6,251;88;3.35;10;185;7.04;547;20.83;37;16;2.95;0;0;0;0;0;0;0;4;0;125;4.76;12;336;12.79;27;14;26;4;9;0;0;0;0;16;0;0;45;15;14;15;0;0;0;4;6;179;6.81;15;10:37;00:24;01:02;0;0;0;0;0;0;7,863;3,620;125;4.76;12;1;0;0;5 hours;22:52;0;0;0;0;7;46%;73%;35%
BEN-B-en;0;3;2%;370;10;5;0;970,200;10,672.7;13,713;6,083;266;2.92;5;953;10.48;1,838;20.21;31;13;1.92;0;0;0;0;0;0;0;11;0;637;7;16;1,096;12.05;20;48;91;4;39;0;0;0;0;13;0;0;217;97;46;73;7;0.07;1;4;15;606;6.66;19;45:32;00:30;01:26;0;0;0;0;0;0;31,573;14,660;245;2.69;6;0;0;0;19 hours;01:03:37;0;0;0;0;6;46%;64%;42%
BhaagMilkhaBhaag;3000;0;3%;2;1;1;0;2,877;5,788.21;1,957;1,376;0;0;0;4;8.04;13;26.15;9;6;3.25;0;0;0;0;0;0;0;0;0;6;12.07;3;10;20.12;7;0;0;0;0;0;0;0;0;6;0;0;1;0;1;0;0;0;0;0;0;3;6.03;2;00:08;00:17;00:08;0;0;0;0;0;0;124;54;4;8.04;3;0;0;0;6 minutes;0;0;0;0;0;0;43%;39%;100%
blueschopper0628;1959;10;3%;1,224;16;8;0;2,457,277;8,287.74;20,925;4,285;1,369;4.61;13;3,908;13.18;5,592;18.86;53;18;1.43;0;0;0;0;0;0;0;17;0;1,210;4.08;18;3,511;11.84;29;139;296;20;138;0;0;0;0;18;0;0;544;220;136;187;2;0;1;6;92;2,224;7.5;28;04:18:45;00:52;02:32;0;0;0;0;0;0;80,919;34,449;1,145;3.86;16;7;0;0;61 hours;04:09:56;0;0;0;0;111;42%;60%;46%
boneh;3996;0;2%;2;2;2;0;6,485;18,911.61;6,485;1,554;4;11.66;4;7;20.41;13;37.91;13;5;1.85;0;0;0;0;0;0;0;0;0;1;2.91;1;5;14.58;5;0;0;0;0;0;0;0;0;5;0;0;1;0;0;1;0;0;0;0;0;3;8.74;3;00:18;00:53;00:18;0;0;0;0;0;0;128;82;3;8.74;3;0;0;0;5 minutes;0;0;0;0;0;0;64%;0;100%
bub_THe-_-Gr8;2378;0;7%;8;3;3;0.01;7,649;8,920.67;3,088;1,722;3;3.49;2;8;9.33;14;16.32;9;7;1.75;0;0;0;0;0;0;0;0;0;3;3.49;2;9;10.49;5;1;1;0;0;0;0;0;0;7;0;0;1;0;0;0;0;0;0;0;0;3;3.49;2;00:07;00:08;00:05;0;0;0;0;0;0;231;114;4;4.66;2;0;0;0;9 minutes;0;0;0;0;0;0;49%;53%;0
BunnyFuufu;4078;2;6%;57;20;6;0.01;62,551;15,628.55;21,244;5,325;23;5.74;10;36;8.99;140;34.97;32;14;3.88;0;0;0;0;0;0;0;0;0;28;6.99;7;77;19.23;14;1;4;0;2;0;0;0;0;14;0;0;12;6;5;1;0;0;0;4;2;53;13.24;11;01:47;00:26;00:56;0;0;0;0;0;0;1,855;898;16;3.99;7;0;0;0;58 minutes;09:13;0;0;0;0;0;48%;57%;56%
buraki35;4286;0;3%;9;5;2;0;15,761;9,292.25;10,208;2,351;6;3.53;5;14;8.25;38;22.4;28;11;2.71;0;0;0;0;0;0;0;0;0;6;3.53;2;17;10.02;13;0;2;0;2;0;0;0;0;11;0;0;5;2;1;2;0;0;0;0;0;10;5.89;8;00:58;00:34;00:43;0;0;0;0;0;0;576;258;4;2.35;3;0;0;0;17 minutes;01:20;0;0;0;0;0;44%;56%;93%
CapuSound99;1958;1;4%;45;7;4;0;60,652;7,751.1;8,103;2,391;25;3.19;5;103;13.16;147;18.78;21;7;1.42;0;0;0;0;0;0;0;0;0;51;6.51;9;104;13.29;14;6;8;1;1;0;0;0;0;7;0;0;15;7;4;4;3;0.38;2;3;4;57;7.28;12;03:41;00:28;00:42;0;0;0;0;0;0;2,294;904;40;5.11;10;0;0;0;1 hour;04:26;0;0;0;0;0;39%;48%;18%
CrispeChris;3343;6;5%;148;15;6;0.01;191,432;9,165.2;15,415;6,961;61;2.92;6;146;6.99;538;25.75;40;15;3.68;0;0;0;0;0;0;0;2;0;120;5.74;10;296;14.17;23;2;21;0;19;0;0;0;0;15;0;0;43;14;12;17;5;0.23;1;4;4;134;6.41;12;08:47;00:25;00:51;0;0;0;0;0;0;5,858;2,703;72;3.44;6;0;0;0;3 hours;22:12;0;0;0;0;5;46%;67%;91%
CW-punchL1nez;2903;0;2%;2;2;2;0;6,734;15,390.66;6,734;4,416;4;9.14;4;3;6.85;15;34.28;15;9;5;0;0;0;0;0;0;0;0;0;5;11.42;5;8;18.28;8;0;0;0;0;0;0;0;0;9;0;0;1;0;0;0;0;0;0;0;0;1;2.28;1;00:16;00:37;00:16;0;0;0;0;0;0;154;81;5;11.42;5;0;0;0;6 minutes;01:24;0;0;0;0;0;52%;0;100%
cyber_animaI;4399;24;4%;1,074;20;10;0.01;1,735,500;14,089.98;25,083;9,406;626;5.08;15;887;7.2;3,537;28.71;48;22;3.98;0;0;0;0;0;0;0;7;0;473;3.84;11;2,056;16.69;35;21;123;1;101;0;0;0;0;22;0;0;339;102;112;124;11;0.08;1;5;49;1,150;9.33;24;01:53:01;00:55;03:10;0;0;0;0;0;0;45,492;23,818;400;3.24;10;0;0;0;24 hours;03:23:36;0;0;0;0;10;52%;68%;82%
CyberBuIIying;4034;0;5%;70;17;5;0.01;96,965;11,229.36;19,443;4,961;38;4.4;8;80;9.26;208;24.08;39;13;2.6;0;0;0;0;0;0;0;0;0;24;2.77;7;121;14.01;19;1;9;0;7;0;0;0;0;13;0;0;17;8;1;8;0;0;0;3;2;66;7.64;11;04:06;00:28;00:46;0;0;0;0;0;0;2,874;1,308;25;2.89;6;0;0;0;1 hour;06:03;0;0;0;0;1;45%;62%;84%
DARK_ASSAS1NATOR;4506;0;1%;3;3;2;0;11,649;15,181.01;10,680;2,419;2;2.6;2;6;7.81;16;20.85;16;5;2.66;0;0;0;0;0;0;0;0;0;4;5.21;4;8;10.42;8;0;1;0;1;0;0;0;0;5;0;0;2;1;0;1;0;0;0;0;0;2;2.6;2;00:12;00:16;00:12;0;0;0;0;0;0;367;193;5;6.51;5;0;0;0;8 minutes;01:30;0;0;0;0;0;52%;0;100%
DigitalNex;3853;0;2%;10;8;2;0;21,914;7,063.27;10,087;2,512;9;2.9;6;22;7.09;49;15.79;28;10;2.22;0;0;0;0;0;0;0;1;0;21;6.76;10;31;9.99;21;2;3;0;1;0;0;0;0;10;0;0;3;2;0;1;0;0;0;3;3;15;4.83;8;01:33;00:30;01:05;0;0;0;0;0;0;673;351;10;3.22;7;0;0;0;25 minutes;02:05;0;0;0;0;1;52%;70%;30%
Divinity-X-;4116;2;5%;162;15;6;0.01;207,733;14,991.07;15,010;6,634;45;3.24;7;136;9.81;352;25.4;36;9;2.58;0;0;0;0;0;0;0;0;0;33;2.38;6;209;15.08;19;8;14;0;5;0;0;0;0;9;0;0;37;12;10;15;0;0;0;4;2;132;9.52;20;10:52;00:47;01:32;0;0;0;0;0;0;5,249;2,923;42;3.03;7;0;0;0;2 hours;16:28;0;0;0;0;3;55%;65%;39%
doa3f2p;3304;0;0;0;0;0;0;681;4,951.93;681;384;0;0;0;2;14.54;2;14.54;2;1;1;0;0;0;0;0;0;0;0;0;1;7.27;1;0;0;0;0;0;0;0;0;0;0;0;1;0;0;1;0;0;0;0;0;0;0;0;0;0;0;00:00;00:04;00:00;0;0;0;0;0;0;41;11;0;0;0;0;0;0;1 minute;0;0;0;0;0;0;26%;0;0
Drew_MK;3016;7;4%;166;18;6;0.01;264,924;13,554.57;28,760;9,075;95;4.86;10;159;8.13;615;31.46;60;17;3.86;0;0;0;0;0;0;0;2;0;136;6.95;13;378;19.33;33;8;20;1;11;0;0;0;0;17;0;0;62;20;26;16;1;0.05;1;5;4;248;12.68;26;19:01;00:58;01:51;0;0;0;0;0;0;7,857;4,072;112;5.73;13;0;0;0;4 hours;51:22;0;0;0;0;8;51%;64%;55%
drewsausage;3063;0;6%;14;8;4;0.01;16,238;11,245.72;8,039;3,087;7;4.84;6;18;12.46;41;28.39;20;11;2.27;0;0;0;0;0;0;0;0;0;12;8.31;6;17;11.77;8;1;1;0;1;0;0;0;0;11;0;0;4;1;1;2;0;0;0;3;1;12;8.31;8;01:50;01:16;01:14;0;0;0;0;0;0;582;223;4;2.77;2;0;0;0;17 minutes;01:06;0;0;0;0;0;38%;34%;34%
DSZY;2628;1;3%;41;8;3;0;84,174;12,566.17;12,494;5,382;35;5.22;6;51;7.61;143;21.34;30;10;2.8;0;0;0;0;0;0;0;2;0;49;7.31;12;81;12.09;16;4;7;0;3;0;0;0;0;10;0;0;15;7;1;7;0;0;0;3;2;66;9.85;19;04:39;00:41;01:11;0;0;0;0;0;0;2,664;1,197;15;2.23;2;0;0;0;1 hour;06:20;0;0;0;0;0;44%;53%;37%
DubiousGerbil;2683;0;5%;2;2;1;0;2,731;14,112.19;2,731;1,174;2;10.33;2;4;20.67;12;62.01;12;6;3;0;0;0;0;0;0;0;1;0;6;31;6;7;36.17;7;0;0;0;0;0;0;0;0;6;0;0;0;0;0;0;0;0;0;0;0;5;25.84;5;00:02;00:11;00:02;0;0;0;0;0;0;83;38;2;10.33;2;0;0;0;3 minutes;00:28;0;0;0;0;0;45%;0;0
DutchieSoInsane;2610;0;8%;3;2;1;0;3,463;7,959.45;2,766;1,321;3;6.89;3;7;16.08;9;20.68;8;6;1.28;0;0;0;0;0;0;0;0;0;0;0;0;3;6.89;3;0;0;0;0;0;0;0;0;6;0;0;1;1;0;0;0;0;0;0;0;5;11.49;4;00:39;01:30;00:29;0;0;0;0;0;0;92;37;1;2.29;1;0;0;0;6 minutes;00:59;0;0;0;0;0;40%;0;15%
ecotaku;2368;1;3%;311;16;7;0;519,848;11,033.54;17,654;8,879;195;4.13;8;507;10.76;1,143;24.25;38;18;2.25;0;0;0;0;0;0;0;8;0;360;7.64;16;715;15.17;20;25;47;2;20;0;0;0;0;18;0;0;84;30;20;34;7;0.14;1;3;11;378;8.02;18;23:20;00:29;01:02;0;0;0;0;0;0;17,253;7,810;233;4.94;9;0;0;0;10 hours;49:00;0;0;0;0;2;45%;83%;41%
Erenksk9;4169;2;3%;71;10;4;0;124,752;11,415.14;11,859;5,346;29;2.65;6;125;11.43;277;25.34;22;13;2.21;0;0;0;0;0;0;0;1;0;52;4.75;7;153;13.99;14;7;11;0;4;0;0;0;0;13;0;0;30;8;11;10;2;0.18;1;3;2;90;8.23;10;08:25;00:46;01:25;0;0;0;0;0;0;4,398;1,899;37;3.38;5;0;0;0;2 hours;10:40;0;0;0;0;2;43%;58%;37%
EvanMario;0;0;5%;6;6;2;0.01;6,992;12,076.57;6,992;3,137;2;3.45;2;3;5.18;14;24.18;14;9;4.66;0;0;0;0;0;0;0;0;0;0;0;0;6;10.36;6;1;1;0;1;0;0;0;0;9;0;0;2;1;0;1;0;0;0;3;1;3;5.18;3;00:30;00:53;00:30;0;0;0;0;0;0;217;101;2;3.45;2;0;0;0;6 minutes;00:45;0;0;0;0;0;46%;0;100%
Fade_BR;0;5;2%;152;11;5;0;341,041;9,473.03;21,246;6,347;150;4.16;12;332;9.22;803;22.3;43;17;2.41;0;0;0;0;0;0;0;1;0;256;7.11;18;478;13.27;27;18;36;2;16;0;0;0;97;17;0;0;92;33;31;28;0;0;0;4;8;326;9.05;24;27:36;00:46;01:50;0;0;0;0;0;0;11,282;5,345;148;4.11;14;1;0;0;6 hours;55:07;0;0;0;0;19;47%;78%;43%
FastAsDux;2097;0;4%;8;4;4;0;11,199;8,518.86;6,278;1,601;2;1.52;2;15;11.41;19;14.45;11;4;1.26;0;0;0;0;0;0;0;0;0;0;0;0;9;6.84;5;1;1;0;0;0;0;0;0;4;0;0;1;1;0;1;0;0;0;0;0;4;3.04;3;00:48;00:36;00:24;0;0;0;0;0;0;562;167;2;1.52;1;0;0;0;18 minutes;0;0;0;0;0;0;29%;35%;10%
FeaRisSiKK;3000;1;6%;9;8;3;0.01;10,662;8,725.5;6,857;3,502;4;3.27;3;6;4.91;30;24.55;26;13;5;0;0;0;0;0;0;0;0;0;0;0;0;18;14.73;15;0;1;0;1;0;0;0;0;13;0;0;4;0;3;1;1;0.81;1;3;1;9;7.36;9;00:55;00:45;00:28;0;0;0;0;0;0;366;145;3;2.45;2;0;0;0;10 minutes;01:11;0;0;0;0;0;39%;33%;100%
flyinganimal;4142;20;3%;494;21;9;0.01;923,897;17,009.04;27,792;10,274;291;5.35;17;496;9.13;1,613;29.69;53;22;3.25;0;0;0;0;0;0;0;2;0;310;5.7;16;972;17.89;37;24;54;3;28;0;0;0;0;22;0;0;159;26;91;42;2;0.03;1;4;15;573;10.54;27;01:12:07;01:19;03:24;0;0;0;0;0;0;24,551;12,995;226;4.16;17;0;0;0;12 hours;01:39:25;0;0;0;0;6;52%;67%;51%
forrestsmith2;3084;2;8%;82;16;6;0.02;63,316;12,535.03;11,462;3,358;25;4.94;8;55;10.88;124;24.54;23;10;2.25;0;0;0;0;0;0;0;1;0;16;3.16;4;79;15.64;15;2;5;0;2;0;0;0;0;10;0;0;15;4;7;3;1;0.19;1;3;2;32;6.33;7;03:05;00:36;00:42;0;0;0;0;0;0;1,908;920;34;6.73;6;0;0;0;1 hour;06:50;0;0;0;0;0;48%;55%;46%
games3_112;2604;0;1%;15;6;5;0;50,303;10,244.77;23,615;3,927;2;0.4;1;22;4.48;121;24.64;53;12;5.5;0;0;0;0;0;0;0;1;0;39;7.94;18;64;13.03;30;1;5;0;4;0;0;0;0;12;0;0;12;5;3;4;1;0.2;1;0;0;51;10.38;32;02:27;00:30;01:36;0;0;0;0;0;0;1,931;890;6;1.22;4;0;0;0;53 minutes;05:00;0;0;0;0;1;46%;53%;74%
Ghazzarro;3000;4;7%;212;23;8;0.01;198,433;12,402.08;24,722;6,162;59;3.68;8;147;9.18;463;28.93;45;21;3.14;0;0;0;0;0;0;0;2;0;104;6.49;12;281;17.56;32;5;16;0;11;0;0;0;0;21;0;0;44;9;12;23;2;0.12;1;3;5;172;10.74;21;12:00;00:45;02:06;0;0;0;0;0;0;5,958;2,882;71;4.43;10;0;0;0;3 hours;22:42;0;0;0;0;0;48%;59%;68%
GodzillavsMuto;2555;0;5%;6;6;2;0;8,483;7,872.57;6,416;2,220;3;2.78;3;5;4.64;12;11.13;9;3;2.4;0;0;0;0;0;0;0;0;0;2;1.85;2;6;5.56;6;1;1;0;0;0;0;0;0;3;0;0;0;0;0;0;0;0;0;0;0;4;3.71;4;00:00;00:00;00:00;0;0;0;0;0;0;276;116;4;3.71;4;0;0;0;10 minutes;0;0;0;0;0;0;42%;0;0
GoldenBullet20;4406;1;6%;11;11;4;0.02;11,315;11,291.06;11,315;3,709;5;4.98;5;2;1.99;35;34.92;35;11;17.5;0;0;0;0;0;0;0;0;0;7;6.98;7;18;17.96;18;0;1;0;1;0;0;0;0;11;0;0;2;0;2;0;0;0;0;0;0;1;0.99;1;00:09;00:09;00:09;0;0;0;0;0;0;327;173;6;5.98;6;0;0;0;7 minutes;02:24;0;0;0;0;0;52%;52%;99%
GoMu___;4214;24;4%;587;19;6;0.01;929,842;13,691.38;25,509;9,226;301;4.43;10;656;9.65;2,167;31.9;59;22;3.3;0;0;0;0;0;0;0;11;0;225;3.31;14;1,392;20.49;42;30;68;0;37;0;0;0;0;22;0;0;185;41;86;58;6;0.08;1;3;10;747;10.99;27;01:00:27;00:53;03:01;0;0;0;0;0;0;27,507;13,212;376;5.53;13;0;0;0;14 hours;02:33:28;0;0;0;0;10;48%;59%;54%
honoto-1104;2613;0;4%;24;9;6;0.01;39,523;14,579.83;11,932;4,096;5;1.84;3;29;10.69;73;26.92;32;12;2.51;0;0;0;0;0;0;0;0;0;5;1.84;3;35;12.91;14;2;3;0;0;0;0;0;0;12;0;0;9;1;4;3;0;0;0;0;0;34;12.54;20;07:06;02:37;04:41;0;0;0;0;0;0;1,354;552;12;4.42;6;0;0;0;38 minutes;02:49;0;0;0;0;0;40%;47%;11%
hourai127;2224;1;2%;9;3;3;0;13,294;3,654.45;13,279;12,757;7;1.65;6;1;0.27;1;0.27;1;1;1;0;0;0;0;0;0;0;0;0;1;0.23;1;1;0.27;1;4;4;0;0;0;0;0;0;1;0;0;4;0;2;1;0;0;0;0;0;16;3.78;8;03:04;00:43;01:19;0;0;0;0;0;0;283;99;1;0.27;1;0;0;0;14 minutes;0;0;0;0;0;0;34%;46%;0%
huumQc_;3843;0;8%;7;7;4;0.02;5,368;18,482.43;5,368;3,306;0;0;0;3;10.33;12;41.32;12;7;4;0;0;0;0;0;0;0;0;0;2;6.88;2;3;10.33;3;0;0;0;0;0;0;0;0;7;0;0;1;0;0;1;0;0;0;0;0;5;17.21;5;00:03;00:13;00:03;0;0;0;0;0;0;163;82;1;3.44;1;0;0;0;4 minutes;0;0;0;0;0;0;50%;0;100%
iekgaa___;4002;1;6%;21;8;5;0.02;23,333;20,225.05;9,494;4,740;8;6.93;5;13;11.26;51;44.2;23;13;3.92;0;0;0;0;0;0;0;2;0;9;7.8;6;31;26.87;15;0;1;0;1;0;0;0;0;13;0;0;4;1;2;1;0;0;0;0;0;18;15.6;9;02:47;02:24;01:19;0;0;0;0;0;0;643;339;12;10.4;6;0;0;0;15 minutes;06:23;0;0;0;0;0;52%;54%;100%
IHateUddesd;0;0;3%;4;2;2;0;9,012;8,324.55;5,089;1,288;9;8.31;7;22;20.32;20;18.47;14;4;0.9;0;0;0;0;0;0;0;0;0;3;2.77;2;10;9.23;8;1;1;0;0;0;0;0;0;4;0;0;3;1;1;1;0;0;0;3;2;7;6.46;5;02:09;01:59;01:23;0;0;0;0;0;0;352;116;1;0.92;1;0;0;0;17 minutes;00:20;0;0;0;0;0;32%;34%;0
iMightyElephant;3519;0;3%;2;2;1;0;3,905;12,529.1;3,905;2,346;1;3.2;1;2;6.41;11;35.29;11;8;5.5;0;0;0;0;0;0;0;0;0;2;6.41;2;5;16.04;5;0;0;0;0;0;0;0;0;8;0;0;1;1;0;0;0;0;0;0;0;9;28.87;9;00:57;03:03;00:57;0;0;0;0;0;0;135;56;0;0;0;0;0;0;4 minutes;00:15;0;0;0;0;0;41%;41%;100%
Inny21;3251;0;2%;2;2;1;0;4,225;11,532;4,048;3,327;2;5.45;2;5;13.64;9;24.56;9;9;1.8;0;0;0;0;0;0;0;0;0;2;5.45;2;3;8.18;3;0;0;0;0;0;0;0;0;9;0;0;1;1;0;0;0;0;0;0;0;4;10.91;4;00:04;00:13;00:03;0;0;0;0;0;0;199;68;0;0;0;0;0;0;6 minutes;0;0;0;0;0;0;34%;14%;70%
ioReactz;3794;0;4%;19;8;3;0;26,698;8,497.88;10,300;3,712;10;3.18;4;26;8.27;57;18.14;17;10;2.19;0;0;0;0;0;0;0;0;0;11;3.5;5;34;10.82;11;1;3;0;2;0;0;0;0;10;0;0;6;4;0;2;0;0;0;3;1;12;3.81;7;01:25;00:27;00:37;0;0;0;0;0;0;753;381;8;2.54;3;0;0;0;34 minutes;02:34;0;0;0;0;0;50%;49%;54%
itsDiety;3957;0;5%;35;9;5;0.01;45,882;14,516.63;10,154;4,013;14;4.42;3;39;12.33;80;25.31;13;7;2.05;0;0;0;0;0;0;0;1;0;12;3.79;3;48;15.18;9;1;3;0;2;0;0;0;0;7;0;0;8;2;2;4;0;0;0;3;2;39;12.33;6;01:25;00:27;00:14;0;0;0;0;0;0;1,139;589;14;4.42;4;0;0;0;39 minutes;06:38;0;0;0;0;0;51%;100%;58%
ItsRaiyu;4385;1;6%;45;19;7;0.02;47,073;17,053.63;20,845;5,718;5;1.81;3;18;6.52;88;31.88;37;15;4.88;0;0;0;0;0;0;0;0;0;16;5.79;6;38;13.76;14;0;3;1;2;0;0;0;0;15;0;0;8;3;4;1;1;0.36;1;3;1;22;7.97;20;00:56;00:20;00:50;0;0;0;0;0;0;1,343;675;10;3.62;4;0;0;0;37 minutes;02:10;0;0;0;0;0;50%;51%;57%
Jack_of_Spades13;3322;1;5%;20;12;5;0.01;24,908;10,987.38;12,268;3,320;15;6.61;8;14;6.17;78;34.4;37;13;5.57;0;0;0;0;0;0;0;1;0;14;6.17;8;54;23.82;28;0;2;0;2;0;0;0;0;13;0;0;6;2;3;1;0;0;0;3;2;27;11.91;17;01:54;00:50;00:54;0;0;0;0;0;0;905;351;14;6.17;8;0;0;0;30 minutes;07:37;0;0;0;0;0;38%;46%;100%
JDG-191;3064;0;6%;22;12;5;0.01;24,611;13,570.57;14,783;3,730;11;6.06;5;21;11.57;50;27.56;26;8;2.38;0;0;0;0;0;0;0;0;0;5;2.75;3;31;17.09;15;2;2;0;0;0;0;0;0;8;0;0;4;0;3;2;0;0;0;3;1;15;8.27;6;00:58;00:32;00:27;0;0;0;0;0;0;608;319;10;5.51;5;0;0;0;25 minutes;01:13;0;0;0;0;0;52%;38%;0
JOKERFIRST15;4311;0;3%;3;2;1;0;4,406;7,422.4;2,236;1,175;0;0;0;6;10.1;15;25.27;12;5;2.5;0;0;0;0;0;0;0;0;0;2;3.36;2;7;11.79;6;0;1;0;0;0;0;0;0;5;0;0;2;1;0;1;0;0;0;0;0;7;11.79;7;00:23;00:39;00:14;0;0;0;0;0;0;154;76;0;0;0;0;0;0;6 minutes;00:18;0;0;0;0;0;49%;60%;42%
JonXSly;2840;0;12%;9;9;7;0.02;5,354;8,866.46;5,240;3,320;1;1.65;1;4;6.62;7;11.59;7;3;1.75;0;0;0;0;0;0;0;0;0;2;3.31;2;4;6.62;4;0;1;0;1;0;0;0;0;3;0;0;1;0;0;1;0;0;0;0;0;3;4.96;3;00:32;00:53;00:32;0;0;0;0;0;0;164;75;1;1.65;1;0;0;0;7 minutes;00:00;0;0;0;0;0;45%;46%;88%
katsuya3;2206;1;2%;17;5;2;0;46,250;13,364.99;15,948;3,471;10;2.88;5;43;12.42;80;23.11;32;9;1.86;0;0;0;0;0;0;0;3;0;18;5.2;9;45;13;20;2;3;1;1;0;0;0;0;9;0;0;10;4;4;2;0;0;0;3;1;35;10.11;15;04:00;01:09;01:25;0;0;0;0;0;0;1,613;685;12;3.46;7;0;0;0;51 minutes;02:12;0;0;0;0;5;42%;52%;19%
Kiba_Zack;3172;2;7%;61;20;10;0.01;54,223;14,139.07;17,150;4,272;15;3.91;7;38;9.9;158;41.19;68;18;4.15;0;0;0;0;0;0;0;2;0;25;6.51;10;93;24.25;43;1;4;0;3;0;0;0;0;18;0;0;10;1;3;5;1;0.26;1;0;0;70;18.25;25;03:37;00:56;01:39;0;0;0;0;0;0;1,671;817;32;8.34;11;0;0;0;59 minutes;14:26;0;0;0;0;1;48%;52%;85%
KILLER77_HAZZA3;3082;5;6%;181;18;7;0.01;208,470;12,437.08;14,899;6,166;80;4.77;9;171;10.2;423;25.23;32;13;2.47;0;0;0;0;0;0;0;2;0;58;3.46;5;262;15.63;25;8;17;0;9;0;0;0;0;13;0;0;49;17;14;17;1;0.05;1;4;7;138;8.23;14;08:50;00:31;01:13;0;0;0;0;0;0;5,920;2,901;75;4.47;6;0;0;0;3 hours;27:49;0;0;0;0;1;49%;59%;51%
KingXacTz;0;0;2%;2;2;1;0;4,359;10,241.52;4,359;1,910;2;4.69;2;6;14.09;16;37.59;16;7;2.66;0;0;0;0;0;0;0;0;0;11;25.84;11;14;32.89;14;0;0;0;0;0;0;0;0;7;0;0;2;0;1;0;0;0;0;0;0;7;16.44;7;00:45;01:46;00:45;0;0;0;0;0;0;261;96;4;9.39;4;0;0;0;7 minutes;00:30;0;0;0;0;0;36%;0;100%
kon5-TDRoki;2084;1;3%;38;9;6;0;77,910;15,404.07;16,444;6,058;15;2.96;6;58;11.46;113;22.34;28;10;1.94;0;0;0;0;0;0;0;0;0;38;7.51;13;53;10.47;13;3;5;1;2;0;0;0;0;10;0;0;10;4;3;3;0;0;0;3;2;45;8.89;13;04:59;00:59;01:42;0;0;0;0;0;0;2,652;1,239;8;1.58;2;0;0;0;1 hour;02:26;0;0;0;0;1;46%;100%;29%
kris1974;4164;0;4%;3;3;1;0;3,988;7,280.92;2,812;1,884;1;1.82;1;4;7.3;10;18.25;10;6;2.5;0;0;0;0;0;0;0;0;0;4;7.3;4;6;10.95;6;0;1;0;0;0;0;0;0;6;0;0;1;1;0;0;0;0;0;0;0;2;3.65;2;00:02;00:04;00:02;0;0;0;0;0;0;207;61;0;0;0;0;0;0;5 minutes;00:30;0;0;0;0;0;29%;37%;44%
KSlims;4548;2;8%;116;36;9;0.02;101,451;15,590.51;20,795;6,820;19;2.91;8;54;8.29;188;28.89;36;14;3.48;0;0;0;0;0;0;0;4;0;1;0.15;1;98;15.06;26;2;7;0;5;0;0;0;0;14;0;0;18;5;7;7;0;0;0;4;2;80;12.29;21;03:49;00:35;00:49;0;0;0;0;0;0;2,586;1,396;26;3.99;6;0;0;0;1 hour;10:44;0;0;0;0;0;53%;71%;72%
kurosaki158;1924;0;6%;6;6;2;0;6,092;5,746.3;5,601;2,030;4;3.77;4;7;6.6;22;20.75;22;10;3.14;0;0;0;0;0;0;0;0;0;6;5.65;6;16;15.09;16;0;1;0;1;0;0;0;0;10;0;0;1;0;0;1;0;0;0;0;0;11;10.37;11;01:02;00:58;00:43;0;0;0;0;0;0;263;88;4;3.77;4;0;0;0;12 minutes;00:18;0;0;0;0;0;33%;35%;94%
L1TTL3msAW3S0M3;2393;0;9%;3;3;2;0.01;1,983;5,748.43;1,983;1,483;0;0;0;1;2.89;7;20.29;7;6;7;0;0;0;0;0;0;0;0;0;3;8.69;3;3;8.69;3;0;0;0;0;0;0;0;0;6;0;0;1;0;0;0;0;0;0;0;0;2;5.79;2;00:03;00:09;00:03;0;0;0;0;0;0;91;31;2;5.79;2;0;0;0;2 minutes;0;0;0;0;0;0;34%;0;100%
Langartija;3035;0;1%;10;4;3;0;34,942;13,807.32;10,362;3,009;12;4.74;6;35;13.83;61;24.1;24;9;1.74;0;0;0;0;0;0;0;1;0;14;5.53;7;31;12.24;13;2;3;0;1;0;0;0;4;9;0;0;7;3;2;3;0;0;0;4;2;26;10.27;9;03:58;01:34;01:14;0;0;0;0;0;0;980;510;9;3.55;3;0;0;0;--;02:41;0;0;0;0;0;52%;0;33%
LEATONER;2534;0;5%;3;3;2;0;3,988;8,356.46;3,988;1,070;3;6.28;3;7;14.66;9;18.85;9;4;1.28;0;0;0;0;0;0;0;1;0;3;6.28;3;3;6.28;3;0;0;0;0;0;0;0;0;4;0;0;0;0;0;0;0;0;0;3;1;4;8.38;4;00:57;02:00;00:57;0;0;0;0;0;0;265;58;1;2.09;1;0;0;0;8 minutes;00:53;0;0;0;0;0;21%;0;100%
LoggingOut;3612;0;4%;83;13;6;0.01;134,532;15,802;19,164;4,413;43;5.05;6;112;13.15;239;28.07;30;14;2.13;0;0;0;0;0;0;0;3;0;44;5.16;6;145;17.03;20;5;9;0;4;0;0;0;0;14;0;0;20;8;3;9;1;0.11;1;3;4;78;9.16;9;07:40;00:54;00:58;0;0;0;0;0;0;3,542;1,831;35;4.11;8;0;0;0;2 hours;12:29;0;0;0;0;8;51%;70%;46%
LostkumaTH;3386;0;10%;10;5;4;0.02;6,870;9,520.12;2,662;2,109;2;2.77;1;7;9.7;14;19.4;6;4;2;0;0;0;0;0;0;0;0;0;3;4.15;3;8;11.08;4;1;1;0;0;0;0;0;0;4;0;0;2;0;1;1;0;0;0;0;0;3;4.15;2;00:14;00:20;00:09;0;0;0;0;0;0;259;100;3;4.15;2;0;0;0;7 minutes;0;0;0;0;0;0;38%;31%;0
l-Twisted_Fate-l;4013;0;6%;10;4;4;0.01;10,189;12,631.12;3,674;3,224;2;2.47;2;12;14.87;17;21.07;10;10;1.41;0;0;0;0;0;0;0;0;0;5;6.19;2;9;11.15;4;0;1;0;0;0;0;0;0;10;0;0;2;1;1;1;0;0;0;0;0;5;6.19;5;00:33;00:41;00:26;0;0;0;0;0;0;297;149;1;1.23;1;0;0;0;11 minutes;00:20;0;0;0;0;0;50%;81%;26%
LuckyC723;3859;0;5%;54;13;6;0.01;68,254;13,416.98;12,599;3,904;14;2.75;3;2;19.51;113;22.21;16;8;1.71;0;0;0;0;0;0;0;0;0;20;3.93;4;66;12.97;8;0;0;0;1;0;0;0;0;8;0;0;0;0;4;5;0;0;0;0;0;33;6.48;5;04:56;00:58;01:30;0;0;0;0;0;0;21;973;12;2.35;2;0;0;0;1 minute;01:20;0;0;0;0;1;47%;56%;29%
M5roosh_ksa;3563;0;6%;29;8;4;0.01;30,859;7,657.03;5,692;2,461;9;2.23;6;34;8.43;58;14.39;14;8;1.7;0;0;0;0;0;0;0;0;0;7;1.73;2;37;9.18;10;3;4;0;1;0;0;0;0;8;0;0;9;4;1;4;0;0;0;0;0;17;4.21;6;00:32;00:08;00:15;0;0;0;0;0;0;1,038;460;9;2.23;4;0;0;0;39 minutes;02:42;0;0;0;0;6;44%;57%;18%
MAAFX;2990;0;1%;5;2;2;0;27,117;12,489.33;11,540;4,179;11;5.06;5;28;12.89;48;22.1;23;8;1.71;0;0;0;0;0;0;0;1;0;29;13.35;14;28;12.89;12;1;2;0;1;0;0;0;0;8;0;0;5;2;4;0;2;0.92;2;0;0;17;7.82;10;01:54;00:52;01:30;0;0;0;0;0;0;1,353;452;8;3.68;3;0;0;0;28 minutes;01:44;0;0;0;0;3;33%;33%;38%
Maranata01;4478;0;7%;30;11;5;0.01;29,104;15,212.74;10,933;6,299;7;3.65;3;20;10.45;46;24.04;19;14;2.29;0;0;0;0;0;0;0;0;0;6;3.13;3;26;13.59;11;1;2;0;1;0;0;0;0;14;0;0;6;2;2;2;2;1.04;1;0;0;15;7.84;7;01:33;00:48;00:30;0;0;0;0;0;0;923;426;9;4.7;5;0;0;0;26 minutes;03:41;0;0;0;0;0;46%;51%;41%
Marlporo0707;4292;0;6%;31;14;6;0.01;34,939;16,496.62;12,129;5,107;8;3.77;3;24;11.33;41;19.35;17;10;1.7;0;0;0;0;0;0;0;0;0;1;0.47;1;24;11.33;9;2;2;0;0;0;0;0;0;10;0;0;6;2;4;1;0;0;0;0;0;12;5.66;6;01:22;00:38;00:57;0;0;0;0;0;0;922;458;5;2.36;2;0;0;0;29 minutes;00:59;0;0;0;0;0;49%;62%;23%
Melamun;3000;5;6%;107;19;10;0.01;116,041;10,370.74;16,051;5,998;46;4.11;7;72;6.43;279;24.93;49;19;3.87;0;0;0;0;0;0;0;1;0;26;2.32;9;185;16.53;30;2;11;0;9;0;0;0;0;19;0;0;34;9;15;9;0;0;0;3;1;97;8.66;17;06:42;00:35;01:03;0;0;0;0;0;0;3,191;1,665;67;5.98;12;0;0;0;1 hour;19:15;0;0;0;0;3;52%;64%;77%
Mr_savage_75;3001;0;5%;12;4;3;0.01;16,153;6,529.28;5,530;2,345;6;2.42;5;18;7.27;31;12.53;11;5;1.72;0;0;0;0;0;0;0;1;0;6;2.42;2;20;8.08;7;2;2;0;0;0;0;0;0;5;0;0;3;3;0;0;0;0;0;3;1;12;4.85;6;00:50;00:20;00:18;0;0;0;0;0;0;555;229;7;2.82;5;0;0;0;17 minutes;00:50;0;0;0;0;1;41%;47%;14%
MrBlueyes;0;0;4%;3;3;2;0;4,026;6,234.25;4,026;2,123;2;3.09;2;6;9.29;11;17.03;11;6;1.83;0;0;0;0;0;0;0;0;0;2;3.09;2;8;12.38;8;1;1;0;0;0;0;0;0;6;0;0;0;0;0;0;0;0;0;0;0;4;6.19;4;00:15;00:23;00:15;0;0;0;0;0;0;169;67;5;7.74;5;0;0;0;7 minutes;00:20;0;0;0;0;0;39%;0;2%
Natz_D_Chow;4048;5;6%;219;20;8;0.02;215,481;15,423.56;17,548;8,749;52;3.72;6;137;9.8;447;31.99;40;16;3.26;0;0;0;0;0;0;0;3;0;79;5.65;8;289;20.68;33;3;14;0;11;0;0;0;0;16;0;0;34;7;17;9;3;0.21;1;4;4;113;8.08;16;06:52;00:29;00:58;0;0;0;0;0;0;6,180;3,149;75;5.36;9;0;0;0;2 hours;38:24;0;0;0;0;0;50%;58%;77%
Ninja5976;0;0;4%;13;8;3;0.01;17,517;14,633.03;10,483;3,485;3;2.5;3;15;12.53;19;15.87;14;7;1.26;0;0;0;0;0;0;0;1;0;2;1.67;2;10;8.35;7;1;1;0;0;0;0;0;0;7;0;0;3;1;1;1;0;0;0;0;0;7;5.84;5;00:58;00:48;00:33;0;0;0;0;0;0;534;261;2;1.67;1;0;0;0;14 minutes;02:33;0;0;0;0;0;48%;58%;23%
ohEvasive;3385;9;7%;599;18;10;0.01;604,457;9,691.65;14,058;6,793;246;3.94;8;516;8.27;1,626;26.07;37;22;3.15;0;0;0;0;0;0;0;5;0;192;3.07;10;967;15.5;23;11;62;2;50;0;0;0;0;22;0;0;130;55;30;44;7;0.11;1;4;20;582;9.33;19;44:39;00:42;01:52;0;0;0;0;0;0;18,373;8,281;203;3.25;7;0;0;0;11 hours;01:06:13;0;0;0;0;3;45%;70%;80%
OttoFemtusen;2831;0;4%;2;2;2;0;3,120;9,078.55;2,585;2,023;1;2.91;1;3;8.73;7;20.37;7;4;2.33;0;0;0;0;0;0;0;0;0;0;0;0;6;17.46;6;0;0;0;0;0;0;0;0;4;0;0;1;0;1;0;0;0;0;0;0;1;2.91;1;00:06;00:17;00:06;0;0;0;0;0;0;106;49;1;2.91;1;0;0;0;3 minutes;00:20;0;0;0;0;3;46%;0;0
oualid32;4218;0;0;0;0;0;0;2,435;26,554.15;2,435;2,435;0;0;0;1;10.9;4;43.62;4;4;4;0;0;0;0;0;0;0;0;0;2;21.81;2;2;21.81;2;0;0;0;0;0;0;0;0;4;0;0;0;0;0;0;0;0;0;0;0;2;21.81;2;00:19;03:31;00:19;0;0;0;0;0;0;69;39;0;0;0;0;0;0;1 minute;0;0;0;0;0;0;56%;0;0
picoforver;2647;2;2%;17;9;4;0;36,911;9,224.1;15,836;4,332;7;1.74;4;35;8.74;86;21.49;33;15;2.45;0;0;0;0;0;0;0;0;0;34;8.49;12;51;12.74;17;2;4;0;2;0;0;0;0;15;0;0;9;2;5;2;0;0;0;0;0;31;7.74;12;02:46;00:41;01:09;0;0;0;0;0;0;1,156;604;14;3.49;4;0;0;0;46 minutes;04:41;0;0;0;0;0;52%;57%;49%
praktommy;3870;1;5%;55;11;5;0.01;64,467;12,219.43;10,549;4,074;16;3.03;3;61;11.56;124;23.5;30;8;2.03;0;0;0;0;0;0;0;2;0;26;4.92;8;74;14.02;17;3;5;0;2;0;0;0;0;8;0;0;12;5;4;3;0;0;0;0;0;61;11.56;14;03:36;00:41;00:42;0;0;0;0;0;0;1,972;957;20;3.79;5;0;0;0;1 hour;05:10;0;0;0;0;0;48%;70%;36%
Prey1nMantis;2494;2;7%;129;16;7;0.01;107,641;8,271.59;14,403;5,266;35;2.68;6;50;3.84;264;20.28;42;13;5.28;0;0;0;0;0;0;0;3;0;50;3.84;7;169;12.98;25;9;13;0;4;0;0;0;0;13;0;0;36;14;9;12;0;0;0;3;1;87;6.68;16;05:05;00:23;00:52;0;0;0;0;0;0;3,984;1,720;68;5.22;10;1;0;0;2 hours;10:45;0;0;0;0;3;43%;54%;28%
Prince_Fatman;2466;1;2%;35;6;4;0;78,752;12,124.56;13,109;5,482;26;4;3;82;12.62;169;26.01;33;10;2.06;0;0;0;0;0;0;0;1;0;47;7.23;7;112;17.24;18;3;6;0;3;0;0;0;0;10;0;0;18;5;6;7;0;0;0;0;0;73;11.23;15;04:36;00:42;00:59;0;0;0;0;0;0;2,590;1,205;35;5.38;5;1;0;0;1 hour;13:58;0;0;0;0;5;46%;57%;53%
Prophesizee;3087;4;9%;156;22;8;0.01;131,094;10,906.12;17,191;3,756;58;4.82;9;119;9.89;311;25.87;45;12;2.61;0;0;0;0;0;0;0;1;0;54;4.49;10;199;16.55;30;4;12;0;7;0;0;0;0;12;0;0;30;9;13;7;5;0.41;2;4;5;97;8.06;17;06:46;00:33;01:22;0;0;0;0;0;0;3,451;1,725;73;6.07;15;1;0;0;2 hours;26:30;0;0;0;0;10;49%;58%;60%
redsunset7;2665;0;3%;4;3;2;0;6,650;5,211.54;3,601;2,765;2;1.56;1;6;4.7;16;12.53;12;6;2.66;0;0;0;0;0;0;0;0;0;5;3.91;4;11;8.62;9;1;1;0;0;0;0;0;0;6;0;0;1;0;0;1;0;0;0;0;0;3;2.35;2;00:07;00:05;00:04;0;0;0;0;0;0;263;104;6;4.7;6;0;0;0;8 minutes;00:42;0;0;0;0;0;39%;42%;0
rencpee;2745;1;4%;166;13;7;0;261,458;10,135.19;15,179;5,585;69;2.67;4;297;11.51;489;18.95;28;16;1.64;0;0;0;0;0;0;0;1;0;0;0;0;272;10.54;20;0;0;2;0;0;0;0;76;16;0;0;0;0;0;0;1;0.03;1;3;2;211;8.17;18;20:23;00:47;01:31;0;0;0;0;0;0;8,721;3,549;55;2.13;4;1;0;0;4.652534998953342 seconds;05:33;0;0;0;0;5;40%;63%;42%
rm-rf_slash;2681;0;4%;5;5;2;0;7,406;9,688.54;7,406;1,992;1;1.3;1;10;13.08;15;19.62;15;6;1.5;0;0;0;0;0;0;0;0;0;4;5.23;4;11;14.39;11;1;1;0;0;0;0;0;0;6;0;0;2;0;2;0;0;0;0;0;0;5;6.54;5;00:11;00:14;00:11;0;0;0;0;0;0;274;123;2;2.61;2;0;0;0;9 minutes;0;0;0;0;0;0;44%;44%;0
Rundle0509;3763;3;6%;78;15;8;0.01;78,369;10,831.94;12,272;6,137;19;2.62;4;49;6.77;187;25.84;30;18;3.81;0;0;0;0;0;0;0;0;0;25;3.45;6;126;17.41;25;0;7;0;7;0;0;0;0;18;0;0;16;4;5;7;2;0.27;1;0;0;43;5.94;11;03:51;00:31;00:58;0;0;0;0;0;0;2,279;1,188;33;4.56;6;0;0;0;1 hour;19:04;0;0;0;0;3;52%;61%;94%
RyanAM;4121;0;6%;100;17;8;0.01;99,308;17,353.4;20,068;5,592;16;2.79;5;64;11.18;157;27.43;30;11;2.45;0;0;0;0;0;0;0;0;0;17;2.97;8;94;16.42;19;3;6;0;3;0;0;0;0;11;0;0;14;4;6;4;0;0;0;3;2;37;6.46;13;02:38;00:27;00:56;0;0;0;0;0;0;2,640;1,449;28;4.89;7;0;0;0;1 hour;06:59;0;0;0;0;0;54%;56%;53%
samurainu;1885;0;3%;5;3;2;0;8,421;9,980.49;5,915;2,816;2;2.37;2;10;11.85;14;16.59;10;6;1.4;0;0;0;0;0;0;0;0;0;1;1.18;1;5;5.92;3;1;1;0;0;0;0;0;0;6;0;0;2;1;0;1;0;0;0;0;0;5;5.92;3;01:26;01:42;01:06;0;0;0;0;0;0;298;126;0;0;0;0;0;0;12 minutes;0;0;0;0;0;0;42%;43%;0
ScaredLilTaco;3412;0;9%;3;3;2;0.02;2,307;15,281.09;2,307;1,235;3;19.87;3;2;13.24;5;33.11;5;3;2.5;0;0;0;0;0;0;0;0;0;0;0;0;4;26.49;4;0;0;0;0;0;0;0;0;3;0;0;0;0;0;0;0;0;0;0;0;1;6.62;1;0;0;0;0;0;0;0;0;0;77;32;2;13.24;2;0;0;0;2 minutes;00:11;0;0;0;0;1;41%;0;100%
Scrufster;2197;0;0;0;0;0;0;452;1,051.14;324;324;0;0;0;3;6.96;2;4.64;2;2;0.66;0;0;0;0;0;0;0;0;0;1;2.32;1;1;2.32;1;0;0;0;0;0;0;0;0;2;0;0;1;0;0;0;0;0;0;0;0;0;0;0;00:03;00:07;00:03;0;0;0;0;0;0;54;13;0;0;0;0;0;0;3 minutes;0;0;0;0;0;0;24%;0;0
shadowstrixx;2873;1;3%;126;12;4;0;215,096;9,435.48;18,473;3,865;59;2.58;8;224;9.82;431;18.9;34;11;1.92;0;0;0;0;0;0;0;0;0;99;4.34;9;230;10.08;23;9;23;1;13;0;0;0;0;11;0;0;45;21;12;13;1;0.04;1;3;1;158;6.93;15;16:31;00:43;01:26;0;0;0;0;0;0;8,246;3,213;58;2.54;6;1;0;0;4 hours;06:42;0;0;0;0;10;38%;46%;55%
Sharpy776;2926;3;7%;152;20;10;0.01;160,312;11,432.55;18,414;7,105;49;3.49;19;133;9.48;384;27.38;55;15;2.88;0;0;0;0;0;0;0;1;0;43;3.06;7;235;16.75;38;6;14;1;7;0;0;0;0;15;0;0;35;15;9;11;3;0.21;1;4;6;144;10.26;28;14:41;01:02;02:15;0;0;0;0;0;0;4,455;2,150;62;4.42;7;0;0;0;2 hours;26:11;0;0;0;0;2;48%;59%;48%
sloohy99;2897;0;3%;11;5;3;0;19,086;6,804.5;8,428;3,196;12;4.27;5;21;7.48;39;13.9;16;8;1.85;0;0;0;0;0;0;0;0;0;12;4.27;7;21;7.48;9;2;3;0;0;0;0;0;0;8;0;0;3;2;0;1;0;0;0;0;0;17;6.06;7;02:19;00:49;01:22;0;0;0;0;0;0;1,050;284;9;3.2;4;0;0;0;29 minutes;01:16;0;0;0;0;0;27%;19%;16%
Smithered;4207;1;5%;30;11;6;0.01;38,152;13,841.75;11,259;4,651;15;5.44;5;33;11.97;59;21.4;21;12;1.78;0;0;0;0;0;0;0;0;0;9;3.26;3;40;14.51;16;1;3;0;1;0;0;0;0;12;0;0;7;1;3;2;1;0.36;1;0;0;16;5.8;9;00:37;00:13;00:18;0;0;0;0;0;0;1,132;546;13;4.71;8;0;0;0;33 minutes;03:40;0;0;0;0;1;48%;50%;45%
SpanishK;2586;1;10%;108;20;10;0.02;77,897;11,730.16;9,815;4,219;23;3.46;5;77;11.59;181;27.25;23;17;2.35;0;0;0;0;0;0;0;0;0;4;0.6;2;131;19.72;17;4;7;0;3;0;0;0;0;17;0;0;15;6;4;6;1;0.15;1;0;0;75;11.29;13;04:45;00:42;01:04;0;0;0;0;0;0;2,105;1,056;50;7.52;7;0;0;0;1 hour;11:57;0;0;0;0;0;50%;61%;45%
STRATO-ARCTICA;2431;0;5%;9;7;6;0.01;12,927;9,037.5;6,225;5,110;3;2.09;3;6;4.19;18;12.58;13;11;3;0;0;0;0;0;0;0;0;0;2;1.39;2;10;6.99;9;0;1;0;1;0;0;0;0;11;0;0;5;2;0;3;0;0;0;0;0;4;2.79;3;00:40;00:28;00:28;0;0;0;0;0;0;310;165;0;0;0;0;0;0;10 minutes;00:44;0;0;0;0;0;53%;63%;69%
subzilllaa;3870;0;4%;18;3;2;0;30,166;10,386.78;3,849;2,434;12;4.13;4;46;15.83;76;26.16;8;6;1.65;0;0;0;0;0;0;0;0;0;26;8.95;3;55;18.93;7;2;3;0;1;0;0;0;0;6;0;0;7;2;2;3;0;0;0;4;2;19;6.54;5;00:50;00:17;00:07;0;0;0;0;0;0;939;446;13;4.47;3;0;0;0;42 minutes;03:25;0;0;0;0;0;47%;47%;41%
SugahFree;3000;20;8%;493;32;12;0.02;36;1,479.59;36;36;114;3.83;10;142;4.78;1,011;34.04;52;23;7.11;0;0;0;0;0;0;0;1;0;34;1.14;4;677;22.79;36;0;0;0;20;0;0;0;0;23;0;0;0;0;0;11;1;0.03;1;4;6;394;13.26;28;17:22;00:35;01:17;0;0;0;0;0;0;5;5,734;249;8.38;15;0;0;0;17.815029989928007 seconds;01:34:11;0;0;0;0;14;54%;63%;68%
swagboy1235;0;0;2%;5;3;2;0;12,138;11,469.94;7,843;2,926;7;6.61;5;15;14.17;29;27.4;17;7;1.93;0;0;0;0;0;0;0;0;0;14;13.22;10;22;20.78;13;1;1;0;0;0;0;0;0;7;0;0;4;1;1;1;0;0;0;4;1;18;17;10;01:59;01:52;01:21;0;0;0;0;0;0;482;203;7;6.61;5;0;0;0;15 minutes;05:54;0;0;0;0;0;42%;43%;0
SwiperThe1;4286;0;8%;10;10;7;0.02;7,494;14,424.31;7,218;3,010;1;1.92;1;7;13.47;19;36.57;19;6;2.71;0;0;0;0;0;0;0;0;0;0;0;0;10;19.24;10;1;1;0;0;0;0;0;0;6;0;0;2;0;1;1;0;0;0;0;0;7;13.47;7;00:58;01:52;00:58;0;0;0;0;0;0;264;117;1;1.92;1;0;0;0;8 minutes;0;0;0;0;0;0;44%;0;0
T4nh3ngz;3824;0;3%;12;5;2;0;20,544;9,685.79;7,765;3,592;3;1.41;2;16;7.54;57;26.87;24;12;3.56;0;0;0;0;0;0;0;2;0;12;5.65;5;32;15.08;13;0;2;0;2;0;0;0;0;12;0;0;3;0;1;2;1;0.47;1;0;0;14;6.6;7;01:00;00:28;00:20;0;0;0;0;0;0;838;323;12;5.65;5;0;0;0;23 minutes;02:07;0;0;0;0;2;38%;0;100%
teehtf;4361;0;3%;10;4;2;0.01;18,705;21,053.13;6,780;3,836;3;3.37;1;13;14.63;19;21.38;6;5;1.46;0;0;0;0;0;0;0;0;0;2;2.25;1;11;12.38;6;0;1;0;1;0;0;0;0;5;0;0;3;1;1;1;0;0;0;0;0;6;6.75;4;01:09;01:17;00:42;0;0;0;0;0;0;486;274;3;3.37;2;0;0;0;13 minutes;0;0;0;0;0;0;56%;0;89%
THE_FAT555;2539;0;6%;10;4;2;0;9,333;4,042.52;3,295;1,428;2;0.86;1;12;5.19;29;12.56;13;6;2.41;0;0;0;0;0;0;0;0;0;7;3.03;5;20;8.66;12;1;2;0;2;0;0;0;0;6;0;0;6;1;1;3;0;0;0;0;0;5;2.16;3;00:22;00:09;00:15;0;0;0;0;0;0;358;147;12;5.19;10;0;0;0;17 minutes;00:20;0;0;0;0;0;41%;42%;74%
TheBritishMoo;2638;1;10%;37;10;6;0.02;3,953;46,189.82;3,953;2,699;12;5.45;6;2;23.36;1;11.68;1;1;0.5;0;0;0;0;0;0;0;0;0;3;1.36;2;36;16.35;12;0;0;1;0;0;0;0;0;1;0;0;0;3;0;0;0;0;0;0;0;29;13.17;12;01:37;00:44;00:39;0;0;0;0;0;0;42;20;4;1.81;2;0;0;0;1 minute;08:16;0;0;0;0;1;47%;68%;14%
TheCycl3Path;3000;1;6%;93;15;6;0.01;107,241;12,987.92;12,549;8,823;44;5.32;6;95;11.5;278;33.66;40;20;2.92;0;0;0;0;0;0;0;0;0;59;7.14;12;186;22.52;28;2;8;1;5;0;0;0;0;20;0;0;23;5;13;6;2;0.24;1;3;5;96;11.62;12;05:12;00:37;00:48;0;0;0;0;0;0;2,670;1,497;41;4.96;6;0;0;0;1 hour;24:53;0;0;0;0;7;56%;68%;65%
timohilde86;3478;0;3%;15;6;5;0;28,079;7,481.74;9,621;3,364;8;2.13;2;26;6.92;67;17.85;21;9;2.57;0;0;0;0;0;0;0;0;0;13;3.46;5;27;7.19;7;0;4;0;4;0;0;0;0;9;0;0;6;3;1;2;0;0;0;0;0;22;5.86;7;01:54;00:30;00:35;0;0;0;0;0;0;892;436;6;1.59;3;0;0;0;40 minutes;00:03;0;0;0;0;0;48%;59%;93%
tomidaiki;2827;0;10%;6;4;2;0.01;4,423;8,926.02;2,471;1,904;1;2.01;1;9;18.16;4;8.07;2;2;0.44;0;0;0;0;0;0;0;1;0;1;2.01;1;2;4.03;1;0;0;0;0;0;0;0;0;2;0;0;0;0;0;0;0;0;0;0;0;3;6.05;2;00:16;00:33;00:15;0;0;0;0;0;0;132;57;0;0;0;0;0;0;8 minutes;0;0;0;0;0;0;43%;45%;34%
Uryu_CsP;4564;0;10%;13;6;3;0.02;8,861;8,334.96;2,920;1,591;3;2.82;2;12;11.28;14;13.16;6;6;1.16;0;0;0;0;0;0;0;0;0;1;0.94;1;12;11.28;5;0;1;0;1;0;0;0;0;6;0;0;2;0;2;1;0;0;0;0;0;6;5.64;4;00:27;00:26;00:14;0;0;0;0;0;0;212;128;1;0.94;1;0;0;0;10 minutes;00:41;0;0;0;0;0;60%;63%;53%
vansama813;0;0;3%;3;3;2;0;6,178;7,526.25;3,731;888;3;3.65;2;12;14.61;8;9.74;4;2;0.66;0;0;0;0;0;0;0;1;0;1;1.21;1;5;6.09;4;1;1;0;0;0;0;0;0;2;0;0;3;0;2;1;0;0;0;0;0;5;6.09;3;00:21;00:26;00:11;0;0;0;0;0;0;208;99;3;3.65;3;0;0;0;9 minutes;0;0;0;0;0;0;47%;0;0
VayneHelsing;2898;0;11%;3;3;3;0.02;1,753;9,436.24;1,753;1,603;0;0;0;3;16.15;2;10.76;2;1;0.66;0;0;0;0;0;0;0;0;0;2;10.76;2;2;10.76;2;0;0;0;0;0;0;0;0;1;0;0;1;0;0;0;0;0;0;0;0;0;0;0;0;0;0;0;0;0;0;0;0;71;26;2;10.76;2;0;0;0;2 minutes;0;0;0;0;0;0;36%;36%;0
vichda;3193;0;3%;17;4;4;0;30,229;7,924.41;5,907;2,760;7;1.83;3;56;14.68;75;19.66;15;8;1.33;0;0;0;0;0;0;0;2;0;34;8.91;8;49;12.84;12;3;4;0;1;0;0;0;0;8;0;0;8;5;2;2;0;0;0;0;0;29;7.6;7;03:08;00:49;00:53;0;0;0;0;0;0;1,188;470;16;4.19;5;0;0;0;50 minutes;04:56;0;0;0;0;1;39%;41%;18%
Vince-F95Gunners;3369;4;2%;90;14;4;0;206,843;13,126.33;20,825;6,027;62;3.93;6;175;11.1;407;25.82;43;14;2.32;0;0;0;0;0;0;0;3;0;156;9.89;20;240;15.23;30;9;16;4;3;0;0;0;0;14;0;0;31;10;6;14;0;0;0;3;5;132;8.37;16;09:16;00:35;00:59;0;0;0;0;0;0;6,333;3,308;79;5.01;9;0;0;0;3 hours;22:37;0;0;0;0;3;52%;66%;17%
Vintagesole;2785;0;1%;1;1;1;0;5,414;10,637.35;4,999;1,920;4;7.85;4;7;13.75;12;23.57;10;6;1.71;0;0;0;0;0;0;0;0;0;2;3.92;2;7;13.75;6;1;1;0;0;0;0;0;0;6;0;0;1;0;0;1;0;0;0;3;1;7;13.75;6;00:29;00:57;00:27;0;0;0;0;0;0;148;71;2;3.92;1;0;0;0;6 minutes;01:57;0;0;0;0;0;47%;55%;0
VoSnYb;3961;0;6%;6;6;3;0;6,702;6,701.53;6,702;2,483;1;0.99;1;9;8.99;12;11.99;12;7;1.33;0;0;0;0;0;0;0;0;0;4;3.99;4;10;9.99;10;1;1;0;0;0;0;0;0;7;0;0;2;2;0;0;0;0;0;0;0;3;2.99;3;00:25;00:25;00:25;0;0;0;0;0;0;225;97;2;1.99;2;0;0;0;10 minutes;01:29;0;0;0;0;0;43%;43%;0
Wan-0-War;4202;1;5%;14;6;6;0.01;18,364;13,132.09;7,265;3,348;5;3.57;2;13;9.29;53;37.9;33;12;4.07;0;0;0;0;0;0;0;1;0;13;9.29;8;38;27.17;25;0;1;0;1;0;0;0;0;12;0;0;4;1;3;1;1;0.71;1;0;0;11;7.86;8;00:27;00:19;00:16;0;0;0;0;0;0;469;249;15;10.72;8;0;0;0;17 minutes;07:06;0;0;0;0;0;53%;55%;59%
wannchan_1208;3680;3;2%;54;7;4;0;143,915;11,917.09;22,935;6,702;65;5.38;11;88;7.28;301;24.92;32;15;3.42;0;0;0;0;0;0;0;1;0;51;4.22;10;154;12.75;16;3;12;0;9;0;0;0;0;15;0;0;23;13;4;5;2;0.16;1;4;7;105;8.69;15;07:53;00:39;02:23;0;0;0;0;0;0;4,248;2,022;23;1.9;5;0;0;0;2 hours;15:54;0;0;0;0;0;47%;57%;71%
WhiteRangerOwnz;2633;0;4%;37;10;4;0;57,501;11,690.76;16,569;3,434;27;5.48;8;1;0.99;124;25.21;37;11;1.96;0;0;0;0;0;0;0;0;0;26;5.28;13;67;13.62;21;1;1;0;2;0;0;0;0;11;0;0;9;6;2;1;0;0;0;3;3;52;10.57;16;05:09;01:02;02:39;0;0;0;0;0;0;1;833;18;3.65;7;0;0;0;27.53703902103007 seconds;11:45;0;0;0;0;1;42%;56%;36%
x_CyberHunter_x;3500;0;7%;27;12;8;0.01;599;7,774.03;599;599;7;2.72;4;1;12.96;1;12.96;1;1;1;0;0;0;0;0;0;0;0;0;12;4.67;5;1;12.96;1;0;0;1;1;0;0;0;0;1;0;0;0;0;0;1;0;0;0;0;0;23;8.95;11;01:33;00:36;00:43;0;0;0;0;0;0;17;5;1;12.96;1;0;0;0;54.553174016065896 seconds;02:27;0;0;0;0;0;29%;35%;22%
xbLeU;4329;3;7%;240;31;10;0.02;238,530;18,630.69;19,299;6,501;55;4.29;7;118;9.21;400;31.24;40;14;3.38;0;0;0;0;0;0;0;0;0;37;2.88;7;239;18.66;25;5;13;0;7;0;0;0;0;14;0;0;33;9;15;9;1;0.07;1;3;3;131;10.23;14;09:07;00:42;01:17;0;0;0;0;0;0;5,459;3,238;66;5.15;11;0;0;0;2 hours;29:43;0;0;0;0;2;59%;68%;57%
Xecrets;3992;1;8%;25;12;5;0.02;23,968;16,585.45;12,590;2,970;7;4.84;4;16;11.07;32;22.14;16;7;2;0;0;0;0;0;0;0;0;0;2;1.38;2;23;15.91;11;1;1;0;1;0;0;0;0;7;0;0;4;1;2;1;0;0;0;3;1;14;9.68;9;00:27;00:19;00:14;0;0;0;0;0;0;553;283;3;2.07;2;0;0;0;19 minutes;00:38;0;0;0;0;0;51%;54%;64%
xEuphoringxMK;2911;3;9%;185;38;11;0.02;146,356;10,443.37;26,447;7,545;46;3.28;10;113;8.06;284;20.26;55;15;2.51;0;0;0;0;0;0;0;3;0;31;2.21;5;189;13.48;34;9;14;2;4;0;0;0;0;15;0;0;38;12;9;18;3;0.21;1;3;2;118;8.42;29;09:08;00:39;02:28;0;0;0;0;0;0;3,721;2,055;59;4.21;10;0;0;0;2 hours;29:07;0;0;0;0;3;55%;64%;24%
xShotwell;3676;1;4%;65;13;5;0;101,701;12,730.92;13,296;4,934;31;3.88;5;96;12.01;203;25.41;25;14;2.11;0;0;0;0;0;0;0;1;0;31;3.88;7;118;14.77;16;2;8;1;4;0;0;0;0;14;0;0;24;9;7;7;1;0.12;1;3;2;88;11.01;22;06:11;00:46;01:13;0;0;0;0;0;0;2,890;1,492;22;2.75;5;0;0;0;1 hour;04:37;0;0;0;0;0;51%;53%;51%
XTheFunPolice;3609;0;8%;8;8;8;0.01;7,484;16,652.24;4,014;3,944;3;6.67;2;3;6.67;15;33.37;8;8;5;0;0;0;0;0;0;0;0;0;4;8.9;3;8;17.8;4;0;0;0;0;0;0;0;0;8;0;0;1;0;0;1;0;0;0;0;0;7;15.57;3;00:32;01:11;00:16;0;0;0;0;0;0;235;96;0;0;0;0;0;0;8 minutes;00:40;0;0;0;0;0;40%;0;40%
xtrickharder_esp;4148;3;7%;51;14;6;0.01;52,180;15,115.35;16,540;8,345;29;8.4;16;35;10.13;130;37.65;34;18;3.71;0;0;0;0;0;0;0;1;0;4;1.15;2;80;23.17;23;1;3;0;3;0;0;0;0;18;0;0;9;1;7;2;1;0.28;1;4;5;39;11.29;13;02:40;00:46;01:08;0;0;0;0;0;0;1,324;673;18;5.21;6;0;0;0;47 minutes;10:37;0;0;0;0;0;50%;67%;84%
Zealousx;3334;0;3%;11;5;3;0;24,600;13,090.68;7,492;3,236;12;6.38;5;28;14.9;36;19.15;11;7;1.28;0;0;0;0;0;0;0;0;0;3;1.59;2;25;13.3;8;1;2;0;1;0;0;0;0;7;0;0;6;2;2;2;0;0;0;3;2;15;7.98;5;00:35;00:18;00:19;0;0;0;0;0;0;701;337;7;3.72;2;0;0;0;--;01:24;0;0;0;0;0;48%;40%;27%
ZeeTee_;4140;2;7%;88;17;9;0.02;87,622;13,180.92;17,357;6,806;30;4.51;8;39;5.86;164;24.67;28;14;4.2;0;0;0;0;0;0;0;0;0;19;2.85;5;103;15.49;16;2;7;0;4;0;0;0;0;14;0;0;19;7;8;4;0;0;0;4;6;45;6.76;7;02:19;00:21;00:29;0;0;0;0;0;0;2,512;1,229;32;4.81;5;0;0;0;1 hour;07:44;0;0;0;0;0;48%;67%;66%
zwordz;4050;0;6%;11;6;3;0.01;11,907;14,524.66;7,791;4,305;2;2.43;2;11;13.41;15;18.29;11;8;1.36;0;0;0;0;0;0;0;0;0;3;3.65;2;7;8.53;6;1;1;0;0;0;0;0;0;8;0;0;2;0;0;2;0;0;0;0;0;7;8.53;5;00:17;00:21;00:06;0;0;0;0;0;0;420;183;5;6.09;4;0;0;0;11 minutes;01:13;0;0;0;0;0;43%;0;13%
