A_P_P_L_E_J_A_M;2385;0;0;8;5%;134;20;5;0.01;126,470;9,503.42;16,663;2,932;128;9.61;326;24;48;257;19.31;40;9;2;0;0;0;89;6.68;20;5;13;0;7;107,294;8,062;14,060;3,525;9;0;0;32;14;7;11;0;0;0;3;1;136;10.21;25;18:27;01:23;03:13;266;20;35;2,524;0.23;462;0;0;0;12,956;2,436;13;0.97;4;0;0;0;3 hours;37:09;35,536;1,484;0;0;4;18%;26%;55%
aahmad3_3;2909;0;0;0;7%;43;11;5;0.01;29,239;10,056.15;6,508;2,290;24;8.25;61;21;12;69;23.73;10;8;2.87;0;0;0;27;9.28;6;1;3;0;1;21,036;7,235;5,223;2,020;8;0;0;7;3;1;3;0;0;0;0;0;35;12.03;6;04:46;01:38;01:17;62;21;12;89;0.04;55;0;0;0;1,978;573;8;2.75;2;0;0;0;36 minutes;08:20;8,447;1,464;0;0;8;28%;50%;48%
abra84kadabra;2388;0;0;8;5%;247;11;7;0;233,117;6,801.62;7,956;4,343;294;8.57;735;21;29;449;13.1;22;10;1.52;0;2;0;154;4.49;14;16;34;2;16;231,360;6,750;11,890;4,837;10;0;0;67;22;20;26;0;0;0;3;1;189;5.51;9;29:10;00:51;01:50;526;15;22;5,362;0.2;275;0;0;0;16,420;4,616;32;0.93;3;0;0;0;7 hours;52:48;59,070;2,153;0;0;18;28%;58%;46%
Actualsim;0;0;0;0;13%;18;14;4;0.02;8,231;8,248.89;5,278;2,523;9;9.01;19;19;10;21;21.04;14;6;2.33;0;0;0;10;10.02;5;0;1;1;0;6,151;6,164;3,756;2,341;6;0;0;3;1;0;2;0;0;0;0;0;9;9.01;7;00:21;00:21;00:21;20;20;15;120;0.14;120;0;0;0;586;135;2;2;1;0;0;0;13 minutes;00:35;1,353;680;0;0;0;23%;25%;32%
Akatuski_Neko;3000;0;0;2;5%;17;9;5;0.01;16,423;8,476.31;5,825;2,444;13;6.7;49;25;15;48;24.77;14;8;3.69;0;1;0;17;8.77;4;1;2;0;1;13,141;6,782;3,946;3,102;8;0;0;6;2;1;3;1;0.51;1;0;0;19;9.8;8;03:29;01:48;01:42;47;24;15;204;0.14;198;0;0;0;996;308;5;2.58;2;0;0;0;22 minutes;08:20;3,894;972;0;0;0;30%;30%;68%
AkimboMistiK;4165;0;0;0;10%;1;1;1;0.02;473;5,181.6;473;473;7;18.61;3;8;3;3;7.97;3;2;0.42;0;0;0;2;5.31;2;0;0;0;0;2,605;6,927;2,605;1,120;2;0;0;0;1;0;0;0;0;0;0;0;0;0;0;00:04;00:54;00:04;3;8;3;49;0.12;49;0;0;0;45;10;2;5.31;2;0;0;0;42.70825601182878 seconds;0;974;512;0;0;0;22%;0;0
akira082219;2925;0;0;2;3%;71;15;4;0.01;93,191;12,729.15;14,342;4,378;67;9.15;156;21;30;125;17.07;27;7;1.86;0;2;0;38;5.19;10;4;7;0;3;66,598;9,097;10,971;2,597;7;0;0;14;3;6;4;1;0.13;1;0;0;54;7.37;12;10:44;01:28;02:27;145;20;25;1,143;0.18;294;0;0;0;4,942;1,933;3;0.4;2;0;0;0;1 hour;11:47;21,488;1,163;0;0;0;39%;51%;44%
akitotenkawa1155;2542;0;0;0;9%;6;6;6;0.02;3,017;8,282.2;3,017;2,773;1;2.74;18;49;18;11;30.2;11;10;11;0;0;0;3;8.23;3;0;0;0;0;4,743;13,022;4,743;4,485;10;0;0;1;0;0;0;0;0;0;0;0;5;13.72;5;01:17;03:31;01:17;13;36;13;111;0.38;111;0;0;0;236;63;0;0;0;0;0;0;4 minutes;03:15;1,636;994;0;0;0;26%;26%;100%
Akodak;3000;0;0;62;6%;814;26;10;0.01;652,880;8,308.32;14,484;6,173;593;7.54;2,173;28;50;1,640;20.87;38;14;2.76;0;9;0;521;6.63;17;23;79;2;53;584,983;7,444;12,872;5,340;14;0;0;172;46;29;97;5;0.06;1;4;5;766;9.74;21;01:53:42;01:26;03:25;2,022;26;41;10,625;0.17;466;0;0;0;41,574;12,473;65;0.82;4;0;0;0;16 hours;05:54:53;164,398;2,108;0;0;6;30%;47%;68%
AllStatsDown;4102;0;0;0;7%;22;21;7;0.01;15,916;12,945.11;14,168;3,525;20;16.26;32;26;32;32;26.02;31;9;1.6;0;1;0;7;5.69;7;1;1;0;0;12,300;10,004;11,409;1,926;9;0;0;1;0;0;1;0;0;0;0;0;14;11.38;14;01:40;01:21;01:27;38;31;36;317;0.21;184;0;0;0;998;311;0;0;0;0;0;0;24 minutes;03:43;4,522;1,086;0;0;0;31%;31%;0
angels_fan_44;0;0;0;14;6%;240;18;15;0.01;195,201;8,354.15;14,799;5,161;202;8.64;289;12;26;502;21.48;35;15;2.48;0;2;0;242;10.35;19;11;23;1;12;108,081;4,626;10,803;4,392;15;0;0;88;23;31;34;6;0.25;2;0;0;214;9.15;23;26:40;01:08;02:13;388;17;29;4,408;0.26;441;0;0;0;9,657;3,803;75;3.2;9;0;0;0;4 hours;01:09:54;34,684;1,015;0;0;18;39%;57%;50%
anti-hero576;0;0;0;0;19%;26;26;10;0.03;7,651;7,650.7;7,651;2,396;10;9.99;10;10;10;19;18.99;19;6;1.9;0;0;0;13;12.99;13;1;1;0;0;5,003;5,003;5,003;1,275;6;0;0;4;2;2;0;0;0;0;0;0;8;7.99;8;00:33;00:33;00:33;14;14;14;368;0.46;368;0;0;0;404;131;3;2.99;3;0;0;0;13 minutes;00:43;1,309;370;0;0;0;32%;32%;0
APurplePanduh;4466;0;0;0;6%;22;15;8;0.01;17,438;12,699.15;8,143;4,407;9;6.55;48;35;28;46;33.5;25;9;5.11;0;0;0;14;10.19;9;1;1;0;1;17,411;12,680;7,829;4,326;9;0;0;5;0;3;2;0;0;0;3;1;25;18.2;11;02:38;01:55;01:39;39;28;22;820;0.74;556;0;0;0;959;346;1;0.72;1;0;0;0;18 minutes;06:28;7,942;1,478;0;0;0;36%;29%;100%
Arash1994;3986;0;0;5;6%;66;18;6;0.01;55,835;7,624.06;9,266;4,593;40;5.46;206;28;40;131;17.88;29;12;3.27;0;1;0;41;5.59;10;1;7;0;7;62,515;8,536;12,787;4,379;12;0;0;14;4;3;7;1;0.13;1;0;0;50;6.82;14;03:56;00:32;01:23;159;22;33;606;0.11;185;0;0;0;2,968;1,053;11;1.5;3;0;0;0;1 hour;10:31;13,291;1,428;0;0;0;35%;40%;92%
ATLXyphes;3256;0;0;0;3%;8;5;2;0;12,487;6,986.23;6,282;1,679;15;8.39;41;23;22;26;14.54;13;6;1.73;0;0;0;6;3.35;3;1;2;0;1;10,670;5,969;5,491;1,567;6;0;0;4;2;0;2;0;0;0;0;0;8;4.47;4;02:54;01:37;01:34;32;18;20;207;0.17;120;0;0;0;808;253;0;0;0;0;0;0;20 minutes;06:12;3,655;1,028;0;0;0;31%;30%;39%
AutoBots_Kick_A;2901;0;0;0;6%;20;9;4;0.01;17,582;8,168.29;6,005;2,391;20;9.29;42;20;18;40;18.58;16;8;2;0;0;0;13;6.03;6;1;2;0;1;15,728;7,307;6,720;1,991;8;0;0;2;0;1;2;0;0;0;0;0;14;6.5;6;02:43;01:15;00:58;47;22;23;149;0.07;120;0;0;0;932;331;1;0.46;1;0;0;0;32 minutes;00:29;2,572;807;0;0;0;35%;64%;43%
AWolfySalvation;2371;0;0;1;14%;21;10;8;0.01;8,948;6,407.43;3,222;1,946;12;8.59;29;21;20;29;20.76;12;5;2.41;0;0;0;7;5.01;5;0;1;0;1;11,408;8,169;4,310;2,354;5;0;0;1;0;1;0;2;1.43;2;0;0;14;10.02;5;01:00;00:43;00:32;23;16;11;260;0.22;143;0;0;0;872;149;2;1.43;1;0;0;0;18 minutes;01:08;4,289;1,876;0;0;2;17%;12%;67%
Bashemdefoe;3000;0;0;3;8%;72;11;8;0.01;45,521;7,097.61;7,526;5,283;32;4.98;105;16;19;139;21.67;34;20;4.34;0;0;0;58;9.04;13;1;6;0;6;31,477;4,908;7,566;2,360;20;0;0;17;6;3;9;0;0;0;0;0;75;11.69;19;06:19;00:59;01:41;130;20;33;1,239;0.31;324;0;0;0;3,351;839;16;2.49;5;0;0;0;1 hour;16:05;8,990;1,402;0;0;2;25%;31%;87%
Beautiful-KEN-;0;0;0;0;0;0;0;0;0;3,628;10,518.38;3,628;1,600;3;8.69;13;38;13;9;26.09;9;5;3;0;0;0;4;11.59;4;0;0;0;0;4,151;12,034;4,151;1,568;5;0;0;1;0;0;1;0;0;0;0;0;1;2.89;1;00:05;00:16;00:05;6;17;6;45;0.2;45;0;0;0;254;78;0;0;0;0;0;0;3 minutes;00:41;1,423;726;0;0;0;30%;30%;0
BEBOFLOW-PR;3689;0;0;7;8%;178;38;13;0.02;114,527;10,986.88;16,864;6,071;96;9.2;267;26;42;227;21.77;36;19;2.36;0;0;0;66;6.33;9;5;10;0;6;95,325;9,145;13,223;5,181;19;0;0;26;12;2;13;3;0.28;1;3;1;92;8.82;13;10:05;00:58;02:10;259;25;41;1,762;0.2;335;0;0;0;7,300;2,217;10;0.95;3;0;0;0;2 hours;20:46;28,212;1,621;0;0;2;30%;51%;54%
BEN-B-en;0;0;0;302;3%;3,591;20;11;0;4,877,178;9,676.48;21,793;7,985;3,907;7.75;11,498;23;51;9,608;19.06;43;23;2.45;0;37;0;3,213;6.37;17;190;504;32;283;4,591,352;9,109;17,943;7,261;23;0;0;1,086;352;241;493;43;0.08;3;4;55;4,322;8.57;24;09:07:01;01:05;03:46;10,856;22;50;92,071;0.23;748;0;0;0;260,592;96,389;440;0.87;5;0;0;0;110 hours;25:00:22;1,504,743;3,117;0;0;20;36%;63%;56%
Benjini14;1783;0;0;1;5%;10;5;3;0.01;10,045;7,038.64;4,802;1,760;13;9.1;13;9;10;17;11.91;10;6;1.3;0;0;0;7;4.9;4;1;1;0;1;7,788;5,457;5,319;2,880;6;0;0;6;2;3;1;0;0;0;0;0;6;4.2;4;01:12;00:50;01:03;16;11;11;66;0.06;50;0;0;0;728;193;3;2.1;1;0;0;0;16 minutes;01:20;2,357;873;0;0;0;26%;28%;48%
bhmazz;2534;0;0;0;5%;6;4;3;0;5,126;7,557.11;2,059;1,366;10;14.74;16;24;10;12;17.69;8;7;1.2;0;0;0;3;4.42;2;1;1;0;0;5,137;7,572;2,725;1,589;7;0;0;2;1;0;0;0;0;0;0;0;9;13.26;7;00:50;01:14;00:36;18;27;13;57;0.08;57;0;0;0;401;108;0;0;0;0;0;0;10 minutes;00:54;1,379;792;0;0;0;26%;0;0
Black_Gast;3000;0;0;1;7%;20;13;7;0.02;14,398;9,870.47;8,989;4,007;4;2.74;35;24;21;33;22.62;21;8;8.25;0;0;0;9;6.16;5;0;1;0;1;8,500;5,827;5,878;2,200;8;0;0;5;2;2;1;0;0;0;0;0;16;10.96;9;01:46;01:13;01:23;41;28;32;115;0.12;72;0;0;0;843;278;1;0.68;1;0;0;0;15 minutes;04:21;1,811;579;0;0;1;32%;31%;100%
BlaZe-ZinG;0;0;0;48;6%;541;22;9;0.01;420,057;6,653.22;12,364;4,177;340;5.38;1,417;22;43;1,241;19.65;38;14;3.65;0;4;0;435;6.88;14;5;63;2;57;327,759;5,191;12,723;4,231;14;0;0;128;33;16;79;16;0.25;3;4;6;501;7.93;26;56:41;00:53;02:03;1,310;21;37;9,470;0.23;524;0;0;0;27,029;8,106;75;1.18;5;0;0;0;10 hours;03:09:52;99,571;2,116;0;0;6;29%;56%;89%
BloodHoundHD;4088;0;0;0;6%;10;6;2;0.01;7,397;8,483.94;4,114;1,901;11;12.61;22;25;12;22;25.23;12;6;2;0;0;0;7;8.02;6;0;1;0;0;6,484;7,437;3,136;1,894;6;0;0;2;1;0;1;0;0;0;0;0;10;11.46;4;00:53;01:01;00:20;23;26;10;18;0.02;18;0;0;0;556;165;1;1.14;1;0;0;0;13 minutes;03:28;1,284;592;0;0;0;29%;39%;39%
Blota_Skoles;3624;0;0;3;6%;78;14;4;0.01;61,982;8,614.38;13,650;2,079;94;13.06;114;16;26;108;15.01;29;9;1.14;0;5;0;35;4.86;8;4;7;0;3;49,566;6,889;11,607;2,650;9;0;0;14;3;1;9;4;0.55;2;0;0;44;6.11;17;07:54;01:05;02:14;140;19;39;1,142;0.19;222;0;0;0;3,627;1,212;5;0.69;2;0;0;0;1 hour;10:53;16,472;1,170;0;0;0;33%;39%;38%
blueschopper0628;1959;0;0;9;8%;363;20;7;0.01;237,875;7,595.07;12,569;3,826;421;13.44;483;15;30;412;13.15;25;7;0.97;0;2;0;143;4.56;8;19;31;2;10;185,024;5,908;10,842;2,723;7;0;0;58;21;9;27;0;0;0;3;1;196;6.25;15;38:18;01:13;02:17;399;13;29;6,659;0.28;624;0;0;0;18,495;4,470;43;1.37;4;1;0;0;6 hours;46:41;68,658;1,639;0;0;4;24%;55%;33%
BobbysWorldGamer;2518;0;0;0;7%;15;8;4;0.01;10,515;9,542.56;6,553;3,181;11;9.98;19;17;13;14;12.7;8;3;1.27;0;0;0;3;2.72;2;1;1;0;1;4,865;4,415;2,637;1,452;3;0;0;2;0;0;2;0;0;0;0;0;6;5.44;5;01:05;00:59;00:39;11;10;7;9;0.01;9;0;0;0;578;201;2;1.81;1;0;0;0;12 minutes;0;1,998;991;0;0;0;34%;0;100%
BONBISH;3664;0;0;9;9%;176;27;8;0.02;99,983;10,383.09;13,326;3,945;93;9.65;185;19;30;196;20.35;27;9;2.1;0;1;0;63;6.54;9;1;10;1;8;63,258;6,569;9,889;3,527;9;0;0;22;9;0;13;1;0.1;1;3;2;82;8.51;15;09:00;00:56;01:27;199;21;33;679;0.1;174;0;0;0;4,663;1,872;8;0.83;2;0;0;0;1 hour;23:48;23,160;2,785;0;0;0;40%;50%;84%
boneh;3996;0;0;0;7%;3;3;1;0.01;1,940;4,961.87;1,940;779;4;10.22;9;23;9;7;17.9;7;3;1.75;0;0;0;4;10.22;4;0;0;0;0;1,576;4,029;1,576;760;3;0;0;1;0;0;0;0;0;0;0;0;0;0;0;00:02;00:07;00:02;5;13;5;0;0;0;0;0;0;128;39;2;5.11;2;0;0;0;3 minutes;0;538;538;0;0;0;30%;30%;100%
Buahahahaha;2770;0;0;0;13%;3;3;2;0.02;1,351;8,711.43;1,351;631;4;25.79;1;6;1;1;6.44;1;1;0.25;0;0;0;1;6.44;1;0;0;0;0;1,153;7,435;1,153;1,025;1;0;0;0;0;0;0;0;0;0;0;0;0;0;0;00:02;00:17;00:02;0;0;0;0;0;0;0;0;0;61;23;1;6.44;1;0;0;0;2 minutes;0;715;715;0;0;0;37%;0;0
bub_THe-_-Gr8;2378;0;0;0;8%;5;3;2;0.01;3,618;6,744.19;1,873;1,813;7;13.04;1;2;1;8;14.91;5;5;1.14;0;0;0;4;7.45;3;1;1;0;0;2,545;4,744;2,047;1,939;5;0;0;2;1;1;1;0;0;0;0;0;4;7.45;2;00:02;00:03;00:01;7;13;4;12;0.02;12;0;0;0;224;61;2;3.72;2;0;0;0;6 minutes;0;650;650;0;0;0;27%;0;0
bullet-toes;2545;0;0;3;7%;50;17;4;0.01;32,442;7,330.92;9,667;2,912;51;11.52;117;26;39;74;16.72;27;9;1.45;0;1;0;18;4.06;5;3;4;0;1;39,882;9,012;14,409;3,423;9;0;0;8;3;4;1;0;0;0;0;0;43;9.71;21;05:33;01:15;02:19;75;17;23;964;0.26;386;0;0;0;2,177;649;5;1.12;2;0;0;0;1 hour;09:59;11,449;1,700;0;0;0;29%;33%;22%
BunnyFuufu;4078;0;0;1;8%;30;24;13;0.02;18,705;13,018.75;13,099;4,558;13;9.04;33;23;27;36;25.05;27;9;2.76;0;0;0;12;8.35;10;1;1;0;1;10,055;6,998;7,475;1,994;9;0;0;4;1;0;3;0;0;0;0;0;20;13.91;14;01:27;01:00;01:12;29;20;24;374;0.31;301;0;0;0;1,054;375;1;0.69;1;0;0;0;20 minutes;02:33;1,779;400;0;0;0;35%;35%;100%
C4-from_above;3000;0;0;0;5%;4;4;1;0;3,937;5,952.1;3,937;1,466;7;10.58;12;18;12;6;9.07;6;4;0.85;0;0;0;3;4.53;3;0;1;0;1;2,546;3,849;2,546;1,014;4;0;0;1;1;0;0;0;0;0;0;0;1;1.51;1;00:23;00:34;00:23;14;21;14;0;0;0;0;0;0;208;75;0;0;0;0;0;0;8 minutes;03:44;719;388;0;0;0;36%;0;100%
CapuSound99;1958;0;0;1;5%;48;16;6;0.01;41,139;7,409.23;8,686;2,502;76;13.68;87;16;22;96;17.28;26;7;1.26;0;0;0;48;8.64;17;3;6;0;3;32,889;5,923;7,171;1,985;7;0;0;15;7;1;7;2;0.36;1;0;0;39;7.02;13;06:16;01:07;01:24;74;13;15;854;0.21;281;0;0;0;2,313;822;15;2.7;5;0;0;0;1 hour;15:07;11,213;1,400;0;0;0;35%;51%;49%
Cassia7;3776;0;0;16;4%;254;20;9;0.01;284,962;11,984.94;20,177;10,848;153;6.43;570;24;52;373;15.68;25;15;2.43;0;3;0;102;4.28;9;9;24;0;14;271,873;11,434;19,785;6,898;15;0;0;48;12;16;20;5;0.21;1;3;2;181;7.61;14;38:11;01:36;03:27;466;20;36;4,262;0.22;527;0;0;0;13,907;5,953;9;0.37;1;0;0;0;5 hours;47:14;86,240;1,860;0;0;0;42%;49%;60%
chaikurox;2173;0;0;0;9%;5;5;2;0.02;2,653;10,427.33;2,653;1,592;3;11.79;5;20;5;4;15.72;4;3;1.33;0;0;0;1;3.93;1;0;0;0;0;1,966;7,727;1,966;1,479;3;0;0;1;0;0;1;0;0;0;0;0;3;11.79;3;00:20;01:21;00:20;4;16;4;0;0;0;0;0;0;122;51;0;0;0;0;0;0;3 minutes;0;1,157;1,157;0;0;0;41%;41%;0
ChaLiWang;3191;0;0;1;10%;9;9;9;0.03;4,121;6,203.76;4,121;4,121;0;0;15;23;15;14;21.07;14;14;0;0;0;0;6;9.03;6;0;1;0;1;2,503;3,768;2,503;2,503;14;0;0;3;1;0;2;0;0;0;0;0;1;1.5;1;00:06;00:09;00:06;16;24;16;0;0;0;0;0;0;309;87;0;0;0;0;0;0;4 minutes;02:10;729;408;0;0;0;28%;0;100%
chefskywalker420;3001;0;0;1;4%;36;11;5;0;41,452;8,771.04;8,297;3,302;48;10.15;89;19;31;97;20.52;29;19;2.02;0;0;0;33;6.98;10;3;5;0;2;27,644;5,849;8,354;3,972;19;0;0;10;3;2;5;1;0.21;1;0;0;50;10.57;17;08:53;01:52;02:18;117;25;34;1,168;0.31;421;0;0;0;2,312;813;1;0.21;1;0;0;0;1 hour;09:41;11,006;2,150;0;0;0;35%;43%;32%
ChievementHunter;2699;0;0;11;33%;1;1;1;0.01;254;3,299.09;254;254;1;12.99;175;11;31;255;15.57;37;13;2.29;0;0;0;141;8.61;22;4;0;0;0;65,756;4,017;9,470;2,146;13;0;0;0;0;0;21;1;0.06;1;3;3;113;6.9;22;13:41;00:50;01:47;253;15;47;2,953;0.31;350;0;0;0;10;3;32;1.95;4;1;0;0;57.154520004056394 seconds;32:45;20,460;1,714;0;0;7;30%;42%;100%
Chimichanga49er;3611;0;0;3;7%;86;19;10;0.01;63,084;11,595.67;13,150;4,832;44;8.08;138;25;32;120;22.05;29;8;2.72;0;0;0;54;9.92;13;1;5;1;3;43,904;8,070;9,017;4,266;8;0;0;13;2;3;8;0;0;0;0;0;50;9.19;12;05:21;00:59;01:04;124;23;30;1,393;0.31;425;0;0;0;2,853;1,209;2;0.36;2;0;0;0;1 hour;16:12;12,767;1,196;0;0;1;42%;51%;61%
Chinmokunouta;3000;0;0;15;6%;141;15;6;0.01;124,151;7,568.53;14,453;5,472;82;4.99;485;30;43;335;20.42;33;15;4.08;0;1;0;108;6.58;13;1;16;0;15;130,960;7,984;13,530;4,546;15;0;0;35;7;13;15;8;0.48;2;0;0;163;9.93;19;24:42;01:30;02:47;418;25;37;2,045;0.17;281;0;0;0;9,876;2,343;15;0.91;3;0;0;0;3 hours;01:18:15;45,383;3,024;0;0;0;23%;34%;88%
Chuni-Byo;3534;0;0;21;5%;426;21;9;0.01;387,312;10,994.34;18,790;7,229;191;5.42;864;25;41;652;18.5;38;17;3.41;0;10;0;204;5.79;17;0;0;3;23;327,610;9,300;16,823;7,164;17;0;0;0;0;0;0;0;0;0;3;3;222;6.3;12;24:17;00:41;02:00;712;20;35;3,164;0.11;439;0;0;0;22,958;7,931;34;0.96;3;0;0;0;3.750097004696727 seconds;01:21:41;100,769;2,266;0;0;3;34%;55%;64%
Cinnabon_Man;2987;0;0;2;20%;1;1;1;0.01;395;3,753.04;395;395;1;9.5;71;35;38;2;19;2;2;2;0;0;0;19;9.26;10;0;0;0;2;18,695;9,118;8,718;7,247;2;0;0;0;1;0;1;1;0.48;1;0;0;27;13.16;13;00:00;00:02;00:00;55;27;25;324;0.25;189;0;0;0;22;5;2;0.97;2;0;0;0;50.192330956459045 seconds;13:09;6,174;1,147;0;0;3;22%;26%;92%
CODE-FRAGILE;2616;0;0;5;6%;105;18;10;0.01;82,628;9,356.51;14,772;6,538;44;4.98;193;22;33;202;22.87;34;16;4.59;0;0;0;87;9.85;17;4;9;0;4;60,726;6,876;9,244;3,618;16;0;0;32;10;10;12;1;0.11;1;3;1;84;9.51;20;07:48;00:53;01:43;193;22;30;1,464;0.25;269;0;0;0;5,998;1,624;11;1.24;3;0;0;0;1 hour;40:01;13,124;1,624;0;0;3;27%;35%;50%
colonel_klink;2248;0;0;7;9%;122;19;7;0.01;65,470;5,265.81;6,715;2,479;99;7.96;173;14;25;188;15.12;28;9;1.89;0;0;0;74;5.95;13;7;12;0;5;61,075;4,912;9,262;4,277;9;0;0;27;12;10;6;0;0;0;0;0;79;6.35;14;08:14;00:39;01:42;132;11;22;1,898;0.24;367;0;0;0;4,545;1,261;19;1.52;5;0;0;0;2 hours;26:02;18,947;1,423;0;0;2;27%;35%;41%
CragtheLAD;2931;0;0;9;6%;174;34;8;0.01;128,652;9,896.29;15,624;3,843;125;9.61;260;20;34;292;22.46;35;12;2.33;0;1;0;131;10.07;19;4;13;2;7;90,900;6,992;10,625;3,191;12;0;0;46;14;15;17;2;0.15;1;3;2;140;10.76;22;17:46;01:22;02:26;272;21;35;5,036;0.49;797;0;0;0;8,876;2,494;32;2.46;6;1;0;0;2 hours;01:03:55;31,712;1,502;0;0;7;28%;35%;53%
crazy_dolls;2777;0;0;0;4%;9;6;3;0;10,389;9,719.56;5,025;2,556;15;14.03;10;9;8;11;10.29;7;3;0.73;0;0;0;4;3.74;2;1;1;0;0;5,655;5,290;3,776;1,919;3;0;0;4;2;1;1;0;0;0;0;0;5;4.67;3;00:39;00:36;00:31;10;9;6;120;0.12;120;0;0;0;612;215;0;0;0;0;0;0;15 minutes;00:20;2,233;946;0;0;0;35%;27%;38%
crimsonview93;2446;0;0;0;7%;29;12;7;0.01;19,240;8,395.17;5,153;3,119;23;10.03;46;20;16;48;20.94;16;6;2.08;0;0;0;15;6.54;6;1;2;0;1;12,929;5,642;3,790;1,511;6;0;0;8;3;3;3;0;0;0;0;0;21;9.16;6;03:30;01:31;01:30;45;20;12;479;0.3;222;0;0;0;1,176;372;4;1.74;4;0;0;0;26 minutes;10:17;2,906;751;0;0;0;31%;30%;39%
CrispeChris;3343;0;0;27;7%;536;28;21;0.01;373,712;8,948.73;13,087;7,695;258;6.17;1,082;26;48;904;21.64;38;19;3.5;0;2;0;301;7.2;12;8;42;1;33;259,241;6,208;11,153;5,277;19;0;0;99;28;14;56;8;0.19;2;4;6;312;7.47;17;35:10;00:50;02:23;941;23;37;7,648;0.27;446;0;0;0;22,197;7,243;47;1.12;3;0;0;0;7 hours;02:51:51;95,565;1,835;0;0;1;32%;53%;78%
CW-punchL1nez;2903;0;0;2;4%;68;25;7;0.01;73,387;9,275.61;9,624;3,952;77;9.73;146;18;26;199;25.15;30;13;2.58;0;2;0;98;12.38;17;5;8;0;2;46,807;5,916;7,645;2,870;13;0;0;25;7;6;12;1;0.12;1;0;0;85;10.74;17;11:34;01:27;01:53;171;22;33;2,020;0.31;625;0;0;0;4,308;1,417;19;2.4;4;0;0;0;1 hour;32:51;14,972;1,334;0;0;2;32%;46%;30%
cyber_animaI;4399;0;0;7;4%;99;18;6;0.01;109,721;10,442.12;13,497;6,305;68;6.47;206;20;28;222;21.12;33;12;3.26;0;0;0;82;7.8;10;3;11;0;8;70,221;6,683;10,008;3,489;12;0;0;34;8;10;16;2;0.19;1;3;3;82;7.8;11;08:28;00:48;01:26;198;19;27;1,313;0.19;338;0;0;0;5,933;2,150;14;1.33;3;0;0;0;1 hour;35:34;25,188;1,877;0;0;0;36%;62%;74%
CyberBuIIying;4034;0;0;18;5%;207;14;7;0.01;203,196;8,346.83;13,786;6,368;199;8.17;533;22;28;497;20.41;26;15;2.49;0;2;0;162;6.65;13;3;24;0;22;133,155;5,470;7,732;2,977;15;0;0;53;19;3;31;4;0.16;3;4;2;224;9.2;14;20:31;00:50;01:32;528;22;26;4,992;0.28;573;0;0;0;12,339;3,917;26;1.06;5;0;0;0;4 hours;01:27:14;48,350;1,630;0;0;1;31%;46%;89%
D4C-N;0;0;0;0;8%;12;9;3;0.01;7,782;7,896.21;6,064;2,853;6;6.08;17;17;13;26;26.38;19;12;4.33;0;0;0;9;9.13;6;0;1;0;1;3,344;3,393;2,732;1,303;12;0;0;3;1;1;1;0;0;0;0;0;19;19.27;15;01:05;01:06;00:39;21;21;15;14;0.01;14;0;0;0;430;140;0;0;0;0;0;0;11 minutes;03:08;617;233;0;0;0;32%;33%;100%
da-rhinoboy;2798;0;0;41;6%;585;23;10;0.01;464,332;8,684.36;18,596;6,012;465;8.69;1,333;25;47;1,331;24.89;50;20;2.86;0;5;1;517;9.66;23;23;53;3;27;399,622;7,474;13,754;5,797;20;0;0;113;31;25;57;16;0.29;3;3;5;592;11.07;26;01:10:03;01:18;03:23;1,526;29;55;10,037;0.22;610;0;0;0;23,180;8,685;79;1.47;6;0;0;0;12 hours;04:15:28;132,026;2,188;0;0;5;37%;51%;51%
Dedicatus545___;2224;0;0;0;6%;12;10;3;0.02;9,846;14,126.03;8,140;1,793;8;11.47;14;20;13;11;15.78;10;3;1.37;0;0;0;3;4.3;2;0;1;0;0;7,425;10,653;7,300;2,631;3;0;0;2;0;1;1;0;0;0;0;0;5;7.17;4;00:32;00:46;00:25;10;14;9;131;0.22;131;0;0;0;448;193;0;0;0;0;0;0;9 minutes;0;3,533;1,339;0;0;0;43%;45%;66%
DEERc_;3033;0;0;6;5%;116;17;9;0.01;102,571;9,768.24;16,499;4,265;57;5.42;209;20;32;149;14.18;22;11;2.61;0;0;0;38;3.61;5;3;11;0;7;95,734;9,117;14,927;6,301;11;0;0;23;9;6;8;1;0.09;1;0;0;73;6.95;13;11:20;01:04;02:34;175;17;33;1,281;0.16;351;0;0;0;5,576;2,112;4;0.38;1;0;0;0;2 hours;20:19;27,915;1,771;0;0;0;37%;51%;71%
Demented_Hiei;3525;0;0;0;3%;4;2;2;0;5,871;5,787.02;5,228;871;11;10.84;11;11;9;10;9.85;9;2;0.9;0;0;0;2;1.97;2;1;1;0;0;6,508;6,414;5,886;2,309;2;0;0;1;0;0;1;0;0;0;0;0;3;2.95;2;00:26;00:25;00:26;13;13;12;0;0;0;0;0;0;435;113;0;0;0;0;0;0;10 minutes;0;1,816;1,001;0;0;0;25%;26%;0
Desterix_452;3194;0;0;0;9%;13;13;3;0.01;7,128;7,128.27;7,128;1,210;15;14.99;23;23;23;13;12.99;13;2;0.86;0;0;0;4;3.99;4;0;1;0;1;8,318;8,318;8,318;1,790;2;0;0;1;0;0;1;0;0;0;0;0;6;5.99;6;01:07;01:07;01:07;16;16;16;120;0.12;120;0;0;0;642;131;0;0;0;0;0;0;16 minutes;00:20;3,467;1,241;0;0;0;20%;20%;100%
DEVIL_SHADOW_KSA;3731;0;0;1;4%;25;9;5;0.01;28,842;9,932.62;8,368;3,233;24;8.26;88;30;30;70;24.1;28;11;2.91;0;0;0;20;6.88;8;1;3;0;2;25,062;8,631;6,506;2,849;11;0;0;11;4;1;5;1;0.34;1;0;0;24;8.26;12;05:21;01:50;01:36;80;28;28;1,027;0.45;498;0;0;0;1,702;555;4;1.37;2;0;0;0;37 minutes;14:01;6,028;1,216;0;0;0;32%;28%;77%
D-fantasy_;0;0;0;0;3%;11;9;2;0;15,577;12,755.81;11,325;2,092;21;17.19;19;16;12;31;25.38;25;5;1.47;0;3;0;7;5.73;6;0;1;0;1;11,738;9,612;9,292;1,656;5;0;0;3;0;0;2;0;0;0;0;0;21;17.19;21;02:35;02:07;01:33;26;21;21;158;0.11;88;0;0;0;1,045;317;2;1.63;1;0;0;0;22 minutes;00:07;3,183;870;0;0;0;30%;37%;63%
Diamondsdust_;0;0;0;1;10%;53;12;5;0.02;26,731;7,557.01;8,087;2,427;40;11.3;60;17;16;69;19.5;20;8;1.72;0;0;0;32;9.04;7;1;4;0;3;21,733;6,144;5,609;2,123;8;0;0;10;2;4;4;0;0;0;0;0;36;10.17;11;04:12;01:11;01:03;65;18;22;477;0.18;178;0;0;0;1,676;490;5;1.41;2;0;0;0;42 minutes;11:02;8,184;1,547;0;0;0;29%;40%;74%
diegoperu2021;2470;0;0;0;12%;2;2;1;0.01;935;5,816.5;935;431;4;24.88;0;0;0;2;12.44;2;1;0.5;0;0;0;0;0;0;0;0;0;0;576;3,586;576;443;1;0;0;0;0;0;0;0;0;0;0;0;1;6.22;1;00:09;00:58;00:09;1;6;1;0;0;0;0;0;0;3;16;0;0;0;0;0;0;3.925316996872425 seconds;0;113;113;0;0;0;21%;0;0
DifferentD;3517;0;0;4;5%;126;15;6;0.01;120,950;9,767.23;18,061;5,620;116;9.36;217;18;31;219;17.68;28;13;1.88;0;1;0;68;5.49;8;7;12;0;5;76,729;6,196;11,893;4,181;13;0;0;37;12;4;21;0;0;0;0;0;87;7.02;15;09:56;00:48;01:55;181;15;23;1,432;0.15;311;0;0;0;7,717;2,339;13;1.04;2;0;0;0;2 hours;24:22;21,332;2,256;0;0;0;30%;53%;43%
Divinity-X-;4116;0;0;1;5%;28;10;6;0.01;25,787;9,102.94;8,608;4,668;30;10.58;62;22;20;49;17.29;13;8;1.63;0;1;0;18;6.35;5;2;3;0;1;22,413;7,912;5,355;2,026;8;0;0;8;5;1;2;1;0.35;1;0;0;18;6.35;8;02:50;01:00;00:44;57;20;17;913;0.4;341;0;0;0;1,478;500;5;1.76;2;0;0;0;37 minutes;03:28;7,407;1,047;0;0;0;33%;38%;34%
Dizeks;2506;0;0;0;4%;3;3;2;0;3,707;7,607.82;3,707;1,636;8;16.41;5;10;5;6;12.31;6;5;0.75;0;0;0;5;10.26;5;0;0;0;0;2,770;5,684;2,770;915;5;0;0;1;0;1;0;0;0;0;0;0;5;10.26;5;00:57;01:57;00:57;3;6;3;157;0.39;157;0;0;0;226;74;2;4.1;2;0;0;0;6 minutes;01:01;462;283;0;0;0;32%;32%;0
doa3f2p;3304;0;0;0;8%;8;8;5;0.01;5,015;9,288.31;5,015;1,466;7;12.96;15;28;15;17;31.48;17;10;2.42;0;0;0;6;11.11;6;1;1;0;0;4,178;7,738;4,178;1,330;10;0;0;2;1;1;0;0;0;0;0;0;4;7.4;4;00:15;00:27;00:15;16;30;16;300;0.58;300;0;0;0;370;94;1;1.85;1;0;0;0;8 minutes;04:09;1,100;794;0;0;0;25%;0;0
DramaticMango;2345;0;0;0;9%;3;3;2;0.02;1,663;10,853.46;1,663;1,018;2;13.04;1;7;1;1;6.52;1;1;0.5;0;1;0;1;6.52;1;0;0;0;0;1,971;12,858;1,971;1,532;1;0;0;1;0;0;0;0;0;0;0;0;0;0;0;00:11;01:15;00:11;0;0;0;0;0;0;0;0;0;66;31;1;6.52;1;0;0;0;1 minute;0;1,079;1,079;0;0;1;46%;0;0
Drest24;2622;0;0;6;6%;66;15;5;0.01;56,008;7,708.04;10,751;4,576;48;6.6;157;22;30;144;19.81;31;10;3;0;0;0;40;5.5;7;3;7;0;5;45,181;6,218;9,659;3,934;10;0;0;26;10;6;9;0;0;0;0;0;60;8.25;11;07:43;01:03;01:43;147;20;28;1,655;0.33;502;0;0;0;3,910;1,092;7;0.96;2;0;0;0;1 hour;27:16;15,268;1,550;0;0;0;27%;33%;63%
Drew_MK;3016;0;0;17;11%;382;50;12;0.02;190,301;9,936.21;17,239;5,155;127;6.63;471;25;41;487;25.42;42;19;3.83;0;1;0;218;11.38;24;5;19;1;13;142,790;7,456;12,447;4,040;19;0;0;60;18;20;22;8;0.41;4;3;1;245;12.79;23;19:45;01:01;02:32;508;27;45;3,499;0.24;492;0;0;0;10,703;3,356;40;2.08;6;2;0;0;4 hours;01:07:36;41,383;1,313;0;0;3;31%;47%;68%
DridenGX;2909;0;0;0;3%;4;4;4;0;5,778;8,850.38;5,778;2,722;8;12.25;8;12;8;5;7.65;5;5;0.62;0;0;0;1;1.53;1;1;1;0;0;5,720;8,762;5,720;3,007;5;0;0;1;0;1;0;0;0;0;0;0;2;3.06;2;00:17;00:27;00:17;8;12;8;300;0.58;300;0;0;0;345;119;0;0;0;0;0;0;8 minutes;01:26;2,498;798;0;0;0;34%;0;0
DSZY;2628;0;0;7;6%;170;16;7;0.01;588;9,228.81;588;588;1;15.69;387;20;43;208;10.9;22;8;1.6;0;1;0;68;3.56;8;8;0;1;0;172,962;9,071;15,320;4,956;8;0;0;0;9;6;0;1;0.05;1;0;0;82;4.3;10;00:00;00:08;00:00;222;12;30;3,799;0.25;352;0;0;0;54;21;9;0.47;3;0;0;0;1 minute;11:49;46,725;1,681;0;0;3;38%;48%;100%
DubiousGerbil;2683;0;0;8;5%;116;21;6;0.01;112,045;10,062.82;22,475;5,680;84;7.54;238;21;35;267;23.97;39;14;3.17;0;2;0;116;10.41;19;5;11;0;6;69,630;6,253;12,893;3,446;14;0;0;33;9;7;17;7;0.62;2;3;1;124;11.13;18;16:23;01:28;02:40;279;25;40;1,861;0.22;397;0;0;0;4,988;2,186;13;1.16;3;0;0;0;2 hours;01:01:42;21,518;1,134;0;0;1;43%;61%;50%
eastcoastrider71;2268;0;0;3;7%;166;20;6;0.01;109,066;7,057.95;12,190;3,292;174;11.26;248;16;28;219;14.17;23;7;1.25;0;2;0;83;5.37;10;9;15;0;6;77,100;4,989;8,845;2,252;7;0;0;24;9;4;11;0;0;0;3;1;96;6.21;15;16:26;01:03;02:31;227;15;28;3,062;0.26;475;0;0;0;8,072;2,097;14;0.9;2;0;0;0;3 hours;16:40;23,694;1,299;0;0;1;25%;38%;39%
ecotaku;2368;0;0;295;6%;4,425;36;13;0.01;3,782,039;8,185.31;16,856;9,110;2,930;6.34;9,845;21;54;8,165;17.67;42;20;2.78;0;22;0;3,130;6.77;19;185;462;19;257;3,807,030;8,239;10,480;8,133;20;0;0;885;227;220;438;29;0.06;2;5;48;3,426;7.41;25;06:54:13;00:53;05:39;9,539;21;47;85,650;0.24;702;0;0;0;206,496;72,621;524;1.13;7;3;0;0;97 hours;20:09:23;1,209,587;3,054;0;0;36;35%;55%;55%
ejakiller;3032;0;0;0;5%;8;8;6;0.01;7,228;14,449.49;7,228;2,820;7;13.99;13;26;13;9;17.99;9;4;1.28;0;0;0;4;7.99;4;1;1;0;0;3,423;6,844;3,423;1,161;4;0;0;1;1;0;0;0;0;0;0;0;5;9.99;5;01:03;02:07;01:03;13;26;13;42;0.08;42;0;0;0;429;153;0;0;0;0;0;0;8 minutes;01:38;841;390;0;0;0;35%;35%;0
eliteboy_1da;3496;0;0;25;6%;545;29;8;0.01;417,329;9,503.12;15,932;5,593;425;9.67;865;20;42;854;19.44;45;12;2;0;5;0;329;7.49;22;22;44;1;21;300,873;6,851;14,876;3,492;12;0;0;98;29;22;48;6;0.13;1;4;4;392;8.92;22;56:03;01:16;02:19;908;21;43;9,177;0.27;658;0;0;0;23,625;8,100;52;1.18;5;0;0;0;9 hours;01:54:47;90,156;1,947;0;0;0;34%;54%;47%
entoe12;3278;0;0;33;4%;633;28;11;0.01;726,465;13,573.18;23,248;10,531;468;8.74;1,157;22;37;1,116;20.85;34;17;2.38;0;5;0;355;6.63;14;25;54;4;24;568,547;10,623;21,142;7,831;17;0;0;129;35;24;69;20;0.37;2;3;4;529;9.88;20;01:16:55;01:26;03:17;1,074;20;35;9,000;0.2;493;0;0;0;41,266;14,971;27;0.5;4;0;0;0;12 hours;02:35:43;188,877;2,382;0;0;1;36%;52%;45%
Erenksk9;4169;0;0;1;4%;32;12;4;0.01;37,846;16,212.56;10,040;4,274;28;11.99;80;34;29;69;29.55;22;7;2.46;0;0;0;24;10.28;6;1;2;0;1;19,382;8,303;4,670;2,047;7;0;0;7;4;1;2;1;0.42;1;4;1;31;13.27;14;04:16;01:50;01:35;60;26;22;226;0.09;197;0;0;0;2,009;720;2;0.85;1;0;0;0;39 minutes;10:58;4,748;816;0;0;0;35%;45%;52%
Evilduck1903;2386;0;0;3;8%;47;25;9;0.02;29,434;12,041.82;14,345;5,383;12;4.9;68;28;33;82;33.54;38;13;6.83;0;0;0;36;14.72;16;0;2;0;2;22,003;9,002;13,058;5,813;13;0;0;12;5;3;4;0;0;0;0;0;38;15.54;19;05:18;02:10;02:19;90;37;39;479;0.22;290;0;0;0;1,784;547;4;1.63;4;0;0;0;34 minutes;12:41;5,439;819;0;0;0;30%;36%;81%
ezequielmon2001;3126;0;0;5;6%;59;13;6;0.01;47,944;4,794.42;7,159;3,396;53;5.29;146;15;31;141;14.09;25;13;2.66;0;1;0;51;5.09;10;1;10;0;9;32,310;3,231;7,250;1,415;13;0;0;18;6;4;8;3;0.29;1;0;0;59;5.89;18;08:03;00:48;02:29;157;16;29;1,390;0.26;641;0;0;0;3,564;878;10;0.99;2;0;0;0;1 hour;18:49;8,894;782;0;0;0;24%;48%;89%
Fade_BR;0;0;0;35;5%;894;31;8;0.01;797,608;10,628.77;19,342;5,563;826;11;1,364;18;41;1,653;22.02;47;19;2;0;6;0;672;8.95;20;40;75;2;32;434,364;5,788;13,819;3,733;19;0;0;222;76;34;113;2;0.02;1;3;1;904;12.04;32;01:44:02;01:23;04:35;1,613;21;44;12,253;0.2;501;0;0;0;47,932;15,422;108;1.43;4;0;0;0;16 hours;05:15:01;152,165;2,510;0;0;20;32%;64%;43%
Fairystinky;1991;0;0;0;14%;7;7;4;0.01;2,617;3,885.51;2,249;1,280;6;8.9;4;6;3;8;11.87;7;5;1.33;0;0;0;4;5.93;4;0;1;0;0;3,259;4,839;2,584;1,967;5;0;0;1;0;0;1;1;1.48;1;0;0;5;7.42;5;00:39;00:58;00:32;9;13;9;108;0.22;108;0;0;0;309;48;0;0;0;0;0;0;8 minutes;01:52;1,183;1,060;0;0;0;15%;16%;56%
FastAsDux;2097;0;0;6;9%;247;23;10;0.01;137,103;7,311.32;10,429;4,183;156;8.31;270;14;30;366;19.51;35;14;2.34;0;0;0;155;8.26;18;8;19;2;8;94,130;5,020;3,334;2,936;14;0;0;42;12;10;20;0;0;0;0;0;158;8.42;20;17:34;00:56;01:44;315;17;26;4,623;0.33;553;0;0;0;9,924;2,594;37;1.97;5;0;0;0;3 hours;52:12;33,858;1,359;0;0;11;26%;37%;44%
Flown_Jebus;4144;0;0;1;5%;40;12;7;0.01;34,660;12,806.06;11,444;5,637;19;7.02;85;31;24;73;26.97;22;11;3.84;0;1;0;33;12.19;13;2;3;0;1;23,620;8,727;7,021;3,025;11;0;0;5;2;1;3;1;0.36;1;3;1;28;10.34;12;02:41;00:59;01:18;75;28;21;443;0.21;212;0;0;0;1,667;689;4;1.47;2;0;0;0;33 minutes;14:20;6,851;883;0;0;0;41%;50%;40%
flyinganimal;4142;0;0;9;5%;171;24;14;0.01;168,660;10,528.24;16,694;5,808;100;6.24;324;20;48;348;21.72;43;16;3.48;0;1;0;134;8.36;21;8;16;0;8;119,436;7,456;14,339;3,591;16;0;0;58;12;18;28;2;0.12;1;3;2;146;9.11;24;14:22;00:53;02:24;327;20;44;3,733;0.36;357;0;0;0;8,759;3,267;14;0.87;3;0;0;0;2 hours;01:11:33;45,294;2,180;0;0;0;37%;49%;49%
FlyNameHere;2199;0;0;0;9%;21;8;3;0.01;11,432;4,320;5,802;1,903;24;9.06;26;10;10;19;7.18;11;4;0.79;0;0;0;4;1.51;2;1;3;0;2;10,400;3,930;3,717;1,425;4;0;0;2;0;0;2;0;0;0;0;0;12;4.53;8;01:49;00:41;00:52;20;8;11;6;0;6;0;0;0;817;217;0;0;0;0;0;0;27 minutes;01:02;2,955;786;0;0;0;26%;45%;62%
forrestsmith2;3084;0;0;0;8%;46;15;7;0.02;28,816;10,977.48;6,763;5,146;23;8.76;40;15;12;43;16.38;14;11;1.86;0;0;0;14;5.33;5;1;3;0;1;19,020;7,246;5,430;4,898;11;0;0;5;2;0;3;0;0;0;0;0;22;8.38;8;02:11;00:50;00:53;40;15;18;384;0.19;273;0;0;0;1,623;553;4;1.52;3;0;0;0;32 minutes;06:33;7,371;993;0;0;0;34%;30%;44%
fructoseghost;2909;0;0;23;5%;305;20;7;0.01;308,043;8,191.69;21,172;4,970;399;10.61;996;26;57;644;17.12;41;14;1.61;0;3;0;229;6.08;15;12;38;2;23;312,036;8,298;17,977;4,676;14;0;0;58;19;9;30;1;0.02;1;3;1;292;7.76;24;52:03;01:23;05:33;798;21;55;7,480;0.24;633;0;0;0;21,350;6,082;33;0.87;3;0;0;0;8 hours;01:27:03;97,963;2,089;0;0;3;28%;51%;62%
FvsNeLL;3798;0;0;0;7%;10;8;6;0.02;6,957;9,946.85;6,294;3,522;6;8.57;18;26;13;14;20.01;13;6;2.33;0;0;0;4;5.71;4;0;1;0;1;3,541;5,063;2,447;1,135;6;0;0;2;0;1;1;0;0;0;0;0;3;4.28;2;00:07;00:11;00:07;15;21;14;3;0;3;0;0;0;469;134;1;1.42;1;0;0;0;7 minutes;00:58;832;763;0;0;0;28%;32%;86%
G1ng3rsHOT;2881;0;0;7;7%;153;25;8;0.02;110,272;12,252.5;17,529;7,075;68;7.55;200;22;45;214;23.77;45;17;3.14;0;3;0;81;9;16;6;9;0;3;81,845;9,094;14,375;4,444;17;0;0;27;11;11;5;0;0;0;0;0;72;8;21;04:57;00:33;00:57;209;23;42;2,726;0.37;760;0;0;0;7,072;2,143;15;1.66;5;0;0;0;2 hours;38:56;24,392;1,651;0;0;0;30%;36%;33%
games3_112;2604;0;0;2;6%;23;10;6;0.01;18,073;7,428.4;9,851;3,483;13;5.34;75;31;37;65;26.71;32;9;5;0;1;0;28;11.5;12;1;2;0;1;24,778;10,184;7,378;4,139;9;0;0;8;4;2;2;0;0;0;0;0;32;13.15;15;02:13;00:54;00:48;62;25;32;249;0.13;159;0;0;0;996;338;5;2.05;2;0;0;0;31 minutes;12:56;3,961;1,032;0;0;0;33%;32%;58%
Gandalion;3514;0;0;37;5%;501;18;6;0.01;446,348;8,306.14;13,133;5,156;465;8.65;1,386;26;45;913;16.99;31;11;1.96;0;8;0;257;4.78;10;20;54;1;32;437,299;8,138;13,151;4,714;11;0;0;105;35;29;41;9;0.16;2;3;1;391;7.27;17;57:27;01:04;02:20;1,063;20;32;10,854;0.26;608;0;0;0;33,069;8,829;25;0.46;2;0;0;0;11 hours;01:47:46;128,703;3,376;0;0;5;26%;45%;59%
GatorChow;2397;0;0;0;3%;1;1;1;0;1,201;7,107.13;1,035;536;3;17.75;5;30;5;4;23.67;4;2;1.33;0;0;0;1;5.91;1;0;0;0;0;1,679;9,935;1,606;1,253;2;0;0;0;0;0;0;0;0;0;0;0;1;5.91;1;00:04;00:24;00:03;6;36;6;0;0;0;0;0;0;83;27;0;0;0;0;0;0;3 minutes;0;601;601;0;0;0;32%;33%;81%
ginko_503;2360;0;0;0;4%;29;6;4;0;32,344;9,010.63;7,222;3,188;45;12.53;65;18;22;54;15.04;14;8;1.2;0;0;0;21;5.85;4;3;4;0;0;19,349;5,390;3,948;1,777;8;0;0;6;1;1;4;0;0;0;0;0;27;7.52;7;03:04;00:51;01:27;64;18;19;350;0.11;146;0;0;0;1,480;621;1;0.27;1;0;0;0;49 minutes;04:16;2,886;787;0;0;0;41%;50%;1%
GodzillavsMuto;2555;0;0;0;4%;2;2;2;0.01;2,263;20,301.12;2,263;2,263;0;0;0;0;0;1;8.96;1;1;0;0;0;0;1;8.96;1;0;0;0;0;262;2,349;262;262;1;0;0;0;0;0;0;0;0;0;0;0;0;0;0;0;0;0;0;0;0;91;0.8;91;0;0;0;106;44;0;0;0;0;0;0;1 minute;0;91;91;0;0;0;41%;0;0
GoMu___;4214;0;0;0;2%;1;1;1;0;2,190;4,526.32;2,190;1,020;4;8.26;3;6;3;3;6.2;3;1;0.75;0;0;0;1;2.06;1;0;0;0;0;1,735;3,586;1,735;907;1;0;0;2;0;1;1;0;0;0;0;0;1;2.06;1;00:08;00:17;00:08;3;6;3;13;0.05;13;0;0;0;142;46;0;0;0;0;0;0;3 minutes;00:02;94;94;0;0;0;32%;0;0
gorigori168;1981;0;0;3;7%;65;21;8;0.01;46,256;11,181.33;16,876;3,119;56;13.53;91;22;24;116;28.04;38;10;2.07;0;1;0;57;13.77;18;2;4;0;2;29,323;7,088;8,438;2,158;10;0;0;11;2;4;6;1;0.24;1;0;0;70;16.92;22;06:20;01:31;02:09;112;27;35;604;0.15;253;0;0;0;2,621;894;11;2.65;4;0;0;0;1 hour;09:37;6,778;1,153;0;0;2;34%;39%;51%
gulight;3149;0;0;13;6%;192;22;8;0.01;151,136;10,578.47;17,628;8,005;116;8.11;416;29;44;384;26.87;35;17;3.31;0;2;0;132;9.23;19;2;14;0;13;140,257;9,817;12,251;7,766;17;0;0;45;17;12;16;0;0;0;0;0;188;13.15;22;24:18;01:42;02:16;375;26;39;2,873;0.25;392;0;0;0;9,876;2,856;15;1.04;3;0;0;0;3 hours;55:14;51,935;1,849;0;0;2;28%;38%;87%
Highlander_scott;4077;0;0;8;9%;197;30;13;0.01;113,308;9,229.49;19,796;5,946;112;9.12;297;24;34;258;21.01;31;12;2.3;0;2;0;111;9.04;12;5;12;1;7;105,530;8,596;12,310;4,067;12;0;0;28;8;6;14;9;0.73;2;0;0;90;7.33;13;12:05;00:59;01:39;286;23;36;1,835;0.17;280;0;0;0;5,327;2,157;20;1.62;4;0;0;0;2 hours;33:35;26,495;1,829;0;0;0;40%;53%;53%
hiijle;2704;0;0;2;4%;28;9;3;0;32,494;9,990.08;8,408;2,314;41;12.6;73;22;23;60;18.44;24;8;1.46;0;0;0;20;6.14;10;2;3;0;2;23,677;7,279;5,669;2,232;8;0;0;7;3;2;3;1;0.3;1;0;0;23;7.07;14;02:40;00:49;00:58;74;23;26;758;0.26;247;0;0;0;2,364;631;2;0.61;2;0;0;0;47 minutes;05:58;7,825;1,308;0;0;0;26%;23%;48%
hourai127;2224;0;0;93;5%;2,153;29;13;0.01;2,026,987;9,036.32;20,576;8,705;1,624;7.23;2,995;13;39;3,855;17.18;43;19;2.37;0;7;0;1,526;6.8;21;83;224;14;128;1,124,392;5,013;10,586;6,633;19;0;0;651;224;111;315;12;0.05;2;3;12;1,773;7.9;23;04:05:24;01:05;02:52;3,846;17;39;39,065;0.24;573;0;0;0;166,518;39,417;317;1.41;7;0;0;0;43 hours;08:21:09;387,685;1,816;0;0;49;23%;48%;56%
huumQc_;3843;0;0;1;4%;10;10;2;0.01;10,490;11,010.53;10,490;2,758;8;8.39;24;25;24;23;24.14;23;7;2.87;0;0;0;7;7.34;7;1;1;0;0;6,240;6,550;6,240;1,633;7;0;0;3;1;0;2;0;0;0;0;0;13;13.64;13;01:56;02:02;01:56;26;27;26;156;0.2;156;0;0;0;558;211;1;1.04;1;0;0;0;12 minutes;02:54;571;276;0;0;0;37%;0;0
Icecool121;0;0;0;8;4%;65;10;4;0.01;28;343.58;28;28;1;12.27;187;18;44;176;16.7;41;13;2.47;0;2;0;66;6.26;13;0;0;0;7;55,665;5,284;6,610;3,082;13;0;0;0;0;9;0;5;0.47;2;4;1;80;7.59;24;07:16;00:41;01:52;188;18;43;1,849;0.31;358;0;0;0;9;1;8;0.75;2;0;0;0;27.040541011840105 seconds;22:52;14,838;1,086;0;0;5;11%;39%;63%
IHateUddesd;0;0;0;6;5%;123;13;5;0;124,849;6,762.16;12,796;3,197;231;12.51;309;17;30;307;16.62;42;8;1.32;0;4;0;85;4.6;11;14;18;1;4;113,929;6,171;8,441;2,425;8;0;0;41;7;10;24;5;0.27;1;3;2;175;9.47;26;32:36;01:45;04:00;371;20;45;4,317;0.28;426;0;0;0;8,509;2,350;6;0.32;4;0;0;0;4 hours;47:29;38,081;1,658;0;0;1;27%;45%;22%
IKizzLE;3805;0;0;2;6%;57;14;7;0.01;44,920;9,656.02;10,393;3,926;40;8.59;83;18;21;67;14.4;15;8;1.67;0;1;0;25;5.37;5;2;5;0;3;31,858;6,848;5,763;2,758;8;0;0;10;2;2;6;0;0;0;0;0;28;6.01;9;03:27;00:44;01:03;80;17;22;458;0.12;138;0;0;0;3,040;886;5;1.07;3;0;0;0;1 hour;02:53;4,635;1,231;0;0;0;29%;41%;56%
iMightyElephant;3519;0;0;5;6%;132;21;6;0.01;101,740;9,642.91;13,339;5,464;125;11.84;219;21;33;211;19.99;37;16;1.68;0;1;0;63;5.97;11;5;11;0;5;84,073;7,968;12,293;3,382;16;0;0;23;6;4;14;0;0;0;0;0;121;11.46;23;19:58;01:53;03:40;249;24;43;1,522;0.16;418;0;0;0;6,671;1,969;6;0.56;1;0;0;0;2 hours;23:01;29,085;1,848;0;0;0;29%;35%;48%
ImperfectXD;3419;0;0;5;5%;49;10;4;0;48,013;5,322.7;7,461;1,956;98;10.86;248;27;43;130;14.41;20;7;1.32;0;0;0;34;3.76;8;5;9;0;4;67,902;7,528;10,848;4,070;7;0;0;16;3;7;6;0;0;0;3;1;89;9.86;14;22:34;02:30;03:35;165;18;26;1,459;0.2;464;0;0;0;3,664;899;2;0.22;1;0;0;0;1 hour;15:21;23,289;3,404;0;0;0;24%;26%;43%
Inny21;3251;0;0;3;6%;65;14;8;0.01;50,274;8,013.38;13,870;3,450;48;7.65;144;23;45;107;17.05;41;8;2.22;0;0;0;47;7.49;16;3;6;0;3;50,120;7,989;12,390;3,247;8;0;0;12;4;5;4;0;0;0;0;0;46;7.33;16;05:20;00:51;01:33;101;16;44;1,714;0.36;507;0;0;0;3,085;980;11;1.75;3;0;0;0;1 hour;18:40;14,626;1,237;0;0;0;31%;37%;50%
IRaTuSz;4631;0;0;2;4%;19;6;4;0.01;20,101;8,093.34;5,445;2,387;17;6.84;62;25;18;52;20.93;16;9;3.05;0;0;0;19;7.65;5;1;2;0;1;15,257;6,143;6,226;2,420;9;0;0;5;2;1;3;2;0.8;2;0;0;18;7.24;7;02:23;00:57;01:00;55;22;20;338;0.19;196;0;0;0;1,291;403;3;1.2;1;0;0;0;28 minutes;04:40;4,031;761;0;0;0;31%;35%;58%
itsDiety;3957;0;0;0;8%;9;6;4;0.02;5,834;7,071.15;2,500;2,165;5;6.06;19;23;11;16;19.39;8;7;3.2;0;0;0;7;8.48;4;0;1;0;1;2,821;3,419;1,889;999;7;0;0;2;0;0;1;0;0;0;0;0;4;4.84;3;00:05;00:07;00:05;16;19;9;17;0.03;17;0;0;0;295;104;1;1.21;1;0;0;0;7 minutes;01:16;562;470;0;0;0;35%;47%;72%
itsGenji;4057;0;0;0;5%;23;10;4;0.01;20,798;14,333.49;10,024;3,572;15;10.33;16;11;7;33;22.74;16;5;2.2;0;0;0;15;10.33;8;0;1;0;1;9,908;6,828;5,307;1,553;5;0;0;5;4;0;1;1;0.68;1;0;0;21;14.47;11;01:05;00:44;00:39;26;18;15;0;0;0;0;0;0;1,093;395;1;0.68;1;0;0;0;21 minutes;01:39;3,682;1,108;0;0;0;36%;40%;71%
Jack_of_Spades13;3322;0;0;1;6%;16;9;3;0.01;13,300;7,919.69;7,851;2,457;13;7.74;28;17;13;33;19.65;17;6;2.53;0;0;0;13;7.74;8;1;2;0;1;14,323;8,529;7,163;3,633;6;0;0;2;0;1;2;1;0.59;1;0;0;16;9.52;12;00:44;00:26;00:23;39;23;19;112;0.08;58;0;0;0;911;255;2;1.19;2;0;0;0;22 minutes;03:47;5,017;1,318;0;0;0;27%;0;67%
Jamie_Choi;3635;0;0;1;4%;5;5;4;0.01;4,924;12,018.75;4,924;4,626;1;2.44;17;41;17;4;9.76;4;2;4;0;0;0;0;0;0;0;0;0;0;4,090;9,983;4,090;2,940;2;0;0;1;0;0;1;0;0;0;0;0;1;2.44;1;00:13;00:33;00:13;12;29;12;0;0;0;0;0;0;307;108;0;0;0;0;0;0;4 minutes;00:04;1,263;812;0;0;0;35%;35%;100%
JaredFogle420;2553;0;0;1;3%;4;4;2;0;5,655;12,007.67;5,655;1,976;5;10.61;22;47;22;17;36.09;17;6;3.4;0;0;0;5;10.61;5;0;0;0;0;5,248;11,144;5,248;1,421;6;0;0;1;0;0;0;0;0;0;0;0;5;10.61;5;00:05;00:12;00:05;16;34;16;202;0.41;202;0;0;0;302;113;1;2.12;1;0;0;0;8 minutes;00:21;2,001;958;0;0;0;37%;0;100%
JDG-191;3064;0;0;0;5%;11;7;2;0;11,156;8,400.11;7,624;2,250;12;9.03;37;28;25;26;19.57;16;4;2.16;0;0;0;10;7.53;5;0;1;1;1;11,730;8,833;9,659;2,137;4;0;0;2;1;0;1;1;0.75;1;0;0;11;8.28;8;00:53;00:40;00:48;27;20;19;121;0.1;121;0;0;0;735;215;3;2.25;2;0;0;0;19 minutes;00:38;3,794;984;0;0;0;29%;45%;42%
JDiego2199;2304;0;0;10;5%;127;14;7;0.01;117,128;8,251.35;13,383;5,857;122;8.59;298;21;43;284;20;45;14;2.32;0;1;0;109;7.67;20;6;14;0;8;109,989;7,748;16,038;4,446;14;0;0;30;11;7;12;0;0;0;3;1;154;10.84;32;18:42;01:19;03:06;289;20;51;2,604;0.22;330;0;0;0;8,342;2,339;14;0.98;2;0;0;0;3 hours;47:01;31,702;2,152;0;0;1;28%;38%;57%
JOKERFIRST15;4311;0;0;1;4%;20;18;5;0.01;20,977;14,104.67;15,730;3,066;12;8.06;33;22;28;36;24.2;32;15;3;0;1;0;12;8.06;12;0;1;1;0;16,466;11,071;14,264;3,247;15;0;0;4;2;1;0;2;1.34;2;0;0;15;10.08;13;00:49;00:32;00:42;36;24;31;435;0.34;300;0;0;0;931;405;0;0;0;0;0;0;20 minutes;08:42;6,866;1,247;0;0;0;43%;41%;0
JonXSly;2840;0;0;7;4%;74;18;4;0.01;76,899;9,795.69;17,845;3,081;81;10.31;205;26;46;145;18.47;29;10;1.79;0;0;0;45;5.73;11;3;8;0;4;59,482;7,577;11,619;3,007;10;0;0;18;4;4;10;0;0;0;0;0;79;10.06;21;09:05;01:09;02:51;158;20;30;1,205;0.21;358;0;0;0;4,977;1,523;2;0.25;1;0;0;0;1 hour;22:56;20,595;1,786;0;0;0;30%;39%;50%
kashibe01;0;0;0;0;2%;1;1;1;0;1,925;4,208.49;1,925;825;6;13.11;1;2;1;1;2.18;1;1;0.16;0;0;0;1;2.18;1;0;0;0;0;1,593;3,481;1,593;766;1;0;0;1;0;1;0;0;0;0;0;0;0;0;0;00:01;00:04;00:01;1;2;1;107;0.38;107;0;0;0;95;43;0;0;0;0;0;0;4 minutes;0;321;321;0;0;0;45%;0;0
katsuya3;2206;0;0;0;6%;28;17;6;0.01;22,448;8,332.75;9,251;2,686;34;12.62;35;13;17;46;17.07;29;7;1.35;0;0;0;16;5.93;12;2;3;0;1;14,724;5,466;7,457;2,228;7;0;0;8;5;0;3;0;0;0;0;0;20;7.42;14;01:39;00:36;01:09;40;15;22;794;0.4;504;0;0;0;1,157;429;3;1.11;3;0;0;0;32 minutes;07:15;3,987;640;0;0;0;37%;52%;20%
Kiba_Zack;3172;0;0;2;6%;43;17;5;0.01;968;21,847.65;968;968;34;9.05;69;18;33;69;18.38;34;10;2.02;0;0;0;32;8.52;18;0;0;1;1;21,310;5,678;6,825;2,492;10;0;0;0;0;1;0;1;0.26;1;0;0;22;5.86;10;00:02;00:47;00:02;70;19;39;562;0.21;273;0;0;0;54;31;6;1.59;3;0;0;0;36.65743598155677 seconds;06:41;8,120;1,071;0;0;0;57%;34%;33%
Kiki-Xillia;2757;0;0;2;6%;68;18;6;0.01;52,864;10,324.79;10,965;2,539;59;11.52;87;17;22;76;14.84;18;7;1.28;0;1;0;28;5.46;10;4;5;1;1;28,732;5,612;8,335;2,286;7;0;0;9;3;1;4;0;0;0;3;1;43;8.39;12;06:24;01:15;01:28;76;15;17;594;0.14;291;0;0;0;3,268;1,013;2;0.39;1;0;0;0;1 hour;07:50;7,803;962;0;0;0;30%;40%;15%
Killing_EdgeIV;0;0;0;0;9%;5;5;3;0.01;2,512;7,321.97;2,512;1,321;1;2.91;10;29;10;7;20.4;7;5;7;0;0;0;5;14.57;5;0;0;0;0;4,977;14,506;4,977;3,429;5;0;0;2;0;1;0;0;0;0;0;0;1;2.91;1;00:02;00:06;00:02;3;9;3;187;0.73;187;0;0;0;174;55;1;2.91;1;0;0;0;4 minutes;01:55;1,891;1,162;0;0;0;31%;31%;100%
King_Kine;2079;0;0;1;3%;7;7;2;0;8,645;9,923.95;8,645;2,243;10;11.47;18;21;18;14;16.07;14;5;1.4;0;0;0;0;0;0;1;1;0;0;7,312;8,394;7,312;1,775;5;0;0;2;1;0;1;0;0;0;0;0;6;6.88;6;00:46;00:52;00:46;11;13;11;177;0.21;177;0;0;0;672;179;0;0;0;0;0;0;13 minutes;01:00;3,499;794;0;0;0;26%;26%;0
kk10295;3509;0;0;4;4%;80;14;6;0.01;90,831;10,882.95;18,741;4,747;62;7.42;241;29;43;166;19.88;29;13;2.67;0;1;0;68;8.14;14;2;8;0;6;104,866;12,565;17,683;5,325;13;0;0;13;4;3;6;1;0.11;1;4;3;90;10.78;19;13:06;01:34;02:42;145;17;32;1,654;0.23;270;0;0;0;4,942;1,935;7;0.83;2;0;0;0;1 hour;22:36;32,357;2,084;0;0;0;39%;47%;72%
koh_1655;2387;0;0;3;3%;51;8;8;0.01;71,760;11,567.63;12,965;8,318;33;5.31;143;23;27;112;18.05;21;10;3.39;0;1;0;34;5.48;7;3;6;0;3;50,147;8,084;11,483;4,848;10;0;0;13;4;1;8;0;0;0;3;1;61;9.83;11;02:57;00:28;00:46;128;21;25;469;0.09;252;0;0;0;3,434;1,472;2;0.32;1;0;0;0;1 hour;08:54;11,180;1,043;0;0;0;42%;57%;53%
kon5-TDRoki;2084;0;0;10;6%;181;22;10;0.01;147,901;8,718.28;13,500;5,616;117;6.89;340;20;35;249;14.67;25;10;2.12;0;0;0;90;5.3;9;5;17;0;11;141,134;8,319;14,465;5,542;10;0;0;31;8;8;15;0;0;0;3;1;115;6.77;13;11:07;00:39;01:29;303;18;34;4,072;0.31;557;0;0;0;10,194;2,965;16;0.94;2;0;0;0;3 hours;31:20;37,991;1,554;0;0;0;29%;42%;66%
koutyatya;3647;0;0;1;3%;13;12;4;0.01;17,010;13,366.46;14,818;3,154;14;11;28;22;28;21;16.5;21;7;1.5;0;0;0;7;5.5;7;1;1;0;0;16,087;12,641;15,533;3,422;7;0;0;2;0;1;1;0;0;0;0;0;13;10.21;13;01:55;01:31;01:55;31;24;31;357;0.31;357;0;0;0;926;360;1;0.78;1;0;0;0;18 minutes;09:01;6,763;1,509;0;0;0;38%;68%;0
kris1974;4164;0;0;145;8%;2,546;41;27;0.02;1,555,793;9,733.25;21,650;8,456;968;6.05;4,331;27;60;3,995;24.99;56;22;4.12;0;17;1;1,432;8.95;25;24;0;4;0;1,119,973;7,007;17,853;6,799;22;0;0;0;0;64;0;59;0.36;3;5;29;1,436;8.98;24;02:38:57;00:59;03:19;4,096;26;51;30,607;0.26;749;0;0;0;103,814;29,207;227;1.42;9;1;0;0;2.27771900780499 seconds;12:13:56;358,406;2,978;0;0;15;28%;46%;100%
kurosaki158;1924;0;0;1;6%;32;12;4;0.01;26,193;9,657.34;9,701;3,199;34;12.53;57;21;21;47;17.32;20;9;1.38;0;1;0;18;6.63;8;2;3;0;1;24,167;8,910;7,814;3,066;9;0;0;6;1;2;2;1;0.36;1;0;0;26;9.58;13;03:03;01:07;01:13;41;15;17;598;0.23;172;0;0;0;1,704;505;3;1.1;2;0;0;0;41 minutes;05:41;6,750;1,333;0;0;0;29%;36%;20%
L1TTL3msAW3S0M3;2393;0;0;0;5%;9;6;3;0.01;7,981;5,977.2;5,237;1,710;10;7.48;14;10;11;18;13.48;11;5;1.8;0;0;0;7;5.24;5;1;1;0;1;5,077;3,802;3,692;1,531;5;0;0;6;1;2;2;0;0;0;0;0;2;1.49;1;00:07;00:05;00:05;15;11;11;186;0.25;135;0;0;0;525;154;4;2.99;4;0;0;0;12 minutes;00:22;1,015;511;0;0;0;29%;0;42%
lakejacher;0;0;0;1;1%;1;1;1;0;1,136;3,066.2;1,136;570;2;5.39;1;3;1;2;5.39;2;2;1;0;0;0;1;2.69;1;0;0;0;1;1,626;4,388;1,626;1,203;2;0;0;2;1;1;0;0;0;0;0;0;10;7.95;8;01:11;00:56;01:03;20;16;16;436;3.19;436;0;0;0;166;68;2;1.59;2;0;0;0;2 minutes;03:32;1,729;945;0;0;2;40%;40%;49%
Langartija;3035;0;0;8;5%;174;17;10;0.01;169,124;8,546.18;14,587;4,019;166;8.38;377;19;30;377;19.05;30;14;2.27;0;1;0;128;6.46;13;8;20;2;9;120,855;6,107;10,310;5,189;14;0;0;46;17;7;22;0;0;0;3;2;196;9.9;19;18:56;00:57;02:18;369;19;30;3,609;0.25;334;0;0;0;9,447;3,363;15;0.75;3;0;0;0;3 hours;44:28;47,254;3,184;0;0;1;35%;57%;46%
LEATONER;2534;0;0;7;5%;115;13;5;0.01;115,189;9,334.15;12,988;2,735;163;13.2;272;22;32;243;19.69;25;11;1.49;0;2;0;80;6.48;10;5;12;0;8;73,254;5,936;7,812;3,064;11;0;0;32;15;7;10;0;0;0;0;0;133;10.77;20;17:04;01:23;02:07;296;24;34;2,574;0.24;364;0;0;0;7,449;2,253;12;0.97;2;0;0;0;2 hours;29:08;17,567;1,053;0;0;3;30%;46%;63%
Lege-donZ;2329;0;0;0;3%;5;5;2;0;6,304;6,304.37;6,304;1,250;14;13.99;25;25;25;15;14.99;15;5;1.07;0;0;0;3;2.99;3;1;1;0;0;11,524;11,524;11,524;2,036;5;0;0;2;0;0;2;0;0;0;0;0;10;9.99;10;02:46;02:46;02:46;22;22;22;503;0.52;503;0;0;0;558;135;1;0.99;1;0;0;0;15 minutes;01:48;2,606;828;0;0;0;24%;24%;0
LieutenantOrange;2720;0;0;1;13%;6;6;3;0;2,434;3,104.65;2,301;1,445;6;7.65;28;36;26;5;6.37;5;4;0.83;0;0;0;2;2.55;2;1;1;0;0;9,237;11,783;8,318;4,837;4;0;0;1;0;1;1;0;0;0;0;0;3;3.82;3;02:11;02:47;02:00;15;19;13;276;0.41;276;0;0;0;145;45;1;1.27;1;0;0;0;11 minutes;03:19;2,755;772;0;0;0;31%;31%;0
Linkinito;3090;0;0;5;5%;62;11;4;0.01;64,255;8,350.53;14,594;6,270;81;10.52;151;20;28;127;16.5;24;11;1.56;0;0;0;38;4.93;9;4;8;1;3;50,040;6,503;9,414;3,543;11;0;0;24;8;10;7;2;0.25;2;0;0;74;9.61;20;13:22;01:44;03:56;153;20;30;1,202;0.2;273;0;0;0;4,815;1,217;4;0.51;2;0;0;0;1 hour;17:08;12,818;1,622;0;0;0;25%;30%;38%
LoggingOut;3612;0;0;1;7%;71;19;9;0.02;48,799;13,081.79;16,393;3,723;34;9.11;107;29;33;81;21.71;22;9;2.38;0;1;0;29;7.77;8;2;4;0;1;36,603;9,812;9,076;3,045;9;0;0;8;2;2;4;0;0;0;3;1;33;8.84;11;03:53;01:02;01:37;100;27;33;1,102;0.32;443;0;0;0;2,498;966;4;1.07;2;0;0;0;56 minutes;08:51;11,029;2,172;0;0;0;38%;60%;35%
LostkumaTH;3386;0;0;3;6%;40;12;3;0.01;35,524;8,500.53;9,968;2,671;30;7.17;69;17;23;76;18.18;23;10;2.53;0;0;0;31;7.41;10;1;4;1;3;26,546;6,352;7,480;2,813;10;0;0;8;3;0;6;4;0.95;2;0;0;38;9.09;16;03:21;00:48;01:12;76;18;22;762;0.28;215;0;0;0;2,215;664;5;1.19;1;0;0;0;44 minutes;06:42;7,767;1,025;0;0;0;29%;39%;62%
l-Twisted_Fate-l;4013;0;0;4;5%;49;22;4;0.01;49,765;9,404.97;13,710;3,853;49;9.26;138;26;43;146;27.59;44;13;2.97;0;0;0;46;8.69;14;4;5;0;2;46,061;8,705;13,277;2,723;13;0;0;14;4;3;7;1;0.18;1;3;1;59;11.15;21;06:09;01:09;02:11;152;29;45;883;0.18;335;0;0;0;2,963;965;7;1.32;2;0;0;0;1 hour;23:18;13,970;2,037;0;0;0;32%;41%;33%
lucis204;2216;0;0;0;3%;8;8;4;0.01;10,549;15,021.48;8,552;4,026;4;5.69;29;41;25;21;29.9;15;7;5.25;0;0;0;6;8.54;3;0;1;0;1;10,731;15,281;8,407;3,075;7;0;0;2;0;0;2;0;0;0;0;0;13;18.51;7;00:43;01:01;00:32;20;28;15;343;0.46;318;0;0;0;790;213;0;0;0;0;0;0;12 minutes;00:51;4,093;2,219;0;0;0;26%;28%;95%
LuckyC723;3859;0;0;0;3%;5;5;2;0.01;6,866;11,996.56;6,866;3,560;3;5.24;22;38;22;14;24.45;14;6;4.66;0;0;0;5;8.73;5;0;1;0;1;5,455;9,531;5,455;2,816;6;0;0;2;1;0;1;0;0;0;3;1;9;15.72;9;00:23;00:40;00:23;17;30;17;142;0.28;142;0;0;0;312;139;0;0;0;0;0;0;8 minutes;02:46;1,492;1,005;0;0;0;44%;44%;100%
M5roosh_ksa;3563;0;0;144;6%;1,928;31;10;0.01;1,604,025;8,485.54;19,913;8,013;1,711;9.05;4,969;26;51;4,191;22.17;50;18;2.44;0;24;1;1,527;8.07;18;64;189;8;117;1,424,828;7,538;14,101;7,504;18;0;0;437;128;102;207;67;0.35;3;4;10;1,934;10.23;29;04:21:26;01:22;04:49;4,737;25;51;31,434;0.2;595;0;0;0;119,038;30,287;206;1.08;5;0;0;0;42 hours;12:38:43;476,811;2,669;0;0;18;25%;39%;62%
makorin_is_a_Pen;2868;0;0;0;4%;11;6;6;0.01;12,039;15,479.59;6,191;6,191;3;3.85;22;28;16;20;25.71;18;18;6.66;0;0;0;4;5.14;3;0;1;0;1;8,776;11,283;4,174;3,712;18;0;0;2;1;0;1;0;0;0;3;1;12;15.42;11;01:42;02:11;01:37;16;21;12;82;0.13;55;0;0;0;715;255;1;1.28;1;0;0;0;10 minutes;03:39;2,197;1,282;0;0;0;35%;38%;100%
MALLOW-SURF;2028;0;0;12;6%;258;21;11;0.02;60;2,245.88;60;60;1;37.19;327;17;39;372;19.26;41;13;3.12;0;0;0;146;7.55;16;0;0;1;9;104,840;5,428;8,405;3,357;13;0;0;0;13;0;27;0;0;0;0;0;164;8.49;20;16:48;00:52;01:45;365;19;37;3,337;0.25;339;0;0;0;7;1;40;2.07;7;0;0;0;29.238164969719946 seconds;01:04:51;25,906;1,379;0;0;7;14%;38%;48%
maoaru;2006;0;0;6;5%;73;15;6;0.01;68,991;8,115.63;13,428;3,263;62;7.29;241;28;37;132;15.52;25;9;2.12;0;2;0;50;5.88;11;3;9;2;4;82,425;9,696;13,234;3,094;9;0;0;11;3;1;8;1;0.11;1;0;0;56;6.58;11;08:56;01:03;01:25;154;18;29;896;0.12;327;0;0;0;4,599;1,396;6;0.7;3;0;0;0;1 hour;14:53;11,235;1,077;0;0;1;30%;38%;47%
Marlporo0707;4292;0;0;1;8%;50;24;9;0.02;29,203;13,916.4;13,653;3,442;21;10;45;21;23;51;24.3;26;5;2.42;0;0;0;22;10.48;15;0;2;0;2;17,023;8,112;8,937;1,811;5;0;0;5;1;3;2;0;0;0;0;0;18;8.57;7;03:27;01:38;01:25;46;22;25;394;0.23;283;0;0;0;1,432;581;4;1.9;4;0;0;0;28 minutes;08:41;6,019;877;0;0;0;40%;47%;100%
matheus_pegasus;2747;0;0;4;11%;75;26;15;0.02;37,234;6,721.98;8,516;3,893;42;7.58;88;16;28;101;18.23;26;13;2.4;0;0;0;54;9.74;14;0;0;0;4;27,927;5,042;5,889;2,083;13;0;0;0;0;8;0;0;0;0;0;0;51;9.2;17;09:05;01:38;02:26;97;18;28;1,588;0.46;565;0;0;0;3;681;21;3.79;6;0;0;0;13.195562983863056 seconds;18:19;8,041;1,566;0;0;0;32%;32%;66%
matukyo;4050;0;0;3;4%;57;17;8;0.01;65,815;12,529.65;12,612;3,482;44;8.37;114;22;32;79;15.03;26;6;1.79;0;2;0;24;4.56;10;3;5;0;3;54,397;10,356;11,887;2,933;6;0;0;7;1;2;4;0;0;0;0;0;30;5.71;14;03:35;00:40;01:04;97;18;26;440;0.09;233;0;0;0;4,086;1,376;2;0.38;1;0;0;0;1 hour;05:56;16,710;1,746;0;0;0;33%;45%;51%
Meepert;4553;0;0;1;4%;12;5;3;0;13,336;7,925.07;5,353;3,508;13;7.72;51;30;33;28;16.63;16;5;2.15;0;0;0;6;3.56;4;0;2;0;2;11,256;6,689;6,182;2,105;5;0;0;2;0;0;2;0;0;0;0;0;7;4.15;4;00:46;00:27;00:34;37;22;24;2;0;2;0;0;0;681;280;1;0.59;1;0;0;0;22 minutes;05:32;1,058;758;0;0;0;41%;36%;100%
Megaan_57;3178;0;0;0;6%;39;11;4;0.01;30,400;10,098.82;6,598;2,775;39;12.95;47;16;8;48;15.94;9;5;1.23;0;1;0;18;5.97;4;2;3;0;1;26,392;8,767;5,900;1,848;5;0;0;6;2;1;4;1;0.33;1;0;0;14;4.65;5;01:43;00:34;00:34;47;16;10;134;0.05;85;0;0;0;1,442;599;1;0.33;1;0;0;0;43 minutes;00:31;5,855;1,276;0;0;1;41%;55%;24%
mellomelody;2286;0;0;1;12%;11;11;6;0.01;4,671;8,415.56;3,925;2,963;8;14.41;22;40;20;13;23.42;12;9;1.62;0;0;0;4;7.2;4;0;0;0;0;3,430;6,180;3,138;1,729;9;0;0;0;0;0;0;0;0;0;0;0;12;21.62;12;00:19;00:34;00:13;10;18;8;141;0.25;141;0;0;0;338;89;0;0;0;0;0;0;2.2431160174310207 seconds;01:52;225;141;0;0;0;26%;25%;0
MEOW987;2679;0;0;1;3%;52;7;4;0;66,510;9,857.66;8,764;4,349;69;10.22;159;24;38;126;18.67;21;8;1.82;0;0;0;43;6.37;6;3;7;1;3;39,760;5,893;6,358;2,373;8;0;0;16;5;3;8;0;0;0;0;0;72;10.67;15;10:26;01:32;01:56;149;22;32;1,722;0.32;530;0;0;0;3,931;1,356;8;1.18;2;0;0;0;1 hour;19:25;10,769;1,413;0;0;0;34%;43%;44%
Merdrash;2964;0;0;0;1%;1;1;1;0;2,961;8,998.83;2,243;828;7;21.27;4;12;2;5;15.19;4;2;0.71;0;0;0;1;3.03;1;0;0;0;0;1,388;4,218;1,289;527;2;0;0;0;0;0;0;0;0;0;0;0;1;3.03;1;00:12;00:36;00:12;1;3;1;0;0;0;0;0;0;217;59;0;0;0;0;0;0;5 minutes;0;323;323;0;0;0;27%;16%;0
mightyMonkey565;3190;0;0;0;2%;2;2;1;0;4,036;8,707.24;4,036;1,465;4;8.62;14;30;14;12;25.88;12;6;3;0;0;0;1;2.15;1;0;0;0;0;2,161;4,661;2,161;805;6;0;0;1;0;0;0;0;0;0;0;0;7;15.1;7;00:38;01:23;00:38;10;22;10;0;0;0;0;0;0;452;81;0;0;0;0;0;0;7 minutes;00:40;66;66;0;0;0;17%;17%;0
MIKEYDYCE;3723;0;0;40;7%;1,040;51;13;0.01;686,639;10,371.01;23,405;5,171;644;9.72;1,752;26;54;1,521;22.97;46;13;2.36;0;10;1;616;9.3;25;21;66;3;42;562,058;8,489;18,349;4,356;13;0;0;155;53;29;72;12;0.18;3;3;5;693;10.46;26;01:38:40;01:29;04:15;1,537;23;44;14,142;0.24;755;0;0;0;43,445;13,204;99;1.49;5;0;0;0;16 hours;03:51:42;149,244;2,224;0;0;6;30%;50%;63%
Miz_One;1361;0;0;1;7%;12;9;5;0.01;8,549;8,248.97;5,361;1,475;12;11.57;41;40;29;23;22.19;16;6;1.91;0;0;0;5;4.82;2;0;1;0;1;9,606;9,268;6,949;3,108;6;0;0;2;1;0;1;0;0;0;0;0;15;14.47;11;02:27;02:22;01:41;34;33;24;136;0.13;98;0;0;0;730;169;1;0.96;1;0;0;0;16 minutes;05:40;2,993;864;0;0;0;23%;23%;96%
Mlbjester7;3573;0;0;1;8%;23;8;5;0.01;14,023;5,547.34;5,521;2,189;25;9.89;52;21;17;32;12.65;12;4;1.28;0;0;0;10;3.95;4;1;3;0;1;17,165;6,790;4,626;2,116;4;0;0;4;2;0;1;0;0;0;0;0;16;6.32;7;02:33;01:00;00:56;47;19;24;130;0.06;129;0;0;0;1,125;268;1;0.39;1;0;0;0;31 minutes;00:54;3,810;1,270;0;0;0;23%;23%;45%
Moraamaan;2812;0;0;1;12%;26;16;8;0.03;10,963;7,786.76;6,199;5,224;5;3.55;25;18;14;20;14.2;11;9;4;0;0;0;5;3.55;3;0;1;0;1;8,455;6,005;4,886;3,276;9;0;0;2;0;1;1;0;0;0;0;0;4;2.84;2;00:51;00:36;00:39;19;13;10;245;0.32;191;0;0;0;764;215;1;0.71;1;0;0;0;12 minutes;04:29;3,084;1,183;0;0;0;28%;34%;100%
Morgenarc;3323;0;0;21;6%;442;28;13;0.01;387,303;9,868.51;17,081;7,406;276;7.03;888;23;46;753;19.18;38;17;2.72;0;3;0;278;7.08;18;18;39;1;20;293,402;7,476;11,478;7,320;17;0;0;97;35;26;36;0;0;0;3;1;316;8.05;22;38:13;00:58;02:51;844;22;41;8,000;0.27;537;0;0;0;24,709;7,257;43;1.09;4;0;0;0;8 hours;01:51:42;96,480;1,984;0;0;11;29%;51%;50%
Mr_O_Blood_type_;4031;0;0;4;4%;69;13;5;0;81,816;8,481.48;12,614;4,021;59;6.11;226;23;44;110;11.4;23;12;1.86;0;1;0;23;2.38;5;4;10;1;5;111,772;11,587;18,934;6,177;12;0;0;18;2;6;10;1;0.1;1;4;2;55;5.7;14;09:22;00:58;02:03;194;20;38;621;0.07;200;0;0;0;6,644;1,687;0;0;0;0;0;0;2 hours;07:31;29,006;2,106;0;0;0;25%;30%;47%
Mr_savage_75;3001;0;0;3;5%;78;11;8;0.01;71,557;8,114.92;12,619;6,273;59;6.69;154;17;24;137;15.53;27;12;2.32;0;2;0;46;5.21;10;2;9;1;6;57,041;6,469;10,100;4,479;12;0;0;14;6;4;5;4;0.45;2;0;0;60;6.8;15;07:24;00:50;01:11;132;15;31;796;0.14;217;0;0;0;4,935;1,405;10;1.13;2;0;0;0;1 hour;13:18;20,092;1,439;0;0;0;28%;37%;71%
MrBlueyes;0;0;0;0;8%;16;16;4;0.01;10,028;13,634.06;10,028;2,194;11;14.95;13;18;13;20;27.19;20;5;1.81;0;0;0;7;9.51;7;1;1;0;0;6,349;8,632;6,349;1,190;5;0;0;4;1;1;2;0;0;0;0;0;8;10.87;8;02:08;02:54;02:08;18;24;18;120;0.14;120;0;0;0;495;190;2;2.71;2;0;0;0;13 minutes;00:20;2,451;622;0;0;1;38%;0;0
MRstyles4u;3416;0;0;8;6%;160;24;8;0.01;121,446;8,532.49;14,401;3,986;127;8.92;325;23;35;224;15.73;27;13;1.76;0;0;0;74;5.19;10;7;14;0;7;128,079;8,999;15,782;7,467;13;0;0;24;5;5;13;3;0.21;1;0;0;99;6.95;18;15:51;01:06;02:53;296;21;32;1,724;0.15;300;0;0;0;12,036;2,319;10;0.7;3;0;0;0;3 hours;20:43;33,641;2,799;0;0;2;19%;29%;51%
nagano-1;0;0;0;0;8%;37;14;5;0.01;24,917;11,486.26;9,383;3,436;17;7.83;44;20;21;58;26.73;28;9;3.41;0;0;0;27;12.44;15;1;2;0;1;15,980;7,367;5,272;3,290;9;0;0;6;2;2;1;0;0;0;0;0;28;12.9;17;04:09;01:55;02:32;59;27;26;423;0.22;125;0;0;0;1,605;445;2;0.92;2;0;0;0;31 minutes;08:43;3,904;634;0;0;1;27%;27%;57%
Nakles-Archon;4141;0;0;13;7%;240;23;15;0.01;171,774;8,796.91;19,222;6,895;109;5.58;432;22;31;441;22.58;36;17;4.04;0;2;0;171;8.75;19;3;20;0;17;115,138;5,896;10,324;2,905;17;0;0;47;15;8;24;13;0.66;3;3;2;115;5.88;12;13:53;00:42;01:28;373;19;32;2,089;0.16;328;0;0;0;9,173;3,322;34;1.74;4;0;0;0;3 hours;53:50;32,149;2,679;0;0;5;36%;49%;85%
nari_is_1582;2853;0;0;2;4%;58;13;5;0.01;60,822;9,867.74;14,818;3,694;53;8.59;152;25;46;103;16.71;32;14;1.94;0;1;0;20;3.24;6;0;0;1;3;51,214;8,309;11,891;4,160;14;0;0;0;2;1;0;2;0.32;1;0;0;55;8.92;23;08:39;01:24;02:28;130;21;35;914;0.17;348;0;0;0;3,299;1,191;3;0.48;1;0;0;0;1.9986479971557856 seconds;10:12;12,885;2,064;0;0;0;36%;41%;48%
Neiyao;2970;0;0;0;4%;10;6;5;0.01;10,149;8,500.15;4,327;1,668;11;9.21;12;10;7;12;10.05;7;3;1.09;0;0;0;2;1.67;1;1;1;0;0;7,805;6,537;4,436;1,986;3;0;0;1;0;1;1;0;0;0;0;0;4;3.35;2;01:48;01:31;00:56;10;8;7;137;0.17;120;0;0;0;614;209;1;0.83;1;0;0;0;13 minutes;0;2,080;983;0;0;0;34%;0;5%
nekomaru_mi-san;1156;0;0;0;5%;37;23;4;0.01;32,176;8,811.15;12,951;2,283;41;11.22;61;17;29;59;16.15;19;8;1.43;0;3;0;20;5.47;9;2;4;0;2;18,851;5,162;9,389;1,396;8;0;0;5;3;0;2;0;0;0;0;0;28;7.66;10;02:11;00:35;00:44;39;11;15;447;0.14;263;0;0;0;2,451;643;0;0;0;0;0;0;51 minutes;02:49;3,818;1,273;0;0;0;26%;29%;45%
Nemesis3456;2751;0;0;2;4%;43;23;9;0.01;44,555;11,433.07;18,675;4,524;32;8.21;60;15;28;93;23.86;38;11;2.9;0;0;0;53;13.6;20;2;4;0;2;22,003;5,646;10,242;4,461;11;0;0;18;2;8;7;3;0.76;1;0;0;41;10.52;16;04:21;01:07;01:27;80;21;29;953;0.36;727;0;0;0;2,329;906;15;3.84;6;0;0;0;43 minutes;17:23;6,302;883;0;0;8;38%;43%;55%
NickalaiHomebrew;3224;0;0;1;5%;7;5;2;0;5,888;4,036.1;3,847;829;1;8.85;27;19;26;11;7.53;10;4;0.61;0;0;0;2;1.37;2;0;0;0;1;136;1,206.08;136;136;4;0;0;2;1;0;1;0;0;0;0;0;7;4.79;7;00:03;00:32;00:03;18;12;17;136;4.33;136;0;0;0;624;118;0;0;0;0;0;0;31.39178198389709 seconds;00:34;4,485;1,043;0;0;0;18%;18%;93%
nicot2010;2579;0;0;1;11%;11;11;6;0.02;4,883;11,426.39;4,883;3,308;1;2.34;23;54;23;18;42.12;18;11;18;0;0;0;5;11.7;5;0;0;0;0;3,627;8,487;3,627;2,105;11;0;0;1;0;0;0;0;0;0;0;0;13;30.42;13;01:44;04:03;01:44;25;59;25;38;0.1;38;0;0;0;307;94;0;0;0;0;0;0;6 minutes;05:20;436;299;0;0;0;30%;30%;100%
nigeypo;2578;0;0;4;7%;76;22;6;0.01;54,378;9,586.34;16,354;4,517;48;8.46;123;22;36;114;20.09;30;9;2.37;0;1;0;34;5.99;11;2;6;0;4;41,591;7,332;9,344;4,090;9;0;0;9;2;1;6;4;0.7;2;0;0;50;8.81;15;04:43;00:49;01:18;104;18;28;736;0.16;197;0;0;0;3,806;1,056;10;1.76;3;0;0;0;1 hour;18:43;15,871;1,062;0;0;1;27%;39%;70%
NINJALEX323;4049;0;0;0;5%;3;3;2;0.01;2,920;6,221.73;2,920;1,909;3;6.39;10;21;10;5;10.65;5;2;1.66;0;0;0;1;2.13;1;0;0;0;0;1,690;3,600;1,690;833;2;0;0;1;0;1;0;0;0;0;0;0;3;6.39;3;00:17;00:37;00:17;8;17;8;4;0.01;4;0;0;0;189;59;0;0;0;0;0;0;4 minutes;0;269;269;0;0;0;31%;31%;100%
NoirEt_B;3147;0;0;2;6%;74;12;5;0.01;59,878;8,886.72;8,613;3,270;69;10.24;159;24;28;143;21.22;24;11;2.07;0;1;0;49;7.27;13;3;7;0;4;57,134;8,479;9,506;4,709;11;0;0;19;5;5;9;1;0.14;1;0;0;54;8.01;12;05:07;00:45;00:57;165;24;32;844;0.14;185;0;0;0;3,936;1,160;5;0.74;2;0;0;0;1 hour;17:27;15,489;1,427;0;0;0;29%;32%;59%
nyanyamui_401;2781;0;0;0;8%;13;11;5;0.01;7,123;9,321.84;5,252;1,383;13;17.01;17;22;16;15;19.62;13;5;1.15;0;1;0;3;3.92;2;1;1;0;0;7,392;9,673;6,431;1,704;5;0;0;2;0;1;1;1;1.3;1;0;0;9;11.77;7;01:19;01:44;01:04;14;18;12;191;0.23;191;0;0;0;633;147;0;0;0;0;0;0;13 minutes;04:40;2,290;850;0;0;0;23%;29%;0
ohEvasive;3385;0;0;20;7%;438;21;11;0.01;315,245;7,465.14;17,496;5,473;267;6.32;725;17;36;852;20.17;36;17;3.19;0;6;0;312;7.38;13;2;42;0;40;187,165;4,432;10,372;4,701;17;0;0;109;40;12;57;1;0.02;1;4;3;353;8.35;18;49:56;01:10;02:08;872;21;37;6,379;0.24;463;0;0;0;20,527;5,977;50;1.18;4;0;0;0;7 hours;01:58:14;69,143;3,458;0;0;0;29%;43%;94%
OttovonKillmark;0;0;0;1;3%;5;5;2;0;6,642;6,642.2;6,642;1,593;6;6;19;19;19;31;31;31;7;5.16;0;0;0;10;10;10;0;1;0;1;4,062;4,062;4,062;1,119;7;0;0;3;1;0;2;0;0;0;3;1;20;20;20;01:06;01:06;01:06;25;25;25;176;0.29;176;0;0;0;432;133;2;2;2;0;0;0;9 minutes;04:18;2,078;932;0;0;0;30%;30%;100%
picoforver;2647;0;0;0;3%;3;2;2;0;4,438;6,015.44;2,283;1,826;9;12.19;12;16;8;5;6.77;3;3;0.55;0;0;0;3;4.06;1;0;0;0;0;6,588;8,930;4,229;3,668;3;0;0;0;0;1;0;0;0;0;0;0;3;4.06;2;00:51;01:10;00:34;6;8;4;160;0.27;150;0;0;0;276;93;1;1.35;1;0;0;0;3.2898109955713153 seconds;00:40;1,580;1,079;0;0;0;33%;0;34%
Potaetum;0;0;0;2;6%;1;1;1;0;273;1,523.26;273;89;6;33.47;39;21;30;1;5.57;1;1;0.16;0;0;0;3;1.64;2;0;0;0;0;1,335;7,447;1,335;448;1;0;0;0;0;0;0;0;0;0;0;0;7;3.84;6;00:18;01:44;00:18;26;14;23;215;1.13;215;0;0;0;175;15;0;0;0;0;0;0;3 minutes;00:01;5,748;1,344;0;0;0;8%;29%;0
praktommy;3870;0;0;0;7%;4;3;2;0;3,128;4,747.46;1,505;828;6;9.1;13;20;9;8;12.14;6;3;1.33;0;0;0;2;3.03;1;0;1;0;0;5,886;8,934;3,290;2,238;3;0;0;1;0;0;1;0;0;0;0;0;4;6.07;3;00:23;00:35;00:15;9;14;7;39;0.07;39;0;0;0;359;56;0;0;0;0;0;0;9 minutes;0;909;685;0;0;0;15%;15%;34%
Prey1nMantis;2494;0;0;30;8%;485;32;18;0.01;312,929;8,166.59;19,645;9,063;127;3.31;618;16;41;913;23.82;57;22;7.18;0;1;0;486;12.68;29;13;38;2;24;234,900;6,130;2,108;4,765;22;0;0;136;32;58;46;0;0;0;0;0;413;10.77;41;34:00;00:53;04:29;798;21;50;8,950;0.33;500;0;0;0;19,018;6,025;123;3.2;11;0;0;0;7 hours;02:39:15;81,316;1,466;0;0;22;31%;46%;62%
PrimeVengeance;0;0;0;0;0;0;0;0;0;938;6,292.62;938;483;2;13.41;2;13;2;1;6.7;1;1;0.5;0;0;0;0;0;0;0;0;0;0;1,644;11,028;1,644;1,105;1;0;0;1;0;0;0;0;0;0;0;0;0;0;0;00:07;00:48;00:07;3;20;3;158;1.02;158;0;0;0;105;20;0;0;0;0;0;0;2 minutes;0;415;415;0;0;0;19%;0;0
Prince_Fatman;2466;0;0;2;11%;29;12;8;0.02;14,106;8,216.1;4,752;1,771;22;12.81;26;15;14;19;11.06;7;5;0.86;0;0;0;8;4.65;3;1;2;0;1;10,454;6,089;3,342;1,949;5;0;0;5;1;2;2;0;0;0;0;0;6;3.49;3;00:59;00:34;00:26;20;12;7;715;0.6;298;0;0;0;742;247;0;0;0;0;0;0;19 minutes;02:21;4,091;1,612;0;0;1;33%;0;36%
QueenoftheAndals;2486;0;0;2;5%;35;11;10;0.01;31,398;8,407.96;9,628;5,500;16;4.28;65;17;24;51;13.65;15;11;3.18;0;0;0;19;5.08;8;2;4;0;2;23,935;6,410;9,746;4,872;11;0;0;9;0;8;2;1;0.26;1;0;0;24;6.42;9;04:35;01:13;01:59;60;16;23;522;0.22;179;0;0;0;1,605;608;1;0.26;1;0;0;0;38 minutes;10:13;5,584;1,512;0;0;0;37%;58%;50%
raeinthesnow;0;0;0;4;6%;43;15;7;0.01;30,714;9,090.49;9,880;3,011;22;6.51;75;22;29;84;24.86;30;10;3.81;0;0;0;31;9.17;11;1;3;0;2;23,635;6,995;9,258;3,004;10;0;0;12;4;6;2;0;0;0;0;0;64;18.94;22;06:58;02:03;02:41;107;32;41;1,070;0.44;389;0;0;0;2,480;617;3;0.88;2;0;0;0;40 minutes;19:43;7,095;675;0;0;0;24%;31%;70%
rencpee;2745;0;0;273;7%;4,306;28;10;0.01;3,212,245;7,107;22,546;4,928;4,066;8.99;9,512;21;53;8,644;19.12;44;20;2.12;0;44;1;3,773;8.34;24;186;452;32;234;3,429,494;7,588;8,053;7,363;20;0;0;975;289;316;370;109;0.24;2;4;31;4,042;8.94;27;07:09:46;00:57;03:41;8,041;18;43;85,983;0.24;654;0;0;0;183,990;60,544;780;1.72;8;2;0;0;96 hours;23:03:04;996,427;2,993;0;0;127;32%;100%;51%
resener12;3026;0;0;0;12%;23;23;4;0.02;10,521;10,520.57;10,521;2,078;11;11;24;24;24;27;27;27;10;2.45;0;0;0;13;13;13;0;1;0;1;5,530;5,530;5,530;1,602;10;0;0;1;0;0;1;0;0;0;0;0;17;17;17;02:21;02:21;02:21;24;24;24;7;0;7;0;0;0;652;191;2;2;2;0;0;0;15 minutes;02:05;1,718;1,027;0;0;0;29%;29%;100%
Rhinoblue123RED;2145;0;0;7;5%;132;21;8;0.01;129,838;11,026.27;15,264;6,179;94;7.98;236;20;29;250;21.23;35;14;2.65;0;1;0;77;6.53;9;2;12;3;7;71,736;6,092;7,446;2,310;14;0;0;32;14;2;16;2;0.16;1;3;1;123;10.44;26;15:58;01:21;02:21;296;25;41;2,569;0.26;368;0;0;0;10,049;2,361;19;1.61;4;0;0;0;2 hours;34:07;23,150;1,263;0;0;3;23%;40%;57%
rm-rf_slash;2681;0;0;1;6%;19;11;3;0.01;15,291;8,626.69;10,313;3,226;10;5.64;28;16;23;31;17.48;21;7;3.1;0;1;0;9;5.07;6;1;2;0;1;10,420;5,879;6,825;1,972;7;0;0;6;0;3;3;0;0;0;3;1;19;10.71;12;01:11;00:40;00:41;26;15;19;486;0.43;290;0;0;0;816;301;1;0.56;1;0;0;0;18 minutes;03:37;3,853;1,360;0;0;0;36%;23%;56%
Ronald_Toh95;2637;0;0;1;5%;17;13;3;0.01;14,396;10,065.48;8,782;2,531;14;9.78;33;23;17;30;20.97;18;7;2.14;0;0;0;11;7.69;8;1;1;0;1;11,254;7,869;7,365;2,538;7;0;0;3;1;0;1;0;0;0;0;0;11;7.69;7;02:02;01:25;01:15;35;24;23;317;0.27;236;0;0;0;824;291;0;0;0;0;0;0;19 minutes;03:56;4,176;1,161;0;0;0;35%;40%;54%
ruinknives;2867;0;0;1;7%;70;31;9;0.02;45,907;14,616.83;17,620;4,400;19;6.04;77;25;36;63;20.05;21;11;3.31;0;0;0;24;7.64;9;1;3;0;3;32,682;10,406;14,870;4,473;11;0;0;4;1;0;3;0;0;0;3;1;26;8.27;10;03:00;00:57;02:38;62;20;19;540;0.18;376;0;0;0;1,956;882;3;0.95;1;0;0;0;48 minutes;04:29;9,611;1,135;0;0;0;45%;0;100%
Rundle0509;3763;0;0;5;10%;40;10;7;0.01;20,057;4,551.24;6,042;2,186;24;5.44;102;23;28;83;18.83;21;11;3.45;0;0;0;38;8.62;13;0;4;0;4;18,868;4,282;6,570;2,154;11;0;0;12;1;2;9;2;0.45;1;0;0;22;4.99;8;03:16;00:44;01:14;85;19;25;912;0.37;344;0;0;0;1,178;370;13;2.94;5;0;0;0;40 minutes;17:04;4,577;1,118;0;0;0;31%;44%;100%
ryu-eight;3402;0;0;0;4%;21;15;4;0.01;21,835;14,726.92;12,982;2,948;21;14.16;21;14;16;28;18.88;20;6;1.33;0;0;0;9;6.07;5;1;1;0;0;17,439;11,762;8,915;3,423;6;0;0;4;1;0;3;0;0;0;0;0;8;5.39;7;00:56;00:37;00:45;34;23;22;177;0.12;109;0;0;0;1,220;450;2;1.34;2;0;0;0;23 minutes;04:47;6,236;1,703;0;0;0;36%;38%;0
samurainu;1885;0;0;11;4%;109;13;6;0;117,593;7,537.63;15,077;6,100;97;6.21;303;19;35;205;13.14;24;16;2.11;0;4;0;68;4.35;9;0;0;0;9;91,871;5,889;8,329;3,478;16;0;0;33;7;5;22;0;0;0;0;0;99;6.34;19;14:11;00:54;02:22;269;17;32;2,102;0.18;347;0;0;0;48;2,346;7;0.44;2;0;0;0;39.571200978942215 seconds;20:10;18,745;1,717;0;0;3;29%;45%;56%
sbkkzy;3813;0;0;2;4%;125;23;7;0.01;120,499;11,230.56;20,564;5,260;83;7.73;243;23;53;196;18.26;43;11;2.36;0;1;0;62;5.77;10;0;0;0;8;94,063;8,767;15,229;7,007;11;0;0;0;5;0;0;4;0.37;1;3;1;91;8.48;19;18:13;01:41;03:50;216;20;33;1,109;0.12;234;0;0;0;7,359;2,510;6;0.55;2;0;0;0;3.0847309911623597 seconds;19:55;34,283;2,263;0;0;1;34%;40%;70%
ScaredLilTaco;3412;0;0;1;6%;14;14;10;0.03;10,272;14,117.33;10,272;3,537;3;4.12;17;23;17;18;24.73;18;8;6;0;0;0;5;6.87;5;0;1;0;1;5,064;6,959;5,064;1,924;8;0;0;3;0;1;2;0;0;0;0;0;9;12.36;9;00:33;00:46;00:33;13;18;13;324;0.69;324;0;0;0;435;201;1;1.37;1;0;0;0;7 minutes;01:42;2,089;801;0;0;5;46%;46%;100%
Shadowfox55;2799;0;0;13;7%;264;20;7;0.01;174,358;8,228.21;14,680;6,190;167;7.88;540;25;38;413;19.49;29;13;2.47;0;4;0;148;6.98;14;10;21;1;11;185,202;8,740;12,309;6,429;13;0;0;39;14;6;19;0;0;0;3;1;202;9.53;20;19:37;00:55;01:49;480;23;38;3,253;0.18;379;0;0;0;13,409;3,363;19;0.89;3;0;0;0;4 hours;54:22;55,497;2,372;0;0;1;25%;39%;51%
shadowstrixx;2873;0;0;213;6%;3,655;30;15;0.01;2,795,459;8,768.17;20,858;8,752;2,514;7.88;7,227;23;48;6,041;18.94;43;19;2.4;0;15;0;2,137;6.7;18;125;319;19;174;2,361,584;7,407;15,074;6,744;19;0;0;769;244;217;308;4;0.01;1;4;22;2,650;8.31;23;05:15:12;00:59;03:18;6,970;22;49;63,688;0.26;786;0;0;0;195,830;53,131;342;1.07;4;2;0;0;66 hours;20:09:54;615,796;3,409;0;0;55;27%;48%;54%
Shimada_Bros;3031;0;0;2;6%;19;9;4;0.01;15,507;7,755.34;7,026;2,092;22;11;31;16;15;45;22.5;25;7;2.04;0;0;0;21;10.5;13;0;2;0;2;15,587;7,795;8,244;2,873;7;0;0;7;5;1;2;0;0;0;0;0;21;10.5;14;01:24;00:42;00:50;40;20;17;561;0.32;346;0;0;0;1,154;292;4;2;2;0;0;0;28 minutes;06:40;6,825;1,057;0;0;0;25%;38%;84%
sloohy99;2897;0;0;0;6%;29;11;3;0.01;23,615;9,076.67;7,033;2,523;25;9.6;45;17;15;53;20.37;17;10;2.12;0;0;0;22;8.45;10;3;3;0;0;14,157;5,441;4,227;2,094;10;0;0;8;3;3;2;0;0;0;0;0;18;6.91;5;02:41;01:02;01:44;46;18;16;236;0.1;162;0;0;0;1,438;424;4;1.53;3;0;0;0;36 minutes;07:56;3,310;1,516;0;0;1;29%;29%;0
SNAKE714;3752;0;0;0;2%;1;1;1;0;1,909;7,556.6;1,909;1,909;0;0;1;4;1;0;0;0;0;0;0;0;0;0;0;0;0;0;0;0;1,614;6,389;1,614;1,614;0;0;0;0;0;0;0;0;0;0;0;0;0;0;0;0;0;0;0;0;0;0;0;0;0;0;0;93;40;0;0;0;0;0;0;2 minutes;0;554;554;0;0;0;43%;43%;0
snowhite1202;2303;0;0;6;7%;90;26;9;0.01;64,914;8,929.26;15,632;4,907;44;6.05;123;17;23;144;19.8;27;12;3.27;0;0;0;54;7.42;14;2;7;1;4;45,927;6,318;9,593;3,199;12;0;0;29;10;9;9;0;0;0;0;0;67;9.21;17;08:12;01:07;01:33;136;19;25;1,375;0.28;487;0;0;0;3,588;1,214;8;1.1;5;0;0;0;1 hour;22:45;15,503;1,290;0;0;0;33%;40%;58%
SpanishK;2586;0;0;4;7%;59;12;4;0.01;42,764;6,246.74;7,790;4,605;66;9.64;100;15;23;92;13.43;16;8;1.39;0;1;0;36;5.25;5;2;7;1;4;41,712;6,093;3,982;3,492;8;0;0;19;7;7;6;0;0;0;0;0;38;5.55;11;04:51;00:42;01:02;95;14;16;1,127;0.25;270;0;0;0;2,616;813;9;1.31;3;0;0;0;1 hour;08:47;15,412;1,716;0;0;2;31%;40%;55%
Spuggtaztic;0;0;0;1;3%;14;6;3;0;20,106;10,162.77;12,151;2,356;21;10.61;39;20;18;35;17.69;14;6;1.66;0;0;0;14;7.07;6;0;2;1;1;14,294;7,225;7,865;1,957;6;0;0;5;2;1;1;0;0;0;0;0;16;8.08;9;02:34;01:18;01:00;28;14;14;321;0.19;183;0;0;0;939;385;0;0;0;0;0;0;28 minutes;02:44;2,481;838;0;0;0;41%;0;35%
srilanne;2758;0;0;6;7%;74;18;9;0.01;49,967;7,062.84;8,202;5,985;40;5.65;120;17;26;131;18.51;28;11;3.27;0;0;0;51;7.2;13;1;7;0;6;39,648;5,604;6,867;3,631;11;0;0;25;8;9;7;5;0.7;2;0;0;55;7.77;12;06:10;00:52;02:18;139;20;28;1,365;0.33;404;0;0;0;3,231;976;14;1.97;4;0;0;0;1 hour;29:51;11,529;1,382;0;0;4;30%;33%;78%
stiouf3;3519;0;0;5;8%;144;28;8;0.01;86,750;10,899.79;14,643;5,383;121;15.2;199;25;44;198;24.87;46;12;1.63;0;2;0;83;10.42;19;5;8;0;2;65,792;8,266;12,831;3,163;12;0;0;18;8;2;8;2;0.25;1;3;1;75;9.42;20;10:46;01:21;02:04;182;23;42;3,197;0.41;672;0;0;0;5,083;1,621;21;2.63;6;0;0;0;2 hours;32:35;22,792;1,645;0;0;0;31%;45%;31%
STOP_iseGamin_tv;3158;0;0;13;5%;273;20;9;0.01;235,222;8,986.37;11,968;4,331;274;10.46;605;23;42;504;19.25;33;11;1.83;0;4;0;176;6.72;13;10;26;2;14;220,036;8,406;12,383;4,545;11;0;0;49;17;8;24;3;0.11;1;3;1;242;9.24;18;29:48;01:08;02:24;592;23;34;5,469;0.23;533;0;0;0;20,124;4,610;23;0.87;3;0;0;0;6 hours;59:36;60,445;1,469;0;0;2;22%;43%;54%
STRATO-ARCTICA;2431;0;0;1;4%;9;8;4;0;10,983;9,935.95;9,200;2,649;16;14.47;19;17;17;25;22.61;22;7;1.56;0;0;0;11;9.95;9;1;1;0;0;7,110;6,433;6,826;1,708;7;0;0;1;0;0;1;0;0;0;0;0;9;8.14;9;01:19;01:12;01:18;30;27;24;47;0.04;47;0;0;0;440;210;0;0;0;0;0;0;18 minutes;02:48;2,564;1,097;0;0;0;47%;63%;0
subzilllaa;3870;0;0;1;8%;36;14;6;0.01;22,048;10,265.06;8,242;2,754;31;14.43;41;19;25;41;19.08;19;10;1.32;0;1;0;14;6.51;7;1;2;0;1;17,480;8,138;8,785;1,980;10;0;0;3;1;1;2;0;0;0;0;0;12;5.58;6;01:21;00:38;00:55;22;10;10;742;0.37;369;0;0;0;1,279;440;5;2.32;2;0;0;0;33 minutes;01:13;7,260;1,564;0;0;0;34%;0;47%
swagboy1235;0;0;0;1;8%;4;4;4;0.01;2,306;3,415.77;2,306;2,306;0;0;6;9;6;11;16.29;11;11;0;0;0;0;6;8.88;6;0;1;0;1;4,880;7,228;4,880;4,880;11;0;0;3;1;1;0;1;1.48;1;0;0;9;13.33;9;00:11;00:17;00:11;5;7;5;203;0.82;203;0;0;0;237;50;1;1.48;1;0;0;0;4 minutes;01:27;1,510;864;0;0;0;21%;0;100%
SwiperThe1;4286;0;0;0;9%;8;8;4;0.01;4,354;10,909.86;4,354;2,216;6;15.03;5;13;5;12;30.06;12;8;2;0;0;0;6;15.03;6;0;0;0;0;2,901;7,268;2,901;1,677;8;0;0;2;0;1;0;0;0;0;3;1;7;17.54;7;00:17;00:44;00:17;6;15;6;171;0.42;171;0;0;0;337;84;0;0;0;0;0;0;6 minutes;01:31;1,280;883;0;0;0;24%;0;0
T4nh3ngz;3824;0;0;32;4%;336;23;18;0.01;343,287;9,284.42;18,186;11,325;201;5.43;867;23;35;738;19.95;37;17;3.67;0;4;0;226;6.11;16;8;37;1;28;243,296;6,580;11,022;6,779;17;0;0;80;27;14;39;5;0.13;2;5;4;271;7.32;14;28:26;00:46;01:41;822;22;37;4,218;0.17;339;0;0;0;21,259;6,852;34;0.91;4;0;0;0;--;01:24:27;57,737;1,483;0;0;3;32%;45%;77%
ThatOneSnooron;3621;0;0;3;4%;43;11;4;0.01;52,248;7,579.09;10,720;2,855;52;7.54;117;17;24;119;17.26;22;10;2.28;0;0;0;43;6.23;10;3;0;0;0;31,671;4,594;5,992;2,458;10;0;0;0;0;4;0;0;0;0;0;0;63;9.13;15;12:06;01:45;03:31;121;18;25;310;0.07;92;0;0;0;3,348;1,061;4;0.58;2;0;0;0;2.5317409951239824 seconds;15:02;8,006;1,157;0;0;0;31%;34%;100%
The_Bob_tw;3073;0;0;13;8%;278;23;13;0.01;179,803;9,474.12;13,716;5,333;215;11.32;393;21;27;467;24.6;33;16;2.17;0;6;0;208;10.95;17;6;19;2;12;140,918;7,425;8,466;4,051;16;0;0;56;14;20;22;4;0.21;1;0;0;261;13.75;22;37:47;01:59;04:02;468;25;39;4,633;0.29;565;0;0;0;10,010;3,397;32;1.68;6;0;0;0;4 hours;01:08:26;48,178;2,246;0;0;2;33%;50%;60%
TheBritishMoo;2638;0;0;1;9%;36;20;6;0.02;20,580;8,431.1;10,857;3,018;16;6.55;57;23;39;60;24.57;34;7;3.75;0;0;0;30;12.28;17;1;2;0;2;12,220;5,006;6,784;2,051;7;0;0;7;2;2;3;1;0.4;1;0;0;32;13.1;21;02:40;01:05;02:06;75;31;49;138;0.07;138;0;0;0;1,538;381;6;2.45;3;0;0;0;29 minutes;08:06;2,453;661;0;0;0;24%;23%;73%
TheeObamanation;2868;0;0;1;14%;13;13;4;0.01;5,060;5,059.98;5,060;1,240;16;16;18;18;18;12;12;12;3;0.75;0;0;0;4;4;4;1;1;0;0;6,540;6,540;6,540;1,377;3;0;0;3;0;1;2;0;0;0;0;0;10;10;10;01:32;01:32;01:32;22;22;22;178;0.21;178;0;0;0;600;92;1;1;1;0;0;0;13 minutes;04:18;2,422;991;0;0;0;15%;15%;0
theNichibro;2408;0;0;1;4%;13;13;5;0.01;12,963;12,962.53;12,963;4,828;5;5;24;24;24;26;26;26;8;5.2;0;0;0;16;16;16;1;1;0;1;7,823;7,823;7,823;2,411;8;0;0;4;3;0;1;0;0;0;0;0;9;9;9;01:40;01:40;01:40;19;19;19;31;0.03;31;0;0;0;657;261;6;6;6;0;0;0;13 minutes;03:10;1,440;1,122;0;0;5;39%;39%;100%
timohilde86;3478;0;0;17;4%;235;18;7;0.01;282,948;9,132.43;19,564;5,118;202;6.51;707;23;36;655;21.14;35;14;3.24;0;1;0;212;6.84;11;4;31;1;26;199,135;6,427;11,155;4,960;14;0;0;69;21;14;35;4;0.12;1;3;3;292;9.42;20;36:46;01:11;02:45;713;23;38;4,401;0.2;483;0;0;0;14,943;5,685;31;1;3;0;0;0;6 hours;02:02:28;66,591;3,003;0;0;0;38%;69%;83%
tinysparkles;3406;0;0;4;4%;56;15;5;0.01;59,308;10,437.93;10,812;3,989;43;7.56;146;26;39;109;19.18;29;14;2.53;0;1;0;41;7.21;9;1;6;0;4;40,252;7,084;6,753;3,654;14;0;0;8;3;1;4;1;0.17;1;0;0;42;7.39;10;06:51;01:12;02:33;127;22;28;1,297;0.31;306;0;0;0;2,802;1,178;4;0.7;1;0;0;0;1 hour;10:22;11,741;1,069;0;0;0;42%;46%;68%
tomidaiki;2827;0;0;5;6%;63;19;6;0.01;46,504;8,848.36;14,705;3,775;54;10.27;114;22;26;95;18.07;25;6;1.75;0;1;0;30;5.7;9;4;5;0;1;47,389;9,017;10,033;2,955;6;0;0;9;0;2;7;0;0;0;0;0;37;7.04;11;07:23;01:24;01:54;92;18;23;1,249;0.25;325;0;0;0;3,050;909;6;1.14;1;0;0;0;1 hour;18:53;18,017;1,767;0;0;0;29%;39%;18%
towearacrown;3520;0;0;1;5%;9;9;3;0.01;8,348;17,502.52;8,348;3,160;3;6.28;19;40;19;15;31.44;15;9;5;0;0;0;1;2.09;1;0;0;0;0;8,677;18,192;8,677;2,645;9;0;0;1;0;0;0;0;0;0;0;0;13;27.25;13;00:13;00:28;00:13;12;25;12;35;0.07;35;0;0;0;514;167;1;2.09;1;0;0;0;8 minutes;01:50;2,907;2,612;0;0;0;32%;0;100%
treeboting;2628;0;0;8;4%;56;14;5;0;58,653;6,783.65;9,136;3,090;86;9.94;208;24;42;147;17;27;10;1.7;0;0;0;55;6.36;10;2;9;0;6;66,474;7,688;11,154;4,716;10;0;0;22;5;11;6;0;0;0;0;0;80;9.25;14;11:37;01:20;02:19;161;19;25;2,058;0.32;583;0;0;0;4,781;1,184;7;0.8;3;0;0;0;1 hour;40:12;20,108;1,196;0;0;8;24%;32%;73%
Ultimate-X23;0;0;0;1;6%;66;12;8;0.01;54,492;8,488.27;14,432;2,700;82;12.77;96;15;24;93;14.48;24;8;1.13;0;4;0;37;5.76;8;6;6;0;0;31,911;4,971;7,489;2,643;8;0;0;15;4;2;8;0;0;0;3;1;57;8.87;21;09:06;01:25;03:03;83;13;24;1,037;0.19;305;0;0;0;3,020;1,077;9;1.4;3;0;0;0;1 hour;09:02;10,025;1,360;0;0;1;35%;40%;7%
unwoven;3155;0;0;1;1%;1;1;1;0;1,042;4,938.79;1,042;786;2;9.47;26;40;26;14;21.74;14;6;2;0;0;0;5;7.76;5;0;0;0;0;1,118;5,301;1,118;619;6;0;0;0;0;0;1;0;0;0;0;0;4;6.21;4;00:01;00:08;00:01;21;33;21;144;1.32;144;0;0;0;142;66;2;3.1;2;0;0;0;1 minute;00:17;1,549;853;0;0;0;46%;46%;0
VayneHelsing;2898;0;0;0;1%;1;1;1;0;2,854;8,282.92;2,854;1,369;6;17.41;7;20;7;7;20.31;7;3;1.16;0;0;0;2;5.8;2;0;0;0;0;3,769;10,937;3,769;1,426;3;0;0;1;0;0;0;0;0;0;0;0;0;0;0;00:12;00:36;00:12;4;12;4;126;0.37;126;0;0;0;205;59;1;2.9;1;0;0;0;5 minutes;0;1,516;1,073;0;0;0;28%;28%;0
vichda;3193;0;0;0;9%;8;4;3;0.01;4,311;4,795.89;1,725;1,040;13;14.46;2;2;2;4;4.44;3;2;0.3;0;0;0;1;1.11;1;1;1;0;0;2,057;2,289;1,526;594;2;0;0;3;1;1;1;0;0;0;0;0;2;2.22;2;00:29;00:32;00:29;5;6;4;96;0.16;96;0;0;0;343;81;0;0;0;0;0;0;9 minutes;00:20;594;594;0;0;0;23%;27%;0
Vince-F95Gunners;3369;0;0;4;5%;97;12;7;0.01;92,260;10,168.53;12,507;4,126;83;9.14;237;26;44;172;18.95;33;8;2.07;0;4;0;49;5.4;7;4;9;1;4;66,247;7,301;8,212;3,655;8;0;0;24;6;6;12;0;0;0;3;1;63;6.94;13;09:47;01:04;01:22;186;21;31;784;0.11;234;0;0;0;4,523;1,850;6;0.66;2;0;0;0;1 hour;21:26;15,982;2,035;0;0;0;40%;61%;47%
Vintagesole;2785;0;0;0;5%;7;3;3;0;6,487;3,975.19;2,580;1,833;4;2.45;29;18;16;26;15.93;14;9;6.5;0;0;0;7;4.28;3;1;2;0;1;9,324;5,713;4,349;2,176;9;0;0;3;1;1;2;0;0;0;0;0;13;7.96;8;02:43;01:40;01:15;27;17;12;161;0.18;153;0;0;0;522;125;3;1.83;2;0;0;0;14 minutes;03:19;1,957;517;0;0;0;23%;26%;54%
VoSnYb;3961;0;0;1;6%;31;16;7;0.01;25,052;9,250.57;10,372;4,026;20;7.38;37;14;15;55;20.3;22;7;2.75;0;1;0;16;5.9;7;0;3;0;3;19,659;7,259;9,449;3,550;7;0;0;5;0;1;3;1;0.36;1;3;1;20;7.38;10;01:30;00:33;00:56;45;17;20;504;0.28;301;0;0;0;1,327;500;2;0.73;2;0;0;0;29 minutes;05:25;8,222;1,916;0;0;0;37%;51%;95%
vReveelz;3589;0;0;1;6%;2;2;2;0;1,825;1,824.83;1,825;941;0;0;12;12;12;9;9;9;5;0;0;0;0;3;3;3;0;1;0;1;2,485;2,485;2,485;1,694;5;0;0;3;0;1;2;0;0;0;0;0;3;3;3;00:21;00:21;00:21;11;11;11;196;0.65;196;0;0;0;166;33;1;1;1;0;0;0;4 minutes;01:17;517;517;0;0;0;19%;19%;100%
Wan-0-War;4202;0;0;0;6%;9;9;4;0.01;7,353;18,344.97;6,596;1,499;7;17.46;14;35;14;14;34.93;14;5;2;0;0;0;3;7.48;3;0;0;0;0;5,284;13,183;4,834;1,411;5;0;0;1;0;0;0;0;0;0;0;0;3;7.48;3;00:34;01:25;00:33;15;37;15;5;0;5;0;0;0;397;150;1;2.49;1;0;0;0;9 minutes;00:56;1,580;576;0;0;0;37%;47%;0
wannchan_1208;3680;0;0;4;3%;52;9;5;0;72,892;8,092.93;11,981;5,330;43;4.77;196;22;33;152;16.87;27;13;3.53;0;1;0;59;6.55;10;3;9;0;6;53,983;5,994;6,639;4,705;13;0;0;17;5;0;13;2;0.22;1;3;1;60;6.66;9;05:37;00:37;01:15;146;16;31;1,599;0.27;314;0;0;0;4,387;1,537;8;0.88;3;0;0;0;1 hour;15:48;19,819;1,950;0;0;0;35%;41%;68%
whangno_4-bit;0;0;0;3;7%;73;17;10;0.01;48,878;6,109.73;7,099;2,923;57;7.12;145;18;35;162;20.25;29;11;2.84;0;1;0;47;5.87;10;1;8;0;7;73,502;9,188;14,043;3,984;11;0;0;10;0;3;7;0;0;0;3;1;102;12.75;20;11:50;01:28;02:16;92;12;22;1,534;0.25;430;0;0;0;3,475;947;5;0.62;3;0;0;0;1 hour;47:01;23,353;1,609;0;0;0;27%;36%;87%
WhiteRangerOwnz;2633;0;0;0;7%;35;7;5;0.01;24,608;6,576.94;5,456;1,998;43;11.49;51;14;14;47;12.56;14;6;1.09;0;0;0;14;3.74;5;2;4;0;2;21,384;5,715;4,465;1,943;6;0;0;7;3;0;4;0;0;0;0;0;24;6.41;9;06:12;01:39;02:14;62;17;15;395;0.13;163;0;0;0;2,143;473;1;0.26;1;0;0;0;48 minutes;03:01;7,954;1,410;0;0;0;22%;35%;42%
WhitevisionPS;1785;0;0;2;4%;22;8;7;0.01;23,441;8,170.89;9,048;2,610;21;7.32;62;22;29;70;24.4;28;8;3.33;0;0;0;31;10.8;8;1;3;1;1;20,983;7,314;8,535;2,621;8;0;0;9;2;3;3;0;0;0;0;0;44;15.33;17;02:41;00:56;00:56;58;20;29;859;0.41;283;0;0;0;1,523;446;12;4.18;4;0;0;0;34 minutes;10:56;8,491;1,166;0;0;2;29%;36%;46%
WhiteyBulger;2765;0;0;5;10%;100;25;15;0.02;48,046;7,755.35;12,295;3,647;58;9.36;103;17;26;138;22.27;40;13;2.37;0;3;0;74;11.94;23;4;6;0;2;47,995;7,747;12,380;3,720;13;0;0;20;6;10;5;1;0.16;1;0;0;51;8.23;15;07:42;01:14;02:48;85;14;27;1,662;0.34;684;0;0;0;2,681;944;24;3.87;7;0;0;0;1 hour;17:28;14,133;1,215;0;0;0;35%;50%;35%
WidestLowen;0;0;0;0;2%;4;3;3;0;6,724;11,232.03;3,970;2,760;8;13.36;13;22;10;10;16.7;7;4;1.25;0;0;0;4;6.68;4;0;1;0;0;5,417;9,048;2,730;2,376;4;0;0;1;0;0;0;1;1.67;1;0;0;2;3.34;1;00:13;00:23;00:11;10;17;6;0;0;0;0;0;0;340;136;0;0;0;0;0;0;8 minutes;00:20;2,313;1,293;0;0;0;40%;0;40%
wiktorjor2001;2881;0;0;3;7%;36;24;11;0.01;27,127;9,042.38;14,023;6,931;18;6;70;23;29;64;21.33;31;10;3.55;0;0;0;31;10.33;17;0;3;1;2;24,031;8,010;11,631;3,617;10;0;0;7;4;2;1;0;0;0;0;0;23;7.66;11;01:56;00:38;00:49;53;18;28;371;0.17;174;0;0;0;1,672;485;10;3.33;5;0;0;0;35 minutes;06:05;7,239;2,189;0;0;0;29%;36%;66%
Wonga1963;0;0;0;2;7%;29;12;4;0.01;20,766;7,764.26;11,050;2,781;20;7.47;62;23;37;56;20.93;26;10;2.8;0;0;0;26;9.72;10;0;3;0;3;18,780;7,022;10,070;3,236;10;0;0;5;0;0;5;0;0;0;0;0;25;9.34;13;04:07;01:32;02:13;67;25;31;274;0.13;255;0;0;0;1,035;397;4;1.49;2;0;0;0;34 minutes;12:37;6,085;1,172;0;0;0;38%;40%;100%
XCloud-4tlasX;2292;0;0;10;7%;203;26;7;0.01;141,555;10,277.28;14,337;3,449;180;13.06;279;20;31;259;18.8;29;12;1.43;0;0;0;107;7.76;14;5;14;1;8;106,791;7,753;10,565;5,025;12;0;0;38;13;13;13;0;0;0;0;0;126;9.14;13;19:31;01:25;02:20;233;17;26;4,438;0.38;612;0;0;0;9,030;2,812;18;1.3;3;0;0;0;3 hours;37:44;34,894;1,660;0;0;4;31%;43%;61%
XDaRkFlMeMaSteX;3033;0;0;1;6%;10;5;3;0;8,000;4,891.3;3,164;1,242;15;9.17;11;7;8;22;13.45;15;6;1.46;0;0;0;5;3.05;5;1;2;0;1;5,649;3,454;3,593;1,537;6;0;0;4;2;1;1;0;0;0;0;0;8;4.89;6;01:16;00:46;01:02;23;14;16;284;0.26;116;0;0;0;506;159;0;0;0;0;0;0;17 minutes;0;2,116;761;0;0;0;31%;41%;61%
Xecrets;3992;0;0;1;4%;27;20;6;0.02;27,439;19,655.89;20,328;9,809;11;7.87;33;24;21;34;24.35;22;17;3.09;0;0;0;20;14.32;15;1;1;1;0;17,894;12,818;11,980;8,049;17;0;0;4;1;2;1;0;0;0;0;0;10;7.16;6;00:50;00:35;00:41;31;22;17;425;0.31;213;0;0;0;1,240;557;3;2.14;3;0;0;0;22 minutes;06:23;6,197;1,418;0;0;0;44%;0;0
XenomorphKiller6;4432;0;0;0;5%;12;12;4;0.01;11,822;13,485.14;11,822;2,799;11;12.54;19;22;19;14;15.96;14;5;1.27;0;0;0;5;5.7;5;1;1;0;0;8,194;9,346;8,194;1,751;5;0;0;1;0;0;1;1;1.14;1;3;1;5;5.7;5;01:27;01:39;01:27;17;19;17;40;0.05;40;0;0;0;481;239;0;0;0;0;0;0;12 minutes;03:38;3,042;951;0;0;0;49%;0;0
xEvery_;3596;0;0;0;2%;2;2;1;0;3,903;10,419.35;2,521;1,382;5;13.34;1;3;1;2;5.33;2;2;0.4;0;0;0;0;0;0;0;0;0;0;1,966;5,249;1,834;1,026;2;0;0;2;0;1;1;0;0;0;0;0;1;2.66;1;00:06;00:17;00:06;2;5;2;0;0;0;0;0;0;162;82;0;0;0;0;0;0;3 minutes;0;735;735;0;0;0;50%;51%;0
xI_Ace_Ix;4158;0;0;23;4%;282;26;10;0.01;291,786;8,745.04;21,668;7,454;181;5.42;974;29;55;742;22.23;45;21;4.09;0;4;0;227;6.8;13;5;33;1;27;191,077;5,727;2,709;4,094;21;0;0;88;28;17;44;6;0.17;1;4;3;318;9.53;28;42:55;01:17;03:31;867;26;48;5,443;0.23;473;0;0;0;15,838;5,750;21;0.62;2;0;0;0;6 hours;02:13:47;55,451;1,648;0;0;2;36%;49%;81%
xShotwell;3676;0;0;1;16%;6;6;5;0.02;1,883;1,882.67;1,883;1,665;1;0.99;12;12;12;6;5.99;6;4;6;0;0;0;1;0.99;1;0;1;0;1;2,748;2,748;2,748;2,406;4;0;0;2;1;0;1;0;0;0;0;0;1;0.99;1;0;0;0;8;8;8;0;0;0;0;0;0;137;36;0;0;0;0;0;0;4 minutes;01:35;426;426;0;0;0;26%;26%;100%
XTheFunPolice;3609;0;0;1;9%;12;12;4;0.01;6,880;6,464.94;6,172;1,531;9;8.45;22;21;22;21;19.73;21;4;2.33;0;0;0;5;4.69;5;0;1;0;1;4,879;4,585;4,310;1,683;4;0;0;2;0;0;2;0;0;0;0;0;10;9.39;10;00:43;00:40;00:28;23;22;23;121;0.15;121;0;0;0;419;125;0;0;0;0;0;0;12 minutes;00:52;778;701;0;0;0;29%;28%;93%
xXWxTheLeader;2833;0;0;4;9%;99;24;10;0.02;55,162;11,434.55;15,499;3,570;43;8.91;127;26;39;144;29.84;44;12;3.34;0;1;0;60;12.43;18;1;5;0;4;35,911;7,444;10,962;2,436;12;0;0;17;6;4;7;3;0.62;1;0;0;66;13.68;22;05:22;01:06;01:29;123;25;33;1,803;0.45;438;0;0;0;3,337;1,008;15;3.1;5;0;0;0;1 hour;25:12;12,898;1,186;0;0;0;30%;32%;73%
YoungShimada;3380;0;0;1;8%;31;9;9;0.02;18,205;8,908.52;5,347;2,608;17;8.31;22;11;8;21;10.27;10;5;1.23;0;0;0;8;3.91;3;2;2;0;0;17,495;8,561;7,955;4,151;5;0;0;6;3;2;2;0;0;0;0;0;7;3.42;3;00:36;00:17;00:20;23;11;10;689;0.46;321;0;0;0;1,056;351;1;0.48;1;0;0;0;24 minutes;04:36;7,567;1,716;0;0;0;33%;52%;13%
YUKARI_NISAN;2471;0;0;1;6%;17;15;4;0.01;13,778;11,809.96;9,962;2,667;12;10.28;24;21;21;14;12;11;3;1.16;0;0;0;5;4.28;4;1;1;0;0;10,835;9,287;8,114;2,148;3;0;0;4;2;2;0;0;0;0;0;0;11;9.42;8;02:07;01:49;01:27;16;14;12;597;0.53;427;0;0;0;735;282;0;0;0;0;0;0;18 minutes;03:20;4,141;1,469;0;0;0;38%;41%;0
Zcity9;2900;0;0;1;6%;17;10;2;0.01;12,631;7,874.48;7,558;1,998;15;9.35;26;16;23;27;16.83;21;7;1.8;0;0;0;6;3.74;5;1;2;0;1;8,892;5,543;7,003;1,844;7;0;0;2;0;1;1;0;0;0;0;0;11;6.85;8;00:43;00:27;00:41;32;20;23;408;0.41;408;0;0;0;857;251;1;0.62;1;0;0;0;16 minutes;04:09;2,971;770;0;0;0;29%;31%;62%
Zealousx;3334;0;0;42;4%;452;18;9;0.01;474,311;8,760.11;17,816;7,442;393;7.25;1,389;26;47;1,193;22.03;43;14;3.03;0;4;0;367;6.77;20;6;54;1;47;337,671;6,236;11,758;4,346;14;0;0;148;35;34;79;12;0.22;1;4;7;612;11.3;25;01:34:11;01:44;04:43;1,335;25;41;8,113;0.2;456;0;0;0;29,653;9,085;38;0.7;4;0;0;0;11 hours;03:12:11;112,896;1,891;0;0;5;30%;46%;86%
ZeeTee_;4140;0;0;0;2%;8;4;2;0.01;14,173;10,684.73;8,549;2,590;10;7.53;16;12;9;17;12.81;9;6;1.7;0;0;0;5;3.76;4;1;1;0;1;4,833;3,644;2,533;1,209;6;0;0;3;1;0;1;0;0;0;0;0;3;2.26;3;00:25;00:19;00:24;17;13;9;1;0;1;0;0;0;654;293;1;0.75;1;0;0;0;12 minutes;00:29;457;383;0;0;0;44%;0;56%
zousan-_-;2335;0;0;0;3%;17;6;4;0;24,565;8,903.7;9,017;4,841;12;4.34;61;22;21;54;19.57;18;9;4.5;0;1;0;20;7.24;7;0;3;0;3;13,922;5,046;5,109;2,664;9;0;0;6;4;0;3;1;0.36;1;0;0;15;5.43;7;03:41;01:20;01:55;58;21;24;364;0.18;159;0;0;0;1,496;498;5;1.81;2;0;0;0;32 minutes;06:12;2,791;999;0;0;0;33%;32%;100%
