aahmad3_3;2909;3;4.26;2;0;8%;7;4;2;0.01;8,023;11,406;3,690;7,832;11,134.35;3,257;2,233;10;14.21;15;21.32;7;4;1.5;0;0;0;11;15.63;4;0;0;0;0;0;0;4;5.68;2;0;1;0;0;1,006;1,429.58;423;300;4;0;2;1;0;1;0;0;0;0;0;11;15.63;6;00:47;01:07;00:20;0;0;0;0;1,006;1.58;423;239;81;0;0;0;0;10 minutes;00:31;0;0;33%;0;48%
abra84kadabra;2388;97;2.67;6;2;5%;37;3;3;0;193,246;5,332;9,495;105,519;2,911.48;5,445;2,547;236;6.51;390;10.76;21;13;1.65;0;0;0;317;8.74;19;0;0;0;0;0;0;104;2.86;7;23;36;1;12;28,714;792.26;1,488;607;13;0;61;22;22;17;0;0;0;5;4;198;5.46;13;33:13;00:55;02:03;0;0;0;0;28,711;1.32;1,488;2,402;682;8;0.22;1;0;6 hours;10:23;3;0;28%;75%;33%
aisia121;4402;14;2.14;3;0;18%;41;10;6;0;17,952;2,748;4,936;28,231;4,322.18;6,419;1,889;40;6.12;82;12.55;17;7;2.04;0;0;0;58;8.87;14;0;0;0;0;2;0;44;6.73;10;4;7;0;3;4,629;708.76;949;537;7;0;12;6;1;4;0;0;0;0;0;27;4.13;5;02:54;00:26;00:58;0;0;0;0;4,629;1.11;949;627;219;23;3.52;8;0;1 hour;02:32;0;0;34%;75%;44%
Akodak;3000;5;3.07;3;0;34%;13;9;6;0.01;13,901;8,536;8,790;7,281;4,470.91;3,652;2,224;9;5.52;17;10.43;13;11;1.88;0;0;0;22;13.5;11;0;0;0;0;2;0;6;3.68;4;1;2;1;0;1,715;1,053.38;976;468;11;0;1;1;0;0;0;0;0;0;0;5;3.07;4;00:27;00:16;00:20;0;0;0;0;1,715;1.55;976;104;38;1;0.61;1;0;18 minutes;0;0;0;36%;46%;0
amako193;0;0;0;0;0;28%;2;2;1;0.01;715;2,144;715;884;2,651.07;884;529;1;2.99;0;0;0;0;0;0;0;0;1;2.99;1;0;0;0;0;0;0;0;0;0;0;0;0;0;166;498.65;166;150;0;0;1;0;0;0;0;0;0;0;0;0;0;0;00:10;00:30;00:10;0;0;0;0;166;1.26;166;46;7;0;0;0;0;2 minutes;0;0;0;15%;15%;0
angels_fan_44;0;9;8.05;7;0;10%;10;5;5;0.01;2,845;2,547;1,605;9,880;8,845.92;5,061;4,813;7;6.26;29;25.96;16;13;4.14;0;0;0;26;23.27;14;0;0;0;0;0;0;13;11.63;7;0;1;0;1;1,268;1,135.63;1,038;1,038;13;0;3;1;2;1;0;0;0;0;0;14;12.53;10;00:23;00:21;00:15;0;0;0;0;1,268;1.55;1,038;169;91;4;3.58;2;0;13 minutes;02:50;0;0;53%;0;74%
APurplePanduh;4466;6;4.03;3;1;9%;43;6;6;0.01;10,406;7,003;2,919;9,187;14,785.3;7,208;7,208;6;9.65;24;38.62;19;19;4;12;19;8;18;12.11;7;15;24;10;0;1;0;8;12.87;4;0;1;0;1;1,764;2,838.44;1,590;1,590;19;0;2;0;1;0;0;0;0;3;1;5;8.04;3;00:16;00:26;00:08;7;11;7;0;1,428;1.59;365;2,252;942;0;0;0;0;7 minutes;01:34;0;0;41%;43%;98%
Arash1994;3986;6;4.06;3;0;10%;13;5;4;0.01;6,132;4,158;5,369;11,929;8,088.71;5,971;3,693;7;4.74;31;21.02;12;11;4.42;0;0;0;12;8.13;4;0;0;0;0;0;0;13;8.81;5;0;1;0;1;1,112;753.95;612;263;11;0;3;2;1;1;0;0;0;0;0;8;5.42;4;00:51;00:34;00:39;0;0;0;0;1,112;1.28;612;311;129;1;0.67;1;0;14 minutes;00:56;0;0;41%;54%;73%
ATLXyphes;3256;16;5.67;6;0;7%;11;4;2;0;33,257;11,802;11,555;17,349;6,156.39;3,870;2,407;26;9.22;65;23.06;17;9;2.5;0;0;0;42;14.9;11;0;0;0;0;1;0;20;7.09;7;1;3;0;1;3,148;1,117.02;781;314;9;0;7;2;2;3;1;0.35;1;3;1;28;9.93;9;04:43;01:40;01:04;0;0;0;0;3,148;1.33;781;520;153;1;0.35;1;0;39 minutes;03:48;0;0;29%;50%;51%
AutoBots_Kick_A;2901;14;5.51;5;0;8%;176;4;3;0;12,901;5,084;5,858;19,830;6,259.16;5,931;3,234;17;5.36;57;17.99;23;8;3.35;34;11;13;28;11.03;9;48;15;17;0;2;0;28;8.83;12;1;3;0;1;3,453;1,090;935;677;8;0;6;4;0;2;0;0;0;0;0;16;5.05;10;01:45;00:33;00:48;13;4;5;0;2,420;1.23;648;6,717;2,394;5;1.57;3;0;37 minutes;01:16;0;0;35%;38%;38%
Awakenxx;2451;1;3.24;1;0;8%;3;3;1;0.01;1,085;3,522;1,085;2,863;9,296.38;2,863;1,270;4;12.98;4;12.98;4;3;1;0;0;0;5;16.23;5;0;0;0;0;0;0;2;6.49;2;0;0;0;0;170;551.49;170;87;3;0;1;1;0;0;0;0;0;0;0;2;6.49;2;00:14;00:48;00:14;0;0;0;0;170;0.77;170;71;36;0;0;0;0;3 minutes;0;0;0;50%;0;0
AWolfySalvation;2371;0;0;0;0;0;0;0;0;0;521;2,388;521;447;2,044.79;447;372;2;9.15;1;4.57;1;1;0.5;0;0;0;2;9.15;2;0;0;0;0;0;0;0;0;0;0;0;0;0;187;854.14;187;181;1;0;0;0;0;0;0;0;0;0;0;0;0;0;00:11;00:50;00:11;0;0;0;0;187;2.06;187;21;2;0;0;0;0;2.6339100087061524 seconds;0;0;0;9%;9%;0
BEBOFLOW-PR;3689;139;4.8;9;3;8%;249;14;7;0.01;218,049;7,544;17,889;292,507;10,119.76;17,208;5,582;295;10.2;626;21.65;43;14;2.12;0;0;0;382;13.21;24;0;0;0;0;3;0;190;6.57;14;10;29;1;18;31,913;1,104.08;1,668;524;14;0;52;30;4;18;3;0.1;1;4;6;270;9.34;17;38:21;01:19;02:09;0;0;0;0;31,913;1.32;1,668;8,065;2,981;22;0.76;3;0;6 hours;11:48;3;0;36%;61%;60%
BEN-B-en;0;75;6.25;8;0;7%;65;11;5;0;89,429;7,453;4,882;99,747;8,312.36;10,044;2,514;133;11.08;272;22.66;41;12;2.04;0;0;0;149;12.41;17;0;0;0;0;1;0;101;8.41;15;9;12;1;3;14,034;1,169.48;1,302;390;12;0;25;14;4;7;2;0.16;1;3;3;100;8.33;14;11:31;00:57;01:44;0;0;0;0;14,034;1.43;1,302;2,404;917;15;1.25;3;0;2 hours;13:21;0;0;38%;100%;22%
Benjini14;1783;7;5.64;4;0;5%;5;4;1;0;2,138;1,725;1,799;8,759;7,066.13;4,313;1,091;15;12.1;26;20.97;12;5;1.73;0;0;0;12;9.68;5;0;0;0;0;0;0;5;4.03;3;1;1;0;0;1,731;1,396.59;1,085;415;5;0;6;1;2;2;0;0;0;0;0;13;10.48;6;01:16;01:01;00:52;0;0;0;0;1,731;1.79;1,085;252;88;1;0.8;1;0;16 minutes;00:47;0;0;34%;44%;25%
bhmazz;2534;29;4.68;9;3;13%;31;13;4;0;43,333;7,004;10,164;34,486;5,574.34;8,187;2,414;50;8.08;112;18.1;28;11;2.24;0;0;0;110;17.78;35;0;0;0;0;0;0;39;6.3;11;0;0;0;2;8,750;1,414.29;2,581;644;11;0;0;0;0;5;0;0;0;4;2;44;7.11;16;08:30;01:22;02:32;0;0;0;0;8,750;2.14;2,581;741;227;9;1.45;3;0;2.5600070068612695 seconds;04:17;4;0;30%;47%;37%
BloodHoundHD;4088;3;4.9;3;0;10%;4;4;3;0;3,431;5,609;3,431;4,235;6,921.63;4,235;2,572;4;6.53;10;16.34;10;3;2.5;0;0;0;12;19.61;12;0;0;0;0;0;0;6;9.8;6;0;1;0;1;800;1,307.89;800;516;3;0;1;1;0;0;1;1.63;1;3;1;2;3.26;2;00:12;00:20;00:12;0;0;0;0;800;1.75;800;107;37;1;1.63;1;0;7 minutes;0;0;0;34%;0;100%
blueschopper0628;1959;369;4.95;12;17;7%;335;12;6;0;432,210;5,806;19,096;487,631;6,550.49;12,006;3,837;974;13.08;1,321;17.74;35;15;1.35;0;0;0;953;12.8;30;0;0;0;0;10;0;431;5.78;14;37;74;3;35;83,182;1,117.4;2,141;537;15;0;204;90;59;55;0;0;0;4;18;717;9.63;31;02:16:22;01:49;04:39;0;0;0;0;83,182;1.44;2,141;12,741;4,250;77;1.03;5;0;15 hours;50:24;23;0;33%;61%;46%
boneh;3996;5;4.93;5;1;26%;10;8;5;0.01;4,130;4,075;2,852;5,213;5,143.99;3,694;1,575;9;8.88;27;26.64;24;10;3;0;0;0;14;13.81;12;0;0;0;0;0;0;12;11.84;11;0;1;0;1;805;794.43;557;341;10;0;4;1;1;1;0;0;0;3;1;9;8.88;7;00:49;00:48;00:28;0;0;0;0;805;1.12;557;116;38;6;5.92;6;0;11 minutes;02:28;1;0;32%;34%;69%
Buahahahaha;2770;83;6.1;9;2;13%;69;8;5;0;143,331;10,550;12,221;79,499;5,851.36;7,122;2,778;149;10.96;317;23.33;38;13;2.12;0;0;0;245;18.03;23;0;0;0;0;3;0;96;7.06;15;6;14;1;6;26,272;1,933.73;2,498;721;13;0;33;9;14;9;1;0.07;1;3;3;170;12.51;23;33:21;02:27;03:53;0;0;0;0;26,272;2.19;2,498;1,486;510;14;1.03;3;0;3 hours;23:43;0;0;34%;44%;44%
bub_THe-_-Gr8;2378;14;5.71;7;0;15%;62;17;5;0.01;24,343;9,929;8,086;5,728;5,574.96;2,655;2,655;8;7.78;15;14.59;8;7;1.87;8;8;4;38;15.49;16;12;12;5;0;0;0;5;4.86;3;1;1;1;0;536;521.49;376;210;7;0;4;1;1;2;1;0.4;1;3;1;6;5.83;3;01:35;01:33;00:33;4;4;3;0;2,868;1.37;1,263;1,672;544;1;0.97;1;0;9 minutes;04:13;4;0;32%;51%;22%
BunnyFuufu;4078;7;3.97;4;0;14%;51;9;9;0.02;13,415;7,624;3,672;6,769;9,192.16;5,108;1,889;4;5.43;25;33.94;16;8;6.25;10;14;9;16;9.09;5;11;15;9;0;0;0;13;17.65;6;0;1;0;1;315;427.76;315;235;8;0;2;1;1;0;0;0;0;3;1;15;20.36;9;00:29;00:40;00:14;3;4;2;0;1,373;1.24;404;2,285;791;2;2.71;1;0;8 minutes;00:26;0;0;34%;40%;100%
buraki35;4286;19;19.78;19;1;11%;12;12;2;0.01;2,886;3,006;2,886;12,756;13,286.05;12,756;1,969;11;11.45;47;48.95;47;10;4.27;0;0;0;25;26.03;25;0;0;0;0;0;0;17;17.7;17;0;1;0;1;1,391;1,448.93;1,391;225;10;0;3;1;1;1;0;0;0;3;1;20;20.83;20;01:32;01:36;01:32;0;0;0;0;1,391;1.66;1,391;185;106;1;1.04;1;0;13 minutes;02:28;0;0;57%;57%;100%
Cassia7;3776;2;2.41;1;0;4%;6;2;1;0;16,177;19,560;4,405;10,892;13,170.54;2,977;2,693;11;13.3;19;22.97;9;9;1.72;0;0;0;7;8.46;2;0;0;0;0;0;0;8;9.67;3;1;1;0;0;1,185;1,432.7;373;373;9;0;3;1;1;0;0;0;0;0;0;10;12.09;5;01:25;01:42;00:24;0;0;0;0;1,185;1.44;373;291;128;0;0;0;0;13 minutes;01:43;0;0;43%;66%;16%
crimsonview93;2446;0;0;0;0;12%;168;4;4;0;6,706;5,225;3,375;16,079;5,867.84;4,793;1,508;25;9.12;53;19.34;16;5;2.12;26;9;6;0;0;0;33;12;9;0;0;0;28;10.21;12;1;3;0;1;3,358;1,225.35;1,361;779;5;0;7;3;2;3;0;0;0;0;0;35;12.77;11;04:11;01:31;01:04;10;4;3;0;1,258;1.44;462;5,806;2,137;9;3.28;7;0;30 minutes;00:04;0;0;36%;38%;52%
CrispeChris;3343;42;4.33;7;1;14%;78;10;6;0.01;63,048;6,501;5,932;61,101;6,299.85;5,084;5,084;62;6.39;197;20.31;18;16;3.17;0;0;0;103;10.61;13;0;0;0;0;0;0;57;5.87;6;1;10;0;9;6,233;642.62;683;409;16;0;21;11;4;6;0;0;0;3;3;62;6.39;7;07:18;00:45;01:05;0;0;0;0;6,233;1.05;683;1,584;540;9;0.92;1;0;1 hour;08:24;10;0;34%;50%;89%
CW-punchL1nez;2903;20;4.62;6;1;10%;26;8;3;0;18,436;4,265;7,248;30,152;6,975.68;5,708;1,838;45;10.41;99;22.9;28;8;2.2;0;0;0;69;15.96;18;0;0;0;0;1;0;41;9.48;12;2;4;0;2;7,354;1,701.43;1,374;578;8;0;11;4;3;3;0;0;0;0;0;39;9.02;10;05:32;01:16;01:13;0;0;0;0;7,354;1.96;1,374;806;255;12;2.77;4;0;1 hour;05:57;1;0;31%;32%;45%
cyber_animaI;4399;6;4.57;3;0;13%;12;6;5;0.01;5,763;4,392;2,138;8,825;6,725.72;3,096;2,200;12;9.14;30;22.86;10;9;2.5;0;0;0;18;13.71;6;0;0;0;0;0;0;14;10.66;6;0;1;0;1;933;710.68;191;180;9;0;3;1;1;1;0;0;0;0;0;10;7.62;2;01:12;00:55;00:28;0;0;0;0;933;0.87;191;264;87;0;0;0;0;17 minutes;01:31;0;0;32%;45%;75%
CyberBuIIying;4034;12;4.24;8;0;12%;17;9;3;0;9,700;3,428;3,447;16,944;5,989.09;8,351;2,193;21;7.42;60;21.2;34;9;2.85;0;0;0;45;15.9;24;0;0;0;0;0;0;22;7.77;10;0;3;0;3;2,173;768.21;853;207;9;0;8;5;1;2;2;0.7;2;3;1;19;6.71;12;02:00;00:42;00:45;0;0;0;0;2,173;1.18;853;414;135;3;1.06;2;0;30 minutes;01:57;0;0;32%;42%;93%
Defyz---;4636;1;3.62;1;0;25%;2;2;1;0;2,927;10,603;2,927;1,249;4,525.1;1,249;481;4;14.48;2;7.24;2;2;0.5;0;0;0;3;10.86;3;0;0;0;0;0;0;0;0;0;0;0;0;0;138;500.36;138;90;2;0;1;0;0;1;0;0;0;0;0;2;7.24;2;00:15;00:56;00:15;0;0;0;0;138;0.58;138;54;8;0;0;0;0;3 minutes;0;0;0;14%;0;0
D-fantasy_;0;0;0;0;0;0;0;0;0;0;0;0;0;118;3,210.5;118;118;1;27.12;2;54.24;2;2;2;0;0;0;1;27.12;1;0;0;0;0;0;0;1;27.12;1;0;0;0;0;0;0;0;0;2;0;0;0;0;0;0;0;0;0;0;1;27.12;1;00:02;01:19;00:02;0;0;0;0;0;0;0;1;1;0;0;0;0;28.08510400634259 seconds;0;0;0;100%;0;100%
DifferentD;3517;93;6.83;9;2;7%;2;10;10;0.01;102,952;7,569;16,332;644;2,857.72;644;244;4;17.75;280;20.58;24;18;2.45;0;0;0;139;10.21;10;1;4;1;0;1;0;100;7.35;10;0;0;2;4;597;2,649.27;597;347;18;0;1;11;0;1;0;0;0;3;3;112;8.23;14;00:06;00:29;00:06;0;0;0;0;11,514;1.19;1,071;264;83;19;1.39;2;0;2 minutes;07:08;0;0;31%;66%;26%
Divinity-X-;4116;15;4.75;6;0;11%;13;15;7;0.01;32,346;10,246;10,425;491;5,618.83;491;491;25;7.91;2;22.88;2;2;3.28;0;0;0;39;12.35;12;1;11;1;0;0;0;2;22.88;2;1;0;0;0;2,349;744.13;523;267;2;0;0;5;3;0;0;0;0;3;1;31;9.81;10;00:00;00:03;00:00;0;0;0;0;2,349;1.03;523;92;49;1;11.44;1;0;41.46023200824857 seconds;04:38;0;0;53%;56%;100%
Drest24;2622;5;2.8;3;1;20%;15;7;4;0.01;11,854;6,640;6,620;10,388;5,819.04;4,850;1,661;10;5.6;31;17.36;22;7;3.1;0;0;0;36;20.16;17;0;0;0;0;0;0;13;7.28;8;1;2;0;1;1,551;868.94;800;286;7;0;7;3;3;1;1;0.56;1;0;0;17;9.52;14;02:26;01:22;00:58;0;0;0;0;1,551;1.37;800;192;74;3;1.68;3;0;18 minutes;00:18;0;0;38%;44%;56%
Drew_MK;3016;0;0;0;0;0;0;0;0;0;4,285;24,535;4,285;914;5,234.08;914;531;2;11.45;4;22.9;4;4;2;0;0;0;1;5.72;1;0;0;0;0;0;0;1;5.72;1;0;0;0;0;181;1,036.31;181;132;4;0;0;0;0;0;0;0;0;0;0;0;0;0;00:01;00:05;00:01;0;0;0;0;181;0.97;181;31;10;0;0;0;0;3 minutes;0;0;0;32%;0;0
DrSax12;2434;0;0;0;0;0;0;0;0;0;644;2,366;644;248;909.88;248;168;2;7.35;0;0;0;0;0;0;0;0;0;0;0;0;0;0;0;0;0;0;0;0;0;0;0;0;296;1,088.18;296;150;0;0;1;0;0;1;0;0;0;0;0;0;0;0;00:05;00:18;00:05;0;0;0;0;296;3.08;296;11;3;0;0;0;0;1 minute;0;0;0;27%;27%;0
DSZY;2628;0;0;0;0;0;0;0;0;0;1,910;11,978;1,846;182;1,138.07;177;177;2;12.54;1;6.27;1;1;0.5;0;0;0;1;6.27;1;0;0;0;0;0;0;1;6.27;1;0;0;0;0;150;940.55;150;150;1;0;0;0;0;0;0;0;0;0;0;0;0;0;00:03;00:18;00:03;0;0;0;0;150;1.34;150;2;1;1;6.27;1;0;1 minute;0;0;0;50%;0;30%
ecotaku;2368;85;4.71;11;6;15%;3;18;6;0.01;67,750;3,760;6,507;420;1,423.2;420;212;4;13.54;2;6.77;2;1;0.5;0;0;0;304;16.87;37;0;0;0;0;2;0;2;6.77;2;0;0;2;6;12,837;712.46;1,159;450;1;0;1;16;0;1;0;0;0;5;3;113;6.27;14;00:06;00:21;00:06;0;0;0;0;12,837;1.02;1,159;96;50;2;6.77;2;0;2 minutes;14:44;2;0;52%;52%;36%
elchinolatino;3219;2;9;2;0;75%;3;3;2;0;706;3,176;706;2,007;9,030.32;2,007;865;5;22.5;8;36;8;3;1.6;0;0;0;8;36;8;0;0;0;0;0;0;3;13.5;3;0;0;0;0;683;3,072.64;683;222;3;0;0;0;0;0;0;0;0;0;0;3;13.5;3;00:36;02:45;00:36;0;0;0;0;683;1.93;683;9;4;1;4.5;1;0;5 minutes;0;0;0;44%;44%;100%
eliizabethx;3657;8;9.66;8;0;9%;11;9;3;0.01;11,630;14,051;10,895;12,228;14,773.46;10,488;1,970;15;18.12;24;28.99;24;7;1.6;0;0;0;20;24.16;19;0;0;0;0;0;0;9;10.87;9;0;1;0;1;1,060;1,280.22;772;203;7;0;2;0;0;1;0;0;0;0;0;18;21.74;18;02:26;02:56;02:12;0;0;0;0;1,060;1.01;772;299;117;1;1.2;1;0;17 minutes;04:20;0;0;39%;0;82%
eliteboy_1da;3496;29;8.56;6;0;9%;27;7;3;0;26,511;7,829;10,421;34,609;10,221.05;9,966;2,815;40;11.81;106;31.3;24;9;2.65;0;0;0;73;21.55;20;0;0;0;0;0;0;30;8.85;11;1;3;0;2;4,507;1,330.93;1,000;427;9;0;10;7;1;3;4;1.18;2;4;5;52;15.35;11;06:25;01:53;01:49;0;0;0;0;4,507;1.5;1,000;733;298;7;2.06;3;0;50 minutes;09:12;0;0;40%;61%;68%
emzy456;0;10;6.72;7;1;15%;17;13;4;0.01;8,753;5,882;3,870;11,633;7,817.81;6,413;2,206;16;10.75;37;24.86;19;8;2.31;0;0;0;25;16.8;14;0;0;0;0;0;0;18;12.09;9;0;1;0;1;2,020;1,357.66;929;325;8;0;6;1;2;3;1;0.67;1;3;1;27;18.14;15;02:33;01:43;01:49;0;0;0;0;2,020;1.65;929;333;107;5;3.36;4;0;20 minutes;05:33;0;0;32%;44%;78%
entoe12;3278;0;0;0;0;0;0;0;0;0;667;32,815;667;88;2,185.93;88;48;1;24.84;0;0;0;0;0;0;0;0;0;0;0;0;0;0;0;0;0;0;0;0;0;0;0;0;13;659.25;13;13;0;0;0;0;0;0;0;0;0;0;0;0;0;0;00:09;03:57;00:09;0;0;0;0;13;0.53;13;53;11;0;0;0;0;38.01540104020387 seconds;0;0;0;20%;20%;0
Fade_BR;0;595;5.95;14;24;14%;744;18;9;0;561,180;5,615;18,471;682,154;6,825.97;13,268;5,455;973;9.73;2,243;22.44;46;19;2.3;0;0;0;1,725;17.26;42;0;0;0;0;21;0;793;7.93;22;49;100;5;46;113,712;1,137.85;2,541;1,109;19;0;309;118;83;108;6;0.06;1;4;20;1,301;13.01;28;02:56:12;01:45;03:53;0;0;0;0;113,712;1.49;2,541;14,030;5,266;168;1.68;7;0;21 hours;03:14:26;1;0;37%;100%;45%
FastAsDux;2097;4;2.9;4;0;13%;7;4;4;0.01;2,725;1,982;1,924;5,168;3,758.91;2,378;1,717;4;2.9;13;9.45;9;7;3.25;0;0;0;11;8;7;0;0;0;0;0;0;4;2.9;3;0;1;0;1;751;546.25;330;251;7;0;2;2;0;0;0;0;0;0;0;5;3.63;4;00:29;00:21;00:11;0;0;0;0;751;1.25;330;202;53;2;1.45;1;0;9 minutes;01:33;0;0;26%;25%;77%
Flown_Jebus;4144;0;0;0;0;0;0;0;0;0;1,707;58,083;1,707;221;7,511.27;221;221;1;34.02;0;0;0;0;0;0;0;0;0;0;0;0;0;0;0;0;0;0;0;0;0;0;0;0;145;4,941.64;145;145;0;0;0;0;0;0;0;0;0;0;0;0;0;0;00:07;04:25;00:07;0;0;0;0;145;4.44;145;1;1;0;0;0;0;2.9546799985691905 seconds;0;0;0;100%;0;100%
flyinganimal;4142;16;5.48;6;0;9%;32;8;4;0.01;22,512;7,715;4,573;30,865;10,578.05;7,176;3,435;29;9.93;81;27.76;20;8;2.79;0;0;0;27;9.25;7;0;0;0;0;0;0;26;8.91;7;1;3;0;2;2,370;812.23;741;226;8;0;10;2;5;3;0;0;0;3;1;24;8.22;8;02:36;00:53;00:44;0;0;0;0;2,370;0.93;741;847;339;4;1.37;2;0;42 minutes;00:40;0;0;40%;54%;63%
forrestsmith2;3084;7;3.93;3;0;13%;15;5;4;0.01;13,593;7,637;5,979;13,719;7,707.28;5,042;4,456;13;7.3;38;21.34;16;16;2.92;0;0;0;29;16.29;9;0;0;0;0;0;0;10;5.61;4;2;2;0;0;1,699;954.59;444;374;16;0;6;2;1;3;0;0;0;3;1;4;2.24;3;00:40;00:22;00:16;0;0;0;0;1,699;1.4;444;292;109;4;2.24;3;0;20 minutes;02:21;0;0;37%;43%;11%
fructoseghost;2909;44;4.25;10;1;6%;12;6;5;0;142,525;13,783;16,153;1,553;2,743.7;845;708;3;5.3;1;1.76;1;1;0.33;0;0;0;146;14.11;24;1;2;1;0;2;0;1;1.76;1;1;1;0;4;497;878.44;465;325;1;0;1;1;0;0;0;0;0;3;1;1;1.76;1;00:10;00:17;00:07;0;0;0;0;18,286;2.25;2,181;711;298;12;1.16;2;0;3 minutes;07:59;0;0;41%;43%;43%
games3_112;2604;0;0;0;0;5%;91;1;1;0;823;3,425;823;12,757;3,897.15;6,249;4,397;7;2.13;21;6.41;9;7;3;12;4;6;4;16.64;4;23;7;10;0;0;0;10;3.05;4;3;3;0;0;3,300;1,007.98;1,393;990;7;0;8;0;2;6;0;0;0;0;0;2;0.61;1;00:13;00:04;00:08;3;1;1;0;64;0.39;64;4,254;1,650;3;0.91;1;0;24 minutes;0;2;0;38%;46%;100%
GodzillavsMuto;2555;0;0;0;0;0;0;0;0;0;2,594;14,047;2,594;751;4,065.52;751;546;2;10.83;1;5.41;1;1;0.5;0;0;0;3;16.24;3;0;0;0;0;0;0;0;0;0;0;0;0;0;154;832.32;154;121;1;0;0;0;0;0;0;0;0;0;0;1;5.41;1;00:15;01:26;00:15;0;0;0;0;154;1.34;154;9;5;0;0;0;0;1 minute;0;0;0;55%;55%;0
GoldenBullet20;4406;0;0;0;0;33%;1;1;1;0.02;827;15,999;827;333;6,442.61;333;333;1;19.34;0;0;0;0;0;0;0;0;0;0;0;0;0;0;0;0;0;0;0;0;0;0;0;0;121;2,345.29;121;121;0;0;0;0;0;0;0;0;0;0;0;0;0;0;00:06;02:14;00:06;0;0;0;0;121;2.55;121;20;3;0;0;0;0;47.50178501568735 seconds;0;0;0;15%;15%;0
GoMu___;4214;484;8.73;19;24;12%;741;30;10;0.01;279,715;5,046;15,105;620,494;11,193.31;20,810;7,447;431;7.77;1,783;32.16;57;24;4.13;0;0;0;1,037;18.7;39;0;0;0;0;5;0;742;13.38;27;12;55;6;38;71,816;1,295.51;2,622;1,066;24;0;206;74;70;62;24;0.43;5;6;32;698;12.59;26;01:31:41;01:39;03:32;0;0;0;0;71,816;1.66;2,622;14,034;5,744;156;2.81;7;0;11 hours;02:39:27;16;0;40%;57%;68%
Highlander_scott;4077;38;5.72;6;0;16%;76;13;6;0.01;49,720;7,495;8,156;53,718;8,097.79;8,228;5,044;63;9.49;123;18.54;19;11;1.95;0;0;0;85;12.81;17;0;0;0;0;0;0;55;8.29;15;3;7;1;3;5,146;775.76;726;420;11;0;17;8;3;6;7;1.05;2;4;6;29;4.37;9;05:31;00:49;01:30;0;0;0;0;5,146;1.08;726;1,086;475;18;2.71;3;0;1 hour;06:36;0;0;43%;77%;39%
hourai127;2224;301;4.02;14;15;8%;274;11;5;0;331,546;4,438;10,830;392,198;5,250.12;10,169;3,892;587;7.85;1,207;16.15;52;15;2.05;0;0;0;1,010;13.52;36;0;0;0;0;12;0;415;5.55;17;32;75;4;39;76,656;1,026.14;2,503;659;15;0;197;82;41;74;33;0.44;2;4;9;656;8.78;38;01:53:00;01:30;05:15;0;0;0;0;76,656;1.38;2,503;11,835;3,067;86;1.15;6;0;15 hours;34:57;25;0;25%;84%;51%
IHateUddesd;0;2;5.76;2;0;0;0;0;0;0;1,951;5,620;1,951;1,767;5,089.79;1,767;749;5;14.4;4;11.52;4;2;0.8;0;0;0;6;17.28;6;0;0;0;0;0;0;3;8.64;3;0;0;0;0;1,193;3,435.33;1,193;645;2;0;1;0;0;0;0;0;0;0;0;2;5.76;2;01:13;03:32;01:13;0;0;0;0;1,193;3.46;1,193;73;15;0;0;0;0;5 minutes;0;0;0;20%;0;0
ioReactz;3794;0;0;0;0;33%;1;1;1;0.02;1,171;26,232;1,171;290;6,499.05;290;290;1;22.41;0;0;0;0;0;0;0;0;0;0;0;0;0;0;0;0;0;0;0;0;0;0;0;0;60;1,350.54;60;60;0;0;0;0;0;0;0;0;0;0;0;0;0;0;00:10;04:05;00:10;0;0;0;0;60;1.58;60;7;3;0;0;0;0;37.95497601944953 seconds;0;0;0;42%;0;100%
iqbalhaikal55;2906;7;8.48;5;0;10%;15;13;5;0.01;12,550;15,206;9,168;12,186;14,765.54;9,303;3,178;10;12.11;21;25.44;16;5;2.1;0;0;0;14;16.96;8;0;0;0;0;0;0;7;8.48;7;0;1;0;1;475;575.65;260;115;5;0;3;1;1;1;0;0;0;0;0;11;13.32;8;00:53;01:04;00:28;0;0;0;0;475;0.63;260;292;143;2;2.42;2;0;12 minutes;00:25;0;0;48%;0;71%
IRaTuSz;4631;4;3.03;3;0;7%;10;5;3;0.01;9,227;7,004;4,340;12,359;9,380.87;4,820;4,820;7;5.31;34;25.8;17;12;4.85;0;0;0;13;9.86;9;0;0;0;0;0;0;16;12.14;9;0;1;0;1;1,881;1,428.03;846;416;12;0;4;2;2;0;2;1.51;1;3;1;1;0.75;1;00:25;00:19;00:21;0;0;0;0;1,881;2.16;846;299;134;3;2.27;2;0;14 minutes;00:40;0;0;44%;48%;76%
itsDiety;3957;1;7.02;1;0;3%;1;1;1;0;1,750;12,286;1,750;2,506;17,593.25;2,506;2,404;2;14.04;3;21.06;3;3;1.5;0;0;0;2;14.04;2;0;0;0;0;0;0;0;0;0;0;0;0;0;107;750.3;107;59;3;0;0;0;0;0;0;0;0;0;0;0;0;0;00:07;00:51;00:07;0;0;0;0;107;0.68;107;71;28;0;0;0;0;2 minutes;0;0;0;39%;0;0
ItsRaiyu;4385;5;7.08;3;0;11%;3;3;3;0;6,413;9,082;2,754;73;757.25;73;73;1;10.4;1;10.4;1;1;1;0;0;0;12;16.99;6;0;0;0;0;0;0;3;4.24;2;0;0;0;1;859;1,216.51;374;255;1;0;0;1;0;1;0;0;0;0;0;6;8.49;3;00:24;00:35;00:12;0;0;0;0;859;1.32;374;6;4;0;0;0;0;20.546316004358232 seconds;00:09;0;0;66%;61%;85%
JigokuSenshi;3044;12;7.13;5;1;16%;19;9;6;0.01;9,046;5,380;3,290;17,262;10,265.47;7,476;2,292;21;12.48;50;29.73;22;7;2.38;0;0;0;50;29.73;19;0;0;0;0;0;0;20;11.89;11;0;2;0;1;2,289;1,361.28;889;355;7;0;5;2;1;2;0;0;0;3;1;18;10.7;7;02:07;01:15;00:49;0;0;0;0;2,289;1.48;889;302;117;9;5.35;6;0;25 minutes;03:45;0;0;38%;0;56%
JonXSly;2840;0;0;0;1;5%;87;1;1;0;3,575;2,254;1,508;14,884;13,109.83;6,803;2,026;18;15.85;53;46.68;23;10;2.94;17;15;10;4;2.52;3;22;19;12;0;0;0;21;18.49;11;0;1;0;0;1,258;1,107.81;579;538;10;0;3;1;1;1;0;0;0;0;0;32;28.18;16;01:52;01:38;00:48;10;9;7;0;677;1.4;308;5,418;1,547;5;4.4;4;0;19 minutes;01:16;0;0;28%;40%;43%
kakuka-548;0;0;0;0;0;0;0;0;0;0;699;1,507;699;2,720;5,861.46;2,720;2,720;1;2.15;5;10.77;5;5;5;0;0;0;3;6.46;3;0;0;0;0;0;0;0;0;0;0;0;0;0;323;695.41;323;323;5;0;2;1;0;1;0;0;0;0;0;0;0;0;00:00;00:00;00:00;0;0;0;0;323;1.43;323;58;21;0;0;0;0;3 minutes;0;0;0;36%;36%;0
katsuya3;2206;6;4.08;6;0;10%;1;13;4;0.01;7,970;5,431;6,265;906;4,134.3;906;906;2;9.12;3;13.68;3;3;1.5;0;0;0;36;24.53;27;0;0;0;0;0;0;3;13.68;3;0;0;1;0;301;1,371.26;301;201;3;0;0;0;1;2;0;0;0;0;0;1;4.56;1;00:04;00:19;00:04;0;0;0;0;1,735;1.33;1,097;288;129;2;9.12;2;0;2 minutes;00:59;0;0;44%;44%;0
Kiba_Zack;3172;0;0;0;0;38%;5;5;3;0.02;3,286;7,272;3,286;1,889;4,181.34;1,889;945;4;8.85;3;6.63;3;3;0.75;0;0;0;2;4.42;2;0;0;0;0;0;0;2;4.42;2;0;0;0;0;381;843.62;381;215;3;0;2;0;1;0;0;0;0;0;0;1;2.21;1;00:29;01:04;00:29;0;0;0;0;381;1.56;381;31;13;1;2.21;1;0;4 minutes;0;0;0;41%;41%;0
KILLER77_HAZZA3;3082;9;4.64;8;0;11%;16;13;6;0;19,746;10,182;12,313;14,335;7,391.87;8,908;3,157;25;12.89;32;16.5;21;9;1.28;0;0;0;17;8.76;12;0;0;0;0;2;0;7;3.6;5;0;0;0;1;4,603;2,373.57;2,383;769;9;0;0;0;0;0;1;0.51;1;3;1;18;9.28;18;03:26;01:46;02:45;0;0;0;0;4,603;2.6;2,383;538;143;2;1.03;2;0;1.8242969987913966 seconds;00:01;0;0;26%;29%;41%
Killing_EdgeIV;0;0;0;0;0;0;0;0;0;0;120;3,397;120;61;1,719.64;61;61;1;28.3;0;0;0;0;0;0;0;0;0;0;0;0;0;0;0;0;0;0;0;0;0;0;0;0;0;0;0;0;0;0;0;0;0;0;0;0;0;0;0;0;0;0;0;0;0;0;0;0;0;0;0;0;0;0;0;0;0;0;20.087452012114227 seconds;0;0;0;0;0;0
Killswitch2092;2806;1;1.49;1;1;22%;112;2;1;0;2,615;3,911;1,460;17,952;8,941.11;9,016;4,034;18;8.96;50;24.9;37;11;2.77;23;11;12;3;4.48;3;48;24;28;0;1;0;14;6.97;11;1;2;0;1;6,320;3,148.01;3,553;2,305;11;0;6;3;1;2;0;0;0;4;1;22;10.95;15;03:19;01:39;02:25;16;8;10;0;475;1.87;369;6,995;1,757;2;0.99;2;0;26 minutes;02:58;0;0;25%;24%;52%
Kilperik;3320;0;0;0;0;0;0;0;0;0;0;0;0;359;4,649.94;359;160;2;25.89;2;25.89;2;2;1;0;0;0;2;25.89;2;0;0;0;0;0;0;0;0;0;0;0;0;0;68;880.46;68;68;2;0;0;0;0;0;0;0;0;0;0;1;12.94;1;00:16;03:31;00:16;0;0;0;0;68;0.86;68;2;1;0;0;0;0;1 minute;0;0;0;50%;50%;100%
King_Kine;2079;0;0;0;0;0;0;0;0;0;92;774;92;762;6,412.45;762;267;3;25.25;2;16.83;2;2;0.66;0;0;0;4;33.66;4;0;0;0;0;0;0;0;0;0;0;0;0;0;259;2,175.87;259;150;2;0;0;0;0;0;0;0;0;0;0;0;0;0;00:10;01:28;00:10;0;0;0;0;259;1.93;259;14;5;0;0;0;0;2 minutes;0;0;0;35%;35%;0
KingXacTz;0;2;0.86;2;0;18%;6;6;2;0;2,785;1,211;1,785;6,441;2,799.21;5,073;1,676;7;3.04;46;19.99;31;15;6.57;0;0;0;17;7.38;12;0;0;0;0;0;0;17;7.38;13;1;2;0;1;1,870;812.75;1,347;523;15;0;4;1;0;3;0;0;0;0;0;12;5.21;9;02:17;00:59;02:14;0;0;0;0;1,870;1.96;1,347;112;32;2;0.86;2;0;15 minutes;02:10;0;0;28%;23%;56%
koba-ya;1337;740;3.96;15;87;20%;1,729;25;14;0.01;358,362;1,919;12,958;1,085,218;5,811.72;13,153;6,872;486;2.6;3,460;18.52;49;23;7.11;0;0;0;3,114;16.67;53;0;0;0;0;41;0;2,032;10.88;25;92;187;14;81;136,186;729.32;2,550;1,223;23;0;302;160;48;94;53;0.28;3;4;33;725;3.88;17;35:38;00:11;01:12;0;0;0;0;136,186;1.02;2,550;18,007;8,338;1,092;5.84;17;13;36 hours;03:07:54;100;0;46%;100%;43%
koh_1655;2387;3;15.29;3;0;2%;1;1;1;0;1,957;9,981;1,957;3,597;18,344.72;3,597;2,406;1;5.43;8;40.79;8;3;4;0;0;0;4;20.39;4;0;0;0;0;0;0;3;15.29;3;0;0;0;0;132;674.89;132;132;3;0;0;1;0;0;1;5.09;1;0;0;5;25.49;5;00:47;04:03;00:47;0;0;0;0;132;0.72;132;56;39;0;0;0;0;56.799985020421445 seconds;00:05;0;0;69%;0;0
kris1974;4164;16;7.41;7;0;7%;13;5;3;0;7,772;3,602;3,461;15,015;6,959.12;5,716;3,358;11;5.09;49;22.71;14;12;4.45;0;0;0;17;7.87;5;0;0;0;0;0;0;17;7.87;8;0;2;0;2;1,008;467.11;560;292;12;0;6;2;0;4;1;0.46;1;3;1;17;7.87;10;01:16;00:35;00:32;0;0;0;0;1,008;0.72;560;611;172;0;0;0;0;23 minutes;00:46;0;0;28%;18%;96%
KSlims;4548;0;0;0;0;0;0;0;0;0;709;19,708;709;111;3,097.06;111;105;1;27.8;0;0;0;0;0;0;0;0;0;0;0;0;0;0;0;0;0;0;0;0;0;0;0;0;150;4,171.13;150;150;0;0;0;0;0;0;0;0;0;0;0;0;0;0;00:04;01:58;00:04;0;0;0;0;150;4.88;150;0;0;0;0;0;0;30.722371981479228 seconds;00:28;0;0;0;0;100%
L1TTL3msAW3S0M3;2393;1;1.95;1;0;21%;4;4;2;0.01;1,886;3,687;1,214;2,164;4,229.29;2,089;1,315;3;5.86;6;11.72;6;5;2;0;0;0;4;7.81;4;0;0;0;0;0;0;4;7.81;4;0;0;0;0;173;338.02;173;97;5;0;0;1;0;0;0;0;0;0;0;3;5.86;3;00:18;00:35;00:16;0;0;0;0;173;0.53;173;73;19;1;1.95;1;0;7.332553994841874 seconds;0;0;0;26%;0;72%
Lara4133;2647;0;0;0;0;0;58;0;0;0;2,227;5,766;2,227;2,835;4,535.9;2,377;1,139;4;6.39;7;11.19;7;3;1.75;9;14;9;2;5.17;2;14;22;13;0;0;0;5;7.99;5;1;1;0;0;542;867.77;542;376;3;0;1;1;0;0;0;0;0;0;0;1;1.59;1;00:05;00:08;00:04;0;0;0;0;430;1.63;430;1,467;398;1;2.58;1;0;8 minutes;0;0;0;27%;25%;19%
LoggingOut;3612;12;7.42;7;1;10%;29;6;5;0;8,099;5,013;2,930;2,844;5,650.27;2,844;1,218;6;11.91;7;13.9;7;4;1.16;6;12;6;19;11.76;8;12;24;12;0;0;0;2;3.97;2;1;1;0;1;611;1,213.87;611;375;4;0;1;1;0;0;0;0;0;3;1;4;7.94;4;00:41;01:22;00:41;4;8;4;0;1,295;1.24;382;1,074;404;1;0.61;1;0;8 minutes;02:12;0;0;37%;47%;78%
LostkumaTH;3386;2;4.62;2;0;20%;2;3;1;0.01;3,257;7,536;3,257;201;2,264.69;201;201;1;11.28;8;18.51;8;3;1.33;0;0;0;3;6.94;3;1;11;1;0;0;0;3;6.94;3;0;0;0;0;580;1,341.47;580;268;3;0;0;0;0;0;0;0;0;0;0;4;9.25;4;00:56;02:11;00:56;0;0;0;0;580;2.2;580;57;24;1;2.31;1;0;40.16455599851906 seconds;0;0;0;42%;42%;0
l-Twisted_Fate-l;4013;12;7.2;7;0;20%;25;10;7;0.01;15,398;9,241;4,328;14,421;8,654.59;4,679;3,147;16;9.6;43;25.8;16;16;2.68;0;0;0;34;20.4;13;0;0;0;0;0;0;13;7.8;6;1;2;0;1;1,705;1,022.91;578;285;16;0;5;2;1;2;0;0;0;3;2;15;9;5;02:20;01:24;00:49;0;0;0;0;1,705;1.15;578;351;121;2;1.2;1;0;24 minutes;01:00;0;0;34%;30%;45%
Lyntune92;2044;0;0;0;0;50%;3;3;2;0.01;299;1,501;299;986;4,947.12;986;514;2;10.03;1;5.01;1;1;0.5;0;0;0;2;10.03;2;0;0;0;0;0;0;0;0;0;0;0;0;0;484;2,429.16;484;431;1;0;1;0;0;0;0;0;0;0;0;0;0;0;00:24;02:02;00:24;0;0;0;0;484;2.91;484;33;6;0;0;0;0;2 minutes;0;0;0;18%;0;0
M5roosh_ksa;3563;1;1.49;1;0;0;0;0;0;0;2,449;3,658;1,495;2,108;3,149.01;1,758;745;7;10.45;7;10.45;5;4;1;0;0;0;9;13.44;6;0;0;0;0;0;0;2;2.98;1;1;1;0;0;346;516.79;150;150;4;0;1;0;0;1;0;0;0;0;0;2;2.98;1;00:13;00:20;00:10;0;0;0;0;346;0.78;150;42;11;0;0;0;0;7 minutes;0;0;0;26%;31%;13%
MAAFX;2990;0;0;0;0;14%;1;1;1;0;2,799;7,902;2,721;1,242;3,505.53;1,046;575;4;11.29;3;8.47;3;2;0.75;0;0;0;5;14.11;5;0;0;0;0;0;0;1;2.82;1;0;0;0;0;441;1,243.91;300;257;2;0;1;0;0;0;0;0;0;0;0;1;2.82;1;00:23;01:05;00:17;0;0;0;0;441;1.7;300;48;7;0;0;0;0;4 minutes;0;0;0;14%;14%;0
Maranata01;4478;0;0;0;0;66%;2;4;4;0.05;128;1,272;128;422;3,326.54;422;254;3;23.64;2;19.86;2;2;0;0;0;0;2;19.86;2;0;0;0;0;0;0;2;19.86;2;0;0;0;0;275;2,732.87;275;275;2;0;1;0;0;0;0;0;0;0;0;0;0;0;0;0;0;0;0;0;0;275;3.73;275;275;47;1;9.93;1;0;1 minute;0;0;0;17%;35%;0
matukyo;4050;0;0;0;0;0;0;0;0;0;1,582;14,239;1,582;897;8,070.35;897;448;2;18;4;36;4;4;2;0;0;0;1;9;1;0;0;0;0;0;0;2;18;2;0;0;0;0;290;2,612.9;290;150;4;0;0;0;0;0;0;0;0;0;0;2;18;2;00:16;02:27;00:16;0;0;0;0;290;2.67;290;16;10;0;0;0;0;1 minute;0;0;0;62%;0;100%
meecyaRougan;2125;4;4.94;4;0;4%;4;4;2;0;4,769;5,892;4,624;8,629;10,661.31;7,410;2,993;10;12.35;19;23.47;16;10;1.9;0;0;0;8;9.88;6;0;0;0;0;0;0;5;6.17;5;1;1;0;0;612;756.08;612;266;10;0;1;0;0;1;0;0;0;0;0;10;12.35;8;01:00;01:14;00:39;0;0;0;0;612;0.84;612;253;93;0;0;0;0;12 minutes;02:10;0;0;36%;0;34%
Megaan_57;3178;60;6.42;7;1;11%;19;13;8;0.01;70,651;7,568;14,199;4,213;6,922.36;3,933;2,121;4;6.57;5;8.21;5;2;1.25;11;18;11;130;13.92;16;12;20;12;0;0;0;3;4.92;3;1;1;2;0;861;1,413.96;861;461;2;0;2;2;0;0;1;0.1;1;4;4;111;11.88;14;00:05;00:08;00:05;3;5;3;0;10,196;1.33;940;1,047;424;1;1.64;1;0;4 minutes;00:01;0;0;40%;76%;4%
MEOW987;2679;5;4.82;4;0;25%;16;6;6;0.01;6,296;6,080;2,913;8,781;8,479.08;3,538;2,034;15;14.48;27;26.07;10;6;1.8;0;0;0;18;17.38;10;0;0;0;0;0;0;12;11.58;5;0;1;0;1;1,729;1,669.79;629;314;6;0;3;1;1;1;0;0;0;0;0;10;9.65;6;01:46;01:42;00:44;0;0;0;0;1,729;1.66;629;192;62;3;2.89;2;0;17 minutes;01:18;0;0;32%;50%;77%
Miz_One;1361;6;9.74;6;0;0;0;0;0;0;5,008;8,131;5,008;3,049;4,950.49;3,049;1,068;7;11.36;19;30.84;19;7;2.71;0;0;0;9;14.61;9;0;0;0;0;0;0;2;3.24;2;0;1;0;1;1,281;2,080.52;1,281;311;7;0;2;0;0;2;0;0;0;3;1;13;21.1;13;01:34;02:33;01:34;0;0;0;0;1,281;2.41;1,281;87;19;0;0;0;0;8 minutes;00:27;0;0;21%;21%;100%
Mlbjester7;3573;1;1.27;1;0;8%;4;3;2;0;6,663;8,523;5,952;5,061;6,474.95;3,731;1,195;10;12.79;16;20.46;14;7;1.6;0;0;0;10;12.79;8;0;0;0;0;0;0;5;6.39;5;1;1;0;0;843;1,078;580;187;7;0;2;1;0;0;0;0;0;0;0;9;11.51;9;01:59;02:32;01:57;0;0;0;0;843;1.23;580;201;45;0;0;0;0;11 minutes;0;0;0;22%;36%;0
Morgenarc;3323;4;6.88;4;0;8%;7;7;3;0.01;4,060;6,983;4,060;144;3,933.09;144;144;1;27.31;13;22.36;13;9;2.16;0;0;0;12;20.64;12;0;0;0;0;0;0;4;6.88;4;0;0;0;0;244;419.15;244;150;9;0;0;0;0;0;0;0;0;3;1;6;10.32;6;01:03;01:48;01:03;0;0;0;0;244;0.48;244;60;18;0;0;0;0;26.366213005967438 seconds;00:02;0;0;30%;46%;0
Mr_O_Blood_type_;4031;0;0;0;0;0;0;0;0;0;2,274;19,066;1,364;671;5,627.18;631;631;2;16.77;3;25.15;3;3;1.5;0;0;0;3;25.15;3;0;0;0;0;0;0;1;8.38;1;0;0;0;0;221;1,852.9;140;140;3;0;0;0;0;0;0;0;0;0;0;3;25.15;3;00:45;06:18;00:38;0;0;0;0;221;1.81;140;17;5;1;8.38;1;0;2 minutes;0;0;0;29%;29%;0
MrBlueyes;0;3;20.49;3;0;20%;1;1;1;0;2,273;15,523;2,273;1,001;6,836.34;1,001;512;2;13.66;5;34.15;5;3;2.5;0;0;0;5;34.15;5;0;0;0;0;0;0;1;6.83;1;0;0;0;0;330;2,257.43;330;231;3;0;1;0;0;0;0;0;0;3;1;1;6.83;1;00:09;01:06;00:09;0;0;0;0;330;2.06;330;21;5;1;6.83;1;0;2 minutes;00:04;0;0;23%;0;0
mrfr33s3;2615;16;8.39;10;2;16%;21;10;6;0.01;21,778;11,423;8,375;18,160;9,525.13;8,678;3,174;20;10.49;56;29.37;28;14;2.8;0;0;0;45;23.6;24;0;0;0;0;0;0;19;9.96;10;1;2;1;0;4,243;2,225.66;1,833;857;14;0;7;2;4;1;1;0.52;1;4;1;39;20.45;22;06:50;03:35;04:05;0;0;0;0;4,243;2.54;1,833;330;130;1;0.52;1;0;27 minutes;08:10;0;0;39%;44%;0
MRstyles4u;3416;6;12.07;6;0;13%;3;3;1;0;5,880;11,835;5,880;3,381;6,804.39;3,381;1,471;5;10.06;13;26.16;13;6;2.6;0;0;0;9;18.11;9;0;0;0;0;0;0;4;8.05;4;0;0;0;0;811;1,632.91;811;397;6;0;2;1;0;0;0;0;0;0;0;5;10.06;5;00:28;00:56;00:28;0;0;0;0;811;1.56;811;78;22;1;2.01;1;0;8 minutes;00:20;0;0;28%;0;0
nano1cdo;2349;0;0;0;0;2%;1;1;1;0;8,610;17,427;4,798;3,853;7,797.61;3,128;1,855;8;16.19;2;4.04;2;2;0.25;0;0;0;9;18.21;8;0;0;0;0;0;0;1;2.02;1;0;0;0;0;1,040;2,105.91;881;315;2;0;1;0;0;0;0;0;0;0;0;1;2.02;1;00:32;01:05;00:29;0;0;0;0;1,040;2.1;881;68;34;1;2.02;1;0;8 minutes;0;0;0;50%;0;80%
Natz_D_Chow;4048;45;10.27;7;4;10%;55;10;8;0.01;41,244;9,415;7,477;53,133;12,128.38;7,552;4,165;46;10.5;154;35.15;27;17;3.34;0;0;0;66;15.06;13;0;0;0;0;1;0;46;10.5;10;1;4;1;3;3,494;797.62;604;389;17;0;13;5;6;3;0;0;0;4;6;64;14.6;13;05:06;01:10;00:35;0;0;0;0;3,494;0.92;604;1,191;544;4;0.91;1;0;1 hour;07:25;0;0;45%;44%;70%
nicot2010;2579;1;2.8;1;0;6%;3;3;2;0;3,613;10,148;3,613;4,598;12,914.9;4,598;1,713;2;5.61;12;33.7;12;5;6;0;0;0;5;14.04;5;0;0;0;0;0;0;5;14.04;5;0;0;0;0;255;715.56;255;127;5;0;1;1;0;0;0;0;0;0;0;7;19.66;7;00:33;01:34;00:33;0;0;0;0;255;0.72;255;81;43;2;5.61;2;0;5 minutes;0;0;0;53%;53%;0
Ninja5976;0;1;5.19;1;0;14%;3;7;4;0.02;511;2,651;511;335;5,783.7;335;335;3;15.57;4;20.76;4;3;1.33;0;0;0;4;20.76;4;0;0;0;0;0;0;2;10.38;2;0;0;0;0;124;642.14;124;77;3;0;1;0;0;1;0;0;0;0;0;3;15.57;3;00:03;01:06;00:03;0;0;0;0;124;0.52;124;65;39;0;0;0;0;18.665310997515917 seconds;0;0;0;60%;0;0
NINJALEX323;4049;7;3.77;5;0;16%;21;16;6;0.01;15,907;8,582;7,408;11,499;6,203.81;6,217;2,433;11;5.93;26;14.02;14;4;2.36;0;0;0;9;4.85;6;0;0;0;0;0;0;10;5.39;7;0;2;0;2;1,634;881.67;640;431;4;0;4;2;1;2;0;0;0;0;0;9;4.85;5;02:21;01:16;01:40;0;0;0;0;1,634;1.2;640;453;125;2;1.07;1;0;22 minutes;00:20;0;0;27%;34%;100%
ohEvasive;3385;4;4.33;2;0;13%;6;3;3;0.01;7,393;8,005;4,106;5,135;5,560.53;2,715;1,917;6;6.49;14;15.15;8;5;2.33;0;0;0;3;3.24;2;0;0;0;0;0;0;2;2.16;1;0;1;0;1;386;417.88;141;113;5;0;3;1;0;1;0;0;0;0;0;8;8.66;5;01:05;01:11;00:24;0;0;0;0;386;0.74;141;128;45;0;0;0;0;8 minutes;0;0;0;35%;30%;88%
oI_SPY_Io;4372;15;7.33;5;0;18%;23;6;6;0.01;15,541;7,595;7,155;15,488;7,568.85;5,005;2,535;17;8.3;58;28.34;15;10;3.41;0;0;0;28;13.68;11;0;0;0;0;0;0;14;6.84;4;1;2;0;1;1,476;721.54;484;305;10;0;3;0;1;2;0;0;0;3;1;12;5.86;6;00:56;00:27;00:22;0;0;0;0;1,476;0.98;484;381;127;2;0.97;1;0;25 minutes;04:22;0;0;33%;43%;67%
Omegax_87;0;2;3.56;2;0;30%;3;2;1;0;2,641;4,708;1,932;2,722;4,853.41;1,511;1,098;4;7.13;10;17.82;6;4;2.5;0;0;0;12;21.39;8;0;0;0;0;0;0;5;8.91;3;0;1;0;0;817;1,456.4;436;339;4;0;2;1;1;1;0;0;0;0;0;2;3.56;2;00:21;00:38;00:21;0;0;0;0;817;2.33;436;40;10;1;1.78;1;0;5 minutes;00:11;0;0;25%;0;62%
o-Norton-o;0;1;2.4;1;0;11%;2;2;2;0.01;653;1,568;653;1,771;4,251.58;1,771;1,771;0;0;5;12;5;5;0;0;0;0;3;7.2;3;0;0;0;0;0;0;1;2.4;1;0;0;0;0;516;1,239.77;516;516;5;0;0;0;0;0;0;0;0;0;0;1;2.4;1;00:07;00:18;00:07;0;0;0;0;516;3.01;516;48;18;0;0;0;0;2 minutes;0;0;0;37%;37%;100%
OttoFemtusen;2831;14;4.92;5;0;8%;22;7;3;0.01;12,826;4,516;5,647;25,232;8,883.2;6,052;3,538;25;8.8;63;22.18;18;13;2.52;0;0;0;26;9.15;8;0;0;0;0;0;0;24;8.44;6;1;3;0;1;2,357;829.77;844;426;13;0;8;3;2;4;0;0;0;0;0;29;10.2;8;02:33;00:53;00:46;0;0;0;0;2,357;1.12;844;751;263;2;0.7;1;0;34 minutes;01:00;0;0;35%;35%;49%
oualid32;4218;4;10.75;4;0;21%;9;9;6;0.03;841;2,263;841;4,172;11,221.66;4,172;2,404;1;2.68;13;34.96;13;7;13;0;0;0;5;13.44;5;0;0;0;0;0;0;9;24.2;9;0;0;0;0;377;1,015.06;377;280;7;0;1;0;1;0;0;0;0;0;0;3;8.06;3;00:09;00:24;00:09;0;0;0;0;377;1.33;377;109;41;2;5.37;2;0;4 minutes;01:14;0;0;37%;0;100%
praktommy;3870;18;5.55;13;0;8%;8;15;5;0;31,802;9,822;16,849;1,379;8,757.76;1,379;708;2;12.7;4;25.4;4;3;2;4;25;4;34;10.5;22;4;25;4;0;3;0;2;12.7;2;0;0;0;0;804;5,105.97;804;539;3;0;0;0;0;2;0;0;0;3;1;1;6.35;1;00:08;00:51;00:08;0;0;0;0;3,705;1.26;1,313;493;173;3;0.92;2;0;2 minutes;03:32;0;0;35%;50%;91%
Prey1nMantis;2494;286;4.52;11;35;12%;502;13;13;0.01;301,224;4,770;7,796;380,765;6,029.61;11,036;5,957;168;2.66;1,320;20.9;37;22;7.85;0;0;0;654;10.35;21;0;0;0;0;5;0;631;9.99;19;23;63;3;37;59,802;947;1,990;1,461;22;0;219;68;76;75;3;0.04;1;5;22;591;9.35;17;34:09;00:32;01:39;0;0;0;0;59,802;1.54;1,990;12,042;4,025;155;2.45;5;0;10 hours;01:13:48;34;0;33%;49%;59%
Prince_Fatman;2466;9;4.42;3;0;8%;10;3;2;0;15,477;7,618;6,874;12,986;6,391.81;2,835;1,643;19;9.35;32;15.75;11;8;1.68;0;0;0;20;9.84;6;0;0;0;0;0;0;13;6.39;6;0;0;0;1;2,698;1,327.88;630;410;8;0;0;0;1;0;0;0;0;0;0;13;6.39;4;02:14;01:06;01:01;0;0;0;0;2,698;1.71;630;360;124;0;0;0;0;12.392079992219806 seconds;00:02;0;0;34%;26%;53%
PsYcO_pOm;2652;84;5.53;13;5;31%;200;26;9;0.01;95,715;6,305;15,352;102,276;6,736.83;11,691;3,444;134;8.82;400;26.34;44;16;2.98;0;0;0;336;22.13;41;0;0;0;0;4;0;179;11.79;26;8;15;1;7;24,580;1,619.05;3,989;1,076;16;0;38;15;4;19;0;0;0;3;3;162;10.67;25;20:23;01:20;03:58;0;0;0;0;24,580;1.99;3,989;1,646;640;75;4.94;10;1;3 hours;33:35;19;0;38%;65%;43%
RaxesTheWise;0;3;4;3;1;14%;8;8;4;0.01;1,685;2,251;1,685;6,668;8,908.28;6,668;2,349;6;8.01;24;32.06;24;10;4;0;0;0;12;16.03;12;0;0;0;0;0;0;4;5.34;4;0;1;0;1;644;860.42;644;250;10;0;3;1;1;1;0;0;0;0;0;14;18.7;14;01:16;01:42;01:16;0;0;0;0;644;1;644;174;56;1;1.33;1;0;10 minutes;01:57;0;0;32%;0;100%
redsunset7;2665;0;0;0;0;8%;1;1;1;0;574;2,225;574;1,418;5,498.76;880;558;4;15.51;4;15.51;2;2;1;0;0;0;3;11.63;2;0;0;0;0;0;0;2;7.75;1;0;0;0;0;371;1,439.01;300;150;2;0;1;0;0;0;0;0;0;0;0;3;11.63;2;00:28;01:50;00:18;0;0;0;0;371;1.57;300;47;12;2;7.75;1;0;13.51204201579094 seconds;0;0;0;25%;20%;0
rencpee;2745;391;4.38;12;8;9%;685;18;9;0.01;88,915;997;6,500;683,425;7,660.42;13,699;4,961;864;9.68;1,749;19.6;39;16;2.02;0;0;0;777;8.7;22;0;0;0;0;13;1;723;8.1;16;47;89;2;40;94,028;1,053.94;1,771;652;16;0;219;97;49;73;28;0.31;4;5;22;813;9.11;21;02:14:15;01:30;04:04;0;0;0;0;94,028;1.44;1,771;18,612;7,198;130;1.45;10;1;18 hours;53:16;35;0;38%;66%;44%
RequiemZ41;3077;0;0;0;0;25%;4;4;2;0.02;874;4,321;874;1,916;9,474.84;1,916;1,061;4;19.77;4;19.77;4;2;1;0;0;0;3;14.83;3;0;0;0;0;0;0;1;4.94;1;0;0;0;0;483;2,389.91;483;261;2;0;1;0;0;0;0;0;0;0;0;1;4.94;1;0;0;0;0;0;0;0;483;2.73;483;50;16;0;0;0;0;2 minutes;0;0;0;32%;0;0
Rhinoblue123RED;2145;3;7.8;3;0;1%;1;1;1;0;4,778;12,432;4,778;5,860;15,246.52;5,860;1,925;6;15.6;12;31.21;12;4;2;0;0;0;10;26.01;10;0;0;0;0;0;0;3;7.8;3;0;0;0;0;728;1,893.73;728;314;4;0;1;0;0;1;0;0;0;0;0;6;15.6;6;01:23;03:36;01:23;0;0;0;0;728;1.52;728;247;61;1;2.6;1;0;7 minutes;00:40;0;0;24%;0;100%
Ronald_Toh95;2637;0;0;0;0;9%;1;1;1;0.01;852;5,762;852;1,124;7,602.92;1,124;1,122;1;6.76;2;13.52;2;2;2;0;0;0;2;13.52;2;0;0;0;0;0;0;1;6.76;1;0;0;0;0;171;1,156.85;171;171;2;0;1;0;0;0;0;0;0;0;0;1;6.76;1;00:11;01:19;00:11;0;0;0;0;171;1.83;171;27;11;0;0;0;0;1 minute;00:04;0;0;40%;0;3%
Rundle0509;3763;0;0;0;0;0;0;0;0;0;690;5,150;690;386;2,882.69;386;386;2;14.92;0;0;0;0;0;0;0;0;0;0;0;0;0;0;0;0;0;0;0;0;0;0;0;0;0;0;0;0;0;0;0;0;0;0;0;0;0;0;0;0;0;0;00:01;00:10;00:01;0;0;0;0;0;0;0;10;7;0;0;0;0;1 minute;0;0;0;70%;70%;0
RyanAM;4121;15;8.18;8;1;11%;18;14;7;0.01;18,533;10,112;6,581;2,294;8,593.43;1,253;1,041;3;11.23;2;7.49;2;2;0.66;6;22;6;36;19.64;19;6;22;6;0;0;0;1;3.74;1;0;0;0;0;1,395;5,224.56;1,115;1,115;2;0;1;0;2;0;0;0;0;3;1;34;18.55;21;00:01;00:05;00:01;0;0;0;0;1,258;0.8;525;783;245;4;2.18;2;0;3 minutes;08:08;0;0;31%;0;100%
ryu-eight;3402;0;0;0;0;0;0;0;0;0;713;2,575;713;1,113;4,017.42;1,113;1,113;1;3.61;1;3.61;1;1;1;0;0;0;1;3.61;1;0;0;0;0;0;0;0;0;0;0;0;0;0;230;830.7;230;230;1;0;0;0;0;0;0;0;0;0;0;0;0;0;00:02;00:07;00:02;0;0;0;0;230;2.32;230;24;10;0;0;0;0;1 minute;0;0;0;41%;41%;0
S3NTINEL2001;2826;6;3.6;3;0;8%;6;4;4;0;7,530;4,522;4,769;6,840;4,107.61;3,086;1,894;7;4.2;20;12.01;11;9;2.85;0;0;0;6;3.6;3;0;0;0;0;0;1;7;4.2;4;0;2;0;1;803;482.45;364;175;9;0;6;2;1;2;1;0.6;1;0;0;12;7.2;7;02:22;01:25;01:42;0;0;0;0;803;1.13;364;227;70;2;1.2;1;0;11 minutes;02:15;0;0;30%;33%;85%
ScaredLilTaco;3412;5;3.33;2;0;14%;21;7;6;0.01;5,746;3,837;1,920;15,098;10,081.96;6,174;2,720;16;10.68;49;32.71;14;8;3.06;0;0;0;22;14.69;10;0;0;0;0;0;0;15;10.01;5;0;1;0;1;1,409;940.95;649;300;8;0;6;1;1;4;0;0;0;0;0;30;20.03;10;02:40;01:47;01:05;0;0;0;0;1,409;1.09;649;421;148;2;1.33;1;0;21 minutes;02:45;0;0;35%;32%;100%
Scrufster;2197;0;0;0;0;0;0;0;0;0;0;0;0;484;2,488.77;484;269;2;10.29;0;0;0;0;0;0;0;0;1;5.14;1;0;0;0;0;0;0;0;0;0;0;0;0;0;71;366.34;71;71;0;0;1;0;0;0;0;0;0;0;0;0;0;0;00:19;01:40;00:19;0;0;0;0;71;0.59;71;8;3;0;0;0;0;1 minute;0;0;0;37%;37%;0
Shadowfox55;2799;11;7.55;5;0;5%;5;3;2;0;13,158;9,042;7,053;1,065;6,278.92;1,065;569;4;23.58;36;24.73;16;8;2.76;3;18;3;9;6.18;4;4;24;4;0;0;0;7;4.81;3;0;0;0;0;668;3,938.3;668;322;8;0;0;2;0;0;0;0;0;0;0;25;17.17;9;00:31;03:04;00:31;0;0;0;0;1,536;1.16;966;375;177;1;0.68;1;0;3 minutes;00:47;0;0;47%;0;95%
shadowstrixx;2873;237;5.21;13;7;11%;425;17;6;0.01;197,051;4,336;8,833;381,941;8,403.67;14,483;3,352;473;10.4;978;21.51;48;15;2.06;0;0;0;490;10.78;21;0;0;0;0;7;0;368;8.09;21;25;45;1;19;44,781;985.29;2,013;514;15;0;135;47;45;43;0;0;0;4;9;561;12.34;30;01:33:03;02:02;03:57;0;0;0;0;44,781;1.18;2,013;11,890;3,739;61;1.34;4;0;10 hours;33:39;6;0;31%;53%;42%
Sheepy351;1941;5;4.09;5;1;0;0;0;0;0;1,197;981;640;3,860;3,161.84;3,008;977;10;8.19;19;15.56;18;6;1.9;0;0;0;18;14.74;18;0;0;0;0;0;0;4;3.27;3;0;1;0;1;820;671.96;708;478;6;0;3;1;2;0;0;0;0;0;0;15;12.28;14;02:08;01:45;01:42;0;0;0;0;820;1.04;708;63;16;0;0;0;0;13 minutes;00:24;0;0;25%;22%;81%
sloohy99;2897;1;1.16;1;0;7%;2;1;1;0;3,805;4,430;1,965;3,247;3,780.39;2,336;1,384;8;9.31;8;9.31;7;5;1;0;0;0;10;11.64;10;0;0;0;0;0;0;3;3.49;3;0;1;0;1;466;542.33;417;148;5;0;1;1;0;0;1;1.16;1;0;0;0;0;0;00:08;00:09;00:04;0;0;0;0;466;1.06;417;93;26;2;2.32;2;0;7 minutes;00:21;0;0;27%;0;77%
Smithered;4207;0;0;0;0;3%;1;1;1;0;2,459;6,684;1,342;2,492;6,774.45;1,031;954;4;10.87;3;8.15;2;2;0.75;0;0;0;2;5.43;1;0;0;0;0;0;0;0;0;0;0;0;0;0;199;541.31;147;147;2;0;1;0;1;0;0;0;0;0;0;2;5.43;1;00:23;01:02;00:10;0;0;0;0;199;1.03;147;62;28;0;0;0;0;--;0;0;0;45%;54%;0
ss0401bump;2485;25;7.71;11;1;6%;19;8;4;0;29,855;9,214;16,571;35,718;11,023.95;12,452;3,468;32;9.87;94;29.01;44;14;2.93;0;0;0;62;19.13;25;0;0;0;0;0;0;32;9.87;17;1;3;1;1;2,744;846.98;929;296;14;0;10;1;7;3;2;0.61;1;3;2;51;15.74;26;05:19;01:38;02:21;0;0;0;0;2,744;1.03;929;739;314;6;1.85;4;0;44 minutes;09:26;12;0;42%;59%;30%
StarkTechnolo444;1913;18;3.68;5;0;5%;128;3;2;0;18,717;3,832;4,630;15,237;4,137.97;4,870;1,671;35;9.5;36;9.77;18;4;1.02;9;2;5;80;16.38;20;30;8;7;0;1;0;14;3.8;9;2;4;1;1;195;52.84;77;77;4;0;6;1;3;2;0;0;0;0;0;17;4.61;12;01:19;00:21;00:30;8;2;4;0;4,364;1.02;1,042;6,255;1,988;1;0.27;1;0;35 minutes;00:20;3;0;31%;25%;34%
Stok54;2085;6;5.99;6;0;7%;4;4;2;0;6,045;6,045;6,045;6,714;6,714.43;6,714;1,873;11;10.99;30;29.99;30;11;2.72;0;0;0;16;15.99;16;0;0;0;0;1;0;7;6.99;7;0;1;0;1;799;798.7;799;326;11;0;4;2;1;1;0;0;0;5;1;20;19.99;20;03:18;03:18;03:18;0;0;0;0;799;0.8;799;200;52;1;0.99;1;0;16 minutes;01:30;0;0;26%;26%;100%
subzilllaa;3870;1;1.67;1;0;20%;27;3;2;0.01;4,315;7,228;1,135;3,456;15,481.2;3,456;1,420;3;13.43;6;26.87;6;3;2;7;31;7;7;11.72;3;7;31;7;0;0;0;2;8.95;2;0;0;0;0;820;3,671.36;820;373;3;0;1;0;1;0;0;0;0;0;0;5;22.39;5;00:19;01:28;00:19;5;22;5;0;276;0.51;111;983;439;1;1.67;1;0;3 minutes;0;0;0;44%;40%;52%
Surrturr;2807;2;2.36;2;0;11%;7;4;3;0.01;4,180;4,943;1,364;163;2,026.89;163;163;1;12.4;1;12.4;1;1;1;0;0;0;8;9.45;6;0;0;0;0;1;0;4;4.72;2;0;0;0;0;831;982.36;450;300;1;0;0;0;0;0;0;0;0;0;0;4;4.72;3;00:25;00:30;00:11;0;0;0;0;831;1.2;450;60;38;0;0;0;0;8.057217992842197 seconds;0;0;0;63%;37%;31%
tarnys;4371;2;6.97;2;0;25%;9;5;3;0.01;4,354;15,177;4,354;645;4,031.4;645;645;1;6.24;3;18.74;3;3;3;0;0;0;7;24.39;7;0;0;0;0;0;0;1;6.24;1;0;0;0;0;191;1,190.26;191;191;3;0;1;0;0;0;0;0;0;3;1;6;20.91;6;00:04;00:26;00:04;0;0;0;0;233;0.82;233;237;98;0;0;0;0;1 minute;01:13;0;0;41%;28%;100%
TheCycl3Path;3000;4;2.71;2;0;18%;17;12;9;0.01;5,341;3,628;2,373;10,347;7,028.22;5,744;3,756;8;5.43;35;23.77;18;11;4.37;0;0;0;21;14.26;12;0;0;0;0;0;0;21;14.26;13;0;1;1;1;639;434.18;353;250;11;0;5;1;2;1;0;0;0;0;0;10;6.79;6;01:01;00:42;00:29;0;0;0;0;639;0.6;353;210;90;7;4.75;5;0;17 minutes;03:03;0;0;42%;53%;39%
thegayestbean;0;6;2.91;3;0;3%;1;1;1;0;9,751;4,735;7,634;414;2,846.76;414;414;1;6.87;35;16.99;14;5;1.84;0;0;0;37;17.96;13;0;0;0;0;0;0;8;3.88;5;0;0;0;1;175;1,205.72;175;175;5;0;1;0;0;3;0;0;0;3;1;27;13.11;12;05:43;02:46;02:22;0;0;0;0;3,672;2.3;2,484;120;40;2;0.97;1;0;48.401071002706885 seconds;04:29;0;0;33%;25%;48%
theNichibro;2408;0;0;0;0;0;0;0;0;0;676;14,781;676;430;9,405.77;430;426;1;21.87;0;0;0;0;0;0;0;0;0;0;0;0;0;0;0;0;0;0;0;0;0;0;0;0;75;1,642.22;75;75;0;0;0;0;0;0;0;0;0;0;0;0;0;0;00:04;01:47;00:04;0;0;0;0;75;1.39;75;8;1;0;0;0;0;54.00550000555813 seconds;0;0;0;12%;12%;0
TheRagerGamer;3760;7;4.12;4;1;10%;6;10;9;0.01;19,747;11,646;8,094;1,730;5,612.59;1,730;1,051;1;3.24;5;16.22;5;4;5;8;26;8;10;5.89;5;9;29;9;0;0;0;2;6.48;2;0;0;0;0;735;2,383.88;735;412;4;0;1;0;0;0;0;0;0;0;0;2;6.48;2;00:07;00:22;00:07;2;6;2;0;1,058;0.91;534;525;191;5;2.94;3;0;1 minute;03:48;5;0;36%;36%;100%
timohilde86;3478;50;4.49;6;1;10%;47;13;8;0;44,393;3,990;6,821;53,060;4,768.84;7,057;3,706;50;4.49;205;18.42;23;14;4.09;0;0;0;130;11.68;18;0;0;0;0;2;0;58;5.21;8;1;11;0;9;7,112;639.16;968;392;14;0;18;9;4;5;0;0;0;4;1;62;5.57;10;08:37;00:46;01:28;0;0;0;0;7,112;1.09;968;1,257;456;10;0.89;3;0;1 hour;02:36;2;0;36%;66%;83%
tinysparkles;3406;2;2.47;2;0;7%;3;2;2;0;5,754;7,112;4,185;5,702;7,047.15;3,370;1,345;11;13.59;11;13.59;6;3;1;0;0;0;21;25.95;12;0;0;0;0;0;0;5;6.18;3;1;1;0;0;783;968.3;407;144;3;0;2;1;0;0;0;0;0;0;0;1;1.23;1;00:49;01:01;00:43;0;0;0;0;783;1.23;407;112;40;2;2.47;1;0;10 minutes;01:10;0;0;35%;0;0
tomidaiki;2827;3;6.09;3;0;28%;2;2;1;0;6,167;12,538;6,167;2,198;4,468.99;2,198;1,191;5;10.16;12;24.39;12;6;2.4;0;0;0;13;26.43;13;0;0;0;0;0;0;3;6.09;3;0;0;0;0;660;1,341.45;660;349;6;0;2;1;0;1;0;0;0;0;0;6;12.19;6;01:08;02:19;01:08;0;0;0;0;660;2.04;660;28;7;0;0;0;0;5 minutes;01:36;0;0;25%;25%;0
Ultimate-X23;0;188;5.23;12;12;14%;9;20;6;0.01;231,562;6,452;20,458;1,502;2,901.55;1,502;877;7;13.52;5;9.65;5;2;0.71;2;4;2;607;16.91;34;2;4;2;0;9;0;2;3.86;2;1;1;2;22;44,135;1,229.74;2,144;619;2;0;2;36;1;1;8;0.22;3;4;8;379;10.56;26;00:08;00:17;00:08;0;0;0;0;44,135;1.65;2,144;969;197;1;1.93;1;2;4 minutes;55:55;18;0;20%;20%;60%
Uryu_CsP;4564;4;4.7;3;0;12%;4;10;5;0.02;6,776;7,973;4,843;918;10,399.23;918;515;2;22.65;1;11.32;1;1;0.5;3;34;3;8;9.41;6;4;45;4;0;0;0;1;11.32;1;0;0;0;1;512;5,806;512;440;1;0;0;1;0;0;0;0;0;0;0;1;11.32;1;00:12;02:25;00:12;0;0;0;0;787;1.33;520;232;122;3;3.53;3;0;1 minute;01:24;0;0;52%;43%;86%
vansama813;0;0;0;0;0;0;0;0;0;0;2,256;4,635;1,875;240;492.38;222;222;3;6.16;1;2.05;1;1;0.33;0;0;0;0;0;0;0;0;0;0;0;0;0;0;0;0;0;0;0;9;18.49;9;9;1;0;1;1;0;1;0;0;0;0;0;1;2.05;1;00:06;00:13;00:03;0;0;0;0;9;0.04;9;9;3;0;0;0;0;3 minutes;0;0;0;33%;0;6%
Vince-F95Gunners;3369;36;4.75;6;1;8%;74;16;5;0.01;50,244;6,640;6,518;80,203;10,599.83;11,205;4,206;63;8.32;191;25.24;20;12;3.03;0;0;0;63;8.32;9;0;0;0;0;0;0;70;9.25;10;3;8;1;4;9,091;1,201.5;1,148;682;12;0;22;8;5;8;0;0;0;3;1;82;10.83;11;06:58;00:55;01:26;0;0;0;0;9,091;1.43;1,148;2,376;908;10;1.32;2;0;1 hour;05:32;0;0;38%;47%;49%
wannchan_1208;3680;6;4.9;6;0;5%;5;5;4;0;16,204;13,233;7,251;1,591;5,636.88;852;852;2;7.08;6;21.25;6;6;3;0;0;0;9;7.35;7;3;11;2;0;0;0;2;7.08;2;0;0;0;0;1,542;1,259.65;513;341;6;0;1;2;0;0;1;0.81;1;0;0;13;10.61;9;00:03;00:12;00:03;0;0;0;0;1,542;1.62;513;547;193;0;0;0;0;2 minutes;00:02;0;0;35%;37%;100%
WhiteRangerOwnz;2633;5;5.83;5;0;4%;10;4;3;0;5,849;6,831;5,124;803;4,576.21;803;601;2;11.4;12;14.01;10;6;1.5;0;0;0;12;14.01;10;3;17;3;0;0;0;7;8.17;7;0;0;0;0;1,241;1,449.61;831;324;6;0;0;0;0;0;0;0;0;0;0;4;4.67;4;00:33;00:38;00:29;0;0;0;0;1,241;1.88;831;374;134;2;2.33;2;0;1 minute;00:20;0;0;35%;35%;0%
WhitevisionPS;1785;0;0;0;0;12%;1;1;1;0;515;1,034;515;1,328;2,667.64;1,328;741;2;4.01;8;16.07;8;4;4;0;0;0;4;8.03;4;0;0;0;0;0;0;3;6.02;3;0;0;0;0;242;486.79;242;150;4;0;1;1;0;0;1;2;1;0;0;6;12.05;6;00:21;00:42;00:21;0;0;0;0;242;1;242;32;8;0;0;0;0;3 minutes;00:48;0;0;25%;25%;100%
WidestLowen;0;0;0;0;0;100%;1;1;1;0.01;240;2,673;240;170;1,895.94;170;166;2;22.27;0;0;0;0;0;0;0;0;0;0;0;0;0;0;0;0;0;0;0;0;0;0;0;0;106;1,178.21;106;106;0;0;0;0;0;0;0;0;0;0;0;0;0;0;0;0;0;0;0;0;0;106;1.62;106;3;1;0;0;0;0;1 minute;0;0;0;33%;0;0
Wonga1963;0;0;0;0;0;0;0;0;0;0;3,345;10,252;3,345;1,564;4,794.75;1,564;1,160;5;15.32;4;12.26;4;2;0.8;0;0;0;5;15.32;5;0;0;0;0;0;0;0;0;0;0;0;0;0;584;1,791.58;584;375;2;0;0;0;0;0;0;0;0;0;0;1;3.06;1;00:07;00:21;00:07;0;0;0;0;584;2.15;584;26;13;0;0;0;0;4 minutes;0;0;0;50%;0;0
XDaRkFlMeMaSteX;3033;5;4.7;3;0;12%;8;5;2;0;5,830;5,491;2,804;7,990;7,524.65;3,773;1,511;12;11.3;12;11.3;5;4;1;0;0;0;11;10.35;7;0;0;0;0;1;0;6;5.65;5;1;1;0;0;2,210;2,081.51;1,319;708;4;0;3;2;1;0;0;0;0;0;0;4;3.76;4;01:09;01:05;00:37;0;0;0;0;2,210;2.26;1,319;199;66;2;1.88;1;0;16 minutes;0;0;0;33%;37%;30%
XenomorphKiller6;4432;6;3.4;3;2;17%;18;8;8;0.02;10,504;5,970;3,404;13,188;7,494.97;3,973;3,891;7;3.97;38;21.59;17;17;5.42;0;0;0;26;14.77;12;0;0;0;0;0;0;13;7.38;6;0;0;0;0;1,186;673.91;548;276;17;0;0;0;4;2;1;0.56;1;0;0;15;8.52;8;01:40;00:57;00:31;0;0;0;0;1,186;1.32;548;254;103;2;1.13;1;0;14.31908899359405 seconds;04:07;0;0;40%;50%;100%
xEvery_;3596;7;4.89;3;0;8%;14;5;3;0.01;26,525;18,555;9,812;15,045;10,524.29;3,945;2,369;15;10.49;29;20.28;7;6;1.93;0;0;0;19;13.29;6;0;0;0;0;0;0;12;8.39;6;1;1;0;0;1,968;1,376.8;760;259;6;0;5;1;3;2;0;0;0;0;0;13;9.09;6;03:14;02:16;00:44;0;0;0;0;1,968;1.62;760;375;159;1;0.69;1;0;20 minutes;03:11;0;0;42%;0;10%
xI_Ace_Ix;4158;13;7.04;6;1;13%;15;6;4;0.01;15,784;8,548;6,021;14,917;8,078.44;6,120;2,500;12;6.49;56;30.32;27;13;4.66;0;0;0;24;12.99;8;0;0;0;0;0;0;16;8.66;8;0;2;0;1;1,492;808.08;506;258;13;0;6;2;0;4;1;0.54;1;0;0;36;19.49;18;04:16;02:18;02:06;0;0;0;0;1,492;1.06;506;344;115;3;1.62;2;0;23 minutes;02:07;0;0;33%;38%;72%
XTheFunPolice;3609;11;6.8;8;0;17%;5;12;7;0.02;16,183;10,009;9,363;1,029;8,161.76;1,029;525;1;7.92;5;39.64;5;4;5;1;8;1;16;9.89;8;3;24;3;0;0;0;10;6.18;5;1;0;0;0;320;2,541.42;320;163;4;0;0;0;1;0;1;0.61;1;5;1;3;23.78;3;00:14;01:56;00:14;3;24;3;0;1,736;1.53;634;394;147;2;1.23;1;0;2 minutes;01:42;0;0;37%;50%;100%
xtrickharder_esp;4148;26;5.23;4;0;8%;39;9;7;0.01;38,863;7,829;7,886;4,441;9,576.47;2,975;2,071;6;12.93;6;12.93;4;3;1;12;26;10;49;9.87;8;17;37;14;0;0;0;3;6.46;2;0;0;1;0;1,092;2,354.84;547;545;3;0;2;0;1;1;3;0.6;1;3;1;43;8.66;8;00:37;01:21;00:25;4;9;3;0;4,958;1.51;1,010;1,346;547;11;2.21;5;0;7 minutes;00:20;0;0;40%;40%;50%
YoungShimada;3380;25;11.89;14;1;7%;13;6;3;0;15,445;7,349;5,701;19,860;9,449.17;7,853;4,006;20;9.51;66;31.4;27;14;3.3;0;0;0;27;12.84;14;0;0;0;0;0;0;16;7.61;9;0;2;0;1;2,577;1,226.15;877;571;14;0;7;3;1;4;0;0;0;4;1;28;13.32;14;05:17;02:31;02:04;0;0;0;0;2,577;1.49;877;520;183;2;0.95;2;0;28 minutes;04:42;0;0;35%;43%;66%
Zealousx;3334;17;7.42;8;0;11%;19;10;8;0.01;13,805;6,030;6,122;19,736;8,620.77;9,342;4,205;18;7.86;59;25.77;21;12;3.27;0;0;0;41;17.9;21;0;0;0;0;0;0;20;8.73;10;2;2;0;0;2,327;1,016.48;1,083;384;12;0;8;1;4;4;3;1.31;3;5;1;32;13.97;16;04:16;01:52;02:19;0;0;0;0;2,327;1.26;1,083;448;162;2;0.87;1;0;30 minutes;07:12;0;0;36%;45%;3%
ZeeTee_;4140;4;3.91;3;0;17%;15;10;3;0.01;8,387;8,213;6,188;8,930;8,744.27;5,694;1,892;6;5.87;21;20.56;15;7;3.5;0;0;0;15;14.68;7;0;0;0;0;0;0;10;9.79;7;0;1;0;1;1,119;1,095.7;643;352;7;0;3;2;0;1;0;0;0;0;0;5;4.89;5;01:00;00:59;00:43;0;0;0;0;1,119;1.25;643;296;86;5;4.89;3;0;14 minutes;0;0;0;29%;33%;91%
zmkrzmnbhr;2144;1;2.4;1;0;0;0;0;0;0;0;0;0;1,176;2,822.54;1,176;551;4;9.6;3;7.2;3;3;0.75;0;0;0;1;2.4;1;0;0;0;0;0;0;1;2.4;1;0;0;0;0;204;489.83;204;204;3;0;0;0;0;0;0;0;0;0;0;3;7.2;3;00:26;01:03;00:26;0;0;0;0;204;0.84;204;46;8;0;0;0;0;4 minutes;0;0;0;17%;17%;0
zousan-_-;2335;0;0;0;0;8%;1;1;1;0.01;571;2,664;571;1,181;5,509.17;1,181;799;2;9.33;0;0;0;0;0;0;0;0;3;13.99;3;0;0;0;0;0;0;0;0;0;0;0;0;0;235;1,097.42;235;150;0;0;1;0;0;0;0;0;0;0;0;0;0;0;00:10;00:50;00:10;0;0;0;0;235;3.06;235;23;12;0;0;0;0;1 minute;0;0;0;52%;52%;0
