aahmad3_3;2909;0;0;14%;5;3;2;0;4,034;3,159.23;2,662;1,418;7;5.48;0;0;0;5;3.91;3;2;0.71;0;0;0;4;3.13;2;1;1;0;0;0;0;0;0;2;0;0;0;4;3;0;1;0;0;0;0;0;2;1.56;2;00:06;00:04;00:06;0;0;0;0;1;29%;44%;5;3.91;3;34;115;0;0;0;144;35;4;3.13;2;0;9 minutes;0;0;0;0;0;0;24%;0;0
abra84kadabra;2388;0;0;0;0;0;0;0;2,102;2,857.48;1,784;943;3;4.07;0;0;0;5;6.79;4;3;1.66;0;0;0;1;1.35;1;1;1;0;0;0;0;0;0;3;0;0;0;2;1;0;1;0;0;0;0;0;0;0;0;0;0;0;0;0;0;0;2;43%;50%;0;0;0;20;46;0;0;0;111;36;0;0;0;0;6 minutes;0;0;0;2;2.71;1;32%;62%;15%
aisia121;4402;0;0;9%;68;15;8;0.02;28,505;5,641.25;3,396;2,363;34;6.72;0;0;0;83;16.42;15;7;2.44;0;1;0;49;9.69;12;0;5;0;5;0;0;0;0;7;0;0;0;13;3;4;6;0;0;0;0;0;10;1.97;5;00:57;00:11;00:17;0;0;0;0;6;41%;68%;17;3.36;3;155;372;0;0;0;2,494;691;15;2.96;6;0;47 minutes;02:52;0;0;5;0.98;1;27%;43%;98%
Akodak;3000;0;0;23%;10;10;5;0.04;3,520;6,123.72;3,520;1,975;3;5.21;0;0;0;9;15.65;9;5;3;0;0;0;6;10.43;6;1;1;0;0;0;0;0;0;5;0;0;0;2;0;1;1;0;0;0;0;0;3;5.21;3;00:02;00:04;00:02;0;0;0;0;3;38%;38%;7;12.17;7;25;65;0;0;0;99;42;3;5.21;3;0;4 minutes;0;0;0;0;0;0;42%;42%;0
angels_fan_44;0;0;0;5%;9;9;7;0.02;4,518;9,583.54;4,518;1,565;5;10.6;0;0;0;14;29.69;14;5;2.8;0;0;0;7;14.84;7;0;0;0;0;0;0;0;0;5;0;0;0;0;0;0;0;0;0;0;0;0;4;8.48;4;00:09;00:19;00:09;0;0;0;0;2;35%;35%;2;4.24;2;14;40;0;0;0;385;177;3;6.36;3;0;7 minutes;0;0;0;6;12.72;6;45%;0;0
APurplePanduh;4466;0;0;10%;5;2;2;0.02;2,786;6,417.3;1,192;1,166;4;9.21;0;0;0;5;11.51;3;3;1.25;0;0;0;4;9.21;2;0;0;0;0;0;0;0;0;3;0;0;0;1;0;0;0;0;0;0;0;0;0;0;0;00:08;00:18;00:07;0;0;0;0;0;41%;100%;5;11.51;2;16;39;0;0;0;105;49;4;9.21;2;0;4 minutes;0;0;1;0;0;0;46%;21%;100%
ATLXyphes;3256;0;13;11%;551;35;21;0.02;355,099;8,660.76;15,971;8,576;125;3.04;0;0;0;992;24.19;43;27;7.93;0;1;0;589;14.36;28;2;41;0;39;0;0;0;0;27;0;0;0;78;42;18;18;0;0;0;3;4;229;5.58;17;19:43;00:28;01:44;0;0;0;0;25;59%;92%;387;9.43;22;2,635;4,418;0;0;0;11,441;4,972;193;4.7;12;0;6 hours;01:18:40;0;3;123;2.99;7;43%;85%;94%
AutoBots_Kick_A;2901;0;0;10%;7;5;5;0.02;3,140;5,625.81;1,868;1,868;2;3.58;0;0;0;1;1.79;1;1;0.5;0;0;0;0;0;0;1;1;0;0;0;0;0;0;1;0;0;0;1;1;0;1;0;0;0;0;0;0;0;0;0;0;0;0;0;0;0;1;47%;61%;0;0;0;21;44;0;0;0;137;68;0;0;0;0;4 minutes;0;0;0;0;0;0;49%;37%;5%
BEBOFLOW-PR;3689;0;0;5%;6;3;2;0;7,774;9,614.71;3,630;1,977;11;13.6;0;0;0;13;16.07;8;4;1.18;0;0;0;7;8.65;5;0;0;0;1;0;0;0;0;4;0;0;0;1;1;1;0;0;0;0;0;0;8;9.89;6;00:06;00:07;00:06;0;0;0;0;4;31%;50%;5;6.18;3;61;193;0;0;0;447;108;1;1.23;1;0;2.6975769996643066 seconds;0;0;0;2;2.47;1;24%;10%;62%
BEN-B-en;0;0;0;12%;19;4;4;0.01;9,161;2,515.09;2,012;1,505;17;4.66;0;0;0;9;2.47;2;2;0.52;0;0;0;7;1.92;2;3;4;0;0;0;0;0;0;2;0;0;0;5;2;2;2;0;0;0;0;0;2;0.54;1;0;0;0;0;0;0;0;0;42%;100%;6;1.64;1;70;163;0;0;0;406;147;4;1.09;2;0;23 minutes;0;0;0;0;0;0;36%;86%;11%
boJangles408;2209;0;0;8%;51;25;10;0.02;23,061;9,069.78;8,225;2,654;22;8.65;0;0;0;56;22.02;30;9;2.54;0;0;0;33;12.97;15;2;3;0;1;0;0;0;0;9;0;0;0;6;3;2;1;0;0;0;0;0;18;7.07;9;01:09;00:27;00:49;0;0;0;2;14;57%;73%;17;6.68;7;142;248;0;0;0;1,613;570;12;4.71;5;0;29 minutes;03:55;0;2;2;0.78;2;35%;33%;32%
Buahahahaha;2770;0;0;12%;1;1;1;0;698;2,348.52;698;698;2;6.72;0;0;0;1;3.36;1;1;0.5;0;1;0;0;0;0;0;0;0;0;0;0;0;0;1;0;0;0;1;0;0;0;0;0;0;0;0;0;0;0;0;0;0;0;0;0;0;0;50%;50%;1;3.36;1;8;16;0;0;0;20;8;0;0;0;0;1 minute;0;0;0;0;0;0;40%;40%;0
bub_THe-_-Gr8;2378;0;0;22%;6;4;3;0.01;3,348;4,820.77;1,959;1,081;5;7.2;0;0;0;3;4.32;2;1;0.6;0;0;0;2;2.88;1;1;1;0;0;0;0;0;0;1;0;0;0;2;1;0;1;0;0;0;0;0;0;0;0;0;0;0;0;0;0;0;0;23%;36%;6;8.64;4;19;81;0;0;0;160;27;2;2.88;1;0;7 minutes;0;0;0;0;0;0;16%;19%;0
BunnyFuufu;4078;0;0;8%;118;38;14;0.03;57,754;13,959.26;15,905;5,997;29;7;0;0;0;137;33.11;37;19;4.72;0;1;0;83;20.06;24;1;4;1;2;0;0;0;0;19;0;0;0;11;6;1;4;3;0.72;2;0;0;36;8.7;11;02:18;00:33;00:51;0;0;0;0;21;51%;65%;41;9.9;14;356;693;0;0;0;3,505;1,372;33;7.97;6;0;1 hour;10:53;0;0;16;3.86;5;39%;40%;48%
buraki35;4286;0;0;15%;14;11;10;0.03;6,012;8,062.37;3,713;3,495;5;6.7;0;0;0;17;22.79;11;10;3.4;0;0;0;13;17.43;8;0;1;0;1;0;0;0;0;10;0;0;0;3;1;1;1;0;0;0;0;0;2;2.68;1;0;0;0;0;0;0;0;2;54%;72%;8;10.72;5;40;73;0;0;0;181;90;3;4.02;2;0;7 minutes;00:20;0;1;3;4.02;2;49%;52%;70%
ChaLiWang;3191;0;0;16%;16;8;7;0.03;3,732;3,633.24;2,059;1,388;3;2.92;0;0;0;12;11.68;6;6;4;0;0;0;8;7.78;4;0;1;0;1;0;0;0;0;6;0;0;0;2;0;0;1;0;0;0;0;0;3;2.92;2;00:05;00:05;00:05;0;0;0;0;3;35%;37%;3;2.92;1;24;67;0;0;0;260;100;5;4.86;3;0;7 minutes;00:02;0;0;0;0;0;38%;52%;100%
CrispeChris;3343;0;0;18%;3;2;2;0.02;945;4,523.91;767;767;0;0;0;0;0;6;28.71;4;4;0;0;0;0;2;9.57;1;0;0;0;0;0;0;0;0;4;0;0;0;1;0;0;0;0;0;0;0;0;3;14.35;2;00:09;00:44;00:07;0;0;0;0;0;36%;44%;2;9.57;1;9;25;0;0;0;75;16;1;4.78;1;0;2 minutes;0;0;1;1;4.78;1;21%;29%;100%
CyberBuIIying;4034;0;0;7%;1;1;1;0;1,440;7,461.81;1,386;1,386;1;5.18;0;0;0;1;5.18;1;1;1;0;0;0;1;5.18;1;0;0;0;0;0;0;0;0;1;0;0;0;0;0;0;0;0;0;0;0;0;0;0;0;00:00;00:02;00:00;0;0;0;0;0;42%;45%;1;5.18;1;11;26;0;0;0;49;14;1;5.18;1;0;1 minute;0;0;0;0;0;0;28%;0;100%
Dedicatus545___;2224;0;0;14%;5;5;5;0.03;1,162;3,051;1,162;927;1;2.62;0;0;0;3;7.87;3;3;3;0;0;0;2;5.25;2;0;0;0;0;0;0;0;0;3;0;0;0;1;0;0;0;0;0;0;0;0;2;5.25;2;00:05;00:14;00:05;0;0;0;0;0;26%;26%;2;5.25;2;5;19;0;0;0;86;34;0;0;0;0;--;0;0;0;0;0;0;39%;39%;0
DifferentD;3517;0;0;9%;5;5;3;0.01;1,450;12,530.11;1,450;1,430;1;8.64;0;0;0;10;28.9;10;4;5;0;0;0;9;26.01;9;0;0;0;0;0;0;0;0;4;0;0;0;0;0;0;1;0;0;0;0;0;0;0;0;0;0;0;0;0;0;0;2;42%;44%;4;11.56;4;23;54;0;0;0;127;98;5;14.45;5;0;--;0;0;1;0;0;0;77%;77%;0
Divinity-X-;4116;0;0;20%;12;9;5;0.02;78;1,929.79;78;78;1;24.69;0;0;0;16;21.84;13;8;5.33;0;0;0;11;15.02;10;0;0;0;1;0;0;0;0;8;0;0;0;0;0;0;0;0;0;0;0;0;1;1.36;1;0;0;0;0;0;0;0;3;38%;66%;11;15.02;9;32;83;0;0;0;251;8;4;5.46;3;0;35.76962096337229 seconds;00:55;0;0;3;4.09;2;3%;3%;75%
eastcoastrider71;2268;0;0;1%;3;3;3;0;6,617;8,922.95;5,097;4,431;5;6.74;0;0;0;10;13.48;9;9;2;0;0;0;1;1.34;1;1;1;0;0;0;0;0;0;9;0;0;0;1;1;0;0;0;0;0;0;0;1;1.34;1;00:07;00:09;00:07;0;0;0;0;2;43%;47%;2;2.69;2;75;173;0;0;0;452;173;0;0;0;0;9 minutes;0;0;0;2;2.69;2;38%;37%;2%
ecotaku;2368;0;0;5%;8;6;2;0;8,095;5,073.64;4,007;1,173;11;6.89;0;0;0;24;15.04;16;4;2.18;0;0;0;13;8.14;10;1;2;0;0;0;0;0;0;4;0;0;0;2;1;1;0;0;0;0;0;0;5;3.13;3;00:00;00:00;00:00;0;0;0;0;6;43%;75%;4;2.5;4;58;132;0;0;0;452;147;5;3.13;4;0;18 minutes;0;0;0;6;3.76;4;32%;48%;8%
eliteboy_1da;3496;0;0;25%;2;2;2;0.02;1,062;19,027.77;1,062;1,062;1;17.92;0;0;0;1;17.92;1;1;1;0;0;0;1;17.92;1;0;0;0;0;0;0;0;0;1;0;0;0;0;0;0;0;0;0;0;0;0;1;17.92;1;0;0;0;0;0;0;0;0;47%;47%;2;35.84;2;8;17;0;0;0;17;8;0;0;0;0;1 minute;0;0;0;0;0;0;47%;0;100%
Erenksk9;4169;0;0;9%;60;20;9;0.02;30,182;8,742.94;6,887;2,401;33;9.55;0;0;0;74;21.43;19;8;2.24;0;1;0;44;12.74;9;2;3;0;1;0;0;0;0;8;0;0;0;12;1;7;4;0;0;0;0;0;22;6.37;11;00:33;00:09;00:27;0;0;0;0;10;43%;71%;29;8.4;6;214;488;0;0;0;1,777;619;17;4.92;3;0;37 minutes;03:52;0;0;10;2.89;3;34%;55%;34%
EvanMario;0;0;0;11%;15;12;7;0.02;8,826;6,874.93;6,974;3,811;7;5.45;0;0;0;33;25.7;25;17;4.71;0;1;0;17;13.24;11;1;1;0;1;0;0;0;0;17;0;0;0;1;1;0;0;0;0;0;0;0;11;8.56;10;00:38;00:29;00:24;0;0;0;5;7;39%;47%;9;7.01;6;75;192;0;0;0;388;126;7;5.45;4;0;12 minutes;02:15;0;0;5;3.89;5;32%;0;100%
Fade_BR;0;0;0;8%;5;4;4;0.07;709;7,247.86;491;491;1;10.21;0;0;0;3;10.99;3;2;1.5;0;0;0;3;10.99;3;0;0;0;0;0;0;0;0;2;0;0;0;0;0;0;0;0;0;0;0;0;0;0;0;0;0;0;0;0;0;0;1;50%;50%;2;7.33;2;8;16;0;0;0;331;56;3;10.99;3;0;1 minute;00:18;0;0;0;0;0;16%;0;0
Flown_Jebus;4144;0;0;0;0;0;0;0;786;4,992.86;786;786;1;6.34;0;0;0;3;19.04;3;3;3;0;0;0;3;19.04;3;0;0;0;0;0;0;0;0;3;0;0;0;0;0;0;0;0;0;0;0;0;1;6.34;1;00:00;00:03;00:00;0;0;0;0;0;53%;53%;0;0;0;8;15;0;0;0;22;9;0;0;0;0;3.5391299966722727 seconds;00:02;0;1;0;0;0;40%;0;100%
FlyNameHere;2199;0;0;0;0;0;0;0;0;0;0;8;3;12.36;0;0;0;0;0;0;1;0;0;0;0;0;0;0;0;0;0;0;0;0;0;0;1;0;0;0;1;0;0;0;0;0;0;0;0;0;0;0;0;0;0;0;0;0;0;0;0;0;0;0;0;0;11;0;0;0;13;0;0;0;0;0;3 minutes;0;0;0;0;0;0;0;0;0
forrestsmith2;3084;0;0;11%;9;6;6;0.02;5,768;8,605.19;2,238;1,565;6;8.95;0;0;0;6;8.95;3;2;1;0;0;0;4;5.96;2;1;1;0;0;0;0;0;0;2;0;0;0;1;1;0;1;0;0;0;0;0;3;4.47;2;00:00;00:01;00:00;0;0;0;3;2;47%;62%;5;7.45;2;40;84;0;0;0;147;78;2;2.98;1;0;6 minutes;0;0;0;0;0;0;53%;69%;24%
fructoseghost;2909;0;0;3%;1;1;1;0.03;335;10,662.82;335;335;1;31.86;0;0;0;1;7.08;1;1;1;0;0;0;1;7.08;1;0;0;0;0;0;0;0;0;1;0;0;0;0;0;0;0;0;0;0;0;0;0;0;0;0;0;0;0;0;0;0;0;50%;50%;0;0;0;1;2;0;0;0;169;28;0;0;0;0;32.21319100353867 seconds;0;0;0;1;7.08;1;16%;0;0
games3_112;2604;0;2;8%;118;31;9;0.01;98,173;7,721.29;13,318;7,762;12;0.94;0;0;0;240;18.87;38;20;20;0;0;0;137;10.77;20;7;13;0;6;0;0;0;0;20;0;0;0;19;9;4;6;0;0;0;0;0;72;5.66;12;00:58;00:04;00:30;0;0;0;0;15;50%;85%;65;5.11;11;737;1,466;0;0;0;3,818;1,436;48;3.77;7;0;2 hours;08:30;0;6;35;2.75;7;37%;51%;48%
hiijle;2704;0;0;8%;8;3;2;0;9,848;5,346.79;3,189;3,189;14;7.6;0;0;0;23;12.48;9;9;1.64;0;0;0;15;8.14;5;1;2;0;1;0;0;0;0;9;0;0;0;4;2;0;1;0;0;0;0;0;8;4.34;3;00:02;00:01;00:00;0;0;0;0;3;30%;44%;6;3.25;3;75;244;0;0;0;420;99;6;3.25;2;0;23 minutes;0;0;1;6;3.25;3;23%;37%;27%
hourai127;2224;0;0;6%;109;10;5;0;132,366;3,831.47;8,118;3,659;109;3.15;0;0;0;204;5.9;13;6;1.87;0;7;0;115;3.32;8;30;35;0;5;0;0;0;0;6;0;0;0;38;14;9;15;0;0;0;0;0;66;1.91;6;01:40;00:02;00:13;0;0;0;0;8;43%;100%;76;2.19;7;1,146;2,656;0;0;0;5,497;1,625;35;1.01;4;0;5 hours;00:21;0;1;6;0.17;2;29%;100%;13%
JaredFogle420;2553;0;0;13%;83;28;10;0.01;54,278;9,046.29;10,798;4,111;54;9;0;0;0;134;22.33;33;14;2.48;0;0;0;83;13.83;21;6;6;0;0;0;0;0;0;14;0;0;0;11;4;3;4;0;0;0;4;1;37;6.16;15;00:29;00:04;00:23;0;0;0;0;12;52%;62%;56;9.33;14;446;844;0;0;0;1,370;634;44;7.33;14;0;1 hour;07:27;0;2;7;1.16;4;46%;60%;0
KILLER77_HAZZA3;3082;0;0;7%;7;3;3;0.01;3,965;7,082.51;2,856;1,074;3;5.35;0;0;0;12;21.43;6;5;4;0;0;0;7;12.5;4;0;1;0;0;0;0;0;0;5;0;0;0;1;0;0;0;0;0;0;0;0;2;3.57;1;00:11;00:20;00:07;0;0;0;0;5;38%;100%;4;7.14;3;23;59;0;0;0;278;91;1;1.78;1;0;7 minutes;0;0;0;1;1.78;1;32%;25%;85%
Killswitch2092;2806;0;1;4%;1;1;1;0.01;2,415;30,183.4;2,415;2,415;1;12.49;0;0;0;2;24.99;2;2;2;0;0;0;2;24.99;2;0;0;0;0;0;0;0;0;2;0;0;0;0;0;0;0;0;0;0;0;0;0;0;0;0;0;0;0;0;0;0;0;77%;77%;1;12.49;1;21;27;0;0;0;27;21;2;24.99;2;0;1 minute;0;0;0;0;0;0;77%;0;0
KingXacTz;0;29,382;13;8%;427;19;19;0.02;238,855;6,191.5;8,639;6,416;103;2.66;0;0;0;754;19.54;24;21;7.32;0;0;0;444;11.5;17;2;39;0;37;29,382;762;0;23;21;0;0;0;97;37;27;33;1;0.02;1;0;0;176;4.56;9;13:41;00:21;01:08;0;0;0;0;15;47%;100%;197;5.1;7;1,874;3,968;17,621;0.91;0;15,243;4,830;151;3.91;6;1;5 hours;01:01:02;0;52;68;1.76;6;31%;86%;95%
koba-ya;1337;0;0;5%;58;9;9;0;53,860;5,085.69;9,380;6,579;14;1.32;0;0;0;101;9.53;25;16;7.21;0;1;0;65;6.13;15;8;11;0;2;0;0;0;0;16;0;0;0;10;4;1;5;0;0;0;0;0;26;2.45;6;00:04;00:00;00:02;0;0;0;0;4;58%;100%;35;3.3;8;370;634;0;0;0;2,427;1,041;34;3.21;9;0;1 hour;00:20;0;8;8;0.75;3;42%;100%;17%
koh_1655;2387;0;0;0;0;0;0;0;2,606;5,775.7;2,366;1,160;2;4.43;0;0;0;2;4.43;2;2;1;0;0;0;1;2.21;1;0;0;0;0;0;0;0;0;2;0;0;0;1;0;0;1;0;0;0;0;0;1;2.21;1;0;0;0;0;0;0;0;1;52%;60%;0;0;0;23;44;0;0;0;45;23;0;0;0;0;5 minutes;0;0;0;0;0;0;51%;60%;0
kon5-TDRoki;2084;0;0;4%;21;4;4;0.01;15,473;6,330.21;5,557;4,981;20;8.18;0;0;0;29;11.86;9;9;1.45;0;1;0;11;4.5;4;2;2;0;0;0;0;0;0;9;0;0;0;3;1;1;1;0;0;0;0;0;6;2.45;2;00:08;00:03;00:03;0;0;0;0;3;49%;66%;6;2.45;2;81;163;0;0;0;1,376;488;2;0.81;1;0;25 minutes;0;0;4;5;2.04;3;35%;66%;7%
LuckyC723;3859;0;0;10%;35;22;6;0.02;21,253;9,385.07;12,602;3,816;17;7.5;0;0;0;36;15.89;21;9;2.11;0;0;0;19;8.39;9;1;2;0;1;0;0;0;0;9;0;0;0;3;2;0;0;0;0;0;0;0;12;5.29;7;00:10;00:04;00:06;0;0;0;0;11;50%;60%;21;9.27;13;130;256;0;0;0;801;329;4;1.76;2;0;25 minutes;00:58;0;0;4;1.76;3;41%;40%;44%
M5roosh_ksa;3563;0;0;9%;9;5;4;0.01;6,994;5,553.89;3,906;2,468;11;8.73;0;0;0;8;6.35;7;3;0.72;0;1;0;7;5.55;6;1;1;0;0;0;0;0;0;3;0;0;0;4;1;2;1;0;0;0;0;0;3;2.38;3;00:02;00:01;00:02;0;0;0;0;2;48%;81%;6;4.76;4;50;104;0;0;0;301;92;2;1.58;2;0;13 minutes;0;0;1;1;0.79;1;30%;52%;0
MAAFX;2990;0;0;8%;5;5;3;0.01;4,117;8,729.56;3,951;1,773;7;14.84;0;0;0;5;10.6;5;3;0.71;0;2;0;2;4.24;2;0;0;0;0;0;0;0;0;3;0;0;0;1;0;0;0;0;0;0;0;0;0;0;0;00:02;00:04;00:02;0;0;0;0;4;51%;58%;4;8.48;4;27;52;0;0;0;290;59;1;2.12;1;0;5 minutes;0;0;0;2;4.24;2;20%;9%;58%
Megaan_57;3178;0;0;41%;5;2;2;0.02;2,083;9,685.06;620;620;2;9.29;0;0;0;3;13.94;2;1;1.5;0;0;0;3;13.94;2;0;0;0;0;0;0;0;0;1;0;0;0;1;0;0;0;0;0;0;0;0;0;0;0;0;0;0;0;0;0;0;0;44%;100%;5;23.24;2;13;29;0;0;0;29;12;1;4.64;1;0;3 minutes;0;0;0;0;0;0;41%;0;34%
Miz_One;1361;0;0;4%;19;19;7;0.01;7,229;8,350.8;6,391;1,833;6;6.93;0;0;0;17;19.63;14;6;2.83;0;0;0;5;5.77;5;1;1;0;0;0;0;0;0;6;0;0;0;0;0;0;0;0;0;0;0;0;9;10.39;8;00:27;00:31;00:21;0;0;0;0;10;23%;27%;3;3.46;3;34;146;0;0;0;1,412;395;1;1.15;1;0;16 minutes;0;0;1;5;5.77;4;27%;36%;33%
Mr_savage_75;3001;0;0;10%;6;6;4;0.03;2,327;5,443.41;2,327;981;3;7.01;0;0;0;4;9.35;4;2;1.33;0;0;0;2;4.67;2;0;0;0;0;0;0;0;0;2;0;0;0;1;1;0;0;0;0;0;0;0;1;2.33;1;0;0;0;0;0;0;0;1;48%;48%;1;2.33;1;14;29;0;0;0;126;59;1;2.33;1;0;2 minutes;0;0;0;2;4.67;2;46%;46%;0
ohEvasive;3385;0;0;6%;1;1;1;0.01;1,330;10,737.27;1,330;1,330;0;0;0;0;0;3;24.22;3;3;0;0;0;0;1;8.07;1;0;0;0;0;0;0;0;0;3;0;0;0;0;0;0;0;0;0;0;0;0;1;8.07;1;00:01;00:08;00:01;0;0;0;0;3;46%;46%;1;8.07;1;15;32;0;0;0;35;15;0;0;0;0;1 minute;00:08;0;0;0;0;0;42%;0;100%
OlyMpiC_GER;2967;0;0;9%;89;26;7;0.02;47,825;10,117.01;16,474;3,960;49;10.36;0;0;0;74;15.65;24;11;1.51;0;0;0;28;5.92;11;4;5;1;0;0;0;0;0;11;0;0;0;4;3;0;2;0;0;0;0;0;21;4.44;10;01:55;00:24;00:49;0;0;0;0;10;52%;61%;27;5.71;11;311;592;0;0;0;2,466;951;9;1.9;3;0;57 minutes;00:17;0;0;13;2.75;3;38%;50%;0
Opticflare64;2488;0;0;14%;4;4;4;0.02;1,099;3,586.02;1,099;1,099;0;0;0;0;0;7;22.84;7;7;0;0;0;0;5;16.32;5;0;0;0;0;0;0;0;0;7;0;0;0;1;0;0;1;0;0;0;0;0;1;3.26;1;0;0;0;0;0;0;0;2;14%;14%;1;3.26;1;5;35;0;0;0;116;28;1;3.26;1;0;2 minutes;0;0;0;2;6.52;2;24%;24%;100%
praktommy;3870;0;0;0;0;0;0;0;562;9,639.05;327;327;0;0;0;0;0;0;0;0;0;0;0;0;0;0;0;0;0;0;0;0;0;0;0;0;0;0;0;0;0;0;0;0;0;0;0;0;0;0;0;0;0;0;0;0;0;0;0;0;83%;100%;0;0;0;5;6;0;0;0;30;5;0;0;0;0;35.631389015354216 seconds;0;0;0;0;0;0;16%;0;70%
Prey1nMantis;2494;0;0;20%;9;5;5;0.01;3,936;2,874.69;2,155;2,155;0;0;0;0;0;14;10.22;7;7;0;0;0;0;10;7.3;4;1;1;0;0;0;0;0;0;7;0;0;0;4;1;2;2;0;0;0;0;0;0;0;0;0;0;0;0;0;0;0;2;40%;47%;6;4.38;3;30;75;0;0;0;117;44;5;3.65;3;0;13 minutes;0;0;0;1;0.73;1;37%;42%;0
Prince_Fatman;2466;0;0;5%;16;5;4;0.01;15,589;7,263.75;2,927;2,375;15;6.98;0;0;0;37;17.24;10;6;2.46;0;1;0;21;9.78;8;1;2;0;2;0;0;0;0;6;0;0;0;4;1;1;2;0;0;0;0;0;10;4.65;4;00:10;00:05;00:05;0;0;0;0;3;52%;100%;13;6.05;4;117;222;0;0;0;754;316;6;2.79;3;0;23 minutes;01:32;0;0;4;1.86;2;41%;80%;70%
Quentin_JJ;0;0;0;0;0;0;0;0;1,341;17,059.87;1,341;1,341;1;12.72;0;0;0;0;0;0;0;0;0;0;0;0;0;0;0;0;0;0;0;0;0;0;0;0;0;0;0;0;0;0;0;0;0;0;0;0;0;0;0;0;0;0;0;0;0;0;66%;66%;0;0;0;10;15;0;0;0;38;22;0;0;0;0;58.51902997214347 seconds;0;0;0;0;0;0;57%;0;100%
rencpee;2745;0;0;7%;1;1;1;0;932;2,398.73;658;406;2;5.14;0;0;0;2;5.14;2;2;1;0;0;0;1;2.57;1;0;0;0;0;0;0;0;0;2;0;0;0;1;0;0;0;0;0;0;0;0;1;2.57;1;00:09;00:25;00:08;0;0;0;0;4;32%;36%;1;2.57;1;9;28;0;0;0;42;14;0;0;0;0;--;0;0;0;0;0;0;33%;0;0
Rhinoblue123RED;2145;0;0;6%;76;12;6;0;99,167;9,024.89;12,565;6,146;56;5.09;0;0;0;197;17.92;27;15;3.51;0;0;0;109;9.91;18;6;11;1;5;0;0;0;0;15;0;0;0;13;7;3;4;0;0;0;0;0;57;5.18;9;00:39;00:03;00:09;0;0;0;0;9;44%;52%;63;5.73;10;935;2,102;0;0;0;3,108;1,219;29;2.63;5;0;2 hours;03:10;0;3;33;3;5;39%;47%;42%
Rockethiethm;4253;0;0;25%;3;3;1;0.01;1,620;5,823.44;1,620;1,025;3;10.78;0;0;0;2;7.18;2;2;0.66;0;0;0;2;7.18;2;0;0;0;0;0;0;0;0;2;0;0;0;1;0;1;1;0;0;0;0;0;0;0;0;0;0;0;0;0;0;0;1;41%;41%;3;10.78;3;12;29;0;0;0;40;12;0;0;0;0;2 minutes;00:20;0;0;0;0;0;30%;0;0
RyanAM;4121;0;1;12%;23;8;7;0.02;17,066;8,859.3;4,978;4,548;7;3.63;0;0;0;48;24.91;15;14;6.85;0;0;0;34;17.64;10;0;2;0;2;0;0;0;0;14;0;0;0;4;1;1;2;0;0;0;0;0;8;4.15;5;00:32;00:17;00:32;0;0;0;0;8;55%;66%;17;8.82;7;129;233;0;0;0;411;181;15;7.78;7;0;17 minutes;06:55;0;1;3;1.55;2;44%;42%;99%
shadowstrixx;2873;0;0;21%;23;20;18;0.09;3,016;6,841.27;2,689;1,329;5;11.34;0;0;0;4;9.07;4;3;0.8;0;0;0;3;6.8;3;0;0;0;0;0;0;0;0;3;0;0;0;1;0;0;1;0;0;0;0;0;1;2.26;1;00:08;00:19;00:08;0;0;0;0;2;51%;56%;0;0;0;14;27;0;0;0;355;107;1;2.26;1;0;4 minutes;0;0;0;1;2.26;1;30%;36%;0
Shikurikato-;4163;0;0;0;0;0;0;0;16;337.88;16;16;0;0;0;0;0;0;0;0;0;0;0;0;0;0;0;0;0;0;0;0;0;0;0;0;0;0;0;0;0;0;0;0;0;0;0;0;0;0;0;0;0;0;0;0;0;0;0;0;25%;25%;0;0;0;1;4;0;0;0;4;1;0;0;0;0;14.032369998283684 seconds;0;0;0;0;0;0;25%;0;0
Smithered;4207;0;0;0;0;0;0;0;120;13,298.54;120;120;0;0;0;0;0;0;0;0;0;0;0;0;0;0;0;0;0;0;0;0;0;0;0;0;0;0;0;0;0;0;0;0;0;0;0;0;0;0;0;0;0;0;0;0;0;0;0;0;33%;33%;0;0;0;1;3;0;0;0;3;1;0;0;0;0;11.311939994804561 seconds;0;0;0;0;0;0;33%;0;0
stiouf3;3519;0;0;13%;11;11;4;0.02;5,076;12,676.24;5,076;2,392;4;9.98;0;0;0;11;27.47;11;6;2.75;0;0;0;8;19.97;8;0;0;0;0;0;0;0;0;6;0;0;0;1;0;0;1;1;2.49;1;0;0;1;2.49;1;00:04;00:11;00:04;0;0;0;0;7;58%;58%;6;14.98;6;36;62;0;0;0;276;83;3;7.49;3;0;6 minutes;01:17;0;0;2;4.99;2;30%;0;97%
subzilllaa;3870;0;0;0;0;0;0;0;115;6,990.13;115;115;0;0;0;0;0;0;0;0;0;0;0;0;0;0;0;0;0;0;0;0;0;0;0;0;0;0;0;0;0;0;0;0;0;0;0;0;0;0;0;0;0;0;0;0;0;0;0;0;25%;25%;0;0;0;1;4;0;0;0;4;1;0;0;0;0;15.938878998160362 seconds;0;0;0;0;0;0;25%;0;100%
SugahFree;3000;0;1;4%;3;3;3;0;6,420;10,236.64;5,054;5,054;1;1.59;0;0;0;8;12.75;7;7;8;0;0;0;7;11.16;6;1;1;0;0;0;0;0;0;7;0;0;0;2;0;2;0;0;0;0;0;0;1;1.59;1;0;0;0;0;0;0;0;1;59%;68%;3;4.78;3;57;96;0;0;0;125;74;3;4.78;3;0;5 minutes;0;0;0;0;0;0;59%;59%;17%
Surrturr;2807;0;0;0;0;0;0;0;168;749.73;168;168;1;4.45;0;0;0;0;0;0;0;0;0;0;0;0;0;0;0;0;0;0;0;0;0;0;0;0;0;0;0;0;0;0;0;0;0;0;0;0;0;0;00:00;00:02;00:00;0;0;0;0;0;50%;100%;0;0;0;1;2;0;0;0;26;10;0;0;0;0;1 minute;0;0;0;0;0;0;38%;42%;0
TheBritishMoo;2638;0;0;54%;6;6;6;0.06;967;8,293.98;967;967;1;8.57;0;0;0;4;34.29;4;4;4;0;0;0;2;17.14;2;0;0;0;0;0;0;0;0;4;0;0;0;0;0;0;0;0;0;0;0;0;3;25.72;3;00:12;01:48;00:12;0;0;0;0;1;31%;31%;5;42.87;5;7;22;0;0;0;34;11;0;0;0;0;1 minute;0;0;0;1;8.57;1;32%;0;0
timohilde86;3478;0;0;3%;4;4;4;0.01;2,819;4,618.67;2,819;2,819;0;0;0;0;0;11;18.02;11;11;0;0;0;0;6;9.83;6;0;1;0;1;0;0;0;0;11;0;0;0;2;1;1;1;0;0;0;0;0;3;4.91;3;00:04;00:07;00:04;0;0;0;0;6;65%;65%;1;1.63;1;13;20;0;0;0;234;121;2;3.27;2;0;3 minutes;0;0;0;1;1.63;1;51%;51%;100%
tomidaiki;2827;0;0;25%;1;1;1;0.01;610;6,510.64;610;610;2;21.34;0;0;0;0;0;0;0;0;0;0;0;0;0;0;0;0;0;0;0;0;0;0;0;0;0;0;0;0;0;0;0;0;0;0;0;0;0;0;00:02;00:23;00:02;0;0;0;0;0;66%;66%;1;10.67;1;4;6;0;0;0;6;4;0;0;0;0;1 minute;0;0;1;0;0;0;66%;0;0
Ultimate-X23;0;0;0;5%;1;1;1;0;867;886.44;867;379;5;5.1;0;0;0;3;3.06;3;2;0.6;0;1;0;2;2.04;2;1;1;0;0;0;0;0;0;2;0;0;0;0;0;0;0;0;0;0;0;0;0;0;0;0;0;0;0;0;0;0;1;66%;66%;1;1.02;1;4;6;0;0;0;33;17;1;1.02;1;0;3 minutes;0;0;0;2;2.04;2;51%;0;0
Uryu_CsP;4564;0;0;16%;29;10;8;0.03;12,535;8,901.61;4,647;2,458;10;7.1;0;0;0;38;26.98;13;7;3.8;0;0;0;26;18.46;11;0;1;0;1;0;0;0;0;7;0;0;0;4;1;2;1;0;0;0;0;0;7;4.97;5;00:26;00:19;00:17;0;0;0;3;9;50%;62%;17;12.07;9;82;163;0;0;0;443;180;8;5.68;5;0;14 minutes;01:04;0;0;4;2.84;1;40%;43%;80%
wannchan_1208;3680;0;0;14%;2;2;1;0;1,408;2,726.35;1,359;782;3;5.8;0;0;0;7;13.55;6;4;2.33;0;0;0;6;11.61;5;0;1;0;1;0;0;0;0;4;0;0;0;0;0;0;0;0;0;0;0;0;5;9.68;4;00:29;00:57;00:29;0;0;0;0;1;30%;32%;2;3.87;2;14;46;0;0;0;46;14;2;3.87;2;0;3 minutes;0;0;0;0;0;0;30%;16%;100%
x_CyberHunter_x;3500;0;0;4%;2;2;1;0;2,650;7,555.08;2,650;846;5;14.25;0;0;0;4;11.4;4;2;0.8;0;0;0;3;8.55;3;0;0;0;0;0;0;0;0;2;0;0;0;0;0;0;0;1;2.85;1;0;0;0;0;0;00:07;00:22;00:07;0;0;0;0;0;50%;50%;0;0;0;21;42;0;0;0;141;46;0;0;0;0;4 minutes;0;0;0;1;2.85;1;32%;32%;0
Xecrets;3992;0;0;0;0;0;0;0;686;7,664.43;686;686;1;11.16;0;0;0;0;0;0;0;0;0;0;0;0;0;0;0;0;0;0;0;0;0;0;0;0;0;0;0;0;0;0;0;0;0;0;0;0;0;0;0;0;0;0;0;0;0;0;33%;33%;0;0;0;6;18;0;0;0;24;6;0;0;0;0;1 minute;0;0;0;0;0;0;25%;0;0
XenomorphKiller6;4432;0;0;0;0;0;0;0;120;1,940;120;120;0;0;0;0;0;0;0;0;0;0;0;0;0;0;0;0;0;0;0;0;0;0;0;0;0;0;0;0;0;0;0;0;0;0;0;0;0;0;0;0;0;0;0;0;0;0;0;0;50%;50%;0;0;0;1;2;0;0;0;2;1;0;0;0;0;18.32980902865529 seconds;0;0;0;0;0;0;50%;0;100%
xtrickharder_esp;4148;0;0;17%;18;11;11;0.04;7,285;11,454.34;2,649;2,649;3;4.71;0;0;0;17;26.72;6;5;5.66;0;0;0;11;17.29;6;0;1;0;0;0;0;0;0;5;0;0;0;2;0;1;0;1;1.57;1;0;0;3;4.71;1;00:13;00:20;00:13;0;0;0;6;4;38%;41%;10;15.72;5;47;123;0;0;0;258;104;5;7.86;3;0;7 minutes;00:58;0;0;0;0;0;40%;41%;70%
XxDPROxSKILLZxX;4664;0;0;0;0;0;0;0;0;0;0;0;0;0;0;0;0;0;0;0;0;0;0;0;0;0;0;0;0;0;0;0;0;0;0;0;0;0;0;0;0;0;0;0;0;0;0;0;0;0;0;0;0;0;0;0;0;0;0;0;0;0;0;0;0;0;3;0;0;0;3;0;0;0;0;0;9.354616004042327 seconds;0;0;0;0;0;0;0;0;100%
zwordz;4050;0;0;14%;9;4;4;0.01;7,884;11,183.77;2,847;2,847;5;7.09;0;0;0;9;12.76;4;3;1.8;0;0;0;5;7.09;3;1;1;0;0;0;0;0;0;3;0;0;0;3;0;2;1;0;0;0;0;0;2;2.83;2;00:02;00:02;00:02;0;0;0;0;1;47%;63%;9;12.76;4;58;121;0;0;0;172;61;1;1.41;1;0;8 minutes;0;0;1;0;0;0;35%;63%;26%
