abra84kadabra;2388;0;0;0;0;3%;40;16;13;0.04;6,868;4,075.08;2,740;1,678;11;6.52;0;0;0;9;5.33;5;3;0.81;0;0;0;0;0;0;0;1;0;5;2.96;3;1;2;0;0;0;0;0;0;3;0;0;1;0;0;1;0;0;0;0;0;0;0;3;1.77;3;00:45;00:27;00:16;0;0;0;2;1.18;2;1;0.59;1;844;1;379;3,280;1,098;1;0.59;1;0;0;0;0;0;13 minutes;0;0;0;0;33%;10%;15%
aisia121;4402;0;0;0;178;5%;48,954;251;100;0.13;6,478,924;13,376.98;27,883;11,272;3,693;7.62;0;0;0;16,259;33.56;73;31;4.4;0;0;0;0;0;0;0;35;0;9,230;19.05;50;69;484;14;401;0;0;0;0;31;0;0;1,330;380;523;427;14;0.02;2;0;0;5;357;4,983;10.28;29;06:58:47;00:51;03:19;0;0;0;2,687;5.54;19;1,457;3;11;436,291;1.24;2,142;2,237,810;960,579;2,062;4.25;19;0;0;4;0;0;97 hours;16:01:16;0;0;20;42%;59%;82%
AkimboMistiK;4165;0;0;0;0;5%;101;46;17;0.13;10,735;13,551.94;5,007;1,920;10;12.62;0;0;0;29;36.6;11;8;2.9;0;0;0;0;0;0;0;0;0;12;15.14;5;1;1;0;0;0;0;0;0;8;0;0;2;2;0;0;2;2.52;1;0;0;0;0;12;15.14;5;00:54;01:08;00:32;0;0;0;2;2.52;1;3;3.78;2;1,145;1.56;656;4,450;1,695;0;0;0;0;0;0;0;0;12 minutes;00:14;0;0;0;38%;0;25%
Akodak;3000;0;0;0;0;6%;425;186;32;0.13;42,773;10,824.88;15,829;3,520;32;8.09;0;0;0;127;32.14;47;12;3.96;0;0;0;0;0;0;0;2;0;63;15.94;27;0;4;0;3;0;0;0;0;12;0;0;9;5;1;2;1;0.25;1;0;0;0;0;44;11.13;18;06:22;01:36;03:18;0;0;0;9;2.27;5;8;2.02;3;4,825;1.52;1,955;22,962;6,805;14;3.54;8;0;0;0;0;0;52 minutes;02:46;0;0;2;29%;46%;86%
amako193;0;0;0;0;0;4%;165;83;35;0.09;19,244;7,217.22;10,211;2,466;19;7.12;0;0;0;34;12.75;25;4;1.78;0;0;0;0;0;0;0;0;0;21;7.87;15;2;3;1;0;0;0;0;0;4;0;0;7;2;2;4;0;0;0;0;0;4;1;18;6.75;12;02:03;00:46;00:50;0;0;0;5;1.87;4;5;1.87;2;1,392;0.78;784;10,364;3,481;4;1.5;2;0;0;0;0;0;29 minutes;00:05;0;0;0;33%;37%;0
Angel_L_AssAssin;3851;0;0;0;1;7%;406;232;58;0.19;33,747;14,464.53;15,073;4,112;28;12;0;0;0;85;36.43;37;10;3.03;0;0;0;0;0;0;0;0;0;42;18;18;1;2;0;1;0;0;0;0;10;0;0;7;1;4;3;0;0;0;0;0;3;3;37;15.85;18;02:46;01:11;01:10;0;0;0;16;6.85;7;7;3;3;2,683;1.28;1,214;16,756;5,147;8;3.42;5;0;0;0;0;0;34 minutes;04:59;0;0;12;30%;33%;61%
angels_fan_44;0;0;0;0;0;3%;54;29;15;0.08;6,923;8,474.2;3,062;1,779;9;11.01;0;0;0;17;20.8;11;11;1.88;0;0;0;0;0;0;0;0;0;6;7.34;4;1;1;0;0;0;0;0;0;11;0;0;2;1;1;0;0;0;0;0;0;0;0;12;14.68;8;01:16;01:34;00:48;0;0;0;1;1.22;1;2;2.44;1;1,093;1.77;437;3,230;1,407;2;2.44;1;0;0;0;0;0;10 minutes;00:04;0;0;0;43%;0;0
Arash1994;3986;0;0;0;0;3%;69;50;29;0.17;270;1,483.98;270;270;2;10.99;0;0;0;21;40.9;14;10;4.2;0;0;0;0;0;0;0;0;0;12;23.37;8;0;0;0;0;2,219;12,194;2,109;2,109;10;0;0;1;0;0;0;0;0;0;0;0;0;0;9;17.52;7;00:51;01:40;00:32;0;0;0;4;7.79;3;3;5.84;2;168;1.18;166;3,530;1,781;5;9.73;4;0;0;0;0;0;2 minutes;03:55;0;0;0;50%;55%;17%
ATLXyphes;3256;0;0;0;14;6%;6,759;371;90;0.15;685,309;13,478.11;23,911;7,526;438;8.61;0;0;0;1,965;38.64;65;21;4.48;0;0;0;0;0;0;0;7;0;897;17.64;38;11;51;3;37;0;0;0;0;21;0;0;128;45;36;47;9;0.17;2;0;0;5;55;780;15.34;37;01:09:27;01:21;03:48;0;0;0;297;5.84;14;168;3.3;7;48,303;1.12;1,857;300,762;110,085;137;2.69;9;0;0;1;0;0;11 hours;01:22:49;0;0;2;36%;48%;72%
AustinC209x;3000;0;0;0;0;10%;51;51;51;0.32;2,299;7,011.78;2,299;2,299;0;0;0;0;0;12;36.6;12;12;0;0;0;0;0;0;0;0;0;0;8;24.4;8;0;0;0;0;0;0;0;0;12;0;0;1;0;1;0;0;0;0;0;0;0;0;0;0;0;00:03;00:10;00:03;0;0;0;1;3.05;1;0;0;0;324;2.05;324;1,418;479;2;6.1;2;0;0;0;0;0;2 minutes;0;0;0;0;33%;33%;100%
AutoBots_Kick_A;2901;0;0;0;0;6%;276;49;24;0.13;27,263;9,811.88;5,449;2,865;23;8.27;0;0;0;75;26.99;17;7;3.26;0;0;0;0;0;0;0;0;0;32;11.51;8;2;3;0;1;0;0;0;0;7;0;0;7;2;2;3;0;0;0;0;0;0;0;30;10.79;8;04:13;01:31;01:03;0;0;0;5;1.79;2;4;1.43;2;3,162;1.49;564;13,376;4,513;7;2.51;2;0;0;0;0;0;35 minutes;00:18;0;0;4;33%;59%;39%
AutumnLovely6;2983;0;0;0;11;6%;1,733;270;90;0.15;187,923;12,282.51;21,123;6,034;163;10.65;0;0;0;487;31.82;64;16;2.98;0;0;0;0;0;0;0;3;0;311;20.32;39;0;0;2;8;3;54;3;3;16;0;0;0;0;33;0;7;0.45;1;0;0;3;1;170;11.11;33;19:12;01:15;02:31;0;0;0;82;5.35;14;62;4.05;9;3;0.18;3;70,200;26,828;116;7.58;21;0;0;0;0;0;17.720547009259462 seconds;40:59;0;0;10;38%;46%;53%
bboyer123;2553;0;0;0;0;4%;56;21;10;0.09;6,909;8,972.17;3,443;1,360;11;14.28;0;0;0;19;24.67;8;6;1.72;0;0;0;0;0;0;0;2;0;6;7.79;5;0;1;0;1;0;0;0;0;6;0;0;1;1;0;0;0;0;0;0;0;3;1;10;12.98;6;00:41;00:53;00:28;0;0;0;3;3.89;2;3;3.89;1;524;0.85;338;2,848;1,160;3;3.89;3;0;0;0;0;0;10 minutes;00:09;0;0;0;40%;41%;78%
BEBOFLOW-PR;3689;0;0;0;0;4%;71;30;12;0.1;10,196;15,291.44;4,147;2,207;11;16.49;0;0;0;9;13.49;4;3;0.81;0;0;0;0;0;0;0;0;0;3;4.49;1;0;0;0;0;0;0;0;0;3;0;0;0;0;0;0;0;0;0;0;0;0;0;5;7.49;3;00:47;01:11;00:21;0;0;0;3;4.49;3;1;1.49;1;693;1.04;440;5,120;1,588;0;0;0;0;0;0;0;0;--;00:20;0;0;0;31%;43%;8%
BEN-B-en;0;0;0;0;17;4%;7,648;200;57;0.09;1,155,894;11,997.58;22,651;10,106;983;10.2;0;0;0;2,904;30.14;54;26;2.95;0;0;0;0;0;0;0;20;0;1,503;15.6;34;52;96;5;40;0;0;0;0;26;0;0;232;85;70;77;23;0.23;3;0;0;4;25;1,060;11;23;01:41:12;01:03;02:23;0;0;0;401;4.16;10;208;2.15;10;97,446;1.22;1,573;484,772;179,507;369;3.83;11;0;0;2;0;0;22 hours;01:35:33;0;0;13;37%;100%;41%
bhmazz;2534;0;0;0;1;7%;236;62;28;0.13;18,152;8,310.98;6,347;2,518;29;13.27;0;0;0;47;21.51;20;4;1.62;0;0;0;0;0;0;0;3;0;23;10.53;10;1;2;1;1;0;0;0;0;4;0;0;5;2;1;2;2;0.91;2;0;0;3;1;23;10.53;14;03:03;01:24;01:07;0;0;0;2;0.91;1;1;0.45;1;2,274;1.29;777;11,702;3,358;7;3.2;3;0;0;0;0;0;29 minutes;01:33;0;0;0;28%;27%;24%
blueschopper0628;1959;0;0;0;0;5%;13;13;11;0.14;2,034;20,820.94;2,034;1,506;2;20.47;0;0;0;1;10.23;1;1;0.5;0;0;0;0;0;0;0;0;0;1;10.23;1;0;0;0;0;0;0;0;0;1;0;0;0;0;0;0;0;0;0;0;0;0;0;0;0;0;00:15;02:36;00:15;0;0;0;0;0;0;1;10.23;1;113;1.22;113;798;245;0;0;0;0;0;0;0;0;1 minute;0;0;0;0;30%;30%;0
boneh;3996;0;0;0;4;5%;721;121;51;0.14;83,155;11,660.86;14,235;5,868;71;9.95;0;0;0;240;33.65;33;18;3.38;0;0;0;0;0;0;0;1;0;118;16.54;20;2;7;0;6;0;0;0;0;18;0;0;21;8;8;4;0;0;0;0;0;4;2;95;13.32;19;07:50;01:05;01:38;0;0;0;32;4.48;8;26;3.64;4;7,176;1.42;1,507;37,564;14,082;29;4.06;11;0;0;0;0;0;1 hour;13:39;0;0;0;37%;42%;77%
BunnyFuufu;4078;0;0;0;2;6%;735;222;66;0.18;59,660;15,391.34;17,458;2,825;57;14.7;0;0;0;125;32.24;40;11;2.19;0;0;0;0;0;0;0;0;0;68;17.54;23;2;4;0;1;0;0;0;0;11;0;0;11;1;6;3;1;0.25;1;0;0;3;1;40;10.31;15;03:58;01:01;01:23;0;0;0;10;2.57;4;13;3.35;5;6,057;1.54;1,969;27,414;11,139;23;5.93;8;0;0;0;0;0;1 hour;04:39;0;0;0;40%;44%;36%
buraki35;4286;0;0;0;14;5%;3,050;178;67;0.16;378,080;17,011.14;18,808;6,447;266;11.96;0;0;0;967;43.5;48;22;3.63;0;0;0;0;0;0;0;3;0;500;22.49;25;8;22;1;14;0;0;0;0;22;0;0;78;13;45;20;1;0.04;1;0;0;4;17;407;18.31;22;34:26;01:32;02:04;0;0;0;138;6.2;8;74;3.32;5;23,716;1.28;1,368;149,906;60,082;100;4.49;7;0;0;1;0;0;5 hours;01:22:56;0;0;6;40%;64%;60%
Cassia7;3776;0;0;0;0;4%;35;27;24;0.14;4,243;17,427;3,311;2,822;4;16.43;0;0;0;6;24.64;4;4;1.5;0;0;0;0;0;0;0;0;0;2;8.21;1;0;0;0;0;0;0;0;0;4;0;0;1;0;0;0;0;0;0;0;0;0;0;1;4.1;1;00:13;00:53;00:09;0;0;0;1;4.1;1;0;0;0;198;0.8;104;1,306;716;0;0;0;0;0;0;0;0;4 minutes;0;0;0;0;54%;0;25%
ChievementHunter;2699;0;0;0;0;2%;14;14;14;0.03;3,332;5,326.15;3,332;2,962;3;4.79;0;0;0;10;15.98;10;8;3.33;0;0;0;0;0;0;0;0;0;4;6.39;4;0;0;0;0;0;0;0;0;8;0;0;0;0;0;0;0;0;0;0;0;0;0;1;1.59;1;00:39;01:03;00:39;0;0;0;1;1.59;1;1;1.59;1;546;1.35;546;1,984;664;2;3.19;2;0;0;0;0;0;15.985581000335515 seconds;0;0;0;1;33%;0;100%
Chimichanga49er;3611;0;0;0;1;5%;210;186;32;0.14;21,918;10,958.92;18,199;3,719;17;8.49;0;0;0;72;35.99;64;12;4.23;0;0;0;0;0;0;0;0;0;35;17.49;32;1;2;0;1;0;0;0;0;12;0;0;4;1;1;2;1;0.49;1;0;0;0;0;31;15.49;26;02:57;01:28;02:37;0;0;0;8;3.99;7;6;2.99;6;1,441;0.96;1,185;10,028;3,614;7;3.49;6;0;0;0;0;0;24 minutes;08:28;0;0;0;36%;40%;49%
Conquistasaur;2404;0;0;0;0;3%;132;62;16;0.05;22,088;10,347.44;11,298;2,860;27;12.64;0;0;0;57;26.7;32;7;2.11;0;0;0;0;0;0;0;0;0;28;13.11;17;2;2;0;0;0;0;0;0;7;0;0;3;2;0;1;2;0.93;1;0;0;0;0;24;11.24;16;03:58;01:51;02:38;0;0;0;7;3.27;4;10;4.68;7;2,572;1.15;967;11,844;3,779;11;5.15;7;0;0;0;0;0;37 minutes;00:24;0;0;0;31%;36%;22%
CrispeChris;3343;0;0;0;0;7%;376;95;49;0.16;36,739;13,456.92;6,890;3,146;33;12.08;0;0;0;83;30.4;25;7;2.51;0;0;0;0;0;0;0;1;0;41;15.01;11;0;3;0;2;0;0;0;0;7;0;0;7;3;1;3;1;0.36;1;0;0;3;1;30;10.98;8;02:25;00:53;00:32;0;0;0;11;4.02;3;10;3.66;2;2,641;1.16;705;13,276;5,368;8;2.93;3;0;0;0;0;0;37 minutes;01:08;0;0;0;40%;81%;88%
cyber_animaI;4399;0;0;0;15;5%;7,643;347;106;0.17;862,816;17,985.05;39,752;8,442;488;10.17;0;0;0;1,938;40.39;82;21;3.97;0;0;0;0;0;0;0;5;0;951;19.82;39;22;48;1;25;0;0;0;0;21;0;0;149;22;78;49;21;0.43;3;0;0;5;42;670;13.96;48;59:58;01:15;03:19;0;0;0;339;7.06;15;212;4.41;10;49,387;1.11;2,053;334,792;135,613;162;3.37;9;0;0;0;0;0;12 hours;01:16:24;0;0;2;40%;76%;52%
CyberBuIIying;4034;0;0;0;23;6%;8,432;311;75;0.15;930,174;12,081.21;26,936;7,180;789;10.24;0;0;0;2,338;30.36;61;16;2.96;0;0;0;0;0;0;0;14;0;1,166;15.14;40;14;77;1;62;0;0;0;0;16;0;0;192;55;64;73;36;0.46;3;0;0;6;28;790;10.26;33;01:05:03;00:50;02:05;0;0;0;370;4.8;22;251;3.26;10;77,133;1.42;2,028;371,056;137,697;335;4.35;13;0;0;0;0;0;15 hours;01:47:11;0;0;13;37%;50%;80%
Dabattousai;0;0;0;0;3;8%;1,026;307;86;0.2;74,421;9,698.96;16,708;4,420;71;9.25;0;0;0;193;25.15;41;14;2.71;0;0;0;0;0;0;0;0;0;97;12.64;18;3;8;1;3;0;0;0;0;14;0;0;18;5;9;4;0;0;0;0;0;3;1;65;8.47;17;07:48;01:01;01:22;0;0;0;19;2.47;4;18;2.34;4;7,729;1.53;1,925;30,282;11,625;34;4.43;8;0;0;0;0;0;1 hour;09:30;0;0;1;38%;40%;45%
DEERc_;3033;0;0;0;0;6%;191;90;40;0.17;15,103;12,948.71;6,045;2,396;10;8.57;0;0;0;39;33.43;18;11;3.9;0;0;0;0;0;0;0;1;0;9;7.71;5;1;1;0;1;0;0;0;0;11;0;0;4;0;1;3;0;0;0;0;0;0;0;18;15.43;7;01:39;01:25;00:38;0;0;0;3;2.57;3;2;1.71;1;1,136;1.03;428;9,500;2,893;0;0;0;0;0;0;0;0;18 minutes;00:25;0;0;0;30%;31%;43%
Defyz---;4636;0;0;0;1;7%;501;211;59;0.18;41,378;14,222.26;15,378;3,553;34;11.68;0;0;0;100;34.37;44;9;2.94;0;0;0;0;0;0;0;1;0;54;18.56;21;1;3;0;2;0;0;0;0;9;0;0;7;2;2;3;3;1.03;1;0;0;3;1;24;8.24;13;02:47;00:57;00:59;0;0;0;10;3.43;4;10;3.43;4;2,746;1.03;747;17,420;6,599;14;4.81;5;0;0;0;0;0;44 minutes;02:17;0;0;0;37%;48%;67%
DEVIL_SHADOW_KSA;3731;0;0;0;0;3%;62;34;23;0.1;9,617;10,005.81;5,656;2,992;4;4.16;0;0;0;21;21.84;11;11;5.25;0;0;0;0;0;0;0;0;0;8;8.32;6;0;1;0;1;0;0;0;0;11;0;0;1;0;1;0;0;0;0;0;0;0;0;6;6.24;6;00:45;00:47;00:26;0;0;0;3;3.12;2;1;1.04;1;1,424;2.48;916;5,616;1,714;3;3.12;3;0;0;0;0;0;9 minutes;0;0;0;0;30%;36%;57%
Diamondsdust_;0;0;0;0;0;6%;88;88;26;0.16;8,868;17,316.04;8,868;3,082;8;15.62;0;0;0;18;35.14;18;5;2.25;0;0;0;0;0;0;0;0;0;15;29.28;15;1;1;0;0;0;0;0;0;5;0;0;1;0;0;1;0;0;0;0;0;3;1;4;7.81;4;01:07;02:12;01:07;0;0;0;6;11.71;6;3;5.85;3;930;1.74;930;4,402;1,321;2;3.9;2;0;0;0;0;0;8 minutes;02:46;0;0;0;30%;30%;0
DifferentD;3517;0;0;0;86;6%;28,478;294;104;0.16;2,716,439;12,530.07;22,217;8,546;2,276;10.49;0;0;0;7,377;34.02;68;31;3.24;0;0;0;0;0;0;0;27;0;3,706;17.09;45;101;217;10;106;2;0.01;0;167;31;0;0;677;160;312;206;78;0.35;3;0;0;5;67;3,115;14.36;38;06:39:34;01:50;04:30;0;0;0;989;4.56;16;604;2.78;8;222,668;1.25;2,406;1,168,676;409,037;982;4.52;16;0;0;26;0;0;49 hours;06:12:37;0;0;220;35%;52%;48%
Divinity-X-;4116;0;0;0;1;9%;194;194;68;0.27;12,654;21,320.24;12,654;5,632;6;10.1;0;0;0;29;48.85;29;11;4.83;0;0;0;0;0;0;0;0;0;13;21.9;13;0;1;0;1;0;0;0;0;11;0;0;2;1;0;2;0;0;0;0;0;0;0;6;10.1;6;00:56;01:35;00:56;0;0;0;3;5.05;3;2;3.36;2;1,190;1.65;1,190;5,624;2,096;3;5.05;3;0;0;0;0;0;11 minutes;00:37;0;0;0;37%;0;100%
doa3f2p;3304;0;0;0;0;6%;28;28;16;0.15;2,767;11,551.49;2,767;1,552;2;8.34;0;0;0;9;37.57;9;5;4.5;0;0;0;0;0;0;0;0;0;5;20.87;5;0;0;0;0;0;0;0;0;5;0;0;1;0;1;0;0;0;0;0;0;0;0;3;12.52;3;00:23;01:36;00:23;0;0;0;1;4.17;1;1;4.17;1;211;1.13;211;1,042;450;1;4.17;1;0;0;0;0;0;3 minutes;01:34;0;0;0;43%;0;0
DramaticMango;2345;0;0;0;1;5%;241;80;33;0.14;24,470;8,560;10,206;3,084;18;6.29;0;0;0;66;23.08;27;11;3.66;0;0;0;0;0;0;0;0;0;37;12.94;18;1;3;0;2;0;0;0;0;11;0;0;10;3;4;3;0;0;0;0;0;0;0;19;6.64;7;02:09;00:45;01:00;0;0;0;8;2.79;4;5;1.74;3;1,844;1.08;791;12,152;4,631;14;4.89;7;0;0;0;0;0;28 minutes;04:21;0;0;3;38%;45%;57%
Droxzio;3207;0;0;0;0;5%;41;20;16;0.08;5,738;8,724.13;3,293;1,241;11;16.72;0;0;0;13;19.76;6;3;1.18;0;0;0;0;0;0;0;0;0;6;9.12;4;0;1;0;0;0;0;0;0;3;0;0;2;1;2;0;0;0;0;0;0;0;0;5;7.6;3;00:40;01:02;00:18;0;0;0;2;3.04;2;1;1.52;1;623;1.34;404;2,754;803;2;3.04;2;0;0;0;0;0;7 minutes;00:02;0;0;0;29%;28%;32%
ecotaku;2368;0;0;0;1;8%;379;76;50;0.18;29,473;13,182.75;7,862;3,018;30;13.41;0;0;0;77;34.44;22;11;2.56;0;0;0;0;0;0;0;0;0;33;14.76;9;1;2;0;1;0;0;0;0;11;0;0;6;3;2;1;0;0;0;0;0;3;2;40;17.89;12;03:10;01:25;00:52;0;0;0;5;2.23;3;3;1.34;1;2,159;1.04;619;15,026;4,572;5;2.23;2;0;0;0;0;0;34 minutes;01:04;0;0;0;30%;36%;28%
ejakiller;3032;0;0;0;9;6%;2,889;224;66;0.14;262,577;10,194.24;18,457;6,219;198;7.68;0;0;0;775;30.08;70;20;3.91;0;0;0;0;0;0;0;3;0;358;13.89;26;9;26;1;16;0;0;0;0;20;0;0;55;26;14;15;0;0;0;0;0;4;9;302;11.72;33;26:05;01:00;03:44;0;0;0;83;3.22;9;56;2.17;5;25,893;1.32;2,054;115,944;43,574;92;3.57;8;0;0;0;0;0;5 hours;32:43;0;0;5;37%;100%;61%
elcoolnino;2685;0;0;0;4;6%;1,323;191;76;0.15;127,355;11,726.16;15,646;5,745;105;9.66;0;0;0;346;31.85;47;20;3.29;0;0;0;0;0;0;0;7;0;197;18.13;25;5;11;0;6;0;0;0;0;20;0;0;29;5;13;11;18;1.65;3;0;0;3;2;142;13.07;22;14:25;01:19;02:14;0;0;0;39;3.59;6;24;2.2;4;10,982;1.29;1,215;54,716;20,908;73;6.72;13;0;0;0;0;0;2 hours;28:15;0;0;9;38%;56%;53%
eliteboy_1da;3496;0;0;0;0;5%;233;52;22;0.13;27,546;12,793.56;7,333;3,796;30;13.93;0;0;0;60;27.86;27;9;2;0;0;0;0;0;0;0;0;0;25;11.61;10;1;2;0;1;0;0;0;0;9;0;0;7;3;0;3;0;0;0;0;0;0;0;23;10.68;11;02:45;01:16;00:46;0;0;0;11;5.1;5;6;2.78;3;2,627;1.46;756;11,444;4,362;3;1.39;1;0;0;0;0;0;29 minutes;02:44;0;0;0;38%;51%;58%
emzy456;0;0;0;0;3;6%;690;156;42;0.18;66,439;12,706.52;17,974;3,766;47;8.98;0;0;0;216;41.31;55;17;4.59;0;0;0;0;0;0;0;1;0;143;27.34;38;1;5;0;4;0;0;0;0;17;0;0;16;3;9;4;2;0.38;2;0;0;3;3;90;17.21;27;08:34;01:38;01:38;0;0;0;32;6.12;12;21;4.01;6;6,006;1.58;1,213;26,072;10,234;48;9.18;14;0;0;1;0;0;1 hour;24:18;0;0;3;39%;46%;73%
Erenksk9;4169;0;0;0;13;5%;2,941;277;104;0.17;286,460;16,007.74;23,941;5,849;217;12.12;0;0;0;818;45.71;68;29;3.76;0;0;0;0;0;0;0;6;0;379;21.17;31;5;18;1;11;0;0;0;0;29;0;0;61;8;41;12;0;0;0;0;0;3;8;339;18.94;33;31:07;01:44;03:24;0;0;0;101;5.64;10;63;3.52;6;22,299;1.34;1,940;159,232;49,139;93;5.19;11;0;0;0;0;0;4 hours;55:23;0;0;0;30%;85%;63%
flyinganimal;4142;0;0;0;41;5%;15,104;391;87;0.18;1,658,347;17,024.87;28,763;11,706;893;9.16;0;0;0;3,590;36.85;88;23;4.02;0;0;0;0;0;0;0;10;0;1,882;19.32;42;43;97;1;54;0;0;0;0;23;0;0;294;37;183;74;46;0.47;2;0;0;5;69;1,251;12.84;39;01:50:53;01:08;02:59;0;0;0;638;6.54;14;447;4.58;10;102,227;1.25;2,038;619,824;254,660;353;3.62;13;0;0;0;0;0;22 hours;03:08:33;0;0;1;41%;67%;55%
forrestsmith2;3084;0;0;0;0;6%;362;115;47;0.15;32,101;10,590.25;9,486;3,391;35;11.54;0;0;0;88;29.03;27;12;2.51;0;0;0;0;0;0;0;1;0;34;11.21;9;1;3;0;2;0;0;0;0;12;0;0;8;3;2;3;0;0;0;0;0;0;0;31;10.22;9;02:45;00:54;00:35;0;0;0;3;0.98;2;5;1.64;2;3,583;1.54;839;15,846;5,814;12;3.95;5;0;0;0;0;0;38 minutes;04:46;0;0;0;36%;91%;65%
FvsNeLL;3798;0;0;0;0;6%;1,048;177;125;0.19;88,405;16,470.47;17,480;5,915;55;10.24;0;0;0;218;40.61;34;18;3.96;0;0;0;0;0;0;0;2;0;112;20.86;18;3;5;0;1;0;0;0;0;18;0;0;18;4;10;5;1;0.18;1;0;0;3;2;82;15.27;14;07:07;01:19;01:42;0;0;0;19;3.53;7;11;2.04;3;7,688;1.45;1,596;44,236;15,204;18;3.35;4;0;0;0;0;0;1 hour;12:06;0;0;2;34%;44%;25%
GoldenBullet20;4406;0;0;0;1;5%;668;200;48;0.16;67,367;14,231.43;14,716;4,202;41;8.66;0;0;0;173;36.54;44;13;4.21;0;0;0;0;0;0;0;2;0;73;15.42;21;1;5;0;4;0;0;0;0;13;0;0;16;6;4;6;2;0.42;1;0;0;3;3;67;14.15;18;05:42;01:12;01:31;0;0;0;21;4.43;9;12;2.53;5;4,581;1.15;1,015;33,358;11,684;7;1.47;3;0;0;0;0;0;1 hour;04:31;0;0;0;35%;40%;89%
GoMu___;4214;0;0;0;5;5%;2,498;201;68;0.15;280,385;14,069.05;22,628;5,371;193;9.68;0;0;0;684;34.32;65;22;3.54;0;0;0;0;0;0;0;3;0;363;18.21;32;8;20;1;10;0;0;0;0;22;0;0;58;11;28;18;3;0.15;2;0;0;3;4;247;12.39;36;29:22;01:28;03:27;0;0;0;98;4.91;12;61;3.06;6;28,883;1.79;2,174;122,388;44,706;119;5.97;9;0;0;0;0;0;4 hours;34:24;0;0;11;36%;42%;52%
hourai127;2224;0;0;0;2;3%;1,067;202;35;0.06;184,076;9,726.61;23,895;10,783;169;8.93;0;0;0;457;24.14;64;25;2.7;0;0;0;0;0;0;0;3;0;209;11.04;35;10;19;0;9;0;0;0;0;25;0;0;40;12;7;21;1;0.05;1;0;0;3;5;234;12.36;40;25:11;01:19;02:58;0;0;0;73;3.85;11;36;1.9;6;9,246;0.59;1,520;102,426;30,138;60;3.17;6;0;0;0;0;0;4 hours;09:13;0;0;5;29%;40%;46%
huumQc_;3843;0;0;0;1;5%;998;187;50;0.18;96,264;16,639.32;21,196;4,406;70;12.09;0;0;0;219;37.85;47;19;3.12;0;0;0;0;0;0;0;0;0;101;17.45;22;3;6;0;2;0;0;0;0;19;0;0;19;5;10;4;3;0.51;2;0;0;3;2;78;13.48;23;12:49;02:13;03:47;0;0;0;18;3.11;5;16;2.76;5;7,098;1.32;1,487;42,190;17,394;17;2.93;8;0;0;0;0;0;1 hour;13:04;0;0;0;41%;52%;33%
I_Only_AWP_B;4233;0;0;0;0;6%;375;78;36;0.17;33,853;10,602.73;5,553;3,080;30;9.39;0;0;0;64;20.04;18;8;2.13;0;0;0;0;0;0;0;0;0;30;9.39;7;2;3;0;1;0;0;0;0;8;0;0;9;6;3;1;0;0;0;0;0;0;0;17;5.32;5;03:00;00:56;00:36;0;0;0;6;1.87;2;4;1.25;2;3,338;1.56;585;14,412;5,589;8;2.5;3;0;0;0;0;0;35 minutes;01:04;0;0;0;38%;45%;40%
iekgaa___;4002;0;0;0;6;8%;1,560;443;132;0.32;110,999;19,575.08;33,258;7,488;53;9.34;0;0;0;251;44.26;58;18;4.73;0;0;0;0;0;0;0;1;0;144;25.39;33;0;6;0;6;0;0;0;0;18;0;0;21;3;13;5;6;1.05;2;0;0;3;3;112;19.75;38;11:07;01:57;04:07;0;0;0;40;7.05;12;25;4.4;7;5,412;1.13;1,625;42,612;17,772;32;5.64;8;0;0;0;0;0;1 hour;25:26;0;0;6;41%;43%;100%
ioReactz;3794;0;0;0;0;4%;122;59;41;0.12;18,449;13,947.71;6,222;4,073;16;12.09;0;0;0;36;27.21;12;10;2.25;0;0;0;0;0;0;0;0;0;20;15.11;8;1;1;0;0;0;0;0;0;10;0;0;3;0;1;2;0;0;0;0;0;4;1;15;11.33;6;01:28;01:06;00:26;0;0;0;10;7.55;5;6;4.53;3;1,893;1.92;678;7,760;2,746;5;3.77;3;0;0;0;0;0;16 minutes;03:01;0;0;0;35%;40%;29%
IRaTuSz;4631;0;0;0;0;8%;306;154;45;0.19;25,010;11,565.42;9,673;3,319;19;8.78;0;0;0;90;41.61;39;12;4.73;0;0;0;0;0;0;0;0;0;50;23.12;20;0;2;0;2;0;0;0;0;12;0;0;7;1;4;2;4;1.84;2;0;0;3;1;28;12.94;13;01:33;00:43;00:41;0;0;0;7;3.23;4;4;1.84;3;2,173;1.38;811;9,902;3,734;8;3.69;3;0;0;0;0;0;26 minutes;06:02;0;0;0;37%;43%;85%
itsDiety;3957;0;0;0;0;6%;571;98;46;0.18;52,242;13,368.66;13,192;4,423;57;14.58;0;0;0;94;24.05;22;7;1.64;0;0;0;0;0;0;0;0;0;50;12.79;14;4;4;0;0;0;0;0;0;7;0;0;12;3;4;4;4;1.02;2;0;0;4;1;30;7.67;9;03:08;00:48;00:43;0;0;0;12;3.07;4;10;2.55;3;4,366;1.42;895;20,476;8,270;15;3.83;6;0;0;0;0;0;51 minutes;02:09;0;0;10;40%;47%;7%
ItsRaiyu;4385;0;0;0;0;5%;143;41;28;0.14;15,505;6,561.88;4,319;3,382;16;6.77;0;0;0;23;9.73;8;8;1.43;0;0;0;0;0;0;0;0;0;15;6.34;5;2;2;0;1;0;0;0;0;8;0;0;4;2;1;1;2;0.84;2;0;0;0;0;5;2.11;3;01:04;00:27;00:19;0;0;0;3;1.26;2;3;1.26;1;1,352;1.39;354;6,530;2,414;3;1.26;1;0;0;0;0;0;16 minutes;01:16;0;0;0;36%;38%;22%
Jack_of_Spades13;3322;0;0;0;0;6%;109;78;37;0.14;11,015;15,097.55;8,453;3,021;9;12.33;0;0;0;30;41.11;26;10;3.33;0;0;0;0;0;0;0;1;0;18;24.67;16;1;1;0;0;0;0;0;0;10;0;0;3;0;2;1;0;0;0;0;0;0;0;16;21.92;15;01:15;01:44;01:10;0;0;0;6;8.22;5;3;4.11;2;444;0.58;396;4,622;1,573;4;5.48;4;0;0;0;0;0;12 minutes;00:20;0;0;0;34%;33%;0
JOKERFIRST15;4311;0;0;0;4;6%;818;185;51;0.17;83,648;14,681.63;18,828;6,398;51;8.95;0;0;0;212;37.2;42;20;4.15;0;0;0;0;0;0;0;1;0;113;19.83;19;3;6;0;3;0;0;0;0;20;0;0;20;6;12;3;3;0.52;2;0;0;3;2;70;12.28;18;07:15;01:16;01:35;0;0;0;42;7.37;10;23;4.03;6;5,839;1.24;1,227;32,900;12,494;26;4.56;5;0;0;0;0;0;1 hour;19:20;0;0;1;37%;38%;45%
jumpmanfrank094;2821;0;0;0;2;3%;177;128;27;0.11;26,521;17,832.96;16,613;3,925;16;10.75;0;0;0;68;45.72;48;9;4.25;0;0;0;0;0;0;0;1;0;28;18.82;20;0;1;0;1;0;0;0;0;9;0;0;6;1;4;1;0;0;0;0;0;0;0;44;29.58;31;05:48;03:54;03:32;0;0;0;11;7.39;9;8;5.37;7;2,219;1.41;1,684;12,716;4,507;4;2.68;3;0;0;0;0;0;26 minutes;03:35;0;0;0;35%;43%;78%
KILLER77_HAZZA3;3082;0;0;0;0;4%;33;16;10;0.09;4,313;7,663.43;2,335;1,961;9;15.99;0;0;0;7;12.43;4;2;0.77;0;0;0;0;0;0;0;0;0;4;7.1;3;1;1;0;0;0;0;0;0;2;0;0;2;0;1;0;0;0;0;0;0;0;0;6;10.66;4;01:25;02:32;00:33;0;0;0;1;1.77;1;1;1.77;1;579;1.67;204;2,810;763;1;1.77;1;0;0;0;0;0;5 minutes;01:09;0;0;0;27%;37%;6%
Killswitch2092;2806;0;0;0;0;4%;58;43;13;0.08;7,671;8,009.65;5,141;2,503;11;11.48;0;0;0;23;24.01;20;6;2.09;0;0;0;0;0;0;0;0;0;10;10.44;9;0;1;0;0;0;0;0;0;6;0;0;2;1;0;0;0;0;0;0;0;0;0;11;11.48;10;01:28;01:32;00:54;0;0;0;3;3.13;3;1;1.04;1;1,041;1.56;643;4,992;1,313;4;4.17;4;0;0;0;0;0;11 minutes;00:44;0;0;0;26%;34%;51%
King_Kine;2079;0;0;0;0;3%;4;4;3;0.02;846;1,627.83;846;372;3;25.07;0;0;0;2;3.84;2;1;0.4;0;0;0;0;0;0;0;0;0;2;3.84;2;0;0;0;0;598;5,003;598;279;1;0;0;0;0;0;0;0;0;0;0;0;0;0;0;0;0;00:02;00:04;00:02;0;0;0;1;1.92;1;0;0;0;30;0.26;30;428;128;1;1.92;1;0;0;0;0;0;1 minute;0;0;0;0;29%;0;0
KingXacTz;0;0;0;0;11;6%;1,607;144;80;0.16;142,593;10,320.79;12,708;4,276;73;5.28;0;0;0;576;41.69;58;21;7.89;0;0;0;0;0;0;0;1;0;265;19.18;27;0;14;0;13;0;0;0;0;21;0;0;39;12;12;15;3;0.21;1;0;0;3;6;187;13.53;35;10:25;00:45;02:18;0;0;0;46;3.32;6;30;2.17;3;10,303;1.08;789;73,360;23,416;78;5.64;8;0;0;0;0;0;2 hours;27:17;0;0;11;31%;40%;97%
koba-ya;1337;0;0;0;0;5%;38;36;18;0.07;4,210;2,736.79;4,032;2,221;2;1.3;0;0;0;10;6.5;9;5;5;0;0;0;0;0;0;0;0;0;7;4.55;6;2;2;0;0;0;0;0;0;5;0;0;1;0;1;0;0;0;0;0;0;0;0;2;1.3;2;00:07;00:04;00:07;0;0;0;2;1.3;2;2;1.3;2;164;0.33;164;1,972;646;4;2.6;4;0;0;0;0;0;8 minutes;0;0;0;0;32%;7%;0
kon5-TDRoki;2084;0;0;0;1;5%;1,114;216;48;0.15;96,354;10,653.71;19,188;5,580;99;10.94;0;0;0;174;19.23;34;10;1.75;0;0;0;0;0;0;0;2;0;78;8.62;16;6;9;0;3;0;0;0;0;10;0;0;16;8;3;5;0;0;0;0;0;3;2;61;6.74;8;07:31;00:49;01:35;0;0;0;14;1.54;2;22;2.43;4;10,716;1.49;1,444;54,464;19,035;20;2.21;4;0;0;0;0;0;1 hour;05:46;0;0;1;34%;42%;34%
KSlims;4548;0;0;0;2;7%;2,064;237;71;0.19;181,607;14,479.85;16,766;6,766;89;7.09;0;0;0;474;37.79;47;18;5.32;0;0;0;0;0;0;0;0;0;224;17.85;23;5;13;1;6;0;0;0;0;18;0;0;37;9;16;13;6;0.47;1;0;0;3;4;178;14.19;20;17:50;01:25;01:56;0;0;0;53;4.22;6;25;1.99;3;10,990;1.05;1,210;75,046;29,192;35;2.79;5;0;0;0;0;0;2 hours;21:25;0;0;0;38%;47%;50%
kurosaki158;1924;0;0;0;0;2%;42;39;23;0.11;6,775;15,907.88;5,794;3,089;7;16.43;0;0;0;8;18.78;8;4;1.14;0;0;0;0;0;0;0;0;0;4;9.39;4;0;0;0;0;0;0;0;0;4;0;0;2;1;0;1;0;0;0;0;0;0;0;2;4.69;2;00:20;00:48;00:15;0;0;0;1;2.34;1;0;0;0;552;1.51;414;3,104;1,415;1;2.34;1;0;0;0;0;0;6 minutes;0;0;0;0;45%;48%;0
L1TTL3msAW3S0M3;2393;0;0;0;4;6%;594;232;57;0.17;52,360;12,106.02;19,765;3,447;41;9.47;0;0;0;189;43.69;73;14;4.6;0;0;0;0;0;0;0;0;0;96;22.19;32;1;4;0;3;0;0;0;0;14;0;0;9;1;7;1;2;0.46;1;0;0;3;2;61;14.1;27;04:41;01:05;01:25;0;0;0;23;5.31;9;14;3.23;7;3,948;1.19;1,270;23,574;8,528;30;6.93;11;0;0;0;0;0;55 minutes;14:14;0;0;0;36%;41%;80%
Langartija;3035;0;0;0;0;3%;56;29;12;0.07;9,170;11,281.73;4,958;2,647;10;12.3;0;0;0;33;40.6;21;10;3.3;0;0;0;0;0;0;0;0;0;12;14.76;7;0;1;0;1;0;0;0;0;10;0;0;2;1;0;1;0;0;0;0;0;3;1;18;22.14;10;02:23;02:56;01:26;0;0;0;4;4.92;2;1;1.23;1;1,131;1.44;616;4,718;1,633;0;0;0;0;0;0;0;0;13 minutes;00:20;0;0;0;34%;0;100%
Lara4133;2647;0;0;0;0;7%;241;76;41;0.14;16,900;6,841.06;4,699;1,975;18;7.28;0;0;0;46;18.62;16;11;2.55;0;0;0;0;0;0;0;1;0;17;6.88;6;2;2;0;0;0;0;0;0;11;0;0;8;4;2;2;1;0.4;1;0;0;3;1;22;8.9;9;02:55;01:11;01:08;0;0;0;8;3.23;3;4;1.61;2;2,224;1.29;623;11,892;3,401;6;2.42;3;0;0;0;0;0;28 minutes;01:09;0;0;0;28%;0;8%
Linkinito;3090;0;0;0;1;4%;162;62;29;0.12;17,075;12,520.56;7,732;2,447;16;11.73;0;0;0;39;28.59;18;5;2.43;0;0;0;0;0;0;0;0;0;14;10.26;7;0;1;0;1;0;0;0;0;5;0;0;4;1;1;2;0;0;0;0;0;0;0;29;21.26;14;04:24;03:13;01:47;0;0;0;4;2.93;4;4;2.93;2;1,573;1.17;661;11,808;3,475;2;1.46;1;0;0;0;0;0;22 minutes;0;0;0;0;29%;30%;71%
LoggingOut;3612;0;0;0;2;6%;1,553;302;72;0.21;133,273;16,091.17;22,711;6,914;96;11.59;0;0;0;304;36.7;57;19;3.16;0;0;0;0;0;0;0;0;0;151;18.23;27;0;0;0;4;0;0;0;0;19;0;0;0;0;0;6;0;0;0;0;0;5;8;107;12.91;30;08:11;00:59;01:49;0;0;0;58;7;9;26;3.13;4;9,662;1.31;1,518;51,976;22,750;31;3.74;7;0;0;0;0;0;3.7189640114083886 seconds;13:14;0;0;0;43%;49%;43%
LostkumaTH;3386;0;0;0;0;9%;27;27;17;0.12;1,461;3,122.89;1,461;680;5;10.68;0;0;0;0;0;0;0;0;0;0;0;0;0;0;0;0;0;0;0;0;0;0;0;0;0;0;0;0;0;0;0;2;1;0;0;0;0;0;0;0;0;0;0;0;0;00:12;00:26;00:12;0;0;0;0;0;0;1;2.13;1;384;1.81;384;1,158;294;0;0;0;0;0;0;0;0;3 minutes;0;0;0;0;25%;0;0
LuckyC723;3859;0;0;0;3;8%;1,022;223;72;0.21;76,650;15,474.29;15,962;3,223;72;14.53;0;0;0;179;36.13;50;11;2.48;0;0;0;0;0;0;0;1;0;104;20.99;32;3;5;0;2;0;0;0;0;11;0;0;17;2;9;6;1;0.2;1;0;0;3;2;83;16.75;31;10:33;02:07;02:33;0;0;0;27;5.45;10;18;3.63;4;6,463;1.36;1,265;30,474;12,107;16;3.23;4;0;0;0;0;0;1 hour;12:28;0;0;0;39%;54%;39%
Lyntune92;2044;0;0;0;2;5%;591;130;46;0.13;61,253;8,990.7;12,054;4,392;78;11.44;0;0;0;130;19.08;32;10;1.66;0;0;0;0;0;0;0;1;0;61;8.95;14;4;7;1;2;0;0;0;0;10;0;0;17;4;9;4;1;0.14;1;0;0;0;0;64;9.39;17;07:59;01:10;02:06;0;0;0;24;3.52;6;8;1.17;2;6,897;1.52;1,841;31,172;10,499;27;3.96;8;0;0;1;0;0;1 hour;01:33;0;0;2;33%;40%;29%
M5roosh_ksa;3563;0;0;0;0;3%;29;17;14;0.05;4,162;7,106.61;2,346;1,252;7;11.95;0;0;0;16;27.32;11;7;2.28;0;0;0;0;0;0;0;1;0;4;6.83;4;1;1;0;0;0;0;0;0;7;0;0;2;0;0;1;0;0;0;0;0;0;0;4;6.83;3;00:35;01:00;00:30;0;0;0;1;1.7;1;1;1.7;1;506;1;303;2,952;740;0;0;0;0;0;0;0;0;8 minutes;0;0;0;0;25%;0;1%
MAAFX;2990;0;0;0;2;3%;122;55;21;0.11;22,188;15,869.9;11,728;6,783;19;13.58;0;0;0;46;32.9;21;9;2.42;0;0;0;0;0;0;0;0;0;27;19.31;12;0;1;0;1;0;0;0;0;9;0;0;4;0;3;1;1;0.71;1;0;0;0;0;26;18.59;11;01:47;01:17;00:55;0;0;0;12;8.58;5;5;3.57;4;1,708;1.54;752;9,686;3,333;5;3.57;4;0;0;0;0;0;18 minutes;00:54;0;0;0;34%;28%;65%
MamasNippel;0;2;2;2;1;42%;3;3;2;0;181;180.99;181;101;2;1.99;12;12;12;2;1.99;2;1;1;0;0;0;0;0;0;0;0;0;1;0.99;1;0;1;0;1;3,082;3,082;3,082;1,511;1;0;0;2;2;1;2;0;0;0;0;0;3;1;1;0.99;1;00:27;00:27;00:27;13;13;13;11;6.83;6;9;5.59;6;276;0.81;276;19;7;8;4.97;5;0;0;0;0;0;5 minutes;00:00;0;0;0;36%;36%;100%
Marlporo0707;4292;0;0;0;0;3%;14;13;13;0.11;2,012;17,664.24;1,831;1,831;3;26.33;0;0;0;6;52.66;6;6;2;0;0;0;0;0;0;0;0;0;4;35.11;4;0;0;0;0;0;0;0;0;6;0;0;0;0;0;0;0;0;0;0;0;0;0;0;0;0;00:07;01:09;00:06;0;0;0;2;17.55;2;1;8.77;1;115;0.98;111;786;353;0;0;0;0;0;0;0;0;1 minute;00:04;0;0;0;44%;54%;48%
masatosann;2157;0;0;0;0;3%;119;109;23;0.09;17,094;15,764;16,420;3,914;19;17.52;0;0;0;40;36.88;38;13;2.1;0;0;0;0;0;0;0;0;0;15;13.83;15;1;1;0;0;0;0;0;0;13;0;0;0;0;0;0;0;0;0;0;0;3;1;9;8.29;7;01:05;01:00;00:55;0;0;0;3;2.76;3;1;0.92;1;1,493;1.16;1,459;8,806;3,150;4;3.68;4;0;0;0;0;0;21 minutes;0;0;0;0;35%;36%;7%
Megaan_57;3178;0;0;0;12;6%;3,895;223;103;0.2;352,341;15,037.26;19,980;9,947;189;8.06;0;0;0;850;36.27;66;21;4.49;0;0;0;0;0;0;0;0;0;410;17.49;32;8;23;2;14;0;0;0;0;21;0;0;76;16;41;19;17;0.72;3;0;0;4;13;344;14.68;30;33:27;01:25;02:11;0;0;0;113;4.82;12;68;2.9;6;24,260;1.28;1,354;152,210;56,982;78;3.32;7;0;0;0;0;0;5 hours;46:46;0;0;4;37%;80%;58%
Merdrash;2964;0;0;0;3;5%;360;122;43;0.1;42,700;11,245.35;15,295;3,402;1;21.68;0;0;0;151;39.76;46;14;4.57;0;0;0;0;0;0;0;0;0;81;21.33;29;0;0;0;3;512;11,094;512;512;14;0;0;0;0;8;3;1;0.26;1;0;0;0;0;70;18.43;24;00:01;00:28;00:01;0;0;0;21;5.53;8;13;3.42;5;67;1.18;67;21,646;7,090;24;6.32;12;0;0;1;0;0;56.172595978714526 seconds;09:15;0;0;0;32%;48%;68%
Moraamaan;2812;0;0;0;0;7%;42;42;11;0.08;2,987;3,929.24;2,987;846;7;9.2;0;0;0;15;19.73;15;7;2.14;0;0;0;0;0;0;0;0;0;8;10.52;8;1;1;0;0;0;0;0;0;7;0;0;3;1;2;1;0;0;0;0;0;0;0;4;5.26;4;00:20;00:26;00:20;0;0;0;2;2.63;2;0;0;0;867;1.79;867;2,676;548;2;2.63;2;0;0;0;0;0;8 minutes;0;0;0;0;20%;20%;0
MrDrumpf;2933;0;0;0;0;4%;14;14;8;0.11;1,779;16,436.02;1,779;826;3;27.71;0;0;0;5;46.19;5;3;1.66;0;0;0;0;0;0;0;0;0;2;18.47;2;0;0;0;0;0;0;0;0;3;0;0;0;0;0;0;0;0;0;0;0;0;0;4;36.95;4;00:17;02:40;00:17;0;0;0;0;0;0;1;9.23;1;155;1.23;155;708;295;1;9.23;1;0;0;0;0;0;2 minutes;0;0;0;0;41%;0;0
Natz_D_Chow;4048;0;0;0;1;7%;220;76;48;0.22;17,914;16,131.33;5,246;4,335;17;15.3;0;0;0;46;41.42;9;8;2.7;0;0;0;0;0;0;0;0;0;24;21.61;7;0;1;0;1;0;0;0;0;8;0;0;3;0;2;1;0;0;0;0;0;0;0;18;16.2;5;01:20;01:12;00:15;0;0;0;2;1.8;1;2;1.8;1;1,034;1.04;305;7,358;3,113;8;7.2;3;0;0;0;0;0;16 minutes;03:23;0;0;0;42%;71%;55%
Ninja5976;0;0;0;0;0;10%;58;58;26;0.22;1,236;6,438.51;1,236;1,236;1;5.2;1;5;1;2;10.41;2;2;2;0;0;0;0;0;0;0;0;0;2;10.41;2;0;0;0;0;546;2,847;546;546;2;0;0;1;0;0;0;0;0;0;0;0;0;0;2;8.5;2;00:03;00:14;00:03;1;5;1;1;4.25;1;0;0;0;239;0.92;239;65;27;0;0;0;0;0;0;0;0;1 minute;0;0;0;0;41%;0;0
NINJALEX323;4049;0;0;0;0;6%;34;34;31;0.1;3,578;6,463.33;3,578;2,972;2;3.61;0;0;0;16;28.9;16;14;8;0;0;0;0;0;0;0;0;0;4;7.22;4;0;1;0;1;0;0;0;0;14;0;0;1;0;0;1;2;3.61;2;0;0;3;1;6;10.83;6;01:28;02:39;01:28;0;0;0;2;3.61;2;0;0;0;378;1.21;378;1,836;558;1;1.8;1;0;0;0;0;0;5 minutes;0;0;0;0;30%;0;100%
nogo58;2504;0;0;0;4;4%;481;83;28;0.08;68,113;7,796.8;11,633;3,297;86;9.84;0;0;0;218;24.95;42;19;2.53;0;0;0;0;0;0;0;2;0;110;12.59;23;3;9;1;5;0;0;0;0;19;0;0;27;6;9;12;6;0.68;3;0;0;3;2;88;10.07;20;09:54;01:08;02:10;0;0;0;29;3.31;5;21;2.4;4;7,283;1.24;1,163;29,712;10,860;27;3.09;5;0;0;0;0;0;1 hour;05:31;0;0;1;36%;49%;57%
NoirEt_B;3147;0;0;0;4;6%;1,665;154;56;0.18;151,639;13,313.96;18,029;4,826;118;10.36;0;0;0;384;33.71;55;16;3.25;0;0;0;0;0;0;0;1;0;195;17.12;25;4;11;0;7;0;0;0;0;16;0;0;40;10;18;12;1;0.08;1;0;0;3;4;122;10.71;15;12:29;01:05;01:15;0;0;0;52;4.56;15;24;2.1;7;14,141;1.57;1,404;72,244;26,144;69;6.05;15;0;0;0;0;0;2 hours;32:57;0;0;6;36%;51%;64%
ohEvasive;3385;0;0;0;4;6%;957;189;58;0.15;95,356;10,138.11;18,076;4,062;78;8.29;0;0;0;294;31.25;48;15;3.76;0;0;0;0;0;0;0;2;0;138;14.67;22;1;9;0;9;0;0;0;0;15;0;0;21;4;7;10;2;0.21;1;0;0;4;3;81;8.61;14;07:54;00:50;01:05;0;0;0;28;2.97;7;27;2.87;5;8,374;1.32;1,064;40,832;14,910;38;4.04;7;0;0;0;0;0;1 hour;12:12;0;0;3;36%;45%;91%
oI_SPY_Io;4372;0;0;0;2;10%;762;151;70;0.24;48,931;11,427.32;8,187;6,097;33;7.7;0;0;0;143;33.39;33;23;4.33;0;0;0;0;0;0;0;0;0;80;18.68;22;2;4;0;3;0;0;0;0;23;0;0;13;3;4;5;4;0.93;2;0;0;0;0;55;12.84;12;06:23;01:29;01:06;0;0;0;19;4.43;4;14;3.26;3;3,964;1.26;785;21,942;7,510;16;3.73;7;0;0;0;0;0;52 minutes;06:22;0;0;2;34%;42%;63%
Oka-Pik;0;0;0;0;0;8%;3;3;3;0.14;421;11,922.88;421;421;6;9.03;0;0;0;18;27.09;18;6;3;0;0;0;0;0;0;0;0;0;8;12.04;8;0;0;0;1;62;1,745.85;62;62;6;0;0;0;0;1;0;0;0;0;0;0;0;0;11;16.55;11;01:25;02:08;01:25;0;0;0;4;6.02;4;0;0;0;62;2.89;62;40;35;5;7.52;5;0;0;0;0;0;21.278325956314802 seconds;01:42;0;0;2;87%;0;100%
OttoFemtusen;2831;0;0;0;0;3%;19;17;10;0.06;2,709;7,182.87;1,476;1,071;6;15.91;0;0;0;5;13.25;5;2;0.83;0;0;0;0;0;0;0;0;0;1;2.65;1;0;0;0;0;0;0;0;0;2;0;0;1;0;1;0;0;0;0;0;0;0;0;3;7.95;3;00:13;00:36;00:13;0;0;0;0;0;0;1;2.65;1;194;0.63;194;1,656;565;1;2.65;1;0;0;0;0;0;5 minutes;0;0;0;0;34%;89%;2%
oualid32;4218;0;0;0;1;5%;42;42;34;0.16;3,810;11,079.65;3,810;2,545;0;0;0;0;0;18;52.34;18;11;0;0;0;0;0;0;0;0;0;0;6;17.44;6;0;0;0;0;0;0;0;0;11;0;0;1;0;1;0;0;0;0;0;0;0;0;10;29.07;10;01:10;03:24;01:10;0;0;0;2;5.81;2;1;2.9;1;106;0.4;106;1,690;757;2;5.81;2;0;0;0;0;0;4 minutes;01:04;0;0;0;44%;44%;100%
picoforver;2647;0;0;0;0;5%;30;23;13;0.12;3,269;7,540.37;2,015;1,723;5;11.53;0;0;0;5;11.53;5;5;1;0;0;0;0;0;0;0;1;0;4;9.22;4;0;0;0;0;0;0;0;0;5;0;0;1;1;0;1;0;0;0;0;0;0;0;1;2.3;1;00:46;01:48;00:25;0;0;0;2;4.61;2;1;2.3;1;378;1.52;194;1,184;558;1;2.3;1;0;0;0;0;0;4 minutes;0;0;0;0;47%;51%;0
praktommy;3870;0;0;0;3;5%;2,011;169;74;0.13;219,592;12,890.69;16,521;4,940;191;11.21;0;0;0;511;29.99;41;20;2.67;0;0;0;0;0;0;0;3;0;247;14.49;21;6;17;1;10;0;0;0;0;20;0;0;47;15;14;18;5;0.29;3;0;0;4;4;214;12.56;20;22:58;01:20;01:49;0;0;0;71;4.16;8;51;2.99;5;17,497;1.2;1,215;99,520;36,531;60;3.52;6;0;0;0;0;0;4 hours;26:18;0;0;3;36%;43%;57%
Prey1nMantis;2494;0;0;0;26;6%;4,189;252;69;0.12;375,014;9,538.21;18,273;5,448;179;4.55;0;0;0;1,442;36.67;68;19;8.05;0;0;0;0;0;0;0;5;0;792;20.14;40;17;39;0;22;0;0;0;0;19;0;0;123;26;58;40;4;0.1;1;0;0;4;12;638;16.22;42;45:14;01:09;03:18;0;0;0;167;4.24;13;109;2.77;7;31,692;0.97;1,605;187,394;62,589;243;6.18;13;0;0;0;0;0;9 hours;01:27:02;0;0;9;33%;38%;57%
Prince_Fatman;2466;0;0;0;5;4%;1,295;151;43;0.1;906;4,972.22;906;906;1;5.48;0;0;0;1;5.48;1;1;1;0;0;0;0;0;0;0;10;0;1;5.48;1;8;0;1;0;0;0;0;0;1;0;0;0;15;0;13;0;0;0;0;0;3;6;210;13.46;26;24:41;01:35;03:22;0;0;0;58;3.71;8;30;1.92;5;16,623;1.3;1,405;21;9;105;6.73;14;0;0;0;0;0;1 minute;31:13;0;0;4;42%;59%;100%
Prophesizee;3087;0;0;0;0;10%;244;127;44;0.22;15,306;9,693.56;8,884;2,403;12;7.59;0;0;0;47;29.76;31;12;3.91;0;0;0;0;0;0;0;1;0;25;15.83;16;0;2;0;1;0;0;0;0;12;0;0;6;2;2;3;1;0.63;1;0;0;3;1;17;10.76;12;01:44;01:06;00:53;0;0;0;6;3.79;5;1;0.63;1;1,340;1.23;833;5,880;2,232;7;4.43;4;0;0;0;0;0;18 minutes;01:41;0;0;0;37%;38%;67%
PucKProof;3768;0;0;0;0;5%;27;27;23;0.19;2,197;15,136.21;2,197;1,469;4;27.55;0;0;0;3;20.66;3;2;0.75;0;0;0;0;0;0;0;0;0;1;6.88;1;0;0;0;0;0;0;0;0;2;0;0;1;0;0;0;0;0;0;0;0;0;0;2;13.77;2;00:13;01:34;00:13;0;0;0;1;6.88;1;1;6.88;1;156;1.1;156;1,070;503;1;6.88;1;0;0;0;0;0;2 minutes;0;0;0;0;47%;0;0
rencpee;2745;0;0;0;5;5%;5,083;170;56;0.11;543,231;9,752.98;18,154;5,176;736;13.21;0;0;0;1,709;30.68;60;17;2.32;0;0;0;0;0;0;0;8;0;897;16.1;34;32;56;3;21;0;0;0;0;17;0;0;163;48;52;62;34;0.61;2;0;0;4;10;790;14.18;46;01:31:34;01:38;04:40;0;0;0;216;3.87;8;109;1.95;6;63,404;1.4;2,335;274,794;87,262;242;4.34;12;0;0;4;0;0;12 hours;01:15:37;0;0;34;31%;89%;38%
Rundle0509;3763;0;0;0;0;6%;66;25;20;0.2;5,366;15,104.14;2,952;2,532;4;11.25;0;0;0;18;50.66;12;10;4.5;0;0;0;0;0;0;0;1;0;8;22.51;7;0;0;0;0;0;0;0;0;10;0;0;1;0;0;0;0;0;0;0;0;4;2;7;19.7;3;00:33;01:33;00:15;0;0;0;4;11.25;4;1;2.81;1;624;1.96;312;2,354;1,053;0;0;0;0;0;0;0;0;5 minutes;01:51;0;0;0;44%;57%;88%
RyanAM;4121;0;0;0;6;7%;1,983;309;146;0.23;152,660;15,683.81;21,307;6,620;97;9.96;0;0;0;346;35.54;48;15;3.56;0;0;0;0;0;0;0;1;0;183;18.8;32;4;10;0;5;0;0;0;0;15;0;0;23;5;12;6;0;0;0;0;0;3;1;104;10.68;13;06:53;00:42;00:44;0;0;0;50;5.13;7;32;3.28;5;9,123;1.08;1,225;62,114;24,874;67;6.88;14;0;0;0;0;0;2 hours;26:20;0;0;2;40%;51%;55%
Saber-x-wolf;2924;0;0;0;1;4%;164;91;62;0.12;19,310;11,922.45;11,478;6,204;8;4.93;0;0;0;39;24.07;19;12;4.87;0;0;0;0;0;0;0;0;0;12;7.4;6;1;2;0;0;0;0;0;0;12;0;0;6;1;3;2;0;0;0;0;0;0;0;17;10.49;7;01:49;01:07;00:50;0;0;0;5;3.08;3;3;1.85;2;1,052;0.82;438;11,158;3,716;2;1.23;1;0;0;0;0;0;21 minutes;00:20;0;0;0;33%;37%;12%
samurainu;1885;1;4;1;3;5%;3;3;3;0.03;112;1,450.64;112;112;1;12.95;0;0;0;1;4.17;1;1;1;0;0;0;0;0;0;0;2;0;233;10.48;14;0;0;1;12;603;2,518;603;603;1;0;0;1;0;22;0;1;0.04;1;0;0;4;5;210;9.44;16;30:12;01:21;01:49;0;0;0;51;2.29;5;43;1.93;3;139;1.66;139;8;2;60;2.69;4;0;0;0;0;0;33.04333200678229 seconds;16:45;0;0;1;25%;25%;55%
sbkkzy;3813;0;0;0;1;4%;352;97;50;0.1;45,658;10,648.14;14,884;4,947;32;7.46;0;0;0;144;33.58;49;14;4.5;0;0;0;0;0;0;0;1;0;69;16.09;21;1;4;0;3;0;0;0;0;14;0;0;15;2;10;3;4;0.93;1;0;0;3;4;40;9.32;13;05:35;01:18;01:24;0;0;0;19;4.43;9;7;1.63;3;3,478;1.06;1,275;23,200;7,768;15;3.49;5;0;0;0;0;0;54 minutes;07:41;0;0;0;33%;50%;78%
ScaredLilTaco;3412;0;0;0;1;7%;662;194;65;0.18;52,196;11,077.76;15,871;5,441;45;9.55;0;0;0;157;33.32;51;21;3.48;0;0;0;0;0;0;0;0;0;78;16.55;21;0;5;0;5;0;0;0;0;21;0;0;14;3;1;9;1;0.21;1;0;0;0;0;59;12.52;23;07:07;01:30;01:48;0;0;0;12;2.54;3;9;1.91;3;4,029;1.12;964;24,766;9,001;23;4.88;7;0;0;0;0;0;59 minutes;11:02;0;0;9;36%;40%;100%
Shadowfox55;2799;0;0;0;0;5%;42;30;14;0.07;4,677;7,365.25;3,702;2,071;7;11.02;0;0;0;19;29.92;15;11;2.71;0;0;0;0;0;0;0;0;0;3;4.72;2;1;1;0;0;0;0;0;0;11;0;0;1;0;0;1;0;0;0;0;0;0;0;11;17.32;9;00:59;01:33;00:57;0;0;0;1;1.57;1;1;1.57;1;290;0.52;241;2,578;703;1;1.57;1;0;0;0;0;0;9 minutes;0;0;0;0;27%;38%;0
shadowstrixx;2873;0;0;0;40;7%;26,351;393;112;0.17;2,202,829;11,951.85;27,996;6,731;2,156;11.69;0;0;0;5,705;30.95;68;21;2.64;0;0;0;0;0;0;0;26;0;2,386;12.94;35;100;184;7;77;0;0;0;58;21;0;0;535;160;191;184;5;0.02;1;0;0;5;54;2,690;14.59;36;05:14:43;01:42;03:51;0;0;0;737;3.99;19;571;3.09;11;166,528;1.09;2,127;1,338,382;357,144;520;2.82;10;0;0;9;0;0;42 hours;02:52:40;0;0;149;26%;47%;41%
Sharpy776;2926;0;0;0;0;3%;53;31;12;0.08;8,040;8,667.31;3,851;1,890;7;7.54;0;0;0;31;33.42;18;8;4.42;0;0;0;0;0;0;0;0;0;15;16.17;10;0;1;0;1;0;0;0;0;8;0;0;3;2;0;1;0;0;0;0;0;0;0;13;14.01;6;01:05;01:10;00:28;0;0;0;4;4.31;2;1;1.07;1;397;0.62;211;3,308;1,489;5;5.39;2;0;0;0;0;0;10 minutes;01:24;0;0;0;45%;40%;75%
Sheepy351;1941;0;0;0;0;4%;42;42;11;0.05;5,729;5,728.56;5,729;977;19;19;0;0;0;24;24;24;7;1.26;0;0;0;0;0;0;0;0;0;12;12;12;1;1;0;0;0;0;0;0;7;0;0;3;0;1;2;0;0;0;0;0;0;0;15;15;15;01:42;01:42;01:42;0;0;0;2;2;2;0;0;0;276;0.38;276;4,504;1,008;3;3;3;0;0;0;0;0;12 minutes;00:20;0;0;0;22%;22%;0
Shikurikato-;4163;0;0;0;3;6%;1,084;152;40;0.16;113,702;12,751.52;16,765;4,279;96;10.76;0;0;0;267;29.94;44;13;2.78;0;0;0;0;0;0;0;0;0;143;16.03;25;5;9;0;4;0;0;0;0;13;0;0;27;3;14;10;0;0;0;0;0;5;3;105;11.77;19;11:44;01:19;01:58;0;0;0;45;5.04;8;24;2.69;5;8,876;1.34;1,388;38,286;16,830;49;5.49;12;0;0;0;0;0;1 hour;12:35;0;0;1;43%;49%;44%
Shimada_Bros;3031;0;0;0;0;5%;61;18;18;0.1;7,192;11,193.43;2,178;2,024;8;12.45;0;0;0;20;31.12;10;8;2.5;0;0;0;0;0;0;0;0;0;12;18.67;5;0;1;0;1;0;0;0;0;8;0;0;2;1;0;1;0;0;0;0;0;0;0;7;10.89;4;00:26;00:40;00:13;0;0;0;3;4.66;1;4;6.22;2;461;0.81;214;3,676;1,193;4;6.22;3;0;0;0;0;0;9 minutes;01:40;0;0;0;32%;0;100%
Signal_Graph;3858;0;0;0;3;6%;2,065;400;84;0.22;199,386;17,598.62;28,068;6,853;108;9.53;0;0;0;371;32.74;61;18;3.43;0;0;0;0;0;0;0;2;0;181;15.97;37;7;11;0;4;0;0;0;0;18;0;0;37;12;14;11;5;0.44;1;0;0;4;5;146;12.88;24;14:33;01:17;02:29;0;0;0;63;5.56;10;32;2.82;4;11,299;1.25;1,971;75,912;32,554;37;3.26;6;0;0;0;0;0;2 hours;25:41;0;0;0;42%;44%;37%
sloohy99;2897;0;0;0;1;6%;880;159;67;0.14;81,031;10,081.68;19,669;3,922;1;11.86;3;36;3;179;22.27;43;11;3.25;0;0;0;0;0;0;0;1;0;79;9.82;16;0;0;1;5;833;9,878;833;833;11;0;0;0;5;5;0;3;0.37;2;0;0;3;2;71;8.83;23;00:21;04:10;00:21;4;47;4;22;2.73;4;17;2.11;3;108;1.49;108;38,368;14,157;22;2.73;4;0;0;1;0;0;1 minute;03:52;0;0;16;36%;44%;57%
Smansi;2654;0;0;0;8;5%;1,912;216;75;0.13;210,235;11,136.35;18,303;6,055;108;5.72;0;0;0;579;30.67;57;20;5.36;0;0;0;0;0;0;0;0;0;261;13.82;26;8;19;2;9;0;0;0;0;20;0;0;65;18;22;25;1;0.05;1;0;0;3;6;306;16.2;30;31:24;01:39;02:36;0;0;0;79;4.18;10;52;2.75;5;22,573;1.54;2,050;106,878;35,965;49;2.59;8;0;0;1;0;0;4 hours;24:30;0;0;11;33%;43%;49%
Smithered;4207;0;0;0;0;7%;137;67;53;0.25;8,688;11,198.28;4,296;2,215;8;10.31;0;0;0;20;25.77;12;7;2.5;0;0;0;0;0;0;0;0;0;12;15.46;6;0;1;0;0;0;0;0;0;7;0;0;3;1;0;1;0;0;0;0;0;0;0;8;10.31;5;00:46;00:59;00:19;0;0;0;1;1.28;1;1;1.28;1;1,029;1.91;460;4,524;1,757;1;1.28;1;0;0;0;0;0;8 minutes;00:40;0;0;2;38%;0;42%
SNAKE714;3752;0;0;0;0;6%;127;70;56;0.17;12,225;19,183.14;8,106;4,756;3;4.7;0;0;0;23;36.09;15;8;7.66;0;0;0;0;0;0;0;0;0;10;15.69;6;0;1;0;0;0;0;0;0;8;0;0;2;1;1;0;0;0;0;0;0;0;0;9;14.12;6;00:46;01:12;00:20;0;0;0;6;9.41;4;4;6.27;3;986;1.34;676;5,470;2,081;3;4.7;2;0;0;0;0;0;12 minutes;0;0;0;0;38%;0;68%
SpanishK;2586;0;0;0;0;12%;126;104;61;0.24;6,357;8,038.13;4,751;1,831;5;6.32;0;0;0;16;20.23;11;3;3.2;0;0;0;0;0;0;0;0;0;10;12.64;6;0;1;0;0;0;0;0;0;3;0;0;2;1;0;0;2;2.52;2;0;0;0;0;4;5.05;3;00:37;00:46;00:19;0;0;0;4;5.05;4;2;2.52;2;473;0.93;279;3,242;1,033;1;1.26;1;0;0;0;0;0;8 minutes;0;0;0;0;31%;35%;52%
stiouf3;3519;0;0;0;0;4%;56;28;14;0.11;6,283;9,855.61;2,618;1,449;11;17.25;0;0;0;16;25.09;6;5;1.45;0;0;0;0;0;0;0;0;0;7;10.98;4;1;1;0;0;0;0;0;0;5;0;0;2;1;0;1;0;0;0;0;0;0;0;9;14.11;3;00:47;01:13;00:15;0;0;0;3;4.7;2;2;3.13;1;612;1.29;260;2,846;1,123;2;3.13;2;0;0;0;0;0;7 minutes;00:01;0;0;0;39%;0;5%
stormavatar;4505;0;0;0;1;5%;140;61;52;0.17;11,460;11,619.82;4,944;4,047;7;7.09;0;0;0;39;39.54;14;9;5.57;0;0;0;0;0;0;0;1;0;17;17.23;7;0;1;0;1;0;0;0;0;9;0;0;4;1;1;2;0;0;0;0;0;0;0;16;16.22;6;00:52;00:53;00:16;0;0;0;3;3.04;2;0;0;0;863;1.07;435;6,194;2,597;2;2.02;1;0;0;0;0;0;13 minutes;02:12;0;0;0;41%;53%;100%
subzilllaa;3870;0;0;0;3;5%;1,553;212;46;0.15;168,671;15,047.62;19,131;3,965;180;16.05;0;0;0;337;30.06;45;9;1.87;0;0;0;0;0;0;0;3;0;195;17.39;30;6;11;1;4;0;0;0;0;9;0;0;38;11;17;9;2;0.17;1;0;0;5;4;121;10.79;19;13:58;01:14;02:07;0;0;0;63;5.62;10;43;3.83;6;13,372;1.37;1,370;67,578;26,256;56;4.99;9;0;0;0;0;0;2 hours;21:50;0;0;0;38%;46%;39%
Surrturr;2807;0;0;0;2;6%;4,636;253;83;0.16;285;1,372.37;285;285;1;4.82;0;0;0;958;30.03;72;18;2.58;0;0;0;0;0;0;0;5;0;461;14.45;32;0;0;3;15;0;0;0;0;18;0;0;0;0;0;34;1;0.03;1;0;0;4;13;422;13.22;38;46:52;01:28;03:45;0;0;0;120;3.76;9;85;2.66;7;40,594;1.45;1,943;30;3;124;3.88;8;0;0;0;0;0;3.7974100038409233 seconds;01:00:19;0;0;6;10%;54%;45%
swagboy1235;0;0;0;0;1;8%;113;113;33;0.16;8,528;7,940.39;8,384;2,108;6;5.58;0;0;0;43;40.03;42;12;7.16;0;0;0;0;0;0;0;0;0;16;14.89;16;0;1;0;1;0;0;0;0;12;0;0;4;0;3;1;0;0;0;0;0;0;0;23;21.41;23;02:26;02:15;02:26;0;0;0;7;6.51;7;4;3.72;4;870;1.24;870;5,552;1,305;7;6.51;7;0;0;0;0;0;11 minutes;02:46;0;0;0;23%;23%;100%
SwiperThe1;4286;0;0;0;5;6%;1,482;182;59;0.17;136,493;12,381.36;17,030;6,573;120;10.88;0;0;0;348;31.56;45;16;2.9;0;0;0;0;0;0;0;0;0;189;17.14;31;6;11;1;5;0;0;0;0;16;0;0;31;6;12;12;6;0.54;2;0;0;3;4;111;10.06;16;10:39;00:57;02:16;0;0;0;48;4.35;8;33;2.99;5;13,085;1.56;1,453;57,064;21,939;69;6.25;10;0;0;0;0;0;2 hours;29:06;0;0;0;38%;75%;41%
Taimbot;0;0;0;0;0;4%;60;25;16;0.12;7,592;10,692.5;4,075;2,272;6;8.45;0;0;0;24;33.8;9;6;4;0;0;0;0;0;0;0;0;0;12;16.9;5;0;1;0;1;0;0;0;0;6;0;0;2;1;1;1;0;0;0;0;0;0;0;10;14.08;4;00:44;01:03;00:18;0;0;0;2;2.81;2;0;0;0;657;1.39;352;3,000;1,317;3;4.22;2;0;0;0;0;0;7 minutes;01:36;0;0;0;43%;38%;83%
tarnys;4371;0;0;0;32;7%;5,920;247;107;0.2;483,098;10,318.89;19,834;7,483;256;5.46;0;0;0;1,548;33.06;51;21;6.04;0;0;0;0;0;0;0;2;0;783;16.72;31;1;47;2;44;0;0;0;0;21;0;0;132;33;67;32;31;0.66;3;0;0;4;29;410;8.75;22;36:22;00:46;02:16;0;0;0;160;3.41;9;102;2.17;5;29,812;1.02;1,332;193,558;77,453;212;4.52;10;0;0;0;0;0;--;01:38:21;0;0;5;40%;47%;94%
TheCycl3Path;3000;0;0;0;3;6%;782;148;58;0.15;80,010;16,462.11;15,903;5,063;76;15.63;0;0;0;216;44.44;39;22;2.84;0;0;0;0;0;0;0;1;0;150;30.86;28;1;5;1;2;0;0;0;0;22;0;0;13;2;6;5;10;2.05;3;0;0;5;4;69;14.19;17;08:55;01:50;01:43;0;0;0;34;6.99;7;19;3.9;5;6,982;1.41;1,016;28,550;12,278;58;11.93;9;0;0;0;0;0;1 hour;19:37;0;0;2;43%;52%;43%
thegayestbean;0;0;0;0;0;5%;283;82;24;0.08;28,242;4,851.84;7,612;1,444;72;12.36;0;0;0;93;15.97;34;8;1.29;0;0;0;0;0;0;0;0;0;37;6.35;19;5;6;1;0;0;0;0;0;8;0;0;11;5;3;3;0;0;0;0;0;0;0;56;9.62;18;07:42;01:19;01:51;0;0;0;10;1.71;7;6;1.03;3;4,624;1.35;1,127;21,466;4,965;9;1.54;6;0;0;1;0;0;56 minutes;00:20;0;0;8;23%;31%;0
TheRagerGamer;3760;2;8;2;0;6%;3;3;3;0.01;900;3,726.77;900;820;2;8.28;0;0;0;2;8.28;2;2;1;0;0;0;0;0;0;0;0;0;8;5.01;4;0;0;0;0;791;3,277;791;461;2;0;0;0;2;1;0;0;0;0;0;0;3;1;2;8.28;2;01:08;00:42;00:41;0;0;0;4;2.5;2;5;3.13;3;206;1.34;206;106;43;2;1.25;1;0;0;0;0;0;2 minutes;0;0;0;0;40%;40%;0
TheWeissmann40;2915;0;0;0;10;50%;2;2;2;0.02;120;1,413.29;120;120;2;23.55;0;0;0;581;27.73;60;21;3.79;0;0;0;0;0;0;0;5;0;317;15.13;29;6;0;1;0;92;1,078;92;90;21;0;0;0;0;0;0;7;0.33;2;0;0;3;4;265;12.65;32;00:01;00:13;00:01;0;0;0;87;4.15;9;65;3.1;5;92;1.09;92;5;4;105;5.01;9;0;0;0;0;0;1 minute;23:51;0;0;10;80%;45%;100%
tinysparkles;3406;0;0;0;0;5%;442;122;34;0.12;52,778;12,608.97;13,219;4,219;44;10.51;0;0;0;130;31.05;46;8;2.95;0;0;0;0;0;0;0;1;0;68;16.24;24;4;4;0;0;0;0;0;0;8;0;0;13;5;3;5;1;0.23;1;0;0;3;1;55;13.13;25;06:55;01:39;01:55;0;0;0;21;5.01;7;16;3.82;4;4,278;1.23;1,147;23,714;8,413;21;5.01;8;0;0;0;0;0;57 minutes;04:04;0;0;0;35%;30%;0%
towearacrown;3520;0;0;0;0;5%;283;232;42;0.21;33,693;30,512.85;26,899;4,663;19;17.2;0;0;0;55;49.8;47;7;2.89;0;0;0;0;0;0;0;1;0;27;24.45;24;0;1;0;1;0;0;0;0;7;0;0;4;1;3;0;1;0.9;1;0;0;0;0;32;28.97;29;02:28;02:14;02:06;0;0;0;12;10.86;12;9;8.15;7;1,778;1.32;1,460;11,346;5,409;2;1.81;1;0;0;0;0;0;22 minutes;01:55;0;0;0;47%;66%;75%
Uryu_CsP;4564;0;0;0;14;7%;4,691;311;90;0.22;421,947;16,096.35;25,722;10,396;316;12.05;0;0;0;924;35.24;65;31;2.92;0;0;0;0;0;0;0;1;0;518;19.76;40;12;26;1;13;0;0;0;0;31;0;0;82;12;51;18;4;0.15;1;0;0;4;11;293;11.17;30;32:32;01:14;03:08;0;0;0;139;5.3;16;88;3.35;8;32,928;1.59;2,400;151,614;66,912;148;5.64;13;0;0;0;0;0;5 hours;01:25:53;0;0;0;44%;51%;49%
Vince-F95Gunners;3369;0;0;0;0;6%;802;258;56;0.19;74,008;14,546.36;18,179;4,354;77;15.13;0;0;0;138;27.12;28;8;1.79;0;0;0;0;0;0;0;0;0;73;14.34;14;3;5;0;2;0;0;0;0;8;0;0;13;2;5;6;0;0;0;0;0;3;2;58;11.39;9;08:12;01:36;01:38;0;0;0;26;5.11;6;11;2.16;2;7,635;1.81;2,070;34,274;12,951;19;3.73;6;0;0;0;0;0;1 hour;05:40;0;0;2;37%;61%;31%
VoSnYb;3961;0;0;0;0;6%;101;46;29;0.18;9,585;14,150.84;3,731;3,160;11;16.23;0;0;0;26;38.38;12;11;2.36;0;0;0;0;0;0;0;0;0;14;20.66;7;0;1;0;0;0;0;0;0;11;0;0;3;1;1;0;1;1.47;1;0;0;0;0;5;7.38;4;00:57;01:25;00:16;0;0;0;3;4.42;3;1;1.47;1;604;1.1;200;3,686;1,577;1;1.47;1;0;0;0;0;0;9 minutes;03:08;0;0;0;42%;0;46%
vReveelz;3589;0;0;0;23;8%;4,112;273;112;0.22;315,263;9,916.19;19,259;7,259;189;5.94;0;0;0;1,063;33.43;62;21;5.62;0;0;0;0;0;0;0;0;0;509;16;23;1;32;0;31;0;0;0;0;21;0;0;84;22;35;26;7;0.22;1;0;0;4;17;349;10.97;29;27:19;00:51;02:21;0;0;0;174;5.47;13;104;3.27;9;27,475;1.48;1,767;129,006;46,923;151;4.74;11;0;0;1;0;0;5 hours;01:08:25;0;0;17;36%;46%;96%
Wan-0-War;4202;0;0;0;0;6%;43;33;33;0.21;3,909;9,519.32;2,674;2,674;2;4.87;0;0;0;6;14.61;3;3;3;0;0;0;0;0;0;0;0;0;1;2.43;1;0;0;0;0;0;0;0;0;3;0;0;2;1;0;1;0;0;0;0;0;3;1;2;4.87;2;00:16;00:39;00:11;0;0;0;1;2.43;1;1;2.43;1;167;0.85;163;1,926;692;0;0;0;0;0;0;0;0;3 minutes;0;0;0;0;35%;37%;21%
wannchan_1208;3680;0;0;0;0;3%;404;73;23;0.09;61,951;12,884.77;7,580;4,007;54;11.23;0;0;0;137;28.49;20;12;2.53;0;0;0;0;0;0;0;0;0;60;12.47;9;1;5;0;3;0;0;0;0;12;0;0;11;5;2;4;2;0.41;1;0;0;4;3;56;11.64;9;06:03;01:15;01:27;0;0;0;23;4.78;5;11;2.28;3;5,748;1.36;690;28,138;10,590;9;1.87;2;0;0;0;0;0;1 hour;03:30;0;0;0;37%;42%;69%
WhiteRangerOwnz;2633;0;0;0;1;5%;193;102;79;0.14;17,131;8,649.85;8,490;4,688;16;8.07;0;0;0;41;20.7;19;18;2.56;0;0;0;0;0;0;0;1;0;16;8.07;9;2;2;0;0;0;0;0;0;18;0;0;2;1;1;0;0;0;0;0;0;3;2;28;14.13;12;03:53;01:58;01:27;0;0;0;4;2.01;2;3;1.51;2;1,380;1.04;505;11,162;3,413;4;2.01;2;0;0;0;0;0;22 minutes;03:22;0;0;0;30%;42%;13%
Winaax;2512;0;0;0;0;9%;88;82;44;0.12;7,181;5,466.48;6,469;1,828;8;6.09;0;0;0;32;24.36;29;7;4;0;0;0;0;0;0;0;0;1;19;14.46;16;1;1;0;1;0;0;0;0;7;0;0;2;1;0;1;2;1.52;2;0;0;0;0;15;11.41;14;01:12;00:55;00:55;0;0;0;3;2.28;3;2;1.52;2;515;0.72;515;3,094;970;5;3.8;3;0;0;0;0;0;11 minutes;01:30;0;0;2;31%;35%;100%
x_CyberHunter_x;3500;0;0;0;0;12%;72;72;64;0.41;3,511;22,657.83;3,511;2,755;2;12.9;0;0;0;6;38.72;6;5;3;0;0;0;0;0;0;0;0;0;4;25.81;4;0;0;0;0;0;0;0;0;5;0;0;0;0;0;0;0;0;0;0;0;0;0;1;6.45;1;00:04;00:30;00:04;0;0;0;1;6.45;1;0;0;0;217;1.25;217;1,250;599;2;12.9;2;0;0;0;0;0;2 minutes;0;0;0;0;47%;0;0
xbLeU;4329;0;0;0;1;9%;405;172;41;0.29;24,717;15,256.81;9,517;2,709;18;11.11;0;0;0;62;38.26;24;9;3.44;0;0;0;0;0;0;0;0;0;31;19.13;14;0;2;0;1;0;0;0;0;9;0;0;4;2;1;2;1;0.61;1;0;0;3;1;20;12.34;9;01:34;00:58;00:44;0;0;0;5;3.08;4;2;1.23;2;2,136;1.57;1,076;10,918;4,131;12;7.4;6;0;0;0;0;0;22 minutes;04:10;0;0;0;37%;42%;72%
XCloud-4tlasX;2292;0;0;0;0;5%;26;26;8;0.09;2,418;7,519.48;2,418;995;5;15.54;0;0;0;13;40.41;13;5;2.6;0;0;0;0;0;0;0;0;0;6;18.65;6;0;0;0;0;0;0;0;0;5;0;0;1;1;0;0;0;0;0;0;0;0;0;1;3.1;1;00:30;01:34;00:30;0;0;0;1;3.1;1;1;3.1;1;302;1.09;302;1,730;497;1;3.1;1;0;0;0;0;0;4 minutes;0;0;0;0;28%;28%;0
XDaRkFlMeMaSteX;3033;0;0;0;22;5%;5,027;320;95;0.15;593,724;16,393.1;26,902;15,100;291;8.03;0;0;0;1,437;39.67;57;31;4.93;0;0;0;0;0;0;0;2;0;684;18.88;32;13;36;3;21;0;0;0;0;31;0;0;115;14;61;40;3;0.08;1;0;0;3;17;555;15.32;30;49:38;01:22;02:27;0;0;0;194;5.35;10;139;3.83;7;41,161;1.3;1,925;249,638;100,344;149;4.11;10;0;0;2;0;0;8 hours;01:19:19;0;0;18;40%;51%;58%
Xecrets;3992;0;0;0;0;6%;296;142;67;0.27;24,916;19,939.16;10,203;7,159;11;8.8;0;0;0;47;37.61;18;16;4.27;0;0;0;0;0;0;0;0;0;27;21.6;11;0;1;0;1;0;0;0;0;16;0;0;3;1;2;0;0;0;0;0;0;5;2;10;8;5;00:51;00:40;00:29;0;0;0;13;10.4;7;6;4.8;3;1,146;1.04;585;9,660;4,265;3;2.4;2;0;0;0;0;0;18 minutes;02:55;0;0;0;44%;44%;61%
XenomorphKiller6;4432;0;0;0;11;9%;3,268;371;190;0.27;243,006;17,145.03;22,415;8,187;118;8.32;0;0;0;562;39.65;53;17;4.76;0;0;0;0;0;0;0;1;0;332;23.42;32;5;14;1;9;0;0;0;0;17;0;0;46;8;32;7;10;0.7;3;0;0;4;2;196;13.82;30;20:16;01:25;02:22;0;0;0;94;6.63;10;70;4.93;7;15,450;1.3;1,896;81,008;34,864;70;4.93;9;0;0;0;0;0;3 hours;46:49;0;0;1;43%;60%;62%
xEvery_;3596;0;0;0;0;4%;430;127;56;0.14;55,681;14,496.98;13,343;3,955;30;7.81;0;0;0;116;30.2;32;11;3.86;0;0;0;0;0;0;0;1;0;68;17.7;23;2;4;0;2;0;0;0;0;11;0;0;15;2;4;9;2;0.52;1;0;0;3;1;41;10.67;11;05:32;01:26;01:52;0;0;0;21;5.46;7;12;3.12;3;4,693;1.55;1,551;21,624;9,795;8;2.08;2;0;0;0;0;0;50 minutes;05:14;0;0;0;45%;61%;44%
xI_Ace_Ix;4158;0;0;0;4;6%;889;167;75;0.14;87,219;9,357.69;13,947;4,529;54;5.79;0;0;0;307;32.93;48;21;5.68;0;0;0;0;0;0;0;0;0;116;12.44;17;0;0;0;0;0;0;0;0;21;0;0;0;9;0;6;2;0.21;1;0;0;3;4;102;10.94;18;09:12;00:59;01:36;0;0;0;30;3.21;6;17;1.82;5;6,394;1.01;1,178;38,172;14,268;16;1.71;3;0;0;0;0;0;8.391015999019146 seconds;10:46;0;0;0;37%;52%;100%
xShotwell;3676;0;0;0;69;5%;16,408;288;93;0.16;1,863,014;14,448.68;26,634;7,593;1,225;9.5;0;0;0;4,897;37.97;73;24;3.99;0;0;0;0;0;0;0;10;0;2,568;19.91;45;46;129;8;75;0;0;0;0;24;0;0;428;59;253;116;41;0.31;2;0;0;5;51;1,996;15.48;35;03:10:33;01:28;03:08;0;0;0;760;5.89;18;455;3.52;8;137,367;1.34;2,015;681,960;274,336;534;4.14;13;0;0;3;0;0;28 hours;06:05:26;0;0;36;40%;56%;58%
xtrickharder_esp;4148;0;0;0;0;9%;486;125;75;0.3;33,617;20,686.91;10,038;3,585;25;15.38;0;0;0;62;38.15;19;6;2.48;0;0;0;0;0;0;0;0;0;32;19.69;10;0;2;0;1;0;0;0;0;6;0;0;6;2;3;1;1;0.61;1;0;0;3;1;25;15.38;10;02:17;01:24;00:50;0;0;0;11;6.76;6;10;6.15;4;2,236;1.4;637;11,558;5,056;7;4.3;2;0;0;0;0;0;26 minutes;01:01;0;0;0;43%;61%;73%
XTXSHADOW;4646;0;0;0;7;7%;2,005;287;67;0.19;185,284;13,234.59;25,392;7,835;127;9.07;0;0;0;465;33.21;67;23;3.66;0;0;0;0;0;0;0;0;0;241;17.21;33;2;14;1;11;0;0;0;0;23;0;0;48;10;20;18;17;1.21;5;0;0;4;7;163;11.64;25;24:28;01:44;03:15;0;0;0;62;4.42;10;46;3.28;8;14,952;1.43;2,032;64,568;27,459;54;3.85;8;0;0;0;0;0;2 hours;40:09;0;0;1;42%;49%;78%
XxDPROxSKILLZxX;4664;0;0;0;19;6%;4,292;282;72;0.19;430,888;16,147.27;26,281;8,084;271;10.15;0;0;0;1,024;38.37;57;19;3.77;0;0;0;0;0;0;0;6;0;534;20.01;37;5;27;2;20;0;0;0;0;19;0;0;90;19;48;23;44;1.64;3;0;0;4;14;347;13;19;35:55;01:20;02:47;0;0;0;150;5.62;11;88;3.29;7;31,985;1.42;2,095;157,306;65,974;85;3.18;7;0;0;0;0;0;6 hours;01:03:43;0;0;0;41%;50%;74%
YoungShimada;3380;0;0;0;0;8%;72;48;16;0.16;5,121;9,491.67;3,909;1,550;1;10.45;0;0;0;10;18.53;9;3;1;0;0;0;0;0;0;0;0;0;2;3.7;1;0;0;0;0;1,214;12,694;1,214;1,206;3;0;0;0;0;0;0;0;0;0;0;0;0;0;4;7.41;4;00:02;00:26;00:02;0;0;0;0;0;0;1;1.85;1;123;1.6;123;2,442;865;0;0;0;0;0;0;0;0;1 minute;0;0;0;0;35%;0;7%
yui_ui_1989;2504;0;0;0;0;9%;49;28;22;0.13;4,436;9,794.08;1,638;1,242;4;8.83;0;0;0;14;30.91;10;10;3.5;0;0;0;0;0;0;0;0;0;7;15.45;3;0;0;0;0;0;0;0;0;10;0;0;1;0;0;1;1;2.2;1;0;0;0;0;7;15.45;6;01:06;02:26;00:42;0;0;0;3;6.62;1;1;2.2;1;368;1.04;199;2,332;540;0;0;0;0;0;0;0;0;5 minutes;00:01;0;0;1;23%;34%;65%
Zealousx;3334;0;0;0;3;4%;1,198;121;31;0.1;166,498;11,166.75;18,064;3,987;157;10.52;0;0;0;403;27.02;40;14;2.56;0;0;0;0;0;0;0;1;0;203;13.61;26;8;15;1;6;0;0;0;0;14;0;0;42;9;15;18;2;0.13;1;0;0;3;3;161;10.79;20;19:18;01:17;03:13;0;0;0;50;3.35;8;26;1.74;3;15,043;1.31;1,569;75,364;27,067;62;4.15;7;0;0;0;0;0;3 hours;18:42;0;0;0;35%;75%;42%
ZeeTee_;4140;0;0;0;0;4%;223;88;31;0.15;26,436;13,942.34;7,473;5,507;19;10.02;0;0;0;64;33.75;21;14;3.36;0;0;0;0;0;0;0;0;0;25;13.18;9;1;2;0;1;0;0;0;0;14;0;0;5;1;3;1;0;0;0;0;0;4;1;23;12.13;7;01:53;00:59;00:22;0;0;0;5;2.63;3;4;2.1;2;2,289;1.6;542;11,188;4,698;5;2.63;2;0;0;0;0;0;23 minutes;00:41;0;0;0;41%;37%;58%
zmkrzmnbhr;2144;0;0;0;0;3%;15;15;6;0.05;3,040;4,441.9;3,040;1,140;6;8.76;0;0;0;5;7.3;5;2;0.83;0;0;0;0;0;0;0;0;0;3;4.38;3;1;1;0;0;0;0;0;0;2;0;0;2;1;1;1;0;0;0;0;0;0;0;4;5.84;4;00:42;01:01;00:42;0;0;0;1;1.46;1;0;0;0;82;0.27;82;1,436;484;2;2.92;2;0;0;0;0;0;4 minutes;0;0;0;0;33%;0;0
Zsobral;3000;0;0;0;9;7%;1,520;274;60;0.22;126,394;13,141.77;21,123;4,582;97;10.08;0;0;0;356;37.01;59;19;3.67;0;0;0;0;0;0;0;1;0;194;20.17;28;2;10;0;8;0;0;0;0;19;0;0;38;2;29;7;3;0.31;1;0;0;3;3;145;15.07;32;15:30;01:36;02:31;0;0;0;60;6.23;14;26;2.7;7;9,835;1.47;1,772;53,882;20,764;78;8.11;12;0;0;0;0;0;1 hour;33:08;0;0;3;38%;43%;83%
zwordz;4050;0;0;0;4;4%;744;193;39;0.14;91,063;13,821.08;15,641;3,508;82;12.44;0;0;0;212;32.17;47;15;2.58;0;0;0;0;0;0;0;0;0;112;16.99;25;2;7;0;4;0;0;0;0;15;0;0;21;1;12;8;3;0.45;2;0;0;3;2;87;13.2;19;09:41;01:28;01:22;0;0;0;29;4.4;7;19;2.88;5;6,939;1.33;1,024;38,382;15,940;29;4.4;9;0;0;0;0;0;1 hour;06:45;0;0;1;41%;52%;66%
