A_P_P_L_E_J_A_M;2385;0;0;1,093;1,396.9;1,093;393;5;6.38;4;5;4;2;2.55;2;2;0.4;0;0;0;0;0;0;0;0;0;0;0;0;0;0;1;1;0;0;1,618;2,067.66;1,618;600;2;0;1;0;0;1;0;0;0;0;0;1;1;1;1;1;1;1;1.27;1;00:06;00:07;00:06;3;4;3;0;0;0;0;0;0;0;150;12;0;0;0;0;3 minutes;0;0;0;0;66;149;8%;0;0
aahmad3_3;2909;2;0;10,021;3,959.06;4,774;1,504;16;6.32;17;7;12;34;13.43;15;9;2.12;0;0;0;0;0;0;19;8;10;0;0;16;6.32;8;1;3;0;2;16,572;6,547;11,255;3,175;9;0;4;0;2;2;1;0.39;1;0;0;2;1;1;8;3;6;14;5.53;7;00:25;00:10;00:21;13;5;7;61%;68%;172;278;1,603;1.06;882;871;119;7;2.76;3;0;24 minutes;00:53;0;1;1;189;307;13%;13%;79%
abra84kadabra;2388;1;0;31,721;3,020.14;2,664;2,020;72;6.85;62;6;4;60;5.71;6;3;0.83;0;0;0;0;0;0;31;3;1;0;0;16;1.52;2;5;11;1;5;46,625;4,439.21;3,244;2,586;3;0;19;5;10;4;0;0;0;0;0;27;3;5;47;4;4;20;1.9;4;04:49;00:27;00:56;41;4;5;57%;100%;981;1,701;0;0;0;5,430;414;6;0.57;1;0;1 hour;00:02;7;1;1;1,019;1,981;7%;11%;51%
aisia121;4402;0;0;3,595;4,325.94;1,047;860;7;8.42;4;5;3;6;7.21;3;3;0.85;0;0;0;0;0;0;2;2;1;1;0;2;2.4;1;0;1;0;1;1,204;1,448.13;940;886;3;0;1;0;0;0;0;0;0;0;0;0;0;0;2;2;1;4;4.81;3;00:39;00:47;00:12;3;4;2;50%;50%;4;8;0;0;0;196;40;0;0;0;0;8 minutes;0;0;0;1;75;178;20%;75%;87%
AkimboMistiK;4165;0;0;5,421;5,027.63;5,361;2,170;5;4.63;19;18;19;13;12.05;13;6;2.6;0;0;0;0;0;0;5;5;5;0;0;2;1.85;2;0;1;0;1;6,739;6,250;6,539;2,634;6;0;1;0;0;1;0;0;0;0;0;6;6;6;3;3;3;6;5.56;6;00:12;00:12;00:12;11;10;11;65%;67%;135;205;704;0.97;504;564;58;0;0;0;0;12 minutes;00:06;0;1;1;99;151;10%;10%;100%
akira082219;2925;0;0;4,834;5,264.51;3,424;1,472;10;10.88;11;12;8;7;7.62;5;3;0.7;0;0;0;0;0;0;6;7;3;0;0;4;4.35;2;1;1;0;0;9,083;9,891;6,179;1,611;3;0;3;2;0;1;0;0;0;0;0;3;3;2;5;5;4;3;3.26;3;01:23;01:30;01:14;5;5;4;61%;63%;47;76;456;0.59;300;497;62;0;0;0;0;12 minutes;00:40;0;1;1;225;340;12%;0;22%
Akodak;3000;1;0;3,361;1,459.31;1,413;568;13;5.64;27;12;10;14;6.07;7;2;1.07;0;0;0;0;0;0;12;5;1;0;0;5;2.17;3;0;2;0;2;13,024;5,654.48;5,699;1,843;2;0;4;0;3;1;0;0;0;0;0;19;8;11;12;5;5;7;3.03;4;03:30;01:31;01:57;23;10;14;56%;83%;46;82;0;0;0;672;27;1;0.43;1;0;22 minutes;00:42;0;1;1;290;496;4%;5%;100%
AllStatsDown;4102;8;0;105,400;4,115.49;8,379;2,477;178;6.95;270;11;23;283;11.05;22;14;1.58;0;0;0;0;0;0;225;9;17;1;0;73;2.85;10;11;26;2;13;213,056;8,319;16,765;4,977;14;0;41;10;18;14;3;0.11;1;3;1;94;4;8;96;4;7;97;3.78;12;22:39;00:53;02:20;189;7;13;61%;100%;750;1,227;10,608;0.58;1,043;9,363;1,194;9;0.35;3;0;5 hours;12:37;3;1;1;4,451;6,812;12%;21%;49%
angels_fan_44;0;0;0;4,747;3,943.41;2,443;944;11;9.13;7;6;4;17;14.12;9;5;1.54;0;0;0;0;0;0;3;2;3;0;0;6;4.98;4;1;1;0;1;1,659;1,378;1,659;525;5;0;3;1;1;1;0;0;0;0;0;3;2;2;2;2;1;7;5.81;4;01:56;01:36;01:05;13;11;7;52%;64%;13;25;152;0.21;152;203;50;0;0;0;0;11 minutes;0;0;1;1;89;151;24%;0;45%
APurplePanduh;4466;0;0;779;4,992.89;779;779;1;6.41;1;6;1;1;6.41;1;1;1;0;0;0;0;0;0;3;19;3;0;0;0;0;0;0;0;0;0;972;6,233;972;972;1;0;1;0;1;0;0;0;0;0;0;0;0;0;0;0;0;0;0;0;0;0;0;0;0;0;50%;50%;4;8;170;2.52;170;45;9;0;0;0;0;1 minute;0;0;1;1;24;29;20%;0;100%
Arash1994;3986;8;0;38,579;2,687.77;4,209;2,223;63;4.38;240;17;22;164;11.42;16;12;2.6;0;0;0;0;0;0;77;5;9;1;0;34;2.36;5;1;14;0;14;140,457;9,786;14,491;6,089;12;0;26;5;10;10;1;0.06;1;0;0;84;6;9;59;4;5;65;4.52;10;16:18;01:08;02:03;162;11;18;71%;100%;694;975;4,441;0.49;602;5,699;423;1;0.06;1;0;2 hours;09:08;0;1;1;2,683;3,690;7%;12%;100%
ATLXyphes;3256;4;0;53,031;4,422.78;8,271;2,290;72;6;235;20;32;185;15.42;26;10;2.56;0;0;0;0;0;0;76;6;1;1;0;50;4.16;7;3;12;1;8;106,735;8,901.67;13,919;3,839;10;0;22;3;7;12;3;0.25;1;3;1;107;9;13;85;7;10;86;7.17;16;20:33;01:42;03:58;174;15;20;68%;85%;617;903;0;0;0;5,694;592;4;0.33;1;0;2 hours;11:34;1;1;1;2,467;3,803;10%;16%;67%
AutoBots_Kick_A;2901;3;0;152,525;3,590.28;7,456;2,815;242;5.69;434;10;23;394;9.27;17;10;1.62;0;0;0;0;0;0;245;6;9;1;0;106;2.49;9;19;42;6;18;91,475;2,153;10,371;4,841;10;0;55;11;12;32;3;0.07;1;0;0;149;4;9;154;4;6;166;3.9;13;31:04;00:43;02:09;287;7;12;59%;88%;1,519;2,549;7,176;0.24;726;14,045;1,708;19;0.44;3;0;8 hours;05:44;6;1;1;5,214;8,792;12%;20%;43%
BEBOFLOW-PR;3689;0;0;25,072;4,774.54;5,279;1,661;58;11.04;67;13;13;61;11.61;13;4;1.05;0;0;0;0;0;0;58;11;12;0;0;15;2.85;4;3;5;1;1;40,846;7,778;6,749;3,028;4;0;10;5;1;5;0;0;0;0;0;26;5;7;25;5;5;33;6.28;9;08:03;01:32;01:43;45;9;10;52%;67%;121;231;3,706;0.78;626;2,381;276;0;0;0;0;1 hour;01:33;1;1;1;1,043;1,894;11%;43%;26%
BEN-B-en;0;4;0;74,782;4,168.04;4,485;2,263;172;9.58;243;14;22;164;9.14;14;8;0.95;0;0;0;0;0;0;56;3;4;2;0;29;1.61;3;13;18;0;4;17,869;996;6,562;3,502;8;0;34;9;10;15;0;0;0;3;3;111;6;10;103;6;5;73;4.06;7;25:18;01:24;02:25;194;11;16;51%;100%;99;193;1,761;0.12;594;7,110;807;1;0.05;1;0;3 hours;08:35;0;1;1;4,149;6,621;11%;33%;23%
bhmazz;2534;0;0;1,842;4,069.85;1,842;810;2;4.41;2;4;2;3;6.62;3;2;1.5;0;0;0;0;0;0;2;4;2;0;0;1;2.2;1;0;0;0;0;1,285;2,840;1,285;625;2;0;0;0;0;0;0;0;0;0;0;1;2;1;1;2;1;1;2.2;1;00:14;00:32;00:14;4;9;4;0;0;0;0;286;1.44;286;101;22;0;0;0;0;3 minutes;0;0;0;0;47;100;21%;21%;100%
BlaZe-ZinG;0;0;0;540;1,582.64;540;290;4;11.72;1;3;1;3;8.79;3;2;0.75;0;0;0;0;0;0;0;0;0;0;0;2;5.86;2;0;0;0;0;1,666;4,886.26;1,666;791;2;0;1;0;0;0;0;0;0;0;0;3;9;3;1;3;1;0;0;0;00:01;00:05;00:01;3;9;3;46%;46%;15;32;0;0;0;107;5;1;2.93;1;0;3 minutes;0;0;1;1;23;42;4%;4%;0
Blota_Skoles;3624;0;0;8,165;3,115.12;2,574;2,067;19;7.24;45;17;15;26;9.91;9;5;1.36;0;0;0;0;0;0;11;4;4;2;0;1;0.38;1;1;3;0;1;21,911;8,359;5,616;3,514;5;0;3;1;1;1;0;0;0;4;1;9;3;4;10;4;3;16;6.1;5;02:50;01:05;01:51;27;10;10;59%;100%;19;32;607;0.32;186;934;87;0;0;0;0;30 minutes;00:20;0;1;1;486;860;9%;17%;46%
blueschopper0628;1959;0;0;201;2,832.39;201;201;1;14.11;0;0;0;0;0;0;0;0;0;0;0;0;0;0;0;0;0;0;0;0;0;0;0;0;0;0;0;0;0;0;0;0;0;0;0;0;0;0;0;0;0;0;0;0;0;0;0;0;0;0;0;0;0;0;0;0;0;0;0;0;0;0;0;13;3;0;0;0;0;33.303989003412426 seconds;0;0;0;0;4;13;23%;0;0
BobbysWorldGamer;2518;0;0;869;3,296.31;869;312;4;15.17;3;11;3;2;7.58;2;2;0.5;0;0;0;0;0;0;1;4;1;0;0;0;0;0;0;0;0;0;844;3,203;844;478;2;0;1;0;1;0;0;0;0;0;0;1;4;1;1;4;1;2;7.58;2;00:06;00:25;00:06;1;4;1;87%;87%;7;8;64;0.38;64;59;9;0;0;0;0;2 minutes;0;0;1;1;23;42;15%;15%;0
BONBISH;3664;0;0;9,280;6,268.71;4,882;3,166;14;9.45;19;13;7;22;14.86;12;7;1.57;0;0;0;0;0;0;10;7;4;0;0;8;5.4;3;0;1;0;1;13,860;9,363;5,001;3,155;7;0;2;0;0;1;0;0;0;0;0;3;2;2;4;3;1;7;4.72;3;01:27;00:58;00:33;11;7;8;66%;85%;20;30;1,080;0.92;458;571;92;2;1.35;1;0;19 minutes;01:29;0;1;1;350;507;16%;15%;47%
boneh;3996;0;0;1,055;1,805.48;1,055;535;5;8.56;4;7;4;5;8.56;5;3;1;0;0;0;0;0;0;2;3;2;0;0;2;3.42;2;0;1;0;1;293;502;293;87;3;0;2;2;0;0;1;1.71;1;0;0;0;0;0;0;0;0;1;1.71;1;00:07;00:12;00:07;1;2;1;31%;31%;7;22;87;0.29;87;98;12;0;0;0;0;4 minutes;0;2;0;0;26;54;12%;0;100%
bub_THe-_-Gr8;2378;0;0;9,857;5,999.91;6,864;1,343;18;10.95;18;11;14;25;15.21;19;4;1.38;0;0;0;0;0;0;16;10;11;0;0;4;2.43;3;0;2;0;1;11,458;6,975;7,986;1,952;4;0;3;1;0;2;0;0;0;0;0;4;2;2;6;4;4;14;8.52;10;02:00;01:13;01:09;12;7;8;36%;100%;9;25;2,202;1.47;1,384;510;111;0;0;0;0;24 minutes;01:24;0;1;1;236;454;21%;24%;75%
BubbbleBasss;3060;0;0;1,289;3,319.7;1,289;446;5;12.87;1;3;1;3;7.72;3;1;0.6;0;0;0;0;0;0;2;5;1;0;0;3;7.72;3;0;0;0;0;2,305;5,936.58;2,305;673;1;0;2;0;0;1;0;0;0;0;0;0;0;0;1;3;1;0;0;0;00:18;00:47;00:18;0;0;0;68%;68%;17;25;0;0;0;116;20;1;2.57;1;0;4 minutes;0;0;1;1;36;65;17%;17%;0
chefskywalker420;3001;0;0;5,615;5,197.13;3,351;1,219;15;13.88;10;9;4;9;8.32;7;5;0.6;0;0;0;0;0;0;10;9;6;0;0;3;2.77;2;1;1;0;0;8,863;8,203;2,833;1,433;5;0;2;1;1;1;0;0;0;0;0;3;3;1;4;4;1;4;3.7;3;00:55;00:51;00:28;6;6;4;75%;100%;6;8;1,172;1.16;420;468;63;1;0.92;1;0;16 minutes;0;0;1;1;265;448;13%;14%;25%
Chewdle;3612;0;0;1,052;10,741.87;1,052;682;2;20.42;1;10;1;0;0;0;0;0;0;0;0;0;0;0;1;10;1;0;0;0;0;0;0;0;0;0;828;8,454;828;492;0;0;0;0;0;0;0;0;0;0;0;0;0;0;0;0;0;0;0;0;0;0;0;0;0;0;83%;83%;10;12;254;2.4;254;51;13;0;0;0;0;1 minute;0;0;1;1;20;27;25%;0;100%
Chinmokunouta;3000;0;0;2,598;6,227.06;2,598;1,078;5;11.98;7;17;7;11;26.36;11;4;2.2;0;0;0;0;0;0;3;7;1;0;0;0;0;0;0;0;0;0;2,828;6,776.35;2,828;1,137;4;0;0;0;0;0;0;0;0;0;0;0;0;0;1;2;1;1;2.39;1;00:41;01:39;00:41;5;12;5;68%;68%;20;29;0;0;0;155;23;0;0;0;0;5 minutes;0;0;1;1;55;96;14%;0;100%
Chuni-Byo;3534;1;0;75,925;5,016.96;7,140;3,244;134;8.85;204;13;22;168;11.1;19;11;1.25;0;0;0;0;0;0;155;10;13;3;0;26;1.71;3;7;15;1;7;150,978;9,976;13,613;6,348;11;0;20;5;4;11;0;0;0;0;0;63;4;15;83;5;7;77;5.08;10;17:18;01:08;01:36;160;11;22;64%;100%;404;627;10,271;0.84;829;7,183;846;2;0.13;1;0;3 hours;01:19;1;1;1;3,561;5,846;11%;23%;45%
Cinnabon_Man;2987;0;0;140;1,040.93;140;140;2;14.87;0;0;0;1;7.43;1;1;0.5;0;0;0;0;0;0;0;0;0;0;0;0;0;0;0;0;0;0;237;1,759.63;237;200;1;0;0;0;0;0;0;0;0;0;0;0;0;0;0;0;0;0;0;0;00:01;00:13;00:01;1;7;1;0;0;0;0;0;0;0;22;1;0;0;0;0;1 minute;0;0;1;1;12;22;4%;0;0
crazy_dolls;2777;0;0;2,645;7,220.89;2,645;1,258;3;8.18;0;0;0;3;8.18;3;2;1;0;0;0;0;0;0;3;8;1;0;0;0;0;0;0;0;0;0;933;2,546.14;933;518;2;0;2;0;0;1;0;0;0;0;0;1;3;1;2;5;2;0;0;0;00:04;00:12;00:04;3;8;3;0;0;0;0;0;0;0;96;33;0;0;0;0;3 minutes;0;0;1;1;52;94;34%;34%;0
CrispeChris;3343;1;0;48,297;4,716.46;5,943;2,145;59;5.76;147;14;27;139;13.57;25;10;2.35;0;0;0;0;0;0;59;6;1;0;0;32;3.12;8;1;10;0;9;65,585;6,404.82;11,306;2,954;10;0;17;5;1;11;1;0.09;1;5;1;91;9;10;62;6;8;57;5.56;12;06:55;00:40;01:46;139;14;19;62%;83%;613;987;0;0;0;4,241;537;5;0.48;2;0;1 hour;15:09;2;1;1;1,431;2,205;12%;22%;92%
CW-punchL1nez;2903;0;0;3,329;5,826.89;3,329;1,065;5;8.75;14;25;14;13;22.75;13;6;2.6;0;0;0;0;0;0;7;12;1;0;0;5;8.75;5;0;1;0;1;4,025;7,046.83;4,025;1,743;6;0;2;1;0;1;1;1.75;1;0;0;5;9;5;4;7;4;8;14;8;02:01;03:32;02:01;10;18;10;100%;100%;1;1;0;0;0;266;38;0;0;0;0;7 minutes;00:50;0;0;0;108;260;14%;0;100%
cyber_animaI;4399;0;0;11,382;2,448.9;1,676;1,442;29;6.23;57;12;14;42;9.03;8;5;1.44;0;0;0;0;0;0;20;4;1;0;0;13;2.79;3;1;5;0;4;29,007;6,241.28;7,769;2,596;5;0;10;6;0;4;0;0;0;0;0;23;5;8;23;5;5;9;1.93;4;03:19;00:42;02:08;40;9;11;57%;83%;134;234;0;0;0;1,631;133;1;0.21;1;0;49 minutes;00:22;1;1;1;754;1,139;8%;14%;85%
CyberBuIIying;4034;0;0;6,176;4,445.95;2,769;2,298;9;6.47;27;19;13;27;19.43;12;8;3;0;0;0;0;0;0;12;9;1;0;0;9;6.47;4;1;1;0;1;9,123;6,567.62;4,612;2,501;8;0;4;1;1;2;0;0;0;0;0;6;4;3;7;5;4;21;15.11;11;03:21;02:25;02:56;14;10;8;63%;77%;46;73;0;0;0;519;66;0;0;0;0;15 minutes;04:53;0;1;1;206;366;12%;0;55%
daxurinn;0;1;0;8,694;3,737.71;4,646;1,305;22;9.45;44;19;28;29;12.46;18;10;1.31;0;0;0;0;0;0;18;8;10;0;0;8;3.43;4;1;2;0;1;24,362;10,474;13,908;3,683;10;0;6;1;2;3;0;0;0;0;0;8;3;7;12;5;7;22;9.45;14;04:31;01:56;02:30;16;7;12;50%;54%;26;52;2,129;1.24;1,076;769;87;0;0;0;0;28 minutes;02:12;0;1;1;379;653;11%;14%;57%
DEVIL_SHADOW_KSA;3731;0;0;3,884;8,701.58;3,884;1,612;6;13.44;5;11;5;7;15.68;7;4;1.16;0;0;0;0;0;0;6;13;6;0;0;3;6.72;3;0;0;0;0;3,561;7,979;3,561;1,448;4;0;1;0;0;0;1;2.24;1;0;0;1;2;1;1;2;1;1;2.24;1;00:22;00:51;00:22;4;9;4;55%;55%;26;47;1,191;2.91;1,191;247;51;1;2.24;1;0;6 minutes;0;0;0;0;75;152;20%;0;0
D-fantasy_;0;0;0;691;2,997.19;691;215;6;26.04;2;9;2;0;0;0;0;0;0;0;0;0;0;0;2;9;2;0;0;0;0;0;0;0;0;0;2,413;10,474;2,413;691;0;0;0;0;0;0;0;0;0;0;0;0;0;0;1;4;1;0;0;0;00:18;01:21;00:18;0;0;0;16%;16%;1;6;318;1.05;318;97;8;0;0;0;0;4 minutes;0;0;0;0;32;84;8%;0;100%
Diamondsdust_;0;2;0;27,190;3,964.48;5,199;1,635;80;11.66;122;18;18;104;15.16;17;7;1.3;0;0;0;0;0;0;72;10;1;1;0;28;4.08;6;3;7;1;3;60,075;8,759.48;8,301;2,638;7;0;11;1;4;6;0;0;0;0;0;52;8;9;45;7;7;60;8.74;12;15:20;02:14;02:52;96;14;17;61%;83%;284;459;0;0;0;3,012;282;1;0.14;1;0;1 hour;04:18;2;1;1;1,297;2,049;9%;11%;51%
diegoperu2021;2470;0;0;310;6,657.51;310;310;1;21.45;0;0;0;1;21.45;1;1;1;0;0;0;0;0;0;0;0;0;0;0;0;0;0;0;0;0;0;104;2,242;104;104;1;0;0;0;0;0;0;0;0;0;0;0;0;0;0;0;0;1;21.45;1;00:12;04:26;00:12;0;0;0;83%;83%;5;6;0;0;0;16;4;0;0;0;0;52.59230097942054 seconds;0;0;0;0;1;4;25%;0;0
DifferentD;3517;0;0;20,515;3,487.22;4,991;1,394;50;8.49;27;5;9;31;5.26;8;5;0.62;0;0;0;0;0;0;31;5;1;0;0;10;1.69;4;4;6;0;2;23,955;4,072.04;4,384;1,061;5;0;8;2;3;3;0;0;0;0;0;7;1;2;21;4;4;11;1.86;4;04:27;00:45;01:43;13;2;4;60%;80%;166;273;0;0;0;1,590;225;2;0.33;1;0;55 minutes;00:45;0;1;1;614;1,023;14%;9%;30%
Divinity-X-;4116;1;0;35,053;5,363.44;6,110;2,950;55;8.41;87;13;19;90;13.77;19;9;1.63;0;0;0;0;0;0;45;7;12;1;0;27;4.13;7;4;7;0;2;56,618;8,663;12,253;4,299;9;0;13;6;1;5;2;0.3;1;0;0;27;4;6;29;4;6;39;5.96;10;10:25;01:35;02:29;60;9;17;72%;100%;434;601;5,351;1.13;1,320;3,420;403;6;0.91;3;0;1 hour;08:31;1;1;1;1,502;2,189;11%;12%;32%
drewsausage;3063;0;0;65;1,061.58;65;65;1;16.33;0;0;0;0;0;0;0;0;0;0;0;0;0;0;1;16;1;0;0;0;0;0;0;0;0;0;49;800.26;49;49;0;0;0;0;0;0;0;0;0;0;0;0;0;0;0;0;0;0;0;0;0;0;0;0;0;0;0;0;0;0;0;0;0;10;0;0;0;0;0;31.727509040385485 seconds;0;0;0;0;4;10;0;0;0
DrSax12;2434;0;0;15,500;4,199.45;5,197;1,801;25;6.77;37;10;11;37;10.02;14;4;1.48;0;0;0;0;0;0;29;8;12;1;0;7;1.89;4;2;4;0;2;16,996;4,605;4,635;1,730;4;0;7;1;2;3;0;0;0;0;0;13;4;5;13;4;4;16;4.33;7;03:51;01:02;01:45;27;7;7;47%;58%;20;42;1,607;0.6;477;1,268;162;0;0;0;0;44 minutes;0;0;0;1;563;1,171;12%;15%;57%
DSZY;2628;0;0;11,908;3,593.2;4,808;1,274;14;4.22;55;17;24;32;9.65;13;6;2.28;0;0;0;0;0;0;7;2;3;0;0;4;1.2;2;1;3;0;2;27,787;8,385;12,485;2,746;6;0;5;1;1;3;0;0;0;0;0;8;2;3;12;4;5;14;4.22;7;06:48;02:03;03:15;25;8;10;62%;71%;15;24;807;0.37;252;1,284;119;0;0;0;0;36 minutes;0;0;1;1;778;1,224;9%;10%;65%
eastcoastrider71;2268;0;0;5,547;2,709.14;1,678;900;22;10.74;7;3;2;15;7.32;6;3;0.68;0;0;0;0;0;0;8;4;3;0;0;2;0.97;1;2;2;0;0;6,979;3,408;2,103;1,119;3;0;3;1;0;1;0;0;0;0;0;4;2;2;4;2;1;5;2.44;2;01:13;00:35;00:32;11;5;4;60%;66%;6;10;200;0.17;200;484;70;0;0;0;0;18 minutes;0;0;1;1;232;460;14%;0;0
ecotaku;2368;14;0;482,954;4,375.19;10,351;4,235;816;7.39;1,447;13;30;1,294;11.72;28;17;1.58;0;0;0;0;0;0;799;7;17;6;0;349;3.16;13;66;110;5;39;84,140;762;18,776;6,761;17;0;167;44;44;80;5;0.04;1;5;6;565;5;14;741;7;14;594;5.38;17;02:07:54;01:09;03:40;1,104;10;23;54%;100%;1,332;2,449;4,501;0.05;873;37,925;5,509;45;0.4;4;1;23 hours;01:08:43;1;1;1;19,867;32,286;14%;35%;35%
elchinolatino;3219;0;0;4,208;5,820.37;4,208;2,046;4;5.53;5;7;5;8;11.06;8;6;2;0;0;0;0;0;0;0;0;0;0;0;2;2.76;2;1;1;0;0;2,867;3,965.42;2,867;992;6;0;2;1;0;1;0;0;0;0;0;7;10;7;3;4;3;4;5.53;4;01:02;01:26;01:02;8;11;8;51%;51%;31;60;0;0;0;257;56;0;0;0;0;6 minutes;00:40;0;1;1;81;134;21%;0;0
elcoolnino;2685;0;0;15,671;6,195.19;6,971;2,469;31;12.25;14;6;5;39;15.41;15;7;1.25;0;0;0;0;0;0;27;11;11;0;0;12;4.74;5;2;3;0;0;14,684;5,805;5,477;2,233;7;0;7;2;4;1;0;0;0;0;0;7;3;4;11;4;5;16;6.32;8;02:26;00:58;01:30;21;8;13;100%;100%;2;2;2,455;1.18;1,108;792;189;0;0;0;0;34 minutes;00:40;5;1;1;453;777;23%;30%;6%
eliteboy_1da;3496;0;0;39,259;6,302.5;4,750;2,342;79;12.68;79;13;12;117;18.78;20;11;1.48;0;0;0;0;0;0;50;8;10;1;0;37;5.93;8;3;6;0;4;54,957;8,823;8,349;2,810;11;0;11;4;1;7;0;0;0;6;1;20;3;3;30;5;4;58;9.31;13;09:42;01:33;02:01;59;9;10;67%;85%;716;1,056;4,421;0.72;806;3,449;444;4;0.64;2;0;1 hour;03:40;0;1;1;846;1,307;12%;28%;57%
entoe12;3278;3;0;73,324;5,620.48;7,557;2,793;109;8.35;144;11;23;150;11.49;16;8;1.37;0;0;0;0;0;0;83;6;10;1;0;49;3.75;6;8;13;3;3;128,913;9,882;13,055;4,708;8;0;26;6;5;15;2;0.15;1;0;0;58;4;12;59;5;6;75;5.74;10;16:08;01:14;02:24;123;9;19;59%;100%;452;761;5,341;0.56;684;5,878;863;4;0.3;1;0;2 hours;12:44;0;1;1;2,710;4,296;14%;29%;19%
Erenksk9;4169;0;0;1,470;5,933.97;1,470;455;5;20.18;5;20;5;5;20.18;5;2;1;0;0;0;0;0;0;2;8;1;0;0;1;4.03;1;0;0;0;0;1,377;5,559.35;1,377;560;2;0;1;0;0;0;0;0;0;0;0;2;8;2;2;8;2;1;4.03;1;00:02;00:08;00:02;4;16;4;44%;44%;8;18;0;0;0;138;14;1;4.03;1;0;4 minutes;0;0;1;1;57;100;10%;0;0
Fade_BR;0;0;0;2,623;1,038.01;1,846;658;6;2.37;9;4;6;7;2.77;3;3;1.16;0;0;0;0;0;0;5;2;1;2;0;1;0.39;1;0;3;0;2;6,252;2,474.48;2,868;2,438;3;0;6;1;2;4;0;0;0;0;0;6;2;4;6;2;3;1;0.39;1;00:24;00:09;00:15;7;3;4;62%;75%;70;112;0;0;0;398;34;0;0;0;0;21 minutes;0;0;1;1;111;168;8%;12%;83%
Fairystinky;1991;0;0;9,281;2,699.36;4,310;1,532;37;10.76;67;19;26;27;7.85;9;5;0.72;0;0;0;0;0;0;16;5;6;0;0;3;0.87;2;1;3;0;3;30,008;8,728;12,204;4,372;5;0;5;2;1;3;0;0;0;0;0;18;5;8;14;4;5;16;4.65;6;08:14;02:23;03:53;28;8;11;11%;25%;1;9;1,736;0.59;584;1,924;94;0;0;0;0;48 minutes;00:12;0;0;1;894;1,892;4%;6%;78%
Flown_Jebus;4144;0;0;22,303;5,183.5;5,666;2,743;16;3.71;40;9;12;66;15.33;18;9;4.12;0;0;0;0;0;0;36;8;8;0;0;16;3.71;5;2;4;0;2;28,105;6,532;5,978;3,012;9;0;6;0;3;3;1;0.23;1;0;0;25;6;9;15;3;3;26;6.04;8;03:20;00:46;01:31;42;10;13;69%;76%;258;369;2,483;1.06;679;1,463;259;5;1.16;3;0;39 minutes;02:47;0;1;1;452;710;17%;21%;57%
flyinganimal;4142;0;0;1,433;2,772.97;1,208;516;7;13.54;2;4;2;1;1.93;1;1;0.14;0;0;0;0;0;0;2;4;1;0;0;1;1.93;1;1;1;0;0;4,283;8,284.73;2,362;1,687;1;0;1;1;0;1;0;0;0;0;0;0;0;0;3;6;2;0;0;0;0;0;0;0;0;0;75%;100%;3;4;0;0;0;186;17;0;0;0;0;5 minutes;0;0;1;1;107;175;9%;12%;0
forrestsmith2;3084;0;0;21,865;5,611.67;6,051;1,406;38;9.75;58;15;23;61;15.65;24;8;1.6;0;0;0;0;0;0;33;8;10;1;0;18;4.61;5;2;4;0;2;27,306;7,008;8,712;1,916;8;0;6;2;0;4;0;0;0;0;0;14;4;4;11;3;3;26;6.67;11;03:31;00:54;01:13;41;11;16;59%;76%;134;227;2,767;0.95;751;1,614;244;1;0.25;1;0;48 minutes;04:40;4;1;1;702;1,149;15%;16%;46%
fructoseghost;2909;0;0;2,853;2,672.67;1,907;939;13;12.18;11;10;6;9;8.43;6;3;0.69;0;0;0;0;0;0;5;5;3;0;0;3;2.81;2;1;1;0;0;8,730;8,179;4,997;1,582;3;0;3;2;0;1;0;0;0;0;0;3;3;2;5;5;3;6;5.62;5;01:07;01:03;00:58;8;7;5;0;0;0;0;285;0.3;176;527;33;0;0;0;0;15 minutes;0;0;0;1;253;522;6%;10%;42%
FvsNeLL;3798;0;0;580;4,054.42;580;580;0;0;1;7;1;3;20.97;3;3;0;0;0;0;0;0;0;0;0;0;0;0;2;13.98;2;0;0;0;0;30;206;30;30;3;0;0;0;0;0;0;0;0;0;0;0;0;0;0;0;0;1;6.99;1;00:09;01:08;00:09;0;0;0;75%;75%;3;4;0;0;0;19;8;1;6.99;1;0;42.28537999652326 seconds;00:03;1;1;1;6;11;42%;42%;100%
games3_112;2604;0;0;20,076;3,840.45;6,447;2,035;7;1.33;37;7;23;48;9.18;24;9;6.85;0;0;0;0;0;0;17;3;1;0;0;17;3.25;5;4;5;0;1;25,675;4,911.53;9,232;3,258;9;0;5;0;2;3;0;0;0;0;0;0;0;0;0;0;0;10;1.91;5;00:20;00:03;00:12;5;1;3;61%;67%;553;896;0;0;0;2,284;278;4;0.76;2;0;51 minutes;0;1;1;1;304;492;12%;14%;19%
Gandalion;3514;0;0;7,294;3,834.42;2,594;1,238;20;10.51;31;16;11;25;13.14;14;6;1.25;0;0;0;0;0;0;14;7;8;0;0;7;3.67;2;1;2;0;0;14,480;7,612;3,446;2,025;6;0;5;2;1;2;0;0;0;0;0;9;5;4;10;5;3;12;6.3;10;04:23;02:18;03:01;20;11;11;36%;60%;32;87;1,105;0.66;231;1,002;87;1;0.52;1;0;27 minutes;00:40;0;0;1;383;818;8%;13%;17%
GatorChow;2397;0;0;4,654;5,134.23;2,854;1,058;8;8.82;15;17;10;16;17.65;11;3;2;0;0;0;0;0;0;11;12;1;0;0;2;2.2;1;1;1;0;0;6,666;7,353.3;3,920;1,483;3;0;1;0;0;1;0;0;0;0;0;8;9;5;6;7;4;2;2.2;1;00:44;00:49;00:24;13;14;7;57%;59%;16;28;0;0;0;427;55;0;0;0;0;14 minutes;0;0;1;1;232;365;12%;0;36%
ginko_503;2360;0;0;2,546;3,374.28;2,491;812;7;9.27;2;3;1;4;5.3;3;1;0.57;0;0;0;0;0;0;3;4;3;0;0;1;1.32;1;1;1;0;0;1,751;2,320;1,544;721;1;0;2;1;1;0;0;0;0;0;0;0;0;0;1;1;1;1;1.32;1;0;0;0;3;4;2;61%;67%;55;90;240;0.5;240;211;30;1;1.32;1;0;7 minutes;0;0;0;0;12;30;14%;0;0
godlysavant;1628;1;0;11,424;3,835.31;5,975;1,645;23;7.72;16;5;7;34;11.41;22;5;1.47;0;0;0;0;0;0;14;5;1;1;0;16;5.37;10;2;3;0;1;12,513;4,201.1;5,414;2,016;5;0;3;0;2;1;0;0;0;0;0;11;4;6;19;6;8;9;3.02;6;00:31;00:10;00:29;16;5;10;46%;100%;242;526;0;0;0;1,498;149;2;0.67;2;0;43 minutes;0;0;0;1;194;427;9%;17%;32%
hiijle;2704;1;0;31,462;4,849.67;5,925;1,367;68;10.48;102;16;21;93;14.33;21;7;1.36;0;0;0;0;0;0;47;7;8;1;0;25;3.85;7;3;6;0;3;42,142;6,496;8,392;2,294;7;0;11;4;1;6;3;0.46;1;0;0;22;3;5;30;5;5;60;9.24;14;13:39;02:06;02:21;67;10;13;48%;61%;161;331;4,374;0.71;924;2,644;301;2;0.3;1;0;1 hour;05:57;0;0;1;931;1,952;11%;14%;44%
hourai127;2224;0;0;2,232;1,146.13;783;480;12;6.16;6;3;2;7;3.59;3;2;0.58;0;0;0;0;0;0;0;0;0;0;0;2;1.02;1;2;2;0;0;6,497;3,336.52;3,455;1,577;2;0;3;1;1;1;0;0;0;0;0;6;3;4;4;2;2;1;0.51;1;00:25;00:13;00:11;8;4;5;50%;50%;3;6;0;0;0;458;26;0;0;0;0;17 minutes;0;0;1;1;240;442;5%;13%;13%
huumQc_;3843;0;0;1,244;4,189.82;1,244;601;2;6.73;1;3;1;1;3.36;1;1;0.5;0;0;0;0;0;0;1;3;1;0;0;0;0;0;0;0;0;0;1,051;3,539;1,051;976;1;0;1;1;0;0;0;0;0;0;0;0;0;0;1;3;1;0;0;0;00:00;00:02;00:00;0;0;0;87%;87%;7;8;63;0.39;63;78;17;0;0;0;0;2 minutes;0;0;1;1;39;61;21%;0;0
IKizzLE;3805;0;0;38,172;4,369.76;4,999;2,791;73;8.35;132;15;24;115;13.16;19;13;1.57;0;0;0;0;0;0;59;7;9;0;0;22;2.51;7;4;9;1;4;73,004;8,357;10,684;4,713;13;0;18;8;1;10;0;0;0;0;0;38;4;6;43;5;6;68;7.78;15;18:22;02:06;03:13;81;9;11;65%;75%;257;390;5,823;0.82;1,125;3,976;452;0;0;0;0;1 hour;03:14;3;1;1;2,027;3,153;11%;12%;45%
Inny21;3251;0;0;11,163;4,920.71;3,032;2,072;15;6.61;42;19;21;43;18.95;16;8;2.86;0;0;0;0;0;0;26;11;7;0;0;15;6.61;5;0;2;1;1;20,181;8,896;8,328;4,970;8;0;5;3;1;1;0;0;0;3;2;5;2;2;8;4;4;21;9.25;10;02:59;01:19;01:14;23;10;8;61%;74%;152;247;1,675;0.87;385;1,342;104;2;0.88;2;0;31 minutes;01:17;0;1;1;450;840;7%;5%;49%
iqbalhaikal55;2906;0;0;2,065;6,439.25;2,065;621;5;15.59;1;3;1;3;9.35;3;2;0.6;0;0;0;0;0;0;1;3;1;0;0;0;0;0;0;0;0;0;2,826;8,812;2,826;1,697;2;0;1;1;0;0;0;0;0;0;0;0;0;0;1;3;1;1;3.11;1;00:45;02:23;00:45;2;6;2;0;0;0;0;180;0.57;180;143;23;0;0;0;0;5 minutes;0;0;1;1;94;142;16%;16%;0
IRaTuSz;4631;0;0;0;0;0;0;1;15.86;0;0;0;0;0;0;0;0;0;0;0;0;0;0;0;0;0;0;0;0;0;0;0;0;0;0;497;7,892;497;497;0;0;0;0;0;0;0;0;0;0;0;0;0;0;0;0;0;0;0;0;0;0;0;0;0;0;61%;61%;11;18;0;0;0;38;0;0;0;0;0;42.00856599211693 seconds;0;0;0;0;0;2;0;0;100%
itsDiety;3957;2;0;22,717;4,403.97;7,215;1,740;36;6.97;47;9;21;55;10.66;15;10;1.52;0;0;0;0;0;0;35;7;13;2;0;16;3.1;5;3;5;0;2;38,122;7,390;8,490;2,829;10;0;17;5;5;7;0;0;0;3;2;20;4;10;20;4;7;11;2.13;6;03:08;00:36;01:43;39;8;16;58%;75%;154;263;2,927;0.91;1,189;1,928;269;1;0.19;1;0;53 minutes;02:55;2;1;1;886;1,382;13%;19%;36%
itsGenji;4057;0;0;1,566;3,546.52;1,566;1,231;3;6.79;9;20;9;10;22.64;10;7;3.33;0;0;0;0;0;0;3;7;3;0;0;5;11.32;5;0;0;0;0;3,383;7,663;3,383;2,036;7;0;1;0;0;0;2;4.52;2;0;0;2;5;2;1;2;1;4;9.05;4;00:32;01:13;00:32;6;14;6;61%;61%;13;21;224;0.71;224;178;20;0;0;0;0;5 minutes;0;1;1;1;85;135;11%;0;100%
Jack_of_Spades13;3322;0;0;12,467;6,322.3;3,926;2,723;10;5.07;48;24;17;40;20.28;17;8;4;0;0;0;0;0;0;30;15;1;0;0;14;7.09;7;0;2;0;1;1,025;520;1,025;4,695;8;0;3;0;1;2;1;0.5;1;0;0;11;6;5;9;5;4;16;8.11;6;03:34;01:48;01:29;25;13;9;61%;100%;58;94;0;0;0;1,045;120;2;1.01;1;0;29 minutes;03:00;0;1;1;521;848;11%;12%;74%
JaredFogle420;2553;0;0;626;1,846.91;626;626;0;0;3;9;3;3;8.84;3;3;0;0;0;0;0;0;0;3;9;3;0;0;2;5.89;2;0;0;0;0;1,745;5,145;1,745;1,745;3;0;0;0;0;0;0;0;0;0;0;1;3;1;1;3;1;1;2.94;1;00:09;00:29;00:09;0;0;0;80%;80%;4;5;32;0.23;32;89;9;0;0;0;0;2 minutes;0;0;1;1;50;78;10%;10%;100%
JonXSly;2840;0;0;4,941;4,556.68;2,633;1,095;12;11.06;16;15;15;12;11.06;6;3;1;0;0;0;0;0;0;4;4;3;0;0;5;4.61;3;1;1;0;1;10,756;9,920;8,892;4,658;3;0;1;0;0;1;0;0;0;0;0;5;5;5;5;5;4;4;3.68;3;01:27;01:20;01:15;8;7;7;0;0;0;1;83;0.09;83;491;58;1;0.92;1;0;14 minutes;0;0;1;1;287;484;11%;21%;47%
jumpmanfrank094;2821;0;0;5,240;2,919.52;2,775;1,007;12;6.68;32;18;15;29;16.15;9;5;2.41;0;0;0;0;0;0;14;8;1;0;0;10;5.57;3;0;2;0;2;13,159;7,331.84;5,105;2,343;5;0;4;1;0;3;0;0;0;0;0;14;8;7;9;5;3;16;8.91;4;02:58;01:39;01:15;16;9;8;44%;100%;16;36;0;0;0;520;70;0;0;0;0;19 minutes;01:00;0;1;1;289;439;13%;23%;95%
katsuya3;2206;0;0;22,806;3,480.69;3,096;1,297;70;10.68;46;7;11;48;7.32;12;4;0.68;0;0;0;0;0;0;34;5;1;4;0;12;1.83;3;4;7;0;2;2,678;409;2,678;2,058;4;0;11;3;1;6;0;0;0;0;0;28;4;6;20;3;6;24;3.66;7;08:53;01:21;02:53;44;7;8;72%;100%;16;22;263;0.05;263;1,999;256;0;0;0;0;1 hour;00:47;0;1;1;971;1,935;12%;25%;32%
KILLER77_HAZZA3;3082;6;0;99,099;3,357.78;5,633;1,859;211;7.14;458;16;25;329;11.14;24;10;1.55;0;0;0;0;0;0;257;9;16;6;0;92;3.11;8;15;30;0;14;296,433;10,044;16,570;5,114;10;0;43;13;15;15;2;0.06;1;3;1;133;5;9;164;6;9;140;4.74;14;34:54;01:10;02:26;253;9;14;62%;90%;782;1,259;28,510;1.2;2,105;14,129;1,002;10;0.33;2;0;6 hours;16:53;2;1;1;7,121;11,446;7%;17%;48%
kk10295;3509;1;0;7,970;2,936.24;3,471;2,172;18;6.63;45;17;28;27;9.94;13;6;1.5;0;0;0;0;0;0;23;8;11;1;0;6;2.21;4;1;3;0;1;34,610;12,751;19,740;4,941;6;0;4;1;2;1;0;0;0;4;1;10;4;8;13;5;6;15;5.52;11;05:13;01:55;03:04;24;9;13;66%;100%;48;72;666;0.33;425;1,116;90;2;0.73;2;0;33 minutes;01:03;0;1;1;664;959;8%;17%;54%
koba-ya;1337;1;0;414,198;5,320.8;13,204;6,440;113;1.45;159;2;12;904;11.61;29;16;8;0;0;0;0;0;0;279;4;1;4;0;515;6.61;17;39;78;6;33;28;0;28;2,352;16;0;103;56;13;33;2;0.02;1;3;2;132;2;8;177;2;8;207;2.65;10;01:38;00:01;00:10;321;4;15;56%;100%;3,186;5,652;8;0;8;17,857;5,002;270;3.46;8;2;14 hours;03:43;49;0;1;3,172;6,375;28%;51%;41%
koh_1655;2387;0;0;23,454;4,586.99;5,020;2,986;33;6.45;64;13;17;57;11.14;19;8;1.72;0;0;0;0;0;0;27;5;8;1;0;9;1.76;2;2;5;0;3;47,392;9,269;11,129;3,852;8;0;7;1;1;6;0;0;0;0;0;19;4;6;22;4;7;29;5.67;8;09:36;01:52;01:52;42;8;16;57%;100%;11;19;2,016;0.48;456;2,104;272;0;0;0;0;1 hour;02:47;0;1;1;1,313;2,044;12%;11%;58%
kon5-TDRoki;2084;0;0;21,771;4,602.34;5,118;2,296;39;8.24;85;18;29;42;8.87;11;6;1.07;0;0;0;0;0;0;28;6;10;0;0;9;1.9;3;2;5;0;2;40,311;8,521;9,419;3,342;6;0;7;3;0;3;0;0;0;0;0;16;3;8;19;4;5;24;5.07;7;07:06;01:30;01:51;34;7;10;75%;100%;200;265;1,466;0.37;283;2,087;253;1;0.21;1;0;1 hour;00:20;2;1;1;952;1,538;12%;20%;43%
koutyatya;3647;0;0;22,059;6,587.6;6,211;3,660;34;10.15;75;22;27;45;13.43;15;6;1.32;0;0;0;0;0;0;43;13;14;0;0;4;1.19;2;1;3;0;2;48,162;14,383;13,532;3,840;6;0;5;2;0;3;0;0;0;0;0;38;11;11;28;8;8;26;7.76;9;10:14;03:03;02:39;62;19;17;68%;100%;40;58;2,108;0.6;687;2,177;207;0;0;0;0;58 minutes;00:45;0;1;1;1,285;2,033;9%;10%;69%
kris1974;4164;3;0;56,448;3,525.18;4,955;1,986;76;4.74;193;12;20;193;12.05;21;12;2.53;0;0;0;0;0;0;83;5;1;2;0;56;3.49;6;1;16;0;14;96,814;6,046.05;9,279;6,548;12;0;30;11;7;13;7;0.43;1;3;1;91;6;10;72;4;6;79;4.93;11;16:10;01:00;03:08;154;10;23;58%;80%;480;822;0;0;0;6,592;641;7;0.43;2;0;2 hours;11:23;3;1;1;2,699;4,876;9%;22%;89%
KSlims;4548;1;0;14,505;4,438.48;3,520;2,992;9;2.75;41;13;16;45;13.76;14;10;5;0;0;0;0;0;0;9;3;5;0;0;10;3.05;5;0;3;0;3;20,121;6,157;6,444;3,009;10;0;10;4;2;3;0;0;0;0;0;14;4;5;12;4;4;21;6.42;8;00:53;00:16;00:22;34;10;9;74%;77%;366;490;1,520;0.8;557;1,417;169;1;0.3;1;0;31 minutes;00:24;0;1;1;321;425;11%;18%;86%
kurosaki158;1924;0;0;37,020;6,264.73;9,154;3,453;57;9.64;80;14;19;74;12.52;19;7;1.29;0;0;0;0;0;0;42;7;16;1;0;21;3.55;5;2;6;2;3;38,253;6,473;9,167;2,718;7;0;6;1;0;5;0;0;0;0;0;11;2;4;21;4;5;31;5.24;13;08:44;01:28;02:11;37;6;8;57%;100%;124;214;2,143;0.44;635;2,607;409;1;0.16;1;0;1 hour;02:20;1;1;1;1,172;2,158;15%;21%;48%
Langartija;3035;4;0;119,593;4,102.25;6,738;2,394;260;8.91;344;12;31;341;11.69;20;9;1.31;0;0;0;0;0;0;183;6;10;0;0;88;3.01;6;16;29;5;8;47,507;1,630;14,755;5,157;9;0;50;8;11;31;6;0.2;2;3;2;132;5;8;99;3;6;172;5.89;12;44:16;01:31;03:21;259;9;18;65%;100%;407;620;4,875;0.21;1,434;10,577;1,284;9;0.3;1;0;6 hours;06:53;0;1;1;5,748;9,238;12%;22%;26%
LEATONER;2534;0;0;4,945;4,222.83;2,788;1,484;16;13.66;9;8;4;16;13.66;6;6;1;0;0;0;0;0;0;6;5;2;0;0;4;3.41;2;0;1;0;1;5,261;4,493;1,931;1,460;6;0;2;1;0;1;0;0;0;0;0;2;2;2;4;3;2;9;7.68;4;01:55;01:38;00:50;10;9;5;65%;75%;17;26;400;0.43;257;411;47;0;0;0;0;15 minutes;00:14;3;0;1;165;355;11%;20%;79%
Lege-donZ;2329;0;0;12,338;7,884.06;10,555;1,558;16;10.22;22;14;20;25;15.97;23;5;1.56;0;0;0;0;0;0;11;7;11;0;0;7;4.47;6;1;2;0;1;11,613;7,421;7,594;1,744;5;0;5;3;1;2;0;0;0;0;0;5;3;5;8;5;6;16;10.22;15;03:46;02:24;03:36;14;9;12;56%;63%;22;39;750;0.62;565;764;140;1;0.63;1;0;19 minutes;01:49;0;1;1;369;678;18%;20%;63%
LieutenantOrange;2720;0;0;1,381;5,045.21;1,381;1,061;3;10.95;1;4;1;3;10.95;3;3;1;0;0;0;0;0;0;0;0;0;0;0;0;0;0;0;0;0;0;1,187;4,335.54;1,187;720;3;0;0;0;0;0;0;0;0;0;0;1;4;1;1;4;1;1;3.65;1;0;0;0;1;4;1;60%;60%;30;50;0;0;0;117;18;0;0;0;0;3 minutes;0;0;0;0;6;16;15%;15%;0
Linkinito;3090;0;0;1,884;2,629.68;1,614;964;6;8.37;5;7;4;7;9.77;7;2;1.16;0;0;0;0;0;0;3;4;3;0;0;1;1.39;1;1;1;0;0;5,343;7,459;4,246;1,930;2;0;2;1;1;0;0;0;0;0;0;1;1;1;2;3;2;4;5.58;4;00:27;00:38;00:20;3;4;3;61%;61%;8;13;294;0.61;294;273;25;0;0;0;0;7 minutes;0;0;1;1;134;245;9%;9%;0
l-Twisted_Fate-l;4013;0;0;981;1,987.85;841;754;3;6.07;5;10;4;3;6.07;3;1;1;0;0;0;0;0;0;2;4;2;0;0;0;0;0;0;0;0;0;2,894;5,861;2,731;1,920;1;0;1;0;0;0;0;0;0;0;0;2;4;2;1;2;1;1;2.02;1;00:12;00:24;00:12;2;4;2;70%;70%;17;24;346;1.3;346;118;13;0;0;0;0;4 minutes;0;0;1;1;43;69;11%;11%;0
LuckyC723;3859;0;0;12,399;8,184.77;6,895;2,648;17;11.22;37;24;21;31;20.46;17;8;1.82;0;0;0;0;0;0;13;9;8;2;0;5;3.3;3;1;2;0;1;15,733;10,385;9,296;2,213;8;0;2;0;0;1;0;0;0;0;0;14;9;8;10;7;5;18;11.88;13;02:19;01:31;01:10;26;17;14;64%;72%;61;95;1,340;0.92;786;844;142;0;0;0;0;24 minutes;00:52;0;1;1;391;644;16%;20%;43%
Lyntune92;2044;0;0;728;2,581.09;728;426;3;10.64;1;4;1;1;3.54;1;1;0.33;0;0;0;0;0;0;1;4;1;0;0;0;0;0;0;0;0;0;1,236;4,384;1,236;1,198;1;0;1;1;0;1;0;0;0;0;0;2;7;2;1;4;1;0;0;0;0;0;0;3;11;3;0;0;0;0;312;1.83;312;55;5;0;0;0;0;2 minutes;0;0;1;1;30;54;9%;9%;0
M5roosh_ksa;3563;0;0;17,545;2,879.63;3,002;1,737;53;8.69;53;9;14;47;7.71;13;7;0.88;0;0;0;0;0;0;30;5;1;0;0;8;1.31;2;3;6;1;3;3,006;493;3,006;3,209;7;0;12;3;2;7;1;0.16;1;3;1;19;3;5;27;4;5;19;3.11;6;03:59;00:39;01:05;41;7;11;66%;100%;332;502;280;0.07;280;2,228;157;0;0;0;0;1 hour;01:50;0;1;1;674;1,197;7%;11%;45%
MAAFX;2990;0;0;640;6,223.09;640;640;1;9.71;0;0;0;0;0;0;0;0;0;0;0;0;0;0;0;0;0;0;0;0;0;0;0;0;0;0;416;4,046.97;416;387;0;0;0;0;0;0;0;0;0;0;0;0;0;0;0;0;0;0;0;0;0;0;0;0;0;0;50%;50%;2;4;0;0;0;34;8;0;0;0;0;1 minute;0;0;1;1;14;26;23%;0;0
makorin_is_a_Pen;2868;0;0;18,951;3,965.22;4,778;1,978;53;11.08;55;12;20;43;8.99;12;6;0.81;0;0;0;0;0;0;30;6;10;1;0;8;1.67;5;3;5;0;1;44,245;9,258;11,126;3,446;6;0;5;1;0;4;0;0;0;0;0;17;4;8;18;4;5;23;4.81;7;05:13;01:05;01:38;33;7;12;67%;76%;159;237;945;0.24;304;2,071;215;0;0;0;0;1 hour;00:35;0;1;1;961;1,579;10%;13%;30%
matukyo;4050;8;0;268,331;5,972.71;10,097;3,973;299;6.65;769;17;42;611;13.6;27;11;2.04;0;0;0;0;0;0;430;10;23;4;0;130;2.89;7;22;45;1;22;523,759;11,658;21,126;6,892;11;0;58;8;23;28;2;0.04;1;4;6;231;5;11;308;7;13;263;5.85;15;44:38;00:59;03:06;561;12;27;70%;86%;3,025;4,305;25,225;0.68;1,776;25,270;2,996;14;0.31;2;0;10 hours;34:57;1;1;1;10,625;16,351;11%;16%;48%
Meepert;4553;4;0;28,373;3,347.6;5,040;1,532;42;4.95;168;20;28;123;14.51;20;12;2.92;0;0;0;0;0;0;44;5;8;1;0;33;3.89;5;0;8;0;8;79,040;9,325;11,679;4,694;12;0;13;2;3;8;2;0.23;1;3;1;49;6;12;41;5;6;41;4.83;11;07:58;00:56;01:38;93;11;15;70%;100%;620;881;4,399;0.74;988;4,031;319;1;0.11;1;0;1 hour;05:27;1;1;1;1,456;2,228;7%;25%;100%
Megaan_57;3178;2;0;48,677;4,686.79;5,047;2,352;81;7.79;152;15;17;140;13.47;16;8;1.72;0;0;0;0;0;0;89;9;9;0;0;33;3.17;5;3;10;2;5;97,572;9,395;7,544;3,939;8;0;16;5;5;6;1;0.09;1;0;0;43;4;7;47;5;5;58;5.58;9;13:12;01:16;01:37;95;9;11;70%;100%;485;687;5,567;0.65;728;5,325;539;5;0.48;2;0;2 hours;03:12;0;1;1;2,570;3,904;10%;17%;49%
Meldavak;2607;0;0;1,390;6,666.56;1,390;742;3;14.38;0;0;0;1;4.79;1;1;0.33;0;0;0;0;0;0;3;14;3;0;0;0;0;0;0;0;0;0;901;4,321;901;620;1;0;1;0;0;1;0;0;0;0;0;2;10;2;1;5;1;1;4.79;1;00:19;01:32;00:19;2;10;2;55%;55%;5;9;200;0.92;200;89;18;0;0;0;0;3 minutes;0;0;1;1;35;70;20%;0;100%
mellomelody;2286;0;0;0;0;0;0;1;3.42;1;3;1;0;0;0;0;0;0;0;0;0;0;0;0;0;0;0;0;0;0;0;0;0;0;0;285;976.41;285;285;0;0;0;0;0;0;0;0;0;0;0;0;0;0;0;0;0;0;0;0;00:01;00:03;00:01;0;0;0;0;0;0;0;0;0;0;36;0;0;0;0;0;2 minutes;0;0;1;1;20;36;0;0;100%
MEOW987;2679;0;0;10,199;3,439.11;2,787;2,262;15;5.05;35;12;14;30;10.11;12;7;2;0;0;0;0;0;0;15;5;6;0;0;9;3.03;5;1;3;0;2;15,890;5,358;4,934;3,138;7;0;7;3;1;3;0;0;0;3;1;9;3;4;6;2;2;24;8.09;11;06:14;02:06;01:51;26;9;9;61%;80%;79;128;1,216;0.61;362;950;117;1;0.33;1;0;32 minutes;01:41;1;1;1;417;688;12%;16%;64%
Merdrash;2964;0;0;1,599;3,466.8;1,599;1,104;7;15.17;11;24;11;10;21.68;10;5;1.42;0;0;0;0;0;0;5;11;1;0;0;4;8.67;4;0;0;0;0;5,157;11,180.89;4,821;2,948;5;0;1;0;0;0;0;0;0;0;0;4;9;4;3;7;3;5;10.84;5;01:38;03:34;01:38;8;17;8;66%;100%;4;6;0;0;0;185;22;0;0;0;0;8 minutes;0;0;1;1;108;170;11%;0;0
MIKEYDYCE;3723;0;0;11,242;5,468.73;3,614;1,384;28;13.62;20;10;8;23;11.18;9;5;0.82;0;0;0;0;0;0;13;6;6;0;0;9;4.37;4;2;2;0;0;14,822;7,210;5,289;1,988;5;0;5;1;1;2;0;0;0;0;0;2;1;1;6;3;2;11;5.35;4;03:50;01:52;02:10;19;9;7;62%;100%;67;108;1,143;0.62;423;756;107;1;0.48;1;0;30 minutes;0;0;1;1;307;534;14%;0;0
Morgenarc;3323;0;0;5,764;6,739.41;3,406;1,338;8;9.35;7;8;5;9;10.52;8;3;1.12;0;0;0;0;0;0;5;6;1;0;0;5;5.84;5;0;1;0;1;3,704;4,330.13;2,708;872;3;0;1;1;0;0;0;0;0;0;0;6;7;5;4;5;3;2;2.33;2;00:19;00:22;00:19;9;11;7;51%;54%;108;210;0;0;0;536;70;1;1.16;1;0;13 minutes;0;0;0;1;46;111;13%;0;58%
Mr_savage_75;3001;0;0;47,289;5,058.75;8,580;2,346;74;7.91;97;10;20;102;10.91;19;7;1.37;0;0;0;0;0;0;71;8;11;0;0;29;3.1;7;3;9;1;5;61,152;6,542;9,457;3,264;7;0;15;1;6;7;0;0;0;0;0;25;3;7;29;3;5;50;5.34;10;08:07;00:52;01:30;70;7;17;61%;68%;630;1,020;6,098;0.98;949;3,653;524;0;0;0;0;1 hour;03:20;1;1;1;962;1,584;14%;16%;57%
mrfr33s3;2615;0;0;696;8,591.07;696;696;1;12.33;0;0;0;0;0;0;0;0;0;0;0;0;0;0;0;0;0;0;0;0;0;0;0;0;0;0;381;4,704;381;381;0;0;0;0;0;0;0;0;0;0;0;0;0;0;0;0;0;0;0;0;00:00;00:11;00:00;0;0;0;50%;50%;5;10;200;2.32;200;42;10;0;0;0;0;1 minute;0;0;0;0;9;22;23%;0;0
MRstyles4u;3416;0;0;7,800;3,797.86;4,486;1,869;21;10.22;27;13;13;19;9.25;11;8;0.9;0;0;0;0;0;0;12;6;5;0;0;3;1.46;2;2;2;0;0;20,325;9,896;10,360;5,011;8;0;2;0;1;1;0;0;0;0;0;9;4;4;10;5;6;9;4.38;5;03:41;01:48;02:21;16;8;9;65%;100%;13;20;1,049;0.7;590;849;80;0;0;0;0;24 minutes;01:24;0;1;1;563;799;9%;4%;23%
Nakles-Archon;4141;0;0;5,675;4,483.19;3,909;1,766;6;4.73;18;14;12;15;11.84;10;5;2.5;0;0;0;0;0;0;7;6;4;0;0;2;1.57;1;0;1;0;1;13,757;10,867;11,002;2,762;5;0;2;0;0;2;0;0;0;0;0;5;4;4;4;3;3;3;2.36;2;01:58;01:33;01:05;11;9;8;71%;71%;180;251;741;0.69;663;742;61;0;0;0;0;17 minutes;0;0;1;1;164;236;8%;0;100%
Natz_D_Chow;4048;0;0;986;10,635.36;986;986;1;10.79;2;22;2;2;21.58;2;2;2;0;0;0;0;0;0;0;0;0;0;0;0;0;0;0;0;0;0;1,220;13,166;1,220;1,220;2;0;0;0;0;0;0;0;0;0;0;0;0;0;1;11;1;0;0;0;00:01;00:16;00:01;2;22;2;65%;65%;13;20;0;0;0;69;9;0;0;0;0;1 minute;0;0;0;0;13;28;13%;13%;0
Neiyao;2970;0;0;279;775.85;279;183;5;13.89;2;6;2;2;5.55;2;1;0.4;0;0;0;0;0;0;1;3;1;0;0;0;0;0;0;0;0;0;2,909;8,084;2,909;1,393;1;0;0;0;0;0;0;0;0;0;0;1;3;1;1;3;1;0;0;0;00:00;00:00;00:00;1;3;1;66%;66%;14;21;58;0.24;58;142;3;0;0;0;0;3 minutes;0;1;1;1;55;99;2%;0;0
nicot2010;2579;0;0;4,746;4,745.72;3,946;1,566;9;8.99;11;11;6;11;10.99;11;6;1.22;0;0;0;0;0;0;11;11;8;0;0;3;2.99;3;0;1;0;1;6,387;6,387;4,477;2,157;6;0;2;1;0;1;1;0.99;1;0;0;7;7;4;3;3;2;6;5.99;6;00:29;00:29;00:29;10;10;7;69%;85%;18;26;562;0.82;462;382;50;0;0;0;0;11 minutes;01:12;0;1;1;169;327;13%;11%;57%
Ninja5976;0;0;0;1,276;2,338.55;1,276;1,276;1;1.83;4;7;4;3;5.49;3;3;3;0;0;0;0;0;0;3;5;3;0;0;2;3.66;2;1;1;0;0;1,101;2,016;1,101;1,101;3;0;0;0;0;0;0;0;0;0;0;0;0;0;1;2;1;2;3.66;2;00:12;00:22;00:12;1;2;1;62%;62%;15;24;0;0;0;103;14;0;0;0;0;2 minutes;0;0;1;1;28;54;13%;0;0
NINJALEX323;4049;0;0;396;1,530.13;396;396;1;3.86;2;8;2;1;3.86;1;1;1;0;0;0;0;0;0;0;0;0;0;0;0;0;0;0;0;0;0;409;1,581;409;334;1;0;1;0;0;0;0;0;0;0;0;0;0;0;0;0;0;1;3.86;1;00:36;02:22;00:36;0;0;0;41%;41%;7;17;100;1.19;100;43;6;0;0;0;0;1 minute;00:01;0;1;1;5;9;13%;13%;100%
NoirEt_B;3147;1;0;3,630;1,775.44;1,590;1,310;13;6.35;28;14;15;18;8.8;6;6;1.38;0;0;0;0;0;0;10;5;4;0;0;3;1.46;1;0;2;0;2;11,724;5,734;4,417;2,629;6;0;3;0;1;2;0;0;0;0;0;6;3;4;7;3;3;6;2.93;3;00:56;00:27;00:45;11;5;7;61%;95%;52;85;1,024;0.82;335;643;40;0;0;0;0;20 minutes;00:20;0;1;1;254;466;6%;6%;76%
nyanyamui_401;2781;0;0;2,016;4,345.44;2,016;635;7;15.08;10;22;10;7;15.08;7;2;1;0;0;0;0;0;0;8;17;8;0;0;1;2.15;1;0;0;0;0;3,863;8,327;3,863;1,903;2;0;0;0;0;0;0;0;0;0;0;5;11;5;3;6;3;4;8.62;4;00:42;01:30;00:42;7;15;7;66%;66%;6;9;433;0.83;433;204;22;0;0;0;0;8 minutes;00:26;0;1;1;95;183;10%;10%;0
ohEvasive;3385;0;0;5,697;4,493.66;2,424;974;8;6.3;15;12;6;18;14.19;8;3;2.25;0;0;0;0;0;0;9;7;1;0;0;5;3.94;3;0;1;0;1;6,472;5,104.54;2,186;1,375;3;0;2;1;0;1;0;0;0;0;0;7;6;4;8;6;3;5;3.94;2;00:56;00:44;00:43;15;12;7;55%;87%;33;59;0;0;0;386;59;0;0;0;0;14 minutes;0;0;1;1;135;260;15%;12%;80%
oI_SPY_Io;4372;0;0;2,592;4,933.55;2,592;1,332;3;5.71;11;21;11;4;7.61;4;4;1.33;0;0;0;0;0;0;4;8;4;0;0;1;1.9;1;1;1;0;0;6,092;11,597;6,092;3,211;4;0;1;0;0;1;0;0;0;0;0;4;8;4;4;8;4;2;3.8;2;00:14;00:27;00:14;6;11;6;62%;62%;30;48;500;0.99;500;355;37;0;0;0;0;8 minutes;0;0;1;1;132;255;10%;0;0
Oka-Pik;0;0;0;608;1,875.33;608;528;3;9.24;0;0;0;0;0;0;0;0;0;0;0;0;0;0;0;0;0;0;0;0;0;0;0;0;0;0;441;1,359.43;441;225;0;0;2;1;0;1;0;0;0;0;0;0;0;0;1;3;0;0;0;0;0;0;0;0;0;0;40%;0;8;20;0;0;0;58;7;0;0;0;0;3 minutes;0;0;0;0;4;17;12%;0;0
OttoFemtusen;2831;2;0;27,051;4,076.85;4,618;1,298;51;7.68;77;12;13;78;11.75;18;5;1.52;0;0;0;0;0;0;49;7;1;0;0;22;3.31;6;2;7;1;4;43,015;6,482.67;8,954;2,757;5;0;10;3;4;3;0;0;0;3;1;35;5;14;34;5;7;33;4.97;10;04:15;00:38;01:04;76;11;23;56%;100%;100;178;0;0;0;2,591;286;2;0.3;1;0;1 hour;02:09;1;1;1;1,292;2,200;11%;9%;61%
pin-zoro__;2451;0;0;853;2,002.38;853;525;3;7.04;4;9;4;2;4.69;2;2;0.66;0;0;0;0;0;0;2;5;1;0;0;0;0;0;0;0;0;0;3,476;8,161.48;3,476;1,780;2;0;0;0;0;0;0;0;0;0;0;5;12;5;3;7;3;0;0;0;00:52;02:02;00:52;5;12;5;0;0;0;0;0;0;0;260;12;0;0;0;0;5 minutes;0;0;1;1;141;257;4%;4%;100%
Prey1nMantis;2494;0;0;23,646;3,337.45;4,156;2,643;19;2.68;34;5;6;57;8.04;12;9;3;0;0;0;0;0;0;16;2;2;0;0;32;4.51;10;7;7;0;0;2,933;414;2,185;2,979;9;0;19;5;10;4;0;0;0;0;0;18;3;5;23;3;4;16;2.25;4;02:12;00:18;00:39;22;3;5;54%;100%;223;407;209;0.04;153;2,415;328;7;0.98;3;0;1 hour;0;2;1;1;872;1,578;13%;21%;4%
Prince_Fatman;2466;0;0;42,538;4,972.98;6,565;2,992;86;10.05;60;7;9;93;10.87;13;10;1.08;0;0;0;0;0;0;62;7;10;2;0;26;3.03;6;5;9;1;3;37,211;4,350;6,101;1,662;10;0;13;4;4;6;2;0.23;1;0;0;19;2;5;23;3;3;34;3.97;6;04:29;00:31;00:46;36;4;8;57%;100%;280;484;5,048;0.8;872;2,659;507;12;1.4;3;0;1 hour;02:03;2;1;1;839;1,668;19%;28%;40%
Prophesizee;3087;0;0;1,567;8,126.52;1,567;1,567;1;5.18;1;5;1;1;5.18;1;1;1;0;0;0;0;0;0;0;0;0;0;0;0;0;0;0;0;0;0;947;4,910;947;947;1;0;1;0;0;0;0;0;0;0;0;0;0;0;1;5;1;0;0;0;0;0;0;1;5;1;0;0;0;0;0;0;0;57;20;0;0;0;0;1 minute;0;0;1;1;39;56;35%;0;0
Quentin_JJ;0;0;0;4,845;4,077.1;2,529;1,127;9;7.57;18;15;12;17;14.3;9;6;1.88;0;0;0;0;0;0;8;7;4;0;0;3;2.52;2;0;1;0;1;8,474;7,131;4,309;2,775;6;0;1;0;1;1;1;0.84;1;0;0;3;3;2;3;3;2;8;6.73;4;02:29;02:05;01:16;11;9;6;72%;80%;26;36;498;0.58;439;456;41;0;0;0;0;14 minutes;01:04;0;1;1;225;381;8%;0;100%
rencpee;2745;13;0;362,854;3,692.75;5,918;2,395;935;9.51;1,111;11;24;1,008;10.25;21;9;1.07;0;0;0;0;0;0;593;6;11;7;0;264;2.68;7;47;98;4;48;163,917;1,668;11,093;4,577;9;0;167;47;46;74;4;0.04;1;3;1;372;4;13;361;4;7;474;4.82;14;01:30:53;00:55;02:01;753;8;20;58%;100%;2,382;4,059;10,331;0.13;848;34,036;4,000;31;0.31;3;0;20 hours;15:06;29;1;1;14,957;25,557;11%;25%;48%
Ricebearycurry;2485;0;0;4,785;2,566.92;2,340;708;19;10.19;14;8;7;13;6.97;6;3;0.68;0;0;0;0;0;0;9;5;1;0;0;7;3.75;5;2;2;0;0;8,267;4,434.71;5,100;896;3;0;5;2;1;2;0;0;0;0;0;2;1;1;6;3;3;8;4.29;4;02:01;01:05;01:38;5;3;3;0;0;0;1;0;0;0;451;64;0;0;0;0;16 minutes;0;0;1;1;241;443;14%;7%;18%
ruinknives;2867;2;0;30,271;4,341.54;3,724;1,899;36;5.16;107;15;15;97;13.91;15;9;2.69;0;0;0;0;0;0;49;7;7;0;0;25;3.58;6;3;7;0;4;76,951;11,036;10,717;4,915;9;0;11;4;3;4;0;0;0;0;0;17;2;4;28;4;4;48;6.88;9;14:38;02:06;02:10;53;8;7;69%;100%;71;102;3,897;0.68;711;3,182;355;2;0.28;1;0;1 hour;05:12;2;1;1;2,064;2,950;11%;19%;50%
Rundle0509;3763;2;0;34,044;3,573.27;5,139;2,620;58;6.08;149;16;30;113;11.86;16;7;1.94;0;0;0;0;0;0;56;6;13;0;0;38;3.98;5;1;10;0;8;79,132;8,306;17,534;4,103;7;0;20;6;4;11;5;0.52;2;3;2;42;4;8;43;5;9;52;5.45;9;11:14;01:10;02:11;83;9;15;67%;81%;538;802;4,485;0.68;868;3,768;391;7;0.73;3;0;1 hour;04:49;0;1;1;1,392;2,121;10%;22%;85%
RyanAM;4121;0;0;3,147;12,267.33;3,147;1,513;3;11.69;3;12;3;5;19.49;5;2;1.66;0;0;0;0;0;0;1;4;1;0;0;0;0;0;0;0;0;0;2,151;8,384;2,151;921;2;0;1;0;0;1;0;0;0;0;0;5;19;5;1;4;1;3;11.69;3;00:03;00:13;00:03;9;35;9;56%;56%;22;39;100;0.39;100;196;36;0;0;0;0;4 minutes;0;0;1;1;64;117;18%;0;0
ryu-eight;3402;0;0;1,700;3,311.22;1,700;644;4;7.79;2;4;2;3;5.84;3;2;0.75;0;0;0;0;0;0;5;10;5;0;0;1;1.94;1;1;1;0;0;4,669;9,096;4,669;3,111;2;0;2;1;1;0;0;0;0;0;0;1;2;1;1;2;1;2;3.89;2;00:05;00:11;00:05;1;2;1;77%;77%;7;9;177;0.65;177;142;16;0;0;0;0;4 minutes;0;0;1;1;85;123;11%;0;0
sbkkzy;3813;1;0;8,116;2,588.33;3,529;2,406;16;5.1;46;15;20;36;11.48;15;8;2.25;0;0;0;0;0;0;10;3;4;0;0;4;1.27;3;0;3;0;3;20,600;6,570;8,389;3,488;8;0;6;1;1;5;1;0.31;1;3;1;11;4;5;12;4;4;16;5.1;11;02:59;00:57;02:09;24;8;9;57%;62%;143;250;727;0.36;269;1,127;93;0;0;0;0;33 minutes;0;0;1;1;335;614;8%;10%;100%
Scrufster;2197;0;0;300;2,412.41;300;300;1;8.04;0;0;0;0;0;0;0;0;0;0;0;0;0;0;0;0;0;0;0;0;0;0;0;0;0;0;0;0;0;0;0;0;0;0;0;0;0;0;0;0;0;0;0;0;0;0;0;0;0;0;00:05;00:45;00:05;0;0;0;0;0;0;0;0;0;0;7;3;0;0;0;0;46.14193000085652 seconds;0;0;1;1;4;7;42%;42%;0
Shadowfox55;2799;0;0;6,821;2,843.24;1,552;1,405;15;6.25;19;8;5;15;6.25;4;3;1;0;0;0;0;0;0;10;4;5;0;0;2;0.83;2;1;2;0;1;15,961;6,653;3,803;1,965;3;0;3;1;0;2;0;0;0;0;0;5;2;1;7;3;2;8;3.33;3;01:28;00:37;00:41;11;5;3;50%;82%;156;308;1,657;0.96;645;1,164;83;0;0;0;0;28 minutes;0;0;1;1;278;541;7%;11%;38%
shadowstrixx;2873;3;0;207,640;4,534.46;6,962;2,818;447;9.76;503;11;21;578;12.62;22;10;1.29;0;0;0;0;0;0;445;10;1;0;0;148;3.23;8;24;46;4;18;264,342;5,772.73;8,266;3,097;10;0;77;21;22;35;2;0.04;1;3;1;243;5;9;245;5;8;275;6;17;01:24:09;01:50;04:17;426;9;18;60%;100%;414;679;0;0;0;17,236;2,221;12;0.26;4;0;9 hours;40:09;22;1;1;8,647;15,632;12%;50%;39%
Sharpy776;2926;0;0;1,871;2,553.2;1,711;561;9;12.27;6;8;6;9;12.27;8;2;1;0;0;0;0;0;0;3;4;3;1;0;2;2.72;2;1;1;0;0;2,505;3,417;2,114;814;2;0;2;2;0;0;0;0;0;0;0;2;3;2;1;1;1;3;4.09;2;00:19;00:25;00:17;4;5;4;53%;53%;16;30;245;0.5;245;149;22;0;0;0;0;8 minutes;0;0;1;1;48;88;14%;0;0
Shimada_Bros;3031;0;0;2,962;4,514.26;2,962;1,953;3;4.57;10;15;10;12;18.28;12;7;4;0;0;0;0;0;0;3;5;1;0;0;3;4.57;3;0;1;0;1;4,032;6,144.61;4,032;3,277;7;0;2;1;0;1;0;0;0;0;0;5;8;5;3;5;3;3;4.57;3;0;0;0;9;14;9;42%;42%;3;7;0;0;0;314;36;0;0;0;0;7 minutes;00:41;0;1;1;165;297;11%;0;100%
sloohy99;2897;1;0;37,272;5,624.38;8,841;1,652;90;13.58;103;16;29;97;14.63;21;5;1.07;0;0;0;0;0;0;68;10;19;6;0;26;3.92;7;6;7;0;1;56,302;8,496;14,750;3,100;5;0;8;3;1;4;0;0;0;0;0;20;3;5;19;3;5;41;6.18;11;08:31;01:17;02:24;49;7;13;50%;55%;168;334;7,214;1.07;1,645;3,117;442;2;0.3;2;0;1 hour;02:27;2;1;1;1,471;2,430;14%;21%;11%
Smithered;4207;0;0;11,764;6,521.34;4,302;3,284;16;8.86;37;21;12;31;17.18;9;8;1.93;0;0;0;0;0;0;13;7;4;0;0;4;2.21;3;1;2;0;1;23,326;12,930;7,224;5,050;8;0;5;2;1;2;0;0;0;3;1;14;8;5;13;7;4;12;6.65;5;00:54;00:30;00:19;27;15;8;72%;78%;287;396;2,406;1.37;825;1,260;129;0;0;0;0;29 minutes;01:22;2;1;1;314;455;10%;11%;43%
SNAKE714;3752;2;0;31,200;7,878.84;10,916;4,732;16;4.04;63;16;28;79;19.94;32;10;4.93;0;0;0;0;0;0;48;12;19;3;0;22;5.55;11;2;4;0;2;61,083;15,425;19,925;9,108;10;0;7;1;3;3;0;0;0;0;0;33;8;10;30;8;12;34;8.58;18;05:36;01:24;02:24;65;16;22;70%;81%;307;433;1,269;0.32;322;2,776;358;2;0.5;2;0;1 hour;09:45;0;1;1;1,305;1,880;12%;15%;53%
Spuggtaztic;0;0;0;1,590;7,551.87;1,590;561;3;14.25;2;10;2;2;9.5;2;1;0.66;0;0;0;0;0;0;4;19;4;0;0;0;0;0;0;0;0;0;3,140;14,918;3,140;1,962;1;0;0;0;0;0;0;0;0;0;0;0;0;0;1;5;1;1;4.75;1;00:23;01:51;00:23;0;0;0;0;0;0;0;175;0.77;175;105;15;0;0;0;0;3 minutes;0;0;1;1;74;104;14%;14%;0
stiouf3;3519;0;0;46,446;4,938.77;7,117;2,242;86;9.14;117;12;20;116;12.33;18;5;1.34;0;0;0;0;0;0;52;6;1;1;0;26;2.76;5;4;9;0;5;56,019;5,956.64;7,796;3,432;5;0;17;5;2;10;1;0.1;1;0;0;63;7;13;41;4;6;56;5.95;10;11:42;01:14;01:58;111;12;18;62%;77%;438;704;0;0;0;3,498;532;5;0.53;2;0;1 hour;02:32;1;1;1;1,178;2,049;15%;17%;53%
Swegg-Lawdd;4148;0;0;2,990;2,989.57;2,990;1,715;3;2.99;16;16;16;14;13.99;14;7;4.66;0;0;0;0;0;0;4;4;4;0;0;4;3.99;4;0;1;0;1;8,142;8,142;8,142;3,902;7;0;2;0;2;0;1;0.99;1;0;0;6;6;6;4;4;4;9;8.99;9;01:22;01:22;01:22;9;9;9;54%;54%;65;120;517;0.83;517;459;39;0;0;0;0;10 minutes;0;0;1;1;116;215;8%;8%;100%
T4nh3ngz;3824;4;0;47,695;3,217.48;7,105;2,858;37;2.49;198;13;22;165;11.13;22;16;4.45;0;0;0;0;0;0;69;5;8;0;0;42;2.83;6;0;15;0;15;83,383;5,625;9,941;5,643;16;0;21;5;1;14;1;0.06;1;3;2;62;4;9;47;3;6;49;3.3;10;08:43;00:35;01:17;105;7;12;61%;100%;92;149;4,487;0.59;1,124;4,412;589;5;0.33;2;0;2 hours;07:58;0;1;1;2,398;4,067;13%;23%;100%
teehtf;4361;0;0;4,743;3,311.84;2,334;939;17;11.86;19;13;9;10;6.98;4;2;0.58;0;0;0;0;0;0;10;7;6;1;0;3;2.09;1;1;1;0;0;13,575;9,478;5,401;3,415;2;0;2;1;0;1;0;0;0;0;0;3;2;1;7;5;3;5;3.49;2;01:26;01:00;00:32;6;4;3;59%;70%;88;149;938;0.7;475;655;51;0;0;0;0;22 minutes;0;0;1;1;216;350;7%;8%;0
TheBritishMoo;2638;0;0;515;3,192.56;515;325;3;18.59;0;0;0;0;0;0;0;0;0;0;0;0;0;0;0;0;0;0;0;0;0;0;0;0;0;0;1,698;10,528.68;1,698;1,104;0;0;0;0;0;0;0;0;0;0;0;0;0;0;1;6;1;0;0;0;0;0;0;0;0;0;0;0;0;1;0;0;0;60;4;0;0;0;0;1 minute;0;0;1;1;41;57;6%;0;0
TheCycl3Path;3000;0;0;1,507;8,164.19;1,507;408;5;27.09;0;0;0;4;21.67;4;2;0.8;0;0;0;0;0;0;2;11;1;0;0;2;10.83;2;0;0;0;0;2,043;11,068.79;2,043;1,055;2;0;1;0;0;0;0;0;0;0;0;0;0;0;1;5;1;1;5.41;1;00:04;00:21;00:04;1;5;1;64%;64%;22;34;0;0;0;108;16;0;0;0;0;3 minutes;0;0;1;1;21;39;14%;0;0
thegayestbean;0;0;0;738;2,103.78;738;321;6;17.1;4;11;4;1;2.85;1;1;0.16;0;0;0;0;0;0;1;3;1;0;0;0;0;0;0;0;0;0;2,271;6,472;2,271;820;1;0;1;1;0;0;0;0;0;0;0;0;0;0;1;3;1;1;2.85;1;00:06;00:19;00:06;0;0;0;33%;33%;1;3;527;1.89;527;104;9;0;0;0;0;4 minutes;0;0;0;0;45;97;8%;8%;0
TheRagerGamer;3760;0;0;47,278;6,564.02;9,223;3,069;62;8.6;65;9;14;114;15.82;24;9;1.83;0;0;0;0;0;0;59;8;12;2;0;45;6.24;10;6;7;1;1;41,563;5,771;9,109;3,079;9;0;10;1;1;8;0;0;0;0;0;25;3;7;34;5;7;37;5.13;9;03:34;00:29;00:43;63;9;13;52%;67%;372;714;5,330;0.91;1,076;2,859;500;8;1.11;2;0;1 hour;02:38;0;1;1;755;1,397;17%;23%;13%
timohilde86;3478;2;0;27,864;2,122.73;5,109;2,372;57;4.34;108;8;15;135;10.28;18;9;2.36;0;0;0;0;0;0;55;4;10;0;0;33;2.51;7;0;13;0;13;1,431;109;1,431;2,371;9;0;24;7;8;9;1;0.07;1;0;0;39;3;4;37;3;4;47;3.58;9;15:07;01:09;01:52;63;5;7;61%;100%;332;538;247;0.03;247;2,460;353;3;0.22;3;0;1 hour;01:33;3;1;1;814;1,347;14%;26%;100%
tinysparkles;3406;0;0;11,102;4,987.48;3,272;2,649;22;9.88;26;12;9;34;15.27;11;6;1.54;0;0;0;0;0;0;14;6;5;1;0;6;2.69;2;1;2;0;1;14,096;6,332;6,627;3,817;6;0;3;1;1;1;0;0;0;0;0;8;4;3;7;3;2;15;6.73;4;02:00;00:54;00:43;27;12;7;53%;100%;45;84;1,056;0.61;577;781;118;1;0.44;1;0;28 minutes;00:20;0;1;1;341;606;15%;18%;52%
towearacrown;3520;0;0;13,860;8,020.01;5,585;3,106;10;5.78;17;10;14;23;13.3;13;8;2.29;0;0;0;0;0;0;15;9;9;0;0;11;6.36;7;1;2;0;1;16,920;9,791;7,112;4,768;8;0;4;1;1;2;0;0;0;0;0;7;4;6;7;4;3;17;9.83;11;01:22;00:47;00:47;14;8;10;73%;75%;221;300;706;0.52;400;1,112;167;1;0.57;1;0;22 minutes;03:52;0;1;1;341;505;15%;17%;30%
unwoven;3155;0;0;1,283;4,106.25;1,283;485;3;9.6;7;22;7;5;16;5;3;1.66;0;0;0;0;0;0;5;16;5;0;0;1;3.2;1;0;0;0;0;4,486;14,359;4,486;1,830;3;0;0;0;0;0;0;0;0;0;0;1;3;1;2;6;2;5;16;5;00:25;01:20;00:25;3;10;3;40%;40%;2;5;433;1.24;433;169;15;0;0;0;0;5 minutes;0;0;1;1;80;157;8%;0;0
Uryu_CsP;4564;0;0;8,073;4,057.8;4,370;1,447;15;7.53;23;12;11;23;11.56;16;7;1.53;0;0;0;0;0;0;8;4;5;0;0;7;3.51;7;1;2;0;1;13,298;6,684;7,269;2,568;7;0;4;2;0;2;1;0.5;1;0;0;7;4;5;8;4;4;7;3.51;4;01:09;00:34;01:00;16;8;12;56%;66%;102;180;631;0.48;253;741;103;1;0.5;1;0;21 minutes;02:46;0;1;1;242;373;13%;16%;43%
vansama813;0;0;0;1,508;7,868.31;1,508;586;2;10.43;6;31;6;8;41.73;8;5;4;0;0;0;0;0;0;3;16;3;0;0;1;5.21;1;0;0;0;0;2,609;13,610;2,609;1,646;5;0;1;1;0;0;0;0;0;0;0;3;16;3;2;10;2;3;15.64;3;00:23;02:04;00:23;7;37;7;100%;100%;7;7;174;0.67;174;114;15;0;0;0;0;4 minutes;0;0;0;0;44;98;13%;13%;100%
Vince-F95Gunners;3369;0;0;19,007;5,571.54;5,164;2,008;27;7.91;39;11;16;44;12.89;17;8;1.62;0;0;0;0;0;0;21;6;6;0;0;15;4.39;10;2;3;0;2;19,388;5,683;5,369;2,337;8;0;8;5;1;2;0;0;0;0;0;7;2;3;13;4;3;27;7.91;11;07:15;02:07;01:48;27;8;11;47%;100%;21;44;1,241;0.54;359;1,174;208;0;0;0;0;37 minutes;03:19;0;1;1;667;1,073;17%;24%;45%
Wan-0-War;4202;0;0;1,057;5,731.86;1,057;725;1;5.42;0;0;0;3;16.27;3;3;3;0;0;0;0;0;0;0;0;0;0;0;0;0;0;0;0;0;0;1,093;5,928.11;1,093;881;3;0;0;0;0;0;0;0;0;0;0;0;0;0;1;5;1;0;0;0;0;0;0;0;0;0;0;0;0;0;0;0;0;44;9;0;0;0;0;2 minutes;0;0;1;1;24;43;20%;0;0
WhiteRangerOwnz;2633;0;0;4,411;3,394.74;1,767;1,076;13;10;4;3;2;3;2.3;2;1;0.23;0;0;0;0;0;0;2;2;2;0;0;0;0;0;1;1;0;0;5,579;4,294;2,356;1,711;1;0;3;1;1;1;0;0;0;0;0;0;0;0;3;2;1;1;0.76;1;00:15;00:11;00:09;3;2;2;52%;66%;11;21;393;0.52;188;324;26;0;0;0;0;12 minutes;0;1;1;1;159;279;8%;0;0
WolfsRawr;0;1;0;16,196;5,408.25;8,145;2,879;33;11.01;32;11;20;41;13.69;25;9;1.24;0;0;0;0;0;0;25;8;11;0;0;13;4.34;6;1;3;1;1;21,880;7,306;10,428;3,873;9;0;6;2;3;2;1;0.33;1;0;0;11;4;7;10;3;5;11;3.67;6;03:18;01:06;01:34;24;8;12;59%;68%;125;211;2,688;1.11;1,320;1,185;190;4;1.33;1;0;40 minutes;01:35;1;1;1;479;753;16%;18%;33%
xbLeU;4329;1;0;18,716;6,259.51;7,205;3,052;15;5.01;34;11;12;43;14.38;19;9;2.86;0;0;0;0;0;0;30;10;13;0;0;15;5.01;7;1;3;0;2;22,881;7,653;8,509;3,788;9;0;5;0;2;2;1;0.33;1;0;0;13;4;5;12;4;4;13;4.34;9;01:05;00:21;00:24;30;10;9;63%;80%;79;125;2,362;1.21;996;1,184;216;3;1;2;0;32 minutes;00:47;0;1;1;612;922;18%;19%;70%
XCloud-4tlasX;2292;0;0;1,509;1,759.84;969;390;12;13.99;2;2;2;0;0;0;0;0;0;0;0;0;0;0;5;6;3;0;0;0;0;0;0;1;0;0;6,566;7,660;3,856;1,335;0;0;3;1;0;1;0;0;0;0;0;2;2;1;4;5;2;0;0;0;00:35;00:41;00:30;2;2;1;0;0;0;0;618;1.11;484;252;14;0;0;0;0;9 minutes;0;3;1;1;150;248;5%;7%;0
XTheFunPolice;3609;0;0;2,375;15,004.93;2,375;2,274;2;12.63;0;0;0;2;12.63;2;2;1;0;0;0;0;0;0;1;6;1;0;0;0;0;0;0;0;0;0;140;883;140;140;2;0;0;0;0;0;0;0;0;0;0;0;0;0;0;0;0;1;6.31;1;0;0;0;1;6;1;79%;79%;34;43;0;0;0;90;32;0;0;0;0;2 minutes;0;0;0;0;1;4;35%;35%;0
xtrickharder_esp;4148;0;0;465;4,167.14;465;465;0;0;6;54;6;4;35.87;4;4;0;0;0;0;0;0;0;2;18;2;0;0;1;8.96;1;0;0;0;0;1,120;10,044;1,120;1,120;4;0;0;0;0;0;0;0;0;0;0;3;27;3;1;9;1;2;17.93;2;00:27;04:07;00:27;5;45;5;0;0;0;0;378;4.03;378;75;9;0;0;0;0;1 minute;00:51;0;0;0;31;74;12%;0;100%
YoungShimada;3380;0;0;3,702;4,800.83;2,224;1,345;7;9.07;6;8;3;11;14.26;8;6;1.57;0;0;0;0;0;0;5;6;1;0;0;1;1.29;1;1;1;0;0;2,775;3,598.53;1,173;1,173;6;0;3;2;1;1;0;0;0;0;0;6;8;3;4;5;2;5;6.48;4;02:34;03:20;01:45;9;12;5;58%;70%;61;104;0;0;0;323;38;0;0;0;0;10 minutes;0;0;1;1;61;111;11%;0;18%
Zealousx;3334;0;0;7,523;2,202.47;2,065;1,200;16;4.68;31;9;17;39;11.41;15;7;2.43;0;0;0;0;0;0;15;4;1;0;0;4;1.17;2;0;3;0;3;13,255;3,880.83;4,629;2,186;7;0;7;1;3;4;0;0;0;3;1;20;6;5;10;3;3;17;4.97;9;03:36;01:03;01:57;33;10;8;60%;76%;86;142;0;0;0;1,026;83;1;0.29;1;0;30 minutes;04:40;0;0;1;362;732;8%;16%;100%
ZeeTee_;4140;0;0;944;3,840.88;944;944;0;0;3;12;3;3;12.21;3;3;0;0;0;0;0;0;0;1;4;1;0;0;2;8.14;2;0;0;0;0;481;1,957;481;481;3;0;0;0;0;0;0;0;0;0;0;0;0;0;0;0;0;2;8.14;2;00:16;01:07;00:16;1;4;1;0;0;0;0;25;0.32;25;41;10;0;0;0;0;1 minute;00:12;0;1;1;26;41;24%;24%;100%
zousan-_-;2335;0;0;802;2,602.2;802;580;1;3.24;6;19;6;1;3.24;1;1;1;0;0;0;0;0;0;1;3;1;0;0;0;0;0;0;0;0;0;1,181;3,831.82;1,181;710;1;0;0;0;0;0;0;0;0;0;0;0;0;0;1;3;1;0;0;0;00:19;01:02;00:19;0;0;0;0;0;0;0;0;0;0;97;11;0;0;0;0;3 minutes;0;0;1;1;61;96;11%;0;100%
