aaaangus;0;0;0;0;12;4%;9;9;8;0.06;1,221;6,342.74;1,041;627;137;9.59;14;4;20.78;0;0;0;1;5.19;1;1;0.25;0;0;0;4;0;324;22.68;33;0;0;0;0;12,531;877.35;1,310;703;1;0;0;0;11;0;0;0;0;0;5;14;219;15.33;23;00:00;00:02;00:00;0;0;0;114;0.86;114;520;206;78;5.46;9;339;23.73;38;1;0;0;2 minutes;52:46;12;39%;78%;89%
aisia121;4402;0;0;0;0;7%;361;89;33;0.16;40,319;15,075.45;9,264;5,896;19;7.1;5;36;13.46;0;0;0;93;34.77;20;9;2.58;0;0;0;2;0;60;22.43;12;0;3;0;2;1,572;587.95;321;212;9;0;0;8;3;2;3;0;0;0;3;1;21;7.85;8;02:52;01:04;00:54;0;0;0;1,572;0.7;321;15,540;5,060;15;5.6;4;47;17.57;11;0;0;0;37 minutes;03:04;0;32%;30%;88%
Akatuski_Neko;3000;0;0;0;6;7%;2,837;253;85;0.14;307,469;12,259.58;23,652;8,537;213;8.49;18;189;7.53;0;0;0;791;31.53;57;22;4.18;0;0;0;2;0;395;15.74;32;0;0;0;17;18,029;718.84;1,756;639;22;0;0;0;0;0;29;4;0.15;2;5;24;408;16.26;40;40:35;01:37;03:38;0;0;0;18,029;0.9;1,756;145,460;39,502;63;2.51;10;522;20.81;48;0;0;0;1.143031995743513 seconds;52:54;4;27%;35%;67%
akira082219;2925;0;0;0;0;4%;39;39;24;0.17;7,427;33,838.9;7,427;3,864;1;4.55;1;2;9.11;0;0;0;5;22.78;5;3;2.5;0;0;0;0;0;4;18.22;4;0;0;0;0;295;1,343.55;295;186;3;0;0;1;1;0;0;0;0;0;0;0;4;18.22;4;00:53;04:04;00:53;0;0;0;295;1.32;295;2,340;864;0;0;0;7;31.89;7;0;0;0;3 minutes;0;0;36%;0;0
Akodak;3000;0;0;0;2;7%;1,062;258;58;0.14;119,688;13,271.27;23,380;5,843;67;7.42;12;75;8.31;0;0;0;261;28.94;51;18;3.48;0;0;0;0;0;152;16.85;28;4;9;0;5;5,124;568.16;1,051;316;18;0;0;23;10;7;6;1;0.11;1;4;8;122;13.52;26;12:17;01:21;02:13;0;0;0;5,124;0.71;1,051;50,060;14,435;28;3.1;7;148;16.41;30;0;0;0;1 hour;12:47;0;28%;44%;58%
AllStatsDown;4102;0;0;0;1;9%;273;140;42;0.25;21,182;15,636.77;10,362;3,017;1;0.73;1;20;14.76;0;0;0;26;19.19;16;7;1.3;0;0;0;0;0;15;11.07;7;1;1;0;0;1,002;740.05;471;200;7;0;0;3;1;2;1;3;2.21;2;0;0;11;8.12;8;01:05;00:48;00:27;0;0;0;1,002;0.95;471;9,140;2,933;6;4.42;3;24;17.71;12;0;0;0;17 minutes;02:20;0;32%;42%;0%
angels_fan_44;0;0;0;0;4;7%;1,160;119;59;0.13;124,278;10,941.77;19,828;5,903;64;5.63;12;104;9.15;0;0;0;336;29.58;37;25;3.23;0;0;0;0;0;212;18.66;28;4;11;1;6;8,403;739.86;1,223;483;25;0;0;37;11;15;11;0;0;0;4;4;140;12.32;21;14:18;01:15;01:47;0;0;0;8,403;1;1,223;46,820;15,987;86;7.57;14;209;18.4;27;0;0;0;2 hours;24:23;13;34%;50%;55%
APurplePanduh;4466;0;0;0;0;8%;12;8;4;0.17;712;10,630.97;368;368;2;3.72;2;3;44.81;0;0;0;1;14.93;1;1;0.33;0;0;0;0;0;1;14.93;1;0;0;0;0;348;647.73;203;203;1;0;0;0;0;0;0;0;0;0;0;0;1;14.93;1;00:07;01:45;00:04;0;0;0;348;0.93;203;278;146;0;0;0;9;16.77;6;0;0;0;1 minute;01:04;0;52%;30%;100%
ATLXyphes;3256;0;0;0;0;10%;430;79;40;0.19;32,678;13,765.52;7,297;3,325;26;10.95;8;29;12.21;0;0;0;100;42.12;23;16;3.44;0;0;0;3;0;52;21.9;12;1;2;0;1;1,505;634.06;411;290;16;0;0;8;3;2;2;0;0;0;5;5;44;18.53;12;03:08;01:19;00:51;0;0;0;1,505;0.66;411;16,060;4,029;1;0.42;1;48;20.21;11;0;0;0;37 minutes;05:36;0;25%;29%;54%
AutoBots_Kick_A;2901;0;0;0;2;6%;883;133;76;0.12;98,546;12,687.18;21,210;4,317;48;6.17;10;56;7.2;0;0;0;245;31.54;56;13;4.37;0;0;0;2;0;139;17.89;29;4;8;0;4;4,159;535.39;767;295;13;0;0;24;8;10;6;0;0;0;4;2;127;16.35;33;10:50;01:23;01:58;0;0;0;4,159;0.6;767;47,420;13,327;30;3.86;8;130;16.73;24;0;0;0;1 hour;19:00;2;28%;32%;47%
AutumnLovely6;2983;0;0;0;0;6%;53;53;20;0.14;5,877;5,876.9;5,877;2,096;5;4.99;5;5;4.99;0;0;0;17;16.99;17;8;3.4;0;0;0;0;0;14;13.99;14;0;1;0;1;440;439.79;440;227;8;0;0;1;1;0;0;0;0;0;4;1;5;4.99;5;00:27;00:27;00:27;0;0;0;440;1.21;440;2,780;864;3;2.99;3;11;10.99;11;0;0;0;6 minutes;01:17;0;31%;31%;100%
bboyer123;2553;0;0;0;0;12%;23;23;15;0.15;936;5,831.7;936;508;0;0;0;3;18.69;0;0;0;4;24.93;4;3;1.33;0;0;0;0;0;1;6.23;1;0;0;0;0;150;934.87;150;150;3;0;0;0;0;0;0;0;0;0;0;0;1;6.23;1;00:01;00:06;00:01;0;0;0;150;0.98;150;580;184;0;0;0;3;18.69;3;0;0;0;2 minutes;0;0;31%;0;0
BeastxBrandon;0;0;0;0;0;3%;28;28;13;0.09;5,345;16,597.35;5,345;3,754;0;0;0;6;18.63;0;0;0;10;31.05;10;9;1.66;0;0;0;0;0;4;12.42;4;0;0;0;0;157;488.26;157;133;9;0;0;1;0;0;1;0;0;0;0;0;2;6.21;2;00:18;00:58;00:18;0;0;0;157;0.52;157;2,440;919;0;0;0;4;12.42;4;0;0;0;4 minutes;00:20;0;37%;0;100%
BEBOFLOW-PR;3689;0;0;0;0;9%;122;64;25;0.18;9,234;10,215.56;4,186;1,875;2;2.21;2;15;16.59;0;0;0;10;11.06;8;3;0.66;0;0;0;0;0;3;3.31;3;1;1;0;0;173;191.71;145;50;3;0;0;2;1;1;0;0;0;0;0;0;3;3.31;3;00:49;00:54;00:19;0;0;0;173;0.26;145;5,220;1,274;1;1.1;1;6;6.63;5;0;0;0;10 minutes;00:20;0;24%;27%;27%
beckkyyy-;2712;0;0;0;0;5%;69;69;32;0.14;7,707;11,925.01;7,707;3,658;1;1.54;1;6;9.28;0;0;0;9;13.92;9;8;1.5;0;0;0;0;0;2;3.09;2;1;1;0;0;78;120.69;78;78;8;0;0;2;2;0;0;0;0;0;0;0;2;3.09;2;00:08;00:13;00:08;0;0;0;78;0.16;78;5,360;1,311;0;0;0;2;3.09;2;0;0;0;7 minutes;0;0;24%;0;0
BEN-B-en;0;0;0;0;23;4%;9,050;208;101;0.12;1,462,980;16,821.04;28,222;11,075;607;6.97;18;881;10.12;0;0;0;2,812;32.33;66;28;3.19;0;0;0;12;0;1,555;17.87;40;39;87;4;44;66,893;769.12;1,788;687;28;0;0;247;90;84;73;12;0.13;1;5;77;1,085;12.47;28;01:38:32;01:07;02:43;0;0;0;66,893;0.94;1,788;586,640;198,895;222;2.55;11;1,852;21.29;47;0;0;0;19 hours;02:52:46;21;33%;56%;50%
Benjini14;1783;0;0;0;0;18%;13;13;12;0.14;402;3,204.58;402;312;0;0;0;2;15.95;0;0;0;1;7.97;1;1;0.5;0;0;0;0;0;1;7.97;1;0;0;0;0;27;212;27;27;1;0;0;0;0;0;0;0;0;0;0;0;0;0;0;00:10;01:24;00:10;0;0;0;27;0.3;27;400;71;1;7.97;1;1;7.97;1;0;0;0;1 minute;0;0;17%;0;100%
BhaagMilkhaBhaag;3000;0;0;0;4;8%;868;277;82;0.14;83,684;10,126.75;20,275;6,713;61;7.38;24;58;7.01;0;0;0;235;28.43;65;18;4.05;0;0;0;2;0;166;20.08;54;2;8;1;6;5,771;698.39;1,854;635;18;0;0;22;6;11;5;0;0;0;4;7;91;11.01;24;09:21;01:07;02:19;0;0;0;5,771;0.99;1,854;29,660;9,932;52;6.29;19;164;19.84;49;0;0;0;1 hour;15:45;0;33%;41%;72%
Blota_Skoles;3624;0;0;0;0;5%;124;63;57;0.16;16,984;23,370.64;9,944;8,292;14;19.26;8;9;12.38;0;0;0;41;56.41;23;16;4.55;0;0;0;0;0;24;33.02;12;0;1;0;0;958;1,317.64;498;460;16;0;0;2;1;1;0;1;1.37;1;4;2;22;30.27;14;01:56;02:40;01:07;0;0;0;958;1.26;498;6,360;2,264;0;0;0;24;33.02;14;0;0;0;12 minutes;06:09;0;35%;0;49%
blueschopper0628;1959;0;0;0;13;8%;11,051;283;74;0.13;1,036,853;8,997.61;16,151;4,969;595;5.16;12;1,579;13.7;0;0;0;2,238;19.42;44;14;1.41;0;0;0;6;0;1,438;12.47;26;53;115;9;53;65,185;565.66;1,186;461;14;0;0;299;123;83;93;4;0.03;1;4;51;856;7.42;20;01:53:12;00:58;02:22;0;0;0;65,185;0.77;1,186;529,400;130,430;538;4.66;11;1,733;15.03;29;17;0;0;23 hours;01:54:51;108;24%;44%;45%
boneh;3996;0;0;0;6;7%;3,193;247;86;0.16;327,502;12,555.41;18,691;6,176;122;4.67;9;218;8.35;0;0;0;831;31.85;52;21;3.81;0;0;0;4;0;457;17.51;30;4;26;1;21;19,910;763.3;1,351;572;21;0;0;81;34;20;26;3;0.11;1;4;13;274;10.5;24;31:06;01:11;02:12;0;0;0;19,910;1.05;1,351;131,860;44,616;90;3.45;10;579;22.19;37;0;0;0;5 hours;01:01:32;2;33%;65%;80%
BRAY-YAN;0;0;0;0;0;6%;42;42;19;0.12;5,544;17,542.34;5,544;3,293;0;0;0;5;15.82;0;0;0;10;31.64;10;7;2;0;0;0;0;0;2;6.32;2;0;0;0;0;289;914.13;289;106;7;0;0;0;0;0;0;0;0;0;3;1;7;22.14;7;00:22;01:12;00:22;0;0;0;289;0.83;289;2,220;635;0;0;0;7;22.14;7;0;0;0;5 minutes;0;0;28%;0;0
Buahahahaha;2770;0;0;0;5;5%;25;25;10;0.12;3,189;9,361.75;3,189;1,308;159;5.76;11;3;8.8;0;0;0;5;14.67;5;2;1.66;0;0;0;7;0;3;8.8;3;0;0;0;19;21,077;764.19;1,985;442;2;0;0;1;34;1;27;1;0.03;1;4;11;2;5.87;2;00:15;00:46;00:15;0;0;0;319;1.58;319;980;448;3;8.8;3;566;20.52;51;2;0;0;3 minutes;39:56;14;45%;45%;68%
bub_THe-_-Gr8;2378;11;14;11;0;1%;1;1;1;0;2,837;15,532.25;2,837;2,837;0;0;0;1;5.47;8;10;8;1;5.47;1;1;1;0;0;0;0;0;1;5.47;1;0;0;0;1;5,871;7,291;5,871;2,210;1;0;0;1;0;0;0;0;0;0;0;0;4;4.96;4;01:03;01:18;01:03;2;2;2;577;1.06;577;82;22;1;5.47;1;1;7.58;1;0;0;0;1 minute;0;0;26%;43%;100%
buraki35;4286;0;0;0;1;7%;497;162;35;0.18;50,491;14,321.48;13,930;3,126;15;4.25;4;50;14.18;0;0;0;96;27.22;33;10;1.92;0;0;0;2;0;51;14.46;13;1;4;0;2;2,067;586.4;666;324;10;0;0;12;5;4;3;0;0;0;3;1;30;8.5;15;02:51;00:48;01:11;0;0;0;2,067;0.76;666;24,040;6,303;8;2.26;3;60;17.01;18;0;0;0;44 minutes;04:23;0;26%;30%;62%
C4-from_above;3000;0;0;0;0;7%;162;96;42;0.12;15,073;8,514.32;9,403;4,459;2;1.12;2;9;5.08;0;0;0;41;23.15;24;14;4.55;0;0;0;0;0;21;11.86;12;0;2;0;2;1,114;629.34;630;318;14;0;0;5;2;0;3;0;0;0;0;0;18;10.16;10;02:49;01:35;02:05;0;0;0;1,114;0.85;630;9,180;2,075;6;3.38;3;36;20.33;22;0;0;0;21 minutes;02:40;0;22%;25%;100%
ChievementHunter;2699;0;0;0;1;8%;246;246;45;0.18;23,953;23,953.05;23,953;2,873;22;22;22;14;14;0;0;0;54;54;54;9;3.85;0;0;0;0;0;36;36;36;1;1;0;0;1,605;1,604.67;1,605;295;9;0;0;4;0;3;1;0;0;0;5;3;37;37;37;04:07;04:07;04:07;0;0;0;1,605;1.18;1,605;9,420;2,980;6;6;6;41;41;41;0;0;0;22 minutes;08:56;0;31%;31%;0
Chimichanga49er;3611;0;0;0;0;7%;117;59;57;0.2;10,216;11,007.77;4,647;4,227;6;6.46;3;2;2.15;0;0;0;37;39.86;16;15;18.5;0;0;0;0;0;24;25.86;11;0;1;0;1;834;898.27;447;420;15;0;0;3;1;1;2;0;0;0;0;0;14;15.08;7;02:07;02:17;01:05;0;0;0;834;1.46;447;4,880;1,465;2;2.15;1;26;28.01;14;0;0;0;9 minutes;04:39;0;30%;34%;54%
crazy_dolls;2777;0;0;0;31;5%;5,928;282;74;0.16;851,239;17,182.95;38,977;12,837;383;7.73;18;381;7.69;0;0;0;1,690;34.11;55;28;4.43;0;0;0;5;0;1,035;20.89;37;20;50;3;26;38,449;776.11;1,420;733;28;0;0;177;30;105;42;10;0.2;2;6;58;651;13.14;29;57:41;01:09;03:01;0;0;0;38,449;1.03;1,420;398,420;115,176;230;4.64;12;1,080;21.8;38;0;0;0;10 hours;02:28:37;14;28%;43%;53%
crimsonview93;2446;0;0;0;1;5%;44;44;25;0.15;4,293;5,215.72;4,293;1,506;20;7.28;7;3;3.64;0;0;0;6;7.28;6;3;2;0;0;0;0;0;2;2.42;2;1;1;1;1;1,738;633.13;612;241;3;0;0;3;1;2;1;1;0.36;1;3;2;2;2.42;2;00:45;00:54;00:45;0;0;0;514;1.85;514;2,298;748;2;2.42;2;54;19.67;19;1;0;0;4 minutes;04:33;4;32%;36%;41%
CrispeChris;3343;0;0;0;1;9%;788;213;77;0.23;69,088;14,957.55;16,322;4,380;27;5.84;7;40;8.66;0;0;0;163;35.28;53;12;4.07;0;0;0;3;0;84;18.18;26;0;5;0;4;2,921;632.47;802;457;12;0;0;13;3;4;6;1;0.21;1;4;7;55;11.9;24;04:23;00:57;01:03;0;0;0;2,921;0.86;802;24,860;8,617;7;1.51;2;84;18.18;20;0;0;0;56 minutes;05:25;1;34%;43%;91%
CW-punchL1nez;2903;0;0;0;4;8%;1,480;200;69;0.13;141,441;12,126.08;20,077;6,060;65;5.57;10;133;11.4;0;0;0;388;33.26;47;18;2.91;0;0;0;1;0;252;21.6;30;4;12;0;8;10,155;870.65;1,263;489;18;0;0;34;11;8;14;3;0.25;1;3;2;155;13.28;19;13:37;01:10;01:38;0;0;0;10,155;0.95;1,263;66,540;18,324;71;6.08;11;263;22.54;30;0;0;0;2 hours;17:50;3;27%;41%;65%
cyber_animaI;4399;0;0;0;16;6%;6,391;193;104;0.17;774,983;16,477.71;32,398;8,333;332;7.05;20;404;8.58;0;0;0;1,761;37.44;63;28;4.35;0;0;0;3;0;874;18.58;34;12;47;1;34;36,011;765.66;1,155;677;28;0;0;160;45;69;46;3;0.06;1;6;61;697;14.81;33;01:08:02;01:26;03:24;0;0;0;36,011;0.95;1,155;358,460;106,375;112;2.38;5;1,063;22.6;40;0;0;0;10 hours;01:23:52;6;29%;53%;72%
CyberBuIIying;4034;0;0;0;0;8%;468;162;60;0.18;39,534;11,087.84;11,076;4,253;22;6.17;6;32;8.97;0;0;0;100;28.04;23;9;3.12;0;0;0;3;0;51;14.3;13;1;4;0;3;2,103;589.94;540;230;9;0;0;10;6;1;3;0;0;0;4;2;31;8.69;10;02:21;00:39;00:46;0;0;0;2,103;0.84;540;18,060;5,274;5;1.4;3;52;14.58;11;0;0;0;41 minutes;03:47;1;29%;35%;82%
D4C-N;0;0;0;0;2;7%;1,055;206;82;0.18;101,220;12,130.31;19,849;5,913;40;4.79;10;2;16.61;2;17;2;201;24.08;46;17;3.09;0;0;0;1;0;106;12.7;27;5;0;1;0;486;4,034;486;484;17;0;0;0;0;0;0;0;0;0;4;6;91;10.9;27;08:07;00:58;01:37;2;17;2;3;0.03;3;49,640;14,640;22;2.63;8;135;16.17;29;0;0;0;1 minute;06:19;5;29%;38%;100%
DARK_ASSAS1NATOR;4506;0;0;0;1;7%;344;131;46;0.2;31,531;13,653.54;13,815;3,912;18;7.79;9;15;6.49;0;0;0;97;42;46;15;6.46;0;0;0;0;0;58;25.11;33;0;2;0;2;2,043;884.65;1,132;391;15;0;0;10;2;6;2;0;0;0;4;2;34;14.72;13;02:14;00:58;00:51;0;0;0;2,043;1.2;1,132;18,340;4,840;8;3.46;4;56;24.24;31;0;0;0;28 minutes;05:09;0;26%;27%;100%
Dedicatus545___;2224;0;0;0;0;7%;188;70;25;0.14;20,440;13,475.58;8,834;2,282;5;3.29;3;20;13.18;0;0;0;24;15.82;11;4;1.2;0;0;0;0;0;19;12.52;7;2;2;0;0;667;439.45;318;150;4;0;0;4;2;1;1;0;0;0;0;0;10;6.59;6;01:15;00:49;00:34;0;0;0;667;0.52;318;7,760;2,622;4;2.63;2;20;13.18;8;0;0;0;21 minutes;0;0;33%;31%;0
Defyz---;4636;0;0;0;0;7%;254;58;42;0.17;22,498;12,406.07;5,863;2,721;6;3.3;2;18;9.92;0;0;0;53;29.22;16;8;2.94;0;0;0;0;0;28;15.44;10;1;2;0;1;1,146;631.91;495;305;8;0;0;6;2;3;1;2;1.1;1;4;1;20;11.02;5;01:42;00:56;00:41;0;0;0;1,146;0.79;495;9,940;3,263;6;3.3;2;32;17.64;11;0;0;0;24 minutes;00:47;0;32%;0;61%
diegoperu2021;2470;0;0;0;0;13%;69;69;32;0.18;5,011;15,506.07;5,011;1,996;3;9.28;3;4;12.37;0;0;0;16;49.51;16;9;4;0;0;0;0;0;13;40.22;13;0;0;0;0;629;1,945.12;629;274;9;0;0;0;0;0;0;0;0;0;0;0;4;12.37;4;00:10;00:31;00:10;0;0;0;629;1.72;629;1,740;521;6;18.56;6;16;49.51;16;0;0;0;6 minutes;0;0;29%;0;0
DifferentD;3517;0;0;0;68;8%;27,456;409;104;0.15;2,716,361;12,716.25;26,170;8,989;1,446;6.76;20;2,535;11.86;0;0;0;6,956;32.56;69;24;2.74;0;0;0;44;0;4,066;19.03;50;98;214;13;102;176,048;824.14;2,562;580;24;0;0;703;216;273;214;24;0.11;2;5;171;2,762;12.92;36;04:54:07;01:22;03:53;0;0;0;176,048;0.98;2,562;1,233,200;339,545;942;4.4;13;4,697;21.98;61;5;0;0;49 hours;07:26:27;49;27%;74%;47%
DigitalNex;3853;0;0;0;0;3%;26;26;17;0.1;4,562;5,917.91;4,562;3,277;1;1.29;1;4;5.18;0;0;0;2;2.59;2;1;0.5;0;0;0;0;0;2;2.59;2;1;1;0;0;100;129.73;100;50;1;0;0;2;0;2;1;0;0;0;0;0;0;0;0;00:29;00:38;00:29;0;0;0;100;0.39;100;1,840;801;1;1.29;1;2;2.59;2;0;0;0;4 minutes;0;0;43%;0;0
Divinity-X-;4116;0;0;0;0;9%;74;58;33;0.3;4,899;18,165.21;3,835;2,292;2;7.41;2;3;11.12;0;0;0;11;40.79;11;6;3.66;0;0;0;0;0;5;18.54;5;0;0;0;0;184;681.55;184;184;6;0;0;1;0;0;0;0;0;0;0;0;6;22.24;6;00:16;01:02;00:14;0;0;0;184;0.74;184;2,440;771;0;0;0;4;14.83;4;0;0;0;4 minutes;00:15;0;31%;30%;73%
DramaticMango;2345;0;0;0;1;9%;268;78;42;0.21;21,173;12,300.29;6,938;4,782;10;5.8;5;19;11.03;0;0;0;44;25.56;11;9;2.31;0;0;0;0;0;32;18.58;8;1;2;0;0;1,379;801.02;434;282;9;0;0;7;3;1;3;0;0;0;3;1;16;9.29;7;01:26;00:50;00:39;0;0;0;1,379;1.1;434;9,840;2,914;13;7.55;4;32;18.58;10;0;0;0;20 minutes;04:14;0;29%;28%;14%
Drest24;2622;0;0;0;0;7%;57;52;36;0.15;5,798;12,318.67;4,499;3,287;5;10.62;5;3;6.37;0;0;0;18;38.24;18;12;6;0;0;0;0;0;9;19.12;9;0;0;0;0;193;409.83;193;143;12;0;0;2;1;0;1;0;0;0;4;1;4;8.49;4;00:02;00:05;00:02;0;0;0;193;0.53;193;3,040;717;3;6.37;3;5;10.62;5;0;0;0;6 minutes;01:43;0;23%;39%;76%
Drew_MK;3016;0;0;0;1;6%;132;67;33;0.12;15,532;10,066.47;6,850;3,480;10;6.48;5;13;8.42;0;0;0;44;28.51;21;13;3.38;0;0;0;0;0;24;15.55;12;1;2;0;0;1,061;687.41;540;390;13;0;0;4;2;2;1;0;0;0;3;1;32;20.74;20;02:07;01:22;01:07;0;0;0;1,061;0.98;540;5,620;1,909;6;3.88;5;29;18.79;16;0;0;0;17 minutes;06:42;1;33%;0;13%
drewsausage;3063;0;0;0;0;7%;26;16;8;0.11;469;4,902.28;469;469;0;0;0;1;10.44;0;0;0;2;5.3;1;1;0.33;0;0;0;0;0;2;5.3;1;0;0;0;0;100;265.02;100;100;1;0;0;0;0;0;0;0;0;0;0;0;1;2.65;1;00:08;00:22;00:05;0;0;0;100;0.46;100;33;6;0;0;0;2;5.3;2;0;0;0;49.59206300973892 seconds;0;0;18%;0;0
DridenGX;2909;0;0;0;3;10%;1,238;240;73;0.17;85;824.68;85;85;43;4.78;17;1;5.24;0;0;0;225;25.03;62;13;1.87;0;0;0;3;0;168;18.69;38;0;0;0;2;6,218;691.85;2,106;534;13;0;0;30;9;11;10;0;0;0;0;0;82;9.12;28;00:10;00:52;00:10;0;0;0;6,218;0.87;2,106;5;5;70;7.78;14;155;17.24;48;0;0;0;44.66732699982822 seconds;18:06;18;100%;65%;25%
Droxzio;3207;0;0;0;2;7%;580;174;82;0.17;56,074;11,586.06;17,511;4,843;32;6.61;10;40;8.26;0;0;0;163;33.67;45;21;4.07;0;0;0;0;0;115;23.76;38;1;5;0;4;4,559;941.99;1,495;605;21;0;0;15;4;7;4;1;0.2;1;4;4;52;10.74;17;05:11;01:04;01:32;0;0;0;4,559;1.35;1,495;26,020;7,502;32;6.61;17;113;23.34;36;0;0;0;56 minutes;14:15;2;28%;36%;82%
DutchieSoInsane;2610;0;0;0;0;7%;147;57;34;0.19;11,465;10,841.37;4,735;1,741;4;3.78;4;13;12.29;0;0;0;18;17.02;13;5;1.38;0;0;0;0;0;12;11.34;8;1;1;0;0;510;482.34;376;194;5;0;0;4;2;1;2;0;0;0;0;0;8;7.56;5;01:08;01:04;00:34;0;0;0;510;0.67;376;4,560;1,876;2;1.89;2;14;13.23;10;0;0;0;12 minutes;00:05;0;41%;49%;36%
ecotaku;2368;0;0;0;1;7%;1,239;164;43;0.12;129,769;11,241.2;11,953;4,637;64;5.54;8;136;11.78;0;0;0;338;29.27;44;13;2.48;0;0;0;1;0;198;17.15;27;7;12;0;5;8,678;751.76;1,089;377;13;0;0;30;7;12;10;2;0.17;1;4;8;112;9.7;16;10:28;00:54;01:15;0;0;0;8,678;0.9;1,089;58,960;16,176;47;4.07;6;227;19.66;30;0;0;0;2 hours;19:26;8;27%;47%;39%
eliteboy_1da;3496;0;0;0;0;9%;77;68;21;0.16;6,827;10,082.19;6,162;1,858;2;2.95;2;8;11.81;0;0;0;16;23.62;16;7;2;0;0;0;0;0;5;7.38;5;0;1;0;1;335;494.54;335;307;7;0;0;2;1;0;1;0;0;0;0;0;9;13.29;9;01:41;02:29;01:41;0;0;0;335;0.7;335;3,160;783;2;2.95;2;13;19.19;13;0;0;0;7 minutes;00:21;0;24%;75%;88%
entoe12;3278;0;0;0;0;3%;7;4;4;0.11;973;12,807.69;685;685;2;3;2;10;15.01;0;0;0;8;105.29;5;5;1.3;0;0;0;0;0;1;13.16;1;0;0;0;0;229;344.15;179;100;5;0;0;0;0;0;0;0;0;0;0;0;6;78.97;3;00:08;01:47;00:05;0;0;0;229;0.4;179;554;182;0;0;0;6;9;5;0;0;0;59.03900800086558 seconds;00:28;0;32%;27%;37%
Erenksk9;4169;0;0;0;24;7%;5,277;283;74;0.18;585,848;14,854.83;24,371;8,163;345;8.74;18;379;9.6;0;0;0;1,410;35.75;59;24;3.72;0;0;0;6;0;757;19.19;33;7;39;2;31;31,835;807.2;1,555;612;24;0;0;145;29;82;33;5;0.12;2;5;43;498;12.62;26;40:42;01:01;02:35;0;0;0;31,835;1.1;1,555;297,320;74,179;122;3.09;7;869;22.03;41;1;0;0;8 hours;01:51:17;5;24%;58%;79%
EvanMario;0;0;0;0;0;7%;68;68;40;0.26;5,788;14,714.97;5,788;3,251;6;15.25;6;2;5.08;0;0;0;12;30.5;12;6;6;0;0;0;0;0;6;15.25;6;0;0;0;0;347;882.13;347;198;6;0;0;1;1;0;0;0;0;0;3;1;8;20.33;8;00:32;01:22;00:32;0;0;0;347;1.37;347;2,180;918;0;0;0;11;27.96;11;0;0;0;4 minutes;01:09;0;42%;42%;100%
Evilduck1903;2386;0;0;0;0;8%;24;24;24;0.2;1,389;4,410.06;1,389;1,389;0;0;0;1;2.7;0;0;0;8;25.39;8;8;7;0;0;0;0;0;4;12.69;4;0;0;0;0;140;378.14;140;140;8;0;0;1;0;0;1;0;0;0;0;0;3;9.52;3;00:41;02:12;00:41;0;0;0;130;1.1;130;954;276;1;2.7;1;3;8.1;3;0;0;0;1 minute;00:08;0;28%;28%;100%
Fade_BR;0;0;0;0;5;7%;2,449;257;60;0.17;243,491;13,944.36;22,315;6,796;113;6.47;15;206;11.79;0;0;0;553;31.66;62;16;2.68;0;0;0;5;0;279;15.97;35;7;17;0;10;12,468;713.99;1,361;495;16;0;0;57;20;13;24;0;0;0;4;14;315;18.03;35;34:26;01:58;03:29;0;0;0;12,468;0.86;1,361;129,600;31,707;57;3.26;7;340;19.47;33;0;0;0;3 hours;30:23;10;24%;46%;58%
Fairystinky;1991;0;0;0;0;9%;220;115;52;0.15;14,214;7,204.11;7,059;2,551;2;1.01;1;22;11.15;0;0;0;42;21.28;31;7;1.9;0;0;0;1;0;18;9.12;11;2;2;0;0;1,186;601.25;950;400;7;0;0;4;1;0;4;1;0.5;1;0;0;21;10.64;18;03:27;01:45;02:02;0;0;0;1,186;0.83;950;11,340;2,260;2;1.01;2;33;16.72;27;0;0;0;23 minutes;01:25;0;19%;23%;0
FeaRisSiKK;3000;0;0;0;7;6%;974;170;67;0.19;111,136;16,396.44;28,242;6,538;59;8.7;14;47;6.93;0;0;0;318;46.91;64;21;6.76;0;0;0;0;0;187;27.58;36;1;7;1;5;7,625;1,124.99;1,629;527;21;0;0;28;6;19;3;0;0;0;5;7;143;21.09;33;10:27;01:32;02:32;0;0;0;7,625;1.5;1,629;54,280;14,833;48;7.08;12;204;30.09;42;1;0;0;1 hour;32:19;9;27%;33%;70%
flyinganimal;4142;0;0;0;17;5%;4,285;354;79;0.16;617,876;20,480.34;43,050;9,922;268;8.88;15;314;10.4;0;0;0;1,105;36.62;75;27;3.51;0;0;0;3;0;603;19.98;49;14;30;2;15;22,052;730.95;1,105;428;27;0;0;101;17;67;17;2;0.06;1;5;41;425;14.08;32;50:28;01:40;03:27;0;0;0;22,052;0.84;1,105;259,680;82,756;99;3.28;8;623;20.65;40;0;0;0;7 hours;01:24:30;1;31%;57%;48%
FlyNameHere;2199;0;0;0;0;7%;95;52;21;0.1;7,814;7,323.29;3,706;1,224;3;2.81;2;15;14.05;0;0;0;22;20.61;13;5;1.46;0;0;0;0;0;10;9.37;6;0;1;0;1;796;746.03;517;191;5;0;0;2;1;0;0;0;0;0;0;0;14;13.12;9;01:57;01:50;01:01;0;0;0;796;0.86;517;5,080;1,243;4;3.74;2;20;18.74;12;0;0;0;15 minutes;00:40;0;24%;31%;66%
forrestsmith2;3084;0;0;0;0;8%;533;198;50;0.23;43,998;18,704.99;17,114;3,986;15;6.37;7;28;11.9;0;0;0;94;39.96;36;11;3.35;0;0;0;3;0;58;24.65;24;1;2;0;1;2,962;1,259.39;1,341;410;11;0;0;7;2;3;2;1;0.42;1;3;1;26;11.05;10;02:36;01:06;00:47;0;0;0;2,962;1.32;1,341;19,880;6,325;11;4.67;5;77;32.73;33;0;0;0;37 minutes;06:39;1;31%;35%;43%
fructoseghost;2909;0;0;0;1;3%;2;2;2;0.04;308;3,029.58;308;308;12;4.07;4;2;19.66;0;0;0;61;20.73;15;9;1.41;0;0;0;2;0;25;8.49;7;0;0;0;0;1,539;523.33;475;274;9;0;0;0;0;0;0;0;0;0;0;0;27;9.17;10;00:02;00:27;00:02;0;0;0;1,539;0.66;475;98;53;5;1.69;1;51;17.33;14;0;0;0;48.310119019821286 seconds;00:07;0;54%;24%;49%
FvsNeLL;3798;0;0;0;1;6%;188;137;75;0.21;18,602;16,818.9;13,918;6,900;8;7.23;8;8;7.23;0;0;0;42;37.97;37;19;5.25;0;0;0;0;0;26;23.5;23;0;1;0;1;989;894.13;845;288;19;0;0;4;1;2;1;0;0;0;3;3;17;15.37;15;01:29;01:21;00:58;0;0;0;989;1.12;845;9,900;2,774;3;2.71;3;30;27.12;27;0;0;0;14 minutes;02:34;0;28%;0;89%
games3_112;2604;0;0;0;1;7%;50;50;27;0.2;3,559;4,563.5;3,559;2,558;2;2.56;2;1;1.28;0;0;0;14;17.95;14;9;14;0;0;0;0;0;8;10.25;8;0;1;0;1;273;349.44;273;173;9;0;0;4;2;2;0;0;0;0;0;0;7;8.97;7;00:20;00:26;00:20;0;0;0;273;1.13;273;2,120;665;5;6.41;5;6;7.69;6;0;0;0;3 minutes;01:05;0;31%;0;100%
Gandalion;3514;0;0;0;0;7%;32;32;12;0.11;2,943;7,764.67;2,943;1,210;1;2.63;1;4;10.55;0;0;0;11;29.02;11;7;2.75;0;0;0;0;0;3;7.91;3;0;0;0;0;243;642.02;243;118;7;0;0;1;0;1;0;0;0;0;0;0;3;7.91;3;00:07;00:19;00:07;0;0;0;243;0.88;243;2,320;437;1;2.63;1;6;15.83;6;0;0;0;--;0;0;18%;0;0
GodzillavsMuto;2555;0;0;0;0;5%;33;33;16;0.08;4,155;10,616.55;4,155;2,085;2;5.11;2;4;10.22;0;0;0;7;17.88;7;3;1.75;0;0;0;0;0;2;5.11;2;0;0;0;0;339;865.03;339;122;3;0;0;1;1;0;0;0;0;0;0;0;4;10.22;4;00:54;02:18;00:54;0;0;0;339;0.85;339;1,640;567;0;0;0;10;25.55;10;0;0;0;6 minutes;0;0;34%;34%;0
GoldenBullet20;4406;0;0;0;0;13%;18;14;12;0.18;992;10,751.51;540;451;0;0;0;3;32.52;0;0;0;2;21.68;1;1;0.66;0;0;0;0;0;1;10.84;1;0;0;0;0;50;542.14;50;50;1;0;0;0;0;0;0;0;0;0;0;0;0;0;0;00:03;00:39;00:01;0;0;0;50;0.51;50;500;135;0;0;0;1;10.84;1;0;0;0;1 minute;0;0;27%;0;59%
GoMu___;4214;0;0;0;0;9%;99;86;38;0.2;7,432;10,857;6,782;2,773;3;4.38;3;8;11.68;0;0;0;8;11.68;8;7;1;0;0;0;0;0;4;5.84;4;1;1;0;0;307;448.44;307;275;7;0;0;3;1;0;1;0;0;0;0;0;3;4.38;3;01:03;01:32;00:57;0;0;0;307;0.62;307;3,800;998;0;0;0;9;13.14;9;0;0;0;8 minutes;00:17;0;26%;28%;0
GuardiaoDaGalaxy;3630;0;0;0;0;12%;32;32;32;0.21;2,262;10,046.77;2,262;2,262;1;4.44;1;0;0;0;0;0;10;44.4;10;10;0;0;0;0;0;0;5;22.2;5;0;0;0;0;250;1,110.19;250;250;10;0;0;0;0;0;0;0;0;0;0;0;6;26.64;6;00:06;00:27;00:06;0;0;0;250;1.69;250;1,120;262;1;4.44;1;5;22.2;5;0;0;0;2 minutes;0;0;23%;23%;100%
gulight;3149;0;0;0;1;8%;125;125;48;0.15;13,211;13,211.56;13,211;3,847;7;7;7;12;12;0;0;0;41;41;41;8;3.41;0;0;0;2;0;31;31;31;0;1;0;1;828;828.14;828;223;8;0;0;4;0;2;2;1;1;1;3;1;17;17;17;01:13;01:13;01:13;0;0;0;828;1.02;828;6,660;1,534;6;6;6;24;24;24;0;0;0;13 minutes;02:12;0;23%;23%;100%
Highlander_scott;4077;0;0;0;1;5%;1,016;216;65;0.16;118,462;16,420.66;29,499;5,353;45;6.23;20;88;12.19;0;0;0;231;32.02;62;15;2.62;0;0;0;0;0;138;19.12;34;4;7;0;3;5,663;785.01;1,507;300;15;0;0;21;8;7;6;2;0.27;1;4;5;80;11.08;23;06:25;00:53;01:20;0;0;0;5,663;0.9;1,507;46,100;17,043;32;4.43;11;154;21.34;38;0;0;0;1 hour;15:32;0;36%;51%;38%
hiijle;2704;0;0;0;0;2%;2;2;2;0.04;346;7,110.52;346;346;0;0;0;1;20.55;0;0;0;6;29.05;6;6;2;0;0;0;0;0;3;14.52;3;0;0;0;0;277;1,341.52;277;277;6;0;0;0;0;0;0;0;0;0;0;0;4;19.37;4;00:06;02:20;00:06;0;0;0;36;0.74;36;236;68;2;9.68;2;6;29.05;6;0;0;0;48.088078973814845 seconds;0;0;28%;22%;0
honoto-1104;2613;0;0;0;3;7%;782;215;47;0.18;1,262;3,498.45;762;762;48;7.26;10;3;8.31;0;0;0;1;2.77;1;1;0.33;0;0;0;0;0;122;18.45;22;0;0;1;0;4,192;634.02;852;531;1;0;0;1;1;0;0;1;0.15;1;5;5;1;2.77;1;01:06;03:03;01:06;0;0;0;4,192;0.99;852;109;12;33;4.99;8;109;16.48;23;0;0;0;3 minutes;00:01;0;11%;3%;63%
HordesOfRaiders;2683;0;0;0;0;7%;129;86;26;0.13;13,890;11,955.36;11,078;4,648;6;5.16;6;14;12.05;0;0;0;32;27.54;30;12;2.28;0;0;0;0;0;15;12.91;14;1;1;0;0;1,097;944.01;997;283;12;0;0;2;2;0;0;0;0;0;0;0;12;10.32;11;00:51;00:44;00:43;0;0;0;1,097;1.16;997;8,240;1,739;7;6.02;6;26;22.37;24;0;0;0;15 minutes;03:09;0;21%;0;15%
hourai127;2224;0;0;0;137;5%;38,462;276;95;0.11;4,953,863;10,547.85;26,235;11,256;2,131;4.53;15;4,057;8.63;0;0;0;10,648;22.67;62;19;2.62;0;0;0;59;0;6,009;12.79;39;209;470;19;242;266,595;567.63;1,535;638;19;0;0;1,571;492;556;523;10;0.02;1;5;219;5,101;10.86;41;11:51:06;01:30;04:44;0;0;0;266,595;0.77;1,535;2,825,240;685,759;1,581;3.36;11;7,446;15.85;44;5;0;0;96 hours;07:46:57;245;24%;65%;51%
I_Only_AWP_B;4233;0;0;0;0;4%;72;41;18;0.12;11,626;12,968.98;5,541;2,406;3;3.34;2;8;8.92;0;0;0;21;23.42;12;8;2.62;0;0;0;0;0;11;12.27;7;1;1;0;0;688;767.07;488;200;8;0;0;2;2;0;0;0;0;0;0;0;5;5.57;3;01:15;01:24;00:35;0;0;0;688;1.14;488;4,600;1,706;3;3.34;3;14;15.61;10;0;0;0;9 minutes;00:25;1;37%;32%;14%
iekgaa___;4002;0;0;0;1;3%;226;113;34;0.14;44,641;26,359.78;27,615;8,145;20;11.8;10;16;9.44;0;0;0;78;46.05;39;12;4.87;0;0;0;0;0;52;30.7;27;0;2;0;2;1,563;922.74;780;364;12;0;0;7;2;5;0;3;1.77;1;3;2;48;28.34;21;06:02;03:33;02:42;0;0;0;1,563;1;780;17,580;5,774;15;8.85;6;50;29.52;23;0;0;0;25 minutes;08:38;0;32%;41%;100%
IHateUddesd;0;0;0;0;4;7%;2,597;273;78;0.1;257,746;8,435.79;17,506;7,157;144;4.71;12;325;10.63;0;0;0;703;23;63;20;2.16;0;0;0;5;0;367;12.01;25;17;31;2;12;17,393;569.25;1,705;511;20;0;0;90;37;28;26;10;0.32;4;4;18;384;12.56;37;01:03:39;02:05;04:42;0;0;0;17,393;0.69;1,705;146,760;32,919;82;2.68;9;483;15.8;46;11;0;0;6 hours;24:30;29;22%;35%;39%
IKizzLE;3805;0;0;0;0;0%;1;1;1;0.01;745;12,633.97;745;745;0;0;0;1;16.96;0;0;0;0;0;0;0;0;0;0;0;0;0;0;0;0;0;0;0;0;45;767.18;45;45;0;0;0;0;0;0;0;0;0;0;0;0;0;0;0;00:05;01:37;00:05;0;0;0;45;0.87;45;720;132;0;0;0;1;16.96;1;0;0;0;51.6389050250873 seconds;0;0;18%;0;0
iMightyElephant;3519;0;0;0;0;3%;39;39;8;0.06;8,492;12,337.57;8,492;2,754;4;5.81;4;9;13.07;0;0;0;18;26.15;18;9;2;0;0;0;0;0;6;8.71;6;0;0;0;1;442;642.7;442;180;9;0;0;0;2;0;0;0;0;0;0;0;8;11.62;8;01:05;01:34;01:05;0;0;0;442;0.75;442;17;1,247;1;1.45;1;14;20.33;14;0;0;0;--;00:09;0;25%;0;100%
ImperfectXD;3419;0;0;0;0;8%;62;62;45;0.21;5,364;15,933.89;5,364;3,310;1;2.97;1;5;14.85;0;0;0;9;26.73;9;6;1.8;0;0;0;0;0;2;5.94;2;0;0;0;0;169;501.84;169;91;6;0;0;1;1;0;0;0;0;0;0;0;3;8.91;3;00:32;01:37;00:32;0;0;0;169;0.57;169;2,340;729;0;0;0;6;17.82;6;0;0;0;4 minutes;0;0;31%;0;100%
iqbalhaikal55;2906;0;0;0;1;5%;133;67;30;0.2;15,492;19,387.03;9,731;4,751;5;6.25;4;10;12.51;0;0;0;21;26.27;16;7;2.1;0;0;0;0;0;11;13.76;8;0;1;0;0;681;852.26;448;177;7;0;0;3;1;1;1;0;0;0;3;1;9;11.26;8;01:22;01:43;00:55;0;0;0;681;1.05;448;5,680;2,307;3;3.75;3;17;21.27;11;0;0;0;10 minutes;01:18;1;40%;42%;51%
itsDiety;3957;0;0;0;0;4%;40;23;18;0.13;6,260;19,596.64;3,703;3,337;1;3.13;1;5;15.65;0;0;0;14;43.82;12;10;2.8;0;0;0;0;0;4;12.52;4;0;0;0;0;259;811.74;259;187;10;0;0;1;0;1;0;0;0;0;0;0;5;15.65;4;00:30;01:34;00:17;0;0;0;259;0.86;259;2,620;911;0;0;0;6;18.78;6;0;0;0;5 minutes;01:14;0;34%;0;57%
itsGenji;4057;0;0;0;0;5%;137;79;38;0.15;18,211;16,984.48;9,731;5,496;12;11.19;7;9;8.39;0;0;0;46;42.9;23;17;5.11;0;0;0;0;0;20;18.65;11;1;1;0;0;1,187;1,106.96;695;395;17;0;0;5;2;1;2;0;0;0;3;2;22;20.51;16;02:24;02:14;01:41;0;0;0;1,187;1.38;695;8,140;2,446;3;2.79;2;34;31.71;18;0;0;0;14 minutes;02:42;0;30%;0;1%
ItsRaiyu;4385;0;0;0;0;5%;7;7;7;0.21;850;27,869.09;850;850;0;0;0;0;0;0;0;0;5;163.88;5;5;0;0;0;0;0;0;1;32.77;1;0;0;0;0;83;2,736.44;83;83;5;0;0;0;0;0;0;0;0;0;3;1;2;65.55;2;00:07;04:08;00:07;0;0;0;83;2.55;83;380;140;0;0;0;3;98.32;3;0;0;0;32.71676896698773 seconds;0;0;36%;0;100%
Jack_of_Spades13;3322;0;0;0;0;5%;55;55;47;0.1;9,019;13,997.97;9,019;7,790;6;9.31;6;2;3.1;0;0;0;19;29.49;19;18;9.5;0;0;0;0;0;8;12.41;8;1;1;0;0;372;577.07;372;322;18;0;0;2;1;1;1;0;0;0;0;0;5;7.76;5;00:59;01:32;00:59;0;0;0;372;0.71;372;3,800;974;2;3.1;2;11;17.07;11;0;0;0;8 minutes;01:56;0;25%;25%;0
JDG-191;3064;0;0;0;0;6%;24;24;14;0.08;3,370;17,584.41;3,370;1,124;3;15.65;3;4;20.86;0;0;0;7;36.52;7;4;1.75;0;0;0;0;0;2;10.43;2;0;0;0;0;140;728.85;140;120;4;0;0;1;0;1;0;0;0;0;0;0;4;20.86;4;00:51;04:27;00:51;0;0;0;140;0.52;140;1,720;343;0;0;0;4;20.86;4;0;0;0;4 minutes;00:22;0;19%;0;100%
JOKERFIRST15;4311;0;0;0;0;7%;104;43;22;0.12;13,532;13,407.99;6,035;2,245;12;11.89;5;15;14.86;0;0;0;28;27.74;11;6;1.86;0;0;0;0;0;19;18.82;6;1;1;0;0;618;612.03;350;300;6;0;0;4;0;3;0;0;0;0;4;2;19;18.82;5;01:22;01:21;00:32;0;0;0;618;0.76;350;5,280;1,419;4;3.96;2;18;17.83;7;0;0;0;13 minutes;03:45;0;26%;22%;0
JonXSly;2840;0;0;0;1;5%;1,059;202;55;0.15;133,102;15,619.26;22,190;12,193;57;6.68;14;99;11.61;0;0;0;294;34.5;47;21;2.96;0;0;0;1;0;151;17.71;27;3;9;0;5;6,103;716.13;1,034;436;21;0;0;25;7;9;9;0;0;0;5;8;121;14.19;22;13:54;01:37;02:49;0;0;0;6,103;0.87;1,034;76,880;18,671;28;3.28;7;176;20.65;29;0;0;0;1 hour;20:23;0;24%;32%;61%
jumpmanfrank094;2821;0;0;0;6;6%;797;184;48;0.14;88,529;10,010.26;14,595;3,679;41;4.63;10;69;7.8;0;0;0;229;25.89;49;13;3.31;0;0;0;1;0;127;14.36;23;2;9;0;6;5,887;665.69;1,154;362;13;0;0;25;4;11;10;0;0;0;3;6;87;9.83;31;08:39;00:58;02:21;0;0;0;5,887;1.09;1,154;45,320;12,496;28;3.16;5;157;17.75;36;0;0;0;1 hour;11:57;6;27%;43%;71%
kaito_numku396;0;0;0;0;1;7%;215;189;128;0.21;20,843;16,697.8;18,218;8,615;10;8.01;8;8;6.4;0;0;0;54;43.26;42;19;6.75;0;0;0;0;0;36;28.84;29;0;1;0;1;1,114;892.64;839;309;19;0;0;4;0;3;1;0;0;0;0;0;16;12.81;10;02:14;01:48;01:48;0;0;0;1,114;1.13;839;10,240;2,710;5;4;3;36;28.84;28;0;0;0;16 minutes;06:31;0;26%;27%;100%
katsuya3;2206;0;0;0;9;6%;47;39;31;0.12;4,184;10,395.56;3,554;2,524;81;6.27;14;4;16;1;4;1;8;19.87;7;5;1.14;0;0;0;3;0;4;9.93;4;0;0;0;0;2,758;11,038;2,758;1,961;5;0;0;1;0;0;0;0;0;0;4;12;1;2.48;1;00:39;01:38;00:21;1;4;1;235;1.03;235;2,416;735;41;3.17;8;247;19.12;36;0;0;0;3 minutes;26:26;1;30%;39%;100%
Kiba_Zack;3172;0;0;0;0;7%;86;74;45;0.16;8,558;14,340.67;5,658;4,324;1;1.67;1;6;10.05;0;0;0;25;41.89;15;12;4.16;0;0;0;0;0;16;26.81;9;0;1;0;0;939;1,573.36;629;497;12;0;0;2;1;0;0;0;0;0;0;0;9;15.08;6;01:11;01:59;00:44;0;0;0;939;1.75;629;3,680;1,228;1;1.67;1;23;38.54;15;0;0;0;8 minutes;0;0;33%;33%;0
KILLER77_HAZZA3;3082;0;0;0;4;6%;2,508;148;63;0.14;279,061;13,258.5;16,128;5,047;123;5.84;9;201;9.54;0;0;0;614;29.17;34;12;3.05;0;0;0;1;0;346;16.43;24;11;21;0;10;16,199;769.65;935;362;12;0;0;65;25;19;21;6;0.28;2;4;17;205;9.73;19;26:25;01:15;02:20;0;0;0;16,199;0.94;935;129,240;40,047;69;3.27;9;448;21.28;26;0;0;0;4 hours;47:49;2;30%;42%;48%
Killing_EdgeIV;0;0;0;0;0;9%;429;268;36;0.18;37,040;13,675.45;21,676;3,007;22;8.12;11;36;13.29;0;0;0;86;31.75;53;8;2.38;0;0;0;1;0;56;20.67;30;2;3;0;1;2,559;944.67;1,249;373;8;0;0;7;0;4;3;0;0;0;3;3;30;11.07;22;03:12;01:10;02:08;0;0;0;2,559;1.11;1,249;12,220;4,518;14;5.16;6;68;25.1;35;0;0;0;38 minutes;07:24;0;36%;48%;25%
Killswitch2092;2806;0;0;0;1;11%;234;196;48;0.22;18,319;15,910.49;13,540;3,675;13;11.29;10;16;13.89;0;0;0;48;41.68;37;11;3;0;0;0;0;0;25;21.71;17;0;1;0;1;1,367;1,187.64;1,003;315;11;0;0;4;1;1;1;0;0;0;4;2;19;16.5;17;01:57;01:41;01:29;0;0;0;1,367;1.31;1,003;9,020;2,045;3;2.6;2;35;30.39;24;0;0;0;17 minutes;01:53;0;22%;24%;92%
KingXacTz;0;0;0;0;10;7%;2,064;200;67;0.16;210,637;12,760.43;23,301;6,132;112;6.78;13;128;7.75;0;0;0;634;38.4;49;17;4.95;0;0;0;5;0;354;21.44;34;1;17;0;15;15,765;955.01;1,531;474;17;0;0;61;19;25;17;4;0.24;1;5;7;262;15.87;31;18:51;01:08;02:45;0;0;0;15,765;1.24;1,531;110,820;28,380;106;6.42;10;416;25.2;39;0;0;0;3 hours;58:40;9;25%;40%;92%
koba-ya;1337;0;0;0;0;8%;102;102;35;0.1;8,847;10,999.21;8,847;3,634;3;3.72;3;6;7.45;0;0;0;25;31.08;25;10;4.16;0;0;0;0;0;21;26.1;21;1;1;0;0;291;361.28;291;100;10;0;0;1;0;1;0;0;0;0;0;0;3;3.72;3;00:16;00:20;00:16;0;0;0;291;0.28;291;5,020;1,226;15;18.64;15;10;12.43;10;0;0;0;16 minutes;0;0;24%;0;0
kon5-TDRoki;2084;0;0;0;0;4%;160;51;32;0.12;24,337;13,494.53;11,750;4,850;7;3.88;4;14;7.76;0;0;0;33;18.29;12;10;2.35;0;0;0;3;0;16;8.87;7;1;2;0;1;892;494.5;308;308;10;0;0;5;2;1;2;0;0;0;0;0;16;8.87;6;00:57;00:31;00:21;0;0;0;892;0.7;308;13,660;3,916;2;1.1;1;25;13.86;8;0;0;0;21 minutes;00:04;0;28%;31%;47%
koutyatya;3647;0;0;0;0;4%;66;59;26;0.16;1,837;13,034.67;1,178;1,178;2;5.47;2;2;14.18;0;0;0;9;24.63;9;5;1.5;0;0;0;0;0;6;16.42;6;0;0;0;0;224;613.13;224;174;5;0;0;0;1;0;0;0;0;0;0;0;4;10.94;4;00:10;01:15;00:09;0;0;0;8;0.11;8;554;322;0;0;0;5;13.68;5;0;0;0;1 minute;0;0;58%;0;20%
kris1974;4164;0;0;0;0;10%;181;125;33;0.14;16,551;11,638.75;9,648;2,326;9;6.32;6;15;10.54;0;0;0;30;21.09;17;6;2;0;0;0;0;0;15;10.54;11;1;1;0;1;765;538.2;470;289;6;0;0;4;1;1;2;0;0;0;0;0;8;5.62;5;01:17;00:54;00:52;0;0;0;765;0.62;470;8,040;1,797;7;4.92;4;23;16.17;15;0;0;0;20 minutes;0;0;22%;0;56%
kurosaki158;1924;0;0;0;1;5%;1,311;150;44;0.13;171,387;13,006.66;18,232;7,274;69;5.23;15;136;10.32;0;0;0;333;25.27;45;16;2.44;0;0;0;0;0;164;12.44;29;6;13;2;6;7,827;593.99;937;413;16;0;0;35;18;3;14;4;0.3;2;5;11;135;10.24;19;14:48;01:07;01:40;0;0;0;7,827;0.79;937;89,040;22,989;29;2.2;6;218;16.54;28;0;0;0;2 hours;18:15;1;25%;35%;43%
kyo_miyamiya;2137;0;0;0;1;5%;277;124;39;0.1;31,088;8,453.94;9,623;4,280;6;1.63;3;27;7.34;0;0;0;75;20.39;44;18;2.77;0;0;0;0;0;38;10.33;23;3;4;0;0;2,102;571.58;933;308;18;0;0;9;4;2;3;0;0;0;3;1;23;6.25;15;02:11;00:35;00:56;0;0;0;2,102;0.82;933;21,240;4,769;12;3.26;5;51;13.86;24;0;0;0;42 minutes;02:07;0;22%;28%;10%
Langartija;3035;0;0;0;9;7%;3,560;250;68;0.14;352,997;12,357.15;20,635;6,543;212;7.42;16;266;9.31;0;0;0;1,037;36.3;57;16;3.89;0;0;0;5;0;487;17.04;30;8;29;0;20;23,567;824.99;1,506;464;16;0;0;96;43;26;27;1;0.03;1;5;29;503;17.6;35;45:20;01:35;02:27;0;0;0;23,567;0.95;1,506;203,300;47,381;56;1.96;8;678;23.73;42;0;0;0;6 hours;50:18;0;23%;35%;70%
LEATONER;2534;0;0;0;0;3%;37;20;16;0.11;7,250;23,171.14;4,259;3,810;1;3.19;1;4;12.78;0;0;0;10;31.95;5;5;2.5;0;0;0;2;0;5;15.97;3;0;0;0;0;294;939.09;194;194;5;0;0;1;1;0;0;0;0;0;0;0;5;15.97;3;00:49;02:37;00:35;0;0;0;294;0.93;194;3,660;1,038;0;0;0;7;22.37;6;0;0;0;5 minutes;0;0;28%;0;47%
Lege-donZ;2329;0;0;0;0;5%;25;25;25;0.15;3,337;13,040.93;3,337;2,473;2;7.81;2;3;11.72;0;0;0;5;19.53;5;5;1.66;0;0;0;0;0;4;15.63;4;0;0;0;0;150;586.13;150;150;5;0;0;1;0;1;0;0;0;0;0;0;3;11.72;3;00:25;01:39;00:25;0;0;0;150;0.93;150;1,040;431;0;0;0;3;11.72;3;0;0;0;2 minutes;01:07;0;41%;0;0
LoggingOut;3612;0;0;0;1;5%;651;99;49;0.14;77,598;14,507.01;11,376;6,872;34;6.35;9;54;10.09;0;0;0;154;28.79;26;15;2.85;0;0;0;1;0;75;14.02;16;2;5;0;3;3,828;715.68;686;393;15;0;0;16;3;6;6;3;0.56;1;5;6;88;16.45;18;07:37;01:25;01:55;0;0;0;3,828;0.84;686;35,120;11,398;12;2.24;4;101;18.88;20;1;0;0;1 hour;10:12;1;32%;63%;55%
LostkumaTH;3386;0;0;0;0;2%;21;21;13;0.07;5,513;24,938.86;5,513;2,940;1;4.52;1;2;9.04;0;0;0;12;54.28;12;7;6;0;0;0;0;0;4;18.09;4;0;0;0;0;297;1,343.28;297;150;7;0;0;0;0;0;0;0;0;0;0;0;7;31.66;7;01:14;05:39;01:14;0;0;0;297;1.1;297;3,140;845;1;4.52;1;8;36.19;8;0;0;0;4 minutes;0;0;26%;0;0
l-Twisted_Fate-l;4013;0;0;0;3;4%;53;23;19;0.09;6,350;7,799.64;3,166;1,083;65;9.57;9;10;12.28;0;0;0;13;15.96;7;4;1.3;0;0;0;2;0;6;7.36;3;1;1;0;0;5,914;871.1;983;410;4;0;0;2;1;1;0;3;0.44;2;4;9;8;9.82;3;00:53;01:05;00:20;0;0;0;739;1.28;402;2,840;1,177;23;3.38;4;154;22.68;26;0;0;0;9 minutes;00:07;2;41%;54%;30%
luca_sales;2456;0;0;0;0;14%;29;17;16;0.19;1,127;2,564.81;711;563;0;0;0;3;6.82;0;0;0;3;6.82;2;2;1;0;0;0;0;0;2;4.55;1;0;0;0;0;28;63.72;28;28;2;0;0;2;0;1;0;0;0;0;0;0;2;4.55;2;00:07;00:18;00:04;0;0;0;28;0.18;28;980;204;0;0;0;2;4.55;2;0;0;0;2 minutes;0;0;20%;20%;0
LuckyC723;3859;0;0;0;0;6%;281;98;35;0.13;30,413;12,084.3;7,651;3,015;8;3.17;5;30;11.92;0;0;0;70;27.81;19;13;2.33;0;0;0;1;0;30;11.92;11;1;3;0;2;1,739;690.83;632;356;13;0;0;6;2;1;2;0;0;0;4;1;36;14.3;13;03:36;01:26;00:59;0;0;0;1,739;0.81;632;15,620;4,644;4;1.58;3;45;17.88;15;0;0;0;35 minutes;02:10;0;29%;35%;60%
Lyntune92;2044;0;0;0;0;6%;162;56;33;0.08;14,270;4,044.01;3,607;2,211;1;0.28;1;28;7.93;0;0;0;37;10.48;14;11;1.32;0;0;0;1;0;27;7.65;11;2;4;0;1;1,779;504.13;654;445;11;0;0;3;3;0;0;0;0;0;0;0;8;2.26;5;01:55;00:32;00:49;0;0;0;1,779;0.97;654;11,200;2,342;10;2.83;6;43;12.18;16;0;0;0;30 minutes;00:24;2;20%;31%;19%
M5roosh_ksa;3563;0;0;0;0;7%;418;200;56;0.17;41,819;16,974.56;17,132;5,023;15;6.08;8;26;10.55;0;0;0;89;36.12;35;11;3.42;0;0;0;2;0;36;14.61;12;1;2;0;2;2,186;887.42;767;447;11;0;0;6;2;2;2;0;0;0;3;2;23;9.33;11;01:58;00:48;00:49;0;0;0;2,186;0.91;767;18,760;5,370;2;0.81;1;55;22.32;18;0;0;0;39 minutes;01:18;0;28%;25%;68%
MAAFX;2990;0;0;0;6;7%;1,904;203;70;0.16;192,006;15,612.89;21,010;5,843;83;6.74;16;171;13.9;0;0;0;485;39.43;56;23;2.83;0;0;0;8;0;258;20.97;33;7;12;1;5;11,649;947.24;1,487;509;23;0;0;43;12;22;9;2;0.16;1;5;10;219;17.8;26;22:02;01:47;02:49;0;0;0;11,649;1.02;1,487;113,340;26,618;51;4.14;12;326;26.5;40;0;0;0;3 hours;39:02;2;23%;33%;41%
Marlporo0707;4292;0;0;0;0;8%;196;81;45;0.23;18,318;21,295.43;7,679;2,994;5;5.81;3;13;15.11;0;0;0;38;44.17;16;7;2.92;0;0;0;0;0;18;20.92;9;0;1;0;1;439;510.11;170;139;7;0;0;3;0;2;1;0;0;0;0;0;19;22.08;7;01:36;01:51;00:50;0;0;0;439;0.52;170;7,220;2,426;1;1.16;1;13;15.11;5;0;0;0;13 minutes;03:06;0;33%;26%;67%
matheus_pegasus;2747;0;0;0;2;6%;18;12;8;0.06;1,587;3,858.9;1,196;940;15;7.6;9;3;7.29;0;0;0;8;19.44;8;7;2.66;0;0;0;1;0;2;4.86;2;0;0;0;0;2,791;1,414.26;1,677;277;7;0;0;1;0;0;0;1;0.5;1;4;3;6;14.58;6;00:16;00:40;00:13;0;0;0;722;2.55;528;956;282;8;4.05;6;74;37.49;45;0;0;0;4 minutes;11:01;0;29%;27%;81%
MEOW987;2679;0;0;0;0;5%;103;36;30;0.14;11,507;14,485.59;4,615;4,578;1;1.25;1;12;15.1;0;0;0;22;27.69;12;8;1.83;0;0;0;0;0;10;12.58;4;0;1;0;0;620;780.59;374;274;8;0;0;2;0;1;1;0;0;0;0;0;4;5.03;2;01:07;01:25;00:39;0;0;0;620;0.87;374;6,360;1,883;0;0;0;16;20.14;10;0;0;0;11 minutes;01:37;0;29%;28%;0
Merdrash;2964;0;0;0;0;6%;145;96;37;0.13;13,993;13,195.9;7,308;3,131;5;4.71;5;12;11.31;0;0;0;40;37.72;30;12;3.33;0;0;0;0;0;23;21.69;19;1;1;0;0;1,258;1,186.07;1,009;369;12;0;0;4;1;2;1;0;0;0;3;1;17;16.03;16;01:18;01:14;00:50;0;0;0;1,258;1.2;1,009;10,800;2,171;5;4.71;3;30;28.29;25;0;0;0;17 minutes;01:52;0;20%;28%;0
mightyMonkey565;3190;0;0;0;1;7%;139;139;55;0.22;13,085;13,084.92;13,085;5,538;8;8;8;6;6;0;0;0;37;37;37;16;6.16;0;0;0;0;0;18;18;18;0;1;0;1;924;924.24;924;360;16;0;0;5;0;2;3;0;0;0;3;1;19;19;19;01:06;01:06;01:06;0;0;0;924;1.48;924;6,180;1,834;0;0;0;25;25;25;0;0;0;10 minutes;02:01;0;29%;29%;100%
Morgenarc;3323;0;0;0;16;3%;8;4;4;0.05;1,427;4,707.62;970;970;258;8.51;16;2;6.59;0;0;0;3;9.89;3;3;1.5;0;0;0;5;0;2;6.59;2;0;0;0;0;26,984;890.05;1,327;512;3;0;0;1;0;1;0;2;0.06;1;4;31;2;6.59;2;00:04;00:15;00:04;0;0;0;54;0.39;54;952;227;1;3.29;1;751;24.77;35;0;0;0;2 minutes;01:16:04;1;23%;24%;65%
MrBlueyes;0;0;0;0;2;10%;613;242;66;0.17;42,611;9,786.38;11,944;3,485;19;4.36;7;49;11.25;0;0;0;111;25.49;31;10;2.26;0;0;0;1;0;93;21.35;26;1;4;0;3;3,704;850.69;1,119;378;10;0;0;12;5;3;4;0;0;0;0;0;28;6.43;10;02:51;00:39;01:03;0;0;0;3,704;1.06;1,119;17,000;5,685;52;11.94;17;98;22.5;29;0;0;0;57 minutes;07:36;0;33%;36%;68%
MrDrumpf;2933;0;0;0;0;12%;90;90;90;0.35;5,163;26,897.81;5,163;5,163;0;0;0;1;5.2;0;0;0;8;41.67;8;8;8;0;0;0;0;0;6;31.25;6;0;0;0;0;215;1,120.79;215;215;8;0;0;1;0;0;0;0;0;0;0;0;4;20.83;4;00:20;01:48;00:20;0;0;0;215;0.85;215;2,400;714;1;5.2;1;6;31.25;6;0;0;0;4 minutes;0;0;29%;0;100%
NaapWay;2595;0;0;0;0;1%;1;1;1;0.01;411;3,548.24;411;290;0;0;0;2;17.24;0;0;0;0;0;0;0;0;0;0;0;0;0;0;0;0;0;0;0;0;100;862.35;100;100;0;0;0;0;0;0;0;0;0;0;0;0;0;0;0;00:01;00:12;00:01;0;0;0;100;1.05;100;420;80;0;0;0;2;17.24;2;0;0;0;1 minute;0;0;19%;0;0
nagano-1;0;0;0;0;1;3%;102;62;21;0.1;17,845;12,088.15;9,039;6,127;11;7.45;5;5;3.38;0;0;0;61;41.32;42;13;12.2;0;0;0;0;0;28;18.96;20;0;1;0;1;1,583;1,072.62;1,165;421;13;0;0;5;1;2;1;0;0;0;3;1;29;19.64;18;01:53;01:16;01:08;0;0;0;1,583;1.57;1,165;9,320;2,569;5;3.38;3;39;26.41;30;0;0;0;16 minutes;01:55;0;27%;56%;83%
Nakles-Archon;4141;0;0;0;0;6%;72;48;16;0.11;9,457;14,379.34;4,902;2,648;6;9.12;5;10;15.2;0;0;0;24;36.49;14;4;2.4;0;0;0;0;0;16;24.32;8;0;1;0;0;724;1,101.09;438;202;4;0;0;2;1;1;0;0;0;0;0;0;10;15.2;5;00:31;00:48;00:23;0;0;0;724;1.11;438;3,040;1,072;3;4.56;2;22;33.45;13;0;0;0;10 minutes;00:42;0;35%;34%;0
nari_is_1582;2853;0;0;0;0;3%;35;35;14;0.13;5,251;10,440.37;5,251;2,685;1;1.98;1;3;5.96;0;0;0;2;3.97;2;1;0.66;0;0;0;0;0;1;1.98;1;1;1;0;0;67;133.21;67;67;1;0;0;1;1;0;0;0;0;0;0;0;1;1.98;1;00:06;00:12;00:06;0;0;0;67;0.26;67;2,720;935;0;0;0;3;5.96;3;0;0;0;4 minutes;0;0;34%;0;0
Natz_D_Chow;4048;0;0;0;0;5%;218;49;31;0.15;25,684;19,403.63;5,197;2,802;10;7.55;3;21;15.86;0;0;0;46;34.75;15;7;2.19;0;0;0;1;0;26;19.64;10;1;1;0;1;1,334;1,007.78;291;232;7;0;0;4;1;2;1;0;0;0;0;0;25;18.88;9;01:59;01:30;00:39;0;0;0;1,334;0.96;291;9,960;3,958;6;4.53;3;34;25.68;8;0;0;0;23 minutes;02:10;0;39%;51%;58%
Nemesis3456;2751;0;0;0;3;25%;1;1;1;0;100;783.38;100;100;15;4.45;7;1;7.83;1;8;1;94;27.91;32;13;2.84;0;0;0;1;0;65;19.3;24;0;0;0;0;1,358;10,639;1,358;1,358;13;0;0;1;2;0;0;0;0;0;3;3;38;11.28;16;02:20;00:41;01:03;0;0;0;327;2.94;327;13;4;25;7.42;15;74;21.97;29;0;0;0;1 minute;09:57;3;30%;67%;100%
Ninja5976;0;0;0;0;0;9%;91;91;25;0.17;8,490;17,762.98;8,490;1,886;2;4.18;2;10;20.92;0;0;0;15;31.38;15;7;1.5;0;0;0;0;0;10;20.92;10;0;0;0;0;449;938.62;449;214;7;0;0;1;1;0;0;0;0;0;0;0;5;10.46;5;00:37;01:18;00:37;0;0;0;449;0.85;449;2,960;973;1;2.09;1;13;27.2;13;0;0;0;8 minutes;01:12;0;32%;32%;0
NoirEt_B;3147;0;0;0;0;10%;132;67;26;0.22;8,370;13,914.24;4,549;1,527;0;0;0;11;18.28;0;0;0;12;19.94;7;5;1.09;0;0;0;2;0;8;13.29;5;0;1;0;0;404;672.21;277;131;5;0;0;2;0;1;1;0;0;0;0;0;4;6.64;3;00:32;00:53;00:23;0;0;0;404;0.67;277;4,200;1,232;1;1.66;1;9;14.96;6;0;0;0;9 minutes;0;0;29%;28%;38%
nyanyamui_401;2781;0;0;0;0;8%;91;91;40;0.21;7,490;16,764.08;7,490;1,885;4;8.95;4;8;17.9;0;0;0;12;26.85;12;7;1.5;0;0;0;0;0;6;13.42;6;0;0;0;0;446;997.28;446;246;7;0;0;2;1;1;0;0;0;0;0;0;8;17.9;8;00:36;01:22;00:36;0;0;0;446;1.05;446;3,740;1,012;2;4.47;2;11;24.61;11;0;0;0;7 minutes;01:20;0;27%;0;0
ohEvasive;3385;0;0;0;7;7%;1,110;178;96;0.18;109,815;11,328.57;11,914;7,356;59;6.08;10;50;5.15;0;0;0;335;34.55;37;25;6.7;0;0;0;2;0;190;19.6;24;1;10;0;9;7,319;755.01;796;505;25;0;0;35;11;16;8;1;0.1;1;3;9;105;10.83;25;07:35;00:46;01:25;0;0;0;7,319;1.21;796;53,620;13,879;29;2.99;5;208;21.45;28;0;0;0;1 hour;23:00;0;25%;31%;89%
o-Norton-o;0;0;0;0;0;7%;128;128;36;0.11;14,132;19,760.64;14,132;3,000;6;8.38;6;8;11.18;0;0;0;47;65.71;47;12;5.87;0;0;0;0;0;23;32.16;23;1;1;0;0;753;1,053.34;753;263;12;0;0;3;0;0;3;0;0;0;0;0;25;34.95;25;01:58;02:45;01:58;0;0;0;753;0.65;753;10,720;1,802;6;8.38;6;26;36.35;26;0;0;0;19 minutes;01:00;2;16%;16%;0
OttoFemtusen;2831;0;0;0;0;6%;174;118;31;0.14;18,325;15,289.84;11,330;3,134;8;6.67;7;14;11.68;0;0;0;50;41.71;34;12;3.57;0;0;0;3;0;25;20.85;18;0;1;0;1;1,132;944.31;928;390;12;0;0;4;0;0;3;0;0;0;0;0;33;27.53;22;02:10;01:49;01:20;0;0;0;1,132;0.92;928;11,300;2,491;5;4.17;5;34;28.36;27;0;0;0;20 minutes;00:28;0;22%;20%;73%
oualid32;4218;0;0;0;0;4%;35;32;22;0.16;5,452;26,626.48;5,025;3,750;1;4.88;1;4;19.53;0;0;0;8;39.07;8;7;2;0;0;0;0;0;4;19.53;4;0;0;0;0;280;1,368.7;280;280;7;0;0;1;0;0;0;0;0;0;0;0;2;9.76;2;00:17;01:24;00:14;0;0;0;280;1.31;280;2,100;779;0;0;0;6;29.3;6;0;0;0;3 minutes;02:31;0;37%;35%;13%
picoforver;2647;0;0;0;0;3%;11;11;6;0.08;1,697;6,884.42;1,697;1,196;0;0;0;3;12.16;0;0;0;1;4.05;1;1;0.33;0;0;0;0;0;0;0;0;0;0;0;0;50;202.79;50;50;1;0;0;1;0;0;0;0;0;0;0;0;0;0;0;00:08;00:36;00:08;0;0;0;50;0.37;50;1,100;277;0;0;0;1;4.05;1;0;0;0;2 minutes;0;0;25%;0;0
praktommy;3870;0;0;0;0;6%;446;73;48;0.13;57,256;13,452.04;8,260;4,582;23;5.4;5;36;8.45;0;0;0;105;24.66;17;11;2.91;0;0;0;0;0;61;14.33;9;1;4;0;3;2,801;658.16;456;373;11;0;0;11;5;1;5;0;0;0;4;2;41;9.63;7;03:21;00:47;00:38;0;0;0;2,801;0.87;456;23,480;7,331;24;5.63;5;69;16.21;11;0;0;0;53 minutes;05:17;0;31%;39%;72%
Prey1nMantis;2494;0;0;0;14;8%;3,136;233;101;0.15;240,812;8,378.43;21,006;6,467;105;3.65;11;113;3.93;0;0;0;795;27.66;57;22;7.03;0;0;0;6;0;507;17.63;37;12;29;2;15;16,932;589.1;1,212;452;22;0;0;104;21;49;34;3;0.1;1;5;6;377;13.11;33;33:16;01:09;02:13;0;0;0;16,932;0.83;1,212;127,960;35,373;130;4.52;12;462;16.07;30;0;0;0;5 hours;01:01:19;28;27%;43%;51%
Prince_Fatman;2466;0;0;0;0;9%;85;32;32;0.23;6,283;12,678.52;2,493;2,493;3;6.05;2;6;12.1;0;0;0;11;22.19;4;4;1.83;0;0;0;1;0;10;20.17;4;0;0;0;0;319;644.68;150;150;4;0;0;2;0;1;1;0;0;0;0;0;4;8.07;3;00:24;00:50;00:12;0;0;0;319;0.88;150;2,740;890;2;4.03;1;7;14.12;3;0;0;0;6 minutes;01:36;0;32%;24%;0
Prophesizee;3087;0;0;0;1;10%;543;265;85;0.21;35,350;11,906.06;18,587;3,818;15;5.05;11;30;10.1;0;0;0;108;36.37;60;12;3.6;0;0;0;0;0;70;23.57;39;1;3;0;2;2,314;779.32;1,463;265;12;0;0;9;1;4;4;0;0;0;0;0;65;21.89;40;05:57;02:00;03:56;0;0;0;2,314;0.92;1,463;16,520;5,036;10;3.36;3;63;21.21;41;0;0;0;41 minutes;11:21;2;30%;33%;77%
redsunset7;2665;0;0;0;0;7%;70;50;19;0.12;8,157;10,715.47;5,585;2,146;5;6.56;4;10;13.13;0;0;0;26;34.15;19;7;2.6;0;0;0;0;0;13;17.07;9;0;1;0;1;694;912.12;624;250;7;0;0;3;1;0;2;0;0;0;0;0;16;21.01;13;01:08;01:30;01:00;0;0;0;694;1.19;624;5,080;984;4;5.25;2;18;23.64;16;0;0;0;9 minutes;00:20;1;19%;26%;69%
rencpee;2745;0;0;0;8;6%;5,678;211;64;0.14;627,279;12,485.45;18,314;11,326;235;4.67;12;519;10.33;0;0;0;1,293;25.73;41;19;2.49;0;0;0;6;0;646;12.85;28;25;50;2;23;28,007;557.44;1,032;445;19;0;0;154;57;41;56;10;0.19;2;5;28;583;11.6;22;01:09:56;01:23;03:28;0;0;0;28,007;0.71;1,032;354,820;87,898;108;2.14;8;770;15.32;29;0;0;0;10 hours;01:07:50;13;24%;41%;45%
RequiemZ41;3077;0;0;0;0;7%;62;62;21;0.11;8,503;17,996.36;8,503;1,795;5;10.58;5;8;16.93;0;0;0;18;38.09;18;7;2.25;0;0;0;0;0;12;25.39;12;0;0;0;0;494;1,046.1;494;194;7;0;0;1;0;1;0;0;0;0;0;0;7;14.81;7;02:38;05:35;02:38;0;0;0;494;0.9;494;5,300;847;3;6.34;3;12;25.39;12;0;0;0;9 minutes;01:30;0;15%;15%;100%
res1tvih;2599;0;0;0;1;9%;823;198;39;0.17;61,475;11,865.07;14,670;2,160;39;7.52;11;97;18.72;0;0;0;143;27.59;38;8;1.47;0;0;0;2;0;85;16.4;27;4;5;0;1;3,812;735.64;926;258;8;0;0;20;8;3;9;0;0;0;3;6;58;11.19;15;07:25;01:26;01:55;0;0;0;3,812;0.82;926;32,260;8,472;17;3.28;7;103;19.87;25;0;0;0;1 hour;04:38;0;26%;37%;15%
rm-rf_slash;2681;0;0;0;0;4%;27;21;17;0.08;3,871;8,423.98;2,130;1,524;1;2.17;1;7;15.23;0;0;0;11;23.93;8;8;1.57;0;0;0;0;0;9;19.58;6;0;0;0;0;278;605.75;228;228;8;0;0;2;0;1;1;0;0;0;0;0;5;10.88;4;00:30;01:07;00:26;0;0;0;278;0.86;228;2,320;542;1;2.17;1;9;19.58;8;0;0;0;5 minutes;01:52;0;23%;38%;0
Rohannosaurus;2580;0;0;0;1;9%;3;3;3;0.06;525;6,981.24;525;525;3;2.55;3;1;13.29;0;0;0;25;21.32;22;11;2.5;0;0;0;0;0;19;16.2;16;0;0;0;1;853;727.86;623;340;11;0;0;0;0;2;0;0;0;0;0;0;9;7.67;8;00:49;00:41;00:40;0;0;0;853;1.07;623;88;32;9;7.67;7;24;20.47;19;0;0;0;48.78960698656738 seconds;00:23;3;36%;36%;57%
Ronald_Toh95;2637;0;0;0;0;10%;194;128;42;0.2;12,201;10,074.34;6,208;2,123;4;3.3;4;14;11.55;0;0;0;38;31.37;18;8;2.71;0;0;0;0;0;19;15.68;12;1;1;0;0;1,060;874.83;513;280;8;0;0;4;1;2;1;0;0;0;3;1;8;6.6;4;00:14;00:11;00:09;0;0;0;1,060;1.1;513;7,020;1,880;8;6.6;5;26;21.46;13;0;0;0;15 minutes;02:56;2;26%;14%;0
Rundle0509;3763;0;0;0;0;5%;13;13;13;0.15;1,421;14,926.96;1,421;1,421;0;0;0;0;0;0;0;0;6;63.02;6;6;0;0;0;0;0;0;2;21;2;0;0;0;0;10;110.13;10;10;6;0;0;0;0;0;0;0;0;0;3;1;3;31.51;3;00:00;00:06;00:00;0;0;0;10;0.12;10;860;229;0;0;0;3;31.51;3;0;0;0;1 minute;0;0;26%;26%;100%
RyanAM;4121;0;0;0;0;3%;91;56;37;0.13;18,030;20,185.81;9,490;4,802;4;4.47;4;9;10.07;0;0;0;21;23.51;15;9;2.33;0;0;0;2;0;14;15.67;11;1;1;0;0;510;570.68;323;187;9;0;0;3;0;1;2;0;0;0;4;1;13;14.55;8;00:44;00:49;00:25;0;0;0;510;0.77;323;6,060;2,504;0;0;0;15;16.79;10;0;0;0;10 minutes;01:23;0;41%;49%;0
ryu-eight;3402;0;0;0;0;5%;84;78;49;0.14;9,225;8,177.47;6,755;3,734;1;0.88;1;7;6.2;0;0;0;19;16.84;18;9;2.71;0;0;0;0;0;15;13.29;15;1;1;0;0;550;487.88;477;275;9;0;0;2;0;0;1;0;0;0;0;0;6;5.31;6;00:40;00:36;00:40;0;0;0;550;0.95;477;4,720;1,474;1;0.88;1;14;12.41;12;0;0;0;9 minutes;03:31;0;31%;0;35%
S3NTINEL2001;2826;0;0;0;0;11%;42;42;29;0.14;3,169;8,229.07;3,169;1,384;0;0;0;5;12.98;0;0;0;5;12.98;5;5;1;0;0;0;0;0;3;7.78;3;0;0;0;0;67;174.34;67;67;5;0;0;1;0;0;0;0;0;0;0;0;3;7.78;3;00:25;01:06;00:25;0;0;0;67;0.23;67;1,400;355;1;2.59;1;2;5.19;2;0;0;0;4 minutes;0;0;25%;25%;0
samurainu;1885;0;0;0;12;5%;3,660;204;77;0.12;471,505;12,154.39;27,236;8,923;214;5.51;15;256;6.59;0;0;0;1,017;26.21;42;19;3.97;0;0;0;5;0;553;14.25;25;16;39;1;21;22,674;584.47;1,163;575;19;0;0;122;36;48;39;0;0;0;5;33;442;11.39;26;42:17;01:05;02:01;0;0;0;22,674;0.77;1,163;260,220;69,814;130;3.35;9;643;16.57;31;2;0;0;8 hours;01:08:23;9;26%;38%;54%
ScaredLilTaco;3412;0;0;0;1;11%;249;219;43;0.24;16,772;17,537.63;15,507;3,704;6;6.27;6;13;13.59;0;0;0;64;66.92;52;14;4.92;0;0;0;0;0;38;39.73;31;0;1;0;1;1,438;1,503.62;1,183;257;14;0;0;4;1;2;1;0;0;0;4;2;35;36.59;28;03:05;03:14;02:02;0;0;0;1,438;1.4;1,183;9,080;2,231;2;2.09;1;41;42.87;33;0;0;0;17 minutes;04:18;1;24%;25%;100%
Shadowfox55;2799;0;0;0;0;5%;85;23;23;0.11;11,365;10,631.39;4,407;3,070;4;3.74;3;4;3.74;0;0;0;30;28.06;10;10;7.5;0;0;0;0;0;18;16.83;8;1;1;0;0;881;824.14;272;221;10;0;0;2;0;1;1;0;0;0;0;0;18;16.83;7;01:55;01:47;00:46;0;0;0;881;1.17;272;6,500;1,431;6;5.61;5;23;21.51;7;0;0;0;12 minutes;00:07;0;22%;24%;43%
shadowstrixx;2873;0;0;0;5;7%;3,246;253;78;0.15;303,980;11,706.34;21,993;4,172;106;4.08;11;323;12.43;0;0;0;689;26.53;68;14;2.13;0;0;0;7;0;279;10.74;28;18;26;1;7;16,402;631.63;1,931;427;14;0;0;86;28;26;32;1;0.03;1;4;8;333;12.82;44;42:43;01:38;04:34;0;0;0;16,402;0.77;1,931;211,400;40,585;46;1.77;6;439;16.9;50;0;0;0;5 hours;25:46;16;19%;40%;28%
Sharpy776;2926;0;0;0;0;8%;251;63;54;0.19;18,851;13,179.33;4,570;3,820;6;4.19;3;15;10.48;0;0;0;45;31.46;19;16;3;0;0;0;0;0;22;15.38;8;0;1;1;1;1,103;770.89;491;491;16;0;0;4;2;1;0;0;0;0;3;1;25;17.47;8;02:16;01:35;00:48;0;0;0;1,103;0.85;491;8,920;3,061;4;2.79;2;30;20.97;11;0;0;0;21 minutes;02:12;0;34%;39%;42%
Shimada_Bros;3031;0;0;0;0;10%;308;101;51;0.15;26,274;10,289.91;7,734;3,490;18;7.04;10;23;9;0;0;0;60;23.49;23;12;2.6;0;0;0;1;0;37;14.49;13;0;3;0;2;1,340;524.84;397;324;12;0;0;8;4;1;3;0;0;0;3;2;21;8.22;15;02:40;01:02;01:09;0;0;0;1,340;0.69;397;11,540;2,906;7;2.74;3;38;14.88;14;0;0;0;32 minutes;03:43;0;25%;34%;94%
Signal_Graph;3858;0;0;0;2;6%;1,546;185;85;0.19;189,180;20,772.87;24,572;7,245;79;8.67;14;90;9.88;0;0;0;337;37;55;13;3.74;0;0;0;1;0;201;22.07;33;3;9;1;5;7,550;829.06;1,062;374;13;0;0;31;9;12;10;5;0.54;3;6;11;149;16.36;41;11:17;01:14;02:29;0;0;0;7,550;0.95;1,062;64,100;25,421;24;2.63;7;214;23.49;33;0;0;0;2 hours;28:22;0;39%;45%;56%
sloohy99;2897;0;0;0;0;6%;362;108;29;0.1;44,646;11,755.93;11,585;5,099;16;4.21;5;38;10;0;0;0;112;29.49;38;16;2.94;0;0;0;1;0;65;17.11;22;0;4;0;4;2,041;537.39;777;399;16;0;0;6;3;0;2;0;0;0;5;4;35;9.21;15;04:43;01:14;02:07;0;0;0;2,041;0.61;777;20,220;5,956;9;2.36;4;58;15.27;20;0;0;0;55 minutes;00:51;0;29%;38%;93%
Smithered;4207;0;0;0;0;4%;123;81;25;0.15;18,614;25,325.85;14,188;4,086;6;8.16;5;9;12.24;0;0;0;35;47.62;30;10;3.88;0;0;0;0;0;15;20.4;12;0;1;0;0;567;771.5;442;175;10;0;0;2;0;1;0;2;2.72;1;3;1;18;24.49;16;02:44;03:43;02:27;0;0;0;567;0.72;442;7,660;2,612;2;2.72;1;21;28.57;17;0;0;0;13 minutes;03:14;0;34%;33%;62%
SpanishK;2586;0;0;0;0;9%;309;245;56;0.19;26,320;17,214.93;17,847;3,638;13;8.5;9;26;17;0;0;0;61;39.89;42;7;2.34;0;0;0;0;0;38;24.85;27;0;2;0;1;1,917;1,253.96;1,409;343;7;0;0;4;2;1;1;0;0;0;3;1;35;22.89;28;03:15;02:07;02:44;0;0;0;1,917;1.21;1,409;9,880;3,198;13;8.5;8;52;34.01;38;0;0;0;26 minutes;01:33;0;32%;33%;68%
sparton12345;2402;0;0;0;0;5%;168;103;23;0.11;20,242;10,121.09;10,438;2,294;8;3.99;6;26;12.99;0;0;0;51;25.49;38;13;1.96;0;0;0;1;0;36;17.99;24;1;2;0;1;1,192;596.13;742;269;13;0;0;5;2;1;2;0;0;0;4;1;16;7.99;13;01:20;00:40;00:45;0;0;0;1,192;0.8;742;10,040;2,839;9;4.49;5;31;15.49;18;0;0;0;24 minutes;02:25;0;28%;34%;50%
STRATO-ARCTICA;2431;0;0;0;1;6%;642;230;48;0.14;75,442;12,702.02;18,155;3,881;33;5.55;10;61;10.27;0;0;0;177;29.8;48;10;2.9;0;0;0;3;0;119;20.03;35;3;6;0;3;4,936;831.04;1,231;376;10;0;0;20;5;7;8;0;0;0;4;3;75;12.62;20;05:19;00:53;01:24;0;0;0;4,936;1.1;1,231;28,620;9,382;40;6.73;12;126;21.21;34;0;0;0;1 hour;12:37;0;32%;34%;50%
subzilllaa;3870;0;0;0;1;8%;788;129;75;0.16;80,194;16,214.21;12,090;4,896;24;4.85;5;92;18.6;0;0;0;151;30.53;24;12;1.64;0;0;0;0;0;86;17.38;13;4;5;0;1;4,285;866.44;816;584;12;0;0;13;3;6;5;1;0.2;1;3;1;62;12.53;9;06:49;01:22;01:02;0;0;0;4,285;0.88;816;30,360;9,791;21;4.24;5;110;22.24;17;0;0;0;1 hour;13:07;0;32%;37%;15%
SugahFree;3000;0;0;0;0;6%;22;22;22;0.15;1,333;9,343.77;1,333;1,333;2;8.82;2;1;7.01;0;0;0;3;21.03;3;2;3;0;0;0;0;0;5;22.06;5;0;0;0;0;100;441.28;100;100;2;0;0;1;0;0;0;0;0;0;0;0;2;14.02;2;00:10;01:12;00:10;0;0;0;133;0.95;133;870;346;0;0;0;2;8.82;2;0;0;0;2 minutes;00:06;0;39%;0;100%
Sundezth;3000;0;0;0;0;7%;7;7;5;0.07;592;4,188.52;592;288;0;0;0;3;21.22;0;0;0;1;7.07;1;1;0.33;0;0;0;0;0;1;7.07;1;0;0;0;0;50;353.77;50;50;1;0;0;0;0;0;0;0;0;0;0;0;0;0;0;00:10;01:17;00:10;0;0;0;50;0.54;50;420;99;0;0;0;1;7.07;1;0;0;0;1 minute;0;0;23%;0;0
swagboy1235;0;0;0;0;0;3%;25;25;7;0.05;4,070;7,266.38;4,070;1,182;2;3.57;2;7;12.49;0;0;0;9;16.06;9;5;1.28;0;0;0;0;0;4;7.14;4;1;1;0;0;170;303.53;170;63;5;0;0;2;1;1;0;0;0;0;0;0;2;3.57;2;00:16;00:29;00:16;0;0;0;170;0.37;170;3,380;806;1;1.78;1;5;8.92;5;0;0;0;7 minutes;0;0;23%;0;0
SwiperThe1;4286;0;0;0;0;6%;144;110;23;0.16;15,577;15,238.76;11,274;2,344;5;4.89;5;10;9.78;0;0;0;40;39.13;37;13;4;0;0;0;0;0;22;21.52;19;0;1;0;1;665;650.47;665;336;13;0;0;4;1;1;2;0;0;0;0;0;12;11.73;11;01:04;01:03;00:47;0;0;0;665;0.75;665;7,200;2,083;3;2.93;3;21;20.54;20;0;0;0;14 minutes;03:02;0;28%;25%;73%
tarnys;4371;0;0;0;0;9%;62;58;30;0.12;3,555;5,816.35;2,620;1,173;0;0;0;6;9.81;0;0;0;6;9.81;6;4;1;0;0;0;0;0;4;6.54;4;0;1;0;0;316;517.1;316;216;4;0;0;2;1;1;1;0;0;0;0;0;1;1.63;1;00:12;00:20;00:12;0;0;0;316;0.65;316;2,200;637;2;3.27;2;8;13.08;8;0;0;0;8 minutes;0;0;28%;25%;72%
taylormade99;2551;0;0;0;5;7%;1,038;230;79;0.15;109,676;12,179.02;20,401;4,615;54;5.99;10;91;10.1;0;0;0;287;31.86;45;15;3.15;0;0;0;2;0;194;21.54;34;2;9;0;6;8,286;920.07;1,669;601;15;0;0;36;15;9;11;2;0.22;1;5;7;116;12.88;22;11:56;01:19;02:00;0;0;0;8,286;1.27;1,669;39,580;14,336;69;7.66;16;220;24.42;41;0;0;0;1 hour;34:14;0;36%;100%;69%
ThatOneSnooron;3621;0;0;0;0;4%;37;31;11;0.11;66;2,584.91;66;66;2;4.88;2;1;39.16;0;0;0;5;12.21;4;3;0.83;0;0;0;0;0;4;9.76;3;0;0;0;0;0;0;0;0;3;0;0;0;0;0;0;0;0;0;0;0;1;2.44;1;00:00;00:34;00:00;0;0;0;0;0;0;26;11;1;2.44;1;0;0;0;0;0;0;20.165825984440744 seconds;0;0;42%;36%;0
The_Bob_tw;3073;0;0;0;1;6%;142;92;26;0.14;14,388;9,735.67;6,923;1,900;3;2.02;3;17;11.5;0;0;0;32;21.65;19;7;1.88;0;0;0;0;0;21;14.2;12;0;0;0;0;925;626.15;629;200;7;0;0;0;0;0;2;1;0.67;1;3;1;12;8.11;7;01:27;00:59;00:49;0;0;0;925;0.95;629;6,060;2,142;1;0.67;1;28;18.94;19;0;0;0;5.237087995745242 seconds;00:05;0;35%;40%;30%
TheCycl3Path;3000;0;0;0;3;6%;721;141;64;0.19;82,618;21,369.73;15,091;7,157;49;12.67;10;46;11.89;0;0;0;193;49.92;49;29;4.19;0;0;0;1;0;124;32.07;27;1;4;1;2;5,337;1,380.54;1,106;559;29;0;0;13;2;9;1;0;0;0;6;9;92;23.79;26;08:14;02:08;02:31;0;0;0;5,337;1.42;1,106;27,000;10,464;30;7.75;6;137;35.43;28;0;0;0;1 hour;26:50;0;38%;41%;59%
TheeObamanation;2868;0;0;0;0;8%;51;38;20;0.1;4,919;4,780.33;3,540;1,605;2;1.94;2;11;10.68;0;0;0;6;5.83;4;2;0.54;0;0;0;0;0;2;1.94;2;1;1;0;0;50;48.58;50;50;2;0;0;1;0;0;1;0;0;0;0;0;3;2.91;3;01:11;01:09;00:43;0;0;0;50;0.1;50;3,120;636;0;0;0;3;2.91;2;0;0;0;7 minutes;0;0;20%;14%;0
Thirsty_Cat;3597;0;0;0;0;5%;94;94;25;0.17;9,020;13,206.49;9,020;2,306;5;7.32;5;5;7.32;0;0;0;22;32.21;22;9;4.4;0;0;0;0;0;13;19.03;13;1;1;0;0;504;738.34;504;213;9;0;0;2;1;1;0;0;0;0;0;0;13;19.03;13;01:13;01:47;01:13;0;0;0;504;0.95;504;5,780;1,730;5;7.32;5;14;20.49;14;0;0;0;8 minutes;00:20;0;29%;0;0
timohilde86;3478;0;0;0;10;8%;121;90;49;0.19;6,296;6,267.54;2,546;1,496;232;5.38;16;8;7.96;0;0;0;16;15.92;9;8;2;0;0;0;2;0;6;5.97;3;0;1;1;1;23,757;551.45;864;568;8;0;0;1;0;25;1;1;0.02;1;6;33;7;6.96;4;00:31;00:31;00:27;0;0;0;504;0.82;352;3,916;1,441;2;1.99;1;658;15.27;24;0;0;0;10 minutes;41:39;8;36%;32%;88%
tinysparkles;3406;0;0;0;0;7%;49;44;16;0.13;5,064;11,539.51;4,512;980;2;4.55;2;8;18.23;0;0;0;6;13.67;6;2;0.75;0;0;0;0;0;5;11.39;5;0;0;0;0;200;455.76;200;50;2;0;0;0;0;0;0;0;0;0;0;0;1;2.27;1;00:19;00:43;00:19;0;0;0;200;0.53;200;2,020;642;1;2.27;1;5;11.39;5;0;0;0;6 minutes;0;0;31%;32%;0
tomidaiki;2827;0;0;0;0;9%;1;1;1;0.03;72;1,506.66;72;72;4;6.69;4;1;21;0;0;0;11;18.42;11;9;1.57;0;0;0;0;0;5;8.37;5;0;0;0;0;253;424.26;253;250;9;0;0;0;0;0;0;0;0;0;4;1;3;5.02;3;00:36;01:01;00:35;0;0;0;28;0.89;28;62;11;2;3.34;2;6;10.04;6;0;0;0;31.268580972217023 seconds;00:58;0;17%;37%;0
TroLeQuiS_kiLLeR;3647;0;0;0;0;7%;324;89;40;0.14;33,132;10,147.18;8,353;3,093;16;4.9;6;28;8.57;0;0;0;89;27.25;30;12;3.17;0;0;0;0;0;41;12.55;11;1;3;0;2;1,431;438.14;472;190;12;0;0;8;3;2;3;0;0;0;3;1;20;6.12;6;02:00;00:37;00:52;0;0;0;1,431;0.62;472;15,540;4,410;3;0.91;2;43;13.16;15;0;0;0;38 minutes;01:22;0;28%;43%;65%
Ultimate-X23;0;0;0;0;0;2%;4;4;3;0.04;1,156;6,654.73;1,156;1,062;0;0;0;1;0.99;4;4;4;1;5.75;1;1;0.5;0;0;0;0;0;0;0;0;1;1;0;0;4,734;4,734;4,734;4,734;1;0;0;1;0;1;0;0;0;0;0;0;0;0;0;00:01;00:01;00:01;1;1;1;685;4.45;685;380;178;0;0;0;1;5.75;1;0;0;0;2 minutes;0;0;46%;46%;0
Uryu_CsP;4564;0;0;0;0;8%;31;31;23;0.15;2,047;9,543.43;2,047;1,385;0;0;0;4;18.64;0;0;0;4;18.64;4;3;1;0;0;0;0;0;3;13.98;3;0;0;0;0;23;105.87;23;23;3;0;0;1;0;0;0;0;0;0;0;0;2;9.32;2;00:18;01:27;00:18;0;0;0;23;0.11;23;1,240;346;0;0;0;1;4.66;1;0;0;0;3 minutes;0;0;27%;0;0
vansama813;0;0;0;0;0;9%;90;90;35;0.18;5,872;8,029.84;5,872;2,238;1;1.36;1;6;8.2;0;0;0;10;13.67;10;7;1.66;0;0;0;0;0;6;8.2;6;1;1;0;0;284;388.35;284;284;7;0;0;2;0;1;1;0;0;0;0;0;5;6.83;5;00:31;00:42;00:31;0;0;0;284;0.57;284;2,360;910;1;1.36;1;8;10.93;8;0;0;0;8 minutes;00:20;0;38%;0;0
VayneHelsing;2898;0;0;0;0;3%;15;12;7;0.12;1,829;13,603.38;1,340;1,340;1;1.65;1;1;7.43;0;0;0;6;44.63;4;4;6;0;0;0;0;0;4;29.75;3;1;0;0;0;264;437.84;184;80;4;0;0;0;0;0;0;0;0;0;0;0;3;22.31;2;00:05;00:41;00:04;0;0;0;189;1.55;109;1,114;378;3;4.97;2;8;13.26;6;0;0;0;2 minutes;00:36;0;33%;34%;100%
vichda;3193;0;0;0;0;7%;382;109;52;0.12;39,619;11,041.39;10,765;6,127;21;5.85;6;53;14.77;0;0;0;98;27.31;34;13;1.84;0;0;0;0;0;46;12.81;14;2;4;0;1;2,640;735.63;780;557;13;0;0;9;4;3;2;0;0;0;4;2;46;12.81;22;06:32;01:49;02:10;0;0;0;2,640;0.84;780;19,900;5,192;9;2.5;3;77;21.45;24;0;0;0;51 minutes;04:45;0;26%;26%;36%
Vince-F95Gunners;3369;0;0;0;7;6%;2,820;204;84;0.15;306,630;13,470.49;23,199;8,289;130;5.71;13;229;10.06;0;0;0;722;31.71;67;22;3.15;0;0;0;5;0;419;18.4;42;9;23;2;12;18,592;816.76;1,612;538;22;0;0;71;26;20;25;1;0.04;1;4;16;292;12.82;30;28:58;01:16;03:18;0;0;0;18,592;1;1,612;136,020;44,853;94;4.12;11;502;22.05;47;0;0;0;5 hours;41:50;1;32%;41%;52%
VoSnYb;3961;0;0;0;2;8%;321;167;57;0.23;31,294;22,584.11;16,607;4,587;13;9.38;5;21;15.15;0;0;0;52;37.52;24;11;2.47;0;0;0;1;0;36;25.98;19;0;1;0;1;1,644;1,186.66;841;527;11;0;0;5;1;3;2;0;0;0;4;1;14;10.1;9;01:39;01:11;00:55;0;0;0;1,644;1.18;841;10,800;3,607;11;7.93;7;42;30.31;20;0;0;0;23 minutes;05:21;0;33%;42%;76%
vReveelz;3589;0;0;0;2;7%;305;115;51;0.2;26,787;12,542.37;9,718;4,370;15;7.02;8;10;4.68;0;0;0;70;32.77;27;11;7;0;0;0;0;0;40;18.72;15;0;2;0;2;1,912;895.15;741;402;11;0;0;9;3;4;1;0;0;0;3;2;20;9.36;7;01:40;00:46;00:58;0;0;0;1,912;1.27;741;13,780;3,913;14;6.55;6;48;22.47;18;0;0;0;24 minutes;04:07;0;28%;31%;100%
wannchan_1208;3680;0;0;0;4;5%;1,112;173;45;0.14;145,883;15,604.75;17,443;6,367;78;8.34;11;94;10.05;0;0;0;291;31.12;46;16;3.09;0;0;0;0;0;157;16.79;27;3;9;1;6;5,986;640.35;972;532;16;0;0;28;9;14;5;3;0.32;1;4;12;89;9.52;11;07:23;00:47;00:52;0;0;0;5,986;0.76;972;67,200;19,184;26;2.78;4;174;18.61;31;0;0;0;2 hours;15:56;0;28%;35%;64%
WhiteRangerOwnz;2633;0;0;0;8;6%;2,395;104;62;0.14;271,049;14,098.01;17,547;7,099;123;6.39;14;216;11.23;0;0;0;568;29.54;41;18;2.62;0;0;0;7;0;273;14.19;24;9;19;2;9;12,792;665.32;1,098;404;18;0;0;53;17;18;18;0;0;0;6;13;270;14.04;25;27:51;01:26;02:41;0;0;0;12,792;0.78;1,098;165,020;39,802;64;3.32;6;347;18.04;30;0;0;0;4 hours;25:54;2;24%;84%;44%
WidestLowen;0;0;0;0;0;3%;13;13;11;0.08;2,491;16,651.64;2,491;1,665;0;0;0;3;20.05;0;0;0;3;20.05;3;3;1;0;0;0;0;0;1;6.68;1;0;0;0;0;5;33.42;5;5;3;0;0;0;0;0;0;0;0;0;0;0;1;6.68;1;00:11;01:13;00:11;0;0;0;5;0.03;5;1,320;332;0;0;0;2;13.36;2;0;0;0;2 minutes;0;0;25%;0;100%
xbLeU;4329;0;0;0;0;9%;86;50;27;0.33;5,755;17,887.34;4,071;2,883;2;6.21;2;3;9.32;0;0;0;14;43.51;12;11;4.66;0;0;0;0;0;8;24.86;8;0;0;0;0;300;932.42;300;300;11;0;0;1;0;0;1;0;0;0;0;0;3;9.32;3;00:16;00:51;00:09;0;0;0;300;1.18;300;2,740;895;2;6.21;2;8;24.86;8;0;0;0;4 minutes;01:24;0;32%;34%;85%
XCloud-4tlasX;2292;0;0;0;0;6%;43;43;13;0.09;5,065;8,987.09;5,065;1,708;2;3.54;2;7;12.41;0;0;0;11;19.51;11;4;1.57;0;0;0;0;0;8;14.19;8;1;1;0;0;284;503.05;284;156;4;0;0;2;1;0;1;0;0;0;0;0;2;3.54;2;00:33;00:58;00:33;0;0;0;284;0.61;284;3,640;639;4;7.09;4;8;14.19;8;0;0;0;7 minutes;0;0;17%;0;0
XenomorphKiller6;4432;0;0;0;0;10%;40;40;18;0.15;3,019;14,008.8;3,019;1,229;2;9.28;2;4;18.56;0;0;0;7;32.48;7;3;1.75;0;0;0;0;0;5;23.2;5;0;0;0;0;233;1,081.34;233;150;3;0;0;1;0;0;0;0;0;0;0;0;2;9.28;2;00:14;01:09;00:14;0;0;0;233;0.87;233;1,140;398;0;0;0;6;27.84;6;0;0;0;4 minutes;0;0;34%;0;100%
xEvery_;3596;0;0;0;0;2%;48;27;13;0.09;10,985;12,899.53;4,281;2,373;3;3.52;3;11;12.91;0;0;0;6;7.04;4;3;0.54;0;0;0;0;0;1;1.17;1;1;1;0;0;159;186.85;100;50;3;0;0;3;1;1;2;0;0;0;0;0;1;1.17;1;00:09;00:10;00:09;0;0;0;159;0.3;100;3,980;1,700;0;0;0;4;4.69;2;0;0;0;8 minutes;00:23;0;42%;36%;0
xI_Ace_Ix;4158;0;0;0;59;5%;19,525;241;85;0.12;2,427,029;12,255.61;29,950;10,947;1,032;5.21;13;1,397;7.05;0;0;0;6,799;34.33;72;34;4.86;0;0;0;23;0;3,382;17.07;36;38;198;6;154;148,651;750.63;1,825;540;34;0;0;760;297;203;260;9;0.04;2;6;201;2,972;15;39;05:49:26;01:45;05:20;0;0;0;148,651;0.96;1,825;1,075,840;338,371;487;2.45;10;4,312;21.77;53;2;0;0;42 hours;05:45:25;17;31%;52%;77%
xShotwell;3676;0;0;0;3;7%;952;132;58;0.17;94,432;12,193.9;15,410;4,802;37;4.77;9;89;11.49;0;0;0;189;24.4;31;17;2.12;0;0;0;0;0;98;12.65;14;6;8;0;2;4,886;630.89;1,049;812;17;0;0;30;4;11;14;2;0.25;1;4;2;68;8.78;15;06:35;00:51;01:42;0;0;0;4,886;0.9;1,049;35,680;12,018;14;1.8;4;129;16.65;24;0;0;0;1 hour;10:06;0;33%;52%;21%
XTheFunPolice;3609;0;0;0;0;6%;55;39;24;0.15;4,926;16,159.97;2,943;1,533;2;5.08;1;5;16.4;0;0;0;9;29.52;9;8;1.8;0;0;0;0;0;3;9.84;3;0;0;0;0;180;457.91;100;100;8;0;0;1;0;0;1;0;0;0;0;0;6;19.68;6;02:01;06:38;01:12;0;0;0;574;1.6;304;2,632;833;1;2.54;1;4;10.17;2;0;0;0;5 minutes;00:54;0;31%;0;53%
xtrickharder_esp;4148;0;0;0;0;10%;645;143;46;0.24;47,585;17,101.24;7,425;3,585;20;7.18;4;48;17.25;0;0;0;92;33.06;17;9;1.91;0;0;0;1;0;53;19.04;8;2;3;0;1;2,166;778.39;431;212;9;0;0;9;2;5;3;1;0.35;1;4;3;43;15.45;7;05:20;01:55;00:43;0;0;0;2,166;0.81;431;20,120;6,283;10;3.59;2;64;23;13;0;0;0;44 minutes;07:12;0;31%;28%;39%
XxDPROxSKILLZxX;4664;0;0;0;11;6%;2,584;341;75;0.19;275,495;16,156.68;24,107;8,983;123;7.21;12;116;6.8;0;0;0;676;39.64;62;19;5.82;0;0;0;5;0;390;22.87;35;2;17;1;14;15,972;936.66;1,979;568;19;0;0;59;12;31;16;16;0.93;3;6;21;240;14.07;20;20:50;01:13;01:52;0;0;0;15,972;1.21;1,979;120,280;37,524;63;3.69;6;439;25.74;53;0;0;0;3 hours;49:22;2;31%;43%;83%
XxFLUFFYFLASHxX;3000;0;0;0;0;5%;26;26;26;0.14;3,657;25,979.25;3,657;3,657;3;21.31;3;0;0;0;0;0;12;85.24;12;12;0;0;0;0;0;0;7;49.72;7;0;0;0;0;353;2,507.48;353;353;12;0;0;1;0;0;0;0;0;0;0;0;10;71.03;10;00:58;06:53;00:58;0;0;0;353;1.92;353;1,800;488;0;0;0;15;106.55;15;0;0;0;3 minutes;01:22;0;27%;27%;100%
YoungShimada;3380;0;0;0;1;5%;662;203;75;0.16;88,361;19,187.78;18,546;9,115;39;8.46;11;47;10.2;0;0;0;200;43.43;54;30;4.25;0;0;0;0;0;92;19.97;24;1;5;0;4;3,897;846.29;841;537;30;0;0;13;4;4;6;0;0;0;5;5;81;17.58;23;08:43;01:53;02:03;0;0;0;3,897;0.96;841;39,940;12,001;20;4.34;8;109;23.66;27;1;0;0;1 hour;18:11;7;30%;32%;79%
YUKARI_NISAN;2471;0;0;0;3;5%;643;154;43;0.12;91,251;12,875.54;17,817;4,352;51;7.19;9;73;10.3;0;0;0;202;28.5;40;15;2.76;0;0;0;1;0;122;17.21;24;2;7;0;5;5,247;740.32;1,623;328;15;0;0;27;9;11;7;0;0;0;3;5;107;15.09;26;10:48;01:31;02:29;0;0;0;5,247;1.02;1,623;39,380;12,332;25;3.52;7;146;20.6;46;0;0;0;1 hour;16:17;0;31%;31%;70%
Zcity9;2900;0;0;0;0;5%;197;89;33;0.1;26,028;12,094.96;12,595;3,006;11;5.11;6;26;12.08;0;0;0;59;27.41;26;10;2.26;0;0;0;0;0;29;13.47;15;2;2;0;1;1,298;603.03;574;220;10;0;0;3;2;0;1;0;0;0;3;1;21;9.75;13;03:21;01:33;02:01;0;0;0;1,298;0.66;574;16,340;3,707;5;2.32;3;40;18.58;17;0;0;0;32 minutes;02:40;0;22%;25%;24%
Zealousx;3334;0;0;0;0;5%;48;46;20;0.11;5,365;10,486.22;4,488;1,645;3;5.86;3;7;13.68;0;0;0;12;23.45;12;5;1.71;0;0;0;0;0;8;15.63;8;1;1;0;0;102;200.17;102;100;5;0;0;2;0;1;1;0;0;0;0;0;5;9.77;5;00:21;00:41;00:16;0;0;0;102;0.24;102;2,640;831;1;1.95;1;5;9.77;5;0;0;0;6 minutes;0;0;31%;0;0
ZeeTee_;4140;0;0;0;0;5%;80;38;29;0.12;10,495;13,313.34;4,150;2,139;3;3.8;2;11;13.95;0;0;0;25;31.71;14;6;2.27;0;0;0;0;0;14;17.75;8;0;1;0;1;751;952.69;400;300;6;0;0;3;1;1;0;0;0;0;0;0;6;7.61;4;00:35;00:45;00:21;0;0;0;751;1.16;400;4,360;1,494;3;3.8;2;18;22.83;10;0;0;0;10 minutes;00:34;0;34%;0;99%
zwordz;4050;0;0;0;0;8%;33;33;22;0.17;3,102;11,297.68;3,102;1,970;1;3.64;1;4;14.56;0;0;0;5;18.2;5;3;1.25;0;0;0;0;0;3;10.92;3;0;0;0;0;200;728.34;200;150;3;0;0;1;0;1;0;0;0;0;0;0;1;3.64;1;00:06;00:22;00:06;0;0;0;200;1.05;200;1,980;377;0;0;0;5;18.2;5;0;0;0;3 minutes;00:20;0;19%;0;0
