aaaangus;0;0;0;8%;118;40;21;0.1;23,104;13,569.23;7,786;3,628;14;8.22;0;0;0;46;27.01;19;12;3.28;33;19.38;9;0;1;0;23;13.5;8;1;2;0;1;6,140;3,605.95;2,834;1,703;45%;75%;73;12;0;0;7;3;2;2;0;0;0;0;0;19;11.15;14;03:33;02:05;02:25;6,140;5.5;2,834;2,968;1,390;3;1.76;1;0;0;0;18 minutes;03:56;0;46%;64%;11;6.46;5;58%
abra84kadabra;2388;0;4;12%;1,489;60;34;0.03;379,086;7,095.27;14,404;11,773;486;9.09;0;0;0;738;13.81;21;11;1.51;836;15.64;22;0;14;2;303;5.67;10;26;53;2;25;219,323;4,105.01;7,631;4,552;44%;100%;1,868;11;0;0;132;44;45;44;1;0.01;1;3;2;333;6.23;11;59:14;01:06;02:47;219,323;5.88;7,631;36,773;11,928;63;1.17;3;0;0;0;10 hours;09:00;43;32%;67%;113;2.11;6;47%
Actualsim;0;0;1;7%;59;38;17;0.05;13,439;8,603.01;5,752;2,262;16;10.24;0;0;0;20;12.8;12;5;1.25;22;14.08;10;0;0;0;10;6.4;5;2;2;0;0;4,555;2,916.21;2,365;1,126;50%;58%;44;5;0;0;5;3;2;1;0;0;0;0;0;11;7.04;9;01:04;00:41;00:46;4,555;4.52;2,365;2,059;806;1;0.64;1;0;0;0;16 minutes;00:22;0;39%;51%;3;1.92;2;0
aisia121;4402;0;0;10%;4;4;3;0.01;1,597;1,597.33;1,597;593;6;5.99;0;0;0;2;1.99;2;1;0.33;2;1.99;2;0;0;0;1;0.99;1;1;1;0;0;1,259;1,258.97;1,259;300;25%;25%;8;1;0;0;0;0;0;0;0;0;0;0;0;1;0.99;1;00:18;00:18;00:18;1,259;4.43;1,259;250;38;0;0;0;0;0;0;4 minutes;0;0;15%;15%;1;0.99;1;0
AkimboMistiK;4165;0;1;13%;229;97;66;0.13;27,638;13,017.78;10,366;7,556;21;9.89;0;0;0;61;28.73;25;13;2.9;51;24.02;24;0;1;0;36;16.95;15;1;2;0;1;8,075;3,803.46;4,397;1,749;48%;56%;106;13;0;0;6;3;1;2;1;0.47;1;3;1;8;3.76;4;01:50;00:51;00:46;8,075;4.9;4,397;3,796;1,653;6;2.82;3;0;0;0;27 minutes;00:41;0;43%;47%;8;3.76;4;68%
Akodak;3000;0;0;21%;490;153;69;0.16;42,675;13,642.46;16,412;4,037;30;9.59;0;0;0;118;37.72;47;11;3.93;92;29.41;46;0;2;1;58;18.54;19;1;3;0;2;13,494;4,313.82;6,625;1,604;47%;75%;192;11;0;0;9;4;2;3;5;1.59;2;0;0;44;14.06;13;04:32;01:27;01:52;13,494;4.45;6,625;6,202;2,313;15;4.79;6;0;0;0;50 minutes;03:09;0;37%;47%;30;9.59;9;75%
AllStatsDown;4102;0;0;10%;64;48;25;0.11;8,968;17,433.52;4,502;1,799;6;11.66;0;0;0;19;36.93;12;5;3.16;16;31.1;8;0;0;0;13;25.27;9;0;1;0;0;924;1,796.07;502;422;55%;66%;29;5;0;0;1;1;0;1;1;1.94;1;0;0;8;15.55;4;01:59;03:52;01:26;924;1.61;502;1,570;608;1;1.94;1;0;0;0;9 minutes;00:02;0;38%;45%;1;1.94;1;38%
angels_fan_44;0;0;0;15%;80;62;18;0.1;7,713;8,122.45;5,804;1,513;13;13.68;0;0;0;18;18.95;11;5;1.38;19;20;15;0;0;0;10;10.53;6;1;1;0;0;3,251;3,423.2;2,285;600;51%;60%;37;5;0;0;1;1;0;0;1;1.05;1;0;0;11;11.58;6;01:42;01:48;00:52;3,251;4.4;2,285;1,170;518;2;2.1;1;0;0;0;12 minutes;0;2;44%;0;3;3.15;2;0
APurplePanduh;4466;0;11;16%;2,135;254;94;0.18;299,115;18,582.93;42,675;10,563;110;6.83;0;0;0;525;32.61;67;20;4.77;381;23.67;41;0;6;5;319;19.81;43;3;16;0;13;42,705;2,653.13;4,629;2,313;46%;63%;814;20;0;0;67;18;33;17;5;0.31;3;4;4;185;11.49;31;23:20;01:27;04:30;42,705;3.62;4,629;27,435;12,877;44;2.73;7;0;0;0;3 hours;45:35;2;46%;53%;86;5.34;20;83%
Arash1994;3986;0;1;16%;269;139;54;0.12;40,708;12,581.07;17,554;5,741;20;6.18;0;0;0;78;24.1;26;13;3.9;62;19.16;23;0;0;0;44;13.59;14;1;3;0;2;10,808;3,340.28;3,807;1,990;46%;58%;132;13;0;0;13;4;4;6;3;0.92;1;0;0;20;6.18;8;01:17;00:23;00:35;10,808;5.11;3,807;3,868;1,652;7;2.16;3;0;0;0;35 minutes;02:52;7;42%;54%;11;3.39;6;69%
ATLXyphes;3256;0;0;17%;523;101;50;0.12;64,367;13,387.36;15,440;5,533;49;10.19;0;0;0;175;36.39;31;12;3.57;141;29.32;26;0;2;1;89;18.51;19;1;5;0;4;23,845;4,959.46;4,337;2,713;60%;81%;234;12;0;0;15;5;2;9;7;1.45;3;3;3;86;17.88;17;10:07;02:06;03:07;23,845;5.6;4,337;6,492;2,965;15;3.11;5;0;0;0;1 hour;11:21;0;45%;48%;32;6.65;6;87%
AustinC209x;3000;0;1;16%;177;107;30;0.14;18,499;8,389.67;10,603;2,169;17;7.7;0;0;0;42;19.04;25;8;2.47;42;19.04;22;0;0;1;23;10.43;14;1;2;0;1;6,468;2,933.54;4,417;1,436;59%;70%;71;8;0;0;8;0;3;4;0;0;0;3;1;12;5.44;9;00:39;00:17;00:15;6,468;5.15;4,417;2,716;1,065;9;4.08;5;0;0;0;20 minutes;00:35;1;39%;51%;11;4.98;7;40%
AutoBots_Kick_A;2901;0;8;13%;2,238;125;47;0.09;374,042;11,417.51;19,073;6,860;233;7.11;0;0;0;736;22.46;33;19;3.15;571;17.42;36;0;10;5;431;13.15;22;17;33;1;15;86,360;2,636.1;3,992;2,622;45%;100%;1,246;19;0;0;94;38;21;36;5;0.15;2;4;3;272;8.3;15;38:13;01:09;03:10;86,360;3.67;3,992;42,364;16,959;85;2.59;6;0;0;0;6 hours;36:13;8;40%;57%;127;3.87;7;45%
bboyer123;2553;0;0;2%;1;1;1;0;2,049;6,520.62;1,364;1,364;2;6.36;0;0;0;3;9.54;2;2;1.5;12;17.03;6;0;0;0;1;3.18;1;0;0;0;0;3,631;5,153.05;2,754;954;38%;46%;31;2;0;0;0;0;0;1;0;0;0;0;0;8;11.35;6;02:00;02:51;01:13;3,631;4.66;2,754;85;37;1;1.41;1;0;0;0;3 minutes;00:20;0;43%;0;0;0;0;64%
BEBOFLOW-PR;3689;0;0;8%;163;33;19;0.06;41,075;14,377.19;11,156;3,685;32;11.2;0;0;0;60;21;21;6;1.87;71;24.85;21;0;1;0;31;10.85;11;3;3;0;0;9,948;3,482.18;3,889;1,763;47%;77%;149;6;0;0;5;2;1;2;2;0.7;1;0;0;25;8.75;12;02:43;00:57;00:43;9,948;4.22;3,889;4,909;1,826;8;2.8;4;0;0;0;39 minutes;01:07;0;37%;45%;6;2.1;3;8%
BEN-B-en;0;0;9;10%;8,886;199;84;0.09;1,343,452;12,081.27;25,294;8,510;1,251;11.24;0;0;0;3,035;27.29;48;18;2.42;2,659;23.91;40;0;70;19;1,654;14.87;27;47;111;2;62;446,269;4,013.16;7,883;2,810;47%;100%;5,611;18;0;0;288;164;45;78;58;0.52;3;4;24;1,002;9.01;23;01:41:20;00:54;01:48;446,269;4.52;7,883;234,677;83,060;290;2.6;11;0;0;1;27 hours;01:48:04;2;35%;58%;504;4.53;14;56%
bhmazz;2534;0;0;4%;1;1;1;0.01;1,483;12,390.14;1,483;1,483;1;8.35;0;0;0;0;0;0;0;0;3;25.07;3;0;0;0;0;0;0;0;0;0;0;1,719;14,368.44;1,719;1,719;60%;60%;5;0;0;0;1;0;0;0;0;0;0;0;0;0;0;0;0;0;0;1,719;19.61;1,719;158;23;0;0;0;0;0;0;1 minute;0;2;14%;0;0;0;0;0
Black_Gast;3000;0;6;15%;840;226;54;0.14;93,043;11,102.84;16,725;5,045;59;7.04;0;0;0;250;29.83;52;12;4.23;203;24.22;44;0;6;1;156;18.61;36;2;8;0;6;32,314;3,856.05;5,758;2,418;53%;61%;383;12;0;0;31;12;6;13;5;0.59;2;3;1;104;12.41;23;11:29;01:22;03:05;32,314;5.39;5,758;11,954;5,526;46;5.48;7;0;0;2;1 hour;29:41;9;46%;71%;48;5.72;9;76%
BloodHoundHD;4088;0;0;20%;7;7;7;0.04;1,128;5,604.14;1,128;444;5;24.84;0;0;0;3;14.9;3;1;0.6;2;9.93;2;0;0;0;2;9.93;2;0;0;0;0;900;4,471.58;900;300;28%;28%;7;1;0;0;0;0;0;0;0;0;0;0;0;1;4.96;1;0;0;0;900;5.26;900;164;35;1;4.96;1;0;0;0;2 minutes;0;0;21%;0;1;4.96;1;0
Blota_Skoles;3624;0;0;2%;2;2;2;0.01;1,587;7,360.51;846;846;3;13.91;0;0;0;2;9.27;2;2;0.66;1;4.63;1;0;0;0;1;4.63;1;0;0;0;0;1,386;6,428.74;735;735;10%;20%;10;2;0;0;0;0;0;0;0;0;0;0;0;0;0;0;0;0;0;1,386;8.36;735;253;92;0;0;0;0;0;0;--;0;0;36%;0;0;0;0;30%
boJangles408;2209;0;0;17%;50;37;30;0.12;1,797;10,209.99;1,797;1,140;3;17.04;0;0;0;4;22.72;4;2;1.33;4;4.91;3;0;0;0;1;5.68;1;1;0;0;0;2,152;2,645.75;1,800;900;66%;75%;6;2;0;0;0;0;0;1;0;0;0;0;0;3;17.04;3;00:10;01:00;00:10;2,152;5.52;1,800;57;15;1;1.22;1;0;0;0;2 minutes;0;1;26%;26%;0;0;0;100%
BONBISH;3664;0;0;17%;54;35;11;0.08;7,171;8,884.47;3,895;1,955;6;7.43;0;0;0;15;18.58;10;5;2.5;15;18.58;10;0;0;0;6;7.43;5;0;1;0;1;3,767;4,666.48;2,432;1,210;51%;100%;29;5;0;0;2;1;0;0;0;0;0;0;0;3;3.71;3;00:44;00:55;00:40;3,767;6.23;2,432;879;309;1;1.23;1;0;0;0;10 minutes;00:20;0;35%;50%;1;1.23;1;92%
boneh;3996;0;2;15%;837;141;49;0.14;119,322;15,471.89;24,027;6,122;68;8.81;0;0;0;209;27.09;44;17;3.07;171;22.17;29;0;2;4;100;12.96;20;1;8;0;6;26,702;3,462.26;5,300;1,599;48%;72%;351;17;0;0;25;17;2;6;6;0.77;2;4;4;70;9.07;12;10:29;01:21;01:41;26,702;4.47;5,300;10,477;5,335;14;1.81;3;0;0;0;1 hour;10:58;0;50%;71%;35;4.53;9;81%
Buahahahaha;2770;0;0;11%;56;29;17;0.07;11,695;7,567.79;6,141;3,633;6;3.88;0;0;0;21;13.58;11;5;3.5;20;12.94;11;0;0;0;11;7.11;6;0;2;0;1;6,796;4,397.86;3,262;2,211;35%;45%;56;5;0;0;3;1;1;1;0;0;0;0;0;11;7.11;8;02:33;01:39;02:14;6,796;8.51;3,262;1,393;495;3;1.94;2;0;0;0;13 minutes;01:56;1;35%;36%;5;3.23;3;89%
bub_THe-_-Gr8;2378;0;0;10%;52;36;11;0.07;6,885;7,188.72;4,778;1,773;10;10.44;0;0;0;9;9.39;6;3;0.9;17;17.74;10;0;0;0;5;5.22;3;1;1;0;0;3,594;3,752.65;2,670;1,024;44%;100%;38;3;0;0;1;0;0;1;0;0;0;0;0;2;2.08;1;00:51;00:54;00:45;3,594;5.29;2,670;1,050;498;4;4.17;3;0;0;0;11 minutes;0;0;47%;0;1;1.04;1;0
BubbbleBasss;3060;0;0;11%;124;68;54;0.09;20,558;10,314.48;9,718;4,181;18;9.03;0;0;0;43;21.57;17;14;2.38;28;14.04;11;0;0;0;21;10.53;9;0;2;0;2;8,224;4,126.17;2,983;1,845;40%;50%;69;14;0;0;8;4;1;3;0;0;0;4;1;17;8.52;5;02:08;01:04;01:26;8,224;6.47;2,983;2,393;1,039;1;0.5;1;0;0;0;21 minutes;02:15;0;43%;49%;8;4.01;4;83%
BunnyFuufu;4078;0;1;14%;174;97;18;0.09;35,388;15,922.76;16,166;5,413;27;12.14;0;0;0;50;22.49;32;6;1.85;52;23.39;32;0;1;1;24;10.79;18;0;2;0;2;10,086;4,538.03;5,664;1,401;46%;49%;113;6;0;0;6;2;2;2;2;0.89;2;0;0;12;5.39;7;01:35;00:42;01:04;10,086;5.23;5,664;3,535;1,224;1;0.44;1;0;0;0;32 minutes;00:07;0;34%;34%;8;3.59;4;81%
buraki35;4286;0;4;13%;296;111;60;0.15;39,627;9,832.81;10,806;5,663;20;4.96;0;0;0;113;28.03;27;21;5.65;62;15.38;18;0;0;0;63;15.63;15;1;4;0;3;11,088;2,751.29;3,705;2,189;49%;57%;126;21;0;0;18;3;8;7;2;0.49;1;3;3;42;10.42;10;03:58;00:59;01:44;11,088;5.69;3,705;6,970;2,200;15;3.72;5;0;0;0;32 minutes;16:45;0;31%;0;21;5.21;6;79%
C4-from_above;3000;0;0;8%;6;6;5;0.04;551;2,691.05;551;458;1;4.88;0;0;0;2;9.77;2;2;2;3;14.65;3;0;0;0;2;9.77;2;0;0;0;0;719;3,514.19;719;719;37%;37%;8;2;0;0;0;0;0;0;0;0;0;0;0;2;9.77;2;00:05;00:27;00:05;719;5.72;719;260;68;0;0;0;0;0;0;2 minutes;0;0;26%;26%;0;0;0;100%
Cassia7;3776;0;0;2%;5;5;5;0.02;4,538;12,450.03;4,538;2,244;3;8.23;0;0;0;4;10.97;4;3;1.33;7;19.2;7;0;0;0;2;5.48;2;0;0;0;0;231;633.96;231;162;70%;70%;10;3;0;0;1;1;0;0;1;2.74;1;0;0;2;5.48;2;00:02;00:07;00:02;231;1.03;231;340;170;1;2.74;1;0;0;0;3 minutes;0;0;50%;50%;1;2.74;1;0
chaikurox;2173;0;0;3%;1;1;1;0;1,955;5,212.54;1,955;1,211;2;5.33;0;0;0;1;2.66;1;1;0.5;14;11.86;13;0;0;0;1;2.66;1;0;0;0;1;3,018;2,558.09;3,018;1,150;28%;50%;50;1;0;0;1;0;1;2;0;0;0;0;0;9;7.62;9;01:58;01:40;01:58;3,018;3.37;3,018;54;30;1;2.66;1;0;0;0;1 minute;00:02;0;55%;62%;3;2.54;3;84%
chefskywalker420;3001;0;0;21%;192;107;30;0.14;19,440;12,363.33;10,175;3,059;20;12.71;0;0;0;34;21.62;18;7;1.7;39;24.8;19;0;1;0;20;12.71;12;1;2;0;1;4,611;2,932.75;2,309;480;60%;100%;64;7;0;0;3;1;0;2;1;0.63;1;0;0;24;15.26;13;03:04;01:57;01:37;4,611;3.54;2,309;2,118;913;0;0;0;0;0;0;21 minutes;01:16;0;43%;48%;8;5.08;7;32%
Chewdle;3612;0;0;1%;5;5;3;0;9,147;9,237.87;9,147;2,658;10;10.09;0;0;0;8;8.07;8;4;0.8;9;9.08;9;0;0;0;1;1;1;1;1;0;0;600;605.95;600;300;34%;34%;26;4;0;0;2;2;0;0;0;0;0;0;0;3;3.02;3;00:36;00:36;00:36;600;0.98;600;1,394;297;1;1;1;0;0;0;10 minutes;0;0;21%;21%;2;2.01;2;0
Chimichanga49er;3611;0;2;16%;758;161;55;0.14;95,541;13,986.63;20,535;5,729;62;9.07;0;0;0;181;26.49;38;13;2.91;138;20.2;26;0;2;1;107;15.66;24;3;7;1;3;24,732;3,620.59;5,450;1,997;55%;88%;248;13;0;0;30;12;12;7;2;0.29;1;3;1;48;7.02;11;03:51;00:33;01:03;24,732;4.81;5,450;10,160;4,517;18;2.63;4;0;0;0;1 hour;09:02;1;44%;52%;33;4.83;13;40%
Chinmokunouta;3000;0;0;7%;7;4;4;0.02;2,021;4,482.05;1,261;1,261;2;4.43;0;0;0;8;17.74;8;8;4;4;8.87;4;0;0;0;3;6.65;3;0;0;0;0;2,156;4,782.44;1,856;1,856;26%;30%;15;8;0;0;1;1;0;0;0;0;0;3;1;8;17.74;8;00:27;01:01;00:27;2,156;7.17;1,856;589;92;2;4.43;2;0;0;0;5 minutes;0;0;15%;0;1;2.21;1;75%
Chuni-Byo;3534;0;0;8%;129;51;27;0.09;339;2,245.99;339;339;1;6.62;0;0;0;22;13.11;7;4;1.22;34;20.26;9;0;0;0;12;7.15;4;0;0;0;0;9,775;5,825.47;2,178;1,318;40%;56%;83;4;0;0;0;1;0;0;0;0;0;0;0;3;1.78;1;01:06;00:39;00:25;9,775;6.93;2,178;17;5;7;4.17;2;0;0;0;55.5363820400089 seconds;0;0;29%;64%;4;2.38;1;20%
colonel_klink;2248;0;0;11%;56;27;20;0.04;9,638;6,525.31;3,850;1,517;18;12.18;0;0;0;19;12.86;8;3;1.05;17;11.5;7;0;1;0;11;7.44;4;1;1;0;1;4,626;3,132.11;1,531;545;30%;43%;55;3;0;0;4;2;1;1;0;0;0;0;0;3;2.03;2;00:32;00:22;00:18;4,626;3.9;1,531;1,471;497;4;2.7;2;0;0;0;19 minutes;0;0;33%;25%;2;1.35;1;56%
CrispeChris;3343;0;3;14%;892;119;109;0.11;129,659;13,206.77;14,051;7,353;101;10.28;0;0;0;271;27.6;26;18;2.68;203;20.67;21;0;3;2;144;14.66;16;3;10;0;7;24,527;2,498.29;3,011;1,500;48%;100%;417;18;0;0;31;15;6;11;6;0.61;1;0;0;78;7.94;10;09:06;00:55;01:01;24,527;3.15;3,011;14,035;6,260;40;4.07;7;0;0;0;2 hours;15:39;5;44%;67%;34;3.46;4;66%
CW-punchL1nez;2903;0;1;13%;70;70;14;0.13;8,570;12,497.95;8,570;1,823;7;10.2;0;0;0;24;35;24;6;3.42;12;17.5;12;0;0;0;14;20.41;14;0;1;0;1;3,533;5,152.8;3,533;1,038;60%;60%;20;6;0;0;3;1;2;0;0;0;0;3;1;10;14.58;10;01:09;01:41;01:09;3,533;6.74;3,533;977;530;7;10.2;7;0;0;0;8 minutes;02:36;0;54%;0;7;10.2;7;100%
D4C-N;0;0;0;32%;33;33;16;0.11;5,437;9,889.59;5,437;2,475;6;10.91;0;0;0;4;7.27;4;2;0.66;5;9.09;5;0;0;0;2;3.63;2;1;1;0;0;1,455;2,646.14;1,455;555;38%;38%;13;2;0;0;2;1;1;1;0;0;0;0;0;0;0;0;00:00;00:00;00:00;1,455;4.96;1,455;294;103;0;0;0;0;0;0;4 minutes;0;0;35%;0;1;1.81;1;0
Dabattousai;0;0;0;20%;277;124;48;0.18;1,533;20,220.52;1,533;1,533;1;13.19;0;0;0;2;26.38;2;2;2;53;30.92;24;0;0;0;28;16.33;9;0;0;0;1;5,778;3,370.73;3,044;1,375;58%;71%;91;2;0;0;0;0;0;0;0;0;0;3;1;1;13.19;1;00:44;00:26;00:34;5,778;3.91;3,044;52;22;10;5.83;4;0;0;0;1 minute;00:50;0;42%;76%;6;3.5;4;31%
Daralys;2232;0;0;14%;1;1;1;0.03;99;1,755.05;99;99;1;17.73;0;0;0;1;17.73;1;1;1;0;0;0;0;0;0;0;0;0;0;0;0;0;120;2,127.65;120;120;0;0;1;1;0;0;0;0;0;0;0;0;0;0;0;1;17.73;1;00:07;02:05;00:07;120;4.17;120;76;7;0;0;0;0;0;0;28.773604977875948 seconds;0;0;9%;0;0;0;0;0
Dedicatus545___;2224;0;0;17%;335;119;48;0.19;36,953;18,532.81;11,122;6,629;22;11.03;0;0;0;66;33.1;26;8;3;62;31.09;17;0;0;2;45;22.56;20;1;2;1;1;8,864;4,445.61;2,499;1,516;56%;68%;109;8;0;0;6;2;1;2;1;0.5;1;0;0;20;10.03;14;01:29;00:44;00:43;8,864;5.14;2,499;4,070;1,952;8;4.01;3;0;0;0;28 minutes;06:39;0;47%;56%;10;5.01;3;42%
diegoperu2021;2470;0;0;28%;72;55;23;0.12;5,503;8,297.35;2,944;1,027;12;18.09;0;0;0;9;13.56;5;2;0.75;18;27.13;11;0;1;0;4;6.03;3;1;1;0;0;4,316;6,507.2;2,891;874;54%;68%;33;2;0;0;2;1;0;1;1;1.5;1;0;0;3;4.52;2;00:38;00:57;00:28;4,316;7.23;2,891;642;254;0;0;0;0;0;0;9 minutes;0;0;39%;0;0;0;0;0
DigitalNex;3853;0;0;6%;24;24;16;0.08;4,153;7,405.21;4,153;2,271;4;7.13;0;0;0;7;12.48;7;4;1.75;7;12.48;7;0;0;0;3;5.34;3;1;1;0;0;996;1,775.92;996;396;43%;43%;16;4;0;0;1;1;0;1;0;0;0;0;0;0;0;0;00:19;00:34;00:19;996;3.49;996;1,050;353;0;0;0;0;0;0;4 minutes;0;3;33%;33%;1;1.78;1;0
Divinity-X-;4116;0;1;11%;289;79;76;0.08;54,852;11,026.62;11,564;4,209;46;9.24;0;0;0;97;19.49;24;19;2.1;97;19.49;20;0;3;1;64;12.86;16;2;5;0;2;18,630;3,745.12;3,579;2,589;54%;72%;178;19;0;0;15;10;1;4;3;0.6;2;3;1;28;5.62;7;04:10;00:50;01:17;18,630;5.54;3,579;6,026;2,525;13;2.61;6;0;0;0;55 minutes;07:39;0;41%;62%;14;2.81;5;44%
DramaticMango;2345;0;0;24%;10;7;7;0.11;576;4,538.95;306;306;2;15.76;0;0;0;0;0;0;0;0;2;15.76;1;0;0;0;0;0;0;0;0;0;0;0;0;0;0;66%;100%;3;0;0;0;1;0;0;0;0;0;0;0;0;0;0;0;0;0;0;0;0;0;132;41;0;0;0;0;0;0;1 minute;0;0;31%;26%;0;0;0;0
Drew_MK;3016;0;2;19%;446;195;59;0.17;38,734;12,911.49;15,634;4,343;23;7.66;0;0;0;96;32;36;10;4.17;77;25.66;28;0;1;1;64;21.33;26;0;3;1;2;7,108;2,369.33;2,867;1,537;55%;66%;138;10;0;0;15;8;5;2;4;1.33;2;0;0;46;15.33;21;03:50;01:16;02:00;7,108;2.86;2,867;5,517;2,303;14;4.66;7;0;0;0;41 minutes;08:13;0;41%;47%;14;4.66;6;66%
drewsausage;3063;0;0;14%;16;16;8;0.16;1,410;5,008.79;1,410;741;3;10.66;0;0;0;1;3.55;1;1;0.33;2;7.1;2;0;0;0;0;0;0;0;0;0;0;546;1,940.83;546;546;33%;33%;6;1;0;0;1;1;0;0;0;0;0;0;0;1;3.55;1;00:00;00:02;00:00;546;5.69;546;189;112;0;0;0;0;0;0;1 minute;0;0;59%;59%;0;0;0;0
DrSax12;2434;0;1;18%;111;57;32;0.14;9,177;6,825.45;5,104;2,246;11;8.18;0;0;0;24;17.85;12;10;2.18;25;18.59;14;0;0;0;12;8.92;7;1;1;0;1;2,986;2,221.05;2,298;1,200;58%;66%;43;10;0;0;6;1;2;3;2;1.48;2;0;0;11;8.18;6;01:40;01:14;01:05;2,986;3.85;2,298;1,978;591;2;1.48;1;0;0;0;12 minutes;01:51;2;29%;30%;2;1.48;2;52%
eastcoastrider71;2268;0;0;10%;3;3;3;0.04;215;3,408.8;215;215;2;31.7;0;0;0;0;0;0;0;0;0;0;0;0;0;0;0;0;0;0;0;0;0;0;0;0;0;0;0;3;0;0;0;0;0;0;0;0;0;0;0;0;0;0;0;00:06;01:38;00:06;0;0;0;102;30;0;0;0;0;0;0;1 minute;0;0;29%;0;0;0;0;0
ecotaku;2368;0;4;16%;4,664;164;67;0.09;711,263;11,525.26;19,147;8,583;595;9.64;0;0;0;1,402;22.71;42;20;2.35;1,315;21.3;33;0;16;12;781;12.65;27;32;62;4;26;215,153;3,486.32;7,358;2,240;48%;100%;2,691;20;0;0;152;70;28;54;21;0.34;2;3;7;421;6.82;16;46:48;00:45;01:48;215,153;4.51;7,358;67,128;27,855;198;3.2;7;0;0;1;13 hours;59:10;6;41%;88%;249;4.03;9;41%
elchinolatino;3219;0;0;16%;30;30;27;0.13;1,537;6,482.92;1,537;957;5;21.08;0;0;0;6;25.29;6;3;1.2;5;21.08;5;0;0;0;3;12.64;3;0;0;0;0;300;1,264.99;300;300;41%;41%;12;3;0;0;1;0;0;0;1;4.21;1;0;0;1;4.21;1;00:10;00:45;00:10;300;1.32;300;850;184;0;0;0;0;0;0;3 minutes;00:44;0;21%;0;1;4.21;1;100%
elcoolnino;2685;0;1;9%;155;63;29;0.08;22,072;10,398.82;10,144;3,820;29;13.66;0;0;0;43;20.25;16;9;1.48;56;26.38;20;0;0;0;23;10.83;8;2;2;0;0;10,397;4,898.59;3,675;2,025;50%;59%;112;9;0;0;6;3;1;2;0;0;0;0;0;17;8;10;02:31;01:11;01:49;10,397;5.49;3,675;4,483;1,594;5;2.35;2;0;0;0;31 minutes;01:40;0;35%;34%;1;0.47;1;18%
eliteboy_1da;3496;0;0;5%;1;1;1;0;1,202;12,958.09;820;820;2;21.56;0;0;0;3;32.34;2;2;1.5;104;16.11;14;0;1;0;1;10.78;1;0;0;0;0;20,538;3,182.47;2,754;1,819;47%;68%;218;2;0;0;0;0;0;0;3;0.46;1;0;0;1;10.78;1;00:06;01:05;00:06;20,538;4.51;2,754;42;19;14;2.16;3;0;0;0;1 minute;09:03;0;45%;41%;15;2.32;6;6%
emzy456;0;0;1;7%;27;27;27;0.1;4,105;5,120.27;4,105;4,105;0;0;0;0;0;16;19.95;16;16;0;11;13.72;11;0;0;0;11;13.72;11;0;1;0;1;2,392;2,983.7;2,392;2,392;64%;64%;17;16;0;0;4;1;2;1;1;1.24;1;0;0;5;6.23;5;00:27;00:34;00:27;2,392;9.42;2,392;613;384;2;2.49;2;0;0;0;4 minutes;03:02;0;62%;0;3;3.74;3;100%
Erenksk9;4169;0;4;12%;753;151;42;0.12;108,113;13,002.38;16,033;7,521;85;10.22;0;0;0;272;32.71;42;16;3.2;175;21.04;26;0;3;0;134;16.11;19;2;8;0;7;33,898;4,076.8;3,799;2,020;45%;66%;382;16;0;0;34;12;9;13;0;0;0;4;1;104;12.5;17;09:35;01:09;01:41;33,898;5.5;3,799;18,068;5,872;25;3;4;0;0;0;1 hour;16:18;0;32%;81%;56;6.73;11;79%
Evilduck1903;2386;0;0;21%;84;40;37;0.2;6,082;8,845.82;3,104;2,775;6;8.72;0;0;0;8;11.63;5;3;1.33;11;15.99;6;0;0;0;6;8.72;4;1;1;0;0;2,503;3,639.71;1,699;1,699;45%;60%;24;3;0;0;3;1;1;1;1;1.45;1;0;0;4;5.81;3;00:31;00:46;00:24;2,503;6.15;1,699;1,010;395;0;0;0;0;0;0;6 minutes;0;0;39%;40%;1;1.45;1;0
Fade_BR;0;0;2;12%;723;144;36;0.13;69,150;8,407.64;12,622;4,896;78;9.48;0;0;0;162;19.69;33;11;2.07;160;19.45;32;0;1;0;84;10.21;14;4;8;2;3;26,943;3,275.82;4,992;1,657;55%;100%;290;11;0;0;17;7;2;8;0;0;0;3;1;94;11.42;20;12:22;01:30;03:24;26,943;4.94;4,992;16,919;5,655;14;1.7;5;0;0;2;1 hour;03:51;5;33%;43%;33;4.01;12;35%
Fairystinky;1991;0;0;2%;1;1;1;0.01;565;7,187.1;565;565;1;12.71;0;0;0;1;12.71;1;1;1;1;0;1;0;0;0;0;0;0;0;0;0;0;213;0;213;213;33%;33%;3;1;0;0;0;0;0;0;0;0;0;0;0;0;0;0;00:00;0;00:00;213;3.08;213;23;9;0;0;0;0;0;0;1 minute;0;0;39%;39%;0;0;0;0
FastAsDux;2097;0;0;7%;28;28;16;0.07;4,114;7,245.18;4,114;2,395;4;7.04;0;0;0;8;14.09;8;7;2;12;21.13;12;0;0;0;3;5.28;3;1;1;0;0;1,922;3,386.08;1,922;1,471;63%;63%;19;7;0;0;2;2;0;0;0;0;0;0;0;1;1.76;1;01:04;01:53;01:04;1,922;4.9;1,922;1,258;379;1;1.76;1;0;0;0;6 minutes;0;0;30%;0;1;1.76;1;0
FeaRisSiKK;3000;0;0;13%;72;72;29;0.1;13,590;13,589.71;13,590;3,882;7;7;0;0;0;38;38;38;12;5.42;26;26;26;0;0;0;18;18;18;0;1;0;1;1,907;1,907.18;1,907;748;53%;53%;49;12;0;0;3;1;2;0;1;1;1;4;1;12;12;12;01:05;01:05;01:05;1,907;2.83;1,907;1,166;516;1;1;1;0;0;0;11 minutes;02:10;0;44%;44%;10;10;10;100%
Flown_Jebus;4144;0;1;16%;278;95;81;0.16;29,014;9,807.88;9,988;6,819;19;6.42;0;0;0;66;22.31;22;13;3.47;56;18.93;18;0;0;0;45;15.21;16;1;3;1;1;8,462;2,860.41;3,354;1,802;58%;100%;96;13;0;0;7;1;2;4;4;1.35;2;0;0;25;8.45;9;03:23;01:08;01:23;8,462;5.09;3,354;3,333;1,711;14;4.73;5;0;0;0;27 minutes;11:13;0;51%;54%;8;2.7;3;26%
FlyNameHere;2199;0;0;4%;3;2;1;0;1,015;2,128.6;643;357;5;10.48;0;0;0;4;8.38;3;2;0.8;1;2.09;1;0;0;0;1;2.09;1;0;0;0;0;1,368;2,868.73;1,068;300;16%;16%;6;2;0;0;1;0;0;0;0;0;0;0;0;3;6.28;2;00:09;00:19;00:09;1,368;4.17;1,068;544;67;0;0;0;0;0;0;5 minutes;0;0;12%;11%;0;0;0;0
forrestsmith2;3084;0;8;16%;1,866;204;71;0.14;257,149;14,072.66;17,962;8,238;165;9.02;0;0;0;501;27.41;43;16;3.03;391;21.39;32;0;3;2;271;14.83;26;8;18;0;10;42,773;2,340.79;5,350;1,578;50%;100%;777;16;0;0;56;14;20;21;20;1.09;4;3;4;181;9.9;14;19:47;01:04;02:11;42,773;3.34;5,350;24,640;11,339;54;2.95;9;0;0;0;3 hours;35:29;0;46%;56%;53;2.9;6;56%
fructoseghost;2909;0;0;16%;35;25;11;0.12;1,810;5,867.87;867;426;7;22.68;0;0;0;1;3.24;1;1;0.14;8;25.93;3;0;0;0;1;3.24;1;0;0;0;0;1,462;4,738.46;900;600;53%;100%;15;1;0;0;0;0;0;0;0;0;0;0;0;0;0;0;00:29;01:35;00:19;1,462;5.16;900;926;218;0;0;0;0;0;0;4 minutes;0;0;23%;29%;0;0;0;34%
FvsNeLL;3798;0;4;14%;1,219;140;74;0.15;156,747;13,784.86;21,188;9,219;75;6.59;0;0;0;327;28.75;38;21;4.36;235;20.66;23;0;4;2;185;16.26;22;2;11;0;9;41,467;3,646.71;4,087;1,734;52%;80%;447;21;0;0;42;13;18;11;7;0.61;2;3;1;104;9.14;14;11:32;01:00;01:37;41,467;5.36;4,087;21,715;8,566;29;2.55;6;0;0;0;2 hours;24:07;0;39%;58%;47;4.13;11;80%
G1ng3rsHOT;2881;0;1;15%;85;85;24;0.1;9,352;9,352.34;9,352;2,990;9;9;0;0;0;28;28;28;10;3.11;28;28;28;0;0;0;22;22;22;1;1;0;0;6,247;6,247.28;6,247;2,300;65%;65%;43;10;0;0;4;0;2;2;3;3;3;0;0;5;5;5;00:32;00:32;00:32;6,247;7.36;6,247;1,388;561;4;4;4;0;0;0;14 minutes;03:21;6;40%;40%;1;1;1;0
games3_112;2604;0;4;11%;458;134;57;0.11;68,048;14,757.48;11,958;7,798;19;4.12;0;0;0;180;39.03;37;18;9.47;139;30.14;27;0;1;0;100;21.68;23;1;5;0;3;19,461;4,220.55;4,356;2,483;47%;55%;295;18;0;0;18;6;7;5;12;2.6;5;3;2;73;15.83;19;08:08;01:45;02:32;19,461;4.68;4,356;10,034;4,047;23;4.98;7;0;0;0;1 hour;14:55;3;40%;52%;17;3.68;4;75%
Gandalion;3514;0;0;24%;34;29;17;0.11;2,335;7,507.39;1,663;1,663;5;16.07;0;0;0;4;12.86;3;1;0.8;7;22.5;3;0;0;0;2;6.43;2;0;0;0;0;2,051;6,595.52;1,151;1,151;35%;100%;20;1;0;0;1;0;0;0;0;0;0;0;0;2;6.43;2;00:34;01:49;00:18;2,051;7.03;1,151;879;139;1;3.21;1;0;0;0;4 minutes;0;0;15%;0;0;0;0;35%
GatorChow;2397;0;0;7%;22;11;9;0.05;2,395;3,183.99;1,513;609;8;10.63;0;0;0;5;6.64;2;1;0.62;8;10.63;4;0;0;0;4;5.31;2;0;1;0;0;2,543;3,381.06;1,129;829;53%;66%;15;1;0;0;1;0;0;1;0;0;0;0;0;3;3.98;2;00:10;00:13;00:09;2,543;6.54;1,129;383;282;2;2.65;1;0;0;0;6 minutes;0;0;73%;97%;0;0;0;0
ginko_503;2360;0;0;11%;24;19;16;0.05;4,764;10,093.49;3,136;1,917;6;12.71;0;0;0;4;8.47;4;2;0.66;11;23.3;7;0;0;0;3;6.35;3;0;0;0;0;2,789;5,909.18;1,642;597;45%;46%;24;2;0;0;1;0;0;0;0;0;0;0;0;2;4.23;2;00:07;00:16;00:04;2,789;6.55;1,642;535;209;0;0;0;0;0;0;7 minutes;0;0;39%;0;1;2.11;1;0
GodzillavsMuto;2555;0;0;12%;44;44;29;0.08;7,540;9,247.98;7,540;2,257;6;7.35;0;0;0;14;17.17;14;11;2.33;17;20.84;17;0;0;0;8;9.81;8;1;1;0;0;2,860;3,507.12;2,860;1,149;56%;56%;30;11;0;0;0;0;0;0;0;0;0;0;0;10;12.26;10;00:57;01:10;00:57;2,860;5.67;2,860;878;361;2;2.45;2;0;0;0;8 minutes;0;0;41%;0;3;3.67;3;0
GoldenBullet20;4406;0;0;15%;241;141;60;0.14;27,751;14,179.93;11,359;4,106;22;11.24;0;0;0;57;29.12;33;11;2.59;42;21.46;22;0;1;0;30;15.32;17;1;2;0;1;7,189;3,673.56;3,287;1,061;47%;75%;88;11;0;0;7;3;0;3;2;1.02;2;0;0;18;9.19;11;00:47;00:24;00:26;7,189;4.25;3,287;3,212;1,544;5;2.55;2;0;0;0;28 minutes;05:20;0;48%;52%;14;7.15;11;60%
GoMu___;4214;0;0;7%;17;9;8;0.04;5,044;11,418.12;3,134;1,698;5;11.31;0;0;0;6;13.58;5;4;1.2;5;11.31;4;0;0;0;3;6.79;2;0;0;0;0;2,625;5,943.03;1,920;1,043;31%;33%;16;4;0;0;1;0;1;0;1;2.26;1;0;0;2;4.52;2;00:24;00:56;00:21;2,625;7.49;1,920;571;237;2;4.52;1;0;0;0;5 minutes;0;2;41%;56%;1;2.26;1;0
GuardiaoDaGalaxy;3630;0;2;11%;559;132;56;0.09;70,532;8,738.76;11,186;5,168;68;8.42;0;0;0;211;26.14;33;13;3.1;163;20.19;29;0;1;1;121;14.99;20;1;8;0;7;41,988;5,202.22;6,477;1,760;52%;76%;309;13;0;0;22;8;2;12;12;1.48;3;0;0;72;8.92;20;12:28;01:32;02:43;41,988;6.89;6,477;13,689;4,720;33;4.08;8;0;0;0;1 hour;12:48;1;34%;47%;27;3.34;5;90%
helio_doll;2609;0;0;7%;26;26;12;0.07;4,842;11,389.84;4,842;2,163;4;9.4;0;0;0;10;23.52;10;4;2.5;5;11.76;5;0;0;0;7;16.46;7;0;0;0;0;2,138;5,029.19;2,138;1,233;35%;35%;14;4;0;0;2;1;0;1;1;2.35;1;0;0;7;16.46;7;00:46;01:48;00:46;2,138;6.32;2,138;1,218;371;3;7.05;3;0;0;0;5 minutes;00:20;0;30%;30%;2;4.7;2;0
Highlander_scott;4077;0;1;23%;249;198;46;0.19;402;10,938.89;402;402;1;27.21;0;0;0;1;27.21;1;1;1;36;20.39;24;0;0;1;24;13.59;18;0;0;0;1;5,928;3,358.21;3,719;1,056;53%;60%;67;1;0;0;0;0;0;1;1;0.56;1;0;0;6;3.39;6;00:01;00:35;00:01;5,928;4.65;3,719;17;6;4;2.26;4;0;0;0;34.04602202773094 seconds;02:07;0;35%;49%;6;3.39;5;56%
hiijle;2704;0;18;13%;7,411;206;60;0.09;900,499;8,751.58;17,976;7,068;840;8.16;0;0;0;2,008;19.51;43;15;2.39;1,792;17.41;36;0;13;14;1,090;10.59;26;54;103;7;41;497,446;4,834.48;10,189;3,310;44%;100%;4,056;15;0;0;253;124;38;91;122;1.18;4;4;8;790;7.67;22;02:21:53;01:22;04:52;497,446;6.39;10,189;142,593;55,405;265;2.57;7;0;0;0;21 hours;01:00:54;18;38%;68%;286;2.77;8;40%
honoto-1104;2613;0;0;8%;3;3;3;0.03;279;3,051.53;279;270;2;21.86;0;0;0;0;0;0;0;0;0;0;0;0;0;0;0;0;0;0;0;0;0;473;5,166.2;473;473;0;0;3;0;0;0;0;0;0;0;0;0;0;0;0;0;0;0;0;0;0;473;6.16;473;203;35;0;0;0;0;0;0;1 minute;0;0;17%;0;0;0;0;0
hourai127;2224;0;0;1%;5;5;3;0.01;4,070;9,695.83;4,070;1,163;6;14.29;0;0;0;6;14.29;6;2;1;4;9.52;4;0;0;0;1;2.38;1;0;0;0;0;887;2,113.56;887;520;28%;28%;14;2;0;0;0;0;0;0;0;0;0;0;0;2;4.76;2;00:30;01:13;00:30;887;2.13;887;2,553;464;0;0;0;0;0;0;6 minutes;0;0;18%;0;0;0;0;9%
I_Only_AWP_B;4233;0;0;8%;42;28;15;0.08;745;12,447.72;745;605;1;16.7;0;0;0;13;15.61;12;6;2.16;11;13.21;7;0;0;0;4;4.8;4;0;0;0;0;3,122;3,750.2;2,125;970;39%;66%;28;6;0;0;0;0;0;0;1;1.2;1;0;0;3;3.6;3;00:37;00:44;00:37;3,122;5.96;2,125;19;11;0;0;0;0;0;0;51.51390701998025 seconds;0;0;57%;55%;2;2.4;2;100%
IHateUddesd;0;0;0;16%;47;35;22;0.11;4,955;7,054.52;3,329;1,639;5;7.11;0;0;0;11;15.65;11;7;2.2;11;15.65;8;0;0;0;6;8.54;6;0;1;0;0;3,009;4,284.11;1,806;1,128;52%;57%;21;7;0;0;2;0;0;2;1;1.42;1;0;0;0;0;0;00:06;00:09;00:06;3,009;7.05;1,806;540;291;3;4.27;3;0;0;0;7 minutes;0;0;53%;63%;4;5.69;4;0%
iMightyElephant;3519;0;0;4%;31;30;14;0.03;17,041;19,016.45;13,415;3,426;12;13.39;0;0;0;12;13.39;10;3;1;12;13.39;11;0;0;0;7;7.81;5;1;1;0;0;3,283;3,663.19;1,797;1,485;23%;25%;52;3;0;0;2;1;0;1;0;0;0;0;0;6;6.69;5;01:07;01:15;00:52;3,283;3.69;1,797;1,359;693;0;0;0;0;0;0;14 minutes;0;0;50%;0;3;3.34;2;0
Inny21;3251;0;0;2%;2;2;2;0.01;892;4,686.8;892;765;2;10.51;0;0;0;2;10.51;2;2;1;5;26.27;5;0;0;0;1;5.25;1;0;0;0;0;773;4,061.14;773;773;62%;62%;8;2;0;0;0;0;0;0;0;0;0;0;0;1;5.25;1;00:07;00:36;00:07;773;6.46;773;251;89;0;0;0;0;0;0;1 minute;0;0;35%;35%;0;0;0;0
ioReactz;3794;0;4;16%;1,417;167;60;0.13;144,821;11,812.48;12,262;4,580;124;10.11;0;0;0;368;30.01;44;12;2.96;316;25.77;35;0;10;2;212;17.29;21;3;12;0;9;38,382;3,130.64;3,252;1,971;57%;100%;545;12;0;0;39;20;8;11;1;0.08;1;3;2;93;7.58;12;12:06;00:59;01:08;38,382;3.71;3,252;16,722;8,663;36;2.93;5;0;0;0;2 hours;16:43;0;51%;68%;42;3.42;9;70%
iqbalhaikal55;2906;0;0;11%;14;14;9;0.08;4,747;27,444.44;4,747;3,306;3;17.34;0;0;0;1;5.78;1;1;0.33;6;34.69;6;0;0;0;1;5.78;1;0;0;0;0;606;3,505.77;606;300;75%;75%;8;1;0;0;1;0;0;0;0;0;0;0;0;0;0;0;00:04;00:27;00:04;606;3.56;606;376;124;1;5.78;1;0;0;0;2 minutes;0;0;32%;0;0;0;0;0
IRaTuSz;4631;0;2;18%;294;95;43;0.1;35,746;9,622.99;7,691;3,600;29;7.8;0;0;0;109;29.34;29;12;3.75;65;17.49;15;0;0;0;61;16.42;15;0;4;0;4;11,850;3,190.12;4,039;2,449;38%;60%;169;12;0;0;12;6;3;3;4;1.07;2;4;2;18;4.84;8;01:08;00:18;00:17;11,850;4.43;4,039;4,235;1,629;10;2.69;5;0;0;0;44 minutes;06:31;0;38%;46%;15;4.03;4;100%
itsDiety;3957;0;0;18%;43;43;19;0.17;3,758;12,040.02;3,758;1,619;5;16.01;0;0;0;5;16.01;5;3;1;7;22.42;7;0;0;0;4;12.81;4;0;0;0;0;1,980;6,343.5;1,980;860;41%;41%;17;3;0;0;1;1;0;0;0;0;0;0;0;2;6.4;2;00:21;01:07;00:21;1,980;8.28;1,980;490;236;2;6.4;2;0;0;0;3 minutes;00:04;0;48%;0;1;3.2;1;100%
ItsRaiyu;4385;0;1;12%;314;90;43;0.15;52,533;18,676.96;19,332;6,224;23;8.17;0;0;0;83;29.5;27;10;3.6;67;23.82;21;0;2;3;54;19.19;17;0;3;0;2;11,130;3,956.83;3,743;1,021;46%;52%;143;10;0;0;9;4;1;4;5;1.77;3;0;0;19;6.75;7;02:25;00:51;00:41;11,130;5.38;3,743;5,085;2,430;19;6.75;7;0;0;0;34 minutes;06:58;0;47%;43%;20;7.11;8;88%
Jack_of_Spades13;3322;0;18;15%;2,396;183;72;0.12;337,750;13,485.01;21,438;9,318;145;5.78;0;0;0;827;33.01;62;30;5.7;584;23.31;42;0;7;8;505;20.16;36;10;25;0;15;92,948;3,711.03;9,280;2,315;49%;69%;1,190;30;0;0;93;37;43;14;13;0.51;2;3;4;302;12.05;29;26:35;01:03;01:57;92,948;4.86;9,280;39,620;15,729;109;4.35;11;0;0;0;5 hours;01:12:54;0;39%;54%;132;5.27;10;61%
JDG-191;3064;0;0;12%;90;67;22;0.12;9,784;12,762.91;6,379;1,457;9;11.73;0;0;0;22;28.69;16;5;2.44;17;22.17;11;0;1;1;13;16.95;10;0;1;0;0;2,757;3,595.91;2,490;700;43%;54%;39;5;0;0;2;1;0;1;0;0;0;0;0;12;15.65;11;01:18;01:42;01:17;2,757;3.8;2,490;1,542;709;4;5.21;3;0;0;0;12 minutes;01:13;0;45%;61%;3;3.91;2;56%
JDiego2199;2304;0;4;17%;1,950;273;100;0.13;178,721;9,450.4;19,149;5,308;175;9.25;0;0;0;399;21.09;45;13;2.27;333;17.6;36;0;8;1;185;9.78;20;11;19;0;8;94,067;4,974.06;8,917;3,178;54%;73%;608;13;0;0;69;26;11;31;18;0.95;3;3;2;221;11.68;34;30:11;01:35;04:22;94,067;6.46;8,917;34,158;11,048;32;1.69;6;0;0;0;4 hours;20:18;2;32%;43%;63;3.33;10;44%
Jerfis1084;2563;0;0;8%;9;9;5;0.04;3,660;16,038.9;3,660;1,048;4;17.52;0;0;0;6;26.29;6;5;1.5;3;13.14;3;0;0;0;2;8.76;2;0;0;0;0;1,025;4,491.23;1,025;485;50%;50%;6;5;0;0;1;0;0;0;0;0;0;0;0;6;26.29;6;00:28;02:07;00:28;1,025;4.65;1,025;315;103;0;0;0;0;0;0;3 minutes;0;0;32%;0;0;0;0;100%
Jikkle;2308;0;0;19%;10;10;10;0.14;475;2,189.34;475;475;1;4.61;0;0;0;0;0;0;0;0;1;4.61;1;0;0;0;0;0;0;0;0;0;0;578;2,665.41;578;578;50%;50%;2;0;0;0;1;0;0;0;0;0;0;0;0;0;0;0;00:07;00:32;00:07;578;8.46;578;130;51;0;0;0;0;0;0;1 minute;0;0;39%;39%;0;0;0;0
jimmy_beautiful;2518;0;0;16%;60;60;20;0.11;4,082;5,990.76;4,082;787;8;11.73;0;0;0;8;11.73;8;3;1;14;20.54;14;0;0;0;5;7.33;5;1;1;0;0;4,105;6,024.2;4,105;1,200;43%;43%;32;3;0;0;1;0;0;1;0;0;0;0;0;2;2.93;2;00:24;00:35;00:24;4,105;8.13;4,105;1,500;370;0;0;0;0;0;0;8 minutes;0;0;24%;0;1;1.46;1;0
JOKERFIRST15;4311;0;1;19%;70;41;29;0.17;9,278;11,850.62;6,761;5,458;3;3.83;0;0;0;15;19.15;11;11;5;10;12.77;5;0;0;0;10;12.77;7;1;1;0;0;3,702;4,728.09;2,560;1,371;38%;41%;26;11;0;0;3;0;3;0;0;0;0;0;0;0;0;0;0;0;0;3,702;9.31;2,560;855;364;2;2.55;1;0;0;0;6 minutes;00:44;0;42%;50%;1;1.27;1;34%
JonXSly;2840;0;0;7%;64;58;23;0.06;20,184;18,609.57;19,756;4,900;14;12.9;0;0;0;29;26.73;28;6;2.07;20;18.43;19;0;0;0;15;13.82;14;0;1;0;1;6,640;6,122.25;6,040;1,236;48%;50%;41;6;0;0;4;0;1;3;0;0;0;0;0;15;13.82;14;02:19;02:08;02:13;6,640;6.63;6,040;3,001;843;3;2.76;3;0;0;0;16 minutes;00:42;0;28%;28%;4;3.68;4;92%
jumpmanfrank094;2821;0;1;16%;315;101;47;0.17;27,985;10,364.04;7,263;3,317;22;8.14;0;0;0;64;23.7;39;16;2.9;50;18.51;17;0;1;0;31;11.48;15;1;3;0;2;12,403;4,593.2;3,143;1,417;40%;66%;125;16;0;0;7;2;2;3;0;0;0;3;3;24;8.88;18;03:02;01:07;01:28;12,403;6.85;3,143;4,948;1,953;2;0.74;2;0;0;0;30 minutes;04:04;0;39%;43%;7;2.59;6;63%
kashibe01;0;0;0;21%;30;30;22;0.12;2,534;10,759.41;2,534;1,150;5;21.23;0;0;0;3;12.73;3;2;0.6;6;25.47;6;0;1;0;2;8.49;2;0;0;0;0;1,339;5,686.65;1,339;775;54%;54%;11;2;0;0;1;0;0;0;0;0;0;0;0;0;0;0;00:04;00:19;00:04;1,339;5.65;1,339;275;137;0;0;0;0;0;0;3 minutes;0;0;49%;0;0;0;0;0
katsuya3;2206;0;0;15%;60;57;19;0.07;10,756;11,885.51;7,835;2,547;13;14.36;0;0;0;17;18.78;13;7;1.3;22;24.31;16;0;0;0;9;9.94;7;1;1;0;0;4,642;5,129.21;3,058;1,450;52%;55%;42;7;0;0;2;1;2;0;0;0;0;0;0;5;5.52;5;01:12;01:20;00:34;4,642;5.63;3,058;1,016;395;2;2.21;2;0;0;0;13 minutes;0;0;38%;39%;1;1.1;1;14%
Kiba_Zack;3172;0;1;25%;258;192;48;0.2;16,432;13,729.69;11,719;3,064;17;14.2;0;0;0;50;41.77;44;14;2.94;42;35.09;33;0;1;2;25;20.88;22;0;1;0;1;6,728;5,621.48;4,885;1,847;56%;60%;74;14;0;0;4;1;0;4;4;3.34;3;0;0;17;14.2;17;01:27;01:13;01:12;6,728;5.26;4,885;2,112;998;4;3.34;4;0;0;0;21 minutes;04:40;0;47%;56%;4;3.34;4;63%
KILLER77_HAZZA3;3082;0;2;8%;429;111;43;0.07;101,450;15,715.31;17,678;4,728;79;12.23;0;0;0;195;30.2;37;11;2.46;152;23.54;31;0;3;2;101;15.64;21;2;6;1;4;42,522;6,587.03;8,779;1,500;47%;100%;318;11;0;0;20;10;6;5;1;0.15;1;3;1;70;10.84;16;08:58;01:23;02:35;42,522;7.2;8,779;12,832;5,129;20;3.09;5;0;0;0;1 hour;08:48;0;39%;44%;33;5.11;10;54%
Kilperik;3320;0;7;18%;1,228;196;51;0.14;92,148;8,436.36;13,113;5,911;120;10.98;0;0;0;254;23.25;44;15;2.11;244;22.33;37;0;3;1;159;14.55;28;1;11;1;9;39,436;3,610.44;5,579;2,737;52%;64%;461;15;0;0;30;14;3;13;9;0.82;2;0;0;97;8.88;17;14:52;01:21;02:12;39,436;4.62;5,579;14,814;6,512;50;4.57;11;0;0;0;2 hours;14:41;1;43%;57%;17;1.55;6;81%
King_Kine;2079;0;0;22%;251;96;34;0.11;22,444;7,479.94;12,495;2,732;27;8.99;0;0;0;61;20.32;35;9;2.25;55;18.33;27;0;0;0;32;10.66;17;2;3;1;0;11,124;3,707.42;6,158;1,216;51%;66%;107;9;0;0;9;4;1;3;0;0;0;0;0;27;8.99;18;04:01;01:20;01:57;11,124;5.13;6,158;3,067;1,137;9;2.99;7;0;0;0;36 minutes;0;0;37%;54%;4;1.33;2;0
kirA-_-bleAch;0;0;0;21%;47;47;47;0.11;4,501;9,828.68;4,501;4,045;2;4.36;0;0;0;8;17.46;8;7;4;12;26.2;12;0;0;0;5;10.91;5;0;0;0;0;2,498;5,454.3;2,498;2,498;42%;42%;28;7;0;0;1;0;0;0;0;0;0;0;0;1;2.18;1;00:36;01:19;00:36;2,498;5.95;2,498;842;216;1;2.18;1;0;0;0;6 minutes;0;0;25%;25%;1;2.18;1;0
kk10295;3509;0;0;10%;294;80;28;0.07;100,296;16,276.14;18,150;6,367;38;6.16;0;0;0;96;15.57;19;10;2.52;83;13.46;17;0;0;1;51;8.27;10;3;6;1;2;13,612;2,209.02;2,698;1,387;48%;87%;172;10;0;0;19;6;10;3;5;0.81;2;4;1;25;4.05;5;03:22;00:32;00:31;13,612;3.35;2,698;6,487;2,920;8;1.29;3;0;0;0;1 hour;03:21;0;45%;51%;22;3.57;7;32%
koba-ya;1337;0;60;10%;8,977;180;74;0.07;1,176,113;7,369.34;23,737;8,703;402;2.51;0;0;0;3,512;22;59;27;8.73;2,853;17.87;47;0;24;26;2,779;17.41;44;75;160;8;77;362,145;2,269.14;6,308;3,008;59%;100%;4,814;27;0;0;336;124;84;128;188;1.17;5;4;8;530;3.32;19;25:26;00:09;01:36;362,145;3.11;6,308;198,933;84,270;1,638;10.26;27;0;0;8;--;02:31:29;82;42%;77%;473;2.96;20;48%
koh_1655;2387;0;1;13%;272;61;32;0.08;658;10,156.98;658;658;31;7.15;0;0;0;1;15.44;1;1;2.67;82;18.93;20;0;0;0;1;15.44;1;0;0;0;2;13,668;3,155.44;4,606;2,071;50%;84%;162;1;0;0;0;7;4;0;1;0.23;1;4;1;35;8.08;12;00:04;01:17;00:04;13,668;4.19;4,606;32;10;1;15.44;1;0;0;0;1 minute;02:43;0;31%;63%;16;3.69;10;38%
koutyatya;3647;0;0;7%;54;34;31;0.07;16,833;19,893.1;4,894;4,212;7;8.27;0;0;0;17;20.09;9;9;2.42;20;23.63;10;0;0;0;8;9.45;5;1;1;0;0;3,898;4,606.01;2,437;1,837;46%;52%;43;9;0;0;3;1;2;1;0;0;0;0;0;8;9.45;4;01:22;01:37;01:06;3,898;5.32;2,437;1,712;742;0;0;0;0;0;0;12 minutes;0;0;43%;44%;5;5.9;2;0%
kris1974;4164;0;0;6%;30;26;11;0.04;10,696;15,262.85;9,827;3,246;8;11.41;0;0;0;25;35.67;25;11;3.12;13;18.55;13;0;0;0;11;15.69;11;1;1;0;0;4,920;7,021.38;4,769;1,313;38%;41%;34;11;0;0;1;0;0;1;0;0;0;0;0;9;12.84;9;01:13;01:44;01:08;4,920;7.3;4,769;1,844;481;0;0;0;0;0;0;11 minutes;00:05;0;26%;0;3;4.28;3;10%
Krisuke;2407;0;0;40%;48;48;19;0.23;1,816;5,471.72;1,816;1,172;4;12.05;0;0;0;6;18.07;6;4;1.5;4;12.05;4;0;0;0;4;12.05;4;0;0;0;0;1,800;5,423.06;1,800;1,500;44%;44%;9;4;0;0;1;0;0;1;1;3.01;1;0;0;1;3.01;1;00:10;00:32;00:10;1,800;8.83;1,800;502;120;3;9.03;3;0;0;0;3 minutes;00:20;0;23%;23%;1;3.01;1;0
KSlims;4548;0;0;8%;15;11;11;0.09;1,443;8,470.19;798;798;2;11.73;0;0;0;2;11.73;2;2;1;4;23.47;2;0;0;0;2;11.73;2;0;0;0;0;856;5,024.01;499;499;50%;100%;8;2;0;0;0;0;0;0;1;5.86;1;0;0;2;11.73;2;00:11;01:08;00:11;856;5.5;499;612;171;0;0;0;0;0;0;2 minutes;0;0;27%;0;0;0;0;0
kurosaki158;1924;0;0;9%;6;4;4;0.03;1,189;7,273.49;736;736;3;18.35;0;0;0;1;6.11;1;1;0.33;3;18.35;2;0;0;0;0;0;0;0;0;0;0;539;3,298.08;300;300;50%;66%;6;1;0;0;0;0;0;0;0;0;0;0;0;0;0;0;00:11;01:10;00:11;539;3.27;300;174;63;0;0;0;0;0;0;2 minutes;0;0;36%;0;0;0;0;55%
L1TTL3msAW3S0M3;2393;0;2;18%;360;227;103;0.19;27,696;13,685.77;10,858;5,390;28;13.83;0;0;0;64;31.62;27;14;2.28;71;35.08;33;0;1;0;32;15.81;17;2;2;0;0;11,019;5,444.82;6,104;1,642;55%;73%;127;14;0;0;7;1;2;4;1;0.49;1;3;1;24;11.85;12;01:47;00:53;00:55;11,019;5.9;6,104;3,891;1,953;8;3.95;5;0;0;0;31 minutes;04:54;0;50%;56%;9;4.44;5;21%
Langartija;3035;0;0;14%;509;182;53;0.13;50,471;11,834.12;14,858;3,740;52;12.19;0;0;0;131;30.71;49;10;2.51;99;23.21;34;0;2;1;66;15.47;27;2;4;0;2;21,587;5,061.6;8,272;1,732;57%;70%;171;10;0;0;16;9;2;4;1;0.23;1;0;0;57;13.36;19;08:19;01:57;02:18;21,587;5.69;8,272;11,085;3,460;6;1.4;3;0;0;0;1 hour;09:14;1;31%;47%;16;3.75;6;51%
LEATONER;2534;0;0;14%;28;28;27;0.24;1,869;17,869.34;1,869;1,255;2;19.12;0;0;0;2;19.12;2;1;1;2;19.12;2;0;1;0;2;19.12;2;0;0;0;0;429;4,098.11;429;300;40%;40%;5;1;0;0;0;0;0;0;0;0;0;0;0;0;0;0;0;0;0;429;3.82;429;475;192;0;0;0;0;0;0;1 minute;0;0;40%;0;0;0;0;0
LoggingOut;3612;0;3;17%;504;168;70;0.15;79,540;16,846;19,718;7,352;33;6.98;0;0;0;114;24.14;27;11;3.45;106;22.45;24;0;2;0;66;13.97;17;2;5;0;3;14,746;3,123.21;3,568;1,500;51%;64%;205;11;0;0;19;7;8;4;4;0.84;2;0;0;38;8.04;8;06:30;01:22;02:06;14,746;4.43;3,568;5,727;2,908;6;1.27;3;0;0;0;55 minutes;01:59;0;50%;68%;16;3.38;4;65%
LostkumaTH;3386;0;1;9%;568;165;43;0.09;111,135;16,584.21;24,824;7,076;82;12.23;0;0;0;178;26.56;39;11;2.17;158;23.57;30;0;2;1;85;12.68;23;4;7;0;3;27,433;4,093.76;4,396;2,090;46%;100%;341;11;0;0;24;10;8;6;0;0;0;3;3;71;10.59;12;09:14;01:22;01:38;27,433;4.74;4,396;15,522;5,914;17;2.53;3;0;0;0;1 hour;08:26;2;38%;50%;17;2.53;5;42%
l-Twisted_Fate-l;4013;0;5;13%;2,619;212;85;0.15;344,638;15,636.32;22,408;7,463;188;8.52;0;0;0;597;27.08;46;12;3.17;548;24.86;37;0;4;3;368;16.69;29;8;22;1;14;79,945;3,627.13;4,802;1,852;54%;100%;1,013;12;0;0;85;28;32;25;15;0.68;2;3;3;241;10.93;23;48:07;02:10;03:18;79,945;4.57;4,802;40,607;19,329;54;2.44;5;0;0;0;4 hours;54:17;4;47%;57%;101;4.58;8;62%
LuckyC723;3859;0;0;22%;240;187;67;0.14;29,120;16,668.33;20,483;4,966;26;14.88;0;0;0;54;30.9;39;13;2.07;50;28.61;33;0;1;0;36;20.6;25;1;2;1;0;5,990;3,428.39;4,705;1,125;52%;58%;95;13;0;0;6;2;1;3;1;0.57;1;0;0;21;12.02;16;02:44;01:34;01:42;5,990;3.72;4,705;2,566;1,084;5;2.86;3;0;0;0;26 minutes;05:58;0;42%;42%;10;5.72;9;0
Lyntune92;2044;0;0;12%;27;24;14;0.06;2,745;7,574.23;1,450;835;9;24.83;0;0;0;3;8.27;2;1;0.33;11;30.34;6;0;1;0;0;0;0;0;0;0;0;1,201;3,312.07;891;345;47%;60%;23;1;0;0;1;1;0;0;0;0;0;0;0;1;2.75;1;00:05;00:13;00:05;1,201;2.84;891;734;216;0;0;0;0;0;0;7 minutes;0;0;29%;0;1;2.75;1;0
M5roosh_ksa;3563;0;8;15%;2,072;150;47;0.1;273,727;11,510.48;19,964;5,874;250;10.51;0;0;0;679;28.55;40;22;2.71;494;20.77;26;0;7;1;396;16.65;27;11;24;1;12;83,619;3,516.27;6,131;1,921;47%;100%;1,032;22;0;0;77;29;17;31;20;0.84;3;3;3;240;10.09;16;28:59;01:13;02:06;83,619;4.34;6,131;33,860;13,516;97;4.07;7;0;0;0;5 hours;44:04;0;39%;100%;122;5.13;9;50%
MAAFX;2990;0;3;13%;685;133;42;0.09;106,108;11,989.75;14,906;8,811;92;10.39;0;0;0;235;26.55;37;12;2.55;161;18.19;29;0;8;3;107;12.09;18;5;9;0;4;51,646;5,835.78;8,437;1,899;45%;65%;353;12;0;0;33;15;11;8;1;0.11;1;4;2;110;12.42;25;15:05;01:42;02:06;51,646;7.16;8,437;18,508;5,125;27;3.05;6;0;0;0;2 hours;06:46;1;27%;33%;52;5.87;9;45%
Macchi-Boy;2389;0;0;10%;117;75;21;0.06;18,396;9,770.57;9,782;2,616;28;14.87;0;0;0;39;20.71;21;6;1.39;41;21.77;20;0;1;2;17;9.02;7;2;2;0;0;6,691;3,553.98;3,436;738;58%;64%;70;6;0;0;6;4;1;1;0;0;0;0;0;23;12.21;11;02:58;01:34;01:22;6,691;3.92;3,436;2,707;1,064;9;4.78;4;0;0;0;28 minutes;00:03;0;39%;68%;8;4.24;5;13%
makorin_is_a_Pen;2868;0;0;12%;442;167;35;0.11;82,742;17,077.25;29,103;5,575;43;8.87;0;0;0;132;27.24;43;16;3.06;109;22.49;37;0;3;2;58;11.97;27;2;5;0;2;19,938;4,115.02;5,729;1,527;50%;60%;214;16;0;0;14;11;1;2;0;0;0;4;3;60;12.38;18;08:11;01:41;02:34;19,938;5.07;5,729;8,053;3,640;6;1.23;3;0;0;0;1 hour;03:49;0;45%;60%;28;5.77;12;50%
Maranata01;4478;0;19;14%;3,385;188;92;0.12;485,318;14,382.23;29,650;8,358;217;6.43;0;0;0;1,033;30.61;51;23;4.76;838;24.83;37;0;10;6;642;19.02;34;10;34;0;24;133,999;3,971.01;6,566;2,262;49%;100%;1,690;23;0;0;130;47;39;44;20;0.59;2;4;9;368;10.9;27;46:51;01:23;03:39;133,999;4.97;6,566;45,399;22,892;139;4.11;8;0;0;0;7 hours;01:51:10;12;50%;89%;154;4.56;11;70%
masatosann;2157;0;1;9%;95;31;15;0.04;36,307;14,283;13,278;4,259;18;7.08;0;0;0;37;14.55;17;10;2.05;45;17.7;15;0;0;0;15;5.9;6;3;3;0;0;12,775;5,025.68;4,380;1,257;32%;56%;137;10;0;0;7;3;3;1;0;0;0;0;0;12;4.72;5;02:55;01:09;01:34;12,775;6.22;4,380;2,397;1,022;3;1.18;1;0;0;0;34 minutes;0;0;42%;59%;3;1.18;2;0
Meldavak;2607;0;0;10%;130;77;22;0.09;16,004;11,025.33;10,430;2,152;25;17.22;0;0;0;49;33.75;34;9;1.96;34;23.42;23;0;0;2;24;16.53;17;1;1;0;0;6,834;4,707.76;4,183;1,159;52%;56%;65;9;0;0;7;1;1;4;1;0.68;1;0;0;26;17.91;18;03:44;02:34;02:50;6,834;4.92;4,183;3,293;1,270;7;4.82;5;0;0;0;23 minutes;03:47;0;38%;37%;7;4.82;5;31%
MIKEYDYCE;3723;0;0;11%;249;99;37;0.06;55,811;11,230.04;10,438;5,641;54;10.86;0;0;0;84;16.9;22;8;1.55;80;16.09;23;0;2;1;47;9.45;16;3;5;0;1;28,868;5,808.81;5,691;2,004;41%;100%;191;8;0;0;15;6;4;6;3;0.6;2;0;0;24;4.82;7;06:29;01:18;02:31;28,868;7.52;5,691;6,064;2,095;6;1.2;4;0;0;0;1 hour;01:27;5;34%;51%;15;3.01;5;23%
Morgenarc;3323;0;4;12%;999;81;41;0.09;175,543;13,946.01;15,548;11,351;129;10.24;0;0;0;303;24.07;32;15;2.34;282;22.4;25;0;1;0;160;12.71;18;0;0;1;4;55,846;4,436.64;5,449;2,473;48%;100%;579;15;0;0;0;0;0;11;5;0.39;3;3;1;110;8.73;13;12:06;00:57;01:49;55,846;5.2;5,449;20,154;7,948;35;2.78;6;0;0;0;1.485169991850853 seconds;13:11;2;39%;72%;31;2.46;5;29%
Mr_savage_75;3001;0;0;8%;27;19;10;0.04;6,918;8,858.73;4,993;2,046;4;5.12;0;0;0;16;20.48;10;5;4;10;12.8;5;0;0;0;8;10.24;6;0;1;0;0;4,000;5,122.04;3,100;2,075;26%;38%;38;5;0;0;3;0;2;0;0;0;0;0;0;8;10.24;5;00:54;01:10;00:27;4,000;6.4;3,100;1,285;306;4;5.12;2;0;0;0;10 minutes;00:04;8;23%;21%;6;7.68;3;53%
MrBurns_rj;2293;0;2;12%;548;154;35;0.15;2,061;14,650.74;2,061;1,408;1;7.1;0;0;0;3;21.32;3;2;3;119;22.24;34;0;0;4;2;14.21;2;0;0;0;2;20,378;3,808.82;5,252;1,785;63%;82%;187;2;0;0;0;2;0;0;0;0;0;0;0;2;14.21;2;05:23;01:00;01:22;20,378;5.66;5,252;15;12;2;14.21;2;0;0;0;1 minute;05:38;4;80%;47%;17;3.17;8;37%
mrfr33s3;2615;0;0;25%;171;100;37;0.25;9,935;11,692.64;4,460;2,072;13;15.3;0;0;0;14;16.47;6;5;1.07;26;30.6;10;0;1;1;11;12.94;5;1;1;0;0;5,749;6,766.33;2,308;1,193;66%;71%;39;5;0;0;4;1;2;1;2;2.35;1;0;0;4;4.7;2;01:37;01:54;00:40;5,749;8.55;2,308;1,462;675;4;4.7;3;0;0;0;11 minutes;01:31;0;46%;42%;2;2.35;1;31%
MRstyles4u;3416;0;0;0;0;0;0;0;606;540.75;508;508;4;3.56;0;0;0;1;0.89;1;1;0.25;2;1.78;2;0;0;0;0;0;0;1;1;0;0;333;296.88;182;182;28%;66%;7;1;0;0;0;0;0;0;0;0;0;0;0;0;0;0;00:01;00:01;00:01;333;1.71;182;651;53;0;0;0;0;0;0;3 minutes;0;0;8%;13%;0;0;0;0%
NaapWay;2595;0;0;14%;55;35;30;0.12;3,983;6,066.42;2,476;1,613;9;13.7;0;0;0;12;18.27;7;5;1.33;13;19.8;9;0;0;0;5;7.61;2;1;1;0;0;1,839;2,801.21;1,287;551;65%;100%;20;5;0;0;1;1;0;0;0;0;0;0;0;6;9.13;4;00:28;00:44;00:21;1,839;4.09;1,287;1,564;379;1;1.52;1;0;0;0;7 minutes;0;0;24%;0;1;1.52;1;17%
nagano-1;0;0;0;7%;43;23;20;0.06;12,203;10,500.46;9,654;4,348;4;3.44;0;0;0;20;17.21;14;7;5;16;13.76;13;0;0;0;7;6.02;5;0;1;0;1;2,807;2,415.43;2,741;1,354;57%;59%;28;7;0;0;5;1;1;3;3;2.58;3;0;0;9;7.74;6;01:26;01:14;00:59;2,807;4.23;2,741;1,268;584;2;1.72;2;0;0;0;11 minutes;02:10;0;46%;53%;4;3.44;4;100%
Natz_D_Chow;4048;0;1;15%;265;88;48;0.11;36,846;15,945.84;15,461;2,975;32;13.84;0;0;0;82;35.48;33;10;2.56;67;28.99;17;0;2;0;45;19.47;18;0;2;0;2;11,892;5,146.46;2,784;2,067;50%;100%;134;10;0;0;7;3;2;2;1;0.43;1;3;1;29;12.55;14;02:24;01:02;01:06;11,892;5.36;2,784;3,906;1,689;5;2.16;2;0;0;0;36 minutes;02:38;0;43%;69%;11;4.76;6;83%
Neiyao;2970;0;0;19%;70;70;10;0.09;5,278;9,248.93;5,278;734;21;36.79;0;0;0;11;19.27;11;2;0.52;10;17.52;10;0;1;0;7;12.26;7;0;1;0;1;4,866;8,526.11;4,866;600;33%;33%;30;2;0;0;1;0;0;1;0;0;0;0;0;8;14.01;8;01:23;02:25;01:23;4,866;6.27;4,866;1,053;357;2;3.5;2;0;0;0;12 minutes;0;0;33%;33%;2;3.5;2;100%
Ninja5976;0;0;0;13%;104;74;25;0.1;23,873;19,857.3;16,940;3,825;11;9.14;0;0;0;27;22.45;17;7;2.45;25;20.79;18;0;0;0;18;14.97;11;1;1;0;0;3,838;3,191.97;2,842;1,237;50%;70%;50;7;0;0;4;1;1;2;0;0;0;0;0;12;9.98;8;00:40;00:33;00:39;3,838;3.87;2,842;1,453;746;2;1.66;2;0;0;0;16 minutes;00:27;0;51%;52%;1;0.83;1;0
NINJALEX323;4049;0;1;18%;855;192;57;0.14;1,153;15,399.52;1,153;1,153;1;13.35;0;0;0;194;24.81;37;12;2.69;159;20.33;28;0;4;1;92;11.76;18;0;0;0;6;20,848;2,666.9;3,277;1,261;41%;54%;385;12;0;0;0;0;5;0;7;0.89;3;3;1;78;9.97;19;12:18;01:34;03:06;20,848;3.49;3,277;27;21;12;1.53;3;0;0;0;44.875415010377765 seconds;08:06;0;77%;47%;27;3.45;6;76%
nogo58;2504;0;0;12%;14;14;7;0.09;1,320;5,001.01;1,320;503;4;15.15;0;0;0;4;15.15;4;2;1;3;11.36;3;0;1;0;2;7.57;2;0;0;0;0;777;2,944.06;777;300;42%;42%;7;2;0;0;0;0;0;0;0;0;0;0;0;3;11.36;3;00:15;00:59;00:15;777;5.02;777;350;112;0;0;0;0;0;0;2 minutes;0;0;32%;32%;0;0;0;0
NoirEt_B;3147;0;1;18%;594;117;34;0.09;94,994;12,416.28;19,707;4,368;82;10.71;0;0;0;203;26.53;46;9;2.47;150;19.6;27;0;2;0;110;14.37;21;3;8;0;5;42,412;5,543.48;5,683;2,212;48%;83%;310;9;0;0;27;9;7;10;7;0.91;3;3;1;68;8.88;15;07:27;00:58;01:50;42,412;6.97;5,683;6,957;3,248;26;3.39;4;0;0;0;1 hour;05:23;0;46%;55%;34;4.44;11;59%
ohEvasive;3385;0;0;11%;253;76;68;0.07;49,429;12,359.2;15,688;3,009;45;11.25;0;0;0;105;26.25;31;11;2.33;79;19.75;22;0;1;2;52;13;14;2;4;0;2;16,842;4,211.25;6,040;1,281;48%;60%;163;11;0;0;10;6;0;4;1;0.25;1;3;1;34;8.5;11;06:08;01:32;01:34;16,842;4.95;6,040;5,224;2,239;9;2.25;5;0;0;0;56 minutes;01:55;0;42%;51%;25;6.25;10;51%
Omegax_87;0;0;0;9%;41;41;25;0.08;7,499;11,766.12;7,499;4,345;3;4.7;0;0;0;15;23.53;15;11;5;11;17.25;11;0;0;0;10;15.68;10;1;1;0;0;5,269;8,266.79;5,269;3,364;45%;45%;24;11;0;0;3;1;2;1;2;3.13;2;0;0;4;6.27;4;00:32;00:50;00:32;5,269;11.17;5,269;1,093;446;5;7.84;5;0;0;0;7 minutes;01:44;0;40%;0;0;0;0;0
o-Norton-o;0;0;0;16%;62;62;19;0.13;4,848;17,020.55;4,848;1,596;5;17.55;0;0;0;17;59.68;17;7;3.4;12;42.12;12;0;0;0;7;24.57;7;0;0;0;0;3,764;13,214.53;3,764;1,330;41%;41%;29;7;0;0;1;0;0;1;0;0;0;0;0;11;38.61;11;01:17;04:30;01:17;3,764;8.15;3,764;1,475;379;2;7.02;2;0;0;0;7 minutes;04:11;0;25%;0;5;17.55;5;0
Opticflare64;2488;0;1;15%;300;144;35;0.13;26,583;9,322.66;11,891;2,920;31;10.87;0;0;0;73;25.6;33;12;2.35;61;21.39;27;0;3;0;50;17.53;23;2;3;0;1;12,226;4,287.52;6,648;1,062;54%;72%;112;12;0;0;12;4;6;2;2;0.7;2;0;0;30;10.52;16;03:27;01:12;01:41;12,226;5.43;6,648;4,916;1,943;15;5.26;7;0;0;0;37 minutes;05:06;2;39%;52%;11;3.85;6;17%
Original_Yankin;2503;0;5;17%;1,395;219;89;0.18;285;3,415.38;285;285;2;23.92;0;0;0;1;11.96;1;1;0.5;242;21.4;38;0;1;1;115;10.17;17;0;0;0;6;57,193;5,058.98;7,143;2,441;54%;74%;444;1;0;0;0;0;2;0;5;0.44;2;0;0;84;7.43;15;17:26;01:32;02:55;57,193;7.54;7,143;9;1;14;1.23;4;0;0;0;54.544825985096395 seconds;09:01;3;11%;49%;33;2.91;7;53%
OttoFemtusen;2831;0;0;15%;194;52;23;0.09;27,528;11,643.83;7,498;2,640;33;13.95;0;0;0;57;24.11;15;10;1.72;45;19.03;13;0;0;0;33;13.95;10;2;2;0;1;11,366;4,807.85;3,897;895;41%;57%;109;10;0;0;9;3;4;2;4;1.69;2;0;0;26;10.99;7;02:51;01:12;00:48;11,366;5.76;3,897;3,006;1,213;8;3.38;3;0;0;0;32 minutes;04:40;1;40%;49%;9;3.8;4;28%
picoforver;2647;0;0;15%;143;83;27;0.12;22,385;17,354.5;13,720;9,655;12;9.3;0;0;0;42;32.56;22;12;3.5;34;26.35;19;0;2;1;25;19.38;16;0;1;0;1;5,454;4,228.46;3,920;1,177;59%;100%;57;12;0;0;4;1;1;2;3;2.32;3;3;1;12;9.3;7;02:06;01:37;01:35;5,454;4.61;3,920;1,738;902;8;6.2;5;0;0;0;19 minutes;01:53;2;51%;60%;5;3.87;5;88%
praktommy;3870;0;0;13%;232;54;25;0.1;26,978;11,450.41;4,867;3,875;33;14;0;0;0;58;24.61;19;7;1.75;51;21.64;16;0;2;0;36;15.27;12;2;2;0;0;13,970;5,929.41;3,797;1,469;35%;57%;144;7;0;0;8;3;2;3;2;0.84;2;0;0;9;3.81;3;01:01;00:25;00:23;13,970;6.18;3,797;4,460;1,672;11;4.66;3;0;0;0;37 minutes;01:16;0;37%;38%;11;4.66;4;15%
Prey1nMantis;2494;0;31;16%;4,227;163;80;0.12;372,059;7,895.58;13,251;4,923;202;4.28;0;0;0;1,198;25.42;42;20;5.93;927;19.67;30;0;9;7;764;16.21;27;21;47;1;25;160,064;3,396.76;7,332;2,351;56%;100%;1,648;20;0;0;191;48;62;81;30;0.63;4;5;5;464;9.84;20;43:36;00:55;02:10;160,064;4.76;7,332;57,643;25,195;229;4.85;11;0;0;0;9 hours;01:17:12;19;43%;61%;154;3.26;8;53%
PrimeVengeance;0;0;0;1%;2;2;1;0;3,764;8,304.87;3,764;2,008;3;6.61;0;0;0;4;8.82;4;2;1.33;2;4.41;2;0;0;0;3;6.61;3;0;0;0;0;811;1,790.08;811;300;20%;20%;10;2;0;0;1;1;0;0;0;0;0;0;0;1;2.2;1;00:14;00:31;00:14;811;3.38;811;295;160;0;0;0;0;0;0;3 minutes;0;0;54%;54%;0;0;0;0
Prince_Fatman;2466;0;2;25%;371;129;65;0.17;34,256;10,808.29;12,035;6,389;28;8.83;0;0;0;72;22.71;26;8;2.57;62;19.56;16;0;1;0;36;11.35;10;2;3;0;1;10,801;3,408.01;2,939;1,383;56%;62%;110;8;0;0;12;5;4;3;1;0.31;1;3;1;27;8.51;13;02:36;00:49;00:54;10,801;5.03;2,939;4,629;1,455;8;2.52;2;0;0;0;35 minutes;01:20;0;31%;42%;11;3.47;5;45%
rairai2040;2328;0;0;11%;87;87;24;0.09;12,867;14,678.18;12,867;2,337;10;11.4;0;0;0;21;23.95;21;4;2.1;28;31.94;28;0;2;1;6;6.84;6;0;0;0;0;6,782;7,736.45;6,782;1,189;47%;47%;59;4;0;0;0;0;0;0;1;1.14;1;0;0;5;5.7;5;01:27;01:39;01:27;6,782;7.11;6,782;2,649;790;0;0;0;0;0;0;7.512422003783286 seconds;0;0;29%;29%;3;3.42;3;100%
RaxesTheWise;0;0;0;14%;30;30;15;0.13;2,774;11,030.47;2,774;1,134;3;11.92;0;0;0;11;43.74;11;4;3.66;7;27.83;7;0;1;0;5;19.88;5;0;0;0;0;1,263;5,020.74;1,263;839;70%;70%;10;4;0;0;1;1;0;0;0;0;0;0;0;7;27.83;7;00:26;01:46;00:26;1,263;5.88;1,263;396;201;1;3.97;1;0;0;0;3 minutes;01:11;0;50%;50%;0;0;0;100%
rencpee;2745;0;0;8%;204;66;22;0.09;25,797;8,622.25;8,474;3,757;35;11.69;0;0;0;46;15.37;14;10;1.31;36;12.03;9;0;3;1;18;6.01;5;3;3;0;0;11,386;3,805.6;4,280;1,348;38%;100%;94;10;0;0;6;2;1;3;1;0.33;1;0;0;16;5.34;7;01:58;00:39;00:48;11,386;5.18;4,280;8,877;2,292;3;1;2;0;0;0;36 minutes;01:00;0;25%;25%;7;2.33;3;0
RequiemZ41;3077;0;3;12%;1,028;208;44;0.11;125,990;10,846.73;16,845;5,382;123;10.58;0;0;0;262;22.55;47;13;2.13;209;17.99;26;0;6;2;164;14.11;31;6;12;0;6;46,367;3,991.85;6,923;1,751;57%;71%;365;13;0;0;45;19;11;15;14;1.2;3;3;1;128;11.01;28;22:09;01:54;03:25;46,367;5.36;6,923;19,394;8,034;28;2.41;7;0;0;0;2 hours;20:49;0;41%;50%;25;2.15;6;51%
Rockethiethm;4253;0;0;11%;77;38;30;0.08;13,498;14,598.48;9,107;3,901;14;15.14;0;0;0;30;32.44;19;5;2.14;20;21.63;13;0;0;0;20;21.63;14;0;1;0;1;2,307;2,495.05;1,069;720;35%;42%;56;5;0;0;3;1;1;1;3;3.24;2;0;0;7;7.57;3;00:50;00:54;00:23;2,307;2.53;1,069;1,882;647;5;5.4;4;0;0;0;15 minutes;03:30;0;34%;32%;4;4.32;4;80%
Ronald_Toh95;2637;0;1;16%;422;197;54;0.16;39,352;12,379.14;16,681;4,288;27;8.49;0;0;0;116;36.49;55;14;4.29;89;27.99;39;0;2;0;71;22.33;33;1;3;0;2;16,357;5,145.65;6,531;1,935;59%;83%;149;14;0;0;12;8;2;2;5;1.57;2;0;0;41;12.89;16;04:51;01:31;02:01;16,357;6.37;6,531;5,889;2,535;20;6.29;6;0;0;0;42 minutes;17:00;0;43%;67%;15;4.71;8;73%
ruinknives;2867;0;1;12%;443;133;52;0.13;60,651;16,897.84;24,344;6,043;30;8.35;0;0;0;139;38.72;48;15;4.63;91;25.35;25;0;2;1;65;18.1;19;1;4;0;3;17,747;4,944.5;5,656;1,503;54%;60%;167;15;0;0;12;4;5;4;0;0;0;3;3;54;15.04;18;05:43;01:35;03:04;17,747;5.32;5,656;10,389;3,531;2;0.55;1;0;0;0;55 minutes;05:24;0;33%;40%;13;3.62;6;72%
Rundle0509;3763;0;2;14%;287;106;73;0.14;35,661;9,575.27;10,917;7,778;14;3.75;0;0;0;75;20.13;27;16;5.35;67;17.98;19;0;2;1;48;12.88;19;0;4;0;3;8,207;2,203.49;2,555;2,037;53%;71%;126;16;0;0;9;4;0;5;6;1.61;1;0;0;16;4.29;5;03:09;00:50;00:57;8,207;4.07;2,555;4,505;1,966;11;2.95;3;0;0;0;33 minutes;07:49;0;43%;60%;8;2.14;2;93%
RyanAM;4121;0;7;14%;1,245;203;59;0.12;214,191;16,611.07;26,081;6,838;99;7.67;0;0;0;374;29;38;22;3.77;278;21.55;31;0;2;1;225;17.44;26;4;13;0;9;42,142;3,268.26;4,762;1,863;53%;100%;522;22;0;0;46;17;20;9;10;0.77;3;3;3;94;7.28;12;09:31;00:44;01:28;42,142;4.2;4,762;17,406;8,307;56;4.34;9;0;0;1;2 hours;20:35;2;47%;60%;68;5.27;11;68%
ryu-eight;3402;0;2;5%;355;79;36;0.07;121,060;19,041.36;22,807;11,431;54;8.49;0;0;0;171;26.89;38;14;3.16;172;27.05;39;0;2;0;107;16.82;24;5;6;0;1;27,123;4,266.14;6,112;2,976;51%;58%;333;14;0;0;26;11;6;9;1;0.15;1;3;2;63;9.9;14;07:44;01:13;02:46;27,123;5.67;6,112;14,525;6,443;14;2.2;5;0;0;0;1 hour;14:52;0;44%;50%;25;3.93;7;22%
S3NTINEL2001;2826;0;0;29%;5;5;5;0.07;270;3,049.08;270;270;1;11.29;0;0;0;1;11.29;1;1;1;0;0;0;0;0;0;0;0;0;0;0;0;0;300;3,387.86;300;300;0;0;3;1;0;0;0;0;0;0;0;0;0;0;0;0;0;0;0;0;0;300;4.54;300;129;17;0;0;0;0;0;0;1 minute;0;0;13%;13%;0;0;0;0
Saber-x-wolf;2924;0;0;0;0;0;0;0;156;3,166.67;156;156;1;20.25;0;0;0;0;0;0;0;0;1;20.25;1;0;0;0;0;0;0;0;0;0;0;160;3,238.82;160;160;50%;50%;2;0;0;0;0;0;0;0;0;0;0;0;0;0;0;0;0;0;0;160;3.44;160;105;4;0;0;0;0;0;0;46.437420008704066 seconds;0;0;3%;0;0;0;0;100%
samurainu;1885;0;1;9%;1,204;145;46;0.08;202,588;11,515.96;18,937;5,155;150;8.52;0;0;0;321;18.24;28;11;2.14;397;22.56;31;0;2;0;170;9.66;20;12;18;1;5;56,659;3,220.76;4,040;2,588;57%;100%;691;11;0;0;52;27;9;16;3;0.17;2;0;0;139;7.9;14;17:01;00:58;01:50;56,659;4.06;4,040;31,667;12,674;27;1.53;3;0;0;0;3 hours;12:17;0;40%;66%;19;1.08;3;27%
ScaredLilTaco;3412;0;0;11%;35;35;18;0.06;6,001;8,995.52;6,001;1,747;5;7.49;0;0;0;18;26.98;18;7;3.6;17;25.48;17;0;0;0;8;11.99;8;0;1;0;1;1,629;2,442.37;1,629;1,022;54%;54%;31;7;0;0;3;2;1;1;0;0;0;0;0;17;25.48;17;03:19;04:58;03:19;1,629;3.14;1,629;1,154;307;0;0;0;0;0;0;8 minutes;00:00;0;26%;0;3;4.49;3;100%
Scrufster;2197;0;0;7%;25;25;9;0.07;3,689;9,671.65;3,689;1,122;6;15.73;0;0;0;8;20.97;8;3;1.33;5;13.1;5;0;0;0;3;7.86;3;0;0;0;0;1,824;4,782.22;1,824;1,196;55%;55%;9;3;0;0;1;0;0;1;0;0;0;0;0;3;7.86;3;00:25;01:06;00:25;1,824;5.82;1,824;835;323;1;2.62;1;0;0;0;5 minutes;0;0;38%;38%;1;2.62;1;100%
Shadowfox55;2799;0;0;3%;2;2;2;0;3,850;11,621.96;2,301;1,552;3;9.05;0;0;0;7;21.12;6;4;2.33;4;23.39;4;0;0;0;5;15.09;4;0;0;0;0;1,593;9,314.47;1,593;639;33%;33%;12;4;0;0;0;0;0;0;0;0;0;0;0;3;9.05;2;00:23;01:11;00:23;1,593;6.43;1,593;163;54;1;3.01;1;0;0;0;4 minutes;0;0;33%;0;0;0;0;100%
shadowstrixx;2873;0;2;19%;899;134;43;0.11;84,701;7,876.98;7,674;3,124;93;8.64;0;0;0;219;20.36;40;11;2.35;238;22.13;24;0;3;0;107;9.95;19;5;11;1;5;26,447;2,459.45;2,923;1,200;49%;66%;482;11;0;0;24;12;6;5;8;0.74;2;3;1;77;7.16;13;09:02;00:50;01:14;26,447;3.4;2,923;15,957;4,729;21;1.95;3;0;0;0;2 hours;03:09;2;29%;34%;27;2.51;6;46%
Shikurikato-;4163;0;0;19%;149;91;37;0.17;15,078;14,555.56;9,484;3,865;11;10.61;0;0;0;30;28.95;18;12;2.72;26;25.09;14;0;0;0;22;21.23;14;1;1;0;0;3,523;3,401.1;1,695;1,225;57%;73%;45;12;0;0;3;1;1;1;0;0;0;0;0;10;9.65;8;00:36;00:35;00:23;3,523;4.21;1,695;1,416;779;7;6.75;6;0;0;0;13 minutes;06:07;0;55%;72%;8;7.72;5;0
Shimada_Bros;3031;0;0;17%;102;86;29;0.15;8,596;12,365.73;8,103;2,362;7;10.06;0;0;0;28;40.27;27;10;4;24;34.52;23;0;0;0;16;23.01;15;0;1;0;1;2,762;3,973.82;2,170;815;54%;58%;44;10;0;0;3;2;1;0;3;4.31;3;0;0;13;18.7;13;01:18;01:52;01:18;2,762;4.21;2,170;1,667;573;7;10.06;6;0;0;0;10 minutes;02:13;0;34%;33%;1;1.43;1;84%
sloohy99;2897;0;1;12%;1,028;126;70;0.11;139,728;11,112.75;24,155;8,873;104;8.27;0;0;0;301;23.93;35;14;2.89;267;21.23;37;0;0;0;170;13.52;22;5;13;1;6;58,467;4,649.97;8,849;2,807;54%;83%;490;14;0;0;38;17;8;13;5;0.39;1;4;1;88;6.99;16;12:16;00:58;02:48;58,467;6.44;8,849;23,499;8,386;50;3.97;7;0;0;0;2 hours;19:09;0;35%;61%;42;3.34;6;50%
Smithered;4207;0;0;7%;56;25;15;0.08;14,578;16,864.3;5,371;2,324;14;16.19;0;0;0;13;15.03;4;4;0.92;16;18.5;7;0;0;0;7;8.09;3;1;1;0;0;3,930;4,546.62;1,173;873;42%;77%;38;4;0;0;2;0;1;1;1;1.15;1;0;0;1;1.15;1;00:53;01:01;00:25;3,930;6;1,173;1,518;702;2;2.31;1;0;0;0;10 minutes;0;0;46%;86%;1;1.15;1;25%
SNAKE714;3752;0;0;11%;112;52;37;0.09;33,300;28,602.59;12,486;8,651;8;6.87;0;0;0;39;33.49;14;10;4.87;38;32.64;15;0;1;0;18;15.46;8;1;1;0;0;3,881;3,333.97;1,742;1,228;55%;75%;69;10;0;0;4;1;3;0;0;0;0;0;0;12;10.3;7;02:09;01:50;01:43;3,881;3.22;1,742;1,891;994;6;5.15;3;0;0;0;20 minutes;01:36;0;52%;56%;4;3.43;2;0
SpanishK;2586;0;0;13%;204;83;40;0.15;18,396;12,728.45;8,274;3,629;18;12.45;0;0;0;35;24.21;16;7;1.94;37;25.6;17;0;1;0;17;11.76;8;1;1;0;1;9,901;6,850.78;4,307;1,454;43%;100%;86;7;0;0;4;2;1;1;0;0;0;0;0;18;12.45;10;03:44;02:35;01:50;9,899;7.38;4,307;4,975;1,477;2;1.38;1;0;0;0;22 minutes;03:08;0;29%;46%;6;4.15;4;35%
Spuggtaztic;0;0;0;10%;39;39;25;0.12;4,067;11,668.43;4,067;1,784;5;14.34;0;0;0;8;22.95;8;5;1.6;12;34.43;12;0;0;0;5;14.34;5;0;0;0;0;1,828;5,244.02;1,828;821;54%;54%;22;5;0;0;1;0;0;1;0;0;0;0;0;4;11.47;4;00:11;00:32;00:11;1,828;6.06;1,828;713;373;0;0;0;0;0;0;5 minutes;0;0;52%;52%;0;0;0;0
srilanne;2758;0;0;11%;17;11;11;0.06;2,707;4,839.86;1,417;933;5;8.93;0;0;0;3;5.36;3;2;0.6;5;8.93;4;0;1;1;3;5.36;3;1;1;0;0;1,452;2,595.29;1,104;804;38%;40%;13;2;0;0;2;1;1;1;0;0;0;0;0;0;0;0;00:02;00:04;00:02;1,452;5.27;1,104;485;143;3;5.36;3;0;0;0;4 minutes;0;0;29%;54%;2;3.57;2;0
ss0401bump;2485;0;0;4%;2;2;2;0.02;401;1,945.53;401;401;1;4.84;0;0;0;0;0;0;0;0;1;4.84;1;0;0;0;0;0;0;0;0;0;0;300;1,454.33;300;300;33%;33%;3;0;0;0;0;0;0;0;0;0;0;0;0;0;0;0;00:02;00:09;00:02;300;4.05;300;202;49;0;0;0;0;0;0;1 minute;0;0;24%;24%;0;0;0;0
stiouf3;3519;0;0;11%;46;22;18;0.07;10,193;14,534.62;3,725;1,892;9;12.83;0;0;0;19;27.09;12;7;2.11;21;29.94;9;0;0;0;11;15.68;7;0;1;0;1;3,565;5,083.71;1,833;1,076;55%;100%;38;7;0;0;2;1;1;1;0;0;0;0;0;4;5.7;3;00:48;01:09;00:33;3,565;5.76;1,833;1,266;401;1;1.42;1;0;0;0;10 minutes;01:46;0;31%;33%;4;5.7;3;75%
stormavatar;4505;0;2;15%;664;124;71;0.13;80,409;10,848.13;13,652;6,408;41;5.53;0;0;0;235;31.7;36;21;5.73;166;22.39;25;0;3;1;118;15.91;22;0;7;0;7;16,332;2,203.35;3,569;1,189;56%;85%;296;21;0;0;29;14;1;14;9;1.21;2;3;2;45;6.07;8;06:19;00:51;01:31;16,332;3.41;3,569;9,627;4,177;22;2.96;6;0;0;0;1 hour;11:40;0;43%;49%;29;3.91;7;100%
STRATO-ARCTICA;2431;0;0;8%;155;83;27;0.08;22,752;12,008.78;12,927;3,421;22;11.61;0;0;0;69;36.41;39;9;3.13;50;26.39;28;0;1;1;37;19.52;22;1;2;0;1;5,510;2,908.1;3,139;1,076;43%;44%;114;9;0;0;6;4;0;2;0;0;0;3;1;23;12.13;14;02:04;01:05;01:24;5,510;3.09;3,139;5,703;1,906;9;4.75;5;0;0;0;29 minutes;05:36;0;33%;35%;9;4.75;7;52%
subzilllaa;3870;0;1;15%;704;202;55;0.15;64,767;12,323.38;13,434;4,684;73;13.88;0;0;0;144;27.39;24;10;1.97;142;27.01;33;0;3;0;85;16.17;14;3;5;0;2;21,542;4,098.81;4,326;1,494;50%;63%;283;10;0;0;12;7;3;2;3;0.57;1;0;0;44;8.37;9;05:03;00:57;01:15;21,542;4.62;4,326;8,756;4,592;23;4.37;5;0;0;0;1 hour;07:14;0;52%;59%;18;3.42;4;44%
SugahFree;3000;0;0;4%;2;2;2;0.03;411;8,692.3;411;411;1;21.15;0;0;0;0;0;0;0;0;1;21.15;1;0;0;0;0;0;0;0;0;0;0;111;2,337.65;111;111;33%;33%;3;0;0;0;0;0;0;0;0;0;0;0;0;0;0;0;0;0;0;111;2.14;111;153;44;0;0;0;0;0;0;51.61055802926421 seconds;0;0;28%;0;0;0;0;0
Sundezth;3000;0;0;16%;17;17;10;0.23;1,299;13,594.22;1,299;933;1;10.46;0;0;0;1;10.46;1;1;1;3;31.39;3;0;0;0;1;10.46;1;0;0;0;0;373;3,903.22;373;373;60%;60%;5;1;0;0;0;0;0;0;0;0;0;0;0;0;0;0;0;0;0;373;5.23;373;159;106;0;0;0;0;0;0;1 minute;00:06;0;66%;0;0;0;0;100%
Swegg-Lawdd;4148;0;0;15%;228;127;29;0.12;31,274;13,998.91;14,600;4,992;16;7.16;0;0;0;87;38.94;46;12;5.43;53;23.72;25;0;0;0;49;21.93;28;0;2;0;2;8,548;3,826.32;4,559;1,936;41%;52%;129;12;0;0;9;5;2;2;4;1.79;3;0;0;44;19.69;29;03:25;01:32;02:32;8,548;4.59;4,559;4,052;1,504;5;2.23;4;0;0;0;31 minutes;07:43;0;37%;41%;17;7.6;8;100%
SwiperThe1;4286;0;2;14%;480;146;53;0.11;81,026;15,639.51;15,859;7,048;51;9.84;0;0;0;144;27.79;30;12;2.82;110;21.23;19;0;2;1;80;15.44;15;2;5;1;2;21,456;4,141.47;3,158;2,078;56%;78%;196;12;0;0;15;7;6;3;5;0.96;3;3;2;38;7.33;7;04:20;00:50;01:37;21,456;5.03;3,158;6,869;3,364;25;4.82;5;0;0;0;1 hour;07:17;0;48%;62%;23;4.43;4;46%
T4nh3ngz;3824;0;0;19%;17;17;17;0.09;1,354;3,857.35;1,354;1,354;0;0;0;0;0;8;22.78;8;8;0;6;17.08;6;0;0;0;2;5.69;2;0;0;0;0;1,043;2,970.88;1,043;1,043;42%;42%;14;8;0;0;0;0;0;0;1;2.84;1;0;0;2;5.69;2;00:03;00:09;00:03;1,043;5.81;1,043;387;88;0;0;0;0;0;0;2 minutes;0;0;22%;22%;1;2.84;1;100%
Taimbot;0;0;1;15%;302;131;50;0.13;47,869;16,923.53;17,608;6,829;31;10.95;0;0;0;83;29.34;34;18;2.67;51;18.03;18;0;0;0;46;16.26;18;1;3;0;1;5,484;1,938.76;2,313;600;44%;51%;115;18;0;0;11;4;5;2;1;0.35;1;3;1;30;10.6;15;04:06;01:26;01:59;5,484;2.47;2,313;4,489;1,945;8;2.82;5;0;0;0;36 minutes;06:55;1;43%;40%;15;5.3;8;51%
teehtf;4361;0;7;12%;1,285;235;80;0.13;202,320;18,740.54;24,861;8,305;115;10.65;0;0;0;369;34.17;48;17;3.2;349;32.32;46;0;0;2;227;21.02;28;5;11;0;6;45,680;4,231.25;5,658;2,837;57%;100%;607;17;0;0;36;12;13;11;15;1.38;3;3;1;123;11.39;25;15:20;01:25;02:29;45,680;4.83;5,658;21,063;10,296;54;5;10;0;0;0;2 hours;39:54;0;48%;60%;59;5.46;8;55%
tetiharu;0;0;13;14%;1,794;170;69;0.08;340,419;13,616.78;24,290;7,237;223;8.92;0;0;0;616;24.64;42;17;2.76;580;23.2;41;0;13;1;319;12.76;19;12;25;1;12;131,203;5,248.14;11,680;3,208;48%;69%;1,196;17;0;0;83;32;22;29;7;0.28;3;3;5;249;9.96;22;35:05;01:24;04:09;131,203;6.41;11,680;25,659;12,043;64;2.56;6;0;0;0;5 hours;26:27;2;46%;62%;101;4.04;11;47%
The_Bob_tw;3073;0;0;16%;217;61;25;0.13;19,582;12,325.06;4,881;2,519;26;16.36;0;0;0;52;32.72;14;8;2;50;31.47;12;0;5;0;30;18.88;8;1;2;0;1;8,328;5,241.93;1,689;930;49%;75%;102;8;0;0;6;1;3;2;1;0.62;1;0;0;26;16.36;8;02:38;01:39;00:49;8,328;5.03;1,689;3,217;1,353;8;5.03;3;0;0;0;27 minutes;05:08;0;42%;43%;10;6.29;4;55%
The_Evil_Of_Man;0;0;0;15%;27;20;11;0.08;811;2,428.74;811;411;5;14.98;0;0;0;1;2.99;1;1;0.2;6;13.89;3;0;0;0;1;2.31;1;0;0;0;0;1,150;2,663.38;600;600;46%;50%;13;1;0;0;1;1;0;0;0;0;0;0;0;4;9.26;3;00:07;00:22;00:07;1,150;3.47;600;78;13;0;0;0;0;0;0;3 minutes;0;0;16%;0;3;6.94;2;0
TheBritishMoo;2638;0;0;8%;94;44;18;0.08;19,990;12,457.1;11,528;3,401;14;8.72;0;0;0;38;23.68;19;9;2.71;34;21.18;15;0;1;0;17;10.59;7;1;2;0;0;3,285;2,046.95;1,855;1,286;60%;69%;56;9;0;0;6;2;0;4;2;1.24;2;0;0;14;8.72;8;00:53;00:33;00:40;3,285;2.99;1,855;3,056;1,052;4;2.49;2;0;0;0;18 minutes;00:34;0;34%;36%;6;3.73;3;0
TheCycl3Path;3000;0;0;0;0;0;0;0;892;17,248.95;892;892;1;19.33;0;0;0;2;38.67;2;2;2;0;0;0;0;0;0;0;0;0;0;0;0;0;298;5,763.11;298;298;0;0;3;2;0;0;0;0;0;0;0;0;0;0;0;2;38.67;2;00:05;01:49;00:05;298;4.54;298;84;16;0;0;0;0;0;0;1 minute;0;0;19%;0;0;0;0;0
TheeObamanation;2868;0;0;11%;66;45;21;0.08;7,007;6,170.84;3,104;1,975;13;11.44;0;0;0;15;13.21;7;5;1.15;16;14.09;9;0;0;0;4;3.52;3;1;1;0;0;5,833;5,137.02;2,438;1,138;41%;50%;39;5;0;0;2;1;1;0;0;0;0;3;2;8;7.04;4;02:11;01:55;00:35;5,833;7.73;2,438;2,477;560;0;0;0;0;0;0;12 minutes;00:41;0;22%;0;2;1.76;1;28%
theNichibro;2408;0;0;10%;181;56;33;0.07;39,829;13,313.54;16,745;3,903;25;8.35;0;0;0;74;24.73;32;8;2.96;62;20.72;25;0;0;0;37;12.36;15;2;3;0;1;8,113;2,711.85;4,055;1,500;39%;53%;158;8;0;0;7;1;3;4;0;0;0;3;1;26;8.69;14;03:44;01:15;02:06;8,113;3.27;4,055;4,503;1,683;11;3.67;4;0;0;0;41 minutes;01:17;0;37%;46%;15;5.01;7;31%
TheRagerGamer;3760;0;0;13%;6;6;6;0.03;415;1,405.66;415;324;3;10.14;0;0;0;2;6.76;2;2;0.66;3;10.14;3;0;0;0;2;6.76;2;0;0;0;0;163;549.89;163;163;23%;23%;13;2;0;0;1;0;0;1;0;0;0;0;0;0;0;0;00:03;00:10;00:03;163;0.92;163;161;44;1;3.38;1;0;0;0;2 minutes;0;0;27%;0;0;0;0;0
TheWeissmann40;2915;0;1;13%;82;53;30;0.16;9,992;11,584.8;5,812;3,088;8;9.27;0;0;0;16;18.55;8;5;2;13;15.07;8;0;0;1;10;11.59;6;1;1;0;0;2,599;3,013.24;1,400;714;61%;72%;21;5;0;0;4;1;3;0;1;1.15;1;0;0;6;6.95;3;01:15;01:27;00:51;2,599;5.37;1,400;1,175;590;3;3.47;2;0;0;0;8 minutes;01:16;0;50%;0;2;2.31;2;31%
timohilde86;3478;0;1;12%;473;95;40;0.08;55,908;6,629.53;7,360;5,301;49;5.81;0;0;0;183;21.7;29;11;3.73;139;16.48;19;0;5;1;86;10.19;14;1;8;0;7;25,078;2,973.71;4,977;1,933;54%;100%;254;11;0;0;20;12;4;4;0;0;0;3;1;55;6.52;9;06:40;00:47;01:13;25,078;4.52;4,977;9,454;3,905;12;1.42;4;0;0;0;1 hour;03:27;0;41%;60%;23;2.72;5;84%
tomidaiki;2827;0;0;15%;481;82;28;0.08;70,385;11,045.09;11,417;5,122;92;14.43;0;0;0;128;20.08;22;9;1.39;146;22.91;22;0;2;0;65;10.2;12;4;6;0;2;39,329;6,171.57;6,267;2,202;44%;100%;327;9;0;0;17;7;3;7;3;0.47;1;0;0;53;8.31;11;09:30;01:29;02:21;39,329;6.59;6,267;7,803;3,182;10;1.56;2;0;0;0;1 hour;04:18;0;40%;55%;26;4.08;7;34%
towearacrown;3520;0;2;10%;4;4;4;0.02;2,196;11,435.32;2,196;2,196;1;5.2;0;0;0;8;41.66;8;8;8;70;29.12;30;0;1;0;6;31.24;6;0;0;0;0;8,595;3,576.58;4,506;2,194;57%;100%;122;8;0;0;1;0;0;0;0;0;0;3;2;2;10.41;2;00:03;00:17;00:03;8,595;4.79;4,506;74;37;1;5.2;1;0;0;0;2 minutes;01:20;0;50%;50%;6;2.49;4;100%
TROLL_TATOE123;2891;0;0;10%;14;10;8;0.04;1,130;7,115.14;1,130;400;4;25.18;0;0;0;3;18.89;3;2;0.75;8;14.01;6;0;0;0;2;12.59;2;1;0;0;0;971;1,701.2;522;522;38%;50%;21;2;0;0;0;1;0;0;0;0;0;0;0;1;6.29;1;00:04;00:25;00:04;971;2.92;522;45;8;3;5.25;2;0;0;0;2 minutes;0;0;17%;50%;1;1.75;1;100%
Ultimate-X23;0;0;0;14%;141;141;28;0.11;10,215;11,596.09;10,215;1,157;18;20.43;0;0;0;22;24.97;22;5;1.22;31;35.19;31;0;0;0;14;15.89;14;1;1;0;0;6,227;7,069.04;6,227;985;50%;50%;61;5;0;0;1;0;0;1;0;0;0;0;0;12;13.62;12;02:49;03:12;02:49;6,227;5.27;6,227;2,563;951;1;1.13;1;0;0;0;19 minutes;0;0;37%;37%;5;5.67;5;0
Vince-F95Gunners;3369;0;1;15%;624;135;37;0.11;81,181;10,713.59;12,443;6,728;70;9.23;0;0;0;147;19.39;29;11;2.1;131;17.28;20;0;6;2;77;10.16;14;3;8;0;5;26,698;3,523.3;4,479;1,443;55%;77%;236;11;0;0;21;9;3;8;0;0;0;3;1;47;6.2;9;06:35;00:52;01:37;26,698;5.12;4,479;8,732;4,084;15;1.97;4;0;0;0;1 hour;03:30;2;46%;49%;30;3.95;5;66%
VoSnYb;3961;0;1;18%;290;201;46;0.15;29,094;14,028.97;20,502;3,100;24;11.57;0;0;0;68;32.78;45;9;2.83;56;27;36;0;2;3;41;19.77;28;1;2;0;1;10,504;5,065.02;6,976;1,500;44%;51%;125;9;0;0;7;3;2;1;0;0;0;0;0;16;7.71;9;01:41;00:48;00:46;10,504;5.57;6,976;3,661;1,549;8;3.85;4;0;0;0;31 minutes;05:10;0;42%;46%;10;4.82;8;55%
Wan-0-War;4202;0;0;11%;23;22;19;0.09;3,011;13,139.26;2,328;1,517;2;8.72;0;0;0;13;56.72;12;9;6.5;10;43.63;8;0;0;0;6;26.18;6;0;0;0;0;1,032;4,504.95;732;563;58%;66%;17;9;0;0;1;0;1;0;1;4.36;1;0;0;4;17.45;4;00:10;00:45;00:08;1,032;4.33;732;686;204;2;8.72;1;0;0;0;3 minutes;00:18;0;29%;27%;3;13.09;3;94%
wannchan_1208;3680;0;2;12%;615;116;54;0.07;131,556;12,830.74;16,960;5,703;102;9.94;0;0;0;273;26.62;38;16;2.67;154;15.01;22;0;4;4;130;12.67;23;5;10;0;5;44,028;4,294.09;10,206;1,949;52%;100%;294;16;0;0;31;16;6;9;4;0.39;2;4;4;77;7.5;17;08:05;00:47;01:14;44,028;5.1;10,206;12,279;4,825;18;1.75;5;0;0;0;2 hours;14:17;0;39%;49%;55;5.36;9;50%
WhiteRangerOwnz;2633;0;0;3%;21;14;8;0.05;6,251;16,535.51;3,877;1,734;7;18.51;0;0;0;8;21.16;6;3;1.14;12;31.74;9;0;0;0;2;5.29;2;0;0;0;0;1,468;3,883.23;500;473;46%;64%;26;3;0;0;1;0;0;0;0;0;0;0;0;3;7.93;2;00:23;01:02;00:14;1,468;3.8;500;1,340;552;1;2.64;1;0;0;0;6 minutes;0;0;41%;25%;1;2.64;1;75%
WhitevisionPS;1785;0;0;6%;34;34;25;0.12;6,759;14,282.41;6,759;4,058;4;8.45;0;0;0;9;19.01;9;6;2.25;6;12.67;6;0;0;0;6;12.67;6;0;0;0;0;810;1,712.34;810;338;40%;40%;15;6;0;0;2;0;0;2;0;0;0;0;0;5;10.56;5;00:41;01:26;00:41;810;2.97;810;1,275;530;1;2.11;1;0;0;0;4 minutes;01:01;0;41%;0;1;2.11;1;0
WhiteyBulger;2765;0;6;12%;625;138;68;0.13;61,954;8,292.42;11,495;3,418;57;7.62;0;0;0;164;21.95;37;13;2.87;133;17.8;29;0;2;1;110;14.72;28;4;7;0;4;27,412;3,669.06;5,481;2,554;69%;86%;191;13;0;0;34;6;14;13;1;0.13;1;0;0;65;8.7;15;08:01;01:04;02:06;27,412;5.86;5,481;9,537;5,044;34;4.55;8;0;0;0;1 hour;26:55;10;52%;65%;26;3.48;8;48%
wiktorjor2001;2881;0;0;30%;161;138;82;0.22;9,657;6,186.49;4,900;1,914;13;8.32;0;0;0;15;9.6;12;3;1.15;15;9.6;13;0;1;0;7;4.48;5;2;2;0;0;6,150;3,939.69;3,255;1,209;40%;56%;37;3;0;0;7;0;4;3;0;0;0;0;0;6;3.84;5;01:00;00:38;00:41;6,150;8.7;3,255;1,587;533;2;1.28;2;0;0;0;11 minutes;0;0;33%;37%;2;1.28;2;0
x_CyberHunter_x;3500;0;0;0;0;0;0;0;1,624;17,680.23;1,624;1,561;1;10.89;0;0;0;0;0;0;0;0;1;10.89;1;0;0;0;0;0;0;0;0;0;0;846;9,213.26;846;846;20%;20%;5;0;0;0;0;0;0;0;0;0;0;0;0;0;0;0;0;0;0;846;10.99;846;67;47;0;0;0;0;0;0;1 minute;0;0;70%;0;0;0;0;0
xbLeU;4329;0;0;25%;46;45;18;0.15;4,285;5,524.48;2,778;1,417;6;7.73;0;0;0;5;6.44;5;2;0.83;7;9.02;6;0;0;0;4;5.15;4;1;1;0;0;1,054;1,358.38;900;600;43%;60%;16;2;0;0;3;1;0;1;0;0;0;0;0;1;1.28;1;00:16;00:20;00:16;1,054;3.59;900;538;178;1;1.28;1;0;0;0;4 minutes;0;0;33%;0;1;1.28;1;0
XDaRkFlMeMaSteX;3033;0;0;10%;73;46;20;0.08;9,857;9,594.43;5,526;1,806;11;10.7;0;0;0;35;34.06;23;10;3.18;28;27.25;17;0;0;0;17;16.54;12;1;1;0;0;6,443;6,272.05;3,151;1,792;58%;68%;48;10;0;0;3;1;1;1;2;1.94;2;0;0;14;13.62;10;02:22;02:19;02:00;6,443;7.3;3,151;2,041;668;4;3.89;3;0;0;0;14 minutes;04:35;0;32%;29%;1;0.97;1;24%
Xecrets;3992;0;0;11%;96;66;49;0.14;12,029;18,633.3;5,881;3,697;5;7.74;0;0;0;24;37.17;11;9;4.8;18;27.88;9;0;0;1;15;23.23;6;0;1;0;0;2,535;3,926.59;1,635;1,065;50%;66%;36;9;0;0;2;0;1;1;0;0;0;0;0;12;18.58;8;01:06;01:43;00:36;2,535;3.94;1,635;2,165;855;4;6.19;2;0;0;0;10 minutes;01:22;0;39%;42%;6;9.29;5;57%
XenomorphKiller6;4432;0;0;14%;304;119;75;0.2;31,770;17,926.87;10,294;7,250;13;7.33;0;0;0;55;31.03;16;13;4.23;56;31.59;17;0;0;0;45;25.39;12;1;2;0;1;5,712;3,222.93;2,229;2,229;56%;78%;100;13;0;0;6;3;3;1;0;0;0;0;0;17;9.59;7;03:00;01:42;01:27;5,712;3.86;2,229;3,615;2,039;15;8.46;4;0;0;0;24 minutes;06:40;0;56%;61%;7;3.94;2;30%
xEvery_;3596;0;1;8%;211;88;45;0.09;53,501;21,667.17;16,872;6,105;23;9.31;0;0;0;92;37.25;32;14;4;56;22.67;21;0;0;1;48;19.43;16;1;2;0;1;11,053;4,476.34;4,283;1,431;50%;66%;110;14;0;0;11;4;5;2;3;1.21;2;0;0;44;17.81;18;05:17;02:08;01:57;11,053;5.17;4,283;4,740;2,361;5;2.02;3;0;0;0;35 minutes;05:49;0;49%;55%;20;8.09;9;48%
xI_Ace_Ix;4158;0;1;13%;908;140;43;0.1;144,539;12,229.36;20,966;6,878;76;6.43;0;0;0;326;27.58;46;19;4.28;226;19.12;31;0;5;4;166;14.04;25;0;0;0;0;49,427;4,182.01;6,036;1,921;52%;68%;427;19;0;0;0;0;0;0;7;0.59;2;4;2;133;11.25;20;18:53;01:35;03:07;49,427;5.74;6,036;13,974;6,530;22;1.86;5;0;0;0;8.538553011603653 seconds;08:06;0;46%;57%;67;5.66;10;47%
XTheFunPolice;3609;0;0;13%;121;96;41;0.17;16,859;15,927.14;12,115;5,669;6;5.66;0;0;0;17;16.06;14;6;2.83;18;17;14;0;0;0;8;7.55;6;1;1;0;1;2,763;2,610.14;1,638;807;39%;66%;46;6;0;0;3;1;2;1;0;0;0;0;0;4;3.77;3;01:09;01:06;01:09;2,763;4.03;1,638;1,685;887;3;2.83;2;0;0;0;11 minutes;01:01;0;52%;0;2;1.88;2;51%
xtrickharder_esp;4148;0;0;13%;62;44;25;0.11;11,383;21,348.84;6,898;2,796;8;15;0;0;0;15;28.13;8;4;1.87;10;18.75;5;0;0;0;7;13.12;5;0;1;0;0;2,794;5,240.34;1,118;832;40%;50%;25;4;0;0;2;1;0;1;1;1.87;1;0;0;7;13.12;4;00:18;00:34;00:10;2,794;5.25;1,118;989;470;1;1.87;1;0;0;0;8 minutes;0;0;47%;53%;3;5.62;3;39%
XxDPROxSKILLZxX;4664;0;1;10%;482;102;60;0.1;87,878;16,748.29;15,698;6,752;59;11.24;0;0;0;165;31.44;37;15;2.79;124;23.63;31;0;1;1;98;18.67;23;2;5;1;3;25,870;4,930.42;5,030;1,660;51%;75%;241;15;0;0;20;7;7;7;6;1.14;1;3;1;66;12.57;15;07:44;01:28;02:08;25,870;5.87;5,030;10,495;4,654;18;3.43;5;0;0;0;1 hour;11:00;0;44%;51%;27;5.14;7;56%
YoungShimada;3380;0;0;18%;2;2;2;0.02;863;10,381.68;863;723;2;24.06;0;0;0;34;33.33;14;6;2.61;30;29.41;13;0;2;0;20;19.61;8;0;0;0;1;5,193;5,091.62;2,054;1,157;51%;62%;58;6;0;0;0;0;1;0;2;1.96;1;0;0;16;15.68;7;01:17;01:15;00:38;5,193;4.7;2,054;42;11;4;3.92;2;0;0;0;1 minute;01:16;0;26%;26%;10;9.8;6;70%
Zcity9;2900;0;1;9%;112;63;30;0.14;11,172;10,879.32;8,262;2,902;10;9.73;0;0;0;26;25.31;24;6;2.6;25;24.34;15;0;0;0;14;13.63;13;1;1;0;0;4,971;4,840.35;3,371;1,039;55%;75%;45;6;0;0;2;1;0;1;0;0;0;3;1;10;9.73;10;01:36;01:33;01:22;4,971;6.48;3,371;3,277;1,139;0;0;0;0;0;0;12 minutes;00:21;0;34%;31%;4;3.89;4;0
Zealousx;3334;0;0;5%;66;43;14;0.04;19,761;9,951.51;11,967;2,617;21;10.57;0;0;0;25;12.58;21;6;1.19;22;11.07;15;0;0;0;18;9.06;14;1;2;0;1;3,655;1,840.35;2,154;600;34%;46%;63;6;0;0;6;5;1;1;1;0.5;1;0;0;7;3.52;7;01:26;00:43;01:05;3,655;2.58;2,154;2,973;1,111;6;3.02;4;0;0;0;23 minutes;01:18;0;37%;0;5;2.51;5;49%
ZeeTee_;4140;0;9;16%;2,899;268;68;0.14;415,678;17,709.64;27,358;9,957;258;10.99;0;0;0;739;31.48;45;23;2.86;662;28.2;44;0;5;2;421;17.93;29;10;23;1;12;87,492;3,727.52;5,464;1,997;53%;100%;1,226;23;0;0;77;31;23;23;18;0.76;2;5;9;185;7.88;15;19:30;00:49;01:44;87,492;4.31;5,464;33,298;17,784;90;3.83;10;0;0;0;5 hours;45:24;3;53%;65%;124;5.28;10;51%
zelda3232001;3446;0;0;10%;112;32;20;0.06;26,461;8,656.26;8,451;4,174;14;4.57;0;0;0;54;17.66;13;12;3.85;31;10.14;8;0;1;0;23;7.52;7;1;3;0;2;8,684;2,840.82;3,752;1,808;46%;61%;67;12;0;0;9;3;2;4;3;0.98;3;0;0;21;6.86;7;03:34;01:10;01:28;8,684;4.9;3,752;3,214;1,090;4;1.3;2;0;0;0;29 minutes;01:12;0;33%;41%;8;2.61;2;77%
zousan-_-;2335;0;1;16%;66;50;41;0.07;8,434;4,981.31;3,864;1,756;13;7.67;0;0;0;15;8.85;7;5;1.15;13;7.67;7;0;0;0;10;5.9;4;1;2;0;0;5,102;3,013.27;2,670;1,500;43%;50%;30;5;0;0;7;2;2;3;0;0;0;0;0;7;4.13;3;01:33;00:55;01:05;5,102;5.93;2,670;1,363;395;1;0.59;1;0;0;0;14 minutes;0;0;28%;0;2;1.18;2;20%
