abra84kadabra;2388;0;0;1;8;0;0;0;0;0;144,418;4,462;5,672;204,801;6,328.22;7,469;4,840;284;8.77;0;0;0;570;17.61;35;15;2;0;0;0;0;0;0;2,326,300;10;0;184;5.68;13;16;32;0;16;2.31;7;0;0;0;0;234;7.23;19;15;0.25;596,630;75;80;18;29;33;2;0.06;1;4;7;292;9.02;23;01:12:04;02:13;03:48;0;0;0;1,120;34.6;45;0;0;0;3,165;884;24;0.74;4;0;0;0;6 hours;23:59;0;0;55;27%;66%;49%
Actualsim;0;0;0;0;0;20%;1;1;1;0.04;2,671;9,924;2,671;121;2,891.26;121;121;1;23.89;0;0;0;11;40.87;11;4;1.57;0;0;0;0;0;0;37,400;3;0;1;3.71;1;0;0;0;0;3.71;1;118;2,817;118;118;5;18.57;5;4;0.28;10,766;1;0;0;0;0;0;0;0;0;0;6;22.29;6;00:43;02:43;00:43;0;0;0;15;55.73;15;40;1.66;40;24;5;0;0;0;0;0;0;23.747899003326893 seconds;0;0;0;0;20%;0;0
aisia121;4402;0;0;1;0;0;0;0;0;0;2,843;7,441;2,843;372;7,452.73;372;372;1;20.01;0;0;0;6;15.7;6;4;2;0;0;0;0;0;0;28,400;0;0;2;5.23;2;0;0;0;0;5.23;2;0;0;0;0;3;7.85;3;4;0.5;14,423;2;0;0;0;1;0;0;0;0;0;1;2.61;1;00:44;01:57;00:44;0;0;0;13;34.02;13;0;0;0;48;21;0;0;0;0;0;0;32.2428550189361 seconds;01:55;0;0;0;43%;0;100%
AkimboMistiK;4165;0;0;0;0;0;0;0;0;0;3,625;8,672;2,357;4,345;10,394.98;2,961;1,648;5;11.96;0;0;0;11;26.31;7;7;2.2;0;0;0;0;0;0;35,500;0;0;4;9.56;2;0;0;0;0;4.78;1;0;0;0;0;7;16.74;6;7;0.36;12,890;2;1;1;0;0;0;0;0;0;0;5;11.96;3;00:41;01:38;00:24;0;0;0;15;35.88;8;0;0;0;41;12;0;0;0;0;0;0;5 minutes;00:02;0;0;0;29%;39%;43%
akira082219;2925;0;0;1;0;0;0;0;0;0;3,310;12,421;3,310;6,216;23,322.42;6,216;4,278;3;11.25;0;0;0;6;22.51;6;5;2;0;0;0;0;0;0;27,000;0;0;2;7.5;2;0;0;0;0;3.75;1;0;0;0;0;6;22.51;6;5;0.51;13,994;1;1;1;0;0;0;0;0;0;0;4;15;4;00:35;02:14;00:35;0;0;0;18;67.53;18;0;0;0;98;49;0;0;0;0;0;0;4 minutes;0;0;0;0;50%;50%;0
Akodak;3000;0;0;1;27;0;0;0;0;0;280,246;7,876;13,150;444,548;12,494.29;30,718;9,134;271;7.61;0;0;0;993;27.9;52;28;3.66;0;0;0;0;0;0;2,995,800;14;0;312;8.76;21;18;36;3;14;6.68;15;0;0;0;0;727;20.43;50;28;0.45;1,369,930;238;118;33;53;32;8;0.22;2;4;33;524;14.72;32;01:08:52;01:56;03:54;0;0;0;1,799;50.56;88;0;0;0;9,185;3,417;26;0.73;4;0;0;0;8 hours;01:33:30;0;0;0;37%;57%;39%
Alelksan;0;0;0;1;0;0;0;0;0;0;1,394;15,806;1,394;3,851;43,675.07;3,851;3,344;1;11.34;0;0;0;4;45.36;4;3;4;0;0;0;0;0;0;11,900;0;0;2;22.68;2;0;0;0;0;0;0;0;0;0;0;3;34.02;3;3;0.59;7,057;0;0;0;0;0;0;0;0;0;0;4;45.36;4;00:28;05:20;00:28;0;0;0;4;45.36;4;0;0;0;31;19;0;0;0;0;0;0;1 minute;00:04;0;0;0;61%;61%;100%
AllStatsDown;4102;0;0;1;4;0;0;0;0;0;73,061;8,391;11,872;125,637;14,428.51;20,371;7,736;77;8.84;0;0;0;305;35.02;47;16;3.96;0;0;0;0;0;0;783,300;7;0;104;11.94;20;3;9;0;6;5.85;11;0;0;0;0;174;19.98;40;16;0.36;282,767;51;27;3;7;17;7;0.8;3;3;7;129;14.81;24;14:29;01:39;02:25;0;0;0;403;46.28;70;0;0;0;1,067;439;12;1.37;3;0;0;0;2 hours;21:09;0;0;0;41%;53%;63%
AmaZem-;4019;0;0;1;0;0;0;0;0;0;7,845;9,736;5,276;14,974;18,581.86;10,983;5,905;9;11.16;0;0;0;29;35.98;21;10;3.22;0;0;0;0;0;0;82,800;0;0;6;7.44;6;0;1;0;1;16.13;8;0;0;0;0;26;32.26;20;10;0.41;34,463;13;2;0;2;1;0;0;0;5;3;17;21.09;12;00:59;01:13;00:51;0;0;0;36;44.67;23;0;0;0;146;80;0;0;0;0;0;0;13 minutes;03:35;0;0;0;54%;0;65%
angels_fan_44;0;0;0;1;0;0;0;0;0;0;11,238;4,743;8,450;24,086;10,166.57;17,943;4,041;24;10.13;0;0;0;46;19.41;38;10;1.91;0;0;0;0;0;0;165,600;0;0;21;8.86;18;2;2;0;0;2.95;6;0;0;0;0;16;6.75;15;10;0.24;40,457;7;7;1;4;2;1;0.42;1;0;0;20;8.44;16;03:43;01:34;02:32;0;0;0;58;24.48;44;0;0;0;255;144;5;2.11;4;0;0;0;27 minutes;04:50;0;0;12;56%;59%;0
APurplePanduh;4466;0;0;0;0;0;0;0;0;0;7,343;6,032;4,090;13,430;11,032.8;8,032;2,460;9;7.39;0;0;0;32;26.28;23;11;3.55;0;0;0;0;0;0;84,400;0;1;15;12.32;11;0;1;0;1;4.1;3;0;0;0;0;15;12.32;15;11;0.3;25,459;5;5;1;2;2;0;0;0;0;0;16;13.14;12;01:45;01:26;01:10;0;0;0;43;35.32;22;0;0;0;152;51;1;0.82;1;0;0;0;14 minutes;00:57;0;0;0;33%;43%;100%
Arash1994;3986;0;0;1;5;0;0;0;0;0;60,212;6,520;8,645;118,447;12,826.81;20,086;7,407;48;5.19;0;0;0;278;30.1;45;19;5.79;0;0;0;0;0;0;672,600;0;0;84;9.09;18;2;9;0;7;7.14;10;0;0;0;0;164;17.75;30;19;0.35;240,122;66;30;7;12;11;2;0.21;1;4;9;135;14.61;22;15:44;01:42;03:04;0;0;0;297;32.16;46;0;0;0;1,340;658;12;1.29;4;0;0;0;1 hour;22:30;0;0;0;49%;73%;80%
ATLXyphes;3256;0;0;1;6;0;0;0;0;0;72,799;4,926;5,995;130,439;8,825.3;13,554;6,268;65;4.39;0;0;0;405;27.4;35;18;6.23;0;0;0;0;0;0;972,700;2;0;141;9.53;15;0;15;0;14;4.6;10;0;0;0;0;209;14.14;21;18;0.37;364,674;68;41;12;12;17;2;0.13;1;4;8;164;11.09;22;23:41;01:36;02:40;0;0;0;404;27.33;41;0;0;0;1,068;376;15;1.01;3;0;0;0;2 hours;25:41;0;0;4;35%;62%;96%
AustinC209x;3000;0;0;0;1;0;0;0;0;0;1,671;2,132;1,465;5,366;6,848.69;4,575;4,037;4;5.1;0;0;0;11;14.03;10;8;2.75;0;0;0;0;0;0;32,600;0;0;5;6.38;5;0;1;0;1;1.27;1;0;0;0;0;6;7.65;6;8;0.28;9,317;1;2;1;1;1;0;0;0;0;0;0;0;0;0;0;0;0;0;0;13;16.59;12;0;0;0;46;32;0;0;0;0;0;0;5 minutes;0;0;0;0;69%;74%;100%
AutoBots_Kick_A;2901;0;0;1;57;0;0;0;0;0;549,834;6,281;10,130;1,038,030;11,857.13;21,301;15,391;439;5.01;0;0;0;2,325;26.55;45;29;5.29;0;0;0;0;0;0;6,832,600;12;2;884;10.09;24;38;88;6;43;5.59;14;0;0;0;0;1,450;16.56;38;29;0.39;2,721,575;490;249;71;104;74;5;0.05;1;4;38;1,203;13.74;29;02:04:30;01:25;03:09;0;0;0;3,900;44.54;63;0;0;0;11,504;5,621;123;1.4;8;0;0;0;18 hours;02:54:25;0;0;36;48%;76%;49%
AyoKlaus;0;0;0;0;1;0;0;0;0;0;3,502;3,502;3,502;6,330;6,329.7;6,330;2,751;1;0.99;0;0;0;19;18.99;19;10;19;0;0;0;0;0;0;34,900;0;0;9;8.99;9;0;1;0;1;3.99;4;0;0;0;0;11;10.99;11;10;0.39;13,865;4;4;0;3;1;1;0.99;1;3;1;8;7.99;8;00:46;00:45;00:46;0;0;0;20;19.99;20;0;0;0;33;17;2;1.99;2;0;0;0;5 minutes;01:01;0;0;1;51%;51%;100%
bboyer123;2553;0;0;0;0;0;0;0;0;0;1,123;2,713;1,123;3,813;9,214.6;3,813;2,232;4;9.66;0;0;0;8;19.33;8;5;2;0;0;0;0;0;0;29,500;0;0;4;9.66;4;0;0;0;0;0;0;0;0;0;0;0;0;0;5;0.07;2,206;0;0;0;0;0;0;0;0;0;0;2;4.83;2;00:17;00:41;00:17;0;0;0;11;26.58;11;0;0;0;27;11;0;0;0;0;0;0;4 minutes;0;0;0;0;40%;0;100%
BEBOFLOW-PR;3689;0;0;0;0;0;0;0;0;0;48,659;8,375;6,988;78,366;13,488.82;13,700;5,538;73;12.56;0;0;0;188;32.35;37;11;2.57;0;0;0;0;0;0;560,100;2;0;46;7.91;9;3;6;0;3;7.05;11;0;0;0;0;64;11.01;13;11;0.29;162,578;41;14;8;2;4;0;0;0;4;7;89;15.31;18;09:33;01:38;02:06;0;0;0;288;49.57;43;0;0;0;1,249;536;6;1.03;2;0;0;0;1 hour;03:15;0;0;0;42%;49%;46%
BEN-B-en;0;0;0;1;57;0;0;0;0;0;1,368,711;6,770;13,768;2,835,494;14,024.07;31,518;10,527;1,726;8.53;0;0;0;5,295;26.18;51;25;3.06;0;0;0;0;0;0;16,496,600;40;3;1,955;9.66;27;92;202;7;103;5.96;21;0;0;0;0;3,235;15.99;39;25;0.38;6,426,734;1,206;562;213;158;191;36;0.17;2;5;133;2,276;11.25;25;05:00:44;01:29;04:15;0;0;0;6,465;31.97;60;0;0;0;24,183;12,379;191;0.94;4;0;0;0;45 hours;05:48:53;0;0;12;51%;100%;51%
BhaagMilkhaBhaag;3000;0;0;0;0;0;0;0;0;0;1,133;2,510;1,133;2,220;4,917.57;2,220;547;5;11.07;0;0;0;11;24.36;11;4;2.2;0;0;0;0;0;0;39,000;0;0;3;6.64;3;0;0;0;0;11.07;5;0;0;0;0;0;0;0;4;0.08;3,266;5;1;1;0;0;0;0;0;0;0;9;19.93;9;00:44;01:38;00:44;0;0;0;12;26.58;12;0;0;0;32;16;0;0;0;0;0;0;6 minutes;0;0;0;0;50%;0;0
bhmazz;2534;0;0;0;0;0;0;0;0;0;22,923;6,229;3,576;35,257;9,580.06;6,737;4,397;31;8.42;0;0;0;72;19.56;15;9;2.32;0;0;0;0;0;0;270,000;0;0;29;7.87;10;0;0;0;1;2.44;3;0;0;0;0;41;11.14;8;9;0.33;90,406;9;0;0;1;0;0;0;0;3;1;35;9.51;6;05:43;01:33;01:17;0;0;0;129;35.05;22;0;0;0;359;156;5;1.35;2;0;0;0;9.64270700328052 seconds;03:07;0;0;0;43%;42%;35%
BloodHoundHD;4088;0;0;0;0;0;0;0;0;0;4,935;6,483;3,535;8,951;11,756.7;7,816;2,204;8;10.5;0;0;0;10;13.13;8;3;1.25;0;0;0;0;0;0;59,500;0;0;3;3.94;2;1;1;0;0;2.62;2;0;0;0;0;4;5.25;2;3;0.23;14,004;2;3;1;2;0;0;0;0;0;0;3;3.94;2;00:16;00:21;00:11;0;0;0;22;28.89;18;0;0;0;30;8;2;2.62;1;0;0;0;9 minutes;0;0;0;0;26%;0;6%
blueschopper0628;1959;0;0;1;183;0;0;0;0;0;1,696,007;5,325;11,508;2,881,519;9,047.51;22,561;7,134;3,275;10.28;0;0;0;6,001;18.84;45;23;1.83;0;0;0;0;0;0;24,268,400;28;8;1,992;6.25;16;147;318;19;152;3.83;13;0;0;0;0;2,934;9.21;35;23;0.3;7,333,499;1,221;723;307;173;243;17;0.05;2;5;115;3,001;9.42;29;07:48:41;01:28;04:31;0;0;0;10,757;33.77;74;0;0;0;41,430;13,068;303;0.95;5;2;0;0;67 hours;05:13:16;0;0;162;31%;76%;47%
boJangles408;2209;0;0;0;0;0;0;0;0;0;179;4,117;179;118;2,712.4;118;118;0;0;0;0;0;0;0;0;0;0;0;0;0;0;0;0;2,900;0;0;0;0;0;0;0;0;0;0;0;0;0;0;0;0;0;0;0;0.07;230;0;0;0;0;0;0;0;0;0;0;0;0;0;00:01;00:26;00:01;0;0;0;0;0;0;0;0;0;7;0;0;0;0;0;0;0;29.669817022047937 seconds;0;0;0;0;0;0;0
boneh;3996;0;0;0;1;0;0;0;0;0;4,931;2,028;2,811;9,392;3,862.12;5,796;2,215;3;1.23;0;0;0;42;17.27;24;9;14;0;0;0;0;0;0;89,200;0;0;20;8.22;10;0;2;0;2;1.23;2;0;0;0;0;11;4.52;10;9;0.18;16,930;3;6;3;2;1;2;0.82;2;0;0;8;3.28;6;01:08;00:28;00:32;0;0;0;31;12.74;13;0;0;0;38;13;4;1.64;3;0;0;0;14 minutes;02:15;0;0;0;34%;66%;100%
Buahahahaha;2770;0;0;1;12;0;0;0;0;0;174,943;6,419;11,833;238,899;8,765.88;19,039;4,891;261;9.57;0;0;0;589;21.61;55;12;2.25;0;0;0;0;0;0;2,159,800;4;3;210;7.7;21;13;27;1;13;5.21;12;0;0;0;0;359;13.17;39;12;0.36;789,624;142;68;22;23;22;4;0.14;2;4;12;320;11.74;31;47:11;01:43;03:30;0;0;0;953;34.96;62;0;0;0;1,714;885;33;1.21;7;0;0;0;5 hours;57:40;0;0;4;51%;100%;48%
bub_THe-_-Gr8;2378;0;0;0;0;0;0;0;0;0;19,474;5,648;5,955;24,103;6,990.74;6,668;3,398;37;10.73;0;0;0;52;15.08;17;14;1.4;0;0;0;0;0;0;239,900;1;0;18;5.22;7;3;3;1;0;2.9;5;0;0;0;0;23;6.67;9;14;0.24;59,836;10;8;2;2;4;0;0;0;3;1;35;10.15;13;05:54;01:42;02:19;0;0;0;87;25.23;25;0;0;0;199;76;4;1.16;3;0;0;0;39 minutes;00:36;0;0;0;38%;58%;11%
BubbbleBasss;3060;0;0;0;1;0;0;0;0;0;11,322;7,040;7,216;27,493;17,095.74;16,991;3,351;21;13.05;0;0;0;65;40.41;45;10;3.09;0;0;0;0;0;0;160,900;0;0;26;16.16;17;0;2;0;2;6.84;9;0;0;0;0;28;17.41;20;10;0.3;49,453;11;7;0;4;2;0;0;0;0;0;29;18.03;19;04:50;03:00;03:55;0;0;0;68;42.28;49;0;0;0;199;103;4;2.48;3;0;0;0;26 minutes;05:50;0;0;0;51%;40%;100%
buraki35;4286;0;0;0;0;0;0;0;0;0;2,250;2,250;2,250;3,881;3,880.63;3,881;2,111;3;3;0;0;0;19;19;19;9;6.33;0;0;0;0;0;0;45,100;0;0;6;6;6;0;1;0;1;3;3;0;0;0;0;6;6;6;9;0.16;7,503;3;2;1;1;0;0;0;0;0;0;5;5;5;01:20;01:20;01:20;0;0;0;24;24;24;0;0;0;117;37;1;1;1;0;0;0;7 minutes;00:17;0;0;2;31%;31%;100%
CapuSound99;1958;0;0;0;0;0;0;0;0;0;8,926;6,904;3,516;12,278;9,496.32;4,722;1,697;20;15.46;0;0;0;28;21.65;11;6;1.4;0;0;0;0;0;0;113,400;0;0;7;5.41;3;1;1;0;0;4.64;4;0;0;0;0;6;4.64;4;6;0.19;22,322;6;4;2;1;1;2;1.54;1;4;1;14;10.82;5;03:52;03:00;02:02;0;0;0;23;17.78;12;0;0;0;64;21;0;0;0;0;0;0;18 minutes;00:55;0;0;0;32%;36%;0
Cassia7;3776;0;0;1;12;0;0;0;0;0;204,356;9,790;13,883;418,326;20,039.53;28,986;9,053;185;8.86;0;0;0;655;31.37;47;17;3.54;0;0;0;0;0;0;1,770,100;3;0;255;12.21;20;9;21;1;11;6.46;13;0;0;0;0;491;23.52;37;17;0.47;837,662;135;72;20;33;19;2;0.09;1;4;11;272;13.02;29;33:26;01:36;02:40;0;0;0;980;46.94;66;0;0;0;3,484;1,658;15;0.71;3;0;0;0;4 hours;52:17;0;0;5;47%;100%;52%
ChaLiWang;3191;0;0;1;22;0;0;0;0;0;177,075;6,327;11,159;407,322;14,553.1;24,632;8,824;150;5.35;0;0;0;968;34.58;55;30;6.45;0;0;0;0;0;0;1,943,000;2;2;411;14.68;28;6;28;0;22;8.75;18;0;0;0;0;712;25.43;49;30;0.47;914,454;245;98;28;45;25;3;0.1;1;5;32;330;11.79;32;29:42;01:03;02:06;0;0;0;664;23.72;40;0;0;0;3,848;1,915;67;2.39;9;0;0;0;5 hours;02:06:15;0;0;8;49%;70%;77%
Chimichanga49er;3611;0;0;0;2;0;0;0;0;0;10,868;3,803;4,030;22,883;8,006.68;8,428;3,846;12;4.19;0;0;0;62;21.69;30;12;5.16;0;0;0;0;0;0;160,700;0;0;21;7.34;11;0;3;0;3;5.59;9;0;0;0;0;25;8.74;9;12;0.29;47,605;16;9;2;2;4;0;0;0;4;1;28;9.79;13;03:44;01:18;01:27;0;0;0;71;24.84;21;0;0;0;198;105;2;0.69;2;0;0;0;26 minutes;10:03;0;0;0;53%;61%;100%
Chinmokunouta;3000;0;0;0;0;0;0;0;0;0;1,443;4,702;1,443;2,385;7,773.64;2,385;1,459;3;9.77;0;0;0;3;9.77;3;2;1;0;0;0;0;0;0;20,400;0;0;2;6.51;2;0;0;0;0;3.25;1;0;0;0;0;1;3.25;1;2;0.24;4,994;1;1;0;0;1;0;0;0;0;0;1;3.25;1;00:04;00:13;00:04;0;0;0;8;26.07;8;0;0;0;47;17;1;3.25;1;0;0;0;3 minutes;0;0;0;0;36%;0;0
Chuni-Byo;3534;0;0;1;9;0;0;0;0;0;213,874;7,709;16,521;435,508;15,698.03;35,477;9,414;184;6.63;0;0;0;722;26.02;55;21;3.92;0;0;0;0;0;0;2,010,800;0;0;252;9.08;24;11;28;1;17;6.7;20;0;0;0;0;493;17.77;48;21;0.42;855,656;186;81;33;18;30;3;0.1;1;6;23;312;11.24;32;36:44;01:19;03:21;0;0;0;994;35.82;72;0;0;0;3,646;1,879;30;1.08;4;0;0;0;5 hours;44:34;0;0;5;51%;77%;59%
Cinnabon_Man;2987;0;0;0;3;0;0;0;0;0;7,926;3,559;4,906;15,543;6,978.8;7,625;3,202;4;1.79;0;0;0;56;25.14;28;12;14;0;0;0;0;0;0;130,600;0;0;21;9.42;10;0;2;0;2;3.59;4;0;0;0;0;22;9.87;16;12;0.28;37,733;8;7;2;4;0;1;0.44;1;3;1;37;16.61;21;04:15;01:54;02:52;0;0;0;65;29.18;36;0;0;0;228;99;2;0.89;1;0;0;0;21 minutes;01:39;0;0;0;43%;55%;100%
CragtheLAD;2931;0;0;1;1;0;0;0;0;0;7,074;7,074;7,074;15,054;15,053.77;15,054;3,357;5;4.99;0;0;0;29;28.99;29;7;5.8;0;0;0;0;0;0;69,600;0;0;15;14.99;15;0;1;0;1;10.99;11;0;0;0;0;25;24.99;25;7;0.52;36,391;11;4;0;4;0;0;0;0;4;1;10;9.99;10;00:40;00:40;00:40;0;0;0;40;39.99;40;0;0;0;147;97;2;1.99;2;0;0;0;11 minutes;01:09;0;0;0;65%;65%;100%
crimsonview93;2446;0;0;0;0;0;0;0;0;0;25,474;6,059;4,366;47,983;11,412.6;10,008;5,759;46;10.94;0;0;0;104;24.73;23;12;2.26;0;0;0;0;0;0;343,900;0;0;44;10.46;9;2;4;1;1;5.23;7;0;0;0;0;44;10.46;13;12;0.25;86,073;22;14;5;3;7;0;0;0;4;4;51;12.13;14;06:19;01:30;01:36;0;0;0;131;31.15;24;0;0;0;765;396;9;2.14;2;0;0;0;57 minutes;08:55;0;0;3;51%;58%;34%
CrispeChris;3343;0;0;1;79;0;0;0;0;0;753,214;6,316;13,916;1,531,912;12,845.99;27,306;13,538;746;6.25;0;0;0;3,777;31.67;56;25;5.06;0;0;0;0;0;0;8,385,300;16;5;1,409;11.81;29;15;119;2;102;6.99;21;0;0;0;0;2,594;21.75;45;25;0.43;3,670,300;834;331;108;110;113;33;0.27;3;6;99;1,394;11.68;28;02:26:25;01:13;03:34;0;0;0;3,959;33.19;57;0;0;0;16,811;8,098;183;1.53;6;3;0;0;23 hours;06:09:44;0;0;23;48%;80%;85%
cyber_animaI;4399;0;0;1;23;0;0;0;0;0;253,921;6,798;10,191;466,963;12,501.54;17,749;9,623;237;6.34;0;0;0;1,231;32.95;50;27;5.19;0;0;0;0;0;0;2,791,800;6;2;429;11.48;21;13;37;1;24;7.3;17;0;0;0;0;884;23.66;44;27;0.45;1,270,916;273;119;33;43;42;3;0.08;1;6;41;496;13.27;27;55:42;01:29;04:22;0;0;0;1,449;38.79;61;0;0;0;7,230;3,177;33;0.88;3;0;0;0;7 hours;01:58:21;0;0;0;43%;71%;63%
CyberBuIIying;4034;0;0;1;2;0;0;0;0;0;34,669;5,509;6,106;77,722;12,351.19;13,901;5,951;41;6.51;0;0;0;191;30.35;32;25;4.65;0;0;0;0;0;0;440,600;1;1;65;10.32;15;1;6;0;6;6.67;11;0;0;0;0;108;17.16;23;25;0.38;168,597;42;17;4;3;10;0;0;0;4;4;63;10.01;13;05:39;00:53;01:27;0;0;0;146;23.2;35;0;0;0;905;449;20;3.17;4;0;0;0;1 hour;15:07;0;0;1;49%;63%;87%
Daralys;2232;0;0;0;0;4%;2;2;1;0;344;1,216;344;1,280;1,356.29;1,280;330;9;9.53;0;0;0;3;3.17;3;1;0.33;0;0;0;0;0;0;9,800;1;2;2;2.11;2;1;1;0;0;0;0;1,951;2,067;1,951;580;0;0;0;1;0.11;1,109;0;4;1;2;1;0;0;0;0;0;1;1.05;1;00:33;00:35;00:33;0;0;0;4;14.13;4;855;1.77;855;224;48;2;2.11;2;0;0;0;8 minutes;0;0;0;0;21%;21%;0
da-rhinoboy;2798;0;0;0;0;0;0;0;0;0;7,799;6,470;2,807;8,084;6,706.7;3,325;1,324;11;9.12;0;0;0;23;19.08;15;7;2.09;0;0;0;0;0;0;96,400;0;0;4;3.31;2;1;1;0;0;1.65;1;0;0;0;0;13;10.78;8;7;0.31;30,173;2;3;1;1;2;0;0;0;0;0;13;10.78;11;02:18;01:55;01:42;0;0;0;32;26.54;12;0;0;0;50;16;0;0;0;0;0;0;16 minutes;00:00;0;0;0;32%;33%;8%
DEVIL_SHADOW_KSA;3731;0;0;0;0;0;0;0;0;0;10,558;8,962;5,892;13,856;11,761.4;6,954;3,321;19;16.12;0;0;0;34;28.85;21;12;1.78;0;0;0;0;0;0;110,200;1;0;6;5.09;5;1;1;0;0;1.69;2;0;0;0;0;17;14.42;11;12;0.29;32,158;2;4;1;0;2;0;0;0;0;0;15;12.73;11;02:53;02:27;01:57;0;0;0;54;45.83;30;0;0;0;87;31;1;0.84;1;0;0;0;18 minutes;00:33;0;0;0;35%;41%;41%
Diamondsdust_;0;0;0;1;0;0;0;0;0;0;6,883;7,097;5,802;17,504;18,046.21;14,834;7,409;7;7.21;0;0;0;18;18.55;17;10;2.57;0;0;0;0;0;0;69,900;0;0;5;5.15;5;1;1;0;0;7.21;7;0;0;0;0;12;12.37;12;10;0.45;31,701;7;4;1;2;1;0;0;0;4;1;10;10.3;9;01:27;01:29;01:27;0;0;0;38;39.17;30;0;0;0;176;123;1;1.03;1;0;0;0;11 minutes;01:32;0;0;0;69%;0;0
DifferentD;3517;0;0;1;6;0;0;0;0;0;217,798;5,748;7,471;345,849;9,126.74;13,793;6,402;376;9.92;0;0;0;726;19.15;33;17;1.93;0;0;0;0;0;0;3,148,400;7;4;196;5.17;10;19;38;2;17;4.11;9;0;0;0;0;337;8.89;20;17;0.29;927,853;156;85;24;36;26;1;0.02;1;5;12;405;10.68;21;01:13:02;01:55;03:26;0;0;0;1,054;27.81;36;0;0;0;9,870;4,191;24;0.63;2;0;0;0;8 hours;32:54;0;0;3;42%;72%;44%
Divinity-X-;4116;0;0;1;7;0;0;0;0;0;65,331;9,669;18,258;105,853;15,666.37;26,109;5,446;50;7.4;0;0;0;262;38.77;55;18;5.24;0;0;0;0;0;0;631,600;0;1;80;11.84;20;2;7;0;4;6.21;10;0;0;0;0;141;20.86;43;18;0.41;262,638;42;23;4;7;12;4;0.59;2;4;5;111;16.42;27;11:19;01:40;02:32;0;0;0;349;51.65;84;0;0;0;1,310;557;9;1.33;3;0;0;0;1 hour;22:54;0;0;0;42%;47%;58%
doa3f2p;3304;0;0;1;12;0;0;0;0;0;101,451;6,054;10,205;205,344;12,253.4;22,071;7,452;105;6.26;0;0;0;551;32.87;55;22;5.24;0;0;0;0;0;0;1,224,400;3;0;210;12.53;22;7;17;0;10;6.38;12;0;0;0;0;366;21.84;42;22;0.4;497,758;107;62;13;25;24;0;0;0;4;11;263;15.69;33;26:49;01:36;03:42;0;0;0;524;31.26;54;0;0;0;1,865;869;18;1.07;3;0;0;0;3 hours;51:41;0;0;1;46%;66%;59%
DramaticMango;2345;0;0;0;0;0;0;0;0;0;3,762;6,915;3,762;6,683;12,282.23;6,683;2,284;6;11.02;0;0;0;27;49.62;27;15;4.5;0;0;0;0;0;0;50,500;0;0;9;16.54;9;1;1;0;0;9.18;5;0;0;0;0;8;14.7;8;15;0.28;14,445;5;2;2;0;1;0;0;0;0;0;13;23.89;13;02:36;04:47;02:36;0;0;0;17;31.24;17;0;0;0;13;4;0;0;0;0;0;0;8 minutes;04:23;0;0;0;30%;30%;0
Drest24;2622;0;0;0;0;0;0;0;0;0;601;3,418;601;778;4,421.69;778;616;2;11.36;0;0;0;0;0;0;0;0;0;0;0;0;0;0;10,600;0;0;0;0;0;0;0;0;0;0;0;0;0;0;0;0;0;0;0;0.22;2,430;0;1;0;0;1;0;0;0;0;0;0;0;0;0;0;0;0;0;0;1;5.68;1;0;0;0;20;13;0;0;0;0;0;0;1 minute;0;0;0;0;65%;0;0
DridenGX;2909;0;0;0;1;0;0;0;0;0;9,265;3,447;2,355;18,442;6,861.18;5,037;2,232;23;8.55;0;0;0;37;13.76;9;6;1.6;0;0;0;0;0;0;149,200;0;0;10;3.72;4;2;3;0;1;3.72;3;0;0;0;0;10;3.72;3;6;0.22;33,772;10;7;1;3;3;0;0;0;3;2;17;6.32;4;01:40;00:37;00:26;0;0;0;53;19.71;12;0;0;0;193;96;1;0.37;1;0;0;0;24 minutes;02:42;0;0;1;49%;57%;30%
DSZY;2628;0;0;1;16;0;0;0;0;0;395,997;6,983;11,817;699,006;12,327;25,750;7,802;446;7.86;0;0;0;1,484;26.17;58;19;3.32;0;0;0;0;0;0;4,716,300;13;0;427;7.53;17;22;57;3;31;5.14;15;0;0;0;0;666;11.74;31;19;0.31;1,488,986;292;131;57;31;43;2;0.03;1;5;41;630;11.11;30;01:21:01;01:25;03:08;0;0;0;1,875;33.06;58;0;0;0;5,025;2,524;53;0.93;4;0;0;0;13 hours;53:10;0;0;12;50%;100%;55%
DutchieSoInsane;2610;0;0;0;0;0;0;0;0;0;37,304;8,415;7,875;60,373;13,618.27;12,392;4,042;60;13.53;0;0;0;131;29.54;29;9;2.18;0;0;0;0;0;0;399,100;0;0;55;12.4;13;1;4;1;2;6.99;12;0;0;0;0;67;15.11;17;9;0.32;128,143;31;13;3;2;7;4;0.9;1;4;4;70;15.78;18;11:02;02:29;03:28;0;0;0;136;30.67;31;0;0;0;433;244;8;1.8;2;0;0;0;1 hour;12:50;0;0;0;56%;65%;49%
eastcoastrider71;2268;0;0;0;0;0;0;0;0;0;661;1,632;661;505;1,246.71;505;211;3;7.39;0;0;0;1;2.46;1;1;0.33;0;0;0;0;0;0;19,400;0;0;1;2.46;1;0;0;0;0;0;0;0;0;0;0;0;0;0;1;0.06;1,244;0;2;1;0;0;0;0;0;0;0;0;0;0;00:09;00:23;00:09;0;0;0;3;7.39;3;0;0;0;1;0;0;0;0;0;0;0;3 minutes;0;0;0;0;0;0;0
Ecnailer;0;0;0;0;0;0;0;0;0;0;1,442;9,153;1,442;1,901;12,063.42;1,901;1,393;2;12.69;0;0;0;9;57.12;9;7;4.5;0;0;0;0;0;0;22,100;0;0;1;6.34;1;0;0;0;0;6.34;1;0;0;0;0;7;44.43;7;7;0.32;7,219;1;0;0;0;0;0;0;0;0;0;4;25.38;4;00:26;02:45;00:26;0;0;0;12;76.16;12;0;0;0;61;19;0;0;0;0;0;0;3 minutes;0;0;0;0;31%;0;100%
ecotaku;2368;0;0;1;56;0;0;0;0;0;1,116,308;6,412;13,904;2,295,510;13,185.77;27,976;11,247;1,470;8.44;0;0;0;4,380;25.15;62;20;2.97;0;0;0;0;0;0;13,828,400;24;1;1,534;8.81;32;90;174;7;77;6.03;17;0;0;0;0;2,725;15.65;47;20;0.37;5,178,922;1,050;477;177;144;157;7;0.04;1;6;94;2,001;11.49;39;04:27:30;01:32;05:06;0;0;0;6,056;34.78;68;0;0;0;32,011;16,830;146;0.83;5;1;0;0;38 hours;05:31:08;0;0;25;52%;92%;44%
ejakiller;3032;0;0;1;4;0;0;0;0;0;95,238;7,034;14,221;178,412;13,177.53;23,219;8,783;115;8.49;0;0;0;440;32.49;70;27;3.82;0;0;0;0;0;0;1,133,000;3;0;166;12.26;20;8;14;0;5;6.13;14;0;0;0;0;198;14.62;50;27;0.31;354,389;83;35;12;13;11;0;0;0;5;8;199;14.69;51;22:36;01:40;06:44;0;0;0;478;35.3;63;0;0;0;1,025;489;28;2.06;7;0;0;0;3 hours;32:39;0;0;4;47%;83%;38%
elchinolatino;3219;0;0;0;0;0;0;0;0;0;15,897;8,470;6,370;21,841;11,637.78;10,378;2,623;31;16.51;0;0;0;57;30.37;27;10;1.83;0;0;0;0;0;0;215,400;1;0;12;6.39;5;1;2;0;1;7.99;10;0;0;0;0;32;17.05;17;10;0.3;66,668;15;4;2;0;2;4;2.13;2;4;2;27;14.38;17;03:56;02:05;02:02;0;0;0;71;37.83;29;0;0;0;253;79;1;0.53;1;0;0;0;35 minutes;05:38;0;0;0;31%;32%;60%
eliteboy_1da;3496;0;0;1;1;0;0;0;0;0;70,221;6,432;7,929;138,372;12,674.88;17,806;5,420;95;8.7;0;0;0;311;28.48;33;20;3.27;0;0;0;0;0;0;874,600;4;1;111;10.16;13;6;11;1;5;4.03;9;0;0;0;0;131;11.99;21;20;0.28;245,020;44;33;11;12;9;3;0.27;1;3;3;140;12.82;24;21:17;01:56;02:59;0;0;0;386;35.35;37;0;0;0;1,208;560;13;1.19;3;0;0;0;2 hours;19:34;0;0;5;46%;75%;42%
entoe12;3278;0;0;0;0;0;0;0;0;0;13,956;8,679;5,612;29,467;18,324.78;12,595;5,257;15;9.32;0;0;0;37;23;16;10;2.46;0;0;0;0;0;0;132,700;0;0;11;6.84;6;1;2;0;0;1.24;1;0;0;0;0;11;6.84;6;10;0.4;53,601;2;5;3;0;2;0;0;0;0;0;22;13.68;8;02:15;01:24;01:04;0;0;0;62;38.55;24;0;0;0;228;93;1;0.62;1;0;0;0;22 minutes;02:12;0;0;0;40%;43%;0
EqiinoX_DarK;2396;0;0;1;1;0;0;0;0;0;941;7,789;941;988;8,171.82;988;978;1;8.27;0;0;0;0;0;0;0;0;0;0;0;0;0;0;8,100;0;0;0;0;0;0;0;0;0;0;0;0;0;0;0;0;0;0;0;0.6;4,916;0;0;0;0;0;0;0;0;0;0;0;0;0;00:05;00:45;00:05;0;0;0;3;24.82;3;0;0;0;6;4;0;0;0;0;0;0;1 minute;0;0;0;0;66%;0;0
Erenksk9;4169;0;0;1;4;0;0;0;0;0;94,824;7,091;9,053;186,761;13,966.64;16,444;9,048;131;9.79;0;0;0;421;31.48;47;27;3.21;0;0;0;0;0;0;1,119,000;3;2;179;13.38;22;4;13;2;7;6.5;14;0;0;0;0;249;18.62;33;27;0.37;419,884;87;47;6;25;15;3;0.22;1;5;6;175;13.08;25;18:51;01:24;02:22;0;0;0;653;48.83;57;0;0;0;1,860;821;28;2.09;6;0;0;0;3 hours;40:11;0;0;1;44%;62%;55%
EvanMario;0;0;0;1;0;0;0;0;0;0;4,926;8,476;2,627;8,825;15,182.56;4,733;4,733;5;8.6;0;0;0;24;41.29;16;16;4.8;0;0;0;0;0;0;55,700;0;0;8;13.76;5;0;1;0;0;1.72;1;0;0;0;0;16;27.52;16;16;0.4;22,453;1;1;0;1;0;0;0;0;0;0;8;13.76;4;00:25;00:44;00:14;0;0;0;24;41.29;13;0;0;0;98;44;1;1.72;1;0;0;0;9 minutes;03:56;0;0;1;44%;56%;47%
Evilduck1903;2386;0;0;0;3;0;0;0;0;0;22,105;5,389;6,797;39,509;9,632.1;13,140;4,335;32;7.8;0;0;0;141;34.37;53;17;4.4;0;0;0;0;0;0;311,100;1;0;71;17.3;28;1;4;0;3;2.92;4;0;0;0;0;41;9.99;13;17;0.22;69,976;12;15;2;8;4;0;0;0;3;1;56;13.65;26;06:36;01:36;02:54;0;0;0;98;23.89;31;0;0;0;32;8;15;3.65;5;0;0;0;51 minutes;10:32;0;0;0;25%;25%;73%
Fade_BR;0;0;0;0;19;0;0;0;0;0;267,872;4,228;7,426;534,710;8,439.98;20,171;8,372;597;9.42;0;0;0;1,441;22.74;47;24;2.41;0;0;0;0;0;0;4,525,600;17;0;541;8.53;22;32;63;3;28;3.63;12;0;0;0;0;471;7.43;29;24;0.24;1,086,526;230;177;73;40;64;3;0.04;1;5;23;791;12.48;36;01:55:27;01:49;04:26;0;0;0;1,740;27.46;44;0;0;0;3,976;1,729;77;1.21;5;1;0;0;12 hours;01:48:21;0;0;24;43%;80%;43%
Fairystinky;1991;0;0;0;0;0;0;0;0;0;1,087;5,705;1,087;526;2,760.24;526;330;2;10.49;0;0;0;4;20.98;4;2;2;0;0;0;0;0;0;18,100;0;0;1;5.24;1;0;0;0;0;0;0;0;0;0;0;1;5.24;1;2;0.15;2,891;0;0;0;0;0;0;0;0;0;0;3;15.73;3;00:29;02:34;00:29;0;0;0;4;20.98;4;0;0;0;10;1;0;0;0;0;0;0;3 minutes;0;0;0;0;10%;0;100%
FastAsDux;2097;0;0;0;0;0;0;0;0;0;3,253;4,180;1,499;6,558;8,428.02;2,930;1,178;11;14.13;0;0;0;15;19.27;7;4;1.36;0;0;0;0;0;0;69,300;0;0;8;10.28;4;1;1;0;0;2.57;2;0;0;0;0;1;1.28;1;4;0.12;8,881;2;2;1;0;1;0;0;0;0;0;4;5.14;3;00:33;00:43;00:23;0;0;0;18;23.13;11;0;0;0;63;29;0;0;0;0;0;0;11 minutes;0;0;0;0;46%;52%;25%
Fecalum;3074;0;0;1;2;0;0;0;0;0;4,898;5,417;4,295;6,380;7,056.18;4,992;2,897;5;5.53;0;0;0;20;22.12;19;11;4;0;0;0;0;0;0;60,400;0;0;9;9.95;9;0;1;0;1;3.31;3;0;0;0;0;13;14.37;13;11;0.43;26,049;3;3;0;0;3;0;0;0;3;2;11;12.16;11;00:45;00:50;00:45;0;0;0;32;35.39;29;0;0;0;263;83;2;2.21;2;0;0;0;10 minutes;01:31;0;0;0;31%;56%;91%
Flown_Jebus;4144;0;0;1;7;0;0;0;0;0;137,554;7,758;12,221;272,068;15,345.41;26,993;6,770;138;7.78;0;0;0;618;34.85;47;19;4.47;0;0;0;0;0;0;1,511,800;2;0;229;12.91;23;5;18;2;11;6.82;12;0;0;0;0;359;20.24;37;19;0.34;524,953;121;57;10;18;29;2;0.11;1;5;18;280;15.79;27;34:28;01:56;03:07;0;0;0;555;31.3;51;0;0;0;3,251;1,687;39;2.19;7;0;0;0;4 hours;41:47;0;0;0;51%;66%;64%
flyinganimal;4142;0;0;1;16;0;0;0;0;0;164,933;6,762;10,006;356,762;14,626.69;21,081;8,555;162;6.64;0;0;0;621;25.46;38;23;3.83;0;0;0;0;0;0;1,726,500;1;0;211;8.65;19;8;24;0;15;7.5;16;0;0;0;0;458;18.77;32;23;0.47;825,356;183;84;12;48;24;2;0.08;1;5;23;278;11.39;22;40:32;01:39;04:54;0;0;0;903;37.02;57;0;0;0;4,887;2,455;10;0.4;2;0;0;0;4 hours;01:26:23;0;0;1;50%;62%;63%
forrestsmith2;3084;0;0;1;2;0;0;0;0;0;34,898;7,042;5,455;69,892;14,103.02;10,794;4,552;47;9.48;0;0;0;142;28.65;30;10;3.02;0;0;0;0;0;0;406,000;1;0;52;10.49;10;3;5;0;2;5.85;6;0;0;0;0;66;13.31;22;10;0.31;127,127;29;15;2;5;8;0;0;0;5;4;48;9.68;10;04:32;00:54;00:55;0;0;0;158;31.88;24;0;0;0;441;228;8;1.61;3;0;0;0;1 hour;05:10;0;0;0;51%;60%;38%
fructoseghost;2909;0;0;0;0;0;0;0;0;0;21,559;6,004;5,287;30,227;8,417.83;6,668;2,138;35;9.74;0;0;0;66;18.38;20;9;1.88;0;0;0;0;0;0;287,200;1;0;14;3.89;3;2;4;0;1;2.22;4;0;0;0;0;27;7.51;13;9;0.24;70,985;8;8;3;1;3;0;0;0;0;0;28;7.79;12;06:43;01:52;02:57;0;0;0;126;35.08;37;0;0;0;428;153;1;0.27;1;0;0;0;47 minutes;0;0;0;3;35%;57%;28%
FvsNeLL;3798;0;0;0;0;0;0;0;0;0;416;5,054;416;276;3,347.61;276;269;1;12.14;0;0;0;2;24.28;2;2;2;0;0;0;0;0;0;6,100;0;0;0;0;0;0;0;0;0;0;0;0;0;0;0;0;0;0;2;0.14;883;0;0;0;0;0;0;0;0;0;0;1;12.14;1;00:10;02:08;00:10;0;0;0;3;36.42;3;0;0;0;1;1;0;0;0;0;0;0;1 minute;0;0;0;0;100%;0;0
Gandalion;3514;0;0;0;3;0;0;0;0;0;45,211;7,746;11,219;77,700;13,312.17;22,715;5,219;63;10.79;0;0;0;141;24.15;44;9;2.23;0;0;0;0;0;0;497,000;1;0;27;4.62;12;4;6;0;2;4.45;10;0;0;0;0;73;12.5;36;9;0.33;166,609;26;15;6;5;4;0;0;0;4;4;68;11.65;25;08:45;01:29;02:41;0;0;0;275;47.11;66;0;0;0;1,047;475;2;0.34;2;0;0;0;1 hour;05:10;0;0;1;45%;100%;33%
GatorChow;2397;0;0;0;0;0;0;0;0;0;7,850;4,168;2,984;14,244;7,562.09;5,975;3,257;14;7.43;0;0;0;48;25.48;21;9;3.42;0;0;0;0;0;0;137,500;0;0;13;6.9;4;0;2;0;1;3.18;5;0;0;0;0;15;7.96;6;9;0.25;35,063;6;4;1;1;2;0;0;0;0;0;23;12.21;13;04:26;02:21;02:24;0;0;0;46;24.42;18;0;0;0;61;29;2;1.06;1;0;0;0;--;00:40;0;0;0;47%;0;68%
ginko_503;2360;0;0;0;0;0;0;0;0;0;6,073;6,018;2,891;12,329;12,215.74;7,090;4,619;9;8.91;0;0;0;25;24.77;19;9;2.77;0;0;0;0;0;0;75,400;0;0;7;6.93;4;1;1;0;0;3.96;2;0;0;0;0;4;3.96;2;9;0.26;19,716;4;3;1;1;1;0;0;0;0;0;18;17.83;15;02:00;01:59;01:32;0;0;0;34;33.68;22;0;0;0;72;36;1;0.99;1;0;0;0;12 minutes;0;0;0;0;50%;68%;0
GodzillavsMuto;2555;0;0;0;0;0;0;0;0;0;1,120;2,815;1,120;1,079;2,711.83;1,079;1,079;0;0;0;0;0;2;5.02;2;2;0;0;0;0;0;0;0;24,800;0;0;1;2.51;1;0;0;0;0;0;0;0;0;0;0;2;5.02;2;2;0.25;6,309;0;0;0;0;0;0;0;0;0;0;0;0;0;00:10;00:25;00:10;0;0;0;8;20.11;8;0;0;0;41;5;0;0;0;0;0;0;4 minutes;0;0;0;0;12%;12%;0
GoldenBullet20;4406;0;0;0;0;0;0;0;0;0;39,480;8,106;10,181;82,962;17,033.61;21,220;6,252;49;10.06;0;0;0;178;36.54;41;10;3.63;0;0;0;0;0;0;462,900;4;0;59;12.11;15;1;5;1;3;7.39;7;0;0;0;0;78;16.01;25;10;0.29;136,869;36;14;7;2;5;3;0.61;1;4;5;89;18.27;26;09:29;01:56;02:06;0;0;0;233;47.83;55;0;0;0;963;487;5;1.02;2;0;0;0;1 hour;10:02;0;0;0;50%;66%;54%
GoMu___;4214;0;0;1;18;0;0;0;0;0;185,944;7,256;11,911;378,266;14,761.8;21,296;6,940;225;8.78;0;0;0;878;34.26;53;21;3.9;0;0;0;0;0;0;2,089,800;4;0;386;15.06;28;9;26;1;16;6.32;12;0;0;0;0;585;22.82;41;21;0.42;891,431;162;90;12;47;31;2;0.07;1;5;23;346;13.5;26;49:59;01:57;03:01;0;0;0;995;38.82;61;0;0;0;3,226;1,649;61;2.38;7;0;0;0;5 hours;01:52:28;0;0;12;51%;74%;62%
helio_doll;2609;0;0;0;1;0;0;0;0;0;7,507;7,507;7,507;11,732;11,731.62;11,732;3,673;9;9;0;0;0;46;46;46;16;5.11;0;0;0;0;0;0;94,500;0;0;21;21;21;0;1;0;1;3;3;0;0;0;0;31;31;31;16;0.44;41,610;3;4;0;3;1;0;0;0;0;0;17;17;17;01:33;01:33;01:33;0;0;0;31;31;31;0;0;0;56;29;4;4;4;0;0;0;15 minutes;06:28;0;0;0;51%;51%;100%
hiijle;2704;0;0;0;0;0;0;0;0;0;8,090;9,047;3,175;10,014;11,198.38;4,329;2,333;10;11.18;0;0;0;25;27.95;12;8;2.5;0;0;0;0;0;0;86,700;0;0;13;14.53;6;1;1;0;0;4.47;3;0;0;0;0;21;23.48;9;8;0.38;33,039;4;4;1;1;2;0;0;0;3;1;18;20.12;8;03:10;03:33;01:50;0;0;0;39;43.61;14;0;0;0;78;34;0;0;0;0;0;0;14 minutes;01:55;0;0;0;43%;57%;30%
HordesOfRaiders;2683;0;0;0;0;0;0;0;0;0;1,902;5,355;1,902;2,327;6,551.97;2,327;711;5;14.07;0;0;0;6;16.89;6;4;1.2;0;0;0;0;0;0;30,300;0;0;1;2.81;1;0;0;0;0;8.44;3;0;0;0;0;1;2.81;1;4;0.22;6,838;3;1;1;0;1;0;0;0;3;1;2;5.63;2;00:07;00:20;00:07;0;0;0;8;22.52;8;0;0;0;41;21;0;0;0;0;0;0;5 minutes;00:20;0;0;0;51%;0;0
hourai127;2224;0;0;0;0;0;0;0;0;0;4,806;4,166;1,945;6,940;6,015.79;3,238;1,837;14;12.13;0;0;0;12;10.4;4;4;0.85;0;0;0;0;0;0;82,900;0;0;2;1.73;1;1;1;0;0;3.46;3;0;0;0;0;4;3.46;4;4;0.21;18,206;4;2;1;0;1;0;0;0;3;1;6;5.2;4;00:24;00:21;00:13;0;0;0;17;14.73;5;0;0;0;21;8;1;0.86;1;0;0;0;13 minutes;00:09;0;0;0;38%;66%;18%
huumQc_;3843;0;0;0;1;0;0;0;0;0;23,824;5,473;6,462;42,181;9,690.54;11,638;3,156;46;10.56;0;0;0;93;21.36;31;9;2.02;0;0;0;0;0;0;310,600;1;0;26;5.97;8;3;4;0;2;4.36;10;0;0;0;0;45;10.33;16;9;0.26;81,388;19;6;0;4;3;0;0;0;5;3;47;10.79;21;07:18;01:40;03:38;0;0;0;142;32.62;42;0;0;0;506;235;4;0.91;2;0;0;0;51 minutes;03:59;0;0;0;46%;57%;35%
Icecool121;0;0;0;0;2;0;0;0;0;0;14,402;9,396;8,617;29,747;19,407.35;18,187;5,872;22;14.35;0;0;0;76;49.58;50;15;3.45;0;0;0;0;0;0;159,700;0;0;26;16.96;15;2;2;0;0;7.82;8;0;0;0;0;40;26.09;25;15;0.32;52,026;12;7;1;5;1;0;0;0;6;3;52;33.92;37;07:31;04:54;05:12;0;0;0;81;52.84;56;0;0;0;174;97;3;1.95;2;0;0;0;26 minutes;16:38;0;0;0;55%;70%;0
iekgaa___;4002;0;0;1;1;0;0;0;0;0;4,063;4,752;4,063;6,732;7,874.3;6,732;6,732;0;0;0;0;0;14;16.37;14;14;0;0;0;0;0;0;0;25,500;0;0;3;3.5;3;1;1;0;1;7.01;6;0;0;0;0;13;15.2;13;14;0.73;18,813;6;3;0;3;1;0;0;0;3;1;9;10.52;9;00:47;00:55;00:47;0;0;0;19;22.22;19;0;0;0;74;31;0;0;0;0;0;0;4 minutes;01:42;0;0;0;41%;0;100%
IHateUddesd;0;0;0;1;8;0;0;0;0;0;106,662;6,078;9,397;125,632;7,158.6;10,881;3,444;173;9.85;0;0;0;320;18.23;33;11;1.84;0;0;0;0;0;0;1,358,300;3;0;116;6.6;21;9;18;2;6;2.84;8;0;0;0;0;199;11.33;25;11;0.34;466,804;50;37;9;15;13;8;0.45;1;3;6;206;11.73;21;41:08;02:20;04:16;0;0;0;539;30.71;46;0;0;0;1,986;857;10;0.56;2;1;0;0;3 hours;19:04;0;0;24;43%;61%;36%
IKizzLE;3805;0;0;1;16;0;0;0;0;0;309,937;7,630;10,484;614,810;15,135.93;24,585;8,852;346;8.51;0;0;0;1,249;30.74;51;26;3.6;0;0;0;0;0;0;3,542,400;11;1;369;9.08;23;20;41;3;18;6.2;12;0;0;0;0;630;15.5;39;26;0.32;1,159,921;252;136;36;54;45;1;0.02;1;5;34;621;15.28;27;01:12:15;01:46;04:05;0;0;0;1,166;28.7;42;0;0;0;8,640;4,283;32;0.78;4;0;0;0;9 hours;01:02:06;0;0;0;49%;64%;45%
Inny21;3251;0;0;0;0;0;0;0;0;0;33,133;7,238;10,228;48,925;10,688.42;15,296;4,204;50;10.92;0;0;0;105;22.93;40;14;2.1;0;0;0;0;0;0;411,800;5;0;45;9.83;17;2;5;0;2;3.27;6;0;0;0;0;59;12.88;24;14;0.28;118,917;15;9;4;3;3;0;0;0;0;0;40;8.73;17;04:53;01:04;01:09;0;0;0;150;32.76;50;0;0;0;451;200;5;1.09;3;0;0;0;1 hour;03:17;0;0;0;44%;60%;48%
ioReactz;3794;0;0;1;11;0;0;0;0;0;161,007;7,243;11,212;299,439;13,470.52;19,797;11,041;154;6.92;0;0;0;698;31.4;45;22;4.53;0;0;0;0;0;0;1,790,500;4;0;265;11.92;18;6;22;0;16;6.38;13;0;0;0;0;386;17.36;31;22;0.35;643,939;142;70;23;23;23;4;0.17;1;5;23;315;14.17;26;32:59;01:29;02:49;0;0;0;742;33.37;51;0;0;0;4,327;2,268;21;0.94;2;0;0;0;4 hours;41:33;0;0;0;52%;78%;73%
itsDiety;3957;0;0;1;1;0;0;0;0;0;13,297;11,036;7,289;25,752;21,374.3;14,100;8,630;11;9.12;0;0;0;55;45.64;31;11;5;0;0;0;0;0;0;132,600;2;0;28;23.23;14;0;1;0;1;14.1;10;0;0;0;0;28;23.23;15;11;0.43;57,749;17;4;2;1;1;1;0.82;1;3;3;25;20.74;18;04:07;03:25;03:42;0;0;0;64;53.11;39;0;0;0;389;165;4;3.31;3;0;0;0;22 minutes;04:20;0;0;0;42%;50%;91%
ItsRaiyu;4385;0;0;0;0;0;0;0;0;0;5,716;8,700;5,716;9,992;15,209.41;9,992;3,227;7;10.65;0;0;0;19;28.92;19;5;2.71;0;0;0;0;0;0;55,600;0;0;13;19.78;13;1;1;0;0;3.04;2;0;0;0;0;10;15.22;10;5;0.4;22,261;2;3;1;1;1;0;0;0;0;0;7;10.65;7;00:35;00:53;00:35;0;0;0;28;42.62;28;0;0;0;107;54;2;3.04;2;0;0;0;9 minutes;01:25;0;0;0;50%;0;3%
Jack_of_Spades13;3322;0;0;0;1;0;0;0;0;0;11,558;8,288;8,940;16,987;12,181.82;12,496;3,987;10;7.17;0;0;0;47;33.7;42;14;4.7;0;0;0;0;0;0;140,000;0;0;19;13.62;17;1;1;0;0;7.17;9;0;0;0;0;32;22.94;30;14;0.38;53,645;10;6;1;3;2;0;0;0;3;1;28;20.07;24;01:34;01:07;01:30;0;0;0;81;58.08;64;0;0;0;281;77;3;2.15;2;0;0;0;23 minutes;00:58;0;0;0;27%;26%;0
Jamie_Choi;3635;0;0;1;7;0;0;0;0;0;46,267;4,988;7,074;92,523;9,975.86;13,196;6,929;42;4.52;0;0;0;302;32.56;46;16;7.19;0;0;0;0;0;0;544,100;2;0;122;13.15;19;0;9;0;9;6.03;9;0;0;0;0;142;15.31;25;16;0.33;181,289;56;34;5;16;13;1;0.1;1;4;8;106;11.42;15;13:07;01:24;02:11;0;0;0;251;27.06;37;0;0;0;1,134;446;18;1.94;4;0;0;0;1 hour;29:47;0;0;0;39%;53%;100%
JDG-191;3064;0;0;0;0;0;0;0;0;0;2,058;6,257;2,058;2,520;7,661.68;2,520;1,136;3;9.12;0;0;0;7;21.28;7;4;2.33;0;0;0;0;0;0;28,000;0;0;5;15.2;5;0;0;0;0;3.04;1;0;0;0;0;1;3.04;1;4;0.2;5,785;1;1;0;1;0;1;3.04;1;0;0;5;15.2;5;01:10;03:34;01:10;0;0;0;12;36.48;12;0;0;0;43;10;0;0;0;0;0;0;4 minutes;00:22;0;0;0;23%;23%;0
JOKERFIRST15;4311;0;0;0;1;0;0;0;0;0;18,529;7,996;8,879;32,938;14,213.39;16,538;5,730;15;6.47;0;0;0;83;35.81;47;19;5.53;0;0;0;0;0;0;191,500;0;0;34;14.67;20;0;2;0;2;10.78;12;0;0;0;0;51;22;32;19;0.41;79,525;25;8;4;3;1;0;0;0;4;4;35;15.1;23;04:01;01:44;02:15;0;0;0;86;37.11;39;0;0;0;486;206;0;0;0;0;0;0;31 minutes;08:59;0;0;0;42%;50%;86%
JonXSly;2840;0;0;0;0;0;0;0;0;0;1,283;7,310;1,283;1,617;9,212.11;1,617;772;2;11.39;0;0;0;3;17.09;3;2;1.5;0;0;0;0;0;0;15,800;0;0;1;5.69;1;0;0;0;0;5.69;1;0;0;0;0;0;0;0;2;0.17;2,776;1;1;0;0;0;0;0;0;0;0;0;0;0;0;0;0;0;0;0;6;34.18;6;0;0;0;11;4;0;0;0;0;0;0;2 minutes;0;0;0;0;36%;0;0
jordkin;0;0;0;0;0;0;0;0;0;0;53;462;53;271;2,357.92;271;157;2;17.41;0;0;0;0;0;0;0;0;0;0;0;0;0;0;6,600;0;0;0;0;0;0;0;0;0;0;0;0;0;0;0;0;0;0;0;0;44;0;0;0;0;0;0;0;0;0;0;0;0;0;0;0;0;0;0;0;1;8.7;1;0;0;0;4;3;0;0;0;0;0;0;1 minute;0;0;0;0;75%;0;0
jumpmanfrank094;2821;0;0;0;1;0;0;0;0;0;6,034;3,101;2,347;16,021;8,233.61;6,467;2,284;18;9.25;0;0;0;28;14.39;12;6;1.55;0;0;0;0;0;0;132,600;1;0;13;6.68;6;1;2;0;0;3.59;4;0;0;0;0;7;3.59;6;6;0.17;23,554;7;6;1;2;2;3;1.54;2;0;0;9;4.62;5;01:38;00:50;01:09;0;0;0;26;13.36;16;0;0;0;224;108;3;1.54;2;0;0;0;22 minutes;0;0;0;0;48%;0;23%
kaito_numku396;0;0;0;0;0;0;0;0;0;0;8,399;5,714;5,985;14,124;9,609.63;10,095;2,856;11;7.48;0;0;0;22;14.96;20;6;2;0;0;0;0;0;0;89,100;0;0;9;6.12;8;1;1;0;1;3.4;5;0;0;0;0;18;12.24;17;6;0.42;37,883;5;4;2;1;1;0;0;0;4;1;17;11.56;16;01:45;01:11;01:40;0;0;0;37;25.17;25;0;0;0;151;85;1;0.68;1;0;0;0;14 minutes;01:23;0;0;0;56%;52%;45%
kashibe01;0;0;0;0;0;0;0;0;0;0;4,505;6,129;4,435;6,314;8,590.1;6,104;1,644;7;9.52;0;0;0;14;19.04;14;7;2;0;0;0;0;0;0;55,700;0;0;7;9.52;7;1;1;0;0;1.36;1;0;0;0;0;11;14.96;11;7;0.35;19,874;1;3;1;1;1;1;1.36;1;0;0;10;13.6;10;01:04;01:27;01:04;0;0;0;19;25.85;19;0;0;0;87;51;2;2.72;2;0;0;0;9 minutes;00:19;0;0;0;58%;57%;7%
katsuya3;2206;0;0;0;0;0;0;0;0;0;19,329;5,024;4,423;37,526;9,753.82;8,611;2,431;37;9.61;0;0;0;59;15.33;21;9;1.59;0;0;0;0;0;0;290,900;0;0;21;5.45;9;2;4;0;1;3.11;5;0;0;0;0;28;7.27;9;9;0.3;87,483;12;13;5;3;4;1;0.25;1;0;0;37;9.61;14;06:04;01:34;02:01;0;0;0;90;23.39;27;0;0;0;254;106;3;0.77;2;0;0;0;48 minutes;02:34;0;0;0;41%;69%;35%
Keytix_;0;0;0;1;0;0;0;0;0;0;613;0;613;855;0;855;855;0;0;0;0;0;2;0;2;2;0;0;0;0;0;0;0;6,000;0;0;1;0;1;0;0;0;0;0;0;0;0;0;0;0;0;0;2;0.25;1,507;0;0;0;0;0;0;0;0;0;0;0;0;0;00:00;0;00:00;0;0;0;4;0;4;0;0;0;12;6;0;0;0;0;0;0;59.54525602143258 seconds;0;0;0;0;50%;50%;0
Kiba_Zack;3172;0;0;0;0;0;0;0;0;0;9,936;6,516;4,341;17,767;11,651.31;7,342;3,063;13;8.52;0;0;0;23;15.08;14;5;1.76;0;0;0;0;0;0;118,100;0;0;13;8.52;8;2;2;0;0;0.65;1;0;0;0;0;11;7.21;5;5;0.29;34,837;1;4;2;1;2;0;0;0;0;0;12;7.86;10;02:44;01:47;01:21;0;0;0;48;31.47;20;0;0;0;52;21;1;0.65;1;0;0;0;19 minutes;00:26;0;0;0;40%;0;0%
KILLER77_HAZZA3;3082;0;0;1;4;0;0;0;0;0;118,134;8,530;11,586;180,662;13,045.41;17,635;4,917;162;11.69;0;0;0;331;23.9;43;14;2.04;0;0;0;0;0;0;1,188,500;7;0;109;7.87;13;7;14;1;5;4.54;11;0;0;0;0;188;13.57;37;14;0.36;434,762;63;45;15;13;17;5;0.36;3;3;3;131;9.45;24;18:53;01:21;02:28;0;0;0;612;44.19;64;0;0;0;1,960;827;19;1.37;3;0;0;0;3 hours;16:44;0;0;3;42%;83%;38%
Killswitch2092;2806;0;0;1;63;0;0;0;0;0;701,707;5,711;10,839;1,211,663;9,860.82;17,800;7,073;1,166;9.48;0;0;0;3,161;25.72;56;27;2.71;0;0;0;0;0;0;9,403,600;22;1;1,308;10.64;36;54;123;10;60;5.53;17;0;0;0;0;1,645;13.38;35;27;0.33;3,117,638;680;364;119;123;121;26;0.21;2;6;51;1,412;11.49;39;03:08:29;01:32;05:49;0;0;0;3,383;27.53;58;0;0;0;9,909;4,308;209;1.7;8;6;0;0;26 hours;04:34:18;0;0;144;43%;85%;48%
KingXacTz;0;0;0;0;3;0;0;0;0;0;19,248;4,976;7,249;36,660;9,477.09;12,685;3,051;20;5.17;0;0;0;152;39.29;47;19;7.6;0;0;0;0;0;0;300,800;0;0;66;17.06;23;0;4;0;4;5.17;10;0;0;0;0;67;17.32;32;19;0.27;81,593;20;8;1;2;5;0;0;0;3;1;65;16.8;28;09:15;02:23;02:55;0;0;0;92;23.78;33;0;0;0;75;24;10;2.58;5;0;0;0;50 minutes;02:46;0;0;0;32%;53%;100%
kk10295;3509;0;0;1;16;0;0;0;0;0;384,930;9,536;15,588;829,141;20,540.63;31,194;12,250;304;7.53;0;0;0;1,195;29.6;52;32;3.93;0;0;0;0;0;0;3,479,600;7;1;381;9.43;22;23;40;2;15;6.96;18;0;0;0;0;860;21.3;49;32;0.48;1,683,776;281;148;25;60;62;2;0.04;1;6;37;523;12.95;36;01:00:09;01:29;03:01;0;0;0;1,744;43.2;69;0;0;0;6,014;3,240;40;0.99;3;0;0;0;9 hours;01:26:41;0;0;4;53%;80%;38%
koba-ya;1337;0;0;0;0;0;0;0;0;0;3,312;3,559;2,752;8,596;9,237.64;7,307;3,135;7;5.52;0;0;0;22;23.64;19;9;4.4;0;0;0;0;0;0;71,900;7;0;14;15.04;11;1;1;0;1;2.14;2;245;193;245;228;6;6.44;5;9;0.19;13,849;2;1;0;0;1;0;0;0;0;0;3;3.22;3;00:40;00:43;00:40;0;0;0;2;2.14;2;78;0.12;78;143;5;7;7.52;4;0;0;0;10 minutes;0;0;0;0;38%;0;71%
kon5-TDRoki;2084;0;0;1;13;0;0;0;0;0;240,613;6,833;10,960;440,912;12,521.77;21,878;9,186;189;5.36;0;0;0;818;23.23;49;23;4.32;0;0;0;0;0;0;2,605,500;3;0;288;8.17;19;18;35;1;17;4.43;13;0;0;0;0;487;13.83;38;23;0.39;1,019,988;156;97;39;23;35;8;0.22;2;5;14;369;10.47;21;46:30;01:19;03:44;0;0;0;1,205;34.22;51;0;0;0;2,306;1,265;39;1.1;4;1;0;0;7 hours;44:07;0;0;14;54%;87%;47%
koutyatya;3647;0;0;1;9;0;0;0;0;0;192,651;8,896;11,405;392,732;18,135.31;26,081;11,585;172;7.94;0;0;0;598;27.61;45;20;3.47;0;0;0;0;0;0;1,801,900;4;1;168;7.75;16;7;22;0;14;8.08;16;0;0;0;0;438;20.22;40;20;0.44;806,297;175;72;17;32;24;2;0.09;1;4;22;339;15.65;28;40:57;01:53;03:59;0;0;0;982;45.34;55;0;0;0;4,836;2,497;11;0.5;2;0;0;0;5 hours;40:08;0;0;0;51%;69%;66%
kris1974;4164;0;0;1;0;0;0;0;0;0;5,195;7,391;2,629;51;2,934.86;51;51;8;11.38;0;0;0;1;57.54;1;1;2.37;0;0;0;0;0;0;66,800;0;0;4;5.69;2;0;0;0;0;8.53;6;0;0;0;0;8;11.38;8;1;0.4;27,187;6;0;1;0;0;0;0;0;0;0;1;57.54;1;00:00;00:44;00:00;0;0;0;20;28.45;10;0;0;0;15;3;0;0;0;0;0;0;18.649241008795798 seconds;01:09;0;0;0;20%;20%;100%
kurosaki158;1924;0;0;0;1;0;0;0;0;0;45,711;5,384;7,003;76,310;8,988.02;13,642;7,003;78;9.18;0;0;0;168;19.78;32;16;2.15;0;0;0;0;0;0;656,000;1;0;57;6.71;13;5;8;0;4;3.41;7;0;0;0;0;59;6.94;16;16;0.21;143,900;29;17;4;3;9;1;0.11;1;4;2;93;10.95;22;14:39;01:43;02:34;0;0;0;177;20.84;29;0;0;0;621;253;1;0.11;1;0;0;0;1 hour;05:08;0;0;0;40%;69%;43%
kyo_miyamiya;2137;0;0;0;0;0;0;0;0;0;2,471;3,562;2,471;8,435;12,157.61;8,435;5,112;4;5.76;0;0;0;22;31.7;22;13;5.5;0;0;0;0;0;0;54,300;0;0;6;8.64;6;1;1;0;1;2.88;2;0;0;0;0;5;7.2;5;13;0.17;9,285;2;3;1;1;1;0;0;0;0;0;14;20.17;14;03:22;04:51;03:22;0;0;0;20;28.82;20;0;0;0;58;33;1;1.44;1;0;0;0;9 minutes;0;0;0;9;56%;0;100%
Langartija;3035;0;0;1;0;0;0;0;0;0;5,646;4,385;2,462;10,748;8,346.36;5,413;2,581;8;6.21;0;0;0;24;18.63;10;9;3;0;0;0;0;0;0;90,700;0;0;12;9.31;7;0;1;0;1;4.65;3;0;0;0;0;10;7.76;9;9;0.23;21,435;6;4;3;0;1;0;0;0;0;0;17;13.2;7;04:43;03:39;02:05;0;0;0;37;28.73;14;0;0;0;93;49;1;0.77;1;0;0;0;15 minutes;02:45;0;0;0;52%;52%;67%
LEATONER;2534;0;0;0;0;0;0;0;0;0;5,296;5,902;3,322;11,929;13,293.13;6,247;3,092;11;12.25;0;0;0;30;33.43;16;10;2.72;0;0;0;0;0;0;88,600;0;0;7;7.8;4;0;1;1;0;6.68;4;0;0;0;0;3;3.34;3;10;0.14;13,236;6;3;1;0;1;0;0;0;0;0;23;25.62;13;02:43;03:01;01:25;0;0;0;26;28.97;15;0;0;0;178;68;0;0;0;0;0;0;14 minutes;0;0;0;0;38%;33%;43%
Lege-donZ;2329;0;0;0;0;0;0;0;0;0;4,135;5,321;4,135;6,869;8,840.37;6,869;2,979;5;6.43;0;0;0;10;12.87;10;6;2;0;0;0;0;0;0;49,900;0;0;2;2.57;2;1;1;0;0;0;0;0;0;0;0;6;7.72;6;6;0.36;18,236;0;3;2;2;0;0;0;0;0;0;8;10.29;8;01:22;01:45;01:22;0;0;0;20;25.74;20;0;0;0;79;48;0;0;0;0;0;0;8 minutes;0;0;0;0;60%;0;0
Liv___MIGHTY;0;0;0;0;0;0;0;0;0;0;26,440;8,025;5,411;32,280;9,796.94;7,105;2,083;56;16.99;0;0;0;78;23.67;28;10;1.39;0;0;0;0;0;0;319,900;2;0;10;3.03;3;2;3;0;1;7.28;11;0;0;0;0;33;10.01;12;10;0.32;102,476;24;6;1;2;2;0;0;0;4;4;31;9.4;14;05:45;01:44;01:22;0;0;0;117;35.5;29;0;0;0;667;177;1;0.3;1;0;0;0;53 minutes;00:57;0;0;0;26%;29%;35%
LoggingOut;3612;0;0;1;0;0;0;0;0;0;14,863;8,228;4,570;32,158;17,803.02;10,474;5,928;20;11.07;0;0;0;51;28.23;18;11;2.54;0;0;0;0;0;0;178,800;2;0;17;9.41;7;1;2;0;1;4.42;4;0;0;0;0;23;12.73;10;11;0.3;53,736;8;6;3;2;1;0;0;0;0;0;19;10.51;9;02:19;01:17;01:06;0;0;0;72;39.85;25;0;0;0;289;165;2;1.1;1;0;0;0;29 minutes;03:00;0;0;0;57%;60%;27%
LostkumaTH;3386;0;0;0;1;0;0;0;0;0;5,566;7,864;4,406;6,306;8,910.82;5,091;1,495;9;12.71;0;0;0;18;25.43;17;5;2;0;0;0;0;0;0;79,400;0;0;3;4.23;3;1;1;0;0;0;0;0;0;0;0;1;1.41;1;5;0.18;14,894;0;3;2;1;0;1;1.41;1;0;0;14;19.78;13;01:43;02:26;01:22;0;0;0;42;59.34;32;0;0;0;101;24;0;0;0;0;0;0;13 minutes;0;0;0;0;23%;0;0
l-Twisted_Fate-l;4013;0;0;1;4;0;0;0;0;0;77,980;8,633;11,090;116,979;12,950.5;18,546;7,521;84;9.29;0;0;0;271;30;54;25;3.22;0;0;0;0;0;0;780,300;2;0;85;9.41;19;3;9;0;6;7.19;18;0;0;0;0;164;18.15;28;25;0.35;277,239;65;33;10;10;13;3;0.33;1;6;5;171;18.93;39;19:08;02:07;04:14;0;0;0;401;44.39;60;0;0;0;995;507;11;1.21;3;0;0;0;2 hours;24:47;0;0;0;50%;100%;66%
LuckyC723;3859;0;0;0;0;0;0;0;0;0;20,376;7,359;4,543;40,721;14,707.59;9,311;3,239;38;13.72;0;0;0;91;32.86;28;10;2.39;0;0;0;0;0;0;296,300;1;0;37;13.36;14;2;3;0;1;7.94;6;0;0;0;0;36;13;12;10;0.24;71,121;22;9;4;2;3;0;0;0;4;3;34;12.28;13;05:57;02:09;02:07;0;0;0;126;45.5;36;0;0;0;238;84;3;1.08;1;0;0;0;49 minutes;08:31;0;0;0;35%;59%;26%
M5roosh_ksa;3563;0;0;1;18;0;0;0;0;0;300,412;6,284;12,324;552,963;11,566.09;22,967;9,050;456;9.53;0;0;0;1,265;26.45;52;20;2.77;0;0;0;0;0;0;3,900,700;7;1;431;9.01;23;23;48;4;21;6.1;16;0;0;0;0;736;15.39;40;20;0.34;1,352,554;292;136;53;36;47;9;0.18;2;4;38;614;12.84;33;01:18:10;01:38;04:05;0;0;0;1,525;31.89;59;0;0;0;10,948;4,546;49;1.02;5;1;0;0;10 hours;01:16:38;0;0;18;41%;60%;42%
Marlporo0707;4292;0;0;1;2;0;0;0;0;0;15,998;10,266;6,784;35,637;22,867.79;14,482;4,811;16;10.26;0;0;0;62;39.78;25;16;3.87;0;0;0;0;0;0;148,000;0;0;21;13.47;9;1;2;0;1;14.11;11;0;0;0;0;50;32.08;19;16;0.43;63,899;22;6;2;3;1;1;0.64;1;4;5;30;19.25;12;02:07;01:22;00:49;0;0;0;61;39.14;26;0;0;0;471;244;0;0;0;0;0;0;24 minutes;06:45;0;0;0;51%;54%;46%
masatosann;2157;0;0;1;2;0;0;0;0;0;15,024;5,453;6,763;29,147;10,579.6;11,476;2,232;24;8.71;0;0;0;51;18.51;34;9;2.12;0;0;0;0;0;0;198,900;1;0;14;5.08;13;2;3;0;1;1.08;2;0;0;0;0;20;7.25;16;9;0.26;53,077;3;6;3;2;1;0;0;0;0;0;26;9.43;21;02:33;00:55;01:40;0;0;0;68;24.68;31;0;0;0;451;221;3;1.08;3;0;0;0;33 minutes;00:10;0;0;0;49%;59%;33%
Megaan_57;3178;0;0;1;19;0;0;0;0;0;353,096;6,398;10,151;622,946;11,287.26;19,665;7,503;469;8.49;0;0;0;1,381;25.02;49;24;2.94;0;0;0;0;0;0;4,215,600;10;1;467;8.46;20;29;55;4;22;4.51;14;0;0;0;0;624;11.3;36;24;0.29;1,263,464;249;162;53;61;48;12;0.21;2;5;33;669;12.12;25;01:23:45;01:31;03:00;0;0;0;1,935;35.06;55;0;0;0;3,740;1,778;58;1.05;5;0;0;0;11 hours;01:01:07;0;0;11;47%;73%;40%
MEOW987;2679;0;0;0;0;0;0;0;0;0;7,727;4,354;3,933;12,791;7,208.85;5,230;2,048;18;10.14;0;0;0;41;23.1;27;8;2.27;0;0;0;0;0;0;133,700;1;1;11;6.19;6;0;2;0;1;3.38;4;0;0;0;0;3;1.69;3;8;0.13;18,647;6;4;1;2;2;0;0;0;3;1;19;10.7;10;02:29;01:24;01:17;0;0;0;47;26.48;27;0;0;0;228;98;2;1.12;2;0;0;0;22 minutes;01:38;0;0;0;42%;32%;83%
Merdrash;2964;0;0;1;1;0;0;0;0;0;9,263;2,975;3,155;20,248;6,502.75;6,739;4,669;12;3.85;0;0;0;60;19.26;22;18;5;0;0;0;0;0;0;144,700;0;0;22;7.06;10;1;3;0;2;0.96;1;0;0;0;0;24;7.7;17;18;0.25;37,306;3;10;2;2;6;0;0;0;0;0;12;3.85;6;01:38;00:31;00:29;0;0;0;46;14.77;16;0;0;0;162;71;2;0.64;1;0;0;0;24 minutes;01:49;0;0;0;43%;52%;73%
Mlbjester7;3573;0;0;1;0;0;0;0;0;0;31,370;5,431;6,072;41,120;7,119.08;7,221;3,293;49;8.48;0;0;0;70;12.11;26;7;1.42;0;0;0;0;0;0;345,100;1;0;5;0.86;2;4;6;0;1;3.11;6;0;0;0;0;31;5.36;12;7;0.3;103,530;18;11;6;3;2;0;0;0;5;3;25;4.32;9;05:43;00:59;01:46;0;0;0;189;32.72;36;0;0;0;661;303;0;0;0;0;0;0;57 minutes;00:42;0;0;0;45%;75%;23%
Morgenarc;3323;0;0;0;0;0;0;0;0;0;13,220;5,417;4,024;24,036;9,848.07;7,499;3,741;22;9.01;0;0;0;64;26.22;19;12;2.9;0;0;0;0;0;0;227,400;0;0;15;6.14;6;0;2;1;2;4.91;4;0;0;0;0;22;9.01;8;12;0.22;51,033;12;6;2;1;3;1;0.4;1;0;0;34;13.93;15;04:58;02:02;01:39;0;0;0;79;32.36;29;0;0;0;90;45;1;0.4;1;1;0;0;37 minutes;02:23;0;0;6;50%;45%;69%
Mr_O_Blood_type_;4031;0;0;1;12;0;0;0;0;0;225,896;8,885;14,822;458,418;18,029.99;33,159;10,646;169;6.64;0;0;0;624;24.54;47;23;3.69;0;0;0;0;0;0;1,957,700;2;0;201;7.9;20;11;25;2;12;6.96;14;0;0;0;0;512;20.13;41;23;0.49;973,011;177;90;20;38;32;2;0.07;1;5;17;308;12.11;26;38:54;01:31;03:20;0;0;0;994;39.09;64;0;0;0;3,647;1,986;11;0.43;1;0;0;0;5 hours;55:39;0;0;0;54%;68%;48%
MrAwesomeKill;4009;0;0;1;9;0;0;0;0;0;66,568;6,657;11,155;111,647;11,164.76;15,088;6,308;84;8.4;0;0;0;279;27.9;55;17;3.32;0;0;0;0;0;0;709,500;0;0;108;10.8;23;7;10;0;3;5.2;11;0;0;0;0;168;16.8;26;17;0.36;261,278;52;35;7;18;10;2;0.2;1;5;7;131;13.1;23;13:19;01:19;02:30;0;0;0;381;38.1;70;0;0;0;465;196;15;1.5;4;0;0;0;1 hour;25:03;0;0;0;42%;58%;30%
MrBlueyes;0;0;0;0;0;0;0;0;0;0;1,529;12,952;1,529;1,556;13,177.61;1,556;1,423;2;16.94;0;0;0;5;42.35;5;5;2.5;0;0;0;0;0;0;12,900;0;0;2;16.94;2;0;0;0;0;16.94;2;0;0;0;0;4;33.88;4;5;0.43;5,650;2;1;0;0;0;0;0;0;0;0;3;25.41;3;00:50;07:05;00:50;0;0;0;8;67.76;8;0;0;0;8;3;1;8.47;1;0;0;0;2 minutes;00:10;0;0;0;37%;37%;0
MrBurns_rj;2293;0;0;1;9;0;0;0;0;0;75,129;5,244;8,980;133,360;9,308.76;17,047;6,560;94;6.56;0;0;0;330;23.03;55;25;3.51;0;0;0;0;0;0;895,900;4;0;137;9.56;22;5;14;0;9;5.44;20;0;0;0;0;196;13.68;27;25;0.4;358,414;78;44;16;7;20;0;0;0;4;8;164;11.44;40;19:35;01:22;03:50;0;0;0;440;30.71;68;0;0;0;390;212;36;2.51;7;0;0;0;2 hours;48:53;0;0;1;54%;82%;62%
mrfr33s3;2615;0;0;0;0;0;0;0;0;0;5,908;6,213;2,589;8,858;9,316.09;4,356;2,459;13;13.67;0;0;0;33;34.7;17;8;2.53;0;0;0;0;0;0;87,600;0;0;13;13.67;6;1;1;0;0;3.15;2;0;0;0;0;14;14.72;7;8;0.2;17,623;3;4;1;2;1;0;0;0;0;0;24;25.24;11;02:34;02:42;01:25;0;0;0;21;22.08;11;0;0;0;10;4;2;2.1;1;0;0;0;14 minutes;02:51;0;0;2;40%;100%;32%
MRstyles4u;3416;0;0;1;0;0;0;0;0;0;10,216;8,916;6,378;14,087;12,295.34;10,334;4,950;9;7.85;0;0;0;16;13.96;11;6;1.77;0;0;0;0;0;0;88,200;1;0;7;6.1;5;1;1;1;0;4.36;5;0;0;0;0;13;11.34;9;6;0.47;42,246;5;4;2;1;1;0;0;0;0;0;5;4.36;4;01:18;01:08;01:02;0;0;0;39;34.03;25;0;0;0;116;52;2;1.74;2;0;0;0;14 minutes;00:21;0;0;0;44%;45%;0
NaapWay;2595;0;0;1;2;0;0;0;0;0;16,641;5,806;6,452;25,195;8,790.72;10,398;3,179;25;8.72;0;0;0;73;25.47;35;12;2.92;0;0;0;0;0;0;222,000;2;0;24;8.37;12;1;3;0;2;4.53;7;0;0;0;0;41;14.3;20;12;0.35;78,843;13;8;2;4;2;2;0.69;2;3;1;39;13.6;18;05:12;01:48;02:18;0;0;0;108;37.68;43;0;0;0;237;108;4;1.39;2;0;0;0;37 minutes;03:41;0;0;1;45%;55%;64%
nagano-1;0;0;0;0;0;0;0;0;0;0;4,320;5,096;3,376;5,708;6,734.9;4,824;2,244;8;9.43;0;0;0;10;11.79;9;6;1.25;0;0;0;0;0;0;58,700;1;0;4;4.71;4;1;1;0;0;2.35;2;0;0;0;0;2;2.35;2;6;0.29;17,030;2;4;3;0;0;0;0;0;0;0;1;1.17;1;00:11;00:13;00:11;0;0;0;16;18.87;11;0;0;0;113;47;0;0;0;0;0;0;9 minutes;01:27;0;0;1;41%;0;25%
nano1cdo;2349;0;0;0;0;0;0;0;0;0;200;5,049;200;248;7,129.72;248;248;1;28.74;0;0;0;0;0;0;0;0;0;0;0;0;0;0;2,700;0;0;0;0;0;0;0;0;0;0;0;151;4,339;151;151;0;0;0;0;0.11;320;0;0;0;0;0;0;0;0;0;0;0;0;0;0;0;0;0;0;0;0;0;0;21;0.54;21;40;16;0;0;0;0;0;0;39.28114403411746 seconds;0;0;0;0;40%;100%;0
Natz_D_Chow;4048;0;0;0;0;0;0;0;0;0;1,805;10,985;1,805;2,873;17,491.09;2,873;1,083;3;18.26;0;0;0;0;0;0;0;0;0;0;0;0;0;0;14,700;0;0;0;0;0;0;0;0;0;0;0;0;0;0;0;0;0;0;0;0.32;4,765;0;0;0;0;0;0;0;0;0;0;0;0;0;00:06;00:37;00:06;0;0;0;5;30.43;5;0;0;0;31;20;0;0;0;0;0;0;2 minutes;0;0;0;0;64%;0;0
Neiyao;2970;0;0;0;0;0;0;0;0;0;0;0;0;0;0;0;0;0;0;0;0;0;0;0;0;0;0;0;0;0;0;0;0;400;0;0;0;0;0;0;0;0;0;0;0;0;0;0;0;0;0;0;0;0;0;0;0;0;0;0;0;0;0;0;0;0;0;0;0;0;0;0;0;0;0;0;0;0;0;0;0;0;0;0;0;0;0;0;4.3396400129422545 seconds;0;0;0;0;0;0;0
Nemesis3456;2751;0;0;0;2;0;0;0;0;0;4,342;3,066;3,015;11,551;8,157.73;7,061;4,495;5;3.53;0;0;0;37;26.13;24;14;7.4;0;0;0;0;0;0;69,300;0;0;10;7.06;6;0;1;0;1;3.53;4;0;0;0;0;17;12;16;14;0.3;20,928;5;6;3;0;2;0;0;0;0;0;24;16.94;12;02:31;01:46;01:15;0;0;0;20;14.12;13;0;0;0;120;68;0;0;0;0;0;0;11 minutes;02:17;0;0;0;56%;61%;100%
NHLer89;0;0;0;1;3;0;0;0;0;0;21,677;4,568;4,662;40,082;8,446.58;8,274;6,648;34;7.16;0;0;0;114;24.02;24;23;3.35;0;0;0;0;0;0;337,600;0;0;39;8.21;10;2;5;0;3;4.84;7;0;0;0;0;48;10.11;18;23;0.31;107,686;23;17;4;12;1;4;0.84;2;4;1;51;10.74;15;09:53;02:05;02:29;0;0;0;106;22.33;28;0;0;0;499;198;9;1.89;4;0;0;0;56 minutes;04:36;0;0;33;39%;61%;66%
nicot2010;2579;0;0;1;3;0;0;0;0;0;47,276;8,017;12,522;76,521;12,976.61;20,763;6,155;39;6.61;0;0;0;142;24.08;31;19;3.64;0;0;0;0;0;0;457,300;1;0;42;7.12;12;3;6;1;2;3.22;8;0;0;0;0;78;13.22;24;19;0.44;201,345;19;19;5;9;6;1;0.16;1;4;2;80;13.56;21;05:57;01:00;01:44;0;0;0;210;35.61;51;0;0;0;650;303;2;0.33;1;0;0;0;1 hour;04:16;0;0;0;46%;77%;33%
Ninja5976;0;0;0;1;1;0;0;0;0;0;14,336;10,417;7,166;32,933;23,929.8;16,667;7,508;15;10.89;0;0;0;67;48.68;30;22;4.46;0;0;0;0;0;0;157,900;2;0;21;15.25;10;1;1;0;0;11.62;11;0;0;0;0;35;25.43;22;22;0.38;60,603;16;4;1;1;3;0;0;0;4;2;32;23.25;18;03:21;02:26;02:18;0;0;0;81;58.85;35;0;0;0;368;195;4;2.9;3;0;0;0;26 minutes;06:25;0;0;0;52%;80%;35%
NINJALEX323;4049;0;0;0;0;0;0;0;0;0;13,160;7,127;4,732;23,675;12,820.76;11,059;5,418;16;8.66;0;0;0;41;22.2;13;9;2.56;0;0;0;0;0;0;135,300;0;0;15;8.12;7;1;2;0;1;4.87;4;0;0;0;0;24;12.99;9;9;0.37;51,319;9;5;4;0;1;0;0;0;4;2;25;13.53;8;03:53;02:06;01:27;0;0;0;55;29.78;19;0;0;0;327;190;0;0;0;0;0;0;22 minutes;01:32;0;0;0;58%;70%;30%
NoirEt_B;3147;0;0;1;17;0;0;0;0;0;172,430;6,079;11,349;353,482;12,462.22;23,727;8,135;173;6.09;0;0;0;720;25.38;53;29;4.16;0;0;0;0;0;0;1,882,500;2;0;268;9.44;16;12;28;2;14;5.46;13;0;0;0;0;416;14.66;34;29;0.36;688,455;155;93;23;36;34;6;0.21;1;4;19;357;12.58;31;43:08;01:31;03:42;0;0;0;1,018;35.89;70;0;0;0;4,470;2,011;45;1.58;6;0;0;0;5 hours;56:22;0;0;13;44%;78%;50%
ohEvasive;3385;0;0;1;6;0;0;0;0;0;110,464;5,668;7,979;186,962;9,593.13;13,565;7,439;137;7.02;0;0;0;595;30.52;38;20;4.34;0;0;0;0;0;0;1,491,900;8;0;177;9.08;16;1;19;0;19;6.36;11;0;0;0;0;320;16.41;22;20;0.33;501,558;124;55;18;11;26;1;0.05;1;6;21;268;13.75;26;29:14;01:30;02:33;0;0;0;504;25.86;34;0;0;0;2,491;1,023;14;0.71;3;0;0;0;4 hours;36:05;0;0;0;41%;74%;97%
oI_SPY_Io;4372;0;0;1;6;0;0;0;0;0;57,407;8,747;10,392;88,876;13,541.85;15,034;5,348;47;7.16;0;0;0;240;36.56;44;19;5.1;0;0;0;0;0;0;521,600;3;0;108;16.45;23;2;7;0;5;7.46;10;0;0;0;0;179;27.27;32;19;0.47;246,933;49;22;9;4;9;3;0.45;1;4;7;83;12.64;27;07:52;01:11;01:55;0;0;0;297;45.25;52;0;0;0;856;410;18;2.74;4;0;0;0;1 hour;15:12;0;0;0;47%;65%;69%
Opticflare64;2488;0;0;0;0;0;0;0;0;0;5,196;4,322;1,946;8,439;7,020.46;3,818;1,605;18;14.97;0;0;0;15;12.47;7;4;0.83;0;0;0;0;0;0;76,100;0;0;3;2.49;2;1;1;0;0;2.49;3;0;0;0;0;2;1.66;1;4;0.16;12,302;3;2;0;1;0;0;0;0;3;1;5;4.15;2;01:05;00:54;00:32;0;0;0;28;23.29;10;0;0;0;17;8;0;0;0;0;0;0;12 minutes;0;0;0;0;47%;60%;0
Original_Yankin;2503;0;0;0;0;0;0;0;0;0;117;1,830;117;137;2,138.82;137;137;1;15.61;0;0;0;0;0;0;0;0;0;0;0;0;0;0;4,000;0;0;0;0;0;0;0;0;0;0;0;0;0;0;0;0;0;0;0;0.04;170;0;0;0;0;0;0;0;0;0;0;0;0;0;0;0;0;0;0;0;1;15.61;1;0;0;0;0;0;0;0;0;0;0;0;41.79621902201325 seconds;0;0;0;0;0;0;0
OttoFemtusen;2831;0;0;0;0;0;0;0;0;0;32,363;6,475;4,865;61,373;12,278.38;10,662;4,330;58;11.6;0;0;0;143;28.6;33;13;2.46;0;0;0;0;0;0;440,900;2;0;50;10;13;4;5;0;1;6.4;8;0;0;0;0;86;17.2;20;13;0.34;152,062;32;17;6;6;5;0;0;0;4;2;69;13.8;16;10:55;02:11;02:16;0;0;0;220;44.01;42;0;0;0;926;432;7;1.4;3;0;0;0;1 hour;11:19;0;0;1;46%;53%;29%
oualid32;4218;0;0;0;1;0;0;0;0;0;5,670;4,845;4,379;12,604;10,769.79;10,312;5,654;6;5.12;0;0;0;35;29.9;30;13;5.83;0;0;0;0;0;0;69,300;0;0;12;10.25;12;0;1;0;1;4.27;3;0;0;0;0;16;13.67;11;13;0.31;21,690;5;5;3;1;0;0;0;0;3;2;10;8.54;6;00:53;00:45;00:32;0;0;0;35;29.9;30;0;0;0;123;48;1;0.85;1;0;0;0;11 minutes;02:20;0;0;0;39%;45%;100%
picoforver;2647;0;0;0;0;0;0;0;0;0;2,614;3,908;2,614;3,621;5,412.72;3,621;1,754;5;7.47;0;0;0;21;31.39;21;13;4.2;0;0;0;0;0;0;48,500;0;0;5;7.47;5;0;1;0;1;8.96;6;0;0;0;0;11;16.44;11;13;0.15;7,659;6;2;0;0;2;0;0;0;3;2;16;23.91;16;01:46;02:39;01:46;0;0;0;19;28.4;19;0;0;0;37;19;1;1.49;1;0;0;0;8 minutes;02:23;0;0;4;51%;0;100%
pin-zoro__;2451;0;0;0;0;0;0;0;0;0;2,414;3,067;2,248;2,911;3,699.66;2,544;2,018;4;5.08;0;0;0;8;10.16;7;5;2;0;0;0;0;0;0;47,300;0;0;1;1.27;1;0;1;0;1;1.27;1;0;0;0;0;2;2.54;2;5;0.14;7,023;1;1;0;0;0;0;0;0;0;0;3;3.81;2;01:18;01:39;01:11;0;0;0;25;31.77;23;0;0;0;202;58;0;0;0;0;0;0;7 minutes;0;0;0;0;28%;0;80%
praktommy;3870;0;0;0;0;0;0;0;0;0;21,505;7,271;5,122;36,625;12,384.12;8,265;4,211;27;9.12;0;0;0;92;31.1;24;12;3.4;0;0;0;0;0;0;256,100;0;0;28;9.46;7;2;3;0;1;5.74;9;0;0;0;0;48;16.23;12;12;0.31;81,605;17;7;2;3;3;0;0;0;4;1;47;15.89;11;09:34;03:14;02:53;0;0;0;126;42.6;33;0;0;0;275;143;2;0.67;1;0;0;0;42 minutes;06:35;0;0;0;52%;48%;26%
Prey1nMantis;2494;0;0;1;24;0;0;0;0;0;166,566;4,619;7,815;306,723;8,505.5;17,003;6,719;138;3.82;0;0;0;1,021;28.31;54;21;7.39;0;0;0;0;0;0;2,609,100;3;0;514;14.25;31;11;36;4;20;4.15;10;0;0;0;29;473;13.11;35;21;0.3;797,038;150;132;32;62;38;6;0.16;1;6;15;448;12.42;28;49:36;01:22;02:52;0;0;0;1,006;27.89;48;0;0;0;3,657;1,228;106;2.93;6;2;0;0;7 hours;01:30:26;0;0;43;33%;66%;56%
PrimeraEspada91;0;0;0;0;0;0;0;0;0;0;3,518;6,861;3,518;7,386;14,405.74;7,386;4,116;7;13.65;0;0;0;7;13.65;7;5;1;0;0;0;0;0;0;39,000;0;0;2;3.9;2;1;1;0;0;1.95;1;0;0;0;0;6;11.7;6;5;0.36;14,171;1;3;2;0;1;0;0;0;0;0;4;7.8;4;00:47;01:32;00:47;0;0;0;13;25.35;13;0;0;0;40;23;0;0;0;0;0;0;6 minutes;0;0;0;0;57%;57%;0
PrimeVengeance;0;0;0;1;7;0;0;0;0;0;49,309;4,742;7,305;102,112;9,820.64;13,660;4,838;56;5.38;0;0;0;272;26.15;40;14;4.85;0;0;0;0;0;0;639,000;3;0;120;11.54;19;3;10;1;6;4.8;11;0;0;0;0;172;16.54;29;14;0.36;235,803;50;33;9;15;10;5;0.48;2;3;5;130;12.5;23;11:25;01:05;02:08;0;0;0;251;24.13;38;0;0;0;848;366;25;2.4;4;0;0;0;1 hour;34:20;0;0;7;43%;61%;57%
Prince_Fatman;2466;0;0;0;2;0;0;0;0;0;20,130;5,582;4,050;33,187;9,202.42;6,460;3,079;31;8.59;0;0;0;74;20.51;17;10;2.38;0;0;0;0;0;0;252,000;0;0;35;9.7;8;1;4;1;2;6.37;6;0;0;0;0;30;8.31;7;10;0.28;71,916;23;9;3;3;3;1;0.27;1;4;3;28;7.76;10;02:02;00:34;00:47;0;0;0;96;26.61;19;0;0;0;356;140;11;3.05;4;0;0;0;41 minutes;03:24;0;0;0;39%;0;57%
PucKProof;3768;0;0;0;3;0;0;0;0;0;24,725;8,820;11,138;48,456;17,286.15;19,094;5,233;25;8.91;0;0;0;135;48.15;54;15;5.4;0;0;0;0;0;0;279,800;1;0;63;22.47;34;2;3;0;1;11.41;10;0;0;0;0;73;26.04;35;15;0.34;95,925;32;11;3;4;4;0;0;0;4;6;65;23.18;22;05:19;01:54;01:45;0;0;0;139;49.58;60;0;0;0;229;117;14;4.99;9;0;0;0;46 minutes;13:24;0;0;0;51%;100%;45%
QueenoftheAndals;2486;0;0;1;0;0;0;0;0;0;13,764;6,286;5,278;20,913;9,550.42;8,087;3,472;19;8.67;0;0;0;35;15.98;16;9;1.84;0;0;0;0;0;0;145,800;0;0;11;5.02;7;2;2;0;0;3.65;4;0;0;0;0;24;10.96;11;9;0.42;62,422;8;8;2;2;3;0;0;0;0;0;14;6.39;8;03:48;01:44;02:27;0;0;0;75;34.25;33;0;0;0;153;87;2;0.91;1;0;0;0;24 minutes;04:59;0;0;0;56%;62%;20%
rairai2040;2328;0;0;0;0;0;0;0;0;0;1,285;10,787;1,285;1,227;10,297.22;1,227;698;2;16.78;0;0;0;0;0;0;0;0;0;0;0;0;0;0;12,900;0;0;0;0;0;0;0;0;0;0;0;0;0;0;0;0;0;0;0;0.31;4,078;0;0;0;0;0;0;0;0;0;0;0;0;0;00:10;01:25;00:10;0;0;0;5;41.95;5;0;0;0;16;9;0;0;0;0;0;0;12.351526008918881 seconds;0;0;0;0;56%;0;17%
rencpee;2745;0;0;0;0;0;0;0;0;0;9,134;7,784;8,657;10,937;9,320.66;10,523;1,454;16;13.63;0;0;0;31;26.41;30;6;1.93;0;0;0;0;0;0;142,200;0;0;7;5.96;7;1;1;0;0;2.55;3;0;0;0;0;10;8.52;10;6;0.26;37,595;3;0;0;0;0;0;0;0;0;0;19;16.19;19;03:51;03:17;03:48;0;0;0;43;36.64;42;0;0;0;24;6;0;0;0;0;0;0;23 minutes;00:13;0;0;0;25%;25%;0
res1tvih;2599;0;0;0;0;0;0;0;0;0;8,022;8,883;8,022;11,665;12,915.46;11,665;1,749;19;21.03;0;0;0;34;37.64;34;8;1.78;0;0;0;0;0;0;108,400;1;0;10;11.07;10;1;1;0;0;7.75;7;0;0;0;0;9;9.96;9;8;0.2;22,721;7;2;1;0;1;0;0;0;4;1;22;24.35;22;02:41;02:59;02:41;0;0;0;32;35.43;32;0;0;0;5;2;1;1.1;1;0;0;0;18 minutes;00:19;0;0;0;40%;0;0
Rhinoblue123RED;2145;0;0;0;1;0;0;0;0;0;16,333;2,650;2,958;44,282;7,185.39;11,268;3,940;40;6.49;0;0;0;114;18.49;27;13;2.85;0;0;0;0;0;0;391,300;1;0;29;4.7;8;1;6;1;4;4.7;8;0;0;0;0;3;0.48;3;13;0.1;39,184;29;15;4;2;9;1;0.16;1;4;5;62;10.06;18;08:54;01:26;02:49;0;0;0;21;3.4;5;0;0;0;1,150;377;5;0.81;2;0;0;0;1 hour;03:46;0;0;6;32%;42%;71%
rm-rf_slash;2681;0;0;0;2;0;0;0;0;0;14,023;6,999;7,893;36,151;18,043.21;23,956;6,547;15;7.48;0;0;0;79;39.42;52;21;5.26;0;0;0;0;0;0;172,900;0;0;41;20.46;25;0;2;0;2;5.49;11;0;0;0;0;52;25.95;33;21;0.39;69,008;11;7;1;3;3;0;0;0;3;2;38;18.96;23;03:01;01:30;01:52;0;0;0;74;36.93;46;0;0;0;202;92;5;2.49;3;0;0;0;28 minutes;06:53;0;0;0;45%;48%;100%
ruinknives;2867;0;0;0;0;0;0;0;0;0;2,646;7,059;2,646;7,558;20,162.49;7,558;4,294;4;10.67;0;0;0;6;16;6;4;1.5;0;0;0;0;0;0;31,500;0;0;1;2.66;1;0;0;0;0;2.66;1;0;0;0;0;1;2.66;1;4;0.27;8,663;1;1;0;0;1;0;0;0;0;0;3;8;3;00:23;01:01;00:23;0;0;0;8;21.34;8;0;0;0;25;20;0;0;0;0;0;0;5 minutes;0;0;0;0;80%;0;0
Rundle0509;3763;0;0;0;2;0;0;0;0;0;38,887;4,324;6,735;93,946;10,446.57;18,429;5,594;41;4.55;0;0;0;234;26.02;36;20;5.7;0;0;0;0;0;0;553,000;2;1;70;7.78;11;1;9;0;8;4.22;8;0;0;0;0;72;8;14;20;0.22;127,086;38;27;12;6;9;2;0.22;1;6;5;112;12.45;20;14:27;01:36;03:31;0;0;0;172;19.12;31;0;0;0;1,534;844;5;0.55;2;0;0;0;1 hour;04:54;0;0;0;55%;69%;88%
RyanAM;4121;0;0;1;4;0;0;0;0;0;40,255;7,391;6,054;79,650;14,624.8;12,186;6,638;31;5.69;0;0;0;232;42.59;42;28;7.48;0;0;0;0;0;0;436,300;1;0;79;14.5;13;1;5;0;4;9.91;14;0;0;0;0;99;18.17;21;28;0.34;151,231;54;18;6;5;7;0;0;0;6;10;96;17.62;22;07:56;01:27;01:31;0;0;0;213;39.1;35;0;0;0;1,128;497;9;1.65;2;0;0;0;1 hour;13:46;0;0;1;44%;60%;78%
s-ahmed97;3071;0;0;1;28;0;0;0;0;0;246,085;5,859;10,149;425,793;10,137.95;19,157;7,518;268;6.38;0;0;0;1,064;25.33;54;24;3.97;0;0;0;0;0;0;2,932,300;2;2;376;8.95;21;16;42;3;23;4.83;15;0;0;0;0;709;16.88;41;24;0.41;1,224,009;203;129;37;46;46;0;0;0;4;19;504;12;30;01:06:19;01:34;02:58;0;0;0;1,337;31.83;59;0;0;0;4,078;1,974;53;1.26;7;0;0;0;8 hours;01:24:59;0;0;31;48%;100%;54%
samurainu;1885;0;0;0;0;0;0;0;0;0;2,759;4,437;2,759;6,860;11,031.45;6,860;2,646;6;9.64;0;0;0;13;20.9;13;5;2.16;0;0;0;0;0;0;51,900;0;0;3;4.82;3;1;1;0;0;6.43;4;0;0;0;0;5;8.04;5;5;0.15;8,212;4;2;1;2;0;0;0;0;0;0;5;8.04;5;01:00;01:37;01:00;0;0;0;12;19.29;12;0;0;0;38;22;1;1.6;1;0;0;0;8 minutes;01:36;0;0;0;57%;57%;0%
sbkkzy;3813;0;0;1;11;0;0;0;0;0;332,288;10,070;15,081;619,260;18,765.75;29,627;9,060;299;9.06;0;0;0;872;26.42;51;19;2.91;0;0;0;0;0;0;2,784,400;6;1;263;7.96;19;19;33;1;13;7.36;18;0;0;0;0;714;21.63;42;19;0.49;1,369,909;243;122;19;58;45;0;0;0;5;30;463;14.03;35;01:11:12;02:09;06:06;0;0;0;1,604;48.6;79;0;0;0;7,285;3,883;19;0.57;3;0;0;0;7 hours;01:14:44;0;0;1;53%;71%;39%
Scrufster;2197;0;0;0;0;0;0;0;0;0;3,146;4,592;3,146;7,395;10,793.65;7,395;1,327;10;14.59;0;0;0;13;18.97;13;4;1.3;0;0;0;0;0;0;78,100;0;0;1;1.45;1;1;1;0;0;2.91;2;0;0;0;0;0;0;0;4;0.08;7,003;2;1;0;1;1;0;0;0;0;0;12;17.51;12;03:28;05:04;03:28;0;0;0;26;37.95;26;0;0;0;96;52;0;0;0;0;0;0;12 minutes;0;0;0;0;54%;54%;0
Shadowfox55;2799;0;0;1;0;0;0;0;0;0;30,679;7,582;7,662;35,669;8,815.39;8,807;3,146;34;8.4;0;0;0;96;23.72;24;12;2.82;0;0;0;0;0;0;347,300;2;0;31;7.66;10;2;4;0;2;2.47;4;0;0;0;0;46;11.36;13;12;0.33;114,680;10;9;4;2;3;0;0;0;3;1;53;13.09;15;06:19;01:33;01:48;0;0;0;167;41.27;39;0;0;0;330;112;7;1.72;3;0;0;0;57 minutes;02:19;0;0;0;33%;47%;51%
Shadows1Disciple;2374;0;0;0;1;0;0;0;0;0;3,055;3,055;3,055;5,514;5,514.18;5,514;2,843;1;0.99;0;0;0;27;26.99;27;12;27;0;0;0;0;0;0;55,800;0;1;7;6.99;7;0;1;0;1;1.99;2;0;0;0;0;6;5.99;6;12;0.2;11,511;2;2;0;2;0;0;0;0;0;0;18;17.99;18;01:03;01:03;01:03;0;0;0;31;30.99;31;0;0;0;226;60;0;0;0;0;0;0;9 minutes;00:13;0;0;0;26%;26%;100%
shadowstrixx;2873;0;0;1;119;0;0;0;0;0;1,032,478;6,026;10,497;1,666,072;9,724.49;25,195;8,152;1,478;8.62;0;0;0;3,838;22.4;51;21;2.59;0;0;0;0;0;0;13,560,200;13;3;1,224;7.14;23;92;171;11;68;4.65;17;0;0;0;190;2,084;12.16;37;21;0.34;4,668,541;798;455;173;133;149;1;0;1;5;82;1,952;11.39;36;04:19:12;01:30;05:37;0;0;0;8,305;48.47;86;0;0;0;21,946;8,936;144;0.84;4;1;0;0;37 hours;03:56:00;0;0;47;40%;79%;39%
Sharpy776;2926;0;0;0;1;13%;5;5;5;0.08;6,691;5,827;3,304;469;5,398.34;469;469;14;12.19;0;0;0;54;47.02;25;14;3.85;0;0;0;0;0;0;132,200;0;0;16;13.93;9;0;0;0;0;10.44;5;0;0;0;0;17;14.8;14;14;0.2;26,642;12;0;0;2;0;0;0;0;4;3;29;25.25;13;04:05;03:34;01:54;0;0;0;44;38.31;21;0;0;0;65;38;2;1.74;1;0;0;0;1 minute;05:39;0;0;0;58%;36%;100%
Shimada_Bros;3031;0;0;1;1;0;0;0;0;0;14,486;10,549;9,648;20,833;15,170.47;10,686;5,146;17;12.37;0;0;0;69;50.24;35;18;4.05;0;0;0;0;0;0;140,000;1;0;35;25.48;20;0;1;0;1;8.73;10;0;0;0;0;52;37.86;32;18;0.46;65,080;12;4;2;0;2;0;0;0;3;2;31;22.57;17;02:40;01:57;01:29;0;0;0;66;48.06;46;0;0;0;120;25;4;2.91;2;0;0;0;23 minutes;07:41;0;0;0;20%;15%;100%
Signal_Graph;3858;0;0;1;6;0;0;0;0;0;108,519;8,278;13,103;262,250;20,005.08;31,867;11,244;90;6.86;0;0;0;366;27.91;46;23;4.06;0;0;0;0;0;0;1,039,800;1;0;97;7.39;17;7;13;0;6;9.84;21;0;0;0;0;234;17.85;37;23;0.42;437,082;129;41;9;18;14;1;0.07;1;4;19;134;10.22;26;19:49;01:30;03:19;0;0;0;519;39.59;60;0;0;0;2,207;1,117;10;0.76;4;0;0;0;2 hours;33:48;0;0;6;50%;71%;46%
sloohy99;2897;0;0;0;2;0;0;0;0;0;41,662;4,708;5,235;78,466;8,867.07;10,130;4,901;64;7.23;0;0;0;191;21.58;43;16;2.98;0;0;0;0;0;0;610,300;0;0;51;5.76;14;4;9;0;4;3.84;13;0;0;0;0;76;8.58;17;16;0.22;139,005;34;17;6;4;6;1;0.11;1;4;2;107;12.09;30;13:03;01:28;01:49;0;0;0;205;23.16;27;0;0;0;482;206;2;0.22;2;0;0;0;1 hour;05:58;0;0;0;42%;52%;50%
Smithered;4207;0;0;1;0;0;0;0;0;0;12,503;11,719;7,629;22,861;21,427.68;14,808;6,718;10;9.37;0;0;0;32;29.99;25;8;3.2;0;0;0;0;0;0;103,000;0;0;9;8.43;6;0;1;0;1;7.49;7;0;0;0;0;20;18.74;16;8;0.44;46,171;8;3;0;1;3;0;0;0;0;0;11;10.31;10;00:52;00:48;00:33;0;0;0;49;45.92;28;0;0;0;239;117;0;0;0;0;0;0;17 minutes;00:50;0;0;0;48%;48%;100%
SNAKE714;3752;0;0;1;1;0;0;0;0;0;17,759;10,806;5,684;40,350;24,552.62;15,466;11,445;10;6.08;0;0;0;44;26.77;20;13;4.4;0;0;0;0;0;0;158,100;0;0;22;13.38;12;1;2;0;0;3.65;4;0;0;0;0;36;21.9;19;13;0.56;88,627;6;5;1;3;1;0;0;0;0;0;22;13.38;11;01:55;01:10;01:08;0;0;0;95;57.8;31;0;0;0;469;244;4;2.43;4;0;0;0;26 minutes;03:32;0;0;0;52%;60%;20%
SpanishK;2586;0;0;0;0;0;0;0;0;0;356;4,009;356;342;3,850.72;342;336;1;11.26;0;0;0;2;22.52;2;2;2;0;0;0;0;0;0;7,300;0;0;0;0;0;0;0;0;0;0;0;0;0;0;0;0;0;0;2;0.04;353;0;0;0;0;0;0;0;0;0;0;1;11.26;1;00:11;02:03;00:11;0;0;0;3;33.78;3;0;0;0;5;1;0;0;0;0;0;0;1 minute;0;0;0;0;20%;20%;0
Spuggtaztic;0;0;0;1;3;2%;1;1;1;0;32,265;7,493;8,723;713;3,084.32;713;638;3;12.97;1;4;1;1;4.32;1;1;0.33;0;0;0;0;0;0;299,400;0;0;52;12.07;17;0;0;0;2;6.03;9;1,471;6,362;1,471;1,353;71;16.48;22;1;0.42;127,205;26;1;0;0;0;0;0;0;3;2;42;9.75;16;06:35;01:31;02:37;0;0;0;139;32.27;40;577;5.12;577;69;45;7;1.62;3;0;0;0;1 minute;06:34;0;0;0;65%;61%;57%
ss0401bump;2485;0;0;0;2;0;0;0;0;0;11,833;6,527;7,399;26,725;14,740.45;18,169;5,551;14;7.72;0;0;0;68;37.5;58;18;4.85;0;0;0;0;0;0;153,500;0;0;27;14.89;23;1;2;0;1;5.51;9;0;0;0;0;29;15.99;20;18;0.38;59,303;10;6;1;2;4;1;0.55;1;0;0;30;16.54;25;02:30;01:23;01:56;0;0;0;41;22.61;33;0;0;0;239;109;6;3.3;5;0;0;0;25 minutes;13:34;0;0;1;45%;46%;55%
STOP_iseGamin_tv;3158;0;0;0;1;0;0;0;0;0;71,181;6,433;7,214;108,840;9,835.72;11,247;4,638;125;11.29;0;0;0;213;19.24;32;14;1.7;0;0;0;0;0;0;868,700;2;0;53;4.78;8;8;11;0;2;3.97;6;0;0;0;0;89;8.04;10;14;0.27;236,745;44;27;11;5;11;2;0.18;1;4;7;109;9.85;16;18:23;01:39;03:03;0;0;0;374;33.79;41;0;0;0;866;425;5;0.45;1;0;0;0;2 hours;04:21;0;0;0;49%;76%;21%
STRATO-ARCTICA;2431;0;0;0;0;0;0;0;0;0;13,843;8,192;9,392;18,885;11,175.54;15,089;2,627;21;12.42;0;0;0;70;41.42;62;11;3.33;0;0;0;0;0;0;169,100;1;0;29;17.16;26;1;2;0;1;4.73;7;0;0;0;0;33;19.52;29;11;0.34;57,814;8;5;0;2;2;0;0;0;3;2;34;20.11;28;03:14;01:55;02:24;0;0;0;67;39.64;47;0;0;0;2;1;3;1.77;3;0;0;0;28 minutes;01:52;0;0;4;50%;50%;59%
subzilllaa;3870;0;0;1;6;0;0;0;0;0;116,052;7,663;10,259;210,866;13,924.56;16,354;7,787;154;10.16;0;0;0;478;31.56;47;21;3.1;0;0;0;0;0;0;1,358,300;3;0;153;10.1;16;8;15;0;7;7.52;14;0;0;0;0;213;14.06;29;21;0.29;402,430;114;43;19;9;14;3;0.19;1;6;11;205;13.53;21;21:56;01:26;02:15;0;0;0;584;38.56;50;0;0;0;1,492;791;16;1.05;2;0;0;0;3 hours;29:31;0;0;0;53%;100%;46%
SugahFree;3000;0;0;0;0;0;0;0;0;0;4,159;4,595;2,335;8,022;8,861.79;4,694;2,806;7;7.73;0;0;0;27;29.82;14;8;3.85;0;0;0;0;0;0;78,400;0;0;7;7.73;5;0;1;0;1;6.62;4;0;0;0;0;10;11.04;6;8;0.25;19,934;6;3;2;1;0;0;0;0;4;1;12;13.25;9;00:38;00:43;00:34;0;0;0;34;37.56;21;0;0;0;53;30;2;2.2;2;0;0;0;13 minutes;02:15;0;0;0;56%;61%;100%
swagboy1235;0;0;0;0;1;0;0;0;0;0;6,401;3,885;3,783;11,384;6,909.7;5,337;2,832;8;4.85;0;0;0;18;10.92;10;4;2.25;0;0;0;0;0;0;74,300;0;0;9;5.46;5;1;2;0;1;1.82;2;0;0;0;0;9;5.46;5;4;0.34;25,659;3;6;1;2;3;0;0;0;0;0;6;3.64;4;01:03;00:38;00:46;0;0;0;39;23.67;23;0;0;0;176;82;2;1.21;2;0;0;0;12 minutes;00:12;0;0;3;46%;50%;60%
Swegg-Lawdd;4148;0;0;0;0;0;0;0;0;0;5,244;4,883;4,962;8,857;8,247.02;8,219;1,916;9;8.38;0;0;0;24;22.34;24;6;2.66;0;0;0;0;0;0;68,500;0;0;8;7.44;8;0;1;0;1;4.65;5;0;0;0;0;7;6.51;7;6;0.23;16,202;5;4;2;0;2;1;0.93;1;4;1;9;8.38;9;00:36;00:34;00:36;0;0;0;30;27.93;27;0;0;0;194;75;3;2.79;3;0;0;0;11 minutes;00:32;0;0;0;38%;38%;100%
SwiperThe1;4286;0;0;0;0;0;0;0;0;0;2,081;9,779;2,081;2,475;11,629.11;2,475;1,042;4;18.79;0;0;0;3;14.09;3;1;0.75;0;0;0;0;0;0;22,600;0;0;2;9.39;2;0;0;0;0;0;0;0;0;0;0;2;9.39;2;1;0.24;5,622;0;0;0;0;0;0;0;0;0;0;1;4.69;1;00:17;01:20;00:17;0;0;0;8;37.59;8;0;0;0;39;10;1;4.69;1;0;0;0;3 minutes;0;0;0;0;25%;25%;0
Taimbot;0;0;0;0;1;0;0;0;0;0;36,518;8,720;9,526;57,444;13,716.1;17,885;6,040;43;10.26;0;0;0;116;27.69;36;10;2.69;0;0;0;0;0;0;368,100;2;0;39;9.31;12;2;4;0;2;7.64;10;0;0;0;0;68;16.23;25;10;0.34;127,412;32;17;4;7;6;0;0;0;4;7;51;12.17;13;10:26;02:29;03:56;0;0;0;152;36.29;39;0;0;0;741;342;6;1.43;2;0;0;0;1 hour;10:29;0;0;0;46%;53%;44%
taylormade99;2551;0;0;1;2;0;0;0;0;0;34,246;5,713;6,958;50,558;8,433.86;10,590;3,178;50;8.34;0;0;0;150;25.02;29;9;3;0;0;0;0;0;0;444,800;0;0;72;12.01;16;3;6;1;3;4.83;6;0;0;0;0;53;8.84;16;9;0.26;117,576;29;20;4;5;12;0;0;0;4;3;73;12.17;18;08:39;01:26;02:12;0;0;0;123;20.51;25;0;0;0;71;25;19;3.16;5;0;0;0;1 hour;10:58;0;0;0;35%;88%;45%
teehtf;4361;0;0;0;2;0;0;0;0;0;51,785;7,131;8,738;106,466;14,659.87;18,873;8,122;69;9.5;0;0;0;200;27.53;44;15;2.89;0;0;0;0;0;0;656,000;3;1;48;6.6;14;4;7;0;3;5.09;12;0;0;0;0;79;10.87;22;15;0.26;173,487;37;23;8;6;9;0;0;0;4;5;116;15.97;28;17:43;02:26;03:10;0;0;0;198;27.26;42;0;0;0;1,421;797;3;0.41;2;0;0;0;1 hour;05:33;0;0;6;56%;66%;41%
The_Bob_tw;3073;0;0;0;1;0;0;0;0;0;28,228;7,706;8,183;47,017;12,834.65;13,394;4,979;41;11.19;0;0;0;127;34.66;39;16;3.09;0;0;0;0;0;0;324,500;4;0;41;11.19;9;2;4;0;2;4.09;5;0;0;0;0;73;19.92;18;16;0.31;103,448;15;13;5;5;4;0;0;0;3;1;68;18.56;25;07:36;02:04;01:59;0;0;0;139;37.94;37;0;0;0;335;154;10;2.72;3;0;0;0;54 minutes;09:44;0;0;0;45%;57%;53%
The_Evil_Of_Man;0;0;0;0;0;0;0;0;0;0;7,522;5,060;3,134;11,043;7,428.98;6,755;2,111;17;11.43;0;0;0;17;11.43;8;7;1;0;0;0;0;0;0;134,000;0;0;3;2.01;2;1;1;0;1;3.36;3;0;0;0;0;10;6.72;4;7;0.25;33,794;5;0;0;0;0;0;0;0;0;0;11;7.39;8;03:35;02:24;01:29;0;0;0;70;47.09;26;0;0;0;329;85;0;0;0;0;0;0;22 minutes;0;0;0;0;25%;0;38%
THE_FAT555;2539;0;0;1;1;0;0;0;0;0;18,366;6,511;5,142;34,456;12,214.9;9,698;6,523;27;9.57;0;0;0;82;29.06;19;14;3.03;0;0;0;0;0;0;244,300;0;0;43;15.24;11;1;3;0;2;3.19;5;0;0;0;0;41;14.53;16;14;0.32;78,764;9;10;1;5;4;0;0;0;0;0;28;9.92;10;02:39;00:56;00:57;0;0;0;86;30.48;20;0;0;0;214;90;14;4.96;5;0;0;0;40 minutes;11:13;0;0;2;42%;46%;66%
TheCycl3Path;3000;0;0;1;0;0;0;0;0;0;8,434;8,987;7,402;11,398;12,144.51;10,399;3,375;9;9.58;0;0;0;47;50.07;45;14;5.22;0;0;0;0;0;0;102,300;0;0;18;19.17;16;1;1;0;0;8.52;8;0;0;0;0;34;36.22;33;14;0.47;48,902;8;2;1;1;1;0;0;0;3;1;30;31.96;29;03:50;04:05;03:43;0;0;0;50;53.27;42;0;0;0;99;40;0;0;0;0;0;0;17 minutes;06:11;0;0;0;40%;0;31%
timohilde86;3478;0;0;1;17;0;0;0;0;0;112,650;4,041;6,962;200,867;7,205;13,755;6,624;119;4.26;0;0;0;652;23.38;40;25;5.47;0;0;0;0;0;0;1,625,800;0;0;188;6.74;12;1;28;1;26;4.51;11;0;0;0;60;320;11.47;36;25;0.33;539,163;126;63;25;19;19;1;0.03;1;4;15;257;9.21;23;26:52;00:57;02:07;0;0;0;547;19.62;34;0;0;0;2,710;1,440;23;0.82;4;0;0;0;4 hours;25:26;0;0;1;53%;73%;93%
tinysparkles;3406;0;0;0;0;0;0;0;0;0;18,354;7,178;10,230;23,019;9,002.82;10,175;3,941;31;12.12;0;0;0;39;15.25;21;7;1.25;0;0;0;0;0;0;190,800;1;0;17;6.64;12;2;3;0;0;1.17;2;0;0;0;0;25;9.77;13;7;0.33;64,235;3;6;3;0;3;0;0;0;3;1;23;8.99;13;03:12;01:15;01:32;0;0;0;94;36.76;49;0;0;0;153;50;3;1.17;3;0;0;0;31 minutes;04:39;0;0;0;32%;33%;18%
tomidaiki;2827;0;0;0;1;0;0;0;0;0;86,557;5,755;9,650;114,931;7,641.45;13,373;4,315;140;9.3;0;0;0;269;17.88;33;11;1.92;0;0;0;0;0;0;1,178,900;6;0;85;5.65;10;8;15;0;7;3.85;8;0;0;0;0;147;9.77;17;11;0.32;385,924;58;32;15;5;12;3;0.19;1;4;7;121;8.04;14;23:21;01:33;02:26;0;0;0;415;27.59;51;0;0;0;1,110;458;2;0.13;1;0;0;0;3 hours;09:11;0;0;0;41%;58%;49%
towearacrown;3520;0;0;1;0;0;0;0;0;0;6,860;11,734;6,860;11,671;19,964.13;11,671;6,187;3;5.13;0;0;0;8;13.68;8;7;2.66;0;0;0;0;0;0;48,900;0;0;3;5.13;3;1;1;0;0;5.13;3;0;0;0;0;7;11.97;7;7;0.6;29,694;3;1;0;0;1;0;0;0;0;0;1;1.71;1;00:59;01:41;00:59;0;0;0;23;39.34;23;0;0;0;56;34;0;0;0;0;0;0;8 minutes;0;0;0;0;60%;0;0
treeboting;2628;0;0;0;0;0;0;0;0;0;1,962;6,541;1,962;5,038;16,798.15;5,038;2,458;2;6.66;0;0;0;13;43.34;13;8;6.5;0;0;0;0;0;0;27,400;0;0;2;6.66;2;0;0;0;0;16.67;5;0;0;0;0;5;16.67;5;8;0.33;9,045;5;1;0;0;1;0;0;0;0;0;5;16.67;5;00:30;01:40;00:30;0;0;0;18;60.01;18;0;0;0;108;49;0;0;0;0;0;0;4 minutes;00:20;0;0;0;45%;45%;100%
TroLeQuiS_kiLLeR;3647;0;0;0;0;0;0;0;0;0;4,989;6,474;4,989;435;9,626.82;435;435;1;22.14;0;0;0;1;22.14;1;1;1;0;0;0;0;0;0;53,400;1;0;1;22.14;1;0;0;0;0;6.48;5;0;0;0;0;9;11.67;9;1;0.4;21,466;5;0;2;0;0;0;0;0;3;1;1;22.14;1;00:04;01:33;00:04;0;0;0;22;28.54;22;0;0;0;100;29;1;1.29;1;0;0;0;51.942144013009965 seconds;00:03;0;0;0;28%;28%;0
TROLL_TATOE123;2891;0;0;0;0;0;0;0;0;0;736;4,425;736;909;5,462.73;909;467;2;12.02;0;0;0;0;0;0;0;0;0;0;0;0;0;0;11,700;0;0;0;0;0;0;0;0;0;0;0;0;0;0;0;0;0;0;0;0.19;2,329;0;0;0;0;0;0;0;0;0;0;0;0;0;0;0;0;0;0;0;6;36.06;6;0;0;0;21;4;0;0;0;0;0;0;1 minute;0;0;0;0;19%;0;0
vansama813;0;0;0;0;0;0;0;0;0;0;5,885;5,202;4,102;9,781;8,645;8,014;2,190;6;5.3;0;0;0;34;30.05;32;11;5.66;0;0;0;0;0;0;73,900;0;0;12;10.6;10;0;1;0;1;5.3;6;0;0;0;0;13;11.49;13;11;0.31;23,081;6;1;1;0;0;0;0;0;3;2;9;7.95;9;00:36;00:32;00:26;0;0;0;26;22.98;23;0;0;0;73;37;2;1.76;2;0;0;0;12 minutes;00:31;0;0;0;50%;49%;100%
Vince-F95Gunners;3369;0;0;1;20;0;0;0;0;0;237,284;8,109;11,793;404,849;13,835.01;20,611;9,080;185;6.32;0;0;0;900;30.75;52;19;4.86;0;0;0;0;0;0;2,309,500;2;2;352;12.02;27;8;29;1;20;6.39;12;0;0;0;0;564;19.27;45;19;0.43;997,343;187;92;25;29;37;0;0;0;6;22;426;14.55;25;48:10;01:38;03:05;0;0;0;1,380;47.15;74;0;0;0;4,394;2,343;48;1.64;8;0;0;0;6 hours;01:19:51;0;0;4;53%;69%;69%
Vintagesole;2785;0;0;0;0;0;0;0;0;0;2,371;10,508;2,371;2,910;12,893.98;2,910;1,677;3;13.29;0;0;0;12;53.17;12;9;4;0;0;0;0;0;0;26,000;0;0;6;26.58;6;0;0;0;0;8.86;2;0;0;0;0;7;31.01;7;9;0.41;10,778;2;1;0;0;0;0;0;0;0;0;10;44.31;10;01:21;06:03;01:21;0;0;0;9;39.88;9;0;0;0;29;17;0;0;0;0;0;0;4 minutes;00:58;0;0;0;58%;0;0
VoSnYb;3961;0;0;1;77;0;0;0;0;0;638,214;7,106;12,761;1,575,578;17,541.64;32,206;16,484;519;5.77;0;0;0;3,121;34.74;60;26;6.01;0;0;0;0;0;0;6,605,800;17;3;1,277;14.21;26;0;0;2;71;8.67;21;0;0;0;0;2,433;27.08;50;26;0.5;3,341,545;779;0;0;0;0;6;0.06;1;5;117;1,201;13.37;45;01:51:21;01:14;03:25;0;0;0;2,560;28.5;51;0;0;0;4;10,540;138;1.53;8;0;0;0;2.4523110119625926 seconds;05:13:09;0;0;8;49%;66%;78%
vReveelz;3589;0;0;1;5;0;0;0;0;0;35,312;4,966;8,986;62,990;8,858.08;15,711;5,677;41;5.76;0;0;0;155;21.79;42;23;3.78;0;0;0;0;0;0;471,500;1;0;46;6.46;14;1;7;0;5;4.35;10;0;0;0;0;83;11.67;27;23;0.36;170,493;31;19;8;4;7;0;0;0;4;3;62;8.71;15;11:12;01:34;02:52;0;0;0;249;35.01;55;0;0;0;741;333;4;0.56;1;0;0;0;1 hour;10:13;0;0;0;44%;65%;72%
Wan-0-War;4202;0;0;1;49;0;0;0;0;0;481,636;7,904;13,934;962,468;15,795.81;32,705;13,344;447;7.33;0;0;0;2,329;38.22;75;29;5.21;0;0;0;0;0;0;4,809,300;13;0;970;15.91;37;13;61;3;45;10.15;24;0;0;0;0;1,799;29.52;67;29;0.5;2,406,156;619;218;34;122;62;20;0.32;2;5;86;856;14.04;39;01:33:19;01:31;04:50;0;0;0;2,209;36.25;67;0;0;0;8,256;4,339;120;1.96;9;0;0;0;13 hours;05:12:19;0;0;7;52%;68%;73%
wannchan_1208;3680;0;0;1;33;0;0;0;0;0;513,391;8,069;14,943;1,017,705;15,994.8;34,795;10,820;451;7.08;0;0;0;1,865;29.31;64;20;4.13;0;0;0;0;0;0;5,197,400;2;1;588;9.24;20;26;64;1;36;7.49;20;0;0;0;0;1,420;22.31;49;20;0.48;2,546,096;477;205;66;74;66;9;0.14;2;6;66;792;12.44;38;01:31:50;01:26;04:19;0;0;0;2,333;36.66;66;0;0;0;14,144;6,837;43;0.67;4;0;0;0;14 hours;02:25:57;0;0;0;48%;63%;57%
WhiteRangerOwnz;2633;0;0;1;3;0;0;0;0;0;33,669;7,364;5,703;53,061;11,604.64;9,902;4,761;43;9.4;0;0;0;153;33.46;44;15;3.55;0;0;0;0;0;0;410,000;0;0;33;7.21;10;2;5;0;2;4.59;6;0;0;0;0;58;12.68;18;15;0.29;120,684;21;13;7;2;4;0;0;0;4;3;76;16.62;17;09:50;02:09;01:44;0;0;0;155;33.89;26;0;0;0;724;266;3;0.65;2;0;0;0;1 hour;05:54;0;0;0;36%;43%;45%
x_CyberHunter_x;3500;0;0;0;2;0;0;0;0;0;8,468;5,849;4,958;17,019;11,756.19;10,327;2,614;11;7.59;0;0;0;69;47.66;36;19;6.27;0;0;0;0;0;0;107,200;0;0;15;10.36;10;1;1;0;0;7.59;7;0;0;0;0;16;11.05;9;19;0.26;27,907;11;4;2;2;0;0;0;0;3;2;42;29.01;21;03:50;02:39;02:15;0;0;0;54;37.3;32;0;0;0;98;51;1;0.69;1;0;0;0;17 minutes;02:29;0;0;0;52%;0;0
xbLeU;4329;0;0;1;0;0;0;0;0;0;6,273;8,249;2,628;10,313;13,561.97;4,548;2,314;9;11.83;0;0;0;5;6.57;2;1;0.55;0;0;0;0;0;0;55,700;1;0;3;3.94;2;0;1;0;0;1.31;1;0;0;0;0;4;5.25;2;1;0.36;20,605;1;2;1;1;1;0;0;0;0;0;1;1.31;1;00:14;00:19;00:08;0;0;0;18;23.66;6;0;0;0;135;87;0;0;0;0;0;0;9 minutes;0;0;0;0;64%;37%;0
XCloud-4tlasX;2292;0;0;0;0;0;0;0;0;0;14,988;7,437;6,034;24,096;11,956.58;10,843;3,843;24;11.9;0;0;0;44;21.83;15;8;1.83;0;0;0;0;0;0;152,800;1;0;11;5.45;5;2;2;0;0;2.97;3;0;0;0;0;23;11.41;9;8;0.34;52,601;6;6;0;3;3;0;0;0;0;0;23;11.41;10;03:23;01:40;01:22;0;0;0;65;32.25;25;0;0;0;48;25;2;0.99;1;0;0;0;25 minutes;01:04;0;0;0;52%;100%;0
XDaRkFlMeMaSteX;3033;0;0;1;10;0;0;0;0;0;104,425;7,967;11,277;185,866;14,180.12;20,659;7,858;90;6.86;0;0;0;389;29.67;44;22;4.32;0;0;0;0;0;0;1,084,300;3;1;140;10.68;18;5;13;0;7;6.48;12;0;0;0;0;251;19.14;34;22;0.39;431,597;85;41;13;16;13;3;0.22;1;5;8;158;12.05;22;17:53;01:21;04:04;0;0;0;578;44.09;60;0;0;0;2,590;1,235;23;1.75;6;0;0;0;3 hours;26:50;0;0;1;47%;66%;56%
Xecrets;3992;0;0;1;2;0;0;0;0;0;16,073;8,106;5,989;32,941;16,612.25;10,674;6,518;11;5.54;0;0;0;80;40.34;36;21;7.27;0;0;0;0;0;0;158,100;0;0;25;12.6;13;0;2;0;1;7.56;8;0;0;0;0;59;29.75;28;21;0.45;71,973;15;6;2;1;3;0;0;0;3;2;23;11.59;11;01:04;00:32;00:37;0;0;0;70;35.3;25;0;0;0;370;196;4;2.01;2;0;0;0;26 minutes;04:04;0;0;0;52%;66%;68%
xEvery_;3596;0;0;1;2;0;0;0;0;0;18,986;12,213;10,405;42,308;27,214.72;21,682;8,638;22;14.15;0;0;0;44;28.3;22;16;2;0;0;0;0;0;0;160,500;0;0;21;13.5;11;2;2;0;0;10.93;10;0;0;0;0;35;22.51;20;16;0.48;78,376;17;5;0;5;0;0;0;0;3;3;21;13.5;11;02:29;01:36;01:15;0;0;0;72;46.31;39;0;0;0;434;217;3;1.92;2;0;0;0;26 minutes;08:04;0;0;0;50%;33%;0
xGrommash;0;0;0;0;1;0;0;0;0;0;3,964;3,964;3,964;6,281;6,281.28;6,281;3,163;3;3;0;0;0;17;17;17;8;5.66;0;0;0;0;0;0;42,400;0;0;8;8;8;1;1;0;1;4;4;0;0;0;0;12;12;12;8;0.37;15,731;4;4;3;0;1;0;0;0;3;1;6;6;6;00:46;00:46;00:46;0;0;0;24;24;24;0;0;0;8;7;0;0;0;0;0;0;7 minutes;00:07;0;0;0;87%;87%;100%
xShotwell;3676;0;0;0;0;0;0;0;0;0;5,774;5,195;3,482;9,962;8,961.63;5,259;4,316;9;8.09;0;0;0;15;13.49;8;6;1.66;0;0;0;0;0;0;75,200;0;0;4;3.59;2;1;1;0;0;0.89;1;0;0;0;0;9;8.09;5;6;0.39;29,568;1;4;3;1;0;0;0;0;0;0;9;8.09;7;01:00;00:54;00:30;0;0;0;29;26.08;15;0;0;0;184;107;1;0.89;1;0;0;0;12 minutes;00:20;0;0;0;58%;0;0
XTheFunPolice;3609;0;0;0;0;0;0;0;0;0;378;5,211;378;509;7,009.82;509;509;1;13.78;0;0;0;1;13.78;1;1;1;0;0;0;0;0;0;4,400;0;0;0;0;0;0;0;0;0;0;0;0;0;0;0;0;0;0;1;0.19;849;0;0;0;0;0;0;0;0;0;0;1;13.78;1;00:10;02:22;00:10;0;0;0;2;27.56;2;0;0;0;3;0;0;0;0;0;0;0;44.19388699531555 seconds;0;0;0;0;0;0;100%
xtrickharder_esp;4148;0;0;0;0;0;0;0;0;0;1,011;7,845;1,011;1,279;9,922.6;1,279;777;2;15.51;0;0;0;0;0;0;0;0;0;0;0;0;0;0;10,900;0;0;0;0;0;0;0;0;0;0;0;0;0;0;0;0;0;0;0;0.19;2,083;0;0;0;0;0;0;0;0;0;0;0;0;0;00:39;05:03;00:39;0;0;0;6;46.54;6;0;0;0;26;11;0;0;0;0;0;0;1 minute;0;0;0;0;42%;0;100%
YoungShimada;3380;0;0;1;12;0;0;0;0;0;109,376;5,961;10,817;222,956;12,150.59;21,701;6,707;112;6.1;0;0;0;605;32.97;56;20;5.4;0;0;0;0;0;0;1,318,900;2;1;287;15.64;36;6;18;3;9;6.21;13;0;0;0;0;378;20.6;49;20;0.4;530,482;114;52;12;27;13;2;0.1;1;5;10;278;15.15;31;31:15;01:42;03:33;0;0;0;640;34.87;55;0;0;0;2,319;1,085;46;2.5;9;0;0;0;3 hours;01:05:38;0;0;11;46%;62%;48%
yui_ui_1989;2504;0;0;0;1;0;0;0;0;0;16,792;6,179;5,172;23,027;8,474;6,960;2,528;21;7.72;0;0;0;66;24.28;20;7;3.14;0;0;0;0;0;0;213,500;1;0;21;7.72;9;0;3;0;3;4.04;5;0;0;0;0;30;11.04;10;7;0.32;69,753;11;7;5;1;1;1;0.36;1;4;1;39;14.35;14;05:32;02:02;01:34;0;0;0;88;32.38;27;0;0;0;512;176;5;1.84;2;0;0;0;35 minutes;02:23;0;0;0;34%;38%;100%
Zcity9;2900;0;0;0;0;0;0;0;0;0;6,562;6,380;4,049;7,921;7,700.65;4,248;2,234;13;12.63;0;0;0;13;12.63;9;7;1;0;0;0;0;0;0;77,000;0;0;7;6.8;6;1;1;0;0;2.91;2;0;0;0;0;8;7.77;7;7;0.27;21,457;3;3;1;1;1;1;0.97;1;0;0;5;4.86;3;01:41;01:39;01:21;0;0;0;24;23.33;14;0;0;0;163;57;0;0;0;0;0;0;12 minutes;01:51;0;0;3;34%;45%;48%
Zealousx;3334;0;0;1;2;0;0;0;0;0;54,698;5,678;9,130;88,104;9,145.43;13,013;7,065;77;7.99;0;0;0;204;21.17;38;20;2.64;0;0;0;0;0;0;698,400;3;0;58;6.02;15;1;1;1;4;3.84;6;0;0;0;0;103;10.69;16;20;0.33;237,391;37;26;6;11;9;0;0;0;3;5;89;9.23;19;15:09;01:34;02:26;0;0;0;264;27.4;46;0;0;0;941;412;5;0.51;2;0;0;0;39.407606021501124 seconds;10:45;0;0;0;43%;52%;45%
ZeeTee_;4140;0;0;1;8;0;0;0;0;0;98,015;8,077;10,828;221,681;18,268.34;27,639;13,014;115;9.47;0;0;0;396;32.63;55;18;3.44;0;0;0;0;0;0;1,026,900;2;0;132;10.87;22;6;12;0;6;8.9;14;0;0;0;0;217;17.88;38;18;0.36;375,158;108;37;13;15;8;0;0;0;4;12;161;13.26;25;16:40;01:22;01:40;0;0;0;425;35.02;41;0;0;0;1,396;751;15;1.23;3;0;0;0;2 hours;31:22;0;0;4;53%;75%;51%
zelda3232001;3446;0;0;0;0;0;0;0;0;0;6,797;4,964;3,607;12,404;9,059.76;6,619;4,119;6;4.38;0;0;0;21;15.33;11;7;3.5;0;0;0;0;0;0;85,300;0;0;6;4.38;3;0;1;0;1;4.38;4;0;0;0;0;11;8.03;7;7;0.34;29,268;6;2;0;0;1;0;0;0;0;0;7;5.11;5;02:04;01:30;01:13;0;0;0;36;26.29;19;0;0;0;134;70;0;0;0;0;0;0;14 minutes;02:26;0;0;3;52%;45%;73%
zousan-_-;2335;0;0;0;0;0;0;0;0;0;1,598;4,691;1,598;4,124;12,105.35;4,124;3,529;3;8.8;0;0;0;9;26.41;9;6;3;0;0;0;0;0;0;26,700;0;0;4;11.74;4;0;0;0;0;0;0;0;0;0;0;4;11.74;4;6;0.31;8,388;0;1;0;0;0;0;0;0;0;0;7;20.54;7;00:35;01:43;00:35;0;0;0;9;26.41;9;0;0;0;49;28;0;0;0;0;0;0;4 minutes;0;0;0;0;57%;57%;100%
zwordz;4050;0;0;0;0;0;0;0;0;0;3,296;6,343;2,483;5,814;11,189.97;4,591;2,834;6;11.54;0;0;0;16;30.79;13;11;2.66;0;0;0;0;0;0;51,800;0;0;3;5.77;3;0;1;0;0;5.77;3;0;0;0;0;7;13.47;7;11;0.19;9,849;3;2;0;1;1;0;0;0;3;1;9;17.32;7;01:07;02:10;00:51;0;0;0;23;44.26;17;0;0;0;112;22;0;0;0;0;0;0;8 minutes;00:24;0;0;0;19%;21%;54%
