aaaangus;0;0;0;7%;7;7;2;0.01;5,737;10,119.09;5,737;3,069;831;1,467;831;7;12.34;2;3.52;2;3;0;0;13;22.93;13;11;1.85;0;0;0;0;0;0;0;0;0;9;15.87;9;0;1;0;1;0;0;0;0;11;0;0;1;0;0;1;1;1.76;1;0;0;3;5.29;3;00:35;01:02;00:35;0;0;0;0;0;0;0;0;0;0;0;234;92;4;7.05;4;0;0;0;6 minutes;01:14;0;0;0;0;0;39%;0;100%
abra84kadabra;2388;0;11;5%;1,192;22;13;0.01;923,005;6,925.92;13,455;4,790;217,899;1,635;2,739;1,165;8.74;353;2.64;9;485;0;0;2,004;15.03;27;22;1.72;0;0;0;0;0;0;0;24;0;763;5.72;18;73;133;6;53;2;0.01;0;78;22;0;0;264;82;93;89;9;0.06;2;3;10;917;6.88;19;03:36:45;01:37;03:37;0;0;0;0;0;0;0;0;0;0;0;81,410;20,756;197;1.47;6;3;0;0;24 hours;22:50;0;0;0;0;155;25%;75%;40%
Akodak;3000;0;0;5%;5;3;2;0;5,396;7,446.98;3,043;1,636;2,285;3,153;1,334;12;16.55;1;1.37;1;2;0;0;8;11.03;4;3;0.66;0;0;0;0;0;0;0;0;0;4;5.51;4;0;1;0;0;0;0;0;0;3;0;0;1;0;1;0;0;0;0;0;0;3;4.13;1;01:15;01:44;00:26;0;0;0;0;0;0;0;0;0;0;0;448;89;3;4.13;3;0;0;0;11 minutes;00:49;0;0;0;0;0;19%;32%;33%
Alelksan;0;0;0;7%;3;3;3;0.02;2,153;7,776.06;2,153;2,153;394;1,423;394;1;3.61;3;10.83;3;1;0;0;7;25.28;7;7;7;0;0;0;0;0;0;0;0;0;4;14.44;4;0;0;0;0;0;0;0;0;7;0;0;1;0;1;0;0;0;0;0;0;4;14.44;4;00:22;01:20;00:22;0;0;0;0;0;0;0;0;0;0;0;96;39;2;7.22;2;0;0;0;1 minute;00:29;0;0;0;0;2;40%;40%;100%
AllStatsDown;4102;0;0;7%;28;16;12;0.02;20,873;20,881.84;16,401;4,398;2,260;2,261;1,839;15;15;7;7;6;7;0;0;34;34.01;29;16;2.26;0;0;0;0;0;0;0;0;0;23;23;21;0;1;0;1;0;0;0;0;16;0;0;2;1;1;0;3;3;3;3;1;9;9;9;02:05;02:05;01:10;0;0;0;0;0;0;0;0;0;0;0;1,164;381;7;7;5;0;0;0;17 minutes;02:15;0;0;0;0;0;32%;0;83%
Angel_L_AssAssin;3851;0;1;11%;29;29;14;0.04;11,056;11,055.58;11,056;3,496;2,260;2,260;2,260;4;3.99;3;2.99;3;4;0;0;40;39.99;40;13;10;0;0;0;0;0;0;0;0;0;20;19.99;20;0;1;0;1;0;0;0;0;13;0;0;4;1;3;0;1;0.99;1;3;1;17;16.99;17;02:05;02:05;02:05;0;0;0;0;0;0;0;0;0;0;0;935;254;1;0.99;1;0;0;0;11 minutes;01:00;0;0;0;0;0;27%;27%;100%
APurplePanduh;4466;0;8;7%;416;63;15;0.03;270,143;19,697.35;33,132;7,510;51,847;3,780;9,367;109;7.94;130;9.47;22;92;0;0;535;39;72;17;4.9;0;0;0;0;0;0;0;0;0;295;21.5;44;4;14;0;9;0;0;0;0;17;0;0;36;6;23;8;8;0.58;1;5;11;192;13.99;29;20:52;01:31;03:02;0;0;0;0;0;0;0;0;0;0;0;14,395;5,463;50;3.64;7;0;0;0;3 hours;43:46;0;0;0;0;1;37%;54%;68%
Arash1994;3986;0;2;5%;24;12;5;0.02;20,816;8,853.64;12,498;5,054;1,639;697;950;4;1.7;13;5.52;8;7;0;0;72;30.62;37;16;18;0;0;0;0;0;0;0;0;0;43;18.28;22;1;2;0;2;0;0;0;0;16;0;0;8;2;3;3;2;0.85;1;3;2;21;8.93;13;01:06;00:28;00:32;0;0;0;0;0;0;0;0;0;0;0;1,322;473;4;1.7;2;0;0;0;17 minutes;03:26;0;0;0;0;0;35%;39%;100%
ATLXyphes;3256;0;21;7%;1,367;38;15;0.02;905,434;11,971.63;21,645;7,626;171,669;2,270;5,201;512;6.76;496;6.55;16;467;0;0;2,624;34.69;70;26;5.12;0;0;0;0;0;0;0;8;1;1,180;15.6;27;9;76;0;67;0;0;0;0;26;0;0;186;61;56;68;35;0.46;3;5;53;878;11.6;34;01:28:13;01:09;03:23;0;0;0;0;0;0;0;0;0;0;0;53,118;17,585;239;3.16;8;2;0;0;15 hours;02:19:57;0;0;0;0;16;33%;48%;88%
AutoBots_Kick_A;2901;0;0;8%;57;11;8;0.02;30,073;8,775.43;6,254;5,103;4,539;1,325;1,094;23;6.71;14;4.08;4;14;0;0;78;22.76;15;11;3.39;0;0;0;0;0;0;0;0;1;39;11.38;9;1;3;0;3;0;0;0;0;11;0;0;6;2;1;3;0;0;0;0;0;29;8.46;6;03:19;00:58;00:48;0;0;0;0;0;0;0;0;0;0;0;2,217;651;8;2.33;3;1;0;0;43 minutes;04:03;0;0;0;0;3;29%;37%;77%
bboyer123;2553;0;0;6%;19;15;7;0.02;9,831;8,283.94;6,963;2,519;1,786;1,505;1,239;12;10.11;3;2.52;2;3;0;0;20;16.85;14;6;1.66;0;0;0;0;0;0;0;0;0;11;9.26;6;1;1;0;0;0;0;0;0;6;0;0;2;1;0;0;0;0;0;0;0;7;5.89;3;01:47;01:30;00:51;0;0;0;0;0;0;0;0;0;0;0;832;276;3;2.52;2;0;0;0;15 minutes;0;0;0;0;0;0;33%;38%;2%
BEN-B-en;0;0;5;4%;358;17;9;0.01;367,808;10,503.84;12,574;5,846;61,852;1,766;4,507;418;11.93;135;3.85;8;185;0;0;679;19.39;30;18;1.62;0;0;0;0;0;0;0;9;0;343;9.79;17;22;35;1;12;48;1.37;48;48;18;0;0;79;28;24;26;17;0.48;5;3;5;229;6.53;12;29:48;00:51;01:07;0;0;0;0;0;0;0;0;0;0;0;24,301;8,251;62;1.77;4;0;0;0;7 hours;21:01;0;0;0;0;9;33%;68%;33%
benjacore;3377;0;1;6%;166;23;9;0.01;132,592;10,917.07;12,556;6,917;30,972;2,550;2,853;113;9.3;65;5.35;9;64;0;0;262;21.57;26;15;2.31;0;0;0;0;0;0;0;1;0;110;9.05;12;4;12;0;8;0;0;0;0;15;0;0;36;13;7;16;5;0.41;2;5;6;118;9.71;12;18:59;01:33;02:47;0;0;0;0;0;0;0;0;0;0;0;8,205;2,392;22;1.81;3;0;0;0;2 hours;04:11;0;0;0;0;3;29%;38%;63%
BhaagMilkhaBhaag;3000;0;4;3%;27;7;5;0.01;28,816;6,613.8;6,719;2,889;6,483;1,488;1,526;25;5.73;9;2.06;3;8;0;0;111;25.47;27;13;4.44;0;0;0;0;0;0;0;0;0;55;12.62;12;0;4;0;4;0;0;0;0;13;0;0;8;2;2;4;2;0.45;1;0;0;16;3.67;4;03:24;00:47;00:44;0;0;0;0;0;0;0;0;0;0;0;1,663;689;19;4.36;4;0;0;0;6.455096002668142 seconds;07:13;0;0;0;0;3;41%;50%;91%
Blota_Skoles;3624;0;1;5%;123;15;7;0.01;109,394;12,873.58;12,877;4,296;22,816;2,685;3,367;105;12.35;48;5.64;7;44;0;0;204;24;22;12;1.94;0;0;0;0;0;0;0;4;0;112;13.18;14;6;8;0;2;0;0;0;0;12;0;0;26;7;9;11;6;0.7;1;3;3;68;8;7;08:59;01:03;00:52;0;0;0;0;0;0;0;0;0;0;0;6,191;2,168;23;2.7;5;1;0;0;1 hour;14:01;0;0;0;0;3;35%;50%;23%
blueschopper0628;1959;0;3;6%;160;12;7;0.01;131,147;7,367.84;6,274;2,773;52,373;2,942;3,302;302;16.96;47;2.64;3;72;0;0;267;15;15;7;0.88;0;0;0;0;0;0;0;6;0;136;7.64;7;0;0;2;0;0;0;0;0;7;0;0;0;0;14;0;0;0;0;0;0;119;6.68;9;26:03;01:27;01:19;0;0;0;0;0;0;0;0;0;0;0;12,348;2,448;36;2.02;3;1;0;0;7.533519992604852 seconds;02:22;0;0;0;0;3;19%;35%;67%
boJangles408;2209;0;0;2%;1;1;1;0;1,259;7,509.23;1,259;1,006;0;0;0;2;11.92;0;0;0;1;0;0;2;11.92;2;2;1;0;0;0;0;0;0;0;0;0;2;11.92;2;0;0;0;0;0;0;0;0;2;0;0;1;0;0;0;0;0;0;0;0;0;0;0;00:00;00:01;00:00;0;0;0;0;0;0;0;0;0;0;0;138;34;2;11.92;2;0;0;0;1 minute;0;0;0;0;0;0;24%;0;0
boneh;3996;0;0;12%;31;18;18;0.02;13,260;7,375.82;7,549;2,436;2,686;1,494;1,513;11;6.11;6;3.33;3;6;0;0;49;27.25;21;14;4.45;0;0;0;0;0;0;0;1;0;26;14.46;9;0;2;0;2;0;0;0;0;14;0;0;4;2;1;1;0;0;0;3;1;11;6.11;6;01:15;00:41;00:54;0;0;0;0;0;0;0;0;0;0;0;830;254;8;4.44;3;0;0;0;19 minutes;00:20;0;0;0;0;2;30%;34%;98%
bub_THe-_-Gr8;2378;0;0;5%;47;9;4;0.01;31,451;7,516.83;5,476;3,377;6,454;1,543;1,230;37;8.84;7;1.67;2;12;0;0;63;15.05;15;8;1.7;0;0;0;0;0;0;0;0;0;29;6.93;8;3;4;1;1;0;0;0;0;8;0;0;11;5;2;3;4;0.95;2;0;0;27;6.45;7;04:44;01:07;00:56;0;0;0;0;0;0;0;0;0;0;0;2,438;794;7;1.67;2;1;0;0;49 minutes;00:14;0;0;0;0;2;32%;35%;20%
BunnyFuufu;4078;0;0;7%;86;30;19;0.02;48,613;14,520.05;13,383;3,864;6,357;1,899;1,568;28;8.36;19;5.67;8;22;0;0;101;30.16;34;11;3.6;0;0;0;0;0;0;0;0;0;50;14.93;20;1;3;0;3;0;0;0;0;11;0;0;7;2;1;3;1;0.29;1;3;1;39;11.64;14;04:09;01:14;01:08;0;0;0;0;0;0;0;0;0;0;0;3,459;1,164;13;3.88;4;0;0;0;49 minutes;05:13;0;0;0;0;0;33%;34%;82%
buraki35;4286;0;118;6%;2,572;45;33;0.02;2,112,650;14,205.02;26,352;9,575;392,249;2,637;6,053;1,313;8.82;1,329;8.93;27;1,012;0;0;5,307;35.68;63;29;4.04;0;0;0;0;0;0;0;11;0;2,889;19.42;40;21;149;4;124;135;0.9;100;100;29;0;0;465;73;267;125;129;0.86;4;5;115;1,498;10.07;33;02:40:35;01:04;03:08;0;0;0;0;0;0;0;0;0;0;0;102,962;38,606;613;4.12;14;3;0;0;27 hours;08:36:35;0;0;0;0;25;37%;57%;83%
CapuSound99;1958;0;4;5%;157;19;9;0.01;127,930;10,193.07;11,795;5,733;35,809;2,853;3,876;145;11.55;51;4.06;12;43;0;0;283;22.54;33;11;1.95;0;0;0;0;0;0;0;3;0;167;13.3;19;10;13;0;2;0;0;0;0;11;0;0;36;15;8;14;8;0.63;2;4;3;128;10.19;17;22:57;01:49;02:08;0;0;0;0;0;0;0;0;0;0;0;8,910;2,854;46;3.66;9;0;0;0;2 hours;09:37;0;0;0;0;1;32%;47%;14%
ChaLiWang;3191;0;0;0%;1;1;1;0;5,960;13,033.52;5,960;3,983;7,575;1,337;2,736;2;4.37;24;4.23;6;23;0;0;11;24.05;11;8;5.5;0;0;0;0;0;0;0;1;0;5;10.93;5;3;0;0;0;0;0;0;0;8;0;0;0;1;3;0;6;1.05;3;3;2;4;8.74;4;00:03;00:07;00:03;0;0;0;0;0;0;0;0;0;0;0;184;104;23;4.05;5;0;0;0;5 minutes;04:17;0;0;0;0;0;56%;43%;100%
CrispeChris;3343;0;1;4%;49;15;8;0.01;49,118;12,746.22;18,442;6,123;7,728;2,005;2,725;33;8.56;28;7.26;12;24;0;0;119;30.88;40;13;3.6;0;0;0;0;0;0;0;0;0;58;15.05;25;0;4;0;4;0;0;0;0;13;0;0;6;4;1;1;5;1.29;2;0;0;24;6.22;10;02:58;00:46;01:01;0;0;0;0;0;0;0;0;0;0;0;2,751;1,033;14;3.63;6;0;0;0;46 minutes;03:57;0;0;0;0;0;37%;42%;98%
cyber_animaI;4399;0;0;5%;9;6;3;0.01;7,895;13,089.13;2,643;2,414;1,463;2,425;536;6;9.94;3;4.97;3;4;0;0;19;31.49;10;8;3.16;0;0;0;0;0;0;0;0;0;10;16.57;5;0;1;0;0;0;0;0;0;8;0;0;2;1;0;0;0;0;0;0;0;4;6.63;3;01:40;02:46;00:30;0;0;0;0;0;0;0;0;0;0;0;611;174;2;3.31;2;0;0;0;10 minutes;0;0;0;0;0;1;28%;50%;55%
CyberBuIIying;4034;0;6;6%;350;33;11;0.02;290,000;11,999.41;30,083;7,418;43,958;1,819;3,739;212;8.77;151;6.24;20;131;0;0;606;25.07;58;22;2.85;0;0;0;0;0;0;0;2;0;324;13.4;34;6;24;1;18;0;0;0;0;22;0;0;65;19;24;22;12;0.49;2;4;15;179;7.4;32;15:59;00:39;02:20;0;0;0;0;0;0;0;0;0;0;0;15,110;5,646;87;3.59;8;0;0;0;4 hours;28:52;0;0;0;0;2;37%;72%;72%
DifferentD;3517;0;43;6%;2,739;33;11;0.01;2,128,353;11,134.79;21,919;8,390;410,205;2,146;7,912;1,900;9.94;1,059;5.54;16;1,051;0;0;5,112;26.74;50;22;2.69;0;0;0;0;0;0;0;13;1;2,432;12.72;29;89;191;10;93;75;0.39;75;75;22;0;0;509;190;152;167;88;0.46;3;6;79;1,953;10.21;25;04:53:30;01:32;03:44;0;0;0;0;0;0;0;0;0;0;0;136,005;41,448;542;2.83;12;7;0;0;41 hours;03:28:59;0;0;0;0;64;30%;47%;48%
Divinity-X-;4116;0;0;3%;5;5;4;0.02;5,974;20,266.19;5,974;2,926;929;3,152;929;3;10.17;1;3.39;1;2;0;0;3;10.17;3;2;1;0;0;0;0;0;0;0;0;0;2;6.78;2;0;0;0;0;0;0;0;0;2;0;0;1;0;1;0;0;0;0;0;0;2;6.78;2;00:38;02:12;00:38;0;0;0;0;0;0;0;0;0;0;0;257;134;0;0;0;0;0;0;3 minutes;0;0;0;0;0;0;52%;0;100%
DramaticMango;2345;0;0;0;0;0;0;0;1,071;11,735.27;825;825;1,033;11,317;922;1;10.95;0;0;0;0;0;0;1;10.95;1;1;1;0;0;0;0;0;0;0;0;0;1;10.95;1;0;0;0;0;0;0;0;0;1;0;0;0;0;0;0;0;0;0;0;0;0;0;0;00:05;01:02;00:03;0;0;0;0;0;0;0;0;0;0;0;54;17;1;10.95;1;0;0;0;1 minute;0;0;0;0;0;1;31%;33%;33%
drewsausage;3063;0;5;5%;82;20;11;0.01;87,397;11,102.32;14,824;4,906;22,281;2,830;3,907;55;6.98;59;7.49;15;41;0;0;231;29.34;48;17;4.2;0;0;0;0;0;0;0;0;0;118;14.98;29;1;8;0;7;0;0;0;0;17;0;0;22;4;8;10;4;0.5;2;5;5;86;10.92;21;06:01;00:45;01:13;0;0;0;0;0;0;0;0;0;0;0;4,512;1,505;24;3.04;9;0;0;0;1 hour;16:40;0;0;0;0;6;33%;38%;89%
DutchieSoInsane;2610;0;0;15%;5;5;5;0.02;1,690;5,205.08;1,690;1,444;645;1,986;645;2;6.15;0;0;0;1;0;0;11;33.86;11;11;5.5;0;0;0;0;0;0;0;0;0;5;15.39;5;0;0;0;0;0;0;0;0;11;0;0;1;0;0;0;0;0;0;0;0;3;9.23;3;00:25;01:17;00:25;0;0;0;0;0;0;0;0;0;0;0;102;33;1;3.07;1;0;0;0;3 minutes;00:51;0;0;0;0;0;32%;0;100%
ecotaku;2368;0;0;3%;2;2;1;0;2,750;2,411.57;1,388;769;469;411;301;6;5.26;0;0;0;0;0;0;4;3.5;3;3;0.66;0;0;0;0;0;0;0;0;0;2;1.75;2;1;1;0;0;0;0;0;0;3;0;0;0;0;0;0;0;0;0;0;0;2;1.75;2;00:25;00:22;00:13;0;0;0;0;0;0;0;0;0;0;0;189;59;1;0.87;1;0;0;0;3 minutes;0;0;0;0;0;0;31%;48%;0
eliteboy_1da;3496;0;1;9%;79;56;7;0.03;34,974;14,645.36;18,850;3,870;8,812;3,690;4,605;45;18.84;14;5.86;10;15;0;0;85;35.59;53;11;1.88;0;0;0;0;0;0;0;0;0;37;15.49;23;2;2;0;1;0;0;0;0;11;0;0;7;4;1;3;2;0.83;1;3;2;37;15.49;28;03:33;01:29;02:08;0;0;0;0;0;0;0;0;0;0;0;2,447;858;5;2.09;4;0;0;0;43 minutes;04:53;0;0;0;0;0;35%;55%;36%
Erenksk9;4169;0;4;6%;289;25;13;0.02;213,692;14,501.69;24,649;6,820;36,688;2,490;4,847;189;12.82;100;6.78;10;102;0;0;396;26.87;44;15;2.09;0;0;0;0;0;0;0;0;1;219;14.86;28;8;15;0;7;100;6.78;100;100;15;0;0;46;9;23;13;13;0.88;2;4;4;136;9.22;20;20:03;01:21;02:06;0;0;0;0;0;0;0;0;0;0;0;12,239;4,207;55;3.73;8;0;0;0;3 hours;21:59;0;0;0;0;0;34%;54%;46%
EvanMario;0;0;1;7%;43;16;6;0.02;25,812;9,630.32;6,802;3,372;4,228;1,577;1,230;21;7.83;19;7.08;6;11;0;0;92;34.32;38;11;4.38;0;0;0;0;0;0;0;0;0;52;19.4;18;0;3;0;2;0;0;0;0;11;0;0;6;1;2;3;4;1.49;2;3;2;21;7.83;7;01:45;00:39;00:45;0;0;0;0;0;0;0;0;0;0;0;1,774;552;12;4.47;6;0;0;0;28 minutes;04:26;0;0;0;0;0;31%;48%;87%
Fade_BR;0;0;21;4%;810;28;8;0.01;862,194;8,740.88;20,223;6,230;193,672;1,963;5,003;901;9.13;371;3.76;12;382;0;0;1,824;18.49;51;19;2.02;0;0;0;0;0;0;0;12;0;817;8.28;29;60;99;3;36;0;0;0;0;19;0;0;222;93;50;78;41;0.41;4;4;18;815;8.26;26;02:07:13;01:17;04:12;0;0;0;0;0;0;0;0;0;0;0;54,948;17,702;197;1.99;9;2;0;0;18 hours;50:59;0;0;0;0;48;32%;66%;36%
fishlover267;0;0;0;0;0;0;0;0;598;4,841.95;598;374;20;162;20;3;24.29;0;0;0;0;0;0;1;8.09;1;1;0.33;0;0;0;0;0;0;0;0;0;0;0;0;0;0;0;0;0;0;0;0;1;0;0;0;0;0;0;0;0;0;0;0;0;0;0;00:21;02:50;00:21;0;0;0;0;0;0;0;0;0;0;0;126;11;0;0;0;0;0;0;1 minute;0;0;0;0;0;0;8%;8%;0
flyinganimal;4142;0;0;8%;38;18;9;0.02;20,662;9,776.35;5,770;4,016;3,596;1,701;890;23;10.88;5;2.36;2;10;0;0;35;16.56;13;7;1.52;0;0;0;0;0;0;0;0;0;19;8.98;8;2;2;0;0;0;0;0;0;7;0;0;5;3;2;1;1;0.47;1;0;0;11;5.2;4;01:45;00:50;00:25;0;0;0;0;0;0;0;0;0;0;0;1,286;430;6;2.83;2;0;0;0;24 minutes;01:02;0;0;0;0;0;33%;58%;23%
FlyNameHere;2199;0;0;0;0;0;0;0;111;3,607.55;111;111;120;3,910;120;0;0;0;0;0;0;0;0;1;32.58;1;1;0;0;0;0;0;0;0;0;0;0;1;32.58;1;0;0;0;0;0;0;0;0;1;0;0;0;0;0;0;0;0;0;0;0;0;0;0;0;0;0;0;0;0;0;0;0;0;0;0;0;0;9;3;0;0;0;0;0;0;25.52520103380084 seconds;0;0;0;0;0;0;33%;0;100%
forrestsmith2;3084;0;5;6%;149;25;8;0.02;108,529;12,093.08;14,653;3,409;28,603;3,187;5,212;95;10.58;34;3.78;7;42;0;0;248;27.63;39;10;2.61;0;0;0;0;0;0;0;0;0;134;14.93;24;4;9;0;5;0;0;0;0;10;0;0;21;8;6;7;8;0.89;3;3;2;78;8.69;15;13:28;01:30;01:53;0;0;0;0;0;0;0;0;0;0;0;8,425;2,341;25;2.78;8;0;0;0;2 hours;08:58;0;0;0;0;0;27%;25%;57%
FvsNeLL;3798;0;0;0;0;0;0;0;545;9,793.55;545;545;84;1,509;84;1;17.96;0;0;0;0;0;0;1;17.96;1;1;1;0;0;0;0;0;0;0;0;0;1;17.96;1;0;0;0;0;0;0;0;0;1;0;0;0;0;0;0;0;0;0;0;0;0;0;0;0;0;0;0;0;0;0;0;0;0;0;0;0;0;48;15;0;0;0;0;0;0;48.75907099433243 seconds;0;0;0;0;0;0;31%;0;100%
games3_112;2604;0;0;5%;6;6;4;0.01;3,550;4,970.3;3,550;2,012;257;360;257;1;1.4;0;0;0;0;0;0;1;1.4;1;1;1;0;0;0;0;0;0;0;0;0;0;0;0;1;1;0;0;0;0;0;0;1;0;0;1;1;0;0;0;0;0;0;0;0;0;0;00:04;00:05;00:04;0;0;0;0;0;0;0;0;0;0;0;615;115;0;0;0;0;0;0;9 minutes;0;0;0;0;0;0;18%;18%;0
GoldenBullet20;4406;0;11;6%;307;31;14;0.02;232,024;15,742.2;19,660;7,901;42,250;2,867;4,239;112;7.59;87;5.9;10;87;0;0;494;33.51;51;28;4.41;0;0;0;0;0;0;0;2;0;211;14.31;26;2;15;0;13;0;0;0;0;28;0;0;45;13;20;12;16;1.08;3;4;9;134;9.09;24;13:29;00:54;01:30;0;0;0;0;0;0;0;0;0;0;0;12,129;4,624;26;1.76;3;0;0;0;3 hours;21:54;0;0;0;0;2;38%;44%;86%
GoMu___;4214;0;8;7%;543;36;12;0.02;328,386;12,551;21,074;7,035;63,063;2,410;4,631;266;10.16;176;6.72;11;151;0;0;819;31.3;55;24;3.07;0;0;0;0;0;0;0;2;0;444;16.96;32;12;26;1;13;71;2.72;71;71;24;0;0;65;15;26;25;4;0.15;2;3;9;280;10.7;20;31:17;01:11;02:15;0;0;0;0;0;0;0;0;0;0;0;19,393;6,804;121;4.62;9;1;0;0;5 hours;45:36;0;0;0;0;11;35%;59%;49%
hourai127;2224;0;0;2%;1;1;1;0;1,654;2,254.14;1,654;1,109;0;0;0;5;6.81;0;0;0;1;0;0;1;1.36;1;1;0.2;0;0;0;0;0;0;0;0;0;0;0;0;1;1;0;0;0;0;0;0;1;0;0;1;0;0;1;0;0;0;0;0;0;0;0;00:11;00:15;00:11;0;0;0;0;0;0;0;0;0;0;0;229;38;0;0;0;0;0;0;5 minutes;0;0;0;0;0;0;16%;0;17%
IHateUddesd;0;0;0;8%;23;12;5;0.01;13,500;7,718.72;6,593;1,588;2,695;1,541;1,045;24;13.72;5;2.85;2;7;0;0;29;16.58;17;5;1.2;0;0;0;0;0;0;0;0;0;17;9.71;10;2;2;0;0;0;0;0;0;5;0;0;4;2;1;1;1;0.57;1;3;1;12;6.86;8;02:51;01:38;01:35;0;0;0;0;0;0;0;0;0;0;0;963;260;6;3.43;3;0;0;0;23 minutes;00:20;0;0;0;0;1;26%;34%;0
IRaTuSz;4631;0;5;6%;247;32;9;0.02;176,362;17,225.29;22,223;4,570;33,179;3,241;7,006;117;11.42;79;7.71;13;65;0;0;359;35.06;55;12;3.06;0;0;0;0;0;0;0;0;0;200;19.53;35;3;10;0;7;0;0;0;0;12;0;0;27;2;14;11;13;1.26;4;5;7;96;9.37;19;09:55;00:58;01:51;0;0;0;0;0;0;0;0;0;0;0;10,231;3,654;27;2.63;5;0;0;0;2 hours;20:21;0;0;0;0;0;35%;47%;70%
itsDiety;3957;0;9;7%;457;44;13;0.03;316,880;15,697.98;33,497;5,614;63,414;3,141;10,695;227;11.24;112;5.54;14;125;0;0;539;26.7;47;15;2.37;0;0;0;0;0;0;0;2;0;278;13.77;25;11;20;1;8;43;2.12;43;43;15;0;0;50;14;21;15;10;0.49;1;4;9;182;9.01;20;18:41;00:55;01:36;0;0;0;0;0;0;0;0;0;0;0;16,923;6,502;67;3.31;5;0;0;0;4 hours;35:05;0;0;0;0;4;38%;56%;38%
itsGenji;4057;0;2;6%;82;22;8;0.02;56,013;13,462.37;11,778;4,669;11,537;2,773;2,983;38;9.13;16;3.84;4;20;0;0;90;21.63;29;9;2.36;0;0;0;0;0;0;0;0;0;38;9.13;14;1;4;0;3;0;0;0;0;9;0;0;13;6;1;6;3;0.72;1;0;0;35;8.41;12;04:52;01:10;01:13;0;0;0;0;0;0;0;0;0;0;0;3,412;1,209;8;1.92;3;0;0;0;51 minutes;02:42;0;0;0;0;2;35%;47%;74%
ItsRaiyu;4385;0;0;8%;40;20;8;0.02;25,990;13,607.3;13,406;3,140;5,697;2,983;3,171;18;9.42;11;5.75;6;10;0;0;58;30.36;35;8;3.22;0;0;0;0;0;0;0;1;0;26;13.61;11;1;2;0;1;0;0;0;0;8;0;0;2;0;0;2;1;0.52;1;3;1;14;7.32;10;01:08;00:36;00:29;0;0;0;0;0;0;0;0;0;0;0;1,505;492;9;4.71;5;0;0;0;24 minutes;02:27;0;0;0;0;1;32%;50%;53%
JonXSly;2840;0;0;7%;5;5;5;0.03;2,558;15,625.13;2,558;1,866;356;2,175;356;3;18.32;0;0;0;1;0;0;1;6.1;1;1;0.33;0;0;0;0;0;0;0;0;0;0;0;0;0;0;0;0;0;0;0;0;1;0;0;0;0;0;0;0;0;0;0;0;1;6.1;1;00:10;01:06;00:10;0;0;0;0;0;0;0;0;0;0;0;147;71;0;0;0;0;0;0;2 minutes;0;0;0;0;0;0;48%;0;0
katsuya3;2206;0;1;6%;26;20;6;0.02;20,228;16,551.54;17,651;3,480;1,973;1,614;1,739;14;11.45;6;4.9;6;6;0;0;43;35.18;35;8;3.07;0;0;0;0;0;0;0;1;0;18;14.72;16;0;1;0;1;0;0;0;0;8;0;0;3;1;1;1;1;0.81;1;0;0;20;16.36;16;03:26;02:49;02:02;0;0;0;0;0;0;0;0;0;0;0;1,218;432;3;2.45;3;0;0;0;16 minutes;03:37;0;0;0;0;0;35%;39%;100%
KILLER77_HAZZA3;3082;0;0;5%;4;3;2;0.01;3,165;8,084.41;1,674;1,292;1,176;3,004;785;4;10.21;2;5.1;1;2;0;0;11;28.09;7;7;2.75;0;0;0;0;0;0;0;0;0;6;15.32;3;0;0;0;0;0;0;0;0;7;0;0;1;1;0;0;0;0;0;0;0;2;5.1;2;00:12;00:32;00:10;0;0;0;0;0;0;0;0;0;0;0;328;68;0;0;0;0;0;0;4 minutes;00:20;0;0;0;0;0;20%;33%;88%
kon5-TDRoki;2084;0;0;12%;3;3;1;0;1,253;1,171.56;1,035;386;32;30;32;6;5.61;1;0.93;1;1;0;0;1;0.93;1;1;0.16;0;0;0;0;0;0;0;0;0;1;0.93;1;1;1;0;0;0;0;0;0;1;0;0;0;0;0;0;0;0;0;0;0;1;0.93;1;00:11;00:11;00:11;0;0;0;0;0;0;0;0;0;0;0;211;24;1;0.93;1;0;0;0;5 minutes;0;0;0;0;0;0;11%;12%;0
koutyatya;3647;0;3;5%;186;28;18;0.02;157,008;15,975.09;18,751;16,895;31,090;3,163;4,528;75;7.63;49;4.98;13;51;0;0;248;25.23;36;21;3.3;0;0;0;0;0;0;0;1;0;110;11.19;23;5;10;1;4;0;0;0;0;21;0;0;26;8;12;6;5;0.5;2;4;9;106;10.78;19;14:22;01:27;02:39;0;0;0;0;0;0;0;0;0;0;0;9,234;3,701;10;1.01;2;0;0;0;2 hours;07:39;0;0;0;0;4;40%;50%;45%
KSlims;4548;0;0;3%;2;2;2;0;2,063;8,663.49;2,063;1,614;328;1,378;328;2;8.4;2;8.4;2;1;0;0;4;16.8;4;2;2;0;0;0;0;0;0;0;0;0;3;12.6;3;0;0;0;0;0;0;0;0;2;0;0;0;0;0;0;0;0;0;0;0;0;0;0;00:05;00:21;00:05;0;0;0;0;0;0;0;0;0;0;0;199;51;1;4.2;1;0;0;0;3 minutes;0;0;0;0;0;0;25%;0;0
kurosaki158;1924;0;1;3%;21;8;5;0.01;26,316;9,584.81;9,868;2,245;5,289;1,926;2,364;31;11.29;9;3.27;4;9;0;0;42;15.29;17;5;1.35;0;0;0;0;0;0;0;1;0;19;6.92;7;2;3;0;1;75;27.31;75;75;5;0;0;8;3;3;1;1;0.36;1;0;0;16;5.82;6;04:37;01:40;01:18;0;0;0;0;0;0;0;0;0;0;0;2,115;587;3;1.09;2;0;0;0;34 minutes;0;0;0;0;0;0;27%;32%;42%
L1TTL3msAW3S0M3;2393;0;0;8%;3;3;2;0.01;1,206;5,208.6;1,206;584;94;406;94;4;17.27;0;0;0;1;0;0;0;0;0;0;0;0;0;0;0;0;0;0;0;0;0;0;0;0;0;0;0;0;0;0;0;0;0;0;0;0;0;0;0;0;0;0;0;0;0;0;00:01;00:06;00:01;0;0;0;0;0;0;0;0;0;0;0;160;34;0;0;0;0;0;0;3 minutes;0;0;0;0;0;0;21%;0;100%
Langartija;3035;0;0;16%;4;4;4;0.01;803;803;803;803;60;60;60;0;0;0;0;0;1;0;0;0;0;0;0;0;0;0;0;0;0;0;0;0;0;0;0;0;1;1;0;0;0;0;0;0;0;0;0;0;0;0;0;0;0;0;0;0;0;0;0;0;0;0;0;0;0;0;0;0;0;0;0;0;0;102;24;0;0;0;0;0;0;3 minutes;0;0;0;0;0;1;23%;23%;0
LEATONER;2534;0;0;6%;35;8;7;0.02;24,515;14,844.2;8,880;3,013;6,714;4,065;2,947;26;15.74;12;7.26;3;11;0;0;65;39.35;18;8;2.5;0;0;0;0;0;0;0;0;0;30;18.16;13;1;2;0;1;0;0;0;0;8;0;0;4;2;2;0;0;0;0;0;0;35;21.19;9;05:57;03:36;01:36;0;0;0;0;0;0;0;0;0;0;0;1,785;520;15;9.08;7;0;0;0;27 minutes;09:01;0;0;0;0;0;29%;29%;32%
LoggingOut;3612;0;8;6%;572;36;31;0.02;461,900;14,617.69;37,894;9,323;99,280;3,142;5,407;363;11.48;196;6.2;31;172;0;0;781;24.71;66;18;2.15;0;0;0;0;0;0;0;1;0;385;12.18;34;18;32;0;14;7;0.21;7;7;18;0;0;78;25;26;27;25;0.79;2;6;13;272;8.6;35;32:04;01:00;03:02;0;0;0;0;0;0;0;0;0;0;0;20,736;8,189;70;2.21;6;0;0;0;7 hours;31:12;0;0;0;0;2;39%;56%;43%
l-Twisted_Fate-l;4013;0;0;2%;1;1;1;0;2,019;7,248.67;1,458;956;716;2,571;456;3;10.77;0;0;0;1;0;0;0;0;0;0;0;0;0;0;0;0;0;0;0;0;0;0;0;0;0;0;0;0;0;0;0;0;0;0;0;0;0;0;0;0;0;0;0;0;0;0;00:27;01:37;00:20;0;0;0;0;0;0;0;0;0;0;0;164;46;0;0;0;0;0;0;3 minutes;0;0;0;0;0;0;28%;0;25%
lucis204;2216;0;36;4%;1,940;34;12;0.01;2,026,660;13,258.89;38,222;7,847;259,790;1,700;8,628;1,257;8.22;773;5.05;16;765;0;0;3,377;22.09;55;24;2.68;0;0;0;0;0;0;0;10;0;1,313;8.58;30;0;0;11;75;239;1.56;100;100;24;0;0;0;0;0;0;26;0.17;2;6;61;1,411;9.23;27;04:06:59;01:36;04:08;0;0;0;0;0;0;0;0;0;0;0;182,496;45,436;245;1.6;14;1;0;0;1.972348002716899 seconds;01:18:41;0;0;0;0;6;24%;37%;49%
LuckyC723;3859;0;30;8%;2,240;45;18;0.03;1,267,456;14,266.3;23,735;9,119;212,028;2,387;5,761;954;10.73;568;6.39;14;529;0;0;2,684;30.21;53;20;2.81;0;0;0;0;0;0;0;3;0;1,420;15.98;34;42;89;6;41;75;0.84;75;75;20;0;0;251;67;79;105;69;0.77;4;6;52;848;9.54;24;01:49:40;01:14;02:43;0;0;0;0;0;0;0;0;0;0;0;80,773;26,884;339;3.81;10;0;0;0;20 hours;02:37:26;0;0;0;0;6;33%;52%;45%
Lyntune92;2044;0;0;8%;16;12;4;0.01;8,362;11,423.07;5,766;2,104;1,639;2,239;914;8;10.92;1;1.36;1;4;0;0;24;32.78;11;9;3;0;0;0;0;0;0;0;0;0;10;13.66;6;1;1;0;0;0;0;0;0;9;0;0;1;1;0;0;0;0;0;0;0;12;16.39;7;01:31;02:04;01:08;0;0;0;0;0;0;0;0;0;0;0;865;182;3;4.09;2;0;0;0;15 minutes;0;0;0;0;0;0;21%;14%;0
M5roosh_ksa;3563;0;11;6%;628;34;11;0.02;491,069;11,987.27;23,612;7,088;114,402;2,793;4,869;400;9.76;219;5.34;13;225;0;0;1,079;26.33;63;18;2.69;0;0;0;0;0;0;0;3;0;562;13.71;33;23;41;3;16;0;0;0;119;18;0;0;108;32;37;39;17;0.41;3;4;11;379;9.25;23;45:56;01:07;01:59;0;0;0;0;0;0;0;0;0;0;0;33,799;9,659;160;3.9;10;0;0;0;8 hours;44:37;0;0;0;0;18;28%;43%;38%
MAAFX;2990;0;0;4%;4;2;2;0;4,261;7,353.42;2,300;1,821;994;1,715;856;9;15.53;1;1.72;1;2;0;0;8;13.8;6;4;0.88;0;0;0;0;0;0;0;0;0;5;8.62;3;0;1;0;0;0;0;0;0;4;0;0;2;1;1;0;0;0;0;0;0;5;8.62;4;00:27;00:48;00:19;0;0;0;0;0;0;0;0;0;0;0;476;86;2;3.45;1;0;0;0;7 minutes;0;0;0;0;0;0;18%;17%;3%
Marlporo0707;4292;0;4;6%;343;31;12;0.02;255,932;19,441.38;23,267;7,473;36,290;2,757;4,632;127;9.64;128;9.72;12;79;0;0;472;35.85;49;19;3.71;0;0;0;0;0;0;0;1;0;233;17.69;25;4;13;0;9;0;0;0;0;19;0;0;40;6;21;13;8;0.6;2;5;18;168;12.76;20;22:50;01:44;02:44;0;0;0;0;0;0;0;0;0;0;0;14,354;5,687;27;2.05;4;0;0;0;3 hours;34:57;0;0;0;0;0;39%;52%;69%
mrfr33s3;2615;0;0;3%;8;7;4;0;11,141;5,570.47;8,063;1,936;2,727;1,363;2,136;16;7.99;5;2.49;4;4;0;0;22;10.99;19;5;1.37;0;0;0;0;0;0;0;0;0;9;4.49;8;2;2;0;0;0;0;0;0;5;0;0;7;5;2;0;1;0.49;1;0;0;10;4.99;8;02:15;01:07;01:27;0;0;0;0;0;0;0;0;0;0;0;641;247;2;0.99;2;0;0;0;17 minutes;0;0;0;0;0;1;38%;39%;0
MRstyles4u;3416;0;0;10%;20;20;6;0.04;8,053;20,707.58;8,053;2,509;1,770;4,551;1,770;7;18;2;5.14;2;4;0;0;14;36;14;12;2;0;0;0;0;0;0;0;0;0;2;5.14;2;0;0;0;0;0;0;0;0;12;0;0;0;0;0;0;1;2.57;1;0;0;6;15.42;6;01:31;03:54;01:31;0;0;0;0;0;0;0;0;0;0;0;676;191;1;2.57;1;0;0;0;8 minutes;0;0;0;0;0;2;28%;0;97%
Natz_D_Chow;4048;0;11;7%;403;27;11;0.02;262,926;11,471.94;17,119;6,605;42,242;1,843;2,656;197;8.59;127;5.54;11;104;0;0;676;29.49;45;17;3.43;0;0;0;0;0;0;0;3;0;346;15.09;24;2;23;0;21;0;0;0;0;17;0;0;57;14;21;21;23;1;3;4;7;176;7.67;25;16:26;00:43;02:13;0;0;0;0;0;0;0;0;0;0;0;14,589;5,632;80;3.49;6;0;0;0;3 hours;33:36;0;0;0;0;4;38%;50%;89%
Ninja5976;0;0;0;1%;4;3;3;0;9,007;17,224;4,607;3,867;1,343;2,568;745;6;11.47;4;7.64;3;3;0;0;16;30.59;13;8;2.66;0;0;0;0;0;0;0;0;0;4;7.64;4;0;1;0;0;0;0;0;0;8;0;0;2;0;1;1;0;0;0;3;1;6;11.47;6;00:55;01:46;00:49;0;0;0;0;0;0;0;0;0;0;0;566;233;1;1.91;1;0;0;0;7 minutes;02:13;0;0;0;0;0;41%;0;43%
NINJALEX323;4049;0;12;8%;513;43;15;0.03;327,869;15,352.88;24,850;9,533;67,655;3,168;5,985;176;8.24;134;6.27;15;112;0;0;707;33.1;52;23;4.01;0;0;0;0;0;0;0;3;2;333;15.59;24;7;21;1;14;0;0;0;0;23;0;0;65;24;15;25;21;0.98;3;4;16;215;10.06;18;33:25;01:33;02:49;0;0;0;0;0;0;0;0;0;0;0;17,545;6,263;62;2.9;9;0;0;0;4 hours;43:00;0;0;0;0;1;35%;41%;64%
NoirEt_B;3147;0;2;6%;66;21;6;0.02;51,339;12,077.43;16,681;5,379;13,206;3,107;4,357;42;9.88;24;5.64;10;23;0;0;116;27.28;37;17;2.76;0;0;0;0;0;0;0;1;0;70;16.46;21;2;4;0;3;0;0;0;0;17;0;0;13;5;5;3;1;0.23;1;0;0;34;7.99;17;06:26;01:30;02:10;0;0;0;0;0;0;0;0;0;0;0;3,365;1,094;27;6.35;8;0;0;0;53 minutes;05:52;0;0;0;0;9;32%;36%;59%
ohEvasive;3385;0;21;8%;691;30;12;0.02;420,668;10,631.69;17,180;4,889;88,114;2,227;3,225;292;7.37;217;5.48;10;205;0;0;1,287;32.52;42;19;4.4;0;0;0;0;0;0;0;1;0;630;15.92;24;3;40;0;37;0;0;0;0;19;0;0;98;33;25;40;32;0.8;4;5;20;387;9.78;17;39:20;00:59;01:45;0;0;0;0;0;0;0;0;0;0;0;26,366;8,410;176;4.44;8;0;0;0;7 hours;01:02:29;0;0;0;0;1;31%;64%;92%
oI_SPY_Io;4372;0;1;11%;114;26;9;0.03;566;3,343.73;566;429;12,733;3,064;5,524;3;17.72;24;5.77;9;20;0;0;1;5.9;1;1;0.33;0;0;0;0;0;0;0;1;0;80;19.25;23;1;0;0;0;0;0;0;0;1;0;0;1;0;0;7;4;0.96;2;3;1;43;10.34;11;03:27;00:49;00:54;0;0;0;0;0;0;0;0;0;0;0;23;11;13;3.12;6;0;0;0;2 minutes;08:28;0;0;0;0;0;47%;28%;100%
OttoFemtusen;2831;0;0;9%;6;6;6;0.02;2,736;10,323.47;2,736;1,721;48;181;48;5;18.86;1;3.77;1;1;0;0;8;30.18;8;6;1.6;0;0;0;0;0;0;0;0;0;5;18.86;5;0;0;0;0;0;0;0;0;6;0;0;1;0;0;0;0;0;0;0;0;4;15.09;4;00:27;01:43;00:27;0;0;0;0;0;0;0;0;0;0;0;242;63;0;0;0;1;0;0;4 minutes;0;0;0;0;0;0;26%;0;0
praktommy;3870;0;0;11%;62;32;9;0.02;25,807;10,107.35;12,102;2,790;5,932;2,323;3,228;24;9.39;8;3.13;4;11;0;0;69;27.02;31;8;2.87;0;0;0;0;0;0;0;0;0;33;12.92;15;2;3;0;1;0;0;0;0;8;0;0;6;3;1;2;1;0.39;1;0;0;28;10.96;12;02:29;00:58;01:18;0;0;0;0;0;0;0;0;0;0;0;2,155;522;7;2.74;4;0;0;0;36 minutes;00:43;0;0;0;0;0;24%;37%;37%
Prey1nMantis;2494;0;0;6%;2;2;2;0.01;1,314;7,933.82;1,314;1,105;555;3,352;555;2;12.07;0;0;0;1;0;0;2;12.07;2;2;1;0;0;0;0;0;0;0;0;0;1;6.03;1;0;0;0;0;0;0;0;0;2;0;0;1;0;0;0;0;0;0;0;0;0;0;0;00:00;00:00;00:00;0;0;0;0;0;0;0;0;0;0;0;86;32;0;0;0;0;0;0;2 minutes;0;0;0;0;0;0;37%;0;0
Prince_Fatman;2466;0;1;5%;38;12;12;0.01;28,274;9,135.18;7,157;2,820;5,613;1,814;1,167;32;10.33;16;5.16;5;12;0;0;73;23.58;16;12;2.28;0;0;0;0;0;0;0;0;0;37;11.95;10;1;3;1;2;0;0;0;0;12;0;0;6;1;2;3;1;0.32;1;0;0;26;8.4;9;03:06;01:00;00:55;0;0;0;0;0;0;0;0;0;0;0;1,820;694;11;3.55;3;0;0;0;36 minutes;01:50;0;0;0;0;0;38%;61%;52%
redsunset7;2665;0;0;3%;8;4;2;0;12,156;11,455.65;8,157;3,384;2,127;2,005;712;12;11.3;5;4.71;4;6;0;0;26;24.5;9;7;2.16;0;0;0;0;0;0;0;0;0;14;13.19;6;1;1;0;0;0;0;0;0;7;0;0;3;2;1;1;0;0;0;3;1;17;16.02;8;02:24;02:16;01:01;0;0;0;0;0;0;0;0;0;0;0;845;212;2;1.88;1;0;0;0;14 minutes;0;0;0;0;0;4;25%;27%;39%
rencpee;2745;0;0;2%;1;1;1;0;1,471;6,447.17;1,471;1,339;275;1,206;275;2;8.76;1;4.38;1;1;0;0;7;30.68;7;7;3.5;0;0;0;0;0;0;0;0;0;2;8.76;2;0;0;0;0;0;0;0;0;7;0;0;1;0;0;1;0;0;0;0;0;1;4.38;1;00:26;01:54;00:26;0;0;0;0;0;0;0;0;0;0;0;222;46;0;0;0;0;0;0;3 minutes;0;0;0;0;0;0;20%;0;100%
Rundle0509;3763;0;7;7%;212;21;13;0.02;132,517;9,617.66;13,881;4,690;25,285;1,835;3,571;66;4.79;67;4.86;12;58;0;0;375;27.21;40;14;5.68;0;0;0;0;0;0;0;1;0;202;14.66;22;2;14;0;12;0;0;0;0;14;0;0;31;6;12;13;20;1.45;3;4;3;89;6.45;15;11:54;00:51;02:04;0;0;0;0;0;0;0;0;0;0;0;7,811;2,665;49;3.55;9;0;0;0;2 hours;29:04;0;0;0;0;3;34%;42%;88%
RyanAM;4121;0;1;7%;109;24;7;0.03;68,568;13,307.03;13,323;9,550;13,687;2,656;2,649;39;7.56;46;8.92;9;28;0;0;138;26.78;26;15;3.53;0;0;0;0;0;0;0;1;0;72;13.97;15;1;5;0;4;75;14.55;75;75;15;0;0;13;4;4;5;2;0.38;1;5;2;38;7.37;10;04:43;00:54;00:56;0;0;0;0;0;0;0;0;0;0;0;3,701;1,526;21;4.07;6;1;0;0;59 minutes;06:32;0;0;0;0;0;41%;56%;83%
ScaredLilTaco;3412;0;0;0;0;0;0;0;455;5,659.08;455;455;206;2,562;206;1;12.42;0;0;0;0;0;0;0;0;0;0;0;0;0;0;0;0;0;0;0;0;0;0;0;0;0;0;0;0;0;0;0;0;0;0;0;0;0;0;0;0;0;0;0;0;0;0;00:02;00:32;00:02;0;0;0;0;0;0;0;0;0;0;0;27;14;0;0;0;0;0;0;1 minute;0;0;0;0;0;0;51%;0;100%
ShadezDeath;3028;0;11;7%;165;21;13;0.02;105,864;9,623.98;15,320;7,542;27,408;2,492;5,188;50;4.54;71;6.45;13;58;0;0;307;27.9;43;20;6.14;0;0;0;0;0;0;0;0;0;160;14.54;23;2;11;0;9;0;0;0;0;20;0;0;38;3;25;10;2;0.18;1;4;2;97;8.81;18;11:59;01:05;02:28;0;0;0;0;0;0;0;0;0;0;0;7,205;2,108;46;4.18;11;0;0;0;1 hour;22:33;0;0;0;0;10;29%;36%;81%
Shadows1Disciple;2374;0;0;6%;46;11;11;0.01;23,217;5,769.55;5,412;5,277;4,386;1,090;1,430;5;1.24;1;0.24;1;7;0;0;39;9.69;11;10;7.8;0;0;0;0;0;0;0;0;0;20;4.97;9;2;4;0;2;0;0;0;0;10;0;0;4;2;0;2;1;0.24;1;3;1;11;2.73;5;00:37;00:09;00:12;0;0;0;0;0;0;0;0;0;0;0;2,752;701;7;1.73;4;0;0;0;39 minutes;0;0;0;0;0;0;25%;29%;39%
shadowstrixx;2873;0;0;6%;118;15;13;0.01;78,494;9,559.89;12,418;3,224;25,656;3,125;3,901;103;12.54;23;2.8;7;26;0;0;163;19.85;24;7;1.58;0;0;0;0;0;0;0;1;0;52;6.33;9;3;8;2;3;0;0;0;0;7;0;0;20;9;6;6;0;0;0;3;1;76;9.25;18;10:13;01:14;02:34;0;0;0;0;0;0;0;0;0;0;0;6,894;1,735;10;1.21;3;0;0;0;1 hour;00:51;0;0;0;0;3;25%;41%;41%
Sharpy776;2926;0;6;6%;160;19;11;0.01;124,904;9,937.61;14,350;4,718;29,671;2,361;4,276;103;8.19;55;4.37;7;46;0;0;381;30.31;51;20;3.69;0;0;0;0;0;0;0;1;0;221;17.58;30;6;13;0;7;0;0;0;0;20;0;0;36;11;12;13;5;0.39;2;3;6;141;11.21;25;18:42;01:29;02:44;0;0;0;0;0;0;0;0;0;0;0;7,310;2,524;48;3.81;10;0;0;0;2 hours;29:03;0;0;0;0;1;34%;44%;54%
Shimada_Bros;3031;0;0;6%;12;7;3;0.01;9,108;9,207.78;6,456;1,346;4,653;4,704;2,637;11;11.12;4;4.04;4;3;0;0;30;30.32;26;6;2.72;0;0;0;0;0;0;0;0;0;19;19.2;17;0;1;0;1;0;0;0;0;6;0;0;3;1;1;1;0;0;0;0;0;11;11.12;10;00:44;00:44;00:28;0;0;0;0;0;0;0;0;0;0;0;735;197;6;6.06;4;0;0;0;13 minutes;02:38;0;0;0;0;0;26%;27%;100%
sloohy99;2897;0;0;7%;37;14;8;0.02;23,211;10,920.06;9,377;3,454;4,989;2,347;1,953;15;7.05;6;2.82;4;6;0;0;60;28.22;18;9;4;0;0;0;0;0;0;0;0;0;26;12.23;11;1;2;0;1;0;0;0;0;9;0;0;5;2;1;2;3;1.41;2;0;0;21;9.87;7;03:08;01:28;00:54;0;0;0;0;0;0;0;0;0;0;0;1,664;489;10;4.7;5;0;0;0;26 minutes;03:36;0;0;0;0;0;29%;35%;44%
Smithered;4207;0;2;5%;120;19;13;0.02;102,121;20,168.62;15,674;7,100;14,300;2,824;2,713;68;13.42;44;8.68;9;32;0;0;182;35.94;36;14;2.67;0;0;0;0;0;0;0;0;0;90;17.77;20;4;5;0;1;0;0;0;0;14;0;0;12;4;4;5;11;2.17;5;4;5;43;8.49;10;07:23;01:27;01:12;0;0;0;0;0;0;0;0;0;0;0;5,513;2,196;17;3.35;5;0;0;0;1 hour;14:05;0;0;0;0;2;39%;51%;20%
SNAKE714;3752;0;0;3%;2;1;1;0.01;2,290;11,091.42;1,494;1,494;694;3,361;484;1;4.84;0;0;0;0;0;0;0;0;0;0;0;0;0;0;0;0;0;0;0;0;0;0;0;0;0;0;0;0;0;0;0;0;0;0;1;0;0;0;0;0;0;0;0;0;0;0;00:22;01:46;00:19;0;0;0;0;0;0;0;0;0;0;0;169;59;0;0;0;0;0;0;2 minutes;0;0;0;0;0;0;34%;36%;0
STOP_iseGamin_tv;3158;0;9;5%;675;33;11;0.01;591,718;11,418.17;21,031;5,571;125,902;2,429;5,133;717;13.83;189;3.64;8;275;0;0;1,052;20.3;38;15;1.46;0;0;0;0;0;0;0;4;1;457;8.81;21;28;52;2;22;58;1.12;31;31;15;0;0;89;46;18;26;21;0.4;2;4;11;392;7.56;19;01:00:43;01:10;03:11;0;0;0;0;0;0;0;0;0;0;0;45,316;12,510;118;2.27;6;4;0;0;12 hours;16:26;0;0;0;0;9;27%;39%;42%
stormavatar;4505;0;0;4%;3;3;2;0.01;2,816;9,239.75;2,648;1,100;1,222;4,010;1,222;3;9.84;1;3.28;1;1;0;0;6;19.68;6;4;2;0;0;0;0;0;0;0;0;0;2;6.56;2;0;0;0;0;0;0;0;0;4;0;0;1;0;0;1;0;0;0;0;0;1;3.28;1;00:03;00:11;00:02;0;0;0;0;0;0;0;0;0;0;0;242;67;0;0;0;0;0;0;3 minutes;0;0;0;0;0;0;27%;33%;100%
subzilllaa;3870;0;3;6%;124;24;10;0.02;98,925;14,755.14;16,499;3,919;18,043;2,691;3,190;86;12.82;51;7.6;10;44;0;0;205;30.57;36;9;2.38;0;0;0;0;0;0;0;0;0;103;15.36;21;1;7;1;5;0;0;0;0;9;0;0;17;5;6;7;3;0.44;2;5;2;83;12.37;15;07:32;01:07;01:21;0;0;0;0;0;0;0;0;0;0;0;5,598;1,985;25;3.72;8;0;0;0;1 hour;07:21;0;0;0;0;2;35%;58%;69%
swagboy1235;0;0;0;2%;1;1;1;0;1,686;5,188.2;1,686;1,266;530;1,631;530;3;9.23;0;0;0;1;0;0;1;3.07;1;1;0.33;0;0;0;0;0;0;0;0;0;1;3.07;1;0;0;0;0;0;0;0;0;1;0;0;1;1;1;0;0;0;0;0;0;0;0;0;00:03;00:11;00:03;0;0;0;0;0;0;0;0;0;0;0;90;44;0;0;0;0;0;0;1 minute;0;0;0;0;0;0;48%;48%;100%
Swegg-Lawdd;4148;0;2;7%;52;25;12;0.03;36,832;15,175.03;18,825;7,190;6,018;2,479;2,958;20;8.24;18;7.41;11;12;0;0;71;29.25;31;10;3.55;0;0;0;0;0;0;0;0;0;35;14.42;16;0;2;0;2;0;0;0;0;10;0;0;8;1;1;5;4;1.64;2;4;3;17;7;8;02:02;00:50;01:04;0;0;0;0;0;0;0;0;0;0;0;1,913;698;3;1.23;3;0;0;0;28 minutes;07:57;0;0;0;0;1;36%;39%;100%
SwiperThe1;4286;0;1;6%;45;13;6;0.02;35,185;15,170.83;6,692;2,441;6,645;2,865;1,230;35;15.09;16;6.89;6;14;0;0;78;33.63;23;7;2.22;0;0;0;0;0;0;0;0;0;42;18.1;13;2;2;0;1;0;0;0;0;7;0;0;7;0;5;2;2;0.86;1;3;2;27;11.64;9;02:57;01:16;00:51;0;0;0;0;0;0;0;0;0;0;0;2,263;687;7;3.01;2;0;0;0;34 minutes;08:13;0;0;0;0;0;30%;34%;31%
teehtf;4361;0;9;7%;359;36;10;0.02;245,563;13,807.74;20,107;7,679;46,876;2,636;4,873;130;7.3;112;6.29;14;96;0;0;439;24.68;46;15;3.37;0;0;0;0;0;0;0;2;0;212;11.92;24;5;18;1;12;15;0.81;15;15;15;0;0;56;20;9;27;21;1.18;3;5;12;124;6.97;16;20:49;01:10;02:16;0;0;0;0;0;0;0;0;0;0;0;14,834;5,122;53;2.98;9;0;0;0;3 hours;37:41;0;0;0;0;7;34%;52%;65%
TheCryokinetic;3724;0;0;7%;10;8;5;0.01;5,588;3,774.05;4,428;1,367;904;611;500;9;6.07;2;1.35;2;3;0;0;23;15.53;16;7;2.55;0;0;0;0;0;0;0;0;0;10;6.75;9;0;1;0;1;31;21.07;31;31;7;0;0;2;1;0;1;0;0;0;0;0;4;2.7;3;00:49;00:33;00:41;0;0;0;0;0;0;0;0;0;0;0;585;128;1;0.67;1;0;0;0;15 minutes;0;0;0;0;0;1;21%;26%;100%
TheCycl3Path;3000;0;6;7%;124;25;15;0.02;78,475;14,411.92;11,790;5,389;16,343;3,001;3,160;51;9.36;48;8.81;9;33;0;0;207;38.01;34;15;4.05;0;0;0;0;0;0;0;0;0;126;23.13;19;2;5;0;3;0;0;0;0;15;0;0;16;3;10;3;2;0.36;1;4;3;95;17.44;14;10:15;01:53;01:23;0;0;0;0;0;0;0;0;0;0;0;3,997;1,653;46;8.44;11;1;0;0;1 hour;25:03;0;0;0;0;11;41%;51%;63%
TheRagerGamer;3760;0;0;10%;5;5;2;0.01;2,585;2,114.57;2,262;797;772;632;524;7;5.72;2;1.63;2;1;0;0;4;3.27;4;3;0.57;0;0;0;0;0;0;0;0;0;3;2.45;3;1;1;0;0;0;0;0;0;3;0;0;0;0;0;0;0;0;0;0;0;0;0;0;00:06;00:05;00:04;0;0;0;0;0;0;0;0;0;0;0;195;46;1;0.81;1;0;0;0;5 minutes;0;0;0;0;0;0;23%;28%;0
Thirsty_Cat;3597;0;9;5%;2;2;2;0.01;2,260;10,607.61;2,260;2,260;38,194;2,328;3,523;1;4.69;109;6.64;13;86;0;0;3;14.07;3;3;3;0;0;0;0;0;0;0;1;0;260;15.84;24;0;0;0;6;127;7.75;75;75;3;0;0;1;0;0;0;11;0.67;3;4;10;1;4.69;1;00:22;01:47;00:22;0;0;0;0;0;0;0;0;0;0;0;89;37;58;3.53;7;0;0;0;2 minutes;33:12;0;0;0;0;1;41%;49%;37%
timohilde86;3478;0;0;6%;2;2;1;0.01;1,031;3,512.16;1,031;549;292;995;292;1;3.4;1;3.4;1;1;0;0;7;23.85;7;4;7;0;0;0;0;0;0;0;0;0;4;13.63;4;0;0;0;0;0;0;0;0;4;0;0;1;1;0;0;0;0;0;0;0;3;10.22;3;00:00;00:00;00:00;0;0;0;0;0;0;0;0;0;0;0;105;31;0;0;0;0;0;0;2 minutes;0;0;0;0;0;0;29%;29%;100%
tinysparkles;3406;0;0;33%;1;1;1;0.02;553;7,408.65;553;553;336;4,501;336;1;13.39;0;0;0;0;0;0;0;0;0;0;0;0;0;0;0;0;0;0;0;0;0;0;0;0;0;0;0;0;0;0;0;0;0;0;0;0;0;0;0;0;0;0;0;0;0;0;00:02;00:31;00:02;0;0;0;0;0;0;0;0;0;0;0;27;3;0;0;0;0;0;0;40.330974978394806 seconds;0;0;0;0;0;0;11%;0;0
tomidaiki;2827;0;0;10%;1;1;1;0.01;501;5,585.63;501;287;94;1,048;94;2;22.3;0;0;0;0;0;0;1;11.15;1;1;0.5;0;0;0;0;0;0;0;0;0;1;11.15;1;0;0;0;0;0;0;0;0;1;0;0;0;0;0;0;0;0;0;0;0;1;11.15;1;00:06;01:17;00:06;0;0;0;0;0;0;0;0;0;0;0;18;10;1;11.15;1;0;0;0;1 minute;0;0;0;0;0;0;55%;0;0
towearacrown;3520;0;0;4%;26;11;5;0.02;22,945;19,976.43;8,789;5,258;3,244;2,824;1,607;10;8.7;8;6.96;4;7;0;0;35;30.47;13;13;3.5;0;0;0;0;0;0;0;0;0;15;13.05;5;0;1;0;1;0;0;0;0;13;0;0;3;1;2;0;0;0;0;0;0;14;12.18;8;01:28;01:17;00:39;0;0;0;0;0;0;0;0;0;0;0;1,337;574;3;2.61;3;0;0;0;16 minutes;01:16;0;0;0;0;0;42%;0;67%
Ultimate-X23;0;0;0;4%;21;11;3;0.01;18,295;9,841.16;9,212;2,208;6,705;3,607;3,305;36;19.36;3;1.61;2;4;0;0;27;14.52;21;4;0.75;0;0;0;0;0;0;0;0;0;9;4.84;6;1;2;0;1;0;0;0;0;4;0;0;2;1;1;0;1;0.53;1;0;0;17;9.14;15;04:20;02:20;02:39;0;0;0;0;0;0;0;0;0;0;0;1,323;506;2;1.07;1;0;0;0;28 minutes;0;0;0;0;0;0;38%;56%;34%
vansama813;0;0;0;4%;18;10;5;0.01;21,934;12,926.49;9,728;3,916;4,657;2,745;1,956;25;14.73;10;5.89;5;8;0;0;38;22.39;19;6;1.52;0;0;0;0;0;0;0;0;0;17;10.01;8;1;2;0;0;0;0;0;0;6;0;0;5;3;2;1;0;0;0;0;0;30;17.68;16;03:41;02:10;01:37;0;0;0;0;0;0;0;0;0;0;0;1,096;393;8;4.71;3;0;0;0;23 minutes;01:37;0;0;0;0;1;35%;34%;25%
VayneHelsing;2898;0;0;12%;7;7;4;0.02;2,595;8,326.6;2,521;1,213;488;1,566;442;6;19.25;2;6.41;2;1;0;0;5;16.04;5;2;0.83;0;0;0;0;0;0;0;0;0;3;9.62;3;0;0;0;0;0;0;0;0;2;0;0;1;0;0;1;0;0;0;0;0;0;0;0;00:04;00:14;00:03;0;0;0;0;0;0;0;0;0;0;0;170;58;1;3.2;1;0;0;0;4 minutes;0;0;0;0;0;0;34%;0;0
Vince-F95Gunners;3369;0;0;3%;17;7;6;0.01;20,356;10,192.11;9,353;3,864;3,373;1,689;1,760;16;8.01;8;4;5;6;0;0;30;15.02;20;7;1.87;0;0;0;0;0;0;0;0;0;12;6;8;2;2;0;0;0;0;0;0;7;0;0;3;1;1;1;0;0;0;0;0;12;6;7;02:16;01:08;01:06;0;0;0;0;0;0;0;0;0;0;0;1,227;453;5;2.5;3;0;0;0;18 minutes;00:30;0;0;0;0;0;36%;36%;0
VoSnYb;3961;0;0;20%;2;2;2;0.03;734;7,951.54;734;734;372;4,031;372;1;10.83;0;0;0;0;0;0;1;10.83;1;1;1;0;0;0;0;0;0;0;0;0;1;10.83;1;0;0;0;0;0;0;0;0;1;0;0;0;0;0;0;0;0;0;0;0;0;0;0;0;0;0;0;0;0;0;0;0;0;0;0;0;0;42;10;0;0;0;0;0;0;1 minute;0;0;0;0;0;0;23%;0;0
vReveelz;3589;0;30;10%;1,110;44;15;0.03;617,127;11,095.45;20,829;7,033;129,925;2,336;7,316;456;8.19;371;6.67;19;305;0;0;1,817;32.66;56;20;3.98;0;0;0;0;0;0;0;3;0;1,011;18.17;35;5;56;0;50;0;0;0;0;20;0;0;155;37;65;53;39;0.7;4;4;39;586;10.53;33;58:46;01:03;03:24;0;0;0;0;0;0;0;0;0;0;0;31,835;10,956;272;4.89;13;2;0;0;10 hours;02:22:56;0;0;0;0;12;34%;50%;89%
wannchan_1208;3680;0;7;5%;377;32;9;0.01;377,648;15,618.95;21,108;6,476;90,984;3,763;10,378;224;9.26;182;7.52;18;161;0;0;746;30.85;51;21;3.33;0;0;0;0;0;0;0;1;0;311;12.86;27;8;24;1;15;0;0;0;0;21;0;0;64;20;21;22;9;0.37;1;6;22;250;10.33;22;28:42;01:11;02:11;0;0;0;0;0;0;0;0;0;0;0;20,925;7,396;49;2.02;6;0;0;0;5 hours;30:06;0;0;0;0;0;35%;52%;62%
WhiteRangerOwnz;2633;0;7;5%;387;18;13;0.01;352,268;12,462.75;13,928;9,483;94,563;3,346;4,927;352;12.45;119;4.21;9;147;0;0;720;25.47;39;13;2.04;0;0;0;0;0;0;0;2;0;262;9.26;14;13;28;1;14;0;0;0;0;13;0;0;66;27;13;26;19;0.67;3;5;12;316;11.17;19;49:18;01:44;03:07;0;0;0;0;0;0;0;0;0;0;0;28,086;6,623;39;1.37;4;0;0;0;6 hours;22:31;0;0;0;0;9;23%;37%;51%
WidestLowen;0;0;0;6%;2;2;1;0.01;1,126;5,220.44;1,126;911;106;491;106;1;4.63;0;0;0;0;0;0;4;18.53;4;3;4;0;0;0;0;0;0;0;0;0;1;4.63;1;0;0;0;0;0;0;0;0;3;0;0;0;0;0;0;0;0;0;0;0;2;9.26;2;00:01;00:06;00:01;0;0;0;0;0;0;0;0;0;0;0;147;29;0;0;0;0;0;0;2 minutes;0;0;0;0;0;0;19%;19%;0
x_CyberHunter_x;3500;0;0;6%;13;8;4;0.02;9,937;9,142.16;3,886;2,356;3,639;3,348;1,317;10;9.19;3;2.75;1;3;0;0;18;16.55;10;6;1.8;0;0;0;0;0;0;0;0;0;12;11.03;5;1;1;0;0;0;0;0;0;6;0;0;2;1;1;1;1;0.91;1;0;0;7;6.43;5;00:49;00:45;00:31;0;0;0;0;0;0;0;0;0;0;0;551;191;4;3.67;3;0;0;0;10 minutes;01:04;0;0;0;0;4;34%;38%;16%
xbLeU;4329;0;1;6%;38;8;6;0.02;27,855;16,375.99;5,455;3,158;4,604;2,707;1,045;19;11.17;10;5.87;3;9;0;0;62;36.44;17;12;3.26;0;0;0;0;0;0;0;0;0;28;16.46;8;1;2;0;1;0;0;0;0;12;0;0;5;1;2;2;3;1.76;2;0;0;26;15.28;9;02:44;01:36;00:47;0;0;0;0;0;0;0;0;0;0;0;1,618;570;5;2.93;2;0;0;0;24 minutes;01:47;0;0;0;0;0;35%;37%;55%
XDaRkFlMeMaSteX;3033;0;4;5%;229;23;10;0.01;201,844;13,204.12;23,337;7,230;34,312;2,245;3,642;150;9.81;88;5.75;16;79;0;0;415;27.14;49;13;2.76;0;0;0;0;0;0;0;1;0;199;13.01;25;10;15;0;5;0;0;0;0;13;0;0;42;11;10;22;8;0.52;2;4;6;178;11.64;24;17:21;01:08;02:05;0;0;0;0;0;0;0;0;0;0;0;12,622;4,365;37;2.42;6;1;0;0;3 hours;18:08;0;0;0;0;1;34%;42%;31%
Xecrets;3992;0;0;8%;12;12;7;0.02;6,631;11,707.97;6,631;2,482;2,453;4,331;2,453;7;12.35;0;0;0;3;0;0;10;17.65;10;3;1.42;0;0;0;0;0;0;0;0;0;2;3.53;2;1;1;0;0;0;0;0;0;3;0;0;2;0;0;2;1;1.76;1;0;0;4;7.06;4;00:24;00:43;00:24;0;0;0;0;0;0;0;0;0;0;0;468;147;0;0;0;0;0;0;8 minutes;0;0;0;0;0;0;31%;0;0
XenomorphKiller6;4432;0;0;9%;2;2;1;0.01;1,003;5,677.41;1,003;522;499;2,824;499;4;22.63;0;0;0;0;0;0;2;11.31;2;2;0.5;0;0;0;0;0;0;0;0;0;1;5.65;1;0;0;0;0;0;0;0;0;2;0;0;1;0;0;0;0;0;0;0;0;0;0;0;00:07;00:41;00:07;0;0;0;0;0;0;0;0;0;0;0;98;21;0;0;0;0;0;0;2 minutes;0;0;0;0;0;0;21%;0;0
xEvery_;3596;0;0;5%;22;10;7;0.02;19,412;15,347.71;6,749;4,291;2,625;2,075;789;11;8.69;8;6.32;4;6;0;0;27;21.34;18;12;2.45;0;0;0;0;0;0;0;0;0;17;13.44;11;0;1;0;1;0;0;0;0;12;0;0;4;1;3;1;1;0.79;1;3;1;16;12.64;10;01:27;01:08;00:54;0;0;0;0;0;0;0;0;0;0;0;881;429;3;2.37;3;0;0;0;14 minutes;00:47;0;0;0;0;0;48%;51%;70%
xShotwell;3676;0;0;2%;1;1;1;0;3,060;9,638.8;3,060;1,645;406;1,279;406;4;12.6;0;0;0;1;0;0;0;0;0;0;0;0;0;0;0;0;0;0;0;0;0;0;0;0;0;0;0;0;0;0;0;0;0;0;1;0;1;0;0;0;0;0;0;0;0;0;00:05;00:16;00:05;0;0;0;0;0;0;0;0;0;0;0;121;50;0;0;0;0;0;0;2 minutes;0;0;0;0;0;0;41%;0;0
XTheFunPolice;3609;0;0;2%;5;3;2;0;10,340;11,241.27;8,203;6,110;2,083;2,265;1,328;5;5.43;5;5.43;4;4;0;0;24;26.09;15;13;4.8;0;0;0;0;0;0;0;0;0;13;14.13;7;0;1;0;1;0;0;0;0;13;0;0;2;2;0;1;2;2.17;2;0;0;7;7.61;5;01:22;01:29;00:46;0;0;0;0;0;0;0;0;0;0;0;599;204;3;3.26;2;0;0;0;10 minutes;00:29;0;0;0;0;0;34%;28%;100%
xtrickharder_esp;4148;0;0;6%;56;13;11;0.02;36,722;13,000.78;4,775;3,892;7,273;2,575;782;26;9.2;16;5.66;3;15;0;0;60;21.24;12;7;2.3;0;0;0;0;0;0;0;0;0;34;12.03;7;0;3;0;3;0;0;0;0;7;0;0;8;2;3;3;5;1.77;1;0;0;17;6.01;4;02:22;00:50;00:39;0;0;0;0;0;0;0;0;0;0;0;2,183;841;8;2.83;2;0;0;0;33 minutes;00:53;0;0;0;0;3;38%;37%;88%
xXWxTheLeader;2833;0;1;10%;1;1;1;0.01;559;5,540.07;559;501;5,989;1,897;1,925;2;19.81;18;5.7;7;19;0;0;1;9.9;1;1;0.5;0;0;0;0;0;0;0;1;0;1;9.9;1;1;0;0;0;0;0;0;0;1;0;0;0;0;0;2;3;0.95;2;3;2;44;13.93;22;03:46;01:11;01:23;0;0;0;0;0;0;0;0;0;0;0;27;10;1;9.9;1;0;0;0;1 minute;04:36;0;0;0;0;0;37%;31%;100%
YoungShimada;3380;0;11;7%;518;50;12;0.02;346,203;13,401.26;23,730;9,942;64,150;2,483;4,773;216;8.36;176;6.81;22;150;0;0;860;33.28;59;24;3.98;0;0;0;0;0;0;0;1;0;410;15.87;28;10;26;1;15;0;0;0;0;24;0;0;78;17;31;30;8;0.3;2;4;9;325;12.58;30;38:19;01:29;03:14;0;0;0;0;0;0;0;0;0;0;0;20,937;7,123;93;3.59;9;1;0;0;5 hours;47:08;0;0;0;0;9;34%;100%;58%
YUKARI_NISAN;2471;0;0;0;0;0;0;0;1,958;8,481.14;1,958;593;1,639;7,100;1,639;4;17.32;0;0;0;0;0;0;2;8.66;2;2;0.5;0;0;0;0;0;0;0;0;0;2;8.66;2;0;0;0;0;0;0;0;0;2;0;0;1;0;1;0;1;4.33;1;0;0;1;4.33;1;00:13;00:58;00:13;0;0;0;0;0;0;0;0;0;0;0;56;29;0;0;0;0;0;0;2 minutes;0;0;0;0;0;0;51%;51%;0
Zealousx;3334;0;0;0;0;0;0;0;996;5,497.42;996;629;234;1,293;234;2;11.03;0;0;0;0;0;0;0;0;0;0;0;0;0;0;0;0;0;0;0;0;0;0;0;0;0;0;0;0;0;0;0;0;0;0;0;0;0;0;0;0;0;0;0;0;0;0;00:10;01:00;00:10;0;0;0;0;0;0;0;0;0;0;0;72;30;0;0;0;0;0;0;1 minute;0;0;0;0;0;0;41%;0;0
ZeeTee_;4140;0;1;8%;56;18;13;0.03;35,111;15,813.49;11,475;8,613;4,241;1,910;1,133;21;9.45;20;9;11;13;0;0;59;26.57;27;21;2.8;0;0;0;0;0;0;0;1;0;27;12.16;13;1;2;0;1;0;0;0;0;21;0;0;6;2;2;2;1;0.45;1;4;2;18;8.1;7;02:17;01:02;00:51;0;0;0;0;0;0;0;0;0;0;0;1,925;648;9;4.05;3;0;0;0;29 minutes;02:04;0;0;0;0;0;33%;48%;54%
zwordz;4050;0;0;5%;13;8;3;0.02;10,535;17,888.92;4,570;3,056;2,472;4,197;947;9;15.28;5;8.48;2;4;0;0;19;32.26;9;7;2.11;0;0;0;0;0;0;0;0;0;9;15.28;5;0;1;0;0;0;0;0;0;7;0;0;2;0;1;1;1;1.69;1;0;0;11;18.67;5;01:23;02:21;00:53;0;0;0;0;0;0;0;0;0;0;0;626;218;3;5.09;2;0;0;0;8 minutes;00:46;0;0;0;0;0;34%;40%;69%
