A_P_P_L_E_J_A_M;2385;0;0;1;19.76;1;0;0;0;0;0;3,329;65,784;3,329;1,297;25,637.5;1,297;896;2;39.52;0;0;0;0;0;0;0;0;4;79.04;4;2;2;0;0;0;0;0;0;4;79.04;4;3;59.28;3;0;0;0;0;0;0;0;0;2;0;0;0;0;0;0;0;0;2;39.52;2;00:25;08:17;00:25;0;0;0;0;0;0;0;0;0;0;0;0;0;0;0;0;0;1 minute;00:03;0;0;0;0;0;0;0;0
aaaangus;0;0;2;16;4.72;6;0;0;0;0;0;80,395;23,732;25,542;26,719;7,886.98;9,217;1,764;46;13.57;0;0;0;0;0;12;3.54;6;65;19.18;23;7;1.41;0;0;0;0;4;3;34;10.03;15;22;6.49;8;2;3;0;2;0;0;0;0;7;0;0;5;2;0;3;4;2;29;8.56;10;08:02;02:22;03:20;0;0;0;0;0;0;0;0;6;1.77;3;0;0;0;0;0;0;49 minutes;03:39;0;0;0;0;1;0;0;54%
aahmad3_3;2909;0;0;2;3.46;2;0;0;0;0;0;19,219;33,339;9,228;4,147;7,193.81;3,212;695;10;17.34;0;0;0;0;0;0;0;0;4;6.93;4;2;0.4;0;0;0;0;0;0;3;5.2;3;1;1.73;1;1;1;0;0;0;0;0;0;2;0;0;2;1;0;0;0;0;1;1.73;1;00:15;00:27;00:07;0;0;0;0;0;0;0;0;0;0;0;0;0;0;0;0;0;8 minutes;0;0;0;0;0;0;0;0;0
abra84kadabra;2388;0;16;80;2.1;9;0;0;0;0;0;748,924;19,696;31,843;151,372;3,981.01;7,200;2,971;353;9.28;0;0;0;0;0;59;1.55;4;361;9.49;19;10;1.02;0;0;0;0;8;2;204;5.36;11;65;1.7;6;16;38;2;20;0;0;0;0;10;0;0;68;20;26;22;3;4;167;4.39;18;52:00;01:22;03:14;0;0;0;0;0;0;0;0;41;1.07;5;0;0;0;0;0;0;7 hours;18:28;0;0;0;0;20;0;0;51%
Actualsim;0;0;3;11;1.71;5;0;0;0;0;0;112,110;17,481;18,822;35,138;5,479.04;8,045;3,517;46;7.17;0;0;0;0;0;13;2.02;4;79;12.31;17;9;1.71;0;0;0;0;0;0;42;6.54;9;37;5.76;8;2;6;0;5;0;0;0;0;9;0;0;13;4;7;2;3;1;41;6.39;9;10:07;01:34;02:51;0;0;0;0;0;0;0;0;18;2.8;5;0;0;0;0;0;0;1 hour;08:58;0;0;0;0;10;0;0;72%
AkimboMistiK;4165;0;0;0;0;0;0;0;0;0;0;1,975;12,027;1,975;470;2,861.5;470;470;1;6.08;0;0;0;0;0;0;0;0;0;0;0;0;0;0;0;0;0;0;0;0;0;0;0;0;0;0;0;0;0;0;0;0;0;0;0;0;1;0;0;0;0;0;0;0;0;00:02;00:17;00:02;0;0;0;0;0;0;0;0;0;0;0;0;0;0;0;0;0;49.70892401505262 seconds;0;0;0;0;0;0;0;0;0
akira082219;2925;0;0;0;0;0;0;0;0;0;0;29,649;36,310;29,649;10,088;12,354.61;10,088;2,322;7;8.57;0;0;0;0;0;7;8.57;7;21;25.71;21;9;3;0;0;0;0;0;0;5;6.12;5;13;15.92;13;1;1;0;0;0;0;0;0;9;0;0;0;0;0;0;5;3;6;7.34;6;00:53;01:05;00:53;0;0;0;0;0;0;0;0;0;0;0;0;0;0;0;0;0;14 minutes;01:27;0;0;0;0;0;0;0;0
akitotenkawa1155;2542;0;6;22;1.95;5;0;0;0;0;0;295,336;26,288;35,623;70,052;6,235.32;13,099;3,400;113;10.05;0;0;0;0;0;27;2.4;7;116;10.32;20;6;1.02;0;0;0;0;3;0;53;4.71;13;29;2.58;5;4;11;0;7;0;0;0;0;6;0;0;15;5;6;4;0;0;64;5.69;11;21:05;01:52;03:18;0;0;0;0;0;0;0;0;8;0.71;3;0;0;0;0;0;0;2 hours;02:26;0;0;0;0;1;0;0;62%
Akodak;3000;0;12;108;3.66;10;0;0;0;0;0;651,379;22,126;36,044;236,262;8,025.43;16,442;3,648;285;9.68;0;0;0;0;0;120;4.07;9;521;17.69;35;11;1.82;0;0;0;0;11;2;254;8.62;20;222;7.54;18;14;29;2;13;0;0;0;0;11;0;0;51;25;14;12;4;12;207;7.03;17;53:59;01:50;04:16;0;0;0;0;0;0;0;0;36;1.22;4;0;0;0;1;0;0;6 hours;30:29;0;0;0;0;2;0;0;44%
AllStatsDown;4102;0;0;0;0;0;0;0;0;0;0;13,521;24,547;13,521;4,760;8,642.73;4,760;1,216;11;19.97;0;0;0;0;0;6;10.89;6;10;18.15;10;4;0.9;0;0;0;0;0;0;2;3.63;2;4;7.26;4;0;1;0;1;0;0;0;0;4;0;0;1;1;0;1;3;2;4;7.26;4;01:21;02:28;01:21;0;0;0;0;0;0;0;0;0;0;0;0;0;0;0;0;0;9 minutes;0;0;0;0;0;0;0;0;100%
angels_fan_44;0;0;0;0;0;0;0;0;0;0;0;377;2,298;377;1,205;7,351.81;1,205;590;3;18.3;0;0;0;0;0;1;6.1;1;2;12.2;2;1;0.66;0;0;0;0;0;0;2;12.2;2;0;0;0;0;0;0;0;0;0;0;0;1;0;0;0;0;0;0;0;0;0;0;0;00:05;00:32;00:05;0;0;0;0;0;0;0;0;1;6.1;1;0;0;0;0;0;0;2 minutes;0;0;0;0;0;0;0;0;0
aniotades;2300;0;0;0;0;0;0;0;0;0;0;10,217;45,754;10,217;2,770;12,405.06;2,770;795;4;17.91;0;0;0;0;0;0;0;0;1;4.47;1;1;0.25;0;0;0;0;0;0;0;0;0;1;4.47;1;0;0;0;0;0;0;0;0;1;0;0;0;0;0;0;0;0;0;0;0;00:03;00:15;00:03;0;0;0;0;0;0;0;0;0;0;0;0;0;0;0;0;0;3 minutes;0;0;0;0;0;0;0;0;100%
APurplePanduh;4466;0;0;1;1.78;1;0;0;0;0;0;10,807;19,306;5,475;5,108;9,125.24;3,403;2,913;4;7.14;0;0;0;0;0;2;3.57;2;7;12.5;7;6;1.75;0;0;0;0;0;1;4;7.14;4;2;3.57;2;0;1;0;0;0;0;0;0;6;0;0;1;0;1;0;0;0;0;0;0;00:15;00:27;00:09;0;0;0;0;0;0;0;0;1;1.78;1;0;0;0;0;0;0;4 minutes;00:20;0;0;0;0;0;0;0;30%
Arash1994;3986;0;5;28;3.12;8;0;0;0;0;0;190,441;21,274;24,880;73,861;8,250.83;14,816;6,083;42;4.69;0;0;0;0;0;14;1.56;4;134;14.96;30;12;3.19;0;0;0;0;0;0;62;6.92;16;39;4.35;7;2;9;0;7;0;0;0;0;12;0;0;19;5;7;7;0;0;45;5.02;13;17:55;02:00;03:07;0;0;0;0;0;0;0;0;3;0.33;1;0;0;0;0;0;0;1 hour;06:57;0;0;0;0;0;0;0;79%
ATLXyphes;3256;0;0;11;3.41;4;0;0;0;0;0;62,849;19,507;21,385;32,897;10,210.73;13,446;3,216;27;8.38;0;0;0;0;0;21;6.51;7;83;25.76;27;9;3.07;0;0;0;0;0;0;40;12.41;12;28;8.69;9;0;3;0;3;0;0;0;0;9;0;0;3;1;0;2;4;4;30;9.31;13;04:47;01:29;02:23;0;0;0;0;0;0;0;0;2;0.62;2;0;0;0;0;0;0;44 minutes;02:34;0;0;0;0;0;0;0;89%
AutoBots_Kick_A;2901;0;7;69;3.2;5;0;0;0;0;0;411,614;19,141;26,265;180,859;8,410.44;13,067;5,423;183;8.5;0;0;0;0;0;81;3.76;7;358;16.64;31;16;1.95;0;0;0;0;1;1;181;8.41;21;110;5.11;14;9;22;1;12;0;0;0;0;16;0;0;43;16;14;13;4;6;143;6.64;14;37:05;01:43;03:33;0;0;0;0;0;0;0;0;23;1.06;3;0;0;0;0;0;0;4 hours;24:29;0;0;0;0;2;0;0;53%
B4STI1197;2655;0;7;13;1.42;3;0;0;0;0;0;159,762;17,473;24,412;45,628;4,990.17;7,698;3,058;84;9.18;0;0;0;0;0;22;2.4;4;110;12.03;17;6;1.3;0;0;0;0;4;1;48;5.24;10;45;4.92;9;2;9;0;7;0;0;0;0;6;0;0;10;0;5;5;3;2;40;4.37;9;14:33;01:35;03:10;0;0;0;0;0;0;0;0;9;0.98;2;0;0;0;0;0;0;1 hour;03:42;0;0;0;0;7;0;0;78%
battle_snakes;2838;0;0;0;0;0;0;0;0;0;0;509;30,673;509;70;4,219.8;70;70;1;60.28;0;0;0;0;0;0;0;0;0;0;0;0;0;0;0;0;0;0;0;0;0;0;0;0;0;0;0;0;0;0;0;0;0;0;0;0;0;0;0;0;0;0;0;0;0;00:00;00:52;00:00;0;0;0;0;0;0;0;0;0;0;0;0;0;0;0;0;0;6.621201997622848 seconds;0;0;0;0;0;0;0;0;0
bboyer123;2553;0;0;1;1.44;1;0;0;0;0;0;9,559;13,806;5,020;2,128;3,073.04;1,077;875;4;5.77;0;0;0;0;0;1;1.44;1;5;7.22;3;2;1.25;0;0;0;0;0;0;4;5.77;2;4;5.77;3;0;1;0;1;0;0;0;0;2;0;0;1;0;0;0;0;0;2;2.88;1;01:10;01:42;00:45;0;0;0;0;0;0;0;0;2;2.88;1;0;0;0;0;0;0;6 minutes;00:01;0;0;0;0;0;0;0;100%
Beautiful-KEN-;0;0;2;11;5.67;6;0;0;0;0;0;86,066;44,391;56,437;33,906;17,488.12;20,988;3,271;24;12.37;0;0;0;0;0;17;8.76;12;46;23.72;26;7;1.91;0;0;0;0;2;0;18;9.28;10;17;8.76;9;1;2;0;1;0;0;0;0;7;0;0;0;0;0;0;4;3;14;7.22;11;02:45;01:25;01:43;0;0;0;0;0;0;0;0;1;0.51;1;0;0;0;0;0;0;34 minutes;04:19;0;0;0;0;0;0;0;51%
BEBOFLOW-PR;3689;0;2;36;5.59;8;0;0;0;0;0;179,897;27,952;18,083;81,716;12,696.81;10,495;3,770;91;14.13;0;0;0;0;0;28;4.35;6;161;25.01;27;9;1.76;0;0;0;0;1;0;78;12.11;11;51;7.92;11;2;6;1;4;0;0;0;0;9;0;0;12;7;0;4;4;6;45;6.99;7;09:59;01:33;01:49;0;0;0;0;0;0;0;0;12;1.86;2;0;0;0;0;0;0;1 hour;02:33;0;0;0;0;0;0;0;57%
BEN-B-en;0;0;11;181;2.74;6;0;0;0;0;0;1,602,077;24,271;37,925;599,438;9,081.39;14,535;4,562;639;9.68;0;0;0;0;0;248;3.75;7;1,031;15.61;27;14;1.61;0;0;0;0;15;11;495;7.49;14;312;4.72;10;30;66;4;32;0;0;0;0;14;0;0;119;57;21;41;4;19;410;6.21;15;01:54:31;01:44;03:43;0;0;0;0;0;0;0;0;45;0.68;3;0;0;0;0;0;0;14 hours;40:08;0;0;0;0;3;0;0;48%
bhmazz;2534;0;0;3;3.14;2;0;0;0;0;0;17,207;18,034;7,815;8,366;8,767.74;3,300;1,677;10;10.48;0;0;0;0;0;1;1.04;1;13;13.62;5;3;1.3;0;0;0;0;1;0;8;8.38;4;2;2.09;2;0;1;0;0;0;0;0;0;3;0;0;3;2;1;1;0;0;3;3.14;2;01:17;01:21;00:45;0;0;0;0;0;0;0;0;2;2.09;2;0;0;0;0;0;0;12 minutes;0;0;0;0;0;0;0;0;41%
BlackNight1972;3000;0;1;1;0.91;1;0;0;0;0;0;36,666;33,419;16,838;6,965;6,348.34;3,409;1,754;13;11.84;0;0;0;0;0;4;3.64;2;14;12.76;7;4;1.07;0;0;0;0;0;0;3;2.73;2;5;4.55;2;0;1;1;0;0;0;0;0;4;0;0;3;2;0;1;0;0;8;7.29;5;01:55;01:45;00:54;0;0;0;0;0;0;0;0;0;0;0;0;0;0;0;0;0;17 minutes;00:13;0;0;0;0;0;0;0;44%
BlaZe-ZinG;0;0;0;0;0;0;0;0;0;0;0;5,395;21,628;5,395;2,240;8,982.01;2,240;1,090;4;16.03;0;0;0;0;0;0;0;0;5;20.04;5;5;1.25;0;0;0;0;0;0;3;12.02;3;1;4;1;0;0;0;0;0;0;0;0;5;0;0;0;0;0;0;3;1;2;8.01;2;00:55;03:42;00:55;0;0;0;0;0;0;0;0;0;0;0;0;0;0;0;0;0;3 minutes;0;0;0;0;0;0;0;0;0
bloodend;0;0;6;30;2.53;5;0;0;0;0;0;312,221;26,423;54,088;129,790;10,983.91;16,867;3,510;119;10.07;0;0;0;0;0;53;4.48;7;252;21.32;33;11;2.11;0;0;0;0;1;0;113;9.56;18;84;7.1;11;3;12;1;8;0;0;0;0;11;0;0;28;14;6;8;0;0;116;9.81;20;26:08;02:12;03:32;0;0;0;0;0;0;0;0;14;1.18;4;0;0;0;0;0;0;2 hours;23:19;0;0;0;0;6;0;0;64%
BloodHoundHD;4088;0;0;0;0;0;0;0;0;0;0;4,173;27,537;4,173;1,364;8,999.83;1,364;984;3;19.79;0;0;0;0;0;0;0;0;2;13.19;2;2;0.66;0;0;0;0;1;0;1;6.59;1;1;6.59;1;0;0;0;0;0;0;0;0;2;0;0;0;0;0;0;0;0;1;6.59;1;00:17;01:56;00:17;0;0;0;0;0;0;0;0;0;0;0;0;0;0;0;0;0;2 minutes;0;0;0;0;0;0;0;0;0
Blota_Skoles;3624;0;19;99;3.61;8;0;0;0;0;0;714,918;26,115;43,680;311,908;11,393.62;19,728;5,556;275;10.04;0;0;0;0;0;142;5.18;11;618;22.57;40;16;2.24;0;0;0;0;5;1;306;11.17;24;185;6.75;19;9;27;0;18;0;0;0;0;16;0;0;68;29;17;23;4;13;237;8.65;20;54:13;01:58;05:08;0;0;0;0;0;0;0;0;22;0.8;4;0;0;0;0;0;0;5 hours;57:35;0;0;0;0;1;0;0;67%
blueschopper0628;1959;0;100;736;3.32;9;0;0;0;0;0;4,737,155;21,386;44,728;1,731,294;7,815.79;17,558;4,847;3,440;15.52;0;0;0;0;0;629;2.83;11;3,445;15.55;39;13;1;0;0;0;0;96;40;1,891;8.53;22;856;3.86;13;108;222;10;104;0;0;0;0;13;0;0;340;143;90;107;5;35;1,416;6.39;20;06:43:50;01:49;04:57;0;0;0;0;0;0;0;0;350;1.58;9;0;0;0;3;0;0;49 hours;02:52:54;0;0;0;0;67;0;0;46%
boJangles408;2209;0;0;0;0;0;0;0;0;0;0;1,897;46,438;1,897;0;0;0;0;1;24.47;0;0;0;0;0;0;0;0;0;0;0;0;0;0;0;0;0;0;0;0;0;0;0;0;0;0;0;0;0;0;0;0;0;0;0;0;0;0;0;0;0;0;0;0;0;00:01;00:36;00:01;0;0;0;0;0;0;0;0;0;0;0;0;0;0;0;0;0;28.895920995622873 seconds;0;0;0;0;0;0;0;0;0
boneh;3996;0;0;2;4.29;2;0;0;0;0;0;11,394;24,492;11,394;5,304;11,401.03;5,304;1,583;9;19.34;0;0;0;0;0;6;12.89;6;14;30.09;14;8;1.55;0;0;0;0;3;0;5;10.74;5;4;8.59;4;0;0;0;0;0;0;0;0;8;0;0;1;0;0;0;4;1;5;10.74;5;01:53;04:04;01:53;0;0;0;0;0;0;0;0;2;4.29;2;0;0;0;0;0;0;8 minutes;00:41;0;0;0;0;0;0;0;100%
boylemansion;2583;0;3;20;1.92;7;0;0;0;0;0;140,231;13,514;21,116;52,974;5,105.19;11,313;3,285;120;11.56;0;0;0;0;0;22;2.12;6;127;12.23;31;9;1.05;0;0;0;0;3;1;65;6.26;21;48;4.62;9;4;10;0;6;0;0;0;0;9;0;0;18;9;6;3;3;2;67;6.45;14;19:55;01:55;03:34;0;0;0;0;0;0;0;0;16;1.54;6;0;0;0;0;0;0;1 hour;06:08;0;0;0;0;3;0;0;61%
BRAY-YAN;0;0;3;33;7.66;13;0;0;0;0;0;87,346;20,278;25,365;54,305;12,607.52;17,807;3,237;58;13.46;0;0;0;0;0;19;4.41;5;103;23.91;30;10;1.77;0;0;0;0;4;1;60;13.92;15;29;6.73;9;2;4;1;1;0;0;0;0;10;0;0;7;5;0;2;3;2;28;6.5;11;04:30;01:02;01:38;0;0;0;0;0;0;0;0;14;3.25;4;0;0;0;0;0;0;1 hour;01:59;0;0;0;0;0;0;0;23%
Buahahahaha;2770;0;0;4;1.46;2;0;0;0;0;0;31,339;11,504;8,462;7,205;2,644.72;3,532;1,443;18;6.6;0;0;0;0;0;2;0.73;2;13;4.77;7;3;0.72;0;0;0;0;0;0;8;2.93;3;3;1.1;1;1;3;0;2;0;0;0;0;3;0;0;3;2;0;1;0;0;5;1.83;3;02:21;00:51;00:57;0;0;0;0;0;0;0;0;1;0.36;1;0;0;0;0;0;0;23 minutes;0;0;0;0;0;0;0;0;72%
bub_THe-_-Gr8;2378;0;0;0;0;0;0;0;0;0;0;914;11,178;914;489;5,980.06;489;489;1;12.23;0;0;0;0;0;0;0;0;1;12.23;1;1;1;0;0;0;0;0;0;1;12.23;1;1;12.23;1;0;0;0;0;0;0;0;0;1;0;0;0;0;0;0;0;0;0;0;0;0;0;0;0;0;0;0;0;0;0;0;0;0;0;0;0;0;0;0;0;1 minute;0;0;0;0;0;0;0;0;0
BubbbleBasss;3060;0;0;1;2.22;1;0;0;0;0;0;13,966;31,004;13,966;4,239;9,410.11;4,239;1,580;7;15.54;0;0;0;0;0;2;4.44;2;12;26.64;12;4;1.71;0;0;0;0;0;0;7;15.54;7;6;13.32;6;0;0;0;0;0;0;0;0;4;0;0;2;1;0;1;0;0;8;17.76;8;01:19;02:57;01:19;0;0;0;0;0;0;0;0;0;0;0;0;0;0;0;0;0;6 minutes;02:25;0;0;0;0;0;0;0;100%
BunnyFuufu;4078;0;0;1;5.03;1;0;0;0;0;0;502;2,528;502;1,838;9,262.02;1,838;1,838;0;0;0;0;0;0;0;0;0;0;4;20.15;4;4;0;0;0;0;0;0;0;2;10.07;2;2;10.07;2;0;0;0;0;0;0;0;0;4;0;0;1;0;0;0;0;0;2;10.07;2;00:16;01:21;00:16;0;0;0;0;0;0;0;0;0;0;0;0;0;0;0;0;0;59.432110010646284 seconds;00:15;0;0;0;0;0;0;0;100%
burntlasagna;3024;0;4;33;6.22;9;0;0;0;0;0;180,451;34,054;42,502;67,762;12,787.72;24,139;4,342;70;13.2;0;0;0;0;0;30;5.66;12;147;27.74;50;15;2.1;0;0;0;0;4;2;90;16.98;26;39;7.35;10;3;5;1;1;0;0;0;0;15;0;0;15;7;2;6;3;1;57;10.75;18;14:12;02:40;04:21;0;0;0;0;0;0;0;0;15;2.83;5;0;0;0;0;0;0;1 hour;19:13;0;0;0;0;1;0;0;28%
C4-from_above;3000;0;0;8;3.5;3;0;0;0;0;0;17,407;7,636;6,820;13,480;5,913.61;4,368;2,612;13;5.7;0;0;0;0;0;6;2.63;3;34;14.91;12;9;2.61;0;0;0;0;0;0;19;8.33;9;14;6.14;6;0;2;0;2;0;0;0;0;9;0;0;1;0;0;1;3;1;6;2.63;2;01:13;00:32;00:40;0;0;0;0;0;0;0;0;2;0.87;1;0;0;0;0;0;0;20 minutes;01:42;0;0;0;0;0;0;0;100%
Cassia7;3776;0;2;12;4.03;5;0;0;0;0;0;100,378;33,777;35,970;35,221;11,851.74;13,826;3,221;28;9.42;0;0;0;0;0;9;3.02;3;50;16.82;18;6;1.78;0;0;0;0;0;0;27;9.08;11;19;6.39;9;2;3;0;1;0;0;0;0;6;0;0;5;2;1;2;3;1;11;3.7;6;05:10;01:44;02:02;0;0;0;0;0;0;0;0;2;0.67;1;0;0;0;0;0;0;38 minutes;02:23;0;0;0;0;0;0;0;35%
ChaLiWang;3191;0;0;0;0;0;0;0;0;0;0;4,318;7,116;3,064;2,740;4,514.94;1,860;1,415;2;3.29;0;0;0;0;0;0;0;0;10;16.48;5;5;5;0;0;0;0;0;0;6;9.88;4;5;8.24;4;0;1;0;1;0;0;0;0;5;0;0;2;1;0;1;0;0;4;6.59;3;00:43;01:11;00:26;0;0;0;0;0;0;0;0;1;1.64;1;0;0;0;0;0;0;3 minutes;00:02;0;0;0;0;0;0;0;100%
Chimichanga49er;3611;0;0;0;0;0;0;0;0;0;0;7,597;10,155;7,597;1,838;2,456.67;1,838;990;3;4;0;0;0;0;0;0;0;0;2;2.67;2;1;0.66;0;0;0;0;0;0;2;2.67;2;0;0;0;1;1;0;0;0;0;0;0;1;0;0;3;2;1;0;0;0;1;1.33;1;01:07;01:30;01:07;0;0;0;0;0;0;0;0;0;0;0;0;0;0;0;0;0;3 minutes;0;0;0;0;0;0;0;0;0
Chinmokunouta;3000;0;2;28;4.62;6;0;0;0;0;0;71,985;11,884;15,283;40,589;6,701.08;8,209;4,159;23;3.79;0;0;0;0;0;25;4.12;8;111;18.32;24;13;4.82;0;0;0;0;2;1;44;7.26;11;36;5.94;10;0;6;1;6;0;0;0;0;13;0;0;9;2;5;3;4;3;35;5.77;10;07:49;01:17;02:12;0;0;0;0;0;0;0;0;5;0.82;2;0;0;0;0;0;0;50 minutes;04:16;0;0;0;0;0;0;0;91%
Chuni-Byo;3534;0;7;57;4.25;10;0;0;0;0;0;426,748;31,856;50,338;157,428;11,751.63;16,092;4,691;145;10.82;0;0;0;0;0;34;2.53;7;257;19.18;30;12;1.77;0;0;0;0;2;1;111;8.28;18;93;6.94;11;6;13;2;6;0;0;0;0;12;0;0;28;14;5;9;4;2;92;6.86;16;25:24;01:53;02:41;0;0;0;0;0;0;0;0;8;0.59;2;0;0;0;0;0;0;3 hours;12:07;0;0;0;0;0;0;0;44%
Conquistasaur;2404;0;9;56;3.58;7;0;0;0;0;0;250,860;16,050;24,018;90,947;5,818.71;10,826;1,950;215;13.75;0;0;0;0;0;40;2.55;6;227;14.52;31;8;1.05;0;0;0;0;7;1;135;8.63;16;49;3.13;10;5;16;2;8;0;0;0;0;8;0;0;21;11;4;5;4;2;84;5.37;13;21:43;01:23;02:12;0;0;0;0;0;0;0;0;55;3.51;10;0;0;0;0;0;0;3 hours;06:20;0;0;0;0;6;0;0;53%
crazy_dolls;2777;0;0;0;0;0;0;0;0;0;0;9,961;12,889;8,038;4,067;5,262.84;3,182;2,282;7;9.05;0;0;0;0;0;0;0;0;2;2.58;1;1;0.28;0;0;0;0;2;0;1;1.29;1;0;0;0;1;1;0;0;0;0;0;0;1;0;0;3;1;2;0;0;0;1;1.29;1;01:08;01:28;00:43;0;0;0;0;0;0;0;0;0;0;0;0;0;0;0;0;0;5 minutes;0;0;0;0;0;0;0;0;0
CrispeChris;3343;0;0;8;2.87;2;0;0;0;0;0;80,733;29,037;32,141;26,357;9,479.71;8,071;3,266;28;10.07;0;0;0;0;0;15;5.39;7;55;19.78;17;7;1.96;0;0;0;0;2;0;21;7.55;5;25;8.99;9;1;3;0;2;0;0;0;0;7;0;0;4;2;1;1;3;2;14;5.03;9;04:09;01:29;02:37;0;0;0;0;0;0;0;0;1;0.35;1;0;0;0;0;0;0;38 minutes;01:46;0;0;0;0;0;0;0;65%
cyber_animaI;4399;0;0;4;3.5;2;0;0;0;0;0;23,677;20,763;6,968;9,135;8,010.97;3,083;1,525;13;11.4;0;0;0;0;0;3;2.63;2;10;8.76;4;2;0.76;0;0;0;0;0;0;7;6.13;3;2;1.75;1;0;1;0;1;0;0;0;0;2;0;0;4;1;2;1;0;0;2;1.75;1;01:51;01:38;00:46;0;0;0;0;0;0;0;0;1;0.87;1;0;0;0;0;0;0;13 minutes;01:20;0;0;0;0;0;0;0;64%
da-rhinoboy;2798;0;1;14;3.04;7;0;0;0;0;0;124,576;27,104;34,451;39,172;8,522.82;11,756;4,092;63;13.7;0;0;0;0;0;20;4.35;12;92;20.01;34;10;1.46;0;0;0;0;2;1;39;8.48;13;19;4.13;6;1;5;1;3;0;0;0;13;10;0;0;5;2;1;3;4;3;30;6.52;17;09:42;02:06;04:45;0;0;0;0;0;0;0;0;3;0.65;2;0;0;0;0;0;0;1 hour;02:45;0;0;0;0;0;0;0;57%
Defyz---;4636;0;0;4;10.67;3;0;0;0;0;0;13,605;36,309;11,126;4,492;11,987.54;3,606;1,460;6;16.01;0;0;0;0;0;1;2.66;1;7;18.68;4;3;1.16;0;0;0;0;0;0;4;10.67;2;2;5.33;2;0;0;0;0;0;0;0;0;3;0;0;1;0;0;1;0;0;1;2.66;1;00:17;00:47;00:16;0;0;0;0;0;0;0;0;0;0;0;0;0;0;0;0;0;5 minutes;0;0;0;0;0;0;0;0;0
D-fantasy_;0;0;2;14;3.27;4;0;0;0;0;0;126,224;29,558;36,618;41,503;9,718.73;9,973;5,466;35;8.19;0;0;0;0;0;18;4.21;6;87;20.37;23;12;2.48;0;0;0;0;1;1;45;10.53;14;29;6.79;9;1;4;0;3;0;0;0;0;12;0;0;7;1;3;3;3;1;26;6.08;12;07:31;01:45;02:56;0;0;0;0;0;0;0;0;6;1.4;3;0;0;0;0;0;0;52 minutes;01:07;0;0;0;0;0;0;0;69%
Diamondsdust_;0;0;0;0;0;0;0;0;0;0;0;4,848;4,848;4,848;960;960;960;960;1;1;0;0;0;0;0;0;0;0;0;0;0;0;0;0;0;0;0;0;0;0;0;0;0;0;0;1;1;0;0;0;0;0;0;0;0;0;0;0;0;0;0;0;0;0;0;00:07;00:07;00:07;0;0;0;0;0;0;0;0;0;0;0;0;0;0;0;0;0;2 minutes;0;0;0;0;0;0;0;0;0
diegoperu2021;2470;0;0;14;4.08;5;0;0;0;0;0;43,847;12,796;11,849;25,737;7,511.14;7,000;3,826;23;6.71;0;0;0;0;0;11;3.21;4;74;21.59;27;12;3.21;0;0;0;0;0;0;49;14.3;17;21;6.12;11;0;0;0;2;0;0;0;0;12;0;0;0;0;3;4;3;1;33;9.63;12;05:19;01:33;01:46;0;0;0;0;0;0;2;0;10;2.91;3;0;0;0;0;0;0;2.27405599784106 seconds;10:06;0;0;0;0;0;0;0;58%
DifferentD;3517;0;130;1,140;3.82;11;0;0;0;0;0;5,710,149;19,155;42,942;2,998,078;10,057.17;30,981;10,634;2,954;9.9;0;0;0;0;0;1,309;4.39;13;5,978;20.05;60;26;2.02;0;0;0;0;69;26;3,025;10.14;29;2,048;6.87;20;125;298;15;158;0;0;0;0;26;0;0;693;232;224;238;6;124;2,456;8.23;44;09:31:48;01:55;08:47;0;0;0;0;0;0;0;0;429;1.43;7;0;0;0;4;0;0;62 hours;06:39:03;0;0;0;0;35;0;0;53%
Divinity-X-;4116;0;0;4;2.68;2;0;0;0;0;0;33,886;22,741;13,886;22,543;15,128.41;12,634;8,671;17;11.4;0;0;0;0;0;2;1.34;2;29;19.46;22;15;1.7;0;0;0;0;0;0;18;12.07;14;6;4.02;4;1;1;0;0;0;0;0;0;15;0;0;2;1;0;0;0;0;12;8.05;10;01:59;01:20;01:19;0;0;0;0;0;0;0;0;3;2.01;2;0;0;0;0;0;0;18 minutes;01:19;0;0;0;0;0;0;0;13%
doa3f2p;3304;0;0;3;5.1;3;0;0;0;0;0;9,638;16,387;9,638;5,054;8,592.46;5,054;1,709;7;11.9;0;0;0;0;0;4;6.8;4;10;17;10;3;1.42;0;0;0;0;1;1;5;8.5;5;4;6.8;4;1;1;0;0;0;0;0;0;3;0;0;2;1;1;1;0;0;4;6.8;4;01:17;02:12;01:17;0;0;0;0;0;0;0;0;2;3.4;2;0;0;0;0;0;0;6 minutes;00:20;0;0;0;0;0;0;0;0
Dot_Net_App;2337;0;23;96;2.76;6;0;0;0;0;0;721,416;20,766;48,693;221,520;6,376.49;11,438;4,781;377;10.85;0;0;0;0;0;88;2.53;8;477;13.73;28;10;1.26;0;0;0;0;11;3;245;7.05;12;148;4.26;13;15;35;4;16;0;0;0;0;10;0;0;46;18;14;14;3;8;209;6.01;16;58:54;01:41;04:30;0;0;0;0;0;0;0;0;53;1.52;4;0;0;0;1;0;0;7 hours;17:28;0;0;0;0;8;0;0;45%
DramaticMango;2345;0;0;3;4.88;2;0;0;0;0;0;8,975;14,617;4,892;3,296;5,366.92;2,290;1,520;7;11.39;0;0;0;0;0;3;4.88;2;7;11.39;5;4;1;0;0;0;0;0;0;6;9.77;4;1;1.62;1;1;1;0;0;0;0;0;0;4;0;0;2;0;1;1;0;0;0;0;0;00:28;00:45;00:23;0;0;0;0;0;0;0;0;1;1.62;1;0;0;0;0;0;0;6 minutes;00:27;0;0;0;0;1;0;0;0
Drew_MK;3016;0;2;6;3.15;5;0;0;0;0;0;40,829;21,438;17,395;14,299;7,507.81;8,577;2,961;25;13.12;0;0;0;0;0;8;4.2;8;33;17.32;25;10;1.32;0;0;0;0;1;1;25;13.12;18;15;7.87;13;1;2;1;0;0;0;0;0;10;0;0;5;2;2;0;0;0;8;4.2;8;01:53;00:59;00:50;0;0;0;0;0;0;0;0;4;2.1;3;0;0;0;0;0;0;28 minutes;02:59;0;0;0;0;0;0;0;2%
drewsausage;3063;0;0;1;2.11;1;0;0;0;0;0;16,325;34,461;16,325;6,012;12,692.06;6,012;1,922;7;14.77;0;0;0;0;0;8;16.88;8;19;40.1;19;6;2.71;0;0;0;0;0;0;7;14.77;7;12;25.33;12;0;0;0;0;0;0;0;0;6;0;0;1;0;0;1;3;1;3;6.33;3;01:39;03:29;01:39;0;0;0;0;0;0;0;0;1;2.11;1;0;0;0;0;0;0;7 minutes;03:14;0;0;0;0;0;0;0;100%
Droxzio;3207;0;0;7;8.28;7;0;0;0;0;0;28,261;33,441;28,261;26,728;31,627.63;26,728;4,462;17;20.11;0;0;0;0;0;10;11.83;10;41;48.51;41;7;2.41;0;0;0;0;3;0;18;21.29;18;12;14.19;12;0;0;0;0;0;0;0;0;7;0;0;0;0;0;3;0;0;23;27.21;23;04:25;05:13;04:25;0;0;0;0;0;0;0;0;2;2.36;2;0;0;0;0;0;0;4.011018009856343 seconds;05:27;0;0;0;0;0;0;0;0
DSZY;2628;0;2;19;2.55;5;0;0;0;0;0;165,753;22,264;31,639;52,133;7,002.51;14,924;3,519;62;8.32;0;0;0;0;0;19;2.55;8;104;13.96;28;11;1.67;0;0;0;0;1;0;58;7.79;16;42;5.64;11;3;7;1;4;0;0;0;0;11;0;0;11;6;2;3;3;3;45;6.04;14;08:38;01:09;02:52;0;0;0;0;0;0;0;0;5;0.67;3;0;0;0;0;0;0;1 hour;03:39;0;0;0;0;0;0;0;47%
eastcoastrider71;2268;0;3;19;2.71;4;0;0;0;0;0;102,690;14,675;26,596;56,836;8,121.87;8,886;2,291;92;13.14;0;0;0;0;0;10;1.42;3;101;14.43;17;8;1.09;0;0;0;0;2;0;57;8.14;10;19;2.71;4;6;7;0;1;0;0;0;0;8;0;0;10;6;3;0;0;0;28;4;6;08:00;01:08;01:15;0;0;0;0;0;0;0;0;7;1;2;0;0;0;1;0;0;1 hour;02:43;0;0;0;0;1;0;0;14%
echo-_06;2726;0;0;1;0.7;1;0;0;0;0;0;13,017;9,163;11,793;1,775;1,249.72;1,675;600;5;3.51;0;0;0;0;0;0;0;0;3;2.11;3;2;0.6;0;0;0;0;0;0;1;0.7;1;0;0;0;1;1;0;0;0;0;0;0;2;0;0;1;0;0;0;0;0;1;0.7;1;00:39;00:27;00:39;0;0;0;0;0;0;0;0;0;0;0;0;0;0;0;0;0;6 minutes;0;0;0;0;0;0;0;0;0
Ecnailer;0;0;16;117;3.45;8;0;0;0;0;0;795,812;23,515;39,765;430,549;12,722.15;19,777;5,748;395;11.67;0;0;0;0;0;192;5.67;11;772;22.81;41;17;1.95;0;0;0;0;12;4;338;9.98;19;286;8.45;20;13;34;5;16;0;0;0;0;17;0;0;71;29;17;25;5;29;291;8.59;18;49:50;01:28;04:12;0;0;0;0;0;0;0;0;43;1.27;3;0;0;0;0;0;0;7 hours;51:38;0;0;0;0;2;0;0;46%
ecotaku;2368;0;5;99;3.68;9;0;0;0;0;0;635,270;23,622;32,408;243,196;9,043.04;16,250;4,417;358;13.31;0;0;0;0;0;108;4.01;7;431;16.02;28;12;1.2;0;0;0;0;7;3;208;7.73;15;145;5.39;12;12;27;2;13;0;0;0;0;12;0;0;48;30;8;11;5;12;148;5.5;10;38:10;01:25;02:43;0;0;0;0;0;0;0;0;31;1.15;3;0;0;0;0;0;0;5 hours;15:34;0;0;0;0;8;0;0;49%
elchinolatino;3219;0;74;542;4.13;13;0;0;0;0;0;3,020,941;23,074;50,261;1,399,793;10,691.63;25,728;5,550;1,473;11.25;0;0;0;0;0;650;4.96;12;2,903;22.17;57;18;1.97;0;0;0;0;41;16;1,542;11.77;27;889;6.79;20;51;131;10;70;0;0;0;0;18;0;0;233;121;38;74;4;53;1,227;9.37;26;04:00:39;01:50;04:28;0;0;0;0;0;0;0;0;215;1.64;8;0;0;0;3;0;0;29 hours;03:35:08;0;0;0;0;33;0;0;53%
elcoolnino;2685;0;0;0;0;0;0;0;0;0;0;1,910;9,166;1,910;671;3,221.71;671;609;2;9.6;0;0;0;0;0;0;0;0;2;9.6;2;1;1;0;0;0;0;0;0;2;9.6;2;1;4.8;1;0;0;0;0;0;0;0;0;1;0;0;1;0;0;0;0;0;1;4.8;1;00:05;00:28;00:05;0;0;0;0;0;0;0;0;1;4.8;1;0;0;0;0;0;0;1 minute;0;0;0;0;0;0;0;0;0
eliteboy_1da;3496;0;4;66;4.35;8;0;0;0;0;0;289,739;19,131;24,942;159,096;10,504.78;16,813;5,496;142;9.37;0;0;0;0;0;72;4.75;10;350;23.1;36;15;2.46;0;0;0;0;1;1;174;11.48;19;120;7.92;13;5;15;0;10;0;0;0;0;15;0;0;30;17;2;11;6;6;122;8.05;15;20:17;01:20;02:46;0;0;0;0;0;0;0;0;30;1.98;5;0;0;0;0;0;0;3 hours;30:18;0;0;0;0;0;0;0;67%
entoe12;3278;0;0;4;2.24;1;0;0;0;0;0;49,114;27,534;18,258;21,445;12,022.39;7,039;3,707;18;10.09;0;0;0;0;0;8;4.48;3;30;16.81;14;12;1.66;0;0;0;0;0;0;16;8.96;5;10;5.6;5;1;2;0;1;0;0;0;0;12;0;0;4;2;1;1;0;0;13;7.28;11;03:08;01:45;02:15;0;0;0;0;0;0;0;0;4;2.24;2;0;0;0;0;0;0;23 minutes;00:12;0;0;0;0;0;0;0;49%
EqiinoX_DarK;2396;0;11;26;1.74;5;0;0;0;0;0;259,155;17,417;33,645;61,830;4,155.46;9,019;2,361;139;9.34;0;0;0;0;0;28;1.88;4;160;10.75;21;6;1.15;0;0;0;0;10;1;67;4.5;9;55;3.69;9;7;15;0;8;0;0;0;0;6;0;0;20;3;11;6;3;2;104;6.98;15;25:11;01:41;03:50;0;0;0;0;0;0;0;0;12;0.8;3;0;0;0;0;0;0;2 hours;06:35;0;0;0;0;3;0;0;53%
Erenksk9;4169;0;0;7;2.91;5;0;0;0;0;0;63,798;26,588;26,835;40,593;16,917.36;15,919;3,594;33;13.75;0;0;0;0;0;17;7.08;9;76;31.67;34;10;2.3;0;0;0;0;0;0;32;13.33;15;39;16.25;13;1;2;0;1;0;0;0;0;10;0;0;7;4;1;1;4;3;38;15.83;20;06:57;02:53;04:19;0;0;0;0;0;0;0;0;2;0.83;1;0;0;0;0;0;0;40 minutes;03:14;0;0;0;0;0;0;0;39%
EvanMario;0;0;0;5;4.15;4;0;0;0;0;0;10,149;8,433;7,694;12,076;10,034.21;10,419;2,783;12;9.97;0;0;0;0;0;6;4.98;5;26;21.6;24;8;2.16;0;0;0;0;2;1;14;11.63;13;11;9.13;9;0;1;0;1;0;0;0;0;8;0;0;0;0;0;0;0;0;7;5.81;5;01:21;01:07;01:11;0;0;0;0;0;0;0;0;4;3.32;4;0;0;0;0;0;0;13 minutes;02:21;0;0;0;0;0;0;0;83%
Fade_BR;0;0;0;7;1.79;4;0;0;0;0;0;67,159;17,268;15,696;23,686;6,090.2;5,557;2,581;38;9.77;0;0;0;0;0;16;4.11;5;51;13.11;17;9;1.34;0;0;0;0;4;0;23;5.91;11;21;5.39;8;4;4;0;0;0;0;0;0;9;0;0;10;4;5;1;0;0;24;6.17;10;05:45;01:28;02:08;0;0;0;0;0;0;0;0;2;0.51;1;0;0;0;0;0;0;41 minutes;03:43;0;0;0;0;1;0;0;0
FastAsDux;2097;0;0;0;0;0;0;0;0;0;0;6,025;24,932;6,025;337;1,395.43;337;337;2;8.27;0;0;0;0;0;0;0;0;0;0;0;0;0;0;0;0;0;0;0;0;0;0;0;0;0;0;0;0;0;0;0;0;0;0;0;0;1;0;0;0;0;0;0;0;0;0;0;0;0;0;0;0;0;0;0;0;0;0;0;0;0;0;0;0;0;2 minutes;0;0;0;0;0;0;0;0;0
Fecalum;3074;0;0;1;0.97;1;0;0;0;0;0;30,226;29,432;14,700;5,318;5,178.12;2,548;1,170;14;13.63;0;0;0;0;0;4;3.89;4;15;14.6;10;4;1.07;0;0;0;0;0;0;4;3.89;3;5;4.86;4;0;1;0;1;0;0;0;0;4;0;0;3;1;0;1;0;0;4;3.89;3;02:33;02:29;02:00;0;0;0;0;0;0;0;0;0;0;0;0;0;0;0;0;0;13 minutes;02:38;0;0;0;0;9;0;0;80%
fishlover267;0;0;5;13;1.89;4;0;0;0;0;0;142,859;20,775;34,555;64,745;9,415.37;13,466;3,669;49;7.12;0;0;0;0;0;22;3.19;4;138;20.06;29;11;2.81;0;0;0;0;4;0;59;8.57;13;58;8.43;13;4;7;0;3;0;0;0;0;11;0;0;21;9;4;8;3;1;56;8.14;21;11:39;01:41;03:47;0;0;0;0;0;0;0;0;11;1.59;3;0;0;0;0;0;0;1 hour;12:35;0;0;0;0;8;0;0;43%
Flown_Jebus;4144;0;4;39;3.55;8;0;0;0;0;0;238,710;21,736;30,676;115,150;10,485.16;15,339;4,845;74;6.73;0;0;0;0;0;41;3.73;13;221;20.12;38;17;2.98;0;0;0;0;1;0;104;9.46;17;91;8.28;12;1;11;1;9;0;0;0;0;17;0;0;30;9;11;10;5;7;80;7.28;18;21:11;01:55;03:22;0;0;0;0;0;0;0;0;11;1;4;0;0;0;0;0;0;2 hours;14:24;0;0;0;0;1;0;0;79%
FlyNameHere;2199;0;26;125;1.83;8;0;0;0;0;0;1,247,374;18,347;35,822;420,186;6,180.2;16,748;3,653;752;11.06;0;0;0;0;0;177;2.6;9;867;12.75;27;11;1.15;0;0;0;0;10;3;430;6.32;14;283;4.16;10;0;0;4;28;0;0;0;0;11;0;0;0;0;27;0;4;5;404;5.94;18;02:25:17;02:08;03:52;0;0;0;0;0;0;0;0;64;0.94;4;0;0;0;1;0;0;3.2074419977143407 seconds;33:09;0;0;0;0;25;0;0;41%
forrestsmith2;3084;0;0;13;3.48;6;0;0;0;0;0;67,658;18,148;24,808;42,491;11,397.38;12,969;3,327;44;11.8;0;0;0;0;0;13;3.48;5;83;22.26;30;9;1.88;0;0;0;0;1;1;41;10.99;14;25;6.7;9;3;4;0;1;0;0;0;0;9;0;0;11;2;4;5;3;1;29;7.77;11;05:38;01:30;02:03;0;0;0;0;0;0;0;0;6;1.6;3;0;0;0;0;0;0;46 minutes;05:10;0;0;0;0;0;0;0;16%
fructoseghost;2909;0;0;13;2.88;5;0;0;0;0;0;104,989;23,291;20,540;27,150;6,022.89;5,025;1,864;61;13.53;0;0;0;0;0;15;3.32;7;65;14.41;17;7;1.06;0;0;0;0;0;0;35;7.76;10;18;3.99;6;3;5;0;2;0;0;0;0;7;0;0;5;3;0;3;3;1;24;5.32;6;05:44;01:16;01:54;0;0;0;0;0;0;0;0;3;0.66;1;0;0;0;0;0;0;1 hour;01:58;0;0;0;0;0;0;0;39%
FvsNeLL;3798;0;0;2;1.88;2;0;0;0;0;0;11,630;10,954;7,220;7,990;7,525.59;4,464;3,422;3;2.82;0;0;0;0;0;4;3.76;3;28;26.37;17;13;9.33;0;0;0;0;0;0;15;14.12;10;12;11.3;7;1;1;0;1;0;0;0;0;13;0;0;2;1;1;0;0;0;12;11.3;10;02:33;02:25;02:24;0;0;0;0;0;0;0;0;2;1.88;1;0;0;0;0;0;0;9 minutes;01:05;0;0;0;0;0;0;0;100%
games3_112;2604;0;0;1;1.21;1;0;0;0;0;0;16,450;19,998;11,453;4,220;5,129.64;2,433;1,298;6;7.29;0;0;0;0;0;0;0;0;11;13.37;7;3;1.83;0;0;0;0;0;0;8;9.72;5;5;6.07;4;1;1;0;0;0;0;0;0;3;0;0;1;0;0;1;0;0;5;6.07;3;00:55;01:07;00:43;0;0;0;0;0;0;0;0;1;1.21;1;0;0;0;0;0;0;11 minutes;0;0;0;0;0;0;0;0;0
Gandalion;3514;0;8;78;3.73;8;0;0;0;0;0;436,437;20,917;38,880;199,315;9,552.69;19,574;3,875;266;12.74;0;0;0;0;0;87;4.16;9;378;18.11;33;12;1.42;0;0;0;0;4;4;201;9.63;17;109;5.22;9;13;21;1;7;0;0;0;0;12;0;0;44;20;10;14;3;7;164;7.86;16;33:50;01:37;04:36;0;0;0;0;0;0;0;0;34;1.62;4;0;0;0;0;0;0;4 hours;21:35;0;0;0;0;1;0;0;34%
ginko_503;2360;0;3;45;4.74;7;0;0;0;0;0;235,947;24,865;42,655;103,634;10,921.54;16,523;4,213;105;11.06;0;0;0;0;0;36;3.79;10;253;26.66;58;14;2.4;0;0;0;0;4;0;149;15.7;32;82;8.64;11;3;9;0;6;0;0;0;119;14;0;0;27;8;9;10;4;2;112;11.8;33;23:07;02:26;05:45;0;0;0;0;0;0;0;0;20;2.1;4;0;0;0;0;0;0;2 hours;23:59;0;0;0;0;5;0;0;61%
GoMu___;4214;0;0;17;3.21;6;0;0;0;0;0;88,469;16,738;17,623;62,412;11,807.97;20,420;4,830;49;9.27;0;0;0;0;0;23;4.35;7;115;21.75;44;17;2.34;0;0;0;0;2;3;68;12.86;23;44;8.32;17;3;5;0;2;0;0;0;0;17;0;0;14;4;5;5;4;3;52;9.83;25;07:56;01:30;02:46;0;0;0;0;0;0;0;0;5;0.94;2;0;0;0;0;0;0;1 hour;06:48;0;0;0;0;7;0;0;32%
GuardiaoDaGalaxy;3630;0;46;370;2.76;8;0;0;0;0;0;2,123,313;15,888;43,167;986,309;7,379.98;17,048;6,950;979;7.32;0;0;0;0;0;515;3.85;10;2,503;18.72;42;26;2.55;0;0;0;0;26;10;1,133;8.47;21;855;6.39;18;10;134;7;117;0;0;0;0;26;0;0;180;54;71;55;5;52;1,052;7.87;21;04:19:16;01:56;05:10;0;0;0;0;0;0;0;0;154;1.15;6;0;0;0;0;0;0;24 hours;02:08:47;0;0;0;0;24;0;0;87%
gulight;3149;0;3;21;5.2;9;0;0;0;0;0;73,125;18,111;26,349;46,813;11,594.53;23,137;7,815;44;10.89;0;0;0;0;0;14;3.46;8;92;22.78;40;19;2.09;0;0;0;0;0;0;50;12.38;22;30;7.43;14;4;4;0;0;0;0;0;0;19;0;0;9;3;4;3;3;2;38;9.41;17;06:44;01:40;02:47;0;0;0;0;0;0;0;0;4;0.99;2;0;0;0;0;0;0;50 minutes;06:36;0;0;0;0;3;0;0;4%
helio_doll;2609;0;4;30;2.59;6;0;0;0;0;0;254,266;21,967;38,407;94,485;8,162.93;13,531;3,397;132;11.4;0;0;0;0;0;60;5.18;10;227;19.61;35;10;1.71;0;0;0;0;5;3;111;9.58;16;77;6.65;13;5;12;0;7;0;0;0;0;10;0;0;23;11;1;11;4;7;86;7.42;17;18:40;01:36;02:36;0;0;0;0;0;0;0;0;18;1.55;3;0;0;0;0;0;0;2 hours;12:09;0;0;0;0;2;0;0;60%
Highlander_scott;4077;0;0;1;5.11;1;0;0;0;0;0;2,792;14,282;2,792;2,689;13,756.4;2,689;1,374;2;10.23;0;0;0;0;0;2;10.23;2;5;25.57;5;3;2.5;0;0;0;0;0;0;4;20.46;4;2;10.23;2;0;0;0;0;0;0;0;0;3;0;0;0;0;0;0;0;0;1;5.11;1;00:20;01:42;00:20;0;0;0;0;0;0;0;0;0;0;0;0;0;0;0;0;0;2 minutes;0;0;0;0;0;0;0;0;0
hiijle;2704;0;0;3;2.55;2;0;0;0;0;0;21,965;18,680;8,803;7,409;6,301.19;3,015;1,726;12;10.2;0;0;0;0;0;2;1.7;2;20;17;10;7;1.66;0;0;0;0;0;0;14;11.9;7;4;3.4;2;1;1;0;0;0;0;0;0;7;0;0;3;1;0;1;3;1;8;6.8;5;01:03;00:53;00:26;0;0;0;0;0;0;0;0;0;0;0;0;0;0;0;0;0;12 minutes;00:40;0;0;0;0;0;0;0;0%
HordesOfRaiders;2683;0;22;263;4.71;11;0;0;0;0;0;922,302;16,549;35,446;650,666;11,674.78;22,448;6,123;521;9.34;0;0;0;0;0;246;4.41;16;1,269;22.76;49;15;2.43;0;0;0;0;34;14;715;12.82;35;409;7.33;18;21;56;3;32;0;0;0;0;15;0;0;122;49;28;45;4;19;522;9.36;25;01:42:14;01:50;05:18;0;0;0;0;0;0;0;0;137;2.45;9;0;0;0;1;0;0;11 hours;01:53:50;0;0;0;0;28;0;0;57%
hourai127;2224;0;97;453;2.78;10;0;0;0;0;0;3,932,602;24,205;48,201;922,444;5,677.54;17,335;5,880;1,600;9.84;0;0;0;0;0;432;2.65;12;2,038;12.54;31;17;1.27;0;0;0;0;45;11;1,130;6.95;17;465;2.86;12;70;162;13;79;0;0;0;0;17;0;0;280;101;84;95;4;26;932;5.73;20;05:26:22;02:00;07:42;0;0;0;0;0;0;0;0;200;1.23;6;0;0;0;2;0;0;32 hours;01:39:42;0;0;0;0;54;0;0;48%
I_Only_AWP_B;4233;0;0;0;0;0;0;0;0;0;0;3,746;11,280;3,746;670;2,017.37;670;670;2;6.02;0;0;0;0;0;0;0;0;0;0;0;0;0;0;0;0;0;0;0;0;0;0;0;0;0;0;0;0;0;0;0;0;0;0;0;0;1;1;0;0;0;0;0;0;0;00:05;00:15;00:05;0;0;0;0;0;0;0;0;0;0;0;0;0;0;0;0;0;1 minute;0;0;0;0;0;0;0;0;0
Icecool121;0;0;0;1;2.91;1;0;0;0;0;0;4,976;14,488;4,976;2,460;7,161.61;2,460;2,460;1;2.91;0;0;0;0;0;1;2.91;1;9;26.2;9;9;9;0;0;0;0;0;0;4;11.64;4;2;5.82;2;0;0;0;0;0;0;0;0;9;0;0;1;0;0;1;0;0;4;11.64;4;02:17;06:41;02:17;0;0;0;0;0;0;0;0;1;2.91;1;0;0;0;0;0;0;4 minutes;0;0;0;0;0;0;0;0;100%
IHateUddesd;0;0;15;110;2.83;8;0;0;0;0;0;469,246;12,084;31,971;283,295;7,295.61;13,730;3,586;419;10.79;0;0;0;0;0;130;3.34;9;690;17.76;38;11;1.64;0;0;0;0;10;4;408;10.5;23;207;5.33;13;17;39;1;21;0;0;0;0;11;0;0;99;34;29;36;3;4;322;8.29;28;01:12:31;01:52;03:37;0;0;0;0;0;0;0;0;81;2.08;6;0;0;0;2;0;0;7 hours;55:08;0;0;0;0;31;0;0;53%
IKizzLE;3805;0;0;0;0;0;0;0;0;0;0;1,120;4,531;1,120;969;3,921.67;969;969;2;8.09;0;0;0;0;0;0;0;0;2;8.09;2;2;1;0;0;0;0;0;0;1;4.04;1;0;0;0;0;0;0;0;0;0;0;0;2;0;0;1;0;0;0;0;0;1;4.04;1;00:13;00:56;00:13;0;0;0;0;0;0;0;0;0;0;0;0;0;0;0;0;0;1 minute;0;0;0;0;0;0;0;0;0
iLucadino;2592;0;15;50;1.97;6;0;0;0;0;0;671,044;26,506;43,156;172,580;6,816.94;11,899;4,334;270;10.66;0;0;0;0;0;54;2.13;7;436;17.22;29;10;1.61;0;0;0;0;13;2;220;8.69;20;142;5.6;15;8;25;3;14;0;0;0;0;10;0;0;29;6;13;10;4;5;227;8.96;20;58:03;02:17;04:39;0;0;0;0;0;0;0;0;21;0.82;5;0;0;0;0;0;0;6 hours;11:10;0;0;0;0;19;0;0;55%
Inny21;3251;0;8;86;3.49;8;0;0;0;0;0;430,688;17,521;28,196;272,511;11,086.01;18,985;8,508;260;10.57;0;0;0;0;0;105;4.27;10;553;22.49;40;20;2.12;0;0;0;0;10;4;289;11.75;20;192;7.81;19;9;25;5;10;0;0;0;20;20;0;0;54;20;14;20;4;6;223;9.07;19;44:07;01:47;04:05;0;0;0;0;0;0;0;0;46;1.87;6;0;0;0;0;0;0;5 hours;39:07;0;0;0;0;2;0;0;42%
Inu-Dog11;3000;0;9;28;1.96;5;0;0;0;0;0;388,086;27,197;39,740;118,474;8,302.62;14,851;5,237;156;10.93;0;0;0;0;0;56;3.92;10;198;13.87;31;9;1.26;0;0;0;0;8;2;80;5.6;14;86;6.02;14;5;14;0;9;0;0;0;0;9;0;0;20;9;3;9;4;4;89;6.23;22;23:09;01:37;04:18;0;0;0;0;0;0;0;0;7;0.49;2;0;0;0;0;0;0;3 hours;14:02;0;0;0;0;0;0;0;63%
ioReactz;3794;0;9;102;2.95;6;0;0;0;0;0;589,626;17,105;26,816;327,876;9,511.62;15,010;4,989;240;6.96;0;0;0;0;0;148;4.29;12;685;19.87;36;16;2.85;0;0;0;0;12;4;325;9.42;19;241;6.99;15;6;34;1;28;0;0;0;0;16;0;0;70;24;17;29;4;13;242;7.02;17;55:43;01:36;03:28;0;0;0;0;0;0;0;0;34;0.98;4;0;0;0;0;0;0;6 hours;39:01;0;0;0;0;4;0;0;80%
iqbalhaikal55;2906;0;4;35;3.23;8;0;0;0;0;0;158,952;14,674;24,053;98,244;9,069.38;15,091;5,608;85;7.84;0;0;0;0;0;39;3.6;9;189;17.44;37;13;2.22;0;0;0;0;1;2;91;8.4;17;65;6;12;7;11;0;4;0;0;0;0;13;0;0;27;8;13;7;4;4;80;7.38;14;17:22;01:36;03:13;0;0;0;0;0;0;0;0;9;0.83;3;0;0;0;0;0;0;1 hour;10:50;0;0;0;0;1;0;0;36%
IRaTuSz;4631;0;0;0;0;0;0;0;0;0;0;5,098;24,854;5,098;1,250;6,093.71;1,250;1,175;2;9.74;0;0;0;0;0;0;0;0;0;0;0;0;0;0;0;0;0;0;0;0;0;0;0;0;0;0;0;0;0;0;0;0;0;0;0;0;1;0;0;0;0;0;0;0;0;00:01;00:07;00:01;0;0;0;0;0;0;0;0;0;0;0;0;0;0;0;0;0;1 minute;0;0;0;0;0;0;0;0;100%
itsDiety;3957;0;0;0;0;0;0;0;0;0;0;22,037;21,164;14,806;2,607;2,504.08;1,746;856;6;5.76;0;0;0;0;0;1;0.96;1;4;3.84;3;2;0.66;0;0;0;0;0;0;2;1.92;1;1;0.96;1;0;1;0;1;0;0;0;0;2;0;0;0;0;0;0;0;0;0;0;0;00:43;00:41;00:43;0;0;0;0;0;0;0;0;0;0;0;0;0;0;0;0;0;6 minutes;0;0;0;0;0;0;0;0;80%
itsGenji;4057;0;1;13;3.61;4;0;0;0;0;0;62,811;17,450;26,829;42,314;11,755.49;13,593;5,488;39;10.83;0;0;0;0;0;18;5;9;77;21.39;32;17;1.97;0;0;0;0;1;1;35;9.72;12;24;6.66;10;2;4;0;1;0;0;0;0;17;0;0;11;2;3;5;5;1;35;9.72;13;05:28;01:31;02:27;0;0;0;0;0;0;0;0;3;0.83;1;0;0;0;0;0;0;44 minutes;04:28;0;0;0;0;1;0;0;40%
ItsRaiyu;4385;0;3;13;5.24;6;0;0;0;0;0;60,889;24,589;39,074;23,587;9,525.23;12,974;2,608;18;7.26;0;0;0;0;0;13;5.24;7;67;27.05;25;10;3.72;0;0;0;0;0;0;30;12.11;11;19;7.67;9;1;2;0;2;0;0;0;0;10;0;0;7;3;1;3;4;3;15;6.05;10;04:06;01:39;03:02;0;0;0;0;0;0;0;0;4;1.61;2;0;0;0;0;0;0;32 minutes;01:22;0;0;0;0;2;0;0;63%
Jack_of_Spades13;3322;0;3;25;4.87;10;0;0;0;0;0;96,873;18,885;26,412;47,792;9,317.09;14,476;6,041;27;5.26;0;0;0;0;0;28;5.45;9;106;20.66;33;16;3.92;0;0;0;0;3;0;53;10.33;20;45;8.77;13;3;5;0;2;0;0;0;0;16;0;0;12;4;5;3;3;2;47;9.16;17;09:20;01:49;02:01;0;0;0;0;0;0;0;0;10;1.94;3;0;0;0;0;0;0;57 minutes;01:36;0;0;0;0;0;0;0;38%
JaredFogle420;2553;0;5;17;4;6;0;0;0;0;0;72,483;17,087;23,012;32,479;7,656.7;12,290;3,325;28;6.6;0;0;0;0;0;17;4;6;67;15.79;22;11;2.39;0;0;0;0;1;3;43;10.13;14;26;6.12;9;2;4;0;2;0;0;0;0;11;0;0;12;1;5;6;0;0;18;4.24;7;05:02;01:11;02:30;0;0;0;0;0;0;0;0;16;3.77;4;0;0;0;0;0;0;43 minutes;02:19;0;0;0;0;0;0;0;47%
JDG-191;3064;0;1;1;2.12;1;0;0;0;0;0;8,653;18,394;8,653;2,132;4,531.92;2,132;557;10;21.25;0;0;0;0;0;1;2.12;1;4;8.5;4;2;0.4;0;0;0;0;0;0;2;4.25;2;0;0;0;0;0;0;0;0;0;0;0;2;0;0;1;0;1;0;0;0;0;0;0;01:06;02:20;01:06;0;0;0;0;0;0;0;0;1;2.12;1;0;0;0;0;0;0;6 minutes;0;0;0;0;0;0;0;0;0
JDiego2199;2304;0;0;1;5.64;1;0;0;0;0;0;3,024;17,065;3,024;1,030;5,812.96;1,030;625;2;11.28;0;0;0;0;0;0;0;0;2;11.28;2;1;1;0;0;0;0;0;0;1;5.64;1;0;0;0;0;0;0;0;0;0;0;0;1;0;0;1;1;0;0;0;0;0;0;0;00:06;00:35;00:06;0;0;0;0;0;0;0;0;0;0;0;0;0;0;0;0;0;2 minutes;0;0;0;0;0;0;0;0;0
Jerfis1084;2563;0;0;1;10.84;1;0;0;0;0;0;1,921;20,833;1,921;503;5,451.13;503;503;2;21.68;0;0;0;0;0;0;0;0;1;10.84;1;1;0.5;0;0;0;0;0;0;1;10.84;1;0;0;0;0;0;0;0;0;0;0;0;1;0;0;0;0;0;0;0;0;0;0;0;00:12;02:13;00:12;0;0;0;0;0;0;0;0;0;0;0;0;0;0;0;0;0;1 minute;0;0;0;0;0;0;0;0;100%
Jikkle;2308;0;0;1;1.27;1;0;0;0;0;0;7,202;9,195;7,202;874;1,115.63;874;486;4;5.1;0;0;0;0;0;0;0;0;3;3.83;3;2;0.75;0;0;0;0;0;0;2;2.55;2;1;1.27;1;1;1;0;0;0;0;0;0;2;0;0;3;2;1;1;0;0;0;0;0;00:04;00:05;00:04;0;0;0;0;0;0;0;0;1;1.27;1;0;0;0;0;0;0;4 minutes;0;0;0;0;0;4;0;0;0
JOKERFIRST15;4311;0;0;0;0;0;0;0;0;0;0;3,675;21,144;3,675;785;4,517.03;785;490;2;11.5;0;0;0;0;0;0;0;0;0;0;0;0;0;0;0;0;0;1;0;0;0;0;0;0;0;0;0;0;0;0;0;0;0;0;0;0;0;0;0;0;0;0;0;0;0;0;0;0;0;0;0;0;0;0;0;0;0;0;0;0;0;0;0;0;0;1 minute;0;0;0;0;0;0;0;0;0
JonXSly;2840;0;4;36;3.19;6;0;0;0;0;0;232,143;20,610;27,986;122,500;10,875.72;14,227;4,651;126;11.18;0;0;0;0;0;44;3.9;7;214;18.99;25;10;1.69;0;0;0;0;0;0;120;10.65;14;54;4.79;6;7;11;0;4;0;0;0;0;10;0;0;24;11;7;6;5;4;102;9.05;15;19:35;01:44;02:31;0;0;0;0;0;0;0;0;11;0.97;2;0;0;0;0;0;0;2 hours;16:29;0;0;0;0;0;0;0;35%
jumpmanfrank094;2821;0;1;0;0;0;0;0;0;0;0;14,480;12,384;11,796;4,294;3,672.16;4,194;850;8;6.84;0;0;0;0;0;0;0;0;12;10.26;11;4;1.5;0;0;0;0;1;0;8;6.84;8;4;3.42;3;0;1;0;1;0;0;0;0;4;0;0;3;1;0;2;0;0;6;5.13;6;00:53;00:45;00:53;0;0;0;0;0;0;0;0;0;0;0;0;0;0;0;0;0;10 minutes;0;0;0;0;0;0;0;0;73%
kadoya3582;3816;0;10;105;3.5;8;0;0;0;0;0;717,163;23,957;36,869;347,738;11,616.15;21,697;5,328;272;9.08;0;0;0;0;0;142;4.74;15;556;18.57;37;14;2.04;0;0;0;0;9;5;261;8.71;19;208;6.94;16;13;30;2;15;0;0;0;0;14;0;0;52;23;14;15;4;16;211;7.04;20;55:25;01:51;03:48;0;0;0;0;0;0;0;0;21;0.7;3;0;0;0;0;0;0;6 hours;32:16;0;0;0;0;0;0;0;50%
kashibe01;0;0;0;3;1.75;2;0;0;0;0;0;45,173;26,464;22,405;18,643;10,921.74;7,035;2,820;18;10.54;0;0;0;0;0;5;2.92;4;43;25.19;21;8;2.38;0;0;0;0;0;0;31;18.16;15;12;7.03;5;1;2;0;0;0;0;0;0;8;0;0;5;2;1;1;5;1;15;8.78;10;03:03;01:47;01:48;0;0;0;0;0;0;0;0;8;4.68;4;0;0;0;0;0;0;22 minutes;03:32;0;0;0;0;0;0;0;20%
katsuya3;2206;0;1;56;4.06;11;0;0;0;0;0;312,408;22,694;37,737;138,462;10,058.26;19,531;4,110;156;11.33;0;0;0;0;0;74;5.37;13;267;19.39;36;14;1.71;0;0;0;0;5;2;131;9.51;20;80;5.81;12;6;14;0;8;0;0;0;0;14;0;0;30;12;8;10;4;6;98;7.11;12;29:01;02:06;03:50;0;0;0;0;0;0;0;0;14;1.01;3;0;0;0;0;0;0;3 hours;20:28;0;0;0;0;1;0;0;59%
Kiba_Zack;3172;0;0;15;4.95;8;0;0;0;0;0;70,965;23,462;21,761;36,825;12,174.94;13,060;5,425;25;8.26;0;0;0;0;0;20;6.61;10;82;27.11;38;15;3.28;0;0;0;0;0;0;38;12.56;17;31;10.24;13;0;3;0;2;0;0;0;0;15;0;0;9;5;1;3;3;4;46;15.2;23;06:23;02:06;02:28;0;0;0;0;0;0;0;0;8;2.64;2;0;0;0;0;0;0;38 minutes;11:24;0;0;0;0;1;0;0;80%
KILLER77_HAZZA3;3082;0;11;55;3.36;7;0;0;0;0;0;399,407;24,434;38,249;156,545;9,576.63;21,947;6,102;181;11.07;0;0;0;0;0;69;4.22;13;323;19.75;31;15;1.78;0;0;0;0;5;1;166;10.15;18;104;6.36;11;9;16;1;6;0;0;0;0;15;0;0;32;12;9;11;4;7;140;8.56;17;40:31;02:28;05:02;0;0;0;0;0;0;0;0;32;1.95;4;0;0;0;0;0;0;3 hours;18:46;0;0;0;0;0;0;0;39%
kk10295;3509;0;10;27;1.53;6;0;0;0;0;0;527,809;30,039;46,453;183,073;10,419.31;18,907;5,995;147;8.36;0;0;0;0;0;69;3.92;15;265;15.08;36;12;1.8;0;0;0;0;4;1;101;5.74;17;93;5.29;12;9;18;0;9;0;0;0;0;12;0;0;34;13;9;12;4;7;127;7.22;13;39:07;02:13;05:00;0;0;0;0;0;0;0;0;7;0.39;1;0;0;0;0;0;0;3 hours;14:21;0;0;0;0;0;0;0;50%
koba-ya;1337;0;0;11;3.5;6;0;0;0;0;0;4,073;1,299;2,066;17,042;5,436.67;7,612;3,578;14;4.46;0;0;0;0;0;6;1.91;3;29;9.25;15;9;2.07;0;0;0;0;0;0;21;6.69;11;4;1.27;2;3;3;0;0;0;0;0;0;9;0;0;4;1;1;2;0;0;12;3.82;7;00:54;00:17;00:35;0;0;0;0;0;0;0;0;12;3.82;5;0;0;0;0;0;0;33 minutes;02:34;0;0;0;0;0;0;0;0
koh_1655;2387;0;2;2;0.69;2;0;0;0;0;0;79,980;27,855;22,383;13,272;4,622.13;3,670;2,185;21;7.31;0;0;0;0;0;4;1.39;2;21;7.31;7;5;1;0;0;0;0;0;0;9;3.13;3;10;3.48;4;2;3;0;1;0;0;0;0;5;0;0;3;1;0;2;0;0;9;3.13;3;02:50;00:59;01:26;0;0;0;0;0;0;0;0;0;0;0;0;0;0;0;0;0;33 minutes;01:21;0;0;0;0;0;0;0;37%
kon5-TDRoki;2084;0;13;54;2.21;5;0;0;0;0;0;517,397;21,197;37,033;210,426;8,620.91;11,532;6,210;194;7.94;0;0;0;0;0;84;3.44;9;400;16.38;30;17;2.06;0;0;0;0;2;2;199;8.15;16;93;3.81;8;6;24;1;17;0;0;0;0;17;0;0;41;14;12;15;4;8;144;5.89;11;42:20;01:44;03:28;0;0;0;0;0;0;0;0;33;1.35;4;0;0;0;0;0;0;4 hours;17:11;0;0;0;0;5;0;0;71%
koutyatya;3647;0;23;123;2.47;8;0;0;0;0;0;1,386,475;27,894;54,735;643,747;12,951.36;23,666;7,619;462;9.29;0;0;0;0;0;214;4.3;11;1,003;20.17;42;14;2.17;0;0;0;0;9;5;405;8.14;17;379;7.62;17;17;50;5;28;0;0;0;0;14;0;0;101;36;36;29;5;29;521;10.48;28;02:00:30;02:25;05:02;0;0;0;0;0;0;0;0;30;0.6;3;0;0;0;0;0;0;11 hours;59:36;0;0;0;0;0;0;0;55%
kris1974;4164;0;0;3;5.2;2;0;0;0;0;0;21,265;36,894;14,393;2,926;5,077.02;1,401;1,401;8;13.87;0;0;0;0;0;1;1.73;1;4;6.93;3;1;0.5;0;0;0;0;0;0;3;5.2;2;0;0;0;0;1;0;1;0;0;0;0;1;0;0;1;1;0;0;0;0;1;1.73;1;00:29;00:51;00:18;0;0;0;0;0;0;0;0;0;0;0;0;0;0;0;0;0;8 minutes;0;0;0;0;0;0;0;0;87%
Krisuke;2407;0;0;0;0;0;0;0;0;0;0;1,068;5,041;1,068;678;3,199.58;678;378;3;14.15;0;0;0;0;0;0;0;0;1;4.71;1;1;0.33;0;0;0;0;2;1;1;4.71;1;0;0;0;0;0;0;0;0;0;0;0;1;0;0;0;0;0;0;0;0;0;0;0;00:10;00:50;00:10;0;0;0;0;0;0;0;0;0;0;0;0;0;0;0;0;0;2 minutes;0;0;0;0;0;0;0;0;0
KSlims;4548;0;0;2;3.14;2;0;0;0;0;0;9,328;14,657;9,328;3,174;4,987.18;3,174;929;4;6.28;0;0;0;0;0;2;3.14;2;3;4.71;3;1;0.75;0;0;0;0;0;0;3;4.71;3;1;1.57;1;1;1;0;0;0;0;0;0;1;0;0;0;0;0;0;0;0;2;3.14;2;00:06;00:10;00:06;0;0;0;0;0;0;0;0;0;0;0;0;0;0;0;0;0;3 minutes;0;0;0;0;0;0;0;0;0
kurosaki158;1924;0;12;74;2.46;7;0;0;0;0;0;671,884;22,388;34,957;314,052;10,464.67;17,485;4,724;322;10.72;0;0;0;0;0;144;4.79;11;613;20.42;42;13;1.9;0;0;0;0;5;2;300;9.99;23;168;5.59;13;8;30;3;19;0;0;0;0;13;0;0;54;29;8;16;4;11;249;8.29;21;57:46;01:55;04:02;0;0;0;0;0;0;0;0;35;1.16;5;0;0;0;0;0;0;6 hours;29:00;0;0;0;0;2;0;0;62%
L1TTL3msAW3S0M3;2393;0;0;4;5.22;3;0;0;0;0;0;8,607;11,243;7,183;5,260;6,871.35;3,232;2,017;5;6.53;0;0;0;0;0;3;3.91;2;9;11.75;8;6;1.8;0;0;0;0;0;0;4;5.22;3;4;5.22;4;0;0;0;0;0;0;0;0;6;0;0;0;0;0;2;0;0;1;1.3;1;00:12;00:16;00:07;0;0;0;0;0;0;0;0;1;1.3;1;0;0;0;0;0;0;--;00:20;0;0;0;0;0;0;0;0
LEATONER;2534;0;2;23;5.88;5;0;0;0;0;0;72,423;18,531;12,259;33,006;8,445.17;5,657;2,556;57;14.58;0;0;0;0;0;12;3.07;5;72;18.42;14;7;1.26;0;0;0;0;0;0;42;10.74;7;14;3.58;5;2;4;0;2;0;0;0;0;7;0;0;10;3;3;4;3;1;17;4.34;6;05:30;01:24;01:35;0;0;0;0;0;0;0;0;8;2.04;2;0;0;0;0;0;0;50 minutes;03:44;0;0;0;0;0;0;0;52%
Lege-donZ;2329;0;1;3;2.29;2;0;0;0;0;0;27,177;20,819;16,936;11,538;8,838.4;7,966;3,562;6;4.59;0;0;0;0;0;5;3.83;3;21;16.08;14;5;3.5;0;0;0;0;0;0;8;6.12;5;8;6.12;6;1;1;0;1;0;0;0;0;5;0;0;5;2;3;0;0;0;7;5.36;6;00:52;00:40;00:34;0;0;0;0;0;0;0;0;0;0;0;0;0;0;0;0;0;12 minutes;02:11;0;0;0;0;0;0;0;49%
lemonanzu;0;0;0;0;0;0;0;0;0;0;0;6,233;39,418;6,233;1,386;8,764.84;1,386;1,000;3;18.97;0;0;0;0;0;0;0;0;2;12.64;2;2;0.66;0;0;0;0;0;0;0;0;0;1;6.32;1;0;0;0;0;0;0;0;0;2;0;0;1;0;0;0;0;0;0;0;0;00:12;01:19;00:12;0;0;0;0;0;0;0;0;0;0;0;0;0;0;0;0;0;2 minutes;0;0;0;0;0;0;0;0;100%
Linkinito;3090;0;1;1;1.17;1;0;0;0;0;0;25,661;30,042;13,599;5,340;6,251.7;3,050;1,640;11;12.87;0;0;0;0;0;3;3.51;2;8;9.36;4;4;0.72;0;0;0;0;0;0;5;5.85;3;2;2.34;2;1;1;0;0;0;0;0;0;4;0;0;1;0;0;0;4;1;1;1.17;1;00:54;01:03;00:28;0;0;0;0;0;0;0;0;0;0;0;0;0;0;0;0;0;11 minutes;00:40;0;0;0;0;0;0;0;0
Liv___MIGHTY;0;0;127;1,692;4.43;13;0;0;0;0;0;9,659,788;25,348;48,016;4,745,805;12,453.23;29,182;7,956;4,402;11.55;0;0;0;0;0;1,991;5.22;18;7,553;19.81;49;20;1.71;0;0;0;0;75;41;3,194;8.38;22;2,907;7.62;25;169;381;22;190;0;0;0;0;20;0;0;738;262;241;235;6;212;3,221;8.45;33;13:21:59;02:06;06:41;0;0;0;0;0;0;0;0;227;0.59;3;0;0;0;0;0;0;86 hours;08:41:54;0;0;0;0;7;0;0;49%
LoggingOut;3612;0;5;72;5.63;9;0;0;0;0;0;265,271;20,757;33,420;163,396;12,785.24;19,093;3,572;170;13.3;0;0;0;0;0;74;5.79;10;304;23.78;37;11;1.78;0;0;0;0;4;0;145;11.34;17;119;9.31;13;4;13;1;8;0;0;0;0;11;0;0;26;13;6;7;5;5;137;10.71;15;19:40;01:32;02:28;0;0;0;0;0;0;0;0;24;1.87;4;0;0;0;0;0;0;3 hours;23:50;0;0;0;0;0;0;0;59%
LostkumaTH;3386;0;1;9;2.88;3;0;0;0;0;0;43,390;13,913;15,580;34,819;11,164.44;11,667;3,301;34;10.9;0;0;0;0;0;16;5.13;9;64;20.52;27;7;1.88;0;0;0;0;0;0;36;11.54;14;18;5.77;6;2;3;0;1;0;0;0;0;7;0;0;7;2;3;1;4;1;23;7.37;10;06:45;02:09;02:50;0;0;0;0;0;0;0;0;7;2.24;3;0;0;0;0;0;0;39 minutes;06:08;0;0;0;0;0;0;0;42%
l-Twisted_Fate-l;4013;0;1;13;3.04;2;0;0;0;0;0;102,104;23,891;17,598;61,821;14,465.12;10,803;5,775;44;10.29;0;0;0;0;0;20;4.67;4;101;23.63;31;11;2.29;0;0;0;0;0;0;53;12.4;19;27;6.31;6;2;4;0;2;0;0;0;0;11;0;0;16;5;5;5;3;1;35;8.18;18;07:42;01:48;03:10;0;0;0;0;0;0;0;0;3;0.7;1;0;0;0;0;0;0;56 minutes;09:04;0;0;0;0;0;0;0;55%
lucis204;2216;0;0;1;12.29;1;0;0;0;0;0;2,952;36,302;2,952;2,166;26,639.49;2,166;2,166;1;12.29;0;0;0;0;0;0;0;0;2;24.59;2;2;2;0;0;0;0;0;0;2;24.59;2;0;0;0;0;0;0;0;0;0;0;0;2;0;0;0;0;0;0;0;0;1;12.29;1;00:24;05:04;00:24;0;0;0;0;0;0;0;0;0;0;0;0;0;0;0;0;0;1 minute;0;0;0;0;0;0;0;0;0
Lyntune92;2044;0;1;8;3.81;4;0;0;0;0;0;49,383;23,541;19,270;16,720;7,970.76;6,155;1,929;25;11.91;0;0;0;0;0;1;0.47;1;22;10.48;11;4;0.88;0;0;0;0;0;0;13;6.19;6;10;4.76;6;1;2;0;1;0;0;0;0;4;0;0;4;3;1;1;0;0;5;2.38;4;01:58;00:56;00:50;0;0;0;0;0;0;0;0;4;1.9;2;0;0;0;0;0;0;26 minutes;01:24;0;0;0;0;1;0;0;47%
M5roosh_ksa;3563;0;5;58;2.92;6;0;0;0;0;0;326,486;16,444;22,944;200,363;10,091.43;14,465;4,505;200;10.07;0;0;0;0;0;100;5.03;8;466;23.47;35;13;2.33;0;0;0;0;8;8;233;11.73;21;182;9.16;14;0;0;2;11;0;0;0;0;13;0;0;0;0;12;13;4;8;182;9.16;17;34:38;01:44;03:54;0;0;0;0;0;0;0;0;28;1.41;3;0;0;0;0;0;0;5.008830993436277 seconds;35:30;0;0;0;0;3;0;0;54%
Macchi-Boy;2389;0;12;91;3.49;7;0;0;0;0;0;681,650;26,198;42,257;248,105;9,535.41;19,541;4,214;262;10.06;0;0;0;0;0;118;4.53;12;460;17.67;39;15;1.75;0;0;0;0;2;1;226;8.68;20;154;5.91;13;9;26;0;17;0;0;0;0;15;0;0;37;14;13;10;4;8;203;7.8;23;53:42;02:03;05:38;0;0;0;0;0;0;0;0;24;0.92;4;0;0;0;0;0;0;5 hours;24:24;0;0;0;0;0;0;0;63%
MagIish;4344;0;4;34;4.68;6;0;0;0;0;0;149,386;20,585;39,623;75,210;10,363.96;13,683;4,961;50;6.88;0;0;0;0;0;35;4.82;10;176;24.25;30;16;3.52;0;0;0;0;1;0;79;10.88;17;55;7.57;11;0;7;1;6;0;0;0;0;16;0;0;8;3;2;2;4;3;44;6.06;9;13:56;01:55;02:52;0;0;0;0;0;0;0;0;13;1.79;4;0;0;0;0;0;0;1 hour;08:08;0;0;0;0;2;0;0;86%
makorin_is_a_Pen;2868;0;14;51;2.43;6;0;0;0;0;0;602,220;28,787;50,293;245,383;11,729.74;28,387;5,368;160;7.64;0;0;0;0;0;74;3.53;8;374;17.87;36;13;2.33;0;0;0;0;5;2;175;8.36;21;123;5.87;15;7;21;2;12;0;0;0;0;13;0;0;38;18;9;11;4;7;157;7.5;17;33:47;01:36;03:58;0;0;0;0;0;0;0;0;11;0.52;2;0;0;0;0;0;0;4 hours;25:18;0;0;0;0;0;0;0;56%
MALLOW-SURF;2028;0;4;28;2.27;6;0;0;0;0;0;242,652;19,677;20,642;101,346;8,218.38;13,323;4,681;116;9.4;0;0;0;0;0;32;2.59;4;145;11.75;16;8;1.25;0;0;0;0;6;1;76;6.16;7;67;5.43;10;8;12;0;4;0;0;0;0;8;0;0;27;7;10;9;3;2;51;4.13;8;20:36;01:40;03:08;0;0;0;0;0;0;0;0;14;1.13;4;0;0;0;0;0;0;2 hours;07:15;0;0;0;0;0;0;0;34%
matheus_pegasus;2747;0;0;0;0;0;0;0;0;0;0;1,714;9,088;1,245;715;3,791.69;640;640;2;10.6;0;0;0;0;0;0;0;0;0;0;0;0;0;0;0;0;0;0;0;0;0;0;0;0;0;0;0;0;0;0;0;0;166;0;0;0;0;0;0;0;0;0;0;0;0;00:06;00:33;00:06;0;0;0;0;0;0;0;0;0;0;0;0;0;0;0;0;0;1 minute;0;0;0;0;0;0;0;0;0
matukyo;4050;0;0;0;0;0;0;0;0;0;0;2,000;46,422;2,000;370;8,588.06;370;370;1;23.21;0;0;0;0;0;0;0;0;0;0;0;0;0;0;0;0;0;0;0;0;0;0;0;0;0;0;0;0;0;0;0;0;0;0;0;0;0;0;0;0;0;0;0;0;0;00:10;04:05;00:10;0;0;0;0;0;0;0;0;0;0;0;0;0;0;0;0;0;42.16892799176276 seconds;0;0;0;0;0;0;0;0;100%
meecyaRougan;2125;0;0;1;0.63;1;0;0;0;0;0;27,389;17,387;12,986;9,587;6,085.97;4,115;2,209;14;8.88;0;0;0;0;0;2;1.26;1;13;8.25;7;5;0.92;0;0;0;0;1;0;5;3.17;3;2;1.26;1;0;2;0;1;0;0;0;0;5;0;0;2;0;1;1;0;0;4;2.53;3;01:47;01:08;00:39;0;0;0;0;0;0;0;0;0;0;0;0;0;0;0;0;0;16 minutes;0;0;0;0;0;0;0;0;76%
Meldavak;2607;0;0;1;2.98;1;0;0;0;0;0;12,677;37,822;12,677;2,127;6,345.62;2,127;970;2;5.96;0;0;0;0;0;2;5.96;2;7;20.88;7;4;3.5;0;0;0;0;1;0;4;11.93;4;2;5.96;2;0;0;0;0;0;0;0;0;4;0;0;1;0;1;0;0;0;6;17.9;6;00:36;01:48;00:36;0;0;0;0;0;0;0;0;0;0;0;0;0;0;0;0;0;6 minutes;00:04;0;0;0;0;0;0;0;0
MEOW987;2679;0;3;30;4.44;8;0;0;0;0;0;119,753;17,744;24,597;68,200;10,105.42;12,233;6,964;84;12.44;0;0;0;0;0;28;4.14;4;152;22.52;33;17;1.8;0;0;0;0;8;3;90;13.33;24;41;6.07;7;3;7;1;2;0;0;0;0;17;0;0;21;10;8;3;3;1;57;8.44;13;11:56;01:46;03:03;0;0;0;0;0;0;0;0;17;2.51;7;0;0;0;0;0;0;1 hour;11:08;0;0;0;0;3;0;0;31%
Merdrash;2964;0;5;21;4.58;9;0;0;0;0;0;106,782;23,311;30,207;33,439;7,299.83;10,505;3,457;48;10.47;0;0;0;0;0;14;3.05;5;89;19.42;31;10;1.85;0;0;0;0;2;0;52;11.35;16;17;3.71;5;2;5;0;2;0;0;0;0;10;0;0;9;5;2;2;3;1;37;8.07;13;05:29;01:11;01:55;0;0;0;0;0;0;0;0;6;1.3;3;0;0;0;0;0;0;1 hour;05:38;0;0;0;0;0;0;0;54%
MIKEYDYCE;3723;0;0;1;2.1;1;0;0;0;0;0;9,693;20,368;2,741;5,810;12,207.57;2,384;1,385;8;16.81;0;0;0;0;0;1;2.1;1;8;16.81;4;4;1;0;0;0;0;0;0;6;12.6;3;3;6.3;1;0;0;0;0;0;0;0;0;4;0;0;1;0;0;1;0;0;3;6.3;2;01:14;02:35;00:34;0;0;0;0;0;0;0;0;1;2.1;1;0;0;0;0;0;0;7 minutes;0;0;0;0;0;0;0;0;43%
MindlessPants;3011;0;4;54;3.6;9;0;0;0;0;0;197,380;13,159;27,087;109,130;7,275.37;11,478;2,821;126;8.4;0;0;0;0;0;53;3.53;7;290;19.33;29;11;2.3;0;0;0;0;5;3;169;11.26;19;84;5.6;10;2;15;0;13;0;0;0;0;11;0;0;35;19;9;7;0;0;96;6.4;14;23:31;01:34;03:00;0;0;0;0;0;0;0;0;34;2.26;4;0;0;0;0;0;0;2 hours;13:57;0;0;0;0;6;0;0;86%
Mister_Oblivion_;2446;0;6;56;5.17;12;0;0;0;0;0;211,825;19,572;34,252;161,283;14,901.83;24,843;5,040;152;14.04;0;0;0;0;0;44;4.06;7;311;28.73;49;15;2.04;0;0;0;0;5;2;170;15.7;33;100;9.23;16;5;11;2;4;0;0;0;0;15;0;0;38;16;12;10;4;5;157;14.5;29;28:25;02:37;04:09;0;0;0;0;0;0;0;0;24;2.21;8;0;0;0;0;0;0;2 hours;30:07;0;0;0;0;0;0;0;36%
Mlbjester7;3573;0;20;154;2.85;8;0;0;0;0;0;1,282,324;23,814;54,326;549,467;10,204.3;19,543;7,240;549;10.19;0;0;0;0;0;201;3.73;11;1,036;19.23;42;21;1.88;0;0;0;0;16;5;438;8.13;15;322;5.97;14;22;54;1;31;0;0;0;0;21;0;0;109;49;31;29;4;28;439;8.15;18;01:41:13;01:52;05:05;0;0;0;0;0;0;0;0;41;0.76;4;0;0;0;0;0;0;11 hours;01:02:06;0;0;0;0;5;0;0;56%
Morgenarc;3323;0;2;27;4.25;5;0;0;0;0;0;153,080;24,125;24,154;66,941;10,549.67;11,753;4,295;60;9.45;0;0;0;0;0;23;3.62;8;93;14.65;19;10;1.55;0;0;0;0;1;0;55;8.66;12;31;4.88;10;5;6;0;1;0;0;0;0;10;0;0;17;7;3;6;3;2;33;5.2;10;09:13;01:27;02:35;0;0;0;0;0;0;0;0;7;1.1;2;0;0;0;0;0;0;1 hour;05:52;0;0;0;0;5;0;0;12%
Mr_O_Blood_type_;4031;0;0;1;1.43;1;0;0;0;0;0;12,152;17,392;12,152;5,144;7,361.68;5,144;1,425;8;11.44;0;0;0;0;0;1;1.43;1;3;4.29;3;1;0.37;0;0;0;0;0;0;1;1.43;1;0;0;0;1;1;0;0;0;0;0;0;1;0;0;1;0;1;1;0;0;2;2.86;2;01:05;01:33;01:05;0;0;0;0;0;0;0;0;0;0;0;0;0;0;0;0;0;8 minutes;0;0;0;0;0;0;0;0;0
mrfr33s3;2615;0;4;12;2.99;3;0;0;0;0;0;110,574;27,567;36,372;21,208;5,287.27;7,012;2,986;39;9.72;0;0;0;0;0;10;2.49;6;53;13.21;24;9;1.35;0;0;0;0;0;0;35;8.72;14;22;5.48;9;1;4;0;3;0;0;0;0;9;0;0;8;3;3;2;0;0;26;6.48;8;06:18;01:34;02:16;0;0;0;0;0;0;0;0;6;1.49;3;0;0;0;0;0;0;47 minutes;04:48;0;0;0;0;3;0;0;67%
MRstyles4u;3416;0;20;103;2.65;7;0;0;0;0;0;895,892;23,080;55,938;378,760;9,757.57;16,728;5,118;434;11.18;0;0;0;0;0;156;4.01;9;696;17.93;35;14;1.6;0;0;0;0;5;2;338;8.7;18;167;4.3;11;18;39;0;21;0;0;0;0;14;0;0;70;23;23;23;5;11;315;8.11;17;01:22:03;02:06;03:58;0;0;0;0;0;0;0;0;34;0.87;4;0;0;0;0;0;0;8 hours;30:47;0;0;0;0;1;0;0;54%
NaapWay;2595;0;2;23;4.33;7;0;0;0;0;0;94,807;17,857;21,457;36,100;6,799.59;13,557;2,778;49;9.22;0;0;0;0;0;17;3.2;6;88;16.57;29;10;1.79;0;0;0;0;2;0;43;8.09;13;27;5.08;9;2;5;0;3;0;0;0;0;10;0;0;12;5;5;2;3;2;34;6.4;18;03:42;00:42;01:43;0;0;0;0;0;0;0;0;10;1.88;4;0;0;0;0;0;0;49 minutes;04:20;0;0;0;0;0;0;0;56%
nagano-1;0;0;0;4;2.16;2;0;0;0;0;0;25,420;13,758;10,677;7,931;4,292.36;5,285;2,050;11;5.95;0;0;0;0;0;2;1.08;1;12;6.49;5;4;1.09;0;0;0;0;1;0;8;4.32;4;6;3.24;3;0;0;0;1;0;0;0;0;4;0;0;0;1;1;0;0;0;5;2.7;3;02:53;01:33;01:55;0;0;0;0;0;0;0;0;1;0.54;1;0;0;0;0;0;0;49.80915502924472 seconds;0;0;0;0;0;0;0;0;52%
Nahnee3838;2514;0;0;2;4.09;2;0;0;0;0;0;8,846;18,120;8,846;6,231;12,764.31;6,231;1,665;9;18.43;0;0;0;0;0;3;6.14;3;12;24.58;12;3;1.33;0;0;0;0;0;0;4;8.19;4;6;12.29;6;0;0;0;0;0;0;0;0;3;0;0;2;1;0;1;0;0;4;8.19;4;00:58;01:58;00:58;0;0;0;0;0;0;0;0;0;0;0;0;0;0;0;0;0;7 minutes;0;0;0;0;0;0;0;0;0
nari_is_1582;2853;0;5;22;1.62;5;0;0;0;0;0;362,944;26,883;39,312;130,159;9,640.58;19,665;4,655;126;9.33;0;0;0;0;0;47;3.48;5;202;14.96;24;8;1.6;0;0;0;0;4;0;97;7.18;16;77;5.7;12;5;14;2;6;0;0;0;0;8;0;0;21;9;7;5;4;5;76;5.62;11;23:21;01:43;02:56;0;0;0;0;0;0;0;0;10;0.74;3;0;0;0;0;0;0;2 hours;04:48;0;0;0;0;0;0;0;44%
nekomaru_mi-san;1156;0;2;1;0.25;1;0;0;0;0;0;110,196;28,235;36,355;17,792;4,558.58;5,016;2,093;22;5.63;0;0;0;0;0;9;2.3;3;44;11.27;12;6;2;0;0;0;0;1;0;11;2.81;4;13;3.33;6;2;4;1;1;0;0;0;0;6;0;0;4;1;1;2;0;0;13;3.33;7;01:58;00:30;00:50;0;0;0;0;0;0;0;0;1;0.25;1;0;0;0;0;0;0;37 minutes;00:10;0;0;0;0;0;0;0;34%
NickalaiHomebrew;3224;0;45;399;4.18;14;0;0;0;0;0;2,020,688;21,186;44,992;1,012,128;10,611.77;22,166;5,296;1,103;11.56;0;0;0;0;0;426;4.46;13;1,936;20.29;58;14;1.75;0;0;0;0;32;13;1,012;10.61;35;620;6.5;20;48;95;7;41;0;0;0;0;14;0;0;195;93;38;63;5;35;775;8.12;25;02:47:15;01:45;05:10;0;0;0;0;0;0;0;0;156;1.63;6;0;0;0;0;0;0;19 hours;01:59:13;0;0;0;0;5;0;0;42%
NINJALEX323;4049;0;4;27;2.76;5;0;0;0;0;0;183,292;18,750;26,395;79,908;8,174.36;12,181;4,342;64;6.54;0;0;0;0;0;37;3.78;10;191;19.53;32;10;2.98;0;0;0;0;2;0;81;8.28;15;72;7.36;12;1;10;0;8;0;0;0;0;10;0;0;23;8;8;7;4;8;72;7.36;18;12:10;01:14;02:38;0;0;0;0;0;0;0;0;11;1.12;3;0;0;0;0;0;0;1 hour;08:34;0;0;0;0;2;0;0;86%
nyanyamui_401;2781;0;6;85;5.09;10;0;0;0;0;0;395,201;23,689;36,449;218,095;13,072.77;21,145;6,505;195;11.68;0;0;0;0;0;93;5.57;11;394;23.61;41;14;2.02;0;0;0;0;3;4;199;11.92;24;138;8.27;14;7;17;0;9;0;0;0;0;14;0;0;39;16;10;13;5;12;162;9.71;18;36:58;02:12;05:44;0;0;0;0;0;0;0;0;23;1.37;5;0;0;0;0;0;0;4 hours;26:46;0;0;0;0;0;0;0;55%
ohEvasive;3385;0;6;98;3.59;9;0;0;0;0;0;471,039;17,278;35,429;210,557;7,723.15;15,255;6,833;208;7.62;0;0;0;0;0;142;5.2;12;539;19.77;42;15;2.59;0;0;0;0;8;3;251;9.2;19;178;6.52;11;3;27;0;25;0;0;0;0;15;0;0;36;20;3;12;5;18;192;7.04;17;43:10;01:35;04:07;0;0;0;0;0;0;0;0;28;1.02;4;0;0;0;0;0;0;5 hours;27:04;0;0;0;0;0;0;0;90%
ohmygoshimjay;0;0;0;3;3.11;2;0;0;0;0;0;27,866;28,969;12,167;4,807;4,997.79;4,045;1,785;14;14.55;0;0;0;0;0;3;3.11;3;16;16.63;15;6;1.14;0;0;0;0;0;2;8;8.31;7;3;3.11;3;0;1;0;1;0;0;0;0;6;0;0;2;1;1;1;0;0;7;7.27;7;03:19;03:27;02:07;0;0;0;0;0;0;0;0;2;2.07;2;0;0;0;0;0;0;13 minutes;04:08;0;0;0;0;2;0;0;81%
Original_Yankin;2503;0;0;0;0;0;0;0;0;0;0;2,038;29,218;2,038;0;0;0;0;1;14.33;0;0;0;0;0;0;0;0;0;0;0;0;0;0;0;0;0;0;0;0;0;0;0;0;0;0;0;0;0;0;0;0;0;0;0;0;0;0;0;0;0;0;0;0;0;00:06;01:30;00:06;0;0;0;0;0;0;0;0;0;0;0;0;0;0;0;0;0;45.52360304724425 seconds;0;0;0;0;0;0;0;0;0
OttoFemtusen;2831;0;0;3;2.32;1;0;0;0;0;0;20,149;15,603;6,153;9,202;7,125.61;3,265;1,802;9;6.96;0;0;0;0;0;2;1.54;2;15;11.61;8;5;1.66;0;0;0;0;1;0;7;5.42;4;7;5.42;5;1;1;0;1;0;0;0;0;5;0;0;4;1;2;1;0;0;2;1.54;1;00:26;00:20;00:17;0;0;0;0;0;0;0;0;1;0.77;1;0;0;0;0;0;0;13 minutes;0;0;0;0;0;0;0;0;38%
oualid32;4218;0;1;5;4.01;3;0;0;0;0;0;15,531;12,461;12,735;7,031;5,641.07;4,528;4,110;1;0.8;0;0;0;0;0;6;4.81;4;25;20.05;14;11;25;0;0;0;0;0;0;10;8.02;8;6;4.81;4;0;1;0;1;0;0;0;0;11;0;0;3;1;1;0;0;0;5;4.01;3;00:29;00:23;00:15;0;0;0;0;0;0;0;0;0;0;0;0;0;0;0;0;0;8 minutes;00:12;0;0;0;0;0;0;0;100%
picoforver;2647;0;0;7;8.24;4;0;0;0;0;0;22,162;26,116;19,284;9,734;11,470.78;7,385;2,666;12;14.14;0;0;0;0;0;4;4.71;4;27;31.81;24;8;2.25;0;0;0;0;2;0;12;14.14;9;5;5.89;5;0;1;0;1;0;0;0;0;8;0;0;2;1;1;0;0;0;13;15.31;12;05:00;05:53;04:40;0;0;0;0;0;0;0;0;2;2.35;1;0;0;0;0;0;0;14 minutes;01:15;0;0;0;0;0;0;0;59%
pin-zoro__;2451;0;3;11;1.27;4;0;0;0;0;0;118,657;13,752;20,956;35,408;4,103.76;10,646;1,823;49;5.67;0;0;0;0;0;9;1.04;4;71;8.22;25;6;1.44;0;0;0;0;1;0;30;3.47;11;25;2.89;5;1;9;0;7;0;0;0;0;6;0;0;5;2;2;1;0;0;35;4.05;14;12:13;01:24;04:07;0;0;0;0;0;0;0;0;9;1.04;4;0;0;0;0;0;0;1 hour;01:47;0;0;0;0;0;0;0;85%
praktommy;3870;0;4;49;4.41;7;0;0;0;0;0;227,076;20,469;25,001;109,405;9,861.8;14,628;5,667;114;10.27;0;0;0;0;0;48;4.32;10;214;19.29;30;13;1.87;0;0;0;0;5;0;98;8.83;14;54;4.86;10;4;11;1;6;0;0;0;0;13;0;0;28;10;6;12;5;3;62;5.58;12;18:22;01:39;03:29;0;0;0;0;0;0;0;0;8;0.72;2;0;0;0;0;0;0;2 hours;07:06;0;0;0;0;0;0;0;55%
Prey1nMantis;2494;0;44;108;1.85;6;0;0;0;0;0;1,035,005;17,772;37,843;297,026;5,100.27;13,527;5,888;209;3.58;0;0;0;0;0;135;2.31;11;813;13.96;41;15;3.88;0;0;0;0;10;2;463;7.95;27;404;6.93;17;27;58;4;27;0;0;0;0;15;0;0;148;56;53;39;3;8;292;5.01;28;01:25:41;01:28;04:04;0;0;0;0;0;0;0;0;83;1.42;5;0;0;0;0;0;0;10 hours;44:12;0;0;0;0;40;0;0;47%
Prince_Fatman;2466;0;0;1;1.88;1;0;0;0;0;0;4,650;8,760;2,510;3,615;6,809.54;3,270;1,950;5;9.41;0;0;0;0;0;1;1.88;1;2;3.76;2;1;0.4;0;0;0;0;0;0;1;1.88;1;0;0;0;1;1;0;0;0;0;0;0;1;0;0;2;1;0;1;0;0;1;1.88;1;00:17;00:32;00:14;0;0;0;0;0;0;0;0;0;0;0;0;0;0;0;0;0;4 minutes;0;0;0;0;0;0;0;0;0
QueenoftheAndals;2486;0;0;0;0;0;0;0;0;0;0;541;15,023;541;740;20,551.69;740;740;1;27.77;0;0;0;0;0;0;0;0;0;0;0;0;0;0;0;0;0;0;0;0;0;0;0;0;0;0;0;0;0;0;0;0;0;0;0;0;0;0;0;0;0;0;0;0;0;0;0;0;0;0;0;0;0;0;0;0;0;0;0;0;0;0;0;0;0;28.528874970972538 seconds;0;0;0;0;0;0;0;0;100%
rairai2040;2328;0;15;67;2.6;6;0;0;0;0;0;792,329;30,842;47,033;326,648;12,714.96;23,039;6,992;227;8.83;0;0;0;0;0;107;4.16;8;483;18.8;34;16;2.12;0;0;0;0;8;0;218;8.48;17;163;6.34;16;0;0;1;15;0;0;0;0;16;0;0;0;28;0;8;4;14;210;8.17;15;48:03;01:52;03:43;0;0;0;0;0;0;0;0;15;0.58;3;0;0;0;0;0;0;9.464129006490111 seconds;26:29;0;0;0;0;1;0;0;57%
redsunset7;2665;0;0;4;4.99;2;0;0;0;0;0;14,941;18,674;7,773;9,378;11,720.62;5,146;2,015;16;19.99;0;0;0;0;0;3;3.74;2;21;26.24;16;6;1.31;0;0;0;0;2;0;14;17.49;10;6;7.49;6;0;1;0;0;0;0;0;0;6;0;0;2;1;0;0;0;0;10;12.49;8;01:34;01:58;01:07;0;0;0;0;0;0;0;0;2;2.49;2;0;0;0;0;0;0;12 minutes;01:31;0;0;0;0;0;0;0;47%
Remix829;2854;0;0;0;0;0;12%;7;7;4;0.03;4,668;11,769;4,668;1,080;2,432.34;1,080;645;3;6.75;1;2;1;0;0;1;2.52;1;6;15.12;6;5;1.5;0;0;0;0;0;0;1;2.52;1;4;10.08;4;0;0;0;0;2,687;6,050;2,687;1,225;5;0;0;1;0;0;1;0;0;1;2.52;1;00:02;00:06;00:02;0;0;0;396;1.91;396;175;58;0;0;0;0;0;0;0;0;0;3 minutes;0;0;0;0;0;0;33%;0;100%
rencpee;2745;0;6;46;1.41;5;0;0;0;0;0;523,344;16,095;22,187;199,440;6,133.71;10,744;3,384;324;9.96;0;0;0;0;0;62;1.9;5;384;11.8;26;11;1.18;0;0;0;0;3;0;162;4.98;15;129;3.96;11;18;33;2;13;0;0;0;0;11;0;0;65;28;15;22;4;2;153;4.7;10;47:20;01:27;03:56;0;0;0;0;0;0;0;0;27;0.83;3;0;0;0;0;0;0;5 hours;11:30;0;0;0;0;7;0;0;38%
res1tvih;2599;0;0;0;0;0;0;0;0;0;0;3,202;6,165;1,906;3,481;6,702.09;1,960;1,136;6;11.55;0;0;0;0;0;1;1.92;1;10;19.25;6;5;1.66;0;0;0;0;0;0;5;9.62;4;1;1.92;1;0;1;0;1;0;0;0;0;5;0;0;1;1;0;1;0;0;9;17.32;5;01:17;02:29;00:38;0;0;0;0;0;0;0;0;0;0;0;0;0;0;0;0;0;7 minutes;0;0;0;0;0;0;0;0;100%
ReturnOfGuigs;2799;0;24;79;2.67;9;0;0;0;0;0;820,674;27,758;50,600;369,267;12,489.65;23,830;7,411;331;11.19;0;0;0;0;0;112;3.78;10;522;17.65;45;11;1.57;0;0;0;0;9;3;242;8.18;21;214;7.23;14;12;30;1;17;0;0;0;0;11;0;0;50;15;19;16;4;9;242;8.18;25;01:00:00;02:01;03:46;0;0;0;0;0;0;0;0;34;1.14;8;0;0;0;0;0;0;6 hours;29:46;0;0;0;0;2;0;0;57%
Rockethiethm;4253;0;4;41;6.02;11;0;0;0;0;0;168,166;24,730;35,760;111,975;16,466.75;21,399;5,588;87;12.79;0;0;0;0;0;50;7.35;12;219;32.2;50;19;2.51;0;0;0;0;3;0;119;17.49;29;56;8.23;16;0;7;3;4;0;0;0;0;19;0;0;18;7;4;7;4;7;73;10.73;23;14:46;02:10;05:10;0;0;0;0;0;0;0;0;16;2.35;6;0;0;0;0;0;0;1 hour;13:56;0;0;0;0;0;0;0;58%
Ronald_Toh95;2637;0;1;7;4.19;7;0;0;0;0;0;38,501;23,097;17,337;16,375;9,823.55;6,403;2,579;16;9.59;0;0;0;0;0;7;4.19;4;32;19.19;20;8;2;0;0;0;0;2;0;21;12.59;11;9;5.39;5;1;2;0;0;0;0;0;0;8;0;0;4;1;1;2;0;0;9;5.39;7;04:14;02:32;02:17;0;0;0;0;0;0;0;0;4;2.39;2;0;0;0;0;0;0;22 minutes;02:22;0;0;0;0;0;0;0;21%
RozGuun;0;0;39;155;2.07;7;0;0;0;0;0;1,799,469;24,033;47,935;479,777;6,407.79;14,457;4,786;804;10.73;0;0;0;0;0;229;3.05;9;1,043;13.93;30;12;1.29;0;0;0;0;26;4;472;6.3;17;287;3.83;11;32;75;2;41;0;0;0;0;12;0;0;113;37;40;35;4;10;602;8.04;19;03:08:53;02:31;05:45;0;0;0;0;0;0;0;0;66;0.88;4;0;0;0;0;0;0;16 hours;01:04:28;0;0;0;0;18;0;0;54%
ruinknives;2867;0;2;16;4.92;6;0;0;0;0;0;93,700;28,869;36,311;45,894;14,139.62;16,708;5,017;33;10.16;0;0;0;0;0;17;5.23;7;72;22.18;26;11;2.18;0;0;0;0;0;0;35;10.78;13;17;5.23;6;1;3;1;1;0;0;0;0;11;0;0;8;4;1;3;3;1;35;10.78;12;05:41;01:45;02:55;0;0;0;0;0;0;0;0;3;0.92;3;0;0;0;0;0;0;45 minutes;06:46;0;0;0;0;0;0;0;26%
Rundle0509;3763;0;5;21;2.04;7;0;0;0;0;0;168,319;16,401;26,232;78,229;7,622.54;12,074;5,982;64;6.23;0;0;0;0;0;38;3.7;8;179;17.44;30;12;2.79;0;0;0;0;8;3;82;7.99;18;61;5.94;11;2;10;0;8;0;0;0;0;12;0;0;22;11;5;6;4;5;53;5.16;12;13:37;01:19;02:13;0;0;0;0;0;0;0;0;4;0.38;2;0;0;0;0;0;0;1 hour;11:17;0;0;0;0;0;0;0;80%
RyanAM;4121;0;1;5;5.23;3;0;0;0;0;0;17,735;18,571;7,384;10,014;10,485.57;6,224;1,441;9;9.42;0;0;0;0;0;3;3.14;2;23;24.08;10;4;2.55;0;0;0;0;0;2;15;15.7;7;10;10.47;5;0;1;0;1;0;0;0;0;4;0;0;1;0;1;1;0;0;9;9.42;6;01:27;01:31;01:00;0;0;0;0;0;0;0;0;5;5.23;3;0;0;0;0;0;0;12 minutes;0;0;0;0;0;0;0;0;94%
samurainu;1885;0;1;8;4.76;5;0;0;0;0;0;42,273;25,178;29,811;18,381;10,947.5;9,493;4,083;18;10.72;0;0;0;0;0;6;3.57;4;29;17.27;21;8;1.61;0;0;0;0;0;0;11;6.55;6;6;3.57;4;2;2;0;0;0;0;0;0;8;0;0;2;0;1;1;0;0;15;8.93;10;04:35;02:43;03:31;0;0;0;0;0;0;0;0;1;0.59;1;0;0;0;0;0;0;20 minutes;01:11;0;0;0;0;0;0;0;0
sbkkzy;3813;0;3;10;1.99;3;0;0;0;0;0;92,007;18,401;26,841;29,646;5,929.27;10,410;3,614;18;3.59;0;0;0;0;0;14;2.79;5;41;8.19;16;6;2.27;0;0;0;0;0;0;14;2.79;5;10;1.99;6;1;5;0;4;0;0;0;0;6;0;0;6;0;5;1;0;0;17;3.39;9;10:02;02:00;05:00;0;0;0;0;0;0;0;0;1;0.19;1;0;0;0;0;0;0;41 minutes;00:04;0;0;0;0;0;0;0;79%
Scrufster;2197;0;13;76;2.72;9;0;0;0;0;0;503,078;18,008;29,209;155,030;5,549.4;10,472;2,784;256;9.16;0;0;0;0;0;80;2.86;9;367;13.13;28;7;1.43;0;0;0;0;10;4;221;7.91;15;137;4.9;13;14;28;2;12;0;0;0;0;7;0;0;53;20;20;12;4;2;171;6.12;16;59:04;02:06;04:29;0;0;0;0;0;0;0;0;42;1.5;5;0;0;0;0;0;0;5 hours;11:37;0;0;0;0;11;0;0;42%
Shadowfox55;2799;0;11;34;2.22;4;0;0;0;0;0;385,494;25,281;33,527;117,127;7,681.42;14,820;3,482;167;10.95;0;0;0;0;0;46;3.01;8;235;15.41;31;11;1.4;0;0;0;0;5;0;120;7.86;17;73;4.78;10;8;15;2;5;0;0;0;0;11;0;0;28;10;7;11;3;3;130;8.52;21;36:29;02:23;05:31;0;0;0;0;0;0;0;0;7;0.45;4;0;0;0;0;0;0;3 hours;13:21;0;0;0;0;4;0;0;35%
shadowstrixx;2873;0;1;44;3.3;10;0;0;0;0;0;164,560;12,343;18,533;112,887;8,467.39;13,694;5,410;132;9.9;0;0;0;0;0;47;3.52;7;244;18.3;33;18;1.84;0;0;0;0;1;1;120;9;18;88;6.6;11;7;13;1;6;0;0;0;0;18;0;0;26;11;8;7;4;2;101;7.57;11;28:27;02:08;03:32;0;0;0;0;0;0;0;0;15;1.12;4;0;0;0;0;0;0;2 hours;07:20;0;0;0;0;10;0;0;46%
Sharpy776;2926;0;0;0;0;0;0;0;0;0;0;2,743;7,295;1,607;913;2,428.94;648;648;2;5.31;0;0;0;0;0;0;0;0;1;2.65;1;1;0.5;0;0;0;0;0;0;1;2.65;1;0;0;0;0;0;0;0;0;0;0;0;1;0;0;1;0;0;0;0;0;0;0;0;00:13;00:36;00:13;0;0;0;0;0;0;0;0;0;0;0;0;0;0;0;0;0;2 minutes;0;0;0;0;0;0;0;0;0
Signal_Graph;3858;0;6;81;3.29;13;0;0;0;0;0;596,335;24,261;44,065;296,915;12,079.4;24,364;5,874;192;7.81;0;0;0;0;0;141;5.73;17;538;21.88;58;14;2.8;0;0;0;0;8;3;238;9.68;29;171;6.95;15;6;25;2;17;0;0;0;0;14;0;0;46;17;10;19;5;17;223;9.07;36;38:59;01:35;04:23;0;0;0;0;0;0;0;0;15;0.61;2;0;0;0;0;0;0;4 hours;26:27;0;0;0;0;2;0;0;67%
sloohy99;2897;0;7;65;3.9;17;0;0;0;0;0;145,682;8,756;19,339;182,666;10,979.32;31,211;5,051;156;9.37;0;0;0;0;0;61;3.66;9;345;20.73;53;10;2.21;0;0;0;0;4;7;209;12.56;32;115;6.91;14;7;17;1;8;0;0;0;0;10;0;0;41;24;7;11;4;3;114;6.85;17;19:07;01:08;02:44;0;0;0;0;0;0;0;0;46;2.76;8;0;0;0;0;0;0;3 hours;25:29;0;0;0;0;7;0;0;47%
Smithered;4207;0;0;1;1.99;1;0;0;0;0;0;12,963;25,814;12,963;5,348;10,649.9;5,348;2,036;8;15.93;0;0;0;0;0;4;7.96;4;9;17.92;9;4;1.12;0;0;0;0;0;0;4;7.96;4;3;5.97;3;0;1;0;1;0;0;0;0;4;0;0;1;0;1;1;0;0;4;7.96;4;00:25;00:51;00:25;0;0;0;0;0;0;0;0;0;0;0;0;0;0;0;0;0;6 minutes;0;0;0;0;0;0;0;0;100%
snowhite1202;2303;0;1;3;2.99;3;0;0;0;0;0;27,524;27,524;27,524;3,724;3,723.58;3,724;719;10;9.99;0;0;0;0;0;2;1.99;2;8;7.99;8;3;0.8;0;0;0;0;0;0;5;4.99;5;4;3.99;4;1;1;0;0;0;0;0;0;3;0;0;3;1;1;1;0;0;3;2.99;3;01:32;01:32;01:32;0;0;0;0;0;0;0;0;1;0.99;1;0;0;0;0;0;0;9 minutes;0;0;0;0;0;0;0;0;0
SpanishK;2586;0;0;3;3.12;2;0;0;0;0;0;19,343;20,128;11,226;7,254;7,548.3;3,729;1,691;15;15.6;0;0;0;0;0;2;2.08;2;19;19.77;11;7;1.26;0;0;0;0;1;0;9;9.36;5;5;5.2;2;1;1;0;0;0;0;0;0;7;0;0;1;1;0;0;0;0;8;8.32;5;01:38;01:42;00:43;0;0;0;0;0;0;0;0;1;1.04;1;0;0;0;0;0;0;12 minutes;00:30;0;0;0;0;0;0;0;12%
sparton12345;2402;0;8;75;4.41;10;0;0;0;0;0;364,406;21,436;34,407;135,899;7,994.03;11,742;3,591;155;9.11;0;0;0;0;0;74;4.35;7;345;20.29;33;11;2.22;0;0;0;0;9;4;205;12.05;20;138;8.11;15;8;17;1;8;0;0;0;0;11;0;0;28;12;6;10;3;2;124;7.29;13;30:36;01:48;02:22;0;0;0;0;0;0;0;0;32;1.88;6;0;0;0;0;0;0;3 hours;51:14;0;0;0;0;4;0;0;47%
Spuggtaztic;0;0;0;2;3.88;2;0;0;0;0;0;19,923;38,663;19,923;4,286;8,317.48;4,286;1,414;5;9.7;0;0;0;0;0;2;3.88;2;11;21.34;11;5;2.2;0;0;0;0;0;0;6;11.64;6;3;5.82;3;1;1;0;1;0;0;0;0;5;0;0;2;2;1;0;0;0;6;11.64;6;01:31;02:57;01:31;0;0;0;0;0;0;0;0;1;1.94;1;0;0;0;0;0;0;8 minutes;00:20;0;0;0;0;0;0;0;100%
srilanne;2758;0;0;2;2.49;1;0;0;0;0;0;13,118;16,392;8,369;1,558;1,946.71;815;445;7;8.74;0;0;0;0;0;1;1.24;1;3;3.74;2;1;0.42;0;0;0;0;0;0;2;2.49;2;0;0;0;0;1;0;1;0;0;0;0;1;0;0;3;1;1;1;0;0;0;0;0;01:16;01:35;01:10;0;0;0;0;0;0;0;0;0;0;0;0;0;0;0;0;0;6 minutes;0;0;0;0;0;0;0;0;64%
ss0401bump;2485;0;0;1;1.78;1;0;0;0;0;0;6,771;12,111;6,771;1,856;3,319.37;1,856;722;4;7.15;0;0;0;0;0;0;0;0;8;14.3;8;5;2;0;0;0;0;0;0;4;7.15;4;1;1.78;1;1;1;0;0;0;0;0;0;5;0;0;1;1;0;1;0;0;5;8.94;5;00:27;00:49;00:27;0;0;0;0;0;0;0;0;0;0;0;0;0;0;0;0;0;7 minutes;0;0;0;0;0;0;0;0;0
STOP_iseGamin_tv;3158;0;0;5;2.02;2;0;0;0;0;0;57,763;23,394;10,203;21,086;8,539.7;5,967;3,499;25;10.12;0;0;0;0;0;13;5.26;7;45;18.22;19;12;1.8;0;0;0;0;0;0;22;8.9;10;20;8.09;6;1;2;0;1;0;0;0;0;12;0;0;6;0;1;4;3;2;16;6.47;6;04:04;01:38;01:20;0;0;0;0;0;0;0;0;1;0.4;1;0;0;0;0;0;0;29 minutes;05:27;0;0;0;0;0;0;0;49%
STRATO-ARCTICA;2431;0;9;63;4.06;8;0;0;0;0;0;468,530;30,252;51,601;154,340;9,965.5;16,437;4,606;171;11.04;0;0;0;0;0;70;4.51;9;317;20.46;44;14;1.85;0;0;0;0;5;1;159;10.26;24;98;6.32;11;7;15;0;8;0;0;0;0;14;0;0;34;10;11;13;4;5;148;9.55;20;35:45;02:18;04:17;0;0;0;0;0;0;0;0;14;0.9;2;0;0;0;0;0;0;3 hours;33:45;0;0;0;0;3;0;0;51%
SugahFree;3000;0;1;1;1.07;1;0;0;0;0;0;9,562;10,259;5,401;3,212;3,446.21;1,671;1,126;6;6.43;0;0;0;0;0;2;2.14;1;5;5.36;4;3;0.83;0;0;0;0;1;0;3;3.21;2;1;1.07;1;0;1;0;1;0;0;0;0;3;0;0;3;1;0;1;0;0;3;3.21;3;01:34;01:41;00:56;0;0;0;0;0;0;0;0;0;0;0;0;0;0;0;0;0;7 minutes;00:12;0;0;0;0;0;0;0;54%
swagboy1235;0;0;0;1;3.32;1;0;0;0;0;0;3,110;10,346;3,110;1,643;5,464.19;1,643;1,643;1;3.32;0;0;0;0;0;3;9.97;3;8;26.61;8;8;8;0;0;0;0;0;0;4;13.3;4;3;9.97;3;0;0;0;0;0;0;0;0;8;0;0;1;1;0;0;3;1;7;23.28;7;02:23;07:56;02:23;0;0;0;0;0;0;0;0;0;0;0;0;0;0;0;0;0;3 minutes;00:49;0;0;0;0;0;0;0;100%
Swegg-Lawdd;4148;0;6;57;5.1;8;0;0;0;0;0;199,132;17,824;35,862;166,673;14,918.68;20,779;5,730;79;7.07;0;0;0;0;0;71;6.35;13;391;34.99;51;20;4.94;0;0;0;0;0;1;190;17;26;106;9.48;14;1;11;0;11;0;0;0;0;20;0;0;26;10;5;11;4;8;123;11;21;17:46;01:35;02:43;0;0;0;0;0;0;0;0;21;1.87;4;0;0;0;0;0;0;2 hours;30:27;0;0;0;0;1;0;0;100%
TARAKO_JOJO;2772;0;8;74;3.86;8;0;0;0;0;0;485,552;25,382;41,473;177,033;9,254.43;20,592;7,158;145;7.57;0;0;0;0;0;94;4.91;10;386;20.17;33;15;2.66;0;0;0;0;4;2;176;9.2;16;147;7.68;15;7;19;0;12;0;0;0;0;15;0;0;39;16;13;10;4;12;160;8.36;17;37:57;01:59;04:13;0;0;0;0;0;0;0;0;15;0.78;3;0;0;0;0;0;0;3 hours;32:45;0;0;0;0;0;0;0;62%
The_Bob_tw;3073;0;1;26;5.34;6;0;0;0;0;0;95,339;19,611;19,333;29,952;6,160.89;5,676;1,215;54;11.1;0;0;0;0;0;12;2.46;4;60;12.34;15;4;1.11;0;0;0;0;2;2;38;7.81;9;23;4.73;7;2;5;0;3;0;0;0;0;4;0;0;12;4;2;5;0;0;29;5.96;7;06:40;01:22;01:49;0;0;0;0;0;0;0;0;7;1.43;2;0;0;0;0;0;0;52 minutes;01:31;0;0;0;0;3;0;0;54%
The_Evil_Of_Man;0;0;0;10;4.68;3;0;0;0;0;0;51,970;24,366;24,508;11,594;5,436;3,325;1,013;37;17.34;0;0;0;0;0;4;1.87;2;23;10.78;8;3;0.62;0;0;0;0;0;0;17;7.97;6;3;1.4;2;2;2;0;0;0;0;0;0;3;0;0;1;0;0;1;0;0;7;3.28;3;03:45;01:45;01:43;0;0;0;0;0;0;0;0;6;2.81;2;0;0;0;0;0;0;32 minutes;0;0;0;0;0;0;0;0;20%
TheCycl3Path;3000;0;0;0;0;0;0;0;0;0;0;10,645;33,463;6,646;2,605;8,189.93;2,358;1,003;7;22;0;0;0;0;0;2;6.28;2;5;15.71;5;5;0.71;0;0;0;0;0;0;3;9.43;3;1;3.14;1;0;0;0;0;0;0;0;0;5;0;0;1;0;0;0;0;0;3;9.43;3;00:30;01:35;00:26;0;0;0;0;0;0;0;0;1;3.14;1;0;0;0;0;0;0;5 minutes;00:48;0;0;0;0;0;0;0;82%
TheRagerGamer;3760;0;0;4;13.42;4;0;0;0;0;0;3,603;12,092;3,603;3,156;10,589.16;3,156;1,317;2;6.71;0;0;0;0;0;0;0;0;7;23.49;7;3;3.5;0;0;0;0;0;0;7;23.49;7;2;6.71;2;0;0;0;0;0;0;0;0;3;0;0;1;1;0;0;0;0;0;0;0;00:19;01:05;00:19;0;0;0;0;0;0;0;0;1;3.35;1;0;0;0;0;0;0;3 minutes;0;0;0;0;0;0;0;0;100%
TimiderMist1496;2712;0;9;77;5.5;10;0;0;0;0;0;306,963;21,926;36,848;123,061;8,790.1;14,627;5,111;157;11.21;0;0;0;0;0;69;4.92;10;317;22.64;41;20;2.01;0;0;0;0;6;2;175;12.5;30;109;7.78;17;8;14;0;6;0;0;0;0;20;0;0;36;7;14;15;4;4;160;11.42;22;31:37;02:15;04:16;0;0;0;0;0;0;0;0;24;1.71;5;0;0;0;0;0;0;2 hours;57:33;0;0;0;0;4;0;0;42%
timohilde86;3478;0;15;132;1.96;5;0;0;0;0;0;944,988;14,081;47,404;405,016;6,035.07;14,595;5,248;317;4.72;0;0;0;0;0;169;2.51;7;956;14.24;37;16;3.01;0;0;0;0;11;5;436;6.49;19;281;4.18;14;6;67;2;59;0;0;0;0;16;0;0;87;28;30;28;5;18;378;5.63;21;01:51:33;01:39;03:58;0;0;0;0;0;0;0;0;30;0.44;2;0;0;0;0;0;0;10 hours;43:26;0;0;0;0;16;0;0;87%
tinysparkles;3406;0;6;55;3.64;6;0;0;0;0;0;224,084;14,864;25,544;152,506;10,116.01;15,626;6,746;136;9.02;0;0;0;0;0;79;5.24;16;374;24.8;49;18;2.75;0;0;0;0;6;5;206;13.66;29;101;6.69;12;4;15;0;12;0;0;0;0;18;0;0;42;19;9;14;4;8;129;8.55;25;22:11;01:28;02:57;0;0;0;0;0;0;0;0;32;2.12;7;0;0;0;1;0;0;2 hours;32:16;0;0;0;0;15;0;0;76%
tomidaiki;2827;0;104;574;3.35;11;0;0;0;0;0;4,830,741;28,196;54,885;1,603,392;9,358.6;21,661;6,443;1,554;9.07;0;0;0;0;0;770;4.49;12;3,115;18.18;44;17;2;0;0;0;0;37;14;1,579;9.21;21;1,084;6.32;16;66;171;9;97;0;0;0;0;17;0;0;317;118;109;91;6;68;1,341;7.82;29;05:59:56;02:06;06:18;0;0;0;0;0;0;0;0;149;0.86;5;0;0;0;1;0;0;36 hours;04:16:24;0;0;0;0;15;0;0;56%
TROLL_TATOE123;2891;0;7;89;4.2;11;0;0;0;0;0;439,386;20,766;40,726;156,813;7,411.28;13,231;5,070;203;9.59;0;0;0;0;0;79;3.73;8;403;19.04;42;15;1.98;0;0;0;0;9;3;222;10.49;26;187;8.83;17;7;21;0;14;0;0;0;0;15;0;0;36;15;9;13;4;5;171;8.08;18;49:23;02:20;04:06;0;0;0;0;0;0;0;0;43;2.03;7;0;0;0;0;0;0;4 hours;38:58;0;0;0;0;2;0;0;68%
Ultimate-X23;0;0;51;255;2.9;8;0;0;0;0;0;1,830,397;20,841;41,449;627,534;7,145.25;22,238;6,752;1;61.08;0;0;0;0;0;279;3.17;10;1,305;14.85;43;13;1.19;0;0;0;0;30;9;692;7.87;20;468;5.32;20;0;0;3;43;0;0;0;0;13;0;0;0;52;40;0;4;14;578;6.58;24;02:47:12;01:54;03:53;0;0;0;0;0;0;0;0;117;1.33;8;0;0;0;1;0;0;21.93120400235057 seconds;54:41;0;0;0;0;21;0;0;48%
VayneHelsing;2898;0;0;0;0;0;0;0;0;0;0;6,613;17,970;3,705;140;380.09;140;120;5;13.58;0;0;0;0;0;0;0;0;1;2.71;1;1;0.2;0;0;0;0;0;0;1;2.71;1;0;0;0;0;0;0;0;0;0;0;0;1;0;0;1;0;0;0;0;0;1;2.71;1;00:14;00:40;00:14;0;0;0;0;0;0;0;0;0;0;0;0;0;0;0;0;0;3 minutes;0;0;0;0;0;0;0;0;25%
Vince-F95Gunners;3369;0;9;72;5.12;12;0;0;0;0;0;338,495;24,084;31,175;176,052;12,525.97;17,706;5,939;152;10.81;0;0;0;0;0;66;4.69;11;329;23.4;37;13;2.16;0;0;0;0;4;4;171;12.16;20;124;8.82;15;5;14;2;7;0;0;0;0;13;0;0;40;17;8;15;4;5;135;9.6;16;28:17;02:00;03:37;0;0;0;0;0;0;0;0;30;2.13;5;0;0;0;0;0;0;3 hours;19:11;0;0;0;0;0;0;0;48%
VoSnYb;3961;0;0;3;5.58;2;0;0;0;0;0;10,678;19,896;6,883;7,525;14,021.87;5,195;2,600;6;11.17;0;0;0;0;0;2;3.72;1;8;14.9;5;3;1.33;0;0;0;0;0;0;4;7.45;3;6;11.17;3;0;1;0;1;0;0;0;0;3;0;0;2;1;1;0;0;0;1;1.86;1;00:13;00:24;00:10;0;0;0;0;0;0;0;0;0;0;0;0;0;0;0;0;0;6 minutes;0;0;0;0;0;0;0;0;100%
vReveelz;3589;0;2;11;3.13;4;0;0;0;0;0;69,960;19,927;25,945;24,520;6,984.23;9,492;2,826;26;7.4;0;0;0;0;0;13;3.7;4;49;13.95;18;7;1.88;0;0;0;0;1;1;19;5.41;8;9;2.56;4;1;4;0;3;0;0;0;0;7;0;0;5;1;2;2;3;2;14;3.98;6;05:09;01:28;02:10;0;0;0;0;0;0;0;0;3;0.85;1;0;0;0;0;0;0;40 minutes;03:18;0;0;0;0;0;0;0;71%
Waltnators;2051;0;2;15;2.18;4;0;0;0;0;0;104,525;15,210;18,795;30,692;4,466.3;5,935;1,911;64;9.31;0;0;0;0;0;17;2.47;6;68;9.89;18;10;1.06;0;0;0;0;0;0;40;5.82;10;26;3.78;10;4;7;0;3;0;0;0;0;10;0;0;9;3;1;6;3;1;31;4.51;7;10:00;01:27;03:17;0;0;0;0;0;0;0;0;5;0.72;2;0;0;0;0;0;0;1 hour;03:20;0;0;0;0;0;0;0;43%
Wan-0-War;4202;0;0;9;6.02;7;0;0;0;0;0;32,062;21,477;26,274;14,504;9,715.57;11,099;2,194;13;8.7;0;0;0;0;0;7;4.68;4;29;19.42;21;7;2.23;0;0;0;0;0;0;14;9.37;11;6;4.01;3;0;1;0;1;0;0;0;0;7;0;0;3;1;2;0;3;1;13;8.7;8;02:21;01:34;02:02;0;0;0;0;0;0;0;0;0;0;0;0;0;0;0;0;0;18 minutes;02:26;0;0;0;0;0;0;0;100%
wannchan_1208;3680;0;25;237;3.41;8;0;0;0;0;0;1,449,147;20,891;47,738;720,575;10,387.61;22,265;8,379;458;6.6;0;0;0;0;0;362;5.21;13;1,384;19.95;38;20;3.02;0;0;0;0;9;9;613;8.83;17;515;7.42;16;18;69;3;49;0;0;0;0;20;0;0;129;57;32;41;6;45;516;7.43;18;01:49:14;01:34;03:59;0;0;0;0;0;0;0;0;49;0.7;4;0;0;0;0;0;0;13 hours;01:15:27;0;0;0;0;3;0;0;70%
whangno_4-bit;0;0;1;0;0;0;0;0;0;0;0;15,726;15,726;15,726;1,645;1,645.27;1,645;875;2;2;0;0;0;0;0;2;2;2;8;8;8;5;4;0;0;0;0;0;0;2;2;2;3;3;3;0;1;0;1;0;0;0;0;5;0;0;1;0;0;1;0;0;1;1;1;00:27;00:27;00:27;0;0;0;0;0;0;0;0;1;1;1;0;0;0;0;0;0;6 minutes;0;0;0;0;0;0;0;0;100%
WhiteRangerOwnz;2633;0;3;45;2.41;4;0;0;0;0;0;353,860;18,963;26,571;158,234;8,479.44;12,307;4,327;195;10.44;0;0;0;0;0;66;3.53;8;323;17.3;32;12;1.65;0;0;0;0;9;3;161;8.62;18;81;4.34;11;6;19;0;12;0;0;0;0;12;0;0;26;11;6;8;4;7;122;6.53;14;28:49;01:32;02:30;0;0;0;0;0;0;0;0;17;0.91;2;0;0;0;0;0;0;3 hours;08:50;0;0;0;0;0;0;0;64%
WhiteyBulger;2765;0;0;2;4.66;2;0;0;0;0;0;7,274;16,984;7,274;3,059;7,141.68;3,059;1,192;7;16.34;0;0;0;0;0;3;7;3;8;18.67;8;4;1.14;0;0;0;0;0;1;6;14;6;3;7;3;0;0;0;0;0;0;0;0;4;0;0;2;1;1;0;0;0;0;0;0;00:14;00:32;00:14;0;0;0;0;0;0;0;0;2;4.66;2;0;0;0;0;0;0;5 minutes;00:34;0;0;0;0;0;0;0;0
WidestLowen;0;0;0;5;4.26;3;0;0;0;0;0;20,098;17,158;10,572;19,136;16,336.5;13,526;3,679;15;12.8;0;0;0;0;0;4;3.41;2;29;24.75;19;5;1.93;0;0;0;0;0;0;14;11.95;10;11;9.39;6;0;1;0;1;0;0;0;0;5;0;0;1;0;0;1;0;0;9;7.68;8;01:41;01:26;01:13;0;0;0;0;0;0;0;0;2;1.7;1;0;0;0;0;0;0;20 minutes;00:23;0;0;0;0;0;0;0;100%
wiktorjor2001;2881;0;0;1;2.27;1;0;0;0;0;0;2,188;4,982;2,188;1,828;4,162.26;1,828;995;5;11.38;0;0;0;0;0;0;0;0;2;4.55;2;1;0.4;0;0;0;0;0;0;1;2.27;1;1;2.27;1;0;0;0;0;0;0;0;0;1;0;0;1;0;0;1;0;0;1;2.27;1;00:51;01:57;00:51;0;0;0;0;0;0;0;0;0;0;0;0;0;0;0;0;0;3 minutes;0;0;0;0;0;0;0;0;0
x_CyberHunter_x;3500;0;0;1;1.87;1;0;0;0;0;0;9,726;18,233;9,726;2,245;4,208.23;2,245;895;8;14.99;0;0;0;0;0;0;0;0;3;5.62;3;1;0.37;0;0;0;0;1;0;2;3.74;2;2;3.74;2;1;1;0;0;0;0;0;0;1;0;0;1;1;1;0;0;0;2;3.74;2;01:47;03:22;01:47;0;0;0;0;0;0;0;0;0;0;0;0;0;0;0;0;0;6 minutes;0;0;0;0;0;0;0;0;0
xbLeU;4329;0;4;13;2.06;4;0;0;0;0;0;132,283;20,967;27,127;85,789;13,597.62;12,296;3,478;70;11.09;0;0;0;0;0;29;4.59;7;111;17.59;23;7;1.58;0;0;0;0;1;1;52;8.24;11;51;8.08;13;3;6;0;3;0;0;0;0;7;0;0;14;6;3;5;3;3;42;6.65;10;08:41;01:22;02:19;0;0;0;0;0;0;0;0;6;0.95;2;0;0;0;0;0;0;1 hour;04:58;0;0;0;0;0;0;0;52%
XCloud-4tlasX;2292;0;0;0;0;0;0;0;0;0;0;5,577;13,072;2,453;3,708;8,690.95;1,715;995;7;16.4;0;0;0;0;0;0;0;0;1;2.34;1;1;0.14;0;0;0;0;1;0;1;2.34;1;1;2.34;1;0;0;0;0;0;0;0;0;1;0;0;1;0;1;0;0;0;1;2.34;1;00:22;00:53;00:09;0;0;0;0;0;0;0;0;0;0;0;0;0;0;0;0;0;5 minutes;0;0;0;0;0;0;0;0;0
XDaRkFlMeMaSteX;3033;0;0;10;3.74;4;0;0;0;0;0;52,479;19,675;13,548;27,218;10,204.11;9,541;4,089;42;15.74;0;0;0;0;0;8;2.99;3;37;13.87;11;7;0.88;0;0;0;0;4;2;20;7.49;8;15;5.62;5;2;3;0;1;0;0;0;0;7;0;0;6;3;3;0;0;0;12;4.49;4;04:07;01:32;02:04;0;0;0;0;0;0;0;0;3;1.12;2;0;0;0;0;0;0;36 minutes;00:40;0;0;0;0;0;0;0;35%
xEvery_;3596;0;0;6;10.42;6;0;0;0;0;0;35,644;61,923;35,644;13,514;23,477.8;13,514;2,466;11;19.1;0;0;0;0;0;9;15.63;9;30;52.11;30;5;2.72;0;0;0;0;1;1;12;20.84;12;9;15.63;9;1;1;0;0;0;0;0;0;5;0;0;2;1;1;1;4;1;13;22.58;13;00:47;01:22;00:47;0;0;0;0;0;0;0;0;0;0;0;0;0;0;0;0;0;13 minutes;02:38;0;0;0;0;0;0;0;0
xGrommash;0;0;0;5;4.99;5;0;0;0;0;0;17,856;17,856;17,856;12,169;12,168.5;12,169;2,716;8;7.99;0;0;0;0;0;3;2.99;3;27;26.99;27;9;3.37;0;0;0;0;0;0;11;10.99;11;11;10.99;11;1;1;0;1;0;0;0;0;9;0;0;1;0;1;0;0;0;11;10.99;11;02:46;02:46;02:46;0;0;0;0;0;0;0;0;1;0.99;1;0;0;0;0;0;0;15 minutes;00:45;0;0;0;0;0;0;0;100%
xI_Ace_Ix;4158;0;3;64;3.03;6;0;0;0;0;0;311,045;14,748;22,060;184,152;8,731.34;16,842;4,526;164;7.77;0;0;0;0;0;63;2.98;6;362;17.16;36;12;2.2;0;0;0;0;2;3;173;8.2;17;114;5.4;12;5;21;0;16;0;0;0;0;12;0;0;48;21;14;13;4;10;153;7.25;20;38:31;01:49;03:46;0;0;0;0;0;0;0;0;20;0.94;3;0;0;0;0;0;0;4 hours;10:15;0;0;0;0;4;0;0;77%
XIII_JAPA------N;0;0;1;6;3;5;0;0;0;0;0;36,739;18,369;24,540;18,561;9,280.46;14,692;3,869;11;5.5;0;0;0;0;0;8;4;7;30;15;20;10;2.72;0;0;0;0;0;0;12;6;8;11;5.5;6;2;2;0;0;0;0;0;0;10;0;0;4;2;1;1;0;0;14;7;8;03:34;01:47;02:13;0;0;0;0;0;0;0;0;2;1;1;0;0;0;0;0;0;20 minutes;05:54;0;0;0;0;0;0;0;0
xShadow-DeWolfx;2748;0;15;70;2.69;9;0;0;0;0;0;495,539;19,083;34,709;238,991;9,203.42;16,455;4,449;261;10.05;0;0;0;0;0;102;3.92;7;504;19.4;31;10;1.93;0;0;0;0;5;0;266;10.24;20;198;7.62;21;10;26;1;15;0;0;0;0;10;0;0;60;23;23;15;3;3;234;9.01;18;47:59;01:50;04:04;0;0;0;0;0;0;0;0;59;2.27;6;0;0;0;0;0;0;5 hours;43:42;0;0;0;0;24;0;0;59%
XTheFunPolice;3609;0;0;4;6.75;4;0;0;0;0;0;21,438;36,193;14,486;6,497;10,968.61;4,802;2,947;5;8.44;0;0;0;0;0;4;6.75;4;11;18.57;11;7;2.2;0;0;0;0;0;0;5;8.44;5;4;6.75;4;0;1;0;0;0;0;0;0;7;0;0;2;1;1;1;0;0;8;13.5;8;00:29;00:50;00:28;0;0;0;0;0;0;0;0;0;0;0;0;0;0;0;0;0;8 minutes;00:49;0;0;0;0;0;0;0;46%
xtrickharder_esp;4148;0;0;0;0;0;0;0;0;0;0;3,636;6,183;3,224;1,262;2,146.82;872;350;3;5.1;0;0;0;0;0;0;0;0;3;5.1;2;2;1;0;0;0;0;1;0;1;1.7;1;1;1.7;1;0;1;0;1;0;0;0;0;2;0;0;1;1;0;0;0;0;1;1.7;1;00:29;00:49;00:24;0;0;0;0;0;0;0;0;1;1.7;1;0;0;0;0;0;0;3 minutes;0;0;0;0;0;0;0;0;100%
YoungShimada;3380;0;2;21;2.41;4;0;0;0;0;0;151,365;17,411;22,661;98,166;11,291.7;12,404;4,439;109;12.53;0;0;0;0;0;41;4.71;11;197;22.66;42;11;1.8;0;0;0;0;2;2;93;10.69;14;46;5.29;9;4;9;0;4;0;0;0;0;11;0;0;24;10;8;6;3;1;78;8.97;21;15:12;01:44;02:54;0;0;0;0;0;0;0;0;11;1.26;3;0;0;0;0;0;0;1 hour;20:10;0;0;0;0;5;0;0;49%
yui_ui_1989;2504;0;2;10;2.27;3;0;0;0;0;0;82,763;18,859;26,050;30,230;6,888.5;7,554;3,148;39;8.88;0;0;0;0;0;9;2.05;2;45;10.25;10;6;1.15;0;0;0;0;0;0;24;5.46;5;16;3.64;4;2;4;0;3;0;0;0;0;6;0;0;6;1;1;4;0;0;12;2.73;4;06:01;01:22;02:03;0;0;0;0;0;0;0;0;2;0.45;1;0;0;0;0;0;0;45 minutes;0;0;0;0;0;0;0;0;57%
YUKARI_NISAN;2471;0;0;1;2.98;1;0;0;0;0;0;1,014;3,027;559;848;2,532.64;773;773;2;5.97;0;0;0;0;0;0;0;0;2;5.97;1;1;1;0;0;0;0;0;0;1;2.98;1;0;0;0;0;0;0;0;0;0;0;0;1;0;0;1;1;0;0;0;0;1;2.98;1;00:18;00:53;00:14;0;0;0;0;0;0;0;0;0;0;0;0;0;0;0;0;0;3 minutes;0;0;0;0;0;0;0;0;0
Zcity9;2900;0;3;11;1.87;2;0;0;0;0;0;115,829;19,780;26,663;38,315;6,543.12;8,428;3,730;57;9.73;0;0;0;0;0;11;1.87;3;86;14.68;25;11;1.5;0;0;0;0;3;0;53;9.05;12;31;5.29;10;3;6;0;3;0;0;0;0;11;0;0;14;7;2;4;3;1;31;5.29;9;08:29;01:26;02:50;0;0;0;0;0;0;0;0;6;1.02;2;0;0;0;0;0;0;1 hour;02:44;0;0;0;0;1;0;0;42%
ZeeTee_;4140;0;0;6;2.68;3;0;0;0;0;0;48,038;21,524;18,953;22,761;10,198.29;9,331;3,559;17;7.61;0;0;0;0;0;10;4.48;5;38;17.02;16;6;2.23;0;0;0;0;0;0;18;8.06;6;12;5.37;5;1;2;0;2;0;0;0;0;6;0;0;3;1;1;1;0;0;15;6.72;7;01:19;00:35;00:34;0;0;0;0;0;0;0;0;1;0.44;1;0;0;0;0;0;0;24 minutes;00:36;0;0;0;0;0;0;0;74%
zmkrzmnbhr;2144;0;1;1;1.07;1;0;0;0;0;0;23,062;24,725;15,575;4,863;5,213.55;2,713;1,419;9;9.64;0;0;0;0;0;1;1.07;1;8;8.57;4;3;0.88;0;0;0;0;0;0;4;4.28;3;4;4.28;4;1;1;0;0;0;0;0;0;3;0;0;1;1;0;1;0;0;3;3.21;2;00:52;00:56;00:35;0;0;0;0;0;0;0;0;0;0;0;0;0;0;0;0;0;10 minutes;0;0;0;0;0;0;0;0;37%
zwordz;4050;0;0;0;0;0;0;0;0;0;0;3,103;36,661;3,103;268;3,160.21;268;268;1;11.81;0;0;0;0;0;0;0;0;0;0;0;0;0;0;0;0;0;0;0;0;0;0;0;0;0;0;0;0;0;0;0;0;0;0;0;0;0;0;0;0;0;0;0;0;0;00:04;00:55;00:04;0;0;0;0;0;0;0;0;0;0;0;0;0;0;0;0;0;46.234522046521306 seconds;0;0;0;0;0;0;0;0;0
