abra84kadabra;2388;2;4%;89;6;4;0;242,112;8,610.23;14,042;8,362;208;7.39;78;2.77;7;423;15.04;32;13;2.03;0;4;0;249;8.85;20;12;28;2;14;0;0;0;0;13;0;0;47;16;13;19;3;0.1;1;0;0;4;2;141;5.01;15;04:56;00:10;00:32;0;12;112;3.98;7;0;0;10,849;2,006;71;2.52;5;0;0;0;5 hours;02:56;0;0;7;18%;27%;48%
AllStatsDown;4102;0;5%;33;14;4;0.01;63,025;18,868.45;23,327;5,025;37;11.07;27;8.08;11;119;35.62;48;12;3.21;0;1;0;81;24.24;33;2;3;1;1;0;0;0;0;12;0;0;8;3;3;2;0;0;0;0;0;5;5;37;11.07;20;03:27;01:02;01:39;0;10;29;8.68;9;0;0;1,803;565;26;7.78;13;0;0;0;51 minutes;14:27;0;0;2;31%;40%;19%
angels_fan_44;0;0;5%;8;3;2;0;17,189;11,401.72;8,207;1,949;18;11.93;9;5.96;4;33;21.88;17;6;1.83;0;0;0;27;17.9;14;1;2;0;0;0;0;0;0;6;0;0;5;0;3;2;0;0;0;0;0;0;0;13;8.62;8;00:22;00:14;00:12;0;1;12;7.95;9;0;0;407;155;12;7.95;5;0;0;0;17 minutes;02:41;0;0;0;38%;35%;26%
Arash1994;3986;0;7%;5;3;2;0;8,644;6,369.7;4,195;3,210;6;4.42;3;2.21;3;26;19.15;16;14;4.33;0;0;0;19;14;12;0;1;0;1;0;0;0;0;14;0;0;2;0;1;1;0;0;0;0;0;0;0;12;8.84;7;00:08;00:06;00:05;3;4;5;3.68;3;0;0;326;71;2;1.47;2;0;0;0;9 minutes;02:57;0;0;1;21%;23%;100%
ATLXyphes;3256;0;0;0;0;0;0;6,602;9,344.38;6,602;2,370;7;9.9;1;1.41;1;15;21.23;15;7;2.14;0;0;0;7;9.9;7;0;1;0;1;0;0;0;0;7;0;0;3;1;0;2;0;0;0;0;0;0;0;7;9.9;7;00:21;00:30;00:21;0;7;5;7.07;5;0;0;236;60;1;1.41;1;0;0;0;8 minutes;01:35;0;0;0;25%;0;100%
AutoBots_Kick_A;2901;3;5%;63;11;4;0;126,106;12,166.8;17,085;4,630;70;6.75;35;3.37;10;230;22.19;33;11;3.28;0;2;0;150;14.47;20;6;10;0;5;0;0;0;0;11;0;0;26;8;10;8;0;0;0;0;0;4;2;88;8.49;15;03:28;00:20;00:52;0;8;96;9.26;12;0;0;4,406;1,092;51;4.92;10;0;0;0;2 hours;12:39;0;0;9;24%;35%;43%
battle_snakes;2838;10;8%;374;25;6;0.01;475,256;13,447.02;22,549;6,911;568;16.07;159;4.49;13;954;26.99;58;16;1.67;0;5;0;649;18.36;39;15;35;3;17;0;0;0;0;16;0;0;100;26;36;38;0;0;0;0;0;4;6;503;14.23;39;54:57;01:33;03:28;0;18;318;8.99;21;0;0;14,994;4,624;207;5.85;15;0;0;0;8 hours;01:36:26;0;0;10;30%;37%;48%
BEBOFLOW-PR;3689;0;6%;23;9;3;0.01;39,079;18,305.6;15,915;3,760;26;12.17;8;3.74;4;58;27.16;22;9;2.23;0;2;0;27;12.64;13;2;2;0;1;0;0;0;0;9;0;0;7;3;2;1;0;0;0;0;0;3;2;17;7.96;5;00:46;00:21;00:20;0;5;22;10.3;8;0;0;1,379;363;6;2.81;4;0;0;0;32 minutes;03:08;0;0;0;26%;32%;27%
BEN-B-en;0;2;2%;18;4;3;0;88,070;11,277.59;11,199;5,377;84;10.75;32;4.09;6;150;19.2;28;14;1.78;0;1;0;95;12.16;21;5;8;0;3;0;0;0;0;14;0;0;23;8;9;6;1;0.12;1;0;0;3;3;58;7.42;10;07:13;00:55;01:31;0;13;58;7.42;10;0;0;3,261;647;26;3.32;7;0;0;0;1 hour;03:56;0;0;3;19%;35%;35%
blueschopper0628;1959;12;3%;459;15;4;0;1,407,263;8,867.59;17,384;6,405;2,061;12.98;582;3.66;16;3,064;19.3;48;16;1.48;0;17;0;1,984;12.5;30;78;159;9;72;0;0;0;0;16;0;0;334;115;99;119;0;0;0;0;0;5;26;1,363;8.58;31;02:07:33;00:48;03:37;0;16;888;5.59;13;0;0;50,259;12,840;575;3.62;8;6;0;0;33 hours;02:01:46;0;0;80;25%;46%;45%
boneh;3996;0;3%;5;4;2;0;11,842;6,762.64;9,498;2,809;6;3.42;3;1.71;2;33;18.84;22;11;5.5;0;0;0;16;9.13;9;0;2;0;2;0;0;0;0;11;0;0;2;1;2;0;0;0;0;0;0;0;0;9;5.13;8;01:17;00:44;01:17;0;7;17;9.7;10;0;0;420;126;4;2.28;3;0;0;0;12 minutes;01:27;0;0;0;30%;33%;100%
BunnyFuufu;4078;0;6%;11;6;3;0;20,059;11,350.57;12,169;2,927;13;7.35;4;2.26;3;46;26.02;30;8;3.53;0;0;0;23;13.01;12;1;2;0;1;0;0;0;0;8;0;0;5;3;2;0;0;0;0;0;0;0;0;6;3.39;5;00:43;00:24;00:26;2;10;8;4.52;5;0;0;880;167;5;2.82;4;0;0;0;23 minutes;00:27;0;0;0;18%;16%;65%
buraki35;4286;0;2%;2;2;1;0;7,675;13,126.22;7,675;3,449;4;6.84;1;1.71;1;15;25.65;15;11;3.75;0;0;0;12;20.52;12;0;1;0;1;0;0;0;0;11;0;0;1;0;1;0;0;0;0;0;0;0;0;3;5.13;3;00:08;00:14;00:08;0;5;7;11.97;7;0;0;258;70;3;5.13;3;0;0;0;5 minutes;0;0;0;0;27%;0;100%
CrispeChris;3343;1;6%;30;8;5;0.01;51,026;11,146.08;19,058;7,685;24;5.24;25;5.46;8;105;22.93;20;11;4.37;0;0;0;55;12.01;13;0;5;0;5;0;0;0;0;11;0;0;8;4;1;3;1;0.21;1;0;0;3;1;33;7.2;10;03:25;00:44;01:11;0;5;20;4.36;3;0;0;1,225;464;15;3.27;6;0;0;0;41 minutes;06:30;0;0;1;37%;100%;100%
cyber_animaI;4399;1;4%;8;2;2;0;19,366;6,198.22;7,185;4,413;9;2.88;4;1.28;2;51;16.32;15;12;5.66;0;0;0;32;10.24;11;0;3;0;3;0;0;0;0;12;0;0;7;3;2;2;2;0.64;1;0;0;3;1;12;3.84;5;00:34;00:11;00:16;0;6;18;5.76;6;0;0;728;173;7;2.24;4;0;0;0;20 minutes;02:16;0;0;2;23%;32%;93%
diegoperu2021;2470;0;0;0;0;0;0;1,321;6,156.8;1,321;1,166;2;9.31;0;0;0;1;4.65;1;1;0.5;0;0;0;1;4.65;1;0;0;0;0;0;0;0;0;1;0;0;0;0;0;0;0;0;0;0;0;0;0;0;0;0;00:02;00:10;00:02;0;2;0;0;0;0;0;28;12;0;0;0;0;0;0;2 minutes;0;0;0;0;42%;42%;0
DifferentD;3517;9;5%;152;8;4;0;328,454;10,589.51;14,494;6,163;256;8.25;107;3.44;7;638;20.56;29;16;2.49;0;0;0;433;13.96;21;13;31;1;17;0;0;0;0;16;0;0;79;22;31;26;2;0.06;2;0;0;4;4;219;7.06;21;09:25;00:18;02:12;0;12;227;7.31;11;0;0;10,953;2,843;160;5.15;10;0;0;0;5 hours;38:24;0;0;4;25%;43%;54%
Divinity-X-;4116;1;3%;27;5;5;0;77,828;11,364.37;11,315;7,313;49;7.15;21;3.06;5;129;18.83;31;12;2.63;0;0;0;90;13.14;21;3;7;0;4;0;0;0;0;12;0;0;16;3;6;7;1;0.14;1;0;0;3;1;28;4.08;9;02:54;00:25;00:46;0;8;45;6.57;8;0;0;2,715;698;21;3.06;5;0;0;0;1 hour;07:28;0;0;4;25%;35%;62%
DramaticMango;2345;0;4%;3;2;2;0;9,207;11,115.77;4,096;2,763;5;6.03;7;8.45;6;21;25.35;13;7;4.2;0;0;0;18;21.73;11;1;1;0;0;0;0;0;0;7;0;0;3;0;1;1;0;0;0;0;0;5;1;4;4.82;3;00:02;00:02;00:02;0;7;8;9.65;6;0;0;261;61;9;10.86;7;0;0;0;8 minutes;01:53;0;0;0;23%;28%;19%
ecotaku;2368;0;3%;13;3;3;0;46,187;7,170.59;8,750;4,075;33;5.12;12;1.86;5;66;10.24;12;8;2;0;0;0;42;6.52;7;6;6;0;0;0;0;0;0;8;0;0;8;3;2;4;0;0;0;0;0;3;1;16;2.48;6;01:41;00:15;00:53;0;7;23;3.57;4;0;0;1,871;411;11;1.7;2;0;0;0;51 minutes;00:32;0;0;0;21%;36%;0
Erenksk9;4169;0;11%;6;3;3;0.01;9,134;10,266.07;3,757;2,473;9;10.11;2;2.24;1;18;20.23;10;6;2;0;0;0;11;12.36;5;0;1;0;1;0;0;0;0;6;0;0;3;1;1;1;0;0;0;0;0;0;0;6;6.74;3;00:26;00:29;00:18;0;4;3;3.37;3;0;0;351;52;3;3.37;2;0;0;0;9 minutes;00:20;0;0;0;14%;19%;90%
Evilduck1903;2386;1;10%;12;11;5;0.01;13,412;10,201.25;10,702;5,617;4;3.04;4;3.04;4;30;22.81;27;15;7.5;0;0;0;17;12.93;15;0;1;0;1;0;0;0;0;15;0;0;3;0;1;2;0;0;0;0;0;0;0;9;6.84;9;00:25;00:19;00:25;0;8;6;4.56;4;0;0;342;118;4;3.04;4;0;0;0;11 minutes;04:34;0;0;0;34%;32%;100%
flyinganimal;4142;0;1%;1;1;1;0;9,214;12,881.43;3,206;3,131;6;8.38;1;1.39;1;9;12.58;4;3;1.5;0;0;0;8;11.18;3;1;1;0;0;0;0;0;0;3;0;0;1;0;1;0;0;0;0;0;0;0;0;5;6.99;3;00:41;00:57;00:37;0;2;2;2.79;1;0;0;225;66;3;4.19;1;0;0;0;8 minutes;00:35;0;0;0;29%;26%;11%
forrestsmith2;3084;0;1%;1;1;1;0;10,177;11,651.99;4,596;3,117;10;11.44;2;2.28;2;17;19.46;8;5;1.7;0;0;0;9;10.3;4;0;1;0;1;0;0;0;0;5;0;0;2;1;0;0;0;0;0;0;0;0;0;5;5.72;4;00:13;00:15;00:13;0;1;10;11.44;4;0;0;321;94;4;4.57;2;0;0;0;10 minutes;0;0;0;0;29%;29%;88%
games3_112;2604;1;6%;11;9;4;0;18,347;10,261.68;11,348;5,825;3;1.67;4;2.23;4;35;19.57;25;11;11.66;0;0;0;22;12.3;16;1;2;0;1;0;0;0;0;11;0;0;1;1;0;1;0;0;0;0;0;0;0;12;6.71;10;00:13;00:07;00:09;0;3;3;1.67;1;0;0;587;174;4;2.23;3;0;0;0;20 minutes;00:15;0;0;0;29%;39%;62%
GodzillavsMuto;2555;0;7%;4;3;3;0;5,749;9,188.5;3,451;2,274;3;4.79;1;1.59;1;12;19.17;7;4;4;0;0;0;7;11.18;4;1;1;0;0;0;0;0;0;4;0;0;1;0;0;1;0;0;0;0;0;0;0;0;0;0;0;0;0;0;2;6;9.58;4;0;0;240;54;3;4.79;2;0;0;0;7 minutes;0;0;0;0;22%;14%;0
GoMu___;4214;1;5%;29;9;5;0;53,331;9,278.77;19,849;3,846;48;8.35;17;2.95;6;112;19.48;45;11;2.33;0;1;0;77;13.39;27;3;6;0;2;0;0;0;0;11;0;0;19;3;11;5;0;0;0;0;0;3;1;31;5.39;22;00:56;00:09;00:42;0;21;40;6.95;14;0;0;1,563;489;30;5.21;13;0;0;0;1 hour;09:22;0;0;0;31%;41%;41%
GuardiaoDaGalaxy;3630;0;8%;10;5;5;0.01;13,513;8,147.75;5,231;3,873;7;4.22;6;3.61;4;38;22.91;13;11;5.42;0;0;0;23;13.86;8;0;2;0;2;0;0;0;0;11;0;0;3;1;0;2;0;0;0;0;0;0;0;17;10.25;7;00:10;00:06;00:05;0;5;17;10.25;6;0;0;538;121;9;5.42;4;0;0;0;14 minutes;01:19;0;0;2;22%;25%;100%
happymikkilly;2688;10;16%;10;10;5;0.02;3,976;6,796.2;3,976;1,209;5;8.54;44;3.85;8;10;17.09;10;5;2;0;0;0;6;10.25;6;1;1;0;6;0;0;0;0;5;0;0;2;1;1;1;2;0.17;2;0;0;4;3;4;6.83;4;00:15;00:27;00:15;0;15;119;10.42;19;0;0;183;60;2;3.41;2;0;0;0;5 minutes;00:20;0;0;16;32%;34%;52%
hourai127;2224;0;2%;3;1;1;0;14,164;4,841.84;4,621;3,220;7;2.39;2;0.68;2;21;7.17;12;8;3;0;0;0;14;4.78;8;3;3;0;0;0;0;0;0;8;0;0;2;1;1;0;0;0;0;0;0;0;0;2;0.68;1;0;0;0;0;0;1;0.34;1;0;0;333;114;5;1.7;3;0;0;0;19 minutes;0;0;0;0;34%;57%;0
iekgaa___;4002;1;8%;17;8;8;0.02;20,963;10,759.2;7,664;4,208;3;1.53;6;3.07;4;62;31.82;27;18;20.66;0;0;0;44;22.58;22;0;0;0;0;0;0;0;0;18;0;0;0;0;0;0;1;0.51;1;0;0;0;0;17;8.72;6;01:31;00:46;00:52;0;7;27;13.85;11;0;0;637;203;11;5.64;4;0;0;0;--;06:19;0;0;2;31%;36%;100%
jordkin;0;0;5%;2;2;1;0;3,894;6,621.11;3,012;2,119;6;10.2;1;1.7;1;9;15.3;8;6;1.5;0;0;0;6;10.2;5;1;1;0;0;0;0;0;0;6;0;0;1;1;0;0;0;0;0;0;0;0;0;3;5.1;3;00:04;00:07;00:04;0;3;2;3.4;1;0;0;183;39;2;3.4;2;0;0;0;5 minutes;0;0;0;0;21%;21%;0
katsuya3;2206;2;3%;23;5;3;0;74,564;11,945.47;13,509;5,632;56;8.97;24;3.84;6;108;17.3;28;11;1.92;0;0;0;74;11.85;21;3;6;0;3;0;0;0;0;11;0;0;16;4;3;9;0;0;0;0;0;3;1;51;8.17;13;05:42;00:54;01:47;0;5;19;3.04;5;0;0;1,775;597;24;3.84;9;0;0;0;1 hour;05:52;0;0;5;33%;100%;54%
Kiba_Zack;3172;0;0;0;0;0;0;3,830;13,736.17;2,186;2,186;2;7.17;0;0;0;2;7.17;2;2;1;0;0;0;0;0;0;0;0;0;0;0;0;0;0;2;0;0;1;1;0;0;0;0;0;0;0;0;0;1;3.58;1;00:08;00:29;00:08;0;1;0;0;0;0;0;138;33;0;0;0;0;0;0;3 minutes;0;0;0;0;23%;0;0
koba-ya;1337;0;2%;10;7;4;0;49,989;7,127.33;13,205;6,059;13;1.85;19;2.7;6;78;11.12;33;15;6;0;1;0;57;8.12;22;7;7;0;0;0;0;0;0;15;0;0;10;5;2;4;0;0;0;0;0;0;0;22;3.13;8;00:00;00:00;00:00;0;4;13;1.85;6;0;0;1,632;386;23;3.27;6;0;0;0;1 hour;01:02;0;0;3;23%;33%;3%
kon5-TDRoki;2084;0;0;0;0;0;0;421;3,406.58;421;421;2;16.18;0;0;0;0;0;0;0;0;0;2;0;0;0;0;0;0;0;0;0;0;0;0;0;0;0;0;0;0;0;0;0;0;0;0;0;0;0;0;0;0;0;0;0;1;0;0;0;0;0;19;4;0;0;0;0;0;0;1 minute;0;0;0;0;21%;21%;0
kris1974;4164;0;6%;9;3;3;0;14,308;7,362.33;4,097;3,282;13;6.68;5;2.57;2;33;16.97;9;5;2.53;0;0;0;19;9.77;7;0;2;0;2;0;0;0;0;5;0;0;6;2;1;2;0;0;0;0;0;0;0;6;3.08;3;00:20;00:10;00:09;0;3;8;4.11;3;0;0;619;136;5;2.57;3;0;0;0;18 minutes;01:00;0;0;1;21%;36%;100%
Lara4133;2647;0;8%;2;2;1;0;2,838;9,188.52;2,838;2,558;2;6.47;0;0;0;3;9.71;3;3;1.5;0;0;0;1;3.23;1;0;0;0;0;0;0;0;0;3;0;0;1;0;1;1;0;0;0;0;0;0;0;1;3.23;1;00:03;00:12;00:03;0;1;2;6.47;2;0;0;143;25;0;0;0;0;0;0;3 minutes;0;0;0;0;17%;0;100%
LEATONER;2534;0;0;0;0;0;0;4,954;13,406.35;4,954;3,330;5;13.53;2;5.41;2;5;13.53;5;3;1;0;0;0;2;5.41;2;0;0;0;0;0;0;0;0;3;0;0;0;0;0;0;0;0;0;0;0;0;0;1;2.7;1;00:34;01:33;00:32;0;5;0;0;0;0;0;114;42;0;0;0;0;0;0;4 minutes;0;0;0;0;36%;0;100%
l-Twisted_Fate-l;4013;0;8%;22;15;3;0.01;31,724;20,274.5;19,215;3,062;23;14.69;14;8.94;12;62;39.62;42;8;2.69;0;0;0;37;23.64;24;1;2;0;1;0;0;0;0;8;0;0;4;1;2;1;0;0;0;0;0;3;2;18;11.5;11;01:13;00:47;00:26;0;8;16;10.22;6;0;0;1,002;258;10;6.39;8;0;0;0;28 minutes;05:58;0;0;0;25%;28%;49%
LuckyC723;3859;0;2%;3;2;2;0;11,264;11,145.52;5,274;5,274;9;8.9;2;1.97;1;14;13.85;6;4;1.55;0;0;0;7;6.92;4;1;1;0;0;0;0;0;0;4;0;0;2;1;1;1;0;0;0;0;0;0;0;6;5.93;3;00:53;00:53;00:30;3;3;6;5.93;3;0;0;434;103;2;1.97;2;0;0;0;11 minutes;02:21;0;0;0;23%;28%;32%
M5roosh_ksa;3563;0;5%;1;1;1;0;2,083;4,727.25;2,083;976;8;18.15;1;2.26;1;5;11.34;5;2;0.62;0;0;0;3;6.8;3;0;0;0;0;0;0;0;0;2;0;0;0;0;0;0;0;0;0;0;0;0;0;0;0;0;0;0;0;0;0;2;4.53;2;0;0;77;17;2;4.53;2;0;0;0;5 minutes;0;0;0;0;22%;22%;0
MAAFX;2990;0;2%;8;3;1;0;33,541;8,467.3;7,849;4,653;43;10.85;10;2.52;3;78;19.69;14;9;1.81;0;2;0;45;11.36;8;2;4;2;0;0;0;0;0;9;0;0;10;2;4;4;2;0.5;2;0;0;0;0;35;8.83;10;02:03;00:31;00:32;2;8;24;6.05;8;0;0;1,647;287;14;3.53;3;0;0;0;45 minutes;02:49;0;0;0;17%;30%;10%
Maranata01;4478;0;1%;2;1;1;0;15,876;15,464.02;9,537;4,512;6;5.84;11;10.71;8;33;32.14;20;10;5.5;0;0;0;22;21.42;16;1;1;0;0;0;0;0;0;10;0;0;1;0;0;1;0;0;0;0;0;5;3;10;9.74;6;00:08;00:08;00:08;0;11;9;8.76;7;0;0;521;110;3;2.92;2;0;0;0;13 minutes;02:56;0;0;0;21%;22%;0
matheus_pegasus;2747;1;9%;10;6;3;0.01;10,447;9,366.54;8,254;3,521;8;7.17;2;1.79;1;28;25.1;21;9;3.5;0;0;0;12;10.75;8;0;1;0;1;0;0;0;0;9;0;0;2;1;1;0;0;0;0;0;0;0;0;15;13.44;10;00:34;00:30;00:21;0;5;4;3.58;4;0;0;445;102;1;0.89;1;0;0;0;12 minutes;00:20;0;0;0;22%;26%;69%
Melamun;3000;0;3%;2;2;2;0;7,589;14,897.55;7,589;7,355;1;1.96;2;3.92;2;8;15.7;8;7;8;0;0;0;6;11.77;6;1;1;0;0;0;0;0;0;7;0;0;2;1;1;1;0;0;0;0;0;0;0;1;1.96;1;00:04;00:09;00:04;0;0;1;1.96;1;0;0;227;56;1;1.96;1;0;0;0;4 minutes;0;0;0;0;24%;24%;0
Meldavak;2607;0;0;0;0;0;0;325;6,458.23;325;325;1;19.87;0;0;0;1;19.87;1;1;1;0;0;0;1;19.87;1;0;0;0;0;0;0;0;0;1;0;0;0;0;0;0;0;0;0;0;0;0;0;0;0;0;0;0;0;0;0;1;19.87;1;0;0;14;6;1;19.87;1;0;0;0;34.318449011072516 seconds;0;0;0;0;42%;0;0
miya-matsuura919;2431;0;0;0;0;0;0;3,405;7,267.24;3,405;1,707;0;0;2;4.26;2;9;19.2;9;7;0;0;0;0;2;4.26;2;0;0;0;0;0;0;0;0;7;0;0;1;1;0;0;0;0;0;0;0;0;0;4;8.53;4;0;0;0;0;5;1;2.13;1;0;0;288;30;0;0;0;0;0;0;8 minutes;0;0;0;0;10%;0;100%
Morgenarc;3323;0;0;0;0;0;0;3,727;7,685.98;3,727;3,727;0;0;0;0;0;8;16.49;8;8;0;0;0;0;2;4.12;2;0;0;0;0;0;0;0;0;8;0;0;1;0;0;0;0;0;0;0;0;0;0;2;4.12;2;00:00;00:00;00:00;0;2;2;4.12;2;0;0;177;36;0;0;0;0;0;0;3 minutes;0;0;0;0;20%;20%;100%
ohEvasive;3385;0;6%;7;3;2;0;11,109;5,890.8;4,403;2,271;8;4.24;4;2.12;3;39;20.68;12;8;4.87;0;1;0;23;12.19;8;0;2;0;2;0;0;0;0;8;0;0;3;1;1;1;1;0.53;1;0;0;0;0;9;4.77;5;00:34;00:18;00:15;0;3;10;5.3;4;0;0;523;108;6;3.18;3;0;0;0;14 minutes;00:44;0;0;0;20%;28%;100%
OlyMpiC_GER;2967;1;5%;31;9;3;0;64,584;12,312.2;20,075;6,807;62;11.81;23;4.38;8;97;18.49;29;13;1.56;0;0;0;69;13.15;23;5;5;0;0;0;0;0;0;13;0;0;8;1;3;3;0;0;0;0;0;5;2;32;6.1;11;04:48;00:55;01:45;0;12;32;6.1;8;0;0;1,940;563;15;2.85;4;0;0;0;1 hour;10:01;0;0;2;29%;36%;0
praktommy;3870;2;4%;44;11;4;0;104,574;15,445.29;21,541;9,649;56;8.27;34;5.02;10;159;23.48;45;10;2.83;0;0;0;93;13.73;25;0;0;0;4;0;0;0;0;10;0;0;0;6;0;0;0;0;0;0;0;5;1;62;9.15;21;05:47;00:51;01:25;0;4;36;5.31;11;0;0;63;891;23;3.39;9;0;0;0;24.256052990444005 seconds;08:06;0;0;0;26%;31%;54%
Prey1nMantis;2494;1;5%;23;5;5;0;49,272;7,535.66;6,627;6,627;10;1.52;16;2.44;4;108;16.51;17;17;10.8;0;0;0;72;11.01;11;6;7;0;0;0;0;0;0;17;0;0;16;4;7;4;0;0;0;0;0;0;0;31;4.74;6;01:32;00:14;00:33;0;4;34;5.19;7;0;0;2,129;441;27;4.12;8;0;0;0;1 hour;03:33;0;0;0;20%;34%;3%
Prophesizee;3087;0;3%;3;3;2;0;8,218;16,499.28;8,218;1,759;6;12.04;5;10.03;5;18;36.13;18;6;3;0;0;0;11;22.08;11;0;0;0;0;0;0;0;0;6;0;0;1;0;0;1;0;0;0;0;0;0;0;5;10.03;5;00:16;00:32;00:16;0;5;5;10.03;5;0;0;308;80;5;10.03;5;0;0;0;9 minutes;00:40;0;0;0;25%;0;100%
redsunset7;2665;0;9%;2;2;1;0;2,643;9,447.06;2,643;1,822;4;14.29;2;7.14;2;8;28.59;8;6;2;0;1;0;7;25.01;7;0;0;0;0;0;0;0;0;6;0;0;1;0;0;1;0;0;0;0;0;0;0;5;17.87;5;00:14;00:50;00:14;0;5;2;7.14;2;0;0;114;21;4;14.29;4;0;0;0;4 minutes;01:22;0;0;0;18%;0;0
Rhinoblue123RED;2145;0;9%;13;5;5;0;14,258;7,467.21;6,049;2,283;19;9.95;4;2.09;2;30;15.71;12;8;1.57;0;0;0;17;8.9;6;1;2;0;0;0;0;0;0;8;0;0;3;1;0;1;0;0;0;0;0;0;0;16;8.37;6;01:02;00:32;00:28;0;0;7;3.66;3;0;0;743;139;5;2.61;2;0;0;0;22 minutes;00:23;0;0;1;18%;19%;22%
Rundle0509;3763;0;0;0;0;0;0;1,653;3,163.4;1,653;919;2;3.82;0;0;0;5;9.57;5;3;2.5;0;0;0;2;3.82;2;0;1;0;1;0;0;0;0;3;0;0;0;0;0;0;0;0;0;0;0;0;0;1;1.91;1;0;0;0;0;2;2;3.82;2;0;0;64;17;1;1.91;1;0;0;0;3 minutes;0;0;0;0;26%;26%;100%
ScaredLilTaco;3412;1;8%;4;4;3;0;4,505;6,684.27;4,505;2,452;2;2.96;3;4.45;3;21;31.16;21;12;10.5;0;0;0;16;23.74;16;0;1;0;1;0;0;0;0;12;0;0;1;1;0;0;0;0;0;0;0;0;0;8;11.87;8;00:07;00:11;00:07;0;0;4;5.93;4;0;0;245;46;7;10.38;7;0;0;0;8 minutes;02:39;0;0;0;18%;18%;100%
shadowstrixx;2873;0;6%;6;5;4;0;9,082;15,010.16;7,618;3,741;8;13.22;1;1.65;1;16;26.44;14;9;2;0;0;0;6;9.91;5;1;1;0;0;0;0;0;0;9;0;0;1;1;0;0;0;0;0;0;0;0;0;3;4.95;3;01:03;01:45;01:02;0;10;6;9.91;6;0;0;329;89;1;1.65;1;0;0;0;10 minutes;01:28;0;0;0;27%;21%;0
SpanishK;2586;0;11%;14;8;3;0.01;12,144;11,171.52;6,644;1,924;10;9.19;7;6.43;4;33;30.35;21;6;3.3;0;1;0;20;18.39;15;0;1;0;1;0;0;0;0;6;0;0;1;1;1;0;0;0;0;0;0;0;0;21;19.31;13;00:46;00:42;00:31;0;10;12;11.03;7;0;0;558;117;10;9.19;7;0;0;0;14 minutes;02:14;0;0;0;20%;23%;89%
ss0401bump;2485;0;3%;3;3;2;0;11,323;13,180.78;9,077;5,060;5;5.82;0;0;0;12;13.96;9;8;2.4;0;0;0;7;8.14;5;1;1;0;0;0;0;0;0;8;0;0;3;1;1;1;0;0;0;0;0;0;0;5;5.82;3;00:44;00:52;00:32;0;1;2;2.32;2;0;0;284;96;2;2.32;2;0;0;0;9 minutes;0;0;0;0;33%;34%;0
subzilllaa;3870;2;5%;33;11;4;0.01;64,968;18,941.46;13,756;7,211;45;13.11;22;6.41;7;119;34.69;28;17;2.64;0;0;0;80;23.32;20;1;3;0;3;0;0;0;0;17;0;0;9;1;6;2;0;0;0;0;0;3;1;17;4.95;4;01:26;00:25;00:22;0;5;57;16.61;15;0;0;1,900;587;31;9.03;6;0;0;0;54 minutes;11:28;0;0;0;30%;41%;74%
SugahFree;3000;1;9%;3;3;2;0.01;3,608;5,099.82;3,608;2,347;1;1.41;1;1.41;1;11;15.54;11;6;11;0;0;0;6;8.48;6;0;1;0;1;0;0;0;0;6;0;0;2;0;2;0;0;0;0;0;0;0;0;4;5.65;4;00:01;00:01;00:01;0;2;1;1.41;1;0;0;128;33;2;2.82;2;0;0;0;4 minutes;0;0;0;0;25%;0;100%
timohilde86;3478;0;4%;11;6;3;0;26,842;7,175.58;6,251;6,251;9;2.4;10;2.67;4;66;17.64;17;16;7.33;0;0;0;35;9.35;11;0;4;0;4;0;0;0;0;16;0;0;7;3;3;1;0;0;0;0;0;3;1;13;3.47;7;01:10;00:18;00:36;0;6;25;6.68;6;0;0;962;271;2;0.53;1;0;0;0;28 minutes;02:09;0;0;0;28%;46%;100%
tomidaiki;2827;0;7%;2;2;1;0;3,562;9,200.84;3,562;1,707;3;7.74;0;0;0;3;7.74;3;2;1;0;0;0;1;2.58;1;0;0;0;0;0;0;0;0;2;0;0;1;1;0;0;0;0;0;0;0;0;0;0;0;0;00:13;00:35;00:13;0;1;0;0;0;0;0;89;28;0;0;0;0;0;0;5 minutes;0;0;0;0;31%;0;0
Vince-F95Gunners;3369;0;3%;14;4;1;0;57,937;8,877.96;7,980;5,479;52;7.96;12;1.83;4;77;11.79;10;10;1.48;0;0;0;53;8.12;9;6;7;0;0;0;0;0;0;10;0;0;12;3;4;5;1;0.15;1;0;0;4;1;21;3.21;6;02:03;00:18;00:56;0;7;24;3.67;5;0;0;1,797;459;21;3.21;3;0;0;0;1 hour;02:50;0;0;1;25%;58%;5%
vReveelz;3589;1;11%;19;11;4;0.01;22,114;13,065.86;14,970;5,154;12;7.08;14;8.27;7;56;33.08;29;15;4.66;0;0;0;36;21.26;19;0;2;0;2;0;0;0;0;15;0;0;4;1;2;2;0;0;0;0;0;0;0;18;10.63;14;00:57;00:34;00:45;0;10;16;9.45;9;0;0;576;169;13;7.68;11;0;0;0;18 minutes;03:57;0;0;0;29%;30%;100%
XDaRkFlMeMaSteX;3033;0;2%;1;1;1;0;2,460;10,086.83;2,460;996;5;20.5;0;0;0;10;41.01;10;5;2;0;0;0;5;20.5;5;0;0;0;0;0;0;0;0;5;0;0;1;0;0;0;0;0;0;0;0;0;0;4;16.4;4;00:33;02:17;00:33;0;0;4;16.4;4;0;0;148;34;1;4.1;1;0;0;0;4 minutes;0;0;0;0;22%;22%;1%
xShadow-DeWolfx;2748;0;2%;1;1;1;0;4,854;8,623.73;4,416;2,445;5;8.88;2;3.55;2;10;17.76;9;6;2;0;0;0;8;14.21;7;0;1;0;0;0;0;0;0;6;0;0;2;0;1;1;0;0;0;0;0;0;0;7;12.43;6;00:17;00:31;00:17;0;4;3;5.33;2;0;0;240;42;4;7.1;3;0;0;0;5 minutes;00:52;0;0;0;17%;19%;83%
XTheFunPolice;3609;1;8%;6;6;3;0.01;8,276;21,754.44;8,276;5,693;6;15.77;4;10.51;4;11;28.91;11;10;1.83;0;0;0;6;15.77;6;0;0;0;0;0;0;0;0;10;0;0;1;0;1;0;0;0;0;0;0;0;0;4;10.51;4;00:13;00:34;00:13;0;1;2;5.25;2;0;0;194;68;1;2.62;1;0;0;0;6 minutes;0;0;0;0;35%;35%;0
xtrickharder_esp;4148;0;6%;4;2;1;0;7,519;13,833.55;3,257;1,584;7;12.87;3;5.51;2;18;33.11;12;6;2.57;0;0;0;11;20.23;7;0;1;0;1;0;0;0;0;6;0;0;1;0;1;0;0;0;0;0;0;0;0;3;5.51;2;00:22;00:41;00:11;0;4;4;7.35;3;0;0;305;66;3;5.51;1;0;0;0;7 minutes;00:37;0;0;0;21%;0;100%
xXWxTheLeader;2833;0;3%;9;5;3;0;28,116;13,749.62;9,866;5,029;12;5.86;8;3.91;4;48;23.47;17;11;4;0;0;0;34;16.62;12;1;2;0;1;0;0;0;0;11;0;0;8;5;0;3;1;0.48;1;0;0;3;1;14;6.84;9;00:31;00:15;00:30;0;5;14;6.84;7;0;0;863;263;4;1.95;2;0;0;0;21 minutes;02:11;0;0;0;30%;34%;68%
Zealousx;3334;0;0;0;0;0;0;270;985.87;270;270;1;3.65;0;0;0;1;3.65;1;1;1;0;0;0;1;3.65;1;0;0;0;0;0;0;0;0;1;0;0;0;0;0;0;0;0;0;0;0;0;0;0;0;0;0;0;0;0;1;1;3.65;1;0;0;18;4;1;3.65;1;0;0;0;1 minute;0;0;0;0;22%;0;0
ZeeTee_;4140;0;6%;8;3;3;0.01;12,555;15,710.08;5,074;2,560;9;11.26;1;1.25;1;12;15.01;4;3;1.33;0;0;0;7;8.75;3;0;1;0;0;0;0;0;0;3;0;0;2;1;1;0;0;0;0;0;0;0;0;1;1.25;1;00:03;00:04;00:03;0;1;6;7.5;3;0;0;310;132;5;6.25;2;0;0;0;7 minutes;0;0;0;0;42%;62%;46%
