abra84kadabra;2388;100;13.85;2;3%;14;4;2;0;52,478;7,270.55;5,135;3,323;59;8.17;0;0;0;125;17.31;18;11;2.11;0;0;0;39;5.4;6;3;7;0;4;0;0;0;0;11;0;0;15;7;4;5;0;0;0;16;2.21;4;0;0;50;6.92;8;05:25;00:45;01:23;0;0;0;0;0;0;1,705;369;8;1.1;2;0;0;0;1 hour;00:02;37;5.12;7;104;14.4;1;21%;24%;56%
aisia121;4402;2;2.23;0;0;0;0;0;0;4,384;4,892.76;1,978;1,310;13;14.5;0;0;0;11;12.27;4;2;0.84;0;1;0;3;3.34;2;0;1;0;1;0;0;0;0;2;0;0;1;0;0;0;0;0;0;2;2.23;1;0;0;2;2.23;1;00:11;00:12;00:07;0;0;0;0;0;0;130;18;1;1.11;1;0;0;0;11 minutes;0;1;1.11;1;10;11.16;0;13%;0;61%
Akodak;3000;9;16.8;1;2%;1;1;1;0;2,286;4,267.77;2,276;1,306;4;7.46;0;0;0;9;16.8;8;7;2.25;0;0;0;2;3.73;2;1;1;0;0;0;0;0;0;7;0;0;0;0;0;0;0;0;0;1;1.86;1;0;0;2;3.73;2;00:09;00:16;00:09;0;0;0;0;0;0;234;41;0;0;0;0;0;0;8 minutes;0;4;7.46;4;7;13.07;0;17%;0;4%
angels_fan_44;0;17;16.47;0;2%;7;6;2;0;6,565;6,362.53;3,822;1,181;15;14.53;0;0;0;10;9.69;6;2;0.66;0;0;0;5;4.84;3;1;1;0;0;0;0;0;0;2;0;0;3;2;0;1;0;0;0;2;1.93;1;0;0;2;1.93;2;00:24;00:23;00:24;0;0;0;0;0;0;523;249;2;1.93;1;0;0;0;12 minutes;0;9;8.72;5;1;0.96;0;47%;61%;0
AutoBots_Kick_A;2901;113;27.79;2;6%;69;39;21;0.02;40,012;9,841.3;15,543;8,025;21;5.16;0;0;0;76;18.69;39;16;3.61;0;0;0;33;8.11;19;3;4;0;1;0;0;0;0;16;0;0;12;3;4;5;0;0;0;12;2.95;9;3;1;37;9.1;21;01:45;00:26;01:07;0;0;0;0;0;0;2,920;1,014;6;1.47;4;0;0;0;41 minutes;08:05;47;11.56;23;57;14.01;0;34%;40%;33%
BEBOFLOW-PR;3689;29;34.7;0;3%;21;15;13;0.02;12,387;14,822.53;7,658;5,190;10;11.96;0;0;0;15;17.94;8;7;1.5;0;0;0;5;5.98;3;0;1;0;1;0;0;0;0;7;0;0;2;1;0;0;1;1.19;1;1;1.19;1;0;0;1;1.19;1;00:31;00:37;00:18;0;0;0;0;0;0;1,856;555;1;1.19;1;0;0;0;12 minutes;01:01;10;11.96;6;9;10.76;0;29%;0;72%
BEN-B-en;0;5;4.48;0;4%;2;2;2;0;3,653;3,279.98;2,292;1,507;9;8.08;0;0;0;9;8.08;8;4;1;0;1;0;4;3.59;3;0;1;1;0;0;0;0;0;4;0;0;2;1;0;1;0;0;0;1;0.89;1;0;0;0;0;0;0;0;0;0;0;0;0;0;0;243;43;2;1.79;1;0;0;0;12 minutes;0;2;1.79;1;6;5.38;0;17%;32%;10%
bhmazz;2534;14;28.02;0;6%;7;6;6;0.02;5,235;10,479.6;4,089;3,410;3;6;0;0;0;7;14.01;6;3;2.33;0;0;0;3;6;3;0;0;0;0;0;0;0;0;3;0;0;1;1;0;0;0;0;0;2;4;2;0;0;3;6;3;00:07;00:15;00:07;0;0;0;0;0;0;430;110;0;0;0;0;0;0;5 minutes;0;2;4;2;7;14.01;0;25%;26%;74%
Blota_Skoles;3624;3;15.57;0;0;0;0;0;0;285;1,479.49;285;195;3;15.57;0;0;0;0;0;0;0;0;0;0;0;0;0;0;0;0;0;0;0;0;0;0;0;0;0;0;0;0;0;0;0;0;0;0;0;0;0;0;0;0;00:00;00:04;00:00;0;0;0;0;0;0;88;9;0;0;0;0;0;0;1 minute;0;0;0;0;0;0;0;10%;10%;0
Buahahahaha;2770;26;11.06;0;7%;5;4;2;0;9,635;4,098.92;5,385;2,831;32;13.61;0;0;0;19;8.08;12;9;0.59;0;8;0;6;2.55;3;2;2;0;0;0;0;0;0;9;0;0;4;2;0;1;0;0;0;3;1.27;1;0;0;8;3.4;5;00:55;00:23;00:34;0;0;0;0;0;0;437;70;1;0.42;1;0;0;0;24 minutes;00:10;6;2.55;4;17;7.23;0;16%;27%;0
buraki35;4286;7;11.24;0;2%;2;2;2;0;3,193;5,130.34;3,193;3,158;1;1.6;0;0;0;12;19.28;12;9;12;0;0;0;2;3.21;2;0;1;0;1;0;0;0;0;9;0;0;2;0;1;1;0;0;0;1;1.6;1;3;1;2;3.21;2;00:04;00:07;00:04;0;0;0;0;0;0;454;79;0;0;0;0;0;0;4 minutes;01:15;10;16.06;10;8;12.85;0;17%;17%;100%
Chimichanga49er;3611;3;7.57;0;2%;3;3;2;0.01;2,020;5,101.39;2,020;1,623;2;5.05;0;0;0;5;12.62;5;5;2.5;0;0;0;2;5.05;2;0;0;0;0;0;0;0;0;5;0;0;1;0;0;0;1;2.52;1;0;0;0;0;0;2;5.05;2;00:14;00:37;00:14;0;0;0;0;0;0;271;112;1;2.52;1;0;0;0;2 minutes;0;3;7.57;3;4;10.1;0;41%;41%;0
Chuni-Byo;3534;37;45.67;0;3%;7;4;3;0;10,680;13,185.76;5,970;4,590;4;4.93;0;0;0;23;28.39;12;12;5.75;0;0;0;4;4.93;3;0;1;0;1;0;0;0;0;12;0;0;2;0;1;1;0;0;0;1;1.23;1;0;0;14;17.28;7;00:39;00:48;00:25;0;0;0;0;0;0;784;229;0;0;0;0;0;0;11 minutes;00:12;7;8.64;6;19;23.45;0;29%;0;100%
CrispeChris;3343;1;1.06;0;28%;10;9;9;0.02;3,106;3,319.2;2,527;2,527;4;4.27;0;0;0;8;8.54;7;7;2;0;0;0;5;5.34;4;0;1;0;1;0;0;0;0;7;0;0;3;0;1;2;0;0;0;0;0;0;0;0;1;1.06;1;0;0;0;0;0;0;0;0;0;213;35;2;2.13;2;0;0;0;6 minutes;00:10;5;5.34;5;6;6.41;0;16%;23%;100%
CW-punchL1nez;2903;18;20.42;0;2%;6;4;3;0;10,793;12,246.89;4,939;2,572;10;11.34;0;0;0;34;38.57;17;10;3.4;0;0;0;14;15.88;9;0;1;0;1;0;0;0;0;10;0;0;3;2;1;0;0;0;0;8;9.07;5;0;0;9;10.21;5;00:02;00:02;00:02;0;0;0;0;0;0;838;237;2;2.26;2;0;0;0;12 minutes;02:12;11;12.48;6;31;35.17;0;28%;36%;67%
cyber_animaI;4399;12;22.95;0;8%;7;7;6;0.02;4,462;8,534.48;4,462;2,820;2;3.82;0;0;0;16;30.6;16;11;8;0;0;0;10;19.12;10;0;1;0;1;0;0;0;0;11;0;0;2;1;1;1;1;1.91;1;1;1.91;1;0;0;4;7.65;4;00:04;00:09;00:04;0;0;0;0;0;0;366;87;2;3.82;2;0;0;0;5 minutes;01:05;10;19.12;10;11;21.04;0;23%;23%;100%
Dedicatus545___;2224;18;29.38;0;14%;5;5;5;0.01;4,095;6,685.35;4,095;2,770;2;3.26;0;0;0;11;17.95;11;6;5.5;0;0;0;5;8.16;5;1;1;0;1;0;0;0;0;6;0;0;2;1;0;1;0;0;0;1;1.63;1;0;0;2;3.26;2;00:01;00:02;00:01;0;0;0;0;0;0;173;34;0;0;0;0;0;0;6 minutes;0;4;6.53;4;10;16.32;0;19%;19%;100%
Defyz---;4636;3;41.19;0;0%;1;1;1;0.01;2,865;39,346.18;2,865;2,865;1;13.73;0;0;0;3;41.19;3;2;3;0;0;0;0;0;0;0;0;0;0;0;0;0;0;2;0;0;0;0;0;0;0;0;0;0;0;0;0;0;2;27.46;2;00:00;00:05;00:00;0;0;0;0;0;0;237;112;0;0;0;0;0;0;1 minute;0;3;41.19;3;2;27.46;0;47%;0;100%
Divinity-X-;4116;33;32.96;0;10%;41;29;15;0.05;10,305;10,293.43;6,686;2,413;12;11.98;0;0;0;19;18.97;14;7;1.58;0;0;0;13;12.98;8;1;1;0;0;0;0;0;0;7;0;0;1;1;0;0;1;0.99;1;2;1.99;1;3;1;5;4.99;5;00:14;00:14;00:11;0;0;0;0;0;0;1,011;399;6;5.99;5;0;0;0;12 minutes;04:33;14;13.98;11;10;9.98;0;39%;59%;0
Droxzio;3207;15;30.97;0;3%;2;1;1;0;5,112;10,558.17;3,211;1,981;3;6.19;0;0;0;18;37.17;10;8;6;0;0;0;4;8.26;2;0;0;0;0;0;0;0;0;8;0;0;1;0;1;0;0;0;0;2;4.13;2;0;0;4;8.26;2;00:04;00:08;00:04;0;0;0;0;0;0;124;56;1;2.06;1;0;0;0;5 minutes;0;8;16.52;4;15;30.97;0;45%;50%;0
eastcoastrider71;2268;4;12.03;0;18%;4;4;1;0.01;2,380;7,162.48;2,380;630;5;15.04;0;0;0;3;9.02;3;1;0.6;0;0;0;1;3;1;0;0;0;0;0;0;0;0;1;0;0;0;0;0;0;0;0;0;1;3;1;0;0;1;3;1;00:10;00:30;00:10;0;0;0;0;0;0;124;22;1;3;1;0;0;0;4 minutes;0;3;9.02;3;0;0;0;17%;17%;0
ecotaku;2368;47;6.15;0;4%;37;5;5;0;47,817;6,266.33;9,485;3,458;48;6.29;0;0;0;93;12.18;23;12;1.93;0;0;0;34;4.45;10;6;8;1;1;0;0;0;0;12;0;0;14;5;4;5;0;0;0;17;2.22;7;0;0;30;3.93;8;00:20;00:02;00:06;0;0;0;0;0;0;2,965;826;12;1.57;2;0;0;0;1 hour;01:07;29;3.8;11;81;10.61;0;27%;66%;7%
eliteboy_1da;3496;11;13.72;0;4%;6;6;5;0.02;4,939;6,160.75;4,939;3,976;2;2.49;0;0;0;10;12.47;10;7;5;0;0;0;4;4.98;4;0;1;0;1;0;0;0;0;7;0;0;2;1;0;2;0;0;0;1;1.24;1;0;0;3;3.74;3;00:10;00:12;00:10;0;0;0;0;0;0;353;128;0;0;0;0;0;0;4 minutes;00:25;5;6.23;5;10;12.47;0;36%;0;100%
Erenksk9;4169;23;19.59;0;9%;15;9;4;0.02;6,361;5,420.68;3,640;1,550;7;5.96;0;0;0;18;15.33;8;5;2.57;0;2;0;11;9.37;5;0;1;0;1;0;0;0;0;5;0;0;4;0;3;1;0;0;0;4;3.4;2;0;0;4;3.4;4;00:46;00:39;00:46;0;0;0;0;0;0;1,026;158;3;2.55;1;0;0;0;10 minutes;01:13;16;13.63;8;6;5.11;0;15%;12%;100%
Fade_BR;0;3;6.8;0;4%;2;2;1;0.01;1,576;3,574.06;1,576;1,158;3;6.8;0;0;0;1;2.26;1;1;0.33;0;1;0;1;2.26;1;0;0;0;0;0;0;0;0;1;0;0;0;0;0;0;0;0;0;0;0;0;0;0;0;0;0;0;0;0;0;0;0;0;0;0;80;45;1;2.26;1;0;0;0;2 minutes;0;1;2.26;1;0;0;0;56%;0;0
Flown_Jebus;4144;54;32.55;1;7%;48;25;15;0.04;15,192;9,159.47;6,468;2,917;10;6.02;0;0;0;36;21.7;17;8;3.6;0;0;0;15;9.04;6;0;2;0;2;0;0;0;0;8;0;0;4;1;1;2;2;1.2;1;6;3.61;3;0;0;9;5.42;5;00:17;00:10;00:17;0;0;0;0;0;0;1,258;658;6;3.61;4;0;0;0;17 minutes;01:15;19;11.45;9;22;13.26;0;52%;56%;100%
FlyNameHere;2199;1,059;32.45;10;5%;300;22;12;0.01;320,352;9,818.94;10,360;9,963;261;7.99;0;0;0;715;21.91;34;18;2.73;0;4;0;232;7.11;10;7;33;3;22;0;0;0;0;18;0;0;73;33;12;28;0;0;0;98;3;7;5;6;313;9.59;19;10:47;00:19;01:02;0;0;0;0;0;0;21,071;5,661;61;1.86;5;0;0;0;6 hours;52:05;250;7.66;12;620;19;9;26%;70%;68%
FvsNeLL;3798;3;12.85;0;10%;2;2;2;0.02;791;3,390.49;791;791;0;0;0;0;0;6;25.71;6;6;0;0;0;0;1;4.28;1;0;0;0;0;0;0;0;0;6;0;0;1;0;0;0;0;0;0;0;0;0;0;0;2;8.57;2;00:34;02:28;00:34;0;0;0;0;0;0;50;20;1;4.28;1;0;0;0;1 minute;00:02;3;12.85;3;3;12.85;0;40%;40%;100%
games3_112;2604;9;14.57;1;9%;17;17;15;0.04;5,585;9,043.68;5,585;4,051;1;1.61;0;0;0;16;25.91;16;14;16;0;1;0;10;16.19;10;1;1;0;0;0;0;0;0;14;0;0;2;0;1;1;0;0;0;1;1.61;1;0;0;6;9.71;6;00:12;00:20;00:12;0;0;0;0;0;0;568;176;5;8.09;5;0;0;0;6 minutes;02:13;13;21.05;13;11;17.81;0;30%;0;0
Gandalion;3514;58;40.17;0;3%;14;9;7;0.01;14,456;10,013.3;7,665;4,145;11;7.61;0;0;0;40;27.7;20;15;3.63;0;0;0;7;4.84;4;0;1;0;1;0;0;0;85;15;0;0;4;2;1;1;0;0;0;6;4.15;4;3;1;18;12.46;11;02:33;01:46;02:00;0;0;0;0;0;0;1,672;453;1;0.69;1;0;0;0;20 minutes;04:38;17;11.77;10;30;20.78;0;27%;15%;57%
GodzillavsMuto;2555;0;0;0;0;0;0;0;0;350;4,816.32;350;350;1;13.76;0;0;0;1;17.61;1;1;1;0;0;0;0;0;0;0;0;0;0;0;0;0;0;1;0;0;0;0;0;0;0;0;0;0;0;0;0;0;0;0;0;00:00;00:05;00:00;0;0;0;0;0;0;26;2;0;0;0;0;0;0;34.99225498363376 seconds;0;0;0;0;1;17.61;0;7%;0;100%
GoMu___;4214;2;7.17;0;1%;1;1;1;0;1,097;3,935.38;467;467;3;10.75;0;0;0;0;0;0;0;0;0;0;0;0;0;0;0;0;0;0;0;0;0;0;0;0;0;1;0;0;0;0;0;0;0;0;0;0;0;0;0;0;0;0;0;0;0;0;0;0;0;135;59;0;0;0;0;0;0;2 minutes;0;0;0;0;0;0;0;43%;56%;0
hourai127;2224;486;10.14;8;4%;291;20;13;0.01;295,097;6,160.28;14,956;7,155;324;6.76;0;0;0;767;16.01;29;13;2.36;0;2;0;265;5.53;11;28;48;6;14;0;0;0;0;13;0;0;102;33;30;39;0;0;0;113;2.35;6;3;6;334;6.97;22;17:31;00:21;02:19;0;0;0;0;0;0;29,141;5,829;65;1.35;3;0;0;0;8 hours;23:48;318;6.63;16;603;12.58;6;20%;66%;28%
itsGenji;4057;2;21.32;0;12%;4;4;2;0.04;1,332;14,199.43;1,332;935;2;21.32;0;0;0;0;0;0;0;0;0;0;0;0;0;0;0;0;0;0;0;0;0;0;0;0;0;0;0;0;0;0;0;0;0;0;0;0;0;0;0;0;0;0;0;0;0;0;0;0;0;67;32;0;0;0;0;0;0;1 minute;0;0;0;0;0;0;0;47%;47%;0
JDG-191;3064;12;40.06;0;1%;3;3;2;0;5,349;17,860.55;5,349;1,770;5;16.69;0;0;0;7;23.37;7;5;1.4;0;0;0;0;0;0;0;0;0;0;0;0;0;0;5;0;0;1;1;0;0;0;0;0;0;0;0;0;0;1;3.33;1;00:04;00:16;00:04;0;0;0;0;0;0;389;151;0;0;0;0;0;0;5 minutes;0;4;13.35;4;5;16.69;0;38%;0;0
Jerfis1084;2563;16;23.97;1;12%;5;5;2;0;7,343;11,004.15;7,343;2,177;9;13.48;0;0;0;31;46.45;31;9;3.44;0;0;0;8;11.98;8;0;1;0;1;0;0;0;0;9;0;0;3;1;0;1;0;0;0;4;5.99;4;0;0;11;16.48;11;00:26;00:39;00:26;0;0;0;0;0;0;233;39;2;2.99;2;0;0;0;10 minutes;01:08;8;11.98;8;27;40.46;0;16%;16%;100%
JigokuSenshi;3044;8;11.27;0;7%;11;10;10;0.01;10,166;14,332.15;8,151;5,499;3;4.22;0;0;0;26;36.65;18;12;8.66;0;0;0;12;16.91;9;0;1;1;0;0;0;0;0;12;0;0;2;0;0;1;0;0;0;5;7.04;3;0;0;2;2.81;2;00:01;00:01;00:01;0;0;0;0;0;0;790;151;6;8.45;3;0;0;0;11 minutes;0;17;23.96;11;18;25.37;1;19%;0;0
JonXSly;2840;76;50.99;1;5%;53;44;8;0.03;19,231;12,904.7;14,928;2,648;20;13.42;0;0;0;48;32.21;39;8;2.4;0;0;0;26;17.44;24;0;1;0;1;0;0;0;0;8;0;0;3;0;2;1;0;0;0;9;6.03;9;0;0;22;14.76;19;01:43;01:09;01:02;0;0;0;0;0;0;3,292;934;5;3.35;5;0;0;0;22 minutes;03:45;31;20.8;29;30;20.13;0;28%;32%;100%
KingXacTz;0;35;27.63;2;3%;10;6;6;0.01;13,872;10,953.9;5,449;3,927;6;4.73;0;0;0;45;35.53;19;17;7.5;0;0;0;21;16.58;11;0;1;0;1;0;0;0;0;17;0;0;2;0;0;2;0;0;0;4;3.15;2;0;0;18;14.21;7;00:20;00:16;00:10;0;0;0;0;0;0;903;260;5;3.94;4;0;0;0;14 minutes;04:18;26;20.53;14;26;20.53;0;28%;26%;100%
koba-ya;1337;12;5.69;2;4%;5;2;2;0;14,943;7,087.8;8,716;4,933;3;1.42;0;0;0;44;20.87;20;11;14.66;0;0;0;9;4.26;6;0;2;0;2;0;0;0;0;11;0;0;3;1;0;1;0;0;0;2;0.94;2;0;0;7;3.32;3;00:27;00:12;00:25;0;0;0;0;0;0;425;101;3;1.42;2;0;0;0;20 minutes;0;9;4.26;6;39;18.49;0;23%;28%;82%
kon5-TDRoki;2084;5;14.53;0;9%;2;1;1;0;1,016;2,954.22;919;764;3;8.72;0;0;0;1;2.9;1;1;0.33;0;0;0;1;2.9;1;0;0;0;0;0;0;0;0;1;0;0;0;0;0;0;0;0;0;0;0;0;0;0;0;0;0;0;0;0;0;0;0;0;0;0;137;22;0;0;0;0;0;0;3 minutes;0;1;2.9;1;0;0;0;16%;0;0
LEATONER;2534;77;38.11;0;1%;3;2;1;0;18,992;9,401.13;7,676;2,435;21;10.39;0;0;0;48;23.76;20;11;2.28;0;0;0;7;3.46;4;1;2;0;1;0;0;0;0;11;0;0;6;4;0;2;0;0;0;3;1.48;2;0;0;25;12.37;10;01:15;00:37;00:36;0;0;0;0;0;0;945;194;1;0.49;1;0;0;0;24 minutes;02:59;13;6.43;8;37;18.31;1;20%;0;55%
LostkumaTH;3386;13;30.55;0;0;0;0;0;0;4,018;9,443.61;4,018;1,658;3;7.05;0;0;0;4;9.4;4;2;1.33;0;0;0;2;4.7;2;0;0;0;0;0;0;0;0;2;0;0;2;1;0;0;1;2.35;1;1;2.35;1;0;0;0;0;0;00:04;00:11;00:04;0;0;0;0;0;0;244;75;2;4.7;2;0;0;0;4 minutes;0;1;2.35;1;4;9.4;0;30%;0;0
l-Twisted_Fate-l;4013;2;6.16;0;2%;1;1;1;0;1,453;4,479.46;993;993;2;6.16;0;0;0;1;3.08;1;1;0.5;0;0;0;0;0;0;0;0;0;0;0;0;0;0;1;0;0;1;0;0;0;0;0;0;0;0;0;0;0;0;0;0;00:00;00:01;00:00;0;0;0;0;0;0;93;36;0;0;0;0;0;0;2 minutes;0;1;3.08;1;0;0;0;38%;38%;0
M5roosh_ksa;3563;5;4.45;0;2%;1;1;1;0;4,676;4,164.37;1,885;1,665;6;5.34;0;0;0;7;6.23;3;3;1.16;0;0;0;4;3.56;3;1;1;0;0;0;0;0;0;3;0;0;3;1;1;2;1;0.89;1;1;0.89;1;0;0;0;0;0;0;0;0;0;0;0;0;0;0;221;45;2;1.78;1;0;0;0;9 minutes;0;1;0.89;1;6;5.34;0;20%;33%;29%
Maranata01;4478;256;28.07;2;6%;124;27;13;0.02;96,141;10,544.81;10,600;5,744;62;6.8;0;0;0;173;18.97;26;14;2.79;0;1;0;76;8.33;12;3;9;1;6;0;0;0;0;14;0;0;31;10;11;10;4;0.43;1;51;5.59;9;3;2;53;5.81;10;04:09;00:27;01:00;0;0;0;0;0;0;5,912;2,059;15;1.64;3;0;0;0;1 hour;13:56;99;10.85;15;114;12.5;1;34%;39%;60%
Miz_One;1361;161;42.35;2;3%;13;4;3;0;55,350;14,560;12,206;7,793;26;6.83;0;0;0;133;34.98;33;17;5.11;0;1;0;45;11.83;14;2;4;0;2;0;0;0;0;17;0;0;8;4;1;3;0;0;0;22;5.78;6;4;2;64;16.83;18;01:11;00:18;00:25;0;0;0;0;0;0;1,652;393;17;4.47;7;0;0;0;47 minutes;15:59;49;12.88;17;117;30.77;2;23%;34%;59%
Morgenarc;3323;8;13.17;1;6%;3;3;2;0;4,385;7,220.82;4,190;2,361;2;3.29;0;0;0;18;29.63;18;10;9;0;0;0;7;11.52;7;0;1;0;1;0;0;0;0;10;0;0;3;1;2;1;0;0;0;5;8.23;5;3;1;6;9.87;6;00:05;00:09;00:05;0;0;0;0;0;0;191;48;2;3.29;2;0;0;0;5 minutes;00:10;8;13.17;8;16;26.34;0;25%;0;86%
MrBurns_rj;2293;0;0;0;0%;1;1;1;0.01;2,383;14,212.51;2,383;1,678;2;11.92;0;0;0;1;5.96;1;1;0.5;0;0;0;1;5.96;1;0;0;0;0;0;0;0;0;1;0;0;1;0;0;0;0;0;0;0;0;0;0;0;0;0;0;00:02;00:13;00:02;0;0;0;0;0;0;230;122;1;5.96;1;0;0;0;1 minute;0;1;5.96;1;1;5.96;0;53%;53%;0
nano1cdo;2349;26;20.6;1;4%;13;8;6;0.01;9,389;7,440.72;5,028;1,723;7;5.54;0;0;0;30;23.77;21;9;4.28;0;0;0;11;8.71;8;1;1;0;1;0;0;0;0;9;0;0;3;0;3;1;0;0;0;7;5.54;6;4;2;19;15.05;16;00:25;00:20;00:23;0;0;0;0;0;0;1,009;299;3;2.37;3;0;0;0;13 minutes;03:23;14;11.09;9;25;19.81;0;29%;48%;54%
ohmygoshimjay;0;226;20.86;9;6%;43;12;5;0;125,993;11,629.93;26,043;9,639;56;5.16;0;0;0;315;29.07;71;20;5.62;0;1;0;138;12.73;34;4;11;0;7;0;0;0;0;20;0;0;31;5;15;11;0;0;0;68;6.27;18;3;1;151;13.93;38;06:48;00:37;01:49;0;0;0;0;0;0;3,186;710;36;3.32;8;0;0;0;2 hours;21:13;101;9.32;22;273;25.19;1;22%;48%;61%
o-Norton-o;0;25;23.32;0;5%;7;4;2;0.01;12,884;12,018.52;8,779;6,197;1;0.93;0;0;0;32;29.85;23;22;32;0;0;0;13;12.12;11;0;1;0;1;0;0;0;0;22;0;0;2;1;1;0;0;0;0;6;5.59;6;3;1;10;9.32;9;00:54;00:51;00:54;0;0;0;0;0;0;450;122;5;4.66;5;0;0;0;11 minutes;04:24;11;10.26;7;24;22.38;0;27%;21%;54%
OttoFemtusen;2831;14;15.63;1;6%;10;7;7;0.01;7,806;8,715.23;6,905;2,249;7;7.81;0;0;0;28;31.26;26;12;4;0;0;0;13;14.51;11;0;1;0;1;0;0;0;76;12;0;0;3;1;2;0;0;0;0;5;5.58;5;0;0;14;15.63;14;00:07;00:08;00:07;0;0;0;0;0;0;522;147;4;4.46;4;0;0;0;9 minutes;05:15;15;16.74;14;21;23.44;0;28%;34%;88%
picoforver;2647;34;18.37;0;4%;16;7;7;0.01;13,669;7,386.42;4,466;4,331;10;5.4;0;0;0;27;14.59;10;10;2.7;0;1;0;13;7.02;5;1;2;0;1;0;0;0;0;10;0;0;7;1;3;3;0;0;0;2;1.08;1;0;0;12;6.48;4;00:20;00:10;00:07;0;0;0;0;0;0;1,174;358;3;1.62;1;0;0;0;18 minutes;02:45;16;8.64;7;21;11.34;1;30%;37%;39%
Prey1nMantis;2494;15;6.4;1;6%;16;8;5;0.01;13,024;5,564.15;4,342;3,254;10;4.27;0;0;0;32;13.67;11;11;3.2;0;0;0;19;8.11;6;2;2;0;0;2;0.98;0;76;11;0;0;5;1;1;2;0;0;0;4;1.7;2;0;0;4;1.7;3;00:01;00:00;00:01;0;0;0;0;0;0;839;252;2;0.85;1;0;0;0;19 minutes;00:20;18;7.68;6;26;11.1;0;30%;39%;0
rencpee;2745;14;10.92;0;6%;9;7;5;0;7,309;5,704.7;3,973;2,488;11;8.58;0;0;0;9;7.02;7;7;0.81;0;0;0;3;2.34;2;1;1;0;0;0;0;0;0;7;0;0;3;1;1;1;0;0;0;0;0;0;0;0;1;0.78;1;00:07;00:05;00:07;0;0;0;0;0;0;666;145;0;0;0;0;0;0;15 minutes;0;4;3.12;3;6;4.68;0;21%;28%;4%
Rundle0509;3763;2;17.33;0;0;0;0;0;0;1,340;11,613.7;1,340;1,180;1;8.66;0;0;0;1;8.66;1;1;1;0;0;0;0;0;0;0;0;0;0;0;0;0;0;1;0;0;0;0;0;0;0;0;0;0;0;0;0;0;0;0;0;0;0;0;0;0;0;0;0;0;98;36;0;0;0;0;0;0;1 minute;0;0;0;0;1;8.66;0;36%;0;100%
RyanAM;4121;44;28.74;0;3%;27;9;9;0.02;26,756;17,479.58;9,252;9,252;4;2.61;0;0;0;46;30.05;13;13;11.5;0;0;0;22;14.37;7;0;2;0;1;0;0;0;0;13;0;0;4;2;1;1;0;0;0;6;3.91;2;0;0;8;5.22;3;00:26;00:17;00:12;0;0;0;0;0;0;1,536;688;3;1.95;1;0;0;0;17 minutes;01:22;37;24.17;12;26;16.98;0;44%;62%;94%
S3NTINEL2001;2826;13;24.56;0;5%;10;10;7;0.01;11,025;20,833.01;10,715;3,939;6;11.33;0;0;0;19;35.9;18;9;3.16;0;0;0;7;13.22;7;0;1;1;0;0;0;0;0;9;0;0;1;0;1;0;0;0;0;5;9.44;5;0;0;8;15.11;8;00:02;00:04;00:02;0;0;0;0;0;0;521;184;2;3.77;2;0;0;0;8 minutes;03:21;10;18.89;10;15;28.34;0;35%;36%;0
Shadowfox55;2799;16;19.27;2;5%;6;5;4;0.01;6,317;7,611.05;4,237;3,446;3;3.61;0;0;0;17;20.48;15;14;5.66;0;0;0;6;7.22;6;0;1;0;1;0;0;0;0;14;0;0;3;0;2;2;0;0;0;2;2.4;2;0;0;9;10.84;8;00:15;00:18;00:13;0;0;0;0;0;0;407;117;1;1.2;1;0;0;0;5 minutes;01:53;10;12.04;9;12;14.45;0;28%;36%;92%
Shadows1Disciple;2374;114;19.07;4;5%;36;7;6;0;49,138;8,222.58;12,804;6,276;8;1.33;0;0;0;174;29.11;59;20;21.75;0;0;0;60;10.04;17;3;6;0;3;0;0;0;0;20;0;0;11;4;2;5;0;0;0;13;2.17;6;3;2;61;10.2;22;00:55;00:09;00:19;0;0;0;0;0;0;3,167;698;16;2.67;6;0;0;0;1 hour;02:55;69;11.54;16;136;22.75;1;22%;100%;56%
shadowstrixx;2873;1;14.52;0;0;0;0;0;0;218;3,168.04;218;161;2;29.05;0;0;0;1;14.52;1;1;0.5;0;0;0;1;14.52;1;0;0;0;0;0;0;0;0;1;0;0;0;0;0;0;0;0;0;0;0;0;0;0;0;0;0;00:01;00:23;00:01;0;0;0;0;0;0;21;2;0;0;0;0;0;0;1 minute;0;1;14.52;1;0;0;0;9%;0;100%
sloohy99;2897;15;32.87;0;5%;7;7;6;0.02;3,812;8,353.41;3,812;1,196;6;13.14;0;0;0;3;6.57;3;2;0.5;0;0;0;1;2.19;1;0;0;0;0;0;0;0;0;2;0;0;1;0;0;0;0;0;0;1;2.19;1;0;0;0;0;0;00:11;00:25;00:11;0;0;0;0;0;0;624;128;1;2.19;1;0;0;0;5 minutes;0;2;4.38;2;1;2.19;0;20%;0;0
stiouf3;3519;14;46.93;0;7%;9;7;7;0.02;2,652;8,892.79;1,373;1,234;6;20.11;0;0;0;10;33.52;5;5;1.66;0;0;0;4;13.41;3;0;0;0;0;0;0;0;0;5;0;0;1;0;0;1;0;0;0;0;0;0;0;0;5;16.76;2;00:35;02:00;00:25;0;0;0;0;0;0;548;120;2;6.7;2;0;0;0;5 minutes;00:03;7;23.46;4;4;13.41;0;21%;0;54%
teehtf;4361;3;15.49;0;0;0;0;0;0;210;1,084.87;210;210;0;0;0;0;0;2;10.33;2;2;0;0;0;0;0;0;0;0;0;0;0;0;0;0;0;2;0;0;1;0;0;0;0;0;0;0;0;0;0;0;0;0;0;00:02;00:13;00:02;0;0;0;0;0;0;100;0;0;0;0;0;0;0;1 minute;0;2;10.33;2;0;0;0;0;0;100%
The_Bob_tw;3073;7;15.28;0;7%;9;7;7;0.03;4,058;8,859.64;2,188;2,188;3;6.55;0;0;0;6;13.1;3;3;2;0;0;0;2;4.36;1;0;0;0;0;0;0;0;0;3;0;0;2;0;1;1;1;2.18;1;2;4.36;1;0;0;1;2.18;1;00:07;00:17;00:07;0;0;0;0;0;0;322;123;1;2.18;1;0;0;0;4 minutes;0;3;6.55;2;6;13.1;0;38%;0;0
TheeObamanation;2868;89;25.45;1;2%;4;2;1;0;29,573;8,458.19;8,262;5,346;20;5.72;0;0;0;49;14.01;19;16;2.45;0;0;0;17;4.86;7;1;3;2;1;0;0;0;0;16;0;0;7;3;3;1;0;0;0;8;2.28;5;4;1;15;4.29;7;01:20;00:23;00:21;0;0;0;0;0;0;1,025;156;5;1.43;2;0;0;0;34 minutes;01:14;13;3.71;4;43;12.29;0;15%;15%;23%
vansama813;0;5;9.72;0;10%;16;8;8;0.05;7,489;14,572.52;5,173;4,296;5;9.72;0;0;0;7;13.62;5;5;1.4;0;1;0;3;5.83;2;1;1;0;0;0;0;0;0;5;0;0;2;1;1;0;0;0;0;1;1.94;1;0;0;0;0;0;00:17;00:33;00:09;0;0;0;0;0;0;358;158;1;1.94;1;0;0;0;5 minutes;0;4;7.78;2;6;11.67;0;44%;50%;0
Vince-F95Gunners;3369;3;6.42;0;9%;2;2;2;0;1,294;2,773.31;1,144;634;2;4.28;0;0;0;0;0;0;0;0;0;0;0;0;0;0;0;0;0;0;0;0;0;0;0;0;0;2;0;1;0;0;0;0;0;0;0;0;0;0;0;0;0;0;0;0;0;0;0;0;0;111;22;0;0;0;0;0;0;4 minutes;0;0;0;0;0;0;0;19%;20%;0
WhiteRangerOwnz;2633;0;0;0;0;0;0;0;0;897;15,509.23;897;897;1;17.28;0;0;0;1;17.28;1;1;1;0;0;0;0;0;0;0;0;0;0;0;0;0;0;1;0;0;0;0;0;0;0;0;0;0;0;0;0;0;0;0;0;0;0;0;0;0;0;0;0;0;103;38;0;0;0;0;0;0;49.02081502880901 seconds;0;1;17.28;1;0;0;0;36%;0;22%
WhitevisionPS;1785;3;6.57;0;0;0;0;0;0;2,457;5,381.1;1,876;983;5;10.95;0;0;0;5;10.95;3;2;1;0;0;0;2;4.38;2;0;0;0;0;0;0;0;0;2;0;0;1;0;0;0;0;0;0;0;0;0;0;0;3;6.57;2;00:29;01:04;00:26;0;0;0;0;0;0;109;20;2;4.38;2;0;0;0;5 minutes;0;3;6.57;2;3;6.57;0;18%;0;0
WidestLowen;0;2;9.85;0;5%;3;3;2;0.02;3,081;15,177.49;3,081;1,585;2;9.85;0;0;0;1;4.92;1;1;0.5;0;0;0;0;0;0;0;0;0;0;0;0;0;0;1;0;0;0;0;0;0;0;0;0;0;0;0;0;0;0;0;0;00:01;00:08;00:01;0;0;0;0;0;0;248;57;0;0;0;0;0;0;2 minutes;0;1;4.92;1;0;0;0;22%;0;0
wiktorjor2001;2881;21;38.36;0;1%;4;4;3;0;12,756;23,306.99;12,756;5,428;3;5.48;0;0;0;24;43.85;24;12;8;0;0;0;6;10.96;6;0;1;0;1;0;0;0;0;12;0;0;2;0;2;0;1;1.82;1;4;7.3;4;0;0;12;21.92;12;00:11;00:20;00:11;0;0;0;0;0;0;839;350;3;5.48;3;0;0;0;8 minutes;0;11;20.09;11;20;36.54;0;41%;0;100%
xbLeU;4329;47;47.61;0;4%;31;10;10;0.03;28,361;28,732.46;10,046;7,481;10;10.13;0;0;0;39;39.51;16;16;3.9;0;0;0;18;18.23;8;1;1;0;0;0;0;0;0;16;0;0;3;0;1;1;0;0;0;9;9.11;5;3;1;7;7.09;4;00:25;00:26;00:09;0;0;0;0;0;0;1,418;694;3;3.03;2;0;0;0;16 minutes;06:42;24;24.31;11;28;28.36;0;48%;0;39%
XCloud-4tlasX;2292;17;44.63;0;3%;2;2;1;0;3,860;10,134.66;3,860;1,537;4;10.5;0;0;0;15;39.38;15;8;3.75;0;0;0;7;18.37;7;0;0;0;0;0;0;0;0;8;0;0;1;1;0;0;0;0;0;5;13.12;5;0;0;8;21;8;00:11;00:29;00:11;0;0;0;0;0;0;187;54;3;7.87;3;0;0;0;5 minutes;00:59;5;13.12;5;13;34.13;0;28%;0;0
XDaRkFlMeMaSteX;3033;5;14.36;0;7%;3;3;2;0.01;974;2,798.06;904;492;3;8.62;0;0;0;1;2.87;1;1;0.33;0;0;0;0;0;0;0;0;0;0;0;0;0;0;1;0;0;1;0;0;1;0;0;0;0;0;0;0;0;0;0;0;0;0;0;0;0;0;0;0;0;146;42;0;0;0;0;0;0;3 minutes;0;1;2.87;1;0;0;0;28%;29%;57%
Xecrets;3992;1;14.18;0;0;0;0;0;0;1,135;16,100.54;1,135;1,055;1;14.18;0;0;0;1;14.18;1;1;1;0;0;0;0;0;0;0;0;0;0;0;0;0;0;1;0;0;0;0;0;0;0;0;0;0;0;0;0;0;1;14.18;1;0;0;0;0;0;0;0;0;0;41;8;0;0;0;0;0;0;1 minute;0;0;0;0;1;14.18;0;19%;0;0
xI_Ace_Ix;4158;0;0;0;0;0;0;0;0;236;1,044.63;236;136;2;8.86;0;0;0;1;4.43;1;1;0.5;0;0;0;0;0;0;0;0;0;0;0;0;0;0;1;0;0;1;0;0;0;0;0;0;0;0;0;0;0;0;0;0;0;0;0;0;0;0;0;0;0;40;11;0;0;0;0;0;0;1 minute;0;0;0;0;1;4.43;0;27%;27%;0
xShadow-DeWolfx;2748;3;29.87;0;0;0;0;0;0;1,703;16,955.3;1,703;1,703;1;9.95;0;0;0;1;9.95;1;1;1;0;0;0;0;0;0;0;0;0;0;0;0;0;0;1;0;0;0;0;0;0;0;0;0;0;0;0;0;0;0;0;0;0;0;0;0;0;0;0;0;0;47;12;0;0;0;0;0;0;1 minute;0;0;0;0;1;9.95;0;25%;0;100%
YoungShimada;3380;1;12.2;0;0;0;0;0;0;527;6,431.4;527;491;2;24.4;0;0;0;2;24.4;2;1;1;0;0;0;0;0;0;0;0;0;0;0;0;0;0;1;0;0;0;0;0;0;0;0;0;0;0;0;0;0;0;0;0;0;0;0;0;0;0;0;0;0;102;0;0;0;0;0;0;0;1 minute;0;0;0;0;2;24.4;0;0;0;0
zelda3232001;3446;10;19.62;1;0;0;0;0;0;4,769;9,361.02;4,769;3,535;2;3.92;0;0;0;23;45.14;23;16;11.5;0;0;0;7;13.74;7;0;0;0;0;0;0;0;0;16;0;0;0;0;0;0;0;0;0;1;1.96;1;0;0;13;25.51;13;00:16;00:33;00:16;0;0;0;0;0;0;246;30;2;3.92;2;0;0;0;4.168896984308958 seconds;00:03;5;9.81;5;23;45.14;0;12%;12%;100%
