aahmad3_3;2909;4;0;0;0;0;0;89,526;9,935;8,005;4,462;81;8.98;0;0;0;196;21.75;19;9;2.41;0;1;0;80;8.87;11;3;9;0;5;0;0;0;0;9;0;0;26;8;9;10;0;0;0;5;2;55;6.1;7;04:36;00:30;00:51;0;0;0;139;15.42;12;0;0;0;97;10.76;12;151;16.75;16;0;0;10;1.1;2;0;2,263;0.37;1;1 hour;10:13;0;0;0;0;0;0;59%
abra84kadabra;2388;3;0;0;0;0;0;49,380;4,432.42;3,591;2,377;71;6.37;0;0;0;196;17.59;18;17;2.76;0;6;0;53;4.75;6;4;11;2;6;0;0;0;22;17;0;0;21;8;4;9;0;0;0;0;0;93;8.34;10;04:16;00:23;00:38;0;0;0;139;12.47;13;0;0;0;171;15.34;18;149;13.37;13;0;0;5;0.44;1;0;2,385;0.33;1;2 hours;04:37;0;0;0;0;0;0;50%
aisia121;4402;0;0;0;0;0;0;2,067;2,730.94;1,305;1,305;5;6.6;0;0;0;8;10.57;7;7;1.6;0;0;0;2;2.64;1;0;1;0;0;0;0;0;0;7;0;0;1;1;0;1;0;0;0;0;0;1;1.32;1;00:14;00:19;00:10;0;0;0;10;13.21;6;0;0;0;4;5.28;4;0;0;0;0;0;2;2.64;1;0;240;0.49;1;--;00:01;0;0;0;0;0;0;65%
Akodak;3000;1;0;0;0;0;0;2,514;1,978.29;2,439;843;11;8.65;0;0;0;4;3.14;3;3;0.36;0;1;0;3;2.36;3;1;1;0;0;0;0;0;0;3;0;0;0;0;0;0;0;0;0;0;0;1;0.78;1;00:04;00:03;00:04;0;0;0;7;5.5;7;0;0;0;3;2.36;2;36;28.33;36;0;0;0;0;0;0;121;0.15;0;13 minutes;0;0;0;0;0;0;0;0
AutoBots_Kick_A;2901;0;0;0;0;0;0;3,029;11,776.47;3,029;2,923;1;3.88;0;0;0;12;46.64;12;12;12;0;0;0;3;11.66;3;0;0;0;0;0;0;0;0;12;0;0;0;0;0;0;0;0;0;0;0;1;3.88;1;00:03;00:15;00:03;0;0;0;5;19.43;5;0;0;0;4;15.54;4;4;15.54;4;0;0;2;7.77;2;0;36;0.14;0;4 minutes;0;0;0;0;0;0;0;0
BEN-B-en;0;0;0;0;0;0;0;2,456;18,092.44;1,903;1,110;5;36.83;0;0;0;8;58.93;6;4;1.6;0;0;0;2;14.73;2;0;0;0;0;0;0;0;0;4;0;0;0;0;0;0;0;0;0;0;0;2;14.73;2;00:13;01:41;00:12;0;0;0;1;7.36;1;0;0;0;4;29.46;3;8;58.93;6;0;0;0;0;0;0;35;0.1;0;5 minutes;0;0;0;0;0;0;0;0
BloodHoundHD;4088;0;0;0;0;0;0;990;14,376.45;990;957;1;14.51;0;0;0;2;29.03;2;2;2;0;0;0;2;29.03;2;0;0;0;0;0;0;0;0;2;0;0;0;0;0;0;0;0;0;0;0;0;0;0;0;0;0;0;0;0;0;0;0;0;0;0;1;14.51;1;1;14.51;1;0;0;0;0;0;0;0;0;0;1 minute;0;0;0;0;0;0;0;0
blueschopper0628;1959;4;0;0;0;0;0;168,351;5,009.82;4,677;4,508;230;6.84;0;0;0;481;14.31;17;15;2.09;0;1;0;129;3.83;5;12;34;5;18;0;0;0;0;15;0;0;64;30;13;21;0;0;0;6;5;151;4.49;9;13:17;00:23;00:37;0;0;0;412;12.26;12;0;0;0;340;10.11;12;295;8.77;9;0;0;23;0.68;3;0;7,791;0.4;1;5 hours;05:59;0;0;0;0;0;0;52%
BRAY-YAN;0;0;0;0;0;0;0;403;5,480.01;403;403;1;13.58;0;0;0;0;0;0;0;0;0;0;0;0;0;0;0;0;0;0;0;0;0;0;0;0;0;0;0;0;0;0;0;0;0;0;0;0;0;00:00;00:08;00:00;0;0;0;0;0;0;0;0;0;0;0;0;4;54.32;4;0;0;0;0;0;0;0;0;0;1 minute;0;0;0;0;0;0;0;0
Buahahahaha;2770;9;0;0;0;0;0;119,363;4,690.22;5,379;2,537;208;8.17;0;0;0;423;16.62;17;14;2.03;0;8;0;177;6.95;11;8;25;2;15;0;0;0;0;14;0;0;55;15;18;22;1;1;0.03;6;2;135;5.3;10;07:54;00:18;00:38;0;0;0;328;12.88;18;0;0;0;275;10.8;14;175;6.87;10;0;0;66;2.59;5;0;4,932;0.33;1;4 hours;19:51;0;0;0;0;0;0;59%
CrispeChris;3343;1;0;0;0;0;0;9,054;3,486.3;3,610;2,459;6;2.31;0;0;0;45;17.32;22;12;7.5;0;2;0;13;5;7;0;3;0;3;0;0;0;0;12;0;0;5;3;0;2;0;0;0;0;0;13;5;11;00:36;00:14;00:20;0;0;0;16;6.16;6;0;0;0;24;9.24;12;21;8.08;6;0;0;0;0;0;0;329;0.26;1;20 minutes;00:27;0;1;0;0;0;0;99%
cyber_animaI;4399;0;0;0;0;0;0;4,055;5,276.24;3,595;2,630;3;3.9;0;0;0;9;11.71;8;4;3;0;0;0;5;6.5;5;0;1;0;1;0;0;0;0;4;0;0;2;1;1;1;0;0;0;0;0;3;3.9;3;00:01;00:01;00:01;0;0;0;6;7.8;6;0;0;0;5;6.5;4;9;11.71;5;0;0;0;0;0;0;124;0.38;1;5 minutes;00:45;0;0;0;0;0;0;100%
CyberBuIIying;4034;0;0;0;0;0;0;2,126;1,744.72;1,441;1,245;3;2.46;0;0;0;3;2.46;2;2;1;0;0;0;1;0.82;1;0;1;0;1;0;0;0;0;2;0;0;2;1;1;0;0;0;0;0;0;0;0;0;00:12;00:10;00:12;0;0;0;2;1.64;2;0;0;0;1;0.82;1;5;4.1;5;0;0;1;0.82;1;0;56;0.13;0;6 minutes;0;0;0;0;0;0;0;99%
Divinity-X-;4116;0;0;0;0;0;0;937;5,480.48;937;937;1;5.84;0;0;0;5;29.24;5;5;5;0;0;0;1;5.84;1;0;0;0;0;0;0;0;0;5;0;0;0;0;0;0;0;0;0;0;0;0;0;0;0;0;0;0;0;0;0;0;0;0;0;0;4;23.39;4;5;29.24;5;0;0;0;0;0;0;12;0.08;0;2 minutes;0;0;0;0;0;0;0;0
Droxzio;3207;0;0;0;0;0;0;1,378;6,445.71;1,378;1,378;1;4.67;0;0;0;2;9.35;2;2;2;0;0;0;2;9.35;2;0;0;0;0;0;0;0;0;2;0;0;1;0;0;0;0;0;0;0;0;0;0;0;0;0;0;0;0;0;4;18.71;4;0;0;0;2;9.35;2;0;0;0;0;0;0;0;0;0;12;0.16;0;1 minute;0;0;0;0;0;0;0;0
eastcoastrider71;2268;0;0;0;0;0;0;2,917;4,289.88;918;785;9;13.23;0;0;0;4;5.88;4;3;0.44;0;0;0;1;1.47;1;1;1;0;0;0;0;0;0;3;0;0;1;0;0;0;0;0;0;0;0;1;1.47;1;00:13;00:20;00:03;0;0;0;0;0;0;0;0;0;2;2.94;2;9;13.23;3;0;0;0;0;0;0;27;0.05;0;7 minutes;0;0;0;0;0;0;0;0
ecotaku;2368;0;0;0;0;0;0;4,415;2,749.16;2,131;1,781;9;5.6;0;0;0;10;6.22;7;4;1.11;0;0;0;2;1.24;2;2;2;0;0;0;0;0;0;4;0;0;1;0;0;1;0;0;0;0;0;3;1.86;2;00:55;00:34;00:47;0;0;0;19;11.83;12;0;0;0;4;2.49;4;22;13.69;16;0;0;0;0;0;0;172;0.18;0;15 minutes;0;0;0;0;0;0;0;3%
Fade_BR;0;0;0;0;0;0;0;5,722;4,280.18;1,330;1,315;10;7.48;0;0;0;15;11.22;7;5;1.5;0;0;0;6;4.48;2;1;1;0;1;0;0;0;0;5;0;0;3;1;0;1;0;0;0;0;0;6;4.48;4;00:35;00:26;00:21;0;0;0;6;4.48;3;0;0;0;10;7.48;5;19;14.21;6;0;0;3;2.24;1;0;83;0.1;0;12 minutes;0;0;0;0;0;0;0;52%
Fecalum;3074;0;0;0;0;0;0;987;5,959.61;987;724;2;12.07;0;0;0;1;6.03;1;1;0.5;0;0;0;1;6.03;1;0;0;0;0;0;0;0;0;1;0;0;0;0;0;0;0;0;0;0;0;1;6.03;1;00:04;00:27;00:04;0;0;0;5;30.18;5;0;0;0;0;0;0;2;12.07;2;1;0;1;6.03;1;0;57;0.47;0;6.000440035015345 seconds;0;0;0;0;0;0;0;0
FlyNameHere;2199;2;0;0;0;0;0;30,694;3,356.3;2,551;1,399;69;7.54;0;0;0;143;15.63;15;11;2.07;0;0;0;28;3.06;5;5;9;0;4;2;0.25;0;76;11;0;0;14;6;2;6;0;0;0;3;2;85;9.29;11;04:52;00:31;00:40;0;0;0;64;6.99;9;0;0;0;125;13.66;12;100;10.93;11;0;0;4;0.43;1;0;1,216;0.19;1;1 hour;00:24;0;1;0;0;0;0;48%
games3_112;2604;2;0;0;0;0;0;11,827;4,288.84;3,484;3,272;9;3.26;0;0;0;38;13.77;11;11;4.22;0;0;0;15;5.43;5;1;3;0;2;0;0;0;0;11;0;0;8;2;2;4;0;0;0;0;0;13;4.71;6;00:31;00:11;00:12;0;0;0;18;6.52;10;0;0;0;28;10.15;10;97;35.17;28;0;0;2;0.72;1;0;252;0.12;0;33 minutes;01:44;0;0;0;0;0;0;80%
Gandalion;3514;2;0;0;0;0;0;57,514;9,914.38;6,202;6,111;53;9.13;0;0;0;155;26.71;19;15;2.92;0;0;0;38;6.55;6;2;6;1;3;0;0;0;0;15;0;0;14;3;4;7;0;0;0;3;1;40;6.89;11;02:31;00:26;00:37;0;0;0;56;9.65;7;0;0;0;113;19.47;15;101;17.41;13;0;0;8;1.37;1;0;1,184;0.27;1;1 hour;00:48;0;0;0;0;0;0;45%
GoMu___;4214;0;0;0;0;0;0;3,298;8,017.6;3,298;2,085;2;4.86;0;0;0;5;12.15;5;3;2.5;0;0;0;1;2.43;1;0;0;0;0;0;0;0;0;3;0;0;1;0;0;1;0;0;0;0;0;2;4.86;2;00:05;00:12;00:05;0;0;0;0;0;0;0;0;0;3;7.29;3;2;4.86;2;0;0;1;2.43;1;0;38;0.22;0;2 minutes;0;0;0;0;0;0;0;0
hourai127;2224;6;0;0;0;0;0;127,835;4,812.85;5,263;2,998;141;5.3;0;0;0;425;16;17;12;3.01;0;2;0;139;5.23;10;13;27;4;10;0;0;0;0;12;0;0;59;18;16;24;0;0;0;3;3;182;6.85;10;10:16;00:23;00:48;0;0;0;280;10.54;12;0;0;0;339;12.76;17;67;2.52;8;0;0;41;1.54;4;0;4,713;0.3;1;4 hours;09:58;0;0;0;0;0;0;39%
JonXSly;2840;0;0;0;0;0;0;9,623;10,346.67;4,896;2,484;11;11.82;0;0;0;20;21.5;12;6;1.81;0;0;0;6;6.45;5;1;1;0;0;0;0;0;0;6;0;0;2;1;1;0;0;0;0;0;0;11;11.82;6;00:32;00:34;00:19;0;0;0;10;10.75;6;0;0;0;12;12.9;7;17;18.27;12;0;0;0;0;0;0;132;0.19;0;11 minutes;00:43;0;0;0;0;0;0;37%
koba-ya;1337;23;0;0;0;0;0;497,805;4,073.45;12,077;4,874;439;3.59;0;0;0;1,530;12.51;36;18;3.48;0;12;0;899;7.35;18;0;0;13;48;0;0;0;0;18;0;0;0;50;0;0;0;0;0;4;10;346;2.83;16;17:52;00:08;01:34;0;0;0;699;5.71;24;0;0;0;847;6.93;24;264;2.16;16;0;0;436;3.56;12;4;13,158;0.17;1;1.3492729980498552 seconds;40:35;0;16;0;0;0;0;39%
kon5-TDRoki;2084;0;0;0;0;0;0;6,721;2,600.78;3,583;2,058;14;5.41;0;0;0;19;7.35;9;7;1.35;0;2;0;9;3.48;5;2;3;0;1;0;0;0;0;7;0;0;1;0;0;0;0;0;0;0;0;10;3.86;5;00:52;00:20;00:33;0;0;0;11;4.25;7;0;0;0;5;1.93;5;25;9.67;14;0;0;2;0.77;1;0;264;0.24;0;17 minutes;00:02;0;0;0;0;0;0;38%
lakejacher;0;0;0;0;0;0;0;822;2,211.45;822;398;3;8.07;0;0;0;7;18.83;7;4;2.33;0;0;0;2;5.38;2;0;0;0;0;0;0;0;0;4;0;0;1;0;0;0;0;0;0;0;0;3;8.07;3;00:04;00:11;00:04;0;0;0;3;8.07;3;0;0;0;7;18.83;7;5;13.45;5;0;0;0;0;0;0;100;0.4;0;4 minutes;0;0;0;0;0;0;0;100%
lemonanzu;0;0;0;0;0;0;0;2,446;19,871.72;2,446;2,446;0;0;0;0;0;10;81.22;10;10;0;0;0;0;4;32.49;4;0;0;0;0;0;0;0;0;10;0;0;0;0;0;0;0;0;0;0;0;4;32.49;4;00:06;00:50;00:06;0;0;0;1;8.12;1;0;0;0;7;56.85;7;1;8.12;1;0;0;1;8.12;1;0;60;0.51;1;1 minute;00:04;0;0;0;0;0;0;100%
Lyntune92;2044;0;0;0;0;0;0;5,987;5,693.09;2,655;1,934;7;6.65;0;0;0;23;21.87;10;8;3.28;0;0;0;4;3.8;2;0;1;1;0;0;0;0;0;8;0;0;3;2;1;0;0;0;0;0;0;8;7.6;4;00:44;00:42;00:28;0;0;0;12;11.41;6;0;0;0;18;17.11;8;7;6.65;3;0;0;0;0;0;0;285;0.4;0;11 minutes;0;0;0;0;0;0;0;30%
M5roosh_ksa;3563;0;0;0;0;0;0;2,331;3,153.67;835;680;12;16.23;0;0;0;14;18.93;8;6;1.16;0;7;0;6;8.11;4;1;1;0;0;0;0;0;0;6;0;0;2;0;0;1;0;0;0;0;0;1;1.35;1;00:09;00:13;00:05;0;0;0;11;14.88;6;0;0;0;11;14.88;7;7;9.46;6;0;0;0;0;0;0;120;0.21;0;9 minutes;0;0;0;0;0;0;0;25%
MAAFX;2990;0;0;0;0;0;0;2,960;5,219.33;2,101;1,273;7;12.34;0;0;0;19;33.49;12;11;2.71;0;0;0;8;14.1;5;0;1;0;0;0;0;0;0;11;0;0;1;0;1;1;0;0;0;0;0;16;28.2;10;01:14;02:12;00:37;0;0;0;3;5.28;2;0;0;0;18;31.73;12;6;10.57;5;0;0;1;1.76;1;0;136;0.27;0;8 minutes;00:05;0;0;0;0;0;0;52%
MagIish;4344;0;0;0;0;0;0;1,733;3,040.63;1,733;927;3;5.26;0;0;0;10;17.54;10;4;3.33;0;0;0;3;5.26;3;0;1;0;1;0;0;0;0;4;0;0;1;0;0;1;0;0;0;0;0;3;5.26;3;00:07;00:13;00:07;0;0;0;5;8.77;5;0;0;0;6;10.52;6;5;8.77;5;0;0;1;1.75;1;0;141;0.56;1;4 minutes;0;0;0;0;0;0;0;100%
Megaan_57;3178;0;0;0;0;0;0;2,168;5,001.8;2,168;2,145;2;4.61;0;0;0;9;20.76;9;8;4.5;0;0;0;1;2.3;1;0;0;0;0;0;0;0;0;8;0;0;0;0;0;0;0;0;0;0;0;0;0;0;00:07;00:17;00:07;0;0;0;4;9.22;4;0;0;0;5;11.53;5;4;9.22;4;0;0;0;0;0;0;93;0.45;0;3 minutes;0;0;0;0;0;0;0;0
MEOW987;2679;1;0;0;0;0;0;42,903;5,465.11;4,334;3,330;54;6.87;0;0;0;148;18.85;18;13;2.74;0;7;0;52;6.62;7;2;8;1;4;0;0;0;0;13;0;0;20;6;7;7;0;0;0;3;3;49;6.24;10;02:24;00:18;00:24;0;0;0;60;7.64;6;0;0;0;99;12.61;15;79;10.06;10;0;0;18;2.29;3;0;1,524;0.36;1;1 hour;06:49;0;0;0;0;0;0;57%
miya-matsuura919;2431;0;0;0;0;0;0;125;228.76;125;125;0;0;0;0;0;0;0;0;0;0;0;0;0;0;0;0;1;1;0;0;0;0;0;0;0;0;0;0;0;0;0;0;0;0;0;0;0;0;0;0;0;0;0;0;0;0;0;0;0;0;0;0;0;0;0;0;0;0;0;0;0;0;0;58;0.22;0;4 minutes;0;0;0;0;0;0;0;0
Morgenarc;3323;2;0;0;0;0;0;12,381;7,344.11;3,793;2,977;9;5.33;0;0;0;36;21.35;13;7;4;0;0;0;15;8.89;8;1;2;0;0;0;0;0;0;7;0;0;4;1;1;2;0;0;0;0;0;16;9.49;6;00:35;00:20;00:11;0;0;0;42;24.91;13;0;0;0;14;8.3;5;54;32.03;17;0;0;3;1.77;1;0;449;0.38;1;19 minutes;02:54;0;0;0;0;0;0;8%
MrTsVIRUS;2353;0;0;0;0;0;0;1,818;12,273.71;1,818;1,651;2;13.49;0;0;0;1;6.74;1;1;0.5;0;0;0;1;6.74;1;0;0;0;0;0;0;0;0;1;0;0;0;0;0;0;0;0;0;0;0;0;0;0;00:03;00:24;00:03;0;0;0;1;6.74;1;0;0;0;1;6.74;1;3;20.24;3;0;0;1;6.74;1;0;33;0.28;0;1 minute;0;0;0;0;0;0;0;0
NickalaiHomebrew;3224;1;0;0;0;0;0;28,125;7,322.52;3,853;3,853;29;7.55;0;0;0;61;15.88;10;10;2.1;0;0;0;16;4.16;4;1;4;0;2;0;0;0;0;10;0;0;8;5;2;1;0;0;0;3;2;14;3.64;4;00:51;00:13;00:08;0;0;0;50;13.01;6;0;0;0;46;11.97;8;7;1.82;3;0;0;3;0.78;1;0;696;0.28;0;40 minutes;0;0;0;0;0;0;0;64%
NINJALEX323;4049;0;0;0;0;0;0;11,291;9,059.94;4,480;4,184;4;3.2;0;0;0;31;24.87;12;12;7.75;0;0;0;13;10.43;7;0;1;0;1;0;0;0;0;12;0;0;2;0;1;2;0;0;0;0;0;3;2.4;2;00:10;00:08;00:06;0;0;0;19;15.24;10;0;0;0;14;11.23;6;12;9.62;5;0;0;1;0.8;1;0;345;0.47;1;12 minutes;0;0;0;0;0;0;0;100%
OttovonKillmark;0;0;0;0;0;0;0;742;1,625.14;742;628;2;4.38;0;0;0;3;6.57;3;2;1.5;0;0;0;2;4.38;2;0;0;0;0;0;0;0;0;2;0;0;2;1;0;1;0;0;0;0;0;0;0;0;00:01;00:03;00:01;0;0;0;0;0;0;0;0;0;2;4.38;2;1;2.19;1;0;0;0;0;0;0;96;0.4;0;3 minutes;0;0;0;0;0;0;0;100%
Prey1nMantis;2494;0;0;0;0;0;0;450;1,271.17;366;366;0;0;0;0;0;1;2.82;1;1;0;0;0;0;0;0;0;0;0;0;0;0;0;0;0;1;0;0;1;0;0;0;0;0;0;0;0;0;0;0;00:01;00:02;00:01;0;0;0;0;0;0;0;0;0;1;2.82;1;1;2.82;1;0;0;0;0;0;0;0;0;0;2 minutes;0;0;0;0;0;0;0;0
Quentin_JJ;0;0;0;0;0;0;0;2,038;5,732.17;2,038;1,290;2;5.62;0;0;0;12;33.74;12;9;6;0;0;0;5;14.06;5;0;0;0;0;0;0;0;0;9;0;0;0;0;0;0;0;0;0;0;0;7;19.68;7;00:10;00:29;00:10;0;0;0;4;11.24;4;0;0;0;8;22.49;8;11;30.93;11;0;0;0;0;0;0;43;0.16;0;4 minutes;00:41;0;0;0;0;0;0;100%
redsunset7;2665;0;0;0;0;0;0;948;5,214.47;948;948;1;5.5;0;0;0;1;5.5;1;1;1;0;0;0;1;5.5;1;0;0;0;0;0;0;0;0;1;0;0;1;0;0;1;0;0;0;0;0;1;5.5;1;00:10;00:58;00:10;0;0;0;0;0;0;0;0;0;1;5.5;1;1;5.5;1;0;0;0;0;0;0;5;0.08;0;54.7372660189867 seconds;0;0;0;0;0;0;0;0
rencpee;2745;0;0;0;0;0;0;1,168;1,726.78;618;325;8;11.83;0;0;0;5;7.39;5;2;0.62;0;1;0;0;0;0;0;1;0;0;0;0;0;0;2;0;0;1;0;1;0;0;0;0;0;0;0;0;0;00:04;00:06;00:04;0;0;0;1;1.47;1;0;0;0;2;2.95;2;9;13.31;5;0;0;0;0;0;0;12;0.02;0;8 minutes;0;0;0;0;0;0;0;54%
Shadowfox55;2799;0;0;0;0;0;0;2,004;8,818.68;2,004;1,708;2;8.79;0;0;0;5;21.99;5;4;2.5;0;0;0;1;4.39;1;0;0;0;0;0;0;0;0;4;0;0;0;0;0;0;0;0;0;0;0;1;4.39;1;00:09;00:40;00:09;0;0;0;5;21.99;5;0;0;0;4;17.59;4;4;17.59;4;0;0;0;0;0;0;117;0.53;1;3 minutes;0;0;0;0;0;0;0;0
shadowstrixx;2873;1;0;0;0;0;0;36,875;5,678.81;4,273;2,207;60;9.24;0;0;0;110;16.94;12;11;1.83;0;0;0;30;4.62;4;3;6;1;2;0;0;0;0;11;0;0;16;7;4;5;0;0;0;3;1;47;7.23;8;03:14;00:29;00:22;0;0;0;110;16.94;12;0;0;0;76;11.7;11;119;18.32;15;0;0;6;0.92;2;0;1,664;0.35;1;1 hour;00:28;0;0;0;0;0;0;37%
sloohy99;2897;0;0;0;0;0;0;1,039;4,612.53;1,039;497;3;13.31;0;0;0;4;17.75;4;2;1.33;0;0;0;0;0;0;0;0;0;0;0;0;0;0;2;0;0;1;0;0;0;0;0;0;0;0;0;0;0;00:00;00:03;00:00;0;0;0;0;0;0;0;0;0;2;8.87;2;0;0;0;0;0;0;0;0;0;0;0;0;2 minutes;0;0;0;0;0;0;0;100%
subzilllaa;3870;0;0;0;0;0;0;455;4,396.17;455;428;1;9.65;0;0;0;1;9.65;1;1;1;0;0;0;0;0;0;0;0;0;0;0;0;0;0;1;0;0;0;0;0;0;0;0;0;0;0;0;0;0;0;0;0;0;0;0;0;0;0;0;0;0;1;9.65;1;0;0;0;0;0;0;0;0;0;0;0;0;1 minute;0;0;0;0;0;0;0;0
T4nh3ngz;3824;0;0;0;0;0;0;1,387;11,885.27;1,387;1,387;1;8.56;0;0;0;1;8.56;1;1;1;0;0;0;0;0;0;0;0;0;0;0;0;0;0;1;0;0;0;0;0;0;0;0;0;0;0;1;8.56;1;0;0;0;0;0;0;2;17.13;2;0;0;0;0;0;0;3;25.7;3;0;0;0;0;0;0;9;0.1;0;1 minute;0;0;0;0;0;0;0;100%
The_Bob_tw;3073;0;0;0;0;0;0;1,106;3,893.24;736;736;4;14.08;0;0;0;4;14.08;3;3;1;0;0;0;3;10.56;2;0;0;0;0;0;0;0;0;3;0;0;1;0;1;0;0;0;0;0;0;2;7.04;2;00:16;00:57;00:11;0;0;0;1;3.52;1;0;0;0;3;10.56;3;4;14.08;3;0;0;1;3.52;1;0;16;0.06;0;4 minutes;0;0;0;0;0;0;0;0%
TheRagerGamer;3760;0;0;0;0;0;0;0;0;0;0;0;0;0;0;0;0;0;0;0;0;0;0;0;0;0;0;0;0;0;0;0;0;0;0;0;0;0;0;0;0;0;0;0;0;0;0;0;0;0;0;0;0;0;0;0;0;0;0;0;0;0;0;0;0;1;84.14;1;0;0;0;0;0;0;0;0;0;7.068732985295355 seconds;0;0;0;0;0;0;0;0
timohilde86;3478;1;0;0;0;0;0;9,127;4,928.97;6,151;3,023;5;2.7;0;0;0;39;21.06;21;11;7.8;0;0;0;6;3.24;4;0;2;0;2;0;0;0;0;11;0;0;4;1;1;2;0;0;0;0;0;13;7.02;12;00:17;00:09;00:15;0;0;0;5;2.7;2;0;0;0;29;15.66;16;21;11.34;14;0;0;1;0.54;1;0;480;0.48;1;16 minutes;02:52;0;0;0;0;0;0;100%
vichda;3193;0;0;0;0;0;0;12,182;5,734.06;3,019;1,763;26;12.23;0;0;0;26;12.23;9;6;1;0;0;0;12;5.64;4;1;2;0;0;0;0;0;0;6;0;0;6;1;2;3;0;0;0;0;0;9;4.23;3;00:42;00:19;00:14;0;0;0;37;17.41;12;0;0;0;13;6.11;5;28;13.17;8;0;0;1;0.47;1;0;397;0.27;0;24 minutes;00:24;0;0;0;0;0;0;14%
Vince-F95Gunners;3369;0;0;0;0;0;0;4,635;3,981.01;4,545;4,079;7;6.01;0;0;0;12;10.3;12;8;1.71;0;2;0;3;2.57;3;1;1;0;0;0;0;0;0;8;0;0;2;0;1;1;0;0;0;0;0;6;5.15;6;00:07;00:06;00:07;0;0;0;6;5.15;6;0;0;0;9;7.73;9;5;4.29;4;0;0;0;0;0;0;186;0.33;1;9 minutes;0;0;0;0;0;0;0;28%
WhiteRangerOwnz;2633;0;0;0;0;0;0;7,494;8,349.01;3,994;1,446;11;12.25;0;0;0;19;21.16;10;6;1.72;0;1;0;8;8.91;4;0;1;0;1;0;0;0;0;6;0;0;1;0;0;1;0;0;0;0;0;3;3.34;2;00:16;00:18;00:11;0;0;0;11;12.25;11;0;0;0;11;12.25;6;9;10.02;5;0;0;2;2.22;2;0;244;0.29;0;13 minutes;0;0;0;0;0;0;0;59%
XCloud-4tlasX;2292;1;0;0;0;0;0;6,793;6,458.22;3,955;2,013;7;6.65;0;0;0;40;38.02;20;10;5.71;0;0;0;10;9.5;5;0;1;1;0;0;0;0;0;10;0;0;3;0;1;2;0;0;0;3;1;10;9.5;5;00:12;00:11;00:11;0;0;0;8;7.6;6;0;0;0;28;26.61;14;7;6.65;4;0;0;1;0.95;1;0;264;0.45;1;9 minutes;01:15;0;0;0;0;0;0;3%
