BEBOFLOW-PR;3689;4;896;95,984;7,976.89;10,585;6,650;114;9.47;218;18.11;32;19;1.91;180;15;23;277;23;32;3;77;6.39;12;8;12;1;4;18,298;1,520.64;2,599;1,005;19;26;15;4;7;2;0.16;1;3;2;76;6.31;11;08:17;00:41;00:58;100;8;17;33,010;10,923;12;0.99;2;0;2 hours;08:44;10;33%;36%;29%
BEN-B-en;0;0;27;4,730;3,459.51;2,529;628;15;10.96;9;6.58;7;3;0.6;7;5;5;12;9;7;0;7;5.11;5;1;1;0;0;927;678.13;717;560;3;3;1;0;1;1;0.73;1;0;0;2;1.46;2;00:33;00:24;00:14;0;0;0;1,873;569;3;2.19;3;0;15 minutes;0;0;30%;52%;18%
boneh;3996;0;41;12,041;6,020.32;7,572;5,158;3;1.49;39;19.49;24;12;13;16;8;10;31;15;18;1;11;5.49;8;0;2;0;2;1,649;824.48;1,388;1,388;12;4;4;0;0;1;0.49;1;0;0;11;5.49;6;00:47;00:23;00:26;14;7;9;3,455;1,499;2;0.99;2;0;14 minutes;02:17;0;43%;44%;100%
DutchieSoInsane;2610;0;492;44,364;8,785.94;8,429;2,376;57;11.28;135;26.73;28;10;2.36;64;13;13;103;20;20;1;62;12.27;15;1;5;0;4;6,468;1,280.93;1,710;704;10;16;7;1;7;2;0.39;1;3;1;59;11.68;20;05:13;01:02;01:48;42;8;10;13,730;5,388;18;3.56;4;0;1 hour;03:56;0;39%;43%;76%
eliteboy_1da;3496;0;40;4,291;23,775.35;4,291;2,203;2;11.08;13;72.02;13;7;6.5;10;55;10;11;61;11;0;6;33.24;6;0;0;0;0;393;2,177.54;393;246;7;1;0;0;0;1;5.54;1;0;0;7;38.78;7;00:23;02:09;00:23;3;17;3;1,242;491;1;5.54;1;0;4 minutes;01:53;0;39%;0;100%
koba-ya;1337;0;247;40,147;3,152.38;7,753;5,893;11;0.86;99;7.77;20;10;9;43;3;8;139;11;20;0;72;5.65;15;10;13;1;2;2,207;173.29;402;402;10;6;3;2;1;2;0.15;1;0;0;16;1.25;8;00:57;00:04;00:15;22;2;6;12,100;4,593;40;3.14;6;0;2 hours;00:55;1;37%;57%;15%
Miz_One;1361;90;6,493;1,051,618;5,258.94;15,594;5,973;902;4.51;2,631;13.15;48;17;2.91;2,570;13;36;5,550;28;79;7;811;4.05;16;109;200;9;82;219,014;1,095.25;3,855;2,635;17;286;169;24;93;19;0.09;2;4;17;1,025;5.12;28;01:59:34;00:35;03:52;1,231;6;24;451,459;134,183;264;1.32;7;10;39 hours;20:57;212;29%;61%;40%
nyanyamui_401;2781;0;95;12,114;6,808.87;10,568;1,928;19;10.67;33;18.54;31;6;1.73;27;15;22;36;20;31;0;15;8.43;13;2;2;0;0;1,073;603.08;757;684;6;4;2;0;2;1;0.56;1;3;1;11;6.18;10;01:17;00:43;01:06;16;9;16;4,893;1,487;2;1.12;1;0;24 minutes;00:27;0;30%;29%;0
Quentin_JJ;0;0;50;7,530;14,137.79;7,530;3,085;12;22.53;17;31.91;17;4;1.41;14;26;14;15;28;15;0;7;13.14;7;1;1;0;0;906;1,700.86;906;282;4;2;1;0;1;1;1.87;1;0;0;3;5.63;3;00:24;00:45;00:24;6;11;6;1,795;608;3;5.63;3;0;10 minutes;00:47;0;33%;33%;0
SpanishK;2586;10;1,539;209,633;9,185.37;15,543;7,430;244;10.69;542;23.74;45;13;2.22;382;17;27;531;23;43;4;266;11.65;17;10;23;2;11;33,202;1,454.79;3,000;936;13;58;27;8;23;2;0.08;1;3;3;215;9.42;28;23:38;01:02;02:28;153;7;15;57,646;23,622;81;3.54;10;0;4 hours;37:54;17;40%;66%;48%
xbLeU;4329;1;57;9,260;13,823.38;5,826;2,391;6;8.95;23;34.33;17;7;3.83;13;19;8;14;21;9;0;13;19.4;12;0;1;0;1;482;719.66;314;169;7;2;0;1;1;1;1.49;1;0;0;10;14.92;8;01:08;01:41;00:34;6;9;3;2,619;1,001;3;4.47;3;0;10 minutes;00:12;0;38%;0;99%
