Aetar-6205;4038;1;87;8,155;10,778.47;4,050;3,726;2;2.64;29;38.33;20;15;14.5;5;7;3;8;11;4;0;9;11.89;6;0;1;0;1;1,914;2,529.44;1,849;1,849;15;2;1;1;1;1;1.32;1;0;0;1;1.32;1;00:18;00:25;00:13;3;4;2;1,919;739;1;1.32;1;0;7 minutes;0;0;38%;37%;100%
Boosted-11707;3534;0;15;4,625;10,922.32;4,625;3,133;2;4.72;8;18.89;8;6;4;3;7;3;9;21;9;0;4;9.44;4;0;0;0;0;65;153.49;65;65;6;1;0;0;0;1;2.36;1;0;0;1;2.36;1;00:21;00:50;00:21;2;5;2;1,232;573;1;2.36;1;0;4 minutes;0;0;46%;0;0%
Echo-1591;2520;0;181;20,408;6,983.08;4,751;3,012;38;13;36;12.31;13;6;0.94;39;13;13;64;22;19;0;18;6.15;5;2;3;0;0;2,066;707.06;391;391;6;7;3;3;1;1;0.34;1;0;0;22;7.52;10;02:56;01:00;00:40;19;7;10;6,353;2,393;8;2.73;2;0;34 minutes;00:23;0;37%;42%;16%
EddieSick-1801;2602;0;69;11,013;6,724.49;5,178;1,862;19;11.6;38;23.2;25;5;2;12;7;6;12;7;6;0;15;9.15;10;0;2;0;1;1,729;1,055.56;1,401;457;5;3;1;1;2;2;1.22;2;3;1;16;9.76;12;01:25;00:52;00:41;8;5;5;3,385;1,194;6;3.66;3;0;19 minutes;00:04;0;35%;100%;85%
Elite-12888;3058;0;324;39,667;10,383.18;9,104;5,242;28;7.32;95;24.86;25;14;3.39;46;12;12;104;27;23;1;28;7.32;9;1;4;0;2;3,447;902.17;1,054;730;14;8;5;2;1;4;1.04;1;3;1;34;8.89;12;02:52;00:45;00:46;39;10;8;13,533;4,075;3;0.78;1;0;48 minutes;05:51;0;30%;27%;64%
Fruit-11445;3215;0;73;12,718;12,730.1;3,373;2,914;8;8;23;23.02;8;7;2.87;20;20;5;29;29;6;0;9;9;3;1;1;0;0;1,011;1,011.68;357;271;7;2;1;1;0;1;1;1;0;0;9;9;5;00:56;00:56;00:23;7;7;3;2,439;959;0;0;0;0;10 minutes;0;0;39%;52%;28%
Headshots-21991;3069;2;1,083;101,932;8,260.25;12,747;3,344;188;15.23;213;17.26;32;7;1.13;155;13;18;230;19;28;0;100;8.1;14;8;12;0;4;3,668;297.21;999;390;7;29;10;8;10;11;0.89;3;4;3;59;4.78;9;10:14;00:49;02:14;52;4;8;29,489;11,378;28;2.26;6;0;2 hours;05:08;3;38%;53%;31%
iamstrained-1896;3163;0;39;2,991;6,332.11;2,549;2,549;3;6.35;7;14.81;6;6;2.33;6;13;6;10;21;9;0;3;6.35;2;0;0;0;0;105;222.25;105;105;6;1;0;0;1;1;2.11;1;0;0;0;0;0;00:01;00:03;00:01;0;0;0;1,276;399;1;2.11;1;0;5 minutes;0;0;31%;29%;45%
ilyNoobz-2325;2282;3;483;47,344;7,710.1;10,932;3,965;46;7.49;152;24.75;33;11;3.3;77;13;25;116;19;37;0;66;10.74;13;1;6;0;5;8,996;1,464.97;2,243;1,390;11;15;9;3;4;3;0.48;2;3;4;57;9.28;19;05:20;00:52;01:46;35;6;11;16,688;5,724;16;2.6;4;0;1 hour;10:18;1;34%;45%;75%
LiNkzr-2434;4517;3;509;55,809;12,206.69;14,800;4,626;41;8.96;160;34.99;40;13;3.9;100;22;27;120;26;33;1;72;15.74;20;1;5;0;4;7,838;1,714.44;2,694;1,558;13;13;3;6;4;2;0.43;1;3;3;54;11.81;13;04:13;00:55;00:55;47;10;16;13,143;5,572;18;3.93;8;0;59 minutes;10:33;0;42%;51%;76%
matth-2900;4081;0;161;14,817;7,035.96;1,844;932;35;16.62;39;18.51;7;6;1.11;5;2;5;13;6;6;0;23;10.92;5;1;2;0;1;759;360.64;311;311;6;5;2;2;1;1;0.47;1;0;0;23;10.92;6;02:22;01:07;00:20;1;0;1;5,221;1,894;5;2.37;3;0;27 minutes;02:53;1;36%;50%;46%
Mendokusaii-2955;4629;1;141;23,324;11,427.67;9,393;7,714;13;6.36;39;19.1;16;8;3;38;19;10;49;24;13;0;23;11.26;9;0;2;0;2;3,753;1,838.58;1,458;1,458;8;7;1;4;1;2;0.97;2;0;0;16;7.83;6;01:10;00:34;00:32;12;6;5;4,708;2,436;7;3.42;3;0;20 minutes;04:16;0;51%;62%;90%
neptuNo-2723;4423;0;234;21,562;13,972.81;5,883;3,621;13;8.42;60;38.88;16;10;4.61;44;29;11;55;36;15;0;29;18.79;8;0;2;0;1;5,362;3,474.64;2,152;1,503;10;5;2;2;1;3;1.94;1;0;0;23;14.9;9;01:37;01:03;00:30;21;14;7;4,850;2,157;5;3.24;2;0;19 minutes;06:02;0;44%;92%;74%
Okeg-1695;1596;1;102;13,538;10,814.84;10,939;3,614;13;10.38;34;27.16;29;15;2.61;18;14;18;29;23;24;4;25;19.97;24;1;1;0;0;2,394;1,912.7;2,394;721;15;1;1;0;0;1;0.79;1;0;0;11;8.78;8;01:10;00:56;00:42;6;5;5;4,999;1,694;15;11.98;14;0;24 minutes;00:40;0;33%;31%;18%
Realzx-21536;0;0;96;13,986;8,994.12;8,903;2,756;20;12.86;26;16.71;21;7;1.3;23;15;17;23;15;17;0;12;7.71;7;1;2;0;1;1,365;877.61;597;578;7;4;1;2;1;1;0.64;1;0;0;15;9.64;15;01:54;01:13;01:27;7;5;6;4,150;1,655;2;1.28;1;0;17 minutes;01:37;0;39%;45%;35%
Rebecca-12561;2677;0;185;16,715;8,357.3;12,935;3,875;16;7.99;38;18.99;36;12;2.37;14;7;10;23;11;18;0;12;5.99;12;2;2;0;0;854;427.22;626;340;12;6;2;3;1;1;0.49;1;0;0;16;7.99;16;01:27;00:43;01:22;9;4;9;5,526;1,748;1;0.49;1;0;21 minutes;01:38;0;31%;31%;0
Rhorik-1715;2392;0;231;19,917;8,369.77;5,917;1,651;24;10.08;48;20.17;17;6;2;52;22;18;84;35;32;1;16;6.72;4;2;2;0;1;1,310;550.67;808;579;6;3;1;1;1;2;0.84;1;0;0;17;7.14;6;01:02;00:26;00:23;28;12;12;7,324;2,632;4;1.68;2;0;32 minutes;01:56;0;35%;48%;29%
Rusy-1409;3618;0;88;10,587;8,945.72;4,559;2,257;14;11.82;37;31.26;17;7;2.64;16;14;7;35;30;17;1;14;11.82;9;0;1;0;1;244;206.27;137;137;7;1;0;1;0;1;0.84;1;0;0;20;16.89;10;01:20;01:08;00:47;11;9;5;3,421;1,336;6;5.06;6;0;16 minutes;01:08;0;39%;22%;97%
SLEDGE-11954;0;1;463;43,403;8,712.31;14,272;6,958;38;7.62;98;19.67;31;15;2.57;69;14;32;117;23;43;0;54;10.83;13;4;5;1;0;5,209;1,045.51;1,776;699;15;13;4;3;6;1;0.2;1;0;0;25;5.01;10;02:19;00:28;00:59;32;6;16;11,624;4,912;25;5.01;8;0;54 minutes;06:58;2;42%;49%;9%
Surefour-2559;4825;1;233;30,118;16,981.48;8,044;7,071;11;6.2;60;33.82;17;16;5.45;50;28;13;62;35;21;0;28;15.78;7;0;2;0;2;2,352;1,326.25;570;543;16;6;1;1;4;1;0.56;1;4;2;34;19.17;13;02:04;01:10;00:35;31;17;12;6,511;3,196;3;1.69;1;0;22 minutes;04:44;0;49%;77%;92%
thehacker-1190;2124;1;295;42,490;9,795.97;12,096;4,408;40;9.22;95;21.9;34;7;2.37;66;15;22;75;17;23;0;51;11.75;19;2;4;0;2;3,290;758.55;976;383;7;13;5;4;4;5;1.15;1;3;1;42;9.68;14;05:19;01:13;01:23;25;6;8;10,387;3,769;15;3.45;6;0;52 minutes;04:48;1;36%;29%;57%
watt-1213;4398;0;110;14,278;15,688.34;10,946;3,317;11;12.08;44;48.34;35;8;4;14;15;11;25;27;21;0;21;23.07;16;1;1;0;0;435;478.33;240;240;8;3;1;1;1;1;1.09;1;0;0;24;26.37;16;01:33;01:42;01:00;11;12;9;3,138;1,448;1;1.09;1;0;15 minutes;01:04;0;46%;46%;0
willeat4food-1488;2854;0;12;4,332;10,078.7;4,244;4,244;2;4.65;17;39.55;16;16;8.5;7;16;7;12;28;10;0;7;16.28;7;0;0;0;0;1,030;2,397.56;1,030;1,030;16;1;1;0;0;1;2.32;1;0;0;4;9.3;4;00:28;01:05;00:14;3;7;2;1,220;386;1;2.32;1;0;5 minutes;02:18;0;31%;34%;100%
xCritell-1344;2119;9;2,693;313,571;9,663.43;19,119;4,999;390;12.01;763;23.51;43;15;1.95;484;15;39;927;29;57;10;282;8.69;17;19;32;1;13;32,216;992.82;3,309;899;15;63;37;11;15;10;0.3;2;3;4;302;9.3;25;33:21;01:01;01:53;305;9;21;116,213;36,415;44;1.35;4;0;7 hours;28:53;14;31%;39%;39%
Y19251658-2148;4291;1;35;6,462;14,797.05;5,287;4,804;4;9.16;15;34.35;13;9;3.75;10;23;10;13;30;12;0;8;18.32;7;0;0;0;0;1,163;2,664.05;1,105;966;9;2;1;0;0;1;2.29;1;0;0;8;18.32;7;00:21;00:49;00:18;6;14;5;1,314;548;1;2.29;1;0;4 minutes;01:40;0;41%;0;100%
Zaren-21550;2394;0;79;6,015;8,751.27;2,428;1,455;11;16;13;18.91;5;3;1.18;11;16;6;23;33;10;2;4;5.81;2;1;1;0;0;666;968.78;250;250;3;2;1;1;1;2;2.9;2;0;0;5;7.27;3;00:58;01:24;00:27;1;1;1;2,065;706;0;0;0;0;8 minutes;0;3;34%;0;0
