A Bishop;3000;0;0;0;0;0;0;3,952;10,241;3,952;4,171;10,809.08;4,171;1,384;4;10.36;0;0;0;13;33.68;13;5;3.25;0;1;0;4;10.36;4;0;0;0;0;0;0;0;0;3;7.77;3;5;0;0;1;1;0;0;1;2.59;1;2;5.18;1;0;0;0;0;6;15.54;6;00:41;01:47;00:41;0;0;0;30;77.74;30;1;3;1;0;0;0;0;0;1;2.59;1;0;0;0;6 minutes;0;0;0;0;0;0;0;0
A Camping Cat;4143;0;0;0;0;0;0;7,194;16,720;4,286;4,775;11,098.46;2,995;1,777;7;16.26;0;0;0;10;23.24;9;5;1.42;0;2;0;5;11.62;5;0;0;0;0;0;0;0;0;1;2.32;1;5;0;0;1;0;1;0;0;0;0;1;2.32;1;0;0;0;0;3;6.97;2;00:12;00:29;00:10;0;0;0;26;60.42;24;0;0;0;0;0;0;0;0;1;2.32;1;0;0;0;6 minutes;0;0;0;0;0;0;0;25%
Abdul Ahkbar;4001;0;0;0;0;0;0;5,204;19,550;3,000;1,823;6,848.73;1,248;977;4;15.02;0;0;0;6;22.53;3;3;1.5;0;0;0;1;3.75;1;0;0;0;0;0;0;0;0;2;7.51;1;3;0;0;1;1;0;0;0;0;0;0;0;0;0;0;0;0;2;7.51;2;00:25;01:34;00:15;0;0;0;12;45.07;10;0;0;0;0;0;0;0;0;0;0;0;0;0;0;4 minutes;0;0;0;0;0;0;0;41%
AlwazeUlty;2555;0;0;0;0;0;0;10,497;7,457;3,583;6,314;4,484.93;1,638;1,128;19;13.49;0;0;0;17;12.07;7;4;0.89;0;0;0;11;7.81;5;1;1;0;0;0;0;0;0;2;1.42;1;4;0;0;2;1;1;0;0;0;0;2;1.42;1;0;0;0;0;5;3.55;2;00:52;00:37;00:25;0;0;0;31;22.02;10;2;1;1;0;0;0;0;0;3;2.13;2;0;0;0;15 minutes;0;0;0;0;0;0;0;27%
Asco HD;2385;0;0;0;0;0;0;5,624;8,107;3,575;3,327;4,795.45;1,893;1,419;4;5.76;0;0;0;12;17.29;9;6;3;0;0;1;4;5.76;2;1;1;0;0;0;0;0;0;1;1.44;1;6;0;0;1;1;0;0;0;0;0;1;1.44;1;0;0;3;1;4;5.76;2;01:14;01:47;00:49;0;0;0;20;28.82;12;1;1;1;0;0;0;0;0;1;1.44;1;0;0;0;9 minutes;0;0;0;0;0;0;0;0
BatmanDobbins;3836;0;1%;3;3;3;0.04;10,406;18,638;6,182;3,211;14,631.28;3,211;3,211;1;4.55;0;0;0;13;23.28;8;3;1.3;0;0;0;6;10.74;5;0;0;0;0;0;0;0;0;2;3.58;2;3;0;0;0;0;0;0;0;0;0;1;1.79;1;0;0;0;0;9;16.12;5;02:45;04:56;01:50;0;0;0;26;46.57;18;1;2;1;0;0;0;510;214;1;1.79;1;0;0;0;1 minute;00:05;0;0;0;0;41%;41%;87%
bear0488;3216;0;0;0;0;0;0;24,313;9,042;11,417;17,633;6,557.96;7,275;2,505;17;6.32;0;0;0;73;27.14;36;13;4.29;0;0;1;23;8.55;14;1;3;0;2;0;0;0;0;14;5.2;7;13;0;0;6;1;2;3;1;0.37;1;8;2.97;3;0;0;4;1;21;7.81;13;02:47;01:02;01:32;0;0;0;82;30.49;33;5;2;3;0;0;0;0;0;6;2.23;4;0;0;0;28 minutes;01:37;0;0;0;0;0;0;74%
Beyond Volscian;0;0;0;0;0;0;0;3,709;8,615;3,709;4,318;10,027.89;4,318;2,349;4;9.29;0;0;0;11;25.54;11;6;2.75;0;0;0;4;9.29;4;0;0;0;0;0;0;0;0;3;6.96;3;6;0;0;1;0;1;0;0;0;0;2;4.64;2;0;0;3;1;2;4.64;2;00:25;00:59;00:25;0;0;0;21;48.77;21;2;5;2;0;0;0;0;0;1;2.32;1;0;0;0;5 minutes;0;0;0;0;0;0;0;100%
BornOnMonday;2914;0;0;0;0;0;0;733;2,336;733;478;1,523.64;478;315;2;6.37;0;0;0;2;6.37;2;2;1;0;0;0;0;0;0;0;0;0;0;0;0;0;0;0;0;0;2;0;0;1;0;0;0;0;0;0;0;0;0;0;0;0;0;2;6.37;2;00:06;00:20;00:06;0;0;0;4;12.74;4;0;0;0;0;0;0;0;0;0;0;0;0;0;0;1 minute;0;0;0;0;5;0;0;0
bossy ross;3171;0;0;0;0;0;0;2,040;17,032;1,200;304;2,534.16;304;303;2;16.69;0;0;0;1;8.34;1;1;0.5;0;0;0;0;0;0;0;0;0;0;0;0;0;0;1;8.34;1;1;0;0;0;0;0;0;0;0;0;0;0;0;0;0;0;0;0;0;0;00:03;00:26;00:03;0;0;0;2;16.69;2;0;0;0;0;0;0;0;0;0;0;0;0;0;0;1 minute;00:26;0;0;0;0;0;0;85%
Bounce Cityyyyy;3145;0;0;0;0;0;0;16,448;12,022;7,464;10,874;7,947.94;4,774;1,385;25;18.27;0;0;0;32;23.39;19;7;1.28;0;0;0;11;8.04;6;1;1;0;0;0;0;0;0;10;7.3;7;7;0;0;4;3;1;1;0;0;0;3;2.19;2;0;0;0;0;7;5.11;4;01:39;01:12;00:38;0;0;0;87;63.59;35;3;2;2;0;0;0;0;0;3;2.19;2;0;0;0;19 minutes;0;0;0;0;0;0;0;0
Breezy2369;3815;1;0;0;0;0;0;38,280;10,769;8,612;33,411;9,399.24;8,833;2,870;37;10.4;0;0;0;133;37.41;43;11;3.59;0;2;2;48;13.5;13;1;4;0;3;0;0;0;0;27;7.59;7;11;0;0;11;6;3;3;1;0.28;1;27;7.59;4;0;0;4;1;46;12.94;11;05:30;01:33;01:05;0;0;0;203;57.1;46;16;5;5;0;0;0;0;0;3;0.84;1;0;0;0;47 minutes;03:41;0;0;0;0;0;0;71%
C0RPORAL;2982;0;0;0;0;0;0;759;2,952;759;1,275;4,960.4;1,275;1,275;1;3.88;0;0;0;0;0;0;0;0;0;0;0;0;0;0;0;0;0;0;0;0;0;0;0;0;0;0;0;0;1;1;0;0;0;0;0;0;0;0;0;0;0;0;0;0;0;00:08;00:32;00:08;0;0;0;3;11.66;3;0;0;0;0;0;0;0;0;0;0;0;0;0;0;1 minute;0;0;0;0;0;0;0;0
C1ZR;4124;1;0;0;0;0;0;23,205;9,482;5,846;16,863;6,890.41;4,536;2,144;28;11.44;0;0;0;69;28.19;20;9;2.46;0;0;0;21;8.58;6;0;2;0;2;0;0;0;0;11;4.49;4;9;0;0;6;2;2;2;0;0;0;5;2.04;4;0;0;3;1;25;10.21;9;03:26;01:24;01:11;0;0;0;73;29.82;27;3;1;3;0;0;0;0;0;4;1.63;2;0;0;0;32 minutes;01:20;0;0;0;0;0;0;82%
CCT DARK;2700;0;0;0;0;0;0;600;16,325;600;333;9,066.46;333;331;1;27.2;0;0;0;0;0;0;0;0;0;0;0;0;0;0;0;0;0;0;0;0;0;0;0;0;0;0;0;0;0;0;0;0;0;0;0;0;0;0;0;0;0;0;0;0;0;00:05;02:36;00:05;0;0;0;1;27.2;1;0;0;0;0;0;0;0;0;0;0;0;0;0;0;33.00243796873838 seconds;0;0;0;0;0;0;0;0
ChaosMage251;3000;0;22%;2;2;2;0.02;2,606;9,452;2,606;647;6,746.86;647;647;5;18.13;5;52;5;4;41.73;4;4;1.8;0;1;0;1;10.43;1;0;0;0;0;696;7,260;696;696;1;3.62;1;4;0;0;0;1;0;0;0;0;0;1;3.62;1;0;0;0;0;6;21.76;6;00:04;00:46;00:04;5;52;5;23;83.41;23;0;0;0;0;0;0;62;9;1;3.62;1;0;0;0;1 minute;00:19;0;0;0;0;14%;15%;100%
Chazsy;4156;0;0;0;0;0;0;17,647;9,746;5,661;19,268;10,640.75;5,743;2,812;18;9.94;0;0;0;53;29.26;17;11;2.94;0;0;2;20;11.04;8;1;2;0;1;0;0;0;0;7;3.86;5;11;0;0;4;2;0;2;0;0;0;5;2.76;3;0;0;0;0;24;13.25;8;02:40;01:28;01:00;0;0;0;86;47.49;36;4;2;2;0;0;0;0;0;3;1.65;2;0;0;0;20 minutes;01:33;0;0;0;0;0;0;71%
Chopper Le Porc;0;0;0;0;0;0;0;77,255;8,632;8,581;54,103;6,045.11;5,355;2,173;112;12.51;0;0;0;160;17.87;16;8;1.42;0;6;10;65;7.26;8;6;9;0;3;0;0;0;0;26;2.9;4;8;0;0;30;11;9;9;1;0.11;1;20;2.23;3;0;0;4;2;52;5.81;9;08:22;00:56;00:52;0;0;0;310;34.63;44;13;1;3;0;0;0;0;0;18;2.01;3;0;0;0;1 hour;01:51;0;0;0;11;0;0;38%
CHRISBREEZY0413;2912;0;0;0;0;0;0;600;23,662;600;249;9,807.54;249;237;1;39.43;0;0;0;0;0;0;0;0;0;0;0;0;0;0;0;0;0;0;0;0;0;0;0;0;0;0;0;0;0;0;0;0;0;0;0;0;0;0;0;0;0;0;0;0;0;00:02;01:42;00:02;0;0;0;2;78.87;2;0;0;0;0;0;0;0;0;0;0;0;0;0;0;27.28943598922342 seconds;0;0;0;0;0;0;0;0
Coluge;4435;0;0;0;0;0;0;600;24,554;600;42;1,710.56;42;42;1;40.92;0;0;0;0;0;0;0;0;0;0;0;0;0;0;0;0;0;0;0;0;0;0;0;0;0;0;0;0;0;0;0;0;0;0;0;0;0;0;0;0;0;0;0;0;0;00:05;03:45;00:05;0;0;0;2;81.84;2;0;0;0;0;0;0;0;0;0;0;0;0;0;0;23.238674002699554 seconds;0;0;0;0;0;0;0;100%
commander 8899;3234;0;0;0;0;0;0;12,407;11,152;4,754;8,861;7,964.57;2,788;2,788;11;9.88;0;0;0;30;26.96;10;10;2.72;0;0;1;9;8.08;3;1;1;0;0;0;0;0;0;3;2.69;1;10;0;0;4;1;2;1;0;0;0;3;2.69;1;0;0;3;1;19;17.07;10;02:43;02:27;00:56;0;0;0;45;40.44;14;5;4;2;0;0;0;0;0;1;0.89;1;1;0;0;16 minutes;00:03;0;0;0;4;0;0;31%
Conduit;3347;0;0;0;0;0;0;7,703;9,543;2,992;5,835;7,228.79;2,470;1,491;11;13.62;0;0;0;18;22.3;11;11;1.63;0;0;0;3;3.71;3;0;1;0;0;0;0;0;0;4;4.95;3;11;0;0;2;1;1;1;0;0;0;1;1.23;1;0;0;3;1;4;4.95;2;00:34;00:43;00:14;0;0;0;20;24.77;9;1;1;1;0;0;0;0;0;0;0;0;0;0;0;11 minutes;0;0;0;0;0;0;0;39%
Corey Burlinson;4077;0;0;0;0;0;0;138;7,649;138;139;7,676.5;139;139;0;0;0;0;0;2;110.84;2;2;0;0;0;0;1;55.42;1;0;0;0;0;0;0;0;0;0;0;0;2;0;0;0;0;0;0;0;0;0;0;0;0;0;0;0;0;1;55.42;1;00:01;01:11;00:01;0;0;0;0;0;0;0;0;0;0;0;0;0;0;0;0;0;0;0;0;18.521707985550165 seconds;0;0;0;0;0;0;0;100%
Coscoro;2016;0;0;0;0;0;0;3,183;8,079;3,183;2,337;5,931.48;2,337;799;4;10.15;0;0;0;8;20.3;8;3;2;0;0;0;2;5.07;2;0;0;0;0;0;0;0;0;2;5.07;2;3;0;0;1;1;0;0;0;0;0;0;0;0;0;0;0;0;4;10.15;4;00:30;01:17;00:30;0;0;0;9;22.84;9;0;0;0;0;0;0;0;0;2;5.07;2;0;0;0;4 minutes;0;0;0;0;0;0;0;0
DeftOrthruss;3000;0;0;0;0;0;0;1,200;18,710;1,200;179;2,790.85;179;179;1;15.59;0;0;0;1;15.59;1;1;1;0;0;0;0;0;0;0;0;0;0;0;0;0;0;0;0;0;1;0;0;0;0;0;0;0;0;0;0;0;0;0;0;0;0;0;0;0;00:08;02:05;00:08;0;0;0;2;31.18;2;0;0;0;0;0;0;0;0;0;0;0;0;0;0;1 minute;0;0;0;0;0;0;0;74%
Dominator1992;2532;0;0;0;0;0;0;9,648;17,701;3,982;5,027;9,223.77;2,039;799;14;25.68;0;0;0;12;22.01;6;4;0.85;0;0;0;2;3.66;2;0;1;0;0;0;0;0;0;4;7.33;3;4;0;0;1;0;0;1;0;0;0;2;3.66;2;0;0;0;0;3;5.5;3;01:53;03:27;01:27;0;0;0;26;47.7;16;2;4;2;0;0;0;0;0;2;3.66;2;0;0;0;10 minutes;0;0;0;0;0;0;0;28%
DOMINICKYO;2337;0;0;0;0;0;0;1,562;4,355;1,562;643;642.01;364;279;16;15.97;0;0;0;1;0.99;1;1;0.06;0;0;0;0;0;0;1;1;0;0;0;0;0;0;1;2.78;1;1;0;0;1;0;1;1;0;0;0;0;0;0;0;0;0;0;1;2.78;1;00:13;00:13;00:11;0;0;0;7;19.52;7;0;0;0;0;0;0;663;51;0;0;0;0;0;0;10 minutes;0;0;0;0;10;7%;33%;0
DoubledLizard;2764;0;12%;6;6;4;0.08;46,496;11,785;7,272;1,042;12,743.15;1,042;420;3;36.68;0;0;0;85;21.54;21;7;1.37;0;1;1;29;7.35;8;0;0;0;1;0;0;0;0;17;4.3;7;7;0;0;0;0;0;0;0;0;0;10;2.53;4;0;0;3;1;37;9.37;10;00:07;01:26;00:07;0;0;0;156;39.53;42;9;2;5;0;0;0;231;47;3;0.76;2;0;0;0;1 minute;01:47;0;0;0;0;20%;0;27%
Drakothius;3028;1;0;0;0;0;0;18,924;9,204;5,823;17,199;8,365.22;6,839;1,768;29;14.1;0;0;0;67;32.58;32;7;2.31;0;2;2;26;12.64;14;0;2;0;2;0;0;0;0;12;5.83;4;7;0;0;7;4;2;1;0;0;0;9;4.37;6;0;0;0;0;25;12.15;10;03:46;01:50;01:14;0;0;0;87;42.31;33;10;5;7;0;0;0;0;0;12;5.83;7;0;0;0;30 minutes;01:06;0;0;0;0;0;0;83%
DrivebySamura1;3959;0;0;0;0;0;0;10,511;10,204;3,600;9,244;8,974.73;2,828;1,554;11;10.67;0;0;0;18;17.47;5;4;1.63;0;0;0;11;10.67;3;0;1;0;1;0;0;0;0;6;5.82;2;4;0;0;3;0;1;2;2;1.94;1;4;3.88;1;0;0;0;0;6;5.82;4;01:08;01:06;00:25;0;0;0;36;34.94;15;0;0;0;0;0;0;0;0;1;0.97;1;1;0;0;12 minutes;01:23;0;0;0;7;0;0;70%
Dub6 Pingouino;3285;0;0;0;0;0;0;7,341;9,115;3,357;6,698;8,316.84;4,268;3,084;9;11.17;0;0;0;23;28.56;18;14;2.55;0;0;1;7;8.69;6;0;1;0;0;0;0;0;0;3;3.72;1;14;0;0;2;0;1;1;0;0;0;2;2.48;2;0;0;0;0;14;17.38;14;01:33;01:56;01:17;0;0;0;22;27.31;16;4;5;4;0;0;0;0;0;2;2.48;1;1;0;0;10 minutes;01:32;0;0;0;1;0;0;40%
Elsayer;0;0;0;0;0;0;0;600;14,485;600;559;13,499.27;559;555;1;24.14;0;0;0;0;0;0;0;0;0;0;0;0;0;0;0;0;0;0;0;0;0;0;0;0;0;0;0;0;0;0;0;0;0;0;0;0;0;0;0;0;0;0;0;0;0;0;0;0;0;0;0;0;0;0;0;0;0;0;0;0;0;0;0;0;0;0;0;0;44.09050105139613 seconds;0;0;0;0;0;0;0;0
FANCYHOODLUM;3555;1;0;0;0;0;0;23,933;7,496;5,542;21,217;6,645.09;6,177;2,521;20;6.26;0;0;0;81;25.36;25;15;4.05;0;0;0;21;6.57;5;1;3;0;2;0;0;0;0;17;5.32;4;15;0;0;9;3;3;3;0;0;0;7;2.19;3;0;0;3;1;36;11.27;17;05:21;01:40;02:00;0;0;0;125;39.15;44;7;2;3;0;0;0;0;0;2;0.62;2;1;0;0;35 minutes;00:40;0;0;0;8;0;0;74%
Fat Hamm;2576;0;0;0;0;0;0;10,685;17,666;8,885;7,096;11,732.55;6,649;2,607;12;19.84;0;0;0;31;51.25;31;15;2.58;0;0;1;9;14.88;9;1;1;0;0;0;0;0;0;5;8.26;5;15;0;0;2;0;1;0;0;0;0;7;11.57;7;0;0;0;0;20;33.06;20;01:39;02:45;01:33;0;0;0;35;57.86;35;6;10;6;0;0;0;0;0;0;0;0;0;0;0;11 minutes;00:54;0;0;0;0;0;0;0
FBorrego;0;1;0;0;0;0;0;17,333;9,767;4,809;15,141;8,532.17;5,452;1,996;16;9.01;0;0;0;57;32.12;20;10;3.56;0;1;0;25;14.08;9;0;2;0;2;0;0;0;0;9;5.07;3;10;0;0;4;1;2;2;0;0;0;9;5.07;3;0;0;3;1;29;16.34;13;03:17;01:51;01:14;0;0;0;84;47.33;25;8;5;4;0;0;0;0;0;7;3.94;3;0;0;0;23 minutes;00:36;0;0;0;8;0;0;100%
Fluebinosh;2623;1;0;0;0;0;0;127,571;14,173;18,200;94,997;10,553.88;20,221;3,619;180;19.99;0;0;0;237;26.33;52;9;1.31;0;6;15;106;11.77;27;6;9;0;3;0;0;0;0;44;4.88;8;9;0;0;23;9;6;8;0;0;0;48;5.33;10;0;0;3;3;133;14.77;34;25:22;02:49;05:34;0;0;0;614;68.21;117;31;3;7;0;0;0;0;0;27;2.99;6;0;0;0;2 hours;08:14;0;0;0;1;0;0;37%
fusion360elite;2922;0;0;0;0;0;0;24,781;9,217;5,630;23,595;8,776.16;7,049;1,789;35;13.01;0;0;0;76;28.26;17;8;2.17;0;1;1;21;7.81;6;2;3;0;1;0;0;0;0;12;4.46;4;8;0;0;11;4;2;4;0;0;0;8;2.97;4;0;0;4;2;32;11.9;8;05:50;02:10;01:37;0;0;0;117;43.51;32;4;1;2;0;0;0;0;0;3;1.11;1;0;0;0;35 minutes;0;0;0;0;0;0;0;29%
Gbox36;2906;1;0;0;0;0;0;4,517;9,629;4,517;2,438;5,196.8;2,438;1,095;4;8.52;0;0;0;11;23.45;11;6;2.75;0;0;0;2;4.26;2;0;0;0;0;0;0;0;0;1;2.13;1;6;0;0;0;0;0;0;0;0;0;1;2.13;1;0;0;3;1;7;14.92;7;00:51;01:49;00:51;0;0;0;13;27.71;13;0;0;0;0;0;0;0;0;0;0;0;0;0;0;4 minutes;0;0;0;0;0;0;0;100%
Gooty73;2817;0;0;0;0;0;0;600;12,524;600;184;3,840.89;184;181;1;20.87;0;0;0;0;0;0;0;0;0;0;0;0;0;0;0;0;0;0;0;0;0;0;0;0;0;0;0;0;0;0;0;0;0;0;0;0;0;0;0;0;0;0;0;0;0;00:07;02:39;00:07;0;0;0;1;20.87;1;0;0;0;0;0;0;0;0;0;0;0;0;0;0;37.44884692505002 seconds;0;0;0;0;0;0;0;0
HarleyHltman2nd;2351;0;0;0;0;0;0;8,951;8,951;8,951;7,672;7,672.24;7,672;1,228;11;11;0;0;0;32;32;32;6;2.9;0;0;2;12;12;12;0;1;0;1;0;0;0;0;2;2;2;6;0;0;4;1;2;1;0;0;0;11;11;10;0;0;0;0;20;20;20;02:15;02:15;02:15;0;0;0;41;41;41;9;9;9;0;0;0;0;0;5;5;5;0;0;0;10 minutes;02:00;0;0;0;0;0;0;100%
Hei Wong;3000;0;0;0;0;0;0;1,200;19,919;600;392;6,512.47;239;236;1;16.59;0;0;0;0;0;0;0;0;0;0;0;0;0;0;0;0;0;0;0;0;0;0;0;0;0;0;0;0;0;0;0;0;0;0;0;0;0;0;0;0;0;0;0;0;0;00:07;02:02;00:03;0;0;0;3;49.79;3;0;0;0;0;0;0;0;0;0;0;0;0;0;0;53.152203005738556 seconds;00:04;0;0;0;0;0;0;39%
i like esportz;3190;0;0;0;0;0;0;1,719;12,535;1,719;736;5,364.01;736;736;1;7.29;0;0;0;5;36.45;5;5;5;0;0;0;1;7.29;1;0;0;0;0;0;0;0;0;4;29.16;4;5;0;0;1;0;0;0;0;0;0;0;0;0;0;0;0;0;1;7.29;1;00:09;01:11;00:09;0;0;0;6;43.75;6;0;0;0;0;0;0;0;0;0;0;0;0;0;0;1 minute;0;0;0;0;0;0;0;91%
iArctos;4294;0;0;0;0;0;0;10,045;9,087;6,943;11,042;9,989.62;7,349;2,910;11;9.95;0;0;0;30;27.14;17;12;2.72;0;0;2;13;11.76;7;0;1;0;1;0;0;0;0;9;8.14;5;12;0;0;3;1;1;2;0;0;0;5;4.52;3;0;0;0;0;9;8.14;8;01:35;01:26;00:46;0;0;0;73;66.04;57;4;4;3;0;0;0;0;0;5;4.52;4;0;0;0;12 minutes;01:06;0;0;0;0;0;0;80%
IGenjiMain;3814;0;0;0;0;0;0;15,647;11,624;7,541;12,741;9,465.12;7,824;3,092;15;11.14;0;0;0;44;32.68;23;13;2.93;0;1;2;13;9.65;7;0;1;0;1;0;0;0;0;6;4.45;6;13;0;0;4;2;1;1;0;0;0;4;2.97;3;0;0;4;1;18;13.37;7;01:47;01:19;00:56;0;0;0;73;54.23;36;4;3;3;0;0;0;0;0;3;2.22;3;0;0;0;17 minutes;02:35;0;0;0;0;0;0;80%
II BigGash II;2763;0;0;0;0;0;0;1,128;15,135;1,128;1,191;15,982.05;1,191;1,191;0;0;0;0;0;1;13.42;1;1;0;0;0;0;1;13.42;1;0;0;0;0;0;0;0;0;0;0;0;1;0;0;0;0;0;0;0;0;0;0;0;0;0;0;0;0;1;13.42;1;00:20;04:31;00:20;0;0;0;0;0;0;0;0;0;0;0;0;0;0;1;13.42;1;0;0;0;1 minute;0;0;0;0;0;0;0;0
II Scar3CroW;2790;0;0;0;0;0;0;5,794;6,127;2,343;2,624;2,774.29;1,368;657;9;9.51;0;0;0;7;7.4;5;3;0.77;0;1;0;1;1.05;1;1;1;0;0;0;0;0;0;2;2.11;1;3;0;0;0;0;0;0;0;0;0;0;0;0;0;0;0;0;6;6.34;5;00:31;00:33;00:18;0;0;0;14;14.8;11;0;0;0;0;0;0;0;0;0;0;0;0;0;0;7 minutes;0;0;0;0;0;0;0;8%
II SirMaru II;2461;0;0;0;0;0;0;2,582;8,306;2,582;2,651;8,527.83;2,651;2,651;0;0;0;0;0;12;38.6;12;12;0;0;0;1;3;9.65;3;0;0;0;0;0;0;0;0;1;3.21;1;12;0;0;1;0;1;1;0;0;0;3;9.65;3;0;0;0;0;9;28.95;9;00:31;01:41;00:31;0;0;0;13;41.81;13;2;6;2;0;0;0;0;0;1;3.21;1;0;0;0;3 minutes;00:27;0;0;0;0;0;0;100%
II Table;3498;0;0;0;0;0;0;913;7,369;913;749;6,046.6;749;447;2;16.14;0;0;0;0;0;0;0;0;0;0;0;0;0;0;0;0;0;0;0;0;0;0;0;0;0;0;0;0;0;0;0;0;0;0;0;0;0;0;0;0;0;0;0;0;0;0;0;0;0;0;0;0;0;0;0;0;0;0;0;0;0;0;0;0;0;0;0;0;3.922791004180908 seconds;0;0;0;0;0;0;0;100%
Im Voxie;4020;0;0;0;0;0;0;7,113;14,731;4,937;5,017;10,390.26;4,396;1,768;4;8.28;0;0;0;20;41.42;17;7;5;0;0;0;8;16.56;7;0;0;0;0;0;0;0;0;10;20.71;10;7;0;0;1;1;0;0;0;0;0;1;2.07;1;0;0;0;0;3;6.21;2;00:26;00:55;00:19;0;0;0;36;74.56;31;0;0;0;0;0;0;0;0;1;2.07;1;0;0;0;8 minutes;0;0;0;0;0;0;0;0
Ind3mnity;2389;0;0;0;0;0;0;5,958;10,081;3,029;3,885;6,572.5;1,961;1,400;1;44.14;0;0;0;10;16.91;9;6;2.5;0;0;0;2;3.38;1;0;0;0;0;0;0;0;0;1;1.69;1;6;0;0;0;0;1;0;0;0;0;2;3.38;1;0;0;0;0;5;8.45;4;01:06;01:52;00:43;0;0;0;27;45.68;20;2;3;1;0;0;0;40;0;0;0;0;0;0;0;15.266847007907927 seconds;0;0;0;0;0;0;0;78%
Infamous Bounty;4047;0;0;0;0;0;0;21,530;16,831;9,621;14,779;11,553.8;5,807;3,810;23;17.98;0;0;0;42;32.83;16;12;1.82;0;0;1;23;17.98;8;0;1;0;1;0;0;0;0;12;9.38;6;12;0;0;3;1;1;1;0;0;0;5;3.9;2;0;0;0;0;10;7.81;4;01:45;01:22;00:36;0;0;0;102;79.73;41;3;2;2;0;0;0;0;0;4;3.12;2;0;0;0;22 minutes;04:27;0;0;0;0;0;0;73%
Itothean511;3963;0;0;0;0;0;0;1,782;12,640;1,782;856;6,073.6;856;346;3;21.28;0;0;0;0;0;0;0;0;0;0;0;0;0;0;0;0;0;0;0;0;0;0;0;0;0;0;0;0;0;0;0;0;0;0;0;0;0;0;0;0;0;0;0;0;0;00:04;00:33;00:04;0;0;0;4;28.37;4;0;0;0;0;0;0;0;0;0;0;0;0;0;0;1 minute;0;0;0;0;0;0;0;0
ItsCONRAD;3497;1;0;0;0;0;0;97,901;11,761;6,877;71,382;8,575.33;9,871;3,421;100;12.01;0;0;0;238;28.59;52;17;2.38;0;4;3;71;8.52;16;4;8;0;5;0;0;0;0;54;6.48;11;17;0;0;23;11;4;8;2;0.24;1;45;5.4;11;0;0;3;6;106;12.73;26;14:21;01:43;02:27;0;0;0;505;60.66;82;26;3;6;0;0;0;0;0;12;1.44;4;1;0;0;2 hours;06:27;0;0;0;11;0;0;54%
iuya;3991;0;0;0;0;0;0;2,895;17,669;1,695;1,421;8,676.89;1,182;770;3;18.31;0;0;0;6;36.62;6;4;2;0;0;0;1;6.1;1;0;0;0;0;0;0;0;0;0;0;0;4;0;0;1;0;0;0;0;0;0;2;12.2;1;0;0;0;0;6;36.62;6;00:22;02:15;00:21;0;0;0;3;18.31;3;1;6;1;0;0;0;0;0;0;0;0;0;0;0;2 minutes;00:15;0;0;0;0;0;0;92%
IX HALFBREED XI;2667;0;0;0;0;0;0;3,973;8,211;3,773;5,661;11,698.99;5,358;2,686;6;12.39;0;0;0;10;20.66;9;6;1.66;0;0;1;4;8.26;4;0;0;0;0;0;0;0;0;2;4.13;2;6;0;0;2;0;1;1;0;0;0;2;4.13;2;0;0;0;0;4;8.26;3;01:11;02:28;01:06;0;0;0;29;59.92;29;2;4;2;0;0;0;0;0;1;2.06;1;0;0;0;5 minutes;01:30;0;0;0;0;0;0;0
JDaawg23;2231;0;0;0;0;0;0;7,527;12,382;6,040;4,906;8,070.5;4,330;1,380;8;13.16;0;0;0;19;31.25;18;9;2.37;0;1;0;8;13.16;8;0;1;0;1;0;0;0;0;2;3.29;2;9;0;0;2;1;0;1;0;0;0;1;1.64;1;0;0;0;0;7;11.51;7;00:49;01:21;00:45;0;0;0;17;27.96;15;0;0;0;0;0;0;0;0;2;3.29;2;0;0;0;11 minutes;00:29;0;0;0;0;0;0;91%
KEIHEI;3624;0;0;0;0;0;0;2,085;6,836;2,085;3,360;11,015.04;3,360;3,360;0;0;0;0;0;9;29.5;9;9;0;0;0;0;6;19.66;6;0;0;0;0;0;0;0;0;3;9.83;3;9;0;0;1;0;0;0;0;0;0;2;6.55;1;0;0;0;0;3;9.83;3;00:27;01:29;00:27;0;0;0;22;72.12;22;1;3;1;0;0;0;0;0;2;6.55;2;0;0;0;1 minute;00:25;0;0;0;0;0;0;100%
King TurkeyNeck;0;0;0;0;0;0;0;7,776;10,154;4,557;6,027;7,870.43;3,045;1,192;10;13.05;0;0;0;17;22.19;9;4;1.7;0;1;1;9;11.75;6;0;1;0;0;0;0;0;0;0;0;0;4;0;0;3;1;1;1;0;0;0;1;1.3;1;0;0;0;0;6;7.83;4;00:48;01:03;00:24;0;0;0;20;26.11;11;1;1;1;0;0;0;0;0;0;0;0;0;0;0;10 minutes;0;0;0;0;0;0;0;6%
Kingg Tuttle;0;0;0;0;0;0;0;1,200;17,020;1,200;687;9,740.11;687;687;1;14.18;0;0;0;3;42.55;3;3;3;0;0;0;0;0;0;0;0;0;0;0;0;0;0;1;14.18;1;3;0;0;0;0;0;0;0;0;0;0;0;0;0;0;3;1;3;42.55;3;00:13;03:14;00:13;0;0;0;3;42.55;3;0;0;0;0;0;0;0;0;0;0;0;0;0;0;57.376368053257465 seconds;0;0;0;0;0;0;0;0
Kypahh;3508;0;0;0;0;0;0;9,590;10,473;4,858;7,813;8,532.24;3,644;2,399;11;12.01;0;0;0;16;17.47;7;4;1.45;0;1;0;11;12.01;6;1;1;0;0;0;0;0;0;3;3.27;2;4;0;0;3;1;1;1;1;1.09;1;3;3.27;1;0;0;0;0;5;5.46;4;00:55;01:00;00:29;0;0;0;52;56.79;43;1;1;1;0;0;0;0;0;2;2.18;1;0;0;0;9 minutes;00:12;0;0;0;0;0;0;33%
LanceHasPants;3461;0;0;0;0;0;0;3,688;15,012;3,688;4,360;17,747.31;4,360;3,402;4;16.28;0;0;0;14;56.98;14;12;3.5;0;0;1;9;36.63;9;0;0;0;0;0;0;0;0;2;8.14;2;12;0;0;1;0;0;0;1;4.07;1;4;16.28;2;0;0;0;0;4;16.28;4;00:26;01:46;00:26;0;0;0;21;85.48;21;3;12;3;0;0;0;0;0;0;0;0;0;0;0;4 minutes;02:13;0;0;0;0;0;0;0
Lefty Supremacy;2323;0;0;0;0;0;0;2,293;3,268;1,444;4,110;5,857.04;2,293;490;13;18.52;0;0;0;8;11.39;4;2;0.61;0;1;1;5;7.12;3;0;1;0;0;0;0;0;0;1;1.42;1;2;0;0;1;0;0;0;0;0;0;1;1.42;1;0;0;0;0;3;4.27;2;00:36;00:52;00:18;0;0;0;19;27.07;14;1;1;1;0;0;0;0;0;2;2.84;1;0;0;0;9 minutes;0;0;0;0;0;0;0;34%
limited death;0;0;0;0;0;0;0;1,720;5,338;1,720;1,080;3,352.01;1,080;755;1;3.1;0;0;0;6;18.62;6;5;6;0;0;0;4;12.41;4;0;0;0;0;0;0;0;0;0;0;0;5;0;0;1;0;1;0;0;0;0;2;6.2;2;0;0;0;0;4;12.41;4;00:15;00:48;00:15;0;0;0;4;12.41;4;1;3;1;0;0;0;0;0;0;0;0;0;0;0;1 minute;0;0;0;0;1;0;0;100%
limmme;3478;0;0;0;0;0;0;600;15,493;600;241;6,222.01;241;241;1;25.82;0;0;0;1;25.82;1;1;1;0;0;0;0;0;0;0;0;0;0;0;0;0;0;0;0;0;1;0;0;0;0;0;0;0;0;0;0;0;0;0;0;0;0;1;25.82;1;00:06;02:41;00:06;0;0;0;0;0;0;0;0;0;0;0;0;0;0;0;0;0;0;0;0;42.154481990262866 seconds;0;0;0;0;0;0;0;0
Lycanz;4036;0;0;0;0;0;0;16,187;11,533;3,099;8,678;6,182.5;1,193;840;20;14.24;0;0;0;30;21.37;7;5;1.5;0;1;1;11;7.83;3;1;1;0;1;0;0;0;0;11;7.83;3;5;0;0;5;1;2;2;0;0;0;2;1.42;2;0;0;0;0;10;7.12;4;01:53;01:20;00:21;0;0;0;74;52.72;12;2;1;2;0;0;0;0;0;2;1.42;1;0;0;0;19 minutes;0;0;0;0;1;0;0;46%
MajorCris;3262;0;0;0;0;0;0;7,889;15,117;4,853;6,693;12,826.39;4,062;1,525;8;15.33;0;0;0;20;38.32;13;6;2.5;0;0;3;10;19.16;5;0;1;0;0;0;0;0;0;8;15.33;5;6;0;0;2;1;0;1;0;0;0;6;11.49;4;0;0;0;0;6;11.49;6;00:55;01:46;00:38;0;0;0;47;90.06;27;4;8;2;0;0;0;0;0;0;0;0;0;0;0;9 minutes;00:50;0;0;0;0;0;0;55%
Maniac Mansion;1716;0;0;0;0;0;0;1,460;16,874;1,460;481;5,563.43;481;314;2;23.11;0;0;0;2;23.11;2;2;1;0;0;0;0;0;0;0;0;0;0;0;0;0;0;1;11.55;1;2;0;0;0;0;0;0;0;0;0;0;0;0;0;0;0;0;2;23.11;2;00:12;02:25;00:12;0;0;0;2;23.11;2;0;0;0;0;0;0;0;0;0;0;0;0;0;0;1 minute;0;0;0;0;0;0;0;100%
Mano Brawl BR;4015;5;0;0;0;0;0;82,724;8,017;14,853;72,305;7,006.85;17,319;3,159;66;6.39;0;0;0;286;27.71;54;17;4.33;0;4;6;117;11.33;22;1;10;0;9;0;0;0;0;55;5.32;10;17;0;0;31;11;6;13;5;0.48;2;45;4.36;8;0;0;4;2;83;8.04;21;14:04;01:21;02:30;0;0;0;426;41.28;100;29;3;7;0;0;0;0;0;23;2.22;5;0;0;0;1 hour;18:43;0;0;0;0;0;0;91%
Maxxon Charge;3705;2;0;0;0;0;0;118,553;10,863;7,519;107,659;9,864.43;8,993;4,683;122;11.17;0;0;0;351;32.16;32;13;2.87;0;4;5;144;13.19;12;3;11;0;8;0;0;0;0;88;8.06;10;13;0;0;28;9;7;11;1;0.09;1;57;5.22;9;0;0;3;8;94;8.61;16;11:39;01:04;01:04;0;0;0;685;62.76;77;53;5;6;0;0;0;0;0;19;1.74;3;0;0;0;2 hours;18:12;0;0;0;7;0;0;73%
mcir3000;2958;2;0;0;0;0;0;56,015;9,561;12,419;52,149;8,900.95;9,901;4,618;56;9.55;0;0;0;176;30.04;34;16;3.14;0;2;4;70;11.94;18;3;6;0;3;0;0;0;0;50;8.53;13;16;0;0;20;8;5;8;4;0.68;3;40;6.82;9;0;0;3;1;72;12.28;17;08:40;01:28;01:54;0;0;0;347;59.22;76;26;4;8;0;0;0;0;0;10;1.7;4;0;0;0;1 hour;05:21;0;0;0;9;0;0;46%
Medvescek;3421;2;0;0;0;0;0;8,026;10,013;4,565;12,144;15,150.66;6,691;3,235;10;12.47;0;0;0;51;63.62;24;15;5.09;0;0;0;13;16.21;8;0;1;0;1;0;0;0;0;13;16.21;7;15;0;0;3;1;2;0;0;0;0;8;9.98;5;0;0;0;0;24;29.94;17;02:41;03:21;01:46;0;0;0;60;74.85;32;6;7;5;0;0;0;0;0;4;4.99;3;0;0;0;12 minutes;00:52;0;0;0;1;0;0;100%
millar08;0;0;0;0;0;0;0;1,200;6,038;1,200;231;1,162.53;231;231;0;0;0;0;0;1;5.03;1;1;0;0;0;0;0;0;0;0;0;0;0;0;0;0;0;0;0;0;1;0;0;1;0;1;0;0;0;0;0;0;0;0;0;0;0;0;0;0;00:13;01:08;00:13;0;0;0;0;0;0;0;0;0;0;0;0;0;0;0;0;0;0;0;0;59.526738081127405 seconds;0;0;0;0;0;0;0;100%
MisterToli X;3151;0;0;0;0;0;0;26,816;14,328;7,427;23,395;12,499.81;8,512;3,276;30;16.02;0;0;0;66;35.26;20;11;2.2;0;1;1;25;13.35;9;1;2;0;1;0;0;0;0;17;9.08;5;11;0;0;5;2;1;1;0;0;0;10;5.34;5;0;0;0;0;24;12.82;9;03:05;01:39;01:21;0;0;0;118;63.04;45;5;3;2;0;0;0;0;0;6;3.2;2;0;0;0;29 minutes;02:19;0;0;0;0;0;0;39%
miya456;2442;0;0;0;0;0;0;1,747;11,812;1,747;1,247;8,431.24;1,247;585;3;20.28;0;0;0;0;0;0;0;0;0;0;0;0;0;0;0;0;0;0;0;0;0;0;0;0;0;0;0;0;0;0;0;0;0;0;0;0;0;0;0;0;0;0;0;0;0;00:17;01:55;00:17;0;0;0;5;33.8;5;0;0;0;0;0;0;0;0;0;0;0;0;0;0;2 minutes;0;0;0;0;0;0;0;0
MSwn;2339;0;0;0;0;0;0;4,425;16,309;3,600;3,010;11,095.72;2,311;1,273;6;22.11;0;0;0;3;11.05;2;1;0.5;0;0;0;1;3.68;1;0;0;0;0;0;0;0;0;0;0;0;1;0;0;0;0;0;0;0;0;0;0;0;0;0;0;0;0;1;3.68;1;00:31;01:55;00:18;0;0;0;11;40.54;10;0;0;0;0;0;0;0;0;0;0;0;0;0;0;4 minutes;0;0;0;0;0;0;0;60%
MVB Kealoha Koa;2291;1;0;0;0;0;0;12,702;16,010;10,300;7,486;9,435.53;5,956;3,426;6;7.56;0;0;0;34;42.85;28;16;5.66;0;0;0;11;13.86;8;0;1;0;1;0;0;0;0;9;11.34;7;16;0;0;3;2;1;1;0;0;0;5;6.3;3;0;0;3;1;17;21.42;13;01:35;02:00;01:07;0;0;0;53;66.8;46;3;4;2;0;0;0;0;0;1;1.26;1;0;0;0;11 minutes;01:42;0;0;0;1;0;0;77%
My BRs Dyslexic;3567;1;0;0;0;0;0;7,698;17,064;7,698;5,296;11,739.39;5,296;2,100;6;13.3;0;0;0;24;53.2;24;9;4;0;0;0;10;22.16;10;0;0;0;0;0;0;0;0;3;6.65;3;9;0;0;2;0;1;1;0;0;0;4;8.86;4;0;0;0;0;10;22.16;10;01:02;02:18;01:02;0;0;0;31;68.71;31;4;9;4;0;0;0;0;0;2;4.43;2;0;0;0;8 minutes;01:14;0;0;0;0;0;0;100%
Narfidy;2569;0;0;0;0;0;0;4,002;13,797;2,898;1,705;5,877.7;1,285;910;4;13.79;0;0;0;9;31.02;8;7;2.25;0;0;0;6;20.68;6;0;0;0;0;0;0;0;0;2;6.89;2;7;0;0;1;0;0;0;0;0;0;1;3.44;1;0;0;0;0;5;17.23;5;01:37;05:36;01:29;0;0;0;9;31.02;7;1;3;1;0;0;0;0;0;0;0;0;0;0;0;5 minutes;0;0;0;0;0;0;0;0
Nasty0303;2662;3;0;0;0;0;0;230,037;11,052;15,906;168,015;8,072.19;13,029;2,749;346;16.62;0;0;0;493;23.68;44;11;1.42;0;8;11;158;7.59;19;0;0;0;7;0;0;0;0;68;3.26;5;11;0;0;0;0;0;17;0;0;0;82;3.93;8;0;0;3;6;306;14.7;31;48:18;02:19;04:36;0;0;0;1,045;50.2;91;67;3;7;0;0;0;0;0;30;1.44;3;0;0;0;4.345488987863064 seconds;11:10;0;0;0;2;0;0;35%
Newt Lev;2659;0;0;0;0;0;0;31,178;9,298;10,203;25,689;7,660.95;9,877;1,739;52;15.5;0;0;0;82;24.45;35;9;1.57;0;1;1;39;11.63;16;1;3;0;2;0;0;0;0;13;3.87;8;9;0;0;7;3;0;3;0;0;0;15;4.47;9;0;0;3;1;41;12.22;20;04:43;01:24;02:00;0;0;0;131;39.06;53;10;3;6;0;0;0;0;0;4;1.19;2;0;0;0;44 minutes;03:29;0;0;0;1;0;0;71%
Nietzsche Nick;3738;0;0;0;0;0;0;1,374;9,234;1,374;1,372;9,223.33;1,372;959;3;20.16;0;0;0;3;20.16;3;2;1;0;0;0;3;20.16;3;0;0;0;0;0;0;0;0;1;6.72;1;2;0;0;0;0;0;0;0;0;0;1;6.72;1;0;0;0;0;0;0;0;00:01;00:10;00:01;0;0;0;5;33.6;5;1;7;1;0;0;0;0;0;2;13.44;2;0;0;0;1 minute;0;0;0;0;0;0;0;100%
NitroFPS;4200;1;0;0;0;0;0;10,481;9,807;4,504;9,844;9,210.22;4,681;3,282;8;7.48;0;0;0;34;31.81;14;12;4.25;0;0;1;20;18.71;8;0;1;0;1;0;0;0;0;11;10.29;9;12;0;0;4;2;1;1;0;0;0;4;3.74;2;0;0;5;1;10;9.35;6;02:08;02:00;01:20;0;0;0;74;69.23;41;3;3;1;0;0;0;0;0;3;2.8;2;0;0;0;12 minutes;03:54;0;0;0;0;0;0;100%
NormiePeasant;2625;0;0;0;0;0;0;3,685;10,659;3,085;2,129;6,157.68;1,853;1,066;4;11.56;0;0;0;2;5.78;2;2;0.5;0;0;0;1;2.89;1;0;0;0;0;0;0;0;0;1;2.89;1;2;0;0;1;0;0;1;0;0;0;0;0;0;0;0;0;0;0;0;0;00:10;00:30;00:06;0;0;0;23;66.52;23;0;0;0;0;0;0;0;0;0;0;0;0;0;0;3 minutes;0;0;0;0;0;0;0;0
nR Elusive;2938;0;25%;1;1;1;0.03;8,908;12,370;8,908;135;4,517.97;135;135;1;33.46;0;0;0;12;16.66;12;5;0.85;0;0;0;2;2.77;2;0;0;0;0;0;0;0;0;2;2.77;2;5;0;0;0;0;0;0;0;0;0;3;4.16;3;0;0;0;0;3;4.16;3;00:08;04:41;00:08;0;0;0;30;41.65;30;4;6;4;0;0;0;27;4;0;0;0;0;0;0;28.942442998290062 seconds;0;0;0;0;0;14%;14%;0
o Kapow;3124;0;0;0;0;0;0;4,806;18,642;4,806;2,599;10,080.03;2,599;1,394;6;23.27;0;0;0;2;7.75;2;1;0.33;0;0;0;1;3.87;1;0;0;0;0;0;0;0;0;2;7.75;2;1;0;0;1;1;0;0;0;0;0;0;0;0;0;0;0;0;1;3.87;1;00:51;03:21;00:51;0;0;0;9;34.91;9;0;0;0;0;0;0;0;0;1;3.87;1;0;0;0;3 minutes;0;0;0;0;0;0;0;0
Ohdyn;0;21;0;0;0;0;0;720,154;9,119;19,144;597,840;7,569.88;18,945;5,852;547;6.92;0;0;0;2,400;30.38;51;20;4.38;2,138,000;8;28;875;11.07;19;7;0;0;0;0;0;0;0;508;6.43;12;20;0.26;556,103;0;0;46;61;11;0.13;3;290;3.67;10;0;0;5;40;900;11.39;30;02:05:54;01:35;03:41;0;0;0;3,322;42.06;115;252;3;11;0;0;0;0;0;172;2.17;6;3;0;0;--;01:47:51;0;0;0;55;0;0;100%
OneBadBandito;2762;1;0;0;0;0;0;10,322;14,384;5,371;11,282;15,721.96;5,890;3,828;8;11.14;0;0;0;33;45.98;20;9;4.12;0;0;4;19;26.47;10;0;1;0;1;0;0;0;0;6;8.36;4;9;0;0;3;1;1;1;0;0;0;6;8.36;4;0;0;0;0;17;23.68;10;01:41;02:21;00:56;0;0;0;48;66.88;28;5;7;3;0;0;0;0;0;4;5.57;2;0;0;0;12 minutes;05:11;0;0;0;0;0;0;100%
ORANGE FURY1222;2728;0;0;0;0;0;0;2,870;6,182;2,870;1,408;3,032.73;1,408;452;4;8.61;0;0;0;7;15.07;7;5;1.75;0;0;0;2;4.3;2;0;0;0;0;0;0;0;0;0;0;0;5;0;0;0;0;0;0;0;0;0;1;2.15;1;0;0;0;0;6;12.92;6;00:36;01:18;00:36;0;0;0;8;17.23;8;0;0;0;0;0;0;0;0;1;2.15;1;0;0;0;4 minutes;0;0;0;0;0;0;0;0
Ouijaveli;4071;0;0;0;0;0;0;5,455;21,926;5,455;4,161;16,724.93;4,161;1,879;7;28.13;0;0;0;13;52.25;13;7;1.85;0;0;0;4;16.07;4;0;0;0;0;0;0;0;0;4;16.07;4;7;0;0;1;1;0;0;0;0;0;0;0;0;0;0;0;0;3;12.05;3;00:16;01:04;00:16;0;0;0;25;100.48;25;1;4;1;0;0;0;0;0;1;4.01;1;0;0;0;6 minutes;01:11;0;0;0;0;0;0;100%
OUT M3 RK ED;3749;0;0;0;0;0;0;14,421;12,858;4,510;10,772;9,604.22;4,053;1,552;15;13.37;0;0;0;21;18.72;8;6;1.4;0;0;0;8;7.13;3;1;1;0;0;0;0;0;0;5;4.45;2;6;0;0;2;1;1;1;0;0;0;0;0;0;0;0;0;0;10;8.91;4;02:09;01:55;00:36;0;0;0;82;73.11;25;1;1;1;0;0;0;0;0;2;1.78;1;0;0;0;17 minutes;0;0;0;0;0;0;0;40%
Overwatch DVa;3088;1;3%;2;2;2;0.03;22,348;10,011;7,101;892;17,904.36;892;872;1;20.08;0;0;0;55;24.63;18;11;2.39;0;0;0;23;10.3;9;0;0;0;1;149;3,002.35;149;149;10;4.47;6;11;0;0;0;0;0;0;2;0.89;1;8;3.58;2;0;0;0;0;20;8.95;10;03:51;01:43;01:43;0;0;0;98;43.89;20;4;2;2;149;2.47;149;508;64;4;1.79;3;0;0;0;1 minute;02:45;0;0;0;0;12%;0;54%
PandaCreol;3661;0;0;0;0;0;0;5,874;9,840;4,062;6,466;10,830.08;3,976;1,513;7;11.72;0;0;0;20;33.5;14;7;2.85;0;1;0;5;8.37;3;0;1;0;0;0;0;0;0;4;6.7;3;7;0;0;2;0;1;1;0;0;0;4;6.7;3;0;0;0;0;11;18.42;9;01:58;03:18;01:40;0;0;0;36;60.3;21;2;3;2;0;0;0;0;0;0;0;0;0;0;0;8 minutes;0;0;0;0;0;0;0;18%
ParalyzingFrost;3000;0;0;0;0;0;0;4,866;11,836;4,745;3,888;9,457.3;3,492;1,586;7;17.02;0;0;0;10;24.32;9;5;1.42;0;1;0;6;14.59;5;0;0;0;0;0;0;0;0;1;2.43;1;5;0;0;1;0;0;0;1;2.43;1;3;7.29;2;0;0;0;0;1;2.43;1;00:28;01:09;00:28;0;0;0;26;63.23;25;3;7;3;0;0;0;0;0;3;7.29;2;0;0;0;--;0;0;0;0;0;0;0;0
Per;2989;0;0;0;0;0;0;15,189;11,943;7,587;9,644;7,583.03;4,252;1,806;18;14.15;0;0;0;23;18.08;14;9;1.27;0;0;0;9;7.07;5;1;1;0;1;0;0;0;0;8;6.29;4;9;0;0;2;1;0;2;0;0;0;5;3.93;3;0;0;0;0;5;3.93;3;01:48;01:25;00:48;0;0;0;51;40.1;21;4;3;2;0;0;0;0;0;1;0.78;1;0;0;0;18 minutes;0;0;0;0;0;0;0;44%
Ponders;3669;0;0;0;0;0;0;61,479;10,395;6,937;38,621;6,530.23;3,630;1,775;81;13.69;0;0;0;127;21.47;13;9;1.56;0;2;2;35;5.91;5;3;6;0;2;0;0;0;0;26;4.39;4;9;0;0;12;7;2;4;1;0.16;1;12;2.02;2;0;0;3;1;64;10.82;8;09:24;01:35;00:47;0;0;0;204;34.49;24;6;1;2;0;0;0;0;0;6;1.01;1;0;0;0;1 hour;02:28;0;0;0;0;0;0;40%
Proxxy 4;3697;0;0;0;0;0;0;488;3,452;488;699;4,946.08;699;395;3;21.23;0;0;0;0;0;0;0;0;0;0;0;0;0;0;0;0;0;0;0;0;0;0;0;0;0;0;0;0;0;0;0;0;0;0;0;0;0;0;0;0;0;0;0;0;0;00:11;01:24;00:11;0;0;0;4;28.3;4;0;0;0;0;0;0;0;0;0;0;0;0;0;0;1 minute;0;0;0;0;0;0;0;0
Prunester;3701;0;0;0;0;0;0;15,011;9,480;4,060;13,399;8,462.36;4,140;3,660;5;3.15;0;0;0;64;40.42;16;16;12.8;0;0;2;22;13.89;8;0;2;0;2;0;0;0;0;17;10.73;6;16;0;0;5;3;1;2;0;0;0;5;3.15;3;0;0;3;1;23;14.52;7;02:52;01:48;00:53;0;0;0;86;54.31;35;5;3;2;0;0;0;0;0;2;1.26;1;0;0;0;16 minutes;02:12;0;0;0;1;0;0;99%
Psyhco;4041;0;0;0;0;0;0;600;18,591;600;107;3,315.46;107;107;1;30.98;0;0;0;0;0;0;0;0;0;0;0;0;0;0;0;0;0;0;0;0;0;0;0;0;0;0;0;0;0;0;0;0;0;0;0;0;0;0;0;0;0;0;0;0;0;00:07;03:53;00:07;0;0;0;1;30.98;1;0;0;0;0;0;0;0;0;0;0;0;0;0;0;30.192394994199276 seconds;00:26;0;0;0;0;0;0;100%
qosh;3520;0;0;0;0;0;0;18,959;20,166;4,570;12,161;12,935.37;2,926;1,968;14;14.89;0;0;0;50;53.18;16;10;3.57;0;0;3;20;21.27;6;0;1;0;1;0;0;0;0;6;6.38;3;10;0;0;2;1;1;1;0;0;0;9;9.57;2;0;0;0;0;19;20.2;8;01:44;01:51;00:42;0;0;0;65;69.13;26;6;6;2;0;0;0;0;0;1;1.06;1;0;0;0;19 minutes;00:36;0;0;0;0;0;0;73%
Red Faze;3559;0;0;0;0;0;0;6,615;12,055;2,181;4,422;8,057.99;2,199;789;10;18.22;0;0;0;10;18.22;6;3;1;0;0;0;3;5.46;1;0;1;0;0;0;0;0;0;1;1.82;1;3;0;0;1;0;0;1;0;0;0;1;1.82;1;0;0;0;0;3;5.46;3;00:44;01:20;00:14;0;0;0;21;38.27;7;0;0;0;0;0;0;0;0;0;0;0;0;0;0;--;0;0;0;0;0;0;0;31%
RedSlashMarley;2276;0;20%;2;2;2;0.07;267;5,493;267;84;1,647.52;84;84;2;41.15;0;0;0;0;0;0;0;0;0;0;0;0;0;0;0;0;0;0;0;0;0;0;0;0;0;0;0;0;0;0;0;0;0;0;0;0;0;0;0;0;0;0;0;0;0;0;0;0;0;0;0;2;41.15;2;0;0;0;0;0;0;15;3;0;0;0;0;0;0;32.381008981727064 seconds;0;0;0;0;0;20%;2%;0
Reinhardt Soul;3998;0;0;0;0;0;0;859;12,728;859;1,275;18,883.74;1,275;924;2;29.62;0;0;0;2;29.62;2;1;1;0;0;0;0;0;0;0;0;0;0;0;0;0;0;1;14.81;1;1;0;0;0;0;0;0;0;0;0;0;0;0;0;0;0;0;2;29.62;2;00:18;04:40;00:18;0;0;0;5;74.05;5;0;0;0;0;0;0;0;0;0;0;0;0;0;0;1 minute;0;0;0;0;0;0;0;9%
Repure;4125;0;0;0;0;0;0;2,442;15,500;2,442;3,044;19,320.26;3,044;1,805;2;12.69;0;0;0;15;95.21;15;10;7.5;0;0;0;7;44.43;7;0;0;0;0;0;0;0;0;5;31.73;5;10;0;0;1;0;0;0;1;6.34;1;5;31.73;4;0;0;0;0;7;44.43;7;00:34;03:37;00:34;0;0;0;22;139.65;22;2;13;2;0;0;0;0;0;0;0;0;0;0;0;2 minutes;00:51;0;0;0;0;0;0;100%
Scuffs;4155;0;0;0;0;0;0;4,370;8,551;4,370;4,641;9,080.77;4,641;1,093;4;7.82;0;0;0;22;43.04;22;10;5.5;0;0;1;13;25.43;13;0;1;0;1;0;0;0;0;6;11.73;6;10;0;0;2;0;1;1;1;1.95;1;4;7.82;3;0;0;4;1;5;9.78;5;00:33;01:04;00:33;0;0;0;29;56.74;29;2;4;2;0;0;0;0;0;5;9.78;5;0;0;0;5 minutes;00:16;0;0;0;0;0;0;100%
Semitaur;3893;0;0;0;0;0;0;2,810;11,112;1,200;1,594;6,304.19;987;546;4;15.81;0;0;0;1;3.95;1;1;0.25;0;0;0;0;0;0;0;0;0;0;0;0;0;0;1;3.95;1;1;0;0;1;0;0;0;0;0;0;0;0;0;0;0;0;0;0;0;0;00:18;01:11;00:17;0;0;0;6;23.72;4;0;0;0;0;0;0;0;0;0;0;0;0;0;0;2 minutes;0;0;0;0;0;0;0;24%
ShadowBandane;0;0;0;0;0;0;0;459;17,631;459;50;1,919.78;50;50;0;0;0;0;0;1;38.39;1;1;0;0;0;0;1;38.39;1;0;0;0;0;0;0;0;0;0;0;0;1;0;0;0;0;0;0;0;0;0;0;0;0;0;0;0;0;0;0;0;00:00;00:31;00:00;0;0;0;0;0;0;0;0;0;0;0;0;0;0;0;0;0;0;0;0;26.184527029283345 seconds;0;0;0;0;0;0;0;100%
Skittle Kitteh;3686;0;0;0;0;0;0;2,022;11,949;1,118;1,608;9,501.19;1,377;1,227;3;17.72;0;0;0;5;29.54;4;4;1.66;0;0;0;0;0;0;0;0;0;0;0;0;0;0;0;0;0;4;0;0;0;0;0;0;0;0;0;0;0;0;0;0;0;0;4;23.63;3;00:39;03:51;00:31;0;0;0;4;23.63;3;0;0;0;0;0;0;0;0;0;0;0;0;0;0;--;00:20;0;0;0;0;0;0;9%
SlowWhelp151488;4223;0;0;0;0;0;0;1,200;23,160;1,200;86;1,668.27;86;86;2;38.59;0;0;0;0;0;0;0;0;0;0;0;0;0;0;0;0;0;0;0;0;0;0;0;0;0;0;0;0;0;0;0;0;0;0;0;0;0;0;0;0;0;0;0;0;0;00:09;02:56;00:09;0;0;0;1;19.29;1;0;0;0;0;0;0;0;0;0;0;0;0;0;0;57.36211699899286 seconds;00:29;0;0;0;0;0;0;8%
SpicySweetChili;2634;0;0;0;0;0;0;1,200;8,459;1,200;902;6,357.37;902;780;2;14.09;0;0;0;0;0;0;0;0;0;0;0;0;0;0;0;0;0;0;0;0;0;0;0;0;0;0;0;0;0;0;0;0;0;0;0;0;0;0;0;0;0;0;0;0;0;00:01;00:11;00:01;0;0;0;2;14.09;2;0;0;0;0;0;0;0;0;0;0;0;0;0;0;1 minute;0;0;0;0;0;0;0;0
SQ1B;3231;1;0;0;0;0;0;7,658;13,142;3,907;5,804;9,961.23;3,109;2,502;8;13.72;0;0;0;16;27.45;8;7;2;0;0;0;7;12.01;4;0;1;0;0;0;0;0;0;5;8.58;4;7;0;0;1;0;0;1;1;1.71;1;1;1.71;0;0;0;0;0;5;8.58;2;01:04;01:50;00:25;0;0;0;18;30.89;13;0;0;0;0;0;0;0;0;1;1.71;1;0;0;0;9 minutes;01:00;0;0;0;0;0;0;33%
SupaNoobGuy;3813;0;0;0;0;0;0;107,587;10,924;9,598;101,169;10,272.25;8,788;4,945;114;11.57;0;0;0;332;33.7;38;21;2.91;0;1;7;121;12.28;14;4;10;0;6;0;0;0;0;87;8.83;9;21;0;0;29;10;9;10;1;0.1;1;53;5.38;6;0;0;5;4;117;11.87;19;13:49;01:24;01:31;0;0;0;644;65.38;68;41;4;6;0;0;0;0;0;23;2.33;4;0;0;0;2 hours;10:04;0;0;0;0;0;0;58%
thats my sock;4090;0;0;0;0;0;0;8,240;11,790;3,461;4,273;6,113.95;2,318;1,340;8;11.44;0;0;0;8;11.44;4;3;1;0;0;0;2;2.86;2;1;1;0;0;0;0;0;0;1;1.43;1;3;0;0;2;1;0;0;0;0;0;0;0;0;0;0;0;0;6;8.58;3;00:54;01:17;00:41;0;0;0;17;24.32;11;0;0;0;0;0;0;0;0;0;0;0;0;0;0;7 minutes;0;0;0;0;0;0;0;22%
The Gooner 90;3747;0;0;0;0;0;0;8,300;4,582;4,613;4,730;2,610.94;2,162;1,496;7;3.86;0;0;0;24;13.24;11;10;3.42;0;0;0;7;3.86;3;0;2;0;2;0;0;0;0;6;3.31;3;10;0;0;1;1;0;0;0;0;0;0;0;0;0;0;0;0;4;2.2;2;00:18;00:10;00:10;0;0;0;30;16.55;14;2;1;2;0;0;0;0;0;1;0.55;1;0;0;0;10 minutes;00:40;0;0;0;0;0;0;100%
the real p0tat0;2954;0;0;0;0;0;0;7,226;12,653;7,226;616;2,342.83;616;417;4;15.22;3;11;3;1;3.8;1;1;0.25;0;0;0;5;8.75;5;0;0;0;0;2,009;7,643;2,009;1,086;0;0;0;1;0;0;0;0;0;0;0;0;0;1;1.75;1;0;0;0;0;1;3.8;1;00:04;00:16;00:04;0;0;0;35;61.28;35;2;4;2;611;3.38;611;67;25;1;1.75;1;0;0;0;--;0;0;0;0;0;37%;0;100%
The Shad0w Wolf;3141;2;0;0;0;0;0;40,772;12,784;9,515;45,433;14,245.79;11,474;2,869;33;10.34;0;0;0;149;46.71;46;12;4.51;0;0;2;50;15.67;23;1;3;1;2;0;0;0;0;32;10.03;12;12;0;0;11;3;4;4;1;0.31;1;13;4.07;7;0;0;6;3;90;28.21;24;10:18;03:13;02:09;0;0;0;196;61.45;56;8;3;4;0;0;0;0;0;5;1.56;4;0;0;0;56 minutes;07:49;0;0;0;0;0;0;62%
thirtythree au;3634;1;0;0;0;0;0;9,214;9,214;9,214;6,760;6,759.77;6,760;2,593;2;2;0;0;0;41;41;41;14;20.5;0;0;1;9;9;9;0;1;0;1;0;0;0;0;8;8;8;14;0;0;3;0;1;2;0;0;0;6;6;6;0;0;0;0;8;8;8;00:57;00:57;00:57;0;0;0;42;42;42;5;5;5;0;0;0;0;0;0;0;0;0;0;0;8 minutes;00:52;0;0;0;0;0;0;100%
Trash Like Me;2600;0;0;0;0;0;0;152;1,800;152;144;1,704.17;144;142;1;11.84;0;0;0;0;0;0;0;0;0;0;0;0;0;0;0;0;0;0;0;0;0;0;0;0;0;0;0;0;0;0;0;0;0;0;0;0;0;0;0;0;0;0;0;0;0;00:06;01:17;00:06;0;0;0;2;23.68;2;0;0;0;0;0;0;0;0;0;0;0;0;0;0;44.632354999892414 seconds;0;0;0;0;3;0;0;0
Truck555;3000;0;0;0;0;0;0;20,769;9,556;4,392;14,159;6,514.46;4,338;3,592;31;14.26;0;0;0;32;14.72;13;6;1.03;0;0;0;12;5.52;5;1;2;0;1;0;0;0;0;7;3.22;2;6;0;0;5;2;1;2;0;0;0;9;4.14;4;0;0;0;0;9;4.14;4;03:34;01:38;01:16;0;0;0;95;43.7;30;6;3;3;0;0;0;0;0;2;0.92;1;0;0;0;28 minutes;0;0;0;0;0;0;0;42%
TzTM;3759;0;0;0;0;0;0;1,687;9,914;1,087;909;5,342.4;661;367;3;17.62;0;0;0;1;5.87;1;1;0.33;0;0;0;0;0;0;0;0;0;0;0;0;0;0;0;0;0;1;0;0;0;0;0;0;0;0;0;0;0;0;0;0;0;0;0;0;0;00:04;00:25;00:04;0;0;0;1;5.87;1;0;0;0;0;0;0;0;0;0;0;0;0;0;0;2 minutes;0;0;0;0;0;0;0;0
UncleFuncleJoey;4141;0;0;0;0;0;0;600;13,887;600;104;2,417.42;104;104;1;23.14;0;0;0;0;0;0;0;0;0;0;0;0;0;0;0;0;0;0;0;0;0;0;0;0;0;0;0;0;0;0;0;0;0;0;0;0;0;0;0;0;0;0;0;0;0;0;0;0;0;0;0;0;0;0;0;0;0;0;0;0;0;0;0;0;0;0;0;0;35.00485202297568 seconds;0;0;0;0;0;0;0;0
Verity;3661;0;6%;2;2;2;0.01;223;1,685;223;1,498;15,320.51;1,498;859;3;30.68;0;0;0;5;37.81;5;5;0;0;0;0;0;0;0;0;0;0;0;196;2,005;196;137;0;0;0;5;0;0;0;0;0;0;0;0;0;0;0;0;0;0;0;0;5;37.81;5;00:18;02:23;00:18;0;0;0;0;0;0;0;0;0;0;0;0;46;31;0;0;0;0;0;0;1 minute;0;0;0;0;0;67%;0;100%
vKure;4372;0;0;0;0;0;0;3,754;11,996;2,554;2,639;8,432.43;2,267;1,232;6;19.17;0;0;0;9;28.75;9;5;1.5;0;0;2;4;12.78;4;0;0;0;0;0;0;0;0;4;12.78;4;5;0;0;1;1;0;0;0;0;0;2;6.39;2;0;0;0;0;2;6.39;2;00:19;01:02;00:10;0;0;0;18;57.51;18;2;6;2;0;0;0;0;0;0;0;0;0;0;0;4 minutes;0;0;0;0;0;0;0;20%
Wavy as;3466;0;0;0;0;0;0;7,696;9,219;5,896;5,551;6,650;5,042;1,667;6;7.18;0;0;0;20;23.95;20;8;3.33;0;0;0;7;8.38;7;0;1;0;1;0;0;0;0;2;2.39;2;8;0;0;2;1;1;0;0;0;0;3;3.59;3;0;0;0;0;4;4.79;4;00:23;00:28;00:22;0;0;0;22;26.35;22;3;4;3;0;0;0;0;0;2;2.39;2;0;0;0;9 minutes;0;0;0;0;0;0;0;65%
WELSHMANIA;4228;0;0;0;0;0;0;1,455;16,000;1,047;754;8,292.58;598;312;3;32.98;0;0;0;0;0;0;0;0;0;0;0;0;0;0;0;0;0;0;0;0;0;0;0;0;0;0;0;0;0;0;0;0;0;0;0;0;0;0;0;0;0;0;0;0;0;00:18;03:27;00:11;0;0;0;4;43.98;3;0;0;0;0;0;0;0;0;0;0;0;0;0;0;1 minute;00:56;0;0;0;0;0;0;100%
Westside Ryderz;3000;0;0;0;0;0;0;15,862;11,434;2,971;6,560;4,728.98;1,309;1,062;22;15.85;0;0;0;20;14.41;9;9;0.9;0;0;0;4;2.88;2;1;1;0;1;0;0;0;0;5;3.6;2;9;0;0;2;1;1;1;0;0;0;1;0.72;1;0;0;0;0;7;5.04;2;02:25;01:44;00:58;0;0;0;47;33.87;12;2;1;2;0;0;0;0;0;1;0.72;1;0;0;0;18 minutes;0;0;0;0;0;0;0;51%
Who ever gamer;2075;1;0;0;0;0;0;26,056;12,127;15,327;22,027;10,252.28;11,385;2,452;29;13.49;0;0;0;53;24.66;34;6;1.82;0;4;2;19;8.84;10;2;2;0;0;0;0;0;0;20;9.3;13;6;0;0;7;3;1;2;0;0;0;11;5.11;5;0;0;3;1;22;10.23;16;03:43;01:44;02:21;0;0;0;193;89.82;101;8;4;5;0;0;0;0;0;4;1.86;2;0;0;0;35 minutes;01:26;0;0;0;0;0;0;6%
WSXRQ;3000;0;0;0;0;0;0;12,954;8,339;4,746;9,858;6,345.7;4,455;2,170;21;13.51;0;0;0;36;23.17;14;7;1.71;0;1;0;12;7.72;6;1;2;0;1;0;0;0;0;13;8.36;7;7;0;0;4;2;0;2;0;0;0;2;1.28;1;0;0;3;1;14;9.01;4;02:15;01:27;00:51;0;0;0;63;40.55;32;1;1;1;0;0;0;0;0;4;2.57;1;0;0;0;20 minutes;00:10;0;0;0;0;0;0;67%
Wxnderful;4566;1;0;0;0;0;0;10,167;7,911;8,183;10,056;7,824.22;9,112;3,640;7;5.44;0;0;0;47;36.56;42;13;6.71;0;0;3;25;19.45;25;0;1;0;1;0;0;0;0;7;5.44;6;13;0;0;4;0;3;1;2;1.55;2;13;10.11;8;0;0;0;0;9;7;8;01:13;00:57;01:02;0;0;0;60;46.68;54;6;5;6;0;0;0;0;0;2;1.55;2;0;0;0;11 minutes;03:02;0;0;0;0;0;0;95%
x man legending;0;0;0;0;0;0;0;2,451;5,273;2,083;1,964;4,225.48;1,811;614;7;15.06;0;0;0;9;19.36;7;5;1.28;0;0;0;2;4.3;2;0;0;0;0;0;0;0;0;2;4.3;2;5;0;0;1;1;0;0;0;0;0;0;0;0;0;0;0;0;2;4.3;2;00:13;00:28;00:13;0;0;0;13;27.97;13;0;0;0;0;0;0;0;0;1;2.15;1;0;0;0;5 minutes;0;0;0;0;0;0;0;0%
xBambiraptorx;0;0;0;0;0;0;0;7,702;13,843;7,702;9,123;16,396.95;9,123;2,079;15;26.96;0;0;0;29;52.12;29;7;1.93;0;0;3;12;21.56;12;1;1;0;0;0;0;0;0;9;16.17;9;7;0;0;2;1;0;1;0;0;0;3;5.39;3;0;0;0;0;14;25.16;14;01:36;02:52;01:36;0;0;0;44;79.08;44;2;4;2;0;0;0;0;0;3;5.39;3;0;0;0;10 minutes;01:35;0;0;0;0;0;0;0
xHAZ4RDZx;3383;0;0;0;0;0;0;7,643;7,202;4,015;4,508;4,248.16;3,089;1,093;12;11.3;0;0;0;12;11.3;10;6;1;0;0;1;6;5.65;5;1;1;0;0;0;0;0;0;3;2.82;2;6;0;0;2;0;0;1;0;0;0;1;0.94;1;0;0;0;0;5;4.71;5;00:38;00:36;00:26;0;0;0;26;24.49;16;1;1;1;0;0;0;0;0;1;0.94;1;0;0;0;10 minutes;0;0;0;0;0;0;0;0%
Xvanthious;2465;2;0;0;0;0;0;87,709;9,904;9,184;56,391;6,367.62;7,562;2,247;123;13.88;0;0;0;174;19.64;27;12;1.41;0;2;4;60;6.77;7;4;9;1;4;0;0;0;0;32;3.61;4;12;0;0;18;7;4;7;1;0.11;1;30;3.38;7;0;0;4;2;79;8.92;14;14:47;01:40;02:03;0;0;0;407;45.95;61;27;3;7;0;0;0;0;0;16;1.8;3;5;0;0;1 hour;01:45;0;0;0;41;0;0;44%
yayletsplay;2772;0;0;0;0;0;0;517;4,231;517;1,171;9,579.1;1,171;1,171;0;0;0;0;0;4;32.72;4;4;0;0;0;0;0;0;0;0;0;0;0;0;0;0;0;0;0;0;4;0;0;0;0;0;0;0;0;0;0;0;0;0;0;0;0;4;32.72;4;00:12;01:40;00:12;0;0;0;6;49.08;6;0;0;0;0;0;0;0;0;0;0;0;0;0;0;1 minute;0;0;0;0;0;0;0;100%
Yes I am jacked;3000;0;0;0;0;0;0;5,506;6,509;4,306;4,107;4,854.36;3,824;945;10;11.82;0;0;0;9;10.63;9;5;0.9;0;0;1;3;3.54;3;1;1;0;0;0;0;0;0;3;3.54;3;5;0;0;2;0;1;1;0;0;0;2;2.36;2;0;0;0;0;3;3.54;3;00:42;00:50;00:40;0;0;0;32;37.82;30;1;1;1;0;0;0;0;0;0;0;0;0;0;0;8 minutes;0;0;0;0;0;0;0;0
yoyohurricanes;4301;0;0;0;0;0;0;2,720;5,556;2,720;2,726;5,567.52;2,726;1,025;5;10.21;0;0;0;10;20.42;10;6;2;0;0;0;4;8.17;4;0;0;0;0;0;0;0;0;1;2.04;1;6;0;0;1;0;0;1;0;0;0;0;0;0;0;0;0;0;3;6.12;3;00:40;01:22;00:40;0;0;0;19;38.8;19;0;0;0;0;0;0;0;0;0;0;0;0;0;0;5 minutes;0;0;0;0;0;0;0;0
