A1 Shank Sauce;2684;0;71;12,106;11,731.28;4,454;4,454;7;6.78;28;27.13;14;7;4;18;17;9;23;22;13;0;10;9.69;4;1;1;0;0;1,282;1,242.58;806;709;7;2;1;0;1;2;1.93;2;0;0;8;7.75;4;00:50;00:48;00:19;10;10;6;3,213;1,238;2;1.93;1;0;15 minutes;00:05;0;38%;52%;8%
AceSilver143;2260;0;92;8,251;8,528.11;6,489;1,488;9;9.3;29;29.97;25;7;3.22;3;3;3;6;6;5;0;17;17.57;15;0;1;0;1;2,553;2,638.52;1,114;857;7;3;1;1;1;1;1.03;1;0;0;12;12.4;9;00:36;00:37;00:24;3;3;2;3,586;1,012;1;1.03;1;0;14 minutes;00:12;0;28%;36%;85%
Doub1eAgent0reo;4505;1;75;12,249;12,166.04;12,249;3,792;6;5.95;35;34.76;35;11;5.83;23;23;23;31;31;31;0;13;12.91;13;0;1;0;1;807;801.97;807;314;11;4;3;0;1;3;2.97;3;0;0;10;9.93;10;00:30;00:30;00:30;14;14;14;2,744;1,159;3;2.97;3;0;11 minutes;04:26;0;42%;42%;100%
grayjake14;2095;1;190;17,503;5,309.29;4,318;2,765;32;9.7;58;17.59;16;15;1.81;20;6;7;34;10;10;0;36;10.92;11;3;3;1;0;2,744;832.3;626;494;15;9;5;1;3;1;0.3;1;0;0;12;3.64;7;01:17;00:23;00:37;5;2;2;5,906;2,187;16;4.85;5;0;36 minutes;00:36;0;37%;43%;0
LEGENDARYWARIOR;3639;2;153;46,585;9,500.86;13,362;5,621;37;7.54;85;17.33;21;13;2.29;117;24;37;123;25;42;1;50;10.19;12;2;5;1;2;13,271;2,706.54;2,798;1,194;13;8;5;0;3;1;0.2;1;0;0;15;3.05;5;03:35;00:43;01:17;35;7;12;9,170;4,138;15;3.05;5;0;1 hour;01:07;1;45%;47%;34%
MattPisto;4039;4;375;38,821;4,618.75;13,711;3,518;24;2.85;169;20.1;42;16;7.04;60;7;21;99;12;32;0;86;10.23;24;0;8;0;8;9,484;1,128.41;2,450;1,056;16;25;8;8;9;5;0.59;1;3;1;39;4.64;17;03:19;00:23;00:55;35;4;10;12,209;4,317;23;2.73;4;0;1 hour;04:43;5;35%;50%;100%
MisterToli X;3151;0;429;64,904;11,750.78;11,461;4,444;65;11.76;142;25.7;22;11;2.18;129;23;20;168;30;25;0;57;10.31;10;4;6;0;1;10,401;1,883.16;2,310;969;11;17;7;5;5;2;0.36;1;3;1;57;10.31;12;07:23;01:20;01:05;55;10;10;16,138;6,613;10;1.81;3;0;1 hour;08:29;0;40%;50%;26%
Nietzsche Nick;3738;1;24;1,144;3,636.6;1,144;625;3;9.54;8;25.44;8;5;2.66;2;6;2;3;10;3;0;5;15.9;5;0;0;0;0;0;0;0;0;5;1;0;1;0;1;3.18;1;0;0;1;3.18;1;00:15;00:48;00:15;2;6;2;341;115;3;9.54;3;0;2 minutes;00:18;0;33%;0;100%
RamLMT;2701;5;1,942;218,112;7,113.8;17,489;3,490;391;12.75;480;15.65;29;12;1.22;398;13;27;578;19;35;7;120;3.91;10;19;31;0;12;43,666;1,424.16;3,362;1,432;12;58;30;7;21;1;0.03;1;3;1;272;8.87;25;42:06;01:22;02:58;146;5;12;101,291;25,706;20;0.65;2;1;6 hours;06:56;12;25%;57%;38%
Repure;4125;2;261;28,939;11,753.03;10,088;4,574;24;9.74;89;36.14;33;17;3.7;46;19;17;68;28;23;0;33;13.4;11;0;2;0;2;2,750;1,116.79;1,698;563;17;8;3;3;2;3;1.21;2;0;0;37;15.02;20;03:09;01:17;01:15;16;6;7;7,491;3,146;5;2.03;3;0;28 minutes;08:22;0;41%;31%;88%
SirJamesParker;4540;2;414;48,043;8,736.49;7,743;4,288;36;6.54;144;26.18;34;17;4;117;21;26;166;30;32;1;68;12.36;13;1;5;0;4;14,378;2,614.56;5,188;2,901;17;19;6;6;7;1;0.18;1;3;2;31;5.63;11;03:04;00:33;00:38;59;11;11;12,296;5,297;13;2.36;3;0;1 hour;16:43;4;43%;44%;79%
spirit murderer;3425;0;36;5,386;5,521.36;3,354;2,749;7;7.17;19;19.47;10;7;2.71;8;8;8;15;15;15;0;7;7.17;5;0;1;0;0;989;1,014.19;675;596;7;2;1;0;0;1;1.02;1;0;0;7;7.17;7;01:37;01:40;01:29;6;6;6;2,215;806;2;2.05;2;0;12 minutes;0;0;36%;40%;50%
Tensa;4308;20;2,277;391,066;14,106.96;21,451;7,293;229;8.26;889;32.06;46;22;3.88;692;25;50;742;27;50;3;324;11.68;23;7;28;0;20;68,524;2,471.87;4,947;1,876;22;88;29;31;28;5;0.18;1;5;19;347;12.51;21;27:33;00:59;01:35;277;10;18;103,995;41,954;61;2.2;5;0;6 hours;01:06:13;0;40%;46%;71%
