A Camping Cat;4143;41,777;372;14;5%;908;68;36;0.06;385,491;21,267;29,216;12,468;187;10.31;0;0;0;550;30.34;40;24;2.94;0;0;0;0;0;0;0;1;1;307;16.93;28;9;18;1;8;41,777;2,305;4,822;1,372;160;8.82;13;24;0;0;60;15;36;9;4;0.22;1;3;6;248;13.68;23;17:07;00:56;02:19;0;0;0;24,752;1.7;2,344;0;0;36,137;17,260;59;3.25;6;131;7.22;13;0;0;0;4 hours;48:35;0;0;0;0;0;5;47%;58%;43%
A Chill Lamp;4407;17,090;186;4;5%;301;35;16;0.05;128,380;15,533.94;21,042;7,256;68;8.22;0;0;0;244;29.52;40;21;3.58;0;0;0;0;0;0;0;1;0;108;13.06;17;2;8;0;6;17,090;2,068;1,737;988;80;9.68;19;21;0;0;26;12;7;7;2;0.24;1;3;1;61;7.38;8;03:42;00:26;00:44;0;0;0;9,561;1.68;1,107;0;0;12,480;5,474;22;2.66;3;49;5.92;12;0;0;0;1 hour;15:21;0;0;0;0;0;0;43%;54%;74%
A1 Shank Sauce;2684;52,514;509;15;3%;595;55;13;0.03;375,970;17,575.02;31,488;15,029;214;10;0;0;0;682;31.88;63;18;3.18;0;0;0;0;0;0;0;3;1;398;18.6;42;8;21;1;12;52,514;2,455;4,279;2,227;232;10.84;30;18;0;0;75;18;35;21;5;0.23;2;4;13;293;13.69;27;18:59;00:53;01:38;0;0;0;32,488;1.86;2,840;0;0;41,623;15,700;106;4.95;15;131;6.12;13;0;0;0;4 hours;45:35;0;0;0;0;0;7;37%;55%;53%
Abdul Ahkbar;4001;6,062;72;0;3%;81;27;11;0.03;54,946;17,423.87;26,676;4,647;37;11.73;0;0;0;80;25.36;38;9;2.16;0;0;0;0;0;0;0;0;0;30;9.51;13;2;3;0;1;6,062;1,922;2,723;702;28;8.87;14;9;0;0;9;3;4;2;0;0;0;3;1;31;9.83;14;01:53;00:36;01:03;0;0;0;3,339;1.46;1,534;0;0;4,876;2,311;8;2.53;4;18;5.7;12;0;0;0;38 minutes;02:39;0;0;0;0;0;0;47%;61%;44%
Accel N6;3431;100,756;976;31;7%;4;4;4;0.03;1,069;5,655.73;1,069;1,069;1;5.28;0;0;0;1,288;37.7;66;25;3.72;0;0;0;0;0;0;0;4;0;739;21.63;36;0;0;2;21;546;2,886;546;546;393;11.5;31;25;0;0;0;0;0;28;0;0;0;5;11;507;14.84;31;31:35;00:55;02:17;0;0;0;270;2.64;270;0;0;211;56;153;4.47;11;249;7.29;16;0;0;0;1 minute;02:04:24;0;0;0;0;0;23;26%;53%;62%
AceSilver143;2260;25,731;255;3;4%;442;44;23;0.03;210,595;15,143.35;19,831;5,654;162;11.64;0;0;0;357;25.67;42;13;2.2;0;0;0;0;0;0;0;0;0;184;13.23;24;7;14;1;6;25,731;1,850;3,299;1,103;63;4.53;12;13;0;0;42;14;12;16;0;0;0;4;9;165;11.86;21;07:52;00:33;01:50;0;0;0;18,673;1.62;2,421;0;0;26,221;9,841;52;3.73;8;84;6.04;9;0;0;0;3 hours;18:25;0;0;0;0;0;1;37%;51%;40%
Aeon Bahamut X;3000;5,624;66;3;4%;139;32;13;0.04;65,517;12,869.13;16,807;5,147;37;7.26;0;0;0;169;33.19;47;18;4.56;0;0;0;0;0;0;0;1;0;70;13.74;21;1;5;0;4;5,624;1,105;1,526;551;32;6.28;9;18;0;0;17;5;8;4;1;0.19;1;3;3;67;13.16;25;01:41;00:19;00:43;0;0;0;4,376;1.28;1,116;0;0;8,119;3,276;13;2.55;3;28;5.49;11;0;0;0;56 minutes;11:33;0;0;0;0;0;0;40%;47%;71%
aggie2013;2020;3,352;27;0;5%;37;36;15;0.04;13,809;14,693.96;11,605;2,749;16;17.02;0;0;0;31;32.98;28;9;1.93;0;0;0;0;0;0;0;0;0;22;23.4;20;0;1;0;1;3,352;3,566;2,936;854;14;14.89;13;9;0;0;4;2;2;1;2;2.12;1;0;0;12;12.76;11;01:47;01:53;01:30;0;0;0;2,387;2.59;2,002;0;0;1,936;705;7;7.44;6;5;5.32;5;0;0;0;15 minutes;01:30;0;0;0;0;0;0;36%;37%;71%
Alcy;3000;2,552;30;2;5%;71;25;15;0.06;26,246;16,632.6;8,054;4,297;11;6.97;0;0;0;64;40.55;17;17;5.81;0;0;0;0;0;0;0;1;0;33;20.91;8;0;2;0;2;2,552;1,617;867;758;21;13.3;8;17;0;0;4;1;2;1;1;0.63;1;4;2;20;12.67;11;01:54;01:12;00:35;0;0;0;1,246;1.21;429;0;0;2,949;1,375;5;3.16;2;13;8.23;5;0;0;0;17 minutes;04:16;0;0;0;0;0;0;46%;52%;100%
Apacalypto;1998;212;2;0;9%;2;2;2;0.03;491;7,374.71;491;491;1;15;0;0;0;2;30.01;2;2;2;0;0;0;0;0;0;0;0;0;2;30.01;2;0;0;0;0;212;3,184;212;212;1;15;1;2;0;0;0;0;0;0;0;0;0;0;0;2;30.01;2;00:12;03:09;00:12;0;0;0;103;1.9;103;0;0;85;21;0;0;0;0;0;0;0;0;0;53.94096400216222 seconds;0;0;0;0;0;0;0;24%;0;0
apeX Piffiiii;0;847;8;0;2%;12;8;4;0.02;10,582;15,911.06;8,200;4,445;6;9.02;0;0;0;16;24.05;13;9;2.66;0;0;0;0;0;0;0;0;0;6;9.02;5;1;1;0;0;847;1,274;766;484;3;4.51;3;9;0;0;3;1;1;1;0;0;0;0;0;3;4.51;2;00:20;00:31;00:20;0;0;0;609;1.26;528;0;0;1,112;493;3;4.51;3;1;1.5;1;0;0;0;8 minutes;01:21;0;0;0;0;0;0;44%;45%;0
Asco HD;2385;6,974;71;1;4%;155;36;20;0.03;76,652;12,344.69;20,006;8,736;26;4.18;0;0;0;146;23.51;39;10;5.61;0;0;0;0;0;0;0;2;0;71;11.43;16;3;6;0;3;6,974;1,123;1,462;815;33;5.31;9;10;0;0;19;9;5;5;0;0;0;0;0;45;7.24;17;01:32;00:14;00:43;0;0;0;4,755;1.21;1,171;0;0;8,537;3,489;18;2.89;5;24;3.86;6;0;0;0;1 hour;05:14;0;0;0;0;0;0;40%;47%;48%
Aspire Leo;4244;36,052;300;7;3%;423;59;14;0.03;251,746;18,678.24;34,886;5,945;133;9.86;0;0;0;370;27.45;52;21;2.78;0;0;0;0;0;0;0;1;0;182;13.5;27;5;13;2;7;36,052;2,675;5,765;1,258;121;8.97;20;21;0;0;45;12;18;16;2;0.14;1;3;2;165;12.24;32;13:48;01:01;02:21;0;0;0;18,832;1.76;1,971;0;0;23,767;10,883;32;2.37;7;68;5.04;10;0;0;0;2 hours;19:39;0;0;0;0;0;0;45%;63%;48%
Atticus MD;2547;4,377;56;1;3%;46;14;6;0.02;31,511;12,210.13;13,022;3,999;27;10.46;0;0;0;89;34.48;36;12;3.29;0;0;0;0;0;0;0;2;0;41;15.88;17;1;3;0;2;4,377;1,696;1,752;684;36;13.94;15;12;0;0;10;2;2;5;0;0;0;3;1;34;13.17;19;03:26;01:20;01:29;0;0;0;3,013;1.46;1,382;0;0;3,872;1,527;10;3.87;4;17;6.58;9;0;0;0;34 minutes;03:24;0;0;0;0;0;0;39%;36%;75%
Auzzymandias;3093;2,423;19;0;3%;32;16;8;0.03;18,699;14,425.46;6,476;2,879;14;10.8;0;0;0;34;26.22;18;13;2.42;0;0;0;0;0;0;0;0;0;9;6.94;3;1;1;0;0;2,423;1,869;736;473;7;5.4;5;13;0;0;4;2;1;2;0;0;0;3;1;13;10.02;12;02:37;02:01;01:32;0;0;0;990;1.02;463;0;0;2,216;811;0;0;0;3;2.31;1;0;0;0;16 minutes;00:02;0;0;0;0;0;0;36%;47%;35%
AvaldezC;4350;836;7;0;2%;9;7;3;0.02;7,944;15,904.47;6,470;2,553;6;12.01;0;0;0;10;20.02;9;3;1.66;0;0;0;0;0;0;0;0;0;4;8;3;0;0;0;0;836;1,673;514;475;4;8;3;3;0;0;1;0;0;0;0;0;0;0;0;4;8;4;01:07;02:15;01:07;0;0;0;261;0.62;164;0;0;819;377;0;0;0;4;8;3;0;0;0;6 minutes;00:27;0;0;0;0;0;0;46%;48%;100%
Axemen;3331;12,776;142;4;4%;253;41;17;0.04;134,564;17,619.49;25,119;8,404;65;8.51;0;0;0;208;27.23;31;13;3.2;0;0;0;0;0;0;0;4;0;111;14.53;16;4;8;0;4;12,776;1,673;1,960;818;54;7.07;7;13;0;0;24;6;9;9;1;0.13;1;4;3;89;11.65;18;06:23;00:50;01:28;0;0;0;7,497;1.35;1,308;0;0;14,723;5,724;9;1.17;5;44;5.76;9;0;0;0;1 hour;04:01;0;0;0;0;0;0;38%;57%;51%
Azu;2757;542;10;0;6%;15;13;7;0.04;4,360;9,734.76;4,036;2,242;4;8.93;0;0;0;17;37.96;16;14;4.25;0;0;0;0;0;0;0;1;0;7;15.63;7;0;0;0;0;542;1,210;515;244;3;6.69;3;14;0;0;1;0;0;1;0;0;0;3;1;6;13.39;6;00:09;00:21;00:09;0;0;0;318;1.04;318;0;0;685;236;3;6.69;3;3;6.69;3;0;0;0;5 minutes;01:16;0;0;0;0;0;0;34%;0;94%
B0LTi;4034;166,278;1,746;56;4%;2,408;85;27;0.04;1,238,456;22,023.16;44,467;9,528;650;11.55;0;0;0;2,203;39.17;67;21;3.38;0;0;0;0;0;0;0;9;1;1,225;21.78;38;19;56;1;36;166,278;2,957;7,185;1,389;631;11.22;22;21;0;0;206;32;120;53;11;0.19;2;4;27;873;15.52;33;47:28;00:50;01:50;0;0;0;96,809;2;4,006;0;0;134,198;54,613;283;5.03;14;478;8.5;18;0;0;0;13 hours;03:34:45;0;0;0;0;0;7;40%;58%;64%
B1ackOutMiLitia;2698;4,489;36;1;5%;88;38;11;0.04;30,025;11,116.55;14,510;3,263;29;10.73;0;0;0;82;30.35;40;12;2.82;0;0;0;0;0;0;0;0;0;41;15.17;19;1;3;0;2;4,489;1,662;2,147;474;15;5.55;8;12;0;0;8;2;4;3;0;0;0;3;1;33;12.21;16;02:45;01:01;01:30;0;0;0;2,603;1.34;1,203;0;0;3,659;1,469;11;4.07;5;16;5.92;10;0;0;0;32 minutes;06:07;0;0;0;0;0;0;40%;41%;56%
Baby DVs;3824;2,174;18;1;8%;49;49;14;0.1;14,014;21,651.62;14,014;4,939;4;6.18;0;0;0;24;37.08;24;15;6;0;0;0;0;0;0;0;0;0;13;20.08;13;0;1;0;1;2,174;3,358;2,174;1,104;5;7.72;5;15;0;0;3;1;1;2;0;0;0;3;1;12;18.54;12;00:27;00:42;00:27;0;0;0;564;1.15;564;0;0;1,533;607;2;3.09;2;8;12.36;8;0;0;0;8 minutes;02:21;0;0;0;0;0;0;39%;39%;100%
BatmanDobbins;3836;92,005;757;18;4%;1,527;72;42;0.04;697,988;18,057.41;31,783;10,146;429;11.09;0;0;0;1,162;30.06;44;28;2.7;0;0;0;0;0;0;0;4;0;645;16.68;33;14;39;3;22;92,005;2,380;3,988;1,477;286;7.39;14;28;0;0;133;33;62;38;0;0;0;4;9;441;11.4;26;34:31;00:53;02:14;0;0;0;49,528;1.56;2,006;0;0;69,262;31,500;145;3.75;8;204;5.27;14;0;0;0;8 hours;01:07:48;0;0;0;0;0;6;45%;64%;55%
BeeVA;2649;36,746;332;11;4%;631;60;16;0.04;288,965;14,933.09;23,060;6,046;224;11.57;0;0;0;616;31.83;47;18;2.75;0;0;0;0;0;0;0;1;0;359;18.55;26;11;19;0;8;36,746;1,899;3,525;1,046;191;9.87;17;18;0;0;75;17;40;18;5;0.25;2;4;4;245;12.66;23;18:43;00:58;03:11;0;0;0;22,763;1.54;2,118;0;0;28,614;14,236;88;4.54;9;154;7.95;14;0;0;0;4 hours;52:09;0;0;0;0;0;3;49%;61%;42%
BET0 SLV;0;202;1;0;6%;2;2;2;0.02;856;2,931.71;856;856;0;0;0;0;0;1;3.42;1;1;0;0;0;0;0;0;0;0;0;0;1;3.42;1;0;0;0;0;202;693;202;202;1;3.42;1;1;0;0;0;0;0;0;0;0;0;0;0;0;0;0;0;0;0;0;0;0;202;2.88;202;0;0;140;33;1;3.42;1;0;0;0;0;0;0;1 minute;0;0;0;0;0;0;0;23%;0;0
Beyond Volscian;0;1,254;11;0;12%;70;70;32;0.16;834;8,774.27;834;834;7;13.53;2;21;2;3;31.56;3;3;3.28;0;0;0;0;0;0;0;0;0;14;27.06;14;0;0;0;0;1,332;14,018;1,332;1,332;7;13.53;7;3;0;0;0;0;0;0;0;0;0;0;0;2;21.04;2;00:11;01:58;00:11;0;0;0;357;5.02;357;0;0;118;44;0;0;0;2;3.86;2;0;0;0;1 minute;05:39;0;0;0;0;0;0;37%;0;100%
bossy ross;3171;71;1;0;3%;1;1;1;0.02;792;22,135.56;792;792;1;27.94;0;0;0;0;0;0;0;0;0;0;0;0;0;0;0;0;0;0;0;0;0;0;0;0;71;1,975;71;71;0;0;0;0;0;0;0;0;0;0;0;0;0;0;0;0;0;0;0;0;0;0;0;0;71;2.09;71;0;0;65;33;0;0;0;0;0;0;0;0;0;33.702975041233 seconds;0;0;0;0;0;0;0;50%;0;0
Bounce Cityyyyy;3145;7,331;67;1;3%;85;36;15;0.03;49,134;14,481.47;18,099;3,689;37;10.9;0;0;0;123;36.25;43;10;3.32;0;0;0;0;0;0;0;1;0;72;21.22;29;1;3;0;2;7,331;2,161;2,719;969;46;13.55;14;10;0;0;11;4;5;2;0;0;0;3;2;49;14.44;17;03:30;01:02;01:22;0;0;0;4,717;1.72;1,996;0;0;6,040;2,553;24;7.07;9;27;7.95;12;0;0;0;45 minutes;11:04;0;0;0;0;0;0;42%;45%;53%
burn out 317;2534;1,134;13;0;5%;14;7;6;0.03;5,682;8,181.88;2,602;2,334;9;12.95;0;0;0;16;23.03;8;8;1.77;0;0;0;0;0;0;0;0;0;7;10.07;3;0;1;0;0;1,134;1,633;614;432;11;15.83;5;8;0;0;2;1;1;1;0;0;0;0;0;4;5.75;2;00:49;01:11;00:35;0;0;0;837;2.03;614;0;0;730;261;3;4.31;2;1;1.43;1;0;0;0;6 minutes;01:36;0;0;0;0;0;0;35%;31%;46%
C0RPORAL;2982;1,408;14;1;4%;28;23;10;0.05;12,655;11,765.87;7,488;4,287;7;6.5;0;0;0;14;13.01;10;4;2;0;0;0;0;0;0;0;0;0;10;9.29;8;1;1;0;0;1,408;1,309;792;437;2;1.85;1;4;0;0;3;2;1;0;0;0;0;3;1;8;7.43;6;00:24;00:22;00:20;0;0;0;1,087;2.17;562;0;0;1,199;583;0;0;0;5;4.64;5;0;0;0;8 minutes;02:18;0;0;0;0;0;0;48%;48%;30%
C1ZR;4124;1,023;9;0;6%;28;28;13;0.05;9,579;20,931.91;8,722;3,633;8;17.48;0;0;0;15;32.77;14;7;1.87;0;0;0;0;0;0;0;0;0;5;10.92;5;0;0;0;0;1,023;2,236;822;341;3;6.55;3;7;0;0;1;0;0;0;0;0;0;0;0;6;13.11;6;00:31;01:07;00:24;0;0;0;741;1.58;698;0;0;977;451;0;0;0;4;8.74;4;0;0;0;7 minutes;00:41;0;0;0;0;0;1;46%;0;9%
CCT DARK;2700;602;4;0;3%;17;17;11;0.03;9,898;19,370.15;9,898;6,578;4;7.82;0;0;0;27;52.83;27;19;6.75;0;0;0;0;0;0;0;0;0;13;25.44;13;0;1;1;0;602;1,178;602;505;4;7.82;4;19;0;0;2;1;0;1;0;0;0;3;1;11;21.52;11;00:23;00:45;00:23;0;0;0;109;0.2;109;0;0;1,105;502;1;1.95;1;5;9.78;5;0;0;0;8 minutes;00:03;0;0;0;0;0;0;45%;45%;0
Cerubeus;4084;109,276;1,260;27;5%;1,838;111;25;0.05;793,283;20,311.71;44,823;13,071;356;9.11;0;0;0;1,282;32.82;70;20;3.6;0;0;0;0;0;0;0;1;1;652;16.69;43;10;39;1;28;109,276;2,798;5,997;1,547;405;10.36;28;20;0;0;132;28;78;26;4;0.1;1;5;31;536;13.72;32;46:03;01:10;03:32;0;0;0;48,526;1.53;2,847;0;0;89,249;34,699;111;2.84;8;323;8.27;20;0;0;0;8 hours;01:42:29;0;0;0;0;0;7;38%;66%;70%
ChaosMage251;3000;1,292;12;0;11%;24;16;11;0.07;5,486;9,813.5;2,963;2,527;4;7.15;0;0;0;6;10.73;5;2;1.5;0;0;0;0;0;0;0;0;0;4;7.15;3;0;1;0;1;1,292;2,312;806;412;4;7.15;3;2;0;0;2;2;0;0;0;0;0;0;0;3;5.36;3;00:11;00:20;00:11;0;0;0;439;1.39;410;0;0;622;218;2;3.57;2;2;3.57;1;0;0;0;5 minutes;0;0;0;0;0;0;0;35%;23%;92%
Chopper Le Porc;0;47,997;459;11;4%;575;58;15;0.03;292,817;14,458.24;14,868;8,929;250;12.34;0;0;0;664;32.78;48;23;2.65;0;0;0;0;0;0;0;6;0;368;18.17;25;8;20;0;12;47,997;2,370;3,936;1,632;239;11.8;18;23;0;0;71;20;30;22;6;0.29;2;3;3;269;13.28;21;31:08;01:32;02:41;0;0;0;33,561;1.88;3,461;0;0;35,691;14,184;101;4.98;12;137;6.76;12;8;0;0;4 hours;01:01:41;0;0;0;0;0;41;39%;53%;58%
Chris Zettek;4308;8,625;79;3;5%;163;57;21;0.06;72,703;22,805.7;23,574;9,422;23;7.21;0;0;0;118;37.01;38;16;5.13;0;0;0;0;0;0;0;1;0;57;17.88;22;1;3;0;2;8,625;2,706;1,888;815;37;11.6;10;16;0;0;10;1;6;2;0;0;0;0;0;41;12.86;14;04:53;01:31;02:02;0;0;0;4,182;1.6;1,009;0;0;6,740;3,140;12;3.76;3;19;5.96;7;0;0;0;43 minutes;10:07;0;0;0;0;0;0;46%;53%;64%
CHRISBREEZY0413;2912;2,012;31;0;5%;50;18;16;0.03;21,772;13,947.82;11,111;3,665;25;16.01;0;0;0;24;15.37;15;7;0.96;0;0;0;0;0;0;0;0;0;8;5.12;6;2;2;0;0;2,012;1,289;624;345;9;5.76;6;7;0;0;3;1;1;2;0;0;0;0;0;11;7.04;9;02:08;01:21;01:42;0;0;0;1,047;0.83;341;0;0;2,761;942;1;0.64;1;3;1.92;3;0;0;0;20 minutes;0;0;0;0;0;0;0;34%;33%;0%
CM9 PT;3723;2,530;24;0;4%;36;20;7;0.03;17,592;13,337.29;9,357;4,396;8;6.06;0;0;0;27;20.47;15;6;3.37;0;0;0;0;0;0;0;0;0;16;12.13;9;0;1;0;1;2,530;1,918;1,357;722;10;7.58;7;6;0;0;5;2;0;3;0;0;0;0;0;10;7.58;6;00:34;00:25;00:16;0;0;0;1,371;1.43;832;0;0;2,423;838;3;2.27;1;2;1.51;2;0;0;0;--;0;0;0;0;0;0;0;34%;40%;64%
Coluge;4435;360;3;0;1%;2;2;2;0.01;3,125;22,302.85;3,125;1,594;2;14.27;0;0;0;5;35.67;5;4;2.5;0;0;0;0;0;0;0;0;0;3;21.4;3;0;0;0;0;360;2,567;360;351;2;14.27;2;4;0;0;1;0;0;0;0;0;0;0;0;3;21.4;3;00:11;01:24;00:11;0;0;0;191;1.8;191;0;0;229;136;0;0;0;1;7.13;1;0;0;0;1 minute;00:20;0;0;0;0;0;0;59%;59%;0
Coluge is back;4397;2,098;20;0;3%;25;11;11;0.03;14,343;16,095.36;3,599;3,537;11;12.34;0;0;0;16;17.95;6;4;1.45;0;0;0;0;0;0;0;0;0;4;4.48;2;1;1;0;0;2,098;2,354;817;753;4;4.48;1;4;0;0;3;0;2;1;0;0;0;0;0;2;2.24;1;00:11;00:13;00:04;0;0;0;1,018;1.55;450;0;0;1,514;654;0;0;0;1;1.12;1;0;0;0;10 minutes;00:54;0;0;0;0;0;0;43%;0;39%
commander 8899;3234;8,645;63;2;3%;58;26;10;0.02;31,256;7,622.31;7,510;3,913;29;7.07;0;0;0;84;20.48;28;12;2.89;0;0;0;0;0;0;0;0;0;37;9.02;10;3;4;0;0;8,645;2,108;2,340;1,610;32;7.8;9;12;0;0;15;4;2;9;0;0;0;3;4;31;7.55;16;02:13;00:32;00:34;0;0;0;5,244;2.26;1,075;0;0;4,646;1,468;7;1.7;3;15;3.65;6;0;0;0;38 minutes;03:30;0;0;0;0;0;0;31%;38%;6%
Conduit;3347;27,860;277;3;4%;374;50;28;0.03;212,280;16,756.24;24,369;6,803;120;9.47;0;0;0;349;27.54;48;15;2.9;0;0;0;0;0;0;0;3;0;166;13.1;23;6;13;1;6;27,860;2,199;2,926;1,138;84;6.63;14;15;0;0;47;21;14;12;2;0.15;1;3;2;147;11.6;27;10:07;00:47;01:52;0;0;0;14,884;1.5;1,809;0;0;22,479;9,312;32;2.52;5;66;5.2;9;0;0;0;2 hours;19:45;0;0;0;0;0;0;41%;49%;47%
CookiesMilkYum;4298;4,976;43;1;3%;43;22;9;0.03;32,711;14,445.91;13,930;8,737;12;5.29;0;0;0;50;22.08;20;11;4.16;0;0;0;0;0;0;0;0;0;23;10.15;11;1;2;0;1;4,976;2,197;2,981;938;13;5.74;8;11;0;0;7;2;4;1;0;0;0;0;0;25;11.04;13;02:10;00:57;01:08;0;0;0;2,421;1.8;1,304;0;0;2,881;1,420;3;1.32;2;8;3.53;5;0;0;0;22 minutes;03:00;0;0;0;0;0;0;49%;50%;55%
Corey Burlinson;4077;21,314;197;1;5%;440;48;23;0.05;188,041;19,814.14;24,145;7,898;111;11.69;0;0;0;268;28.23;34;15;2.41;0;0;0;0;0;0;0;0;0;137;14.43;18;4;9;1;4;21,314;2,246;2,827;936;101;10.64;14;15;0;0;28;7;11;10;0;0;0;4;4;80;8.42;15;03:58;00:25;00:52;0;0;0;13,415;1.65;1,704;0;0;17,900;8,078;32;3.37;5;41;4.32;11;0;0;0;2 hours;10:30;0;0;0;0;0;2;45%;46%;46%
cougargoalie;3259;5,175;44;2;4%;95;41;17;0.04;46,557;20,287.1;22,006;6,805;18;7.84;0;0;0;74;32.24;46;15;4.11;0;0;0;0;0;0;0;1;0;37;16.12;24;2;2;0;1;5,175;2,255;3,055;940;21;9.15;10;15;0;0;7;1;4;2;0;0;0;0;0;31;13.5;17;03:13;01:24;01:47;0;0;0;3,375;1.58;2,046;0;0;5,193;1,924;11;4.79;8;11;4.79;6;0;0;0;35 minutes;05:18;0;0;0;0;0;0;37%;38%;28%
Cygnus VI;1908;1,000;8;0;10%;14;13;11;0.05;3,448;12,045.73;2,936;1,279;7;24.45;0;0;0;2;6.98;2;1;0.28;0;0;0;0;0;0;0;0;0;2;6.98;2;0;0;0;0;1,000;3,493;516;284;0;0;0;1;0;0;1;0;0;0;0;0;0;0;0;0;0;0;0;0;0;0;0;0;471;1.75;238;0;0;547;137;0;0;0;0;0;0;0;0;0;4 minutes;0;0;0;0;0;0;0;25%;0;100%
Cyr;2998;1,061;15;1;7%;50;50;22;0.09;12,407;12,407.39;12,407;6,751;0;0;0;0;0;55;54.99;55;19;0;0;0;0;0;0;0;0;0;0;16;15.99;16;0;1;0;1;1,061;1,061;1,061;697;8;7.99;8;19;0;0;5;1;3;1;0;0;0;3;1;21;20.99;21;00:35;00:35;00:35;0;0;0;900;1.66;900;0;0;1,693;668;1;0.99;1;6;5.99;6;0;0;0;9 minutes;02:58;0;0;0;0;0;0;39%;39%;100%
Dadongado;2128;117;1;0;0;0;0;0;0;308;6,707.19;308;308;1;21.77;0;0;0;0;0;0;0;0;0;0;0;0;0;0;0;0;0;0;0;0;0;0;0;0;117;2,548;117;82;0;0;0;0;0;0;0;0;0;0;0;0;0;0;0;0;0;0;0;0;0;0;0;0;23;0.55;23;0;0;66;10;0;0;0;0;0;0;0;0;0;41.616052023135126 seconds;0;0;0;0;0;0;0;15%;0;0
DamianXCadena;0;1,860;18;1;3%;20;20;5;0.03;15,652;21,598.92;15,652;5,848;12;16.55;0;0;0;21;28.97;21;8;1.75;0;0;0;0;0;0;0;0;0;11;15.17;11;1;1;0;0;1,860;2,567;1,860;423;6;8.27;6;8;0;0;4;0;2;1;0;0;0;0;0;13;17.93;13;01:19;01:50;01:19;0;0;0;1,064;1.87;1,064;0;0;1,660;661;2;2.75;2;4;5.51;4;0;0;0;9 minutes;04:43;0;0;0;0;0;5;39%;0;0
DanGetzBucketz;3306;2,640;26;2;6%;163;69;23;0.07;57,107;13,960.14;23,648;12,256;26;6.35;0;0;0;71;17.35;21;11;2.73;0;0;0;0;0;0;0;0;0;37;9.04;13;2;4;0;2;2,640;645;1,154;811;15;3.66;5;11;0;0;13;4;7;2;1;0.24;1;0;0;30;7.33;8;02:23;00:35;00:56;0;0;0;1,563;0.67;764;0;0;6,400;2,673;8;1.95;4;8;1.95;3;0;0;0;38 minutes;01:37;0;0;0;0;0;0;41%;43%;38%
DeftOrthruss;3000;161,592;1,654;17;4%;1,617;54;18;0.03;793,191;12,773.94;21,185;8,471;786;12.65;0;0;0;1,678;27.02;49;16;2.13;0;0;0;0;0;0;0;9;0;810;13.04;28;29;62;3;30;161,592;2,602;4,614;1,592;588;9.46;20;16;0;0;218;72;67;78;6;0.09;1;5;16;771;12.41;25;01:15:46;01:13;02:47;0;0;0;85,866;1.79;2,457;0;0;114,818;37,411;157;2.52;9;318;5.12;18;0;0;0;13 hours;01:13:02;0;0;0;0;0;31;32%;45%;48%
DishonoredBeast;2611;185;1;0;9%;4;4;4;0.04;1,005;9,203.86;1,005;852;2;18.32;0;0;0;1;9.16;1;1;0.5;0;0;0;0;0;0;0;0;0;0;0;0;0;0;0;0;185;1,694;185;185;1;9.16;1;1;0;0;1;0;0;0;0;0;0;0;0;1;9.16;1;00:01;00:11;00:01;0;0;0;123;1.36;123;0;0;161;44;0;0;0;0;0;0;0;0;0;1 minute;0;0;0;0;0;0;0;27%;0;100%
Dog Thanatos;3775;4,006;26;0;5%;62;21;12;0.06;22,939;16,634.12;8,111;5,309;14;10.15;0;0;0;35;25.38;11;6;2.5;0;0;0;0;0;0;0;0;0;20;14.5;7;1;1;1;0;4,006;2,905;1,791;715;11;7.97;4;6;0;0;5;1;2;2;0;0;0;0;0;20;14.5;6;02:00;01:27;00:43;0;0;0;1,342;1.3;724;0;0;2,597;1,071;5;3.62;2;11;7.97;3;0;0;0;17 minutes;02:09;0;0;0;0;0;0;41%;34%;20%
DogeGammit;3958;568;8;0;4%;8;8;5;0.03;4,156;23,042.88;4,156;2,763;1;5.54;0;0;0;11;60.98;11;7;11;0;0;0;0;0;0;0;0;0;3;16.63;3;0;0;0;0;568;3,150;568;439;2;11.08;2;7;0;0;1;0;0;0;0;0;0;0;0;6;33.26;6;00:24;02:17;00:24;0;0;0;350;1.55;350;0;0;564;200;0;0;0;2;11.08;2;0;0;0;3 minutes;00:36;0;0;0;0;0;0;35%;35%;100%
DOMINICKYO;2337;1,007;7;0;9%;4;3;2;0.01;701;1,223.35;453;272;12;20.94;1;2;1;1;1.74;1;1;0.08;0;0;0;0;0;0;0;0;0;3;5.32;3;1;1;0;1;1,036;1,807;862;234;2;3.55;2;1;0;0;2;0;1;0;0;0;0;0;0;1;1.77;1;00:11;00:20;00:11;1;2;1;264;0.76;201;0;0;248;42;0;0;0;3;5.32;3;0;0;0;5 minutes;0;0;0;0;0;0;0;16%;17%;100%
Doub1eAgent0reo;4505;2,892;38;2;7%;99;36;21;0.06;32,150;16,210.54;11,018;6,120;18;9.07;0;0;0;79;39.83;37;17;4.38;0;0;0;0;0;0;0;0;0;45;22.69;21;0;2;0;2;2,892;1,458;1,054;445;17;8.57;7;17;0;0;7;0;4;2;0;0;0;0;0;14;7.05;10;00:30;00:15;00:23;0;0;0;2,269;1.56;914;0;0;3,220;1,382;12;6.05;5;15;7.56;7;0;0;0;24 minutes;06:43;0;0;0;0;0;0;42%;46%;83%
DoubledLizard;2764;86,904;897;16;4%;918;60;18;0.03;492,904;16,171.42;23,142;7,359;377;12.36;0;0;0;774;25.39;36;17;2.05;0;0;0;0;0;0;0;5;1;381;12.5;20;16;30;1;13;86,904;2,851;3,899;1,151;227;7.44;12;17;0;0;112;37;45;30;6;0.19;2;4;4;399;13.09;23;58:21;01:54;03:52;0;0;0;42,175;1.8;1,947;0;0;59,039;20,734;70;2.29;5;182;5.97;12;0;0;0;6 hours;50:19;0;0;0;0;0;7;35%;49%;43%
Drakothius;3028;22,864;196;0;5%;301;70;16;0.04;108,703;15,107.39;24,708;4,528;99;13.75;0;0;0;222;30.85;47;12;2.24;0;0;0;0;0;0;0;0;0;112;15.56;25;5;7;0;2;22,864;3,178;1,654;1,270;71;9.86;16;12;0;0;28;4;12;12;0;0;0;0;0;105;14.59;15;10:57;01:31;02:41;0;0;0;12,445;2.03;2,230;0;0;14,080;5,354;32;4.44;5;46;6.39;8;0;0;0;1 hour;14:15;0;0;0;0;0;4;38%;45%;24%
DrivebySamura1;3959;24,761;224;8;5%;493;55;25;0.07;192,742;21,559.42;27,017;11,519;101;11.29;0;0;0;281;31.43;37;21;2.78;0;0;0;0;0;0;0;2;0;165;18.45;24;4;9;0;5;24,761;2,770;2,785;1,025;88;9.84;12;21;0;0;33;8;19;7;2;0.22;1;3;2;88;9.84;13;07:25;00:49;01:17;0;0;0;13,637;1.97;1,400;0;0;18,213;8,310;33;3.69;5;61;6.82;9;0;0;0;1 hour;29:44;0;0;0;0;0;0;45%;52%;54%
Dub6 Pingouino;3285;8,480;91;3;5%;193;48;30;0.04;76,866;16,913;15,407;6,085;40;8.8;0;0;0;196;43.12;47;17;4.9;0;0;0;0;0;0;0;1;0;92;20.24;18;1;5;0;3;8,480;1,866;2,236;792;44;9.68;10;17;0;0;15;5;8;2;1;0.22;1;3;1;67;14.74;19;02:28;00:32;00:36;0;0;0;5,287;1.32;1,439;0;0;8,994;3,735;19;4.18;5;36;7.92;9;0;0;0;1 hour;07:29;0;0;0;0;0;0;41%;53%;74%
Dukez;3307;183;2;0;6%;1;1;1;0.01;449;5,381.63;449;261;2;23.94;0;0;0;0;0;0;0;0;0;0;0;0;0;0;0;0;0;0;0;0;0;0;0;0;183;2,194;183;151;0;0;0;0;0;0;0;0;0;0;0;0;0;0;0;0;0;0;0;0;0;0;0;0;183;2.6;183;0;0;76;16;0;0;0;0;0;0;0;0;0;1 minute;0;0;0;0;0;0;0;21%;21%;0
EliteKnight1;3375;9,213;101;1;5%;167;61;30;0.05;66,499;18,269.07;16,222;8,104;35;9.61;0;0;0;126;34.61;36;17;3.6;0;0;0;0;0;0;0;0;0;64;17.58;19;2;4;0;2;9,213;2,531;2,177;945;38;10.43;17;17;0;0;11;4;6;1;1;0.27;1;3;1;64;17.58;20;05:27;01:30;01:33;0;0;0;5,269;1.77;1,619;0;0;6,862;2,786;13;3.57;5;32;8.79;7;0;0;0;49 minutes;11:20;0;0;0;0;0;0;40%;46%;45%
Elsayer;0;253;2;0;4%;7;7;5;0.03;3,185;6,412.77;3,185;1,847;5;10.06;0;0;0;2;4.02;2;2;0.4;0;0;0;0;0;0;0;0;0;2;4.02;2;0;0;0;0;253;509;253;253;0;0;0;2;0;0;1;0;0;1;0;0;0;0;0;0;0;0;0;0;0;0;0;0;138;0.77;138;0;0;392;153;0;0;0;0;0;0;0;0;0;2 minutes;0;0;0;0;0;0;1;39%;0;0
Emit Pain;4339;5,000;62;2;7%;191;61;23;0.07;57,331;15,485.29;15,915;7,426;23;6.21;0;0;0;99;26.74;31;12;4.3;0;0;0;0;0;0;0;0;0;62;16.74;19;1;4;0;2;5,000;1,351;1,587;799;29;7.83;13;12;0;0;12;2;7;4;1;0.27;1;0;0;18;4.86;6;00:30;00:08;00:08;0;0;0;2,965;1.21;680;0;0;5,934;2,536;9;2.43;4;18;4.86;6;0;0;0;40 minutes;02:13;0;0;0;0;0;0;42%;57%;67%
EscapeFate Dan;3000;421;5;0;2%;5;5;4;0.04;3,659;23,521.94;3,659;2,097;2;12.85;0;0;0;2;12.85;2;2;1;0;0;0;0;0;0;0;0;0;0;0;0;0;0;0;0;421;2,709;421;270;0;0;0;2;0;0;1;0;0;0;0;0;0;0;0;1;6.42;1;00:02;00:13;00:02;0;0;0;316;2.65;316;0;0;358;174;0;0;0;0;0;0;0;0;0;1 minute;0;0;0;0;0;0;0;48%;0;100%
FANCYHOODLUM;3555;12,351;109;0;4%;147;41;15;0.04;73,354;13,482.88;19,116;6,774;46;8.45;0;0;0;95;17.46;24;13;2.06;0;0;0;0;0;0;0;0;0;32;5.88;7;3;5;0;3;12,351;2,270;3,212;1,073;29;5.33;7;13;0;0;14;6;4;4;0;0;0;0;0;42;7.71;12;07:22;01:21;03:11;0;0;0;4,196;1.15;754;0;0;10,064;3,140;3;0.55;1;11;2.02;4;0;0;0;1 hour;00:31;0;0;0;0;0;0;31%;35%;49%
Fat Hamm;2576;536;5;0;7%;8;8;8;0.04;2,461;8,313.8;2,461;1,438;3;10.13;0;0;0;5;16.88;5;5;1.66;0;0;0;0;0;0;0;0;0;2;6.75;2;0;0;0;0;536;1,811;536;284;2;6.75;2;5;0;0;1;0;1;0;0;0;0;0;0;4;13.51;4;00:13;00:44;00:13;0;0;0;238;1.36;238;0;0;332;112;1;3.37;1;1;3.37;1;0;0;0;2 minutes;00:44;0;0;0;0;0;0;33%;0;0
FBorrego;0;0;0;0;12%;8;8;4;0.09;1,095;12,406.16;1,095;673;1;11.33;0;0;0;2;22.66;2;1;2;0;0;0;0;0;0;0;0;0;0;0;0;0;0;0;0;0;0;0;0;1;11.33;1;1;0;0;0;0;0;0;0;0;0;0;0;0;0;0;00:11;02:06;00:11;0;0;0;0;0;0;0;0;239;64;0;0;0;0;0;0;0;0;0;1 minute;0;0;0;0;0;0;0;26%;26%;0
Ferni;4613;700;6;0;7%;20;9;9;0.07;6,607;12,592.23;4,889;4,889;1;1.9;0;0;0;19;36.21;11;11;19;0;0;0;0;0;0;0;0;0;10;19.05;5;0;1;0;1;700;1,334;700;700;7;13.34;4;11;0;0;2;1;1;0;0;0;0;3;1;8;15.24;4;00:25;00:48;00:24;0;0;0;470;1.75;470;0;0;560;257;1;1.9;1;0;0;0;0;0;0;4 minutes;00:34;0;0;0;0;0;0;45%;60%;100%
FotR Ragnarok;2520;70,912;567;19;3%;625;41;24;0.03;380,204;14,663.34;28,110;8,607;244;9.41;0;0;0;782;30.15;57;14;3.2;0;0;0;0;0;0;0;5;1;419;16.15;33;10;26;1;14;70,912;2,735;6,945;2,035;263;10.14;23;14;0;0;110;20;52;38;5;0.19;1;4;14;355;13.69;32;36:45;01:25;04:18;0;0;0;33,796;1.87;2,774;0;0;42,711;16,533;86;3.31;10;210;8.09;19;0;0;0;5 hours;01:15:01;0;0;0;0;0;15;38%;53%;55%
GandalfTheCyan;2544;2,253;28;2;2%;45;26;5;0.02;33,124;16,317.51;22,038;3,854;26;12.8;0;0;0;69;33.99;47;9;2.65;0;0;0;0;0;0;0;2;0;33;16.25;21;1;2;0;2;2,253;1,110;1,149;682;19;9.35;14;9;0;0;7;2;3;2;0;0;0;3;1;28;13.79;19;01:53;00:56;00:57;0;0;0;1,719;0.93;916;0;0;3,979;1,738;5;2.46;2;15;7.38;10;0;0;0;30 minutes;00:01;0;0;0;0;0;0;43%;64%;74%
Garbudah;2349;2,207;22;0;2%;10;5;5;0.01;8,679;6,263.36;5,828;2,062;10;7.21;0;0;0;14;10.1;11;6;1.4;0;0;0;0;0;0;0;0;0;6;4.33;5;1;1;0;0;2,207;1,593;1,288;641;5;3.6;4;6;0;0;6;3;1;2;0;0;0;0;0;5;3.6;5;00:51;00:37;00:51;0;0;0;961;1.49;663;0;0;1,025;430;1;0.72;1;3;2.16;2;0;0;0;10 minutes;0;0;0;0;0;0;1;41%;0;0
Gbox36;2906;4,191;57;0;5%;53;35;7;0.02;20,857;9,135.31;13,737;2,239;27;11.82;0;0;0;45;19.7;30;7;1.66;0;0;0;0;0;0;0;2;0;14;6.13;8;2;2;0;1;4,191;1,836;1,936;472;10;4.37;7;7;0;0;5;5;0;0;0;0;0;0;0;20;8.75;16;01:35;00:41;00:49;0;0;0;2,011;1.08;1,246;0;0;3,372;975;4;1.75;3;7;3.06;7;0;0;0;30 minutes;0;0;0;0;0;0;0;28%;29%;23%
godstomper231;3449;170,018;1,356;23;5%;2,404;82;26;0.04;1,025,154;16,671.74;25,293;10,818;745;12.11;0;0;0;1,956;31.8;53;21;2.62;0;0;0;0;0;0;0;12;1;1,028;16.71;30;30;61;3;28;170,018;2,765;5,201;1,307;660;10.73;21;21;0;0;183;47;86;50;46;0.74;3;6;19;854;13.88;38;01:33:02;01:30;03:25;0;0;0;102,665;2.11;3,081;0;0;108,776;44,454;188;3.05;8;440;7.15;14;0;0;0;13 hours;02:47:08;0;0;0;0;0;5;40%;52%;46%
gogospeedracr;0;393;3;0;7%;19;19;10;0.05;4,771;14,074.98;4,771;1,895;4;11.8;0;0;0;19;56.05;19;9;4.75;0;0;0;0;0;0;0;0;0;5;14.75;5;0;0;0;0;393;1,161;393;250;6;17.7;6;9;0;0;1;0;1;0;0;0;0;0;0;5;14.75;5;00:01;00:03;00:01;0;0;0;266;0.71;266;0;0;693;250;2;5.9;2;5;14.75;5;0;0;0;6 minutes;00:15;0;0;0;0;0;0;36%;36%;0
Golden Viper210;4493;1,188;9;0;9%;28;28;12;0.06;7,311;11,191.35;7,311;3,046;8;12.24;0;0;0;9;13.77;9;5;1.12;0;0;0;0;0;0;0;0;0;4;6.12;4;1;1;0;0;1,188;1,819;1,188;374;2;3.06;2;5;0;0;2;1;1;0;0;0;0;0;0;1;1.53;1;00:15;00:24;00:15;0;0;0;785;1.75;785;0;0;735;287;2;3.06;2;0;0;0;0;0;0;7 minutes;0;0;0;0;0;0;0;39%;39%;0
Granty282;2256;782;7;0;3%;10;10;6;0.02;5,398;8,768.17;4,459;1,923;8;12.99;0;0;0;1;1.62;1;1;0.12;0;0;0;0;0;0;0;0;0;0;0;0;1;1;0;0;782;1,271;422;287;1;1.62;1;1;0;0;3;2;1;0;0;0;0;0;0;0;0;0;00:05;00:09;00:05;0;0;0;505;1.46;291;0;0;635;251;0;0;0;0;0;0;0;0;0;5 minutes;0;0;0;0;0;0;0;39%;0;0
grayjake14;2095;2,748;24;0;4%;1;1;1;0.01;444;2,871.11;444;428;1;6.46;0;0;0;56;35.67;39;13;2.33;0;0;0;0;0;0;0;0;0;36;22.93;27;0;0;0;0;311;2,010;311;311;21;13.37;12;13;0;0;0;1;0;0;0;0;0;0;0;23;14.65;14;00:00;00:00;00:00;0;0;0;174;2.4;174;0;0;72;23;11;7;6;10;6.37;10;0;0;0;1 minute;02:13;0;0;0;0;0;0;31%;33%;21%
Hello Im Genji;3887;2,912;41;2;5%;84;60;22;0.07;36,348;18,795.49;15,051;6,387;17;8.79;0;0;0;57;29.47;22;10;3.35;0;0;0;0;0;0;0;0;0;37;19.13;15;0;2;0;2;2,912;1,506;991;427;20;10.34;8;10;0;0;9;3;5;1;1;0.51;1;0;0;33;17.06;16;03:36;01:51;02:06;0;0;0;2,051;1.78;706;0;0;2,967;1,449;5;2.58;2;12;6.2;6;0;0;0;19 minutes;07:33;0;0;0;0;0;0;48%;46%;88%
HerBakedPizza;3000;1,177;16;1;3%;28;28;19;0.06;12,795;12,794.62;12,795;5,765;3;3;0;0;0;26;26;26;15;8.66;0;0;0;0;0;0;0;0;0;20;20;20;0;1;0;1;1,177;1,177;1,177;623;7;7;7;15;0;0;4;2;2;0;0;0;0;0;0;6;6;6;00:11;00:11;00:11;0;0;0;670;1.58;670;0;0;1,253;710;4;4;4;3;3;3;0;0;0;7 minutes;02:11;0;0;0;0;0;0;56%;56%;100%
Hi Jeremiah;3409;971;8;0;0%;1;1;1;0;3,707;14,496.07;3,707;1,197;5;19.55;0;0;0;4;15.64;4;2;0.8;0;0;0;0;0;0;0;0;0;3;11.73;3;0;0;0;0;971;3,797;971;464;2;7.82;2;2;0;0;1;0;0;0;0;0;0;0;0;1;3.91;1;00:16;01:03;00:16;0;0;0;606;2.28;606;0;0;406;169;2;7.82;2;0;0;0;0;0;0;4 minutes;0;0;0;0;0;0;0;41%;0;0
Hiperninja;3896;677;6;0;2%;6;6;3;0.01;5,671;10,180.82;5,631;4,213;2;3.59;0;0;0;13;23.33;13;10;6.5;0;0;0;0;0;0;0;0;0;6;10.77;6;0;1;0;1;677;1,216;677;531;5;8.97;5;10;0;0;1;0;0;0;1;1.79;1;0;0;3;5.38;3;00:31;00:55;00:26;0;0;0;547;1.81;547;0;0;604;278;3;5.38;3;1;1.79;1;0;0;0;5 minutes;0;0;0;0;0;0;0;46%;0;100%
I Horizontal I;1948;0;1;0;0;0;0;0;0;621;11,206.8;621;621;1;18.04;0;0;0;1;18.04;1;1;1;0;0;0;0;0;0;0;0;0;1;18.04;1;0;0;0;0;0;0;0;0;1;18.04;1;1;0;0;0;0;0;0;0;0;0;0;0;1;18.04;1;00:06;02:00;00:06;0;0;0;0;0;0;0;0;51;27;1;18.04;1;0;0;0;0;0;0;31.522927951067686 seconds;0;0;0;0;0;0;0;52%;52%;0
i like esportz;3190;3,483;28;2;5%;61;33;16;0.05;22,255;19,153.38;14,662;4,309;10;8.6;0;0;0;47;40.44;34;13;4.7;0;0;0;0;0;0;0;0;0;23;19.79;16;0;1;0;1;3,483;2,998;2,554;768;9;7.74;7;13;0;0;3;1;3;0;0;0;0;0;0;22;18.93;17;01:55;01:39;01:29;0;0;0;2,096;1.92;1,574;0;0;2,891;1,135;7;6.02;4;9;7.74;6;0;0;0;18 minutes;01:29;0;0;0;0;0;0;39%;55%;86%
I Only Torbjorn;3660;2,116;15;3;5%;68;25;18;0.07;26,933;11,356.64;11,373;6,684;6;2.52;0;0;0;58;24.45;23;15;9.66;0;0;0;0;0;0;0;0;0;44;18.55;20;0;2;0;2;2,116;892;1,274;622;26;10.96;13;15;0;0;9;2;6;1;0;0;0;0;0;14;5.9;6;00:27;00:11;00:13;0;0;0;1,011;1.06;504;0;0;2,174;1,138;8;3.37;4;11;4.63;5;0;0;0;15 minutes;04:20;0;0;0;0;0;0;52%;42%;100%
IamSlak;2595;2,883;31;1;5%;105;32;14;0.04;36,290;11,223.54;11,485;3,341;29;8.96;0;0;0;107;33.09;41;15;3.68;0;0;0;0;0;0;0;2;0;52;16.08;19;1;3;0;2;2,883;892;1,014;584;28;8.65;8;15;0;0;10;5;2;3;0;0;0;3;2;43;13.29;13;03:02;00:56;01:15;0;0;0;1,281;0.55;406;0;0;5,394;1,877;16;4.94;5;15;4.63;6;0;0;0;38 minutes;04:29;0;0;0;0;0;3;34%;35%;62%
iArctos;4294;5,875;56;1;4%;72;27;11;0.04;40,946;15,786.04;10,897;5,500;18;6.93;0;0;0;78;30.07;23;17;4.33;0;0;0;0;0;0;0;0;0;40;15.42;13;2;3;0;1;5,875;2,265;1,211;1,194;25;9.63;6;17;0;0;8;2;4;2;2;0.77;1;3;1;24;9.25;6;01:59;00:46;01:11;0;0;0;3,663;2.26;983;0;0;4,347;1,757;9;3.46;4;17;6.55;5;0;0;0;27 minutes;04:37;0;0;0;0;0;0;40%;45%;30%
IGenjiMain;3814;2,648;19;0;6%;35;13;13;0.06;11,760;17,937.61;4,619;2,901;8;12.2;0;0;0;30;45.76;13;7;3.75;0;0;0;0;0;0;0;0;0;15;22.88;5;0;1;0;0;2,648;4,040;1,391;746;7;10.67;3;7;0;0;2;1;1;1;0;0;0;0;0;15;22.88;7;01:00;01:32;00:20;0;0;0;1,623;2.8;812;0;0;1,383;551;5;7.62;2;4;6.1;2;0;0;0;9 minutes;01:39;0;0;0;0;0;0;39%;47%;56%
II BigGash II;2763;9,313;82;3;4%;127;35;11;0.04;59,382;17,476.45;21,560;5,290;40;11.77;0;0;0;123;36.19;49;14;3.07;0;0;0;0;0;0;0;0;0;60;17.65;22;1;3;0;2;9,313;2,741;3,270;953;32;9.41;14;14;0;0;15;4;9;2;0;0;0;3;2;56;16.48;24;04:29;01:19;01:54;0;0;0;5,366;1.83;1,946;0;0;7,404;2,656;14;4.12;6;29;8.53;12;0;0;0;48 minutes;09:25;0;0;0;0;0;0;35%;38%;51%
II Scar3CroW;2790;6,429;62;2;3%;82;49;9;0.03;55,175;19,842.86;23,428;4,079;42;15.1;0;0;0;52;18.7;28;8;1.23;0;0;0;0;0;0;0;0;0;27;9.71;18;3;3;0;0;6,429;2,312;2,341;751;15;5.39;8;8;0;0;9;5;3;1;0;0;0;0;0;19;6.83;8;01:47;00:38;00:35;0;0;0;3,319;1.38;1,616;0;0;5,634;2,477;5;1.79;5;15;5.39;8;0;0;0;39 minutes;04:10;0;0;0;0;0;0;43%;46%;9%
II Table;3498;1,505;20;0;5%;22;17;5;0.03;10,948;12,745.91;9,003;2,670;7;8.14;0;0;0;21;24.44;15;8;3;0;0;0;0;0;0;0;0;0;8;9.31;6;1;1;0;0;1,505;1,752;1,305;362;5;5.82;3;8;0;0;3;1;1;2;0;0;0;0;0;10;11.64;9;00:40;00:47;00:33;0;0;0;965;1.39;836;0;0;1,273;433;1;1.16;1;3;3.49;3;0;0;0;11 minutes;00:27;0;0;0;0;0;0;34%;0;22%
Im Forgiving;4070;17,134;173;3;4%;296;46;14;0.03;154,534;16,405.75;30,063;6,798;84;8.91;0;0;0;278;29.51;46;18;3.3;0;0;0;0;0;0;0;0;0;136;14.43;22;5;9;0;5;17,134;1,819;2,890;1,072;72;7.64;13;18;0;0;35;8;20;7;0;0;0;3;4;112;11.89;26;11:35;01:13;02:17;0;0;0;10,221;1.36;1,711;0;0;15,045;7,111;19;2.01;7;67;7.11;14;0;0;0;2 hours;25:21;0;0;0;0;0;0;47%;53%;49%
Im Voxie;4020;62,621;723;26;5%;1,445;94;33;0.06;609,939;20,266.59;33,719;11,259;184;6.11;0;0;0;1,092;36.28;53;22;5.93;0;0;0;0;0;0;0;2;1;597;19.83;38;10;30;2;18;62,621;2,081;4,199;1,138;339;11.26;23;22;0;0;106;28;58;20;7;0.23;2;4;16;325;10.79;23;16:41;00:33;01:24;0;0;0;37,499;1.57;2,373;0;0;63,435;26,692;110;3.65;8;182;6.04;15;0;0;0;6 hours;01:14:04;0;0;0;0;0;3;42%;57%;59%
iSttoooLen;3977;3,496;25;2;3%;54;23;13;0.03;33,044;15,167.5;11,120;5,354;14;6.42;0;0;0;55;25.24;27;14;3.92;0;0;0;0;0;0;0;0;0;26;11.93;11;1;2;0;1;3,496;1,605;1,725;912;15;6.88;8;14;0;0;6;3;2;1;1;0.45;1;3;1;25;11.47;15;02:40;01:13;01:46;0;0;0;1,355;0.89;492;0;0;3,612;1,418;4;1.83;2;11;5.04;8;0;0;0;25 minutes;04:45;0;0;0;0;0;7;39%;38%;46%
Itothean511;3963;10,114;80;2;4%;156;41;17;0.04;82,437;22,611.29;23,346;7,050;32;8.77;0;0;0;140;38.39;39;14;4.37;0;0;0;0;0;0;0;0;0;74;20.29;19;1;4;1;2;10,114;2,774;3,656;1,116;43;11.79;16;14;0;0;13;2;8;3;1;0.27;1;0;0;71;19.47;19;03:26;00:56;01:49;0;0;0;4,380;1.36;1,219;0;0;7,471;3,524;11;3.01;4;18;4.93;4;0;0;0;53 minutes;09:25;0;0;0;0;0;0;47%;54%;48%
ItsCONRAD;3497;15,145;156;0;5%;391;43;22;0.04;141,724;13,270.83;15,035;7,860;113;10.58;0;0;0;296;27.71;36;21;2.61;0;0;0;0;0;0;0;0;1;139;13.01;19;7;11;0;4;15,145;1,418;2,071;640;106;9.92;12;21;0;0;32;11;12;10;0;0;0;3;3;125;11.7;17;09:11;00:51;01:10;0;0;0;8,082;0.97;798;0;0;18,531;6,677;21;1.96;3;55;5.15;5;0;0;0;2 hours;13:01;0;0;0;0;0;1;36%;48%;35%
iuya;3991;5,948;53;2;3%;123;38;20;0.04;78,276;26,771.22;26,748;10,930;29;9.91;0;0;0;108;36.93;38;15;3.72;0;0;0;0;0;0;0;1;0;63;21.54;21;2;3;0;1;5,948;2,034;1,730;624;23;7.86;11;15;0;0;10;2;6;2;0;0;0;4;2;46;15.73;14;02:25;00:49;01:03;0;0;0;3,167;1.14;816;0;0;6,793;3,210;11;3.76;3;26;8.89;9;0;0;0;45 minutes;05:21;0;0;0;0;0;1;47%;46%;31%
IX HALFBREED XI;2667;10,998;116;2;3%;128;32;13;0.03;76,528;18,617.63;26,350;3,887;63;15.32;0;0;0;165;40.14;65;12;2.61;0;0;0;0;0;0;0;3;0;78;18.97;26;3;4;0;0;10,998;2,676;4,436;711;55;13.38;19;12;0;0;14;3;7;4;0;0;0;4;2;78;18.97;37;03:09;00:45;01:12;0;0;0;6,345;1.71;2,597;0;0;8,567;3,328;18;4.37;5;35;8.51;17;0;0;0;1 hour;13:36;0;0;0;0;0;0;38%;42%;11%
JDaawg23;2231;1,093;13;0;4%;18;18;8;0.02;9,211;9,210.57;9,211;4,197;2;2;0;0;0;13;13;13;5;6.5;0;0;0;0;0;0;0;0;0;2;2;2;0;1;0;1;1,093;1,093;1,093;433;5;5;5;5;0;0;2;1;0;1;0;0;0;0;0;3;3;3;00:20;00:20;00:20;0;0;0;1,022;1.62;1,022;0;0;1,201;421;0;0;0;2;2;2;0;0;0;10 minutes;0;0;0;0;0;0;0;35%;35%;100%
JDn808;3192;507;5;1;3%;13;13;13;0.05;7,327;9,310.05;7,327;7,327;0;0;0;0;0;21;26.68;21;21;0;0;0;0;0;0;0;0;0;0;9;11.43;9;0;1;0;1;507;644;507;507;7;8.89;7;21;0;0;2;0;2;0;0;0;0;0;0;8;10.16;8;00:03;00:04;00:03;0;0;0;344;1.4;344;0;0;804;338;2;2.54;2;2;2.54;2;0;0;0;4 minutes;02:51;0;0;0;0;0;0;42%;0;100%
JEFFOKEKE360;2192;14;1;0;14%;9;9;5;0.08;1,106;5,245.99;1,106;601;4;18.97;0;0;0;2;9.48;2;2;0.5;0;0;0;0;0;0;0;0;0;0;0;0;0;0;0;0;14;67;14;14;0;0;0;2;0;0;1;1;0;0;0;0;0;0;0;0;0;0;0;0;0;0;0;0;14;0.12;14;0;0;149;61;0;0;0;0;0;0;0;0;0;1 minute;0;0;0;0;0;0;0;40%;0;0
Jew Veri;3852;2,354;19;0;7%;38;21;13;0.06;10,821;11,806.64;5,111;1,718;11;12;0;0;0;13;14.18;7;2;1.18;0;0;0;0;0;0;0;0;0;6;6.54;3;0;1;0;1;2,354;2,568;1,633;545;4;4.36;2;2;0;0;2;1;0;0;0;0;0;0;0;2;2.18;2;00:10;00:11;00:07;0;0;0;1,071;1.83;732;0;0;1,109;477;2;2.18;2;3;3.27;2;0;0;0;9 minutes;0;0;0;0;0;0;0;43%;49%;57%
JoboRulz;0;1,766;20;1;4%;46;24;10;0.03;23,533;9,182.35;9,589;2,873;18;7.02;0;0;0;40;15.6;16;10;2.22;0;0;0;0;0;0;0;0;0;29;11.31;12;2;3;0;1;1,766;689;1,006;266;16;6.24;8;10;0;0;11;1;5;4;1;0.39;1;0;0;13;5.07;5;00:43;00:16;00:13;0;0;0;1,323;1.02;752;0;0;2,815;1,127;6;2.34;3;7;2.73;4;0;0;0;21 minutes;00:31;0;0;0;0;0;0;40%;0;29%
JOSEPH C 7;3077;68,114;571;30;4%;1,146;70;29;0.04;627,560;16,889.11;27,138;10,051;351;9.44;0;0;0;1,195;32.16;69;25;3.4;0;0;0;0;0;0;0;7;1;625;16.82;38;12;37;1;24;68,114;1,833;3,882;1,122;370;9.95;21;25;0;0;147;31;77;38;1;0.02;1;5;9;606;16.3;35;49:25;01:19;02:43;0;0;0;38,144;1.33;1,831;0;0;65,212;27,153;116;3.12;6;195;5.24;11;0;0;0;7 hours;01:29:01;0;0;0;0;0;4;41%;51%;63%
Joshua x FX;0;3,023;23;0;4%;57;54;13;0.04;26,866;21,590.8;24,823;6,388;18;14.46;0;0;0;43;34.55;43;14;2.38;0;0;0;0;0;0;0;0;0;27;21.69;27;1;1;0;0;3,023;2,430;2,920;657;12;9.64;12;14;0;0;5;1;3;0;0;0;0;0;0;22;17.68;22;01:19;01:03;01:18;0;0;0;2,073;1.61;1,973;0;0;2,400;1,186;4;3.21;4;5;4.01;5;0;0;0;21 minutes;03:36;0;0;0;0;0;0;49%;71%;0
KageEinjeruE102;4059;8,897;92;1;4%;113;56;16;0.04;60,420;18,288.33;16,985;6,197;31;9.38;0;0;0;88;26.63;34;13;2.83;0;0;0;0;0;0;0;0;0;44;13.31;18;3;3;0;1;8,897;2,693;2,876;821;31;9.38;14;13;0;0;12;3;7;3;0;0;0;4;3;45;13.62;18;03:27;01:02;01:34;0;0;0;4,261;1.65;1,526;0;0;6,950;2,551;4;1.21;1;15;4.54;8;0;0;0;43 minutes;05:02;0;0;0;0;0;3;36%;32%;20%
KaIlkz;3526;68,153;579;12;4%;1,089;78;22;0.04;540,369;17,714.7;27,300;7,085;480;15.73;0;0;0;1,019;33.4;51;15;2.12;0;0;0;0;0;0;0;4;1;560;18.35;27;12;31;3;15;68,153;2,234;4,767;1,654;285;9.34;15;15;0;0;92;22;44;26;0;0;0;6;18;372;12.19;30;32:10;01:03;02:35;0;0;0;42,517;1.6;2,216;0;0;54,570;23,790;125;4.09;9;184;6.03;11;0;0;0;7 hours;01:16:10;0;0;0;0;0;4;43%;52%;50%
KEIHEI;3624;5,405;53;1;6%;113;48;37;0.06;37,662;13,904.95;17,197;7,395;21;7.75;0;0;0;79;29.16;37;22;3.76;0;0;0;0;0;0;0;1;0;43;15.87;16;1;3;0;2;5,405;1,996;2,534;788;31;11.44;15;22;0;0;10;2;3;5;0;0;0;3;1;28;10.33;12;01:52;00:41;00:43;0;0;0;2,744;1.51;1,262;0;0;4,309;1,683;5;1.84;2;17;6.27;6;0;0;0;30 minutes;05:41;0;0;0;0;0;0;39%;68%;55%
Kimmy Gibbz69;4384;195;1;0;9%;7;7;7;0.16;1,916;13,847.11;1,916;1,916;0;0;0;0;0;0;0;0;0;0;0;0;0;0;0;0;0;0;0;0;0;0;0;0;0;0;195;1,410;195;195;0;0;0;0;0;0;0;0;0;0;0;0;0;0;0;0;0;0;0;0;0;0;0;0;0;0;0;0;0;143;76;0;0;0;0;0;0;0;0;0;42.99991300795227 seconds;0;0;0;0;0;0;0;53%;53%;0
KING IZ SIIC;3430;5,644;45;0;5%;56;22;11;0.04;25,381;10,671.73;9,570;4,641;15;6.3;0;0;0;51;21.44;23;12;3.4;0;0;0;0;0;0;0;0;0;20;8.4;8;1;2;0;1;5,644;2,373;2,433;873;17;7.14;10;12;0;0;6;2;2;1;0;0;0;3;1;21;8.82;10;00:50;00:21;00:36;0;0;0;2,436;1.8;855;0;0;2,762;1,102;3;1.26;2;7;2.94;3;0;0;0;22 minutes;01:25;0;0;0;0;0;0;39%;42%;61%
King TurkeyNeck;0;1,769;20;1;4%;48;29;12;0.05;25,265;29,468.95;16,696;7,075;16;18.66;0;0;0;47;54.81;31;13;2.93;0;0;0;0;0;0;0;0;0;29;33.82;15;0;1;0;1;1,769;2,063;884;467;10;11.66;5;13;0;0;3;1;2;0;0;0;0;3;1;22;25.66;17;01:48;02:06;01:46;0;0;0;1,111;1.19;586;0;0;2,490;1,095;9;10.49;6;10;11.66;6;0;0;0;15 minutes;09:24;0;0;0;0;0;0;43%;0;100%
Kingg Tuttle;0;424;5;0;13%;3;3;2;0.03;938;7,772.79;938;604;3;24.85;0;0;0;0;0;0;0;0;0;0;0;0;0;0;0;0;0;0;0;0;0;0;0;0;424;3,515;393;246;0;0;0;0;0;0;0;0;0;0;0;0;0;0;0;0;0;0;00:06;00:55;00:06;0;0;0;225;2.27;193;0;0;114;23;0;0;0;0;0;0;0;0;0;1 minute;0;0;0;0;0;0;0;20%;0;0
Kypahh;3508;3,847;33;0;4%;63;27;9;0.03;34,982;15,031.57;12,826;5,128;21;9.02;0;0;0;57;24.49;25;7;2.71;0;0;0;0;0;0;0;0;0;30;12.89;13;1;2;0;1;3,847;1,653;802;470;21;9.02;10;7;0;0;7;2;3;2;0;0;0;0;0;19;8.16;7;00:50;00:21;00:40;0;0;0;1,593;0.99;374;0;0;3,422;1,537;2;0.85;1;11;4.72;3;0;0;0;26 minutes;01:54;0;0;0;0;0;7;44%;56%;54%
limited death;0;5,773;53;0;5%;96;32;28;0.04;32,889;13,720.14;7,216;4,438;28;11.68;0;0;0;67;27.94;17;10;2.39;0;0;0;0;0;0;0;0;0;32;13.34;9;1;2;0;2;5,773;2,408;1,379;1,072;20;8.34;6;10;0;0;9;5;1;4;0;0;0;3;1;48;20.02;13;05:06;02:08;01:39;0;0;0;2,965;1.48;1,036;0;0;4,809;1,655;11;4.58;4;17;7.09;8;0;0;0;33 minutes;05:47;0;0;0;0;0;1;34%;38%;70%
limmme;3478;408;5;0;6%;18;18;9;0.05;6,772;15,224.7;6,374;3,159;5;11.24;0;0;0;9;20.23;9;6;1.8;0;0;0;0;0;0;0;0;0;5;11.24;5;0;0;0;0;408;918;246;208;3;6.74;3;6;0;0;2;2;0;0;0;0;0;3;1;4;8.99;4;00:49;01:51;00:49;0;0;0;129;0.4;118;0;0;667;260;3;6.74;3;3;6.74;3;0;0;0;5 minutes;01:29;0;0;0;0;0;0;38%;39%;0
Little Bran;3936;937;9;0;7%;36;36;16;0.06;9,542;10,240.08;9,542;3,904;6;6.43;0;0;0;38;40.77;38;16;6.33;0;0;0;0;0;0;0;0;0;25;26.82;25;0;1;0;1;937;1,005;937;440;9;9.65;9;16;0;0;5;2;1;2;0;0;0;0;0;14;15.02;14;00:40;00:43;00:40;0;0;0;642;1.18;642;0;0;1,145;454;4;4.29;4;6;6.43;6;0;0;0;9 minutes;04:18;0;0;0;0;0;0;39%;39%;100%
lorcy m;3639;573;7;0;4%;12;9;9;0.03;6,364;11,333.54;4,499;2,397;5;8.9;0;0;0;1;1.78;1;1;0.2;0;0;0;0;0;0;0;0;0;1;1.78;1;0;1;0;0;573;1,021;295;295;0;0;0;1;0;0;2;1;1;0;0;0;0;0;0;1;1.78;1;00:02;00:04;00:02;0;0;0;215;0.67;148;0;0;611;291;0;0;0;0;0;0;0;0;0;5 minutes;0;0;0;0;0;0;0;47%;54%;0
LORDxSUWU;2857;26,516;253;6;5%;458;71;24;0.04;192,994;14,925.35;22,245;7,246;159;12.29;0;0;0;415;32.09;52;19;2.61;0;0;0;0;0;0;0;3;0;254;19.64;35;5;13;2;6;26,516;2,051;3,751;858;153;11.83;17;19;0;0;48;16;20;12;8;0.61;4;4;5;204;15.77;30;18:00;01:23;03:23;0;0;0;15,832;1.49;2,473;0;0;21,145;8,083;73;5.64;13;72;5.56;10;0;0;0;--;36:11;0;0;0;0;0;5;38%;53%;46%
Lumanous;3885;7,592;67;1;5%;129;62;19;0.04;52,941;15,910.22;23,104;4,115;41;12.32;0;0;0;59;17.73;29;8;1.43;0;0;0;0;0;0;0;0;0;33;9.91;14;3;3;0;1;7,592;2,281;2,764;685;22;6.61;10;8;0;0;13;2;6;5;0;0;0;3;1;31;9.31;17;04:44;01:25;01:22;0;0;0;5,007;1.87;1,807;0;0;5,287;2,226;6;1.8;3;13;3.9;6;0;0;0;44 minutes;01:32;0;0;0;0;0;0;42%;42%;23%
Lycanz;4036;4,586;62;2;3%;80;15;10;0.03;43,298;16,146.64;5,768;5,768;36;13.42;0;0;0;115;42.88;20;17;3.19;0;0;0;0;0;0;0;1;0;57;21.25;11;1;3;0;2;4,586;1,710;769;370;49;18.27;10;17;0;0;11;2;7;3;1;0.37;1;0;0;57;21.25;13;04:12;01:34;01:11;0;0;0;2,627;1.15;417;0;0;4,715;2,055;15;5.59;4;18;6.71;4;0;0;0;37 minutes;07:59;0;0;0;0;0;1;43%;49%;72%
MajorCris;3262;1,430;10;0;9%;1;1;1;0.02;217;8,057.24;217;217;1;37.13;0;0;0;18;37.01;9;7;3;0;0;0;0;0;0;0;1;0;10;20.56;6;0;0;0;0;420;15,585;420;420;5;10.28;3;7;0;0;0;0;0;0;0;0;0;0;0;8;16.45;4;00:01;00:46;00:01;0;0;0;221;6.29;221;0;0;37;11;2;4.11;1;4;8.22;4;0;0;0;4.03265399299562 seconds;00:40;0;0;0;0;0;0;29%;42%;49%
Maniac Mansion;1716;875;10;0;6%;43;35;13;0.03;15,544;9,813.71;13,719;3,024;25;15.78;0;0;0;22;13.88;21;6;0.88;0;0;0;0;0;0;0;0;0;10;6.31;10;2;2;0;0;875;552;757;422;2;1.26;2;6;0;0;4;1;1;2;0;0;0;4;1;11;6.94;11;00:29;00:18;00:23;0;0;0;398;0.33;305;0;0;2,653;713;0;0;0;5;3.15;5;0;0;0;20 minutes;00:27;0;0;0;0;0;0;26%;28%;0
Mano Brawl BR;4015;20,888;224;11;5%;547;52;39;0.06;177,767;12,527.97;21,514;8,053;75;5.28;0;0;0;477;33.61;49;23;6.36;0;0;0;0;0;0;0;1;0;225;15.85;26;1;14;0;13;20,888;1,472;2,140;882;124;8.73;15;23;0;0;52;18;18;15;2;0.14;1;3;1;192;13.53;24;17:02;01:12;02:19;0;0;0;13,998;1.54;1,376;0;0;21,519;9,366;55;3.87;7;77;5.42;11;0;0;0;2 hours;45:25;0;0;0;0;0;8;43%;92%;93%
Marderic;3685;102;1;0;7%;2;2;2;0.04;734;11,808.18;734;434;1;16.09;0;0;0;1;16.09;1;1;1;0;0;0;0;0;0;0;0;0;1;16.09;1;0;0;0;0;102;1,636;102;102;1;16.09;1;1;0;0;0;0;0;0;0;0;0;0;0;1;16.09;1;0;0;0;0;0;0;71;1.64;71;0;0;45;26;1;16.09;1;0;0;0;0;0;0;43.01649098098278 seconds;0;0;0;0;0;0;0;57%;57%;0
Maxxon Charge;3705;11,906;125;1;5%;200;39;17;0.04;80,745;15,401.81;9,218;4,715;60;11.44;0;0;0;155;29.56;32;19;2.58;0;0;0;0;0;0;0;1;0;77;14.68;13;3;5;0;3;11,906;2,271;1,288;853;60;11.44;9;19;0;0;16;4;5;7;1;0.19;1;3;1;53;10.1;11;03:18;00:37;01:00;0;0;0;6,285;1.43;693;0;0;10,900;3,886;10;1.9;3;24;4.57;7;0;0;0;1 hour;09:50;0;0;0;0;0;0;35%;51%;49%
me10005;3652;3,624;23;0;6%;36;21;13;0.05;11,651;16,846.38;8,187;4,502;9;13.01;0;0;0;22;31.8;16;12;2.44;0;0;0;0;0;0;0;0;0;10;14.45;8;1;1;0;0;3,624;5,240;2,765;1,046;6;8.67;5;12;0;0;3;2;0;1;0;0;0;0;0;12;17.35;8;02:22;03:25;02:16;0;0;0;1,521;2.31;960;0;0;1,442;524;1;1.44;1;2;2.89;2;0;0;0;10 minutes;05:28;0;0;0;0;0;0;36%;34%;18%
Medvescek;3421;2,448;23;1;5%;48;27;12;0.05;16,759;11,244.83;7,394;3,004;17;11.4;0;0;0;35;23.48;21;10;2.05;0;0;0;0;0;0;0;1;0;13;8.72;8;1;1;1;0;2,448;1,643;1,253;580;5;3.35;3;10;0;0;4;0;2;1;0;0;0;0;0;11;7.38;8;00:28;00:19;00:26;0;0;0;1,669;1.85;887;0;0;2,128;865;3;2.01;2;5;3.35;3;0;0;0;15 minutes;01:02;0;0;0;0;0;3;40%;0;11%
MercenaryXPO;4270;130,744;1,294;36;6%;2,499;77;31;0.05;939,732;17,531.74;32,643;10,660;483;9.01;0;0;0;2,034;37.94;66;26;4.21;0;0;0;0;0;0;0;5;0;1,248;23.28;44;16;54;1;37;130,744;2,439;5,408;1,358;741;13.82;28;26;0;0;199;48;111;40;17;0.31;3;4;24;687;12.81;33;44:54;00:50;03:26;0;0;0;77,284;1.81;2,589;0;0;89,143;39,304;309;5.76;13;292;5.44;13;0;0;0;11 hours;03:37:15;0;0;0;0;0;0;44%;61%;68%
Miss B pr3dator;2758;2,311;26;0;6%;36;36;9;0.05;12,158;19,558.1;12,158;2,456;5;8.04;0;0;0;20;32.17;20;7;4;0;0;0;0;0;0;0;0;0;11;17.69;11;0;1;0;1;2,311;3,718;2,311;681;3;4.82;3;7;0;0;1;1;0;0;0;0;0;0;0;5;8.04;5;00:29;00:47;00:29;0;0;0;952;1.45;952;0;0;1,524;571;1;1.6;1;5;8.04;5;0;0;0;10 minutes;01:00;0;0;0;0;0;0;37%;37%;100%
MisterToli X;3151;9,999;98;0;3%;127;36;15;0.03;82,014;23,114.59;24,594;11,623;58;16.34;0;0;0;123;34.66;46;18;2.12;0;0;0;0;0;0;0;0;0;74;20.85;26;3;4;0;1;9,999;2,818;2,316;908;32;9.01;10;18;0;0;9;4;3;2;0;0;0;3;2;49;13.81;19;03:28;00:58;01:24;0;0;0;4,957;1.4;1,140;0;0;7,757;3,700;19;5.35;10;31;8.73;14;0;0;0;58 minutes;09:52;0;0;0;0;0;0;47%;60%;14%
mnizzle4;2719;1,678;21;1;6%;37;19;10;0.06;12,197;14,204.09;7,029;3,599;6;6.98;0;0;0;30;34.93;21;12;5;0;0;0;0;0;0;0;0;0;14;16.3;11;0;1;0;1;1,678;1,954;1,189;426;13;15.13;8;12;0;0;4;1;3;1;0;0;0;3;1;14;16.3;9;01:43;02:00;01:15;0;0;0;1,212;2.24;754;0;0;1,677;598;5;5.82;3;4;4.65;4;0;0;0;9 minutes;01:29;0;0;0;0;0;7;35%;0;71%
MoraCombo;4279;1,068;12;0;6%;55;47;18;0.07;18,583;19,351.46;14,732;4,861;4;4.16;0;0;0;38;39.57;33;11;9.5;0;0;0;0;0;0;0;0;0;22;22.91;20;0;1;0;1;1,068;1,113;927;327;10;10.41;10;11;0;0;4;1;1;2;1;1.04;1;0;0;18;18.74;17;00:35;00:37;00:31;0;0;0;547;0.78;526;0;0;1,659;792;3;3.12;3;3;3.12;3;0;0;0;11 minutes;03:32;0;0;0;0;0;0;47%;47%;100%
Mortem;2681;1,367;15;1;8%;79;55;21;0.08;16,794;14,503.24;14,321;3,628;16;13.81;0;0;0;37;31.95;35;9;2.31;0;0;0;0;0;0;0;0;0;23;19.86;23;0;1;0;1;1,367;1,180;1,330;480;5;4.31;5;9;0;0;5;1;3;1;0;0;0;0;0;21;18.13;20;02:11;01:53;02:07;0;0;0;992;1.07;973;0;0;2,081;952;6;5.18;6;8;6.9;8;0;0;0;15 minutes;02:14;0;0;0;0;0;1;45%;45%;86%
MuTaTi0nZ;2079;1,954;12;0;7%;22;22;6;0.04;5,479;9,927.12;5,479;1,421;8;14.49;0;0;0;20;36.23;20;5;2.5;0;0;0;0;0;0;0;0;0;7;12.68;7;0;1;0;1;1,954;3,540;1,954;617;8;14.49;8;5;0;0;2;1;1;0;0;0;0;0;0;12;21.74;12;02:28;04:29;02:28;0;0;0;999;2.02;999;0;0;1,112;278;3;5.43;3;2;3.62;2;0;0;0;8 minutes;01:51;0;0;0;0;0;0;25%;0;100%
My BRs Dyslexic;3567;13,688;106;3;4%;132;38;11;0.03;75,951;14,977.66;19,015;5,286;49;9.66;0;0;0;134;26.42;41;10;2.73;0;0;0;0;0;0;0;0;0;82;16.17;23;3;5;0;2;13,688;2,699;4,545;1,072;49;9.66;14;10;0;0;20;6;9;5;0;0;0;3;1;66;13.01;22;06:34;01:17;01:32;0;0;0;7,071;1.88;2,709;0;0;7,522;3,224;18;3.54;7;20;3.94;5;0;0;0;1 hour;11:46;0;0;0;0;0;0;42%;70%;39%
N3bbia;0;196;1;0;2%;1;1;1;0;825;3,644.85;825;360;4;17.66;0;0;0;0;0;0;0;0;0;0;0;0;0;0;0;0;0;0;0;0;0;0;0;0;196;866;196;196;0;0;0;0;0;0;1;0;0;0;0;0;0;0;0;0;0;0;0;0;0;0;0;0;196;1.91;196;0;0;172;36;0;0;0;0;0;0;0;0;0;1 minute;0;0;0;0;0;0;0;20%;0;0
Nasty0303;2662;791;15;1;3%;22;8;4;0.02;13,149;7,338.83;5,177;2,282;19;10.6;0;0;0;31;17.3;17;6;1.63;0;0;0;0;0;0;0;0;0;17;9.48;8;1;2;0;1;791;442;273;153;9;5.02;4;6;0;0;5;2;2;1;1;0.55;1;0;0;16;8.93;10;01:58;01:06;00:59;0;0;0;661;0.64;245;0;0;2,555;700;3;1.67;1;6;3.34;3;0;0;0;17 minutes;00:15;0;0;0;0;0;0;27%;28%;39%
NGeminiN;3330;17,227;142;5;4%;324;52;26;0.05;154,700;20,676.55;23,093;8,002;74;9.89;0;0;0;259;34.61;55;22;3.5;0;0;0;0;0;0;0;3;0;129;17.24;27;3;7;1;4;17,227;2,303;2,371;1,200;97;12.96;21;22;0;0;28;8;16;4;3;0.4;1;5;5;94;12.56;23;07:52;01:03;01:37;0;0;0;9,304;1.61;1,376;0;0;14,908;6,804;17;2.27;4;52;6.95;11;0;0;0;1 hour;25:36;0;0;0;0;0;0;45%;86%;49%
Nicochik77;2886;3,611;38;2;3%;58;34;17;0.03;29,493;13,653.43;15,213;6,880;13;6.01;0;0;0;83;38.42;45;18;6.38;0;0;0;0;0;0;0;0;0;40;18.51;21;0;2;0;2;3,611;1,672;1,585;711;28;12.96;16;18;0;0;7;2;5;0;1;0.46;1;3;2;36;16.66;16;02:30;01:09;01:05;0;0;0;2,322;1.5;992;0;0;3,761;1,560;9;4.16;5;10;4.62;5;0;0;0;25 minutes;08:07;0;0;0;0;0;2;41%;46%;100%
Nietzsche Nick;3738;3,096;28;0;4%;37;22;9;0.04;16,766;10,688.97;10,411;4,103;11;7.01;0;0;0;39;24.86;23;9;3.54;0;0;0;0;0;0;0;0;0;25;15.93;15;0;2;0;2;3,096;1,974;2,004;684;15;9.56;9;9;0;0;6;2;0;4;0;0;0;0;0;7;4.46;4;00:32;00:20;00:23;0;0;0;1,536;1.76;1,021;0;0;1,647;757;5;3.18;2;8;5.1;4;0;0;0;14 minutes;02:51;0;0;0;0;0;0;45%;48%;100%
NitroFPS;4200;2,184;23;1;2%;21;21;8;0.03;19,310;22,531.94;19,310;4,813;8;9.33;0;0;0;37;43.17;37;11;4.62;0;0;0;0;0;0;0;0;0;15;17.5;15;0;1;0;1;2,184;2,549;2,184;618;7;8.16;7;11;0;0;4;2;2;1;0;0;0;3;1;17;19.83;17;02:14;02:37;02:14;0;0;0;633;0.92;633;0;0;1,846;882;2;2.33;2;7;8.16;7;0;0;0;11 minutes;01:46;0;0;0;0;0;0;47%;47%;100%
Noise Swaq;0;1,212;13;1;5%;24;24;16;0.05;8,951;15,956.76;8,951;4,344;4;7.13;0;0;0;20;35.65;20;14;5;0;0;0;0;0;0;0;0;0;13;23.17;13;1;1;0;0;1,212;2,160;1,212;669;7;12.47;7;14;0;0;2;0;2;0;0;0;0;3;1;9;16.04;9;01:02;01:52;01:02;0;0;0;896;2.14;896;0;0;1,188;456;2;3.56;2;5;8.91;5;0;0;0;6 minutes;05:15;0;0;0;0;0;0;38%;38%;0
NoT x GER Beans;3390;2,912;32;0;4%;67;15;11;0.03;35,557;14,341.05;7,914;7,574;23;9.27;0;0;0;83;33.47;20;15;3.6;0;0;0;0;0;0;0;0;0;39;15.72;10;0;2;0;2;2,912;1,174;935;727;24;9.67;8;15;0;0;4;2;1;1;0;0;0;3;1;26;10.48;7;02:21;00:56;01:18;0;0;0;2,293;1.17;823;0;0;3,629;1,455;9;3.62;3;15;6.04;4;0;0;0;32 minutes;04:15;0;0;0;0;0;0;40%;40%;88%
o Kapow;3124;4,737;44;0;5%;56;21;16;0.03;24,561;10,886.63;7,926;3,019;36;15.95;0;0;0;44;19.5;18;9;1.22;0;0;0;0;0;0;0;4;0;23;10.19;9;2;2;0;1;4,737;2,100;1,010;564;10;4.43;6;9;0;0;3;2;1;0;0;0;0;0;0;17;7.53;10;02:41;01:11;01:17;0;0;0;3,169;1.74;654;0;0;2,918;1,103;4;1.77;3;8;3.54;3;0;0;0;30 minutes;01:26;0;0;0;0;0;0;37%;43%;23%
ObiwanKi11n00by;3672;70,547;686;16;4%;1,106;63;18;0.04;574,192;18,735.21;27,669;9,028;247;8.05;0;0;0;973;31.74;65;20;3.93;0;0;0;0;0;0;0;3;0;497;16.21;28;12;31;0;18;70,547;2,302;3,296;1,464;284;9.26;18;20;0;0;96;30;48;17;0;0;0;3;14;320;10.44;30;25:29;00:49;03:25;0;0;0;41,958;1.72;2,176;0;0;64,259;25,244;88;2.87;7;185;6.03;10;0;0;0;6 hours;01:05:15;0;0;0;0;0;14;39%;61%;59%
OfferedAptitude;2547;1,547;15;0;9%;27;27;10;0.07;6,662;17,441.16;6,662;2,889;5;13.09;0;0;0;23;60.21;23;9;4.59;0;0;0;0;0;0;0;0;0;10;26.18;10;0;0;0;0;1,547;4,051;1,547;836;5;13.09;5;9;0;0;2;1;0;1;0;0;0;0;0;17;44.5;17;01:04;02:48;01:04;0;0;0;774;2.05;774;0;0;819;292;1;2.61;1;4;10.47;4;0;0;0;6 minutes;01:00;0;0;0;0;0;0;35%;35%;100%
Ohdyn;0;8,299;86;4;5%;196;58;23;0.05;80,303;16,292.7;18,953;7,556;40;8.11;0;0;0;199;40.37;34;17;4.97;0;0;0;0;0;0;0;1;0;97;19.68;19;1;5;0;4;8,299;1,684;1,737;942;78;15.82;15;17;0;0;16;5;4;7;5;1.01;4;5;3;91;18.46;17;08:30;01:43;01:44;0;0;0;4,516;1.18;892;0;0;9,798;3,821;20;4.05;5;34;6.89;12;0;0;0;1 hour;20:16;0;0;0;0;0;3;38%;44%;85%
OneBadBandito;2762;2,051;25;0;5%;27;18;7;0.03;11,202;8,042.97;6,286;2,515;8;5.74;0;0;0;30;21.53;20;7;3.75;0;0;0;0;0;0;0;0;0;17;12.2;13;1;1;0;1;2,051;1,473;1,262;499;14;10.05;10;7;0;0;6;1;2;4;0;0;0;3;1;14;10.05;10;01:47;01:16;01:46;0;0;0;1,685;2.21;1,001;0;0;2,085;515;5;3.58;5;6;4.3;4;0;0;0;12 minutes;02:18;0;0;0;0;0;7;24%;0;48%
OUT M3 RK ED;3749;6,597;73;0;6%;183;48;21;0.06;61,224;17,478.95;13,460;10,875;25;7.13;0;0;0;101;28.83;26;19;4.04;0;0;0;0;0;0;0;0;0;39;11.13;14;1;4;0;2;6,597;1,883;1,736;808;11;3.14;4;19;0;0;13;3;4;6;0;0;0;3;1;33;9.42;13;01:30;00:25;00:41;0;0;0;4,064;1.46;1,335;0;0;6,360;2,776;8;2.28;2;27;7.7;8;0;0;0;46 minutes;02:08;0;0;0;0;0;0;43%;49%;64%
PandaCreol;3661;14,985;154;5;3%;239;40;12;0.03;135,436;14,512.88;19,830;7,681;63;6.75;0;0;0;268;28.71;60;17;4.25;0;0;0;0;0;0;0;0;1;127;13.6;33;4;9;0;6;14,985;1,606;2,542;1,114;64;6.85;11;17;0;0;28;7;12;8;0;0;0;3;3;114;12.21;23;07:47;00:50;01:31;0;0;0;8,657;1.37;1,657;0;0;15,522;6,501;35;3.75;10;38;4.07;11;0;0;0;1 hour;13:22;0;0;0;0;0;3;41%;61%;60%
ParalyzingFrost;3000;864;9;0;7%;28;16;9;0.04;8,103;12,293.83;3,802;1,721;13;19.72;0;0;0;17;25.79;11;5;1.3;0;0;0;0;0;0;0;0;0;8;12.13;5;1;1;0;0;864;1,311;333;198;4;6.06;4;5;0;0;2;1;0;1;0;0;0;0;0;9;13.65;5;00:40;01:01;00:20;0;0;0;746;1.14;333;0;0;1,316;370;3;4.55;2;9;13.65;6;0;0;0;10 minutes;0;0;0;0;0;0;0;28%;32%;0
Pissmud;0;7,648;50;3;3%;112;40;23;0.04;65,339;21,779.71;30,646;8,138;32;10.66;0;0;0;88;29.33;37;14;2.75;0;0;0;0;0;0;0;0;0;55;18.33;27;2;3;0;1;7,648;2,549;3,344;806;29;9.66;13;14;0;0;13;1;10;2;0;0;0;4;1;32;10.66;13;02:31;00:50;01:11;0;0;0;3,453;1.53;1,647;0;0;6,544;2,843;13;4.33;7;21;7;10;0;0;0;37 minutes;06:16;0;0;0;0;0;0;43%;49%;33%
Ponders;3669;57,081;628;6;6%;1,135;81;24;0.05;344,699;13,132.37;15,756;5,362;326;12.41;0;0;0;727;27.69;38;16;2.23;0;0;0;0;0;0;0;9;0;324;12.34;19;13;26;1;12;57,081;2,175;2,884;903;215;8.19;15;16;0;0;74;23;31;20;1;0.03;1;4;8;262;9.98;22;24:44;00:56;01:54;0;0;0;30,270;1.44;1,411;0;0;51,560;17,024;56;2.13;4;104;3.96;8;0;0;0;5 hours;30:16;0;0;0;0;0;2;33%;50%;44%
Pook;3668;2,693;23;1;6%;55;34;12;0.06;22,529;17,927.34;14,843;4,430;14;11.14;0;0;0;22;17.5;17;9;1.57;0;0;0;0;0;0;0;0;0;15;11.93;11;1;1;0;1;2,693;2,143;1,507;574;6;4.77;5;9;0;0;5;2;3;1;0;0;0;0;0;8;6.36;7;00:14;00:11;00:11;0;0;0;1,625;1.95;1,148;0;0;2,205;885;4;3.18;3;4;3.18;4;0;0;0;13 minutes;01:21;0;0;0;0;0;0;40%;0;51%
pooptasticpoop;4015;2,204;18;0;2%;14;14;5;0.02;12,649;23,725.75;10,038;3,230;9;16.88;0;0;0;13;24.38;13;4;1.44;0;0;0;0;0;0;0;0;0;7;13.13;7;1;1;0;0;2,204;4,133;1,950;636;4;7.5;4;4;0;0;1;0;1;0;0;0;0;0;0;5;9.37;5;00:22;00:42;00:22;0;0;0;1,242;2.09;1,120;0;0;1,332;608;0;0;0;5;9.37;5;0;0;0;9 minutes;0;0;0;0;0;0;0;45%;0;0
POuPOuNeISbAcK;3409;1,962;18;0;3%;23;12;9;0.03;16,400;22,582.61;8,026;3,811;9;12.39;0;0;0;26;35.8;18;12;2.88;0;0;0;0;0;0;0;0;0;12;16.52;9;0;1;0;1;1,962;2,702;1,346;578;3;4.13;2;12;0;0;3;1;1;1;0;0;0;0;0;13;17.9;11;00:51;01:11;00:45;0;0;0;872;1.28;606;0;0;1,945;738;0;0;0;4;5.5;2;0;0;0;11 minutes;00:41;0;0;0;0;0;0;37%;36%;74%
PRAXIS UnLeashD;3914;197,973;2,046;37;3%;2,532;62;25;0.03;1,486,766;17,712.35;41,010;11,746;801;9.54;0;0;0;2,515;29.96;64;22;3.13;0;0;0;0;0;0;0;8;1;1,323;15.76;41;41;84;3;41;197,973;2,359;5,481;1,465;832;9.91;22;22;0;0;282;95;114;73;19;0.22;2;5;27;1,093;13.02;36;01:29:34;01:04;02:29;0;0;0;101,922;1.51;2,427;0;0;151,592;64,325;295;3.51;9;506;6.02;17;2;0;0;18 hours;02:58:11;0;0;0;0;0;15;42%;69%;48%
Prunester;3701;1,327;12;1;5%;29;14;13;0.05;9,891;11,263.46;4,582;4,161;7;7.97;0;0;0;24;27.33;18;17;3.42;0;0;0;0;0;0;0;0;0;12;13.66;9;0;1;0;1;1,327;1,511;633;633;9;10.24;7;17;0;0;2;0;1;0;0;0;0;0;0;5;5.69;3;00:24;00:27;00:09;0;0;0;956;1.87;438;0;0;1,158;502;2;2.27;1;2;2.27;2;0;0;0;8 minutes;02:33;0;0;0;0;0;0;43%;40%;92%
Psyhco;4041;5,857;46;0;3%;3;2;2;0.01;1,537;7,640.32;1,142;671;3;14.91;3;15;3;1;4.97;1;1;0.33;0;0;0;0;0;0;0;0;0;23;11.2;11;0;0;0;0;2,527;12,559;2,025;1,189;17;8.28;11;1;0;0;0;0;2;0;0;0;0;0;0;11;5.35;5;00:12;01:04;00:08;0;0;0;634;3.35;323;0;0;272;99;3;1.46;2;10;4.87;4;0;0;0;3 minutes;00:21;0;0;0;0;0;0;36%;50%;58%
qosh;3520;23,821;231;1;5%;329;57;17;0.04;155,886;20,855.16;20,776;7,990;89;11.9;0;0;0;251;33.58;38;19;2.82;0;0;0;0;0;0;0;0;0;140;18.72;27;6;7;1;1;23,821;3,187;4,137;2,127;78;10.43;12;19;0;0;27;9;11;7;0;0;0;0;0;100;13.37;15;08:48;01:10;02:08;0;0;0;12,271;1.83;1,906;0;0;15,542;6,528;28;3.74;6;57;7.62;10;0;0;0;1 hour;15:12;0;0;0;0;0;0;42%;80%;14%
QuantumPlanck;2606;9,931;100;3;3%;103;24;12;0.02;65,965;12,892.63;13,086;6,652;42;8.2;0;0;0;154;30.09;38;18;3.66;0;0;0;0;0;0;0;1;0;74;14.46;20;2;5;0;3;9,931;1,941;1,807;844;43;8.4;13;18;0;0;20;7;7;6;0;0;0;3;1;85;16.61;28;05:02;00:59;01:37;0;0;0;5,276;1.44;899;0;0;8,192;2,914;8;1.56;4;24;4.69;6;0;0;0;1 hour;10:47;0;0;0;0;0;0;35%;39%;65%
R Maist16;3000;22,332;210;7;4%;317;49;21;0.04;157,114;15,338.1;23,048;4,308;117;11.42;0;0;0;353;34.46;47;14;3.01;0;0;0;0;0;0;0;1;0;186;18.15;27;3;10;2;6;22,332;2,180;3,126;855;116;11.32;17;14;0;0;38;9;19;9;3;0.29;1;4;10;168;16.4;27;10:06;00:59;01:29;0;0;0;13,826;1.76;1,927;0;0;18,193;7,457;42;4.1;8;83;8.1;14;0;0;0;2 hours;20:16;0;0;0;0;0;1;40%;49%;54%
Rabundy;2393;5,045;47;1;4%;76;24;10;0.02;39,230;13,373.48;13,389;5,602;32;10.9;0;0;0;133;45.33;43;16;4.15;0;0;0;0;0;0;0;2;0;72;24.54;28;0;3;0;3;5,045;1,720;2,230;564;29;9.88;9;16;0;0;9;3;4;2;0;0;0;0;0;67;22.84;21;03:01;01:01;01:03;0;0;0;2,737;1.02;1,251;0;0;5,229;1,720;12;4.09;9;20;6.81;10;0;0;0;44 minutes;04:29;0;0;0;0;0;2;32%;42%;90%
Rahazlium;3379;6,034;56;3;5%;97;27;17;0.04;37,374;10,129.96;9,912;4,680;16;4.33;0;0;0;106;28.73;36;19;6.62;0;0;0;0;0;0;0;0;0;63;17.07;24;0;4;0;3;6,034;1,635;2,228;1,488;37;10.02;12;19;0;0;15;3;10;2;0;0;0;3;2;57;15.44;17;06:14;01:41;02:02;0;0;0;2,839;1.41;844;0;0;4,451;1,801;14;3.79;6;21;5.69;8;0;0;0;33 minutes;11:47;0;0;0;0;0;6;40%;47%;87%
RamLMT;2701;2,902;26;0;2%;14;6;3;0.01;15,147;17,139.73;5,710;3,759;12;13.57;0;0;0;26;29.42;11;6;2.16;0;0;0;0;0;0;0;0;0;9;10.18;4;1;1;0;0;2,902;3,284;1,266;701;8;9.05;7;6;0;0;3;2;0;1;0;0;0;3;1;13;14.71;8;02:25;02:44;01:03;0;0;0;1,237;1.6;479;0;0;1,837;654;1;1.13;1;8;9.05;4;0;0;0;12 minutes;00:21;0;0;0;0;0;0;35%;31%;0
Red Faze;3559;3,720;31;0;4%;35;21;6;0.03;19,836;17,005.4;8,432;3,304;16;13.71;0;0;0;41;35.14;19;8;2.56;0;0;0;0;0;0;0;0;0;24;20.57;12;1;1;0;0;3,720;3,189;1,926;717;16;13.71;10;8;0;0;3;2;1;1;0;0;0;3;1;15;12.85;13;01:55;01:38;01:41;0;0;0;1,901;1.69;769;0;0;2,492;868;5;4.28;5;10;8.57;5;0;0;0;18 minutes;01:01;0;0;0;0;0;0;34%;0;0%
RedSlashMarley;2276;5,057;47;1;6%;76;57;15;0.04;21,027;11,040.31;16,297;2,562;19;9.97;0;0;0;45;23.62;23;9;2.36;0;0;0;0;0;0;0;0;0;25;13.12;14;1;2;0;2;5,057;2,655;2,793;606;7;3.67;5;9;0;0;7;1;3;3;0;0;0;0;0;27;14.17;14;06:12;03:15;03:38;0;0;0;2,215;1.45;1,232;0;0;3,438;1,087;3;1.57;2;4;2.1;4;0;0;0;25 minutes;02:37;0;0;0;0;0;0;31%;36%;100%
Repure;4125;47,581;500;13;5%;892;66;26;0.06;390,151;21,018.56;28,169;9,548;151;8.13;0;0;0;666;35.87;49;20;4.41;0;0;0;0;0;0;0;1;1;351;18.9;27;8;19;1;10;47,581;2,563;3,744;1,217;195;10.5;19;20;0;0;65;15;44;6;1;0.05;1;4;13;262;14.11;24;17:21;00:56;01:27;0;0;0;23,462;1.57;1,608;0;0;36,963;16,890;72;3.87;8;151;8.13;13;0;0;0;4 hours;01:03:13;0;0;0;0;0;5;45%;58%;55%
rG WH1TE WINDU;3285;16,712;175;7;5%;503;61;24;0.06;197,177;19,505.13;25,117;11,329;105;10.38;0;0;0;275;27.2;43;17;2.61;0;0;0;0;0;0;0;2;0;137;13.55;22;5;10;0;5;16,712;1,653;2,005;798;57;5.63;11;17;0;0;40;12;19;9;0;0;0;4;5;140;13.84;26;12:19;01:13;01:53;0;0;0;8,894;1.13;1,248;0;0;18,973;8,616;21;2.07;4;55;5.44;13;0;0;0;2 hours;21:02;0;0;0;0;0;0;45%;58%;54%
Rodney2210;2983;1,997;15;0;2%;8;4;3;0.01;8,687;14,170.41;5,511;3,933;10;16.31;0;0;0;8;13.04;4;4;0.8;0;0;0;0;0;0;0;0;0;6;9.78;4;1;1;0;0;1,997;3,258;1,067;962;7;11.41;4;4;0;0;1;0;0;1;0;0;0;0;0;0;0;0;00:09;00:14;00:04;0;0;0;1,095;2.41;513;0;0;918;383;1;1.63;1;0;0;0;0;0;0;7 minutes;0;0;0;0;0;0;0;41%;0;0
Scuffs;4155;7,690;91;1;4%;131;28;12;0.05;62,285;18,815.46;13,549;6,147;25;7.55;0;0;0;121;36.55;28;11;4.84;0;0;0;0;0;0;0;1;0;68;20.54;17;1;3;0;2;7,690;2,323;1,271;925;34;10.27;8;11;0;0;10;1;5;3;0;0;0;0;0;49;14.8;18;03:44;01:07;01:33;0;0;0;3,931;1.58;656;0;0;6,885;2,756;16;4.83;3;29;8.76;6;0;0;0;41 minutes;09:54;0;0;0;0;0;2;40%;55%;70%
Seanibah95;1909;86,272;1,168;38;3%;1,194;68;36;0.03;614,162;11,393.55;33,249;12,692;181;3.35;0;0;0;1,212;22.48;59;22;6.69;0;0;0;0;0;0;0;4;0;580;10.75;30;34;54;2;18;86,272;1,600;3,592;1,973;377;6.99;16;22;0;0;201;26;107;68;0;0;0;3;4;471;8.73;44;20:35;00:22;01:13;0;0;0;52,177;1.55;2,466;0;0;105,579;30,156;148;2.74;12;235;4.35;13;0;0;0;9 hours;20:52;0;0;0;0;0;31;28%;48%;33%
Semitaur;3893;3,011;26;1;3%;38;22;10;0.04;26,304;13,778.68;15,950;5,435;13;6.8;0;0;0;20;10.47;15;6;1.53;0;0;0;0;0;0;0;0;0;11;5.76;8;2;2;0;0;3,011;1,577;1,400;694;6;3.14;4;6;0;0;3;0;1;2;0;0;0;3;1;10;5.23;8;00:44;00:23;00:26;0;0;0;1,489;1.65;676;0;0;2,035;1,159;2;1.04;1;5;2.61;4;0;0;0;15 minutes;00:36;0;0;0;0;0;1;56%;63%;10%
Shes My Nerd;3000;22,672;262;14;5%;522;71;21;0.05;217,483;12,958.14;20,075;9,008;89;5.3;0;0;0;538;32.05;42;18;6.04;0;0;0;0;0;0;0;1;0;259;15.43;21;0;17;0;16;22,672;1,351;3,265;835;165;9.83;15;18;0;0;59;17;31;10;1;0.05;1;4;7;173;10.3;18;11:17;00:40;01:16;0;0;0;13,484;1.44;1,705;0;0;24,085;10,405;48;2.85;9;84;5;8;0;0;0;2 hours;28:07;0;0;0;0;0;0;43%;66%;97%
Shmedium Undies;0;1,233;11;0;2%;14;14;9;0.03;11,853;21,309;11,853;6,826;4;7.19;0;0;0;13;23.37;13;12;3.25;0;0;0;0;0;0;0;0;0;7;12.58;7;1;1;0;0;1,233;2,217;1,233;544;2;3.59;2;12;0;0;2;1;1;1;0;0;0;0;0;7;12.58;7;00:25;00:45;00:25;0;0;0;616;1.71;616;0;0;1,041;571;1;1.79;1;2;3.59;2;0;0;0;5 minutes;03:03;0;0;0;0;0;0;54%;0;0
Sinature;3736;12,677;114;2;3%;114;32;13;0.04;69,634;21,544.8;28,252;6,854;36;11.13;0;0;0;94;29.08;26;9;2.61;0;0;0;0;0;0;0;0;0;45;13.92;12;2;3;0;1;12,677;3,922;5,973;1,539;27;8.35;8;9;0;0;12;2;5;5;0;0;0;4;2;35;10.82;10;02:56;00:54;01:14;0;0;0;5,806;2.23;2,328;0;0;7,279;3,052;6;1.85;3;19;5.87;7;0;0;0;43 minutes;03:56;0;0;0;0;0;0;41%;46%;32%
SirJamesParker;4540;90,950;945;23;5%;1,917;104;35;0.06;552;2,103.43;552;317;6;22.86;0;0;0;3;11.43;3;2;0.5;0;0;0;0;0;0;0;1;1;2;7.62;2;9;0;0;0;1,430;5,448;1,430;894;357;10.38;18;2;0;0;1;1;64;27;5;0.14;1;4;16;1;3.81;1;00:21;01:22;00:21;1;4;1;504;1.46;504;0;0;47;17;130;3.78;10;215;6.25;11;0;0;0;5 minutes;01:37:02;0;0;0;0;0;8;36%;71%;100%
SlowWhelp151488;4223;1,680;14;1;5%;24;22;10;0.05;10,362;14,717.97;9,594;3,124;6;8.52;0;0;0;13;18.46;13;6;2.16;0;0;0;0;0;0;0;0;0;8;11.36;8;0;1;0;1;1,680;2,386;1,392;363;2;2.84;2;6;0;0;3;1;1;1;0;0;0;4;1;8;11.36;8;00:33;00:46;00:18;0;0;0;905;2.11;618;0;0;1,039;451;2;2.84;2;5;7.1;5;0;0;0;7 minutes;01:02;0;0;0;0;0;0;43%;30%;93%
SnarkyShark747;0;703;5;0;4%;7;7;4;0.02;3,360;6,290.31;3,360;981;5;9.35;0;0;0;7;13.1;7;2;1.4;0;0;0;0;0;0;0;0;0;6;11.23;6;1;1;0;0;703;1,316;703;283;4;7.48;4;2;0;0;1;0;0;1;0;0;0;0;0;2;3.74;2;00:11;00:20;00:11;0;0;0;440;1.63;440;0;0;364;163;1;1.87;1;1;1.87;1;0;0;0;4 minutes;0;0;0;0;0;0;0;44%;44%;0
SoLo Glitch;0;885;7;0;10%;41;26;14;0.06;8,314;11,519.4;4,555;2,689;8;11.08;0;0;0;22;30.48;10;6;2.75;0;0;0;0;0;0;0;1;0;8;11.08;5;0;1;0;1;885;1,226;639;425;7;9.69;3;6;0;0;2;1;1;1;0;0;0;0;0;9;12.46;4;00:55;01:16;00:25;0;0;0;555;0.85;426;0;0;1,298;389;1;1.38;1;5;6.92;5;0;0;0;10 minutes;02:55;0;0;0;0;0;0;29%;0;72%
Spic3mast3r;3050;1,469;18;1;5%;32;32;7;0.03;14,978;17,516.86;14,978;2,604;10;11.69;0;0;0;21;24.56;21;6;2.1;0;0;0;0;0;0;0;1;0;11;12.86;11;0;1;1;0;1,469;1,718;1,469;592;7;8.18;7;6;0;0;3;1;1;2;0;0;0;0;0;7;8.18;7;00:21;00:25;00:21;0;0;0;955;1.12;955;0;0;1,764;631;3;3.5;3;4;4.67;4;0;0;0;14 minutes;0;0;0;0;0;0;0;35%;35%;0
spirit murderer;3425;1,638;17;0;4%;14;14;5;0.03;7,087;15,762.49;7,087;2,723;2;4.44;0;0;0;17;37.8;17;9;8.5;0;0;0;0;0;0;0;0;0;8;17.79;8;0;0;0;0;1,638;3,642;1,638;733;4;8.89;4;9;0;0;2;0;1;0;0;0;0;0;0;8;17.79;8;01:46;03:56;01:46;0;0;0;637;1.55;637;0;0;1,156;327;5;11.12;5;4;8.89;4;0;0;0;6 minutes;04:13;0;0;0;0;0;1;28%;0;0
SQ1B;3231;54,719;563;16;4%;954;51;21;0.03;501,112;15,756.01;26,167;12,071;295;9.27;0;0;0;922;28.98;45;20;3.12;0;0;0;0;0;0;0;1;0;471;14.8;28;12;32;1;19;54,719;1,720;2,492;1,284;242;7.6;13;20;0;0;103;29;46;28;4;0.12;1;4;8;420;13.2;25;38:00;01:11;04:35;0;0;0;32,215;1.28;1,913;0;0;53,447;22,366;90;2.82;8;176;5.53;14;1;0;0;6 hours;55:56;0;0;0;0;0;4;41%;55%;59%
StarkBridge;1818;74;1;0;11%;1;1;1;0.01;260;4,235.56;260;140;2;32.58;0;0;0;0;0;0;0;0;0;0;0;0;0;0;0;0;0;0;0;0;0;0;0;0;74;1,211;74;74;0;0;0;0;0;0;0;0;0;0;0;0;0;0;0;0;0;0;0;0;0;0;0;0;74;1.23;74;0;0;67;9;0;0;0;0;0;0;0;0;0;1 minute;0;0;0;0;0;0;0;13%;0;0
STICKYFING8RS;3403;30,655;289;3;4%;491;37;18;0.03;270,443;17,103.56;24,729;6,670;248;15.68;0;0;0;434;27.44;37;12;1.75;0;0;0;0;0;0;0;1;0;229;14.48;19;7;16;1;7;30,655;1,939;3,302;945;98;6.19;10;12;0;0;50;18;18;15;2;0.12;1;3;3;157;9.92;19;14:23;00:54;01:38;0;0;0;17,042;1.26;1,655;0;0;31,361;11,937;52;3.28;6;83;5.24;7;0;0;0;3 hours;24:05;0;0;0;0;0;2;38%;53%;46%
SupaNoobGuy;3813;72,503;841;14;5%;1,917;53;39;0.05;735,432;16,441.74;19,767;11,052;389;8.69;0;0;0;1,551;34.67;51;25;3.98;0;0;0;0;0;0;0;6;0;823;18.39;28;15;45;1;29;72,503;1,621;2,556;1,214;516;11.53;17;25;0;0;130;30;63;37;8;0.17;1;4;21;488;10.91;22;22:21;00:29;01:42;0;0;0;54,420;1.57;1,740;0;0;79,650;36,662;214;4.78;10;291;6.5;10;0;0;0;9 hours;01:09:55;0;0;0;0;0;3;46%;77%;64%
SWIFT JUSTlCE;3055;7,657;72;3;5%;117;32;18;0.04;41,153;12,141.34;8,555;3,121;35;10.32;0;0;0;113;33.33;28;11;3.22;0;0;0;0;0;0;0;0;0;46;13.57;13;1;3;0;2;7,657;2,259;667;1,117;33;9.73;10;11;0;0;14;5;6;3;0;0;0;3;1;51;15.04;21;06:39;01:57;02:19;0;0;0;4,423;1.88;1,069;0;0;5,136;2,080;8;2.36;5;16;4.72;5;0;0;0;39 minutes;06:27;0;0;0;0;0;0;40%;57%;70%
SyrioBraavosi;0;4,469;39;1;4%;51;41;10;0.04;24,794;16,780.09;12,801;5,668;20;13.53;0;0;0;41;27.74;21;11;2.04;0;0;0;0;0;0;0;0;0;17;11.5;10;1;1;0;0;4,469;3,024;2,889;1,208;12;8.12;8;11;0;0;4;1;1;2;0;0;0;3;2;13;8.79;11;01:05;00:44;00:58;0;0;0;1,745;1.45;1,071;0;0;2,903;1,089;1;0.67;1;9;6.09;5;0;0;0;19 minutes;04:03;0;0;0;0;0;0;37%;30%;0
Tensa;4308;189,860;1,813;44;5%;3,168;84;38;0.05;1,388,871;19,915.6;31,935;14,081;597;8.56;0;0;0;2,321;33.28;60;26;3.88;0;0;0;0;0;0;0;12;0;1,217;17.45;36;27;70;6;37;189,860;2,722;5,485;2,102;665;9.53;20;26;0;0;239;73;122;43;8;0.11;3;5;39;794;11.38;28;55:08;00:47;02:04;0;0;0;103,521;1.86;2,951;0;0;147,411;63,359;234;3.35;9;478;6.85;16;0;0;0;15 hours;03:05:33;0;0;0;0;0;1;42%;70%;52%
Th3 B1ack On3;4012;3,218;40;1;4%;66;27;14;0.04;32,375;16,634.07;13,426;4,678;18;9.24;0;0;0;66;33.91;38;17;3.66;0;0;0;0;0;0;0;0;0;34;17.46;15;0;2;0;1;3,218;1,653;1,147;549;22;11.3;10;17;0;0;6;0;4;3;0;0;0;0;0;30;15.41;16;02:39;01:22;01:27;0;0;0;1,834;1.19;714;0;0;3,527;1,405;8;4.11;4;12;6.16;5;0;0;0;25 minutes;06:21;0;0;0;0;0;0;39%;50%;51%
thats my sock;4090;180;1;0;5%;1;1;1;0.01;460;9,541.36;460;460;1;20.75;0;0;0;0;0;0;0;0;0;0;0;0;0;0;0;0;0;0;0;0;0;0;0;0;180;3,743;180;180;0;0;0;0;0;0;0;0;0;0;0;0;0;0;0;0;0;0;0;0;0;0;0;0;166;3.15;166;0;0;78;17;0;0;0;0;0;0;0;0;0;52.750731986016035 seconds;0;0;0;0;0;0;0;21%;0;100%
The Gooner 90;3747;1,011;12;1;3%;43;21;21;0.04;25,084;18,276.2;13,335;8,196;5;3.64;0;0;0;61;44.44;29;24;12.2;0;0;0;0;0;0;0;0;0;29;21.12;14;0;1;0;1;1,011;737;853;853;13;9.47;8;24;0;0;4;1;1;2;0;0;0;0;0;21;15.3;12;02:30;01:49;01:22;0;0;0;676;0.66;517;0;0;3,112;1,263;5;3.64;2;9;6.55;5;0;0;0;16 minutes;05:52;0;0;0;0;0;0;40%;0;100%
The Jeff Janis;3356;1,962;21;0;5%;60;56;14;0.04;26,847;15,651.93;21,021;3,735;20;11.66;0;0;0;36;20.98;30;10;1.8;0;0;0;0;0;0;0;0;0;19;11.07;17;1;2;0;0;1,962;1,144;1,497;663;22;12.82;18;10;0;0;4;1;3;0;0;0;0;5;1;10;5.83;8;01:33;00:54;01:14;0;0;0;1,485;1.09;1,148;0;0;2,909;1,110;3;1.74;2;9;5.24;9;0;0;0;22 minutes;01:29;0;0;0;0;0;0;38%;38%;24%
The Shad0w Wolf;3141;8,041;64;2;3%;164;26;17;0.04;96,987;17,066.05;17,351;6,553;36;6.33;0;0;0;133;23.4;25;9;3.69;0;0;0;0;0;0;0;0;0;55;9.67;10;4;6;0;2;8,041;1,415;1,412;660;32;5.63;9;9;0;0;19;7;6;6;0;0;0;0;0;57;10.02;11;03:34;00:37;02:04;0;0;0;5,135;1.27;783;0;0;10,817;4,642;7;1.23;2;18;3.16;4;0;0;0;1 hour;03:30;0;0;0;0;0;0;42%;43%;26%
thirtythree au;3634;670;8;1;3%;21;21;9;0.05;12,778;12,778.19;12,778;3,988;3;3;0;0;0;22;22;22;7;7.33;0;0;0;0;0;0;0;0;0;8;8;8;0;1;0;1;670;670;670;310;9;9;9;7;0;0;5;2;3;0;1;1;1;0;0;7;7;7;00:41;00:41;00:41;0;0;0;539;1.37;539;0;0;1,134;592;0;0;0;1;1;1;0;0;0;6 minutes;00:01;0;0;0;0;0;0;52%;52%;100%
Thumbless Idiot;0;1,608;10;0;3%;12;7;5;0.02;8,538;15,849.3;5,348;3,191;6;11.13;0;0;0;9;16.7;7;5;1.5;0;0;0;0;0;0;0;0;0;5;9.28;4;1;1;0;0;1,608;2,984;1,192;543;1;1.85;1;5;0;0;1;0;0;1;0;0;0;0;0;2;3.71;2;00:03;00:07;00:03;0;0;0;883;2.07;597;0;0;1,039;398;0;0;0;2;3.71;2;0;0;0;7 minutes;0;0;0;0;0;0;0;38%;37%;0
TI Grumpycow;3000;30,952;366;13;4%;488;61;14;0.04;241,524;15,095.29;35,910;7,323;164;10.25;0;0;0;510;31.87;46;16;3.1;0;0;0;0;0;0;0;12;0;249;15.56;27;4;16;0;12;30,952;1,935;3,933;1,042;171;10.68;15;16;0;0;62;11;30;21;2;0.12;1;4;7;179;11.18;18;09:41;00:36;01:02;0;0;0;20,926;1.76;2,196;0;0;32,256;11,639;71;4.43;13;83;5.18;11;0;0;0;3 hours;19:04;0;0;0;0;0;0;36%;42%;74%
tmarcum;2731;148;2;0;3%;4;4;2;0.04;1,944;21,003.14;1,944;1,577;2;21.6;0;0;0;3;32.4;3;1;1.5;0;0;0;0;0;0;0;0;0;1;10.8;1;0;0;0;0;148;1,602;148;81;1;10.8;1;1;0;0;0;0;0;0;0;0;0;0;0;1;10.8;1;00:03;00:36;00:03;0;0;0;148;1.84;148;0;0;195;101;0;0;0;0;0;0;0;0;0;1 minute;00:31;0;0;0;0;0;0;51%;51%;0
tonyreece7;2129;331;4;0;2%;2;2;2;0;1,693;2,807.58;1,693;890;4;6.63;0;0;0;1;1.65;1;1;0.25;0;0;0;0;0;0;0;0;0;0;0;0;1;1;0;0;331;549;331;198;1;1.65;1;1;0;0;1;1;0;0;0;0;0;0;0;0;0;0;00:06;00:11;00:06;0;0;0;305;1.5;305;0;0;183;67;0;0;0;0;0;0;0;0;0;3 minutes;0;0;0;0;0;0;0;36%;0;0
Toxic Depth;2612;1,084;9;1;8%;63;48;22;0.11;13,705;14,180.27;8,656;4,085;6;6.2;0;0;0;22;22.76;12;8;3.66;0;0;0;0;0;0;0;0;0;16;16.55;10;1;1;0;0;1,084;1,122;840;398;9;9.31;5;8;0;0;4;2;1;2;0;0;0;0;0;9;9.31;5;01:12;01:15;00:58;0;0;0;871;1.62;626;0;0;1,369;705;5;5.17;3;3;3.1;2;0;0;0;8 minutes;02:41;0;0;0;0;0;3;51%;63%;42%
Trash Like Me;2600;334;5;0;2%;5;5;3;0.02;4,165;15,163.31;4,165;2,226;1;3.64;0;0;0;7;25.48;7;4;7;0;0;0;0;0;0;0;0;0;3;10.92;3;0;0;0;0;334;1,216;334;229;1;3.64;1;4;0;0;0;0;0;0;0;0;0;0;0;4;14.56;4;00:02;00:10;00:02;0;0;0;4;0.02;4;0;0;555;183;0;0;0;1;3.64;1;0;0;0;3 minutes;0;0;0;0;0;0;0;32%;0;100%
Trick77;3254;5,656;73;1;4%;109;43;20;0.03;49,922;10,333.18;13,695;4,369;33;6.83;0;0;0;121;25.04;32;19;3.66;0;0;0;0;0;0;0;0;0;59;12.21;19;1;5;0;4;5,656;1,171;1,747;502;28;5.79;7;19;0;0;14;7;1;6;2;0.41;2;0;0;37;7.65;10;03:11;00:39;00:59;0;0;0;4,235;1.46;1,483;0;0;6,767;2,500;16;3.31;6;18;3.72;7;0;0;0;48 minutes;04:02;0;0;0;0;0;0;36%;37%;73%
Truck555;3000;182,202;1,619;25;4%;2,493;45;21;0.03;1,057,712;13,081.06;27,722;6,734;921;11.39;0;0;0;2,315;28.63;55;22;2.51;0;0;0;0;0;0;0;19;1;1,148;14.19;31;37;81;6;39;182,202;2,253;4,284;1,446;549;6.78;15;22;0;0;256;74;89;93;17;0.21;1;4;19;982;12.14;29;01:30:09;01:06;02:41;0;0;0;106,177;1.69;2,249;0;0;147,216;54,353;252;3.11;9;465;5.75;12;1;0;0;17 hours;02:04:29;0;0;0;0;0;26;36%;54%;47%
TzTM;3759;19,909;179;1;3%;171;34;10;0.02;124,288;19,167.82;17,775;4,869;74;11.41;0;0;0;181;27.91;32;12;2.44;0;0;0;0;0;0;0;2;0;75;11.56;12;2;6;1;4;19,909;3,070;3,285;1,085;46;7.09;12;12;0;0;21;10;3;8;0;0;0;3;2;90;13.87;19;11:10;01:43;02:24;0;0;0;8,691;1.37;1,585;0;0;13,374;5,245;7;1.07;2;32;4.93;8;0;0;0;1 hour;07:05;0;0;0;0;0;0;39%;45%;64%
UncleFuncleJoey;4141;24,901;240;7;4%;542;91;25;0.05;274,104;23,115.67;38,373;10,092;120;10.11;0;0;0;418;35.25;66;14;3.48;0;0;0;0;0;0;0;3;0;238;20.07;45;6;12;0;5;24,901;2,100;3,122;949;144;12.14;19;14;0;0;40;9;26;6;5;0.42;1;4;8;129;10.87;28;07:47;00:39;01:13;0;0;0;14,810;1.47;2,105;0;0;26,278;11,746;42;3.54;7;81;6.83;18;1;0;0;2 hours;19:20;0;0;0;0;0;6;44%;51%;41%
Vexualy;4256;29,961;299;7;4%;482;66;26;0.05;219,498;18,403.88;23,693;13,837;92;7.71;0;0;0;432;36.22;61;25;4.69;0;0;0;0;0;0;0;0;0;203;17.02;29;4;12;0;8;29,961;2,512;3,591;1,219;127;10.64;13;25;0;0;43;9;25;9;3;0.25;1;4;9;149;12.49;26;07:40;00:38;01:55;0;0;0;15,186;1.63;1,645;0;0;21,851;9,827;37;3.1;6;82;6.87;12;0;0;0;2 hours;37:11;0;0;0;0;0;0;44%;58%;67%
VicinityStar;0;453;7;0;2%;6;6;3;0.03;4,648;29,471.6;4,648;2,966;3;19.02;0;0;0;1;6.34;1;1;0.33;0;0;0;0;0;0;0;0;0;1;6.34;1;0;0;0;0;453;2,873;453;203;0;0;0;1;0;0;0;0;0;0;0;0;0;0;0;0;0;0;00:00;00:06;00:00;0;0;0;266;1.43;266;0;0;465;281;0;0;0;0;0;0;0;0;0;3 minutes;0;0;0;0;0;0;0;60%;0;0
vKure;4372;15,146;136;0;4%;203;20;13;0.03;100,847;13,263.65;10,628;5,492;86;11.31;0;0;0;214;28.14;29;13;2.48;0;0;0;0;0;0;0;2;0;128;16.83;18;3;8;1;4;15,146;1,992;2,510;1,024;93;12.23;11;13;0;0;26;7;8;11;1;0.13;1;4;2;77;10.12;13;05:02;00:39;01:19;0;0;0;8,848;1.5;1,430;0;0;9,640;4,106;29;3.81;4;28;3.68;5;0;0;0;1 hour;19:16;0;0;0;0;0;0;42%;40%;58%
VW GTI G0DSP33D;3460;85,252;896;26;4%;2,170;68;22;0.04;1,051,598;14,884.35;27,262;9,409;786;11.12;0;0;0;2,029;28.71;60;25;2.58;0;0;0;0;0;0;0;4;0;1,056;14.94;31;33;71;1;37;85,252;1,207;2,831;1,199;396;5.6;17;25;0;0;223;71;92;60;0;0;0;5;23;848;12;30;49:16;00:41;02:53;0;0;0;59,103;1.11;1,865;0;0;130,577;47,627;217;3.07;9;372;5.26;13;0;0;0;14 hours;01:50:43;0;0;0;0;0;4;36%;48%;52%
Wavy as;3466;1,320;10;0;5%;21;21;7;0.05;7,968;16,156.27;7,968;2,962;6;12.16;0;0;0;18;36.49;18;10;3;0;0;0;0;0;0;0;0;0;11;22.3;11;0;0;0;0;1,320;2,676;1,320;418;7;14.19;7;10;0;0;1;0;1;0;0;0;0;0;0;9;18.24;9;01:08;02:19;01:08;0;0;0;509;1.4;509;0;0;1,104;368;4;8.11;4;5;10.13;5;0;0;0;6 minutes;03:27;0;0;0;0;0;0;33%;0;0
Weed iHunt;3118;3,720;32;0;3%;39;13;8;0.03;22,175;15,241.99;6,905;3,767;9;6.18;0;0;0;35;24.05;13;8;3.88;0;0;0;0;0;0;0;0;0;19;13.05;7;1;1;0;1;3,720;2,557;1,884;1,260;12;8.24;5;8;0;0;5;1;1;2;0;0;0;0;0;12;8.24;4;00:50;00:34;00:17;0;0;0;1,719;1.72;683;0;0;2,883;1,005;4;2.74;3;6;4.12;2;0;0;0;16 minutes;00:54;0;0;0;0;0;0;34%;88%;50%
WELSHMANIA;4228;4,348;40;0;5%;60;26;11;0.04;28,355;18,151.12;6,835;5,393;17;10.88;0;0;0;42;26.88;10;10;2.47;0;0;0;0;0;0;0;0;0;19;12.16;5;1;2;0;0;4,348;2,783;1,498;631;11;7.04;3;10;0;0;5;1;3;1;0;0;0;0;0;22;14.08;8;01:16;00:48;00:29;0;0;0;2,922;2.24;951;0;0;3,171;1,192;1;0.64;1;7;4.48;4;0;0;0;21 minutes;02:07;0;0;0;0;0;0;37%;42%;14%
Westside Ryderz;3000;517;5;0;0;0;0;0;0;970;5,939.45;594;331;3;18.36;0;0;0;1;6.12;1;1;0.33;0;0;0;0;0;0;0;0;0;0;0;0;0;0;0;0;517;3,165;244;164;0;0;0;1;0;0;0;0;0;0;0;0;0;0;0;1;6.12;1;00:06;00:41;00:06;0;0;0;244;1.68;158;0;0;236;48;0;0;0;0;0;0;0;0;0;2 minutes;0;0;0;0;0;0;0;20%;0;0
WHIT3 DYNAMIT3;2806;79;4;0;10%;8;8;7;0.05;1,569;8,227.25;1,569;748;5;26.21;0;0;0;1;5.24;1;1;0.2;0;0;0;0;0;0;0;1;0;0;0;0;0;0;0;0;79;412;79;79;0;0;0;1;0;0;1;0;0;0;0;0;0;0;0;1;5.24;1;00:10;00:56;00:10;0;0;0;40;0.28;40;0;0;179;76;0;0;0;0;0;0;0;0;0;2 minutes;0;0;0;0;0;0;0;42%;42%;0
Whos Riven;3730;45,719;491;20;4%;987;69;24;0.04;499,472;19,001.86;36,011;11,174;223;8.48;0;0;0;861;32.75;62;20;3.86;0;0;0;0;0;0;0;9;0;452;17.19;34;9;26;0;18;45,719;1,739;4,761;868;186;7.07;12;20;0;0;94;25;47;22;1;0.03;1;4;12;337;12.82;29;20:15;00:46;01:55;0;0;0;26,058;1.27;2,041;0;0;50,987;22,874;86;3.27;9;170;6.46;13;0;0;0;5 hours;54:50;0;0;0;0;0;0;44%;57%;66%
Wookiee Steve;0;1,154;12;1;8%;32;32;25;0.06;9,269;16,919.37;9,269;5,689;5;9.12;0;0;0;29;52.93;29;27;5.8;0;0;0;0;0;0;0;0;0;20;36.5;20;1;1;0;0;1,154;2,106;1,154;479;9;16.42;9;27;0;0;2;0;1;1;0;0;0;0;0;12;21.9;12;01:27;02:39;01:27;0;0;0;945;1.92;945;0;0;1,083;384;3;5.47;3;4;7.3;4;0;0;0;8 minutes;04:36;0;0;0;0;0;0;35%;35%;0
WSXRQ;3000;20,981;228;1;5%;498;51;23;0.04;168,211;11,604.86;14,460;6,701;128;8.83;0;0;0;396;27.32;37;17;3.09;0;0;0;0;0;0;0;2;0;157;10.83;17;4;14;1;9;20,981;1,448;2,534;980;94;6.48;10;17;0;0;40;21;11;8;0;0;0;3;4;142;9.79;18;13:13;00:54;01:54;0;0;0;13,241;1.15;1,383;0;0;27,943;8,482;27;1.86;4;55;3.79;6;0;0;0;3 hours;06:06;0;0;0;0;0;1;30%;43%;62%
x man legending;0;41,709;477;3;6%;899;62;17;0.03;316,766;11,893.23;18,271;6,057;313;11.75;0;0;0;791;29.69;59;18;2.52;0;0;0;0;0;0;0;10;0;331;12.42;23;14;27;0;12;41,709;1,566;3,690;1,048;209;7.84;15;18;0;0;79;37;12;29;2;0.07;1;4;9;365;13.7;35;21:25;00:48;02:40;0;0;0;27,267;1.15;2,277;0;0;50,821;14,893;76;2.85;8;164;6.15;11;0;0;0;6 hours;14:31;0;0;0;0;0;27;29%;37%;46%
Xandoid;3063;1,453;14;0;3%;21;21;15;0.04;12,874;25,985.29;12,874;8,488;3;6.05;0;0;0;27;54.49;27;16;9;0;0;0;0;0;0;0;0;0;7;14.12;7;0;0;0;0;1,453;2,933;1,453;742;10;20.18;10;16;0;0;2;0;0;1;0;0;0;0;0;11;22.2;11;00:50;01:41;00:50;0;0;0;891;1.85;891;0;0;1,326;560;0;0;0;2;4.03;2;0;0;0;7 minutes;05:09;0;0;0;0;0;0;42%;0;100%
XCRAZED WOMBATX;2669;119;1;0;0;0;0;0;0;80;563.65;80;80;2;14.09;0;0;0;2;6.68;2;2;0.33;0;0;0;0;0;0;0;1;0;0;0;0;0;0;0;0;253;1,785;253;253;0;0;0;2;0;0;0;0;0;0;0;0;0;0;0;0;0;0;00:00;00:02;00:00;0;0;0;108;1.43;108;0;0;72;5;0;0;0;0;0;0;0;0;0;1 minute;0;0;0;0;0;0;0;6%;28%;0
xEpk;0;13,651;136;8;6%;1;1;1;0.02;242;4,573.21;242;242;52;4.57;1;19;1;2;37.78;2;2;6.57;0;0;0;0;0;0;0;1;1;192;16.88;26;2;0;0;0;630;11,903;630;630;123;10.81;18;2;0;0;0;0;0;0;1;0.08;1;4;3;1;18.89;1;00:16;05:19;00:16;0;0;0;186;4.25;186;0;0;40;15;59;5.18;9;70;6.15;10;0;0;0;43.799947027117014 seconds;00:16;0;0;0;0;0;1;37%;37%;100%
xHAZ4RDZx;3383;14,706;149;2;4%;221;40;19;0.04;104,442;13,072.47;14,293;5,609;80;10.01;0;0;0;179;22.4;35;11;2.23;0;0;0;0;0;0;0;0;0;93;11.64;15;3;8;0;5;14,706;1,841;3,335;1,384;62;7.76;10;11;0;0;20;9;5;6;0;0;0;3;1;84;10.51;19;04:13;00:31;00:58;0;0;0;7,623;1.44;1,452;0;0;12,031;5,043;21;2.62;5;26;3.25;6;0;0;0;1 hour;07:25;0;0;0;0;0;0;41%;56%;57%
xo Mudkips;2062;744;6;0;5%;40;19;7;0.03;19,283;10,984.83;8,355;3,018;13;7.4;0;0;0;21;11.96;10;7;1.61;0;0;0;0;0;0;0;1;0;13;7.4;7;2;2;0;0;744;424;378;352;10;5.69;6;7;0;0;3;0;3;0;0;0;0;0;0;6;3.41;4;00:25;00:14;00:20;0;0;0;411;0.37;347;0;0;2,089;762;1;0.56;1;6;3.41;3;0;0;0;18 minutes;0;0;0;0;0;0;0;36%;30%;0
xPMoney7;3055;22,943;230;10;6%;600;102;31;0.06;215,173;15,923.76;30,241;7,381;113;8.36;0;0;0;402;29.74;53;15;3.55;0;0;0;0;0;0;0;4;0;236;17.46;35;5;14;0;8;22,943;1,698;4,982;1,795;95;7.03;12;15;0;0;47;16;22;9;3;0.22;1;0;0;168;12.43;28;10:47;00:47;02:17;0;0;0;13,528;1.38;3,142;0;0;24,370;9,633;53;3.92;9;67;4.95;13;0;0;0;2 hours;19:43;0;0;0;0;0;1;39%;52%;62%
XshindigX;2320;806;13;1;9%;69;67;33;0.09;15,247;13,938.53;14,513;5,345;6;5.48;0;0;0;45;41.13;44;20;7.5;0;0;0;0;0;0;0;0;0;19;17.36;18;0;1;0;1;806;737;677;162;9;8.22;8;20;0;0;4;1;3;0;2;1.82;2;0;0;21;19.19;20;00:41;00:38;00:27;0;0;0;588;0.81;588;0;0;2,414;749;3;2.74;2;8;7.31;8;0;0;0;12 minutes;01:46;0;0;0;0;0;0;31%;31%;100%
xSipyyy;2577;9,014;83;2;5%;161;27;11;0.03;60,010;9,506.11;9,434;3,555;55;8.71;0;0;0;146;23.12;33;12;2.65;0;0;0;0;0;0;0;0;0;70;11.08;12;3;6;0;4;9,014;1,428;1,480;876;29;4.59;9;12;0;0;24;4;8;12;0;0;0;3;1;71;11.24;18;04:38;00:44;02:19;0;0;0;5,583;1.37;1,002;0;0;7,845;3,035;20;3.16;3;22;3.48;5;0;0;0;1 hour;01:59;0;0;0;0;0;11;38%;45%;58%
Xvanthious;2465;73,219;792;8;3%;757;39;13;0.02;447,099;10,146.97;19,391;7,763;484;10.98;0;0;0;1,035;23.48;40;13;2.13;0;0;0;0;0;0;0;7;1;501;11.37;21;21;44;5;18;73,219;1,662;2,880;905;340;7.71;14;13;0;0;148;59;35;54;9;0.2;1;4;15;470;10.66;22;50:36;01:08;02:21;0;0;0;36,456;1.1;1,573;0;0;71,291;21,725;142;3.22;11;240;5.44;13;0;0;0;9 hours;26:24;0;0;0;0;0;71;30%;46%;40%
xXGaMeRgUyXx;2469;867;8;0;3%;12;12;5;0.04;161;1,369.95;161;161;1;8.5;0;0;0;1;8.5;1;1;1;0;0;0;0;0;0;0;0;0;4;8.31;4;0;0;0;0;30;252;30;30;2;4.15;2;1;0;0;1;0;0;0;0;0;0;0;0;1;8.5;1;00:10;01:33;00:10;0;0;0;6;0.1;6;0;0;24;13;2;4.15;2;0;0;0;0;0;0;54.710257017053664 seconds;0;0;0;0;0;0;1;54%;54%;100%
XxScourgexX1;2567;1,986;25;0;3%;26;17;14;0.02;14,823;12,449.09;9,802;5,956;11;9.23;0;0;0;47;39.47;28;19;4.27;0;0;0;0;0;0;0;0;0;26;21.83;17;0;1;1;1;1,986;1,668;1,497;973;11;9.23;5;19;0;0;2;1;0;2;0;0;0;3;3;21;17.63;16;00:44;00:37;00:27;0;0;0;1,303;1.31;990;0;0;1,752;794;7;5.87;4;15;12.59;10;0;0;0;16 minutes;00:25;0;0;0;0;0;0;45%;50%;54%
XxThaigaxX;2414;27,139;201;13;4%;463;40;17;0.04;208,591;11,376.97;20,863;7,633;177;9.65;0;0;0;452;24.65;54;19;2.55;0;0;0;0;0;0;0;2;0;219;11.94;24;8;18;0;11;27,139;1,480;2,440;1,105;117;6.38;15;19;0;0;81;19;45;17;0;0;0;4;5;230;12.54;43;19:22;01:03;04:02;0;0;0;18,999;1.7;1,826;0;0;27,499;11,280;48;2.61;7;91;4.96;19;0;0;0;3 hours;22:14;0;0;0;0;0;18;41%;60%;57%
XxTORBJORNxX;1223;2,946;81;0;4%;69;16;8;0.01;27,991;3,348.02;4,530;3,769;45;5.38;0;0;0;37;4.42;8;5;0.82;0;0;0;0;0;0;0;1;0;20;2.39;4;6;8;1;2;2,946;352;527;527;6;0.71;1;5;0;0;13;8;2;3;0;0;0;0;0;12;1.43;3;01:21;00:09;00:25;0;0;0;2,214;0.48;381;0;0;14,806;1,494;6;0.71;2;10;1.19;4;0;0;0;1 hour;00:01;0;0;0;0;0;0;10%;31%;19%
Yavilad;3203;4,142;27;2;4%;73;28;15;0.04;31,076;16,005.46;14,464;7,274;11;5.66;0;0;0;61;31.41;24;13;5.54;0;0;0;0;0;0;0;0;0;25;12.87;10;0;2;0;2;4,142;2,133;2,146;1,264;13;6.69;5;13;0;0;6;3;2;1;1;0.51;1;3;2;13;6.69;5;01:17;00:39;00:39;0;0;0;2,781;1.89;1,386;0;0;3,545;1,694;8;4.12;4;14;7.21;7;0;0;0;24 minutes;01:06;0;0;0;0;0;0;47%;53%;99%
yohoudini;3000;363;3;0;3%;1;1;1;0.01;905;13,158.6;905;735;2;29.08;0;0;0;0;0;0;0;0;0;0;0;0;0;0;0;0;0;0;0;0;0;0;0;0;363;5,279;363;213;0;0;0;0;0;0;0;0;0;0;0;0;0;0;0;0;0;0;0;0;0;0;0;0;81;1.08;81;0;0;130;32;0;0;0;0;0;0;0;0;0;1 minute;0;0;0;0;0;0;0;24%;0;0
yoyohurricanes;4301;57,742;513;18;6%;1,393;107;32;0.06;507,665;19,619.65;31,717;8,036;264;10.2;0;0;0;1,034;39.96;61;18;3.91;0;0;0;0;0;0;0;8;1;533;20.59;36;7;26;1;18;57,742;2,232;4,875;983;304;11.74;21;18;0;0;86;23;46;17;3;0.11;1;5;11;394;15.22;27;22:06;00:51;02:05;0;0;0;31,265;1.41;2,115;0;0;48,523;22,204;87;3.36;9;152;5.87;9;0;0;0;6 hours;01:21:14;0;0;0;0;0;2;45%;60%;67%
yoyomo5727;2483;1,616;12;0;2%;9;9;3;0.01;9,847;19,939.31;9,847;2,285;8;16.19;0;0;0;24;48.59;24;9;3;0;0;0;0;0;0;0;0;0;10;20.24;10;0;0;0;0;1,616;3,273;1,616;445;10;20.24;10;9;0;0;2;1;0;0;0;0;0;0;0;12;24.29;12;01:29;03:01;01:29;0;0;0;802;1.65;802;0;0;980;419;1;2.02;1;2;4.04;2;0;0;0;8 minutes;01:41;0;0;0;0;0;3;42%;42%;0
Zigo;0;289;3;0;2%;4;4;3;0.02;3,065;13,201.73;3,065;2,396;2;8.61;0;0;0;5;21.53;5;4;2.5;0;0;0;0;0;0;0;0;0;4;17.22;4;0;0;0;0;289;1,247;289;289;3;12.91;3;4;0;0;0;0;0;0;0;0;0;0;0;0;0;0;00:16;01:10;00:16;0;0;0;282;1.48;282;0;0;324;141;2;8.61;2;0;0;0;0;0;0;3 minutes;0;0;0;0;0;0;0;43%;0;100%
zRiiCHiiEz;2180;1,523;14;1;4%;42;24;10;0.05;20,314;7,969.09;9,368;3,539;9;3.53;0;0;0;31;12.16;16;5;3.44;0;0;0;0;0;0;0;0;0;9;3.53;6;0;3;0;3;1,523;598;977;455;6;2.35;3;5;0;0;9;6;3;0;0;0;0;0;0;14;5.49;8;00:35;00:13;00:20;0;0;0;962;1.16;505;0;0;1,944;924;0;0;0;4;1.56;2;0;0;0;13 minutes;00:03;0;0;0;0;0;0;47%;52%;100%
