A Camping Cat;4143;0;0;0;0;0;74;0;0;0;798;12,722;798;7,455;16,534.02;2,299;2,299;2;4.43;19;42.13;10;7;9.5;7;16;3;1;15.94;1;11;24;5;0;0;0;8;17.74;4;0;0;0;0;878;1,946.42;322;322;7;0;1;1;0;0;0;0;0;0;0;10;22.17;6;00:43;01:35;00:13;6;13;3;0;141;2.57;141;2,087;981;1;2.21;1;0;6 minutes;00:45;0;0;47%;68%;45%
A1 Shank Sauce;2684;19;3.38;7;0;4%;22;6;4;0;45,671;8,144;9,293;47,071;8,393.3;8,769;3,281;53;9.45;86;15.33;22;8;1.62;0;0;0;77;13.72;18;0;0;0;0;0;0;24;4.27;6;4;6;0;2;7,858;1,401.1;1,393;594;8;0;12;6;4;3;0;0;0;0;0;46;8.2;12;08:22;01:29;01:36;0;0;0;0;7,858;1.78;1,393;1,218;478;5;0.89;2;0;1 hour;00:40;0;0;39%;56%;32%
Abdul Ahkbar;4001;10;3.36;4;0;8%;2;5;3;0;32,610;10,958;6,844;516;2,689.04;516;484;2;10.42;66;22.17;24;8;1.88;0;0;0;44;14.78;17;1;5;1;0;0;0;17;5.71;6;0;0;0;2;3,641;1,223.38;760;540;8;0;0;3;0;0;0;0;0;4;1;24;8.06;8;00:08;00:44;00:08;0;0;0;0;3,641;1.41;760;113;72;2;0.67;1;0;1 minute;02:58;4;0;63%;63%;51%
ADERALDO25;3677;1;2.41;1;0;6%;2;2;2;0;1,379;3,330;1,379;3,358;8,106.41;3,358;1,719;3;7.24;14;33.79;14;7;4.66;0;0;0;5;12.07;5;0;0;0;0;0;0;3;7.24;3;0;0;0;0;503;1,213.41;503;277;7;0;1;0;0;0;0;0;0;0;0;8;19.31;8;00:57;02:18;00:57;0;0;0;0;503;1.11;503;108;30;0;0;0;0;7 minutes;0;0;0;27%;27%;100%
Alcy;3000;0;0;0;0;6%;1;1;1;0;1,316;7,831;1,316;1,389;8,266.49;1,389;870;3;17.85;1;5.95;1;1;0.33;0;0;0;0;0;0;0;0;0;0;0;0;1;5.95;1;0;0;0;0;180;1,068.96;180;108;1;0;0;0;0;0;0;0;0;0;0;0;0;0;00:00;00:02;00:00;0;0;0;0;180;1.25;180;34;16;0;0;0;0;2 minutes;00:10;0;0;47%;0;100%
alphurr;3397;1;10.05;1;0;18%;2;2;2;0.01;2,721;27,354;2,721;900;9,043.04;900;870;1;10.05;5;50.26;5;4;5;0;0;0;1;10.05;1;0;0;0;0;0;0;0;0;0;0;0;0;0;278;2,795.49;278;278;4;0;0;0;0;0;0;0;0;0;0;4;40.21;4;00:14;02:24;00:14;0;0;0;0;278;2.74;278;37;11;0;0;0;0;1 minute;0;0;0;29%;0;0
angelsfursho;2883;37;8.27;13;4;14%;31;14;8;0.01;29,193;6,532;10,331;27,161;6,076.99;8,747;4,771;22;4.92;115;25.73;25;15;5.22;0;0;0;70;15.66;20;0;0;0;0;0;0;31;6.93;7;1;4;1;3;5,693;1,273.66;1,395;621;15;0;19;2;9;8;1;0.22;1;3;4;63;14.09;15;04:45;01:03;01:14;0;0;0;0;5,693;2.3;1,395;431;209;10;2.23;3;0;41 minutes;13:46;0;0;48%;41%;68%
Apacalypto;1998;1;2.54;1;0;0;0;0;0;0;4,107;10,455;4,107;1,418;3,610.21;1,418;535;5;12.72;6;15.27;6;3;1.2;0;0;0;7;17.82;7;0;0;0;0;0;0;2;5.09;2;0;0;0;0;321;816.19;321;321;3;0;1;0;0;1;0;0;0;0;0;5;12.72;5;00:31;01:19;00:31;0;0;0;0;321;1.03;321;12;6;0;0;0;0;5 minutes;0;0;0;50%;50%;0
Asco HD;2385;12;4.56;5;1;7%;175;7;6;0;10,996;4,186;2,892;21,678;6,821.27;5,722;2,584;15;4.71;62;19.5;25;9;4.13;44;14;11;21;7.99;5;55;17;14;0;1;0;26;8.18;11;2;3;0;1;4,998;1,572.81;1,421;764;9;0;6;4;1;1;1;0.38;1;3;1;22;6.92;9;01:36;00:30;00:45;20;6;6;0;3,051;1.48;973;7,357;2,840;8;2.51;6;0;38 minutes;00:20;0;0;38%;42%;31%
Aspire Leo;4244;50;6.94;13;2;10%;76;14;6;0.01;46,781;6,502;9,123;74,133;10,303.32;15,177;4,705;62;8.61;165;22.93;35;19;2.66;0;0;0;103;14.31;22;0;0;0;0;0;0;61;8.47;13;1;7;2;3;9,004;1,251.35;1,685;701;19;0;21;9;8;4;4;0.55;1;5;4;75;10.42;21;10:40;01:28;02:25;0;0;0;0;9,004;1.57;1,685;1,654;759;6;0.83;2;0;1 hour;11:57;1;0;45%;70%;47%
AvaldezC;4350;31;5.61;7;1;15%;70;14;8;0.01;38,110;6,905;5,770;45,665;8,273.44;6,741;2,507;54;9.78;108;19.56;24;10;2;0;0;0;68;12.32;14;0;0;0;0;0;0;43;7.79;10;3;6;0;3;3,121;565.37;522;272;10;0;11;4;4;2;2;0.36;2;3;2;48;8.69;11;05:03;00:55;01:06;0;0;0;0;3,121;0.77;522;1,310;456;15;2.71;4;0;1 hour;08:38;0;0;34%;50%;49%
Axemen;3331;6;4.41;3;0;7%;13;5;3;0.01;5,482;4,034;2,543;14,595;10,739.7;3,956;2,584;18;13.24;20;14.71;5;3;1.11;0;0;0;9;6.62;4;0;0;0;0;1;0;13;9.56;4;1;1;0;0;2,538;1,867.47;903;391;3;0;4;1;2;1;0;0;0;0;0;12;8.82;3;01:40;01:14;00:27;0;0;0;0;2,538;2.19;903;378;169;2;1.47;1;0;19 minutes;0;0;0;44%;60%;14%
BeeVA;2649;3;6.31;3;1;16%;3;3;3;0.01;1,380;2,906;1,380;2,526;5,319.25;2,526;2,526;0;0;15;31.58;15;15;0;0;0;0;9;18.95;9;0;0;0;0;0;0;6;12.63;6;0;0;0;0;235;495.36;235;235;15;0;2;0;1;0;0;0;0;0;0;4;8.42;4;00:17;00:36;00:17;0;0;0;0;235;0.98;235;48;18;2;4.21;2;0;3 minutes;00:05;0;0;37%;37%;100%
Beyond Volscian;0;2;5.06;2;0;10%;8;8;4;0.01;1,012;2,564;1,012;6,620;16,770.97;6,620;4,096;3;7.59;8;20.26;8;6;2.66;0;0;0;5;12.66;5;0;0;0;0;0;0;3;7.59;3;0;0;0;0;98;249;98;89;6;0;2;0;1;0;0;0;0;0;0;5;12.66;5;00:24;01:02;00:24;0;0;0;0;98;0.24;98;149;74;0;0;0;0;6 minutes;0;0;0;49%;49%;0
Boomy;0;0;0;0;0;9%;1;1;1;0;861;3,710;861;1,041;4,484.28;1,041;442;4;17.23;3;12.92;3;1;0.75;0;0;0;2;8.61;2;0;0;0;0;0;0;1;4.3;1;0;0;0;0;0;0;0;0;1;0;1;0;0;0;0;0;0;0;0;1;4.3;1;00:03;00:16;00:03;0;0;0;0;0;0;0;19;11;0;0;0;0;2 minutes;0;0;0;57%;57%;0
Brannan12;2382;0;0;0;0;0;0;0;0;0;2,420;8,569;2,420;1,145;4,054.1;1,145;342;4;14.16;1;3.54;1;1;0.25;0;0;0;3;10.62;3;0;0;0;0;1;0;0;0;0;0;0;0;0;139;492.49;139;139;1;0;0;0;0;0;0;0;0;0;0;0;0;0;00:01;00:05;00:01;0;0;0;0;139;0.83;139;14;4;0;0;0;0;2 minutes;0;0;0;28%;0;0
C1ZR;4124;70;7.42;9;3;18%;154;20;11;0.02;58,518;6,209;9,947;97,339;10,327.62;13,793;5,497;65;6.89;286;30.34;37;20;4.4;0;0;0;157;16.65;20;0;0;0;0;0;0;117;12.41;20;2;9;0;7;9,233;979.64;1,355;553;20;0;32;14;11;7;0;0;0;3;4;106;11.24;20;14:33;01:32;02:17;0;0;0;0;9,233;1.27;1,355;2,163;852;26;2.75;7;0;2 hours;25:35;0;0;39%;53%;77%
ChaosMage251;3000;3;4.43;3;0;10%;1;1;1;0;3,531;5,219;3,531;1,906;2,816.53;1,906;1,463;1;1.47;8;11.82;8;5;8;0;0;0;8;11.82;8;0;0;0;0;0;0;1;1.47;1;0;1;0;1;164;242.85;164;164;5;0;2;2;0;0;0;0;0;0;0;0;0;0;0;0;0;0;0;0;0;164;0.65;164;61;10;1;1.47;1;0;4 minutes;0;0;0;16%;0;100%
Chazsy;4156;1;2.08;1;0;7%;3;2;1;0;4,347;9,066;3,292;3,431;7,154.94;2,638;1,911;2;4.17;9;18.76;8;4;4.5;0;0;0;4;8.34;2;0;0;0;0;0;0;4;8.34;4;0;0;0;0;150;312.81;150;150;4;0;1;0;0;0;0;0;0;0;0;3;6.25;2;00:16;00:34;00:13;0;0;0;0;150;0.45;150;153;38;1;2.08;1;0;5 minutes;0;0;0;24%;25%;100%
Chopper Le Porc;0;96;4.11;11;11;13%;173;14;6;0.01;169,452;7,257;12,399;156,129;6,686.54;11,471;3,640;182;7.79;535;22.91;37;14;2.93;0;0;0;374;16.01;29;0;0;0;0;2;0;238;10.19;18;8;23;0;15;42,409;1,816.23;3,619;821;14;0;76;24;27;25;35;1.49;4;4;5;229;9.8;20;39:52;01:42;04:38;0;0;0;0;42,409;2.45;3,619;2,688;1,265;78;3.34;8;3;4 hours;39:54;48;0;47%;69%;64%
Chris Zettek;4308;3;4.57;3;0;4%;4;4;2;0.01;4,268;6,512;4,268;6,743;10,286.35;6,743;2,306;3;4.57;13;19.83;13;6;4.33;0;0;0;3;4.57;3;0;0;0;0;0;0;6;9.15;6;0;1;0;1;559;852.45;559;194;6;0;2;0;2;0;0;0;0;0;0;8;12.2;8;00:31;00:47;00:31;0;0;0;0;559;1.39;559;205;99;0;0;0;0;6 minutes;00:39;0;0;48%;48%;100%
CHRISBREEZY0413;2912;47;5.4;8;0;9%;56;9;5;0;29,859;3,436;6,568;65,988;7,592.84;9,177;4,089;92;10.58;174;20.02;20;11;1.89;0;0;0;118;13.57;11;0;0;0;0;3;0;50;5.75;7;4;9;0;5;10,196;1,173.24;1,090;546;11;0;27;11;8;7;1;0.11;1;3;3;78;8.97;9;11:24;01:18;01:11;0;0;0;0;10,196;1.51;1,090;1,403;572;13;1.49;2;0;1 hour;06:35;0;0;40%;66%;57%
Coluge;4435;20;7.91;7;3;16%;54;20;13;0.02;10,285;4,070;3,337;33,432;13,229.25;11,986;7,292;19;7.51;96;37.98;31;22;5.05;0;0;0;44;17.41;20;0;0;0;0;1;0;46;18.2;16;1;3;1;1;3,624;1,434.25;1,053;711;22;0;11;4;5;3;0;0;0;4;1;43;17.01;14;03:15;01:17;01:10;0;0;0;0;3,624;1.61;1,053;905;331;9;3.56;5;0;37 minutes;11:23;0;0;36%;36%;48%
Coluge is back;4397;40;6.32;7;1;12%;109;13;9;0.02;76,445;12,088;12,213;81,581;12,899.76;10,021;5,216;49;7.74;156;24.66;24;13;3.18;0;0;0;88;13.91;12;0;0;0;0;0;0;77;12.17;13;2;6;1;3;9,104;1,439.56;1,177;722;13;0;23;8;12;3;1;0.15;1;5;1;51;8.06;7;07:44;01:13;01:26;0;0;0;0;9,104;1.79;1,177;2,059;843;15;2.37;3;0;1 hour;14:49;0;0;40%;71%;53%
commander 8899;3234;12;6.25;8;0;13%;6;7;4;0.01;7,812;4,069;2,500;1,262;2,724.29;1,262;915;2;4.31;3;6.47;3;2;1.5;5;11;5;31;16.14;18;5;11;5;0;0;0;1;2.15;1;0;0;0;1;237;511.44;237;225;2;0;1;1;0;4;0;0;0;3;1;21;10.93;12;00:05;00:11;00:05;2;4;2;0;3,822;2.59;1,821;787;172;2;1.04;1;0;5 minutes;04:04;0;0;21%;21%;64%
CookiesMilkYum;4298;2;2.94;2;0;21%;8;8;6;0.01;6,920;10,205;6,920;4,359;6,428;4,359;2,820;3;4.42;14;20.64;14;10;4.66;0;0;0;5;7.37;5;0;0;0;0;0;0;7;10.32;7;0;1;0;1;515;759.67;515;220;10;0;1;1;0;1;0;0;0;0;0;3;4.42;3;00:22;00:33;00:22;0;0;0;0;515;1.03;515;129;38;1;1.47;1;0;8 minutes;0;0;0;29%;0;100%
Corey Burlinson;4077;0;0;0;0;0;0;0;0;0;57;1,296;57;261;5,942.64;261;247;1;22.73;1;22.73;1;1;1;0;0;0;0;0;0;0;0;0;0;0;0;0;0;0;0;0;0;0;94;2,126.69;94;94;1;0;0;0;0;0;0;0;0;0;0;1;22.73;1;00:09;03:43;00:09;0;0;0;0;94;2.32;94;3;2;0;0;0;0;2.3482649913057685 seconds;0;0;0;66%;0;100%
Coscoro;2016;2;1.9;1;1;11%;5;5;2;0;15,460;14,740;10,605;5,821;5,549.82;4,239;954;13;12.39;16;15.25;12;5;1.23;0;0;0;21;20.02;16;0;0;0;0;0;0;9;8.58;9;0;1;0;1;1,212;1,155.44;729;240;5;0;0;0;0;0;0;0;0;0;0;6;5.72;3;01:22;01:18;00:58;0;0;0;0;1,212;1.51;729;138;42;3;2.86;3;0;13 minutes;0;0;0;30%;18%;63%
Curaja;2147;6;2.07;2;0;6%;11;4;3;0;4,855;1,677;2,624;13,532;4,674.99;4,605;1,707;15;5.18;30;10.36;11;5;2;0;0;0;21;7.25;9;0;0;0;0;0;0;9;3.1;5;3;3;0;0;3,191;1,102.28;1,045;657;5;0;4;2;1;1;0;0;0;0;0;10;3.45;4;02:06;00:43;00:53;0;0;0;0;3,191;1.64;1,045;413;158;3;1.03;2;0;32 minutes;00:40;9;0;38%;39%;0
Cyr;2998;0;0;0;0;18%;4;4;4;0.01;2,715;4,180;2,265;2,657;4,090.58;2,362;2,362;2;3.07;9;13.85;8;8;4.5;0;0;0;6;9.23;4;0;0;0;0;0;0;1;1.53;1;0;1;0;1;376;579.11;231;231;8;0;2;1;1;1;0;0;0;0;0;5;7.69;4;00:34;00:52;00:27;0;0;0;0;376;1.16;231;86;22;0;0;0;0;5 minutes;0;0;0;25%;100%;100%
DamianXCadena;0;0;0;0;0;0;0;0;0;0;1,459;2,282;999;2,833;4,429.81;2,203;1,217;5;7.81;7;10.94;6;3;1.4;0;0;0;3;4.69;2;0;0;0;0;0;0;2;3.12;2;0;1;0;1;217;339.97;169;145;3;0;1;1;0;0;0;0;0;0;0;0;0;0;00:40;01:02;00:27;0;0;0;0;217;0.62;169;67;30;1;1.56;1;0;5 minutes;0;3;0;44%;47%;79%
DanGetzBucketz;3306;2;3.86;2;0;8%;2;2;2;0;1,354;2,619;733;2,242;4,335.42;2,206;1,128;7;13.53;7;13.53;7;6;1;0;0;0;6;11.6;6;0;0;0;0;0;0;5;9.66;5;0;1;0;0;508;982.29;358;184;6;0;2;0;0;2;0;0;0;0;0;2;3.86;2;00:29;00:57;00:19;0;0;0;0;508;1.41;358;71;24;1;1.93;1;0;5 minutes;01:02;0;0;33%;0;5%
DeftOrthruss;3000;46;6.31;10;1;18%;41;9;4;0;49,595;6,803;10,325;45,221;6,203.25;6,383;2,302;118;16.18;187;25.65;31;14;1.58;0;0;0;164;22.49;27;0;0;0;0;1;0;57;7.81;10;4;7;0;3;8,285;1,136.55;1,643;405;14;0;14;6;2;5;0;0;0;3;3;88;12.07;19;10:18;01:24;02:04;0;0;0;0;8,285;1.2;1,643;437;216;14;1.92;4;0;1 hour;13:16;0;0;49%;75%;45%
Dog Thanatos;3775;4;6.25;3;0;8%;7;4;4;0.01;10,796;16,876;7,127;6,810;10,644.52;4,319;2,467;5;7.81;14;21.88;10;4;2.8;0;0;0;6;9.37;3;0;0;0;0;0;0;4;6.25;4;1;1;0;0;424;662.82;232;192;4;0;2;1;1;0;0;0;0;0;0;10;15.63;6;00:56;01:28;00:32;0;0;0;0;424;0.88;232;197;86;0;0;0;0;7 minutes;0;0;0;43%;0;0
DOMINICKYO;2337;5;5.83;5;0;6%;1;1;1;0;2,169;2,530;1,342;3,131;3,651.42;2,755;1,256;5;5.83;21;24.49;21;10;4.2;0;0;0;12;13.99;11;0;0;0;0;0;0;4;4.66;4;0;1;0;1;498;581.24;348;237;10;0;1;1;0;0;0;0;0;0;0;13;15.16;13;00:40;00:47;00:20;0;0;0;0;498;0.89;348;110;16;1;1.16;1;0;9 minutes;0;0;0;14%;33%;92%
Doub1eAgent0reo;4505;1;0.78;1;0;11%;8;4;4;0.01;4,645;3,647;3,373;7,733;6,072.17;4,468;2,827;5;3.92;24;18.84;13;11;4.8;0;0;0;10;7.85;8;0;0;0;0;0;0;7;5.49;5;0;1;0;1;1,048;823.18;615;352;11;0;3;1;1;1;0;0;0;0;0;5;3.92;3;00:25;00:19;00:22;0;0;0;0;1,048;1.77;615;165;69;1;0.78;1;0;9 minutes;0;0;0;41%;45%;83%
DoubledLizard;2764;21;3.06;6;0;10%;6;7;5;0;51,588;7,540;12,943;418;2,184.71;282;282;1;5.23;3;15.69;3;3;3;0;0;0;91;13.3;20;1;5;1;0;2;0;1;5.23;1;0;0;1;0;9,694;1,416.85;1,358;388;3;0;1;0;1;0;3;0.43;1;4;2;2;10.46;2;00:03;00:17;00:03;1;5;1;0;9,694;1.8;1,358;234;55;3;0.43;1;0;1 minute;05:51;0;0;23%;50%;49%
DrivebySamura1;3959;7;8.34;6;0;16%;67;11;8;0.02;9,788;11,675;6,931;6,246;12,598.62;4,434;1,812;6;12.1;20;40.34;14;6;3.33;8;16;8;12;14.31;11;10;20;8;0;0;0;5;10.08;4;0;0;0;0;1,913;3,857.79;1,913;772;6;0;2;1;1;1;0;0;0;3;1;11;22.18;6;01:06;02:14;00:33;6;12;4;0;905;1.47;685;1,960;762;1;2.01;1;0;9 minutes;00:30;0;0;38%;51%;25%
Dub6 Pingouino;3285;12;4.52;5;1;7%;18;11;5;0.01;7,169;2,703;4,202;19,696;7,425.18;9,475;3,918;14;5.27;44;16.58;22;13;3.14;0;0;0;12;4.52;8;0;0;0;0;0;0;19;7.16;9;2;3;0;1;2,353;887.04;1,559;350;13;0;3;2;1;0;0;0;0;4;1;16;6.03;7;01:40;00:37;01:16;0;0;0;0;2,353;1.44;1,559;677;237;5;1.88;2;0;27 minutes;00:05;0;0;35%;36%;29%
ECrow5;2264;23;2.48;4;2;3%;6;1;1;0;66,192;7,140;9,418;30,345;3,273.27;4,059;1,799;96;10.35;110;11.86;22;9;1.14;0;0;0;100;10.78;16;0;0;0;0;2;0;22;2.37;5;7;9;0;3;10,170;1,096.96;1,490;517;9;0;18;8;3;7;0;0;0;3;2;58;6.25;12;14:05;01:31;02:29;0;0;0;0;10,170;1.51;1,490;756;170;3;0.32;2;0;1 hour;01:30;0;0;22%;50%;29%
Elsayer;0;304;5.91;9;14;16%;430;23;11;0.01;234,361;4,561;8,285;325,273;6,330.58;9,135;4,436;445;8.66;1,075;20.92;26;18;2.41;0;0;0;854;16.62;25;0;0;0;0;7;0;439;8.54;14;23;51;3;25;60,923;1,185.7;1,604;986;18;0;160;53;61;46;12;0.23;2;4;13;527;10.25;17;01:20:17;01:33;02:33;0;0;0;0;60,923;1.75;1,604;7,256;2,582;131;2.54;6;1;9 hours;01:55:39;6;0;35%;66%;49%
Emit Pain;4339;2;6.09;2;0;23%;6;8;5;0.02;1,174;3,581;1,174;528;4,248.49;528;440;2;16.1;2;16.1;2;1;1;0;0;0;7;21.34;7;2;16;2;0;0;0;1;8.05;1;0;0;0;0;150;457.4;150;150;1;0;1;1;0;1;0;0;0;0;0;6;18.29;6;00:14;00:43;00:14;0;0;0;0;150;0.46;150;168;66;1;3.04;1;0;1 minute;00:58;0;0;39%;36%;100%
escapeviapoetry;2935;15;8.15;9;0;18%;33;11;5;0.02;11,841;6,436;3,410;21,125;11,482.12;5,463;2,125;19;10.32;47;25.54;16;9;2.47;0;0;0;34;18.48;10;0;0;0;0;0;0;18;9.78;6;1;2;0;1;1,596;867.53;626;338;9;0;5;2;1;2;1;0.54;1;3;1;18;9.78;7;02:12;01:11;00:36;0;0;0;0;1,596;1.07;626;397;180;2;1.08;2;0;24 minutes;03:38;0;0;45%;47%;28%
FANCYHOODLUM;3555;10;3.4;4;0;9%;26;7;4;0.01;28,313;9,643;8,484;2,890;4,503.53;2,211;923;6;9.35;10;15.58;8;3;1.66;6;9;6;22;7.49;7;12;19;10;0;0;0;1;1.55;1;1;1;0;1;376;585.67;376;181;3;0;2;1;1;0;0;0;0;0;0;4;6.23;4;00:31;00:49;00:29;5;8;4;0;1,995;0.92;634;1,817;343;0;0;0;0;6 minutes;0;0;0;18%;31%;30%
Fat Hamm;2576;2;4.01;2;0;23%;6;6;3;0;4,039;8,106;4,039;3,989;8,005.21;3,989;777;9;18.06;14;28.09;14;3;1.55;0;0;0;9;18.06;9;0;0;0;0;0;0;7;14.04;7;0;0;0;0;571;1,146.01;571;211;3;0;1;0;1;0;0;0;0;0;0;7;14.04;7;01:02;02:05;01:02;0;0;0;0;571;0.89;571;84;26;1;2;1;0;10 minutes;0;0;0;30%;0;0
FBorrego;0;4;5.84;4;0;9%;1;1;1;0;5,153;7,526;5,153;3,194;4,664.72;3,096;1,004;4;5.84;18;26.28;18;7;4.5;0;0;0;11;16.06;10;0;0;0;0;0;0;3;4.38;3;0;1;0;1;1,193;1,742.63;1,092;358;7;0;2;0;1;1;0;0;0;0;0;14;20.44;14;01:10;01:42;01:10;0;0;0;0;1,193;2.22;1,092;36;11;0;0;0;0;8 minutes;0;0;0;30%;0;94%
Fonzie Monster0;0;3;6.12;3;0;25%;6;6;4;0.01;4,892;9,985;4,892;2,673;5,456.06;2,673;1,886;3;6.12;12;24.49;12;9;4;0;0;0;5;10.2;5;0;0;0;0;0;0;4;8.16;4;0;0;0;0;1,140;2,325.93;1,140;720;9;0;0;0;0;0;0;0;0;0;0;5;10.2;5;00:31;01:04;00:31;0;0;0;0;1,140;2.32;1,140;76;24;1;2.04;1;0;21.39698800817132 seconds;0;0;0;31%;31%;0
fusion360elite;2922;0;0;0;0;20%;2;2;2;0;2,335;5,635;1,468;2,149;5,185.66;2,010;1,051;4;9.65;5;12.06;5;4;1.25;0;0;0;5;12.06;5;0;0;0;0;0;0;1;2.41;1;0;0;0;0;412;994.67;412;300;4;0;1;0;1;0;0;0;0;0;0;0;0;0;00:12;00:28;00:12;0;0;0;0;412;1.8;412;19;10;0;0;0;0;3 minutes;0;0;0;52%;0;0
Garbudah;2349;2;7.72;2;0;28%;6;6;2;0.03;833;3,217;833;2,316;8,946.23;2,316;1,425;3;11.58;4;15.44;4;2;1.33;0;0;0;2;7.72;2;0;0;0;0;0;0;4;15.44;4;0;0;0;0;116;447.91;116;116;2;0;1;1;0;0;0;0;0;0;0;0;0;0;00:16;01:02;00:16;0;0;0;0;116;0.66;116;39;21;0;0;0;0;2 minutes;0;0;0;53%;53%;0
glich30;2623;51;6.37;13;2;22%;9;18;5;0.01;59,255;7,413;12,451;782;3,758.39;782;434;4;19.23;1;4.8;1;1;0.25;1;5;1;191;23.89;42;1;5;1;0;2;0;1;4.8;1;0;0;1;0;238;1,144.35;238;238;1;0;1;0;0;0;1;0.12;1;0;0;99;12.38;26;17:10;02:08;04:30;0;0;0;0;9,208;1.36;1,279;314;90;1;4.8;1;0;2 minutes;19:45;2;0;28%;75%;100%
godstomper231;3449;93;7.23;10;1;17%;90;15;6;0.01;126,001;9,800;8,035;10,138;4,856.37;4,460;2,320;20;9.58;12;5.74;5;3;0.6;18;9;8;222;17.26;17;18;9;8;0;4;0;3;1.43;1;2;2;1;0;491;235.32;150;137;3;0;2;0;1;1;12;0.93;3;6;6;6;2.87;4;00:35;00:17;00:18;0;0;0;0;16,232;1.61;1,252;3,318;1,156;23;1.78;5;0;15 minutes;17:18;0;0;34%;34%;13%
Hai Im Tracer;0;2;8.15;2;0;33%;15;3;2;0.01;1,407;5,735;1,407;1,777;7,500.75;1,777;946;3;12.66;8;33.76;8;4;2.66;4;17;4;5;20.38;5;4;17;4;0;0;0;4;16.88;4;0;0;0;0;445;1,877.24;445;445;4;0;1;0;1;0;0;0;0;0;0;4;16.88;4;00:19;01:23;00:19;0;0;0;0;233;1.27;233;889;287;2;8.44;2;0;2 minutes;00:48;0;0;32%;32%;0
Hello Im Genji;3887;16;5.81;7;2;28%;36;11;6;0.02;8,706;3,162;3,078;20,951;7,609.95;7,058;2,601;15;5.44;50;18.16;15;8;3.33;0;0;0;59;21.43;26;0;0;0;0;0;0;22;7.99;7;0;3;0;3;1,534;557.26;625;255;8;0;10;3;4;4;0;0;0;3;1;25;9.08;10;03:38;01:19;01:59;0;0;0;0;1,534;1.09;625;288;128;5;1.81;2;0;23 minutes;06:06;0;0;44%;0;100%
HerBakedPizza;3000;3;27.9;3;0;10%;1;1;1;0.01;808;7,519;808;1,397;12,992.08;1,397;1,397;0;0;5;46.51;5;5;0;0;0;0;4;37.2;4;0;0;0;0;0;0;2;18.6;2;0;0;0;0;142;1,322.34;142;142;5;0;0;0;0;0;0;0;0;0;0;2;18.6;2;00:09;01:23;00:09;0;0;0;0;142;1.92;142;24;10;0;0;0;0;1 minute;00:05;0;0;41%;0;100%
I Only Torbjorn;3660;0;0;0;0;0;0;0;0;0;780;4,677;780;146;876.85;146;146;1;5.99;0;0;0;0;0;0;0;0;1;5.99;1;0;0;0;0;0;0;0;0;0;0;0;0;0;150;899.33;150;150;0;0;1;0;0;0;0;0;0;0;0;0;0;0;0;0;0;0;0;0;0;150;2.93;150;0;0;0;0;0;0;51.100634979084134 seconds;0;0;0;0;0;100%
iArctos;4294;2;2.97;1;0;9%;6;3;2;0;9,128;13,595;4,866;7,021;10,457.29;3,030;1,796;10;14.89;22;32.76;11;7;2.2;0;0;0;10;14.89;5;0;0;0;0;0;0;9;13.4;4;0;1;0;0;914;1,361.52;464;216;7;0;3;1;1;1;0;0;0;0;0;9;13.4;5;01:14;01:50;00:35;0;0;0;0;914;1.42;464;152;62;0;0;0;0;10 minutes;00:35;0;0;40%;0;62%
IGenjiMain;3814;38;6.86;7;1;14%;14;16;11;0.02;53,484;9,656;7,543;1,482;2,485.67;1,482;583;4;6.7;3;5.03;3;2;0.75;1;2;1;97;17.51;17;4;7;4;0;0;0;2;3.35;2;1;1;1;2;198;332;198;198;2;0;2;1;3;1;0;0;0;4;5;48;8.66;8;04:51;00:52;01:22;1;2;1;0;7,058;1.71;1,436;824;208;15;2.7;2;0;4 minutes;10:36;0;0;25%;25%;34%
II BigGash II;2763;5;1.45;2;0;12%;15;4;3;0;21,163;6,149;6,253;14,848;4,313.91;4,349;2,335;22;6.39;44;12.78;10;9;2;0;0;0;30;8.71;7;0;0;0;0;0;0;10;2.9;3;1;3;0;3;3,017;876.67;863;406;9;0;9;4;2;2;0;0;0;0;0;17;4.93;8;03:33;01:01;01:13;0;0;0;0;3,017;1.52;863;375;119;1;0.29;1;0;32 minutes;00:49;3;0;31%;40%;77%
II Scar3CroW;2790;3;1.67;2;1;16%;9;8;3;0.01;7,140;3,983;3,053;1,376;1,938.97;1,289;772;8;11.27;1;1.4;1;1;0.12;0;0;0;21;11.71;14;2;3;2;0;1;0;10;5.57;8;1;1;0;1;1,234;688.13;535;164;1;0;1;0;0;0;0;0;0;0;0;12;6.69;10;00:05;00:07;00:05;0;0;0;0;1,234;1.2;535;544;182;3;1.67;2;0;5 minutes;00:29;0;0;33%;16%;55%
II SirMaru II;2461;6;3.82;3;1;32%;32;21;4;0.02;7,943;5,066;4,718;235;4,267.17;235;235;1;18.15;1;18.15;1;1;1;0;0;0;39;24.87;21;1;18;1;0;2;0;1;18.15;1;0;0;0;1;2,946;1,879.13;1,550;540;1;0;0;0;0;0;0;0;0;0;0;1;18.15;1;00:08;02:37;00:08;0;0;0;0;2,946;2.27;1,550;73;43;3;1.91;3;0;48.146008010953665 seconds;00:02;0;0;58%;40%;36%
II Table;3498;2;3.76;1;0;6%;3;2;2;0;4,636;8,729;2,584;4,628;8,713.6;3,199;1,974;7;13.17;4;7.53;2;2;0.57;0;0;0;9;16.94;6;0;0;0;0;0;0;3;5.64;2;1;1;0;0;857;1,613.32;534;416;2;0;2;1;1;0;0;0;0;0;0;2;3.76;2;00:20;00:39;00:14;0;0;0;0;857;2.07;534;114;48;2;3.76;1;0;6 minutes;0;0;0;42%;49%;0
Im Forgiving;4070;2;7.54;2;0;21%;3;3;3;0.01;847;3,194;847;1,572;5,926.27;1,572;1,041;2;7.54;6;22.62;6;6;3;0;0;0;3;11.31;3;0;0;0;0;0;0;2;7.54;2;0;0;0;0;513;1,933.93;513;346;6;0;1;1;1;0;0;0;0;0;0;4;15.08;4;00:19;01:14;00:19;0;0;0;0;513;2.22;513;37;14;0;0;0;0;3 minutes;01:03;0;0;37%;37%;0
Im Voxie;4020;1;1.05;1;0;5%;4;2;1;0;10,912;11,499;4,736;6,323;6,663.53;2,473;1,727;12;12.64;17;17.91;8;7;1.41;0;0;0;5;5.26;2;0;0;0;0;0;0;8;8.43;3;0;0;0;0;1,167;1,229.82;529;284;7;0;0;0;0;0;0;0;0;0;0;5;5.26;3;01:51;01:57;00:43;0;0;0;0;1,167;1.51;529;198;70;0;0;0;0;2.9591950103640556 seconds;02:12;0;0;35%;73%;0
iMrT8;2158;7;11.45;7;0;18%;9;9;3;0.02;7,435;12,169;7,435;5,650;9,246.76;5,650;1,534;8;13.09;14;22.91;14;5;1.75;0;0;0;12;19.64;12;0;0;0;0;0;0;5;8.18;5;1;1;0;0;204;333.63;204;114;5;0;2;1;0;1;0;0;0;3;1;9;14.73;9;00:33;00:55;00:33;0;0;0;0;204;0.48;204;72;50;0;0;0;0;7 minutes;00:10;0;0;69%;0;0
Ind3mnity;2389;3;2.24;2;0;22%;6;5;2;0;7,562;5,648;3,755;4,738;3,539.05;2,474;758;20;14.93;25;18.67;12;7;1.25;0;0;0;14;10.45;11;0;0;0;0;0;0;10;7.46;6;0;1;0;1;1,566;1,169.52;968;398;7;0;2;1;1;0;0;0;0;0;0;17;12.69;9;02:29;01:51;01:29;0;0;0;0;1,566;1.54;968;84;27;1;0.74;1;0;16 minutes;0;0;0;32%;57%;91%
iSttoooLen;3977;46;4.72;6;2;9%;73;10;5;0.01;69,186;7,113;12,205;74,878;7,697.73;6,282;3,022;55;5.65;174;17.88;18;12;3.16;0;0;0;120;12.33;16;0;0;0;0;1;0;68;6.99;9;2;10;0;8;10,497;1,079.15;1,131;693;12;0;28;15;4;10;2;0.2;1;4;3;66;6.78;8;12:22;01:16;01:28;0;0;0;0;10,497;1.58;1,131;1,917;758;17;1.74;6;0;1 hour;12:25;3;0;39%;63%;80%
ItsCONRAD;3497;367;7.09;12;9;14%;463;14;8;0.01;469,392;9,074;12,016;427,856;8,270.71;11,575;5,557;456;8.81;1,329;25.69;39;19;2.91;0;0;0;881;17.03;30;0;0;0;0;3;0;371;7.17;13;22;52;3;26;55,082;1,064.77;1,554;683;19;0;131;55;28;48;0;0;0;5;20;600;11.59;24;01:05:08;01:15;03:43;0;0;0;0;55,082;1.29;1,554;8,979;3,296;67;1.29;4;0;11 hours;01:19:19;0;0;36%;66%;51%
iuya;3991;15;8.41;4;0;10%;17;6;3;0.01;24,696;13,852;8,413;2,174;10,358.68;1,086;1,086;6;28.58;2;9.52;1;1;0.33;0;0;0;34;19.06;8;0;0;0;0;0;0;2;9.52;1;0;0;0;0;384;1,827.12;384;195;1;0;1;0;0;0;0;0;0;3;2;2;9.52;1;00:39;03:08;00:18;0;0;0;0;2,219;1.28;561;512;290;2;1.12;1;0;3 minutes;00:13;0;0;56%;48%;47%
IX HALFBREED XI;2667;0;0;0;0;25%;27;1;1;0;466;2,317;466;6,188;13,581.45;6,188;2,699;5;10.97;17;37.31;17;3;3.4;11;24;11;3;14.92;3;14;31;14;0;0;0;7;15.36;7;0;0;0;0;1,663;3,649.49;1,663;456;3;0;1;1;0;1;0;0;0;0;0;7;15.36;7;00:21;00:46;00:21;3;7;3;0;150;1.12;150;1,744;653;1;4.97;1;0;8 minutes;0;0;0;37%;37%;100%
J Smoooove;2634;20;3.87;5;2;19%;30;11;2;0;32,056;6,205;7,542;25,258;4,889.1;7,346;2,133;59;11.42;117;22.64;29;11;1.98;0;0;0;103;19.93;34;0;0;0;0;1;0;34;6.58;13;1;5;1;2;5,981;1,157.65;1,199;443;11;0;13;3;5;4;0;0;0;3;1;63;12.19;19;08:13;01:35;03:10;0;0;0;0;5,981;1.36;1,199;276;152;11;2.12;6;0;1 hour;05:14;0;0;55%;75%;48%
jacacus4;2717;14;3.03;5;1;14%;22;7;3;0;14,746;3,196;4,932;18,697;4,052.35;4,141;3,492;22;4.76;78;16.9;27;11;3.54;0;0;0;48;10.4;12;0;0;0;0;0;0;20;4.33;7;0;5;0;4;3,763;815.7;882;541;11;0;12;7;0;5;0;0;0;3;1;39;8.45;22;03:51;00:50;01:47;0;0;0;0;3,763;1.53;882;390;150;4;0.86;2;0;40 minutes;02:55;0;0;38%;48%;85%
Jay Carries;4393;0;0;0;0;6%;1;1;1;0.01;1,320;15,993;1,320;1,250;15,145.96;1,250;1,250;0;0;3;36.34;3;3;0;0;0;0;1;12.11;1;0;0;0;0;0;0;1;12.11;1;0;0;0;0;134;1,617.96;134;134;3;0;0;0;0;0;0;0;0;0;0;3;36.34;3;00:47;09:40;00:47;0;0;0;0;134;1.77;134;29;15;0;0;0;0;1 minute;00:02;3;0;51%;51%;100%
JDn808;3192;1;1.25;1;0;14%;11;10;4;0.01;5,542;6,965;5,258;7,562;9,502.78;6,940;2,813;4;5.02;20;25.13;16;9;5;0;0;0;11;13.82;11;0;0;0;0;0;0;7;8.79;5;0;1;0;1;171;214.99;171;96;9;0;2;1;0;1;0;0;0;0;0;2;2.51;1;00:16;00:21;00:13;0;0;0;0;171;0.3;171;199;77;4;5.02;2;0;9 minutes;00:20;0;0;38%;0;100%
Josh Balzack;3495;50;5.97;6;0;11%;117;19;7;0.01;64,039;7,652;15,207;92,346;11,034.88;9,729;6,388;73;8.72;219;26.16;25;16;3;0;0;0;105;12.54;21;0;0;0;0;1;0;81;9.67;11;2;8;1;6;8,047;961.58;1,207;481;16;0;24;9;7;8;0;0;0;3;2;82;9.79;16;08:32;01:01;01:30;0;0;0;0;8,047;1.21;1,207;2,248;981;8;0.95;3;0;1 hour;13:31;0;0;43%;61%;68%
KageEinjeruE102;4059;0;0;0;0;0;10;0;0;0;1,517;39,865;1,517;1,422;4,267.8;1,422;1,044;3;9;2;6;2;1;0.66;5;15;5;0;0;0;5;15;5;0;0;0;1;3;1;0;0;0;0;331;992.59;331;191;1;0;1;1;0;0;0;0;0;0;0;0;0;0;00:01;00:05;00:01;1;3;1;0;0;0;0;474;181;0;0;0;0;2 minutes;0;0;0;38%;38%;0
KaIlkz;3526;0;0;0;0;10%;3;3;1;0;1,610;3,977;1,440;3,769;9,313;3,557;1,314;7;17.29;8;19.76;8;3;1.14;0;0;0;9;22.23;9;0;0;0;0;0;0;3;7.41;3;0;0;0;0;339;837.3;189;150;3;0;0;0;0;1;0;0;0;0;0;2;4.94;2;01:15;03:05;01:03;0;0;0;0;339;0.92;189;76;29;1;2.47;1;0;12.182844001799822 seconds;01:47;0;0;38%;0;0
KEIHEI;3624;1;2.62;1;0;0;51;0;0;0;1,472;3,869;1,472;8,222;7,984.32;5,656;5,372;7;6.79;24;23.3;13;10;3.42;12;12;7;2;5.25;2;20;19;12;0;0;0;3;2.91;3;0;1;0;1;542;526.19;337;225;10;0;2;1;1;0;0;0;0;4;1;13;12.62;8;01:00;00:58;00:49;8;8;6;0;177;1.17;177;2,896;791;1;0.97;1;0;10 minutes;01:06;0;0;27%;64%;100%
Kimmy Gibbz69;4384;2;3.82;2;0;12%;10;10;4;0.01;2,446;4,673;2,446;7,868;15,034.43;7,868;3,249;2;3.82;18;34.39;18;11;9;0;0;0;7;13.37;7;0;0;0;0;0;0;8;15.28;8;0;1;1;0;218;415.96;218;171;11;0;2;1;0;1;1;1.91;1;3;1;5;9.55;5;00:17;00:32;00:17;0;0;0;0;218;0.41;218;176;81;0;0;0;0;8 minutes;00:19;0;0;46%;46%;0
KING IZ SIIC;3430;4;2.9;3;0;1%;1;1;1;0;7,198;5,230;3,878;5,910;4,294.39;3,286;2,011;1;8.65;16;11.62;10;6;2.28;0;0;0;8;5.81;6;0;0;0;0;0;0;5;3.63;3;0;0;0;0;662;481.3;475;153;6;0;0;0;0;0;0;0;0;0;0;3;2.17;3;00:10;01:31;00:10;0;0;0;0;662;1.04;475;32;66;2;1.45;2;0;32.20441897492856 seconds;00:07;0;0;33%;0;100%
KoolKiran;4414;11;6.03;5;22;10%;2,227;12;3;0.01;23,603;12,940;8,146;309,042;11,772.69;17,733;7,776;235;8.95;769;29.29;52;26;3.27;626;24;42;30;16.44;15;704;27;46;0;4;0;336;12.79;29;11;26;1;15;39,097;1,489.35;5,464;1,166;26;0;68;28;17;23;0;0;0;3;2;273;10.39;29;24:54;00:56;02:06;235;9;17;0;1,738;1.05;561;91,808;33,774;75;2.85;10;0;6 hours;01:00:31;7;0;36%;43%;56%
Lady Ankh;2735;0;0;0;0;0;0;0;0;0;667;6,545;667;173;1,696.67;173;115;2;19.62;1;9.81;1;1;0.5;0;0;0;0;0;0;0;0;0;0;0;0;0;0;0;0;0;0;0;221;2,166.17;221;221;1;0;0;0;0;0;0;0;0;0;0;0;0;0;00:13;02:10;00:13;0;0;0;0;221;2.03;221;17;1;0;0;0;0;1 minute;0;0;0;5%;0;100%
LanceHasPants;3461;1;1.38;1;0;15%;33;4;4;0.01;5,479;7,601;4,023;3,666;8,657.65;3,666;1,856;4;9.44;12;28.33;12;6;3;8;19;8;9;12.48;7;9;21;9;0;0;0;6;14.16;6;0;0;0;1;1,259;2,972.29;1,259;841;6;0;2;1;1;0;1;1.38;1;3;1;10;23.61;10;01:04;02:33;01:04;0;0;0;0;694;1.62;445;1,048;500;1;1.38;1;0;5 minutes;00:31;0;0;47%;47%;75%
Leveyez;3389;0;0;0;0;33%;3;3;3;0.03;2,687;31,823;2,687;1,334;15,799.19;1,334;1,325;1;11.84;2;23.68;2;2;2;0;0;0;2;23.68;2;0;0;0;0;0;0;1;11.84;1;0;0;0;0;142;1,675.99;142;142;2;0;0;0;0;0;0;0;0;0;0;2;23.68;2;00:20;04:01;00:20;0;0;0;0;142;1.8;142;23;9;0;0;0;0;1 minute;0;0;0;39%;39%;0
limited death;0;3;3.31;3;0;3%;1;1;1;0;6,901;7,634;3,272;4,200;4,645.94;2,490;837;13;14.38;11;12.16;8;2;0.84;0;0;0;8;8.84;4;0;0;0;0;1;0;2;2.21;1;1;1;0;0;1,186;1,311.88;508;236;2;0;2;1;0;1;0;0;0;0;0;6;6.63;3;01:02;01:09;00:33;0;0;0;0;1,186;1.85;508;53;29;0;0;0;0;10 minutes;0;0;0;54%;62%;0
limmme;3478;0;0;0;0;7%;1;1;1;0;2,384;7,910;2,384;1,501;4,978.57;1,501;1,084;5;16.58;1;3.31;1;1;0.2;0;0;0;3;9.95;3;0;0;0;0;0;0;0;0;0;0;0;0;0;230;763.09;230;150;1;0;1;0;0;0;0;0;0;0;0;0;0;0;00:08;00:29;00:08;0;0;0;0;230;1.27;230;25;13;0;0;0;0;3 minutes;0;0;0;52%;0;0
Little Bran;3936;9;5.28;6;0;20%;2;13;10;0.02;19,471;11,440;8,725;288;4,225.41;288;288;1;14.67;32;18.8;12;10;2.9;0;0;0;17;9.98;7;0;0;0;0;0;0;13;7.63;8;1;0;0;0;1,140;670.06;510;373;10;0;0;0;0;0;1;0.58;1;0;0;15;8.81;7;02:10;01:16;01:20;0;0;0;0;1,140;1.06;510;136;34;1;0.58;1;0;39.557632986456156 seconds;02:08;0;0;25%;42%;100%
lorcy m;3639;5;14.49;5;0;17%;8;7;7;0.02;3,677;10,661;2,808;8;321.68;8;8;1;40.21;13;37.69;9;9;6.5;0;0;0;5;14.49;3;0;0;0;0;0;0;2;5.79;2;0;0;0;0;526;1,524.44;526;300;9;0;0;0;0;0;0;0;0;0;0;5;14.49;3;00:02;01:26;00:02;0;0;0;0;526;1.53;526;45;1;2;5.79;2;0;24.435408988967538 seconds;0;0;0;2%;0;100%
LORDxSUWU;2857;16;3.89;10;1;25%;44;10;5;0.01;21,470;5,229;5,162;7,117;5,233.22;5,648;2,367;7;5.14;26;19.11;19;9;3.71;14;10;14;70;17.04;19;23;17;20;0;1;0;14;10.29;12;0;1;0;1;1,859;1,367.01;1,665;1,075;9;0;4;0;1;3;0;0;0;3;1;13;9.55;10;01:09;00:51;00:51;5;4;4;0;5,861;1.51;1,901;2,412;892;1;0.73;1;0;11 minutes;03:38;0;0;36%;35%;68%
Lumanous;3885;0;0;0;0;0;0;0;0;0;1,311;3,574;1,311;1,463;3,989.68;1,463;1,208;3;8.18;0;0;0;0;0;0;0;0;4;10.9;4;0;0;0;0;0;0;0;0;0;0;0;0;0;300;818.13;300;150;0;0;1;1;0;0;0;0;0;0;0;0;0;0;00:16;00:44;00:16;0;0;0;0;300;2.13;300;33;18;0;0;0;0;2 minutes;0;1;0;54%;0;0
Lycanz;4036;168;5.84;11;1;14%;261;13;10;0.01;227,572;7,918;13,372;207,820;7,231.19;7,192;5,159;266;9.25;688;23.93;24;17;2.58;0;0;0;404;14.05;20;0;0;0;0;2;0;282;9.81;11;7;29;2;20;26,495;921.9;989;621;17;0;90;31;32;27;13;0.45;2;4;6;258;8.97;14;36:54;01:17;01:53;0;0;0;0;26,495;1.31;989;4,744;1,824;40;1.39;3;0;5 hours;50:06;1;0;38%;88%;68%
MajorCris;3262;16;4.45;7;1;11%;31;9;4;0.01;14,198;3,949;5,307;27,446;7,634.84;9,839;3,700;17;4.72;72;20.02;27;17;4.23;0;0;0;42;11.68;13;0;0;0;0;1;0;29;8.06;7;1;4;0;2;2,114;588.1;905;380;17;0;12;4;4;4;3;0.83;1;4;1;16;4.45;9;01:12;00:20;00:40;0;0;0;0;2,114;1.12;905;604;272;8;2.22;2;0;31 minutes;03:59;1;0;45%;51%;60%
Mano Brawl BR;4015;2;2.49;2;0;15%;8;7;4;0.01;2,239;2,792;1,010;6,331;7,895.16;3,863;2,301;5;6.23;17;21.19;13;7;3.4;0;0;0;14;17.45;8;0;0;0;0;0;0;5;6.23;4;0;1;0;1;587;732.61;369;249;7;0;4;1;2;0;0;0;0;0;0;9;11.22;8;00:52;01:05;00:35;0;0;0;0;587;1.2;369;95;52;1;1.24;1;0;8 minutes;02:43;1;0;54%;100%;99%
MattPisto;4039;47;5.62;8;1;13%;108;20;9;0.01;42,369;5,073;7,146;80,144;9,595.87;13,570;6,255;45;5.38;227;27.17;51;18;5.04;0;0;0;104;12.45;18;0;0;0;0;1;0;102;12.21;22;2;8;0;6;5,099;610.48;1,219;684;18;0;24;8;10;6;1;0.11;1;3;1;84;10.05;18;09:57;01:11;02:23;0;0;0;0;5,099;0.93;1,219;2,029;806;16;1.91;6;0;1 hour;19:06;0;0;39%;49%;76%
Maxxon Charge;3705;88;5.97;7;2;11%;147;13;7;0.01;92,578;6,282;6,350;127,131;8,626.15;9,586;4,949;110;7.46;341;23.13;25;15;3.1;0;0;0;151;10.24;15;0;0;0;0;1;0;148;10.04;14;5;15;1;9;10,234;694.43;673;414;15;0;32;11;12;9;7;0.47;1;4;4;117;7.93;10;12:58;00:52;01:38;0;0;0;0;10,234;0.99;673;3,704;1,328;31;2.1;3;0;2 hours;14:56;0;0;35%;60%;58%
Medvescek;3421;40;9.49;12;2;11%;60;15;5;0.01;8,408;1,996;1,781;52,181;12,385.32;12,203;4,969;38;9.01;155;36.78;31;13;4.07;0;0;0;77;18.27;21;0;0;0;0;0;0;61;14.47;16;1;4;0;3;4,945;1,173.63;1,085;461;13;0;16;8;4;4;1;0.23;1;4;2;62;14.71;15;06:40;01:34;01:33;0;0;0;0;4,945;1.41;1,085;1,170;518;15;3.56;6;0;58 minutes;12:29;0;0;44%;52%;80%
MisterToli X;3151;2;3.1;1;0;13%;7;5;2;0.01;7,126;11,053;4,031;6,450;10,004.26;3,580;1,657;10;15.51;14;21.71;10;3;1.4;0;0;0;13;20.16;6;0;0;0;0;0;0;4;6.2;2;1;1;0;0;784;1,216.51;573;150;3;0;1;1;0;0;0;0;0;0;0;6;9.3;4;00:56;01:27;00:28;0;0;0;0;784;1.37;573;112;52;0;0;0;0;9 minutes;0;0;0;46%;56%;0
miya456;2442;1;1.89;1;0;0;0;0;0;0;2,036;3,864;2,036;1,455;2,761.85;1,455;556;6;11.38;6;11.38;6;3;1;0;0;0;3;5.69;3;0;0;0;0;0;0;2;3.79;2;1;1;0;0;326;618.89;326;167;3;0;1;1;1;0;0;0;0;0;0;3;5.69;3;00:24;00:46;00:24;0;0;0;0;326;1.16;326;39;10;0;0;0;0;4 minutes;0;0;0;25%;0;0
MSwn;2339;1;0.56;1;0;14%;7;5;3;0;7,953;4,462;5,369;7,652;4,293.01;4,822;1,600;19;10.65;38;21.31;22;7;2;0;0;0;20;11.22;11;1;65;1;0;0;0;6;3.36;4;0;0;0;1;2,695;1,511.7;1,473;433;7;0;0;1;0;3;0;0;0;0;0;20;11.22;13;00:04;04:54;00:04;1;65;1;0;2,695;2.06;1,473;77;12;0;0;0;0;14.648992989212275 seconds;00:27;0;0;15%;39%;43%
My BRs Dyslexic;3567;21;6.56;9;1;11%;32;14;4;0.01;26,703;8,349;10,706;29,133;9,109.23;10,711;2,968;27;8.44;82;25.63;39;13;3.03;0;0;0;64;20.01;38;0;0;0;0;0;0;24;7.5;7;2;3;0;1;4,380;1,369.59;1,281;446;13;0;7;3;2;2;0;0;0;5;2;42;13.13;21;05:54;01:50;02:56;0;0;0;0;4,380;1.66;1,281;610;268;2;0.62;2;0;43 minutes;09:11;0;0;43%;71%;40%
Nasty0303;2662;32;9.54;10;2;5%;21;7;4;0;31,783;9,480;7,898;37,816;11,279;9,384;4,016;39;11.63;82;24.45;18;8;2.1;0;0;0;51;15.21;11;0;0;0;0;0;0;26;7.75;8;2;3;0;1;4,093;1,220.65;836;309;8;0;10;4;3;3;1;0.29;1;3;1;47;14.01;11;13:07;03:54;03:08;0;0;0;0;4,093;1.4;836;860;371;3;0.89;1;0;48 minutes;03:21;3;0;43%;49%;40%
NomadHokie;2553;9;3.65;5;0;6%;8;3;2;0;13,043;5,297;5,259;13,738;5,579.76;4,778;1,734;25;10.15;25;10.15;11;5;1;0;0;0;24;9.74;14;0;0;0;0;0;0;3;1.21;2;0;0;0;1;2,718;1,103.99;1,061;576;5;0;0;1;0;1;0;0;0;0;0;16;6.49;9;02:40;01:05;01:23;0;0;0;0;2,718;1.74;1,061;280;120;0;0;0;0;5.01451500877738 seconds;01:37;0;0;42%;64%;22%
NoT x GER Beans;3390;3;1.96;2;0;11%;8;5;3;0;7,780;5,086;2,359;8,344;5,454.21;3,653;2,970;12;7.84;21;13.72;9;5;1.75;0;0;0;16;10.45;6;0;0;0;0;0;0;6;3.92;4;1;2;0;1;1,487;972.03;501;501;5;0;4;2;1;2;0;0;0;0;0;8;5.22;5;00:44;00:29;00:24;0;0;0;0;1,487;1.47;501;154;70;3;1.96;2;0;16 minutes;0;0;0;45%;100%;54%
o Kapow;3124;17;5.45;7;1;10%;28;6;5;0.01;30,228;9,698;7,007;1,478;3,879.07;930;399;9;23.62;1;2.62;1;1;0.11;3;8;3;49;15.72;12;4;10;3;0;1;0;19;6.09;7;0;0;0;0;508;1,333.75;404;179;1;0;1;0;1;0;0;0;0;3;1;24;7.69;13;00:18;00:48;00:16;0;0;0;0;3,082;1.23;832;522;162;4;1.28;1;0;5 minutes;03:25;0;0;31%;46%;49%
Ohdyn;0;2;2.54;2;0;35%;7;5;5;0.02;1,284;1,634;673;2,403;3,058.27;1,821;1,723;1;1.27;13;16.54;10;10;13;0;0;0;5;6.36;3;0;0;0;0;0;0;8;10.18;6;0;1;0;1;833;1,060.92;833;743;10;0;3;1;0;2;0;0;0;0;0;0;0;0;0;0;0;0;0;0;0;833;2.47;833;75;20;6;7.63;5;0;5 minutes;00:06;0;0;26%;50%;100%
OneBadBandito;2762;12;3.03;7;0;9%;21;10;6;0.01;15,387;3,898;6,685;22,707;5,752.37;7,320;4,575;20;5.06;35;8.86;15;8;1.75;0;0;0;42;10.63;14;0;0;0;0;0;0;19;4.81;8;3;4;0;1;3,841;973.08;953;640;8;0;7;3;1;2;0;0;0;0;0;3;0.75;2;00:36;00:09;00:10;0;0;0;0;3,841;2.07;953;476;230;10;2.53;4;0;30 minutes;00:20;0;0;48%;50%;29%
OUT M3 RK ED;3749;56;5.98;6;1;12%;64;14;10;0.01;82,045;8,767;8,816;8,803;15,134.07;8,707;3,583;7;12.03;27;46.41;27;13;3.85;16;28;16;113;12.07;10;18;31;18;0;0;0;8;13.75;8;1;1;1;4;1,923;3,305.26;1,923;573;13;0;3;1;1;1;0;0;0;3;2;13;22.34;13;01:35;02:43;01:32;8;14;8;0;9,824;1.16;1,044;2,981;1,021;2;3.43;2;0;10 minutes;00:20;0;0;34%;34%;38%
Overwatch DVa;3088;4;6.13;2;0;18%;6;2;2;0;6,811;10,446;2,958;5,471;8,390.95;1,540;1,540;11;16.86;14;21.47;5;5;1.27;0;0;0;19;29.13;6;0;0;0;0;0;0;5;7.66;2;1;1;0;0;1,091;1,673.67;367;362;5;0;2;1;1;1;0;0;0;0;0;6;9.2;4;00:46;01:11;00:26;0;0;0;0;1,091;1.66;367;123;33;1;1.53;1;0;10 minutes;0;2;0;26%;33%;0
PandaCreol;3661;6;4.57;5;0;5%;5;7;3;0;3,713;2,833;2,494;2,682;2,682.47;2,682;702;5;4.99;12;11.99;12;4;2.4;4;4;4;11;8.39;8;6;6;6;0;1;0;4;3.99;4;0;1;0;1;1,384;1,055.96;596;319;4;0;3;1;1;2;0;0;0;0;0;8;7.99;8;00:19;00:19;00:19;4;4;4;0;1,384;1.36;596;795;303;2;1.99;2;0;5 minutes;00:35;0;0;38%;38%;100%
para138;3000;2;4.71;2;0;23%;9;7;5;0.01;620;1,462;503;4,777;11,261.01;2,491;1,732;7;16.5;22;51.86;12;8;3.14;0;0;0;11;25.93;6;0;0;0;0;0;0;6;14.14;3;0;0;0;0;778;1,834.23;462;417;8;0;0;0;0;0;0;0;0;0;0;7;16.5;5;00:32;01:16;00:30;0;0;0;0;778;1.3;462;148;38;0;0;0;0;9 minutes;00:01;0;0;25%;23%;100%
ParalyzingFrost;3000;21;5.43;4;0;14%;26;10;6;0.01;15,384;3,981;3,208;22,284;5,766.71;5,689;3,645;23;5.95;66;17.07;17;10;2.86;0;0;0;43;11.12;13;0;0;0;0;2;0;24;6.21;6;2;4;0;2;4,354;1,126.75;1,073;575;10;0;4;2;1;0;0;0;0;4;1;26;6.72;9;04:11;01:05;01:26;0;0;0;0;4,354;2.21;1,073;531;183;4;1.03;1;0;32 minutes;02:47;5;0;34%;59%;50%
Ponders;3669;1;1.9;1;0;15%;3;2;1;0;2,697;5,141;1,594;2,452;4,673.5;1,001;715;8;15.24;6;11.43;5;4;0.75;0;0;0;5;9.52;2;0;0;0;0;0;0;2;3.81;2;1;1;0;0;505;961.53;391;310;4;0;2;0;0;1;0;0;0;0;0;2;3.81;2;00:33;01:03;00:15;0;0;0;0;505;1.36;391;55;19;1;1.9;1;0;6 minutes;0;0;0;34%;25%;0
POuPOuNeISbAcK;3409;1;1.89;1;0;7%;3;2;2;0;3,422;6,499;2,806;3,822;7,259.63;2,046;2,046;3;5.69;8;15.19;6;4;2.66;0;0;0;5;9.49;3;0;0;0;0;0;0;2;3.79;1;0;1;0;0;619;1,175.81;425;425;4;0;2;1;1;0;0;0;0;0;0;2;3.79;1;00:10;00:20;00:08;0;0;0;0;619;1.88;425;99;40;1;1.89;1;0;5 minutes;0;0;0;40%;39%;0
PRAXIS UnLeashD;3914;200;5.47;14;2;10%;15;24;11;0.01;268,140;7,347;12,114;2,871;9,997.52;1,566;1,494;3;10.44;9;31.33;5;5;3;3;10;3;528;14.46;24;7;24;4;0;5;0;4;13.92;1;21;0;1;0;158;548.95;158;158;5;0;1;0;0;0;1;0.02;1;4;14;7;24.37;4;00:30;01:47;00:20;5;17;3;0;61,497;2.12;2,464;817;415;48;1.31;5;1;4 minutes;00:48;17;0;50%;51%;100%
Proxxy 4;3697;3;6.61;3;0;9%;5;3;3;0.01;4,845;10,684;3,327;1,301;9,784.27;1,301;822;3;22.56;14;30.86;10;10;2.33;4;30;4;6;13.22;4;5;38;5;0;0;0;4;8.81;3;0;0;0;0;435;3,271.38;435;310;10;0;0;0;0;1;0;0;0;3;1;2;4.4;1;00:17;00:38;00:14;0;0;0;0;754;2.01;396;339;131;0;0;0;0;2 minutes;0;0;0;38%;31%;65%
Prunester;3701;28;5.57;7;2;9%;36;6;4;0.01;34,738;6,913;6,560;38,082;7,578.17;5,943;2,722;29;5.77;122;24.27;19;11;4.2;0;0;0;45;8.95;9;0;0;0;0;0;0;40;7.95;8;1;5;0;4;2,369;471.5;689;365;11;0;12;4;6;2;0;0;0;5;2;35;6.96;9;04:10;00:49;00:44;0;0;0;0;2,369;0.79;689;982;394;9;1.79;2;0;49 minutes;06:33;0;0;40%;51%;87%
Psyhco;4041;6;2.12;2;0;9%;22;6;3;0;13,428;4,747;4,050;19,731;6,975.16;5,549;2,310;29;10.25;29;10.25;17;4;1;0;0;0;13;4.59;4;0;0;0;0;0;0;7;2.47;5;1;3;0;1;3,761;1,329.4;1,134;377;4;0;4;3;0;1;0;0;0;0;0;14;4.94;8;02:15;00:48;01:00;0;0;0;0;3,761;1.69;1,134;759;223;0;0;0;0;36 minutes;00:01;0;0;29%;19%;47%
qosh;3520;9;2.9;3;1;19%;104;8;5;0.01;23,753;7,656;7,572;16,707;8,005.93;6,763;3,817;19;9.1;46;22.04;19;9;2.42;33;16;16;55;17.72;19;62;30;26;0;0;0;23;11.02;7;2;2;0;0;2,804;1,343.65;1,165;872;9;0;5;2;1;2;0;0;0;4;1;14;6.7;7;02:03;00:59;00:42;21;10;12;0;3,527;1.51;1,099;4,642;1,862;7;3.35;4;0;29 minutes;03:26;0;0;40%;41%;18%
Rahazlium;3379;0;0;0;0;0;0;0;0;0;564;3,182;480;649;3,659.17;595;591;1;5.63;1;5.63;1;1;1;0;0;0;1;5.63;1;0;0;0;0;0;0;0;0;0;0;0;0;0;70;394.66;70;70;1;0;0;0;0;0;0;0;0;0;0;0;0;0;00:22;02:05;00:18;0;0;0;0;70;0.61;70;14;5;0;0;0;0;1 minute;0;0;0;35%;0;100%
RamLMT;2701;4;4.92;4;0;1%;1;1;1;0;4,574;5,633;4,574;6,229;7,670.34;6,229;2,031;12;14.77;9;11.08;9;5;0.75;0;0;0;7;8.62;7;0;0;0;0;0;0;2;2.46;2;1;1;0;0;1,800;2,217.27;1,800;408;5;0;2;2;1;0;0;0;0;0;0;4;4.92;4;04:03;05:00;04:03;0;0;0;0;1,800;2.36;1,800;218;61;0;0;0;0;12 minutes;0;0;0;27%;27%;0
Red Faze;3559;47;7.62;9;1;14%;93;14;8;0.01;43,317;7,028;5,272;15;150.77;15;15;2;20.22;150;24.33;21;9;2.54;0;0;0;65;10.54;10;0;0;0;0;1;0;61;9.89;13;0;0;0;0;7,332;1,189.61;749;476;9;0;0;0;0;0;1;0.16;1;4;5;70;11.35;9;00:00;00:02;00:00;0;0;0;0;7,332;1.38;749;20;4;12;1.94;3;0;1 minute;00:07;0;0;20%;46%;27%
Reinforg;4005;3;13.25;3;0;14%;5;5;5;0.02;875;3,867;875;3,542;15,652.9;3,542;3,347;1;4.41;11;48.61;11;11;11;0;0;0;3;13.25;3;0;0;0;0;0;0;0;0;0;0;0;0;0;263;1,163.64;263;166;11;0;1;0;0;0;0;0;0;0;0;3;13.25;3;00:12;00:57;00:12;0;0;0;0;263;1.27;263;68;34;0;0;0;0;3 minutes;0;0;0;50%;50%;100%
Repure;4125;13;8.58;5;0;16%;23;11;7;0.01;13,563;8,959;4,316;15,684;10,359.54;6,370;3,473;14;9.24;42;27.74;20;8;3;0;0;0;29;19.15;12;0;0;0;0;0;0;11;7.26;5;0;2;0;1;1,345;888.1;420;261;8;0;5;2;1;1;0;0;0;3;3;19;12.55;7;01:37;01:04;00:31;0;0;0;0;1,345;1.14;420;303;142;2;1.32;1;0;19 minutes;01:49;0;0;46%;62%;82%
Respect Knuckle;2742;3;4.92;2;0;10%;3;2;1;0;1,838;3,020;1,311;3,631;5,963.77;2,196;1,724;6;9.85;7;11.49;5;4;1.16;0;0;0;12;19.71;6;0;0;0;0;0;0;3;4.92;3;0;1;0;0;950;1,559.73;656;282;4;0;2;1;0;0;0;0;0;0;0;5;8.21;3;02:07;03:30;01:16;0;0;0;0;950;2.22;656;78;28;1;1.64;1;0;7 minutes;0;0;0;35%;36%;38%
rG WH1TE WINDU;3285;3;5.78;3;0;17%;8;6;3;0.01;8,354;16,103;7,379;5,437;10,479.63;4,576;1,363;12;23.13;12;23.13;12;5;1;0;0;0;12;23.13;12;0;0;0;0;0;0;3;5.78;3;0;1;0;0;887;1,709.13;887;281;5;0;2;0;1;0;0;0;0;0;0;7;13.49;7;01:54;03:39;01:49;0;0;0;0;887;1.39;887;111;45;0;0;0;0;10 minutes;00:41;0;0;40%;0;19%
Rodney2210;2983;3;27.52;3;0;0;0;0;0;0;502;4,609;502;1,543;14,156.03;1,543;918;1;9.17;4;36.69;4;4;4;0;0;0;4;36.69;4;0;0;0;0;0;0;0;0;0;0;0;0;0;460;4,223.2;460;247;4;0;0;0;0;0;0;0;0;0;0;4;36.69;4;00:28;04:25;00:28;0;0;0;0;460;4.22;460;32;11;0;0;0;0;1 minute;00:08;0;0;34%;0;0
Sakaine08;2840;16;4.55;10;0;8%;19;10;3;0;25,905;7,380;7,265;25,020;7,127.53;9,305;2,073;45;12.81;78;22.22;42;8;1.73;0;0;0;36;10.25;8;0;0;0;0;2;0;21;5.98;13;1;4;1;2;6,484;1,847.11;3,507;732;8;0;7;2;2;3;1;0.28;1;3;1;40;11.39;25;08:57;02:33;04:06;0;0;0;0;6,484;1.98;3,507;822;230;3;0.85;2;0;--;02:44;0;0;27%;39%;48%
Scuffs;4155;10;8.55;4;0;9%;17;8;5;0.02;4,510;3,860;2,157;15,511;13,275.59;5,960;4,222;5;4.27;37;31.66;15;10;7.4;0;0;0;11;9.41;8;0;0;0;0;0;0;13;11.12;7;0;1;1;1;1,000;855.78;653;376;10;0;5;3;1;2;1;0.85;1;0;0;14;11.98;6;00:29;00:25;00:14;0;0;0;0;1,000;1.17;653;442;180;5;4.27;3;0;14 minutes;03:10;0;0;40%;48%;57%
Semitaur;3893;1;8.2;1;0;5%;3;1;1;0;1,222;10,024;1,222;144;1,291.87;144;144;1;8.97;1;8.97;1;1;1;0;0;0;1;8.2;1;0;0;0;0;0;0;1;8.97;1;0;0;0;0;247;2,022.31;247;247;1;0;0;0;0;0;0;0;0;0;0;1;8.97;1;00:06;01:01;00:06;0;0;0;0;247;2.26;247;81;15;0;0;0;0;46.28103702235967 seconds;0;0;0;18%;18%;100%
ShadowBandane;0;1;4.07;1;0;30%;3;3;2;0.01;262;1,068;262;1,718;7,000.17;1,718;1,069;4;16.3;4;16.3;4;2;1;0;0;0;6;24.45;6;0;0;0;0;0;0;1;4.07;1;0;0;0;0;450;1,834.09;450;300;2;0;0;0;0;0;0;0;0;0;0;1;4.07;1;00:00;00:00;00:00;0;0;0;0;450;1.84;450;43;10;0;0;0;0;4 minutes;0;0;0;23%;0;0
SirJamesParker;4540;3;2.22;2;1;12%;16;9;4;0.01;8,498;6,298;2,346;12,071;8,946.23;6,638;2,485;12;8.89;36;26.68;17;7;3;0;0;0;20;14.82;6;0;0;0;0;0;0;14;10.37;6;0;1;0;1;1,504;1,114.91;1,064;368;7;0;4;1;2;1;3;2.22;1;0;0;6;4.44;3;00:29;00:22;00:13;0;0;0;0;1,504;1.31;1,064;321;125;4;2.96;4;0;19 minutes;0;0;0;38%;42%;88%
Skittle Kitteh;3686;5;4.78;3;0;12%;16;7;5;0.01;17,889;17,133;11,984;12,422;11,896.63;7,055;3,504;9;8.61;27;25.85;9;6;3;0;0;0;24;22.98;13;0;0;0;0;0;0;14;13.4;5;1;1;0;0;1,418;1,357.56;727;292;6;0;4;1;0;2;1;0.95;1;3;1;13;12.45;4;02:25;02:19;01:05;0;0;0;0;1,418;1.64;727;272;124;2;1.91;1;0;14 minutes;01:08;0;0;45%;0;5%
SnarkyShark747;0;0;0;0;0;14%;2;2;1;0;7,093;14,222;7,093;2,186;4,382.65;2,186;858;7;14.03;6;12.03;6;2;0.85;0;0;0;6;12.03;6;0;0;0;0;0;0;2;4.01;2;0;0;0;0;772;1,548.14;772;371;2;0;0;0;0;0;0;0;0;0;0;5;10.02;5;00:41;01:23;00:41;0;0;0;0;772;1.8;772;67;14;0;0;0;0;7 minutes;0;0;0;20%;0;0
SQ1B;3231;20;9.51;7;0;8%;20;7;5;0.01;27,056;12,873;7,545;22,223;10,573.51;6,826;5,492;26;12.37;56;26.64;19;10;2.15;0;0;0;31;14.74;12;0;0;0;0;0;0;15;7.13;7;1;2;0;1;2,715;1,291.56;838;283;10;0;5;2;1;2;0;0;0;4;4;33;15.7;15;04:00;01:54;00:59;0;0;0;0;2,715;1.39;838;582;226;1;0.47;1;0;32 minutes;03:59;0;0;38%;85%;37%
STICKYFING8RS;3403;28;3.87;6;0;9%;30;5;3;0;44,032;6,096;5,057;40,718;5,637.26;4,816;2,228;77;10.66;119;16.47;16;5;1.54;0;0;0;117;16.19;14;0;0;0;0;1;0;35;4.84;7;4;7;0;3;7,612;1,053.78;999;692;5;0;20;11;4;5;2;0.27;1;3;3;44;6.09;8;05:44;00:47;00:55;0;0;0;0;7,612;1.39;999;847;303;8;1.1;2;0;1 hour;02:03;0;0;35%;58%;41%
SupaNoobGuy;3813;214;7.44;17;5;10%;312;18;10;0.01;215,091;7,484;11,757;300,840;10,467.66;12,853;6,507;223;7.75;770;26.79;42;18;3.45;0;0;0;349;12.14;17;0;0;0;0;0;0;304;10.57;15;6;29;2;20;24,998;869.78;1,272;564;18;0;89;28;27;34;7;0.24;2;4;14;206;7.16;21;22:18;00:46;01:11;0;0;0;0;24,998;1.23;1,272;7,406;3,107;59;2.05;5;0;5 hours;42:21;0;0;41%;100%;70%
SWIFT JUSTlCE;3055;40;5.48;7;1;14%;53;9;8;0;48,247;6,611;15,350;51,215;7,017.79;7,523;3,656;68;9.31;174;23.84;23;10;2.55;0;0;0;132;18.08;19;0;0;0;0;2;0;50;6.85;10;3;7;0;4;13,936;1,909.6;2,075;705;10;0;26;9;7;10;0;0;0;4;3;71;9.72;11;10:56;01:29;01:44;0;0;0;0;13,936;2.5;2,075;842;368;11;1.5;4;0;1 hour;05:26;0;0;43%;68%;55%
thats my sock;4090;9;5.96;5;0;7%;11;4;2;0;19,672;13,044;4,218;14,530;9,634.45;3,635;1,614;19;12.59;40;26.52;13;6;2.1;0;0;0;24;15.91;7;0;0;0;0;0;0;11;7.29;3;0;2;0;1;2,320;1,538.07;556;377;6;0;4;1;1;2;1;0.66;1;4;1;21;13.92;8;03:22;02:14;00:55;0;0;0;0;2,320;1.62;556;393;142;2;1.32;1;0;23 minutes;03:01;0;0;36%;42%;82%
The Jeff Janis;3356;18;6.41;7;0;29%;30;13;8;0.01;11,910;4,242;3,119;17,749;6,322.12;6,192;2,023;36;12.82;60;21.37;25;8;1.66;0;0;0;62;22.08;20;0;0;0;0;1;0;18;6.41;6;2;3;0;1;4,063;1,447.32;1,221;411;8;0;8;4;1;3;0;0;0;3;2;36;12.82;16;05:01;01:47;01:49;0;0;0;0;4,063;1.78;1,221;269;101;3;1.06;2;0;37 minutes;06:03;0;0;37%;55%;26%
The Shad0w Wolf;3141;3;2.21;2;1;8%;10;4;3;0;10,182;7,515;3,806;1,634;1,550.91;1,245;997;5;4.74;4;3.79;4;4;0.8;4;4;3;13;9.59;6;9;9;4;0;3;0;1;0.94;1;1;1;0;0;381;361.65;181;181;4;0;3;1;1;1;1;0.73;1;0;0;12;8.85;6;00:07;00:06;00:05;0;0;0;0;2,191;2.11;774;1,556;210;1;0.94;1;0;10 minutes;01:37;0;0;13%;11%;44%
Thumbless Idiot;0;5;11.37;5;0;5%;2;2;1;0;1,901;4,324;1,901;3,990;9,074.79;3,990;1,141;6;13.64;16;36.38;16;5;2.66;0;0;0;6;13.64;6;0;0;0;0;1;0;3;6.82;3;0;0;0;0;539;1,224.83;539;150;5;0;2;0;1;1;0;0;0;3;1;7;15.91;7;00:07;00:16;00:07;0;0;0;0;539;1.37;539;81;39;1;2.27;1;0;6 minutes;0;0;0;48%;0;0
tonyreece7;2129;0;0;0;0;50%;31;1;1;0;442;2,807;442;2,180;3,422.01;2,180;1,636;2;3.13;15;23.54;15;9;7.5;7;11;7;1;6.35;1;10;16;10;0;0;0;5;7.84;5;1;1;0;1;150;953.68;150;150;9;0;1;0;0;1;0;0;0;0;0;5;7.84;5;00:30;00:48;00:30;5;8;5;0;150;1.43;150;1,455;338;1;1.56;1;0;7 minutes;0;1;0;23%;0;100%
Toxic Depth;2612;0;0;0;0;0;0;0;0;0;236;3,771;236;34;538.32;34;34;1;15.95;1;15.95;1;1;1;0;0;0;0;0;0;0;0;0;0;0;0;0;0;0;0;0;0;0;0;0;0;0;1;0;0;0;0;0;0;0;0;0;0;0;0;0;00:07;01:56;00:07;0;0;0;0;0;0;0;4;0;0;0;0;0;41.47098198160529 seconds;0;0;0;0;0;0
Trooper X46;2102;0;0;0;0;0;0;0;0;0;2,677;8,669;2,677;808;2,616.61;808;642;2;6.47;0;0;0;0;0;0;0;0;0;0;0;0;0;0;0;0;0;0;0;0;0;0;0;0;275;890.81;275;270;0;0;0;0;0;0;0;0;0;0;0;0;0;0;00:11;00:38;00:11;0;0;0;0;275;2.49;275;18;9;0;0;0;0;1 minute;0;0;0;50%;50%;0
Truck555;3000;962;6.4;16;72;18%;1,145;23;7;0.01;959,718;6,390;16,530;999,755;6,656.55;14,437;4,006;1,461;9.72;3,834;25.52;52;17;2.62;0;0;0;3,026;20.14;49;0;0;0;0;18;0;1,342;8.93;24;65;150;9;76;215,326;1,433.68;2,854;877;17;0;465;168;145;152;36;0.23;3;6;55;1,812;12.06;38;04:03:44;01:37;04:58;0;0;0;0;215,326;1.9;2,854;16,346;6,196;341;2.27;7;2;31 hours;05:10:07;55;0;37%;100%;50%
TzTM;3759;62;6.68;11;0;10%;18;15;5;0;85,952;9,264;11,410;3,030;10,942.54;3,030;1,545;2;7.22;8;28.88;8;7;4;7;25;7;179;19.29;32;13;47;13;0;1;0;3;10.83;3;0;0;0;0;210;759.82;210;135;7;0;0;0;0;10;0;0;0;5;6;4;14.44;4;00:04;00:15;00:04;4;14;4;0;12,253;1.48;2,268;592;274;1;3.61;1;0;4 minutes;00:40;0;0;46%;64%;97%
UncleFuncleJoey;4141;4;1.91;2;0;10%;21;12;5;0.01;25,115;12,050;14,439;17,960;8,617.38;8,118;2,610;17;8.15;51;24.47;16;9;3;0;0;0;17;8.15;8;0;0;0;0;0;0;18;8.63;6;1;2;0;1;1,225;587.58;667;252;9;0;5;2;1;2;0;0;0;3;1;5;2.39;3;00:36;00:17;00:23;0;0;0;0;1,225;0.83;667;504;199;3;1.43;2;0;24 minutes;00:02;0;0;39%;60%;54%
Vexualy;4256;4;8.05;2;0;19%;40;2;2;0;4,808;9,683;2,413;13,267;8,183.82;6,622;4,134;6;3.7;50;30.84;24;14;8.33;24;15;9;11;22.15;6;29;18;10;0;0;0;20;12.33;8;0;2;0;2;1,244;767.46;480;410;14;0;3;1;1;1;1;2.01;1;3;1;23;14.18;15;01:34;00:58;00:40;19;12;8;0;554;1.33;338;3,299;1,607;3;1.85;1;0;15 minutes;01:20;0;0;48%;57%;99%
vKure;4372;4;2.18;2;0;6%;1;2;1;0;16,847;9,191;4,149;551;6,784.89;551;519;2;24.64;3;36.96;3;3;1.5;0;0;0;14;7.63;4;1;12;1;0;0;0;3;36.96;3;0;0;0;0;57;701.6;57;57;3;0;0;0;0;2;0;0;0;0;0;1;12.32;1;00:01;00:23;00:01;0;0;0;0;1,914;1.19;478;222;93;0;0;0;0;1 minute;02:44;0;0;41%;56%;100%
Wavy as;3466;12;4.61;4;0;14%;46;14;8;0.01;12,831;4,937;6,266;29,540;11,366.33;7,854;4,098;26;10;71;27.31;17;12;2.73;0;0;0;28;10.77;7;0;0;0;0;0;0;33;12.69;8;2;3;0;1;3,516;1,353.01;796;488;12;0;9;2;3;4;0;0;0;0;0;29;11.15;8;03:47;01:27;01:05;0;0;0;0;3,516;1.5;796;888;309;6;2.3;2;0;38 minutes;03:01;0;0;34%;52%;35%
Weed iHunt;3118;2;9.14;2;0;7%;1;1;1;0;4,605;21,057;4,605;1,665;7,613.1;1,665;660;3;13.71;3;13.71;3;2;1;0;0;0;6;27.43;6;0;0;0;0;0;0;0;0;0;0;0;0;0;129;590.54;129;71;2;0;0;0;0;0;0;0;0;0;0;3;13.71;3;00:41;03:11;00:41;0;0;0;0;129;0.9;129;32;14;0;0;0;0;2 minutes;00:13;0;0;43%;43%;0
WELSHMANIA;4228;0;0;0;0;25%;8;1;1;0.01;737;9,197;691;747;4,101.57;747;747;1;5.49;2;10.98;2;2;2;0;0;0;1;12.47;1;0;0;0;0;0;0;1;5.49;1;0;0;0;0;156;859.57;156;156;2;0;1;0;1;0;0;0;0;0;0;1;5.49;1;00:05;00:32;00:05;0;0;0;0;247;2.86;127;271;104;1;5.49;1;0;1 minute;0;0;0;38%;38%;0
Westside Ryderz;3000;216;6;9;3;11%;240;12;11;0;245,354;6,825;10,058;247,417;6,882.46;10,411;3,877;370;10.29;761;21.16;36;15;2.05;0;0;0;495;13.76;33;0;0;0;0;0;0;206;5.73;12;19;36;1;16;58,372;1,623.73;2,438;704;15;0;91;35;27;30;15;0.41;2;4;15;410;11.4;21;01:18:28;02:10;04:54;0;0;0;0;58,372;1.97;2,438;6,161;2,041;38;1.05;5;0;8 hours;41:58;6;0;33%;100%;44%
Wookiee Steve;0;1;2.21;1;0;21%;10;10;6;0.02;7,885;17,439;7,885;4,965;10,980.9;4,965;1,779;5;11.05;12;26.54;12;7;2.4;0;0;0;4;8.84;4;0;0;0;0;0;0;7;15.48;7;0;0;0;0;546;1,208.24;546;170;7;0;1;0;1;0;0;0;0;0;0;3;6.63;3;00:12;00:26;00:12;0;0;0;0;546;1.35;546;138;47;3;6.63;3;0;6 minutes;0;0;0;34%;0;0
WSXRQ;3000;0;0;0;0;20%;1;1;1;0;373;1,234;373;847;2,803.62;847;614;2;6.62;2;6.62;2;1;1;0;0;0;4;13.24;4;0;0;0;0;0;0;0;0;0;0;0;0;0;219;725.69;219;167;1;0;1;0;0;0;0;0;0;0;0;1;3.31;1;00:08;00:28;00:08;0;0;0;0;219;1.86;219;22;5;0;0;0;0;1 minute;00:04;0;0;22%;22%;1%
Wxnderful;4566;2;1.26;2;0;13%;2;10;6;0.01;15,311;9,716;6,632;771;13,129.27;771;771;9;5.71;2;34.06;2;2;3.77;0;0;0;15;9.51;8;1;17;1;0;0;0;9;5.71;4;0;0;0;1;154;2,617.52;154;154;2;0;0;0;1;0;0;0;0;3;1;13;8.24;7;00:01;00:25;00:01;0;0;0;0;1,211;1.12;550;304;116;0;0;0;0;1 minute;00:02;0;0;38%;40%;63%
Xbox359ver1;0;0;0;0;0;0;0;0;0;0;3,192;5,424;2,381;66;112.43;66;66;0;0;0;0;0;0;0;0;0;0;0;0;0;0;0;0;0;0;0;0;0;0;1;1;0;0;0;0;0;0;0;0;0;0;0;0;0;0;0;0;0;0;0;0;0;0;0;0;0;0;0;0;0;0;14;2;0;0;0;0;4 minutes;0;0;0;14%;14%;0
xHAZ4RDZx;3383;7;5.95;3;0;26%;12;6;3;0.01;9,669;8,219;5,343;6,760;5,745.84;3,498;1,131;14;11.9;33;28.05;18;7;2.35;0;0;0;13;11.05;8;0;0;0;0;0;0;11;9.35;6;1;1;0;0;2,424;2,060.3;1,154;392;7;0;3;0;1;1;0;0;0;0;0;17;14.45;7;02:18;01:57;01:15;0;0;0;0;2,424;2.26;1,154;155;46;2;1.7;1;0;17 minutes;0;0;0;29%;23%;0
xo Mudkips;2062;3;3.66;3;0;3%;19;4;1;0;5,716;6,979;5,243;4,698;9,863.86;3,202;2,606;6;12.59;3;6.29;2;1;0.5;10;21;7;9;10.98;9;11;23;7;0;0;0;4;4.88;4;0;0;0;0;553;1,160.55;323;323;1;0;0;0;0;0;0;0;0;3;1;1;2.09;1;00:35;01:13;00:23;0;0;0;0;59;0.08;59;825;361;1;1.22;1;0;7 minutes;00:48;0;0;43%;55%;0
Xvanthious;2465;64;5.3;10;4;8%;21;3;3;0;99,606;8,260;9,137;56,287;4,667.54;7,383;2,679;121;10.03;233;19.32;31;12;1.92;0;0;0;241;19.98;31;0;0;0;0;0;0;64;5.3;8;6;12;0;7;13,109;1,087.06;1,246;396;12;0;37;16;7;13;10;0.82;2;3;3;125;10.36;17;27:25;02:16;03:02;0;0;0;0;13,109;1.52;1,246;838;246;22;1.82;3;0;2 hours;12:37;23;0;29%;46%;54%
xXGaMeRgUyXx;2469;0;0;0;0;4%;1;1;1;0.01;3,129;16,533;3,129;1,744;9,215.88;1,744;1,744;1;5.28;2;10.56;2;2;2;0;0;0;0;0;0;0;0;0;0;0;0;2;10.56;2;0;0;0;0;0;0;0;0;2;0;1;0;0;0;0;0;0;0;0;0;0;0;0;0;0;0;0;0;0;0;0;0;36;23;1;5.28;1;0;1 minute;0;1;0;63%;0;0
XxScourgexX1;2567;1;2.48;1;0;50%;2;2;1;0;185;461;185;1,224;3,048.11;1,224;627;5;12.44;4;9.95;4;1;0.8;0;0;0;5;12.44;5;0;0;0;0;1;0;1;2.48;1;0;0;0;0;246;612.77;246;220;1;0;2;1;0;0;0;0;0;0;0;1;2.48;1;00:18;00:45;00:18;0;0;0;0;246;1.13;246;4;4;2;4.97;2;0;3 minutes;0;0;0;100%;100%;0
yayletsplay;2772;1;3.07;1;0;0;0;0;0;0;390;1,199;390;1,571;4,830.55;1,571;616;4;12.3;4;12.3;4;3;1;0;0;0;0;0;0;0;0;0;0;0;0;2;6.15;2;0;0;0;0;150;461.3;150;150;3;0;0;0;0;0;0;0;0;0;0;1;3.07;1;00:30;01:34;00:30;0;0;0;0;150;0.46;150;71;15;0;0;0;0;5 minutes;0;0;0;21%;0;100%
zRiiCHiiEz;2180;3;6.09;3;0;28%;6;4;3;0.01;8,798;17,886;7,559;200;3,364.05;184;184;2;33.64;1;16.82;1;1;0.5;0;0;0;8;16.26;5;2;34;2;0;0;0;4;8.13;2;0;0;0;0;400;812.63;400;287;1;0;0;0;0;1;0;0;0;0;0;9;18.29;6;00:09;02:35;00:06;1;17;1;0;400;0.86;400;138;25;1;2.03;1;0;2 minutes;0;0;0;18%;20%;67%
