Accel N6;3431;13;5%;1,424;90;56;0.09;0;0;381,328;17,873.96;26,310;10,143;224;10.49;0;0;0;615;28.82;37;19;2.74;0;2;0;381;17.85;23;10;21;3;9;17,849;836.63;1,773;1,110;19;0;0;72;22;36;15;1;0.04;1;4;6;218;10.21;22;09:25;00:26;02:53;0;0;0;133;6.23;11;17,849;1.14;1,773;427;20.01;28;88,259;24,075;89;4.17;10;55;2.57;6;0;4 hours;51:54;0;0;7;27%;50%;40%
AceSilver143;2260;0;5%;27;20;15;0.06;0;0;9,183;15,952.08;3,333;2,788;6;10.42;0;0;0;11;19.1;6;6;1.83;0;0;0;6;10.42;3;1;1;0;0;253;439.44;109;109;6;0;0;2;1;1;0;0;0;0;0;0;3;5.21;3;00:14;00:25;00:14;0;0;0;1;1.73;1;253;0.58;109;10;17.37;5;1,886;521;1;1.73;1;0;0;0;0;7 minutes;00:40;0;0;0;27%;31%;0
Alcy;3000;0;4%;23;23;12;0.07;0;0;6,513;13,322.26;6,513;2,339;4;8.18;0;0;0;6;12.27;6;3;1.5;0;0;0;3;6.13;3;0;0;0;0;488;999.02;488;271;3;0;0;1;0;0;0;0;0;0;0;0;1;2.04;1;00:04;00:09;00:04;0;0;0;3;6.13;3;488;1.56;488;2;4.09;2;1,161;469;1;2.04;1;1;2.04;1;0;5 minutes;0;0;0;0;40%;40%;100%
Atticus MD;2547;0;2%;14;14;6;0.02;0;0;11,375;19,436.27;11,375;3,314;8;13.66;0;0;0;17;29.04;17;8;2.12;0;0;0;12;20.5;12;0;1;0;1;29;48.82;29;27;8;0;0;2;0;1;1;0;0;0;0;0;4;6.83;4;00:00;00:00;00:00;0;0;0;1;1.7;1;29;0.05;29;15;25.63;15;4,023;601;0;0;0;1;1.7;1;0;7 minutes;0;0;0;0;14%;14%;100%
Bounce Cityyyyy;3145;1;5%;48;24;24;0.08;0;0;14,653;17,360.96;8,579;4,686;5;5.92;0;0;0;15;17.77;11;11;3;0;0;0;11;13.03;8;0;1;0;1;1,658;1,964.7;896;569;11;0;0;2;1;1;1;0;0;0;0;0;1;1.18;1;0;0;0;0;0;0;1;1.18;1;1,658;3.03;896;14;16.58;10;3,521;861;5;5.92;3;0;0;0;0;9 minutes;0;0;0;3;24%;38%;60%
Breezy2369;3815;1;2%;12;12;6;0.05;0;0;9,009;18,663.02;9,009;2,385;4;8.28;0;0;0;10;20.71;10;5;2.5;0;0;0;8;16.57;8;0;0;0;0;512;1,060.65;512;275;5;0;0;2;0;0;1;0;0;0;3;1;4;8.28;4;00:50;01:43;00:50;0;0;0;3;6.21;3;512;2.28;512;4;8.28;4;1,213;484;1;2.07;1;3;6.21;3;0;3 minutes;00:33;0;0;0;39%;39%;100%
burn out 317;2534;0;7%;42;14;8;0.09;0;0;9,395;14,615.2;3,183;2,988;8;12.44;0;0;0;16;24.89;7;5;2;0;0;0;9;14;3;0;1;0;0;759;1,180.29;349;349;5;0;0;2;0;1;0;1;1.55;1;0;0;7;10.88;3;0;0;0;0;0;0;4;6.22;3;759;1.62;349;11;17.11;4;2,352;588;3;4.66;1;1;1.55;1;0;7 minutes;0;0;0;1;25%;37%;43%
C1ZR;4124;1;10%;47;32;19;0.12;0;0;10,613;21,126.64;9,141;5,327;4;7.96;0;0;0;31;61.71;29;18;7.75;0;0;0;19;37.82;17;0;1;0;0;142;282.67;142;142;18;0;0;2;0;1;1;0;0;0;0;0;1;1.99;1;00:05;00:11;00:05;0;0;0;3;5.97;3;142;0.37;142;28;55.73;26;3,057;439;7;13.93;5;0;0;0;0;6 minutes;04:46;0;0;0;14%;12%;75%
Chopper Le Porc;0;7;5%;664;43;40;0.05;71,905;3,800;218,729;11,560.73;12,537;8,237;157;8.29;0;0;0;463;24.47;29;14;2.94;0;0;0;315;16.64;23;9;19;0;10;177,160;9,364;2,455;847;14;0;0;66;19;25;21;0;0;0;4;4;181;9.56;15;04:44;00:15;00:38;0;0;0;82;4.33;7;22,184;1.7;2,455;305;16.12;21;46,617;12,938;96;5.07;9;76;4.01;5;0;3 hours;37:47;0;0;3;27%;45%;53%
CHRISBREEZY0413;2912;0;8%;29;15;10;0.08;0;0;5,827;8,855.42;2,553;1,402;7;10.63;0;0;0;6;9.11;4;4;0.85;0;0;0;3;4.55;2;1;1;0;0;649;987.02;647;572;4;0;0;2;1;0;1;0;0;0;0;0;0;0;0;00:18;00:27;00:14;0;0;0;2;3.03;1;649;1.94;647;3;4.55;2;1,245;328;3;4.55;2;1;1.51;1;0;5 minutes;0;0;0;0;26%;0;0
Cow Lupin;709;0;10%;38;38;17;0.1;0;0;7,297;12,811.8;7,297;2,323;4;7.02;0;0;0;15;26.33;15;7;3.75;0;0;0;9;15.8;9;1;1;0;0;172;302.4;172;172;7;0;0;2;1;0;1;0;0;0;0;0;3;5.26;3;00:19;00:33;00:19;0;0;0;2;3.51;2;172;0.48;172;12;21.06;12;1,188;355;1;1.75;1;1;1.75;1;0;5 minutes;0;0;0;0;29%;29%;0
DaintyPup921088;2385;0;8%;34;34;7;0.03;0;0;7,231;6,128.57;6,582;1,330;20;16.95;0;0;0;25;21.18;25;6;1.25;0;0;0;14;11.86;14;0;0;0;1;1,555;1,317.67;1,267;327;6;0;0;0;0;0;0;0;0;0;0;0;18;15.25;18;02:05;01:46;02:04;0;0;0;11;9.32;11;1,555;1.51;1,267;5;4.23;5;2,138;404;0;0;0;9;7.62;9;0;3.2638559993356466 seconds;01:37;0;0;0;18%;18%;84%
DeftOrthruss;3000;0;7%;29;26;12;0.08;0;0;6,372;18,302.07;4,554;1,613;9;25.85;0;0;0;8;22.97;5;3;0.88;0;0;0;5;14.36;3;0;0;0;0;274;786.37;267;154;3;0;0;1;0;0;0;0;0;0;0;0;3;8.61;3;0;0;0;0;0;0;1;2.87;1;274;0.78;267;5;14.36;3;1,163;389;2;5.74;2;2;5.74;2;0;5 minutes;00:48;0;0;0;33%;49%;0
DogeGammit;3958;0;0;0;0;0;0;0;0;355;1,125.77;355;263;2;6.34;0;0;0;3;9.52;3;3;1.5;0;0;0;2;6.34;2;0;0;0;0;0;0;0;0;3;0;0;1;0;0;0;0;0;0;0;0;0;0;0;0;0;0;0;0;0;2;6.34;2;0;0;0;1;3.17;1;128;18;0;0;0;0;0;0;0;6.855602002702653 seconds;0;0;0;0;14%;14%;100%
DOMINICKYO;2337;0;4%;16;10;5;0.02;0;0;6,998;8,930.76;3,515;1,431;11;14.03;0;0;0;6;7.65;4;2;0.54;0;0;0;4;5.1;2;1;1;0;0;0;0;0;0;2;0;0;1;0;0;1;0;0;0;0;0;1;1.27;1;00:02;00:02;00:01;0;0;0;0;0;0;0;0;0;5;6.38;4;2,867;361;2;2.55;1;1;1.27;1;0;9 minutes;0;0;0;0;12%;37%;0
Drakothius;3028;0;3%;12;12;5;0.04;0;0;6,856;17,410.4;6,856;2,295;8;20.31;0;0;0;9;22.85;9;3;1.12;0;0;0;6;15.23;6;0;0;0;0;38;95.6;38;38;3;0;0;1;0;0;0;0;0;0;0;0;3;7.61;3;00:08;00:22;00:08;0;0;0;3;7.61;3;38;0.13;38;3;7.61;3;836;387;2;5.07;2;3;7.61;3;0;4 minutes;0;0;0;0;46%;46%;0
DrivebySamura1;3959;2;5%;134;36;21;0.08;0;0;42,797;20,277.98;10,874;5,331;24;11.37;0;0;0;63;29.85;18;9;2.62;0;0;0;41;19.42;11;1;2;0;1;1,131;535.72;439;213;9;0;0;8;2;4;2;0;0;0;0;0;19;9;8;01:07;00:32;00:34;0;0;0;10;4.73;3;1,131;0.69;439;48;22.74;13;9,642;2,558;2;0.94;2;5;2.36;2;0;27 minutes;04:11;0;0;0;26%;29%;66%
Elsayer;0;1;6%;36;20;14;0.06;0;0;7,415;10,779.99;3,855;2,247;8;11.63;0;0;0;23;33.43;18;10;2.87;0;0;0;12;17.44;9;0;1;0;0;681;990.73;548;263;10;0;0;3;1;1;0;1;1.45;1;0;0;17;24.71;14;01:54;02:46;01:46;0;0;0;10;14.53;8;681;1.2;548;10;14.53;8;3,030;575;2;2.9;2;3;4.36;2;0;9 minutes;02:47;0;0;7;18%;20%;56%
FANCYHOODLUM;3555;0;11%;16;12;12;0.15;0;0;1,971;9,814.09;850;850;3;14.93;0;0;0;3;14.93;1;1;1;0;0;0;3;14.93;1;0;0;0;0;0;0;0;0;1;0;0;0;0;0;0;0;0;0;0;0;2;9.95;1;00:00;00:00;00:00;0;0;0;0;0;0;0;0;0;3;14.93;1;333;142;1;4.97;1;0;0;0;0;1 minute;0;0;0;0;42%;0;0
FBorrego;0;1;6%;66;31;20;0.07;0;0;16,716;8,645.32;8,140;7,548;9;4.65;0;0;0;28;14.48;12;9;3.11;0;0;0;22;11.37;10;0;2;0;2;1,624;839.84;997;505;9;0;0;7;2;4;1;0;0;0;0;0;11;5.68;6;01:43;00:53;01:35;0;0;0;2;1.03;2;1,624;1.79;997;21;10.86;10;4,923;1,009;6;3.1;2;5;2.58;2;0;15 minutes;03:05;0;0;0;20%;32%;100%
Ferni;4613;0;7%;67;37;15;0.06;0;0;15,376;7,688.17;11,027;2,793;14;7;0;0;0;41;20.5;27;9;2.92;0;0;0;28;14;17;0;2;0;2;2,200;1,099.82;1,173;434;9;0;0;9;3;1;5;0;0;0;3;1;19;9.5;12;02:56;01:28;01:34;0;0;0;12;6;10;2,200;2.03;1,173;23;11.5;13;3,697;881;5;2.5;3;6;3;4;0;17 minutes;00:58;0;0;0;23%;24%;100%
Fluebinosh;2623;0;7%;12;12;11;0.09;0;0;3,523;10,376.62;3,523;1,461;3;8.83;0;0;0;6;17.66;6;3;2;0;0;0;5;14.72;5;0;0;0;0;209;615.35;209;209;3;0;0;2;1;0;0;0;0;0;0;0;6;17.66;6;00:13;00:39;00:13;0;0;0;0;0;0;209;1.6;209;3;8.83;3;487;166;1;2.94;1;3;8.83;3;0;2 minutes;00:23;0;0;0;34%;34%;0
fusion360elite;2922;0;4%;12;12;7;0.04;0;0;2,601;5,860.69;2,601;1,178;5;11.26;0;0;0;3;6.75;3;1;0.6;0;0;0;0;0;0;0;0;0;0;125;282.53;125;125;1;0;0;0;0;0;0;0;0;0;0;0;0;0;0;00:04;00:10;00:04;0;0;0;1;2.25;1;125;0.45;125;2;4.5;2;1,270;242;0;0;0;0;0;0;0;4 minutes;0;0;0;0;19%;19%;0
godstomper231;3449;0;13%;79;76;28;0.14;0;0;9,768;14,120.6;9,013;2,578;11;15.9;0;0;0;8;11.56;8;2;0.72;0;0;0;7;10.11;7;1;1;0;0;63;91.74;63;35;2;0;0;2;0;1;1;0;0;0;0;0;2;2.89;2;00:00;00:00;00:00;0;0;0;2;2.89;2;63;0.11;63;4;5.78;4;2,321;584;4;5.78;4;2;2.89;2;0;9 minutes;00:20;0;0;0;25%;17%;0
Golden Viper210;4493;0;11%;12;12;7;0.08;0;0;1,905;12,177.43;1,905;1,276;4;25.57;0;0;0;2;12.78;2;2;0.5;0;0;0;1;6.39;1;0;0;0;0;0;0;0;0;2;0;0;1;0;0;0;0;0;0;0;0;0;0;0;00:01;00:08;00:01;0;0;0;1;6.39;1;0;0;0;1;6.39;1;521;108;0;0;0;0;0;0;0;2 minutes;0;0;0;0;20%;0;0
grayjake14;2095;1;8%;100;84;70;0.1;0;0;15,744;11,558.51;10,913;5,368;11;8.07;0;0;0;38;27.89;29;13;3.45;0;0;0;26;19.08;21;0;1;0;0;1,425;1,045.8;622;328;13;0;0;4;2;1;2;0;0;0;0;0;9;6.6;7;00:06;00:04;00:04;0;0;0;8;5.87;4;1,425;1.5;622;27;19.82;22;4,087;1,137;5;3.67;3;3;2.2;3;0;15 minutes;02:42;0;0;1;27%;29%;34%
HerBakedPizza;3000;0;4%;9;9;6;0.06;0;0;3,309;19,378.78;3,309;2,507;3;17.57;0;0;0;2;11.71;2;2;0.66;0;1;0;2;11.71;2;0;0;0;0;100;584.23;100;91;2;0;0;0;0;0;0;0;0;0;0;0;0;0;0;00:00;00:01;00:00;0;0;0;0;0;0;100;0.75;100;2;11.71;2;548;183;0;0;0;0;0;0;0;2 minutes;0;0;0;0;33%;0;100%
HighPRO Zzz;3000;0;7%;10;10;10;0.14;0;0;1,978;27,166.62;1,978;1,978;0;0;0;0;0;4;54.92;4;4;0;0;0;0;0;0;0;0;0;0;0;0;0;0;0;4;0;0;0;0;0;0;0;0;0;0;0;1;13.73;1;0;0;0;0;0;0;1;13.73;1;0;0;0;3;41.19;3;464;131;0;0;0;0;0;0;0;1 minute;0;0;0;0;28%;0;100%
iArctos;4294;2;6%;167;75;38;0.09;0;0;41,571;10,021.2;18,418;8,503;16;3.85;0;0;0;87;20.97;34;14;5.43;0;0;0;57;13.74;22;1;4;0;3;1,585;381.98;596;233;14;0;0;15;3;5;6;1;0.24;1;0;0;29;6.99;10;05:14;01:15;01:43;0;0;0;23;5.54;9;1,585;0.93;596;56;13.49;21;8,967;2,622;9;2.16;5;8;1.92;4;0;28 minutes;07:29;0;0;2;29%;36%;75%
IGenjiMain;3814;4;5%;320;48;24;0.1;0;0;97,263;24,069.36;16,307;9,446;34;8.41;0;0;0;131;32.41;23;14;3.85;0;0;0;68;16.82;11;1;4;0;3;2,665;659.59;901;622;14;0;0;13;4;7;2;0;0;0;0;0;50;12.37;14;01:23;00:20;00:30;0;0;0;50;12.37;9;2,665;0.87;901;61;15.09;11;16,817;5,887;11;2.72;2;20;4.94;6;0;50 minutes;06:48;0;0;2;35%;40%;69%
II BigGash II;2763;0;4%;8;8;5;0.03;0;0;3,797;16,105.55;3,797;2,238;4;16.96;0;0;0;3;12.72;3;2;0.75;0;0;0;2;8.48;2;0;0;0;0;561;2,379.53;561;261;2;0;0;0;0;0;0;0;0;0;0;0;1;4.24;1;0;0;0;0;0;0;0;0;0;561;2.28;561;1;4.24;1;1,941;195;0;0;0;2;8.48;2;0;4 minutes;0;0;0;0;10%;0;0
II Scar3CroW;2790;0;7%;38;34;10;0.05;0;0;6,417;8,825.43;5,134;1,573;8;11;0;0;0;21;28.88;17;4;2.62;0;0;0;12;16.5;8;0;1;0;1;600;825.51;399;186;4;0;0;0;0;0;0;0;0;0;0;0;4;5.5;4;00:10;00:14;00:10;0;0;0;3;4.12;2;600;0.87;399;17;23.38;14;3,601;529;2;2.75;2;1;1.37;1;0;11 minutes;0;0;0;0;14%;15%;98%
Im Voxie;4020;1;6%;207;52;23;0.08;0;0;51,643;13,097.6;12,179;5,178;31;7.86;0;0;0;86;21.81;17;15;2.77;0;0;0;49;12.42;12;3;4;0;1;3,958;1,003.75;927;927;15;0;0;8;4;2;2;0;0;0;4;2;35;8.87;11;02:39;00:40;00:48;0;0;0;22;5.57;5;3,958;1.7;927;45;11.41;9;9,555;2,994;8;2.02;3;19;4.81;9;0;38 minutes;06:57;0;0;0;31%;48%;19%
ItsCONRAD;3497;0;6%;168;31;23;0.05;0;0;46,085;9,536.66;6,547;4,773;44;9.1;0;0;0;47;9.72;7;5;1.06;0;0;0;31;6.41;4;3;5;0;1;1,808;374.21;427;427;5;0;0;14;5;4;5;0;0;0;0;0;13;2.69;4;01:24;00:17;00:46;0;0;0;8;1.65;2;1,808;0.61;427;33;6.82;5;8,949;2,660;13;2.69;2;6;1.24;2;0;48 minutes;0;0;0;1;29%;52%;29%
iuya;3991;0;9%;13;13;11;0.06;0;0;3,081;9,739.83;3,081;2,801;1;3.16;0;0;0;8;25.29;8;8;8;0;0;0;4;12.64;4;0;0;0;0;2;7.9;2;2;8;0;0;1;1;0;0;0;0;0;0;0;1;3.16;1;0;0;0;0;0;0;2;6.32;2;2;0.01;2;4;12.64;4;503;131;0;0;0;2;6.32;2;0;3 minutes;0;0;0;0;26%;0;100%
IX HALFBREED XI;2667;0;6%;47;43;29;0.13;0;0;11,251;35,296.51;7,149;4,103;5;15.68;0;0;0;8;25.09;7;3;1.6;0;0;0;6;18.82;5;0;0;0;0;310;974.02;279;181;3;0;0;1;1;0;0;0;0;0;0;0;5;15.68;5;00:29;01:32;00:29;0;0;0;0;0;0;310;0.89;279;8;25.09;7;2,459;767;1;3.13;1;0;0;0;0;5 minutes;01:00;0;0;0;31%;0;73%
KING IZ SIIC;3430;0;15%;11;11;9;0.14;0;0;1,156;13,174.31;1,156;1,096;1;11.39;0;0;0;2;22.78;2;2;2;0;0;0;1;11.39;1;0;0;0;0;55;628.85;55;55;2;0;0;0;0;0;0;0;0;0;0;0;0;0;0;0;0;0;0;0;0;1;11.39;1;55;0.74;55;1;11.39;1;269;71;0;0;0;0;0;0;0;1 minute;0;0;0;0;26%;0;0
KoolKiran;4414;0;12%;39;27;13;0.11;0;0;6,361;18,447.51;4,754;1,901;9;26.09;0;0;0;10;28.99;8;4;1.11;0;0;0;8;23.19;6;0;0;0;0;227;657.69;227;120;4;0;0;1;1;0;0;0;0;0;0;0;4;11.59;2;00:10;00:30;00:07;0;0;0;1;2.89;1;227;0.65;227;7;20.29;5;975;317;3;8.69;2;2;5.79;2;0;5 minutes;0;0;0;0;32%;51%;82%
Lee;3000;1;7%;38;38;38;0.15;0;0;13,431;28,950.01;13,431;13,431;0;0;0;0;0;5;10.77;5;5;0;0;0;0;5;10.77;5;0;0;0;0;0;0;0;0;5;0;0;2;0;1;1;0;0;0;0;0;0;0;0;0;0;0;0;0;0;0;0;0;0;0;0;4;8.62;4;3,433;502;5;10.77;5;1;2.15;1;0;4 minutes;0;0;0;0;14%;14%;0
Lifting Gamer;2706;0;9%;69;32;20;0.06;0;0;14,946;8,537;6,602;2,923;9;5.14;0;0;0;36;20.56;15;8;4;0;0;0;23;13.13;11;0;2;0;1;1,729;987.68;1,187;445;8;0;0;8;2;3;3;0;0;0;0;0;12;6.85;6;00:10;00:05;00:04;0;0;0;8;4.56;3;1,729;1.71;1,187;23;13.13;9;5,153;743;3;1.71;2;5;2.85;3;0;16 minutes;00:49;0;0;0;14%;0;71%
LILTEAP0T4;0;0;0;0;0;0;0;0;0;564;25,398.38;564;564;1;45.02;0;0;0;1;45.02;1;1;1;0;0;0;1;45.02;1;0;0;0;0;0;0;0;0;1;0;0;0;0;0;0;0;0;0;0;0;1;45.02;1;0;0;0;0;0;0;0;0;0;0;0;0;1;45.02;1;91;45;1;45.02;1;0;0;0;0;20.10161199886352 seconds;0;0;0;0;49%;0;0
Lycanz;4036;2;5%;165;41;16;0.08;0;0;50,155;18,874.36;9,644;5,512;30;11.28;0;0;0;75;28.22;22;8;2.5;0;1;1;50;18.81;14;1;3;0;1;2,995;1,127.14;784;419;8;0;0;9;2;6;1;0;0;0;3;1;38;14.3;13;05:35;02:06;01:34;0;0;0;15;5.64;4;2,995;1.59;784;48;18.06;15;9,429;2,900;18;6.77;6;12;4.51;5;0;31 minutes;04:59;0;0;0;30%;51%;40%
MajorCris;3262;1;6%;111;60;16;0.06;0;0;33,725;15,785.5;16,467;4,263;22;10.29;0;0;0;53;24.8;30;9;2.4;0;0;0;33;15.44;18;1;2;0;1;2,596;1,214.91;1,940;593;9;0;0;7;4;2;1;0;0;0;0;0;24;11.23;12;01:20;00:37;00:53;0;0;0;13;6.08;10;2,596;1.51;1,940;27;12.63;12;5,669;1,796;10;4.68;5;13;6.08;8;0;28 minutes;01:05;0;0;2;31%;0;53%
Mano Brawl BR;4015;2;3%;48;26;11;0.04;0;0;29,151;16,666.64;13,723;5,150;13;7.43;0;0;0;46;26.29;25;10;3.53;0;0;0;30;17.15;17;0;2;0;2;358;204.65;220;140;10;0;0;8;1;3;3;0;0;0;0;0;19;10.86;13;02:44;01:34;02:10;0;0;0;21;12;10;358;0.33;220;18;10.29;10;3,923;1,526;3;1.71;2;7;4;5;0;17 minutes;02:23;0;0;1;38%;48%;99%
Maxxon Charge;3705;2;6%;296;60;20;0.07;0;0;94,184;18,581.72;15,900;9,012;57;11.24;0;0;0;145;28.6;29;11;2.54;0;1;0;94;18.54;19;2;5;0;3;3,598;709.83;703;336;11;0;0;12;4;5;3;0;0;0;4;4;48;9.46;14;03:34;00:42;02:07;0;0;0;41;8.08;7;3,598;0.96;703;76;14.99;19;17,102;4,932;9;1.77;1;28;5.52;5;0;1 hour;07:18;0;0;0;28%;29%;56%
Medvescek;3421;0;3%;18;18;11;0.08;0;0;8,232;35,487.36;8,037;6,388;3;12.93;0;0;0;6;25.86;6;5;2;0;0;0;4;17.24;4;0;0;0;0;0;0;0;0;5;0;0;1;0;1;0;0;0;0;0;0;2;8.62;2;00:44;03:11;00:44;0;0;0;2;8.62;2;0;0;0;3;12.93;3;1,166;494;1;4.31;1;1;4.31;1;0;3 minutes;0;0;0;0;42%;0;17%
MisterToli X;3151;1;4%;20;20;11;0.07;0;0;7,739;21,593.74;7,739;3,734;4;11.16;0;0;0;8;22.32;8;3;2;0;0;0;7;19.53;7;0;0;0;0;29;80.8;29;29;3;0;0;1;0;0;0;1;2.79;1;0;0;3;8.37;3;00:04;00:12;00:04;0;0;0;3;8.37;3;29;0.1;29;3;8.37;3;986;432;1;2.79;1;2;5.58;2;0;4 minutes;0;0;0;0;43%;0;100%
Nasty0303;2662;0;5%;9;7;6;0.07;0;0;2,777;20,286.83;2,354;1,426;1;7.3;0;0;0;10;73.06;9;8;10;0;0;0;3;21.91;3;0;0;0;0;0;0;0;0;8;0;0;1;0;0;0;0;0;0;0;0;3;21.91;3;0;0;0;0;0;0;1;7.3;1;0;0;0;7;51.14;6;1,117;176;0;0;0;2;14.61;2;0;1 minute;00:01;0;0;0;15%;0;14%
Nietzsche Nick;3738;0;4%;8;8;8;0.02;0;0;4,864;11,601.58;4,864;4,664;1;2.38;0;0;0;12;28.62;12;11;12;0;0;0;11;26.23;11;0;0;0;0;379;903.45;379;379;11;0;0;2;0;0;1;0;0;0;0;0;7;16.69;7;00:17;00:41;00:17;0;0;0;3;7.15;3;379;1.35;379;7;16.69;7;1,374;178;2;4.77;2;2;4.77;2;0;4 minutes;01:12;0;0;0;12%;12%;100%
OneBadBandito;2762;1;7%;67;32;31;0.09;0;0;12,467;12,869.12;4,431;3,291;10;10.32;0;0;0;17;17.54;8;8;1.7;0;1;0;6;6.19;4;1;1;0;0;1,347;1,390.94;640;640;8;0;0;4;1;2;1;0;0;0;0;0;5;5.16;2;00:00;00:00;00:00;0;0;0;2;2.06;1;1,347;1.95;640;11;11.35;5;3,978;935;5;5.16;4;4;4.12;3;0;11 minutes;01:07;0;0;0;23%;28%;43%
OUT M3 RK ED;3749;0;7%;15;15;10;0.08;0;0;3,087;11,951.38;3,087;2,062;2;7.74;0;0;0;6;23.22;6;5;3;0;0;0;2;7.74;2;0;0;0;0;414;1,603.34;414;414;5;0;0;1;1;0;0;0;0;0;0;0;1;3.87;1;0;0;0;0;0;0;1;3.87;1;414;2.35;414;5;19.35;5;971;210;1;3.87;1;0;0;0;0;2 minutes;0;0;0;0;21%;21%;86%
ParalyzingFrost;3000;0;4%;14;8;4;0.03;0;0;6,390;12,424.79;3,537;1,380;6;11.66;0;0;0;7;13.61;4;2;1.16;0;0;0;1;1.94;1;1;1;0;0;601;1,168.01;331;298;2;0;0;0;0;0;0;0;0;0;0;0;1;1.94;1;00:33;01:05;00:33;0;0;0;6;11.66;3;601;1.7;331;0;0;0;1,141;339;0;0;0;1;1.94;1;0;5 minutes;0;0;0;0;29%;25%;0
Ponders;3669;2;7%;1,163;68;32;0.08;0;0;269,592;17,055.79;21,398;6,866;232;14.67;0;0;0;421;26.63;23;15;1.81;0;0;0;241;15.24;12;7;16;1;7;9,749;616.78;749;548;15;0;0;40;14;15;11;0;0;0;4;6;189;11.95;12;05:17;00:20;00:34;0;0;0;85;5.37;6;9,749;0.74;749;286;18.09;14;66,927;16,194;59;3.73;5;50;3.16;5;0;3 hours;13:32;0;0;2;24%;42%;47%
Prunester;3701;0;9%;29;16;16;0.08;0;0;6,580;15,487.39;4,107;2,662;5;11.76;0;0;0;11;25.89;9;7;2.2;0;0;0;8;18.83;6;0;0;0;0;649;1,527.73;436;239;7;0;0;1;1;0;0;0;0;0;0;0;0;0;0;0;0;0;0;0;0;9;21.18;8;649;1.99;436;0;0;0;782;291;2;4.7;2;2;4.7;1;0;5 minutes;0;0;0;0;37%;35%;1%
qosh;3520;0;7%;169;37;34;0.09;0;0;51,795;16,273.37;14,202;9,270;23;7.22;0;0;0;62;19.47;16;12;2.69;0;0;0;44;13.82;12;2;3;1;1;1,063;334.05;377;200;12;0;0;7;3;3;2;0;0;0;3;1;19;5.96;6;00:42;00:13;00:31;0;0;0;16;5.02;6;1,063;0.56;377;38;11.93;11;8,646;2,393;6;1.88;2;8;2.51;2;0;31 minutes;01:42;0;0;0;27%;67%;35%
Rahazlium;3379;0;12%;2;2;2;0.02;0;0;730;8,470.2;730;320;3;34.79;0;0;0;2;23.19;2;1;0.66;0;0;0;1;11.59;1;0;0;0;0;330;3,831;330;186;1;0;0;0;0;0;0;0;0;0;0;0;1;3.84;1;00:10;02:00;00:10;1;12;1;0;0;0;70;0.48;70;4;15.37;4;35;16;1;11.59;1;1;3.84;1;0;1 minute;0;0;0;0;45%;0;100%
Red Faze;3559;0;4%;26;10;10;0.06;0;0;11,854;24,183.84;8,886;8,886;6;12.24;0;0;0;12;24.48;9;9;2;0;1;0;6;12.24;5;0;0;0;0;101;206.18;52;52;9;0;0;1;0;0;0;0;0;0;0;0;3;6.12;3;00:26;00:54;00:15;0;0;0;4;8.16;3;101;0.25;52;6;12.24;4;2,466;557;1;2.04;1;2;4.08;2;0;6 minutes;00:02;0;0;0;22%;53%;81%
Repure;4125;0;5%;9;9;6;0.06;0;0;2,900;8,540.82;2,900;1,195;3;8.83;0;0;0;4;11.78;4;2;1.33;0;0;0;2;5.89;2;0;0;0;0;324;955.41;324;272;2;0;0;1;0;0;1;0;0;0;0;0;2;5.89;2;00:39;01:57;00:39;0;0;0;2;5.89;2;324;2.45;324;2;5.89;2;643;177;0;0;0;0;0;0;0;2 minutes;0;0;0;0;27%;0;0
Scuffs;4155;1;3%;48;32;15;0.07;0;0;27,558;23,336.9;23,049;15,337;8;6.77;0;0;0;32;27.09;17;9;4;0;0;0;18;15.24;11;0;1;0;1;158;134.13;120;120;9;0;0;4;1;3;1;0;0;0;0;0;14;11.85;12;00:29;00:24;00:28;0;0;0;11;9.31;8;158;0.24;120;18;15.24;12;4,563;1,219;4;3.38;2;3;2.54;2;0;10 minutes;02:16;0;0;0;26%;28%;100%
Seanibah95;1909;0;11%;28;28;28;0.09;0;0;400;8,831.93;400;308;1;22.06;0;0;0;7;23.11;7;7;7;0;0;0;6;19.81;6;0;0;0;0;412;1,360.87;412;412;7;0;0;0;0;0;0;0;0;0;0;0;3;9.9;3;00:02;00:08;00:02;0;0;0;1;3.3;1;412;1.4;412;5;16.51;5;1,353;244;1;3.3;1;1;3.3;1;0;44.159977953881025 seconds;0;0;0;2;18%;0;0
Shes My Nerd;3000;1;5%;28;28;21;0.08;0;0;9,158;22,943.26;9,158;4,038;4;10.02;0;0;0;6;15.03;6;6;1.5;0;0;0;4;10.02;4;0;0;0;0;313;783.03;313;181;6;0;0;2;1;0;0;0;0;0;0;0;1;2.5;1;00:02;00:06;00:02;0;0;0;3;7.51;3;313;0.92;313;3;7.51;3;1,813;519;0;0;0;0;0;0;0;5 minutes;0;0;0;0;28%;0;100%
SirJamesParker;4540;0;3%;15;6;5;0.04;0;0;7,298;15,944.12;4,506;2,570;6;13.1;0;0;0;9;19.66;8;4;1.5;0;0;0;2;4.36;1;0;0;0;0;256;559.54;145;145;4;0;0;1;0;1;1;0;0;0;0;0;2;4.36;2;00:00;00:01;00:00;0;0;0;2;4.36;2;256;0.75;145;5;10.92;4;1,199;484;0;0;0;2;4.36;2;0;5 minutes;0;0;0;0;40%;41%;89%
Skidoushe;1922;0;5%;1;1;1;0;0;0;1,014;5,162.15;712;666;3;15.27;3;15;2;1;5.09;1;1;0.33;0;0;0;1;5.09;1;0;0;0;0;534;2,718;410;319;1;0;0;0;0;0;0;0;0;0;0;0;8;11.62;6;00:00;00:00;00:00;1;5;1;3;4.35;3;440;0.9;440;7;10.16;5;89;19;2;2.9;2;2;2.9;2;0;2 minutes;0;0;0;0;21%;22%;0
Spinola94;2367;0;4%;19;14;7;0.11;0;0;6,468;23,525.62;5,458;2,869;4;14.54;0;0;0;4;14.54;4;4;1;0;0;0;3;10.91;3;0;0;0;0;2;5.72;2;2;4;0;0;1;0;1;0;0;0;0;0;0;3;10.91;3;0;0;0;0;0;0;0;0;0;2;0;2;1;3.63;1;946;400;0;0;0;3;10.91;3;0;2 minutes;00:20;0;0;0;42%;0;0
SQ1B;3231;0;16%;8;7;7;0.16;0;0;822;16,619.87;605;585;1;20.21;0;0;0;2;40.42;2;2;2;0;0;0;2;40.42;2;0;0;0;0;0;0;0;0;2;0;0;0;0;0;0;0;0;0;0;0;1;20.21;1;0;0;0;0;0;0;0;0;0;0;0;0;2;40.42;2;266;49;1;20.21;1;0;0;0;0;49.57436199206859 seconds;0;0;0;0;18%;0;0
SupaNoobGuy;3813;20;6%;1,542;72;37;0.09;0;0;422,305;18,568.16;25,105;9,590;169;7.43;0;0;0;724;31.83;32;19;4.28;0;1;0;494;21.72;25;5;23;1;16;24,638;1,083.31;1,458;924;19;0;0;75;16;41;18;4;0.17;1;4;5;180;7.91;9;05:14;00:13;02:21;0;0;0;177;7.78;12;24,638;1.51;1,458;447;19.65;20;74,309;24,317;135;5.93;12;100;4.39;7;0;4 hours;57:32;0;0;1;32%;58%;70%
Tensa;4308;0;31%;37;37;37;1.33;0;0;1,224;28,707.46;1,224;1,224;0;0;0;0;0;1;23.44;1;1;0;0;0;0;1;23.44;1;0;0;0;0;0;0;0;0;1;0;0;0;0;0;0;0;0;0;0;0;0;0;0;0;0;0;0;0;0;0;0;0;0;0;0;1;23.44;1;198;117;1;23.44;1;0;0;0;0;27.69590897951275 seconds;0;0;0;0;59%;59%;0
tonyreece7;2129;0;8%;2;2;2;0.02;0;0;375;1,776.46;375;200;1;4.73;0;0;0;1;4.73;1;1;1;0;0;0;1;4.73;1;0;0;0;0;77;364.76;77;77;1;0;0;0;0;0;0;0;0;0;0;0;1;4.73;1;00:01;00:07;00:01;0;0;0;0;0;0;77;1.08;77;1;4.73;1;105;25;1;4.73;1;0;0;0;0;13.375132989138365 seconds;0;0;0;0;23%;23%;0
Toxic Depth;2612;1;8%;54;27;25;0.1;0;0;10,964;15,875.38;6,683;3,332;9;13.03;0;0;0;23;33.3;15;8;2.55;0;0;0;16;23.16;10;0;1;0;0;323;468.07;271;175;8;0;0;3;1;1;1;0;0;0;0;0;11;15.92;7;00:07;00:10;00:05;0;0;0;5;7.23;4;323;0.64;271;17;24.61;11;2,540;642;6;8.68;5;1;1.44;1;0;8 minutes;03:48;0;0;0;25%;22%;52%
Trooper X46;2102;0;10%;75;66;33;0.08;0;0;752;6,698.41;752;478;2;17.8;1;9;1;29;31.29;13;6;2.23;0;1;0;12;12.95;5;0;0;0;0;659;5,866;659;332;6;0;0;0;0;0;1;0;0;0;3;1;10;10.79;4;00:20;00:21;00:14;0;0;0;8;8.63;4;1,196;1.32;615;20;21.58;12;38;16;7;7.55;3;1;1.07;1;0;1 minute;00:54;0;0;0;42%;26%;41%
Truck555;3000;3;3%;262;67;19;0.06;0;0;104,745;19,476.69;35,443;8,855;57;10.59;0;0;0;100;18.59;24;10;1.75;0;0;0;65;12.08;16;3;5;0;2;7,485;1,391.86;2,198;881;10;0;0;17;9;4;5;0;0;0;0;0;41;7.62;12;03:01;00:33;00:51;0;0;0;22;4.09;7;7,485;1.94;2,198;52;9.66;15;21,248;6,932;16;2.97;5;26;4.83;7;0;1 hour;03:35;0;0;0;32%;47%;43%
TzTM;3759;0;7%;10;10;9;0.02;0;0;2,776;5,092.51;2,776;2,015;5;9.17;0;0;0;10;18.34;10;8;2;0;0;0;6;11;6;1;1;0;0;820;1,504.98;820;535;8;0;0;2;0;1;1;0;0;0;0;0;7;12.84;7;01:39;03:02;01:39;0;0;0;4;7.33;4;820;2.32;820;4;7.33;4;822;141;1;1.83;1;2;3.66;2;0;5 minutes;0;0;0;0;17%;17%;0
Westside Ryderz;3000;0;5%;59;18;9;0.04;0;0;20,139;8,559.16;4,909;3,135;27;11.47;0;0;0;15;6.37;6;4;0.55;0;0;0;11;4.67;6;2;2;0;0;2,108;895.99;606;606;4;0;0;5;2;1;2;0;0;0;0;0;7;2.97;3;00:20;00:08;00:12;0;0;0;3;1.27;2;2,108;1.44;606;7;2.97;3;3,505;1,086;3;1.27;1;5;2.12;3;0;24 minutes;00:20;0;0;0;30%;52%;0
WSXRQ;3000;0;0;0;0;0;0;0;0;256;9,527.1;256;256;0;0;0;0;0;2;74.4;2;2;0;0;0;0;1;37.2;1;0;0;0;0;0;0;0;0;2;0;0;0;0;0;0;0;0;0;0;0;1;37.2;1;0;0;0;0;0;0;0;0;0;0;0;0;2;74.4;2;418;40;0;0;0;0;0;0;0;26.446959000080824 seconds;0;0;0;0;9%;9%;100%
xHAZ4RDZx;3383;0;11%;36;18;18;0.18;0;0;4,621;12,163.18;3,468;3,468;0;0;0;0;0;10;26.32;9;9;0;0;0;0;6;15.79;5;0;0;0;0;0;0;0;0;9;0;0;0;0;0;0;0;0;0;0;0;5;13.16;5;0;0;0;0;0;0;0;0;0;0;0;0;10;26.32;9;1,552;320;1;2.63;1;0;0;0;0;2.0692100059241056 seconds;00:17;0;0;0;20%;14%;39%
xo Mudkips;2062;1;6%;440;88;35;0.07;0;0;111,753;13,711.48;16,313;9,203;64;7.85;0;0;0;178;21.83;27;11;2.78;0;1;0;113;13.86;17;6;8;1;1;6,839;839.07;1,035;894;11;0;0;19;5;7;7;0;0;0;0;0;78;9.57;13;03:07;00:22;00:50;0;0;0;35;4.29;9;6,839;1.21;1,035;125;15.33;18;27,510;7,330;36;4.41;8;18;2.2;4;0;1 hour;09:31;0;0;2;26%;32%;11%
xSipyyy;2577;0;3%;19;19;6;0.07;0;0;9,425;27,302.52;9,425;4,960;3;8.69;0;0;0;11;31.86;11;4;3.66;0;0;0;8;23.17;8;0;0;0;0;236;683.14;236;138;4;0;0;2;1;1;0;0;0;0;0;0;1;2.89;1;00:00;00:02;00:00;0;0;0;3;8.69;3;236;0.93;236;7;20.27;7;1,411;544;1;2.89;1;1;2.89;1;0;4 minutes;0;0;0;0;38%;38%;100%
Xvanthious;2465;19;6%;1,283;148;83;0.07;0;0;314,537;13,194.99;19,025;9,970;230;9.64;0;0;0;574;24.07;30;22;2.49;0;2;0;379;15.89;22;11;24;1;11;6,065;254.43;502;444;22;0;0;68;20;28;20;1;0.04;1;4;5;273;11.45;25;13:55;00:35;03:40;0;0;0;91;3.81;9;6,065;0.35;502;404;16.94;24;88,812;19,220;118;4.95;7;79;3.31;6;0;4 hours;35:39;0;0;8;21%;62%;48%
XxScourgexX1;2567;0;7%;18;18;9;0.04;0;0;4,617;10,150.78;4,385;1,852;7;15.38;0;0;0;13;28.57;13;6;1.85;0;0;0;12;26.38;12;0;0;0;0;364;799.09;364;225;6;0;0;2;0;0;2;0;0;0;0;0;9;19.78;9;00:06;00:13;00:06;0;0;0;1;2.19;1;364;0.94;364;10;21.98;10;1,200;226;3;6.59;3;2;4.39;2;0;6 minutes;01:48;0;0;0;18%;0;8%
XxTORBJORNxX;1223;4;6%;1,012;105;40;0.04;0;0;224,875;6,452.63;15,165;6,295;253;7.25;0;0;0;442;12.68;33;11;1.74;0;2;0;262;7.51;18;17;35;1;17;9,961;285.83;748;685;11;0;0;60;28;11;22;0;0;0;3;4;150;4.3;18;05:20;00:09;00:56;0;0;0;46;1.31;5;9,961;0.43;748;345;9.89;19;185,324;15,793;76;2.18;6;51;1.46;9;0;6 hours;03:05;0;0;7;8%;50%;48%
