A Camping Cat;4143;0;0;7,293;5,739.65;2,844;2,195;10;7.87;20;16;11;16;12.59;11;7;1.6;0;0;0;0;0;0;7;6;3;0;0;4;3.14;3;0;1;0;1;10,251;8,068;6,037;2,429;7;0;3;0;1;2;0;0;0;0;0;7;6;4;6;5;4;7;5.5;6;02:01;01:35;01:34;13;10;8;70%;76%;162;229;985;0.96;633;702;81;1;0.78;1;0;17 minutes;00:43;1;1;1;160;238;11%;9%;62%
Abdul Ahkbar;4001;0;0;230;5,457.17;230;230;1;23.7;0;0;0;0;0;0;0;0;0;0;0;0;0;0;0;0;0;0;0;0;0;0;0;0;0;0;0;0;0;0;0;0;0;0;0;0;0;0;0;0;0;0;0;0;0;0;0;0;0;0;00:01;00:23;00:01;0;0;0;0;0;0;0;0;0;0;9;3;0;0;0;0;37.696678009815514 seconds;0;0;0;0;3;9;33%;33%;0
Abundant Elk;3003;0;0;1,453;4,593.13;813;570;4;12.64;0;0;0;3;9.48;2;2;0.75;0;0;0;0;0;0;2;6;2;0;0;1;3.16;1;0;0;0;0;2,047;6,470;1,026;1,026;2;0;1;1;0;1;0;0;0;0;0;0;0;0;1;3;1;2;6.32;2;00:13;00:42;00:13;1;3;1;0;0;0;0;263;1.05;203;116;14;1;3.16;1;0;4 minutes;0;0;1;1;71;115;12%;0;27%
AceSilver143;2260;0;0;2,630;2,156.56;2,393;900;10;8.19;3;2;3;3;2.45;2;1;0.3;0;0;0;0;0;0;3;2;2;0;0;1;0.81;1;1;1;1;0;3,659;3,000;2,036;1,031;1;0;3;1;1;2;0;0;0;0;0;1;1;1;2;2;1;0;0;0;00:02;00:02;00:02;4;3;3;60%;67%;30;50;592;1.2;491;252;36;0;0;0;0;8 minutes;0;5;0;1;68;150;14%;0;0
ADERALDO25;3677;9;0;62,650;3,247.33;7,022;2,915;128;6.63;361;19;29;196;10.15;19;7;1.53;0;0;0;0;0;0;77;4;10;1;0;45;2.33;5;4;19;0;15;222,208;11,518;17,611;6,518;7;0;25;6;12;7;5;0.25;1;0;0;80;4;7;114;6;9;79;4.09;10;11:49;00:36;01:36;160;8;15;77%;100%;3,221;4,183;14,318;0.9;1,241;12,501;694;11;0.57;2;0;4 hours;02:51;1;1;1;2,803;4,020;5%;10%;76%
Alcy;3000;0;0;3,901;10,026.03;3,901;1,112;7;17.99;5;13;5;11;28.27;11;4;1.57;0;0;0;0;0;0;7;18;1;0;0;2;5.14;2;0;0;0;0;3,754;9,650.07;3,754;1,507;4;0;2;1;0;0;0;0;0;0;0;2;5;2;5;13;5;4;10.28;4;00:53;02:18;00:53;5;13;5;47%;47%;11;23;0;0;0;280;49;0;0;0;0;8 minutes;0;0;1;1;129;229;17%;0;100%
alphurr;3397;0;0;17,512;3,557.77;4,220;2,586;43;8.73;70;14;18;41;8.32;8;5;0.95;0;0;0;0;0;0;30;6;6;0;0;10;2.03;3;3;5;0;1;49,237;10,003;6,219;3,760;5;0;9;2;2;5;0;0;0;0;0;28;6;8;20;4;3;23;4.67;5;08:57;01:49;01:53;44;9;9;68%;87%;176;257;2,192;0.54;513;2,275;171;1;0.2;1;0;1 hour;00:24;0;1;1;1,113;1,741;7%;10%;29%
AM Presque;0;0;0;303;2,089.61;303;301;2;13.78;0;0;0;2;13.78;2;2;1;0;0;0;0;0;0;1;7;1;0;0;1;6.89;1;0;0;0;0;288;1,984;288;288;2;0;1;0;0;0;0;0;0;0;0;0;0;0;0;0;0;0;0;0;0;0;0;0;0;0;16%;16%;2;12;100;0.78;100;33;4;0;0;0;0;2 minutes;0;0;0;0;3;9;12%;0;100%
apeX Piffiiii;0;0;0;1,432;2,233.1;947;515;1;1.55;10;16;6;6;9.35;4;4;6;0;0;0;0;0;0;1;2;1;0;0;1;1.55;1;0;1;0;1;3,430;5,349;1,987;1,443;4;0;1;0;0;1;0;0;0;0;0;0;0;0;2;3;1;4;6.23;2;00:41;01:04;00:24;3;5;2;83%;95%;25;30;115;0.5;115;142;17;0;0;0;0;3 minutes;00:18;1;1;1;48;80;11%;12%;100%
Auzzymandias;3093;0;0;6,404;4,794.74;2,866;1,543;14;10.48;8;6;5;15;11.23;8;3;1.07;0;0;0;0;0;0;6;4;2;0;0;6;4.49;3;0;1;0;1;5,637;4,221;4,351;1,474;3;0;2;1;0;1;1;0.74;1;0;0;4;3;4;5;4;2;3;2.24;3;00:33;00:25;00:22;15;11;10;65%;68%;61;93;200;0.17;100;561;72;1;0.74;1;1;18 minutes;0;0;1;1;205;370;12%;14%;52%
AvaldezC;4350;2;0;48,975;5,236.3;6,258;3,456;79;8.44;81;9;13;146;15.6;25;12;1.84;0;0;0;0;0;0;77;8;10;0;0;61;6.52;11;5;9;1;3;65,696;7,024;8,552;3,761;12;0;19;6;5;8;1;0.1;1;3;1;42;4;10;34;4;5;54;5.77;9;07:38;00:49;01:31;86;9;13;56%;80%;780;1,372;5,117;0.71;1,023;4,355;532;12;1.28;5;0;1 hour;09:43;2;1;1;966;1,577;12%;18%;32%
Baby DVs;3824;0;0;5,067;2,542.69;3,311;1,468;22;11.04;33;17;22;17;8.53;14;7;0.77;0;0;0;0;0;0;16;8;9;0;0;5;2.5;4;1;2;0;1;20,391;10,234;11,234;3,837;7;0;3;1;1;1;2;1;1;0;0;3;2;3;6;3;4;7;3.51;5;01:35;00:47;01:06;14;7;9;67%;75%;52;77;990;0.7;642;650;43;0;0;0;0;23 minutes;00:53;0;1;1;336;489;6%;7%;50%
BeeVA;2649;0;0;7,424;4,631.42;3,848;1,941;11;6.86;13;8;9;22;13.72;16;10;2;0;0;0;0;0;0;16;10;1;0;0;8;4.99;6;0;2;0;1;9,436;5,886.66;5,560;1,561;10;0;3;1;0;1;0;0;0;0;0;4;2;4;4;2;2;8;4.99;5;02:04;01:17;01:31;10;6;8;74%;75%;20;27;0;0;0;409;87;2;1.24;1;0;17 minutes;02:48;0;1;1;232;351;21%;19%;71%
Bounce Cityyyyy;3145;1;0;78,548;5,649.98;11,226;1,992;146;10.5;153;11;19;233;16.75;28;9;1.59;0;0;0;0;0;0;151;11;6;4;0;86;6.18;12;6;14;1;6;6,622;476;3,827;2,434;9;0;30;11;7;12;0;0;0;0;0;92;7;14;76;5;9;103;7.4;17;14:12;01:01;01:54;176;13;24;56%;100%;295;518;939;0.08;404;4,770;834;19;1.36;4;0;3 hours;10:32;0;1;1;2,138;3,657;17%;25%;46%
Bratgirl97;1720;0;0;1,897;3,371.98;1,897;1,852;1;1.77;7;12;7;5;8.88;5;5;5;0;0;0;0;0;0;4;7;4;1;0;2;3.55;2;1;1;0;0;3,568;6,340;3,568;2,360;5;0;1;0;0;1;0;0;0;0;0;2;4;2;2;4;2;1;1.77;1;0;0;0;5;9;5;52%;52%;30;57;80;0.15;80;272;27;1;1.77;1;0;8 minutes;0;0;1;1;82;156;9%;0;0
burn out 317;2534;0;0;3,563;6,298.59;2,078;1,485;2;3.53;2;4;2;12;21.21;12;11;6;0;0;0;0;0;0;3;5;1;0;0;7;12.37;7;0;1;0;0;1,411;2,495.15;1,336;1,320;11;0;2;0;1;1;1;1.76;1;0;0;2;4;2;2;4;2;3;5.3;3;00:09;00:17;00:09;7;12;7;58%;85%;32;55;0;0;0;162;39;2;3.53;2;0;5 minutes;00:06;0;0;0;21;50;24%;18%;85%
C1ZR;4124;0;0;6,797;4,216.35;3,351;1,217;13;8.06;15;9;10;19;11.78;14;5;1.46;0;0;0;0;0;0;10;6;1;0;0;5;3.1;2;1;2;0;0;8,686;5,387.78;3,335;2,529;5;0;5;2;1;2;0;0;0;0;0;1;1;1;6;4;3;13;8.06;12;01:42;01:03;01:17;8;5;5;43%;56%;27;62;0;0;0;542;71;1;0.62;1;0;18 minutes;01:01;0;1;1;215;412;13%;0;0
CCT DARK;2700;0;0;1,455;4,011.03;1,310;1,310;2;5.51;0;0;0;4;11.03;4;4;2;0;0;0;0;0;0;0;0;0;0;0;2;5.51;2;0;0;0;0;1,321;3,643.15;1,131;1,056;4;0;0;0;0;0;0;0;0;0;0;1;3;1;1;3;1;0;0;0;0;0;0;1;3;1;66%;81%;12;18;0;0;0;97;16;1;2.75;1;0;3 minutes;0;0;1;1;32;60;16%;0;20%
Chopper Le Porc;0;0;0;19,296;2,919.41;3,454;1,124;69;10.43;16;2;4;62;9.38;13;5;0.89;0;0;0;0;0;0;41;6;1;1;0;19;2.87;5;5;7;0;2;40,188;6,080.49;4,952;3,307;5;0;12;4;2;5;5;0.75;2;0;0;33;5;6;35;5;0;31;4.69;7;09:03;01:22;01:44;32;5;6;62%;60%;245;392;0;0;0;1,931;208;5;0.75;1;0;1 hour;02:58;3;1;1;677;1,112;10%;34%;25%
CHRISBREEZY0413;2912;0;0;11,815;4,191.07;5,711;1,132;36;12.76;43;15;23;42;14.89;30;5;1.16;0;0;0;0;0;0;13;5;1;0;0;15;5.32;11;2;3;0;0;21,284;7,549.79;6,529;3,095;5;0;4;1;2;1;0;0;0;0;0;22;8;12;19;7;6;18;6.38;14;02:33;00:54;01:13;40;14;21;56%;61%;17;30;0;0;0;1,334;135;1;0.35;1;0;45 minutes;00:35;0;1;1;663;1,255;10%;12%;9%
commander 8899;3234;0;0;6,002;5,301.81;3,852;1,068;6;5.3;23;20;20;26;22.96;19;7;4.33;0;0;0;0;0;0;8;7;4;0;0;7;6.18;4;0;1;1;0;7,479;6,606;5,586;2,630;7;0;2;1;0;1;0;0;0;0;0;9;8;7;7;6;5;15;13.25;13;01:55;01:41;01:54;16;14;13;49%;57%;72;145;1,018;0.99;785;585;81;1;0.88;1;0;16 minutes;05:10;0;1;1;150;288;13%;14%;23%
CookiesMilkYum;4298;0;0;3,161;6,028.62;2,076;1,800;3;5.72;3;6;3;7;13.35;6;6;2.33;0;0;0;0;0;0;3;6;2;0;0;2;3.81;1;0;1;0;0;3,545;6,761;2,677;2,561;6;0;1;0;0;1;0;0;0;0;0;3;6;3;2;4;2;4;7.62;4;00:22;00:42;00:20;6;11;6;59%;63%;42;71;535;1.34;384;226;38;0;0;0;0;6 minutes;00:27;0;1;1;55;82;16%;0;64%
Corey Burlinson;4077;1;0;2,936;2,882.13;1,256;1,207;7;6.87;9;9;4;2;1.96;2;2;0.28;0;0;0;0;0;0;10;10;4;0;0;0;0;0;1;1;0;0;7,121;6,991;3,536;3,536;2;0;2;1;0;1;0;0;0;0;0;4;4;2;3;3;2;0;0;0;00:06;00:06;00:06;4;4;4;38%;100%;5;13;797;1.31;560;273;25;0;0;0;0;10 minutes;0;0;1;1;165;244;9%;0;39%
Coscoro;2016;0;0;285;5,550.91;285;285;1;19.47;0;0;0;0;0;0;0;0;0;0;0;0;0;0;1;19;1;0;0;0;0;0;0;0;0;0;180;3,506;180;180;0;0;0;0;0;0;0;0;0;0;0;0;0;0;0;0;0;0;0;0;0;0;0;0;0;0;66%;66%;2;3;0;0;0;15;3;0;0;0;0;49.672580999322236 seconds;0;0;1;1;5;9;20%;0;0
Cygnus VI;1908;0;0;5,652;2,384.36;2,216;737;23;9.7;31;13;11;19;8.01;10;5;0.82;0;0;0;0;0;0;9;4;4;0;0;6;2.53;3;1;2;0;1;16,209;6,837;4,838;1,463;5;0;5;1;2;1;0;0;0;0;0;6;3;2;9;4;3;10;4.21;6;03:37;01:31;01:28;9;4;4;61%;90%;48;78;1,454;0.9;518;895;72;0;0;0;0;26 minutes;00:48;1;1;1;402;730;8%;9%;49%
Cyr;2998;0;0;16,257;4,843.77;6,929;6,929;5;1.48;48;14;17;42;12.51;15;15;8.4;0;0;0;0;0;0;12;4;1;0;0;17;5.06;9;0;3;0;3;19,298;5,749.87;6,093;4,892;15;0;6;1;0;5;2;0.59;1;0;0;21;6;8;21;6;7;24;7.15;10;05:32;01:39;01:41;35;10;12;66%;75%;163;246;0;0;0;1,251;205;2;0.59;2;0;38 minutes;01:45;0;1;1;475;738;16%;19%;100%
DanGetzBucketz;3306;0;0;2,740;3,039.66;1,968;1,377;6;6.65;9;10;5;17;18.86;12;7;2.83;0;0;0;0;0;0;6;7;3;0;0;3;3.32;2;1;1;0;0;5,312;5,893;3,184;1,893;7;0;3;0;0;2;0;0;0;0;0;2;2;2;3;3;2;4;4.43;3;01:37;01:48;01:14;9;10;6;51%;56%;15;29;398;0.67;211;253;26;0;0;0;0;9 minutes;00:20;0;1;1;123;192;10%;12%;0
DeftOrthruss;3000;0;0;1,346;2,928.87;1,346;894;3;6.52;5;11;5;2;4.35;2;2;0.66;0;0;0;0;0;0;0;0;0;0;0;1;2.17;1;0;0;0;0;684;1,489.02;684;326;2;0;2;0;0;1;0;0;0;0;0;0;0;0;1;2;1;0;0;0;00:02;00:05;00:02;2;4;2;0;0;0;0;0;0;0;103;12;0;0;0;0;2 minutes;0;0;1;1;53;102;11%;0;0
DOMINICKYO;2337;0;0;3,746;1,136.18;1,938;1,373;30;9.09;3;1;2;8;2.42;2;1;0.26;0;0;0;0;0;0;4;1;1;1;0;2;0.6;1;3;3;1;0;3,349;1,015.8;996;536;1;0;4;2;1;1;0;0;0;0;0;0;0;0;3;1;1;2;0.6;1;01:00;00:18;00:30;4;1;3;30%;37%;16;52;0;0;0;605;46;0;0;0;0;27 minutes;0;0;0;0;131;497;7%;18%;0
DoubledLizard;2764;0;0;4,210;6,594.23;4,044;1,343;10;15.66;9;14;9;7;10.96;7;2;0.7;0;0;0;0;0;0;4;6;3;0;0;5;7.83;5;0;1;0;0;5,614;8,792;4,537;1,263;2;0;1;0;0;1;0;0;0;0;0;0;0;0;3;5;3;3;4.69;3;00:51;01:21;00:38;2;3;2;72%;72%;16;22;762;1.23;601;283;48;0;0;0;0;10 minutes;0;0;1;1;140;236;16%;14%;6%
DrivebySamura1;3959;0;0;11,209;7,999.4;4,971;2,639;10;7.13;20;14;7;21;14.98;9;7;2.1;0;0;0;0;0;0;13;9;6;0;0;6;4.28;3;1;1;0;1;15,315;10,930;7,244;3,538;7;0;3;0;0;3;0;0;0;0;0;3;2;1;8;6;4;8;5.7;4;01:49;01:18;01:02;15;11;6;64%;90%;89;137;1,016;0.87;433;758;133;0;0;0;0;19 minutes;00:20;0;1;1;319;475;17%;18%;50%
DSPStanky;3000;0;0;3,631;2,142.63;1,697;783;13;7.67;14;8;5;10;5.9;5;2;0.76;0;0;0;0;0;0;8;5;1;0;0;6;3.54;3;1;2;0;1;11,049;6,520.59;5,243;1,797;2;0;2;0;1;1;0;0;0;0;0;7;4;3;8;5;4;0;0;0;01:37;00:57;01:04;9;5;4;56%;58%;64;113;0;0;0;695;43;2;1.18;1;0;20 minutes;0;0;1;1;234;461;6%;7%;32%
EliteKnight1;3375;0;0;522;1,982.44;522;522;0;0;0;0;0;2;7.59;2;2;0;0;0;0;0;0;0;4;15;4;0;0;1;3.79;1;0;0;0;0;350;1,330;350;350;2;0;1;0;0;1;0;0;0;0;0;0;0;0;0;0;0;0;0;0;0;0;0;0;0;0;0;0;0;0;100;0.82;100;6;2;0;0;0;0;2 minutes;0;0;1;1;5;6;33%;33%;0
Elsayer;0;1;0;12,522;3,201.56;2,776;1,237;33;8.43;25;6;10;24;6.13;8;2;0.72;0;0;0;0;0;0;29;7;1;0;0;10;2.55;2;4;4;0;0;23,674;6,053;5,569;2,350;2;0;9;3;3;3;0;0;0;0;0;5;1;3;11;3;4;7;1.78;3;02:17;00:35;01:01;11;3;5;63%;76%;192;304;0;0;0;1,228;154;0;0;0;0;42 minutes;0;0;1;1;329;609;12%;19%;0%
Emit Pain;4339;0;0;3,632;13,425.12;3,632;1,951;3;11.08;8;30;8;5;18.48;5;5;1.66;0;0;0;0;0;0;2;7;2;0;0;1;3.69;1;0;0;0;0;3,382;12,501;3,382;2,316;5;0;1;0;0;0;0;0;0;0;0;3;11;3;3;11;3;0;0;0;00:16;01:02;00:16;5;18;5;67%;67%;55;81;320;1.1;320;223;44;0;0;0;0;4 minutes;00:20;1;1;1;40;58;19%;0;100%
Eternal Epoch;0;0;0;2,935;4,196.33;1,695;889;6;8.57;4;6;4;2;2.85;2;1;0.33;0;0;0;0;0;0;5;7;4;1;0;2;2.85;2;0;1;0;0;1,565;2,237;1,301;385;1;0;1;1;1;0;0;0;0;0;0;0;0;0;1;1;1;1;1.42;1;00:23;00:33;00:14;2;3;2;70%;70%;7;10;184;0.45;100;180;37;0;0;0;0;6 minutes;0;0;1;1;104;159;20%;34%;70%
FANCYHOODLUM;3555;0;0;1,355;2,773.32;717;386;10;20.46;6;12;3;5;10.23;3;1;0.5;0;0;0;0;0;0;4;8;2;1;0;0;0;0;0;0;0;0;3,890;7,960;1,871;1,285;1;0;1;0;0;0;0;0;0;0;0;1;2;1;2;4;1;1;2.04;1;00:07;00:15;00:07;4;8;2;50%;50%;2;4;36;0.08;36;194;15;0;0;0;0;6 minutes;0;0;0;1;90;184;7%;27%;21%
Fat Hamm;2576;0;0;8,208;5,084.64;6,545;1,468;15;9.29;14;9;7;16;9.91;12;3;1.06;0;0;0;0;0;0;12;7;1;0;0;6;3.71;6;0;2;1;0;11,009;6,820.25;5,816;1,831;3;0;2;1;0;1;0;0;0;0;0;5;3;3;9;6;6;10;6.19;8;00:53;00:33;00:42;12;7;6;53%;57%;81;152;0;0;0;773;104;0;0;0;0;22 minutes;01:21;0;1;1;263;460;13%;20%;21%
FBorrego;0;1;0;23,983;2,038.36;4,684;1,194;54;4.58;32;3;7;107;9.09;22;6;1.98;0;0;0;0;0;0;62;5;1;2;0;36;3.05;9;2;12;0;10;31,015;2,635.99;5,129;1,620;6;0;16;5;3;8;4;0.33;1;0;0;25;2;8;24;2;6;49;4.16;9;06:26;00:32;00:58;25;2;5;61%;100%;337;548;0;0;0;2,150;262;10;0.84;3;0;1 hour;02:55;5;1;1;515;1,030;12%;17%;83%
Ferni;4613;1;0;781;967.94;781;666;1;1.24;2;2;2;7;8.68;7;6;7;0;0;0;0;0;0;2;2;2;0;0;5;6.2;5;0;1;0;1;2,263;2,806;2,263;1,553;6;0;4;1;2;1;0;0;0;0;0;2;2;2;2;2;2;0;0;0;00:03;00:04;00:03;2;2;2;61%;61%;22;36;200;0.82;200;142;12;0;0;0;0;4 minutes;0;0;1;1;37;68;8%;8%;100%
Fi2;3923;7;0;61,265;2,528.24;4,026;1,564;215;8.87;363;15;30;266;10.97;26;11;1.23;0;0;0;0;0;0;174;7;15;4;1;61;2.51;6;13;24;0;11;268,982;11,100;17,345;6,773;11;0;39;10;16;14;3;0.12;1;3;5;119;5;9;119;5;9;132;5.44;18;37:41;01:33;03:10;242;10;18;72%;100%;1,297;1,783;15,651;0.79;1,713;11,777;570;7;0.28;1;0;5 hours;16:10;0;1;1;5,565;8,092;4%;7%;44%
Fonzie Monster0;0;0;0;896;4,123.64;896;896;1;4.6;2;9;2;3;13.81;3;3;3;0;0;0;0;0;0;1;5;1;0;0;1;4.6;1;0;0;0;0;1,521;7,003;1,519;1,590;3;0;0;0;0;0;0;0;0;0;0;0;0;0;1;5;1;0;0;0;00:05;00:26;00:05;0;0;0;77%;77%;7;9;0;0;0;57;9;0;0;0;0;2 minutes;0;0;1;1;29;38;15%;15%;100%
fusion360elite;2922;0;0;7,064;5,846.58;4,053;1,415;14;11.58;26;22;22;17;14.06;9;5;1.21;0;0;0;0;0;0;13;11;1;0;0;7;5.79;4;1;1;0;0;10,650;8,814.35;9,092;2,488;5;0;3;1;0;1;0;0;0;0;0;11;9;9;10;8;7;9;7.44;5;02:26;02:00;01:42;14;12;9;45%;54%;20;44;0;0;0;762;91;0;0;0;0;20 minutes;02:51;0;1;1;389;664;11%;17%;0
glich30;2623;0;0;44,439;5,369.99;7,945;1,816;105;12.68;103;12;31;89;10.75;28;5;0.84;0;0;0;0;0;0;40;5;1;0;0;25;3.02;6;5;8;1;2;60,080;7,260.16;13,912;3,023;5;0;11;1;3;7;2;0.24;1;0;0;54;7;14;60;7;12;43;5.19;14;10:01;01:12;02:45;82;10;23;65%;80%;514;784;0;0;0;3,899;550;2;0.24;1;0;1 hour;04:06;0;1;1;1,409;2,271;14%;29%;30%
godstomper231;3449;0;0;6,823;4,413.56;2,603;747;21;13.58;15;10;12;17;10.99;11;4;0.8;0;0;0;0;0;0;13;8;6;1;0;6;3.88;4;1;2;0;1;8,128;5,257;3,058;1,494;4;0;4;1;1;2;1;0.64;1;0;0;8;5;4;6;4;2;5;3.23;4;03:26;02:13;01:54;12;8;7;45%;60%;57;124;718;0.57;276;498;77;2;1.29;1;0;20 minutes;00:06;0;1;1;136;244;15%;19%;50%
Hi Jeremiah;3409;0;0;2,273;3,443.3;2,273;593;7;10.6;5;8;5;4;6.05;4;1;0.57;0;0;0;0;0;0;4;6;4;0;0;2;3.02;2;0;1;0;1;7,437;11,267;7,437;2,240;1;0;1;0;1;0;0;0;0;0;0;2;3;2;4;6;4;2;3.02;2;00:29;00:44;00:29;5;8;5;100%;100%;6;6;678;1.34;678;197;24;0;0;0;0;8 minutes;0;0;1;1;125;181;12%;0;100%
HighPRO Zzz;3000;0;0;16,977;4,042.51;4,409;2,091;22;5.23;45;11;12;55;13.09;12;5;2.5;0;0;0;0;0;0;12;3;1;1;0;15;3.57;3;0;4;0;4;21,973;5,232.14;5,570;2,532;5;0;9;3;1;5;0;0;0;0;0;28;7;8;19;5;4;39;9.28;9;08:22;01:59;02:08;47;11;15;52%;87%;131;250;0;0;0;1,537;220;1;0.23;1;0;46 minutes;04:47;1;1;1;542;1,018;14%;21%;100%
iArctos;4294;0;0;5,902;4,548.7;5,446;982;16;12.33;23;18;21;22;16.95;21;5;1.37;0;0;0;0;0;0;8;6;8;1;0;4;3.08;4;0;1;0;1;10,151;7,823;8,342;2,235;5;0;3;2;0;1;0;0;0;0;0;7;5;7;6;5;5;11;8.47;10;02:06;01:37;01:52;17;13;17;50%;100%;33;65;763;0.67;630;619;56;0;0;0;0;18 minutes;0;0;1;1;297;483;9%;9%;77%
II Scar3CroW;2790;1;0;4,588;3,242.63;3,264;868;12;8.48;22;16;20;12;8.48;12;4;1;0;0;0;0;0;0;9;6;8;0;0;1;0.7;1;0;1;0;1;14,808;10,466;12,782;2,827;4;0;2;0;1;0;0;0;0;0;0;4;3;4;6;4;5;5;3.53;5;01:51;01:19;01:33;7;5;7;67%;75%;19;28;833;0.77;729;710;57;0;0;0;0;17 minutes;0;0;1;1;371;648;8%;6%;71%
Infamous Bounty;4047;0;0;41;388.17;41;41;1;9.47;0;0;0;0;0;0;0;0;0;0;0;0;0;0;0;0;0;0;0;0;0;0;0;0;0;0;2,096;19,867;2,096;2,081;0;0;0;0;0;0;0;0;0;0;0;0;0;0;0;0;0;0;0;0;0;0;0;0;0;0;0;0;0;0;0;0;0;45;2;0;0;0;0;1 minute;0;0;1;1;33;45;4%;0;0
iSttoooLen;3977;0;0;2,129;3,988.02;2,129;830;4;7.49;3;6;3;3;5.62;3;2;0.75;0;0;0;0;0;0;1;2;1;0;0;1;1.87;1;1;1;0;0;2,646;4,958;2,646;698;2;0;3;1;1;2;0;0;0;0;0;0;0;0;1;2;1;1;1.87;1;00:09;00:17;00:09;3;6;3;72%;72%;37;51;244;0.88;244;182;31;0;0;0;0;4 minutes;0;0;1;1;48;79;17%;0;0
Itothean511;3963;1;0;2,863;1,622.41;1,527;805;11;6.23;26;15;12;14;7.93;8;4;1.27;0;0;0;0;0;0;9;5;6;0;0;7;3.96;5;1;2;0;1;25,251;14,311;11,637;6,333;4;0;4;2;1;2;0;0;0;0;0;7;4;4;7;4;3;7;3.96;6;00:13;00:07;00:06;8;5;5;80%;90%;34;42;484;0.38;310;824;28;0;0;0;0;21 minutes;0;0;1;1;565;733;3%;2%;29%
ItsCONRAD;3497;0;0;69,334;4,371.97;4,721;2,005;116;7.31;127;8;12;165;10.4;14;11;1.42;0;0;0;0;0;0;100;6;1;0;0;47;2.96;6;11;16;0;4;85,383;5,384;6,598;3,615;11;0;27;12;3;13;2;0.12;1;0;0;64;4;5;82;5;6;74;4.66;11;16:28;01:02;01:37;119;8;9;58%;100%;442;758;0;0;0;5,334;767;2;0.12;1;0;3 hours;05:28;0;1;1;2,205;3,736;14%;33%;27%
iUnExpected;4065;0;0;4,729;3,450.48;3,774;1,207;15;10.94;23;17;15;19;13.86;13;3;1.26;0;0;0;0;0;0;11;8;10;0;0;3;2.18;2;1;1;0;0;15,010;10,953;12,129;2,741;3;0;2;0;0;1;0;0;0;0;0;6;4;3;9;7;7;4;2.91;3;02:48;02:03;01:28;11;8;7;80%;83%;68;85;709;0.59;709;737;57;0;0;0;0;19 minutes;01:12;0;1;1;365;558;7%;8%;27%
IX HALFBREED XI;2667;0;0;735;4,146.2;735;325;3;16.92;0;0;0;0;0;0;0;0;0;0;0;0;0;0;1;6;1;0;0;0;0;0;0;0;0;0;1,305;7,359;1,305;889;0;0;1;0;0;0;0;0;0;0;0;0;0;0;1;6;1;0;0;0;0;0;0;0;0;0;12%;12%;1;8;100;0.6;100;66;3;0;0;0;0;2 minutes;0;0;1;1;33;49;4%;0;0
JDaawg23;2231;0;0;578;1,823.15;331;331;2;6.3;0;0;0;2;6.3;2;2;1;0;0;0;0;0;0;2;6;2;0;0;0;0;0;0;0;0;0;574;1,809;450;450;2;0;1;0;0;0;0;0;0;0;0;0;0;0;0;0;0;0;0;0;00:12;00:40;00:12;0;0;0;33%;33%;1;3;61;0.56;61;41;7;0;0;0;0;1 minute;0;0;0;0;13;35;17%;0;0
Jesus Christ YO;2381;0;0;3,361;1,451.86;2,285;780;16;6.91;14;6;8;7;3.02;3;2;0.43;0;0;0;0;0;0;3;1;1;1;0;1;0.43;1;2;2;0;0;5,099;2,202.82;3,014;1,485;2;0;2;0;1;0;0;0;0;0;0;3;1;2;5;2;3;1;0.43;1;00:44;00:19;00:22;7;3;4;22%;50%;5;22;0;0;0;496;37;0;0;0;0;17 minutes;0;0;0;0;169;447;7%;5%;0
JoboRulz;0;0;0;4,328;5,412.43;4,328;962;8;10;10;13;10;11;13.75;11;7;1.37;0;0;0;0;0;0;0;0;0;0;0;5;6.25;5;1;1;0;0;6,292;7,869.58;6,292;1,576;7;0;1;0;1;0;0;0;0;0;0;4;5;4;3;4;3;6;7.5;6;00:28;00:35;00:28;6;8;6;60%;60%;45;75;0;0;0;338;54;1;1.25;1;0;11 minutes;0;0;1;1;124;185;15%;0;0
Josh Balzack;3495;0;0;171;519.7;171;105;3;9.13;1;3;1;1;3.04;1;1;0.33;0;0;0;0;0;0;3;9;3;0;0;1;3.04;1;0;0;0;0;2,529;7,698;2,529;1,149;1;0;2;1;0;1;0;0;0;0;0;0;0;0;0;0;0;1;3.04;1;00:06;00:19;00:06;0;0;0;56%;56%;9;16;0;0;0;83;2;1;3.04;1;0;3 minutes;0;0;1;1;31;51;2%;0;0
KEIHEI;3624;1;0;15,304;4,483.93;5,314;2,019;22;6.44;67;20;29;47;13.77;18;5;2.13;0;0;0;0;0;0;19;6;7;0;0;10;2.92;4;1;3;0;2;42,240;12,376;12,415;5,021;5;0;6;2;3;1;0;0;0;0;0;10;3;7;18;5;6;12;3.51;7;01:53;00:33;00:36;27;8;11;63%;70%;251;393;2,218;0.86;987;1,776;165;3;0.87;1;0;42 minutes;02:01;0;1;1;672;972;9%;11%;62%
Kimmy Gibbz69;4384;0;0;4,841;5,592.61;2,781;1,038;12;13.86;10;12;5;17;19.64;13;6;1.41;0;0;0;0;0;0;7;8;5;0;0;8;9.24;6;1;1;0;0;9,152;10,574;5,840;1,932;6;0;3;0;1;2;0;0;0;0;0;6;7;4;4;5;2;6;6.93;6;00:20;00:24;00:17;14;16;9;56%;65%;61;108;1,142;1.23;1,035;447;46;2;2.31;2;0;15 minutes;00:10;0;1;1;139;227;10%;13%;0
KING IZ SIIC;3430;0;0;1,656;2,972.87;1,571;610;3;5.38;9;16;9;6;10.77;6;3;2;0;0;0;0;0;0;4;7;3;0;0;2;3.59;2;0;1;0;1;4,654;8,356;4,363;1,912;3;0;1;1;0;0;0;0;0;0;0;4;7;4;2;4;2;2;3.59;2;00:30;00:55;00:20;8;14;8;93%;100%;29;31;82;0.22;82;206;15;0;0;0;0;6 minutes;01:15;0;1;1;94;142;7%;8%;100%
KJCagnoli;2883;1;0;423;777.52;423;190;4;7.35;2;4;2;6;11.02;6;3;1.5;0;0;0;0;0;0;7;13;1;0;0;2;3.67;2;1;1;0;0;6,007;11,042.88;6,007;2,282;3;0;1;0;1;0;0;0;0;0;0;1;2;1;2;4;2;1;1.83;1;00:15;00:28;00:15;2;4;2;40%;40%;2;5;0;0;0;188;7;0;0;0;0;7 minutes;0;0;1;1;111;176;3%;0;0
KoolKiran;4414;0;0;23,595;6,324.59;5,691;2,409;27;7.23;57;15;19;70;18.76;15;10;2.59;0;0;0;0;0;0;21;6;5;1;0;21;5.62;5;1;4;0;3;33,262;8,916;9,346;2,762;10;0;5;1;1;3;0;0;0;0;0;25;7;7;22;6;5;33;8.84;10;05:15;01:24;01:18;57;15;16;62%;88%;195;312;1,860;0.61;702;1,703;280;2;0.53;1;0;50 minutes;02:05;0;1;1;631;1,057;16%;17%;68%
Kypahh;3508;0;0;1,369;4,503.21;1,369;652;3;9.86;1;3;1;3;9.86;3;3;1;0;0;0;0;0;0;1;3;1;0;0;0;0;0;0;0;0;0;976;3,209;976;659;3;0;1;0;0;1;0;0;0;0;0;0;0;0;0;0;0;2;6.57;2;00:01;00:04;00:01;0;0;0;60%;60%;27;45;241;0.95;241;117;17;0;0;0;0;4 minutes;0;0;1;1;17;27;14%;0;0
LanceHasPants;3461;0;0;24,580;6,154.1;6,344;2,026;30;7.51;53;13;14;57;14.27;18;9;1.9;0;0;0;0;0;0;43;11;12;0;0;20;5;6;0;4;1;3;38,360;9,604;10,189;7,793;9;0;13;4;3;7;1;0.25;1;0;0;11;3;5;17;4;4;28;7.01;9;06:30;01:37;02:42;32;8;12;62%;77%;204;324;3,861;1.39;837;1,822;268;5;1.25;3;0;46 minutes;04:23;2;1;1;777;1,157;14%;22%;80%
LEGENDARYWARIOR;3639;0;0;13,425;2,653.27;2,411;1,424;55;10.87;67;13;16;42;8.3;8;5;0.76;0;0;0;0;0;0;49;10;13;0;0;5;0.98;2;2;5;1;2;38,958;7,700;8,907;2,039;5;0;8;3;0;5;0;0;0;0;0;20;4;4;22;4;4;17;3.35;4;09:52;01:57;02:04;47;9;9;73%;93%;34;46;3,224;0.74;523;1,402;116;0;0;0;0;1 hour;0;2;1;1;891;1,288;8%;15%;45%
Leveyez;3389;0;0;5,955;10,591.54;5,955;1,939;6;10.67;12;21;12;12;21.34;12;7;2;0;0;0;0;0;0;8;14;8;0;0;3;5.33;3;1;1;0;0;4,939;8,785;4,939;1,766;7;0;1;1;0;0;0;0;0;0;0;4;7;4;4;7;4;7;12.45;7;01:12;02:09;01:12;10;18;10;0;0;0;0;640;1.18;640;252;47;0;0;0;0;9 minutes;0;0;1;1;160;248;18%;0;0
limited death;0;0;0;11,916;2,926.3;3,738;1,005;48;11.78;52;13;17;30;7.36;9;5;0.62;0;0;0;0;0;0;25;6;1;0;0;5;1.22;2;3;4;0;1;30,120;7,396.48;9,678;3,464;5;0;8;3;2;3;1;0.24;1;0;0;27;7;8;24;6;8;14;3.43;4;05:12;01:16;01:32;38;9;12;65%;83%;21;32;0;0;0;1,689;120;1;0.24;1;0;55 minutes;02:04;1;1;1;901;1,601;7%;8%;29%
limmme;3478;3;0;93,511;3,346.48;5,106;2,023;233;8.33;440;16;33;296;10.59;24;7;1.27;0;0;0;0;0;0;172;6;11;2;0;59;2.11;8;11;28;2;15;244,021;8,733;13,687;3,920;7;0;39;8;8;24;1;0.03;1;5;1;141;5;11;117;4;7;135;4.83;12;41:20;01:28;02:55;274;10;18;60%;100%;107;177;11,128;0.49;779;10,831;806;4;0.14;2;0;6 hours;08:41;0;1;1;5,825;10,360;7%;13%;52%
Little Bran;3936;0;0;1,212;2,278.99;1,212;371;5;9.4;5;9;5;3;5.64;3;1;0.6;0;0;0;0;0;0;3;6;3;0;0;0;0;0;1;1;0;1;3,308;6,220;3,308;1,636;1;0;1;0;1;1;0;0;0;0;0;2;4;2;2;4;2;0;0;0;00:47;01:28;00:47;3;6;3;91%;91%;11;12;168;0.59;168;104;16;0;0;0;0;4 minutes;0;0;1;1;42;78;15%;0;100%
LORDxSUWU;2857;0;0;1,857;2,754.89;1,138;1,109;4;5.93;1;1;1;1;1.48;1;1;0.25;0;0;0;0;0;0;1;1;1;0;0;1;1.48;1;1;1;0;0;1,663;2,467;1,001;663;1;0;1;0;1;0;0;0;0;0;0;0;0;0;0;0;0;0;0;0;00:06;00:09;00:06;0;0;0;55%;56%;21;38;200;0.68;200;144;24;1;1.48;1;0;4 minutes;0;0;0;1;32;68;16%;0;0
Lycanz;4036;1;0;117,376;5,982.7;8,447;3,088;189;9.63;178;9;15;315;16.05;31;8;1.66;0;0;0;0;0;0;162;8;1;3;0;122;6.21;13;6;20;2;12;93,836;4,782.88;8,476;2,330;8;0;53;18;11;24;6;0.3;2;3;1;104;5;11;128;7;9;112;5.7;14;22:52;01:09;01:37;231;12;21;53%;100%;351;656;0;0;0;6,163;1,310;19;0.96;3;0;3 hours;28:34;8;1;1;2,900;4,722;21%;36%;59%
MajorCris;3262;0;0;12,000;4,347.15;3,116;1,912;13;4.7;16;6;6;24;8.69;6;5;1.84;0;0;0;0;0;0;9;3;1;0;0;9;3.26;3;0;3;0;2;18,060;6,542.21;4,122;3,220;5;0;5;3;0;2;0;0;0;0;0;10;4;5;11;4;3;8;2.89;2;00:45;00:16;00:17;16;6;6;71%;88%;283;398;0;0;0;1,141;155;0;0;0;0;29 minutes;01:22;0;1;1;226;334;13%;21%;85%
Mano Brawl BR;4015;2;0;7,827;2,593.27;2,756;1,839;17;5.63;30;10;11;35;11.59;13;6;2.05;0;0;0;0;0;0;13;4;1;0;0;20;6.62;7;0;3;0;3;14,959;4,956.35;5,346;3,799;6;0;6;2;3;1;1;0.33;1;0;0;6;2;2;9;3;3;5;1.65;3;01:30;00:30;01:11;12;4;4;66%;89%;166;249;0;0;0;825;101;10;3.31;6;0;30 minutes;0;0;1;1;204;318;12%;25%;89%
Maxxon Charge;3705;1;0;104,224;7,176.68;10,415;4,617;101;6.95;229;16;19;235;16.18;24;8;2.32;0;0;0;0;0;0;144;10;1;5;0;59;4.06;8;5;15;1;9;120,528;8,299.35;11,170;4,219;8;0;30;10;7;13;3;0.2;1;0;0;124;9;12;102;7;8;91;6.26;11;12:52;00:53;01:41;190;13;16;58%;100%;1,182;2,008;0;0;0;8,292;1,198;7;0.48;1;0;3 hours;04:49;0;1;1;2,453;4,173;14%;48%;60%
mcir3000;2958;0;0;27,685;5,786.41;4,481;2,451;28;5.85;32;7;6;44;9.19;10;5;1.57;0;0;0;0;0;0;31;6;1;0;0;19;3.97;7;1;5;2;2;29,211;6,105.38;6,929;2,821;5;0;11;4;3;4;0;0;0;0;0;12;3;3;17;4;3;25;5.22;7;02:20;00:29;00:37;32;7;6;63%;75%;185;291;0;0;0;1,830;282;1;0.2;1;0;50 minutes;00:04;1;1;1;750;1,231;15%;28%;31%
me10005;3652;1;0;1,538;1,537.69;1,538;476;7;7;11;11;11;4;4;4;2;0.57;0;0;0;0;0;0;6;6;6;0;0;1;1;1;0;1;0;1;12,609;12,609;12,609;3,116;2;0;2;0;1;1;0;0;0;0;0;4;4;4;5;5;5;3;3;3;01:56;01:56;01:56;8;8;8;50%;50%;8;16;527;0.65;527;414;18;1;1;1;0;13 minutes;00:02;0;1;1;240;377;4%;4%;100%
MercenaryXPO;4270;0;0;1,047;2,567.32;1,047;354;3;7.35;0;0;0;1;2.45;1;1;0.33;0;0;0;0;0;0;4;10;4;0;0;0;0;0;0;0;0;0;1,675;4,105;1,675;1,099;1;0;1;0;0;1;0;0;0;0;0;0;0;0;1;2;1;0;0;0;00:00;00:02;00:00;1;2;1;77%;77%;7;9;0;0;0;95;8;0;0;0;0;2 minutes;0;0;1;1;50;76;8%;0;0
Mercy MD;2826;1;0;8,276;5,308.96;4,589;1,090;18;11.54;25;16;16;21;13.47;13;4;1.16;0;0;0;0;0;0;18;12;9;0;0;7;4.49;5;1;2;0;1;22,492;14,428;15,295;4,373;4;0;2;1;2;0;2;1.28;2;0;0;5;3;4;9;6;4;7;4.49;4;01:19;00:51;00:59;15;10;9;68%;72%;112;164;904;0.58;696;899;71;0;0;0;0;25 minutes;0;0;1;1;373;562;7%;0;54%
MisterToli X;3151;0;0;13,007;5,597.81;4,857;1,443;36;15.49;37;16;25;41;17.64;23;6;1.13;0;0;0;0;0;0;41;18;17;2;0;15;6.45;9;1;2;0;1;18,409;7,922;10,354;1,326;6;0;5;3;0;2;1;0.43;1;0;0;8;3;7;13;6;7;10;4.3;6;02:00;00:51;01:32;23;10;14;52%;57%;39;74;2,226;1.02;1,556;716;155;4;1.72;3;0;36 minutes;02:05;0;1;1;350;555;21%;24%;43%
miya456;2442;0;0;17,943;2,742.82;3,629;1,092;57;8.71;41;6;15;50;7.64;14;4;0.87;0;0;0;0;0;0;42;6;1;0;0;19;2.9;5;3;7;0;3;35,237;5,386.44;9,827;2,147;4;0;10;2;4;5;0;0;0;0;0;16;2;5;28;4;10;23;3.51;8;08:05;01:14;02:43;33;5;7;56%;100%;70;123;0;0;0;1,976;204;2;0.3;1;0;1 hour;01:03;0;1;1;897;1,702;10%;50%;48%
MoraCombo;4279;1;0;3,572;5,314.64;3,572;1,068;6;8.92;13;19;13;10;14.87;10;4;1.66;0;0;0;0;0;0;5;7;5;0;0;0;0;0;0;1;0;1;8,021;11,935;8,021;2,807;4;0;1;0;1;1;0;0;0;0;0;5;7;5;4;6;4;3;4.46;3;01:20;02:00;01:20;7;10;7;54%;54%;25;46;556;1.13;556;343;42;0;0;0;0;8 minutes;01:19;0;1;1;164;247;12%;0;100%
MVB Kealoha Koa;2291;0;0;760;5,450.57;760;760;2;14.33;4;29;4;3;21.5;3;3;1.5;0;0;0;0;0;0;1;7;1;0;0;0;0;0;0;0;0;0;2,221;15,921;2,221;1,996;3;0;1;0;0;0;0;0;0;0;0;1;7;1;1;7;1;1;7.16;1;00:02;00:16;00:02;1;7;1;50%;50%;5;10;182;1.35;182;97;9;0;0;0;0;2 minutes;0;0;1;1;48;76;9%;0;100%
My BRs Dyslexic;3567;0;0;40,367;4,751.58;5,394;1,779;78;9.18;115;14;17;143;16.83;17;10;1.83;0;0;0;0;0;0;101;12;16;0;0;50;5.88;10;5;8;0;3;60,205;7,087;10,975;2,948;10;0;19;6;3;10;2;0.23;1;3;1;36;4;7;34;4;5;69;8.12;12;18:30;02:10;02:28;79;9;11;64%;85%;192;300;5,656;0.81;1,187;2,405;389;6;0.7;1;0;1 hour;11:47;0;1;1;1,204;1,771;16%;14%;40%
Newt Lev;2659;0;0;5,756;5,950.45;2,145;1,377;9;9.3;10;10;5;10;10.33;5;4;1.11;0;0;0;0;0;0;8;8;1;0;0;5;5.16;1;1;1;0;0;434;449;434;1,956;4;0;3;2;1;0;0;0;0;0;0;0;0;0;2;2;2;3;3.1;2;00:08;00:08;00:06;4;4;4;45%;75%;10;22;0;0;0;298;61;2;2.06;1;0;12 minutes;0;1;1;1;136;252;20%;22%;15%
NitroFPS;4200;1;0;27,418;5,952.12;4,929;1,998;36;7.81;81;18;24;105;22.79;21;11;2.91;0;0;0;0;0;0;50;11;10;0;0;28;6.07;7;1;5;0;3;40,175;8,722;8,417;3,680;11;0;13;2;4;7;1;0.21;1;3;2;42;9;9;26;6;7;48;10.42;11;06:53;01:29;03:06;78;17;15;63%;75%;270;423;3,747;0.98;975;2,051;313;3;0.65;1;0;1 hour;12:18;0;1;1;740;1,179;15%;18%;72%
NoT x GER Beans;3390;0;0;25,205;5,325.07;5,353;2,056;44;9.29;58;12;16;55;11.61;17;9;1.25;0;0;0;0;0;0;38;8;8;0;0;17;3.59;5;3;5;0;1;32,888;6,948;9,749;3,010;9;0;8;3;1;3;1;0.21;1;0;0;17;4;6;16;3;4;20;4.22;12;03:14;00:40;01:42;40;8;11;57%;100%;84;145;2,406;0.66;691;1,504;241;2;0.42;1;0;1 hour;01:03;0;1;1;732;1,198;16%;25%;31%
o Kapow;3124;0;0;450;5,142.59;450;450;2;22.85;2;23;2;2;22.85;2;1;1;0;0;0;0;0;0;1;11;1;0;0;0;0;0;0;0;0;0;1,075;12,289;1,075;1,075;1;0;0;0;0;0;0;0;0;0;0;0;0;0;0;0;0;0;0;0;00:02;00:24;00:02;0;0;0;50%;50%;3;6;0;0;0;32;4;0;0;0;0;1 minute;0;0;1;1;15;20;12%;12%;0
ObiwanKi11n00by;3672;0;0;95,636;6,403.28;10,639;3,213;133;8.9;139;9;15;269;18.01;33;10;2.02;0;0;0;0;0;0;103;7;17;1;0;79;5.28;10;6;15;2;7;97,010;6,495;10,835;4,478;10;0;26;8;4;13;1;0.06;1;0;0;46;3;6;64;4;7;98;6.56;22;11:13;00:45;01:46;168;11;16;55%;100%;707;1,270;13,687;1.08;1,990;5,554;979;9;0.6;2;0;3 hours;05:42;0;1;1;1,650;2,949;17%;19%;48%
OKGo Joshie;4000;0;0;4,801;5,487.1;3,060;1,897;7;7.99;19;22;11;17;19.42;9;7;2.42;0;0;0;0;0;0;6;7;4;0;0;5;5.71;3;0;1;0;1;9,580;10,948;5,123;2,760;7;0;1;1;0;1;0;0;0;0;0;5;6;3;5;6;3;5;5.71;3;00:49;00:56;00:42;12;14;6;54%;75%;17;31;1,117;1.4;787;431;50;1;1.14;1;0;13 minutes;01:07;0;1;1;234;364;11%;0;65%
Ouijaveli;4071;0;0;2,623;2,997.65;1,810;1,107;7;8;6;7;5;1;1.14;1;1;0.14;0;0;0;0;0;0;2;2;2;0;0;0;0;0;1;1;0;0;9,124;10,427;5,258;4,006;1;0;3;1;1;1;0;0;0;0;0;2;2;2;3;3;2;1;1.14;1;00:01;00:01;00:01;2;2;1;72%;74%;78;108;415;0.75;240;392;25;0;0;0;0;9 minutes;0;0;1;1;127;173;6%;0;30%
OUT M3 RK ED;3749;1;0;62,752;6,431.41;7,352;2,796;93;9.53;152;16;33;155;15.88;28;11;1.66;0;0;0;0;0;0;79;8;11;1;0;46;4.71;8;4;10;1;5;31,528;3,231;13,178;4,853;11;0;25;7;7;12;2;0.2;1;4;2;53;5;9;60;6;8;69;7.07;18;10:49;01:06;03:08;116;12;18;61%;100%;217;352;2,630;0.32;756;4,521;721;4;0.4;2;0;2 hours;08:39;0;1;1;2,365;3,757;15%;18%;50%
ParalyzingFrost;3000;7;0;208,596;4,923.97;10,722;2,574;370;8.73;587;14;27;612;14.44;35;11;1.65;0;0;0;0;0;0;360;8;1;1;0;194;4.57;13;21;42;2;20;386,450;9,122.27;12,738;4,717;11;0;46;7;13;25;12;0.28;2;0;0;314;7;16;302;7;12;213;5.02;19;36:20;00:51;03:44;502;12;23;57%;100%;1,965;3,391;0;0;0;21,984;2,442;35;0.82;4;0;9 hours;23:46;5;1;1;8,981;14,899;11%;18%;46%
phantom fluid;2280;0;0;327;726.1;327;188;3;6.66;2;4;2;0;0;0;0;0;0;0;0;0;0;0;0;0;0;0;0;0;0;0;0;0;0;0;1,586;3,525.08;1,586;717;0;0;0;0;0;0;0;0;0;0;0;1;2;1;1;2;1;0;0;0;00:15;00:34;00:15;1;2;1;55%;55%;21;38;0;0;0;150;8;0;0;0;0;3 minutes;0;2;1;1;40;73;5%;5%;0
Ponders;3669;0;0;8,690;4,363.11;3,628;982;27;13.55;19;10;9;14;7.02;8;4;0.51;0;0;0;0;0;0;3;2;1;0;0;4;2;3;0;2;1;0;13,823;6,940.32;4,765;2,488;4;0;4;2;2;1;0;0;0;0;0;9;5;4;13;7;4;10;5.02;4;02:18;01:09;01:36;13;7;7;60%;80%;112;185;0;0;0;1,138;108;0;0;0;0;28 minutes;0;0;1;1;394;755;9%;11%;18%
pooptasticpoop;4015;1;0;49,205;5,982.51;8,478;2,605;77;9.36;120;15;24;137;16.65;32;9;1.77;0;0;0;0;0;0;56;7;10;1;0;48;5.83;10;3;8;1;4;77,673;9,444;10,955;3,626;9;0;15;4;2;9;0;0;0;0;0;59;7;12;43;5;6;51;6.2;18;08:41;01:03;02:31;109;13;21;59%;78%;436;731;5,259;0.73;994;4,347;574;4;0.48;3;0;1 hour;08:44;0;1;1;1,662;2,842;13%;18%;50%
PRAXIS UnLeashD;3914;5;0;364,727;6,262.23;10,721;4,526;498;8.55;826;14;32;850;14.59;27;11;1.7;0;0;0;0;0;0;596;10;22;5;0;227;3.89;9;28;58;3;27;495,833;8,513;16,720;6,049;11;0;118;33;20;65;11;0.18;2;3;2;288;5;10;341;6;10;390;6.69;13;01:23:51;01:26;04:10;583;10;22;67%;100%;5,150;7,609;46,871;0.96;1,855;29,902;3,976;36;0.61;3;0;13 hours;51:19;9;1;1;9,566;14,340;13%;57%;46%
Prunester;3701;0;0;40,322;5,384.23;6,106;2,299;62;8.27;98;13;19;134;17.89;23;7;2.16;0;0;0;0;0;0;56;7;1;0;0;41;5.47;8;2;7;0;5;54,036;7,215.46;9,285;4,474;7;0;18;9;6;3;1;0.13;1;3;1;34;5;8;32;4;5;40;5.34;11;06:22;00:51;01:44;84;11;15;63%;70%;59;93;0;0;0;2,686;413;6;0.8;2;1;1 hour;06:00;5;1;1;1,484;2,468;15%;22%;70%
qosh;3520;0;0;28,452;5,789.99;5,711;2,892;32;6.51;53;11;17;54;10.98;14;11;1.68;0;0;0;0;0;0;52;11;12;0;0;19;3.86;5;3;5;0;2;39,421;8,022;7,710;4,313;11;0;9;2;2;5;0;0;0;0;0;18;4;7;23;5;5;18;3.66;6;06:16;01:16;03:51;40;8;11;64%;85%;260;404;2,238;0.59;573;2,075;306;2;0.4;2;0;1 hour;02:11;0;1;1;784;1,244;14%;25%;34%
QuantumPlanck;2606;3;0;41,670;2,959.74;5,350;1,884;91;6.46;123;9;17;106;7.52;13;8;1.16;0;0;0;0;0;0;73;5;11;0;0;23;1.63;5;6;14;0;8;101,364;7,200;14,873;4,954;8;0;19;4;4;10;0;0;0;0;0;34;2;6;29;2;4;47;3.33;7;07:30;00:31;01:21;63;4;10;65%;100%;1,537;2,334;8,673;0.93;973;7,134;491;3;0.21;1;0;2 hours;00:12;3;1;1;1,377;2,437;6%;17%;56%
REC xD;3854;0;0;2,869;9,841.16;2,869;1,471;3;10.28;4;14;4;4;13.71;4;3;1.33;0;0;0;0;0;0;4;14;4;0;0;2;6.85;2;0;0;0;0;1,843;6,320;1,843;942;3;0;0;0;0;0;0;0;0;0;0;2;7;2;2;7;2;2;6.85;2;00:13;00:46;00:13;3;10;3;50%;50%;4;8;127;0.44;127;151;37;0;0;0;0;4 minutes;0;0;1;1;83;133;24%;24%;0
Red Faze;3559;1;0;6,759;2,468.15;3,323;1,361;22;8.03;33;12;15;25;9.12;14;5;1.13;0;0;0;0;0;0;16;6;9;0;0;11;4.01;5;0;3;0;3;24,131;8,811;10,486;4,628;5;0;4;1;1;2;0;0;0;0;0;13;5;6;10;4;4;9;3.28;6;01:43;00:37;00:47;19;7;8;57%;100%;115;200;1,471;0.72;628;1,192;69;0;0;0;0;33 minutes;00:20;0;1;1;423;782;5%;25%;96%
Redopz;2422;0;0;2,382;4,592.92;2,382;1,004;6;11.56;4;8;4;8;15.42;8;7;1.33;0;0;0;0;0;0;2;4;1;0;0;7;13.49;7;1;1;0;0;4,720;9,101;4,720;1,576;7;0;2;1;1;0;0;0;0;0;0;0;0;0;5;10;5;6;11.56;6;02:20;04:31;02:20;0;0;0;47%;47%;17;36;0;0;0;263;29;0;0;0;0;8 minutes;0;0;1;1;120;186;11%;11%;0
RedSlashMarley;2276;0;0;3,052;2,231.04;847;546;12;8.77;8;6;4;6;4.38;2;2;0.5;0;0;0;0;0;0;8;6;3;0;0;1;0.73;1;1;1;0;0;3,081;2,252;1,608;749;2;0;3;1;2;1;0;0;0;0;0;1;1;1;2;1;1;5;3.65;2;00:43;00:31;00:22;5;4;3;49%;69%;33;67;298;0.44;196;263;31;0;0;0;0;11 minutes;0;0;1;1;70;127;11%;10%;0
Reinforg;4005;1;0;11,069;5,534.61;5,666;2,292;14;7;33;17;17;32;16;17;10;2.28;0;0;0;0;0;0;12;6;7;0;0;8;4;6;0;2;1;1;19,695;9,847;11,361;2,919;10;0;3;1;1;1;0;0;0;3;1;4;2;4;12;6;6;15;7.5;8;02:42;01:21;01:30;18;9;11;58%;64%;135;230;1,118;0.65;565;1,261;135;0;0;0;0;28 minutes;04:14;0;1;1;437;789;10%;10%;50%
Repure;4125;1;0;14,269;7,175;7,720;2,074;26;13.07;39;20;26;40;20.11;31;7;1.53;0;0;0;0;0;0;16;8;9;1;0;11;5.53;6;0;2;1;1;28,049;14,104;15,371;3,153;7;0;3;1;1;1;2;1;1;4;2;26;13;15;15;8;9;15;7.54;12;01:39;00:50;01:20;49;25;30;68%;72%;144;211;2,449;1.05;1,475;1,363;143;0;0;0;0;38 minutes;02:45;3;1;1;574;926;10%;7%;50%
Rodney2210;2983;0;0;1,386;3,386.34;982;689;5;12.22;1;2;1;3;7.33;3;1;0.6;0;0;0;0;0;0;3;7;2;0;0;1;2.44;1;0;0;0;0;2,807;6,861;2,287;952;1;0;0;0;0;0;0;0;0;0;0;2;5;2;1;2;1;0;0;0;00:04;00:09;00:03;3;7;3;71%;73%;28;39;73;0.28;48;130;15;0;0;0;0;4 minutes;0;0;1;1;33;51;11%;0;0
Sakaine08;2840;2;0;28,490;2,879.34;4,477;1,309;90;9.09;81;8;14;71;7.17;10;8;0.78;0;0;0;0;0;0;44;4;6;4;0;16;1.61;4;6;10;1;3;68,021;6,875;10,059;3,231;8;0;13;1;7;4;1;0.1;1;0;0;19;2;4;18;2;4;34;3.43;8;09:07;00:55;01:43;45;5;9;63%;100%;240;377;7,658;1.09;1,118;4,051;319;2;0.2;1;0;1 hour;00:30;0;1;1;1,723;3,279;7%;10%;31%
Scobley;0;0;0;1,472;5,415.97;1,472;851;3;11.04;6;22;6;3;11.04;3;3;1;0;0;0;0;0;0;2;7;2;0;0;1;3.68;1;0;0;0;0;2,211;8,137;2,211;913;3;0;1;1;0;0;0;0;0;0;0;3;11;3;1;4;1;1;3.68;1;00:48;02:57;00:48;3;11;3;63%;63%;7;11;242;1.01;242;143;19;0;0;0;0;3 minutes;0;0;1;1;72;120;13%;0;100%
Semitaur;3893;0;0;2,038;4,886.63;2,038;866;4;9.59;3;7;3;2;4.79;2;2;0.5;0;0;0;0;0;0;3;7;3;0;0;1;2.39;1;0;0;0;0;2,511;6,021;2,511;870;2;0;0;0;0;0;0;0;0;0;0;0;0;0;0;0;0;0;0;0;0;0;0;2;5;2;68%;68%;33;48;388;1.32;388;159;22;0;0;0;0;4 minutes;0;0;1;1;47;63;13%;13%;0
SharkBaitWuHaHa;3615;0;0;1,417;3,827.65;1,417;581;5;13.5;1;3;1;1;2.7;1;1;0.2;0;0;0;0;0;0;5;14;5;0;0;1;2.7;1;0;0;0;0;3,195;8,630;3,195;1,099;1;0;0;0;0;0;0;0;0;0;0;0;0;0;1;3;1;0;0;0;00:00;00:01;00:00;0;0;0;0;0;0;0;200;0.7;200;105;13;1;2.7;1;0;4 minutes;0;0;1;1;70;104;12%;12%;0
Shel633;3328;0;0;5,742;4,163.92;3,919;1,088;17;12.32;4;3;3;6;4.35;3;2;0.35;0;0;0;0;0;0;8;6;5;0;0;2;1.45;1;1;1;0;0;8,301;6,020;4,439;1,665;2;0;4;1;1;2;0;0;0;0;0;0;0;0;3;2;2;3;2.17;2;02:01;01:27;01:41;3;2;2;61%;77%;35;57;652;0.72;325;435;69;0;0;0;0;15 minutes;0;0;1;1;187;318;15%;18%;0
Shmedium Undies;0;0;0;2,556;5,403.69;1,737;1,328;4;8.45;5;11;4;1;2.11;1;1;0.25;0;0;0;0;0;0;5;11;3;2;0;1;2.11;1;0;0;0;0;3,461;7,318;1,771;978;1;0;2;0;1;0;0;0;0;0;0;1;2;1;3;6;2;0;0;0;00:10;00:22;00:05;2;4;2;64%;65%;18;28;377;1.14;277;208;31;0;0;0;0;5 minutes;0;0;1;1;78;149;14%;0;0
Sinature;3736;0;0;3,013;2,611.81;3,013;2,267;3;2.6;1;1;1;5;4.33;5;5;1.66;0;0;0;0;0;0;3;3;3;0;0;1;0.86;1;1;1;0;0;1,892;1,640;1,892;1,355;5;0;1;1;0;0;0;0;0;0;0;0;0;0;2;2;2;3;2.6;3;00:41;00:36;00:41;0;0;0;0;0;0;0;278;0.76;278;151;35;0;0;0;0;6 minutes;0;0;1;1;86;149;23%;23%;0
Skittle Kitteh;3686;0;0;2,640;7,342.67;2,640;975;6;16.68;6;17;6;8;22.25;8;4;1.33;0;0;0;0;0;0;5;14;5;1;0;2;5.56;2;0;0;0;0;4,119;11,458;4,119;1,486;4;0;1;0;0;0;0;0;0;0;0;0;0;0;3;8;3;7;19.47;7;01:09;03:12;01:09;5;14;5;72%;72%;13;18;294;0.78;294;164;22;1;2.78;1;0;6 minutes;0;0;1;1;87;125;13%;0;0
SlowWhelp151488;4223;11;0;75,077;4,090.31;6,881;2,276;125;6.81;285;16;24;271;14.76;27;12;2.16;0;0;0;0;0;0;167;9;13;4;0;72;3.92;8;5;18;2;12;174,025;9,481;13,305;5,766;12;0;31;7;14;10;4;0.21;1;0;0;124;7;14;88;5;7;105;5.72;13;21:14;01:09;02:30;236;13;26;61%;85%;788;1,273;15,421;1.19;1,558;7,267;808;12;0.65;3;0;3 hours;25:01;8;1;1;2,969;4,633;11%;23%;63%
spirit murderer;3425;0;0;827;3,461.02;827;783;1;4.18;1;4;1;2;8.37;2;2;2;0;0;0;0;0;0;1;4;1;0;0;0;0;0;0;0;0;0;309;1,292;309;202;2;0;0;0;0;0;0;0;0;0;0;0;0;0;0;0;0;0;0;0;0;0;0;0;0;0;63%;63%;14;22;0;0;0;61;9;0;0;0;0;1 minute;0;0;0;0;6;17;14%;14%;100%
SQ1B;3231;3;0;48,631;3,128.23;5,086;2,028;129;8.29;192;12;19;156;10.03;15;10;1.2;0;0;0;0;0;0;103;7;11;1;0;32;2.05;6;7;16;0;8;118,827;7,644;15,047;4,359;10;0;28;5;8;15;0;0;0;3;1;62;4;11;57;4;6;79;5.08;10;24:16;01:33;03:06;123;8;15;55%;100%;148;266;7,387;0.65;822;4,777;519;3;0.19;1;0;3 hours;02:19;0;1;1;2,564;4,188;10%;16%;53%
STICKYFING8RS;3403;0;0;4,301;3,180.21;2,035;706;15;11.09;6;4;3;4;2.95;3;1;0.26;0;0;0;0;0;0;10;7;6;0;0;0;0;0;1;1;0;0;7,371;5,450;4,610;1,819;1;0;2;1;0;1;0;0;0;0;0;3;2;3;5;4;2;1;0.73;1;00:17;00:12;00:14;4;3;3;50%;100%;42;84;325;0.32;200;529;48;0;0;0;0;16 minutes;0;0;1;1;186;356;9%;0;0
SupaNoobGuy;3813;1;0;119,605;7,244.44;10,666;3,429;126;7.63;209;13;25;293;17.74;30;11;2.32;0;0;0;0;0;0;138;8;1;4;0;106;6.42;13;5;17;2;9;114,432;6,931.11;11,607;3,434;11;0;36;12;5;19;5;0.3;2;0;0;132;8;15;128;8;13;120;7.26;16;19:57;01:12;01:47;222;13;23;62%;100%;1,142;1,835;0;0;0;8,011;1,438;20;1.21;3;0;3 hours;17:49;1;1;1;2,658;4,212;17%;26%;56%
TaRaNtUlAxBaUeR;0;0;0;1,395;4,424.42;1,395;495;4;12.68;0;0;0;5;15.85;5;2;1.25;0;0;0;0;0;0;3;10;3;0;0;1;3.17;1;0;0;0;0;1,647;5,223;1,647;773;2;0;0;0;0;0;0;0;0;0;0;0;0;0;0;0;0;2;6.34;2;00:06;00:19;00:06;0;0;0;57%;57%;27;47;284;1.26;284;134;17;1;3.17;1;0;3 minutes;0;0;0;0;16;40;12%;12%;0
Tensa;4308;3;0;37,227;5,001.98;5,232;2,177;54;7.25;117;16;30;138;18.54;24;10;2.55;0;0;0;0;0;0;49;7;10;0;0;33;4.43;4;3;7;0;5;76,898;10,332;13,261;4,289;10;0;13;3;3;7;0;0;0;4;1;50;7;9;41;6;8;44;5.91;7;06:21;00:51;01:10;122;16;24;55%;83%;155;281;3,806;0.67;575;3,185;403;0;0;0;0;1 hour;08:31;0;1;1;1,628;2,582;12%;20%;65%
Th3 B1ack On3;4012;0;0;780;3,314.89;780;335;3;12.75;1;4;1;1;4.25;1;1;0.33;0;0;0;0;0;0;3;13;3;0;0;0;0;0;0;0;0;0;2,361;10,041;2,361;1,185;1;0;0;0;0;0;0;0;0;0;0;3;13;3;1;4;1;1;4.25;1;00:03;00:15;00:03;3;13;3;76%;76%;13;17;60;0.26;60;123;10;0;0;0;0;3 minutes;0;0;1;1;51;88;8%;0;0
thats my sock;4090;0;0;536;4,552.72;536;536;1;8.49;1;8;1;0;0;0;0;0;0;0;0;0;0;0;1;8;1;0;0;0;0;0;0;0;0;0;1,695;14,409;1,695;1,695;0;0;0;0;0;0;0;0;0;0;0;1;8;1;1;8;1;0;0;0;00:00;00:03;00:00;1;8;1;60%;60%;3;5;150;1.43;150;50;6;0;0;0;0;1 minute;0;0;1;1;25;39;12%;0;100%
The Gooner 90;3747;0;0;2,678;2,555.86;1,995;1,086;1;0.95;14;13;8;10;9.54;5;5;10;0;0;0;0;0;0;1;1;1;0;0;4;3.81;2;1;1;0;0;2,187;2,087.07;1,284;802;5;0;1;0;0;0;0;0;0;0;0;1;1;1;1;1;1;5;4.77;4;01:08;01:05;00:34;5;5;3;79%;83%;43;54;0;0;0;230;33;0;0;0;0;6 minutes;00:02;0;1;1;69;121;14%;10%;40%
The Grim Grotto;2977;0;0;6,395;5,395.57;5,051;783;15;12.65;10;8;8;8;6.74;7;3;0.53;0;0;0;0;0;0;4;3;1;0;0;4;3.37;4;1;1;0;0;5,983;5,047.96;5,804;1,315;3;0;2;0;0;2;0;0;0;0;0;8;7;7;5;4;4;5;4.21;4;02:10;01:50;01:57;9;8;7;0;0;0;0;0;0;0;375;76;0;0;0;0;16 minutes;0;0;1;1;206;370;20%;28%;15%
The Shad0w Wolf;3141;3;0;45,532;3,267.09;7,907;2,681;70;5.02;151;11;17;104;7.46;17;10;1.48;0;0;0;0;0;0;81;6;9;0;0;26;1.86;5;7;14;0;7;118,241;8,484;12,094;8,216;10;0;25;9;6;10;1;0.07;1;0;0;43;3;8;44;3;4;40;2.87;7;09:50;00:42;01:54;87;6;10;74%;88%;1,295;1,741;3,970;0.39;523;5,825;544;2;0.14;1;0;2 hours;06:53;2;1;1;1,421;2,299;9%;19%;47%
thirtythree au;3634;1;0;27,337;3,885.5;8,872;2,623;34;4.83;123;17;23;105;14.92;19;9;3.08;0;0;0;0;0;0;30;4;9;1;0;30;4.26;6;1;7;1;5;66,615;9,468;19,243;5,066;9;0;12;1;1;10;2;0.28;1;0;0;22;3;6;22;3;6;44;6.25;10;10:29;01:29;03:01;65;9;12;69%;77%;384;555;3,309;0.69;619;2,976;302;3;0.42;2;0;1 hour;03:40;3;1;1;1,258;1,844;10%;12%;71%
ThudTheStud;2570;1;0;40,220;4,547.9;6,450;1,545;84;9.49;93;11;16;106;11.98;22;6;1.26;0;0;0;0;0;0;77;9;14;2;0;23;2.6;5;3;9;1;5;69,776;7,890;11,676;2,528;6;0;12;2;3;7;0;0;0;3;1;44;5;8;44;5;7;54;6.1;14;10:39;01:12;02:02;94;11;19;53%;100%;158;295;5,467;0.76;861;3,135;430;7;0.79;2;0;1 hour;03:56;0;1;1;1,494;2,500;13%;18%;52%
Toxic Depth;2612;0;0;2,396;4,062.45;2,396;1,730;1;1.69;4;7;4;2;3.39;2;2;2;0;0;0;0;0;0;5;8;1;0;0;0;0;0;0;1;0;1;1,330;2,255.69;1,330;1,003;2;0;2;2;0;1;0;0;0;0;0;0;0;0;2;3;2;1;1.69;1;00:09;00:15;00:09;0;0;0;65%;65%;26;40;0;0;0;151;29;0;0;0;0;4 minutes;0;0;1;1;45;69;19%;0;100%
Trash Like Me;2600;0;0;1,515;2,420.39;832;542;3;4.79;3;5;3;8;12.78;4;4;2.66;0;0;0;0;0;0;5;8;3;0;0;4;6.39;2;0;1;0;1;1,071;1,710;474;472;4;0;2;1;1;0;1;1.59;1;0;0;0;0;0;1;2;1;1;1.59;1;00:22;00:35;00:19;3;5;3;37%;50%;9;24;100;0.25;100;173;16;0;0;0;0;6 minutes;0;0;0;0;50;124;9%;15%;100%
Trooper X46;2102;0;0;917;2,712.28;917;348;3;8.87;4;12;4;4;11.83;4;2;1.33;0;0;0;0;0;0;4;12;4;0;0;1;2.95;1;0;0;0;0;4,121;12,194;4,121;1,924;2;0;0;0;0;0;0;0;0;0;0;0;0;0;1;3;1;0;0;0;00:13;00:40;00:13;2;6;2;40%;40%;12;30;343;1.16;343;167;10;0;0;0;0;4 minutes;0;0;1;1;60;106;5%;0;100%
Truck555;3000;2;0;99,535;3,972.02;8,583;2,121;273;10.89;274;11;23;254;10.13;18;8;0.93;0;0;0;0;0;0;202;8;1;2;0;61;2.43;6;14;25;2;10;182,874;7,297.69;11,796;3,069;8;0;38;14;12;12;0;0;0;3;1;118;5;12;144;6;9;102;4.07;8;21:38;00:51;02:15;206;8;19;60%;100%;1,003;1,660;0;0;0;9,223;1,144;7;0.27;1;0;5 hours;05:01;4;1;1;3,823;5,759;12%;25%;38%
UncleFuncleJoey;4141;0;0;1,265;3,023.75;1,265;1,165;3;7.16;2;5;2;6;14.33;6;4;2;0;0;0;0;0;0;3;7;3;0;0;2;4.77;2;0;0;0;0;2,189;5,231;2,189;1,848;4;0;1;0;1;0;0;0;0;0;0;3;7;3;1;2;1;0;0;0;00:00;00:01;00:00;6;14;6;85%;85%;6;7;147;0.85;147;88;13;0;0;0;0;2 minutes;0;0;1;1;52;73;14%;14%;0
Visper;3744;0;0;8,575;8,624.65;8,575;1,305;7;7.04;24;24;24;29;29.16;29;5;4.14;0;0;0;0;0;0;9;9;9;0;0;6;6.03;6;1;1;0;0;12,222;12,293;12,222;2,343;5;0;1;0;1;0;0;0;0;0;0;7;7;7;7;7;7;10;10.05;10;00:31;00:31;00:31;15;15;15;54%;54%;182;337;552;0.41;552;960;106;3;3.01;3;0;22 minutes;0;0;1;1;171;279;11%;0;0
vKure;4372;2;0;10,112;5,616.63;3,524;1,749;14;7.77;40;22;17;48;26.66;15;11;3.42;0;0;0;0;0;0;22;12;8;0;0;16;8.88;6;0;2;0;1;15,352;8,527;7,609;3,514;11;0;4;1;1;1;0;0;0;0;0;6;3;3;8;4;3;16;8.88;7;03:07;01:44;01:18;23;13;8;63%;100%;45;71;1,712;1.19;832;656;109;0;0;0;0;23 minutes;02:23;0;1;1;311;506;16%;13%;50%
VW GTI G0DSP33D;3460;0;0;10,289;4,542.9;3,940;1,020;30;13.24;25;11;11;33;14.56;17;3;1.1;0;0;0;0;0;0;13;6;7;0;0;10;4.41;8;1;2;0;1;20,538;9,068;7,636;3,056;3;0;5;4;0;1;0;0;0;0;0;3;1;1;7;3;4;13;5.73;6;03:33;01:34;02:00;16;7;9;56%;78%;71;125;828;0.36;393;1,392;114;1;0.44;1;0;37 minutes;0;0;0;1;523;1,135;8%;7%;58%
Wavy as;3466;0;0;12,189;5,809.21;5,844;2,784;17;8.1;23;11;10;29;13.82;14;6;1.7;0;0;0;0;0;0;10;5;4;0;0;11;5.24;5;2;2;0;0;12,570;5,991;5,874;1,975;6;0;6;1;3;2;0;0;0;0;0;4;2;2;10;5;4;15;7.14;10;02:37;01:15;01:23;20;10;11;67%;100%;90;133;1,580;1.07;745;793;141;1;0.47;1;0;24 minutes;00:36;0;1;1;353;517;17%;60%;0
Weed iHunt;3118;1;0;57,188;5,690.78;7,597;2,078;87;8.65;155;15;24;161;16.02;35;8;1.85;0;0;0;0;0;0;96;10;13;0;0;35;3.48;5;5;10;1;4;91,905;9,145;13,019;3,341;8;0;18;2;7;8;1;0.09;1;4;2;31;3;5;33;3;6;76;7.56;19;15:49;01:34;02:26;96;10;19;57%;73%;386;668;8,093;0.94;1,279;5,057;571;3;0.29;2;0;2 hours;11:17;0;1;1;2,274;3,688;11%;17%;41%
Westside Ryderz;3000;2;0;272,080;4,985.32;8,221;3,074;472;8.64;682;12;31;683;12.51;29;10;1.44;0;0;0;0;0;0;319;6;1;4;0;166;3.04;8;22;55;2;30;330,078;6,048.02;10,328;4,191;10;0;97;21;25;51;8;0.14;1;4;6;372;7;18;298;5;11;290;5.31;22;01:17:13;01:24;03:47;661;12;32;50%;83%;2,624;5,169;0;0;0;23,516;2,714;18;0.32;2;0;12 hours;19:59;4;1;1;6,875;12,880;11%;30%;55%
WSXRQ;3000;1;0;39,560;3,208.42;3,793;2,699;75;6.08;151;12;19;123;9.97;14;10;1.64;0;0;0;0;0;0;58;5;1;0;0;31;2.51;6;1;12;1;10;69,998;5,676.93;6,660;2,893;10;0;21;4;7;10;0;0;0;0;0;57;5;8;56;5;5;58;4.7;9;14:14;01:09;01:56;95;8;14;57%;100%;485;843;0;0;0;5,327;430;3;0.24;1;0;2 hours;02:19;0;1;1;1,943;3,585;8%;13%;81%
x man legending;0;1;0;5,468;3,560.18;2,268;1,001;13;8.46;7;5;5;9;5.85;6;2;0.69;0;0;0;0;0;0;6;4;1;0;0;7;4.55;5;1;2;0;1;9,294;6,051.5;5,659;2,139;2;0;2;0;1;1;0;0;0;0;0;7;5;5;8;5;0;5;3.25;2;00:04;00:02;00:03;7;5;5;62%;0;173;278;0;0;0;730;69;2;1.3;2;0;22 minutes;0;0;1;0;88;166;9%;0;46%
Xbox359ver1;0;0;0;4,655;749.13;1,521;1,521;2;0.32;4;1;2;10;1.6;4;4;5;0;0;0;0;0;0;9;1;1;0;0;4;0.64;2;6;6;0;1;4,128;664.27;1,914;1,914;4;0;2;1;1;0;0;0;0;0;0;5;1;3;5;1;2;4;0.64;2;00:11;00:01;00:11;5;1;3;46%;60%;13;28;0;0;0;604;55;2;0.32;1;0;30 minutes;00:22;0;0;1;180;543;9%;14%;11%
xHAZ4RDZx;3383;0;0;34,616;4,736.55;6,043;4,070;68;9.3;107;15;15;110;15.05;19;8;1.61;0;0;0;0;0;0;68;9;1;1;0;30;4.1;5;3;7;1;4;49,678;6,797.43;6,297;3,176;8;0;9;1;3;5;1;0.13;1;0;0;45;6;7;42;6;7;56;7.66;11;10:36;01:27;02:02;91;12;14;65%;100%;647;990;0;0;0;2,983;353;2;0.27;2;0;1 hour;09:27;1;1;1;597;961;11%;21%;53%
Xvanthious;2465;1;0;19,768;2,906.5;3,199;1,410;56;8.23;56;8;11;64;9.4;9;6;1.14;0;0;0;0;0;0;31;5;1;0;0;21;3.08;4;2;7;1;4;28,461;4,184.64;4,786;2,718;6;0;15;3;5;6;1;0.14;1;3;1;23;3;5;31;5;5;31;4.55;7;07:18;01:04;01:27;38;6;8;48%;75%;172;355;0;0;0;2,251;241;6;0.88;2;0;1 hour;00:07;7;0;1;690;1,510;10%;14%;56%
xXDrosxo13Xx;2950;0;0;2,891;2,926.64;2,076;826;7;7.08;9;9;7;3;3.03;3;2;0.42;0;0;0;0;0;0;3;3;2;0;0;0;0;0;1;1;0;0;5,521;5,589;3,270;1,881;2;0;2;1;1;1;0;0;0;0;0;2;2;2;3;3;2;1;1.01;1;00:14;00:14;00:14;3;3;3;76%;80%;33;43;926;2.07;528;264;35;0;0;0;0;7 minutes;0;0;1;1;122;175;13%;7%;0
ZanderzHD;3851;1;0;15,313;4,581.83;8,409;3,941;12;3.59;64;19;40;33;9.87;17;7;2.75;0;0;0;0;0;0;28;8;11;0;0;4;1.19;2;1;3;0;2;38,243;11,443;14,072;5,381;7;0;6;1;1;3;0;0;0;0;0;17;5;10;18;5;7;23;6.88;12;05:50;01:44;02:20;30;9;13;67%;71%;33;49;2,212;0.9;938;1,662;170;0;0;0;0;40 minutes;03:48;0;1;1;1,030;1,546;10%;14%;70%
zRiiCHiiEz;2180;0;0;554;1,954.5;491;491;2;7.05;1;4;1;2;7.05;2;2;1;0;0;0;0;0;0;2;7;1;0;0;0;0;0;0;0;0;0;408;1,438;241;207;2;0;0;0;0;0;0;0;0;0;0;0;0;0;0;0;0;2;7.05;2;00:03;00:11;00:02;2;7;2;34%;36%;10;29;0;0;0;78;6;0;0;0;0;2 minutes;00:01;0;0;1;7;20;7%;11%;76%
