Abdul Ahkbar;4001;0;0;0;3;0;0;0;0;0;0;0;109,670;19,048.63;19,630;9,831;50;8.68;166;28.83;29;14;3.32;0;0;0;0;0;0;64;13;11.11;0;0;1;92;15.97;20;2;6;0;3;0;0;0;0;14;0;0;0;17;6;6;4;0;0;0;3;4;0;0;49;8.51;9;04:54;00:51;00:56;0;0;0;28;5;6;0;0;0;2,576;593;31;5.38;5;0;1 hour;05:09;0;23%;34%;57%
AceSilver143;2260;0;0;0;1;0;0;0;0;0;0;0;26,855;10,338.67;7,673;5,151;21;8.08;34;13.08;11;7;1.61;0;0;0;0;0;0;19;8;7.31;0;0;0;22;8.46;8;1;3;0;2;0;0;0;0;7;0;0;0;4;2;1;2;0;0;0;0;0;0;0;6;2.3;2;00:37;00:14;00:15;0;0;0;4;2;3;0;0;0;524;152;7;2.69;3;0;25 minutes;0;0;29%;50%;66%
Aspire Leo;4244;0;0;0;0;0;0;0;0;0;0;0;3,413;9,017.58;3,413;1,745;4;10.56;1;2.64;1;1;0.25;0;0;0;0;0;0;2;2;5.28;0;0;0;1;2.64;1;0;0;0;0;0;0;0;0;1;0;0;0;1;1;0;0;0;0;0;0;0;0;0;0;0;0;00:00;00:01;00:00;0;0;0;1;3;1;0;0;0;79;17;0;0;0;0;3 minutes;0;0;21%;0;0
Beyond Volscian;0;0;0;0;0;0;0;0;0;0;0;0;1,873;18,024.1;1,873;1,513;1;9.62;5;48.1;5;3;5;0;0;0;0;0;0;0;0;0;0;0;0;3;28.86;3;0;0;0;0;0;0;0;0;3;0;0;0;0;0;0;0;0;0;0;0;0;0;0;3;28.86;3;00:00;00:01;00:00;0;0;0;1;10;1;0;0;0;42;14;0;0;0;0;1 minute;00:24;0;33%;0;100%
burn out 317;2534;0;0;0;0;0;0;0;0;0;0;0;9,972;7,814.56;4,256;1,803;13;10.18;13;10.18;7;5;1;0;0;0;0;0;0;7;4;5.48;0;1;0;9;7.05;5;1;1;0;0;0;0;0;0;5;0;0;0;5;0;3;2;0;0;0;0;0;0;0;4;3.13;2;00:10;00:08;00:10;0;0;0;1;1;1;0;0;0;201;54;2;1.56;1;0;9 minutes;0;0;26%;37%;0
C1ZR;4124;0;0;0;4;0;0;0;0;0;0;0;89,288;16,199.61;16,566;6,274;49;8.89;169;30.66;30;11;3.44;0;0;0;0;0;0;41;7;7.43;0;0;0;108;19.59;23;1;6;0;5;0;0;0;0;11;0;0;0;15;3;8;3;0;0;0;3;1;0;0;65;11.79;11;04:35;00:49;02:15;0;0;0;10;2;7;0;0;0;1,880;476;35;6.35;6;0;1 hour;05:44;0;25%;69%;85%
Chopper Le Porc;0;0;0;0;3;0;0;0;0;0;0;0;173,554;13,410.73;14,704;7,844;152;11.74;283;21.86;27;10;1.86;0;0;0;0;0;0;109;8;8.42;474,800;1;2;188;14.52;17;8;13;0;5;547,040;42,270;0;27;10;0;0;0;34;10;12;13;2;0.15;2;3;1;0;0;113;8.73;13;08:16;00:38;01:00;0;0;0;53;4;6;139,867;12.98;0;3,793;900;63;4.86;7;1;2 hours;10:21;5;23%;42%;40%
CHRISBREEZY0413;2912;0;0;0;1;0;0;0;0;0;0;0;114,796;12,968.9;9,932;6,868;109;12.31;170;19.2;19;12;1.55;0;0;0;0;0;0;86;8;9.71;0;0;2;86;9.71;8;5;9;1;3;0;0;0;0;12;0;0;0;27;9;12;6;1;0.11;1;0;0;0;0;62;7;10;04:21;00:29;00:50;0;0;0;17;2;2;0;0;0;2,808;607;24;2.71;4;0;1 hour;09:07;0;21%;35%;33%
Crumbly Beckra;3000;0;0;0;0;0;0;0;0;0;0;0;1,490;1,489.73;1,490;600;3;3;10;10;10;4;3.33;0;0;0;0;0;0;4;4;4;0;0;0;6;6;6;0;1;0;1;0;0;0;0;4;0;0;0;3;2;0;1;0;0;0;0;0;0;0;3;3;3;00:15;00:15;00:15;0;0;0;0;0;0;0;0;0;37;10;1;1;1;0;4 minutes;01:55;0;27%;27%;100%
Curaja;2147;0;0;0;6;0;0;0;0;0;0;0;192,793;11,303.72;16,535;5,929;102;5.98;375;21.98;25;18;3.67;0;0;0;0;0;0;75;5;4.39;0;3;1;259;15.18;18;8;17;1;8;0;0;0;0;18;0;0;0;48;11;22;15;1;0.05;1;3;3;0;0;138;8.09;11;01:31;00:05;00:17;0;0;0;4;0;3;0;0;0;5,966;1,166;88;5.15;6;0;3 hours;09:50;8;19%;38%;47%
DeftOrthruss;3000;0;0;0;7;0;0;0;0;0;0;0;353,892;15,683.82;24,971;6,459;264;11.69;539;23.88;35;20;2.04;0;0;0;0;0;0;223;13;9.88;0;3;2;332;14.71;25;11;23;0;11;0;0;0;0;20;0;0;0;60;19;21;20;0;0;0;4;4;0;0;226;10.01;16;12:49;00:34;01:16;0;0;0;15;1;4;0;0;0;9,060;1,758;110;4.87;10;0;4 hours;16:58;1;19%;36%;50%
DOMINICKYO;2337;0;0;0;0;0;0;0;0;0;0;0;1,746;6,734.81;1,746;771;4;15.42;3;11.57;3;3;0.75;0;0;0;0;0;0;3;3;11.57;0;0;0;2;7.71;2;0;0;0;0;0;0;0;0;3;0;0;0;0;0;0;0;0;0;0;0;0;0;0;2;7.71;2;00:06;00:26;00:06;0;0;0;0;0;0;0;0;0;44;5;0;0;0;0;2 minutes;0;0;11%;11%;0
DoubledLizard;2764;0;0;0;7;0;0;0;0;0;0;0;243,308;14,753.52;18,631;9,650;186;11.27;378;22.92;32;10;2.03;0;0;0;0;0;0;191;19;11.58;0;4;5;232;14.06;19;9;16;0;7;0;0;0;0;10;0;0;0;53;15;23;16;3;0.18;1;3;6;0;0;173;10.49;21;12:22;00:45;01:36;0;0;0;54;3;4;0;0;0;5,476;1,179;62;3.75;7;0;3 hours;28:41;0;21%;45%;41%
DrivebySamura1;3959;0;0;0;2;0;0;0;0;0;0;0;38,635;23,257.38;23,300;6,474;21;12.64;51;30.7;25;10;2.42;0;0;0;0;0;0;13;9;7.82;0;0;0;35;21.06;18;1;2;0;1;0;0;0;0;10;0;0;0;5;0;5;0;0;0;0;0;0;0;0;26;15.65;17;01:19;00:47;00:52;0;0;0;12;7;6;0;0;0;672;203;13;7.82;7;0;24 minutes;09:58;0;30%;30%;44%
DrShark628;3000;0;0;0;1;0;0;0;0;0;0;0;96,209;17,321.46;14,565;5,221;65;11.7;142;25.56;20;11;2.18;0;0;0;0;0;0;37;8;6.66;0;0;1;95;17.1;14;2;6;0;3;0;0;0;0;11;0;0;0;20;7;9;3;0;0;0;3;3;0;0;59;10.62;13;02:27;00:26;00:27;0;0;0;31;6;5;0;0;0;1,588;505;31;5.58;6;0;1 hour;10:27;0;31%;41%;55%
Elsayer;0;0;0;0;9;0;0;0;0;0;0;0;336,389;14,797.72;16,350;5,067;244;10.73;592;26.04;27;13;2.42;0;0;0;0;0;0;253;12;11.12;0;3;0;392;17.24;22;9;23;2;12;0;0;0;0;13;0;0;0;66;17;28;21;2;0.08;1;3;7;0;0;229;10.07;12;15:55;00:42;01:54;0;0;0;55;2;6;0;0;0;7,313;1,719;149;6.55;10;0;4 hours;50:23;5;23%;48%;54%
Emit Pain;4339;0;0;0;0;0;0;0;0;0;0;0;1,756;13,099.74;1,756;1,315;1;7.46;3;22.38;3;2;3;0;0;0;0;0;0;1;1;7.46;0;0;0;2;14.92;2;0;0;0;0;0;0;0;0;2;0;0;0;0;0;0;0;0;0;0;0;0;0;0;0;0;0;0;0;0;0;0;0;1;7;1;0;0;0;55;7;1;7.46;1;0;1 minute;0;0;12%;0;0
FANCYHOODLUM;3555;0;0;0;0;0;0;0;0;0;0;0;4,993;9,626.09;1,508;1,239;7;13.49;6;11.56;3;3;0.85;0;0;0;0;0;0;2;1;3.85;0;0;0;3;5.78;2;0;1;0;0;0;0;0;0;3;0;0;0;1;0;0;0;0;0;0;0;0;0;0;4;7.71;2;00:10;00:20;00:07;0;0;0;0;0;0;0;0;0;129;25;1;1.92;1;0;5 minutes;0;0;19%;90%;29%
FBorrego;0;0;0;0;2;0;0;0;0;0;0;0;43,497;13,961.85;11,805;5,272;19;6.09;73;23.43;19;10;3.84;0;0;0;0;0;0;42;14;13.48;0;0;0;44;14.12;10;1;3;0;3;1;0.46;1;1;10;0;0;0;6;2;2;3;0;0;0;0;0;0;0;30;9.62;10;01:48;00:34;00:43;0;0;0;13;4;3;0;0;0;1,078;211;15;4.81;4;0;39 minutes;01:26;3;19%;23%;83%
fusion360elite;2922;0;0;0;0;0;0;0;0;0;0;0;1,185;12,196.98;1,185;1,036;1;10.28;1;10.28;1;1;1;0;0;0;0;0;0;1;1;10.28;0;0;0;1;10.28;1;0;0;0;0;0;0;0;0;1;0;0;0;0;0;0;0;0;0;0;0;0;0;0;0;0;0;00:03;00:40;00:03;0;0;0;0;0;0;0;0;0;35;7;0;0;0;0;1 minute;0;0;20%;20%;0
GandalfTheCyan;2544;0;0;0;1;0;0;0;0;0;0;0;1,909;0;1,909;1,909;0;0;3;0;3;3;0;0;0;0;0;0;0;1;1;0;0;0;0;2;0;2;0;0;0;0;0;0;0;0;3;0;0;0;0;0;0;0;0;0;0;0;0;0;0;0;0;0;0;0;0;0;0;0;0;0;0;0;0;0;34;8;2;0;2;0;1 minute;0;0;23%;23%;0
Gbox36;2906;0;0;0;0;0;0;0;0;0;0;0;12,855;12,854.89;12,855;1,923;11;11;38;38;38;9;3.45;0;0;0;0;0;0;14;14;14;0;0;0;21;21;21;0;1;0;1;0;0;0;0;9;0;0;0;0;0;0;0;0;0;0;0;0;0;0;21;21;21;02:04;02:04;02:04;0;0;0;0;0;0;0;0;0;578;69;4;4;4;0;18 minutes;00:07;0;11%;11%;100%
GhostAttack1998;3000;0;0;0;5;0;0;0;0;0;0;0;101,824;11,370.8;20,490;6,444;85;9.49;197;21.99;41;12;2.31;0;0;0;0;0;0;76;15;8.48;0;1;1;121;13.51;24;2;9;0;7;0;0;0;0;12;0;0;0;21;4;11;6;0;0;0;0;0;0;0;97;10.83;27;07:31;00:50;01:28;0;0;0;0;0;0;0;0;0;1,957;488;27;3.01;7;0;1 hour;08:59;2;24%;34%;77%
godstomper231;3449;0;0;0;1;0;0;0;0;0;0;0;72,851;17,585.07;11,494;5,593;56;13.51;86;20.75;17;8;1.53;0;0;0;0;0;0;49;8;11.82;0;0;0;61;14.72;14;2;4;0;2;0;0;0;0;8;0;0;0;14;5;5;5;0;0;0;3;1;0;0;41;9.89;12;02:25;00:35;00:35;0;0;0;19;5;6;0;0;0;1,331;381;24;5.79;8;0;55 minutes;06:37;0;28%;46%;59%
Golden Viper210;4493;0;0;0;0;0;0;0;0;0;0;0;4,569;7,386.46;4,569;2,489;5;8.08;4;6.46;4;4;0.8;0;0;0;0;0;0;2;2;3.23;0;0;0;4;6.46;4;1;1;0;0;0;0;0;0;4;0;0;0;2;1;1;1;0;0;0;0;0;0;0;1;1.61;1;00:03;00:05;00:03;0;0;0;0;0;0;0;0;0;123;30;0;0;0;0;4 minutes;00:23;0;24%;24%;0
grayjake14;2095;0;0;0;0;0;0;0;0;0;0;0;4,180;22,600.01;4,180;2,300;4;21.62;3;16.22;3;3;0.75;0;0;0;0;0;0;4;4;21.62;0;0;0;3;16.22;3;0;0;0;0;0;0;0;0;3;0;0;0;1;0;0;0;0;0;0;3;1;0;0;0;0;0;00:05;00:30;00:05;0;0;0;3;16;3;0;0;0;43;15;2;10.81;2;0;3 minutes;00:40;0;34%;0;100%
H0KIE P0KIE;2723;0;0;0;0;0;0;0;0;0;0;0;4,048;5,592.53;4,048;1,505;4;5.52;10;13.81;10;4;2.5;0;0;0;0;0;0;2;2;2.76;0;1;0;9;12.43;9;0;1;0;1;0;0;0;0;4;0;0;0;1;1;0;0;0;0;0;0;0;0;0;6;8.28;6;00:29;00:40;00:29;0;0;0;0;0;0;0;0;0;294;19;2;2.76;2;0;8 minutes;0;0;6%;0;100%
HighPRO Zzz;3000;0;0;0;1;0;0;0;0;0;0;0;9,690;22,263.71;9,690;3,716;3;6.89;16;36.76;16;6;5.33;0;0;0;0;0;0;4;4;9.19;0;0;0;14;32.16;14;0;0;0;0;0;0;0;0;6;0;0;0;1;0;0;0;0;0;0;0;0;0;0;6;13.78;6;01:07;02:34;01:07;0;0;0;0;0;0;0;0;0;209;45;5;11.48;5;0;6 minutes;00:50;1;21%;21%;100%
I Horizontal I;1948;0;0;0;0;0;0;0;0;0;0;0;5,520;10,615.5;5,520;3,474;3;5.76;8;15.38;8;6;2.66;0;0;0;0;0;0;1;1;1.92;0;0;0;6;11.53;6;1;1;0;0;0;0;0;0;6;0;0;0;2;1;0;1;0;0;0;3;1;0;0;1;1.92;1;00:03;00:06;00:03;0;0;0;4;8;4;0;0;0;90;28;1;1.92;1;0;4 minutes;00:20;0;31%;31%;0
iArctos;4294;0;0;0;1;0;0;0;0;0;0;0;17,195;10,527.96;8,643;6,550;3;1.83;31;18.97;17;8;10.33;0;0;0;0;0;0;9;6;5.51;0;0;2;23;14.08;15;0;2;0;2;0;0;0;0;8;0;0;0;4;2;1;1;0;0;0;3;1;0;0;4;2.44;3;00:21;00:12;00:19;0;0;0;7;4;5;0;0;0;454;89;2;1.22;1;0;12 minutes;01:36;0;19%;25%;100%
II Scar3CroW;2790;0;0;0;0;0;0;0;0;0;0;0;19,759;16,071.85;15,213;2,358;20;16.26;34;27.65;31;5;1.7;0;0;0;0;0;0;16;14;13.01;0;0;0;22;17.89;21;0;1;0;1;0;0;0;0;5;0;0;0;4;1;1;2;0;0;0;0;0;0;0;15;12.2;14;02:01;01:38;01:59;0;0;0;5;4;5;0;0;0;472;101;3;2.44;3;0;18 minutes;00:49;0;21%;18%;81%
II Table;3498;0;0;0;1;0;0;0;0;0;0;0;20,034;8,555.28;7,517;7,517;3;1.28;37;15.8;14;12;12.33;0;0;0;0;0;0;9;4;3.84;0;0;0;20;8.54;9;0;2;0;2;0;0;0;0;12;0;0;0;6;2;3;1;0;0;0;4;3;0;0;3;1.28;3;00:04;00:02;00:03;0;0;0;8;3;4;0;0;0;427;100;8;3.41;3;0;13 minutes;01:38;0;23%;18%;93%
Im Voxie;4020;0;0;0;0;0;0;0;0;0;0;0;16,819;12,985.04;6,338;6,338;6;4.63;20;15.44;10;10;3.33;0;0;0;0;0;0;11;5;8.49;0;0;0;10;7.72;4;1;1;0;1;0;0;0;0;10;0;0;0;3;1;2;1;0;0;0;0;0;0;0;3;2.31;1;00:12;00:09;00:05;0;0;0;3;2;1;0;0;0;388;99;5;3.86;3;0;10 minutes;0;0;25%;0;53%
iMrT8;2158;0;0;0;3;0;0;0;0;0;0;0;52,274;11,472.62;11,704;3,212;54;11.85;103;22.6;22;8;1.9;0;0;0;0;0;0;47;11;10.31;0;0;1;70;15.36;14;2;5;0;2;0;0;0;0;8;0;0;0;15;4;7;4;0;0;0;4;1;0;0;50;10.97;14;02:39;00:34;00:33;0;0;0;6;1;3;0;0;0;1,042;288;20;4.38;5;0;54 minutes;06:31;0;27%;37%;46%
ItsCONRAD;3497;0;0;0;9;0;0;0;0;0;0;0;309,418;18,741.7;19,422;11,195;121;7.32;379;22.95;23;16;3.13;0;0;0;0;0;0;142;10;8.6;0;3;2;242;14.65;14;7;17;1;8;0;0;0;0;16;0;0;0;41;16;18;7;0;0;0;3;5;0;0;57;3.45;6;02:07;00:07;00:21;0;0;0;74;4;6;0;0;0;5,882;1,612;91;5.51;6;0;3 hours;20:41;0;27%;60%;49%
IX HALFBREED XI;2667;0;0;0;0;0;0;0;0;0;0;0;2,006;13,071.93;2,006;1,155;2;13.03;6;39.1;6;3;3;0;0;0;0;0;0;2;2;13.03;0;0;0;5;32.58;5;0;0;0;0;0;0;0;0;3;0;0;0;0;0;0;0;0;0;0;0;0;0;0;4;26.06;4;00:06;00:45;00:06;0;0;0;2;13;2;0;0;0;95;10;2;13.03;2;0;3 minutes;0;0;10%;0;100%
JDn808;3192;0;0;0;0;0;0;0;0;0;0;0;2,178;9,604.92;2,178;1,402;3;13.22;8;35.27;8;4;2.66;0;0;0;0;0;0;3;3;13.22;0;0;0;3;13.22;3;0;0;0;0;0;0;0;0;4;0;0;0;1;0;0;0;0;0;0;0;0;0;0;4;17.63;4;00:05;00:23;00:05;0;0;0;0;0;0;0;0;0;78;9;2;8.81;2;0;3 minutes;00:20;0;11%;0;100%
KageEinjeruE102;4059;0;0;0;0;0;0;0;0;0;0;0;22,172;17,248.82;12,635;4,047;12;9.33;31;24.11;16;7;2.58;0;0;0;0;0;0;13;6;10.11;0;0;0;19;14.78;11;1;1;0;0;0;0;0;0;7;0;0;0;3;1;0;2;0;0;0;0;0;0;0;9;7;4;01:21;01:03;01:15;0;0;0;8;6;3;0;0;0;500;132;9;7;5;0;17 minutes;01:37;2;26%;35%;28%
KaIlkz;3526;0;0;0;1;0;0;0;0;0;0;0;16,422;15,119.12;9,900;5,572;4;3.68;29;26.7;17;13;7.25;0;0;0;0;0;0;5;3;4.6;0;0;0;16;14.73;10;0;1;0;1;0;0;0;0;13;0;0;0;5;2;1;2;0;0;0;5;1;0;0;5;4.6;3;00:06;00:06;00:04;0;0;0;6;6;5;0;0;0;324;95;3;2.76;2;0;8 minutes;02:41;0;29%;25%;75%
Lee;3000;0;0;0;1;0;0;0;0;0;0;0;33,737;11,873.7;17,407;4,427;26;9.15;71;24.98;36;12;2.73;0;0;0;0;0;0;23;13;8.09;0;1;0;46;16.18;25;0;3;0;3;0;0;0;0;12;0;0;0;5;2;3;0;0;0;0;3;2;0;0;30;10.55;19;01:57;00:41;01:11;0;0;0;11;4;7;0;0;0;1,045;166;14;4.92;7;0;34 minutes;02:48;1;15%;18%;100%
Leveyez;3389;0;0;0;0;0;0;0;0;0;0;0;873;9,000.62;873;843;2;20.61;1;10.3;1;1;0.5;0;0;0;0;0;0;2;2;20.61;0;0;0;1;10.3;1;0;0;0;0;0;0;0;0;1;0;0;0;0;0;0;0;0;0;0;0;0;0;0;0;0;0;0;0;0;0;0;0;0;0;0;0;0;0;34;10;0;0;0;0;1 minute;0;0;29%;0;0
limited death;0;0;0;0;0;0;0;0;0;0;0;0;10,647;14,643.2;6,259;3,488;5;6.87;9;12.37;5;2;1.8;0;0;0;0;0;0;3;2;4.12;0;0;0;2;2.75;1;0;1;0;1;0;0;0;0;2;0;0;0;0;0;0;0;0;0;0;0;0;0;0;4;5.5;3;00:37;00:51;00:33;0;0;0;1;1;1;0;0;0;247;62;1;1.37;1;0;--;0;0;25%;0;78%
lorcy m;3639;0;0;0;0;0;0;0;0;0;0;0;9,965;16,033.74;6,583;5,059;5;8.04;10;16.08;9;5;2;0;0;0;0;0;0;3;2;4.82;0;0;0;6;9.65;5;0;1;0;0;0;0;0;0;5;0;0;0;2;1;1;0;0;0;0;0;0;0;0;0;0;0;00:06;00:11;00:06;0;0;0;3;5;2;0;0;0;204;59;2;3.21;1;0;6 minutes;00:40;0;28%;0;0
Lycanz;4036;0;0;0;8;0;0;0;0;0;0;0;223,414;19,631.64;16,066;8,621;97;8.52;311;27.32;21;13;3.2;0;0;0;0;0;0;150;12;13.18;0;0;1;185;16.25;17;3;11;0;8;0;0;0;0;13;0;0;0;42;8;23;11;0;0;0;3;3;0;0;134;11.77;14;07:54;00:41;00:49;0;0;0;34;3;6;0;0;0;3,914;1,159;62;5.44;6;0;2 hours;18:06;0;29%;41%;71%
Mano Brawl BR;4015;0;0;0;0;0;0;0;0;0;0;0;15,164;20,940.06;15,164;5,693;6;8.28;21;28.99;21;10;3.5;0;0;0;0;0;0;6;6;8.28;0;0;0;12;16.57;12;0;1;1;0;0;0;0;0;10;0;0;0;2;1;1;1;0;0;0;0;0;0;0;13;17.95;13;00:42;00:57;00:26;0;0;0;4;6;4;0;0;0;297;64;3;4.14;3;0;10 minutes;00:48;0;21%;21%;17%
Maxxon Charge;3705;0;0;0;1;0;0;0;0;0;0;0;102,408;19,736.28;17,858;7,517;45;8.67;131;25.24;22;17;2.91;0;0;0;0;0;0;47;7;9.05;0;1;2;77;14.83;11;2;5;1;2;0;0;0;0;17;0;0;0;13;3;8;3;0;0;0;3;2;0;0;37;7.13;9;01:02;00:12;00:21;0;0;0;14;3;3;0;0;0;2,462;571;17;3.27;4;0;1 hour;08:12;0;23%;19%;45%
mcir3000;2958;0;0;0;1;0;0;0;0;0;0;0;27,786;17,822.23;15,069;4,739;14;8.97;43;27.58;25;10;3.07;0;0;0;0;0;0;15;6;9.62;0;0;0;29;18.6;17;1;2;1;0;0;0;0;0;10;0;0;0;5;1;3;1;1;0.64;1;0;0;0;0;19;12.18;14;00:26;00:16;00:17;0;0;0;6;4;3;0;0;0;620;150;10;6.41;7;0;22 minutes;04:55;0;24%;25%;11%
Medvescek;3421;0;0;0;2;0;0;0;0;0;0;0;36,899;17,647.86;14,630;6,934;12;5.73;44;21.04;16;8;3.66;0;0;0;0;0;0;10;4;4.78;0;0;0;26;12.43;8;1;2;0;2;42;19.91;42;42;8;0;0;0;5;1;1;2;0;0;0;0;0;0;0;12;5.73;6;00:15;00:07;00:12;0;0;0;6;3;2;0;0;0;652;210;7;3.34;2;0;18 minutes;0;0;32%;0;75%
MisterToli X;3151;0;0;0;0;0;0;0;0;0;0;0;3,516;16,363.31;3,011;2,493;2;9.3;4;18.61;4;3;2;0;0;0;0;0;0;2;2;9.3;0;0;0;3;13.96;3;0;0;0;0;0;0;0;0;3;0;0;0;1;0;0;0;0;0;0;0;0;0;0;2;9.3;2;00:11;00:52;00:11;0;0;0;1;5;1;0;0;0;40;20;1;4.65;1;0;2 minutes;00:38;0;50%;55%;0
miya456;2442;0;0;0;0;0;0;0;0;0;0;0;26,537;11,225.35;8,342;3,031;31;13.11;46;19.45;24;6;1.48;0;0;0;0;0;0;19;10;8.03;0;0;0;28;11.84;13;1;2;0;2;0;0;0;0;6;0;0;0;5;2;0;3;0;0;0;0;0;0;0;14;5.92;8;01:54;00:48;00:42;0;0;0;9;4;4;0;0;0;789;134;9;3.8;3;0;30 minutes;00:20;0;16%;28%;72%
mnizzle4;2719;0;0;0;0;0;0;0;0;0;0;0;7,710;28,698.86;7,710;3,900;1;3.72;13;48.38;13;10;13;0;0;0;0;0;0;4;4;14.88;0;0;0;9;33.5;9;0;0;0;0;0;0;0;0;10;0;0;0;1;1;1;0;0;0;0;0;0;0;0;10;37.22;10;00:27;01:42;00:27;0;0;0;2;7;2;0;0;0;185;56;3;11.16;3;0;4 minutes;01:28;0;30%;30%;100%
MSwn;2339;0;0;0;0;0;0;0;0;0;0;0;27,518;15,808.32;9,851;4,643;20;11.48;45;25.85;19;9;2.25;0;0;0;0;0;0;21;7;12.06;0;0;0;21;12.06;8;0;2;0;1;0;0;0;0;9;0;0;0;5;1;3;1;0;0;0;3;1;0;0;12;6.89;6;00:44;00:25;00:21;0;0;0;6;3;3;0;0;0;741;151;5;2.87;3;0;26 minutes;01:37;0;20%;28%;66%
Nasty0303;2662;0;0;0;5;0;0;0;0;0;0;0;234,132;13,399.65;18,863;5,056;238;13.62;385;22.03;33;8;1.61;0;0;0;0;0;0;116;16;6.63;0;1;1;253;14.47;20;11;17;1;6;0;0;0;0;8;0;0;0;41;13;15;14;2;0.11;1;4;5;0;0;209;11.96;25;19:08;01:05;02:10;0;0;0;23;1;4;0;0;0;5,940;1,116;91;5.2;9;3;3 hours;24:48;12;18%;29%;34%
ObiwanKi11n00by;3672;0;0;0;0;0;0;0;0;0;0;0;35,560;23,780.06;15,518;10,056;9;6.01;35;23.4;13;11;3.88;0;0;0;0;0;0;17;8;11.36;0;0;0;19;12.7;9;1;1;1;0;0;0;0;0;11;0;0;0;2;1;0;1;0;0;0;4;2;0;0;14;9.36;7;00:07;00:05;00:07;0;0;0;7;5;3;0;0;0;748;202;6;4.01;3;0;20 minutes;01:53;0;27%;32%;0
Official VT;0;0;0;0;0;0;0;0;0;0;0;0;955;16,086.28;955;664;1;16.84;2;33.68;2;2;2;0;0;0;0;0;0;1;1;16.84;0;0;0;1;16.84;1;0;0;0;0;0;0;0;0;2;0;0;0;0;0;0;0;0;0;0;0;0;0;0;1;16.84;1;00:05;01:40;00:05;0;0;0;0;0;0;0;0;0;24;3;0;0;0;0;19.407789015211165 seconds;0;0;12%;0;40%
Ohdyn;0;0;0;0;1;0;0;0;0;0;0;0;24,168;6,046.77;6,546;6,546;10;2.5;62;15.51;15;14;6.2;0;0;0;0;0;0;19;4;4.75;0;0;0;39;9.75;8;0;4;0;4;0;0;0;0;14;0;0;0;10;6;2;2;2;0.5;2;3;2;0;0;19;4.75;7;00:53;00:13;00:33;0;0;0;7;2;4;0;0;0;1,198;149;14;3.5;4;0;32 minutes;02:24;0;12%;18%;100%
OneBadBandito;2762;0;0;0;0;0;0;0;0;0;0;0;23,988;18,340.58;8,813;5,782;6;4.58;39;29.81;14;13;6.5;0;0;0;0;0;0;16;6;12.23;0;0;0;26;19.87;11;1;1;0;1;0;0;0;0;13;0;0;0;4;1;1;2;0;0;0;4;1;0;0;14;10.7;7;00:02;00:02;00:01;0;0;0;9;7;6;0;0;0;549;123;11;8.41;7;0;17 minutes;01:29;0;22%;37%;53%
OUT M3 RK ED;3749;0;0;0;4;0;0;0;0;0;0;0;124,196;18,164.32;15,776;8,372;59;8.62;138;20.18;18;12;2.33;0;0;0;0;0;0;78;9;11.4;0;1;1;89;13.01;11;3;7;1;3;0;0;0;0;12;0;0;0;24;5;11;8;0;0;0;3;1;0;0;41;5.99;9;02:30;00:21;00:32;0;0;0;27;4;4;0;0;0;2,548;690;33;4.82;4;0;1 hour;04:03;0;27%;41%;44%
ParalyzingFrost;3000;0;0;0;3;0;0;0;0;0;0;0;143,825;14,340.17;13,646;8,686;65;6.48;224;22.33;23;18;3.44;0;0;0;0;0;0;80;10;7.97;0;1;0;142;14.15;14;4;10;1;6;0;0;0;0;18;0;0;0;24;4;11;8;1;0.09;1;0;0;0;0;48;4.78;11;02:40;00:15;00:29;0;0;0;42;4;6;0;0;0;3,133;818;45;4.48;7;0;1 hour;09:31;1;26%;50%;60%
Per;2989;0;0;0;0;0;0;0;0;0;0;0;7,855;9,254.71;6,350;4,499;1;1.17;16;18.85;13;8;16;0;0;0;0;0;0;3;2;3.53;0;0;0;8;9.42;8;0;1;0;1;0;0;0;0;8;0;0;0;3;1;1;1;0;0;0;0;0;0;0;1;1.17;1;00:01;00:01;00:01;0;0;0;0;0;0;0;0;0;198;52;2;2.35;2;0;4 minutes;00:20;0;26%;0;100%
Ponders;3669;0;0;0;0;0;0;0;0;0;0;0;26,666;13,180.05;10,400;4,301;16;7.9;24;11.86;9;6;1.5;0;0;0;0;0;0;10;4;4.94;0;0;0;18;8.89;7;1;2;0;1;0;0;0;0;6;0;0;0;5;2;2;1;0;0;0;0;0;0;0;10;4.94;5;00:25;00:12;00:18;0;0;0;2;1;2;0;0;0;717;117;4;1.97;2;0;24 minutes;0;0;16%;16%;68%
POuPOuNeISbAcK;3409;0;0;0;0;0;0;0;0;0;0;0;3,432;17,628.68;3,432;2,040;2;10.27;9;46.22;9;5;4.5;0;0;0;0;0;0;2;2;10.27;0;0;0;3;15.4;3;0;0;0;0;0;0;0;0;5;0;0;0;0;0;0;0;0;0;0;0;0;0;0;3;15.4;3;00:04;00:23;00:04;0;0;0;1;5;1;0;0;0;90;22;1;5.13;1;0;2 minutes;00:10;0;24%;0;100%
Prunester;3701;0;0;0;1;0;0;0;0;0;0;0;7,777;35,156.19;7,777;4,426;3;13.56;14;63.28;14;7;4.66;0;0;0;0;0;0;3;3;13.56;0;0;0;7;31.64;7;0;0;0;0;0;0;0;0;7;0;0;0;1;0;0;0;0;0;0;3;1;0;0;10;45.2;10;00:59;04:27;00:59;0;0;0;0;0;0;0;0;0;101;37;0;0;0;0;3 minutes;00:17;0;36%;0;0
Rahazlium;3379;0;0;0;1;0;0;0;0;0;0;0;11,646;22,180.87;11,646;7,909;3;5.71;22;41.89;22;20;7.33;0;0;0;0;0;0;9;9;17.14;0;0;0;17;32.37;17;0;1;0;1;0;0;0;0;20;0;0;0;2;1;2;0;0;0;0;0;0;0;0;6;11.42;6;00:17;00:32;00:17;0;0;0;0;0;0;0;0;0;270;58;8;15.23;8;0;7 minutes;04:27;0;21%;0;100%
Red Faze;3559;0;0;0;2;0;0;0;0;0;0;0;84,688;13,993.7;10,817;7,180;33;5.45;125;20.65;22;12;3.78;0;0;0;0;0;0;63;11;10.4;0;0;1;88;14.54;17;2;6;0;4;0;0;0;0;12;0;0;0;14;5;4;5;0;0;0;3;6;0;0;46;7.6;10;02:01;00:20;00:23;0;0;0;29;5;8;0;0;0;1,776;425;25;4.13;5;0;1 hour;08:14;0;23%;45%;71%
Respect Knuckle;2742;0;0;0;3;0;0;0;0;0;0;0;179,636;16,707.05;23,853;7,076;127;11.81;271;25.2;37;10;2.13;0;0;0;0;0;0;96;15;8.92;0;2;0;185;17.2;29;4;11;0;7;0;0;0;0;10;0;0;0;30;10;10;10;0;0;0;3;3;0;0;111;10.32;19;10:08;00:56;01:18;0;0;0;53;5;10;0;0;0;4,319;904;55;5.11;9;0;2 hours;16:49;4;20%;29%;62%
s2k l Barbie l;0;0;0;0;0;0;0;0;0;0;0;0;2,006;6,391.42;2,006;2,006;0;0;6;19.11;6;6;0;0;0;0;0;0;0;3;3;9.55;0;0;0;4;12.74;4;0;0;0;0;0;0;0;0;6;0;0;0;1;0;0;0;0;0;0;0;0;0;0;4;12.74;4;00:36;01:56;00:36;0;0;0;1;3;1;0;0;0;102;9;1;3.18;1;0;3 minutes;0;0;8%;8%;100%
Seanibah95;1909;0;0;0;0;0;0;0;0;0;0;0;2,164;9,540.38;2,164;2,164;2;8.81;4;17.63;4;4;2;0;0;0;0;0;0;1;1;4.4;0;0;0;4;17.63;4;0;0;0;0;0;0;0;0;4;0;0;0;1;0;0;0;0;0;0;0;0;0;0;1;4.4;1;0;0;0;0;0;0;0;0;0;0;0;0;58;7;1;4.4;1;0;2 minutes;00:20;0;12%;0;0
Semitaur;3893;0;0;0;1;0;0;0;0;0;0;0;12,598;9,397.18;10,596;9,719;6;4.47;14;10.44;11;9;2.33;0;0;0;0;0;0;7;6;5.22;0;0;0;6;4.47;5;1;1;0;1;0;0;0;0;9;0;0;0;3;1;1;2;0;0;0;3;1;0;0;1;0.74;1;00:01;00:01;00:01;0;0;0;2;1;2;0;0;0;221;76;2;1.49;1;0;8 minutes;01:12;0;34%;0;60%
Shes My Nerd;3000;0;0;0;0;0;0;0;0;0;0;0;31,031;21,049.37;11,102;7,435;10;6.78;39;26.45;24;15;3.9;0;0;0;0;0;0;7;4;4.74;0;0;0;22;14.92;14;0;1;0;1;0;0;0;0;15;0;0;0;4;1;2;1;0;0;0;0;0;0;0;15;10.17;10;00:27;00:18;00:13;0;0;0;0;0;0;0;0;0;629;168;4;2.71;4;0;18 minutes;02:55;0;26%;21%;69%
SirJamesParker;4540;0;0;0;1;0;0;0;0;0;0;0;11,751;25,538.32;9,675;9,602;2;4.34;5;10.86;4;4;2.5;0;0;0;0;0;0;6;5;13.03;0;0;0;5;10.86;4;0;0;0;0;0;0;0;0;4;0;0;0;1;0;1;0;0;0;0;0;0;0;0;0;0;0;0;0;0;0;0;0;2;4;2;0;0;0;234;68;0;0;0;0;6 minutes;0;0;29%;0;33%
SlovenlyGrunt75;1879;0;0;0;0;0;0;0;0;0;0;0;2,263;7,289.55;2,263;1,400;3;9.66;2;6.44;2;1;0.66;0;0;0;0;0;0;1;1;3.22;0;0;0;1;3.22;1;0;0;0;0;0;0;0;0;1;0;0;0;0;1;0;0;0;0;0;0;0;0;0;2;6.44;2;00:10;00:34;00:10;0;0;0;0;0;0;0;0;0;35;14;0;0;0;0;8.009046990424395 seconds;0;0;40%;40%;0
SoLo Glitch;0;0;0;0;0;0;0;0;0;0;0;0;20,680;15,889.9;8,441;2,530;18;13.83;43;33.03;22;6;2.38;0;0;0;0;0;0;17;9;13.06;0;1;0;31;23.81;17;1;1;0;0;0;0;0;0;6;0;0;0;4;1;2;1;0;0;0;3;1;0;0;17;13.06;9;01:07;00:51;00:23;0;0;0;6;5;5;0;0;0;515;95;6;4.61;2;0;21 minutes;00:27;2;18%;8%;27%
SpicySweetChili;2634;0;0;0;1;0;0;0;0;0;0;0;14,355;14,354.89;14,355;2,491;7;7;50;50;50;9;7.14;0;0;0;0;0;0;8;8;8;0;0;1;29;29;29;0;1;0;1;0;0;0;0;9;0;0;0;3;0;3;0;0;0;0;0;0;0;0;41;41;41;02:30;02:30;02:30;0;0;0;5;5;5;0;0;0;409;66;5;5;5;0;12 minutes;04:37;0;16%;16%;100%
SupaNoobGuy;3813;0;0;0;2;0;0;0;0;0;0;0;31,055;21,750.84;13,345;7,335;9;6.3;30;21.01;15;8;3.33;0;0;0;0;0;0;14;5;9.8;0;0;0;15;10.5;6;0;1;0;1;0;0;0;0;8;0;0;0;4;1;3;0;0;0;0;0;0;0;0;10;7;8;00:14;00:10;00:14;0;0;0;8;6;4;0;0;0;503;144;5;3.5;2;0;14 minutes;00:31;0;28%;0;90%
SWIFT JUSTlCE;3055;0;0;0;0;0;0;0;0;0;0;0;15,482;12,662.07;4,177;1,722;17;13.9;30;24.53;13;4;1.76;0;0;0;0;0;0;5;2;4.08;0;0;0;18;14.72;8;1;1;0;1;0;0;0;0;4;0;0;0;5;2;2;2;0;0;0;0;0;0;0;16;13.08;9;01:23;01:08;00:43;0;0;0;1;1;1;0;0;0;314;91;7;5.72;4;0;16 minutes;00:48;0;28%;11%;44%
thats my sock;4090;0;0;0;0;0;0;0;0;0;0;0;15,061;23,419.6;6,463;6,463;4;6.21;8;12.43;4;4;2;0;0;0;0;0;0;4;2;6.21;0;0;0;7;10.88;3;0;1;0;0;0;0;0;0;4;0;0;0;1;1;0;0;0;0;0;0;0;0;0;1;1.55;1;00:01;00:02;00:01;0;0;0;3;5;2;0;0;0;279;82;5;7.77;3;0;7 minutes;0;0;29%;0;61%
The Gooner 90;3747;0;0;0;0;0;0;0;0;0;0;0;6,853;10,641.9;6,853;2,671;2;3.1;21;32.6;21;7;10.5;0;0;0;0;0;0;1;1;1.55;0;0;1;8;12.42;8;0;1;0;1;0;0;0;0;7;0;0;0;1;1;0;1;0;0;0;3;2;0;0;5;7.76;5;00:17;00:27;00:17;0;0;0;0;0;0;0;0;0;227;38;2;3.1;2;0;6 minutes;0;0;16%;16%;100%
The Shad0w Wolf;3141;0;0;0;1;0;0;0;0;0;0;0;51,870;15,693.7;10,192;10,192;11;3.32;49;14.82;12;12;4.45;0;0;0;0;0;0;15;3;4.53;0;0;0;25;7.56;7;1;3;0;2;0;0;0;0;12;0;0;0;10;2;3;5;0;0;0;3;1;0;0;15;4.53;5;00:41;00:12;00:13;0;0;0;6;2;3;0;0;0;1,182;304;6;1.81;2;0;29 minutes;00:57;0;25%;22%;72%
Toxic Depth;2612;0;0;0;0;0;0;0;0;0;0;0;9,295;8,689.93;3,277;1,319;14;13.08;15;14.02;6;3;1.07;0;0;0;0;0;0;5;2;4.67;0;0;0;6;5.6;2;1;1;0;0;0;0;0;0;3;0;0;0;3;0;2;1;0;0;0;0;0;0;0;7;6.54;4;00:40;00:37;00:15;0;0;0;0;0;0;0;0;0;242;56;2;1.86;1;0;10 minutes;0;0;23%;34%;0
Trooper X46;2102;0;0;0;0;0;0;0;0;0;0;0;2,677;18,759.22;2,677;1,349;2;14.01;2;14.01;2;1;1;0;0;0;0;0;0;1;1;7;0;0;0;2;14.01;2;0;0;0;0;0;0;0;0;1;0;0;0;0;0;0;0;0;0;0;0;0;0;0;0;0;0;0;0;0;0;0;0;1;7;1;0;0;0;30;12;2;14.01;2;0;1 minute;0;0;40%;40%;0
Truck555;3000;0;0;0;80;0;0;0;0;0;0;0;2,952,300;14,708.43;30,724;9,401;2,089;10.4;4,946;24.64;56;16;2.36;0;0;0;0;0;0;1,232;13;6.13;0;25;27;3,209;15.98;45;84;201;18;98;4;0.02;4;4;16;0;0;0;504;137;216;151;11;0.05;1;4;43;0;0;1,773;8.83;28;02:02:20;00:36;02:17;0;0;0;614;3;12;0;0;0;64,343;15,363;1,043;5.19;13;6;42 hours;04:20:00;113;23%;80%;48%
Vault DwelIer;3046;0;0;0;0;0;1;0;0;0;0;0;72;1,654.73;72;72;1;23.02;27;27;27;7;4.5;0;0;0;0;0;0;9;9;9;0;0;0;20;20;20;0;0;0;1;0;0;0;0;7;0;0;0;0;0;1;0;0;0;0;4;1;0;0;11;11;11;00:20;00:20;00:20;0;0;0;7;7;7;0;0;0;38;8;5;5;5;0;23.435776011087 seconds;03:19;0;21%;21%;100%
Westside Ryderz;3000;0;0;0;0;0;0;0;0;0;0;0;11,991;12,376.11;7,015;2,369;10;10.32;15;15.48;13;5;1.5;0;0;0;0;0;0;12;8;12.38;0;0;0;9;9.28;7;0;1;0;1;0;0;0;0;5;0;0;0;2;1;0;1;0;0;0;0;0;0;0;5;5.16;4;00:15;00:15;00:14;0;0;0;2;2;1;0;0;0;232;65;3;3.09;3;0;11 minutes;0;0;28%;39%;68%
WHIT3 DYNAMIT3;2806;0;0;0;0;0;0;0;0;0;0;0;806;17,834.71;806;681;1;22.13;0;0;0;0;0;0;0;0;0;0;0;1;1;22.13;0;0;0;0;0;0;0;0;0;0;0;0;0;0;0;0;0;0;0;0;0;0;0;0;0;0;0;0;0;0;0;0;0;0;0;0;0;0;0;0;0;0;0;0;19;5;0;0;0;0;42.796984013170004 seconds;0;0;26%;0;100%
WSXRQ;3000;0;0;0;0;0;0;0;0;0;0;0;1,901;8,914.37;1,706;951;5;23.44;0;0;0;0;0;0;0;0;0;0;0;3;2;14.06;0;0;0;0;0;0;0;0;0;0;0;0;0;0;0;0;0;0;0;0;0;0;0;0;0;0;0;0;0;0;0;0;0;0;0;0;0;0;0;0;0;0;0;0;28;11;0;0;0;0;2 minutes;0;0;39%;0;24%
Wxnderful;4566;0;0;0;0;0;0;0;0;0;0;0;4,346;7,270.99;4,346;2,871;2;3.34;14;23.42;14;9;7;0;0;0;0;0;0;2;2;3.34;0;0;0;11;18.4;11;0;1;0;1;0;0;0;0;9;0;0;0;2;1;1;1;0;0;0;0;0;0;0;2;3.34;2;00:11;00:18;00:11;0;0;0;1;2;1;0;0;0;188;27;3;5.01;3;0;6 minutes;0;0;14%;14%;100%
Xandoid;3063;0;0;0;1;0;0;0;0;0;0;0;37,079;21,478.6;24,216;6,009;14;8.1;56;32.43;38;8;4;0;0;0;0;0;0;15;11;8.68;0;0;0;40;23.17;29;0;2;0;1;0;0;0;0;8;0;0;0;5;1;2;2;0;0;0;0;0;0;0;19;11;14;01:05;00:37;00:31;0;0;0;7;4;6;0;0;0;752;215;12;6.95;11;1;23 minutes;06:39;1;28%;37%;79%
xHAZ4RDZx;3383;0;0;0;0;0;0;0;0;0;0;0;4,088;23,052.46;1,678;1,549;4;22.55;3;16.91;2;1;0.75;0;0;0;0;0;0;4;2;22.55;0;0;0;1;5.63;1;0;0;0;0;0;0;0;0;1;0;0;0;0;0;0;0;0;0;0;0;0;0;0;0;0;0;00:06;00:34;00:06;0;0;0;0;0;0;0;0;0;54;21;1;5.63;1;0;2 minutes;0;0;38%;54%;0
Xvanthious;2465;0;0;0;11;0;0;0;0;0;0;0;448,741;12,933.53;19,431;7,829;382;11;885;25.5;50;15;2.31;0;0;0;0;0;0;354;18;10.2;0;3;3;549;15.82;31;13;35;2;19;2;0.06;0;76;15;0;0;0;98;32;32;33;7;0.2;1;3;4;0;0;425;12.24;25;43:49;01:15;03:19;0;0;0;56;2;6;0;0;0;11,448;2,210;197;5.67;12;3;7 hours;50:40;56;19%;35%;55%
XxScourgexX1;2567;0;0;0;0;0;0;0;0;0;0;0;3,821;5,205.98;2,214;980;6;8.17;9;12.26;6;3;1.5;0;0;0;0;0;0;4;2;5.44;0;0;0;4;5.44;3;1;1;0;0;0;0;0;0;3;0;0;0;2;1;1;0;0;0;0;0;0;0;0;4;5.44;3;00:07;00:09;00:06;0;0;0;0;0;0;0;0;0;71;23;2;2.72;1;0;6 minutes;0;0;32%;28%;0
yayletsplay;2772;0;0;0;0;0;0;0;0;0;0;0;1,522;7,377.01;1,522;1,522;1;4.84;4;19.39;4;4;4;0;0;0;0;0;0;1;1;4.84;0;0;0;2;9.69;2;0;0;0;0;0;0;0;0;4;0;0;0;0;0;0;0;0;0;0;0;0;0;0;2;9.69;2;00:03;00:16;00:03;0;0;0;0;0;0;0;0;0;134;11;0;0;0;0;3 minutes;0;0;8%;8%;100%
