A Bishop;3000;0;3;14;2.94;5;0;0;0;0;0;76,646;16,103;21,927;27,855;5,852.15;7,175;3,160;38;7.98;0;0;0;0;0;13;2.73;4;89;18.69;31;13;2.34;0;0;0;0;0;0;53;11.13;19;30;6.3;11;0;5;0;5;0;0;0;0;13;0;0;11;6;4;2;0;0;25;5.25;8;07:51;01:39;03:20;0;0;0;0;0;0;0;0;14;2.94;5;0;0;0;0;0;0;58 minutes;03:54;0;0;0;0;0;0;0;100%
A Camping Cat;4143;0;0;2;3.47;2;0;0;0;0;0;12,773;22,166;8,763;4,032;6,997.68;3,437;595;10;17.35;0;0;0;0;0;1;1.73;1;3;5.2;3;2;0.3;0;0;0;0;0;0;2;3.47;2;0;0;0;1;1;0;0;0;0;0;0;2;0;0;1;1;0;1;0;0;0;0;0;00:26;00:46;00:26;0;0;0;0;0;0;0;0;0;0;0;0;0;0;0;0;0;7 minutes;0;0;0;0;0;0;0;0;0
A1 Shank Sauce;2684;0;0;1;4.68;1;0;0;0;0;0;3,753;17,594;3,753;3,339;15,652.92;3,339;1,384;3;14.06;0;0;0;0;0;1;4.68;1;11;51.56;11;4;3.66;0;0;0;0;0;0;7;32.81;7;3;14.06;3;0;0;0;0;0;0;0;0;4;0;0;0;0;0;0;0;0;8;37.5;8;02:42;12:42;02:42;0;0;0;0;0;0;0;0;2;9.37;2;0;0;0;0;0;0;4 minutes;00:20;0;0;0;0;0;0;0;0
Abdul Ahkbar;4001;0;16;220;3.61;10;0;0;0;0;0;1,053,934;17,319;36,485;644,054;10,583.75;17,055;5,138;589;9.67;0;0;0;0;0;266;4.37;11;1,297;21.31;46;14;2.2;0;0;0;0;19;17;660;10.84;20;481;7.9;19;16;61;2;43;0;0;0;0;14;0;0;130;62;27;40;4;22;430;7.06;19;01:25:41;01:24;03:35;0;0;0;0;0;0;0;0;85;1.39;4;0;0;0;1;0;0;12 hours;01:16:14;0;0;0;0;8;0;0;70%
AbduzeedoO;3912;0;1;1;1.73;1;0;0;0;0;0;6,132;10,647;6,132;1,832;3,182.04;1,832;750;6;10.41;0;0;0;0;0;0;0;0;1;1.73;1;1;0.16;0;0;0;0;0;0;1;1.73;1;0;0;0;1;1;0;0;0;0;0;0;1;0;0;1;1;1;0;0;0;0;0;0;01:37;02:49;01:37;0;0;0;0;0;0;0;0;0;0;0;0;0;0;0;0;0;4 minutes;0;0;0;0;0;0;0;0;0
Abundant Elk;3003;0;1;5;2.72;3;0;0;0;0;0;47,570;25,920;35,049;20,513;11,177.09;10,834;5,506;12;6.53;0;0;0;0;0;13;7.08;8;46;25.06;22;12;3.83;0;0;0;0;0;2;26;14.16;15;10;5.44;6;0;2;0;2;0;0;0;0;12;0;0;4;0;2;1;4;1;23;12.53;15;04:02;02:12;02:44;0;0;0;0;0;0;0;0;3;1.63;3;0;0;0;0;0;0;24 minutes;02:07;0;0;0;0;0;0;0;85%
Accel N6;3431;0;2;11;2.97;5;0;0;0;0;0;98,488;26,675;18,249;32,395;8,774.05;7,416;3,312;51;13.81;0;0;0;0;0;10;2.7;4;65;17.6;20;6;1.27;0;0;0;0;2;0;33;8.93;13;29;7.85;7;1;4;0;2;0;0;0;0;6;0;0;10;2;4;4;0;0;22;5.95;8;04:56;01:20;01:13;0;0;0;0;0;0;0;0;5;1.35;3;0;0;0;0;0;0;51 minutes;02:54;0;0;0;0;3;0;0;53%
aggie2013;2020;0;16;58;1.81;5;0;0;0;0;0;498,191;15,610;30,625;117,775;3,690.28;7,931;2,159;293;9.18;0;0;0;0;0;38;1.19;4;302;9.46;22;7;1.03;0;0;0;0;9;4;184;5.76;15;70;2.19;6;0;0;1;13;0;0;0;0;7;0;0;0;0;0;14;3;2;124;3.88;12;41:18;01:17;03:12;0;0;0;0;0;0;0;0;37;1.15;5;0;0;0;0;0;0;20.153396010398865 seconds;06:29;0;0;0;0;5;0;0;41%
Agro;0;0;0;1;2.71;1;0;0;0;0;0;5,661;15,349;5,661;2,750;7,456.73;2,750;1,340;2;5.42;0;0;0;0;0;0;0;0;5;13.55;5;3;2.5;0;0;0;0;1;0;2;5.42;2;3;8.13;3;0;0;0;0;0;0;0;0;3;0;0;0;0;0;0;0;0;1;2.71;1;00:19;00:53;00:19;0;0;0;0;0;0;0;0;0;0;0;0;0;0;0;0;0;4 minutes;0;0;0;0;0;0;0;0;100%
Aloha FlipSkiLL;2353;0;8;47;4.27;16;0;0;0;0;0;270,406;24,582;38,405;90,227;8,202.4;18,483;3,481;101;9.18;0;0;0;0;0;62;5.63;19;258;23.45;79;15;2.55;0;0;0;0;5;1;150;13.63;49;79;7.18;26;5;11;1;5;0;0;0;0;15;0;0;31;16;7;8;3;7;134;12.18;50;26:00;02:21;05:39;0;0;0;0;0;0;0;0;19;1.72;5;0;0;0;0;0;0;2 hours;27:12;0;0;0;0;1;0;0;45%
AlwazeUlty;2555;0;16;113;3.95;8;0;0;0;0;0;638,039;22,315;38,633;297,415;10,401.97;24,184;6,636;332;11.61;0;0;0;0;0;108;3.77;9;630;22.03;47;21;1.89;0;0;0;0;13;5;338;11.82;25;178;6.22;18;14;29;1;14;0;0;0;0;21;0;0;54;26;10;18;4;10;254;8.88;26;49:03;01:42;03:54;0;0;0;0;0;0;0;0;60;2.09;6;0;0;0;1;0;0;6 hours;34:42;0;0;0;0;5;0;0;47%
Atticus MD;2547;0;1;11;3.28;4;0;0;0;0;0;28,293;8,443;8,064;23,633;7,052.15;10,033;1,775;38;11.33;0;0;0;0;0;8;2.38;2;66;19.69;29;7;1.73;0;0;0;0;2;0;32;9.54;16;26;7.75;11;1;3;0;2;0;0;0;0;7;0;0;6;2;0;4;3;1;21;6.26;11;03:02;00:54;01:14;0;0;0;0;0;0;0;0;6;1.79;3;0;0;0;0;0;0;35 minutes;02:02;0;0;0;0;0;0;0;60%
Auzzymandias;3093;0;16;178;4.04;10;0;0;0;0;0;704,012;16,013;37,513;437,057;9,940.71;22,280;6,103;1;11.58;1;12;1;0;0;180;4.09;9;955;21.72;41;13;1.96;0;0;0;0;25;11;502;11.41;25;320;7.27;16;19;0;0;0;172;1,996;172;169;13;0;0;0;30;0;36;4;16;407;9.25;28;01:28:49;02:01;07:06;0;0;0;0;0;0;0;0;88;2;7;0;0;0;0;0;0;1 minute;49:52;0;0;0;0;11;0;0;100%
AWALP5;2074;0;1;4;4.39;3;0;0;0;0;0;30,313;33,314;21,141;5,108;5,613.61;3,109;1,034;15;16.48;0;0;0;0;0;3;3.29;3;12;13.18;9;4;0.8;0;0;0;0;2;0;3;3.29;2;4;4.39;3;1;1;0;0;0;0;0;0;4;0;0;3;1;2;0;0;0;2;2.19;2;02:14;02:27;02:14;0;0;0;0;0;0;0;0;2;2.19;2;0;0;0;0;0;0;11 minutes;00:07;0;0;0;0;0;0;0;34%
Azu;2757;0;1;3;3.91;3;0;0;0;0;0;4,046;5,287;4,046;4,652;6,078.25;4,652;2,336;3;3.91;0;0;0;0;0;3;3.91;3;14;18.29;14;8;4.66;0;0;0;0;0;0;10;13.06;10;5;6.53;5;0;1;0;1;0;0;0;0;8;0;0;3;1;1;2;0;0;3;3.91;3;00:33;00:43;00:33;0;0;0;0;0;0;0;0;5;6.53;5;0;0;0;0;0;0;4 minutes;02:04;0;0;0;0;0;0;0;100%
Baby DVs;3824;0;0;1;3.85;1;0;0;0;0;0;3,354;12,944;2,730;2,752;10,619.7;1,911;1,541;3;11.57;0;0;0;0;0;0;0;0;1;3.85;1;1;0.33;0;0;0;0;1;0;0;0;0;0;0;0;0;0;0;0;0;0;0;0;1;0;0;1;0;1;0;0;0;1;3.85;1;00:18;01:09;00:18;0;0;0;0;0;0;0;0;0;0;0;0;0;0;0;0;0;1 minute;0;0;0;0;0;0;0;0;3%
BallerGotSkillZ;3586;0;0;0;0;0;0;0;0;0;0;6,344;33,452;6,344;1,337;7,048.17;1,337;625;4;21.09;0;0;0;0;0;0;0;0;0;0;0;0;0;0;0;0;0;0;0;0;0;0;0;0;0;0;0;0;0;0;0;0;0;0;0;0;0;0;0;0;0;0;0;0;0;00:30;02:42;00:30;0;0;0;0;0;0;0;0;0;0;0;0;0;0;0;0;0;--;0;0;0;0;0;0;0;0;100%
Bandora22;0;0;1;4;4;4;0;0;0;0;0;22,387;22,414;22,387;193;4,101.81;193;193;2;42.54;1;21;1;0;0;9;9.01;9;45;45.05;45;13;3.46;0;0;0;0;0;0;30;30.03;30;14;14.01;14;0;0;0;0;428;9,103;428;315;13;0;0;0;0;0;0;0;0;19;19.02;19;02:47;02:47;02:47;0;0;0;0;0;0;18;4;3;3;3;0;0;0;0;0;0;1 minute;11:11;0;0;0;0;0;22%;0;0
bear0488;3216;0;7;13;1.6;7;0;0;0;0;0;196,673;24,338;38,296;78,357;9,696.72;20,067;7,034;41;5.07;0;0;0;0;0;32;3.96;9;160;19.8;27;16;3.9;0;0;0;0;0;0;73;9.03;14;53;6.55;10;2;8;0;6;0;0;0;0;16;0;0;14;4;7;3;3;4;73;9.03;18;16:58;02:06;04:19;0;0;0;0;0;0;0;0;13;1.6;4;0;0;0;0;0;0;1 hour;11:53;0;0;0;0;0;0;0;74%
BeeVA;2649;0;1;10;2.41;5;0;0;0;0;0;116,706;28,210;29,048;43,410;10,493.01;13,010;3,952;59;14.26;0;0;0;0;0;16;3.86;6;107;25.86;36;14;1.81;0;0;0;0;5;0;57;13.77;22;27;6.52;8;2;4;0;2;0;0;0;0;14;0;0;11;6;1;3;3;1;62;14.98;20;13:52;03:21;04:39;0;0;0;0;0;0;0;0;7;1.69;3;0;0;0;0;0;0;1 hour;10:11;0;0;0;0;1;0;0;58%
BoneVoyage404;2063;0;54;265;3.38;13;0;0;0;0;0;1,487,692;18,996;41,838;414,310;5,290.19;13,984;3,284;969;12.37;0;0;0;0;0;205;2.61;8;1,039;13.26;34;12;1.07;0;0;0;0;57;16;632;8.06;29;259;3.3;13;0;0;5;34;0;0;0;0;12;0;0;0;0;0;44;3;5;394;5.03;19;02:15:43;01:43;04:23;0;0;0;0;0;0;0;0;141;1.8;7;0;0;0;0;0;0;2.8889429988339543 seconds;54:18;0;0;0;0;25;0;0;43%
Boomy;0;0;0;0;0;0;0;0;0;0;0;1,416;14,467;1,416;1,660;16,959.2;1,660;1,135;2;20.43;0;0;0;0;0;0;0;0;2;20.43;2;2;1;0;0;0;0;0;0;0;0;0;0;0;0;0;0;0;0;0;0;0;0;2;0;0;0;0;0;0;0;0;1;10.21;1;00:07;01:18;00:07;0;0;0;0;0;0;0;0;0;0;0;0;0;0;0;0;0;1 minute;0;0;0;0;0;0;0;0;0
Bounce Cityyyyy;3145;0;0;0;0;0;0;0;0;0;0;1,660;4,839;1,660;4,074;11,877.65;4,074;1,375;7;20.4;0;0;0;0;0;1;2.91;1;4;11.66;4;2;0.57;0;0;0;0;0;0;1;2.91;1;3;8.74;3;0;0;0;0;0;0;0;0;2;0;0;1;0;0;0;0;0;1;2.91;1;00:36;01:45;00:36;0;0;0;0;0;0;0;0;0;0;0;0;0;0;0;0;0;5 minutes;0;0;0;0;0;0;0;0;100%
burn out 317;2534;0;0;5;6.52;4;0;0;0;0;0;12,009;15,671;7,744;8,193;10,690.7;4,112;1,728;14;18.26;0;0;0;0;0;3;3.91;2;24;31.31;11;6;1.71;0;0;0;0;0;0;16;20.87;8;4;5.21;3;1;1;0;0;0;0;0;0;6;0;0;2;0;1;0;0;0;10;13.04;5;01:16;01:39;00:45;0;0;0;0;0;0;0;0;3;3.91;3;0;0;0;0;0;0;12 minutes;02:36;0;0;0;0;0;0;0;0
C0RPORAL;2982;0;0;1;2.78;1;0;0;0;0;0;7,980;22,225;7,980;740;2,061.03;740;740;1;2.78;0;0;0;0;0;0;0;0;1;2.78;1;1;1;0;0;0;0;0;0;1;2.78;1;0;0;0;0;0;0;0;0;0;0;0;1;0;0;1;1;0;0;0;0;0;0;0;00:04;00:13;00:04;0;0;0;0;0;0;0;0;0;0;0;0;0;0;0;0;0;2 minutes;0;0;0;0;0;0;0;0;100%
C1ZR;4124;0;0;1;1.63;1;0;0;0;0;0;10,201;16,712;7,193;2,783;4,559.9;1,243;640;10;16.38;0;0;0;0;0;0;0;0;3;4.91;2;1;0.3;0;0;0;0;0;0;1;1.63;1;2;3.27;2;1;1;0;0;0;0;0;0;1;0;0;2;1;0;1;0;0;1;1.63;1;00:18;00:30;00:12;0;0;0;0;0;0;0;0;1;1.63;1;0;0;0;0;0;0;7 minutes;0;0;0;0;0;0;0;0;0
Chazsy;4156;0;0;5;2.95;4;0;0;0;0;0;30,742;18,164;11,253;18,481;10,919.75;8,585;2,073;24;14.18;0;0;0;0;0;6;3.54;5;38;22.45;25;6;1.58;0;0;0;0;1;1;13;7.68;10;6;3.54;3;0;2;0;2;0;0;0;0;6;0;0;4;2;1;1;3;1;16;9.45;12;03:28;02:03;01:29;0;0;0;0;0;0;0;0;1;0.59;1;0;0;0;0;0;0;20 minutes;03:15;0;0;0;0;0;0;0;93%
Chopper Le Porc;0;0;14;136;5.12;8;0;0;0;0;0;484,245;18,245;24,958;234,515;8,835.77;15,434;4,524;317;11.94;0;0;0;0;0;110;4.14;7;544;20.49;28;9;1.71;0;0;0;0;16;9;343;12.92;19;200;7.53;13;17;27;0;9;0;0;0;0;9;0;0;73;25;23;25;3;3;238;8.96;14;01:04:57;02:26;04:46;0;0;0;0;0;0;0;0;109;4.1;8;0;0;0;1;0;0;6 hours;52:33;0;0;0;0;40;0;0;34%
CHRISBREEZY0413;2912;0;0;3;4.39;3;0;0;0;0;0;6,677;9,773;6,677;5,168;7,563.69;5,168;1,443;10;14.63;0;0;0;0;0;4;5.85;4;8;11.7;8;3;0.8;0;0;0;0;0;0;4;5.85;4;2;2.92;2;0;1;0;1;0;0;0;0;3;0;0;1;1;1;0;0;0;5;7.31;5;00:51;01:15;00:51;0;0;0;0;0;0;0;0;1;1.46;1;0;0;0;0;0;0;8 minutes;0;0;0;0;0;0;0;0;100%
CM9 PT;3723;0;0;1;4.96;1;0;0;0;0;0;3,932;19,507;3,932;1,958;9,715.32;1,958;625;4;19.84;0;0;0;0;0;1;4.96;1;4;19.84;4;1;1;0;0;0;0;0;0;2;9.92;2;1;4.96;1;0;0;0;0;0;0;0;0;1;0;0;1;0;0;0;0;0;1;4.96;1;00:07;00:35;00:07;0;0;0;0;0;0;0;0;0;0;0;0;0;0;0;0;0;3 minutes;0;0;0;0;0;0;0;0;100%
Coluge is back;4397;0;0;2;5.58;2;0;0;0;0;0;12,681;35,410;12,681;3,686;10,294.13;3,686;3,114;2;5.58;0;0;0;0;0;5;13.96;5;16;44.67;16;13;8;0;0;0;0;0;0;8;22.33;8;6;16.75;6;0;0;0;0;0;0;0;0;13;0;0;1;0;1;1;4;3;7;19.54;7;01:27;04:02;01:27;0;0;0;0;0;0;0;0;0;0;0;0;0;0;0;0;0;5 minutes;03:09;0;0;0;0;0;0;0;100%
commander 8899;3234;0;0;41;3.45;6;0;0;0;0;0;199,192;16,761;27,116;113,197;9,525.23;9,662;4,722;97;8.16;0;0;0;0;0;37;3.11;7;225;18.93;20;10;2.31;0;0;0;0;1;1;119;10.01;15;72;6.05;9;5;12;1;6;0;0;0;0;10;0;0;29;7;8;15;3;1;73;6.14;11;19:32;01:38;02:50;0;0;0;0;0;0;0;0;22;1.85;3;0;0;0;0;0;0;2 hours;09:30;0;0;0;0;1;0;0;50%
Conduit;3347;0;0;0;0;0;0;0;0;0;0;15,420;30,370;15,420;6,244;12,298.58;6,244;1,518;8;15.75;0;0;0;0;0;1;1.96;1;7;13.78;7;3;0.87;0;0;0;0;0;0;5;9.84;5;2;3.93;2;1;1;0;0;0;0;0;0;3;0;0;0;0;0;0;0;0;3;5.9;3;01:00;01:59;01:00;0;0;0;0;0;0;0;0;1;1.96;1;0;0;0;0;0;0;8 minutes;0;0;0;0;0;0;0;0;0
CookiesMilkYum;4298;0;1;0;0;0;0;0;0;0;0;6,672;9,486;6,672;1,379;1,960.27;1,379;1,030;2;2.84;0;0;0;0;0;0;0;0;4;5.68;4;2;2;0;0;0;0;0;0;2;2.84;2;2;2.84;2;1;1;0;1;0;0;0;0;2;0;0;1;1;0;0;0;0;1;1.42;1;00:09;00:13;00:09;0;0;0;0;0;0;0;0;0;0;0;0;0;0;0;0;0;4 minutes;0;0;0;0;0;0;0;0;100%
Corey Burlinson;4077;0;0;5;8.48;3;0;0;0;0;0;22,387;37,970;11,739;7,305;12,388.64;3,709;3,469;9;15.26;0;0;0;0;0;6;10.17;4;17;28.83;11;10;1.88;0;0;0;0;1;0;8;13.56;6;5;8.48;3;0;1;0;0;0;0;0;0;10;0;0;1;1;0;0;4;1;2;3.39;1;00:08;00:14;00:07;0;0;0;0;0;0;0;0;1;1.69;1;0;0;0;0;0;0;9 minutes;02:39;0;0;0;0;0;0;0;51%
Coscoro;2016;0;1;7;3.48;4;0;0;0;0;0;22,297;11,096;12,258;9,707;4,830.26;3,719;1,728;18;8.95;0;0;0;0;0;3;1.49;2;23;11.44;11;6;1.27;0;0;0;0;1;0;15;7.46;8;6;2.98;4;2;2;0;0;0;0;0;0;6;0;0;1;0;1;0;3;1;7;3.48;4;02:54;01:26;01:54;0;0;0;0;0;0;0;0;1;0.49;1;0;0;0;1;0;0;17 minutes;0;0;0;0;0;3;0;0;19%
cougargoalie;3259;0;0;0;0;0;0;0;0;0;0;16,018;30,851;16,018;6,512;12,541.45;6,512;1,925;6;11.55;0;0;0;0;0;2;3.85;2;8;15.4;8;5;1.33;0;0;0;0;1;0;4;7.7;4;5;9.63;5;0;0;0;0;0;0;0;0;5;0;0;2;2;0;0;0;0;2;3.85;2;00:17;00:33;00:17;0;0;0;0;0;0;0;0;1;1.92;1;0;0;0;0;0;0;12.006204003468156 seconds;00:03;0;0;0;0;0;0;0;100%
Cygnus VI;1908;0;8;50;4.17;7;0;0;0;0;0;245,520;20,478;28,847;87,230;7,275.49;10,321;2,689;150;12.51;0;0;0;0;0;34;2.83;6;217;18.09;35;12;1.44;0;0;0;0;3;1;120;10;22;25;2.08;6;6;12;0;6;0;0;0;0;12;0;0;23;9;7;7;3;1;97;8.09;21;30:08;02:30;03:57;0;0;0;0;0;0;0;0;23;1.91;8;0;0;0;0;0;0;2 hours;13:56;0;0;0;0;0;0;0;48%
Cyr;2998;0;0;1;0.64;1;0;0;0;0;0;38,559;25,054;19,551;11,716;7,612.26;6,619;2,122;20;12.99;0;0;0;0;0;7;4.54;5;22;14.29;12;7;1.1;0;0;0;0;3;0;11;7.14;6;12;7.79;7;1;2;0;1;0;0;0;0;7;0;0;3;1;2;1;3;2;9;5.84;5;03:54;02:32;02:04;0;0;0;0;0;0;0;0;1;0.64;1;0;0;0;0;0;0;21 minutes;02:01;0;0;0;0;0;0;0;35%
Dadongado;2128;0;21;107;2.61;8;0;0;0;0;0;901,209;22,005;39,919;290,624;7,096.35;16,878;6,879;426;10.4;0;0;0;0;0;102;2.49;7;670;16.35;32;14;1.57;0;0;0;0;11;3;334;8.15;17;164;4;11;17;41;3;21;0;0;0;0;14;0;0;71;35;22;14;3;9;349;8.52;20;01:36:54;02:21;05:12;0;0;0;0;0;0;0;0;58;1.41;7;0;0;0;0;0;0;8 hours;26:29;0;0;0;0;11;0;0;51%
DaintyPup921088;2385;0;17;107;3.29;9;0;0;0;0;0;541,505;16,662;32,398;223,890;6,888.9;15,470;4,443;401;12.33;0;0;0;0;0;116;3.56;9;527;16.21;41;12;1.31;0;0;0;0;13;2;295;9.07;21;162;4.98;16;17;33;1;15;0;0;0;0;12;0;0;66;19;25;22;4;6;267;8.21;21;01:03:02;01:56;04:22;0;0;0;0;0;0;0;0;68;2.09;7;0;0;0;0;0;0;6 hours;42:48;0;0;0;0;5;0;0;46%
DamianXCadena;0;0;0;0;0;0;0;0;0;0;0;4,024;8,187;4,024;1,905;3,876.75;1,905;773;3;6.1;0;0;0;0;0;0;0;0;9;18.31;9;5;3;0;0;0;0;0;0;5;10.17;5;0;0;0;0;0;0;0;0;0;0;0;5;0;0;0;0;0;0;0;0;6;12.2;6;00:25;00:50;00:25;0;0;0;0;0;0;0;0;0;0;0;0;0;0;0;0;0;3 minutes;0;0;0;0;0;0;0;0;100%
DanGetzBucketz;3306;0;2;30;4.8;6;0;0;0;0;0;140,904;22,572;21,595;58,102;9,307.4;7,756;2,808;59;9.45;0;0;0;0;0;26;4.16;5;131;20.98;23;10;2.22;0;0;0;0;0;0;69;11.05;17;46;7.36;10;2;6;0;4;0;0;0;0;10;0;0;16;5;9;2;3;2;63;10.09;14;15:46;02:31;03:00;0;0;0;0;0;0;0;0;13;2.08;3;0;0;0;0;0;0;1 hour;11:40;0;0;0;0;3;0;0;61%
DeftOrthruss;3000;0;1;28;3.25;5;0;0;0;0;0;138,009;16,039;26,864;70,891;8,238.84;11,699;4,649;102;11.85;0;0;0;0;0;28;3.25;4;150;17.43;21;10;1.47;0;0;0;0;6;2;76;8.83;11;39;4.53;6;4;9;0;4;0;0;0;0;10;0;0;13;6;4;3;3;3;59;6.85;11;13:24;01:33;02:27;0;0;0;0;0;0;0;0;18;2.09;6;0;0;0;0;0;0;1 hour;10:27;0;0;0;0;4;0;0;49%
DishonoredBeast;2611;0;7;37;3.6;7;0;0;0;0;0;197,073;19,207;26,652;77,045;7,508.94;11,027;2,798;91;8.86;0;0;0;0;0;40;3.89;9;165;16.08;26;11;1.81;0;0;0;0;3;0;81;7.89;14;54;5.26;10;5;10;0;5;0;0;0;0;11;0;0;19;12;3;4;3;1;66;6.43;10;17:59;01:45;02:35;0;0;0;0;0;0;0;0;14;1.36;2;0;0;0;0;0;0;2 hours;09:42;0;0;0;0;3;0;0;52%
Dog Thanatos;3775;0;4;24;3.36;6;0;0;0;0;0;241,873;33,953;45,114;89,835;12,610.59;17,487;5,944;72;10.1;0;0;0;0;0;40;5.61;15;169;23.72;36;17;2.34;0;0;0;0;3;1;79;11.08;14;57;8;11;0;0;1;4;0;0;0;0;17;0;0;0;4;5;0;4;5;86;12.07;24;24:40;03:27;06:33;0;0;0;0;0;0;0;0;6;0.84;2;0;0;0;0;0;0;2.7547819996252656 seconds;07:22;0;0;0;0;0;0;0;49%
DogeGammit;3958;0;7;54;1.99;9;0;0;0;0;0;579,543;21,374;48,398;216,678;7,991.21;17,240;6,109;213;7.85;0;0;0;0;0;70;2.58;8;398;14.67;34;13;1.86;0;0;0;0;3;3;175;6.45;16;112;4.13;12;14;27;1;12;0;0;0;0;13;0;0;37;17;15;4;4;7;184;6.78;19;53:18;01:57;04:16;0;0;0;0;0;0;0;0;21;0.77;2;0;0;0;0;0;0;5 hours;22:30;0;0;0;0;1;0;0;44%
Dominator1992;2532;0;3;10;1.74;4;0;0;0;0;0;151,757;26,494;40,851;43,851;7,655.62;11,626;2,932;77;13.44;0;0;0;0;0;13;2.26;4;88;15.36;22;7;1.14;0;0;0;0;0;0;45;7.85;12;27;4.71;9;2;6;1;3;0;0;0;0;7;0;0;5;0;1;3;3;1;39;6.8;10;13:50;02:25;03:04;0;0;0;0;0;0;0;0;3;0.52;1;0;0;0;0;0;0;1 hour;03:31;0;0;0;0;0;0;0;49%
DOMINICKYO;2337;0;7;81;3.25;6;0;0;0;0;0;318,863;12,817;21,654;160,269;6,441.99;10,758;3,177;300;12.05;0;0;0;0;0;69;2.77;5;368;14.79;22;9;1.22;0;0;0;0;9;1;198;7.95;14;99;3.97;8;13;25;3;9;0;0;0;0;9;0;0;51;15;20;16;3;3;139;5.58;12;25:40;01:01;02:48;0;0;0;0;0;0;0;0;37;1.48;3;0;0;0;0;0;0;4 hours;17:17;0;0;0;0;3;0;0;35%
DoubledLizard;2764;0;3;38;2.55;5;0;0;0;0;0;227,724;15,333;17,300;109,705;7,386.79;10,483;3,797;167;11.24;0;0;0;0;0;30;2.02;6;203;13.66;23;8;1.21;0;0;0;0;1;0;108;7.27;11;73;4.91;8;6;15;1;9;0;0;0;0;8;0;0;31;13;5;14;3;2;92;6.19;13;24:47;01:40;03:17;0;0;0;0;0;0;0;0;15;1.01;3;0;0;0;0;0;0;2 hours;12:26;0;0;0;0;2;0;0;58%
Drakothius;3028;0;0;1;4.89;1;0;0;0;0;0;2,228;10,908;2,228;1,516;7,422.54;1,516;1,000;3;14.68;0;0;0;0;0;1;4.89;1;4;19.58;4;2;1.33;0;0;0;0;0;0;2;9.79;2;0;0;0;0;0;0;0;0;0;0;0;2;0;0;1;0;1;0;0;0;2;9.79;2;00:14;01:11;00:14;0;0;0;0;0;0;0;0;0;0;0;0;0;0;0;0;0;3 minutes;0;0;0;0;0;0;0;0;100%
DrivebySamura1;3959;0;6;40;4.03;8;0;0;0;0;0;209,347;21,133;26,048;109,924;11,096.58;13,850;7,530;78;7.87;0;0;0;0;0;58;5.85;12;229;23.11;38;18;2.93;0;0;0;0;7;1;129;13.02;20;83;8.37;16;2;10;1;7;0;0;0;0;18;0;0;28;8;10;11;6;6;67;6.76;15;12:08;01:13;02:36;0;0;0;0;0;0;0;0;17;1.71;3;0;0;0;0;0;0;1 hour;26:07;0;0;0;0;1;0;0;71%
DSPStanky;3000;0;4;24;3.52;6;0;0;0;0;0;66,442;9,769;16,259;51,053;7,506.25;13,415;4,534;41;6.02;0;0;0;0;0;26;3.82;6;147;21.61;33;15;3.58;0;0;0;0;0;1;85;12.49;25;47;6.91;8;0;0;0;0;0;0;0;0;15;0;0;0;8;8;0;3;1;54;7.93;14;12:17;01:48;03:59;0;0;0;0;0;0;0;0;10;1.47;3;0;0;0;0;0;0;2.2550679929554462 seconds;10:42;0;0;0;0;0;0;0;100%
Dub6 Pingouino;3285;0;0;5;1.18;3;0;0;0;0;0;59,897;14,210;13,324;19,356;4,592.04;6,369;2,590;37;8.77;0;0;0;0;0;7;1.66;5;25;5.93;17;5;0.67;0;0;0;0;0;0;10;2.37;5;6;1.42;5;4;4;0;0;0;0;0;0;5;0;0;5;2;0;3;4;1;12;2.84;9;03:43;00:52;01:04;0;0;0;0;0;0;0;0;2;0.47;2;0;0;0;0;0;0;34 minutes;00:20;0;0;0;0;0;0;0;0
ECrow5;2264;0;57;298;4.05;13;0;0;0;0;0;1,499,135;20,423;43,971;96;2,632.55;96;96;1;27.47;0;0;0;0;0;199;2.71;11;1,170;15.93;44;13;1.43;0;0;0;0;30;10;642;8.74;25;319;4.34;16;0;0;1;37;73;2,018;73;72;13;0;0;0;0;21;37;4;10;475;6.47;24;02:15:08;01:50;05:08;0;0;0;0;0;0;7;2;110;1.49;6;0;0;0;1;0;0;--;44:45;0;0;0;0;17;28%;28%;51%
EliteKnight1;3375;0;1;6;3.11;3;0;0;0;0;0;57,857;30,042;37,427;16,870;8,759.47;7,343;2,230;19;9.86;0;0;0;0;0;11;5.71;9;27;14.01;16;4;1.42;0;0;0;0;0;0;14;7.26;7;8;4.15;5;1;2;0;1;0;0;0;0;4;0;0;4;1;2;1;3;1;12;6.23;11;03:48;01:58;03:13;0;0;0;0;0;0;0;0;1;0.51;1;0;0;0;0;0;0;27 minutes;00:44;0;0;0;0;0;0;0;29%
Elsayer;0;0;2;23;3.95;6;0;0;0;0;0;91,702;15,754;12,591;47,483;8,157.28;7,243;4,106;47;8.07;0;0;0;0;0;29;4.98;5;133;22.84;20;16;2.82;0;0;0;0;3;0;78;13.39;13;31;5.32;6;2;6;0;3;0;0;0;0;16;0;0;17;3;6;7;3;1;52;8.93;9;11:54;02:02;02:34;0;0;0;0;0;0;0;0;17;2.92;6;0;0;0;0;0;0;1 hour;21:01;0;0;0;0;0;0;0;58%
EscapeFate Dan;3000;0;0;0;0;0;0;0;0;0;0;7,242;19,916;7,242;3,493;9,606.4;3,493;1,695;3;8.25;0;0;0;0;0;2;5.5;2;7;19.25;7;3;2.33;0;0;0;0;0;0;4;11;4;3;8.25;3;0;0;0;0;0;0;0;0;3;0;0;1;0;0;0;0;0;3;8.25;3;00:18;00:50;00:18;0;0;0;0;0;0;0;0;0;0;0;0;0;0;0;0;0;3 minutes;0;0;0;0;0;0;0;0;100%
Everforeverr;2752;0;1;5;2.5;3;0;0;0;0;0;49,486;24,743;28,974;14,809;7,404.45;9,418;1,502;28;14;0;0;0;0;0;11;5.5;8;32;16;20;4;1.14;0;0;0;0;2;1;19;9.5;11;11;5.5;7;2;2;0;0;0;0;0;0;4;0;0;3;2;0;1;0;0;12;6;8;03:21;01:40;02:20;0;0;0;0;0;0;0;0;5;2.5;4;0;0;0;0;0;0;28 minutes;00:52;0;0;0;0;0;0;0;0
FANCYHOODLUM;3555;0;1;34;3.87;7;0;0;0;0;0;176,544;20,126;32,064;90,121;10,274.02;17,311;5,323;87;9.91;0;0;0;0;0;27;3.07;4;171;19.49;31;15;1.96;0;0;0;0;2;1;90;10.26;17;63;7.18;11;4;9;0;5;0;0;0;0;15;0;0;20;10;2;7;3;3;70;7.98;19;13:21;01:31;02:15;0;0;0;0;0;0;0;0;14;1.59;6;0;0;0;0;0;0;1 hour;05:32;0;0;0;0;0;0;0;51%
Fat Hamm;2576;0;1;9;3.18;5;0;0;0;0;0;60,960;21,598;14,958;17,591;6,232.38;4,896;2,571;44;15.58;0;0;0;0;0;7;2.48;3;39;13.81;19;16;0.88;0;0;0;0;1;0;23;8.14;11;7;2.48;3;2;3;0;1;0;0;0;21;16;0;0;7;3;2;1;0;0;17;6.02;10;03:39;01:17;01:24;0;0;0;0;0;0;0;0;3;1.06;2;0;0;0;0;0;0;39 minutes;02:20;0;0;0;0;1;0;0;21%
FBorrego;0;0;1;3;4.76;3;0;0;0;0;0;5,923;9,407;5,321;320;5,906.16;320;307;1;18.47;0;0;0;0;0;1;1.58;1;1;18.47;1;1;1;0;0;0;0;0;0;7;11.11;7;2;3.17;2;0;0;0;0;0;0;0;0;1;0;0;0;0;0;0;0;0;1;18.47;1;00:04;01:21;00:04;0;0;0;0;0;0;6;4;2;3.17;2;0;0;0;0;0;0;35.38315596431494 seconds;05:48;0;0;0;0;0;66%;0;47%
Ferni;4613;0;0;1;2.71;1;0;0;0;0;0;4,503;12,216;4,503;2,593;7,034.48;2,593;1,321;3;8.13;0;0;0;0;0;1;2.71;1;7;18.98;7;5;2.33;0;0;0;0;0;0;5;13.56;5;1;2.71;1;0;0;0;0;0;0;0;0;5;0;0;1;0;0;0;0;0;4;10.85;4;00:24;01:05;00:24;0;0;0;0;0;0;0;0;1;2.71;1;0;0;0;0;0;0;3 minutes;0;0;0;0;0;0;0;0;100%
Fluebinosh;2623;0;56;326;3.6;9;0;0;0;0;0;2,033,408;22,466;51,127;805,846;8,903.32;17,660;5,488;1,098;12.13;0;0;0;0;0;300;3.31;10;1,707;18.85;42;16;1.55;0;0;0;0;40;10;958;10.58;29;551;6.08;15;42;91;6;42;0;0;0;0;16;0;0;202;80;55;67;5;22;732;8.08;25;03:09:53;02:05;05:27;0;0;0;0;0;0;0;0;132;1.45;8;0;0;0;2;0;0;19 hours;02:12:19;0;0;0;0;39;0;0;46%
fusion360elite;2922;0;6;71;3.79;4;0;0;0;0;0;336,365;17,965;23,798;175,592;9,378.04;11,694;4,310;218;11.64;0;0;0;0;0;75;4;8;365;19.49;37;15;1.67;0;0;0;0;4;4;183;9.77;18;114;6.08;9;9;19;1;9;0;0;0;0;15;0;0;51;18;20;14;3;8;153;8.17;31;39:58;02:08;04:19;0;0;0;0;0;0;0;0;33;1.76;4;0;0;0;1;0;0;4 hours;25:12;0;0;0;0;6;0;0;47%
godstomper231;3449;0;5;51;2.98;4;0;0;0;0;0;402,242;23,516;38,607;173,523;10,144.44;18,850;6,884;256;14.96;0;0;0;0;0;78;4.56;9;309;18.06;35;15;1.2;0;0;0;0;5;0;139;8.12;16;92;5.37;12;12;17;1;5;0;0;0;0;15;0;0;32;12;8;12;5;9;127;7.42;15;35:57;02:06;03:10;0;0;0;0;0;0;0;0;16;0.93;3;0;0;0;0;0;0;3 hours;28:04;0;0;0;0;0;0;0;27%
Golden Viper210;4493;0;1;16;6.28;7;0;0;0;0;0;90,031;35,351;23,009;42,338;16,624.2;16,485;4,462;30;11.77;0;0;0;0;0;10;3.92;3;66;25.91;26;7;2.2;0;0;0;0;0;1;37;14.52;14;21;8.24;9;1;3;0;1;0;0;0;0;7;0;0;9;2;2;4;0;0;21;8.24;6;08:53;03:29;03:18;0;0;0;0;0;0;0;0;10;3.92;6;0;0;0;0;0;0;40 minutes;07:58;0;0;0;0;0;0;0;45%
Gooty73;2817;0;54;792;4.55;14;0;0;0;0;0;3,056,900;17,585;43,798;1,481,594;8,522.82;21,021;6,945;2,070;11.9;0;0;0;0;0;721;4.14;15;3,336;19.19;65;21;1.61;0;0;0;0;71;21;1,839;10.57;40;1,062;6.1;16;74;174;10;90;0;0;0;0;21;0;0;247;115;51;81;5;37;1,335;7.67;29;05:00:14;01:43;04:49;0;0;0;0;0;0;0;0;347;1.99;8;0;0;0;1;0;0;37 hours;04:00:49;0;0;0;0;37;0;0;51%
grayjake14;2095;0;0;1;3.33;1;0;0;0;0;0;7,049;23,507;3,009;745;2,484.31;375;375;4;13.33;0;0;0;0;0;0;0;0;1;3.33;1;1;0.25;0;0;0;0;0;0;0;0;0;0;0;0;0;0;0;0;0;0;0;0;1;0;0;1;0;0;0;0;0;0;0;0;00:31;01:46;00:24;0;0;0;0;0;0;0;0;0;0;0;0;0;0;0;0;0;3 minutes;0;0;0;0;0;0;0;0;0
HarleyHltman2nd;2351;0;23;80;2.25;6;0;0;0;0;0;514,661;14,527;36,967;273,526;7,720.48;15,030;3,862;457;12.89;0;0;0;0;0;100;2.82;6;553;15.6;32;12;1.21;0;0;0;0;9;2;321;9.06;16;198;5.58;12;17;35;1;18;0;0;0;0;12;0;0;72;22;28;22;3;1;283;7.98;20;01:11:31;02:01;04:07;0;0;0;0;0;0;0;0;61;1.72;5;0;0;0;2;0;0;6 hours;37:49;0;0;0;0;9;0;0;50%
Hei Wong;3000;0;0;5;0.88;2;0;0;0;0;0;56,964;10,101;13,253;23,706;4,203.66;6,030;3,041;17;3.01;0;0;0;0;0;5;0.88;2;56;9.93;12;12;3.29;0;0;0;0;2;0;25;4.43;6;17;3.01;7;1;6;0;4;0;0;0;0;12;0;0;9;5;2;2;0;0;10;1.77;6;02:01;00:21;01:27;0;0;0;0;0;0;0;0;2;0.35;1;0;0;0;0;0;0;39 minutes;0;0;0;0;0;0;0;0;76%
HydraulicRug9;2469;0;0;1;1.38;1;0;0;0;0;0;6,345;8,789;5,712;3,283;4,546.77;1,923;972;6;8.31;0;0;0;0;0;2;2.77;2;10;13.85;7;3;1.66;0;0;0;0;1;0;4;5.54;4;4;5.54;3;0;1;0;1;0;0;0;0;3;0;0;3;2;0;1;0;0;4;5.54;3;01:13;01:42;01:07;0;0;0;0;0;0;0;0;1;1.38;1;0;0;0;0;0;0;6 minutes;0;0;0;0;0;0;0;0;100%
iArctos;4294;0;5;30;3.6;5;0;0;0;0;0;150,799;18,107;19,905;81,993;9,845.07;13,501;4,590;68;8.16;0;0;0;0;0;40;4.8;7;161;19.33;18;12;2.36;0;0;0;0;2;2;90;10.8;16;50;6;10;1;8;0;7;0;0;0;0;12;0;0;20;5;7;8;4;3;51;6.12;10;10:43;01:17;02:24;0;0;0;0;0;0;0;0;15;1.8;6;0;0;0;0;0;0;1 hour;16:47;0;0;0;0;2;0;0;84%
II BigGash II;2763;0;0;0;0;0;0;0;0;0;0;7,242;14,291;7,242;3,076;6,069.14;3,076;1,151;8;15.78;0;0;0;0;0;0;0;0;11;21.7;11;5;1.37;0;0;0;0;0;0;4;7.89;4;1;1.97;1;0;1;1;0;0;0;0;0;5;0;0;1;1;0;1;0;0;5;9.86;5;00:37;01:14;00:37;0;0;0;0;0;0;0;0;0;0;0;0;0;0;0;0;0;8 minutes;0;0;0;0;0;0;0;0;0
II Scar3CroW;2790;0;0;19;3.24;4;0;0;0;0;0;87,006;14,845;18,297;37,529;6,403.22;6,580;2,434;56;9.55;0;0;0;0;0;18;3.07;6;89;15.18;22;9;1.58;0;0;0;0;5;3;54;9.21;14;26;4.43;11;1;6;0;5;0;0;0;0;9;0;0;9;4;2;3;0;0;41;6.99;13;09:59;01:42;02:14;0;0;0;0;0;0;0;0;10;1.7;3;0;0;0;0;0;0;1 hour;02:24;0;0;0;0;0;0;0;77%
II SirMaru II;2461;0;5;21;3.58;6;0;0;0;0;0;172,447;29,409;34,978;49,205;8,391.48;11,548;3,103;51;8.69;0;0;0;0;0;22;3.75;6;117;19.95;26;10;2.29;0;0;0;0;1;0;81;13.81;21;34;5.79;7;4;6;0;2;0;0;0;0;10;0;0;12;3;5;3;3;1;49;8.35;15;12:04;02:03;04:16;0;0;0;0;0;0;0;0;21;3.58;5;0;0;0;0;0;0;1 hour;13:26;0;0;0;0;0;0;0;34%
II Table;3498;0;0;8;2.85;3;0;0;0;0;0;44,322;15,801;15,754;21,684;7,730.41;5,517;3,289;16;5.7;0;0;0;0;0;8;2.85;4;50;17.82;16;13;3.12;0;0;0;0;1;0;23;8.19;7;18;6.41;6;1;3;0;2;0;0;0;0;13;0;0;8;3;1;4;3;1;9;3.2;4;02:07;00:45;01:18;0;0;0;0;0;0;0;0;3;1.06;2;0;0;0;0;0;0;28 minutes;01:02;0;0;0;0;1;0;0;63%
Im Voxie;4020;0;0;3;6.11;3;0;0;0;0;0;10,763;21,954;10,763;8,633;17,608.87;8,633;2,977;5;10.19;0;0;0;0;0;7;14.27;7;19;38.75;19;6;3.8;0;0;0;0;0;0;6;12.23;6;5;10.19;5;0;0;0;0;0;0;0;0;6;0;0;1;0;1;0;3;2;5;10.19;5;01:01;02:05;01:01;0;0;0;0;0;0;0;0;1;2.03;1;0;0;0;0;0;0;7 minutes;01:34;0;0;0;0;0;0;0;0
Ind3mnity;2389;0;9;74;2.99;6;0;0;0;0;0;491,732;19,919;32,814;154,549;6,260.39;9,151;2,817;282;11.42;0;0;0;0;0;70;2.83;7;346;14.01;24;10;1.22;0;0;0;0;10;3;184;7.45;15;114;4.61;9;8;25;0;16;0;0;0;0;10;0;0;30;12;4;13;3;4;146;5.91;12;47:42;01:55;04:04;0;0;0;0;0;0;0;0;30;1.21;5;0;0;0;0;0;0;5 hours;14:48;0;0;0;0;5;0;0;65%
Infamous Bounty;4047;0;3;11;3.47;4;0;0;0;0;0;89,567;28,321;17,455;30,009;9,488.76;5,513;2,852;29;9.16;0;0;0;0;0;18;5.69;4;67;21.18;16;8;2.31;0;0;0;0;0;0;33;10.43;8;24;7.58;7;1;3;0;2;0;0;0;0;8;0;0;9;6;1;2;3;1;19;6;5;03:39;01:09;01:14;0;0;0;0;0;0;0;0;4;1.26;2;0;0;0;0;0;0;42 minutes;03:17;0;0;0;0;0;0;0;66%
iSttoooLen;3977;0;1;2;1.58;1;0;0;0;0;0;25,748;20,410;12,915;10,143;8,040.52;5,593;1,730;14;11.09;0;0;0;0;0;3;2.37;2;13;10.3;6;2;0.92;0;0;0;0;1;0;7;5.54;4;4;3.17;2;0;1;0;1;0;0;0;0;2;0;0;1;1;0;0;0;0;3;2.37;2;01:12;00:57;00:41;0;0;0;0;0;0;0;0;2;1.58;1;0;0;0;0;0;0;16 minutes;0;0;0;0;0;0;0;0;100%
Itothean511;3963;0;1;19;4.06;6;0;0;0;0;0;157,321;33,687;29,390;56,709;12,143.17;13,707;3,862;50;10.7;0;0;0;0;0;17;3.64;4;96;20.55;22;10;1.92;0;0;0;0;0;0;47;10.06;13;42;8.99;12;2;5;1;2;0;0;0;0;10;0;0;10;2;5;2;4;2;34;7.28;11;11:21;02:26;03:35;0;0;0;0;0;0;0;0;8;1.71;3;0;0;0;0;0;0;1 hour;05:16;0;0;0;0;0;0;0;37%
ItsCONRAD;3497;0;24;319;3.98;8;0;0;0;0;0;1,816,289;22,686;40,129;772,978;9,654.76;18,566;6,691;765;9.55;0;0;0;0;0;365;4.55;9;1,606;20.05;32;15;2.09;0;0;0;0;13;1;774;9.66;20;470;5.87;11;36;80;2;42;0;0;0;8;15;0;0;188;83;42;63;5;14;643;8.03;18;02:48:50;02:06;04:18;0;0;0;0;0;0;0;0;97;1.21;5;0;0;0;2;0;0;17 hours;01:44:18;0;0;0;0;19;0;0;52%
iUnExpected;4065;0;3;17;2.8;6;0;0;0;0;0;125,531;20,727;26,634;60,993;10,070.57;18,242;6,938;49;8.09;0;0;0;0;0;31;5.11;11;110;18.16;33;9;2.24;0;0;0;0;0;0;43;7.09;12;35;5.77;11;3;6;0;3;0;0;0;0;9;0;0;13;4;3;6;5;3;41;6.76;16;10:07;01:40;03:30;0;0;0;0;0;0;0;0;2;0.33;1;0;0;0;0;0;0;1 hour;08:39;0;0;0;0;0;0;0;50%
iuya;3991;0;2;16;3.53;4;0;0;0;0;0;94,959;21,003;18,660;39,740;8,789.73;8,247;4,527;29;6.41;0;0;0;0;0;12;2.65;4;78;17.25;15;12;2.68;0;0;0;0;1;0;35;7.74;7;26;5.75;6;1;5;0;4;0;0;0;0;12;0;0;13;4;5;4;5;2;23;5.08;7;06:30;01:26;01:57;0;0;0;0;0;0;0;0;4;0.88;1;0;0;0;0;0;0;49 minutes;03:58;0;0;0;0;0;0;0;77%
IX HALFBREED XI;2667;0;4;38;3.97;8;0;0;0;0;0;148,127;15,479;21,200;76,841;8,029.82;16,040;5,850;72;7.52;0;0;0;0;0;37;3.86;7;169;17.66;34;14;2.34;0;0;0;0;5;2;96;10.03;19;75;7.83;16;5;10;0;4;0;0;0;0;14;0;0;17;7;6;4;3;3;81;8.46;22;16:02;01:40;02:57;0;0;0;0;0;0;0;0;21;2.19;5;0;0;0;0;0;0;1 hour;07:35;0;0;0;0;1;0;0;42%
jacacus4;2717;0;4;13;2.6;4;0;0;0;0;0;112,941;22,588;34,198;25,572;5,114.31;8,080;4,076;44;8.8;0;0;0;0;0;14;2.8;6;61;12.2;20;7;1.38;0;0;0;0;1;1;27;5.4;9;18;3.6;7;3;5;0;2;0;0;0;0;7;0;0;6;1;4;1;3;1;30;6;15;12:12;02:26;03:49;0;0;0;0;0;0;0;0;2;0.4;1;0;0;0;0;0;0;1 hour;04:07;0;0;0;0;4;0;0;39%
JEFFOKEKE360;2192;0;2;24;2.92;5;0;0;0;0;0;105,437;12,853;17,052;41,751;5,089.51;6,680;1,782;78;9.5;0;0;0;0;0;22;2.68;5;113;13.77;22;9;1.44;0;0;0;0;2;1;55;6.7;11;27;3.29;6;4;8;0;4;0;0;0;0;9;0;0;13;6;3;3;5;1;42;5.11;12;09:08;01:06;01:57;0;0;0;0;0;0;0;0;11;1.34;3;0;0;0;0;0;0;1 hour;04:56;0;0;0;0;0;0;0;46%
JerryAlphaCode;3685;0;1;11;4.4;6;0;0;0;0;0;42,203;16,888;19,333;19,315;7,728.82;10,091;2,193;21;8.4;0;0;0;0;0;11;4.4;6;45;18;21;7;2.14;0;0;0;0;1;0;19;7.6;9;11;4.4;7;1;2;0;2;0;0;0;0;7;0;0;5;1;3;1;3;1;20;8;8;03:21;01:20;01:16;0;0;0;0;0;0;0;0;2;0.8;2;0;0;0;0;0;0;28 minutes;03:09;0;0;0;0;0;0;0;61%
Jew Veri;3852;0;0;1;3.16;1;0;0;0;0;0;2,604;8,249;2,604;3,019;9,565.53;3,019;1,299;3;9.5;0;0;0;0;0;0;0;0;2;6.33;2;1;0.66;0;0;0;0;0;0;1;3.16;1;2;6.33;2;0;0;0;0;0;0;0;0;1;0;0;1;0;0;1;0;0;0;0;0;0;0;0;0;0;0;0;0;0;0;0;0;0;0;0;0;0;0;0;0;3 minutes;0;0;0;0;0;0;0;0;100%
JoboRulz;0;0;0;1;1.18;1;0;0;0;0;0;10,505;12,433;5,470;4,039;4,780.64;2,177;1,272;7;8.28;0;0;0;0;0;1;1.18;1;7;8.28;4;3;1;0;0;0;0;0;0;3;3.55;2;4;4.73;3;1;1;0;0;0;0;0;0;3;0;0;3;1;0;1;0;0;3;3.55;2;00:15;00:18;00:12;0;0;0;0;0;0;0;0;0;0;0;0;0;0;0;0;0;6 minutes;0;0;0;0;0;1;0;0;0
JOSEPH C 7;3077;0;0;2;2.68;2;0;0;0;0;0;17,183;23,109;4,815;4,653;6,258.34;2,738;1,883;12;16.13;0;0;0;0;0;1;1.34;1;7;9.41;5;4;0.58;0;0;0;0;0;0;2;2.68;2;3;4.03;1;0;1;0;0;0;0;0;0;4;0;0;3;1;1;1;0;0;3;4.03;2;00:39;00:52;00:17;0;0;0;0;0;0;0;0;0;0;0;0;0;0;0;0;0;9 minutes;0;0;0;0;0;0;0;0;60%
Joshua x FX;0;0;1;6;2.11;2;0;0;0;0;0;38,878;13,684;9,929;9,831;3,460.31;3,774;2,496;14;4.92;0;0;0;0;0;4;1.4;2;28;9.85;14;6;2;0;0;0;0;1;0;14;4.92;5;11;3.87;5;2;3;0;1;0;0;0;0;6;0;0;7;3;3;0;0;0;16;5.63;8;04:39;01:38;01:46;0;0;0;0;0;0;0;0;3;1.05;2;0;0;0;0;0;0;21 minutes;00:02;0;0;0;0;0;0;0;35%
KaIlkz;3526;0;0;0;0;0;0;0;0;0;0;9,903;11,986;8,853;2,066;2,500.57;1,666;631;6;7.26;0;0;0;0;0;0;0;0;1;1.21;1;1;0.16;0;0;0;0;0;0;0;0;0;0;0;0;0;0;0;0;0;0;0;0;1;0;0;0;0;0;0;0;0;0;0;0;00:12;00:14;00:12;0;0;0;0;0;0;0;0;0;0;0;0;0;0;0;0;0;8.246488014236093 seconds;0;0;0;0;0;0;0;0;0
KEIHEI;3624;0;2;10;2.57;4;0;0;0;0;0;97,038;24,985;44,098;43,806;11,279.23;18,269;5,732;31;7.98;0;0;0;0;0;22;5.66;9;102;26.26;34;18;3.29;0;0;0;0;0;0;53;13.64;17;31;7.98;14;1;4;1;2;0;0;0;0;18;0;0;11;4;4;3;3;2;42;10.81;17;08:23;02:09;03:10;0;0;0;0;0;0;0;0;5;1.28;2;0;0;0;0;0;0;48 minutes;09:15;0;0;0;0;2;0;0;51%
Kimmy Gibbz69;4384;0;0;0;0;0;0;0;0;0;0;6,199;33,434;6,199;1,084;5,846.41;1,084;480;4;21.57;0;0;0;0;0;0;0;0;3;16.18;3;2;0.75;0;0;0;0;0;0;1;5.39;1;0;0;0;0;0;0;0;0;0;0;0;2;0;0;1;0;0;0;0;0;1;5.39;1;00:02;00:13;00:02;0;0;0;0;0;0;0;0;0;0;0;0;0;0;0;0;0;3 minutes;0;0;0;0;0;0;0;0;0
Kypahh;3508;0;2;3;1.37;2;0;0;0;0;0;38,855;17,819;16,513;10,071;4,618.67;4,806;2,514;8;3.66;0;0;0;0;0;3;1.37;3;30;13.75;13;7;3.75;0;0;0;0;0;0;10;4.58;6;13;5.96;5;1;2;0;2;0;0;0;0;7;0;0;7;3;4;1;3;1;15;6.87;9;02:38;01:12;01:29;0;0;0;0;0;0;0;0;0;0;0;0;0;0;0;0;0;16 minutes;00:29;0;0;0;0;0;0;0;69%
Lee;3000;0;0;0;0;0;0;0;0;0;0;2,072;6,262;2,072;530;1,599.93;530;530;1;3.02;0;0;0;0;0;0;0;0;4;12.08;4;4;4;0;0;0;0;0;0;2;6.04;2;0;0;0;0;0;0;0;0;0;0;0;4;0;0;1;0;0;1;0;0;3;9.06;3;00:40;02:02;00:40;0;0;0;0;0;0;0;0;0;0;0;0;0;0;0;0;0;1 minute;0;0;0;0;0;0;0;0;100%
Lefty Supremacy;2323;0;4;13;2.44;4;0;0;0;0;0;122,518;23,037;34,616;33,942;6,382.09;9,298;4,288;52;9.77;0;0;0;0;0;22;4.13;7;94;17.67;24;10;1.8;0;0;0;0;0;0;49;9.21;10;26;4.88;8;3;5;0;2;0;0;0;0;10;0;0;16;5;7;5;4;2;30;5.64;15;08:43;01:38;01:55;0;0;0;0;0;0;0;0;8;1.5;2;0;0;0;0;0;0;57 minutes;16:31;0;0;0;0;3;0;0;34%
LEGENDARYWARIOR;3639;0;0;0;0;0;0;0;0;0;0;2,000;31,607;2,000;519;8,202.12;519;519;2;31.6;0;0;0;0;0;0;0;0;0;0;0;0;0;0;0;0;0;0;0;0;0;0;0;0;0;0;0;0;0;0;0;0;0;0;0;0;0;0;0;0;0;0;0;0;0;00:00;00:15;00:00;0;0;0;0;0;0;0;0;0;0;0;0;0;0;0;0;0;43.3693490056321 seconds;0;0;0;0;0;0;0;0;3%
Leveyez;3389;0;0;0;0;0;0;0;0;0;0;4,074;22,826;4,074;930;5,210.03;930;735;2;11.2;0;0;0;0;0;0;0;0;0;0;0;0;0;0;0;0;0;0;0;0;0;0;0;0;0;0;0;0;0;0;0;0;0;0;0;0;1;0;0;0;0;0;0;0;0;00:08;00:47;00:08;0;0;0;0;0;0;0;0;0;0;0;0;0;0;0;0;0;1 minute;0;0;0;0;0;0;0;0;0
Lifting Gamer;2706;0;1;1;2.12;1;0;0;0;0;0;8,861;18,821;8,861;1,430;3,038.32;1,430;506;3;6.37;0;0;0;0;0;2;4.24;2;4;8.49;4;2;1.33;0;0;0;0;0;0;2;4.24;2;0;0;0;0;0;0;0;0;0;0;0;2;0;0;2;1;1;0;0;0;3;6.37;3;00:37;01:20;00:37;0;0;0;0;0;0;0;0;0;0;0;0;0;0;0;0;0;3 minutes;0;0;0;0;0;0;0;0;100%
LILTEAP0T4;0;0;0;2;4.21;2;0;0;0;0;0;8,310;17,523;8,310;6,119;12,902.37;6,119;1,643;7;14.76;0;0;0;0;0;2;4.21;2;12;25.3;12;5;1.71;0;0;0;0;0;0;8;16.86;8;6;12.65;6;0;0;0;0;0;0;0;0;5;0;0;2;1;0;0;0;0;5;10.54;5;01:14;02:36;01:14;0;0;0;0;0;0;0;0;1;2.1;1;0;0;0;0;0;0;7 minutes;00:20;0;0;0;0;0;0;0;0
limited death;0;0;1;6;1.83;5;0;0;0;0;0;83,877;25,637;39,205;37,479;11,455.61;13,725;2,856;30;9.16;0;0;0;0;0;25;7.64;14;73;22.31;28;8;2.43;0;0;0;0;0;0;30;9.16;12;31;9.47;10;0;3;1;2;0;0;0;0;8;0;0;6;3;1;2;4;2;28;8.55;10;06:30;01:59;02:19;0;0;0;0;0;0;0;0;3;0.91;3;0;0;0;0;0;0;43 minutes;05:48;0;0;0;0;1;0;0;74%
limmme;3478;0;3;29;5.33;8;0;0;0;0;0;143,034;26,311;34,692;60,689;11,163.53;13,491;4,125;71;13.06;0;0;0;0;0;30;5.51;7;125;22.99;30;7;1.76;0;0;0;0;2;0;58;10.66;15;55;10.11;16;3;5;0;3;0;0;0;0;7;0;0;13;5;3;4;3;1;57;10.48;20;16:03;02:57;04:53;0;0;0;0;0;0;0;0;6;1.1;2;0;0;0;0;0;0;1 hour;06:10;0;0;0;0;1;0;0;48%
Little Bran;3936;0;0;0;0;0;0;0;0;0;0;2,000;9,695;2,000;422;2,045.73;422;422;1;4.84;0;0;0;0;0;0;0;0;0;0;0;0;0;0;0;0;0;0;0;0;0;0;0;0;0;0;0;0;0;0;0;0;0;0;0;0;0;0;0;0;0;0;0;0;0;0;0;0;0;0;0;0;0;0;0;0;0;0;0;0;0;0;0;0;0;40.59915102832019 seconds;0;0;0;0;0;0;0;0;0
lorcy m;3639;0;1;8;2.92;4;0;0;0;0;0;57,663;21,088;16,359;28,243;10,328.84;9,476;3,225;23;8.41;0;0;0;0;0;15;5.48;6;53;19.38;17;8;2.3;0;0;0;0;2;0;23;8.41;8;24;8.77;8;1;3;0;1;0;0;0;0;8;0;0;6;3;1;2;4;4;20;7.31;8;04:24;01:36;01:18;0;0;0;0;0;0;0;0;2;0.73;1;0;0;0;0;0;0;30 minutes;05:22;0;0;0;0;0;0;0;36%
LORDxSUWU;2857;0;0;6;5.14;5;0;0;0;0;0;28,480;24,424;17,017;15,105;12,953.64;9,652;2,424;17;14.57;0;0;0;0;0;7;6;6;40;34.3;24;10;2.35;0;0;0;0;0;0;20;17.15;11;11;9.43;9;1;1;0;0;0;0;0;0;10;0;0;3;1;1;2;3;1;19;16.29;10;05:28;04:41;02:57;0;0;0;0;0;0;0;0;5;4.28;3;0;0;0;0;0;0;19 minutes;03:10;0;0;0;0;0;0;0;34%
Lycanz;4036;0;0;49;4.24;6;0;0;0;0;0;192,266;16,663;14,025;93,011;8,060.82;8,210;3,266;103;8.92;0;0;0;0;0;34;2.94;7;187;16.2;18;14;1.81;0;0;0;0;2;0;99;8.57;9;52;4.5;6;2;12;1;9;0;0;0;0;14;0;0;31;13;10;9;3;3;68;5.89;8;21:16;01:50;02:51;0;0;0;0;0;0;0;0;10;0.86;2;0;0;0;0;0;0;2 hours;12:03;0;0;0;0;4;0;0;79%
MajorCris;3262;0;0;7;7.19;4;0;0;0;0;0;25,495;26,193;14,956;14,339;14,731.36;6,800;2,322;12;12.32;0;0;0;0;0;10;10.27;4;36;36.98;18;10;3;0;0;0;0;0;0;21;21.57;11;6;6.16;4;0;1;0;1;0;0;0;0;10;0;0;1;1;0;1;3;1;14;14.38;8;02:29;02:33;01:37;0;0;0;0;0;0;0;0;1;1.02;1;0;0;0;0;0;0;16 minutes;05:16;0;0;0;0;0;0;0;55%
Maniac Mansion;1716;0;35;57;1.84;6;0;0;0;0;0;812,555;26,364;43,510;150,791;4,892.53;9,366;2,629;351;11.38;0;0;0;0;0;61;1.97;6;355;11.51;24;8;1.01;0;0;0;0;15;0;168;5.45;11;103;3.34;8;8;31;3;20;0;0;0;0;8;0;0;38;7;19;13;3;3;186;6.03;15;01:16:49;02:29;05:07;0;0;0;0;0;0;0;0;28;0.9;3;0;0;0;1;0;0;7 hours;06:13;0;0;0;0;12;0;0;65%
Mano Brawl BR;4015;0;22;83;1.62;5;0;0;0;0;0;972,296;19,049;29,990;346,760;6,793.47;15,063;7,245;310;6.07;0;0;0;0;0;149;2.91;12;863;16.9;35;16;2.78;0;0;0;0;9;2;390;7.64;20;246;4.81;12;8;51;3;40;0;0;0;75;16;0;0;113;35;35;43;4;9;388;7.6;18;01:46:01;02:04;04:01;0;0;0;0;0;0;0;0;49;0.95;3;0;0;0;1;0;0;9 hours;55:05;0;0;0;0;3;0;0;78%
Marderic;3685;0;9;84;2.83;8;50%;1;1;1;0.03;639,049;21,563;35,133;25;656.44;25;25;1;25.78;0;0;0;0;0;111;3.74;11;572;19.3;39;11;2.02;0;0;0;0;6;4;302;10.19;28;222;7.49;19;0;0;1;18;2;61.88;2;2;11;0;0;0;0;0;16;4;9;226;7.62;19;57:07;01:55;04:44;0;0;0;2;0.08;2;36;2;37;1.24;5;0;0;0;0;0;0;28.818587016314268 seconds;26:42;0;0;0;0;3;5%;0;61%
MattShore21;1918;0;0;0;0;0;0;0;0;0;0;1,722;4,292;1,722;2,383;5,940.8;2,383;852;5;12.46;0;0;0;0;0;1;2.49;1;1;2.49;1;1;0.2;0;0;0;0;0;0;1;2.49;1;1;2.49;1;0;0;0;0;0;0;0;0;1;0;0;1;0;0;0;0;0;0;0;0;00:04;00:10;00:04;0;0;0;0;0;0;0;0;0;0;0;0;0;0;0;0;0;4 minutes;0;0;0;0;0;0;0;0;0
Maxxon Charge;3705;0;2;81;4.26;7;0;0;0;0;0;422,626;22,245;22,783;223,171;11,746.59;18,960;7,309;207;10.89;0;0;0;0;0;96;5.05;14;410;21.58;30;14;1.98;0;0;0;0;3;0;185;9.73;17;130;6.84;12;7;19;1;11;0;0;0;0;14;0;0;46;15;12;18;4;10;164;8.63;20;34:02;01:47;03:54;0;0;0;0;0;0;0;0;25;1.31;2;0;0;0;0;0;0;4 hours;23:05;0;0;0;0;0;0;0;58%
mcir3000;2958;0;5;76;3.05;11;0;0;0;0;0;537,181;21,595;49,628;224,898;9,040.88;19,865;4,705;230;9.24;0;0;0;0;0;96;3.85;12;493;19.81;42;13;2.14;0;0;0;0;5;2;262;10.53;25;150;6.02;12;10;25;3;12;0;0;0;0;13;0;0;60;19;23;19;5;11;223;8.96;21;38:46;01:33;03:24;0;0;0;0;0;0;0;0;35;1.4;5;0;0;0;1;0;0;5 hours;33:57;0;0;0;0;4;0;0;46%
Medvescek;3421;0;2;10;4.16;5;0;0;0;0;0;59,692;24,875;21,929;21,091;8,789.15;9,889;2,093;25;10.41;0;0;0;0;0;15;6.25;9;56;23.33;22;8;2.24;0;0;0;0;0;0;38;15.83;14;13;5.41;6;1;2;0;2;0;0;0;0;8;0;0;5;1;2;2;4;1;16;6.66;6;05:33;02:18;03:20;0;0;0;0;0;0;0;0;3;1.25;3;0;0;0;0;0;0;33 minutes;03:02;0;0;0;0;3;0;0;65%
MercenaryXPO;4270;0;0;2;1.09;1;0;0;0;0;0;45,390;24,964;16,595;15,579;8,567.96;9,580;2,397;8;4.39;0;0;0;0;0;9;4.94;5;39;21.44;15;7;4.87;0;0;0;0;0;0;18;9.89;9;16;8.79;8;0;2;0;2;0;0;0;0;7;0;0;4;2;0;2;0;0;6;3.29;6;00:47;00:26;00:47;0;0;0;0;0;0;0;0;1;0.54;1;0;0;0;0;0;0;16 minutes;03:15;0;0;0;0;0;0;0;100%
Meuq;4627;0;0;0;0;0;0;0;0;0;0;5,042;18,555;5,042;1,010;3,717.08;1,010;1,010;0;0;0;0;0;0;0;0;0;0;2;7.36;2;2;0;0;0;0;0;0;0;0;0;0;1;3.68;1;0;0;0;0;0;0;0;0;2;0;0;1;0;1;0;0;0;1;3.68;1;00:41;02:33;00:41;0;0;0;0;0;0;0;0;0;0;0;0;0;0;0;0;0;1 minute;0;0;0;0;0;0;0;0;100%
millar08;0;0;1;12;2.52;3;0;0;0;0;0;60,012;12,604;14,455;33,027;6,936.68;13,202;3,589;39;8.19;0;0;0;0;0;14;2.94;7;77;16.17;32;9;1.97;0;0;0;0;4;1;42;8.82;16;29;6.09;14;0;5;0;4;0;0;0;0;9;0;0;8;2;4;2;0;0;34;7.14;14;06:48;01:25;02:23;0;0;0;0;0;0;0;0;13;2.73;6;0;0;0;0;0;0;49 minutes;05:21;0;0;0;0;0;0;0;90%
MisterToli X;3151;0;1;19;4.78;6;0;0;0;0;0;68,123;17,147;18,807;48,561;12,222.78;15,300;6,198;53;13.34;0;0;0;0;0;19;4.78;4;84;21.14;18;9;1.58;0;0;0;0;4;2;56;14.09;14;29;7.29;5;2;4;0;2;0;0;0;0;9;0;0;10;4;2;4;3;1;21;5.28;6;03:22;00:50;00:51;0;0;0;0;0;0;0;0;7;1.76;3;0;0;0;0;0;0;49 minutes;03:37;0;0;0;0;0;0;0;47%
miya456;2442;0;0;1;2.58;1;0;0;0;0;0;3,241;8,363;3,241;1,950;5,032.24;1,950;1,255;2;5.16;0;0;0;0;0;0;0;0;1;2.58;1;1;0.5;0;0;0;0;0;0;1;2.58;1;0;0;0;0;0;0;0;0;0;0;0;1;0;0;1;0;0;0;0;0;0;0;0;00:14;00:36;00:14;0;0;0;0;0;0;0;0;0;0;0;0;0;0;0;0;0;2 minutes;0;0;0;0;0;0;0;0;0
mnizzle4;2719;0;0;1;3.59;1;0;0;0;0;0;8,294;29,807;6,501;1,757;6,314.91;1,682;897;4;14.37;0;0;0;0;0;0;0;0;1;3.59;1;1;0.25;0;0;0;0;0;0;1;3.59;1;0;0;0;0;0;0;0;0;0;0;0;1;0;0;1;0;1;0;0;0;0;0;0;00:20;01:12;00:20;0;0;0;0;0;0;0;0;0;0;0;0;0;0;0;0;0;3 minutes;0;0;0;0;0;0;0;0;27%
MrNerdWalker;0;0;0;2;4.19;2;0;0;0;0;0;12,855;26,953;12,855;7,169;15,030.34;7,169;1,863;4;8.38;0;0;0;0;0;1;2.09;1;20;41.93;20;7;5;0;0;0;0;0;0;10;20.96;10;7;14.67;7;0;0;0;0;0;0;0;0;7;0;0;2;0;2;0;0;0;10;20.96;10;01:17;02:42;01:17;0;0;0;0;0;0;0;0;1;2.09;1;0;0;0;0;0;0;7 minutes;00:27;0;0;0;0;0;0;0;100%
MrSlurpCity;2406;0;7;30;2.99;6;0;0;0;0;0;195,394;19,539;34,996;63,791;6,379.12;9,098;1,925;117;11.69;0;0;0;0;0;33;3.29;6;178;17.79;24;10;1.52;0;0;0;0;3;3;103;10.29;15;54;5.39;11;3;10;0;7;0;0;0;0;10;0;0;13;5;4;4;4;3;70;6.99;16;19:52;01:59;03:15;0;0;0;0;0;0;0;0;26;2.59;6;0;0;0;0;0;0;2 hours;13:18;0;0;0;0;2;0;0;69%
MSwn;2339;0;2;9;1.82;5;0;0;0;0;0;88,377;17,883;21,339;34,265;6,933.27;10,919;3,896;49;9.91;0;0;0;0;0;15;3.03;4;88;17.8;25;10;1.79;0;0;0;0;1;0;39;7.89;10;18;3.64;6;1;5;0;3;0;0;0;0;10;0;0;14;8;3;3;0;0;54;10.92;16;14:28;02:55;04:05;0;0;0;0;0;0;0;0;5;1.01;2;0;0;0;0;0;0;1 hour;00:12;0;0;0;0;4;0;0;66%
MuTaTi0nZ;2079;0;20;37;1.11;5;0;0;0;0;0;567,239;17,079;41,216;127,561;3,840.78;10,189;5,066;289;8.7;0;0;0;0;0;35;1.05;6;304;9.15;28;16;1.05;0;0;0;0;12;1;147;4.42;13;102;3.07;9;18;33;3;12;0;0;0;0;16;0;0;33;10;14;9;3;2;156;4.69;15;53:45;01:37;04:27;0;0;0;0;0;0;0;0;27;0.81;4;0;0;0;0;0;0;5 hours;03:09;0;0;0;0;6;0;0;36%
My BRs Dyslexic;3567;0;9;74;3.82;8;0;0;0;0;0;492,512;25,454;42,385;188,631;9,748.87;17,988;3,930;197;10.18;0;0;0;0;0;87;4.49;11;382;19.74;49;13;1.93;0;0;0;0;3;2;170;8.78;22;118;6.09;17;9;19;2;9;0;0;0;0;13;0;0;40;11;16;13;4;8;156;8.06;29;44:51;02:19;05:42;0;0;0;0;0;0;0;0;28;1.44;4;0;0;0;0;0;0;4 hours;32:25;0;0;0;0;0;0;0;46%
N3bbia;0;0;1;3;1.69;3;0;0;0;0;0;26,431;14,903;17,541;4,789;2,700.3;4,180;1,097;22;12.4;0;0;0;0;0;2;1.12;2;14;7.89;12;4;0.63;0;0;0;0;1;1;8;4.51;6;2;1.12;1;2;2;0;0;0;0;0;0;4;0;0;4;3;2;0;0;0;10;5.63;10;02:31;01:25;02:25;0;0;0;0;0;0;0;0;1;0.56;1;0;0;0;0;0;0;18 minutes;00:20;0;0;0;0;0;0;0;0
naix;2880;0;1;5;3.1;5;0;0;0;0;0;40,674;25,287;22,541;13,812;8,586.56;9,507;3,163;12;7.46;0;0;0;0;0;7;4.35;6;34;21.13;32;11;2.83;0;0;0;0;0;0;16;9.94;16;8;4.97;7;0;2;0;2;0;0;0;0;11;0;0;5;1;3;1;3;1;14;8.7;14;02:07;01:19;01:44;0;0;0;0;0;0;0;0;1;0.62;1;0;0;0;0;0;0;23 minutes;02:49;0;0;0;0;0;0;0;100%
Narfidy;2569;0;0;10;7.15;5;0;0;0;0;0;40,201;28,768;17,125;9,152;6,549.3;3,200;2,885;17;12.16;0;0;0;0;0;4;2.86;3;27;19.32;12;8;1.58;0;0;0;0;0;0;15;10.73;7;8;5.72;4;1;1;0;0;0;0;0;0;8;0;0;4;1;2;1;0;0;8;5.72;5;05:21;03:49;02:55;0;0;0;0;0;0;0;0;4;2.86;3;0;0;0;0;0;0;22 minutes;00:40;0;0;0;0;0;0;0;0
Nasty0303;2662;0;2;65;2.06;4;0;0;0;0;0;405,386;12,869;23,646;282,579;8,970.18;11,821;3,441;426;13.52;0;0;0;0;0;116;3.68;9;589;18.69;29;10;1.38;0;0;0;0;4;0;295;9.36;13;151;4.79;13;15;32;3;14;0;0;0;0;10;0;0;68;18;22;29;4;8;321;10.18;21;01:30:49;02:52;05:24;0;0;0;0;0;0;0;0;58;1.84;4;0;0;0;0;0;0;6 hours;38:12;0;0;0;0;14;0;0;44%
NecroticGoddess;3000;0;2;26;4.33;6;0;0;0;0;0;52,085;8,681;12,957;44,240;7,373.33;11,114;5,638;20;3.33;0;0;0;0;0;24;4;7;135;22.5;40;20;6.75;0;0;0;0;1;0;74;12.33;22;39;6.5;14;0;6;0;6;0;0;0;0;20;0;0;14;3;7;4;4;3;67;11.16;23;15:29;02:34;03:53;0;0;0;0;0;0;0;0;11;1.83;4;0;0;0;0;0;0;51 minutes;15:49;0;0;0;0;6;0;0;100%
Newt Lev;2659;0;2;13;4.34;5;0;0;0;0;0;55,172;18,457;14,559;25,140;8,410;11,586;4,436;25;8.36;0;0;0;0;0;7;2.34;4;55;18.39;27;15;2.2;0;0;0;0;2;1;30;10.03;12;12;4.01;7;0;3;0;3;0;0;0;0;15;0;0;9;3;2;4;0;0;20;6.69;13;08:54;02:58;02:12;0;0;0;0;0;0;0;0;5;1.67;3;0;0;0;0;0;0;35 minutes;05:00;0;0;0;0;0;0;0;86%
NGeminiN;3330;0;1;8;8.28;8;0;0;0;0;0;11,989;12,412;11,989;14,326;14,832.23;14,326;4,477;6;6.21;0;0;0;0;0;7;7.24;7;42;43.48;42;12;7;0;0;0;0;0;0;20;20.7;20;10;10.35;10;0;1;0;1;0;0;0;0;12;0;0;2;1;1;0;3;2;11;11.38;11;01:14;01:17;01:14;0;0;0;0;0;0;0;0;1;1.03;1;0;0;0;0;0;0;12 minutes;05:28;0;0;0;0;1;0;0;100%
Nietzsche Nick;3738;0;1;14;4.01;4;0;0;0;0;0;43,204;12,401;11,773;26,683;7,658.89;8,996;3,443;15;4.3;0;0;0;0;0;10;2.87;5;69;19.8;16;7;4.59;0;0;0;0;1;0;40;11.48;11;18;5.16;6;0;3;0;3;0;0;0;0;7;0;0;8;4;2;2;0;0;10;2.87;4;01:51;00:31;00:36;0;0;0;0;0;0;0;0;8;2.29;4;0;0;0;0;0;0;31 minutes;03:57;0;0;0;0;1;0;0;100%
NitroFPS;4200;0;0;4;5.09;2;0;0;0;0;0;7,506;9,563;6,436;12,016;15,307.75;6,148;2,914;6;7.64;0;0;0;0;0;6;7.64;3;23;29.3;12;4;3.83;0;0;0;0;1;1;12;15.28;8;13;16.56;7;0;1;0;1;0;0;0;0;4;0;0;3;1;1;1;0;0;4;5.09;2;00:18;00:23;00:11;0;0;0;0;0;0;0;0;2;2.54;2;0;0;0;0;0;0;8 minutes;00:20;0;0;0;0;0;0;0;100%
Noise Swaq;0;0;0;0;0;0;0;0;0;0;0;2,032;10,895;2,032;645;3,457.74;645;645;1;5.36;0;0;0;0;0;0;0;0;0;0;0;0;0;0;0;0;0;0;0;0;0;0;0;0;0;0;0;0;0;0;0;0;0;0;0;0;1;0;0;1;0;0;0;0;0;00:05;00:27;00:05;0;0;0;0;0;0;0;0;0;0;0;0;0;0;0;0;0;55.88596897572279 seconds;0;0;0;0;0;0;0;0;0
NormiePeasant;2625;0;5;13;1.56;3;0;0;0;0;0;178,004;21,369;27,298;50,270;6,034.97;9,583;3,338;81;9.72;0;0;0;0;0;26;3.12;4;116;13.92;20;10;1.43;0;0;0;0;3;0;62;7.44;10;47;5.64;8;4;8;0;5;0;0;0;0;10;0;0;18;6;7;5;3;1;64;7.68;12;13:56;01:40;02:26;0;0;0;0;0;0;0;0;5;0.6;4;0;0;0;0;0;0;1 hour;02:40;0;0;0;0;3;0;0;54%
NoT x GER Beans;3390;0;0;9;2.75;4;0;0;0;0;0;75,611;23,161;20,335;23,223;7,113.48;6,608;2,750;32;9.8;0;0;0;0;0;12;3.67;5;45;13.78;14;9;1.4;0;0;0;0;0;0;22;6.73;9;12;3.67;3;1;3;0;2;0;0;0;0;9;0;0;6;3;0;2;5;1;15;4.59;5;02:55;00:53;00:36;0;0;0;0;0;0;0;0;2;0.61;1;0;0;0;0;0;0;38 minutes;01:27;0;0;0;0;0;0;0;50%
nR Elusive;2938;0;36;114;1.92;9;0;0;0;0;0;1,390,959;23,475;46,826;483,947;8,167.53;19,507;5,929;644;10.86;0;0;0;0;0;217;3.66;10;1,049;17.7;55;11;1.62;0;0;0;0;6;0;492;8.3;27;281;4.74;14;25;59;3;31;0;0;0;0;11;0;0;117;31;46;40;5;24;489;8.25;37;02:06:40;02:08;06:16;0;0;0;0;0;0;0;0;49;0.82;4;0;0;0;1;0;0;12 hours;01:17:20;0;0;0;0;11;0;0;52%
o Kapow;3124;0;0;0;0;0;0;0;0;0;0;4,277;31,637;2,330;1,550;11,464.85;960;590;3;22.19;0;0;0;0;0;0;0;0;0;0;0;0;0;0;0;0;0;0;0;0;0;0;0;0;0;0;0;0;0;0;0;0;0;0;0;0;0;0;0;0;0;0;0;0;0;0;0;0;0;0;0;0;0;0;0;0;0;0;0;0;0;0;0;0;0;1 minute;0;0;0;0;0;0;0;0;58%
ObeyedMonk1191;2575;0;4;44;4.58;9;0;0;0;0;0;211,078;21,995;38,097;97,118;10,120;20,024;4,993;109;11.35;0;0;0;0;0;53;5.52;11;236;24.59;61;12;2.16;0;0;0;0;9;6;137;14.27;38;46;4.79;8;4;10;0;6;0;0;0;0;12;0;0;17;7;3;7;4;8;113;11.77;38;26:52;02:48;06:19;0;0;0;0;0;0;0;0;18;1.87;6;0;0;0;0;0;0;2 hours;15:33;0;0;0;0;0;0;0;62%
ObiwanKi11n00by;3672;0;0;3;6.16;2;0;0;0;0;0;16,751;34,429;12,122;6,622;13,609.93;4,030;2,167;8;16.44;0;0;0;0;0;1;2.05;1;6;12.33;4;2;0.75;0;0;0;0;0;0;5;10.27;3;1;2.05;1;0;0;0;0;0;0;0;0;2;0;0;2;0;1;0;0;0;2;4.11;2;01:02;02:08;00:49;0;0;0;0;0;0;0;0;1;2.05;1;0;0;0;0;0;0;9 minutes;0;0;0;0;0;0;0;0;56%
Ohdyn;0;0;12;317;4.43;11;0;0;0;0;0;870,074;12,166;33,061;528,737;7,393.2;15,248;6,908;414;5.78;0;0;0;0;0;299;4.18;8;1,512;21.14;38;19;3.65;0;0;0;1,851,700;25;11;854;11.94;21;510;7.13;15;2;72;0;70;0;0;0;0;19;0.31;576,033;131;61;22;48;4;24;472;6.59;16;01:55:01;01:36;02:41;0;0;0;0;0;0;0;0;177;2.47;7;0;0;0;3;0;0;12 hours;02:10:56;0;0;0;0;32;0;0;97%
OKGo Joshie;4000;0;0;1;2;1;0;0;0;0;0;18,129;36,272;18,129;4,927;9,856.94;4,927;1,503;7;14;0;0;0;0;0;2;4;2;9;18;9;6;1.28;0;0;0;0;1;0;3;6;3;2;4;2;0;0;0;0;0;0;0;0;6;0;0;1;1;0;0;0;0;7;14;7;02:38;05:18;02:38;0;0;0;0;0;0;0;0;0;0;0;0;0;0;0;0;0;9 minutes;0;0;0;0;0;0;0;0;0
ORANGE FURY1222;2728;0;0;0;0;0;0;0;0;0;0;4,164;13,316;4,164;1,064;3,402.87;1,064;769;4;12.79;0;0;0;0;0;1;3.19;1;2;6.39;2;2;0.5;0;0;0;0;1;0;2;6.39;2;1;3.19;1;0;0;0;0;0;0;0;0;2;0;0;0;0;0;0;0;0;0;0;0;0;0;0;0;0;0;0;0;0;0;0;1;3.19;1;0;0;0;0;0;0;3 minutes;0;0;0;0;0;0;0;0;0
OtherHealer;0;0;3;6;1.5;3;0;0;0;0;0;59,214;14,803;25,745;30,060;7,515;10,502;2,870;27;6.75;0;0;0;0;0;6;1.5;3;54;13.5;31;8;2;0;0;0;0;0;0;31;7.75;20;23;5.75;13;3;4;1;0;0;0;0;0;8;0;0;12;5;5;2;3;1;10;2.5;4;02:39;00:39;00:58;0;0;0;0;0;0;0;0;1;0.25;1;0;0;0;0;0;0;32 minutes;02:29;0;0;0;0;0;0;0;0
Ouijaveli;4071;0;6;34;4.6;8;0;0;0;0;0;233,166;31,588;49,428;95,947;12,998.43;13,726;7,066;70;9.48;0;0;0;0;0;30;4.06;7;157;21.26;27;14;2.24;0;0;0;0;1;1;89;12.05;21;47;6.36;9;4;7;0;3;0;0;0;0;14;0;0;20;9;8;3;0;0;69;9.34;15;19:00;02:34;05:49;0;0;0;0;0;0;0;0;5;0.67;2;0;0;0;0;0;0;1 hour;14:49;0;0;0;0;1;0;0;39%
OUT M3 RK ED;3749;0;5;73;3.31;7;0;0;0;0;0;543,225;24,683;40,332;255,995;11,632.08;17,589;4,838;243;11.04;0;0;0;0;0;127;5.77;11;469;21.31;39;12;1.93;0;0;0;0;4;1;222;10.08;23;187;8.49;15;10;22;1;11;0;0;0;0;12;0;0;56;23;14;19;5;6;172;7.81;17;41:42;01:53;03:43;0;0;0;0;0;0;0;0;34;1.54;4;0;0;0;0;0;0;5 hours;24:55;0;0;0;0;2;0;0;50%
Overwatch DVa;3088;0;8;35;3.58;5;0;0;0;0;0;270,829;27,726;29,693;105,918;10,843.11;11,350;4,598;122;12.48;0;0;0;0;0;52;5.32;9;209;21.39;27;18;1.71;0;0;0;0;9;2;106;10.85;14;70;7.16;10;5;10;1;4;0;0;0;0;18;0;0;29;9;7;13;3;6;94;9.62;19;21:55;02:14;02:23;0;0;0;0;0;0;0;0;14;1.43;2;0;0;0;0;0;0;2 hours;14:45;0;0;0;0;6;0;0;44%
PandaCreol;3661;0;1;18;3.12;6;0;0;0;0;0;108,502;18,858;25,553;57,249;9,950.01;12,544;3,187;70;12.16;0;0;0;0;0;26;4.51;6;116;20.16;32;16;1.65;0;0;0;0;0;0;56;9.73;12;34;5.9;11;2;6;1;3;0;0;0;0;16;0;0;11;3;4;4;3;3;39;6.77;13;09:33;01:39;03:35;0;0;0;0;0;0;0;0;9;1.56;3;0;0;0;0;0;0;1 hour;04:07;0;0;0;0;0;0;0;44%
ParalyzingFrost;3000;0;1;47;3.73;8;0;0;0;0;0;194,991;15,475;26,286;140,945;11,186.05;15,320;6,898;116;9.2;0;0;0;0;0;60;4.76;10;265;21.03;32;18;2.28;0;0;0;0;4;2;132;10.47;19;89;7.06;12;5;13;0;7;0;0;0;0;18;0;0;24;10;4;10;3;8;91;7.22;15;17:10;01:21;02:01;0;0;0;0;0;0;0;0;16;1.26;3;0;0;0;0;0;0;2 hours;20:17;0;0;0;0;0;0;0;57%
Parmesan Memes;3640;0;8;28;3.16;5;0;0;0;0;0;245,790;27,811;55,682;102,033;11,544.78;18,256;5,536;92;10.4;0;0;0;0;0;37;4.18;9;160;18.1;32;12;1.73;0;0;0;0;0;0;79;8.93;18;42;4.75;12;5;9;1;3;0;0;0;0;12;0;0;25;5;14;6;3;3;81;9.16;17;24:19;02:45;04:36;0;0;0;0;0;0;0;0;11;1.24;3;0;0;0;0;0;0;1 hour;08:31;0;0;0;0;1;0;0;33%
Per;2989;0;1;4;2.89;4;0;0;0;0;0;24,355;17,638;14,408;16,301;11,805.41;12,644;2,751;12;8.69;0;0;0;0;0;8;5.79;8;20;14.48;19;9;1.66;0;0;0;0;0;0;9;6.51;8;7;5.06;7;1;1;0;1;0;0;0;0;9;0;0;4;2;1;1;0;0;12;8.69;12;01:17;00:56;01:17;0;0;0;0;0;0;0;0;2;1.44;2;0;0;0;0;0;0;15 minutes;01:52;0;0;0;0;0;0;0;47%
Ponders;3669;0;1;9;1.8;2;0;0;0;0;0;111,500;22,322;19,461;25,985;5,202.26;4,208;2,833;53;10.61;0;0;0;0;0;8;1.6;3;52;10.41;8;6;0.98;0;0;0;0;2;0;24;4.8;6;15;3;4;3;5;0;2;0;0;0;0;6;0;0;10;5;1;3;3;1;21;4.2;4;09:48;01:57;02:15;0;0;0;0;0;0;0;0;2;0.4;1;0;0;0;0;0;0;1 hour;00:20;0;0;0;0;0;0;0;40%
pooptasticpoop;4015;0;8;25;2.09;6;0;0;0;0;0;294,128;24,688;37,864;117,010;9,821.49;16,576;4,809;111;9.31;0;0;0;0;0;43;3.6;10;187;15.69;28;9;1.68;0;0;0;0;3;1;82;6.88;14;75;6.29;12;7;12;1;4;0;0;0;0;9;0;0;20;8;4;8;3;5;76;6.37;15;22:19;01:52;03:45;0;0;0;0;0;0;0;0;6;0.5;1;0;0;0;0;0;0;2 hours;06:33;0;0;0;0;1;0;0;36%
POuPOuNeISbAcK;3409;0;1;12;6.04;5;0;0;0;0;0;46,771;23,574;24,824;17,659;8,900.4;6,683;2,402;18;9.07;0;0;0;0;0;10;5.04;5;45;22.68;17;9;2.5;0;0;0;0;0;0;21;10.58;8;9;4.53;5;0;2;0;2;0;0;0;0;9;0;0;5;3;0;3;3;1;20;10.08;9;03:50;01:55;02:05;0;0;0;0;0;0;0;0;5;2.52;2;0;0;0;0;0;0;23 minutes;01:47;0;0;0;0;2;0;0;94%
Proxxy 4;3697;0;0;11;4.32;5;0;0;0;0;0;48,211;18,973;23,506;38,965;15,334.28;14,946;2,754;36;14.16;0;0;0;0;0;15;5.9;6;70;27.54;25;10;1.94;0;0;0;0;2;1;33;12.98;16;22;8.65;9;1;3;0;2;0;0;0;0;10;0;0;7;3;0;4;5;2;24;9.44;14;04:31;01:46;01:33;0;0;0;0;0;0;0;0;5;1.96;4;0;0;0;0;0;0;35 minutes;06:25;0;0;0;0;3;0;0;63%
Prunester;3701;0;0;0;0;0;0;0;0;0;0;10,647;31,300;10,647;2,232;6,562.22;2,232;2,232;0;0;0;0;0;0;0;1;2.93;1;9;26.45;9;9;0;0;0;0;0;0;0;2;5.87;2;5;14.69;5;0;0;0;0;0;0;0;0;9;0;0;1;0;1;0;0;0;3;8.81;3;00:09;00:26;00:09;0;0;0;0;0;0;0;0;0;0;0;0;0;0;0;0;0;4 minutes;0;0;0;0;0;0;0;0;100%
Psyhco;4041;0;0;1;4.48;1;0;0;0;0;0;4,679;20,999;4,679;1,893;8,493.23;1,893;835;5;22.43;0;0;0;0;0;0;0;0;1;4.48;1;1;0.2;0;0;0;0;0;0;1;4.48;1;1;4.48;1;0;0;0;0;0;0;0;0;1;0;0;1;0;0;0;0;0;1;4.48;1;00:12;00:57;00:12;0;0;0;0;0;0;0;0;0;0;0;0;0;0;0;0;0;3 minutes;0;0;0;0;0;0;0;0;100%
PvT Faithful;2370;0;2;29;3.21;11;0;0;0;0;0;105,119;11,650;20,095;53,508;5,929.98;12,637;2,842;102;11.3;0;0;0;0;0;27;2.99;8;120;13.29;27;11;1.17;0;0;0;0;5;5;59;6.53;15;29;3.21;11;6;9;0;4;0;0;0;0;11;0;0;9;3;1;6;3;1;48;5.31;12;13:51;01:32;03:41;0;0;0;0;0;0;0;0;16;1.77;4;0;0;0;1;0;0;1 hour;05:42;0;0;0;0;7;0;0;38%
qosh;3520;0;2;20;3.36;5;0;0;0;0;0;127,594;21,494;16,024;56,065;9,444.4;7,908;3,469;50;8.42;0;0;0;0;0;21;3.53;6;93;15.66;23;8;1.86;0;0;0;0;0;1;43;7.24;8;27;4.54;6;3;6;1;2;0;0;0;0;8;0;0;15;8;2;5;3;1;31;5.22;13;08:01;01:21;02:32;0;0;0;0;0;0;0;0;3;0.5;2;0;0;0;0;0;0;1 hour;04:44;0;0;0;0;0;0;0;35%
Rabundy;2393;0;0;0;0;0;0;0;0;0;0;3,135;6,347;3,135;2,115;4,282.31;2,115;1,310;3;6.07;0;0;0;0;0;0;0;0;1;2.02;1;1;0.33;0;0;0;0;0;0;0;0;0;0;0;0;0;0;0;0;0;0;0;0;1;0;0;1;0;0;0;0;0;0;0;0;00:51;01:45;00:51;0;0;0;0;0;0;0;0;0;0;0;0;0;0;0;0;0;2 minutes;0;0;0;0;0;0;0;0;0
RamLMT;2701;0;1;4;3.69;2;0;0;0;0;0;20,626;19,045;8,835;6,211;5,734.61;2,275;1,816;10;9.23;0;0;0;0;0;2;1.84;2;12;11.08;7;7;1.2;0;0;0;0;0;0;5;4.61;2;2;1.84;1;1;1;0;0;0;0;0;0;7;0;0;3;1;1;1;0;0;5;4.61;3;01:31;01:24;00:44;0;0;0;0;0;0;0;0;1;0.92;1;0;0;0;0;0;0;12 minutes;0;0;0;0;0;0;0;0;11%
Red Faze;3559;0;31;120;2.96;8;0;0;0;0;0;1,174,137;29,036;58,843;311,578;7,705.32;14,453;4,807;337;8.33;0;0;0;0;0;168;4.15;13;689;17.03;34;15;2.04;0;0;0;0;12;1;344;8.5;17;261;6.45;17;15;40;1;24;0;0;0;0;15;0;0;76;22;30;25;4;19;330;8.16;19;01:30:34;02:14;05:21;0;0;0;0;0;0;0;0;29;0.71;2;0;0;0;0;0;0;8 hours;45:11;0;0;0;0;2;0;0;60%
Redopz;2422;0;1;1;1.27;1;0;0;0;0;0;17,194;21,869;9,637;2,073;2,636.69;1,548;470;9;11.44;0;0;0;0;0;0;0;0;3;3.81;2;1;0.33;0;0;0;0;0;0;2;2.54;1;0;0;0;1;1;0;0;0;0;0;0;1;0;0;3;0;0;2;0;0;1;1.27;1;00:19;00:25;00:19;0;0;0;0;0;0;0;0;1;1.27;1;0;0;0;0;0;0;8 minutes;0;0;0;0;0;0;0;0;0
RedSlashMarley;2276;0;1;0;0;0;0;0;0;0;0;21,908;40,848;18,436;5,155;9,611.08;5,155;2,107;6;11.18;0;0;0;0;0;0;0;0;12;22.37;12;4;2;0;0;0;0;1;0;6;11.18;6;2;3.72;2;0;1;0;0;0;0;0;0;4;0;0;1;0;0;0;0;0;3;5.59;3;01:51;03:27;01:16;0;0;0;0;0;0;0;0;0;0;0;0;0;0;0;0;0;10 minutes;0;0;0;0;0;0;0;0;17%
Reinforg;4005;0;1;1;1;1;0;0;0;0;0;34,479;34,479;34,479;19,000;19,000;19,000;4,200;9;9;0;0;0;0;0;6;6;6;33;33;33;13;3.66;0;0;0;0;0;0;12;12;12;13;13;13;1;1;0;1;0;0;0;0;13;0;0;2;2;0;0;0;0;18;18;18;02:32;02:32;02:32;0;0;0;0;0;0;0;0;0;0;0;0;0;0;0;0;0;17 minutes;01:31;0;0;0;0;0;0;0;100%
Reinhardt Soul;3998;0;29;87;2.2;5;0;0;0;0;0;1,163,132;29,532;56,197;450,187;11,430.43;19,376;5,048;431;10.94;0;0;0;0;0;200;5.07;12;786;19.95;37;14;1.82;0;0;0;0;8;2;361;9.16;26;291;7.38;15;13;39;2;24;0;0;0;0;14;0;0;74;28;23;23;4;19;344;8.73;19;01:22:04;02:05;06:01;0;0;0;0;0;0;0;0;34;0.86;5;0;0;0;0;0;0;8 hours;01:03:04;0;0;0;0;4;0;0;60%
Respect Knuckle;2742;0;0;0;0;0;20%;2;2;2;0.02;2,159;30,933;2,159;713;9,540.34;713;713;1;13.38;0;0;0;0;0;0;0;0;2;26.77;2;2;2;0;0;0;0;0;0;0;0;0;0;0;0;0;0;0;0;498;6,665;498;297;2;0;0;0;0;0;0;0;0;0;0;0;00:06;01:34;00:06;2;27;2;0;0;0;41;10;0;0;0;0;0;0;0;0;0;1 minute;0;0;0;0;0;0;24%;24%;100%
Rodney2210;2983;0;0;0;0;0;0;0;0;0;0;28,364;26,210;14,675;10,388;9,599.52;6,715;2,314;14;12.93;0;0;0;0;0;2;1.84;1;13;12.01;8;5;0.92;0;0;0;0;0;0;8;7.39;5;7;6.46;6;1;1;0;0;0;0;0;0;5;0;0;1;0;0;0;0;0;2;1.84;2;00:55;00:51;00:40;0;0;0;0;0;0;0;0;1;0.92;1;0;0;0;0;0;0;15 minutes;00:48;0;0;0;0;0;0;0;0
RunnersShade17;2235;0;7;42;2.62;6;0;0;0;0;0;317,287;19,830;43,508;126,010;7,875.63;17,123;3,600;171;10.68;0;0;0;0;0;42;2.62;7;268;16.75;37;10;1.56;0;0;0;0;1;1;134;8.37;18;89;5.56;14;7;16;0;9;0;0;0;0;10;0;0;28;12;11;5;3;3;148;9.25;21;34:41;02:10;03:45;0;0;0;0;0;0;0;0;23;1.43;3;0;0;0;0;0;0;3 hours;11:25;0;0;0;0;0;0;0;56%
Saiyan54;0;0;6;19;2.46;6;0;0;0;0;0;149,612;19,372;30,699;54,062;7,000.15;8,613;2,690;83;10.74;0;0;0;0;0;28;3.62;7;114;14.76;25;9;1.37;0;0;0;0;3;3;75;9.71;16;32;4.14;5;6;8;0;2;0;0;0;0;9;0;0;17;6;3;8;3;1;32;4.14;11;07:33;00:58;01:58;0;0;0;0;0;0;0;0;24;3.1;6;0;0;0;0;0;0;1 hour;06:07;0;0;0;0;0;0;0;25%
Scobley;0;0;1;27;6.37;9;0;0;0;0;0;77,919;18,384;23,927;41,061;9,687.76;14,746;1,937;47;11.08;0;0;0;0;0;15;3.53;5;87;20.52;27;8;1.85;0;0;0;0;0;0;50;11.79;18;31;7.31;9;1;4;0;3;0;0;0;0;8;0;0;8;1;5;1;4;3;36;8.49;14;08:43;02:03;03:04;0;0;0;0;0;0;0;0;4;0.94;3;0;0;0;0;0;0;49 minutes;04:54;0;0;0;0;0;0;0;70%
Scuffs;4155;0;12;89;3.7;11;0;0;0;0;0;555,818;23,143;48,801;309,774;12,898.35;19,876;7,732;206;8.57;0;0;0;0;0;155;6.45;11;633;26.35;41;21;3.07;0;0;0;0;6;3;321;13.36;22;244;10.15;20;6;24;1;18;0;0;0;0;21;0;0;65;29;17;19;5;28;212;8.82;19;36:43;01:31;05:13;0;0;0;0;0;0;0;0;30;1.24;4;0;0;0;0;0;0;4 hours;01:01:54;0;0;0;0;2;0;0;74%
SeeMeNoMore00;2272;0;11;37;2.7;11;0;0;0;0;0;173,874;12,695;21,586;71,249;5,201.98;8,977;2,984;108;7.88;0;0;0;0;0;30;2.19;4;217;15.84;31;11;2;0;0;0;0;8;2;147;10.73;20;78;5.69;11;6;14;0;8;0;0;0;0;11;0;0;35;16;15;5;0;0;86;6.27;17;16:11;01:10;01:55;0;0;0;0;0;0;0;0;40;2.92;6;0;0;0;0;0;0;2 hours;07:32;0;0;0;0;9;0;0;55%
Semitaur;3893;0;8;69;4.02;7;0;0;0;0;0;381,675;22,253;32,435;192,799;11,240.83;18,935;5,828;160;9.32;0;0;0;0;0;62;3.61;10;329;19.18;45;14;2.05;0;0;0;0;4;1;156;9.09;23;124;7.22;20;7;17;1;9;0;0;0;0;14;0;0;40;16;13;11;4;7;137;7.98;23;28:09;01:38;02:25;0;0;0;0;0;0;0;0;9;0.52;4;0;0;0;0;0;0;3 hours;22:15;0;0;0;0;0;0;0;51%
ShadowBandane;0;0;1;9;4.54;6;0;0;0;0;0;58,401;29,523;28,765;15,153;7,660.35;9,678;3,450;20;10.11;0;0;0;0;0;5;2.52;3;54;27.29;28;15;2.7;0;0;0;0;1;0;31;15.67;16;15;7.58;7;0;2;1;0;0;0;0;0;15;0;0;2;0;1;0;0;0;21;10.61;10;05:17;02:40;02:50;0;0;0;0;0;0;0;0;1;0.5;1;0;0;0;0;0;0;33 minutes;02:01;0;0;0;0;0;0;0;24%
Shmedium Undies;0;0;0;1;2.23;1;20%;1;1;1;0.08;12,556;28,085;12,556;210;12,928.14;210;210;5;11.18;1;61;1;0;0;4;8.94;4;1;61.44;1;1;2;0;0;0;0;0;0;4;8.94;4;3;6.71;3;0;0;0;0;0;0;0;0;1;0;0;0;0;0;0;0;0;1;2.23;1;00:25;00:56;00:25;1;61;1;0;0;0;13;5;0;0;0;0;0;0;0;0;0;12.188639024272561 seconds;0;0;0;0;0;0;38%;0;100%
Sinature;3736;0;0;2;2.88;2;0;0;0;0;0;18,502;26,708;17,413;4,237;6,115.54;2,498;2,498;7;10.1;0;0;0;0;0;3;4.33;3;12;17.32;11;11;1.71;0;0;0;0;0;0;7;10.1;6;5;7.21;5;0;1;0;0;0;0;0;0;11;0;0;1;0;1;0;0;0;7;10.1;7;01:42;02:27;01:24;0;0;0;0;0;0;0;0;0;0;0;0;0;0;0;0;0;8 minutes;00:22;0;0;0;0;0;0;0;37%
SirJamesParker;4540;0;0;0;0;0;0;0;0;0;0;3,269;23,211;3,269;2,086;14,809.96;2,086;1,051;2;14.2;0;0;0;0;0;2;14.2;2;2;14.2;2;2;1;0;0;0;0;0;0;1;7.1;1;1;7.1;1;0;0;0;0;0;0;0;0;2;0;0;1;0;0;0;0;0;0;0;0;00:08;00:57;00:08;0;0;0;0;0;0;0;0;0;0;0;0;0;0;0;0;0;1 minute;0;0;0;0;0;0;0;0;100%
Skittle Kitteh;3686;0;1;25;3.89;5;0;0;0;0;0;160,353;24,989;30,333;76,678;11,949.33;16,740;5,262;75;11.68;0;0;0;0;0;27;4.2;9;143;22.28;32;8;1.9;0;0;0;0;1;1;69;10.75;13;44;6.85;11;2;6;0;4;0;0;0;0;8;0;0;10;4;1;4;5;5;41;6.38;8;15:33;02:25;03:37;0;0;0;0;0;0;0;0;12;1.87;3;0;0;0;0;0;0;1 hour;14:23;0;0;0;0;0;0;0;65%
SlovenlyGrunt75;1879;0;9;53;3.44;8;42%;3;3;2;0.03;211,651;13,765;22,010;478;2,617.01;478;253;4;21.91;0;0;0;0;0;44;2.86;8;1;5.47;1;1;0.25;0;0;0;0;14;2;155;10.08;19;82;5.33;11;0;0;0;5;257;1,408;257;151;1;0;0;0;10;0;16;3;1;136;8.84;23;27:40;01:48;04:13;1;5;1;0;0;0;40;7;37;2.4;5;0;0;0;0;0;0;1 minute;14:19;0;0;0;0;8;17%;0;32%
SlowWhelp151488;4223;0;2;23;6.97;9;0;0;0;0;0;69,241;20,983;22,324;38,998;11,818.4;12,910;5,229;20;6.06;0;0;0;0;0;15;4.54;6;83;25.15;32;13;4.15;0;0;0;0;2;0;38;11.51;16;15;4.54;5;1;3;0;3;0;0;0;0;13;0;0;11;5;2;4;3;1;26;7.87;8;06:30;01:58;02:10;0;0;0;0;0;0;0;0;2;0.6;1;0;0;0;0;0;0;37 minutes;04:01;0;0;0;0;0;0;0;81%
SpicySweetChili;2634;0;2;20;1.99;4;0;0;0;0;0;197,576;19,670;29,618;57,463;5,720.98;8,283;2,867;94;9.35;0;0;0;0;0;30;2.98;8;156;15.53;27;9;1.65;0;0;0;0;4;1;72;7.16;14;52;5.17;9;2;10;2;6;0;0;0;0;9;0;0;15;3;6;6;3;1;77;7.66;14;16:17;01:37;02:01;0;0;0;0;0;0;0;0;10;0.99;3;0;0;0;0;0;0;2 hours;07:45;0;0;0;0;3;0;0;58%
Spinola94;2367;0;0;3;3.59;3;0;0;0;0;0;12,594;15,105;9,811;7,373;8,842.76;4,761;1,289;13;15.59;0;0;0;0;0;1;1.19;1;17;20.38;12;4;1.3;0;0;0;0;0;0;9;10.79;8;4;4.79;3;0;1;0;0;0;0;0;0;4;0;0;3;2;0;1;0;0;8;9.59;5;02:22;02:50;02:08;0;0;0;0;0;0;0;0;1;1.19;1;0;0;0;0;0;0;12 minutes;00:20;0;0;0;0;0;0;0;41%
spirit murderer;3425;0;0;0;0;0;0;0;0;0;0;10,169;28,264;10,169;3,000;8,339.22;3,000;1,400;4;11.11;0;0;0;0;0;0;0;0;0;0;0;0;0;0;0;0;0;0;0;0;0;0;0;0;0;0;0;0;0;0;0;0;0;0;0;0;1;0;0;0;0;0;0;0;0;00:26;01:14;00:26;0;0;0;0;0;0;0;0;0;0;0;0;0;0;0;0;0;4 minutes;0;0;0;0;0;0;0;0;0
SQ1B;3231;0;5;27;5.03;9;0;0;0;0;0;133,999;25,007;29,236;70,047;13,072.23;17,547;3,661;71;13.25;0;0;0;0;0;34;6.34;10;129;24.07;35;13;1.81;0;0;0;0;2;1;64;11.94;16;43;8.02;14;3;5;0;2;0;0;0;0;13;0;0;10;5;2;2;5;3;37;6.9;14;11:34;02:09;03:33;0;0;0;0;0;0;0;0;5;0.93;3;0;0;0;0;0;0;1 hour;07:07;0;0;0;0;0;0;0;38%
Starborn Leo;2280;0;16;71;3.5;9;0;0;0;0;0;501,068;24,752;45,264;137,626;6,798.48;11,926;4,236;213;10.52;0;0;0;0;0;69;3.4;11;322;15.9;37;9;1.51;0;0;0;0;6;4;166;8.2;17;122;6.02;13;12;20;1;8;0;0;0;0;9;0;0;29;13;9;8;3;3;169;8.34;19;42:39;02:06;05:16;0;0;0;0;0;0;0;0;29;1.43;5;0;0;0;0;0;0;4 hours;29:48;0;0;0;0;6;0;0;37%
StarkBridge;1818;0;1;7;2.78;3;0;0;0;0;0;77,472;30,812;31,758;29,231;11,625.8;12,362;7,025;34;13.52;0;0;0;0;0;11;4.37;7;40;15.9;14;8;1.17;0;0;0;0;1;0;23;9.14;8;6;2.38;4;2;3;0;1;0;0;0;0;8;0;0;6;4;0;2;3;1;19;7.55;7;08:09;03:14;03:24;0;0;0;0;0;0;0;0;7;2.78;4;0;0;0;0;0;0;41 minutes;02:46;0;0;0;0;1;0;0;25%
STICKYFING8RS;3403;0;0;7;3.42;3;0;0;0;0;0;35,845;17,546;11,669;24,833;12,155.74;9,033;3,208;29;14.19;0;0;0;0;0;13;6.36;7;44;21.53;22;6;1.51;0;0;0;0;0;1;17;8.32;7;11;5.38;5;1;2;0;1;0;0;0;0;6;0;0;3;1;0;1;0;0;16;7.83;9;03:58;01:56;01:25;0;0;0;0;0;0;0;0;2;0.97;2;0;0;0;0;0;0;29 minutes;03:16;0;0;0;0;2;0;0;49%
Stun CreeP;3273;0;0;0;0;0;0;0;0;0;0;10,020;17,702;10,020;4,709;8,318.71;4,709;2,492;3;5.3;0;0;0;0;0;4;7.06;4;17;30.03;17;11;5.66;0;0;0;0;1;1;10;17.66;10;7;12.36;7;0;1;0;1;0;0;0;0;11;0;0;1;0;0;1;3;1;4;7.06;4;01:24;02:29;01:24;0;0;0;0;0;0;0;0;0;0;0;0;0;0;0;0;0;6 minutes;00:07;0;0;0;0;0;0;0;100%
SupaNoobGuy;3813;0;1;20;3.82;4;0;0;0;0;0;134,940;25,813;16,687;54,532;10,431.59;7,699;4,480;56;10.71;0;0;0;0;0;34;6.5;5;130;24.86;19;14;2.32;0;0;0;0;1;0;60;11.47;9;52;9.94;10;2;5;1;2;0;0;0;0;14;0;0;16;7;4;5;3;3;42;8.03;9;11:24;02:10;02:32;0;0;0;0;0;0;0;0;9;1.72;3;0;0;0;0;0;0;1 hour;05:31;0;0;0;0;0;0;0;45%
TaRaNtUlAxBaUeR;0;0;5;25;3.12;5;0;0;0;0;0;207,754;25,969;31,558;60,676;7,584.51;9,816;3,797;94;11.75;0;0;0;0;0;19;2.37;4;118;14.75;19;7;1.25;0;0;0;0;3;0;69;8.62;13;50;6.25;9;3;8;1;4;0;0;0;0;7;0;0;11;3;2;6;3;1;46;5.75;9;18:39;02:19;03:52;0;0;0;0;0;0;0;0;18;2.25;4;0;0;0;0;0;0;1 hour;05:34;0;0;0;0;2;0;0;49%
Th3 B1ack On3;4012;0;0;3;6.73;3;0;0;0;0;0;15,609;35,062;15,609;6,829;15,340.7;6,829;2,515;4;8.98;0;0;0;0;0;6;13.47;6;12;26.95;12;7;3;0;0;0;0;0;0;6;13.47;6;6;13.47;6;0;0;0;0;0;0;0;0;7;0;0;1;0;0;1;3;1;1;2.24;1;00:14;00:32;00:14;0;0;0;0;0;0;0;0;0;0;0;0;0;0;0;0;0;6 minutes;01:02;0;0;0;0;0;0;0;0
thats my sock;4090;0;2;9;1.88;3;0;0;0;0;0;158,087;33,184;30,128;50,173;10,531.69;17,535;5,330;44;9.23;0;0;0;0;0;18;3.77;10;88;18.47;31;12;2;0;0;0;0;0;0;46;9.65;18;36;7.55;8;1;5;0;4;0;0;0;0;12;0;0;13;6;2;5;0;0;25;5.24;11;04:20;00:54;02:09;0;0;0;0;0;0;0;0;5;1.04;2;0;0;0;0;0;0;1 hour;05:49;0;0;0;0;0;0;0;86%
The Gooner 90;3747;0;1;6;2.24;3;0;0;0;0;0;49,080;18,337;21,874;29,577;11,050.55;16,733;3,716;23;8.59;0;0;0;0;0;14;5.23;9;67;25.03;34;11;2.91;0;0;0;0;0;0;25;9.34;12;22;8.21;12;1;3;0;2;0;0;0;0;11;0;0;5;4;1;0;3;4;27;10.08;12;05:43;02:08;02:46;0;0;0;0;0;0;0;0;2;0.74;1;0;0;0;0;0;0;33 minutes;03:35;0;0;0;0;0;0;0;65%
the real p0tat0;2954;0;18;123;4.88;11;0;0;0;0;0;685,330;27,233;63,637;383,798;15,250.98;26,748;9,507;227;9.02;0;0;0;0;0;108;4.29;10;688;27.33;51;22;3.03;0;0;0;0;14;3;378;15.02;29;225;8.94;18;11;25;0;14;0;0;0;0;22;0;0;71;21;27;23;4;12;279;11.08;26;01:01:30;02:26;05:21;0;0;0;0;0;0;0;0;50;1.98;8;0;0;0;0;0;0;5 hours;01:14:44;0;0;0;0;2;0;0;55%
The Shad0w Wolf;3141;0;2;19;2.91;5;0;0;0;0;0;170,919;26,258;34,342;74,216;11,401.84;16,000;6,317;58;8.91;0;0;0;0;0;34;5.22;7;147;22.58;37;12;2.53;0;0;0;0;1;0;72;11.06;16;53;8.14;19;2;7;0;4;0;0;0;0;12;0;0;17;5;4;9;3;1;75;11.52;16;18:13;02:47;03:22;0;0;0;0;0;0;0;0;7;1.07;2;0;0;0;0;0;0;1 hour;11:31;0;0;0;0;0;0;0;64%
TheDisciple2015;3060;0;1;1;1;1;0;0;0;0;0;30,949;30,949;30,949;4,637;4,637.09;4,637;2,003;14;14;0;0;0;0;0;4;4;4;10;10;10;3;0.71;0;0;0;0;0;0;0;0;0;2;2;2;0;1;0;1;0;0;0;0;3;0;0;1;0;1;0;0;0;7;7;7;04:41;04:41;04:41;0;0;0;0;0;0;0;0;0;0;0;0;0;0;0;0;0;15 minutes;0;0;0;0;0;0;0;0;100%
tim42n;1779;0;28;86;2.32;6;0;0;0;0;0;815,879;22,051;39,003;134,836;3,644.21;7,920;3,485;419;11.32;0;0;0;0;0;62;1.67;4;322;8.7;18;7;0.76;0;0;0;0;24;6;199;5.37;11;56;1.51;5;22;37;2;13;0;0;0;0;7;0;0;35;13;16;6;3;1;152;4.1;11;01:06:49;01:48;05:39;0;0;0;0;0;0;0;0;56;1.51;4;0;0;0;0;0;0;7 hours;07:14;0;0;0;0;7;0;0;35%
tonyreece7;2129;0;0;0;0;0;0;0;0;0;0;6,317;23,063;4,837;240;876.25;190;190;2;7.3;0;0;0;0;0;0;0;0;0;0;0;0;0;0;0;0;0;0;0;0;0;0;0;0;0;0;0;0;0;0;0;0;0;0;0;0;0;0;0;0;0;0;0;0;0;0;0;0;0;0;0;0;0;0;0;0;0;0;0;0;0;0;0;0;0;2 minutes;0;0;0;0;0;0;0;0;0
Toxic Depth;2612;0;0;2;3.95;2;0;0;0;0;0;7,068;13,990;7,068;5,892;11,662.33;5,892;3,515;3;5.93;0;0;0;0;0;1;1.97;1;16;31.66;16;9;5.33;0;0;0;0;0;0;9;17.81;9;4;7.91;4;1;1;0;0;0;0;0;0;9;0;0;2;0;2;1;0;0;6;11.87;6;02:07;04:13;02:07;0;0;0;0;0;0;0;0;4;7.91;4;0;0;0;0;0;0;6 minutes;0;0;0;0;0;0;0;0;0
Trash Like Me;2600;0;1;9;3.14;3;0;0;0;0;0;38,255;13,389;10,393;19,745;6,910.63;5,029;2,624;31;10.84;0;0;0;0;0;6;2.09;4;49;17.14;17;9;1.58;0;0;0;0;1;1;27;9.44;13;17;5.94;6;2;3;0;1;0;0;0;0;9;0;0;7;3;1;2;0;0;28;9.79;8;05:34;01:56;02:09;0;0;0;0;0;0;0;0;4;1.39;2;0;0;0;0;0;0;33 minutes;04:55;0;0;0;0;1;0;0;37%
Trooper X46;2102;0;2;16;4.04;7;0;0;0;0;0;90,086;22,787;25,627;28,968;7,327.23;9,572;3,458;30;7.58;0;0;0;0;0;8;2.02;2;52;13.15;17;9;1.73;0;0;0;0;0;0;36;9.1;11;9;2.27;3;1;4;1;2;0;0;0;0;9;0;0;10;5;2;3;0;0;14;3.54;5;05:39;01:25;02:32;0;0;0;0;0;0;0;0;8;2.02;3;0;0;0;0;0;0;44 minutes;04:40;0;0;0;0;0;0;0;56%
Truck555;3000;0;23;240;3.99;8;0;0;0;0;0;1,278,081;21,270;35,367;593,622;9,879.29;16,704;5,006;853;14.19;0;0;0;0;0;255;4.24;11;1,182;19.67;36;11;1.38;0;0;0;0;16;5;628;10.45;22;461;7.67;18;28;60;5;27;0;0;0;0;11;0;0;143;66;29;48;5;20;441;7.33;16;01:42:19;01:42;03:28;0;0;0;0;0;0;0;0;101;1.68;7;0;0;0;2;0;0;13 hours;01:02:16;0;0;0;0;11;0;0;45%
TzTM;3759;0;1;9;2.11;2;0;0;0;0;0;93,670;22,053;15,192;36,094;8,497.74;8,655;4,139;49;11.53;0;0;0;0;0;16;3.76;4;69;16.24;17;8;1.4;0;0;0;0;3;0;29;6.82;9;25;5.88;5;4;4;0;0;0;0;0;0;8;0;0;7;3;2;2;0;0;27;6.35;13;10:19;02:25;03:08;0;0;0;0;0;0;0;0;1;0.23;1;0;0;0;0;0;0;56 minutes;03:31;0;0;0;0;1;0;0;5%
UncleFuncleJoey;4141;0;0;0;0;0;0;0;0;0;0;16,498;32,827;16,498;9,740;19,380.68;9,740;3,049;6;11.93;0;0;0;0;0;5;9.94;5;21;41.78;21;10;3.5;0;0;0;0;0;0;7;13.92;7;9;17.9;9;0;0;0;0;0;0;0;0;10;0;0;0;0;0;0;3;2;7;13.92;7;00:51;01:42;00:51;0;0;0;0;0;0;0;0;0;0;0;0;0;0;0;0;0;6.242554004304111 seconds;01:28;0;0;0;0;0;0;0;25%
Vault DwelIer;3046;0;8;49;3.83;9;0;0;0;0;0;301,283;23,608;42,990;119,581;9,370.35;20,471;4,657;131;10.26;0;0;0;0;0;52;4.07;12;256;20.06;43;11;1.95;0;0;0;0;1;5;135;10.57;26;81;6.34;14;5;13;0;8;0;0;0;0;11;0;0;22;10;5;8;4;6;96;7.52;22;25:23;01:59;05:34;0;0;0;0;0;0;0;0;16;1.25;3;0;0;0;0;0;0;2 hours;16:35;0;0;0;0;0;0;0;62%
Vexualy;4256;0;0;1;0.99;1;0;0;0;0;0;10,409;10,409;10,409;5,598;5,598.15;5,598;3,147;2;1.99;0;0;0;0;0;3;2.99;3;9;8.99;9;4;4.5;0;0;0;0;0;0;5;4.99;5;4;3.99;4;0;1;0;1;0;0;0;0;4;0;0;0;0;0;0;0;0;2;1.99;2;00:23;00:23;00:23;0;0;0;0;0;0;0;0;0;0;0;0;0;0;0;0;0;5 minutes;00:40;0;0;0;0;0;0;0;100%
vKure;4372;0;0;8;2.38;2;0;0;0;0;0;77,827;23,244;20,630;29,058;8,678.45;7,775;2,209;42;12.54;0;0;0;0;0;6;1.79;2;46;13.73;12;8;1.09;0;0;0;0;0;0;28;8.36;7;20;5.97;5;2;3;1;1;0;0;0;0;8;0;0;7;4;2;1;3;2;13;3.88;3;05:18;01:35;01:56;0;0;0;0;0;0;0;0;3;0.89;2;0;0;0;0;0;0;42 minutes;01:22;0;0;0;0;0;0;0;15%
VW GTI G0DSP33D;3460;0;0;0;0;0;0;0;0;0;0;5,979;36,926;5,979;175;1,080.7;175;100;2;12.35;0;0;0;0;0;0;0;0;0;0;0;0;0;0;0;0;0;0;0;0;0;0;0;0;0;0;0;0;0;0;0;0;0;0;0;0;0;0;0;0;0;0;0;0;0;0;0;0;0;0;0;0;0;0;0;0;0;0;0;0;0;0;0;0;0;1 minute;0;0;0;0;0;0;0;0;0
Wavy as;3466;0;0;0;0;0;0;0;0;0;0;28,222;41,270;20,361;8,977;13,126.92;8,707;2,614;8;11.69;0;0;0;0;0;2;2.92;2;26;38.02;26;9;3.25;0;0;0;0;0;0;13;19.01;13;8;11.69;8;0;1;0;1;0;0;0;0;9;0;0;2;1;0;1;3;1;18;26.32;18;03:38;05:19;03:08;0;0;0;0;0;0;0;0;0;0;0;0;0;0;0;0;0;14 minutes;02:32;0;0;0;0;0;0;0;89%
WELSHMANIA;4228;0;0;3;2.9;2;0;0;0;0;0;17,364;16,824;8,529;10,441;10,116.17;5,635;2,162;11;10.65;0;0;0;0;0;5;4.84;3;24;23.25;13;6;2.18;0;0;0;0;0;0;11;10.65;6;7;6.78;6;0;1;0;1;0;0;0;0;6;0;0;2;1;1;0;0;0;13;12.59;6;01:41;01:38;00:54;0;0;0;0;0;0;0;0;0;0;0;0;0;0;0;0;0;12 minutes;00:06;0;0;0;0;0;0;0;81%
Westside Ryderz;3000;0;5;99;4.29;11;0;0;0;0;0;372,536;16,144;25,562;208,382;9,030.57;15,791;5,144;256;11.09;0;0;0;0;0;97;4.2;12;419;18.15;41;11;1.63;0;0;0;0;4;2;211;9.14;21;136;5.89;19;7;23;1;15;0;0;0;76;11;0;0;46;18;14;14;4;8;160;6.93;18;41:52;01:48;04:18;0;0;0;0;0;0;0;0;22;0.95;4;0;0;0;0;0;0;4 hours;25:22;0;0;0;0;0;0;0;65%
WHIT3 DYNAMIT3;2806;0;7;57;6.94;9;0;0;0;0;0;229,909;28,011;46,725;102,211;12,453.16;22,560;5,215;74;9.01;0;0;0;0;0;39;4.75;10;219;26.68;52;16;2.95;0;0;0;0;0;1;127;15.47;28;64;7.79;19;3;8;1;4;0;0;0;0;16;0;0;24;5;9;9;3;3;101;12.3;26;21:35;02:37;04:56;0;0;0;0;0;0;0;0;27;3.28;7;0;0;0;0;0;0;2 hours;23:14;0;0;0;0;1;0;0;48%
Who ever gamer;2075;0;5;21;2.75;6;0;0;0;0;0;163,138;21,423;37,091;71,924;9,444.86;13,810;5,656;58;7.61;0;0;0;0;0;21;2.75;6;156;20.48;35;11;2.68;0;0;0;0;1;1;69;9.06;18;67;8.79;15;4;8;0;4;0;0;0;0;11;0;0;16;6;8;3;3;3;68;8.92;19;16:29;02:09;03:33;0;0;0;0;0;0;0;0;8;1.05;4;0;0;0;0;0;0;1 hour;10:14;0;0;0;0;0;0;0;50%
WolfShaman42;0;0;1;5;2.83;3;0;11;0;0;0;50,937;28,906;37,544;1,457;7,111.92;1,457;755;2;9.76;0;0;0;0;0;4;2.26;2;1;4.88;1;1;0.5;20;4;4;0;3;0;16;9.07;10;5;2.83;3;0;0;0;0;238;1,162.37;238;238;1;0;0;0;0;0;0;3;1;19;10.78;10;00:17;01:26;00:17;0;0;0;0;0;0;760;236;3;1.7;2;0;0;0;0;0;0;3 minutes;00:22;0;0;0;0;0;31%;0;100%
WSXRQ;3000;0;0;4;1.92;1;0;0;0;0;0;36,027;17,351;9,240;12,840;6,183.63;4,959;2,740;17;8.18;0;0;0;0;0;5;2.4;4;34;16.37;12;10;2;0;0;0;0;0;0;16;7.7;7;11;5.29;5;1;2;0;1;0;0;0;0;10;0;0;5;1;2;2;0;0;20;9.63;9;05:09;02:29;02:45;0;0;0;0;0;0;0;0;3;1.44;3;0;0;0;0;0;0;23 minutes;0;0;0;0;0;0;0;0;71%
Wxnderful;4566;0;4;42;4.35;8;0;0;0;0;0;232,402;24,082;31,357;163,510;16,943.37;22,817;7,569;123;12.74;0;0;0;0;0;65;6.73;10;270;27.97;37;14;2.19;0;0;0;0;3;4;143;14.81;23;95;9.84;12;2;10;1;6;0;0;0;0;14;0;0;26;10;8;8;4;6;90;9.32;16;18:14;01:53;02:35;0;0;0;0;0;0;0;0;18;1.86;3;0;0;0;0;0;0;2 hours;32:01;0;0;0;0;0;0;0;59%
xFERAL WOMBATx;2647;0;0;2;6.4;2;0;0;0;0;0;4,129;13,215;4,129;1,729;5,534.69;1,729;1,109;3;9.6;0;0;0;0;0;1;3.2;1;5;16;5;4;1.66;0;0;0;0;0;0;3;9.6;3;3;9.6;3;0;0;0;0;0;0;0;0;4;0;0;1;0;0;0;0;0;0;0;0;01:30;04:49;01:30;0;0;0;0;0;0;0;0;1;3.2;1;0;0;0;0;0;0;4 minutes;0;0;0;0;0;0;0;0;100%
xHAZ4RDZx;3383;0;4;38;4.05;5;0;0;0;0;0;194,552;20,745;17,784;81,319;8,671.12;10,863;4,387;106;11.3;0;0;0;0;0;40;4.26;10;204;21.75;32;11;1.92;0;0;0;0;2;0;106;11.3;19;70;7.46;11;5;9;1;4;0;0;0;0;11;0;0;24;7;7;9;3;3;89;9.49;15;25:41;02:44;02:51;0;0;0;0;0;0;0;0;14;1.49;3;0;0;0;0;0;0;2 hours;11:14;0;0;0;0;0;0;0;44%
Xion;0;0;1;3;2.6;2;0;0;0;0;0;14,039;12,209;6,897;2,608;2,267.78;1,290;754;8;6.95;0;0;0;0;0;0;0;0;6;5.21;3;2;0.75;0;0;0;0;1;1;4;3.47;2;1;0.86;1;0;1;0;1;0;0;0;0;2;0;0;1;0;1;0;0;0;1;0.86;1;00:13;00:11;00:07;0;0;0;0;0;0;0;0;1;0.86;1;0;0;0;0;0;0;6 minutes;0;0;0;0;0;3;0;0;100%
xo Mudkips;2062;0;0;3;3.32;3;0;0;0;0;0;9,160;10,157;7,076;5,506;6,105.7;5,356;2,074;10;11.08;0;0;0;0;0;2;2.21;2;10;11.08;9;5;1;0;0;0;0;1;0;5;5.54;5;0;0;0;0;1;1;0;0;0;0;0;5;0;0;1;1;0;0;0;0;3;3.32;3;00:52;00:58;00:48;0;0;0;0;0;0;0;0;1;1.1;1;0;0;0;0;0;0;15 minutes;0;0;0;0;0;0;0;0;0
Xvanthious;2465;0;14;321;3.91;10;0;0;0;0;0;971,308;11,840;21,676;572,176;6,974.81;15,223;4,640;977;11.9;0;0;0;0;0;252;3.07;10;1,399;17.05;47;19;1.43;0;0;0;0;28;11;810;9.87;25;300;3.65;11;47;82;5;29;0;0;0;47;19;0;0;151;68;26;57;5;11;595;7.25;23;02:06:04;01:32;03:55;0;0;0;0;0;0;0;0;228;2.77;8;0;0;0;1;0;0;16 hours;01:22:18;0;0;0;0;29;0;0;35%
xXGaMeRgUyXx;2469;0;1;4;4.81;4;0;0;0;0;0;19,866;23,918;14,743;4,535;5,460.32;3,193;1,460;10;12.03;0;0;0;0;0;2;2.4;2;13;15.65;10;4;1.3;0;0;0;0;0;0;10;12.03;9;8;9.63;6;1;1;0;0;0;0;0;0;4;0;0;3;0;1;2;0;0;2;2.4;1;02:36;03:08;02:21;0;0;0;0;0;0;0;0;6;7.22;6;0;0;0;0;0;0;10 minutes;00:20;0;0;0;0;0;0;0;0
XxTORBJORNxX;1223;0;1;0;0;0;0;0;0;0;0;20,796;14,267;10,682;1,314;901.46;994;400;14;9.6;0;0;0;0;0;0;0;0;1;0.68;1;1;0.07;0;0;0;0;0;0;1;0.68;1;0;0;0;0;0;0;0;0;0;0;0;1;0;0;1;0;0;1;0;0;0;0;0;00:49;00:33;00:27;0;0;0;0;0;0;0;0;1;0.68;1;0;0;0;0;0;0;--;0;0;0;0;0;0;0;0;100%
yayletsplay;2772;0;0;1;0.73;1;0;0;0;0;0;26,009;19,035;15,659;4,951;3,623.72;2,949;1,366;13;9.51;0;0;0;0;0;4;2.92;2;18;13.17;12;7;1.38;0;0;0;0;1;0;6;4.39;4;8;5.85;7;0;1;0;1;0;0;0;0;7;0;0;1;0;0;1;0;0;8;5.85;4;02:02;01:29;01:16;0;0;0;0;0;0;0;0;3;2.19;3;0;0;0;0;0;0;16 minutes;01:56;0;0;0;0;0;0;0;64%
Yes I am jacked;3000;0;35;236;3.69;11;0;0;0;0;0;1,509,716;23,619;53,885;584,951;9,151.43;20,086;6,602;605;9.46;0;0;0;0;0;226;3.53;12;1,058;16.55;37;18;1.74;0;0;0;0;23;4;507;7.93;21;280;4.38;11;27;64;1;36;0;0;0;0;18;0;0;117;31;54;32;5;15;447;6.99;21;02:13:00;02:04;04:41;0;0;0;0;0;0;0;0;62;0.96;4;0;0;0;0;0;0;13 hours;01:10:41;0;0;0;0;1;0;0;56%
yoyohurricanes;4301;0;0;13;6.1;7;0;0;0;0;0;61,077;28,673;21,457;32,612;15,309.9;16,453;4,850;28;13.14;0;0;0;0;0;9;4.22;6;48;22.53;27;9;1.71;0;0;0;0;2;0;27;12.67;14;15;7.04;8;2;2;0;0;0;0;0;0;9;0;0;4;0;1;2;3;1;11;5.16;7;04:39;02:11;02:35;0;0;0;0;0;0;0;0;1;0.46;1;0;0;0;0;0;0;37 minutes;02:14;0;0;0;0;0;0;0;17%
yoyomo5727;2483;0;3;34;3.74;11;0;0;0;0;0;213,689;23,550;33,823;62,903;6,932.38;13,487;3,556;123;13.55;0;0;0;0;0;23;2.53;5;133;14.65;27;10;1.08;0;0;0;0;5;2;70;7.71;14;42;4.62;7;5;9;0;4;0;0;0;47;10;0;0;15;5;4;6;3;3;65;7.16;16;20:07;02:13;03:29;0;0;0;0;0;0;0;0;11;1.21;3;0;0;0;0;0;0;2 hours;08:35;0;0;0;0;0;0;0;49%
Zigo;0;0;0;0;0;0;0;0;0;0;0;3,829;39,684;3,829;270;2,798.13;270;270;1;10.36;0;0;0;0;0;0;0;0;0;0;0;0;0;0;0;0;0;0;0;0;0;0;0;0;0;0;0;0;0;0;0;0;0;0;0;0;0;0;0;0;0;0;0;0;0;0;0;0;0;0;0;0;0;0;0;0;0;0;0;0;0;0;0;0;0;1 minute;0;0;0;0;0;0;0;0;100%
