A Camping Cat;4143;2;5%;40;13;6;0.01;82,464;18,459.57;25,031;6,677;43;9.62;14;3.13;6;122;27.3;31;14;2.83;0;0;0;93;20.81;26;2;4;1;1;0;0;0;0;14;0;0;13;4;6;3;3;0.67;1;0;0;3;1;36;8.05;9;01:39;00:22;00:29;0;8;42;9.4;9;0;0;2,203;722;33;7.38;10;0;0;0;1 hour;12:45;0;0;1;32%;31%;29%
A Chill Lamp;4407;2;5%;18;6;3;0;39,886;11,146.14;15,500;7,123;22;6.14;15;4.19;6;108;30.18;41;14;4.9;0;0;0;63;17.6;20;1;4;0;4;0;0;0;0;14;0;0;8;1;4;3;2;0.55;1;0;0;3;2;25;6.98;13;00:41;00:11;00:36;2;11;33;9.22;13;0;0;1,210;360;10;2.79;4;0;0;0;36 minutes;05:39;0;0;0;29%;43%;100%
AbduzeedoO;3912;0;5%;16;5;2;0;31,288;8,017.92;10,661;3,727;34;8.71;11;2.81;6;76;19.47;26;13;2.23;0;0;0;55;14.09;16;1;4;0;3;0;0;0;0;13;0;0;10;3;3;5;0;0;0;0;0;3;1;34;8.71;14;01:23;00:21;00:24;0;9;30;7.68;6;0;0;1,030;296;22;5.63;7;0;0;0;39 minutes;04:37;0;0;4;28%;37%;76%
Accel N6;3431;13;6%;124;16;6;0.01;206,118;14,712.94;19,722;5,663;111;7.92;62;4.42;8;379;27.05;45;15;3.41;0;0;0;263;18.77;30;7;14;1;6;0;0;0;0;15;0;0;37;4;26;7;4;0.28;1;0;0;3;4;126;8.99;16;05:58;00:25;00:53;0;13;126;8.99;12;0;0;6,884;1,931;97;6.92;12;0;0;0;2 hours;42:23;0;0;8;28%;37%;39%
AceSilver143;2260;0;8%;20;7;5;0;34,698;6,734.49;6,275;3,124;68;13.19;9;1.74;4;63;12.22;20;10;0.92;0;3;0;44;8.53;17;5;5;0;0;0;0;0;0;10;0;0;9;2;3;4;0;0;0;0;0;0;0;24;4.65;7;03:03;00:35;00:52;0;4;11;2.13;3;0;0;1,209;250;8;1.55;2;0;0;0;1 hour;05:00;0;0;2;20%;40%;0
alphurr;3397;0;0;0;0;0;0;315;2,040.52;315;315;1;20.99;0;0;0;0;0;0;0;0;0;0;0;0;0;0;0;0;0;0;0;0;0;0;0;0;0;0;0;0;0;0;0;0;0;0;0;0;0;0;0;0;0;0;0;1;0;0;0;0;0;41;3;0;0;0;0;0;0;26.865722980350256 seconds;0;0;0;0;20%;20%;0
Asco HD;2385;0;3%;2;2;2;0;5,540;9,542.1;5,540;4,940;2;3.44;1;1.72;1;11;18.94;11;10;5.5;0;0;0;6;10.33;6;1;1;0;0;0;0;0;0;10;0;0;0;0;0;0;0;0;0;0;0;0;0;1;1.72;1;0;0;0;5;3;6;10.33;6;0;0;257;56;3;5.16;3;0;0;0;7 minutes;0;0;0;0;21%;0;0
Axemen;3331;0;4%;8;4;3;0;17,622;9,576.94;5,049;3,599;11;5.97;7;3.8;3;28;15.21;9;8;2.54;0;0;0;19;10.32;7;1;2;0;0;0;0;0;0;8;0;0;6;1;1;4;0;0;0;0;0;0;0;6;3.26;3;01:10;00:38;00:55;0;2;9;4.89;4;0;0;543;161;6;3.26;3;0;0;0;17 minutes;00:49;0;0;0;29%;33%;21%
B0LTi;4034;2;5%;17;8;3;0.01;34,003;10,829.83;13,928;5,187;14;4.45;7;2.22;4;63;20.06;19;14;4.5;0;0;0;46;14.65;16;0;3;0;3;0;0;0;0;14;0;0;10;3;5;2;2;0.63;1;0;0;0;0;11;3.5;4;00:10;00:03;00:04;0;8;24;7.64;7;0;0;1,189;319;13;4.14;6;0;0;0;27 minutes;08:21;0;0;0;26%;42%;100%
Bounce Cityyyyy;3145;2;7%;37;7;4;0;57,886;10,245.29;10,726;3,277;51;9.02;17;3;5;138;24.42;32;9;2.7;0;0;0;94;16.63;22;2;6;1;3;0;0;0;0;9;0;0;14;4;6;4;0;0;0;0;0;0;0;49;8.67;14;03:43;00:39;01:02;0;11;34;6.01;6;0;0;1,859;497;37;6.54;12;0;0;0;1 hour;09:50;0;0;2;26%;30%;47%
C1ZR;4124;5;7%;84;15;6;0.01;130,957;13,777.47;21,514;5,838;71;7.46;43;4.52;9;286;30.08;49;14;4.02;0;0;0;200;21.04;33;3;10;0;7;0;0;0;0;14;0;0;24;4;13;8;2;0.21;1;0;0;4;2;71;7.46;15;04:22;00:27;00:55;0;14;71;7.46;12;0;0;4,109;1,082;59;6.2;13;0;0;0;1 hour;24:43;0;0;0;26%;55%;72%
Chopper Le Porc;0;1;3%;29;4;3;0;80,784;10,784.13;10,621;3,908;91;12.14;30;4;7;162;21.62;25;10;1.78;0;0;0;89;11.88;15;4;7;0;3;0;0;0;0;10;0;0;22;4;12;6;1;0.13;1;0;0;3;4;70;9.34;10;04:46;00:38;00:44;0;9;35;4.67;4;0;0;2,657;752;29;3.87;6;0;0;0;1 hour;12:44;0;0;15;28%;41%;42%
Corey Burlinson;4077;0;0;0;0;0;0;526;9,049.51;526;516;1;17.2;0;0;0;1;12.7;1;1;0.5;0;0;0;1;12.7;1;0;0;0;0;0;0;0;0;1;0;0;0;0;0;0;0;0;0;0;0;0;0;0;0;0;0;0;0;0;0;1;12.7;1;0;0;28;7;1;12.7;1;0;0;0;53.770841013640165 seconds;0;0;0;0;25%;0;0
Cow Lupin;709;0;0;0;0;0;0;457;2,321.61;457;457;0;0;0;0;0;2;10.16;2;2;0;0;0;0;2;10.16;2;0;0;0;0;0;0;0;0;2;0;0;0;0;0;0;0;0;0;0;0;0;0;0;0;0;0;0;0;0;0;2;10.16;2;0;0;19;6;2;10.16;2;0;0;0;1 minute;0;0;0;0;31%;31%;0
DeftOrthruss;3000;0;5%;2;2;1;0;4,331;7,741.66;3,556;1,821;6;10.72;0;0;0;5;8.93;5;2;0.83;0;0;0;3;5.36;3;1;1;0;0;0;0;0;0;2;0;0;1;0;0;1;0;0;0;0;0;0;0;1;1.78;1;00:00;00:00;00:00;0;3;2;3.57;2;0;0;187;35;1;1.78;1;0;0;0;5 minutes;0;0;0;0;18%;36%;0
Elsayer;0;0;9%;5;4;2;0;6,605;9,715.06;5,713;1,557;7;10.29;2;2.94;2;12;17.64;10;3;1.71;0;0;0;9;13.23;7;1;1;0;0;0;0;0;0;3;0;0;2;0;2;0;0;0;0;0;0;0;0;3;4.41;3;00:03;00:05;00:03;0;2;0;0;0;0;0;222;51;3;4.41;3;0;0;0;8 minutes;0;0;0;0;22%;23%;0
fusion360elite;2922;0;3%;36;9;5;0;80;2,859.54;80;80;1;35.74;40;4.72;10;153;18.09;35;12;1.82;0;0;0;94;11.11;23;0;0;1;0;0;0;0;0;12;0;0;0;0;0;0;0;0;0;0;0;3;2;72;8.51;16;05:24;00:38;02:27;0;3;34;4.02;5;0;0;3,910;970;23;2.71;4;0;0;0;36.31088000442833 seconds;08:03;0;0;3;24%;57%;0%
HerBakedPizza;3000;0;8%;4;4;4;0.01;5,474;6,786.72;5,474;5,261;1;1.23;2;2.47;2;9;11.15;9;8;9;0;0;0;5;6.19;5;0;1;0;1;0;0;0;0;8;0;0;1;0;0;1;1;1.23;1;0;0;0;0;2;2.47;2;0;0;0;0;1;4;4.95;4;0;0;210;46;1;1.23;1;0;0;0;4 minutes;0;0;0;0;21%;0;100%
Hoistly;3152;3;7%;65;12;5;0;179;2,411.45;179;179;77;7.27;33;3.11;6;212;20.03;32;11;2.75;0;0;0;128;12.09;22;0;0;1;8;125;1,688;125;125;11;0;0;0;0;0;3;1;0.09;1;0;0;4;2;86;8.12;17;10:04;00:57;01:44;0;13;63;5.95;11;0;0;34;4;43;4.06;9;0;0;0;56.952915988862514 seconds;09:03;0;0;7;11%;36%;72%
I Horizontal I;1948;0;5%;1;1;1;0;1,851;7,484.43;1,851;770;4;16.16;0;0;0;4;16.16;4;2;1;0;0;0;4;16.16;4;0;0;0;0;0;0;0;0;2;0;0;1;0;0;1;0;0;0;0;0;0;0;2;8.08;2;00:05;00:23;00:05;0;0;2;8.08;2;0;0;59;17;1;4.04;1;0;0;0;3 minutes;0;0;0;0;28%;28%;0
IamSlak;2595;1;6%;16;8;7;0;27,673;9,773.63;9,809;5,026;21;7.41;16;5.65;9;57;20.13;24;13;2.71;0;0;0;46;16.24;20;1;3;0;2;0;0;0;0;13;0;0;6;3;1;2;0;0;0;0;0;4;2;18;6.35;7;00:39;00:14;00:24;0;1;17;6;9;0;0;757;232;12;4.23;7;0;0;0;27 minutes;05:59;0;0;0;30%;37%;69%
iArctos;4294;0;0;0;0;0;0;125;591.72;125;125;0;0;0;0;0;1;4.73;1;1;0;0;0;0;0;0;0;0;0;0;0;0;0;0;0;1;0;0;0;0;0;0;0;0;0;0;0;0;0;0;0;0;0;0;0;0;2;0;0;0;0;0;13;0;0;0;0;0;0;0;2 minutes;0;0;0;0;0;0;100%
IGenjiMain;3814;0;5%;65;8;4;0.01;147,066;18,916.68;21,023;7,915;69;8.87;32;4.11;5;214;27.52;27;12;3.1;0;0;0;142;18.26;18;3;8;1;4;0;0;0;0;12;0;0;20;8;6;6;0;0;0;0;0;0;0;59;7.58;12;08:21;01:04;01:17;1;8;70;9;10;0;0;3,845;1,287;36;4.63;6;0;0;0;1 hour;23:38;0;0;3;33%;34%;56%
II BigGash II;2763;0;6%;3;3;3;0.01;4,771;8,806;4,771;4,771;0;0;0;0;0;12;22.14;12;12;0;0;0;0;6;11.07;6;0;1;0;1;0;0;0;0;12;0;0;1;0;1;1;0;0;0;0;0;0;0;4;7.38;4;00:02;00:03;00:02;0;4;4;7.38;4;0;0;219;46;1;1.84;1;0;0;0;3 minutes;0;0;0;0;21%;0;100%
II Scar3CroW;2790;0;5%;19;5;4;0;38,259;13,701.41;10,435;5,814;31;11.1;4;1.43;3;36;12.89;14;5;1.16;0;0;0;21;7.52;8;2;3;0;1;0;0;0;0;5;0;0;7;2;2;3;0;0;0;0;0;0;0;17;6.08;7;03:03;01:05;01:30;0;8;9;3.22;3;0;0;1,311;345;5;1.79;1;0;0;0;34 minutes;01:45;0;0;0;26%;34%;39%
II Table;3498;0;3%;6;2;2;0;18,388;9,260.07;5,326;5,326;10;5.03;1;0.5;1;23;11.58;8;8;2.29;0;0;0;11;5.53;5;1;0;0;0;0;0;0;0;8;0;0;0;0;0;0;0;0;0;0;0;0;0;5;2.51;3;01:08;00:34;00:31;0;4;7;3.52;5;0;0;634;186;3;1.51;1;0;0;0;--;00:24;0;0;0;29%;31%;100%
Im Forgiving;4070;0;8%;8;4;4;0.01;12,650;12,243.88;6,692;4,195;9;8.71;2;1.93;2;19;18.39;10;7;2.11;0;0;0;15;14.51;8;0;0;0;0;0;0;0;0;7;0;0;0;0;2;0;0;0;0;0;0;0;0;5;4.83;3;00:40;00:39;00:20;0;4;4;3.87;2;0;0;277;90;3;2.9;1;0;0;0;4.0657830173149705 seconds;03:09;0;0;0;32%;29%;13%
Im Voxie;4020;0;5%;18;6;6;0;35,333;12,318;12,259;4,902;27;9.41;5;1.74;3;62;21.61;18;17;2.29;0;0;0;43;14.99;15;2;3;0;1;0;0;0;0;17;0;0;8;3;2;3;1;0.34;1;0;0;3;1;17;5.92;7;02:11;00:45;00:49;0;7;15;5.22;4;0;0;992;314;12;4.18;4;0;0;0;36 minutes;05:52;0;0;0;31%;34%;47%
iSttoooLen;3977;1;2%;5;3;1;0;22,952;10,118.22;12,499;6,214;10;4.4;2;0.88;1;46;20.27;22;12;4.59;0;0;0;26;11.46;11;0;0;0;0;0;0;0;0;12;0;0;0;0;0;0;0;0;0;0;0;0;0;6;2.64;3;00:38;00:16;00:18;0;7;19;8.37;7;0;0;810;225;14;6.17;10;0;0;0;3.886376991868019 seconds;00:46;0;0;0;27%;26%;100%
ItsCONRAD;3497;2;4%;60;6;4;0;143,061;11,322.45;10,002;5,064;116;9.18;40;3.16;5;253;20.02;24;11;2.18;0;1;0;155;12.26;18;9;13;1;2;0;0;0;0;11;0;0;30;12;9;9;0;0;0;0;0;3;4;85;6.72;14;05:38;00:26;00:58;0;7;82;6.48;10;0;0;4,542;1,250;54;4.27;9;0;0;0;2 hours;10:51;0;0;0;27%;40%;17%
IX HALFBREED XI;2667;0;7%;1;1;1;0;2,077;20,032.79;2,077;1,488;2;19.29;1;9.64;1;3;28.93;3;2;1.5;0;0;0;2;19.29;2;0;0;0;0;0;0;0;0;2;0;0;0;0;0;0;0;0;0;0;0;0;0;0;0;0;00:04;00:42;00:04;0;2;1;9.64;1;0;0;56;13;1;9.64;1;0;0;0;2 minutes;0;0;0;0;23%;0;100%
J Smoooove;2634;0;0;0;0;0;0;1,677;23,486.35;1,677;1,114;1;14;0;0;0;1;14;1;1;1;0;0;0;1;14;1;0;0;0;0;0;0;0;0;1;0;0;0;0;0;0;0;0;0;0;0;0;0;0;0;0;0;0;0;0;0;1;14;1;0;0;28;17;0;0;0;0;0;0;1 minute;0;0;0;0;60%;60%;0
JDn808;3192;0;5%;2;2;1;0.01;3,875;13,830.92;3,875;1,455;3;10.7;0;0;0;8;28.55;8;2;2.66;0;0;0;5;17.84;5;0;0;0;0;0;0;0;0;2;0;0;1;0;0;0;0;0;0;0;0;0;0;3;10.7;3;00:25;01:31;00:25;0;1;2;7.13;2;0;0;113;40;1;3.56;1;0;0;0;3 minutes;0;0;0;0;35%;35%;100%
Joshua x FX;0;0;14%;2;1;1;0.01;1,409;5,203.84;958;958;3;11.07;0;0;0;4;14.77;2;2;1.33;0;1;0;3;11.07;2;0;0;0;0;0;0;0;0;2;0;0;1;0;0;0;0;0;0;0;0;0;0;2;7.38;1;00:05;00:19;00:05;0;0;2;7.38;1;0;0;74;14;3;11.07;2;0;0;0;3 minutes;0;0;0;0;18%;0;0
KEIHEI;3624;2;6%;36;13;5;0.01;71,276;13,011.82;17,704;4,148;35;6.38;27;4.92;8;111;20.26;35;9;3.17;0;1;0;75;13.69;24;1;5;0;4;0;0;0;0;9;0;0;15;4;4;8;0;0;0;0;0;4;1;45;8.21;20;03:38;00:39;01:42;0;11;25;4.56;10;0;0;1,718;594;24;4.38;7;0;0;0;56 minutes;07:30;0;0;0;34%;52%;80%
KING IZ SIIC;3430;0;2%;1;1;1;0;5,551;29,408.58;5,551;3,827;2;10.59;0;0;0;4;21.19;4;3;2;0;0;0;2;10.59;2;0;0;0;0;0;0;0;0;3;0;0;1;0;0;0;0;0;0;0;0;0;0;1;5.29;1;00:09;00:52;00:09;0;1;0;0;0;0;0;98;45;1;5.29;1;0;0;0;2 minutes;00:20;0;0;0;45%;0;100%
Kingg Tuttle;0;0;15%;6;3;2;0.01;5,587;10,006.68;3,851;1,795;6;10.74;1;1.79;1;7;12.53;4;3;1.16;0;0;0;5;8.95;3;1;1;0;0;0;0;0;0;3;0;0;1;0;0;0;0;0;0;0;0;0;0;2;3.58;2;00:15;00:27;00:11;0;0;1;1.79;1;0;0;202;40;1;1.79;1;0;0;0;5 minutes;0;0;0;0;19%;0;0
LORDxSUWU;2857;0;5%;34;8;4;0;65,094;9,483.35;15,064;4,598;54;7.86;20;2.91;4;120;17.48;20;7;2.22;0;0;0;80;11.65;15;6;7;0;1;0;0;0;0;7;0;0;14;3;2;8;1;0.14;1;0;0;3;2;53;7.72;8;04:37;00:40;01:16;0;4;32;4.66;8;0;0;1,916;604;27;3.93;7;0;0;0;1 hour;11:36;0;0;1;31%;39%;19%
Lycanz;4036;1;9%;58;10;5;0.01;76,286;14,330.03;14,155;5,145;71;13.33;21;3.94;4;155;29.11;25;10;2.18;0;2;0;102;19.16;11;3;5;0;3;0;0;0;0;10;0;0;17;5;8;4;1;0.18;1;0;0;0;0;59;11.08;12;08:29;01:35;01:59;0;5;41;7.7;6;0;0;2,509;613;30;5.63;4;0;0;0;1 hour;11:15;0;0;3;24%;27%;47%
MajorCris;3262;0;2%;2;2;1;0;9,122;16,139.67;9,122;2,497;9;15.92;2;3.53;2;21;37.15;21;8;2.33;0;0;0;12;21.23;12;0;1;0;1;0;0;0;0;8;0;0;1;0;0;1;1;1.76;1;0;0;0;0;5;8.84;5;00:40;01:12;00:40;0;1;10;17.69;10;0;0;340;99;3;5.3;3;0;0;0;11 minutes;0;0;0;0;29%;0;100%
Mano Brawl BR;4015;1;4%;18;4;3;0;39,935;7,609.06;8,808;4,472;21;4;13;2.47;4;107;20.38;16;16;5.09;0;0;0;80;15.24;15;0;5;0;5;0;0;0;0;16;0;0;13;4;5;4;1;0.19;1;0;0;3;1;19;3.62;4;00:36;00:06;00:10;0;8;32;6.09;6;0;0;1,470;372;37;7.04;8;0;0;0;50 minutes;03:56;0;0;1;25%;37%;100%
Maxxon Charge;3705;1;6%;55;10;5;0;99,956;12,605.95;20,669;4,448;72;9.08;44;5.54;16;222;27.99;57;13;3.08;0;1;0;146;18.41;40;4;8;0;4;0;0;0;0;13;0;0;22;4;9;9;0;0;0;0;0;5;5;69;8.7;29;04:57;00:37;01:26;0;13;74;9.33;20;0;0;3,672;868;32;4.03;7;0;0;0;1 hour;16:18;0;0;1;23%;42%;44%
Medvescek;3421;1;6%;7;3;2;0;15,562;10,485.87;8,217;3,728;12;8.08;8;5.39;4;31;20.88;14;8;2.58;0;0;0;17;11.45;9;0;1;0;1;0;0;0;0;8;0;0;4;2;1;1;0;0;0;0;0;5;1;10;6.73;5;00:43;00:29;00:23;0;1;0;0;0;0;0;440;113;1;0.67;1;0;0;0;15 minutes;02:52;0;0;0;25%;38%;80%
MisterToli X;3151;0;0;0;0;0;0;2,389;9,538.28;2,389;1,277;3;11.97;0;0;0;1;3.99;1;1;0.33;0;0;0;1;3.99;1;0;0;0;0;0;0;0;0;1;0;0;1;0;0;0;0;0;0;0;0;0;0;1;3.99;1;00:11;00:45;00:11;0;0;1;3.99;1;0;0;60;15;0;0;0;0;0;0;2 minutes;0;0;0;0;25%;25%;0
MoraCombo;4279;0;9%;8;5;5;0.01;11,189;14,656.84;6,591;6,591;2;2.61;3;3.92;3;22;28.81;15;15;11;0;0;0;16;20.95;10;0;0;0;0;0;0;0;0;15;0;0;0;0;2;0;1;1.3;1;0;0;0;0;4;5.23;2;00:07;00:10;00:05;0;2;7;9.16;4;0;0;240;84;6;7.85;4;0;0;0;12.898513991385698 seconds;02:03;0;0;0;35%;36%;100%
Mortem;2681;0;11%;13;5;3;0.01;15,029;10,037.15;8,434;2,606;19;12.68;1;0.66;1;30;20.03;16;6;1.57;0;0;0;26;17.36;14;1;1;0;0;0;0;0;0;6;0;0;4;0;1;3;2;1.33;1;0;0;0;0;6;4;3;01:31;01:01;00:53;0;2;4;2.67;3;0;0;516;117;14;9.35;9;0;0;0;18 minutes;00:20;0;0;2;22%;16%;0
Nicochik77;2886;0;10%;3;3;1;0;3,007;5,250.82;3,007;1,500;4;6.98;0;0;0;12;20.95;12;5;3;0;0;0;6;10.47;6;0;1;0;1;0;0;0;0;5;0;0;2;1;1;1;0;0;0;0;0;0;0;6;10.47;6;00:56;01:38;00:56;0;5;3;5.23;3;0;0;172;29;3;5.23;3;0;0;0;5 minutes;01:32;0;0;0;16%;0;100%
Nietzsche Nick;3738;0;0;0;0;0;0;307;0;307;196;2;0;0;0;0;1;0;1;1;0.5;0;0;0;1;0;1;0;0;0;0;0;0;0;0;1;0;0;0;0;0;0;0;0;0;0;0;0;0;0;0;0;0;0;0;0;0;1;0;1;0;0;19;6;0;0;0;0;0;0;1 minute;0;0;0;0;31%;31%;0
NoT x GER Beans;3390;0;0%;1;1;1;0;14,654;11,613.15;5,244;4,583;10;7.92;1;0.79;1;8;6.33;4;3;0.8;0;0;0;5;3.96;3;1;1;0;0;0;0;0;0;3;0;0;3;2;0;1;0;0;0;0;0;0;0;1;0.79;1;00:26;00:20;00:26;0;2;4;3.16;2;0;0;316;117;2;1.58;1;0;0;0;11 minutes;0;0;0;0;37%;47%;23%
o Kapow;3124;1;4%;19;4;3;0;52,414;11,582.57;9,128;4,444;61;13.47;20;4.41;7;88;19.44;22;10;1.44;0;2;0;64;14.14;20;3;5;1;1;0;0;0;0;10;0;0;7;3;2;2;0;0;0;0;0;5;1;33;7.29;11;02:03;00:27;00:33;0;4;30;6.62;9;0;0;1,636;469;19;4.19;5;0;0;0;59 minutes;06:42;0;0;0;28%;39%;20%
ObiwanKi11n00by;3672;1;3%;4;2;2;0;15,315;14,968.77;11,524;7,367;6;5.86;1;0.97;1;18;17.59;12;9;3;0;0;0;13;12.7;7;1;1;0;0;0;0;0;0;9;0;0;2;1;1;1;0;0;0;0;0;0;0;7;6.84;4;00:46;00:45;00:24;0;3;9;8.79;5;0;0;400;131;3;2.93;2;0;0;0;11 minutes;00:55;0;0;0;32%;50%;15%
Ohdyn;0;0;7%;1;1;1;0;1,305;2,539.12;711;711;3;5.83;0;0;0;6;11.67;4;2;2;0;0;0;6;11.67;4;0;1;0;1;0;0;0;0;2;0;0;1;0;0;0;0;0;0;0;0;0;0;3;5.83;3;00:05;00:09;00:05;0;2;1;1.94;1;0;0;105;13;6;11.67;4;0;0;0;4 minutes;0;0;0;0;12%;38%;100%
OUT M3 RK ED;3749;2;6%;100;13;5;0;195,631;13,780.72;21,721;7,294;119;8.38;42;2.95;9;304;21.41;49;15;2.55;0;0;0;194;13.66;32;7;14;2;5;0;0;0;0;15;0;0;39;13;13;13;1;0.07;1;0;0;4;1;101;7.11;20;07:16;00:30;01:31;0;18;84;5.91;9;0;0;5,970;1,571;59;4.15;9;0;0;0;3 hours;09:47;0;0;7;26%;52%;37%
ParalyzingFrost;3000;0;5%;8;6;4;0;16,000;11,669.7;7,213;3,407;14;10.21;5;3.64;4;21;15.31;12;7;1.5;0;0;0;14;10.21;10;1;1;0;0;0;0;0;0;7;0;0;2;1;0;1;1;0.72;1;0;0;0;0;6;4.37;3;00:39;00:28;00:30;0;4;5;3.64;2;0;0;521;134;5;3.64;4;0;0;0;16 minutes;00:36;0;0;0;25%;25%;19%
Prunester;3701;1;8%;14;8;3;0.01;17,743;12,411.72;6,386;3,458;9;6.29;6;4.19;3;35;24.48;17;5;3.88;0;0;0;27;18.88;16;0;0;0;0;0;0;0;0;5;0;0;0;0;0;0;0;0;0;0;0;3;1;6;4.19;3;00:42;00:29;00:31;0;8;9;6.29;7;0;0;551;172;11;7.69;10;0;0;0;1.933077009394765 seconds;03:07;0;0;3;31%;24%;100%
PvT Faithful;2370;0;3%;2;2;1;0;5,699;6,484.91;2,695;1,010;9;10.24;0;0;0;13;14.79;6;3;1.44;0;0;0;8;9.1;4;0;1;0;0;0;0;0;0;3;0;0;0;0;0;0;0;0;0;0;0;0;0;7;7.96;4;00:24;00:27;00:11;0;3;3;3.41;2;0;0;235;51;3;3.41;2;0;0;0;9 minutes;00:02;0;0;2;21%;19%;44%
qosh;3520;0;1%;2;2;1;0;12,136;12,137.34;8,960;3,222;10;10;3;3;3;18;18;10;5;1.8;0;0;0;11;11;9;1;1;0;0;0;0;0;0;5;0;0;1;0;0;1;0;0;0;0;0;0;0;7;7;4;01:02;01:02;00:56;0;8;6;6;4;0;0;455;117;2;2;1;0;0;0;14 minutes;01:17;0;0;0;25%;26%;35%
Red Faze;3559;0;6%;10;8;2;0;15,128;8,168.34;9,459;3,947;19;10.25;4;2.15;4;28;15.11;17;10;1.47;0;0;0;19;10.25;10;1;2;0;1;0;0;0;0;10;0;0;4;1;1;1;0;0;0;0;0;0;0;11;5.93;8;02:08;01:09;01:50;1;7;5;2.69;2;0;0;604;146;5;2.69;2;0;0;0;19 minutes;02:07;0;0;0;24%;35%;37%
Repure;4125;1;5%;9;7;2;0;15,548;10,719.71;7,532;2,622;15;10.34;1;0.68;1;25;17.23;17;5;1.66;0;0;0;18;12.41;11;1;1;0;1;0;0;0;0;5;0;0;5;1;2;1;0;0;0;0;0;0;0;7;4.82;7;00:32;00:22;00:32;0;2;12;8.27;7;0;0;492;165;9;6.2;5;0;0;0;15 minutes;00:10;0;0;0;33%;46%;37%
Saiyan54;0;0;0;0;0;0;0;2,318;8,371.08;2,318;2,318;0;0;1;3.61;1;1;3.61;1;1;0;0;0;0;1;3.61;1;0;0;0;0;0;0;0;0;1;0;0;1;0;0;1;0;0;0;0;0;0;0;0;0;0;0;0;0;0;0;0;0;0;0;0;87;22;1;3.61;1;0;0;0;3 minutes;0;0;0;0;25%;0;0
Shes My Nerd;3000;0;0;0;0;0;0;2,546;41,825.76;2,546;2,546;1;16.42;0;0;0;2;32.85;2;1;2;0;0;0;1;16.42;1;0;0;0;0;0;0;0;0;1;0;0;0;0;0;0;0;0;0;0;0;0;0;0;0;0;0;0;0;0;1;0;0;0;0;0;35;22;1;16.42;1;0;0;0;53.89107596501708 seconds;0;0;0;0;62%;0;100%
SoLo Glitch;0;0;12%;1;1;1;0;702;15,578.7;702;492;1;22.19;0;0;0;3;12.16;3;2;1;0;0;0;1;4.05;1;0;0;0;0;0;0;0;0;2;0;0;0;0;0;0;0;0;0;0;0;0;0;1;4.05;1;00:00;00:03;00:00;0;1;0;0;0;0;0;21;19;1;4.05;1;0;0;0;32.07659602537751 seconds;0;0;0;0;90%;5%;0
SQ1B;3231;0;0;0;0;0;0;467;3,084.85;242;242;0;0;0;0;0;2;13.22;1;1;0;0;0;0;1;6.61;1;0;0;0;0;0;0;0;0;1;0;0;1;0;0;0;0;0;0;0;0;0;0;0;0;0;00:27;03:03;00:27;0;1;2;13.22;1;0;0;31;8;0;0;0;0;0;0;1 minute;00:02;0;0;0;25%;13%;66%
SupaNoobGuy;3813;0;3%;2;1;1;0;6,550;12,413.79;3,386;3,164;2;3.79;2;3.79;2;12;22.74;8;7;6;0;0;0;9;17.05;5;0;1;0;0;0;0;0;0;7;0;0;2;1;1;0;0;0;0;0;0;0;0;3;5.68;2;00:12;00:22;00:12;0;2;3;5.68;3;0;0;187;57;3;5.68;3;0;0;0;4 minutes;00:10;0;0;0;30%;0;75%
Th3 B1ack On3;4012;0;0;0;0;0;0;570;1,630.68;570;570;0;0;0;0;0;2;5.71;2;2;0;0;0;0;1;2.85;1;0;0;0;0;0;0;0;0;2;0;0;1;0;0;0;0;0;0;0;0;0;0;0;0;0;0;0;0;0;1;1;2.85;1;0;0;81;9;1;2.85;1;0;0;0;2 minutes;0;0;0;0;11%;11%;100%
thats my sock;4090;0;2%;2;1;1;0;9,273;28,232.81;7,729;6,201;4;12.17;2;6.08;2;9;27.4;8;7;2.25;0;0;0;5;15.22;4;0;0;0;0;0;0;0;0;7;0;0;1;0;0;1;0;0;0;0;0;0;0;1;3.04;1;00:34;01:43;00:34;0;0;3;9.13;3;0;0;237;80;0;0;0;0;0;0;5 minutes;01:18;0;0;0;33%;46%;0
The Shad0w Wolf;3141;0;6%;1;1;1;0;1,611;6,232.56;1,611;1,194;3;11.6;0;0;0;3;11.6;3;2;1;0;0;0;2;7.73;2;0;0;0;0;0;0;0;0;2;0;0;1;0;0;0;0;0;0;0;0;0;0;0;0;0;0;0;0;0;0;1;3.86;1;0;0;48;15;0;0;0;0;0;0;2 minutes;0;0;0;0;31%;31%;0
tonyreece7;2129;0;0;0;0;0;0;125;1,589.16;125;125;1;12.71;0;0;0;1;12.71;1;1;1;0;0;0;0;0;0;0;0;0;0;0;0;0;0;1;0;0;0;0;0;0;0;0;0;0;0;0;0;1;12.71;1;00:05;01:12;00:05;13;1;1;12.71;1;0;0;8;1;0;0;0;0;0;0;52.27654700726271 seconds;0;0;0;0;12%;0;0
Toxic Depth;2612;1;4%;10;3;2;0;26,241;14,349.02;11,226;3,276;14;7.65;6;3.28;3;50;27.34;20;7;3.57;0;0;0;39;21.32;15;1;2;0;1;0;0;0;0;7;0;0;6;0;4;2;0;0;0;0;0;0;0;19;10.38;9;00:20;00:11;00:10;0;4;18;9.84;7;0;0;796;235;12;6.56;5;0;0;0;18 minutes;06:19;0;0;0;29%;13%;64%
Truck555;3000;53;6%;1,302;21;10;0;2,413,303;11,974.31;33,378;10,549;2,089;10.36;767;3.8;11;4,770;23.66;56;22;2.28;0;17;0;3,120;15.48;37;86;202;14;102;0;0;0;0;22;0;0;448;131;161;156;26;0.12;2;0;0;4;39;1,726;8.56;29;01:29:14;00:26;01:47;0;22;1,387;6.88;17;0;0;76,213;20,622;1,034;5.13;14;4;0;0;42 hours;04:53:54;0;0;75;27%;85%;50%
vKure;4372;1;5%;9;4;3;0;14,515;11,984.99;6,323;4,537;16;13.21;5;4.12;2;45;37.15;26;19;2.81;0;0;0;32;26.42;17;0;1;0;1;0;0;0;0;19;0;0;3;1;1;1;0;0;0;0;0;0;0;14;11.55;10;01:26;01:11;00:49;0;5;16;13.21;9;0;0;487;155;13;10.73;6;0;0;0;18 minutes;01:30;0;0;0;31%;37%;71%
Westside Ryderz;3000;0;3%;4;2;2;0;10,937;12,385.41;5,347;3,959;7;7.92;3;3.39;2;9;10.19;5;3;1.28;0;0;0;5;5.66;4;1;1;0;0;0;0;0;0;3;0;0;2;1;0;1;0;0;0;0;0;0;0;1;1.13;1;01:00;01:08;00:47;0;2;3;3.39;2;0;0;353;118;1;1.13;1;0;0;0;9 minutes;0;0;0;1;33%;35%;0
x man legending;0;1;6%;67;11;5;0;123,289;7,773.84;22,320;6,084;126;7.94;40;2.52;13;323;20.36;56;14;2.56;0;2;0;218;13.74;37;8;16;0;8;0;0;0;0;14;0;0;20;6;10;4;2;0.12;1;0;0;3;1;116;7.31;31;05:27;00:20;01:02;0;11;94;5.92;17;0;0;6,981;1,088;68;4.28;9;0;0;0;3 hours;13:55;0;0;4;15%;22%;48%
xPMoney7;3055;0;0;0;0;0;0;2,785;13,716.99;1,507;1,507;1;4.92;0;0;0;7;34.48;4;4;7;0;0;0;6;29.55;3;0;0;0;0;0;0;0;0;4;0;0;1;0;0;0;0;0;0;0;0;0;0;3;14.77;2;00:10;00:52;00:07;0;0;4;19.7;2;0;0;88;28;0;0;0;0;0;0;2 minutes;00:12;0;0;0;31%;33%;100%
Xvanthious;2465;45;5%;1,404;17;7;0;2,619,652;9,499.06;19,573;6,903;2,419;8.77;1,057;3.83;13;5,896;21.37;54;21;2.43;0;14;0;3,764;13.64;34;129;276;18;129;0;0;0;0;21;0;0;562;190;169;202;55;0.19;2;0;0;5;57;2,570;9.31;36;03:32:21;00:46;02:27;0;21;1,770;6.41;19;0;0;122,955;24,073;1,388;5.03;16;7;0;0;57 hours;05:17:14;0;0;255;19%;54%;46%
