A1 Shank Sauce;2684;0;0;0;0;0;0;1,212;11,084.71;1,212;1,112;2;18.29;0;0;0;5;45.72;5;5;2.5;0;0;0;3;27.43;3;0;0;0;0;0;0;0;0;5;0;0;0;0;0;0;0;0;0;0;0;2;18.29;2;00:08;01:19;00:08;0;0;0;3;27.43;3;0;0;0;4;36.58;4;2;18.29;2;0;0;0;0;0;0;29;0.31;0;1 minute;0;0;0;0;0;0;0;0
Abdul Ahkbar;4001;0;0;0;0;0;0;5,577;8,150.69;2,211;1,083;9;13.15;0;0;0;12;17.53;9;2;1.33;0;1;0;3;4.38;2;1;1;0;0;0;0;0;0;2;0;0;1;1;0;0;0;0;0;0;0;2;2.92;1;00:00;00:01;00:00;0;0;0;8;11.69;6;0;0;0;5;7.3;4;13;19;5;0;0;1;1.46;1;0;161;0.26;0;10 minutes;0;0;0;0;0;0;0;13%
AceSilver143;2260;0;0;0;0;0;0;402;1,506.54;402;256;1;3.74;4;15;4;4;14.99;4;2;4;0;0;0;2;7.49;2;0;0;0;0;576;2,160;576;541;2;0;0;0;0;0;0;0;0;0;0;0;0;0;0;00:01;00:04;00:01;3;11;3;0;0;0;0;0;0;1;4.24;1;6;25.45;5;55;9;0;0;0;0;0;0;0;1 minute;0;0;0;16%;16%;0;0;100%
Beyond Volscian;0;2;0;0;0;0;0;9,733;6,766.94;5,116;3,675;5;3.47;0;0;0;39;27.11;16;11;7.8;0;0;0;12;8.34;7;0;1;0;1;0;0;0;0;11;0;0;4;1;2;2;0;0;0;0;0;27;18.77;14;01:14;00:51;00:36;0;0;0;13;9.03;6;0;0;0;26;18.07;12;15;10.42;6;0;0;2;1.39;1;0;375;0.49;1;12 minutes;01:50;0;0;0;0;0;0;100%
Bratgirl97;1720;2;0;0;0;0;0;2,713;2,094.43;1,486;1,228;4;3.08;0;0;0;9;6.94;8;4;2.25;0;1;0;6;4.63;5;1;1;0;1;0;0;0;0;4;0;0;1;1;0;0;0;0;0;3;1;4;3.08;4;00:19;00:15;00:19;0;0;0;5;3.85;3;0;0;0;7;5.4;6;42;32.41;25;0;0;0;0;0;0;146;0.17;0;13 minutes;0;0;0;0;0;0;0;55%
C1ZR;4124;0;0;0;0;0;0;1,602;2,970.15;934;583;8;14.83;0;0;0;9;16.68;5;4;1.12;0;3;0;6;11.12;3;0;1;0;1;0;0;0;0;4;0;0;2;1;0;1;0;0;0;0;0;4;7.41;3;00:44;01:22;00:35;0;0;0;10;18.54;6;0;0;0;4;7.41;4;10;18.54;6;0;0;1;1.85;1;0;154;0.33;0;7 minutes;0;0;0;0;0;0;0;100%
Chopper Le Porc;0;0;0;0;0;0;0;36,701;5,505.69;5,320;2,118;67;10.05;0;0;0;117;17.55;20;12;1.74;0;1;0;55;8.25;9;3;7;0;4;0;0;0;0;12;0;0;16;10;3;4;0;0;0;0;0;41;6.15;11;04:03;00:36;01:00;0;0;0;97;14.55;12;0;0;0;59;8.85;13;126;18.9;17;0;0;16;2.4;3;0;1,511;0.3;1;1 hour;00:30;0;0;0;0;0;0;54%
Coscoro;2016;0;0;0;0;0;0;680;4,562.82;680;620;2;13.42;0;0;0;1;6.71;1;1;0.5;0;0;0;1;6.71;1;0;0;0;0;0;0;0;0;1;0;0;0;0;0;0;0;0;0;0;0;0;0;0;00:09;01:02;00:09;0;0;0;2;13.42;2;0;0;0;0;0;0;3;20.13;3;0;0;0;0;0;0;20;0.15;0;2 minutes;0;0;0;0;0;0;0;100%
Cyr;2998;0;0;0;0;0;0;3,965;25,111.11;3,965;2,755;3;18.99;0;0;0;5;31.66;5;3;1.66;0;0;0;0;0;0;0;0;0;0;0;0;0;0;3;0;0;0;0;0;0;0;0;0;0;0;3;18.99;3;00:10;01:06;00:10;0;0;0;3;18.99;3;0;0;0;4;25.32;4;4;25.32;4;0;0;0;0;0;0;66;0.33;0;3 minutes;0;0;0;0;0;0;0;100%
DOMINICKYO;2337;1;0;0;0;0;0;14,652;3,580.02;2,601;1,240;46;11.23;0;0;0;84;20.52;23;7;1.82;0;0;0;16;3.9;4;2;4;1;1;0;0;0;0;7;0;0;9;2;3;4;0;0;0;3;1;38;9.28;12;02:21;00:34;00:25;0;0;0;38;9.28;6;0;0;0;71;17.34;21;57;13.92;12;0;0;4;0.97;2;0;761;0.25;0;48 minutes;0;0;0;0;0;0;0;28%
DoubledLizard;2764;1;0;0;0;0;0;8,060;6,910.88;2,272;1,633;12;10.28;0;0;0;22;18.86;6;3;1.83;0;0;0;5;4.28;1;1;1;0;1;0;0;0;0;3;0;0;3;1;0;2;0;0;0;0;0;9;7.71;3;00:31;00:26;00:12;0;0;0;17;14.57;6;0;0;0;15;12.86;5;25;21.43;7;0;0;1;0.85;1;0;212;0.24;0;14 minutes;0;0;0;0;0;0;0;49%
DrivebySamura1;3959;0;0;0;0;0;0;3,155;5,352.2;1,617;1,345;3;5.08;0;0;0;8;13.57;4;2;2.66;0;0;0;4;6.78;3;0;1;0;0;0;0;0;0;2;0;0;1;0;0;1;0;0;0;0;0;4;6.78;3;00:26;00:45;00:26;0;0;0;7;11.87;6;0;0;0;2;3.39;2;2;3.39;2;0;0;1;1.69;1;0;74;0.33;0;3 minutes;0;0;0;0;0;0;0;38%
ElptEMT;2284;1;0;0;0;0;0;2,223;4,403.03;2,223;1,378;3;5.94;0;0;0;2;3.96;2;2;0.66;0;0;0;0;0;0;0;1;0;1;0;0;0;0;2;0;0;2;1;1;0;0;0;0;0;0;0;0;0;00:08;00:17;00:08;0;0;0;11;21.79;11;0;0;0;0;0;0;14;27.73;14;0;0;0;0;0;0;128;0.36;0;5 minutes;0;0;0;0;0;0;0;100%
Elsayer;0;1;0;0;0;0;0;3,808;3,835.38;2,609;2,011;5;5.03;0;0;0;13;13.09;7;3;2.6;0;0;0;4;4.02;3;0;1;0;1;0;0;0;0;3;0;0;1;0;0;0;0;0;0;0;0;2;2.01;1;00:06;00:06;00:04;0;0;0;15;15.1;12;0;0;0;9;9.06;5;13;13.09;11;0;0;1;1;1;0;178;0.37;1;7 minutes;0;0;0;0;0;0;0;100%
Emit Pain;4339;3;0;0;0;0;0;38,507;5,637.2;6,778;3,660;22;3.22;0;0;0;156;22.83;27;12;7.09;0;0;0;71;10.39;13;0;7;0;7;0;0;0;0;12;0;0;15;8;3;4;0;0;0;4;1;35;5.12;8;04:02;00:35;00:53;0;0;0;31;4.53;10;0;0;0;61;8.92;15;54;7.9;13;0;0;10;1.46;4;0;685;0.21;1;54 minutes;05:48;0;0;0;0;0;0;98%
FANCYHOODLUM;3555;0;0;0;0;0;0;4,039;8,507.89;2,768;2,768;5;10.53;0;0;0;5;10.53;3;2;1;0;0;0;2;4.21;1;0;0;0;0;0;0;0;0;2;0;0;1;1;0;0;0;0;0;0;0;3;6.31;2;00:11;00:23;00:05;0;0;0;8;16.85;6;0;0;0;4;8.42;3;3;6.31;3;0;0;0;0;0;0;54;0.23;0;3 minutes;0;0;0;0;0;0;0;27%
FBorrego;0;0;0;0;0;0;0;2,333;4,409.35;1,980;1,629;3;5.67;0;0;0;13;24.57;13;10;4.33;0;0;0;7;13.23;7;0;1;0;1;0;0;0;0;10;0;0;2;1;1;0;0;0;0;3;2;1;1.89;1;00:02;00:04;00:02;0;0;0;2;3.78;2;0;0;0;7;13.23;7;7;13.23;5;0;0;2;3.78;2;0;89;0.29;1;5 minutes;00:32;0;0;0;0;0;0;100%
fusion360elite;2922;0;0;0;0;0;0;1,388;5,453.36;1,388;626;4;15.71;0;0;0;1;3.92;1;1;0.25;0;0;0;1;3.92;1;0;0;0;0;0;0;0;0;1;0;0;1;1;0;0;0;0;0;0;0;0;0;0;00:21;01:22;00:21;0;0;0;3;11.78;3;0;0;0;0;0;0;9;35.35;9;0;0;0;0;0;0;10;0.05;0;2 minutes;0;0;0;0;0;0;0;0
HighPRO Zzz;3000;0;0;0;0;0;0;778;3,496.07;778;526;3;13.47;0;0;0;2;8.98;2;2;0.66;0;0;0;1;4.49;1;0;0;0;0;0;0;0;0;2;0;0;1;0;0;0;0;0;0;0;0;1;4.49;1;00:01;00:08;00:01;0;0;0;4;17.97;4;0;0;0;1;4.49;1;0;0;0;0;0;0;0;0;0;39;0.22;0;2 minutes;0;0;0;0;0;0;0;100%
II Scar3CroW;2790;0;0;0;0;0;0;3,435;3,410;1,827;753;11;10.92;0;0;0;13;12.9;10;4;1.18;0;3;0;3;2.97;1;1;1;0;0;0;0;0;0;4;0;0;1;1;0;0;0;0;0;0;0;5;4.96;4;00:15;00:15;00:09;0;0;0;4;3.97;2;0;0;0;9;8.93;8;21;20.84;9;0;0;1;0.99;1;0;82;0.12;0;10 minutes;0;0;0;0;0;0;0;32%
ItsCONRAD;3497;1;0;0;0;0;0;53,390;8,070.51;4,560;4,470;32;4.83;0;0;0;100;15.11;11;10;3.12;0;0;0;31;4.68;5;2;7;1;4;0;0;0;0;10;0;0;14;8;3;3;0;0;0;3;3;29;4.38;4;01:45;00:15;00:17;0;0;0;98;14.81;9;0;0;0;47;7.1;9;53;8.01;8;0;0;11;1.66;2;0;1,787;0.41;1;1 hour;02:13;0;0;0;0;0;0;55%
killswell;3387;2;0;0;0;0;0;195,950;7,176.34;7,488;6,261;214;7.83;0;0;0;425;15.56;20;12;1.98;0;0;0;79;2.89;5;12;27;2;14;0;0;0;7;12;0;0;39;13;4;23;0;0;0;3;5;166;6.07;11;08:29;00:18;00:53;0;0;0;283;10.36;16;0;0;0;290;10.62;19;584;21.38;32;0;0;9;0.32;2;0;4,869;0.25;1;5 hours;01:46;0;0;0;0;0;0;50%
Kingg Tuttle;0;0;0;0;0;0;0;220;928.99;180;157;4;16.91;0;0;0;0;0;0;0;0;0;0;0;0;0;0;0;0;0;0;0;0;0;0;0;0;0;0;0;0;0;0;0;0;0;0;0;0;0;00:04;00:20;00:04;0;0;0;0;0;0;0;0;0;0;0;0;3;12.68;2;0;0;0;0;0;0;0;0;0;2 minutes;0;0;0;0;0;0;0;0
KoolKiran;4414;0;0;0;0;0;0;1,975;6,347.85;1,975;1,943;1;3.21;0;0;0;8;25.7;8;8;8;0;0;0;3;9.64;3;0;0;0;0;0;0;0;0;8;0;0;0;0;0;0;0;0;0;0;0;6;19.28;6;00:08;00:26;00:08;0;0;0;6;19.28;6;0;0;0;3;9.64;3;5;16.06;5;0;0;3;9.64;3;0;85;0.33;0;4 minutes;01:10;0;0;0;0;0;0;100%
limited death;0;1;0;0;0;0;0;13,114;4,623.04;3,404;1,684;21;7.4;0;0;0;39;13.74;10;8;1.85;0;1;0;9;3.17;4;0;3;0;3;0;0;0;0;8;0;0;8;3;2;4;0;0;0;0;0;23;8.1;7;01:57;00:41;00:35;0;0;0;34;11.98;8;0;0;0;21;7.4;8;36;12.69;13;0;0;3;1.05;2;0;538;0.33;1;27 minutes;00:36;0;0;0;0;0;0;94%
Lycanz;4036;0;0;0;0;0;0;8,852;6,046.65;2,560;2,560;7;4.78;0;0;0;18;12.29;10;8;2.57;0;0;0;9;6.14;4;1;1;0;0;0;0;0;0;8;0;0;5;2;1;2;0;0;0;0;0;6;4.09;5;01:21;00:55;00:54;0;0;0;3;2.04;2;0;0;0;5;3.41;3;14;9.56;4;0;0;1;0.68;1;0;66;0.08;0;13 minutes;00:41;0;0;0;0;0;0;11%
MajorCris;3262;0;5%;2;2;2;0.01;1,742;10,760.18;1,241;1,099;1;6.17;4;25;4;1;6.17;1;1;1;0;1;0;1;6.17;1;0;0;0;0;762;4,705;744;744;1;0;0;0;0;0;0;0;0;0;0;0;3;9.82;3;00:03;00:19;00:03;3;19;3;6;19.65;6;0;0;0;0;0;0;7;22.92;7;99;36;0;0;0;0;77;0.26;0;2 minutes;01:09;0;0;36%;0;0;0;96%
Maxxon Charge;3705;1;0;0;0;0;0;13,562;11,616.04;4,774;4,774;9;7.7;0;0;0;31;26.55;12;10;3.44;0;0;0;7;5.99;3;1;1;0;0;0;0;0;0;10;0;0;3;1;1;1;0;0;0;0;0;5;4.28;2;00:36;00:31;00:09;0;0;0;22;18.84;8;0;0;0;18;15.41;6;14;11.99;6;0;0;2;1.71;1;0;320;0.33;1;15 minutes;00:20;0;0;0;0;0;0;10%
millar08;0;1;0;0;0;0;0;5,796;3,842.41;3,447;2,965;4;2.65;0;0;0;21;13.92;13;7;5.25;0;0;0;8;5.3;4;0;2;0;2;0;0;0;0;7;0;0;5;1;4;0;0;0;0;0;0;9;5.96;7;00:18;00:11;00:11;0;0;0;12;7.95;6;0;0;0;17;11.26;11;12;7.95;8;0;0;3;1.98;2;0;285;0.57;1;8 minutes;01:19;0;0;0;0;0;0;100%
mnizzle4;2719;1;0;0;0;0;0;7,990;6,108.77;3,645;1,504;10;7.64;0;0;0;22;16.82;9;3;2.2;0;0;0;10;7.64;4;1;1;0;0;0;0;0;0;3;0;0;4;1;3;1;0;0;0;0;0;7;5.35;3;00:33;00:25;00:15;0;0;0;19;14.52;9;0;0;0;14;10.7;6;26;19.87;18;0;0;3;2.29;2;0;313;0.33;0;15 minutes;0;0;0;0;0;0;0;31%
MoraCombo;4279;0;0;0;0;0;0;2,125;18,034.23;2,125;2,125;1;8.48;0;0;0;3;25.46;3;3;3;0;0;0;1;8.48;1;0;0;0;0;0;0;0;0;3;0;0;0;0;0;0;0;0;0;0;0;0;0;0;0;0;0;0;0;0;4;33.95;4;0;0;0;2;16.97;2;2;16.97;2;0;0;1;8.48;1;0;29;0.23;0;2 minutes;0;0;0;0;0;0;0;100%
MSwn;2339;0;0;0;0;0;0;3,266;5,910.41;2,121;1,691;5;9.04;0;0;0;5;9.04;5;3;1;0;0;0;1;1.8;1;1;1;0;0;0;0;0;0;3;0;0;1;0;0;0;0;0;0;0;0;1;1.8;1;00:30;00:54;00:15;0;0;0;3;5.42;3;0;0;0;4;7.23;4;7;12.66;5;0;0;0;0;0;0;85;0.26;0;5 minutes;0;0;0;0;0;0;0;0
Narfidy;2569;0;0;0;0;0;0;1,402;3,888.16;1,402;1,402;0;0;0;0;0;7;19.41;7;7;0;0;0;0;1;2.77;1;0;0;0;0;0;0;0;0;7;0;0;1;0;1;0;0;0;0;0;0;4;11.09;4;00:06;00:16;00:06;0;0;0;3;8.32;3;0;0;0;7;19.41;7;4;11.09;4;0;0;0;0;0;0;71;0.28;0;4 minutes;0;0;0;0;0;0;0;100%
Nasty0303;2662;25;0;0;0;0;0;390,474;5,520.47;6,786;3,697;751;10.61;0;0;0;1,405;19.86;29;17;1.87;0;4;0;421;5.95;10;24;71;5;41;0;0;0;121;17;0;0;169;53;56;60;1;1;0.01;3;13;645;9.11;20;47:17;00:40;01:11;0;0;0;1,093;15.45;18;0;0;0;1,009;14.26;24;824;11.64;20;0;0;109;1.54;5;0;16,276;0.35;1;12 hours;48:14;0;0;0;0;0;0;58%
NitroFPS;4200;0;0;0;0;0;0;618;1,895.75;618;544;1;3.06;0;0;0;3;9.2;3;3;3;0;0;0;1;3.06;1;0;0;0;0;0;0;0;0;3;0;0;1;1;0;0;0;0;0;0;0;0;0;0;00:01;00:03;00:01;0;0;0;0;0;0;0;0;0;2;6.13;2;1;3.06;1;0;0;0;0;0;0;0;0;0;2 minutes;00:00;0;1;0;0;0;0;100%
NoT x GER Beans;3390;0;0;0;0;0;0;568;870.62;325;325;7;10.72;0;0;0;0;0;0;0;0;0;0;0;0;0;0;1;1;0;0;0;0;0;0;0;0;0;1;0;0;1;0;0;0;0;0;0;0;0;00:03;00:05;00:03;0;0;0;0;0;0;0;0;0;0;0;0;6;9.19;6;0;0;0;0;0;0;2;0;0;6 minutes;0;0;0;0;0;0;0;0
ObiwanKi11n00by;3672;0;0;0;0;0;0;336;2,291.56;336;336;0;0;0;0;0;1;6.82;1;1;0;0;0;0;1;6.82;1;0;0;0;0;0;0;0;0;1;0;0;0;0;0;0;0;0;0;0;0;0;0;0;00:02;00:16;00:02;0;0;0;0;0;0;0;0;0;1;6.82;1;0;0;0;0;0;0;0;0;0;0;0;0;52.931693997234106 seconds;0;0;0;0;0;0;0;0
Ohdyn;0;0;0;0;0;0;0;22,267;5,764.39;5,067;3,406;11;2.84;0;0;0;83;21.48;22;14;7.54;0;0;0;24;6.21;6;0;4;0;4;0;0;0;0;14;0;0;6;4;1;2;0;0;0;4;1;28;7.24;8;01:08;00:17;00:16;0;0;0;31;8.02;9;0;0;0;48;12.42;11;31;8.02;8;0;0;4;1.03;2;0;1,050;0.5;1;34 minutes;01:58;0;0;0;0;0;0;100%
OneBadBandito;2762;0;0;0;0;0;0;3,531;5,846.52;2,592;2,506;4;6.62;0;0;0;19;31.45;15;15;4.75;0;0;0;7;11.58;6;0;1;0;1;0;0;0;0;15;0;0;2;0;1;1;0;0;0;3;1;9;14.9;8;00:06;00:10;00:04;0;0;0;4;6.62;3;0;0;0;14;23.17;10;15;24.83;8;0;0;3;4.96;3;0;192;0.39;1;8 minutes;0;0;0;0;0;0;0;100%
OUT M3 RK ED;3749;0;0;0;0;0;0;4,822;3,741.81;2,113;1,475;7;5.43;0;0;0;7;5.43;3;2;1;0;1;0;2;1.55;1;1;1;0;0;0;0;0;0;2;0;0;1;0;0;0;0;0;0;0;0;3;2.32;2;00:22;00:17;00:09;0;0;0;2;1.55;2;0;0;0;4;3.1;1;17;13.19;10;0;0;1;0.77;1;0;31;0.05;0;10 minutes;0;0;0;0;0;0;0;0
Overwatch DVa;3088;0;0;0;0;0;0;4,458;6,830;4,049;1,830;5;7.66;0;0;0;7;10.72;7;2;1.4;0;0;0;5;7.66;5;1;1;0;0;0;0;0;0;2;0;0;2;1;0;0;0;0;0;0;0;4;6.12;4;00:22;00:35;00:20;0;0;0;2;3.06;2;0;0;0;4;6.12;4;7;10.72;5;0;0;2;3.06;2;0;66;0.2;0;5 minutes;01:02;0;0;0;0;0;0;0
ParalyzingFrost;3000;0;0;0;0;0;0;6,534;8,803.16;6,384;1,854;7;9.43;0;0;0;21;28.29;21;7;3;0;0;0;9;12.12;9;0;1;0;1;0;0;0;0;7;0;0;1;0;0;1;0;0;0;0;0;2;2.69;2;00:11;00:15;00:09;0;0;0;2;2.69;2;0;0;0;11;14.82;11;10;13.47;6;0;0;2;2.69;2;0;207;0.35;0;9 minutes;0;0;0;0;0;0;0;76%
phantom fluid;2280;2;0;0;0;0;0;4,883;2,731.11;1,871;1,438;6;3.35;0;0;0;26;14.54;12;5;4.33;0;0;0;7;3.91;4;0;2;0;1;0;0;0;0;5;0;0;4;2;0;1;0;0;0;0;0;13;7.27;7;00:13;00:07;00:07;0;0;0;12;6.71;6;0;0;0;23;12.86;11;16;8.94;8;0;0;1;0.55;1;0;221;0.34;0;10 minutes;0;0;0;0;0;0;0;79%
Ponders;3669;0;0;0;0;0;0;1,764;2,172.47;1,053;1,021;3;3.69;0;0;0;7;8.62;7;7;2.33;0;0;0;1;1.23;1;0;1;0;1;0;0;0;0;7;0;0;2;0;1;1;0;0;0;0;0;6;7.39;6;00:17;00:22;00:17;0;0;0;0;0;0;0;0;0;7;8.62;7;9;11.08;9;0;0;0;0;0;0;116;0.29;0;6 minutes;0;0;0;0;0;0;0;100%
PRAXIS UnLeashD;3914;9;0;0;0;0;0;216,665;7,003.07;6,609;4,763;163;5.26;0;0;0;498;16.09;26;16;3.05;0;0;0;142;4.58;12;10;31;2;19;0;0;0;0;16;0;0;63;26;12;24;0;0;0;3;2;177;5.72;12;05:31;00:10;00:34;0;0;0;371;11.99;12;0;0;0;357;11.53;16;947;30.6;31;0;0;31;1;4;0;6,502;0.33;1;5 hours;03:34;0;1;0;0;0;0;60%
RamLMT;2701;2;0;0;0;0;0;54,032;5,477.46;4,045;3,411;62;6.28;0;0;0;126;12.77;12;11;2.03;0;1;0;24;2.43;3;2;10;1;7;0;0;0;0;11;0;0;19;7;4;8;0;0;0;0;0;47;4.76;5;03:42;00:22;00:20;0;0;0;118;11.96;7;0;0;0;89;9.02;11;88;8.92;9;0;0;1;0.1;1;0;1,918;0.35;1;1 hour;00:22;0;0;0;0;0;0;70%
Red Faze;3559;0;0;0;0;0;0;18,037;6,291.42;3,545;2,370;13;4.53;0;0;0;44;15.34;11;9;3.38;0;0;0;10;3.48;3;0;3;0;2;0;0;0;19;9;0;0;4;1;2;2;0;0;0;0;0;12;4.18;6;00:29;00:10;00:09;0;0;0;35;12.2;7;0;0;0;22;7.67;5;30;10.46;7;0;0;1;0.34;1;0;527;0.3;0;28 minutes;00:20;0;0;0;0;0;0;83%
Repure;4125;0;8%;2;2;1;0.01;1,298;9,889.24;1,298;944;2;15.23;1;8;1;22;27.8;13;9;3.66;0;0;0;11;13.9;6;0;0;0;0;599;4,565;599;436;9;0;0;1;0;1;0;0;0;0;0;0;7;8.84;3;00:12;00:15;00:06;0;0;0;10;12.63;6;0;0;0;6;7.58;5;13;16.43;9;74;23;2;2.52;1;0;183;0.31;0;1 minute;00:59;0;0;31%;0;0;0;100%
s2k l Barbie l;0;0;0;0;0;0;0;2,759;7,641.89;2,759;2,465;3;8.3;0;0;0;10;27.69;10;10;3.33;0;0;0;3;8.3;3;0;0;0;0;0;0;0;0;10;0;0;1;0;0;1;0;0;0;0;0;2;5.53;2;00:05;00:16;00:05;0;0;0;12;33.23;12;0;0;0;7;19.38;7;16;44.31;16;0;0;2;5.53;2;0;142;0.41;0;5 minutes;00:20;0;0;0;0;0;0;0
Sakaine08;2840;0;0;0;0;0;0;732;6,212.81;732;370;2;16.97;0;0;0;2;16.97;2;1;1;0;0;0;0;0;0;0;0;0;0;0;0;0;0;1;0;0;0;0;0;0;0;0;0;0;0;0;0;0;0;0;0;0;0;0;0;0;0;0;0;0;1;8.48;1;4;33.94;4;0;0;0;0;0;0;0;0;0;1 minute;0;0;0;0;0;0;0;0
Sillik79;2293;0;0;0;0;0;0;1,221;5,986.09;1,221;593;2;9.8;0;0;0;0;0;0;0;0;0;0;0;0;0;0;0;0;0;0;0;0;0;0;0;0;0;0;0;0;0;0;0;0;0;0;0;0;0;00:03;00:16;00:03;0;0;0;5;24.51;5;0;0;0;0;0;0;6;29.42;6;0;0;0;0;0;0;75;0.41;0;3 minutes;0;0;0;0;0;0;0;0
Skittle Kitteh;3686;0;0;0;0;0;0;2,058;4,974.73;1,903;660;6;14.5;0;0;0;8;19.33;5;3;1.33;0;1;0;2;4.83;2;0;0;0;0;0;0;0;0;3;0;0;1;0;0;0;0;0;0;0;0;1;2.41;1;00:01;00:04;00:01;0;0;0;0;0;0;0;0;0;5;12.08;4;4;9.66;2;0;0;1;2.41;1;0;17;0.05;0;5 minutes;0;0;0;0;0;0;0;59%
SlowWhelp151488;4223;0;0;0;0;0;0;5,458;7,668.02;3,041;2,418;4;5.61;0;0;0;11;15.45;8;8;2.75;0;0;0;6;8.42;5;0;1;0;1;0;0;0;0;8;0;0;1;0;0;1;0;0;0;0;0;1;1.4;1;00:12;00:17;00:08;0;0;0;6;8.42;6;0;0;0;7;9.83;5;6;8.42;6;0;0;1;1.4;1;0;96;0.22;0;6 minutes;00:33;0;0;0;0;0;0;79%
SoLo Glitch;0;0;0;0;0;0;0;2,543;12,150.77;2,543;1,941;2;9.55;0;0;0;16;76.44;16;14;8;0;0;0;7;33.44;7;0;0;0;0;0;0;0;0;14;0;0;1;0;0;0;0;0;0;0;0;2;9.55;2;00:06;00:32;00:06;0;0;0;6;28.66;6;0;0;0;11;52.55;11;1;4.77;1;0;0;1;4.77;1;0;141;0.57;1;4 minutes;0;0;0;0;0;0;0;0
SQ1B;3231;0;0;0;0;0;0;3,514;4,784.61;1,487;1,487;8;10.89;0;0;0;5;6.8;3;2;0.62;0;0;0;2;2.72;1;0;1;0;0;0;0;0;0;2;0;0;2;1;0;1;0;0;0;0;0;3;4.08;2;00:08;00:11;00:05;0;0;0;6;8.17;6;0;0;0;3;4.08;2;4;5.44;3;0;0;0;0;0;0;75;0.16;0;7 minutes;0;0;0;0;0;0;0;56%
SupaNoobGuy;3813;0;0;0;0;0;0;4,862;8,890.73;4,862;4,076;1;1.82;0;0;0;9;16.45;9;5;9;0;0;0;5;9.14;5;0;1;0;1;0;0;0;0;5;0;0;1;1;0;0;0;0;0;0;0;0;0;0;00:02;00:04;00:02;0;0;0;4;7.31;4;0;0;0;2;3.65;2;5;9.14;5;0;0;1;1.82;1;0;151;0.62;1;4 minutes;0;0;0;0;0;0;0;100%
Tensa;4308;0;0;0;0;0;0;9,044;16,774.51;5,222;4,672;7;12.98;0;0;0;11;20.4;5;3;1.57;0;1;0;6;11.12;4;0;1;0;0;0;0;0;0;3;0;0;1;0;0;1;0;0;0;0;0;2;3.7;1;00:06;00:11;00:04;0;0;0;15;27.82;6;0;0;0;3;5.56;2;13;24.11;9;0;0;1;1.85;1;0;176;0.35;0;8 minutes;0;0;0;0;0;0;0;52%
thats my sock;4090;0;0;0;0;0;0;2,237;15,884.83;1,463;1,463;2;14.2;0;0;0;0;0;0;0;0;0;0;0;0;0;0;0;0;0;0;0;0;0;0;0;0;0;0;0;0;0;0;0;0;0;0;0;0;0;0;0;0;0;0;0;2;14.2;2;0;0;0;0;0;0;0;0;0;0;0;0;0;0;0;12;0.08;0;2 minutes;0;0;0;0;0;0;0;0
Trash Like Me;2600;0;0;0;0;0;0;1,452;3,374.15;1,452;714;3;6.96;0;0;0;7;16.26;7;5;2.33;0;0;0;2;4.64;2;0;0;0;0;0;0;0;0;5;0;0;1;0;0;0;0;0;0;0;0;4;9.29;4;00:15;00:35;00:15;0;0;0;5;11.61;5;0;0;0;5;11.61;5;6;13.93;6;0;0;0;0;0;0;35;0.18;0;3 minutes;0;0;0;0;0;0;0;0
Truck555;3000;2;0;0;0;0;0;42,304;5,490.16;4,494;4,494;55;7.13;0;0;0;154;19.98;14;13;2.8;0;0;0;44;5.71;7;2;8;1;4;0;0;0;0;13;0;0;17;5;6;6;0;0;0;0;0;60;7.78;9;03:24;00:26;00:26;0;0;0;94;12.19;8;0;0;0;101;13.1;12;98;12.71;13;0;0;6;0.77;1;0;1,445;0.31;1;1 hour;03:49;0;0;0;0;0;0;50%
TzTM;3759;0;0;0;0;0;0;326;4,968.48;326;192;1;15.26;0;0;0;0;0;0;0;0;0;0;0;0;0;0;0;0;0;0;0;0;0;0;0;0;0;0;0;0;0;0;0;0;0;0;0;0;0;0;0;0;0;0;0;0;0;0;0;0;0;0;0;0;1;15.26;1;0;0;0;0;0;0;0;0;0;47.219897989183664 seconds;0;0;0;0;0;0;0;0
Vexualy;4256;0;0;0;0;0;0;918;7,023.79;918;918;0;0;0;0;0;1;7.64;1;1;0;0;0;0;0;0;0;0;0;0;0;0;0;0;0;1;0;0;0;0;0;0;0;0;0;0;0;0;0;0;0;0;0;0;0;0;0;0;0;0;0;0;1;7.64;1;2;15.29;2;0;0;0;0;0;0;2;0.05;0;42.09518100414425 seconds;0;0;0;0;0;0;0;0
Westside Ryderz;3000;0;0;0;0;0;0;3,011;8,098.41;1,746;1,736;2;5.37;0;0;0;8;21.51;8;7;4;0;0;0;4;10.75;4;0;0;0;0;0;0;0;0;7;0;0;1;0;0;0;0;0;0;0;0;0;0;0;00:03;00:08;00:02;0;0;0;9;24.2;8;0;0;0;5;13.44;5;9;24.2;9;0;0;0;0;0;0;38;0.12;0;4 minutes;0;0;0;0;0;0;0;15%
WSXRQ;3000;0;0;0;0;0;0;2,013;1,751.09;1,137;1,137;1;0.86;0;0;0;13;11.3;7;7;13;0;0;0;2;1.73;1;0;1;0;1;2;2;0;134;7;0;0;2;1;0;1;0;0;0;0;0;3;2.6;3;00:07;00:06;00:05;0;0;0;11;9.56;6;0;0;0;9;7.82;5;24;20.87;10;0;0;0;0;0;0;168;0.29;1;9 minutes;00:04;0;0;0;0;0;0;90%
Wxnderful;4566;0;0;0;0;0;0;1,589;6,810.01;1,589;1,589;1;4.28;0;0;0;3;12.85;3;3;3;0;0;0;2;8.57;2;0;0;0;0;0;0;0;0;3;0;0;1;0;0;0;0;0;0;0;0;1;4.28;1;00:01;00:06;00:01;0;0;0;0;0;0;0;0;0;1;4.28;1;3;12.85;3;0;0;1;4.28;1;0;4;0.02;0;2 minutes;00:18;0;0;0;0;0;0;0
xEpk;0;0;0;0;0;0;0;28;172.84;28;28;1;6.1;0;0;0;0;0;0;0;0;0;0;0;0;0;0;0;0;0;0;0;0;0;0;0;0;0;0;0;0;0;0;0;0;0;0;0;0;0;0;0;0;0;0;0;0;0;0;0;0;0;0;0;0;4;24.41;4;0;0;0;0;0;0;0;0;0;56.26892099902034 seconds;0;0;0;0;0;0;0;100%
Xion;0;0;0;0;0;0;0;8,058;5,031.64;5,162;4,105;9;5.61;0;0;0;29;18.1;16;11;3.22;0;0;0;12;7.49;7;1;2;0;1;0;0;0;0;11;0;0;1;0;1;0;0;0;0;0;0;3;1.87;2;00:04;00:02;00:03;0;0;0;6;3.74;5;0;0;0;18;11.23;10;12;7.49;6;0;0;6;3.74;4;0;148;0.21;0;11 minutes;0;0;0;0;0;0;0;37%
Xvanthious;2465;0;0;0;0;0;0;2,916;3,903.41;2,306;716;4;5.35;0;0;0;13;17.4;13;6;3.25;0;0;0;2;2.67;2;1;1;0;0;0;0;0;0;6;0;0;2;1;1;1;0;0;0;0;0;8;10.7;8;00:58;01:18;00:51;0;0;0;6;8.03;6;0;0;0;8;10.7;8;10;13.38;9;0;0;1;1.33;1;0;141;0.36;0;6 minutes;02:00;0;0;0;0;0;0;4%
ZanderzHD;3851;0;0;0;0;0;0;1,921;3,562.83;1,921;1,721;2;3.7;0;0;0;10;18.54;10;7;5;0;0;0;1;1.85;1;0;1;0;1;0;0;0;0;7;0;0;2;0;1;1;0;0;0;0;0;2;3.7;2;00:04;00:07;00:04;0;0;0;1;1.85;1;0;0;0;7;12.97;7;4;7.41;4;0;0;1;1.85;1;0;106;0.44;0;3 minutes;0;0;0;0;0;0;0;100%
