A Camping Cat;4143;0;0;8%;6;4;4;0.01;4,431;11,955.78;2,594;2,594;7;18.88;0;0;0;3;8.09;2;1;0.42;0;0;0;3;8.09;2;0;0;0;0;0;0;0;0;1;0;0;0;1;0;0;1;0;0;0;0;0;1;2.69;1;0;0;0;0;0;0;0;0;59%;75%;2;5.39;1;37;62;0;0;0;141;68;3;8.09;2;0;5 minutes;0;0;0;0;0;0;48%;76%;27%
Abdul Ahkbar;4001;0;0;0;0;0;0;0;1,508;8,178.73;1,508;575;3;16.27;0;0;0;0;0;0;0;0;0;0;0;0;0;0;0;0;0;0;0;0;0;0;0;0;0;0;0;0;0;0;0;0;0;0;0;0;0;0;0;0;0;0;0;0;0;0;52%;52%;0;0;0;9;17;0;0;0;28;9;0;0;0;0;2 minutes;0;0;0;0;0;0;32%;32%;0
Accel N6;3431;0;0;50%;1;1;1;0.04;315;8,828.97;315;315;0;0;0;0;0;1;28.02;1;1;0;0;0;0;1;28.02;1;0;0;0;0;0;0;0;0;1;0;0;0;0;0;0;0;0;0;0;0;0;0;0;0;0;0;0;0;0;0;0;0;50%;50%;1;28.02;1;2;4;0;0;0;4;2;1;28.02;1;0;21.824112015776336 seconds;0;0;0;0;0;0;50%;0;100%
AceSilver143;2260;0;0;13%;21;15;12;0.02;6,319;6,227.18;2,810;2,272;12;11.82;0;0;0;9;8.86;5;2;0.75;0;0;0;8;7.88;4;0;1;0;1;0;0;0;0;2;0;0;0;3;1;1;1;0;0;0;0;0;2;1.97;2;00:02;00:02;00:02;0;0;0;0;0;45%;56%;4;3.94;3;37;82;0;0;0;409;156;1;0.98;1;0;12 minutes;00:01;0;0;1;0.98;1;38%;48%;59%
Alcy;3000;0;0;21%;21;21;21;0.08;5,176;9,378.55;5,176;5,176;0;0;0;0;0;11;19.93;11;11;0;0;0;0;6;10.87;6;0;1;0;1;0;0;0;0;11;0;0;0;2;1;1;0;0;0;0;0;0;3;5.43;3;0;0;0;0;0;0;0;9;49%;49%;9;16.3;9;35;71;0;0;0;190;99;3;5.43;3;0;3 minutes;03:05;0;0;1;1.81;1;52%;52%;100%
alphurr;3397;0;0;0;0;0;0;0;120;2,947.64;120;120;0;0;0;0;0;0;0;0;0;0;0;0;0;0;0;0;0;0;0;0;0;0;0;0;0;0;0;0;0;0;0;0;0;0;0;0;0;0;0;0;0;0;0;0;0;0;0;0;14%;20%;0;0;0;1;7;0;0;0;7;1;0;0;0;0;33.63939702510834 seconds;0;0;0;0;0;0;14%;0;0
B0LTi;4034;0;1;10%;41;37;18;0.03;16,759;9,632.43;9,697;3,216;11;6.32;0;0;0;39;22.41;28;11;3.54;0;1;0;22;12.64;15;0;2;0;2;0;0;0;0;11;0;0;0;5;1;1;3;2;1.14;2;0;0;11;6.32;9;00:36;00:20;00:25;0;0;0;0;19;36%;45%;7;4.02;6;99;273;0;0;0;960;389;7;4.02;3;0;20 minutes;06:10;0;1;4;2.29;4;40%;41%;98%
Bounce Cityyyyy;3145;0;3;13%;111;19;17;0.02;49,331;8,392.53;8,020;5,813;33;5.61;0;0;0;155;26.36;28;21;4.69;0;0;0;96;16.33;17;3;6;0;3;0;0;0;0;21;0;0;0;15;5;5;4;0;0;0;0;0;40;6.8;13;01:17;00:13;00:28;0;0;0;0;13;41%;100%;60;10.2;12;311;742;0;0;0;2,295;847;52;8.84;10;0;1 hour;13:49;0;1;18;3.06;4;36%;100%;47%
Bratgirl97;1720;0;0;0;0;0;0;0;959;2,729.71;959;604;1;2.84;0;0;0;1;2.84;1;1;1;0;0;0;1;2.84;1;0;0;0;0;0;0;0;0;1;0;0;0;1;0;0;1;0;0;0;0;0;0;0;0;0;0;0;0;0;0;0;1;54%;54%;0;0;0;6;11;0;0;0;72;10;0;0;0;0;2 minutes;0;0;0;0;0;0;13%;0;0
C1ZR;4124;0;0;13%;9;5;4;0.02;3,048;5,955.74;1,902;1,133;4;7.81;0;0;0;8;15.63;6;5;2;0;0;0;6;11.72;4;0;1;0;0;0;0;0;0;5;0;0;0;2;0;1;0;0;0;0;0;0;3;5.86;3;00:02;00:04;00:02;0;0;0;0;4;28%;33%;6;11.72;3;14;50;0;0;0;231;67;3;5.86;2;0;5 minutes;0;0;0;0;0;0;29%;0;67%
Chopper Le Porc;0;0;0;8%;19;7;6;0.01;12,535;6,745.85;4,416;3,542;15;8.07;0;0;0;28;15.06;8;7;1.86;0;0;0;14;7.53;4;1;2;0;1;0;0;0;0;7;0;0;0;4;1;2;1;0;0;0;0;0;7;3.76;3;00:19;00:10;00:13;0;0;0;0;5;39%;83%;8;4.3;4;91;231;0;0;0;642;219;5;2.69;3;0;20 minutes;00:05;0;1;3;1.61;1;34%;36%;37%
commander 8899;3234;0;0;12%;1;1;1;0;224;1,087.17;224;120;1;4.85;0;0;0;1;4.85;1;1;1;0;0;0;0;0;0;0;0;0;0;0;0;0;0;1;0;0;0;0;0;0;0;0;0;0;0;0;0;0;0;0;0;0;0;0;0;0;0;12%;12%;0;0;0;1;8;0;0;0;50;8;0;0;0;0;1 minute;0;0;0;0;0;0;16%;0;0
DeftOrthruss;3000;0;0;6%;2;2;2;0;2,648;7,389.65;2,648;2,273;3;8.37;0;0;0;7;19.53;7;6;2.33;0;0;0;2;5.58;2;0;0;0;0;0;0;0;0;6;0;0;0;1;1;0;0;0;0;0;0;0;3;8.37;3;0;0;0;0;0;0;0;3;47%;47%;2;5.58;2;16;34;0;0;0;99;29;0;0;0;0;4 minutes;0;0;0;0;0;0;29%;0;0
Doub1eAgent0reo;4505;0;6;16%;162;26;11;0.02;98,381;9,516.21;13,235;5,420;46;4.44;0;0;0;291;28.14;43;16;6.32;0;0;0;202;19.53;31;0;0;0;0;0;0;0;0;16;0;0;0;0;8;0;0;3;0.29;1;0;0;54;5.22;9;03:40;00:21;00:44;0;0;0;0;18;53%;70%;146;14.12;23;750;1,405;0;0;0;2,019;973;67;6.48;12;0;8.81912797037512 seconds;37:27;0;0;16;1.54;3;48%;66%;100%
DrivebySamura1;3959;0;0;6%;3;3;2;0.01;3,096;13,199.76;2,627;1,324;4;17.05;0;0;0;5;21.31;5;4;1.25;0;1;0;4;17.05;4;0;0;0;0;0;0;0;0;4;0;0;0;1;0;1;0;0;0;0;0;0;2;8.52;2;00:30;02:08;00:16;0;0;0;0;1;55%;60%;2;8.52;2;25;45;0;0;0;100;50;1;4.26;1;0;3 minutes;02:56;0;1;0;0;0;50%;51%;22%
Dub6 Pingouino;3285;0;0;0;0;0;0;0;163;4,342.22;163;163;1;26.68;0;0;0;0;0;0;0;0;0;0;0;0;0;0;0;0;0;0;0;0;0;0;0;0;0;0;0;0;0;0;0;0;0;0;0;0;0;0;0;0;0;0;0;0;0;0;75%;75%;0;0;0;3;4;0;0;0;4;3;0;0;0;0;38.75087904557586 seconds;0;0;0;0;0;0;75%;0;0
Elsayer;0;0;0;17%;13;8;8;0.05;3,588;7,658.85;1,721;1,721;1;2.13;0;0;0;4;8.53;3;3;4;0;0;0;3;6.4;2;0;0;0;0;0;0;0;0;3;0;0;0;2;1;0;1;0;0;0;0;0;3;6.4;2;00:13;00:28;00:13;0;0;0;0;3;52%;61%;3;6.4;2;24;46;0;0;0;185;76;0;0;0;0;3 minutes;0;0;0;1;2.13;1;41%;40%;67%
Emit Pain;4339;0;1;18%;70;17;6;0.02;44,097;8,896.74;7,319;5,349;24;4.84;0;0;0;109;21.99;23;11;4.54;0;0;0;69;13.92;15;0;5;0;5;0;0;0;0;11;0;0;0;10;5;2;3;0;0;0;3;1;23;4.64;6;00:15;00:03;00:08;0;0;0;0;11;46%;66%;62;12.5;15;343;744;0;0;0;871;384;28;5.64;9;0;47 minutes;01:46;0;1;8;1.61;3;44%;66%;93%
FBorrego;0;0;1;6%;7;7;7;0.02;5,224;7,206.92;5,224;5,224;1;1.37;0;0;0;18;24.83;18;18;18;0;0;0;9;12.41;9;0;1;0;1;0;0;0;0;18;0;0;0;3;1;1;1;0;0;0;0;0;3;4.13;3;0;0;0;0;0;0;0;5;39%;41%;6;8.27;6;29;73;0;0;0;204;108;2;2.75;2;0;5 minutes;02:29;0;0;8;11.03;8;52%;0;100%
fusion360elite;2922;0;0;50%;1;1;1;0.04;390;7,905.41;390;390;0;0;0;0;0;0;0;0;0;0;0;0;0;0;0;0;0;0;0;0;0;0;0;0;0;0;0;0;0;0;0;0;0;0;0;0;0;0;0;0;0;0;0;0;0;0;0;0;66%;66%;1;20.24;1;2;3;0;0;0;3;2;0;0;0;0;24.64110002014786 seconds;0;0;0;0;0;0;66%;66%;0
grayjake14;2095;0;0;11%;7;6;4;0.02;4,485;13,246.27;4,093;2,985;2;5.9;0;0;0;9;26.58;8;7;4.5;0;0;0;5;14.76;4;0;0;0;0;0;0;0;0;7;0;0;0;1;0;0;1;0;0;0;0;0;4;11.81;4;00:00;00:00;00:00;0;0;0;13;4;46%;47%;6;17.72;5;40;86;0;0;0;144;63;3;8.86;3;0;5 minutes;0;0;0;1;2.95;1;43%;0;0
Hai Im Tracer;0;0;1;8%;9;9;6;0.01;8,599;10,846.53;8,599;6,614;2;2.52;0;0;0;17;21.44;17;13;8.5;0;0;0;11;13.87;11;1;1;0;0;0;0;0;0;13;0;0;0;2;0;2;0;0;0;0;0;0;5;6.3;5;00:24;00:31;00:24;0;0;0;0;7;39%;39%;7;8.82;7;61;155;0;0;0;286;104;6;7.56;6;0;8 minutes;03:19;0;1;0;0;0;36%;36%;0
IamSlak;2595;0;1;10%;5;4;2;0.01;3,648;4,233.33;1,611;675;9;10.44;0;0;0;6;6.96;3;2;0.66;0;0;0;2;2.32;2;1;1;0;0;0;0;0;0;2;0;0;0;2;2;0;3;0;0;0;0;0;2;2.32;1;00:07;00:08;00:04;0;0;0;1;7;46%;50%;21;9.26;12;100;215;0;0;0;206;49;2;2.32;2;0;8 minutes;01:55;0;0;5;2.2;3;23%;41%;40%
IGenjiMain;3814;0;0;14%;26;7;7;0.02;12,303;10,704.65;3,214;3,019;8;6.96;0;0;0;26;22.62;8;7;3.25;0;0;0;21;18.27;7;1;1;0;0;0;0;0;0;7;0;0;0;3;1;1;0;0;0;0;0;0;8;6.96;3;00:03;00:02;00:02;0;0;0;0;5;38%;66%;19;16.53;5;78;204;0;0;0;481;184;8;6.96;3;0;16 minutes;01:22;0;0;1;0.87;1;38%;40%;40%
II Scar3CroW;2790;0;0;0;0;0;0;0;501;4,391.58;501;501;1;8.76;0;0;0;0;0;0;0;0;0;0;0;0;0;0;0;0;0;0;0;0;0;0;0;0;0;0;0;0;0;0;0;0;0;0;0;0;0;0;00:01;00:09;00:01;0;0;0;0;0;33%;33%;0;0;0;5;15;0;0;0;38;11;0;0;0;0;56.70833698473871 seconds;0;0;0;0;0;0;28%;0;0
Im Voxie;4020;0;0;16%;58;33;13;0.02;22,228;10,240.43;12,754;3,630;21;9.67;0;0;0;56;25.79;31;9;2.66;0;1;0;37;17.04;22;1;2;0;1;0;0;0;0;9;0;0;0;6;3;1;2;1;0.46;1;0;0;14;6.44;8;00:38;00:17;00:23;0;0;0;0;15;38%;66%;34;15.66;23;151;397;0;0;0;1,293;346;11;5.06;6;0;33 minutes;02:30;0;0;5;2.3;3;26%;25%;37%
iSttoooLen;3977;0;0;23%;9;9;4;0.02;2,729;3,994.08;2,729;1,176;4;5.85;0;0;0;7;10.24;7;3;1.75;0;0;0;6;8.78;6;0;1;0;1;0;0;0;0;3;0;0;0;1;1;0;0;0;0;0;0;0;1;1.46;1;00:01;00:01;00:01;0;0;0;0;1;33%;33%;5;7.31;5;10;30;0;0;0;203;39;4;5.85;4;0;6 minutes;0;0;0;1;1.46;1;19%;0;100%
ItsCONRAD;3497;0;1;12%;13;5;4;0.02;5,386;4,647.36;1,295;1,174;6;5.17;0;0;0;11;9.49;4;2;1.83;0;0;0;9;7.76;3;1;1;0;0;0;0;0;0;2;0;0;0;2;1;1;0;0;0;0;0;0;1;0.86;1;00:11;00:10;00:11;0;0;0;0;1;41%;83%;9;7.76;2;30;72;0;0;0;351;108;3;2.58;2;0;10 minutes;0;0;0;1;0.86;1;30%;50%;0
iuya;3991;0;0;14%;4;4;4;0.02;2,568;8,762.43;2,568;2,568;1;3.41;0;0;0;5;17.06;5;5;5;0;0;0;1;3.41;1;0;0;0;0;0;0;0;0;5;0;0;0;1;1;0;0;0;0;0;0;0;0;0;0;00:09;00:33;00:09;0;0;0;0;1;68%;68%;3;10.23;3;15;22;0;0;0;78;28;1;3.41;1;0;3 minutes;0;0;0;1;3.41;1;35%;35%;98%
J Smoooove;2634;0;0;10%;11;10;10;0.04;5,882;23,371.57;4,166;3,372;2;7.94;0;0;0;6;23.84;5;3;3;0;0;0;1;3.97;1;0;0;0;0;0;0;0;0;3;0;0;0;1;0;1;0;0;0;0;0;0;5;19.86;5;00:05;00:23;00:05;0;0;0;0;2;72%;80%;1;3.97;1;45;62;0;0;0;206;105;0;0;0;0;4 minutes;0;0;2;0;0;0;50%;0;0
JDn808;3192;0;0;0;0;0;0;0;14;47.42;14;14;1;3.34;0;0;0;0;0;0;0;0;0;0;0;0;0;0;0;0;0;0;0;0;0;0;0;0;0;0;1;0;0;1;0;0;0;0;0;0;0;0;0;0;0;0;0;0;0;0;0;0;0;0;0;0;9;0;0;0;9;0;0;0;0;0;2 minutes;0;0;0;0;0;0;0;0;100%
Jew Veri;3852;0;0;15%;2;2;2;0.02;1,130;5,362.84;1,130;1,090;1;4.74;0;0;0;3;14.23;3;2;3;0;0;0;1;4.74;1;0;0;0;0;0;0;0;0;2;0;0;0;1;0;0;0;0;0;0;0;0;1;4.74;1;00:01;00:08;00:01;0;0;0;0;0;45%;45%;1;4.74;1;9;20;0;0;0;31;13;0;0;0;0;1 minute;0;0;0;1;4.74;1;41%;41%;100%
KageEinjeruE102;4059;0;0;2%;1;1;1;0.01;708;2,994.63;708;633;1;4.23;0;0;0;0;0;0;0;0;0;0;0;0;0;0;0;0;0;0;0;0;0;0;0;0;0;0;0;0;0;0;0;0;0;0;0;0;0;0;0;0;0;0;0;0;0;0;30%;30%;0;0;0;3;10;0;0;0;61;34;0;0;0;0;1 minute;0;0;0;0;0;0;55%;55%;0
Kingg Tuttle;0;0;1;11%;41;16;11;0.01;35,744;8,971.82;9,255;6,145;26;6.52;0;0;0;75;18.82;27;18;2.88;0;0;0;44;11.04;15;2;4;0;2;0;0;0;0;18;0;0;0;10;6;2;2;0;0;0;0;0;31;7.78;14;02:29;00:37;01:45;0;0;0;0;18;47%;58%;34;8.53;11;308;650;0;0;0;882;371;12;3.01;4;0;41 minutes;06:23;0;0;4;1;1;42%;54%;39%
Kypahh;3508;0;0;18%;4;4;3;0.02;1,065;2,193.28;870;548;3;6.17;0;0;0;0;0;0;0;0;0;0;0;0;0;0;0;0;0;0;0;0;0;0;0;0;0;0;0;0;1;0;0;0;0;0;0;0;0;0;00:01;00:02;00:01;0;0;0;0;0;33%;35%;1;2.05;1;6;18;0;0;0;127;22;0;0;0;0;2.688491003587842 seconds;0;0;0;0;0;0;17%;38%;0
LanceHasPants;3461;0;0;26%;5;5;2;0.02;2,447;5,168.06;2,447;1,334;5;10.56;0;0;0;2;4.22;2;2;0.4;0;0;0;2;4.22;2;0;0;0;0;0;0;0;0;2;0;0;0;0;0;0;0;0;0;0;0;0;1;2.11;1;0;0;0;0;0;0;0;1;34%;34%;5;10.56;5;17;49;0;0;0;93;19;2;4.22;2;0;--;0;0;0;0;0;0;20%;20%;0
Little Bran;3936;0;0;30%;4;2;2;0.03;1,118;7,351.86;598;598;2;13.15;0;0;0;5;32.88;3;3;2.5;0;0;0;5;32.88;3;0;0;0;0;0;0;0;0;3;0;0;0;1;0;0;0;0;0;0;0;0;0;0;0;0;0;0;0;0;0;0;0;31%;37%;4;26.31;2;7;22;0;0;0;33;13;3;19.73;2;0;1 minute;0;0;0;0;0;0;39%;0;46%
lorcy m;3639;0;0;6%;1;1;1;0;1,497;7,886.11;655;655;0;0;0;0;0;1;5.26;1;1;0;0;0;0;1;5.26;1;0;0;0;0;0;0;0;0;1;0;0;0;1;0;0;0;0;0;0;0;0;0;0;0;00:02;00:14;00:02;0;0;0;0;0;52%;60%;1;5.26;1;12;23;0;0;0;50;16;1;5.26;1;0;2 minutes;0;0;0;0;0;0;32%;0;83%
Lycanz;4036;0;0;15%;3;2;2;0.02;1,050;7,173.56;511;511;2;13.66;0;0;0;0;0;0;0;0;0;0;0;0;0;0;0;0;0;0;0;0;0;0;0;0;0;0;0;0;0;0;0;0;0;0;0;0;0;0;0;0;0;0;0;0;0;0;19%;66%;1;6.83;1;5;26;0;0;0;99;19;0;0;0;0;2 minutes;0;0;0;0;0;0;19%;0;18%
MajorCris;3262;0;3;17%;341;35;16;0.03;144,284;9,425.52;11,921;5,641;104;6.79;0;0;0;335;21.88;37;13;3.22;0;2;0;223;14.56;26;7;15;1;7;0;0;0;0;13;0;0;0;35;16;7;11;1;0.06;1;0;0;98;6.4;14;02:16;00:08;00:40;0;0;0;0;15;48%;77%;232;15.15;23;1,152;2,392;0;0;0;4,401;1,974;92;6.01;12;0;3 hours;11:39;0;6;13;0.84;2;44%;52%;45%
Mano Brawl BR;4015;0;0;17%;5;3;3;0.01;3,044;4,768.45;1,566;1,145;7;10.96;0;0;0;11;17.23;6;4;1.57;0;0;0;8;12.53;3;0;1;0;0;0;0;0;0;4;0;0;0;2;1;0;0;0;0;0;0;0;4;6.26;3;0;0;0;0;0;0;0;1;36%;43%;5;7.83;3;24;66;0;0;0;83;28;4;6.26;3;0;6 minutes;00:20;0;0;1;1.56;1;33%;43%;73%
Maxxon Charge;3705;0;0;18%;44;11;10;0.02;21,756;6,328.7;4,268;4,190;31;9.01;0;0;0;52;15.12;12;12;1.67;0;0;0;31;9.01;10;2;3;0;2;0;0;0;0;12;0;0;0;8;3;2;4;1;0.29;1;0;0;11;3.19;2;00:10;00:03;00:03;0;0;0;0;3;37%;83%;31;9.01;8;162;435;0;0;0;758;238;11;3.19;4;0;34 minutes;0;0;0;5;1.45;2;31%;47%;48%
mcir3000;2958;0;0;12%;7;7;5;0.03;1,785;10,831.32;1,785;1,156;4;24.26;0;0;0;1;6.06;1;1;0.25;0;0;0;0;0;0;0;0;0;0;0;0;0;0;1;0;0;0;1;0;0;0;0;0;0;0;0;0;0;0;00:00;00:06;00:00;0;0;0;0;0;42%;42%;1;6.06;1;9;21;0;0;0;104;58;0;0;0;0;2 minutes;0;0;0;0;0;0;55%;0;100%
MSwn;2339;0;0;0;0;0;0;0;0;0;0;0;0;0;0;0;0;0;0;0;0;0;0;0;0;0;0;0;0;0;0;0;0;0;0;0;0;0;0;0;0;0;0;0;0;0;0;0;0;0;0;0;0;0;0;0;0;0;0;0;0;0;0;0;0;0;9;0;0;0;9;0;0;0;0;0;51.23520400933921 seconds;0;0;0;0;0;0;0;0;0
My BRs Dyslexic;3567;0;0;10%;3;3;3;0.02;1,758;7,636.49;1,758;1,200;1;4.34;0;0;0;0;0;0;0;0;0;0;0;0;0;0;0;0;0;0;0;0;0;0;0;0;0;0;0;0;0;0;0;0;0;0;0;0;0;0;0;0;0;0;0;0;0;0;70%;70%;1;4.34;1;12;17;0;0;0;39;30;0;0;0;0;1 minute;0;0;0;0;0;0;76%;76%;0
Newt Lev;2659;0;0;0%;1;1;1;0.04;1,615;65,746.19;1,615;1,610;1;40.7;0;0;0;1;14.87;1;1;0;0;0;0;0;0;0;0;0;0;0;0;0;0;0;1;0;0;0;0;0;0;0;0;0;0;0;0;0;0;0;0;0;0;0;0;0;0;0;28%;28%;1;14.87;1;4;14;0;0;0;170;130;0;0;0;0;23.79697696864605 seconds;0;0;0;1;14.87;1;76%;21%;100%
NitroFPS;4200;0;0;0;0;0;0;0;421;3,085.89;421;421;0;0;0;0;0;2;14.64;2;2;0;0;0;0;1;7.32;1;0;0;0;0;0;0;0;0;2;0;0;0;0;0;0;0;0;0;0;0;0;0;0;0;0;0;0;0;0;0;0;0;57%;57%;0;0;0;4;7;0;0;0;8;4;1;7.32;1;0;1 minute;00:04;0;0;0;0;0;50%;50%;100%
o Kapow;3124;0;0;0;0;0;0;0;667;2,669.01;667;547;2;8;0;0;0;2;8;2;2;1;0;0;0;1;4;1;0;0;0;0;0;0;0;0;2;0;0;0;0;0;0;0;0;0;0;0;0;0;0;0;0;0;0;0;0;0;0;0;25%;25%;0;0;0;5;20;0;0;0;28;5;0;0;0;0;2 minutes;0;0;0;0;0;0;17%;0;0
ObiwanKi11n00by;3672;0;0;10%;41;13;7;0.02;120;9,539.74;120;120;27;9.86;0;0;0;41;14.98;8;8;1.51;0;0;0;22;8.03;4;0;0;0;0;0;0;0;0;8;0;0;0;0;2;0;0;0;0;0;0;0;15;5.48;4;00:18;00:06;00:15;0;0;0;0;5;50%;100%;21;7.67;3;148;293;0;0;0;20;6;7;2.55;2;0;12.163664993830025 seconds;00:04;0;0;11;4.01;5;30%;30%;6%
OUT M3 RK ED;3749;0;0;10%;41;10;5;0.02;20,328;6,543.73;4,672;2,435;16;5.15;0;0;0;41;13.19;16;9;2.56;0;0;0;20;6.43;6;2;3;0;1;0;0;0;0;9;0;0;0;12;2;5;5;0;0;0;0;0;12;3.86;7;00:36;00:11;00:21;0;0;0;0;5;46%;100%;24;7.72;5;163;351;0;0;0;1,301;389;8;2.57;3;0;33 minutes;00:40;0;1;10;3.21;6;29%;46%;23%
PandaCreol;3661;0;0;0;0;0;0;0;623;12,083.74;623;623;0;0;0;0;0;2;38.81;2;2;0;0;0;0;1;19.4;1;0;0;0;0;0;0;0;0;2;0;0;0;0;0;0;0;0;0;0;0;0;0;0;0;00:02;00:41;00:02;0;0;0;0;0;50%;50%;0;0;0;7;14;0;0;0;14;7;0;0;0;0;42.06314698141068 seconds;00:02;0;0;0;0;0;50%;50%;100%
para138;3000;0;0;5%;4;4;4;0.11;1,070;21,591.58;1,070;1,070;1;20.17;0;0;0;2;14.11;2;1;2;0;0;0;1;7.05;1;0;0;0;0;0;0;0;0;1;0;0;0;0;0;0;0;0;0;0;0;0;0;0;0;0;0;0;0;0;0;0;0;50%;50%;2;14.11;2;8;16;0;0;0;84;74;1;7.05;1;0;34.258548996411264 seconds;0;0;0;0;0;0;88%;88%;0
Ponders;3669;0;0;13%;30;14;10;0.02;10,328;4,495.36;4,677;1,907;13;5.65;0;0;0;32;13.92;16;6;2.46;0;0;0;20;8.7;10;1;2;0;1;0;0;0;0;6;0;0;0;3;2;1;1;0;0;0;0;0;8;3.48;7;01:11;00:30;00:58;0;0;0;0;13;32%;50%;18;7.83;7;65;199;0;0;0;826;218;8;3.48;3;0;22 minutes;01:51;0;0;2;0.87;1;26%;50%;21%
Psyhco;4041;0;0;0;0;0;0;0;0;0;0;0;1;26.77;0;0;0;0;0;0;0;0;0;0;0;0;0;0;0;0;0;0;0;0;0;0;0;0;0;0;0;0;0;0;0;0;0;0;0;0;0;0;0;0;0;0;0;0;0;0;0;0;0;0;0;0;1;0;0;0;1;0;0;0;0;0;29.04111798107624 seconds;0;0;0;0;0;0;0;0;0
QuantumPlanck;2606;0;0;0;0;0;0;0;3,287;8,264.11;2,955;1,543;2;5.02;0;0;0;0;0;0;0;0;0;0;0;0;0;0;0;0;0;0;0;0;0;0;0;0;0;0;1;0;0;1;0;0;0;0;0;0;0;0;0;0;0;0;0;0;0;0;51%;67%;0;0;0;32;62;0;0;0;62;30;0;0;0;0;3 minutes;0;0;2;0;0;0;48%;15%;54%
Repure;4125;0;0;9%;48;13;13;0.01;39,725;8,544.36;8,324;4,399;28;6.02;0;0;0;93;20;22;13;3.32;0;0;0;54;11.61;14;1;5;1;3;0;0;0;0;13;0;0;0;9;2;3;3;0;0;0;3;1;26;5.59;9;01:09;00:14;00:30;0;0;0;0;10;49%;100%;35;7.52;10;293;591;0;0;0;1,321;502;13;2.79;4;0;41 minutes;08:41;0;1;5;1.07;2;38%;44%;55%
Scuffs;4155;0;0;36%;4;4;3;0.04;1,618;8,408.41;1,618;1,500;1;5.19;0;0;0;6;31.17;6;5;6;0;0;0;4;20.78;4;0;0;0;0;0;0;0;0;5;0;0;0;0;0;0;0;0;0;0;0;0;1;5.19;1;00:07;00:41;00:07;0;0;0;0;5;52%;52%;4;20.78;4;12;23;0;0;0;23;11;1;5.19;1;0;1 minute;00:02;0;0;0;0;0;47%;47%;100%
Semitaur;3893;0;0;0;0;0;0;0;448;5,240.4;448;448;1;11.68;0;0;0;0;0;0;0;0;0;0;0;0;0;0;0;0;0;0;0;0;0;0;0;0;0;0;0;0;0;0;0;0;0;0;0;0;0;0;0;0;0;0;0;0;0;0;21%;21%;0;0;0;3;14;0;0;0;44;11;0;0;0;0;15.983587000519037 seconds;0;0;0;0;0;0;25%;0;4%
Sillik79;2293;0;0;7%;1;1;1;0;863;4,096.89;863;709;2;9.49;0;0;0;0;0;0;0;0;0;0;0;0;0;0;0;0;0;0;0;0;0;0;0;0;0;0;0;0;0;0;0;0;0;0;0;0;0;0;0;0;0;0;0;0;0;0;33%;33%;0;0;0;8;24;0;0;0;90;13;0;0;0;0;2 minutes;0;0;0;0;0;0;14%;0;0
SirJamesParker;4540;0;0;20%;1;1;1;0;567;2,655.22;567;315;4;18.73;0;0;0;2;9.36;2;1;0.5;0;0;0;2;9.36;2;0;0;0;0;0;0;0;0;1;0;0;0;1;0;0;0;0;0;0;0;0;0;0;0;0;0;0;0;0;0;0;0;19%;22%;1;4.68;1;5;26;0;0;0;36;5;2;9.36;2;0;2 minutes;0;0;0;0;0;0;13%;15%;9%
SoLo Glitch;0;0;0;18%;6;4;4;0.01;3,158;6,337.17;1,667;1,485;3;6.02;0;0;0;9;18.06;5;4;3;0;0;0;7;14.04;4;0;0;0;0;0;0;0;0;4;0;0;0;1;1;0;0;0;0;0;0;0;0;0;0;00:18;00:36;00:17;0;0;0;0;3;33%;44%;4;8.02;2;22;66;0;0;0;127;33;3;6.02;2;0;5 minutes;0;0;0;3;6.02;3;25%;35%;66%
SQ1B;3231;0;0;9%;10;6;4;0.01;9,652;6,785.5;4,856;3,033;8;5.62;0;0;0;34;23.9;24;11;4.25;0;0;0;18;12.65;12;1;1;0;1;0;0;0;0;11;0;0;0;2;1;1;0;0;0;0;0;0;12;8.43;10;00:37;00:26;00:37;0;0;0;0;6;43%;46%;10;7.02;6;78;180;0;0;0;289;101;4;2.81;3;0;16 minutes;00:20;0;0;0;0;0;34%;37%;53%
SupaNoobGuy;3813;0;2;6%;43;12;10;0.01;37,534;11,837.77;7,212;4,527;20;6.3;0;0;0;79;24.91;22;12;3.95;0;0;0;44;13.87;13;0;3;0;3;0;0;0;0;12;0;0;0;9;3;4;2;0;0;0;0;0;19;5.99;7;00:30;00:09;00:16;0;0;0;0;10;53%;84%;27;8.51;6;324;605;0;0;0;1,325;630;19;5.99;4;0;36 minutes;03:03;0;1;2;0.63;1;47%;45%;92%
tim42n;1779;0;0;8%;6;6;5;0.01;2,605;5,813.28;2,605;936;8;17.85;0;0;0;6;13.39;6;4;0.75;0;0;0;3;6.69;3;0;0;0;0;0;0;0;0;4;0;0;0;0;0;0;0;0;0;0;0;0;2;4.46;2;00:21;00:47;00:21;0;0;0;0;2;17%;17%;1;2.23;1;8;47;0;0;0;368;70;1;2.23;1;0;8 minutes;0;0;0;1;2.23;1;19%;0;100%
Truck555;3000;0;2;11%;175;24;8;0.01;83,465;7,295;9,661;3,002;107;9.35;0;0;0;216;18.87;30;12;2.01;0;0;0;146;12.76;26;6;11;1;5;0;0;0;0;12;0;0;0;17;7;5;5;1;0.08;1;3;2;54;4.71;13;01:29;00:07;00:53;0;0;0;0;10;41%;66%;88;7.69;13;552;1,337;0;0;0;4,599;1,570;68;5.94;10;0;2 hours;05:46;0;4;34;2.97;4;34%;62%;40%
Visper;3744;0;0;33%;6;6;6;0.05;1,947;10,045.51;1,947;1,947;0;0;0;0;0;4;20.64;4;4;0;0;0;0;4;20.64;4;0;0;0;0;0;0;0;0;4;0;0;0;1;0;1;0;0;0;0;0;0;0;0;0;0;0;0;0;0;0;0;0;39%;39%;5;25.8;5;15;38;0;0;0;73;18;2;10.32;2;0;1 minute;0;0;0;0;0;0;24%;24%;0
vKure;4372;0;0;5%;3;2;2;0.01;2,934;13,090.59;1,738;1,678;1;4.46;6;27;6;2;8.92;2;2;2;0;0;0;1;4.46;1;0;0;0;0;2,558;11,415;1,323;1,236;2;0;0;0;1;0;0;0;0;0;0;0;0;1;4.46;1;00:10;00:48;00:08;3;13;3;0;0;39%;47%;4;12.28;2;29;74;0;0;0;145;51;2;6.14;1;0;3 minutes;00:01;584;0;0;0;0;35%;25%;21%
VW GTI G0DSP33D;3460;0;0;0;0;0;0;0;1,116;14,799.94;876;876;0;0;0;0;0;0;0;0;0;0;0;0;0;0;0;0;0;0;0;0;0;0;0;0;0;0;0;0;0;0;0;0;0;0;0;0;0;0;0;0;0;0;0;0;0;0;0;0;55%;61%;0;0;0;10;18;0;0;0;18;10;0;0;0;0;1 minute;0;0;0;0;0;0;55%;0;100%
Westside Ryderz;3000;0;0;12%;6;3;3;0.01;3,276;3,387.39;1,320;667;9;9.3;0;0;0;4;4.13;2;2;0.44;0;0;0;3;3.1;2;1;1;0;0;0;0;0;0;2;0;0;0;2;1;0;0;0;0;0;0;0;1;1.03;1;0;0;0;0;0;0;0;0;29%;50%;4;4.13;2;17;58;0;0;0;307;47;1;1.03;1;0;7 minutes;0;0;0;2;2.06;1;15%;55%;1%
Wxnderful;4566;0;0;13%;6;3;3;0.02;2,062;7,426.22;1,430;1,043;3;10.8;0;0;0;3;10.8;2;2;1;0;0;0;2;7.2;2;0;0;0;0;0;0;0;0;2;0;0;0;1;0;1;0;0;0;0;0;0;0;0;0;0;0;0;0;0;0;0;1;23%;33%;3;10.8;2;7;30;0;0;0;114;43;1;3.6;1;0;3 minutes;0;0;0;0;0;0;37%;25%;0
Xbox359ver1;0;0;44;7%;6,738;76;33;0.02;2,964,031;5,884.8;21,449;7,852;1,261;2.5;0;0;0;7,322;14.53;54;23;5.8;0;28;2;3,350;6.65;25;0;0;0;197;0;0;0;0;23;0;0;0;0;222;0;136;59;0.11;2;3;11;2,324;4.61;35;01:03:29;00:07;01:25;0;0;0;0;28;37%;100%;1,417;2.81;11;17,597;47,206;0;0;0;4;84,610;1,310;2.6;14;2;42.55607298761606 seconds;01:30:47;0;312;1,479;2.93;15;25%;65%;39%
xHAZ4RDZx;3383;0;0;13%;30;7;7;0.01;20,727;6,682.34;4,515;3,587;23;7.41;0;0;0;46;14.83;14;13;2;0;0;0;34;10.96;11;1;3;0;2;0;0;0;0;13;0;0;0;7;3;3;2;0;0;0;0;0;14;4.51;5;00:27;00:09;00:11;0;0;0;0;8;40%;66%;25;8.05;7;153;381;0;0;0;518;222;17;5.48;6;0;32 minutes;02:12;0;0;7;2.25;3;42%;46%;52%
Xvanthious;2465;0;0;5%;11;9;6;0.02;3,160;4,756.25;1,707;971;7;10.53;0;0;0;4;6.01;2;1;0.57;0;0;0;2;3;2;0;1;0;0;0;0;0;0;1;0;0;0;2;1;0;1;0;0;0;0;0;1;1.5;1;00:11;00:17;00:10;0;0;0;0;2;40%;42%;0;0;0;8;20;0;0;0;560;187;0;0;0;0;7 minutes;0;0;9;1;1.5;1;33%;37%;42%
