A Camping Cat;4143;14;66.46;0;4%;12;12;9;0.05;5,174;24,565.05;5,174;3,555;2;9.49;0;0;0;10;47.47;10;7;5;0;0;0;4;18.99;4;0;0;0;0;0;0;0;0;7;0;0;1;0;0;0;0;0;0;2;9.49;2;0;0;3;14.24;3;00:05;00:25;00:05;0;0;0;0;0;0;523;258;0;0;0;0;0;0;3 minutes;00:50;5;23.73;5;8;37.98;0;49%;49%;100%
A Chill Lamp;4407;15;38.9;0;0;0;0;0;0;3,463;8,981.25;3,463;2,325;1;2.59;0;0;0;15;38.9;15;13;15;0;0;0;5;12.96;5;0;0;0;0;0;0;0;0;13;0;0;1;0;0;1;0;0;0;2;5.18;2;0;0;1;2.59;1;0;0;0;0;0;0;0;0;0;150;76;1;2.59;1;0;0;0;4 minutes;0;7;18.15;7;10;25.93;0;50%;50%;100%
A1 Shank Sauce;2684;5;16.68;0;0;0;0;0;0;2,438;8,138.73;2,188;2,122;2;6.67;0;0;0;3;10.01;3;2;1.5;0;0;0;3;10.01;3;0;0;0;0;0;0;0;0;2;0;0;1;0;0;0;0;0;0;0;0;0;0;0;2;6.67;2;0;0;0;0;0;0;0;0;0;107;35;1;3.33;1;0;0;0;2 minutes;0;1;3.33;1;3;10.01;0;32%;0;28%
AceSilver143;2260;109;36.27;2;10%;33;25;7;0.01;21,744;7,235.47;10,196;6,437;37;12.31;0;0;0;64;21.29;42;19;1.72;0;1;0;26;8.65;20;2;3;0;1;0;0;0;0;19;0;0;7;2;3;2;0;0;0;9;2.99;6;0;0;35;11.64;33;02:10;00:43;01:59;0;0;0;0;0;0;828;312;8;2.66;8;0;0;0;35 minutes;05:33;33;10.98;25;45;14.97;0;37%;66%;31%
AiNoPoltergeist;2508;7;7.28;1;4%;2;1;1;0;4,370;4,548.22;2,314;2,314;1;1.04;0;0;0;15;15.61;14;14;15;0;0;0;9;9.36;8;0;1;0;1;0;0;0;0;14;0;0;3;1;0;2;0;0;0;4;4.16;4;0;0;3;3.12;2;0;0;0;0;0;0;0;0;0;357;46;1;1.04;1;0;0;0;6 minutes;00:57;7;7.28;6;13;13.52;0;12%;15%;75%
Asco HD;2385;5;11.52;0;4%;1;1;1;0;2,538;5,849.59;1,646;1,551;1;2.3;0;0;0;1;2.3;1;1;1;0;0;0;1;2.3;1;0;0;0;0;0;0;0;0;1;0;0;1;0;0;1;0;0;0;0;0;0;0;0;0;0;0;0;0;0;0;0;0;0;0;0;98;22;0;0;0;0;0;0;2 minutes;0;1;2.3;1;1;2.3;0;22%;29%;0
BatmanDobbins;3836;1;3.41;0;0;0;0;0;0;0;0;0;0;4;13.67;0;0;0;0;0;0;0;0;0;0;0;0;0;0;0;0;0;0;0;0;0;0;0;0;0;0;0;0;0;0;0;0;0;0;0;0;0;0;0;0;0;0;0;0;0;0;0;0;0;11;0;0;0;0;0;0;0;2 minutes;0;0;0;0;0;0;0;0;0;0
Bounce Cityyyyy;3145;15;21.66;1;6%;8;6;6;0.01;9,880;14,269.12;6,477;6,477;2;2.88;0;0;0;27;38.99;15;15;13.5;0;0;0;7;10.1;4;0;1;0;1;0;0;0;0;15;0;0;2;0;1;1;0;0;0;5;7.22;4;0;0;7;10.1;5;00:00;00:01;00:00;0;0;0;0;0;0;393;120;5;7.22;3;0;0;0;8 minutes;00:14;14;20.21;11;20;28.88;0;30%;37%;100%
C1ZR;4124;8;23.24;0;14%;12;12;12;0.04;3,437;9,987.96;3,437;2,520;2;5.81;0;0;0;7;20.34;7;5;3.5;0;0;0;3;8.71;3;0;0;0;0;0;0;0;0;5;0;0;1;1;0;0;0;0;0;0;0;0;0;0;2;5.81;2;00:18;00:54;00:18;0;0;0;0;0;0;181;83;0;0;0;0;0;0;4 minutes;0;6;17.43;6;2;5.81;0;45%;0;100%
Chopper Le Porc;0;121;14.83;2;4%;108;28;20;0.01;87,312;10,708.25;8,962;7,352;78;9.56;0;0;0;183;22.44;18;18;2.34;160,400;1;0;83;10.17;8;4;8;0;4;0;0;0;0;18;0;0;25;5;13;7;1;0.12;1;44;5.39;6;3;1;61;7.48;8;01:41;00:12;00:18;0;0;0;0;0;0;6,502;2,605;32;3.92;6;0;0;0;1 hour;10:42;86;10.54;10;144;17.66;2;40%;52%;46%
CookiesMilkYum;4298;6;22.22;0;4%;5;5;3;0.03;2,666;9,875.91;2,666;1,390;3;11.11;0;0;0;3;11.11;3;2;1;0;0;0;2;7.4;2;0;0;0;0;0;0;0;0;2;0;0;1;0;0;1;0;0;0;2;7.4;2;0;0;2;7.4;2;00:03;00:13;00:03;0;0;0;0;0;0;197;103;1;3.7;1;0;0;0;2 minutes;0;2;7.4;2;2;7.4;0;52%;52%;0
Curaja;2147;45;13.36;0;2%;12;7;3;0;30,802;9,149.61;12,338;6,092;20;5.94;0;0;0;86;25.54;25;23;4.3;0;0;0;32;9.5;10;3;0;0;0;0;0;0;0;23;0;0;0;0;0;0;0;0;0;17;5.04;7;3;2;34;10.09;12;00:22;00:06;00:05;0;0;0;0;0;0;1,254;541;11;3.26;4;0;0;0;--;00:29;27;8.02;8;74;21.98;0;43%;59%;100%
DeftOrthruss;3000;7;7.4;0;6%;3;2;2;0;2,222;2,350.6;870;870;7;7.4;0;0;0;8;8.46;6;6;1.14;0;0;0;2;2.11;1;1;1;0;0;0;0;0;0;6;0;0;3;0;1;1;0;0;0;0;0;0;0;0;2;2.11;1;00:06;00:06;00:04;0;0;0;0;0;0;253;44;1;1.05;1;0;0;0;9 minutes;0;3;3.17;2;6;6.34;0;17%;29%;41%
DOMINICKYO;2337;0;0;0;0;0;0;0;0;1,180;3,894.77;1,180;890;2;6.6;0;0;0;4;13.2;4;4;2;0;0;0;0;0;0;0;0;0;0;0;0;0;0;4;0;0;1;0;0;0;0;0;0;1;3.3;1;0;0;1;3.3;1;00:08;00:29;00:08;0;0;0;0;0;0;52;6;0;0;0;0;0;0;3 minutes;0;1;3.3;1;4;13.2;0;11%;11%;0
Doub1eAgent0reo;4505;28;26.1;0;3%;11;8;6;0.01;12,284;11,452.19;8,183;4,991;4;3.72;0;0;0;19;17.71;13;11;4.75;0;0;0;7;6.52;7;0;1;0;1;0;0;0;0;11;0;0;4;3;1;1;0;0;0;4;3.72;4;0;0;5;4.66;5;00:14;00:13;00:08;0;0;0;0;0;0;955;323;1;0.93;1;0;0;0;9 minutes;01:14;15;13.98;10;11;10.25;0;33%;35%;100%
DrivebySamura1;3959;73;30.54;0;10%;82;25;11;0.05;30,761;12,870.61;7,826;5,654;11;4.6;0;0;0;72;30.12;19;12;6.54;0;1;0;28;11.71;8;0;2;0;2;0;0;0;0;12;0;0;7;1;4;2;2;0.83;1;12;5.02;4;0;0;27;11.29;8;01:04;00:27;00:32;0;0;0;0;0;0;2,184;820;8;3.34;2;0;0;0;23 minutes;08:36;42;17.57;12;51;21.33;0;37%;53%;100%
FBorrego;0;27;27.33;0;5%;13;9;6;0.01;8,353;8,456.51;4,424;1,945;9;9.11;0;0;0;33;33.4;20;8;3.66;0;0;0;11;11.13;7;0;1;0;1;0;0;0;0;8;0;0;3;3;0;1;0;0;0;4;4.04;2;0;0;6;6.07;3;00:12;00:13;00:08;0;0;0;0;0;0;889;217;4;4.04;3;0;0;0;12 minutes;01:31;20;20.24;16;19;19.23;0;24%;27%;100%
godstomper231;3449;293;34.95;2;7%;107;16;9;0.01;89,809;10,715.71;9,037;6,114;71;8.47;0;0;0;170;20.28;20;20;2.39;0;0;0;58;6.92;8;3;8;0;6;0;0;0;0;20;0;0;22;8;6;9;1;0.11;1;36;4.29;9;4;4;52;6.2;10;01:54;00:13;00:19;0;0;0;0;0;0;3,824;1,412;16;1.9;3;0;0;0;1 hour;18:11;87;10.38;12;133;15.86;0;36%;46%;68%
Golden Viper210;4493;1,174;47.38;21;6%;742;48;32;0.03;531,183;21,440.52;37,394;13,840;181;7.3;0;0;0;847;34.18;59;22;4.67;0;0;0;366;14.77;28;8;25;2;15;0;0;0;0;22;0;0;91;9;61;21;5;0.2;2;158;6.37;13;4;9;394;15.9;40;34:45;01:24;04:09;0;0;0;0;0;0;28,085;11,169;68;2.74;6;0;0;0;5 hours;02:18:07;587;23.69;35;583;23.53;5;39%;53%;60%
HerBakedPizza;3000;5;19.53;0;3%;2;2;2;0.01;2,502;9,774.29;2,502;1,487;2;7.81;0;0;0;8;31.25;8;5;4;0;0;0;4;15.62;4;0;0;0;0;0;0;0;0;5;0;0;1;0;0;1;0;0;0;1;3.9;1;0;0;3;11.72;3;00:06;00:24;00:06;0;0;0;0;0;0;182;54;2;7.81;2;0;0;0;2 minutes;0;4;15.62;4;8;31.25;0;29%;0;100%
iArctos;4294;12;19.66;0;5%;4;4;4;0.01;8,013;13,129.17;7,156;7,156;2;3.27;0;0;0;10;16.38;9;9;5;0;0;0;2;3.27;2;1;1;0;0;0;0;0;0;9;0;0;2;0;2;1;0;0;0;0;0;0;0;0;2;3.27;2;00:02;00:03;00:02;0;0;0;0;0;0;213;74;0;0;0;0;0;0;5 minutes;00:56;4;6.55;4;9;14.74;0;34%;31%;8%
II Scar3CroW;2790;118;38.72;0;6%;57;16;15;0.02;33,364;10,950.49;5,729;3,527;25;8.2;0;0;0;73;23.95;19;9;2.92;0;0;0;24;7.87;7;2;3;0;1;0;0;0;0;9;0;0;5;2;1;2;0;0;0;8;2.62;2;3;1;32;10.5;13;03:57;01:17;01:46;0;0;0;0;0;0;2,645;874;4;1.31;2;0;0;0;37 minutes;06:05;39;12.8;9;52;17.06;0;33%;47%;49%
ItsCONRAD;3497;25;9.92;0;5%;43;11;11;0.02;24,139;9,583.16;5,988;5,975;16;6.35;0;0;0;38;15.08;13;12;2.37;0;0;0;17;6.74;6;1;3;1;1;0;0;0;0;12;0;0;5;2;1;2;1;0.39;1;5;1.98;3;0;0;11;4.36;6;00:20;00:08;00:10;0;0;0;0;0;0;1,937;728;6;2.38;2;0;0;0;24 minutes;01:14;29;11.51;10;22;8.73;0;37%;92%;24%
J Smoooove;2634;140;26.44;2;7%;102;27;27;0.02;46,846;8,850.45;4,681;3,926;45;8.5;0;0;0;144;27.2;20;14;3.2;0;0;0;52;9.82;9;3;5;0;2;0;0;0;0;14;0;0;12;4;4;4;0;0;0;19;3.58;4;3;3;54;10.2;8;00:52;00:09;00:09;0;0;0;0;0;0;4,545;1,420;15;2.83;3;0;0;0;1 hour;06:10;73;13.79;12;107;20.21;0;31%;47%;42%
JEFFOKEKE360;2192;13;15.89;0;5%;5;3;2;0.01;6,593;8,061.97;3,377;3,377;3;3.66;0;0;0;21;25.68;18;18;7;0;0;0;7;8.56;5;0;1;0;1;0;0;0;0;18;0;0;2;1;1;0;0;0;0;2;2.44;2;0;0;9;11;8;00:03;00:03;00:02;0;0;0;0;0;0;354;99;1;1.22;1;0;0;0;7 minutes;0;13;15.89;10;9;11;0;27%;21%;61%
Kingg Tuttle;0;2;30.92;0;0;0;0;0;0;50;773.14;50;50;2;30.92;0;0;0;0;0;0;0;0;0;0;0;0;0;0;0;0;0;0;0;0;0;0;0;0;0;0;0;0;0;0;0;0;0;0;0;0;0;0;0;0;00:10;02:40;00:09;0;0;0;0;0;0;20;0;0;0;0;0;0;0;47.866278041154146 seconds;0;0;0;0;0;0;0;0;0;44%
LanceHasPants;3461;168;19.04;3;6%;31;18;10;0;24,661;2,795.05;6,773;3,142;100;11.33;0;0;0;35;3.96;11;6;0.35;0;16;0;9;1.02;4;9;9;0;0;0;0;0;0;6;0;0;11;5;2;4;0;0;0;2;0.22;1;0;0;9;1.02;3;01:03;00:07;00:19;0;0;0;0;0;0;1,714;502;3;0.34;1;0;0;0;1 hour;0;18;2.04;8;25;2.83;0;29%;47%;0
Lefty Supremacy;2323;2;5.41;0;2%;2;1;1;0.01;2,156;5,836.18;1,232;924;3;8.12;0;0;0;2;5.41;2;2;0.66;0;0;0;1;2.7;1;0;0;0;0;0;0;0;0;2;0;0;1;0;0;1;0;0;0;0;0;0;0;0;0;0;0;00:03;00:10;00:03;0;0;0;0;0;0;196;84;0;0;0;0;0;0;2 minutes;0;2;5.41;2;1;2.7;0;42%;42%;0
LILTEAP0T4;0;23;45.67;0;1%;2;2;2;0;13,275;26,364.13;13,275;5,263;4;7.94;0;0;0;10;19.85;10;3;2.5;0;0;0;4;7.94;4;1;1;0;0;0;0;0;0;3;0;0;2;1;1;1;2;3.97;2;0;0;0;0;0;2;3.97;2;00:22;00:45;00:22;0;0;0;0;0;0;458;169;2;3.97;2;0;0;0;7 minutes;0;6;11.91;6;10;19.85;0;36%;0;0
limmme;3478;4;15.54;0;14%;1;1;1;0.01;747;2,903.02;747;565;2;7.77;0;0;0;1;3.88;1;1;0.5;0;0;0;0;0;0;0;0;0;0;0;0;0;0;1;0;0;0;0;0;0;0;0;0;0;0;0;0;0;1;3.88;1;0;0;0;0;0;0;0;0;0;31;7;0;0;0;0;0;0;1 minute;0;0;0;0;1;3.88;0;22%;22%;0
MajorCris;3262;0;0;0;3%;4;3;3;0.01;5,518;7,758.43;3,963;3,963;2;2.81;0;0;0;13;18.27;10;10;6.5;0;0;0;4;5.62;4;0;1;0;1;0;0;0;0;10;0;0;2;0;1;0;0;0;0;1;1.4;1;0;0;5;7.02;3;00:11;00:16;00:11;0;0;0;0;0;0;407;124;0;0;0;0;0;0;5 minutes;0;7;9.84;4;10;14.05;0;30%;0;100%
MattPisto;4039;4;15.65;0;5%;1;1;1;0.01;668;2,615.56;668;668;0;0;0;0;0;3;11.74;3;3;0;0;0;0;1;3.91;1;0;0;0;0;0;0;0;0;3;0;0;0;0;0;0;0;0;0;0;0;0;0;0;2;7.82;2;00:06;00:26;00:06;0;0;0;0;0;0;70;20;0;0;0;0;0;0;1 minute;0;2;7.82;2;2;7.82;0;28%;0;100%
Maxxon Charge;3705;10;10.65;0;8%;21;10;7;0.03;8,006;8,529.58;3,821;2,814;6;6.39;0;0;0;13;13.85;4;4;2.16;0;0;0;9;9.58;3;0;1;0;1;0;0;0;0;4;0;0;2;1;0;1;0;0;0;0;0;0;0;0;3;3.19;2;00:04;00:04;00:02;0;0;0;0;0;0;846;259;3;3.19;2;0;0;0;9 minutes;01:01;10;10.65;3;6;6.39;0;30%;37%;55%
Medvescek;3421;7;14.35;0;3%;4;4;3;0.01;4,281;8,779.44;4,281;2,508;1;2.05;0;0;0;9;18.45;9;6;9;0;0;0;5;10.25;5;0;0;0;0;0;0;0;0;6;0;0;1;0;1;0;0;0;0;1;2.05;1;0;0;0;0;0;0;0;0;0;0;0;0;0;0;401;117;0;0;0;0;0;0;3 minutes;0;6;12.3;6;6;12.3;0;29%;29%;0
mnizzle4;2719;14;15.06;0;2%;6;3;2;0;13,152;14,148.93;8,004;5,382;8;8.6;0;0;0;30;32.27;18;12;3.75;0;0;0;11;11.83;8;0;1;0;1;0;0;0;0;12;0;0;4;1;3;0;0;0;0;1;1.07;1;0;0;9;9.68;9;00:19;00:21;00:19;0;0;0;0;0;0;896;206;3;3.22;2;0;0;0;11 minutes;02:09;15;16.13;10;22;23.66;0;22%;8%;53%
Nasty0303;2662;62;11.21;2;6%;38;11;7;0;54,048;9,772.32;7,851;4,427;55;9.94;0;0;0;123;22.23;20;10;2.23;0;1;0;38;6.87;7;3;6;0;2;0;0;0;0;10;0;0;14;6;4;3;0;0;0;17;3.07;5;0;0;51;9.22;12;01:52;00:20;00:24;0;0;0;0;0;0;2,443;556;15;2.71;3;0;0;0;1 hour;02:48;37;6.68;7;110;19.88;0;22%;47%;31%
Nicochik77;2886;95;23.43;3;3%;22;8;6;0;37,368;9,216.84;7,244;5,712;22;5.42;0;0;0;120;29.59;25;20;5.45;0;0;0;47;11.59;10;1;4;0;3;0;0;0;0;20;0;0;12;3;6;3;1;0.24;1;19;4.68;5;3;2;48;11.83;16;00:37;00:09;00:14;0;0;0;0;0;0;2,108;580;16;3.94;6;0;0;0;41 minutes;09:25;57;14.05;16;92;22.69;0;27%;38%;63%
Ohdyn;0;91;15.45;3;7%;65;14;14;0.02;42,143;7,155.47;6,742;6,742;19;3.22;0;0;0;138;23.43;25;25;7.26;0;0;0;60;10.18;12;1;6;0;5;0;0;0;0;25;0;0;11;4;2;4;1;0.16;1;17;2.88;4;4;1;34;5.77;11;00:27;00:04;00:13;0;0;0;0;0;0;2,972;927;17;2.88;4;0;0;0;45 minutes;05:15;61;10.35;14;99;16.8;0;31%;40%;83%
Ouijaveli;4071;1;5.96;0;0;0;0;0;0;77;456.58;77;47;1;5.96;0;0;0;1;5.96;1;1;1;0;0;0;1;5.96;1;0;0;0;0;0;0;0;0;1;0;0;0;0;0;0;0;0;0;0;0;0;0;0;0;0;0;0;0;0;0;0;0;0;0;0;0;0;1;5.96;1;0;0;0;49.366126959212124 seconds;0;0;0;0;1;5.96;0;0;0;0
ParalyzingFrost;3000;4;12.37;0;8%;11;11;11;0.04;4,511;13,953.92;4,511;4,511;1;3.09;0;0;0;4;12.37;4;4;4;0;0;0;3;9.28;3;0;0;0;0;0;0;0;0;4;0;0;1;0;0;0;0;0;0;0;0;0;0;0;1;3.09;1;00:32;01:39;00:32;0;0;0;0;0;0;386;135;1;3.09;1;0;0;0;3 minutes;0;4;12.37;4;0;0;0;34%;0;0
Ponders;3669;1;4.33;0;0;0;0;0;0;627;2,715.85;330;330;2;8.66;0;0;0;3;12.99;2;2;1.5;0;0;0;1;4.33;1;0;0;0;0;0;0;0;0;2;0;0;0;0;0;0;0;0;0;0;0;0;0;0;0;0;0;0;0;0;0;0;0;0;0;0;46;10;0;0;0;0;0;0;1 minute;0;2;8.66;1;1;4.33;0;21%;22%;0
pooptasticpoop;4015;7;55.9;0;2%;1;1;1;0;3,026;24,165.71;3,026;3,026;2;15.97;0;0;0;4;31.94;4;4;2;0;0;0;2;15.97;2;0;0;0;0;0;0;0;0;4;0;0;0;0;0;0;0;0;0;0;0;0;0;0;1;7.98;1;00:01;00:08;00:01;0;0;0;0;0;0;137;44;0;0;0;0;0;0;1 minute;0;3;23.96;3;3;23.96;0;32%;0;0
qosh;3520;32;34.76;1;4%;9;6;6;0.01;10,739;11,666.21;6,510;4,880;3;3.25;0;0;0;23;24.98;18;15;7.66;0;0;0;6;6.51;4;0;1;0;0;0;0;0;0;15;0;0;2;0;1;1;0;0;0;6;6.51;4;0;0;6;6.51;3;00:06;00:06;00:03;0;0;0;0;0;0;525;193;1;1.08;1;0;0;0;12 minutes;0;15;16.29;11;14;15.2;0;36%;44%;47%
Red Faze;3559;15;30.59;0;3%;1;1;1;0;3,516;7,170.2;3,516;2,810;2;4.07;0;0;0;7;14.27;7;5;3.5;0;0;0;2;4.07;2;0;0;0;0;0;0;0;0;5;0;0;0;0;0;0;0;0;0;0;0;0;0;0;0;0;0;0;0;0;0;0;0;0;0;0;156;29;1;2.03;1;0;0;0;6 minutes;0;2;4.07;2;7;14.27;0;18%;0;100%
Repure;4125;66;30.93;1;6%;46;20;19;0.03;25,365;11,889.82;8,101;4,987;13;6.09;0;0;0;59;27.65;20;14;4.53;0;0;0;23;10.78;7;0;2;0;2;0;0;0;0;14;0;0;6;1;4;1;1;0.46;1;9;4.21;3;0;0;18;8.43;6;00:36;00:17;00:17;0;0;0;0;0;0;2,287;751;6;2.81;3;0;0;0;25 minutes;05:17;41;19.21;15;38;17.81;0;32%;42%;80%
s2k l Barbie l;0;17;22.58;1;2%;2;2;2;0;5,036;6,689.71;3,965;3,444;4;5.31;0;0;0;22;29.22;21;19;5.5;0;0;0;6;7.97;6;0;1;0;1;0;0;0;0;19;0;0;2;1;0;1;0;0;0;1;1.32;1;0;0;12;15.94;12;00:05;00:07;00:05;0;0;0;0;0;0;361;79;0;0;0;0;0;0;8 minutes;00:54;9;11.95;8;19;25.23;0;21%;13%;71%
Scuffs;4155;2;9.21;0;0;0;0;0;0;1,280;5,902.48;1,280;1,280;1;4.6;0;0;0;1;4.6;1;1;1;0;0;0;1;4.6;1;0;0;0;0;0;0;0;0;1;0;0;1;0;0;0;0;0;0;0;0;0;0;0;0;0;0;0;0;0;0;0;0;0;0;0;31;13;0;0;0;0;0;0;1 minute;0;1;4.6;1;1;4.6;0;41%;41%;0
Sillik79;2293;7;8.68;0;6%;2;2;2;0;2,674;3,318.67;1,874;1,254;4;4.96;0;0;0;12;14.89;11;6;3;0;0;0;5;6.2;5;0;0;0;1;0;0;0;0;6;0;0;0;0;0;0;0;0;0;4;4.96;4;3;1;5;6.2;5;00:06;00:08;00:05;0;0;0;0;0;0;253;29;1;1.24;1;0;0;0;18.084040019661188 seconds;0;3;3.72;3;9;11.16;0;11%;10%;73%
SirJamesParker;4540;42;42.43;0;6%;40;29;16;0.05;20,950;21,166.6;13,093;7,857;4;4.04;0;0;0;34;34.35;22;12;8.5;0;0;0;16;16.16;10;0;1;0;1;0;0;0;0;12;0;0;3;0;1;2;1;1.01;1;6;6.06;4;0;0;14;14.14;12;00:36;00:37;00:31;0;0;0;0;0;0;1,204;596;5;5.05;3;0;0;0;12 minutes;08:13;29;29.29;18;17;17.17;0;49%;46%;100%
Skittle Kitteh;3686;5;24;0;0;0;0;0;0;211;1,014.9;211;211;0;0;0;0;0;2;9.6;2;2;0;0;0;0;1;4.8;1;0;0;0;0;0;0;0;0;2;0;0;0;0;0;0;0;0;0;0;0;0;0;0;0;0;0;0;0;0;0;0;0;0;0;0;6;0;0;0;0;0;0;0;1 minute;0;0;0;0;2;9.6;0;0;0;100%
SnarkyShark747;0;17;21.49;0;11%;4;4;4;0;3,198;4,043.52;3,198;1,383;4;5.05;0;0;0;12;15.17;12;5;3;0;0;0;3;3.79;3;0;1;0;1;0;0;0;0;5;0;0;1;1;0;0;0;0;0;1;1.26;1;0;0;8;10.11;8;00:14;00:18;00:14;0;0;0;0;0;0;529;36;1;1.26;1;0;0;0;8 minutes;0;4;5.05;4;10;12.64;0;6%;0;100%
Spic3mast3r;3050;5;34.49;0;6%;5;5;3;0.03;2,977;20,538.86;2,977;1,660;2;13.79;0;0;0;3;20.69;3;2;1.5;0;0;0;2;13.79;2;0;0;0;0;0;0;0;0;2;0;0;1;0;0;0;0;0;0;0;0;0;0;0;1;6.89;1;00:01;00:09;00:01;0;0;0;0;0;0;188;75;0;0;0;0;0;0;2 minutes;0;2;13.79;2;3;20.69;0;39%;0;0
Spinola94;2367;1;2.11;0;16%;6;6;6;0.02;3,940;8,344.93;3,940;3,940;0;0;0;0;0;12;25.41;12;12;0;0;0;0;7;14.82;7;0;0;0;0;0;0;0;0;12;0;0;1;0;1;0;0;0;0;1;2.11;1;0;0;2;4.23;2;0;0;0;0;0;0;0;0;0;195;37;4;8.47;4;0;0;0;4 minutes;0;6;12.7;6;11;23.29;0;18%;18%;100%
SQ1B;3231;15;25.92;0;0;0;0;0;0;400;691.37;250;160;4;6.91;0;0;0;2;3.45;1;1;0.5;0;0;0;0;0;0;0;1;0;0;0;0;0;0;1;0;0;1;1;0;0;0;0;0;0;0;0;0;0;1;1.72;1;00:10;00:17;00:10;0;0;0;0;0;0;7;1;0;0;0;0;0;0;5 minutes;0;0;0;0;2;3.45;0;14%;0;55%
SupaNoobGuy;3813;5;14.84;0;1%;1;1;1;0;3,766;11,183.47;3,766;2,798;3;8.9;0;0;0;8;23.75;8;4;2.66;0;0;0;2;5.93;2;0;0;0;0;0;0;0;0;4;0;0;1;0;0;0;0;0;0;0;0;0;0;0;2;5.93;2;0;0;0;0;0;0;0;0;0;215;77;1;2.96;1;0;0;0;4 minutes;0;3;8.9;3;7;20.78;0;35%;0;100%
The Shad0w Wolf;3141;5;35.89;0;8%;7;7;4;0.05;2,264;16,255.71;2,264;1,809;2;14.35;0;0;0;1;7.17;1;1;0.5;0;0;0;1;7.17;1;0;0;0;0;0;0;0;0;1;0;0;0;0;0;0;0;0;0;1;7.17;1;0;0;1;7.17;1;00:11;01:24;00:11;0;0;0;0;0;0;179;86;0;0;0;0;0;0;2 minutes;0;1;7.17;1;0;0;0;48%;0;0
tim42n;1779;23;12.44;0;4%;4;4;1;0;12,105;6,550.16;6,686;1,511;19;10.28;0;0;0;35;18.93;20;5;1.84;0;0;0;15;8.11;9;2;2;0;0;0;0;0;0;5;0;0;3;1;0;2;0;0;0;10;5.41;5;0;0;11;5.95;6;00:45;00:24;00:32;0;0;0;0;0;0;671;81;7;3.78;4;0;0;0;22 minutes;0;14;7.57;8;25;13.52;0;12%;14%;0
Toxic Depth;2612;6;11.71;0;3%;5;3;2;0.01;4,878;9,525.57;4,187;1,555;6;11.71;0;0;0;9;17.57;9;4;1.5;0;0;0;5;9.76;5;1;1;0;0;0;0;0;0;4;0;0;2;0;1;1;0;0;0;0;0;0;0;0;3;5.85;3;00:02;00:05;00:02;0;0;0;0;0;0;389;151;2;3.9;2;0;0;0;6 minutes;0;6;11.71;6;5;9.76;0;38%;0;0
Truck555;3000;123;15.27;3;3%;68;13;8;0.01;87,438;10,860.45;10,130;6,401;73;9.06;0;0;0;196;24.34;36;13;2.68;0;2;0;77;9.56;16;3;8;1;4;0;0;0;0;13;0;0;23;6;7;9;1;0.12;1;40;4.96;7;3;1;71;8.81;12;02:42;00:20;00:27;0;0;0;0;0;0;4,742;1,762;16;1.98;3;0;0;0;1 hour;03:02;80;9.93;15;147;18.25;0;37%;45%;46%
TzTM;3759;2;1.99;0;7%;3;3;3;0.04;985;983.84;985;755;2;1.99;0;0;0;3;2.99;3;2;1.5;0;0;0;1;0.99;1;1;1;0;0;0;0;0;0;2;0;0;2;0;1;1;0;0;0;0;0;0;0;0;2;1.99;2;00:03;00:03;00:03;0;0;0;0;0;0;42;38;1;0.99;1;0;0;0;1 minute;00:20;2;1.99;2;1;0.99;0;90%;90%;0%
Veruc;3713;3;5.3;0;0;0;0;0;0;1,222;2,160.84;1,222;664;2;3.53;0;0;0;6;10.6;6;5;3;0;0;0;3;5.3;3;0;0;0;0;0;0;0;0;5;0;0;0;0;0;0;0;0;0;0;0;0;0;0;2;3.53;2;0;0;0;0;0;0;0;0;0;21;5;1;1.76;1;0;0;0;8.46603298932314 seconds;0;0;0;0;6;10.6;0;23%;23%;100%
vKure;4372;20;30.19;0;8%;25;14;7;0.05;5,900;8,908.3;3,733;1,749;6;9.05;0;0;0;11;16.6;8;3;1.83;0;0;0;9;13.58;6;0;1;0;0;0;0;0;0;3;0;0;1;1;0;0;1;1.5;1;5;7.54;3;0;0;1;1.5;1;00:14;00:21;00:09;0;0;0;0;0;0;816;307;2;3.01;2;0;0;0;7 minutes;01:09;9;13.58;6;4;6.03;1;37%;40%;54%
Westside Ryderz;3000;30;16.39;0;2%;7;3;2;0;7,972;4,356.04;2,717;895;21;11.47;0;0;0;18;9.83;7;5;0.85;0;0;0;3;1.63;2;2;2;0;0;0;0;0;0;5;0;0;2;1;1;0;0;0;0;2;1.09;1;0;0;5;2.73;3;02:05;01:08;01:56;0;0;0;0;0;0;1,239;285;1;0.54;1;0;0;0;21 minutes;0;10;5.46;3;8;4.37;0;23%;38%;0%
WSXRQ;3000;5;10.89;0;9%;4;4;4;0.01;1,014;2,210.12;1,014;1,004;1;2.17;0;0;0;6;13.07;6;5;6;0;0;0;0;0;0;0;0;0;0;0;0;0;0;5;0;0;0;0;0;0;0;0;0;0;0;0;0;0;1;2.17;1;00:34;01:15;00:34;0;0;0;0;0;0;166;42;0;0;0;0;0;0;3 minutes;0;1;2.17;1;5;10.89;0;25%;0;100%
Wxnderful;4566;475;30.16;11;5%;307;40;37;0.03;165,346;10,501.51;13,700;8,918;57;3.62;0;0;0;404;25.65;39;20;7.08;0;0;0;160;10.16;17;1;16;1;14;0;0;0;0;20;0;0;47;13;20;14;10;0.63;2;82;5.2;10;3;8;112;7.11;13;10:27;00:39;01:39;0;0;0;0;0;0;14,747;5,408;38;2.41;5;0;0;0;2 hours;43:01;250;15.87;21;275;17.46;1;36%;44%;88%
Xandoid;3063;46;44.53;0;4%;11;6;5;0.01;16,717;16,184.3;8,929;7,788;3;2.9;0;0;0;31;30.01;18;18;10.33;0;0;0;13;12.58;8;0;1;0;1;0;0;0;0;18;0;0;2;0;0;1;0;0;0;5;4.84;4;0;0;8;7.74;5;00:02;00:02;00:01;0;0;0;0;0;0;658;223;4;3.87;3;0;0;0;15 minutes;02:23;19;18.39;10;25;24.2;0;33%;0;100%
xEpk;0;38;38.27;1;4%;39;31;31;0.04;18,946;19,084.7;14,130;14,130;4;4.02;0;0;0;52;52.38;40;40;13;0;0;0;28;28.2;20;0;1;0;1;0;0;0;0;40;0;0;4;1;2;1;2;2.01;2;14;14.1;12;4;1;20;20.14;18;00:25;00:25;00:25;0;0;0;0;0;0;1,841;823;6;6.04;3;0;0;0;14 minutes;08:37;32;32.23;24;33;33.24;0;44%;0;69%
Xvanthious;2465;434;17.59;11;4%;288;24;17;0.01;218,340;8,852.37;9,689;4,875;185;7.5;0;0;0;534;21.65;26;14;2.88;0;1;0;241;9.77;17;9;25;1;14;0;0;0;0;14;0;0;71;24;21;26;8;0.32;2;109;4.41;6;3;4;225;9.12;15;10:27;00:25;00:42;0;0;0;0;0;0;24,905;6,318;84;3.4;6;0;0;0;4 hours;32:41;289;11.71;18;374;15.16;0;25%;41%;57%
XxThaigaxX;2414;15;21.16;1;2%;2;2;1;0;7,806;11,013.12;7,806;2,414;6;8.46;0;0;0;16;22.57;16;6;2.66;0;0;0;7;9.87;7;0;1;0;1;0;0;0;0;6;0;0;3;1;1;1;0;0;0;2;2.82;2;0;0;13;18.34;13;00:47;01:06;00:47;0;0;0;0;0;0;250;72;3;4.23;3;0;0;0;8 minutes;00:07;7;9.87;7;12;16.93;0;28%;28%;100%
XxTORBJORNxX;1223;6,849;8.48;484;5%;921;15;12;0;4,586,321;5,684.02;17,121;10,388;2,075;2.57;0;0;0;14,059;17.42;55;26;6.77;0;32;0;4,713;5.84;18;414;807;58;335;0;0;0;0;26;0;0;1,322;508;347;467;0;0;0;2,261;2.8;14;4;65;5,106;6.32;33;01:53:42;00:08;02:22;0;0;0;0;0;0;517,028;18,146;1,701;2.1;9;2;0;0;150 hours;02:50:06;2,385;2.95;15;13,197;16.35;242;3%;25%;41%
