A Camping Cat;4143;0;1;1;1;0;8%;2;1;1;0;490;456.91;405;365;9;8.39;8;7;4;1;0.93;1;1;0.11;0;0;0;1;0.93;1;1;1;0;0;8,796;8,205;4,861;1,774;1;0;0;1;0;0;1;0;0;0;0;0;0;0;0;0;0;0;00:20;00:19;00:16;3;3;2;7;6.52;5;1,315;1.87;653;0;0;0;80;24;1;0.93;1;0;11 minutes;0;0;0;0;30%;0;39%
A Chill Lamp;4407;0;2;2;1;0;3%;1;1;1;0;531;594.68;330;210;6;6.71;12;13;8;2;2.23;1;1;0.33;0;1;0;0;0;0;0;1;0;1;4,971;5,568;3,111;1,182;1;0;0;1;0;1;0;0;0;0;0;0;0;0;0;1;1.11;1;00:06;00:07;00:05;13;15;12;2;2.23;1;1,055;2.01;804;0;0;0;106;26;0;0;0;0;8 minutes;0;0;0;0;24%;41%;100%
A Large Circle;0;0;0;0;0;1;0;0;0;0;0;0;0;0;0;6;6;4;4;4;0;0;0;0;0;0;0;0;0;0;0;1;1;0;0;8,924;8,924;8,924;4,334;0;0;0;1;0;1;0;0;0;0;0;0;0;0;0;0;0;0;00:06;00:06;00:06;3;3;3;1;1;1;1,037;2.33;1,037;0;0;0;3;0;0;0;0;0;7 minutes;0;0;0;0;0;0;0
A1 Shank Sauce;2684;0;0;0;0;0;0;0;0;0;0;40;36.03;40;40;4;3.6;19;17;19;0;0;0;0;0;0;0;0;0;0;0;0;1;0;1;7,459;6,719;5,774;3,356;0;0;0;2;1;0;1;0;0;0;0;0;0;0;0;0;0;0;00:45;00:41;00:37;5;5;5;6;5.4;4;450;0.76;230;0;0;0;45;2;0;0;0;0;9 minutes;00:05;0;0;0;4%;4%;100%
Abdul Ahkbar;4001;0;1;1;1;1;0;0;0;0;0;410;7,918.14;410;268;1;19.31;13;9;7;1;0.71;1;1;0.11;0;0;0;1;0.71;1;0;0;0;1;9,830;7,005;7,596;3,130;1;0;0;2;1;0;1;0;0;0;0;0;0;0;0;1;0.71;1;00:12;00:08;00:09;12;9;10;13;9.26;11;903;1.17;754;0;0;0;13;2;0;0;0;0;39.05547305010259 seconds;03:10;0;0;0;15%;0;100%
AceSilver143;2260;0;6;6;5;1;10%;6;6;5;0;1,189;1,234.18;700;329;8;8.3;10;10;8;6;6.22;5;4;0.75;0;0;0;4;4.15;4;0;1;0;1;9,546;9,909;7,475;3,260;4;0;0;3;1;1;0;0;0;0;0;0;0;0;0;4;4.15;3;00:23;00:24;00:23;5;5;5;5;5.18;3;1,738;2.24;1,235;0;0;0;162;58;0;0;0;0;12 minutes;0;0;0;0;35%;44%;68%
ACETieFighter;0;0;1;3;1;0;9%;2;2;2;0;515;1,545.11;515;515;1;3;8;24;8;1;3;1;1;1;0;0;0;0;0;0;0;0;0;0;2,411;7,233;2,411;2,128;1;0;0;1;0;0;0;0;0;0;0;0;0;0;0;0;0;0;00:01;00:03;00:01;0;0;0;1;3;1;477;1.98;477;0;0;0;119;21;0;0;0;0;3 minutes;0;0;0;0;17%;17%;100%
ADERALDO25;3677;0;0;0;0;2;6%;1;1;1;0;330;123.93;160;160;16;6;48;18;19;0;0;0;0;0;0;0;0;0;0;0;1;3;0;2;28,784;10,810;9,585;5,218;0;0;0;3;0;1;2;0;0;0;0;0;0;0;0;0;0;0;01:20;00:30;00:34;12;5;5;22;8.26;7;2,421;1.17;919;0;0;0;28;16;0;0;0;0;34 minutes;0;0;0;0;57%;100%;80%
Aeon Bahamut X;3000;0;0;0;0;0;0;0;0;0;0;60;162.87;60;40;7;19;2;5;2;0;0;0;0;0;0;0;0;0;0;0;0;0;0;0;3,773;10,241;3,773;1,214;0;0;0;0;0;0;0;0;0;0;0;0;0;0;0;0;0;0;00:20;00:56;00:20;0;0;0;3;8.14;3;246;0.75;246;0;0;0;21;3;0;0;0;0;5 minutes;0;0;0;0;14%;0;0
alphurr;3397;0;45;3;5;10;7%;48;7;3;0;13,260;832.45;1,456;1,303;91;5.71;207;13;24;45;2.82;5;3;0.49;0;3;0;9;0.56;2;5;16;1;10;148,658;9,333;12,890;6,551;3;0;0;23;5;13;5;0;0;0;0;0;0;0;0;18;1.13;3;08:38;00:32;01:16;68;4;10;98;6.15;11;14,515;1.44;1,134;0;0;0;2,050;679;1;0.06;1;0;2 hours;02:37;0;0;0;33%;53%;62%
apeX Piffiiii;0;0;0;0;0;0;0;0;0;0;0;0;0;0;0;8;8;8;8;8;0;0;0;0;0;0;0;0;0;0;0;1;1;0;0;7,307;7,307;7,307;3,102;0;0;0;1;0;1;0;0;0;0;0;0;0;0;0;0;0;0;00:07;00:07;00:07;4;4;4;5;5;5;556;0.97;556;0;0;0;14;0;0;0;0;0;9 minutes;0;0;0;0;0;0;0
Auzzymandias;3093;0;0;0;0;0;0;0;0;0;0;0;0;0;0;1;8.62;4;34;4;0;0;0;0;0;0;0;0;0;0;0;0;0;0;0;2,629;22,677;2,629;2,629;0;0;0;0;0;0;0;0;0;0;0;0;0;0;0;0;0;0;00:01;00:10;00:01;1;9;1;1;8.62;1;342;2.96;342;0;0;0;0;0;0;0;0;0;1 minute;0;0;0;0;0;0;0
Baby DVs;3824;0;0;0;0;0;0;0;0;0;0;100;354.26;100;100;7;24.79;0;0;0;0;0;0;0;0;0;0;0;0;0;0;0;0;0;0;1,473;5,219;1,473;663;0;0;0;1;1;0;0;0;0;0;0;0;0;0;0;0;0;0;00:14;00:50;00:14;1;4;1;2;7.08;2;172;0.86;172;0;0;0;14;5;0;0;0;0;3 minutes;0;0;0;0;35%;35%;0
BatmanDobbins;3836;0;0;0;0;2;0;0;0;0;0;0;0;0;0;31;8.19;58;15;31;0;0;0;0;0;0;1;0;0;0;0;1;4;0;3;44,214;11,681;15,242;4,835;0;0;0;6;1;3;2;0;0;0;0;0;0;0;0;0;0;0;03:35;00:56;02:27;32;8;15;30;7.92;7;4,848;1.78;1,902;0;0;0;1;0;0;0;0;0;45 minutes;00:02;0;0;0;0;0;70%
BeeVA;2649;0;2;2;1;0;3%;1;1;1;0;475;515.94;190;190;10;10.86;11;12;8;2;2.17;1;1;0.2;0;0;0;1;1.08;1;1;1;0;0;7,419;8,059;4,754;2,406;1;0;0;3;1;0;1;0;0;0;0;0;0;0;0;2;2.17;1;01:00;01:05;00:21;8;9;4;3;3.25;3;1,222;1.68;642;0;0;0;75;26;0;0;0;0;12 minutes;0;0;0;0;34%;39%;20%
C1ZR;4124;0;0;0;0;0;0;0;0;0;0;0;0;0;0;3;12.27;4;16;4;0;0;0;0;0;0;0;0;0;0;0;0;0;0;0;845;3,459;845;788;0;0;0;0;0;0;0;0;0;0;0;0;0;0;0;0;0;0;00:10;00:44;00:10;0;0;0;1;4.09;1;25;0.18;25;0;0;0;0;0;0;0;0;0;2 minutes;0;0;0;0;0;0;2%
ChaosMage251;3000;0;10;2;6;3;4%;3;2;2;0;1,392;324.94;922;602;14;3.26;62;14;16;10;2.33;6;3;0.71;0;0;0;1;0.23;1;0;4;0;4;26,015;6,075;5,606;2,874;3;0;0;7;1;4;2;0;0;0;0;0;0;0;0;4;0.93;2;02:19;00:32;00:48;53;12;17;17;3.96;5;3,001;1.51;832;0;0;0;257;65;1;0.23;1;0;33 minutes;02:09;0;0;0;25%;46%;92%
Chazsy;4156;0;1;4;1;0;14%;1;1;1;0;120;13,808.58;120;120;3;11.11;1;4;1;1;3.7;1;1;0.33;0;0;0;0;0;0;0;0;0;0;2,488;9,219;2,488;1,992;1;0;0;0;0;0;0;0;0;0;0;0;0;0;0;0;0;0;00:02;00:08;00:02;3;11;3;1;3.7;1;70;0.33;70;0;0;0;2;1;0;0;0;0;4.393362000584602 seconds;0;0;0;0;50%;50%;100%
Chopper Le Porc;0;0;74;5;9;8;7%;65;12;4;0;17,630;1,230.17;2,825;780;134;9.35;151;11;23;74;5.16;9;4;0.55;0;0;0;24;1.67;5;7;14;0;7;120,490;8,407;12,077;4,712;4;0;0;25;6;14;5;4;0.27;2;0;0;0;0;0;34;2.37;5;13:38;00:57;01:43;15;1;3;109;7.6;12;18,411;1.64;2,101;0;0;0;2,420;841;5;0.34;1;0;3 hours;20:34;0;0;1;34%;90%;50%
CHRISBREEZY0413;2912;0;3;1;3;1;23%;5;2;2;0;531;170.53;241;200;45;14.45;52;17;19;4;1.28;3;2;0.08;0;0;0;0;0;0;3;3;0;0;35,175;11,297;9,578;3,464;2;0;0;5;3;2;0;0;0;0;0;0;0;0;0;3;0.96;2;05:46;01:51;02:49;26;8;10;31;9.95;9;3,360;1.21;917;0;0;0;39;21;0;0;0;0;46 minutes;00:26;0;0;1;53%;0;0
CM9 PT;3723;0;0;0;0;0;0;0;0;0;0;0;0;0;0;5;6.24;15;19;12;0;0;0;0;0;0;0;0;0;0;0;1;1;0;1;9,744;12,170;8,286;5,465;0;0;0;1;0;0;1;0;0;0;0;0;0;0;0;0;0;0;00:46;00:58;00:31;15;19;12;7;8.74;6;1,274;2.01;1,141;0;0;0;0;0;0;0;0;0;10 minutes;00:02;0;0;0;0;0;100%
Coluge is back;4397;0;0;0;0;0;3%;1;1;1;0;605;3,367.69;605;465;2;11.13;4;22;4;0;0;0;0;0;0;0;0;0;0;0;0;0;0;0;3,483;19,388;3,483;3,281;0;0;0;0;0;0;0;0;0;0;0;0;0;0;0;0;0;0;0;0;0;0;0;0;2;11.13;2;420;2.59;420;0;0;0;56;30;0;0;0;0;2 minutes;0;0;0;0;53%;53%;0
commander 8899;3234;0;3;4;3;0;7%;4;3;2;0;125;456.48;125;125;1;3.65;17;25;14;3;4.34;3;2;0.37;0;0;0;1;1.44;1;0;0;1;0;7,750;11,217;409;2,818;2;0;0;1;0;0;0;0;0;0;0;0;0;0;0;1;1.44;1;00:00;00:02;00:00;8;12;6;5;7.23;3;753;1.1;436;0;0;0;40;1;0;0;0;0;1 minute;0;0;0;0;2%;2%;0
Corey Burlinson;4077;0;0;0;0;0;100%;1;1;1;0;40;118.56;40;40;5;14.82;5;15;5;0;0;0;0;0;0;0;0;0;0;0;0;0;0;0;2,998;8,885;2,998;1,410;0;0;0;0;0;0;0;0;0;0;0;0;0;0;0;0;0;0;00:01;00:04;00:01;8;24;8;4;11.85;4;257;0.81;257;0;0;0;13;1;0;0;0;0;5 minutes;0;0;0;0;7%;0;100%
cougargoalie;3259;0;0;0;0;0;8%;2;2;1;0;520;520;520;240;14;14;14;14;14;0;0;0;0;0;0;0;0;0;0;0;1;1;0;0;9,309;9,309;9,309;1,818;0;0;0;1;0;1;0;0;0;0;0;0;0;0;0;0;0;0;01:05;01:05;01:05;2;2;2;4;4;4;490;0.57;490;0;0;0;152;24;0;0;0;0;14 minutes;0;0;0;0;15%;15%;0
Cyr;2998;0;6;1;2;0;15%;5;2;2;0;747;75.35;240;240;75;7.56;150;15;21;6;0.6;2;2;0.08;0;0;0;2;0.2;1;1;10;1;8;76,438;7,707;8,196;4,794;2;0;0;13;1;3;9;0;0;0;0;0;0;0;0;2;0.2;1;07:12;00:43;01:18;128;13;22;91;9.17;13;7,117;0.86;1,010;0;0;0;132;33;0;0;0;0;2 hours;16:26;0;0;0;25%;30%;84%
DaintyPup921088;2385;0;3;10;3;0;3%;2;2;2;0;1,055;3,437.62;1,055;490;5;16.29;5;16;5;3;9.77;3;1;0.6;0;0;0;0;0;0;0;0;0;0;1,225;3,990;1,225;780;1;0;0;1;1;0;0;0;0;0;0;0;0;0;0;2;6.51;2;00:42;02:19;00:42;0;0;0;2;6.51;2;137;0.51;137;0;0;0;334;52;0;0;0;0;4 minutes;0;0;0;0;15%;0;0
DanGetzBucketz;3306;0;0;0;0;0;0;0;0;0;0;0;0;0;0;5;12.71;10;25;10;0;0;0;0;0;0;0;0;0;0;0;0;0;0;0;4,763;12,109;4,763;1,359;0;0;0;0;0;0;0;0;0;0;0;0;0;0;0;0;0;0;00:54;02:17;00:54;4;10;4;10;25.42;10;288;0.54;288;0;0;0;14;0;0;0;0;0;8 minutes;00:31;0;0;0;0;0;100%
DeftOrthruss;3000;0;1;0;1;1;11%;3;3;2;0;575;235.35;575;315;35;14.32;41;17;28;1;0.4;1;1;0.02;0;0;0;0;0;0;1;2;0;1;27,105;11,094;15,000;4,522;1;0;0;5;2;3;0;0;0;0;0;0;0;0;0;0;0;0;03:40;01:30;02:18;24;10;16;20;8.18;9;2,496;1.22;1,278;0;0;0;128;26;0;0;0;0;34 minutes;04:38;0;0;0;20%;21%;54%
Dog Thanatos;3775;0;2;1;1;1;12%;1;1;1;0;159;92.41;120;120;5;2.9;16;9;13;2;1.16;1;1;0.4;0;0;0;1;0.58;1;0;2;0;1;16,567;9,622;8,134;3,145;1;0;0;3;0;2;1;0;0;0;0;0;0;0;0;0;0;0;00:35;00:20;00:24;7;4;6;6;3.48;5;1,475;1.55;942;0;0;0;33;8;0;0;0;0;15 minutes;00:36;0;0;0;24%;15%;81%
DOMINICKYO;2337;0;2;0;1;0;6%;4;1;1;0;1,359;215.9;235;220;78;12.38;41;7;7;2;0.31;1;1;0.02;0;2;0;1;0.15;1;5;6;1;1;29,668;4,712;4,236;3,111;1;0;0;11;3;3;5;0;0;0;0;0;0;0;0;1;0.15;1;02:55;00:27;00:42;66;10;15;25;3.97;7;4,149;0.86;617;0;0;0;263;62;0;0;0;0;1 hour;01:16;0;0;0;23%;35%;13%
DoubledLizard;2764;0;172;3;15;26;8%;281;19;15;0;72,645;1,412.72;3,323;1,520;521;10.13;854;17;41;178;3.46;15;5;0.34;0;1;0;41;0.79;4;23;51;4;25;519,637;10,105;22,452;5,744;5;0;0;86;18;42;26;2;0.03;1;0;0;0;0;0;84;1.63;9;01:06:31;01:17;03:56;407;8;17;319;6.2;17;60,912;1.54;2,189;0;0;0;10,294;3,309;6;0.11;3;0;10 hours;10:26;0;0;2;32%;100%;47%
DrivebySamura1;3959;0;3;8;3;0;5%;2;2;1;0;682;1,714.09;682;212;4;10.05;12;30;12;3;7.53;3;1;0.75;0;0;0;1;2.51;1;0;0;0;0;3,531;8,874;3,531;1,541;1;0;0;0;0;0;0;0;0;0;0;0;0;0;0;2;5.02;2;00:04;00:11;00:04;5;13;5;3;7.53;3;389;1.12;389;0;0;0;98;38;0;0;0;0;2.565777000039816 seconds;0;0;0;0;38%;0;0
Dub6 Pingouino;3285;0;0;0;0;0;0;0;0;0;0;0;0;0;0;6;0;4;0;4;0;0;0;0;0;0;0;0;0;0;0;0;0;0;0;3,426;0;3,426;1,266;0;0;0;0;0;0;0;0;0;0;0;0;0;0;0;0;0;0;00:57;0;00:57;0;0;0;2;0;2;428;1.19;428;0;0;0;0;0;0;0;0;0;5 minutes;0;0;0;0;0;0;0
Elsayer;0;0;167;4;15;18;9%;197;17;9;0;43,190;1,086.52;2,772;1,165;341;8.57;565;14;31;167;4.2;15;6;0.48;0;0;0;48;1.2;6;23;40;2;16;386,753;9,730;17,382;6,724;6;0;0;66;8;39;18;2;0.05;1;0;0;0;3;1;76;1.91;11;47:09;01:11;02:25;263;7;23;358;9;20;44,417;1.53;2,155;0;0;0;7,155;2,117;12;0.3;2;0;8 hours;57:25;0;0;9;29%;80%;39%
Emit Pain;4339;0;3;3;3;1;18%;2;2;2;0.05;1,542;28,724.83;1,542;1,542;1;18.62;2;2;2;1;18.62;1;1;1;0;0;0;1;18.62;1;0;0;0;0;4,361;4,361;4,361;2,587;1;0;0;0;0;0;0;1;0.99;1;0;0;0;0;0;2;1.99;2;00:14;00:14;00:14;5;5;5;2;1.99;2;617;1.45;617;0;0;0;32;11;1;18.62;1;0;37.812085018493235 seconds;0;0;0;0;34%;20%;100%
EscapeFate Dan;3000;0;3;3;3;0;12%;6;6;5;0;885;885;885;580;10;10;15;15;15;3;3;3;1;0.3;0;0;0;0;0;0;1;1;0;0;7,302;7,302;7,302;2,187;1;0;0;1;0;1;0;0;0;0;0;0;0;0;0;2;2;2;01:58;01:58;01:58;16;16;16;6;6;6;945;1.3;945;0;0;0;143;47;0;0;0;0;12 minutes;01:37;0;0;0;32%;32%;0
Eternal Epoch;0;0;0;0;0;0;0;0;0;0;0;0;0;0;0;10;19.58;11;22;10;0;0;0;0;0;0;0;0;0;0;0;1;1;0;0;5,322;10,421;4,780;2,329;0;0;0;1;0;1;0;0;0;0;0;0;0;0;0;0;0;0;00:28;00:56;00:27;0;0;0;2;3.91;2;427;0.83;408;0;0;0;0;0;0;0;0;0;8 minutes;0;0;0;0;0;0;0
Everforeverr;2752;0;89;1;7;47;6%;73;5;4;0;24,903;381.09;1,651;970;479;7.33;1,170;18;41;92;1.4;7;4;0.19;0;1;0;22;0.33;3;28;65;9;28;783,711;11,993;20,682;9,509;4;0;0;71;4;63;4;3;0.04;1;0;0;0;3;1;36;0.55;4;46:49;00:42;01:47;68;1;7;495;7.57;15;70,948;1.43;2,067;0;0;0;4,176;1,184;5;0.07;1;0;13 hours;10:15;0;0;1;28%;67%;42%
FANCYHOODLUM;3555;0;13;2;3;2;5%;18;3;3;0;7,366;1,364.45;1,060;840;2;38.98;92;17;16;13;2.4;3;3;0.24;0;2;0;2;0.37;2;0;0;0;2;57,076;10,572;9,287;3,436;3;0;0;0;2;4;0;1;0.18;1;0;0;0;0;0;6;1.11;2;09:10;01:42;02:08;22;4;5;31;5.74;5;6,571;1.48;942;0;0;0;1,032;334;0;0;0;0;34.56518099177629 seconds;00:04;0;0;4;32%;25%;29%
Fat Hamm;2576;0;14;2;2;4;4%;9;3;3;0;3,904;550.21;500;500;75;10.57;95;13;12;14;1.97;2;2;0.18;0;0;0;4;0.56;1;4;7;0;3;58,584;8,257;7,792;3,066;2;0;0;12;2;6;4;3;0.42;1;0;0;0;0;0;4;0.56;1;02:45;00:23;01:11;48;7;9;48;6.76;6;5,068;1.01;598;0;0;0;635;191;0;0;0;0;1 hour;05:56;0;0;0;30%;39%;42%
FBorrego;0;0;11;1;4;10;1%;2;2;1;0;2,192;211.74;1,021;1,021;35;3.38;253;24;34;11;1.06;4;4;0.31;0;0;0;4;0.38;2;0;10;0;10;80,096;7,737;9,503;5,233;4;0;0;15;3;10;2;1;0.09;1;0;0;0;0;0;3;0.28;1;07:21;00:42;01:18;106;10;18;50;4.82;10;11,284;2.03;1,705;0;0;0;204;107;0;0;0;0;1 hour;16:28;0;0;0;52%;80%;100%
Ferni;4613;0;14;22;14;0;11%;2;2;2;0.01;1,537;4,606.7;1,537;1,113;3;8.99;12;19;12;4;11.98;4;3;1.33;0;0;0;2;5.99;2;0;0;0;0;2,924;4,631;2,924;1,303;3;0;0;1;1;0;1;0;0;0;0;0;0;0;0;2;5.99;2;00:10;00:32;00:10;10;16;10;2;3.16;2;594;1.74;594;0;0;0;49;17;1;2.99;1;0;3 minutes;0;0;0;0;34%;22%;100%
Fi2;3923;0;3;3;3;1;30%;3;3;3;0;265;269.27;265;175;6;6.1;15;15;7;4;4.06;4;2;0.66;0;0;0;1;1.01;1;1;1;0;0;13,605;13,835;7,643;5,003;2;0;0;1;0;1;0;0;0;0;0;0;0;0;0;3;3.05;3;00:41;00:42;00:37;5;5;3;6;6.1;3;2,063;2.81;1,534;0;0;0;36;10;0;0;0;0;12 minutes;00:20;0;0;0;27%;37%;45%
FotR Ragnarok;2520;0;0;0;0;0;0;0;0;0;0;0;0;0;0;14;12.36;23;20;13;0;0;0;0;0;0;1;0;0;0;0;1;1;0;0;12,595;11,128;7,924;3,770;0;0;0;1;0;1;0;0;0;0;0;0;0;0;0;0;0;0;00:44;00:39;00:37;9;8;5;4;3.53;2;1,834;2.28;1,005;0;0;0;32;0;0;0;0;0;13 minutes;01:00;0;0;0;0;0;0
fusion360elite;2922;0;0;0;0;0;0;0;0;0;0;20;14.77;20;20;8;5.9;6;4;4;0;0;0;0;0;0;0;0;0;0;0;1;1;0;0;8,048;5,944;3,445;1,578;0;0;0;3;1;1;2;0;0;0;0;0;0;0;0;0;0;0;00:34;00:25;00:18;3;2;2;9;6.64;5;584;1.04;307;0;0;0;25;1;0;0;0;0;9 minutes;00:30;0;0;0;4%;0;0
godstomper231;3449;0;0;0;0;0;13%;3;3;3;0;560;1,225.86;410;410;8;17.51;2;4;1;0;0;0;0;0;0;0;0;0;0;0;0;0;0;0;4,155;9,095;2,656;1,372;0;0;0;1;0;1;0;0;0;0;0;0;0;0;0;0;0;0;00:21;00:46;00:16;2;4;1;2;4.37;1;546;1.56;343;0;0;0;58;23;0;0;0;0;5 minutes;0;0;0;0;39%;60%;0
Granty282;2256;0;1;4;1;0;12%;2;2;2;0.01;67;1,146.93;67;67;2;34.08;2;8;2;1;3.82;1;1;0.5;0;0;0;0;0;0;0;0;0;0;2,823;10,789;2,823;1,377;1;0;0;0;0;1;0;0;0;0;0;0;0;0;0;0;0;0;0;0;0;1;4;1;1;3.82;1;347;1.77;347;0;0;0;1;1;0;0;0;0;28.01501597650349 seconds;0;0;0;0;100%;38%;0
I Horizontal I;1948;0;0;0;0;0;1%;1;1;1;0;1,005;1,530.31;1,005;725;9;13.7;10;15;10;0;0;0;0;0;0;0;0;0;0;0;1;1;0;0;1,786;2,719;1,786;485;0;0;0;1;1;0;1;0;0;0;0;0;0;0;0;0;0;0;01:03;01:37;01:03;7;11;7;4;6.09;4;344;0.82;344;0;0;0;73;51;0;0;0;0;6 minutes;0;0;0;0;69%;69%;0
i r a pancake;0;0;0;0;0;0;0;0;0;0;0;0;0;0;0;2;5.12;5;13;5;0;0;0;0;0;0;0;0;0;0;0;0;0;0;0;4,061;10,411;4,061;2,064;0;0;0;2;0;0;1;0;0;0;0;0;0;0;0;0;0;0;00:02;00:06;00:02;1;3;1;1;2.56;1;791;4.61;791;0;0;0;0;0;0;0;0;0;2 minutes;0;0;0;0;0;0;0
iArctos;4294;0;2;3;2;0;16%;3;3;3;0.01;438;593.69;438;438;0;0;4;5;4;2;2.7;2;2;0;0;0;0;1;1.35;1;0;1;0;1;3,027;4,099;3,027;3,027;2;0;0;1;0;1;0;0;0;0;0;0;0;0;0;0;0;0;00:01;00:01;00:01;6;8;6;1;1.35;1;414;1.56;414;0;0;0;54;18;1;1.35;1;0;4 minutes;0;0;0;0;33%;33%;100%
II Scar3CroW;2790;0;1;0;1;0;0;0;0;0;0;660;211.78;560;560;27;8.66;49;16;16;1;0.32;1;1;0.03;0;0;0;0;0;0;2;3;0;1;25,355;8,136;8,446;4,392;1;0;0;4;1;1;2;0;0;0;0;0;0;0;0;0;0;0;05:31;01:46;02:11;46;15;18;21;6.73;8;3,419;1.47;1,369;0;0;0;135;21;0;0;0;0;38 minutes;00:20;0;0;0;15%;62%;21%
II SirMaru II;2461;0;5;11;5;0;11%;5;5;3;0.01;1,051;2,336.56;1,051;521;5;11.11;11;24;11;5;11.11;5;3;1;0;0;0;2;4.44;2;0;0;0;0;7,000;15,558;7,000;4,706;3;0;0;1;0;0;1;0;0;0;0;0;0;0;0;2;4.44;2;01:31;03:22;01:31;0;0;0;3;6.66;3;1,290;2.96;1,290;0;0;0;127;45;0;0;0;0;7 minutes;00:20;0;0;0;35%;35%;0
II Table;3498;0;5;2;2;0;7%;7;3;2;0;2,131;664.27;1,280;680;23;7.16;47;15;13;5;1.55;2;1;0.21;0;0;0;1;0.31;1;1;3;1;2;34,650;10,799;8,160;4,082;1;0;0;4;1;0;3;0;0;0;0;0;0;0;0;1;0.31;1;02:25;00:45;01:31;33;10;11;35;10.9;10;3,683;1.37;997;0;0;0;270;91;0;0;0;0;44 minutes;01:18;0;0;0;33%;31%;53%
iMrT8;2158;0;3;9;3;0;0;0;0;0;0;307;939.78;307;187;3;9.19;1;3;1;3;9.19;3;2;1;0;0;0;2;6.12;2;0;0;0;0;3,760;11,523;3,760;2,348;2;0;0;1;0;1;0;0;0;0;0;0;0;0;0;0;0;0;00:11;00:34;00:11;0;0;0;4;12.25;4;312;1.29;312;0;0;0;63;17;0;0;0;0;3 minutes;0;0;0;0;26%;26%;0
Ind3mnity;2389;0;3;1;3;1;13%;3;2;2;0;521;215.7;300;260;24;9.93;38;16;15;3;1.24;3;3;0.12;0;0;0;0;0;0;1;2;1;0;26,935;11,152;10,098;5,680;3;0;0;4;2;1;1;0;0;0;0;0;0;0;0;2;0.82;2;00:51;00:21;00:24;27;11;11;10;4.14;4;3,015;1.62;1,183;0;0;0;89;23;0;0;0;0;30 minutes;00:59;0;0;0;25%;35%;20%
Irene;0;0;52;1;4;38;12%;78;11;9;0;13,839;307.53;1,137;772;361;8.02;925;21;40;52;1.15;4;2;0.14;0;3;0;23;0.51;2;25;45;1;19;574,755;12,772;26,555;10,228;2;0;0;47;3;44;0;0;0;0;0;0;0;0;0;12;0.26;1;30:09;00:40;02:01;290;6;22;413;9.17;21;49,083;1.39;2,647;0;0;0;2,177;647;6;0.13;2;0;9 hours;01:17:22;0;0;2;29%;53%;42%
iSttoooLen;3977;0;4;1;2;1;18%;10;9;7;0;1,268;427.91;663;663;11;3.71;34;11;12;4;1.35;2;2;0.36;0;1;0;3;1.01;2;0;3;0;3;13,044;4,403;5,229;2,473;2;0;0;4;0;2;3;1;0.33;1;0;0;0;0;0;0;0;0;01:45;00:35;00:30;20;7;12;5;1.68;2;2,273;1.68;628;0;0;0;262;55;1;0.33;1;0;22 minutes;00:02;0;0;0;20%;29%;100%
ItsCONRAD;3497;0;40;1;4;6;11%;62;8;8;0;11,514;304.29;795;525;345;9.11;502;13;20;41;1.08;4;2;0.11;0;1;0;9;0.23;2;18;38;6;14;318,158;8,409;10,223;4,701;2;0;0;49;14;12;22;0;0;0;0;0;0;0;0;9;0.23;2;19:37;00:31;01:30;358;9;18;314;8.29;12;28,867;0.96;1,394;0;0;0;1,856;518;4;0.1;2;0;8 hours;27:02;0;0;0;27%;75%;36%
iUnExpected;4065;0;0;0;0;0;0;0;0;0;0;0;0;0;0;5;13.22;5;13;5;0;0;0;0;0;0;0;0;0;0;0;0;0;0;0;4,831;12,773;4,831;1,548;0;0;0;1;0;0;0;0;0;0;0;0;0;0;0;0;0;0;00:07;00:19;00:07;3;8;3;1;2.64;1;292;0.88;292;0;0;0;3;0;0;0;0;0;5 minutes;0;0;0;0;0;0;100%
IX HALFBREED XI;2667;0;0;0;0;0;0;0;0;0;0;0;0;0;0;3;11.73;5;20;4;0;0;0;0;0;0;0;0;0;0;0;0;0;0;0;4,036;15,788;2,807;1,575;0;0;0;1;0;0;0;0;0;0;0;0;0;0;0;0;0;0;00:14;00:58;00:14;5;20;4;2;7.82;2;232;0.97;127;0;0;0;0;0;0;0;0;0;3 minutes;0;0;0;0;0;0;0
jacacus4;2717;0;0;0;0;0;0;0;0;0;0;0;0;0;0;2;7.05;0;0;0;0;0;0;0;0;0;0;0;0;0;0;0;0;0;0;2,929;10,337;2,929;1,379;0;0;0;1;0;0;1;0;0;0;0;0;0;0;0;0;0;0;0;0;0;0;0;0;2;7.05;2;389;2.27;389;0;0;0;0;0;0;0;0;0;2 minutes;0;0;0;0;0;0;0
Josh Balzack;3495;0;0;0;0;0;0;0;0;0;0;0;0;0;0;4;7.53;4;8;4;0;0;0;0;0;0;0;0;0;0;0;0;1;0;1;6,946;13,082;6,946;5,133;0;0;0;1;0;0;1;0;0;0;0;0;0;0;0;0;0;0;00:02;00:04;00:02;3;6;3;1;1.88;1;568;1.44;568;0;0;0;0;0;0;0;0;0;6 minutes;0;0;0;0;0;0;100%
KageEinjeruE102;4059;0;0;0;0;0;0;0;0;0;0;0;0;0;0;7;13.05;7;13;7;0;0;0;0;0;0;0;0;0;0;0;1;1;0;0;7,705;14,369;7,705;1,572;0;0;0;1;0;1;0;0;0;0;0;0;0;0;0;0;0;0;00:59;01:50;00:59;1;2;1;8;14.91;8;682;1.41;682;0;0;0;9;0;0;0;0;0;8 minutes;0;0;0;0;0;0;0
KEIHEI;3624;0;2;5;2;0;0;0;0;0;0;85;223.54;85;65;2;5.24;13;34;13;2;5.24;2;2;1;0;0;0;2;5.24;2;0;0;0;0;6,412;16,819;6,412;4,253;2;0;0;0;0;0;0;1;2.62;1;0;0;0;0;0;1;2.62;1;00:51;02:15;00:51;6;16;6;1;2.62;1;667;1.91;667;0;0;0;58;4;0;0;0;0;5 minutes;0;0;0;0;6%;0;100%
killswell;3387;0;3;0;1;9;5%;2;1;1;0;791;27.27;190;190;201;6.93;543;19;39;3;0.1;1;1;0.01;0;3;0;0;0;0;13;29;1;14;295,339;10,185;15,995;6,694;1;0;0;35;4;19;11;0;0;0;0;0;0;0;0;0;0;0;15:46;00:32;01:01;172;6;13;179;6.17;11;28,867;1.42;1,801;0;0;0;187;40;0;0;0;0;5 hours;00:17;0;0;1;21%;23%;49%
Kingg Tuttle;0;0;0;0;0;0;0;0;0;0;0;160;313.39;160;120;7;13.71;11;22;11;0;0;0;0;0;0;0;0;0;0;0;1;1;0;0;5,285;10,352;5,285;1,593;0;0;0;1;0;0;1;0;0;0;0;0;0;0;0;0;0;0;01:19;02:36;01:19;1;2;1;5;9.79;5;575;1.24;575;0;0;0;32;8;0;0;0;0;7 minutes;0;0;0;0;25%;25%;0
KJCagnoli;2883;0;2;4;2;0;0;0;0;0;0;200;377.11;200;140;8;15.08;15;28;15;2;3.77;2;1;0.25;0;0;0;0;0;0;1;1;0;0;6,370;12,011;6,370;1,503;1;0;0;1;0;1;0;0;0;0;0;0;0;0;0;1;1.88;1;00:08;00:16;00:08;2;4;2;5;9.42;5;359;0.72;359;0;0;0;15;12;0;0;0;0;8 minutes;0;0;0;0;80%;0;0
KoolKiran;4414;0;9;2;3;3;14%;8;5;3;0;1,230;296.3;573;319;23;5.54;70;17;19;9;2.16;3;2;0.39;0;0;0;2;0.48;1;0;0;0;4;53,395;12,866;12,953;5,097;2;0;0;0;0;3;2;0;0;0;0;0;0;0;0;5;1.2;2;02:50;00:41;01:28;70;17;23;46;11.08;11;5,251;1.6;1,293;0;0;0;256;54;0;0;0;0;9.203881990164518 seconds;03:11;0;0;0;21%;29%;96%
LanceHasPants;3461;0;1;1;1;1;0;0;0;0;0;15;20.97;15;15;8;11.18;12;17;12;1;1.39;1;1;0.12;0;0;0;1;1.39;1;1;1;0;0;7,887;11,029;7,887;2,007;1;0;0;4;2;1;1;0;0;0;0;0;0;0;0;0;0;0;00:54;01:16;00:54;6;8;6;5;6.99;5;1,128;2.21;1,128;0;0;0;6;1;0;0;0;0;8 minutes;0;0;0;0;16%;16%;0
Lee;3000;0;0;0;0;0;0;0;0;0;0;0;0;0;0;4;12.18;2;6;2;0;0;0;0;0;0;0;0;0;0;0;0;0;0;0;2,172;6,616;1,920;1,917;0;0;0;1;0;0;0;0;0;0;0;0;0;0;0;0;0;0;00:02;00:06;00:02;2;6;1;2;6.09;2;279;1.28;246;0;0;0;0;0;0;0;0;0;3 minutes;0;0;0;0;0;0;54%
LEGENDARYWARIOR;3639;0;4;1;3;0;8%;4;4;4;0;950;230.06;470;470;48;11.62;75;18;31;4;0.96;3;2;0.08;0;0;0;0;0;0;3;4;1;1;42,385;10,264;11,936;3,619;2;0;0;6;2;2;2;0;0;0;0;0;0;0;0;3;0.72;3;05:17;01:16;03:07;39;9;11;25;6.05;9;6,446;1.75;1,955;0;0;0;164;47;0;0;0;0;--;00:02;0;0;0;28%;53%;21%
Libero474;2177;0;0;0;0;3;0;0;0;0;0;0;0;0;0;37;7.23;78;15;23;0;0;0;0;0;0;0;0;0;0;0;4;5;0;1;40,112;7,848;13,736;5,435;0;0;0;5;0;5;0;0;0;0;0;0;0;0;0;0;0;0;02:15;00:26;01:07;36;7;10;32;6.26;10;4,293;1.34;1,342;0;0;0;0;0;0;0;0;0;53 minutes;01:27;0;0;0;0;0;19%
limited death;0;0;0;0;0;1;0;0;0;0;0;763;15,797.6;763;763;1;20.7;59;15;14;0;0;0;0;0;0;0;0;0;0;0;2;0;0;0;35,645;8,852;7,628;2,576;0;0;0;0;4;3;0;0;0;0;0;0;0;0;0;0;0;0;06:15;01:33;01:35;77;19;13;35;8.69;7;4,564;1.23;1,246;0;0;0;23;5;0;0;0;0;46.631996028125286 seconds;03:46;0;0;0;21%;12%;100%
limmme;3478;0;17;1;4;5;6%;15;4;4;0;4,508;243.5;1,085;850;148;7.99;367;20;30;17;0.91;4;3;0.11;0;0;0;3;0.16;2;6;19;1;11;197,918;10,692;13,869;4,801;3;0;0;23;4;11;8;1;0.05;1;0;0;0;0;0;11;0.59;2;13:12;00:42;01:36;62;3;22;165;8.91;14;15,698;1.09;1,411;0;0;0;715;226;0;0;0;0;3 hours;06:39;0;0;0;31%;100%;61%
LORDxSUWU;2857;0;4;2;3;2;14%;10;4;2;0;1,620;790.66;755;455;19;9.27;35;17;17;4;1.95;3;1;0.21;0;1;0;1;0.48;1;1;2;0;1;22,433;10,949;12,329;5,542;1;0;0;2;0;1;1;0;0;0;0;0;0;0;0;1;0.48;1;00:47;00:23;00:23;12;6;6;11;5.36;7;1,894;1.22;1,146;0;0;0;308;69;0;0;0;0;25 minutes;00:01;0;0;0;22%;23%;61%
Lycanz;4036;0;1;0;1;5;5%;1;1;1;0;432;91.7;240;240;29;6.15;71;15;17;1;0.21;1;1;0.03;0;0;0;0;0;0;1;5;0;4;48,012;10,192;11,556;7,244;1;0;0;8;3;4;2;0;0;0;0;0;0;0;0;1;0.21;1;01:30;00:19;00:21;27;6;8;23;4.88;5;3,544;1.32;896;0;0;0;106;20;0;0;0;0;44 minutes;06:01;0;0;0;18%;0;78%
Mano Brawl BR;4015;0;16;2;4;7;21%;15;10;9;0;1,731;187.58;791;721;37;4.01;191;21;32;16;1.73;4;3;0.43;0;0;0;8;0.86;3;0;9;0;9;57,234;6,204;8,724;5,094;3;0;0;14;3;8;4;0;0;0;0;0;0;0;0;2;0.21;1;03:19;00:21;01:21;68;7;24;47;5.09;10;5,789;1.17;1,178;0;0;0;383;70;2;0.21;1;0;1 hour;05:18;0;0;0;18%;28%;99%
Maxxon Charge;3705;0;34;4;4;2;10%;28;5;4;0;6,205;709.61;1,401;681;72;8.23;141;16;14;34;3.88;4;4;0.47;0;0;0;6;0.68;1;3;9;1;5;81,156;9,282;12,855;3,791;4;0;0;18;6;5;6;0;0;0;0;0;0;0;0;7;0.8;1;03:40;00:25;00:49;97;11;13;72;8.23;10;8,086;1.16;1,334;0;0;0;1,055;265;2;0.22;1;0;1 hour;06:35;0;0;0;25%;44%;51%
mcir3000;2958;0;21;3;5;0;5%;23;8;5;0;7,996;1,185.49;1,784;696;49;7.26;65;10;9;21;3.11;5;4;0.42;0;0;0;5;0.74;2;4;7;0;3;46,510;6,896;4,220;2,590;4;0;0;10;2;3;6;0;0;0;0;0;0;0;0;11;1.63;4;04:30;00:40;00:39;79;12;11;32;4.74;6;5,013;1.06;772;0;0;0;984;405;1;0.14;1;0;1 hour;00:35;0;0;0;41%;95%;39%
Mercy MD;2826;0;53;2;9;23;11%;90;11;8;0;15,959;578.32;2,029;1,148;218;7.89;574;21;45;54;1.95;9;6;0.24;0;3;0;22;0.79;4;13;28;1;14;363,044;13,156;21,543;7,422;6;0;0;31;3;26;2;1;0.03;1;0;0;0;0;0;23;0.83;5;23:21;00:50;03:36;143;5;15;253;9.16;23;42,325;2.05;2,427;0;0;0;2,315;791;3;0.1;1;0;5 hours;11:20;0;0;3;34%;85%;51%
MSwn;2339;0;2;1;2;1;11%;5;5;3;0;92;2,643.49;92;92;18;7.01;17;7;5;2;0.77;2;2;0.11;0;0;0;1;0.38;1;0;0;0;0;30,601;11,931;10,250;6,984;2;0;0;3;0;2;1;0;0;0;0;0;0;0;0;0;0;0;00:16;00:06;00:12;5;2;2;17;6.62;5;2,468;1.48;863;0;0;0;10;1;0;0;0;0;16.349919993430376 seconds;0;0;0;0;10%;10%;0
My BRs Dyslexic;3567;0;13;4;5;1;8%;25;15;7;0.01;6,076;2,091.44;3,098;1,743;16;5.5;20;7;6;13;4.47;5;4;0.81;0;0;0;5;1.72;4;1;3;1;0;26,689;9,187;12,513;4,208;4;0;0;4;1;2;2;1;0.34;1;0;0;0;0;0;2;0.68;1;01:10;00:24;00:45;7;2;4;19;6.54;11;3,051;1.46;1,546;0;0;0;885;287;1;0.34;1;0;34 minutes;0;0;0;0;32%;50%;13%
Narfidy;2569;0;4;1;2;1;11%;3;3;3;0;585;160.02;195;195;28;7.65;51;14;11;4;1.09;2;2;0.14;0;0;0;1;0.27;1;1;4;0;3;32,233;8,814;7,481;2,445;2;0;0;6;1;4;2;0;0;0;0;0;0;0;0;1;0.27;1;01:26;00:23;00:25;36;10;12;29;7.93;7;3,426;1.27;979;0;0;0;70;26;0;0;0;0;44 minutes;02:26;0;0;0;37%;100%;75%
Newt Lev;2659;0;5;3;2;0;14%;13;11;6;0;1,810;1,052.53;949;464;14;8.14;27;16;11;5;2.9;2;1;0.35;0;0;0;1;0.58;1;0;0;0;0;19,409;11,287;7,252;4,187;1;0;0;0;0;0;0;0;0;0;0;0;0;0;0;0;0;0;01:52;01:05;01:25;3;2;2;12;6.97;6;2,359;1.68;1,090;0;0;0;12;88;0;0;0;0;23.46470599528402 seconds;0;0;0;1;27%;39%;14%
NGeminiN;3330;0;0;0;0;0;0;0;0;0;0;0;0;0;0;3;18.66;1;6;1;0;0;0;0;0;0;0;0;0;0;0;0;0;0;0;2,390;14,870;2,390;1,994;0;0;0;0;0;0;0;0;0;0;0;0;0;0;0;0;0;0;00:07;00:47;00:07;1;6;1;1;6.22;1;258;1.47;258;0;0;0;0;0;0;0;0;0;2 minutes;0;0;0;0;0;0;0
Nietzsche Nick;3738;0;2;3;2;0;8%;1;1;1;0;285;460.02;285;285;3;4.84;4;6;4;2;3.22;2;2;0.66;0;0;0;1;1.61;1;0;1;0;1;2,955;4,770;2,955;1,584;2;0;0;1;1;1;0;1;1.61;1;0;0;0;0;0;1;1.61;1;00:07;00:12;00:07;1;2;1;1;1.61;1;364;1.5;364;0;0;0;55;12;1;1.61;1;0;4 minutes;0;0;0;0;21%;21%;100%
NitroFPS;4200;0;6;5;5;1;8%;3;2;1;0;704;598.31;417;305;4;3.39;21;18;13;6;5.09;5;3;1.5;0;0;0;2;1.69;1;0;0;0;0;11,771;10,003;7,571;4,053;3;0;0;0;0;1;0;0;0;0;0;0;0;0;0;3;2.54;3;00:16;00:13;00:09;15;13;8;12;10.19;9;1,116;1.75;864;0;0;0;106;34;1;0.84;1;0;10.132493996061385 seconds;02:16;0;0;0;32%;39%;100%
NoT x GER Beans;3390;0;10;1;3;2;7%;8;4;4;0;2,379;265.5;662;572;69;7.7;154;17;26;10;1.11;3;2;0.14;0;3;0;5;0.55;1;3;9;1;5;87,779;9,798;9,655;4,074;2;0;0;12;2;5;4;0;0;0;0;0;0;0;0;3;0.33;2;05:39;00:37;00:58;18;2;6;66;7.36;9;9,786;1.41;1,355;0;0;0;318;109;1;0.11;1;0;1 hour;00:03;0;0;0;34%;85%;56%
ObiwanKi11n00by;3672;0;2;0;1;1;8%;1;1;1;0;260;54.91;180;120;26;5.49;52;11;24;2;0.42;1;1;0.07;0;0;0;0;0;0;4;5;0;0;41,319;8,727;15,299;3,824;1;0;0;4;0;2;2;0;0;0;0;0;0;0;0;0;0;0;01:28;00:18;00:47;37;8;14;29;6.12;10;5,289;1.89;2,327;0;0;0;111;12;0;0;0;0;46 minutes;00:40;0;0;0;10%;0;5%
OfferedAptitude;2547;0;1;1;1;0;0;0;0;0;0;60;74.29;60;60;6;7.42;29;36;19;1;1.23;1;1;0.16;0;0;0;0;0;0;0;1;0;1;14,918;18,473;7,813;6,878;1;0;0;2;0;1;1;0;0;0;0;0;0;0;0;0;0;0;00:46;00:57;00:28;7;9;6;8;9.9;5;1,419;1.9;762;0;0;0;7;3;0;0;0;0;12 minutes;00:03;0;0;0;42%;42%;100%
Ohdyn;0;0;22;6;8;2;8%;16;9;4;0;4,103;1,198.62;1,621;650;21;6.13;56;16;24;22;6.42;8;3;1.04;0;0;0;6;1.75;3;0;3;0;3;19,199;5,609;5,933;2,715;3;0;0;5;2;2;1;0;0;0;0;0;0;0;0;8;2.33;3;01:40;00:29;00:46;41;12;14;18;5.25;6;2,967;1.37;939;0;0;0;852;188;2;0.58;1;0;35 minutes;00:52;0;0;0;22%;23%;100%
Overwatch DVa;3088;0;4;1;3;1;28%;11;9;9;0;125;11,748.16;125;125;27;8.55;29;9;14;5;1.58;3;3;0.18;0;0;0;1;0.31;1;0;0;0;1;34,469;10,922;7,887;5,149;3;0;0;0;0;0;0;0;0;0;0;0;0;0;0;2;0.63;1;02:03;00:39;01:14;14;4;5;25;7.92;7;3,839;1.82;1,386;0;0;0;7;1;0;0;0;0;10.918228989467025 seconds;0;0;0;0;14%;14%;31%
ParalyzingFrost;3000;0;225;3;15;36;12%;320;27;13;0;55,377;742.57;2,715;1,270;613;8.22;1,464;20;39;235;3.15;17;5;0.38;0;7;0;71;0.95;5;33;75;3;39;762,118;10,220;17,773;6,460;5;0;0;76;5;46;25;5;0.06;1;0;0;0;3;1;107;1.43;11;57:16;00:46;01:49;604;8;24;679;9.1;23;56,056;0.94;1,897;0;0;0;10,770;2,470;13;0.17;1;0;16 hours;02:36:04;0;0;1;22%;39%;52%
phantom fluid;2280;0;0;0;0;1;25%;1;1;1;0;100;47.11;100;100;17;8;25;12;9;0;0;0;0;0;0;0;0;0;0;0;0;2;0;2;15,808;7,447;4,955;4,505;0;0;0;5;1;3;1;0;0;0;0;0;0;0;0;0;0;0;00:16;00:07;00:08;3;1;2;11;5.18;5;1,689;1.33;794;0;0;0;10;4;0;0;0;0;21 minutes;00:35;0;0;0;40%;0;78%
pooptasticpoop;4015;0;2;1;2;0;5%;4;3;2;0;1,291;534.52;536;335;19;7.86;26;11;11;2;0.82;2;2;0.1;0;0;0;0;0;0;1;2;0;1;20,646;8,551;8,451;4,282;2;0;0;3;1;0;2;0;0;0;0;0;0;0;0;0;0;0;01:29;00:37;00:37;19;8;9;29;12.01;15;2,604;1.32;733;0;0;0;251;71;0;0;0;0;32 minutes;00:40;0;0;0;28%;23%;53%
PRAXIS UnLeashD;3914;0;11;5;5;0;10%;19;10;4;0;3,486;1,684.85;1,591;915;20;9.66;57;28;24;11;5.31;5;3;0.55;0;0;0;2;0.96;1;1;2;0;1;29,322;14,170;12,429;3,102;3;0;0;2;0;0;2;0;0;0;0;0;0;0;0;7;3.38;3;04:08;01:59;01:50;36;17;19;26;12.56;14;3,843;1.86;1,699;0;0;0;485;174;0;0;0;0;34 minutes;01:15;0;0;0;35%;48%;71%
Prunester;3701;0;0;0;0;1;22%;2;2;2;0;215;138.97;215;180;10;6.46;28;18;11;0;0;0;0;0;0;0;0;0;0;0;0;2;0;1;17,178;11,103;4,940;3,125;0;0;0;3;2;1;1;0;0;0;0;0;0;0;0;0;0;0;01:05;00:42;00:21;18;12;6;11;7.11;5;1,391;1.25;477;0;0;0;22;9;0;0;0;0;18 minutes;01:32;0;0;0;40%;0;76%
Psyhco;4041;0;0;0;0;0;0;0;0;0;0;0;0;0;0;4;8.97;4;9;4;0;0;0;0;0;0;0;0;0;0;0;0;0;0;0;2,073;4,652;2,073;732;0;0;0;1;0;0;0;0;0;0;0;0;0;0;0;0;0;0;00:00;00:00;00:00;0;0;0;3;6.73;3;127;0.63;127;0;0;0;3;0;0;0;0;0;3 minutes;0;0;0;0;0;0;0
PvT Faithful;2370;0;1;1;1;0;0;0;0;0;0;200;182.16;120;120;8;7.28;10;9;7;1;0.91;1;1;0.12;0;0;0;0;0;0;0;1;0;1;5,855;5,333;3,078;1,920;1;0;0;2;1;0;0;0;0;0;0;0;0;0;0;0;0;0;01:32;01:24;01:26;2;2;1;3;2.73;2;517;0.82;478;0;0;0;35;10;0;0;0;0;10 minutes;0;0;0;0;28%;0;100%
qosh;3520;0;0;0;0;0;0;0;0;0;0;0;0;0;0;2;12.89;1;6;1;0;0;0;0;0;0;0;0;0;0;0;0;0;0;0;3,417;22,032;3,417;3,321;0;0;0;0;0;0;0;0;0;0;0;0;0;0;0;0;0;0;00:07;00:48;00:07;2;13;2;2;12.89;2;162;0.8;162;0;0;0;0;0;0;0;0;0;3 minutes;0;0;0;0;0;0;100%
QuantumPlanck;2606;0;5;0;2;8;12%;14;7;7;0;2,762;236.62;1,218;420;81;6.93;174;15;38;5;0.42;2;1;0.06;0;0;0;1;0.08;1;7;12;0;4;124,208;10,641;17,889;6,995;1;0;0;14;2;12;0;0;0;0;0;0;0;0;0;3;0.25;2;08:27;00:43;02:51;38;3;8;45;3.85;12;12,176;1.56;1,734;0;0;0;501;112;0;0;0;0;2 hours;04:07;0;0;0;22%;83%;37%
Rahazlium;3379;0;1;1;1;1;0;0;0;0;0;133;96.51;133;133;5;3.61;32;23;30;1;0.72;1;1;0.2;0;0;0;0;0;0;0;1;0;1;19,676;14,235;17,320;10,941;1;0;0;1;0;1;0;0;0;0;0;0;0;0;0;0;0;0;00:42;00:30;00:35;6;4;6;12;8.68;10;1,057;1.28;833;0;0;0;30;7;0;0;0;0;13 minutes;05:14;0;0;0;23%;23%;100%
REC xD;3854;0;1;0;1;1;22%;8;5;5;0;752;342.67;340;340;20;9.1;48;22;13;1;0.45;1;1;0.05;0;0;0;0;0;0;0;2;0;1;18,107;8,246;5,362;2,720;1;0;0;3;0;1;2;0;0;0;0;0;0;0;0;1;0.45;1;06:20;02:53;02:17;33;15;13;12;5.46;5;2,474;1.31;1,015;0;0;0;132;36;0;0;0;0;31 minutes;01:43;0;0;0;27%;60%;55%
Red Faze;3559;0;50;1;4;55;14%;74;5;5;0;12,529;161.73;658;460;542;6.99;1,515;20;40;56;0.72;4;3;0.1;0;5;0;21;0.27;3;32;77;4;41;979,385;12,643;18,782;8,653;3;0;0;92;11;59;22;2;0.02;1;0;0;0;0;0;18;0.23;4;01:00:39;00:46;02:15;389;5;21;699;9.02;19;87,066;1.44;2,480;0;0;0;2,002;516;4;0.05;1;0;16 hours;20:15;0;0;0;25%;100%;52%
Redopz;2422;0;0;0;0;2;5%;1;1;1;0;400;92.93;140;140;25;5.8;50;12;20;0;0;0;0;0;0;0;0;0;0;0;1;4;0;3;33,492;7,781;11,165;6,525;0;0;0;7;1;3;2;0;0;0;0;0;0;0;0;0;0;0;01:57;00:27;00:39;14;3;6;16;3.71;4;3,041;1.25;868;0;0;0;67;19;0;0;0;0;40 minutes;00:47;0;0;0;28%;100%;74%
RedSlashMarley;2276;0;0;0;0;1;0;0;0;0;0;20;15.76;20;20;8;6.3;17;13;9;0;0;0;0;0;0;0;0;0;0;0;1;1;0;0;7,820;6,163;3,622;3,618;0;0;0;2;0;1;1;0;0;0;0;0;0;0;0;0;0;0;01:26;01:08;01:16;6;5;5;2;1.57;2;1,413;1.94;913;0;0;0;10;1;0;0;0;0;12 minutes;0;0;0;0;10%;0;5%
Rodney2210;2983;0;3;1;2;2;2%;1;1;1;0;894;279.7;629;629;23;7.19;81;25;32;4;1.25;3;3;0.17;0;0;0;1;0.31;1;0;3;1;2;45,964;14,385;15,378;5,378;3;0;0;4;0;3;1;1;0.31;1;0;0;0;0;0;4;1.25;3;05:25;01:41;02:31;17;5;6;22;6.88;10;4,121;1.45;1,497;0;0;0;264;34;0;0;0;0;47 minutes;00:33;0;0;0;12%;23%;62%
Sakaine08;2840;0;88;1;6;48;6%;53;9;6;0;17,252;257.8;1,357;730;576;8.6;1,442;22;42;90;1.34;6;5;0.15;0;2;0;26;0.38;3;29;67;4;33;824,451;12,320;21,656;7,463;5;0;0;75;6;57;12;2;0.02;1;0;0;0;4;1;45;0.67;4;01:04:53;00:58;02:38;127;2;9;508;7.59;19;89,604;1.69;2,911;0;0;0;3,121;820;4;0.05;1;0;14 hours;13:36;0;0;4;26%;75%;49%
Semitaur;3893;0;0;0;0;0;100%;1;1;1;0.03;140;3,723.34;140;140;1;26.59;3;3;3;0;0;0;0;0;0;0;0;0;0;0;0;0;0;0;3,091;3,092;3,091;915;0;0;0;0;0;0;0;0;0;0;0;0;0;0;0;0;0;0;0;0;0;2;2;2;2;2;2;636;1.95;636;0;0;0;7;1;0;0;0;0;26.817067968659103 seconds;0;0;0;0;14%;14%;0
ShadowBandane;0;0;0;0;0;0;0;0;0;0;0;0;0;0;0;2;7.49;15;56;15;0;0;0;0;0;0;0;0;0;0;0;0;0;0;0;5,021;18,811;5,021;4,689;0;0;0;1;1;1;0;0;0;0;0;0;0;0;0;0;0;0;00:19;01:11;00:19;0;0;0;3;11.23;3;510;2.07;510;0;0;0;0;0;0;0;0;0;4 minutes;0;0;0;0;0;0;0
Shmedium Undies;0;0;1;4;1;0;12%;2;2;2;0;460;1,620.41;460;320;2;7.04;9;32;9;1;3.52;1;1;0.5;0;0;0;0;0;0;0;0;0;0;5,320;18,741;5,320;4,871;1;0;0;1;0;0;0;0;0;0;0;0;0;0;0;1;3.52;1;00:16;00:56;00:16;3;11;3;4;14.09;4;770;3.09;770;0;0;0;54;16;0;0;0;0;4 minutes;0;0;0;0;29%;0;100%
Sillik79;2293;0;0;0;0;0;0;0;0;0;0;0;0;0;0;2;12.51;0;0;0;0;0;0;0;0;0;0;0;0;0;0;0;0;0;0;987;6,177;987;578;0;0;0;0;0;0;0;0;0;0;0;0;0;0;0;0;0;0;00:03;00:20;00:03;1;6;1;2;12.51;2;95;0.66;95;0;0;0;5;0;0;0;0;0;2 minutes;0;0;0;0;0;0;0
Skidoushe;1922;0;1;0;1;3;7%;1;1;1;0;240;31.53;140;105;64;8.4;88;12;22;1;0.13;1;1;0.01;0;1;0;0;0;0;4;8;1;3;52,792;6,937;7,862;4,445;1;0;0;10;2;5;3;0;0;0;0;0;0;0;0;0;0;0;07:16;00:57;03:09;44;6;10;17;2.23;4;8,252;1.79;1,265;0;0;0;34;13;0;0;0;0;1 hour;0;0;0;0;38%;0;39%
Skittle Kitteh;3686;0;3;3;2;0;3%;2;1;1;0;1,285;1,273.8;695;415;12;11.89;15;15;7;3;2.97;2;2;0.25;0;0;0;1;0.99;1;0;1;0;1;11,265;11,167;2,849;2,646;2;0;0;1;0;1;0;0;0;0;0;0;0;0;0;0;0;0;00:09;00:09;00:04;6;6;3;6;5.94;2;528;0.61;215;0;0;0;84;60;0;0;0;0;14 minutes;00:05;0;0;0;71%;68%;51%
SlowWhelp151488;4223;0;4;4;3;0;9%;3;2;2;0;501;552.66;335;335;4;4.41;15;17;8;4;4.41;3;3;1;0;0;0;2;2.2;1;0;1;0;1;10,746;11,861;4,995;2,733;3;0;0;1;0;1;0;0;0;0;0;0;0;0;0;1;1.1;1;00:19;00:21;00:10;8;9;4;3;3.31;3;1,394;2;933;0;0;0;121;33;0;0;0;0;11 minutes;00:02;0;0;0;27%;36%;68%
SnarkyShark747;0;0;5;0;2;8;4%;3;1;1;0;1,327;95.04;375;258;131;9.38;275;20;35;5;0.35;2;1;0.03;0;1;0;1;0.07;1;6;14;0;8;136,017;9,742;15,723;6,312;1;0;0;15;2;12;1;0;0;0;0;0;0;0;0;2;0.14;1;11:42;00:50;01:52;6;0;3;79;5.65;11;12,635;1.29;1,805;0;0;0;229;67;0;0;0;0;2 hours;07:17;0;0;0;29%;50%;57%
Snide Chick;0;0;5;1;3;3;3%;3;2;1;0;1,555;451.17;548;220;27;7.83;67;19;26;5;1.45;3;2;0.18;0;0;0;2;0.58;1;2;3;0;1;42,401;12,304;14,189;4,505;2;0;0;4;0;3;1;2;0.58;1;0;0;0;0;0;0;0;0;01:31;00:26;00:30;21;6;12;37;10.73;14;3,208;1.13;1,107;0;0;0;213;78;0;0;0;0;47 minutes;0;0;0;0;36%;73%;41%
SoLo Glitch;0;0;16;1;3;18;12%;16;5;3;0;2,849;90.72;505;260;220;7;685;22;47;16;0.5;3;2;0.07;0;0;0;7;0.22;2;15;31;0;17;304,719;9,705;16,445;6,133;2;0;0;36;6;20;10;0;0;0;0;0;0;0;0;6;0.19;1;25:55;00:49;01:35;154;5;15;247;7.86;18;33,723;1.43;2,615;0;0;0;762;128;1;0.03;1;1;6 hours;57:03;0;0;4;16%;50%;53%
spirit murderer;3425;0;3;2;3;0;7%;2;2;2;0;1,015;806.63;1,015;1,015;4;3.17;16;13;10;3;2.38;3;3;0.75;0;0;0;0;0;0;0;1;0;1;12,511;9,943;7,523;4,613;3;0;0;4;1;1;2;0;0;0;0;0;0;0;0;1;0.79;1;00:45;00:35;00:37;8;6;4;4;3.17;2;729;0.9;407;0;0;0;110;26;0;0;0;0;13 minutes;0;0;0;0;23%;23%;77%
SQ1B;3231;0;0;0;0;1;0;0;0;0;0;0;0;0;0;10;6.43;21;14;9;0;0;0;0;0;0;0;0;0;0;0;1;2;0;1;16,687;10,741;6,184;5,893;0;0;0;3;1;2;0;0;0;0;0;0;0;0;0;0;0;0;01:03;00:41;00:51;1;1;1;7;4.5;3;2,116;1.87;841;0;0;0;14;0;0;0;0;0;18 minutes;0;0;0;0;0;0;61%
StarkBridge;1818;0;0;0;0;4;0;0;0;0;0;260;61.64;260;260;19;4.5;64;15;24;0;0;0;0;0;0;1;0;0;0;0;2;4;1;2;44,991;10,667;12,887;5,392;0;0;0;5;1;4;0;0;0;0;0;0;0;0;0;0;0;0;03:28;00:49;01:10;13;3;5;16;3.79;6;5,956;2.44;2,002;0;0;0;18;13;0;0;0;0;40 minutes;00:02;0;0;0;72%;72%;39%
SupaNoobGuy;3813;0;3;1;1;0;10%;4;3;3;0;876;412.21;390;200;26;12.23;36;17;10;3;1.41;1;1;0.11;0;0;0;0;0;0;1;2;0;0;24,256;11,414;6,448;3,228;1;0;0;4;2;0;1;0;0;0;0;0;0;0;0;0;0;0;00:41;00:19;00:13;3;1;2;22;10.35;7;1,282;0.62;390;0;0;0;252;38;0;0;0;0;34 minutes;00:34;0;0;0;15%;0;22%
SyrioBraavosi;0;0;0;0;0;0;0;0;0;0;0;0;0;0;0;6;18.4;2;6;2;0;0;0;0;0;0;0;0;0;0;0;0;0;0;0;3,748;11,497;3,748;1,165;0;0;0;1;0;0;0;0;0;0;0;0;0;0;0;0;0;0;00:16;00:50;00:16;2;6;2;5;15.33;5;453;1.58;453;0;0;0;0;0;0;0;0;0;4 minutes;0;0;0;0;0;0;0
TaRaNtUlAxBaUeR;0;0;6;9;6;0;7%;5;5;3;0.01;1,403;2,049.06;1,403;524;4;5.84;12;18;12;6;8.76;6;2;1.5;0;0;0;0;0;0;1;1;0;0;6,361;9,289;6,361;2,245;2;0;0;1;0;1;0;0;0;0;0;0;0;0;0;5;7.3;5;00:35;00:52;00:35;3;4;3;6;8.76;6;1,721;3.53;1,721;0;0;0;313;68;0;0;0;0;8 minutes;0;0;0;0;21%;0;0
Tensa;4308;0;2;1;1;2;5%;1;1;1;0;405;164.83;320;180;16;6.51;26;11;15;2;0.81;1;1;0.12;0;0;0;1;0.4;1;0;2;0;2;20,258;8,249;9,148;2,919;1;0;0;3;0;1;2;0;0;0;0;0;0;0;0;0;0;0;00:47;00:19;00:18;39;16;23;20;8.14;8;2,523;1.35;852;0;0;0;60;18;0;0;0;0;30 minutes;0;0;0;0;30%;11%;83%
Th3 B1ack On3;4012;0;0;0;0;0;0;0;0;0;0;0;0;0;0;4;8.09;19;38;19;0;0;0;0;0;0;0;0;0;0;0;0;0;0;0;8,909;18,019;8,909;4,327;0;0;0;0;0;0;0;0;0;0;0;0;0;0;0;0;0;0;01:20;02:42;01:20;0;0;0;3;6.06;3;1,522;2.93;1,522;0;0;0;0;0;0;0;0;0;8 minutes;0;0;0;0;0;0;100%
The Gooner 90;3747;0;167;4;10;11;6%;90;6;6;0;26,570;598.05;1,758;1,643;201;4.52;776;17;34;168;3.78;10;7;0.83;0;0;0;33;0.74;4;1;0;0;0;292,664;6,587;17,988;4,963;7;0;0;0;1;3;0;1;0.02;1;0;0;0;3;3;68;1.53;6;28:47;00:38;02:48;607;14;24;208;4.68;11;18,862;0.66;1,131;0;0;0;3,563;1,301;0;0;0;0;10.755053013563156 seconds;33:35;0;0;0;36%;53%;100%
The Shad0w Wolf;3141;0;6;3;3;1;15%;11;7;3;0;1,525;714.67;828;360;14;6.55;29;14;19;6;2.81;3;3;0.42;0;0;0;3;1.4;2;2;2;0;0;26,145;12,249;13,499;7,951;3;0;0;3;0;2;1;0;0;0;0;0;0;0;0;0;0;0;01:11;00:33;00:55;21;10;17;24;11.24;13;1,742;1.05;633;0;0;0;189;71;0;0;0;0;27 minutes;01:20;0;0;0;37%;28%;0
ThudTheStud;2570;0;14;8;9;1;5%;8;5;2;0;2,946;1,707.56;1,400;550;14;8.11;22;13;11;15;8.69;9;3;1.07;0;0;0;4;2.31;4;0;2;0;2;18,024;10,448;7,421;3,357;3;0;0;2;0;1;1;0;0;0;0;0;0;0;0;8;4.63;4;01:43;01:00;00:44;3;2;3;12;6.95;6;1,675;1.33;799;0;0;0;405;135;2;1.15;2;0;20 minutes;00:01;0;0;0;33%;39%;87%
Thumbless Idiot;0;0;2;3;2;0;6%;4;3;3;0;1,050;1,323.53;805;615;9;11.34;6;8;4;2;2.52;2;1;0.22;0;0;0;0;0;0;1;1;0;0;5,713;7,201;4,277;1,706;1;0;0;2;1;1;1;0;0;0;0;0;0;0;0;0;0;0;00:13;00:17;00:11;1;1;1;9;11.34;8;891;1.6;690;0;0;0;130;59;0;0;0;0;9 minutes;0;0;0;0;45%;33%;0
tonyreece7;2129;0;20;1;5;11;11%;21;7;3;0;4,144;247.02;1,213;318;135;8.04;329;20;43;20;1.19;5;3;0.14;0;3;0;6;0.35;2;8;17;0;9;174,657;10,412;26,313;7,636;3;0;0;18;3;14;1;0;0;0;0;0;0;0;0;9;0.53;4;12:32;00:44;02:08;18;1;6;95;5.66;13;23,226;2.01;3,154;0;0;0;769;179;1;0.05;1;0;3 hours;02:51;0;0;0;23%;42%;52%
Toxic Depth;2612;0;1;0;1;2;0;0;0;0;0;320;135.17;120;120;13;5.49;41;17;26;1;0.42;1;1;0.07;0;0;0;0;0;0;1;2;0;1;16,443;6,946;8,075;3,211;1;0;0;4;1;2;1;0;0;0;0;0;0;0;0;1;0.42;1;01:05;00:27;00:42;7;3;6;11;4.64;5;1,657;1.35;1,045;0;0;0;38;12;0;0;0;0;20 minutes;01:53;0;0;0;31%;66%;42%
Trash Like Me;2600;0;1;1;1;1;12%;1;1;1;0;1,235;16,892.99;1,235;1,235;1;13.67;22;14;12;1;0.65;1;1;0.07;0;0;0;0;0;0;0;0;0;1;10,863;7,158;5,736;3,779;1;0;0;0;0;1;0;0;0;0;0;0;0;0;0;0;0;0;00:36;00:23;00:17;13;9;7;4;2.63;2;1,485;1.63;569;0;0;0;31;9;0;0;0;0;1 minute;0;0;0;0;29%;0;72%
Trooper X46;2102;0;20;7;8;1;12%;25;10;8;0;4,323;1,451.42;1,447;540;37;12.42;52;17;17;20;6.71;8;4;0.54;0;2;0;6;2.01;2;2;3;0;1;39,413;13,232;12,201;4,080;4;0;0;6;1;3;2;1;0.33;1;0;0;0;0;0;12;4.02;6;03:14;01:05;01:33;37;12;25;22;7.38;8;6,267;2.36;1,828;0;0;0;538;199;1;0.33;1;0;44 minutes;03:26;0;0;0;36%;36%;22%
Truck555;3000;0;39;1;5;34;4%;19;3;3;0;8,738;149.19;795;428;547;9.33;1,108;19;38;41;0.7;5;3;0.07;0;5;0;15;0.25;4;26;59;2;31;587,991;10,039;14,480;6,582;3;0;0;81;16;47;19;1;0.01;1;0;0;0;0;0;12;0.2;2;56:06;00:57;02:55;509;9;22;432;7.37;15;58,084;1.31;1,719;0;0;0;1,469;402;1;0.01;1;0;12 hours;01:05:25;0;0;3;27%;100%;53%
TzTM;3759;0;0;0;0;0;0;0;0;0;0;80;200.18;80;60;4;10;2;5;2;0;0;0;0;0;0;0;0;0;0;0;0;0;0;0;2,725;6,819;1,466;971;0;0;0;1;0;0;0;0;0;0;0;0;0;0;0;0;0;0;00:00;00:00;00:00;1;3;1;4;10;2;440;1.4;366;0;0;0;5;4;0;0;0;0;5 minutes;0;0;0;0;80%;0;59%
Vexualy;4256;0;0;0;0;0;11%;2;2;2;0;136;156.45;136;136;2;2.3;2;2;2;0;0;0;0;0;0;0;0;0;0;0;1;1;0;0;4,401;5,063;4,401;3,044;0;0;0;1;0;1;0;0;0;0;0;0;0;0;0;0;0;0;00:17;00:19;00:17;2;2;2;3;3.45;3;556;1.98;556;0;0;0;40;17;0;0;0;0;4 minutes;0;0;0;0;42%;0;0
VicinityStar;0;0;167;2;8;71;8%;125;13;8;0;30,695;319.15;1,550;540;810;8.42;2,164;23;49;167;1.73;8;4;0.2;0;8;0;43;0.44;2;41;96;5;50;1,076,242;11,190;19,896;7,261;4;0;0;102;4;80;17;1;0.01;1;0;0;0;3;1;80;0.83;7;01:26:35;00:54;02:37;281;3;13;770;8;17;73,840;0.96;1,732;0;0;0;4,929;1,508;2;0.02;1;0;21 hours;01:05:34;0;0;1;30%;100%;51%
vKure;4372;0;6;2;2;2;5%;4;2;2;0;1,483;532.65;590;310;22;7.9;43;15;11;6;2.15;2;2;0.27;0;1;0;1;0.35;1;0;3;1;2;29,884;10,734;8,199;5,061;2;0;0;4;1;2;1;0;0;0;0;0;0;0;0;1;0.35;1;01:25;00:30;00:36;18;6;10;24;8.62;9;3,297;1.52;1,374;0;0;0;172;72;1;0.35;1;0;35 minutes;00:20;0;0;0;41%;40%;66%
Wavy as;3466;0;0;0;0;0;0;0;0;0;0;0;0;0;0;3;9.55;2;6;2;0;0;0;0;0;0;0;0;0;0;0;0;0;0;0;2,168;6,906;2,168;1,058;0;0;0;0;0;0;0;0;0;0;0;0;0;0;0;0;0;0;00:07;00:23;00:07;1;3;1;2;6.37;2;239;1.45;239;0;0;0;0;0;0;0;0;0;3.638090990483761 seconds;0;0;0;0;0;0;0
WELSHMANIA;4228;0;3;11;3;0;4%;1;1;1;0;451;1,587.59;451;351;3;10.57;4;14;4;3;10.57;3;3;1;0;0;0;1;3.52;1;0;0;0;0;1,495;5,269;1,495;1,251;3;0;0;0;0;0;0;0;0;0;0;0;0;0;0;0;0;0;00:04;00:15;00:04;4;14;4;3;10.57;3;298;1.06;298;0;0;0;101;22;0;0;0;0;2.0557579956948757 seconds;0;0;0;0;21%;0;100%
Westside Ryderz;3000;0;34;3;6;2;6%;24;5;5;0;8,108;759.02;1,118;685;96;8.98;173;16;30;34;3.18;6;3;0.35;0;0;0;6;0.56;2;3;11;2;5;89,750;8,402;10,467;4,152;3;0;0;16;3;8;5;1;0.09;1;0;0;0;0;0;17;1.59;4;09:35;00:53;02:07;96;9;16;71;6.64;8;9,461;1.08;1,447;0;0;0;1,753;385;0;0;0;0;2 hours;05:43;0;0;0;21%;57%;50%
WHIT3 DYNAMIT3;2806;0;1;1;1;1;19%;5;4;4;0.01;572;695.79;340;340;6;7.29;10;12;10;1;1.21;1;1;0.16;0;0;0;0;0;0;0;1;1;0;5,357;6,517;3,846;2,267;1;0;0;2;0;1;0;0;0;0;0;0;0;0;0;1;1.21;1;00:28;00:34;00:23;4;5;4;9;10.94;7;427;0.87;300;0;0;0;50;26;0;0;0;0;8 minutes;02:10;0;0;2;52%;46%;0
Wookiee Steve;0;0;5;10;5;0;7%;3;3;2;0.01;769;1,472.32;769;436;3;5.74;3;6;3;5;9.57;5;2;1.66;0;0;0;2;3.82;2;0;1;0;1;1,834;3,511;1,834;557;2;0;0;2;1;0;1;0;0;0;0;0;0;0;0;1;1.91;1;00:03;00:07;00:03;0;0;0;1;1.91;1;287;1.16;287;0;0;0;138;42;0;0;0;0;4 minutes;0;0;0;0;30%;0;100%
WSXRQ;3000;0;60;1;4;41;9%;61;6;4;0;14,489;200.45;1,098;825;474;6.55;1,350;19;38;67;0.92;4;2;0.14;0;1;0;20;0.27;3;12;72;0;60;550,086;7,610;12,597;5,715;2;0;0;94;8;47;40;2;0.02;1;0;0;0;0;0;23;0.31;3;49:32;00:41;02:30;717;10;22;417;5.76;13;47,214;0.96;1,611;0;0;0;4,232;662;5;0.06;1;0;--;01:05:17;0;0;0;15%;65%;83%
x man legending;0;0;1,432;4;23;155;10%;1,926;30;16;0;396,825;1,173.97;6,795;1,948;2,641;7.81;6,019;18;47;1,455;4.3;23;9;0.55;0;16;0;397;1.17;9;138;338;0;200;2,941,830;8,703;20,862;6,962;9;0;0;384;28;224;132;33;0.09;2;0;0;0;3;3;528;1.56;11;04:15:35;00:45;02:48;1,447;4;31;3,321;9.82;27;283,705;1.02;2,448;0;0;0;71,852;18,213;83;0.24;2;3;76 hours;10:10:56;0;0;126;25%;47%;59%
Xandoid;3063;0;2;2;2;0;2%;2;1;1;0;1,438;1,513.96;1,118;1,118;2;2.1;5;5;5;2;2.1;2;2;1;0;0;0;2;2.1;2;0;1;0;1;4,697;4,946;3,871;3,335;2;0;0;3;0;0;3;1;1.05;1;0;0;0;0;0;0;0;0;00:14;00:15;00:09;7;7;7;4;4.21;2;380;0.89;246;0;0;0;216;72;0;0;0;0;7 minutes;0;0;0;0;33%;45%;76%
xEpk;0;0;4;4;4;1;3%;2;2;2;0;1,137;1,173.17;1,137;675;11;11.34;13;13;9;4;4.12;4;3;0.36;0;1;0;1;1.03;1;0;1;0;1;8,956;9,239;6,751;2,508;3;0;0;1;0;1;0;0;0;0;0;0;0;0;0;1;1.03;1;00:24;00:24;00:22;5;5;3;7;7.22;7;1,096;1.35;873;0;0;0;124;56;1;1.03;1;0;13 minutes;00:17;0;0;0;45%;46%;100%
xHAZ4RDZx;3383;0;1,116;2;10;287;8%;1,008;13;13;0;249,279;443.64;3,393;1,265;4,883;8.69;8,885;16;41;1,118;1.98;10;6;0.22;0;8;0;385;0.68;5;0;0;38;286;5,545,582;9,870;1,641;8,951;6;0;0;0;93;448;0;10;0.01;1;0;0;0;3;2;433;0.77;6;06:30:34;00:41;02:32;2,398;4;37;5,728;10.19;27;431,201;0.99;2,108;0;0;0;34,054;11,913;40;0.07;1;3;3.5053980061784387 seconds;10:58:59;0;0;50;34%;100%;50%
Xion;0;0;9;5;4;1;2%;6;2;2;0;4,240;2,418.01;1,445;710;25;14.25;17;10;8;9;5.13;4;2;0.36;0;0;0;3;1.71;1;0;0;0;0;16,286;9,289;5,709;2,242;2;0;0;4;2;2;1;0;0;0;0;0;0;0;0;6;3.42;2;00:53;00:30;00:28;13;7;5;18;10.26;6;2,335;1.35;922;0;0;0;6;220;0;0;0;0;1 minute;01:35;0;0;1;40%;31%;100%
xo Mudkips;2062;0;7;0;5;9;5%;4;2;2;0;1,635;80.58;674;474;179;8.82;387;19;47;7;0.34;5;3;0.03;0;3;0;4;0.19;2;15;20;0;6;251,049;12,377;21,326;8,501;3;0;0;20;2;15;4;0;0;0;0;0;0;0;0;3;0.14;3;19:30;00:57;02:15;71;4;10;153;7.54;16;30,401;1.93;2,405;0;0;0;230;79;1;0.04;1;0;4 hours;07:15;0;0;0;34%;91%;27%
Xvanthious;2465;0;2;0;1;7;4%;4;1;1;0;2,365;248.52;540;360;92;9.66;114;12;17;4;0.42;2;1;0.04;0;0;0;2;0.21;1;6;10;0;4;69,617;7,315;9,054;3,325;1;0;0;15;4;7;4;1;0.1;1;0;0;0;0;0;1;0.1;1;06:44;00:42;01:54;10;1;3;43;4.51;6;7,968;1.25;1,254;0;0;0;305;87;0;0;0;0;1 hour;00:40;0;0;0;28%;90%;41%
xXDrosxo13Xx;2950;0;3;1;1;1;6%;3;3;3;0;883;180.1;278;258;48;9.78;62;13;22;3;0.61;1;1;0.06;0;0;0;2;0.4;1;3;5;1;2;50,782;10,354;7,501;4,920;1;0;0;8;1;4;3;0;0;0;0;0;0;0;0;2;0.4;1;01:25;00:17;00:20;35;7;11;21;4.28;5;5,199;1.43;914;0;0;0;120;50;1;0.2;1;0;1 hour;00:02;0;0;0;41%;91%;36%
XxScourgexX1;2567;0;24;3;10;3;6%;15;5;4;0;4,904;642.69;1,495;1,060;65;8.51;82;11;21;24;3.14;10;3;0.36;0;2;0;10;1.31;4;4;8;0;4;48,560;6,364;9,753;2,860;3;0;0;13;5;6;2;0;0;0;0;0;0;0;0;10;1.31;7;03:06;00:24;01:10;71;9;18;35;4.58;6;4,860;1.02;827;0;0;0;579;242;3;0.39;1;0;1 hour;01:03;0;0;0;41%;45%;45%
yayletsplay;2772;0;1;1;1;1;7%;1;1;1;0;290;239.4;270;270;10;8.25;23;19;9;1;0.82;1;1;0.1;0;0;0;0;0;0;0;1;0;1;12,392;10,230;5,745;4,821;1;0;0;2;0;1;1;0;0;0;0;0;0;0;0;0;0;0;01:38;01:21;00:47;14;12;4;9;7.42;4;1,592;1.72;643;0;0;0;24;14;0;0;0;0;15 minutes;02:37;0;0;0;58%;25%;61%
yoyomo5727;2483;0;5;1;3;3;26%;13;8;7;0;1,429;426.15;715;480;22;6.56;54;16;28;5;1.49;3;3;0.22;0;0;0;3;0.89;2;1;3;1;1;28,414;8,476;13,352;6,414;3;0;0;7;1;4;1;0;0;0;0;0;0;0;0;2;0.59;1;03:16;00:58;02:08;13;4;7;14;4.17;10;4,305;2.22;2,636;0;0;0;153;50;1;0.29;1;0;32 minutes;04:16;0;0;0;32%;52%;30%
ZanderzHD;3851;0;24;2;6;10;24%;41;15;6;0;3,849;344.66;969;400;59;5.28;207;19;39;24;2.14;6;3;0.4;0;1;0;5;0.44;2;3;11;0;9;114,194;10,224;20,543;6,826;3;0;0;16;2;10;3;0;0;0;0;0;0;0;0;11;0.98;3;10:14;00:55;01:48;127;11;27;63;5.64;11;9,461;1.25;1,231;0;0;0;620;165;1;0.08;1;0;2 hours;02:03;0;0;0;26%;57%;77%
zRiiCHiiEz;2180;0;2;3;2;1;7%;1;1;1;0;290;471.18;290;290;4;6.49;10;16;10;2;3.24;2;2;0.5;0;0;0;0;0;0;1;1;0;0;4,667;7,583;4,667;2,892;2;0;0;1;1;1;0;0;0;0;0;0;0;0;0;2;3.24;2;00:45;01:14;00:45;3;5;3;4;6.49;4;908;2.66;908;0;0;0;43;14;0;0;0;0;--;0;0;0;0;32%;0;0
