A Bishop;3000;0;0;10%;27;12;10;0.02;4,530;4,809.49;1,906;1,289;7;7.43;10;11;4;31;32.91;17;10;4.42;0;0;0;0;0;0;0;0;0;7;7.43;4;0;1;0;1;9,337;9,913;4,316;2,548;10;0;0;3;2;1;1;0;0;0;0;0;20;21.23;12;02:18;02:26;01:17;2;2;1;2,449;2.66;1,049;0;0;0;0;0;1,201;258;2;2.12;1;18;19.11;11;0;0;0;15 minutes;01:12;0;0;0;21%;24%;66%
A Camping Cat;4143;0;0;3%;4;3;1;0.01;2,032;6,242.52;1,799;585;6;18.43;5;15;4;5;15.36;3;2;0.83;0;0;0;0;0;0;0;0;0;1;3.07;1;0;0;0;0;3,359;10,319;2,797;868;2;0;0;0;0;0;0;0;0;0;0;0;4;12.28;2;00:30;01:33;00:16;1;3;1;829;2.47;646;0;0;0;0;0;480;132;0;0;0;3;9.21;3;0;0;0;5 minutes;0;0;0;0;27%;0;0
A Chill Lamp;4407;0;0;8%;18;2;1;0.01;3,115;6,250.45;1,890;1,511;3;6.02;5;14;5;4;8.02;3;3;1.33;8;16;7;10;20;8;0;0;0;1;2;1;0;0;0;0;782;1,568.75;518;518;3;0;0;1;0;0;0;1;2.85;1;0;0;1;2;1;00:27;00:55;00:14;4;11;4;472;2.39;472;0;0;0;0;0;960;403;0;0;0;6;17.14;6;0;0;0;4 minutes;0;0;0;0;41%;0;100%
A1 Shank Sauce;2684;0;1;3%;56;9;5;0.01;30,454;4,229.52;4,920;2,266;55;7.63;48;7;8;69;9.58;14;6;1.25;0;0;0;0;0;0;0;0;0;8;1.11;2;6;7;0;1;62,836;8,727;11,515;4,897;6;0;0;13;5;4;4;3;0.41;1;0;0;33;4.58;8;08:21;01:09;01:42;25;3;5;13,821;3.25;2,555;0;0;0;0;0;7,210;1,678;1;0.13;1;76;10.55;14;0;0;0;1 hour;04:20;0;0;0;23%;37%;12%
Abdul Ahkbar;4001;0;0;4%;12;7;4;0.01;5,998;6,059.65;3,800;1,769;6;6.06;7;7;4;23;23.23;13;7;3.83;0;0;0;0;0;0;0;0;1;3;3.03;2;0;1;0;1;9,312;9,408;5,309;2,112;7;0;0;2;2;0;0;1;1.01;1;0;0;9;9.09;5;02:31;02:32;01:24;12;12;8;1,982;2.74;1,067;0;0;0;0;0;922;292;1;1.01;1;19;19.19;10;0;0;0;12 minutes;00:02;0;0;0;31%;22%;100%
Abundant Elk;3003;0;8;5%;185;32;12;0.02;60,909;5,866.13;11,075;3,242;82;7.89;131;13;21;155;14.92;38;15;1.89;0;0;0;0;0;0;0;1;3;24;2.31;4;5;10;0;5;115,558;11,129;18,054;6,803;15;0;0;21;1;11;8;3;0.28;1;0;0;75;7.22;22;13:30;01:18;02:51;2;0;1;24,820;3.46;3,416;0;0;0;0;0;11,306;3,475;2;0.19;1;151;14.54;30;0;0;0;1 hour;09:32;0;0;5;30%;54%;48%
AceSilver143;2260;0;10;6%;362;43;19;0.02;90,282;4,571.5;9,311;1,966;200;10.12;285;14;26;288;14.58;25;10;1.44;0;0;0;0;0;0;0;1;5;65;3.29;8;8;20;0;11;236,493;11,975;25,250;6,181;10;0;0;48;8;26;15;0;0;0;4;1;184;9.31;21;38:52;01:58;03:55;11;1;3;50,518;3.3;5,788;0;0;0;0;0;17,966;5,579;2;0.1;1;287;14.53;32;0;0;0;4 hours;15:21;0;0;5;31%;48%;56%
ACETieFighter;0;0;1;8%;40;40;9;0.02;10,051;10,051.03;10,051;1,448;19;18.99;34;34;34;55;54.99;55;11;2.89;0;0;0;0;0;0;0;0;3;11;10.99;11;0;1;0;1;18,278;18,278;18,278;3,364;11;0;0;4;1;1;2;0;0;0;0;0;35;34.99;35;03:05;03:05;03:05;5;5;5;4,780;3.38;4,780;0;0;0;0;0;1,588;497;1;0.99;1;25;24.99;25;0;0;0;23 minutes;04:47;0;0;0;31%;31%;100%
Aeon Bahamut X;3000;0;0;0%;2;2;1;0;3,932;6,786.22;3,276;2,062;5;8.62;5;9;5;10;17.25;10;4;2;0;0;0;0;0;0;0;1;2;3;5.17;3;0;1;0;0;7,772;13,414;6,564;2,187;4;0;0;1;0;1;0;0;0;0;0;0;4;6.9;4;00:02;00:04;00:02;0;0;0;1,347;2.67;897;0;0;0;0;0;615;217;2;3.45;2;11;18.98;11;0;0;0;8 minutes;00:42;0;0;0;35%;0;15%
AiNoPoltergeist;2508;0;0;4%;7;2;2;0.01;2,725;1,655.78;1,065;609;7;4.25;12;7;5;7;4.25;3;3;1;0;0;0;0;0;0;0;0;0;1;0.6;1;1;2;0;0;5,494;3,339;1,770;1,091;3;0;0;2;1;1;1;1;0.6;1;0;0;6;3.64;3;01:33;00:56;00:35;0;0;0;1,792;3.76;685;0;0;0;0;0;768;163;0;0;0;4;2.43;3;0;0;0;7 minutes;02:18;0;0;2;21%;28%;29%
alphurr;3397;0;6;6%;225;41;8;0.01;67,344;4,191.29;7,738;1,996;125;7.77;258;16;32;233;14.5;30;8;1.86;0;0;0;0;0;0;0;5;11;36;2.24;4;5;16;0;11;169,033;10,520;21,076;4,248;8;0;0;37;3;25;9;5;0.31;1;4;1;120;7.46;17;29:41;01:50;03:59;70;4;10;28,574;2.28;3,348;0;0;0;0;0;13,358;3,531;4;0.24;2;262;16.3;40;0;0;0;3 hours;06:22;0;0;0;26%;49%;65%
AM Presque;0;0;1;5%;17;17;7;0.02;5,438;6,431.37;5,438;1,982;4;4.73;17;20;17;26;30.74;26;14;6.5;0;0;0;0;0;0;0;0;0;7;8.27;7;0;1;0;1;4,684;5,540;4,684;1,554;14;0;0;3;2;0;2;0;0;0;0;0;17;20.1;17;01:54;02:15;01:54;1;1;1;1,592;2.13;1,592;0;0;0;0;0;957;315;1;1.18;1;6;7.09;6;0;0;0;12 minutes;01:22;0;0;0;32%;32%;100%
ArvmaZing;0;0;4;5%;44;18;5;0.01;15,298;3,824.5;4,973;1,661;53;13.25;47;12;18;49;12.25;16;4;0.92;0;0;0;0;0;0;0;2;4;13;3.25;5;2;4;0;2;55,490;13,873;18,674;3,726;4;0;0;10;1;7;2;0;0;0;0;0;32;8;13;09:33;02:23;04:09;3;1;3;11,701;3.66;4,133;0;0;0;0;0;2,941;737;3;0.75;2;67;16.75;22;0;0;0;53 minutes;02:25;0;0;0;25%;28%;49%
Asco HD;2385;0;2;4%;79;19;13;0.01;29,320;4,806.15;4,662;2,518;31;5.08;40;7;8;84;13.76;18;13;2.7;0;0;0;0;0;0;0;0;1;18;2.95;4;3;6;0;3;60,178;9,865;10,208;5,395;13;0;0;11;4;5;2;0;0;0;0;0;36;5.9;12;04:58;00:48;01:04;7;1;3;9,242;2.18;1,727;0;0;0;0;0;6,085;1,716;1;0.16;1;74;12.13;16;0;0;0;1 hour;01:48;0;0;0;28%;40%;42%
Aspire Leo;4244;0;6;6%;467;43;14;0.02;136,209;6,727.82;8,114;4,464;204;10.07;287;14;21;366;18.07;32;12;1.79;0;0;0;0;0;0;0;0;5;74;3.65;9;10;20;1;10;215,992;10,669;13,290;6,795;12;0;0;61;14;22;24;9;0.44;2;3;1;174;8.59;20;49:38;02:27;03:35;175;9;14;42,625;2.54;2,626;0;0;0;0;0;18,809;7,435;0;0;0;358;17.68;27;0;0;0;4 hours;23:35;0;0;2;39%;67%;49%
Auzzymandias;3093;0;0;7%;42;19;9;0.02;9,978;5,190.28;3,556;1,339;22;11.44;25;13;11;33;17.16;14;6;1.5;0;0;0;0;0;0;0;1;0;4;2.08;2;1;2;0;1;22,853;11,887;5,886;3,463;6;0;0;4;2;1;2;1;0.52;1;0;0;16;8.32;10;02:29;01:17;01:10;3;2;2;4,605;2.76;1,844;0;0;0;0;0;1,797;568;1;0.52;1;17;8.84;6;0;0;0;27 minutes;00:25;0;0;0;31%;41%;50%
AvaldezC;4350;0;8;5%;514;28;16;0.01;169,109;5,190.71;8,203;2,728;314;9.63;381;12;23;517;15.86;35;13;1.64;0;0;0;0;0;0;0;9;12;119;3.65;12;14;33;1;17;351,031;10,775;16,394;4,890;13;0;0;77;15;38;24;28;0.85;3;3;2;229;7.02;14;50:48;01:33;03:58;218;7;15;65,481;2.47;3,755;0;0;0;0;0;30,095;8,727;10;0.3;3;455;13.96;28;0;0;0;7 hours;20:29;0;0;0;28%;58%;52%
Azu;2757;0;0;4%;7;7;2;0.01;3,143;7,785.78;3,143;1,762;5;12.38;7;17;7;13;32.2;13;8;2.6;0;0;0;0;0;0;0;0;0;3;7.43;3;0;0;0;0;4,809;11,913;4,809;2,472;8;0;0;2;1;0;1;0;0;0;0;0;7;17.34;7;02:22;05:53;02:22;0;0;0;1,093;2.64;1,093;0;0;0;0;0;480;169;2;4.95;2;7;17.34;7;0;0;0;6 minutes;03:00;0;0;0;35%;0;0
Bandora22;0;0;1;4%;17;17;6;0.01;6,376;6,375.67;6,376;1,819;8;8;12;12;12;25;25;25;6;3.12;0;0;0;0;0;0;0;0;0;3;3;3;0;1;0;1;18,073;18,073;18,073;8,296;6;0;0;1;0;1;0;1;1;1;3;1;14;14;14;01:31;01:31;01:31;11;11;11;2,607;2.62;2,607;0;0;0;0;0;1,279;382;1;1;1;28;28;28;0;0;0;16 minutes;00:02;0;0;0;29%;29%;100%
BeeVA;2649;0;9;7%;191;31;10;0.02;47,869;4,007.4;5,721;1,540;111;9.29;152;13;27;144;12.05;27;10;1.29;0;0;0;0;0;0;0;0;3;37;3.09;7;8;12;0;4;136,684;11,443;15,919;5,643;10;0;0;24;3;17;5;3;0.25;2;0;0;83;6.94;21;20:37;01:43;03:18;2;0;1;28,997;3.22;3,472;0;0;0;0;0;6,931;2,487;6;0.5;2;225;18.83;29;0;0;0;2 hours;09:18;0;0;0;35%;47%;30%
Binnyyy;2814;0;9;8%;179;39;10;0.02;49,593;4,959.32;9,741;1,973;97;9.7;176;18;37;218;21.8;43;9;2.24;0;0;0;0;0;0;0;5;17;50;5;13;4;10;0;6;128,505;12,851;19,903;7,287;9;0;0;25;2;16;7;3;0.3;2;3;1;116;11.6;26;22:41;02:16;04:19;5;1;2;32,240;3.82;4,667;0;0;0;0;0;8,166;2,182;11;1.1;4;209;20.9;41;0;0;0;2 hours;23:10;0;0;0;26%;35%;60%
BoneVoyage404;2063;0;0;5%;2;1;1;0;760;1,620.56;535;285;4;8.52;3;6;3;3;6.39;3;2;0.75;0;0;0;0;0;0;0;0;0;2;4.26;2;0;0;0;0;3,006;6,409;2,378;1,421;2;0;0;1;0;1;0;0;0;0;0;0;2;4.26;2;00:20;00:44;00:18;1;2;1;876;3.16;609;0;0;0;0;0;300;40;1;2.13;1;3;6.39;3;0;0;0;4 minutes;0;0;0;0;13%;6%;0
BornOnMonday;2914;0;4;5%;476;45;17;0.02;148,308;5,025.18;10,019;3,095;197;6.67;325;11;28;421;14.26;32;10;2.13;0;0;0;0;0;0;0;2;11;77;2.6;11;16;30;1;12;234,452;7,944;16,890;7,394;10;0;0;59;13;26;20;0;0;0;0;0;198;6.7;21;36:34;01:14;02:54;87;3;9;36,983;1.72;2,806;0;0;0;0;0;31,949;8,664;9;0.3;4;266;9.01;19;0;0;0;5 hours;14:40;0;0;9;27%;42%;40%
bossy ross;3171;0;0;4%;18;18;6;0.01;7,962;7,962.09;7,962;1,248;13;13;28;28;28;26;26;26;5;2;0;0;0;0;0;0;0;0;0;5;5;5;1;1;0;1;17,342;17,342;17,342;4,270;5;0;0;2;0;1;1;0;0;0;0;0;12;12;12;03:54;03:54;03:54;4;4;4;2,592;2.4;2,592;0;0;0;0;0;1,399;410;0;0;0;26;26;26;0;0;0;17 minutes;0;0;0;0;29%;29%;100%
Bounce Cityyyyy;3145;0;0;3%;2;2;2;0.01;932;3,542.68;932;699;2;7.6;1;4;1;1;3.8;1;1;0.5;0;0;0;0;0;0;0;0;0;0;0;0;0;0;0;0;1,952;7,420;1,952;1,664;1;0;0;0;0;0;0;0;0;0;0;0;1;3.8;1;00:20;01:17;00:20;0;0;0;330;2.69;330;0;0;0;0;0;173;52;0;0;0;4;15.2;4;0;0;0;3.2581940004602075 seconds;0;0;0;0;30%;0;0
bscotty919;0;0;1;3%;9;9;4;0.01;3,837;3,836.67;3,837;1,331;3;3;10;10;10;6;6;6;3;2;0;0;0;0;0;0;0;0;0;2;2;2;0;1;0;1;8,798;8,798;8,798;2,561;3;0;0;1;0;1;0;0;0;0;0;0;1;1;1;01:21;01:21;01:21;0;0;0;1,208;2.34;1,208;0;0;0;0;0;655;252;1;1;1;18;18;18;0;0;0;8 minutes;0;0;0;0;38%;38%;100%
C0RPORAL;2982;0;3;4%;40;13;10;0.01;15,691;4,369.05;5,313;2,021;16;4.45;23;6;9;43;11.97;13;6;2.68;0;0;0;0;0;0;0;0;0;7;1.94;3;1;4;0;3;30,584;8,516;12,504;4,975;6;0;0;10;4;5;2;0;0;0;0;0;23;6.4;7;05:14;01:27;01:55;0;0;0;5,800;2.73;1,861;0;0;0;0;0;2,828;921;1;0.27;1;29;8.07;9;0;0;0;35 minutes;01:01;0;0;0;32%;40%;83%
C1ZR;4124;0;0;3%;7;4;3;0.01;3,328;4,535.92;1,977;939;10;13.62;3;4;2;5;6.81;3;2;0.5;0;0;0;0;0;0;0;0;0;2;2.72;1;0;1;0;0;4,304;5,866;2,170;995;2;0;0;2;1;1;0;1;1.36;1;0;0;1;1.36;1;00:27;00:37;00:19;1;1;1;1,226;2.23;561;0;0;0;0;0;579;182;0;0;0;5;6.81;3;0;0;0;9 minutes;0;0;0;0;31%;24%;48%
CCT DARK;2700;0;0;8%;39;22;8;0.02;8,735;5,437.92;4,461;1,439;19;11.82;15;9;9;33;20.54;19;9;1.73;0;0;0;0;0;0;0;2;2;7;4.35;4;1;2;0;1;21,259;13,235;12,714;3,682;9;0;0;6;3;1;2;1;0.62;1;0;0;26;16.18;16;03:18;02:03;01:39;2;1;1;3,793;2.51;2,352;0;0;0;0;0;1,642;446;3;1.86;2;25;15.56;13;0;0;0;25 minutes;03:12;0;0;0;27%;100%;35%
ChaosMage251;3000;0;1;9%;50;29;15;0.04;11,111;6,885.8;5,667;2,293;5;3.09;27;17;17;48;29.74;29;11;9.6;0;0;0;0;0;0;0;1;6;18;11.15;11;0;2;0;2;23,554;14,597;12,780;4,801;11;0;0;6;3;2;2;0;0;0;0;0;25;15.49;13;05:26;03:22;03:06;2;1;2;4,569;3.86;2,216;0;0;0;0;0;1,868;549;4;2.47;2;43;26.64;26;0;0;0;19 minutes;06:35;0;0;0;29%;30%;94%
Chazsy;4156;0;0;6%;33;13;4;0.01;8,648;3,344.24;2,923;1,138;30;11.6;18;7;7;43;16.62;19;8;1.43;0;0;0;0;0;0;0;1;1;11;4.25;6;0;3;0;3;13,950;5,395;4,520;1,779;8;0;0;7;1;2;3;4;1.54;3;3;1;11;4.25;4;01:43;00:39;00:43;15;6;6;3,514;1.97;1,209;0;0;0;0;0;1,847;492;3;1.16;3;19;7.34;8;0;0;0;29 minutes;00:42;0;0;0;26%;27%;100%
Chopper Le Porc;0;0;34;5%;770;30;14;0;260,324;4,904.38;8,772;4,043;528;9.94;454;9;14;999;18.82;34;13;1.89;0;0;0;0;0;0;0;6;24;237;4.46;10;23;53;0;30;633,046;11,926;21,282;6,423;13;0;0;151;29;70;51;33;0.62;3;3;3;513;9.66;18;01:51:57;02:06;04:54;21;0;2;160,645;1.07;5,471;0;0;0;0;0;41,746;13,662;45;0.84;3;1,075;20.25;36;8;0;0;41 hours;04:19:02;0;0;62;32%;45%;55%
CHRISBREEZY0413;2912;0;3;4%;109;25;10;0.01;45,391;3,871.38;6,493;1,194;132;11.25;179;15;18;160;13.64;19;8;1.21;0;0;0;0;0;0;0;1;5;27;2.3;6;7;12;1;4;124,396;10,610;17,052;3,488;8;0;0;23;3;11;8;1;0.08;1;3;1;92;7.84;15;23:48;02:01;02:54;5;0;2;23,867;2.54;3,402;0;0;0;0;0;7,850;2,261;2;0.17;1;240;20.46;37;0;0;0;2 hours;04:43;0;0;2;28%;40%;33%
Chrome2YahDome;3758;0;0;12%;7;7;4;0.04;887;5,698.14;887;718;2;12.84;4;26;4;2;12.84;2;2;1;0;0;0;0;0;0;0;0;0;0;0;0;0;0;0;0;2,574;16,531;2,574;2,303;2;0;0;0;0;0;0;0;0;0;0;0;2;12.84;2;00:20;02:10;00:20;0;0;0;651;4.32;651;0;0;0;0;0;190;57;0;0;0;3;19.26;3;0;0;0;2 minutes;0;0;0;0;30%;0;0
commander 8899;3234;0;3;3%;60;14;6;0.01;27,149;4,816.65;6,817;1,947;38;6.74;74;13;27;108;19.16;30;12;2.84;0;0;0;0;0;0;0;0;2;26;4.61;8;0;6;0;5;59,339;10,528;3,130;6,528;12;0;0;14;4;5;5;2;0.35;1;0;0;59;10.46;18;08:02;01:25;01:37;3;1;1;12,731;3.64;2,393;0;0;0;0;0;4,233;1,610;2;0.35;1;88;15.61;20;0;0;0;58 minutes;05:57;0;0;0;38%;46%;94%
CookiesMilkYum;4298;0;0;12%;15;11;9;0.03;2,211;2,032.82;1,874;1,302;2;1.83;10;9;10;11;10.11;11;10;5.5;0;0;0;0;0;0;0;0;0;1;0.91;1;0;1;0;1;5,026;4,622;4,260;3,475;10;0;0;1;0;1;0;0;0;0;0;0;3;2.75;3;00:18;00:16;00:18;1;1;1;941;2.39;777;0;0;0;0;0;469;117;0;0;0;5;4.59;5;0;0;0;6 minutes;00:05;0;0;0;24%;26%;91%
Corey Burlinson;4077;0;0;3%;6;6;3;0.01;2,607;5,890.43;2,607;1,093;5;11.29;9;20;9;7;15.81;7;4;1.4;0;0;0;0;0;0;0;0;0;1;2.25;1;0;0;0;0;5,798;13,103;5,798;2,085;4;0;0;1;0;0;0;0;0;0;0;0;4;9.03;4;01:10;02:40;01:10;6;14;6;1,031;2.54;1,031;0;0;0;0;0;404;168;0;0;0;15;33.89;15;0;0;0;6 minutes;0;0;0;0;41%;41%;100%
Coscoro;2016;0;2;8%;47;17;5;0.01;12,927;3,499.49;5,253;808;38;10.28;53;14;21;74;20.03;24;7;1.94;0;0;0;0;0;0;0;3;1;18;4.87;9;2;4;0;1;41,985;11,365;14,826;4,019;7;0;0;11;2;6;3;2;0.54;1;0;0;52;14.07;20;10:11;02:45;03:21;34;9;14;9,577;2.81;2,749;0;0;0;0;0;2,469;564;2;0.54;1;47;12.72;16;0;0;0;56 minutes;04:01;0;0;0;22%;25%;37%
cougargoalie;3259;0;0;2%;4;4;4;0;2,523;4,157.86;1,822;1,193;5;8.23;2;3;2;4;6.59;3;1;0.8;0;0;0;0;0;0;0;0;0;0;0;0;1;1;0;0;6,676;11,002;5,197;2,650;1;0;0;2;1;0;1;0;0;0;0;0;2;3.29;1;00:25;00:41;00:20;0;0;0;1,396;2.87;1,088;0;0;0;0;0;458;144;0;0;0;6;9.88;5;0;0;0;8 minutes;0;0;0;0;31%;35%;0
Crumbly Beckra;3000;0;18;6%;372;28;11;0.02;116,559;5,550.44;9,537;2,694;167;7.95;319;15;27;410;19.52;35;17;2.45;0;0;0;0;0;0;0;8;7;84;4;9;6;21;0;15;237,593;11,314;18,513;7,340;17;0;0;57;14;33;10;12;0.57;3;3;3;213;10.14;23;44:52;02:08;04:54;208;10;23;48,258;3.02;3,880;0;0;0;0;0;19,769;5,606;8;0.38;2;496;23.61;48;0;0;0;4 hours;46:27;0;0;7;28%;38%;71%
Cyr;2998;0;2;5%;35;18;8;0.01;11,550;4,859.81;5,989;2,856;12;5.04;50;21;21;58;24.4;24;9;4.83;0;0;0;0;0;0;0;0;0;7;2.94;4;0;2;0;2;32,609;13,721;15,694;6,116;9;0;0;6;2;4;0;0;0;0;3;1;29;12.2;9;07:00;02:56;02:32;3;1;2;4,730;2.47;2,492;0;0;0;0;0;2,325;651;0;0;0;35;14.72;14;0;0;0;31 minutes;00:35;0;0;0;28%;38%;93%
DanGetzBucketz;3306;0;5;5%;154;26;8;0.02;45,360;5,388.59;10,081;2,938;77;9.14;105;12;27;155;18.41;34;14;2.01;0;0;0;0;0;0;0;1;1;30;3.56;7;2;8;1;6;115,157;13,680;17,920;4,666;14;0;0;22;5;15;2;2;0.23;1;3;1;96;11.4;23;19:47;02:21;03:33;2;0;1;17,245;2.31;2,615;0;0;0;0;0;8,051;2,650;2;0.23;1;136;16.15;29;0;0;0;2 hours;02:48;0;0;0;32%;52%;68%
DCalphastar;1845;0;5;5%;97;19;10;0.01;35,582;4,235.13;10,172;2,070;82;9.75;103;12;27;107;12.73;30;8;1.3;0;0;0;0;0;0;0;4;4;24;2.85;7;3;8;0;5;86,852;10,337;20,870;4,128;8;0;0;18;4;11;3;0;0;0;0;0;69;8.21;25;16:35;01:58;04:38;6;1;2;20,521;3.26;4,630;0;0;0;0;0;7,655;1,741;6;0.71;5;108;12.85;30;0;0;0;1 hour;05:12;0;0;1;22%;31%;59%
DeftOrthruss;3000;0;22;6%;947;38;16;0.02;270,514;5,367.07;10,460;2,788;551;10.93;926;18;40;841;16.68;36;14;1.52;0;0;0;0;0;0;0;6;9;140;2.77;7;27;50;2;21;641,243;12,722;22,821;7,329;14;0;0;104;27;54;23;1;0.01;1;4;6;425;8.43;19;01:34:21;01:52;05:48;10;0;3;140,889;3.51;5,438;0;0;0;0;0;58,895;14,819;6;0.11;1;1,065;21.12;43;0;0;0;11 hours;37:30;0;0;13;25%;41%;42%
Derogant;0;0;1;6%;40;25;11;0.02;13,465;4,488.46;8,846;2,116;19;6.33;34;11;17;46;15.33;29;7;2.42;0;0;0;0;0;0;0;0;7;12;4;12;2;3;0;1;21,249;7,083;11,487;2,937;7;0;0;1;0;1;0;0;0;0;3;2;20;6.66;8;04:30;01:30;02:38;21;7;10;3,603;2.04;2,051;0;0;0;0;0;2,057;584;3;1;3;29;9.66;15;0;0;0;29 minutes;02:16;0;0;0;28%;33%;33%
DishonoredBeast;2611;0;0;6%;19;19;8;0.01;5,770;5,770.04;5,770;1,219;12;11.99;26;26;26;27;26.99;27;6;2.25;0;0;0;0;0;0;0;1;1;3;2.99;3;0;1;0;1;15,778;15,778;15,778;4,066;6;0;0;2;0;1;1;1;0.99;1;0;0;10;9.99;10;01:35;01:35;01:35;1;1;1;3,823;3.5;3,823;0;0;0;0;0;1,295;295;1;0.99;1;28;27.99;28;0;0;0;18 minutes;0;0;0;0;22%;22%;100%
Dog Thanatos;3775;0;11;5%;785;41;12;0.02;252,657;5,573.66;11,783;3,788;364;8.02;544;12;23;752;16.58;43;11;2.06;0;0;0;0;0;0;0;6;26;128;2.82;11;20;45;2;23;468,271;10,330;21,434;5,819;11;0;0;121;14;68;39;18;0.39;2;4;4;414;9.13;22;01:34:07;02:04;05:29;384;8;21;86,026;2.41;4,114;0;0;0;0;0;41,212;13,746;12;0.26;3;753;16.61;34;0;0;0;9 hours;40:30;0;0;3;33%;46%;50%
Dominator1992;2532;0;1;3%;4;4;3;0.01;1,460;1,215.17;1,241;625;2;1.66;8;7;8;11;9.15;11;4;5.5;0;0;0;0;0;0;0;0;0;0;0;0;0;0;0;1;6,094;5,071;5,410;3,395;4;0;0;0;0;2;1;0;0;0;0;0;9;7.48;9;01:08;00:57;01:01;0;0;0;1,588;4.19;1,365;0;0;0;0;0;697;101;0;0;0;3;2.49;3;0;0;0;1.4593750005587935 seconds;00:05;0;0;0;14%;18%;83%
DoubledLizard;2764;0;19;7%;715;55;14;0.02;185,144;5,419.86;11,379;2,511;388;11.35;508;15;34;512;14.98;29;10;1.31;0;0;0;0;0;0;0;3;19;96;2.81;7;18;34;2;14;396,516;11,608;23,839;6,128;10;0;0;69;13;36;21;9;0.26;2;3;3;273;7.99;23;01:02:37;01:50;05:08;37;1;5;80,633;3.06;5,684;0;0;0;0;0;31,473;9,522;11;0.32;2;577;16.89;34;0;0;0;7 hours;14:30;0;0;5;30%;54%;41%
Drakothius;3028;0;18;6%;320;25;15;0.02;99,698;6,084.25;8,571;2,425;184;11.22;385;23;42;400;24.41;39;12;2.17;0;0;0;0;0;0;0;5;10;95;5.79;9;7;16;1;8;244,296;14,909;2,291;6,295;12;0;0;45;13;23;9;0;0;0;3;4;216;13.18;21;43:16;02:38;04:34;12;1;5;50,192;3.33;4,919;0;0;0;0;0;17,105;5,304;12;0.73;3;393;23.98;46;0;0;0;4 hours;23:11;0;0;3;31%;41%;49%
DrivebySamura1;3959;0;7;6%;297;33;10;0.01;95,904;4,921.56;7,903;2,300;198;10.16;248;13;22;328;16.83;35;10;1.65;0;0;0;0;0;0;0;11;32;106;5.43;14;7;19;0;12;210,935;10,825;20,193;4,366;10;0;0;44;7;24;13;19;0.97;2;4;2;131;6.72;21;39:47;02:02;03:54;160;8;18;42,093;2.52;3,545;0;0;0;0;0;13,166;4,288;16;0.82;4;318;16.31;31;0;0;0;4 hours;23:16;0;0;5;32%;53%;60%
DSPStanky;3000;0;16;7%;1,060;27;14;0.01;338,108;3,777.66;7,798;2,820;557;6.22;1,314;15;40;1,592;17.78;32;15;2.85;0;0;0;0;0;0;0;18;54;255;2.84;9;8;90;6;76;666,370;7,445;14,455;5,159;15;0;0;206;34;97;76;37;0.41;2;4;8;819;9.15;22;02:57:46;01:59;05:11;1,277;14;27;117,088;1.7;2,580;0;0;0;0;0;80,860;14,936;30;0.33;4;1,501;16.77;38;0;0;0;19 hours;02:13:21;0;0;1;18%;34%;84%
Dukez;3307;0;12;5%;145;32;13;0.02;51,481;4,325.57;9,538;2,400;64;5.37;191;16;31;234;19.66;33;12;3.65;0;0;0;0;0;0;0;0;10;45;3.78;8;2;12;0;10;131,087;11,014;18,704;4,899;12;0;0;31;7;19;5;4;0.33;1;4;2;135;11.34;24;17:10;01:26;03:20;17;1;4;26,811;3.75;4,122;0;0;0;0;0;11,016;2,840;6;0.5;3;187;15.71;32;0;0;0;1 hour;19:31;0;0;0;25%;30%;84%
EliteKnight1;3375;0;0;5%;36;26;5;0.02;11,795;5,897.59;7,835;2,165;18;9;29;15;20;36;18;25;6;2;0;0;0;0;0;0;0;0;0;8;4;6;0;2;0;2;25,170;12,585;16,860;5,082;6;0;0;4;1;2;1;1;0.5;1;0;0;23;11.5;18;03:34;01:47;02:28;4;2;3;5,069;2.9;3,994;0;0;0;0;0;2,027;694;1;0.5;1;27;13.5;20;0;0;0;29 minutes;00:02;0;0;0;34%;37%;100%
ElptEMT;2284;0;8;5%;71;11;11;0.01;28,341;2,810.07;4,178;1,374;89;8.82;99;10;27;117;11.6;25;11;1.31;0;0;0;0;0;0;0;5;6;23;2.28;4;5;10;0;5;88,638;8,789;19,609;5,779;11;0;0;27;4;19;4;2;0.19;1;3;1;87;8.62;19;18:35;01:50;04:18;8;1;3;21,425;3.48;4,824;0;0;0;0;0;5,193;1,408;6;0.59;2;133;13.18;38;0;0;0;1 hour;08:03;0;0;0;27%;46%;54%
Elsayer;0;0;10;7%;248;25;9;0.01;71,754;4,392.93;6,957;2,073;164;10.04;212;13;26;322;19.71;34;12;1.96;0;0;0;0;0;0;0;6;36;93;5.69;12;6;16;0;10;165,604;10,139;15,825;5,551;12;0;0;43;7;27;9;2;0.12;1;3;1;208;12.73;26;36:48;02:15;03:22;18;1;4;39,159;2.99;3,851;0;0;0;0;0;12,303;3,316;20;1.22;5;260;15.91;27;1;0;0;3 hours;22:53;0;0;12;26%;37%;63%
EscapeFate Dan;3000;0;0;3%;11;5;3;0.01;5,869;4,347.18;2,472;1,222;11;8.14;22;16;16;22;16.29;15;6;2;0;0;0;0;0;0;0;0;0;4;2.96;3;0;1;0;1;12,532;9,283;5,859;2,160;6;0;0;3;0;1;1;0;0;0;0;0;10;7.4;8;02:44;02:01;02:28;0;0;0;2,280;2.77;1,047;0;0;0;0;0;1,240;363;0;0;0;24;17.77;15;0;0;0;13 minutes;01:11;0;0;0;29%;25%;66%
Eternal Epoch;0;0;4;5%;40;11;5;0.01;15,707;3,762.82;5,318;1,306;40;9.58;63;15;27;80;19.16;35;10;2;0;0;0;0;0;0;0;5;2;10;2.39;4;2;4;0;2;43,677;10,463;16,226;4,217;10;0;0;10;1;5;4;0;0;0;0;0;47;11.25;28;06:41;01:36;03:21;2;0;2;11,240;3.54;3,577;0;0;0;0;0;2,628;776;3;0.71;2;63;15.09;26;0;0;0;52 minutes;02:40;0;0;0;29%;39%;45%
Everforeverr;2752;0;1;6%;63;14;5;0.01;26,824;4,138.5;5,177;1,250;78;12.03;88;14;20;115;17.74;22;7;1.47;0;0;0;0;0;0;0;4;21;36;5.55;8;2;6;0;4;56,506;8,718;14,135;4,567;7;0;0;12;4;6;2;0;0;0;0;0;70;10.79;18;13:15;02:02;03:30;54;8;12;10,356;1.74;2,181;0;0;0;0;0;5,158;1,027;6;0.92;2;85;13.11;18;0;0;0;1 hour;06:33;0;0;0;19%;37%;64%
FANCYHOODLUM;3555;0;32;5%;692;26;9;0.01;252,387;4,954.76;8,727;3,585;429;8.42;897;18;36;732;14.37;27;12;1.7;0;0;0;0;0;0;0;7;36;126;2.47;9;23;51;2;26;665,376;13,062;19,190;8,220;12;0;0;105;23;64;18;10;0.19;2;3;4;382;7.49;17;01:34:03;01:50;04:04;105;2;8;112,772;2.81;3,401;0;0;0;0;0;46,787;12,938;16;0.31;2;926;18.17;29;0;0;0;11 hours;23:32;0;0;5;27%;38%;51%
Fat Hamm;2576;0;12;6%;287;21;10;0.01;99,498;4,860.52;7,255;2,140;261;12.74;324;16;31;345;16.85;30;9;1.32;0;0;0;0;0;0;0;1;18;79;3.85;9;9;20;1;10;231,088;11,289;19,639;4,508;9;0;0;52;9;38;5;10;0.48;2;0;0;219;10.69;19;56:41;02:46;03:48;17;1;3;57,718;3.4;4,055;0;0;0;0;0;17,811;4,712;12;0.58;3;374;18.27;36;0;0;0;4 hours;18:46;0;0;2;26%;41%;51%
FBorrego;0;0;97;7%;1,064;30;13;0.01;358,100;3,288.39;8,717;4,171;505;4.63;1,096;10;37;1,984;18.21;36;16;3.92;0;0;0;0;0;0;0;23;72;445;4.08;13;10;109;0;99;185,492;1,703;30,078;10,136;16;0;0;248;31;171;46;93;0.85;4;4;6;1,006;9.23;24;04:04:54;02:14;07:02;238;2;7;33,414;0.46;5,531;0;0;0;0;0;49,149;14,826;62;0.56;3;1,788;16.41;46;2;0;0;19 hours;07:31:32;0;0;82;30%;56%;90%
Ferni;4613;0;0;17%;8;8;5;0.04;872;2,482.41;872;459;1;2.84;1;3;1;4;11.38;4;2;4;0;0;0;0;0;0;0;0;0;1;2.84;1;0;0;0;0;1,509;4,296;1,509;1,117;2;0;0;1;0;0;1;0;0;0;0;0;2;5.69;2;00:11;00:32;00:11;1;3;1;208;1.07;208;0;0;0;0;0;144;46;0;0;0;4;11.38;4;0;0;0;3 minutes;0;0;0;0;31%;0;100%
Fi2;3923;0;10;6%;330;39;10;0.02;93,627;4,580.62;8,385;3,050;164;8.02;258;13;22;291;14.23;26;8;1.77;0;0;0;0;0;0;0;0;4;46;2.25;6;10;20;1;10;240,895;11,786;20,038;8,729;8;0;0;48;8;29;11;8;0.39;3;3;1;158;7.73;12;45:23;02:13;04:34;75;4;10;41,041;2.49;3,661;0;0;0;0;0;15,805;5,473;4;0.19;1;315;15.41;27;0;0;0;4 hours;04:24;0;0;0;34%;50%;47%
Fonzie Monster0;0;0;1;8%;16;9;6;0.02;3,211;2,574.31;1,753;795;6;4.81;11;9;9;15;12.02;10;4;2.5;0;0;0;0;0;0;0;0;0;3;2.4;3;0;1;0;1;12,233;9,808;10,034;4,979;4;0;0;3;0;2;0;0;0;0;0;0;9;7.21;5;01:06;00:53;00:39;1;1;1;2,598;3.54;2,004;0;0;0;0;0;880;189;1;0.8;1;14;11.22;11;0;0;0;12 minutes;0;0;0;0;21%;0;100%
fusion360elite;2922;0;11;7%;479;51;17;0.03;114,773;6,124.27;12,303;2,602;223;11.89;259;14;29;337;17.98;39;15;1.51;0;0;0;0;0;0;0;3;10;65;3.46;10;10;19;0;9;244,474;13,045;12,980;6,524;15;0;0;61;13;34;14;1;0.05;1;0;0;192;10.24;26;46:09;02:27;06:30;12;1;5;53,546;3.55;5,985;0;0;0;0;0;24,420;6,488;5;0.26;3;376;20.06;42;0;0;0;4 hours;25:26;0;0;17;26%;37%;46%
Garbudah;2349;0;12;4%;192;27;7;0.01;80,561;4,193.16;7,855;2,268;211;10.98;336;17;38;307;15.97;42;10;1.45;0;0;0;0;0;0;0;1;11;65;3.38;11;6;19;2;11;226,383;11,783;19,996;5,627;10;0;0;48;8;28;11;0;0;0;3;1;188;9.78;30;44:45;02:19;04:33;11;1;3;52,142;3.36;5,288;0;0;0;0;0;15,653;4,298;7;0.36;2;406;21.13;42;0;0;0;4 hours;29:24;0;0;3;27%;52%;57%
Gbox36;2906;0;309;6%;6,153;39;21;0.01;1,802,231;4,317.44;10,895;3,250;3,831;9.17;6,419;15;40;6,404;15.34;42;17;1.67;0;0;0;0;0;0;0;80;214;1,208;2.89;13;178;417;29;210;4,904,995;11,750;23,260;8,163;17;0;0;982;163;624;196;2;0;1;4;18;3,518;8.42;26;14:13:05;02:02;06:11;353;1;9;1,014,040;3.21;5,628;0;0;0;0;0;354,186;95,578;179;0.42;4;7,750;18.56;55;1;0;0;87 hours;05:41:10;0;0;104;26%;45%;50%
glich30;2623;0;0;8%;5;5;3;0.03;1,037;5,198.48;1,037;484;3;15.03;1;5;1;0;0;0;0;0;0;0;0;0;0;0;0;0;0;0;0;0;0;0;0;0;1,293;6,484;1,293;1,029;0;0;0;0;0;0;0;0;0;0;0;0;0;0;0;00:13;01:09;00:13;0;0;0;384;2.94;384;0;0;0;0;0;128;62;0;0;0;6;30.07;6;0;0;0;2 minutes;0;0;0;0;48%;0;0
godstomper231;3449;0;1;5%;19;10;5;0.01;7,247;4,792.91;3,793;757;21;13.88;19;13;15;22;14.54;11;4;1.04;0;0;0;0;0;0;0;0;0;2;1.32;2;0;2;0;2;18,213;12,045;12,318;2,678;4;0;0;3;0;2;1;0;0;0;0;0;8;5.29;4;03:15;02:09;02:11;2;1;2;3,744;2.89;1,975;0;0;0;0;0;1,142;357;1;0.66;1;27;17.85;18;0;0;0;21 minutes;00:20;0;0;0;31%;27%;100%
Golden Viper210;4493;0;0;3%;7;4;2;0.01;3,036;3,992.71;1,641;788;7;9.2;8;11;8;4;5.26;4;2;0.57;0;0;0;0;0;0;0;0;0;0;0;0;1;1;0;1;7,712;10,141;6,214;2,140;2;0;0;3;1;2;1;0;0;0;0;0;3;3.94;3;01:50;02:24;01:45;0;0;0;1,674;3.59;1,244;0;0;0;0;0;627;183;0;0;0;9;11.83;9;0;0;0;7 minutes;0;0;0;0;29%;0;100%
Gooty73;2817;0;0;8%;8;7;5;0.01;1,837;2,049.97;1,102;482;10;11.16;4;4;4;4;4.46;3;1;0.4;0;0;0;0;0;0;0;0;0;1;1.11;1;1;1;0;0;6,154;6,868;3,365;2,079;1;0;0;2;1;0;1;0;0;0;0;0;2;2.23;1;01:23;01:32;00:45;0;0;0;1,329;2.25;758;0;0;0;0;0;469;92;0;0;0;11;12.27;6;0;0;0;9 minutes;0;0;0;0;19%;0;31%
Granty282;2256;0;3;6%;50;20;9;0.01;13,869;3,404.4;3,920;2,024;33;8.1;42;10;13;54;13.25;21;7;1.63;0;0;0;0;0;0;0;0;3;13;3.19;5;1;4;0;3;37,047;9,094;7,781;4,080;7;0;0;10;2;5;3;0;0;0;0;0;36;8.83;16;05:47;01:25;02:29;6;1;3;6,699;2.43;1,624;0;0;0;0;0;3,553;763;2;0.49;1;66;16.2;14;0;0;0;45 minutes;01:22;0;0;0;21%;23%;70%
H0KIE P0KIE;2723;0;10;7%;148;20;9;0.01;35,222;3,201.99;5,390;1,849;101;9.18;200;18;32;153;13.9;29;10;1.51;0;0;0;0;0;0;0;1;1;16;1.45;5;4;11;0;7;142,998;13,000;20,495;5,669;10;0;0;25;4;17;4;1;0.09;1;4;2;92;8.36;25;20:27;01:51;03:19;0;0;0;26,879;3.43;3,630;0;0;0;0;0;12,701;1,871;1;0.09;1;205;18.63;39;0;0;0;2 hours;12:26;0;0;3;14%;28%;63%
Hei Wong;3000;0;2;5%;128;24;14;0.02;38,925;3,631;6,956;3,367;40;3.73;136;13;19;147;13.71;21;12;3.67;0;0;0;0;0;0;0;0;0;21;1.95;4;2;11;1;8;85,387;7,965;12,527;4,054;12;0;0;19;5;9;5;0;0;0;0;0;64;5.97;12;09:49;00:55;02:16;9;1;3;10,957;1.91;1,612;0;0;0;0;0;10,068;2,322;0;0;0;155;14.45;24;0;0;0;1 hour;03:24;0;0;0;23%;33%;74%
Hello Im Genji;3887;0;0;4%;12;11;9;0.03;5,110;11,192.04;4,117;2,523;3;6.57;5;11;5;11;24.09;10;7;3.66;0;0;0;0;0;0;0;0;0;4;8.76;4;0;0;0;0;5,729;12,549;5,240;3,444;7;0;0;2;0;0;1;1;2.19;1;0;0;7;15.33;7;00:44;01:37;00:43;1;2;1;1,404;4.06;1,298;0;0;0;0;0;576;295;0;0;0;9;19.71;9;0;0;0;5 minutes;01:16;0;0;0;51%;48%;79%
Hi Jeremiah;3409;0;2;5%;71;22;9;0.01;24,382;4,784.1;6,147;1,604;51;10;72;14;18;72;14.12;20;8;1.41;0;0;0;0;0;0;0;1;2;16;3.13;5;3;5;0;2;66,581;13,064;16,269;5,222;8;0;0;12;3;8;1;3;0.58;2;3;1;54;10.59;12;14:39;02:52;05:30;7;1;3;13,032;3.09;3,262;0;0;0;0;0;3,998;1,237;2;0.39;2;82;16.08;23;0;0;0;1 hour;02:12;0;0;0;30%;54%;41%
HydraulicRug9;2469;0;8;6%;81;15;11;0.01;25,814;3,226.8;6,283;1,621;51;6.37;104;13;22;131;16.37;24;10;2.56;0;0;0;0;0;0;0;5;2;28;3.49;6;2;8;0;6;73,409;9,176;18,882;4,316;10;0;0;18;1;9;8;4;0.49;1;0;0;61;7.62;13;08:50;01:06;02:06;5;1;2;16,146;3.25;3,796;0;0;0;0;0;5,410;1,326;3;0.37;2;95;11.87;24;0;0;0;1 hour;05:00;0;0;0;24%;37%;74%
i r a pancake;0;0;0;5%;6;6;3;0.02;1,694;7,435.16;1,694;829;3;13.17;2;9;2;1;4.39;1;1;0.33;0;0;0;0;0;0;0;0;0;0;0;0;0;0;0;0;2,057;9,030;2,057;915;1;0;0;1;0;0;0;0;0;0;0;0;0;0;0;00:00;00:03;00:00;0;0;0;637;2.81;637;0;0;0;0;0;272;117;0;0;0;3;13.17;3;0;0;0;3 minutes;0;0;0;0;43%;0;100%
iArctos;4294;0;0;4%;13;6;4;0.01;5,423;3,894.15;2,909;1,183;14;10.05;13;9;10;22;15.79;19;11;1.57;0;0;0;0;0;0;0;2;0;4;2.87;4;0;1;0;1;12,555;9,016;6,693;1,754;11;0;0;4;0;1;3;1;0.71;1;0;0;5;3.59;4;01:34;01:07;00:48;15;11;15;2,162;2.32;1,105;0;0;0;0;0;868;280;0;0;0;20;14.36;10;0;0;0;15 minutes;02:12;0;0;0;32%;27%;98%
IGenjiMain;3814;0;0;3%;10;6;3;0.01;4,719;7,353.87;2,988;1,016;7;10.9;10;16;6;13;20.25;9;5;1.85;0;0;0;0;0;0;0;0;1;2;3.11;1;0;1;0;0;11,323;17,643;6,451;2,128;5;0;0;1;0;1;0;0;0;0;0;0;7;10.9;6;00:35;00:55;00:26;2;3;1;2,266;3.32;1,536;0;0;0;0;0;951;257;1;1.55;1;21;32.72;11;0;0;0;11 minutes;0;0;0;0;27%;0;0
II BigGash II;2763;0;4;6%;105;29;14;0.01;30,469;5,032.01;7,196;4,107;62;10.23;119;20;27;119;19.65;30;19;1.91;0;0;0;0;0;0;0;0;5;22;3.63;7;3;6;1;2;84,608;13,973;18,958;7,701;19;0;0;16;2;12;3;1;0.16;1;0;0;67;11.06;19;19:01;03:08;04:51;18;3;5;15,594;2.87;3,454;0;0;0;0;0;7,391;1,504;5;0.82;2;99;16.35;26;0;0;0;1 hour;06:33;0;0;1;20%;28%;33%
II Scar3CroW;2790;0;3;5%;66;15;6;0.01;21,846;2,841.89;4,585;1,126;65;8.45;72;9;18;55;7.15;16;7;0.84;0;0;0;0;0;0;0;1;0;10;1.3;3;5;8;0;2;63,217;8,224;13,149;3,722;7;0;0;12;1;9;2;3;0.39;3;0;0;32;4.16;10;12:38;01:38;02:27;8;1;3;12,579;2.66;3,336;0;0;0;0;0;6,346;1,255;0;0;0;100;13;24;0;0;0;1 hour;00:22;0;0;0;19%;33%;28%
II Table;3498;0;0;11%;22;20;7;0.02;4,350;3,335.86;3,245;928;7;5.36;8;6;7;13;9.96;10;4;1.85;0;0;0;0;0;0;0;2;1;4;3.06;2;0;1;0;1;13,894;10,655;10,404;2,776;4;0;0;3;1;1;0;1;0.76;1;0;0;5;3.83;3;01:21;01:02;00:52;5;4;5;3,101;3.36;2,335;0;0;0;0;0;1,058;194;1;0.76;1;20;15.33;16;0;0;0;15 minutes;0;0;0;0;18%;18%;100%
Im Forgiving;4070;0;0;9%;19;19;15;0.04;3,703;12,851.07;3,703;2,224;2;6.94;7;24;7;10;34.7;10;8;5;0;0;0;0;0;0;0;0;0;2;6.94;2;0;0;0;0;4,905;17,023;4,905;3,037;8;0;0;1;0;1;0;1;3.47;1;0;0;2;6.94;2;00:24;01:26;00:24;0;0;0;1,222;3.21;1,222;0;0;0;0;0;470;211;0;0;0;8;27.76;8;0;0;0;6 minutes;00:52;0;0;0;44%;0;100%
Ind3mnity;2389;0;0;12%;49;23;8;0.02;9,180;3,523.68;3,074;1,425;30;11.51;38;15;11;31;11.89;11;7;1.03;0;0;0;0;0;0;0;2;5;12;4.6;5;2;3;0;0;29,325;11,257;8,976;4,029;7;0;0;5;2;3;0;0;0;0;0;0;13;4.99;6;06:18;02:25;02:38;2;1;1;5,721;2.73;2,252;0;0;0;0;0;1,603;402;1;0.38;1;41;15.73;14;0;0;0;34 minutes;00:58;0;0;0;25%;13%;6%
Infamous Bounty;4047;0;0;8%;12;12;6;0.03;2,530;4,675.47;2,530;1,328;5;9.24;8;15;8;8;14.78;8;4;1.6;0;0;0;0;0;0;0;0;0;0;0;0;1;1;0;0;6,231;11,516;6,231;3,248;4;0;0;2;1;1;1;0;0;0;0;0;5;9.24;5;00:21;00:40;00:21;1;2;1;527;1.39;527;0;0;0;0;0;588;142;0;0;0;7;12.93;7;0;0;0;6 minutes;0;0;0;0;24%;0;0
iSttoooLen;3977;0;1;3%;40;22;6;0.01;20,423;8,019.73;10,410;2,724;15;5.89;36;14;19;32;12.56;16;6;2.13;0;0;0;0;0;0;0;1;0;4;1.57;2;0;3;1;1;32,491;12,758;15,354;4,567;6;0;0;7;3;3;1;2;0.78;2;0;0;13;5.1;7;04:11;01:38;02:30;8;3;5;3,249;1.54;1,513;0;0;0;0;0;2,824;1,208;1;0.39;1;40;15.7;22;0;0;0;34 minutes;00:21;0;0;0;42%;51%;39%
Itothean511;3963;0;1;2%;5;5;2;0.01;3,345;3,345.13;3,345;1,190;2;1.99;9;9;9;6;5.99;6;3;3;0;0;0;0;0;0;0;0;0;1;0.99;1;0;1;0;1;5,890;5,890;5,890;2,497;3;0;0;3;1;2;0;0;0;0;0;0;4;3.99;4;00:51;00:51;00:51;1;1;1;1,062;3.08;1,062;0;0;0;0;0;522;211;0;0;0;8;7.99;8;0;0;0;5 minutes;0;0;0;0;40%;40%;100%
ItsCONRAD;3497;0;23;7%;951;31;15;0.02;262,307;4,540.72;9,576;3,936;497;8.6;871;15;32;946;16.37;39;13;1.9;0;0;0;0;0;0;0;9;39;183;3.16;13;27;58;4;27;603,112;10,440;17,873;5,569;13;0;0;115;34;49;33;17;0.29;2;4;4;434;7.51;19;01:18:34;01:21;03:21;200;3;9;117,031;2.52;3,719;0;0;0;0;0;51,965;13,343;23;0.39;6;1,073;18.57;41;0;0;0;12 hours;47:14;0;0;10;25%;41%;47%
iUnExpected;4065;0;5;6%;119;27;8;0.02;31,773;5,539.99;6,601;1,544;53;9.24;106;18;30;109;19;33;7;2.05;0;0;0;0;0;0;0;2;3;21;3.66;7;2;6;0;4;75,652;13,191;19,368;4,404;7;0;0;13;2;8;4;2;0.34;1;3;3;57;9.93;17;13:57;02:25;04:36;31;5;8;12,874;2.66;2,902;0;0;0;0;0;7,829;1,894;1;0.17;1;107;18.65;24;0;0;0;1 hour;04:00;0;0;0;24%;33%;66%
iuya;3991;0;0;7%;7;7;4;0.02;2,198;11,479.16;2,198;1,210;3;15.67;2;10;2;7;36.56;7;6;2.33;0;0;0;0;0;0;0;0;0;0;0;0;0;0;0;0;3,049;15,928;3,049;2,104;6;0;0;1;1;0;0;0;0;0;0;0;3;15.67;3;00:30;02:40;00:30;3;16;3;786;3.31;786;0;0;0;0;0;444;99;0;0;0;2;10.44;2;0;0;0;3 minutes;00:43;0;0;0;22%;0;100%
J Smoooove;2634;0;0;10%;14;14;9;0.03;2,625;5,824.02;2,625;1,189;7;15.52;10;22;10;12;26.61;12;7;1.71;0;0;0;0;0;0;0;0;0;2;4.43;2;0;0;0;0;5,568;12,351;5,568;3,306;7;0;0;1;0;0;1;0;0;0;0;0;10;22.18;10;02:05;04:37;02:05;0;0;0;1,471;3.84;1,471;0;0;0;0;0;386;140;0;0;0;8;17.74;8;0;0;0;6 minutes;03:23;0;0;0;36%;36%;0
Jay Carries;4393;0;0;3%;10;10;7;0.02;4,803;8,586.56;4,803;2,096;5;8.93;8;14;8;8;14.3;8;5;1.6;0;0;0;0;0;0;0;0;0;2;3.57;2;1;1;0;0;9,709;17,357;9,709;4,545;5;0;0;2;1;0;1;0;0;0;0;0;4;7.15;4;00:30;00:54;00:30;0;0;0;1,575;3.53;1,575;0;0;0;0;0;759;280;0;0;0;18;32.18;18;0;0;0;7 minutes;00:20;0;0;0;36%;0;0
JDaawg23;2231;0;2;20%;4;1;1;0.08;255;1,405.98;255;255;27;7.31;53;14;19;57;15.45;23;10;2.11;0;0;0;0;0;0;0;1;0;9;2.43;3;0;0;1;1;64;352.7;64;64;10;0;0;0;0;0;0;0;0;0;3;1;31;8.4;14;06:48;01:50;03:41;14;4;6;8,401;2.59;2,460;0;0;0;0;0;276;32;0;0;0;61;16.53;23;0;0;0;59.521863983012736 seconds;04:40;0;0;2;11%;11%;27%
JEFFOKEKE360;2192;0;2;6%;76;31;11;0.02;18,456;3,972.87;5,990;1,771;26;5.59;59;13;20;69;14.85;21;9;2.65;0;0;0;0;0;0;0;2;0;17;3.65;6;1;5;0;4;42,170;9,077;15,354;5,970;9;0;0;6;1;4;1;1;0.21;1;3;1;31;6.67;11;06:22;01:22;02:30;3;1;2;8,461;2.78;2,946;0;0;0;0;0;4,319;1,118;0;0;0;57;12.26;23;0;0;0;50 minutes;00:16;0;0;0;25%;26%;78%
JerryAlphaCode;3685;0;0;9%;18;7;3;0.01;4,108;2,350.67;2,080;682;23;13.16;12;7;8;25;14.3;18;8;1.08;0;0;0;0;0;0;0;1;0;3;1.71;2;1;2;0;0;13,657;7,816;6,235;2,754;8;0;0;6;2;1;3;0;0;0;0;0;15;8.58;14;03:04;01:45;01:41;2;1;2;2,823;2.01;1,116;0;0;0;0;0;894;193;0;0;0;19;10.87;9;0;0;0;23 minutes;00:55;0;0;0;21%;0;0
Jesus Christ YO;2381;0;28;6%;463;26;10;0.01;135,675;3,037.52;7,986;2,194;329;7.36;555;12;25;461;10.32;26;10;1.4;0;0;0;0;0;0;0;10;9;71;1.58;5;20;45;2;23;400,984;8,977;17,167;5,608;10;0;0;76;13;46;18;5;0.11;1;0;0;282;6.31;20;56:39;01:16;03:11;20;0;2;77,946;2.63;4,010;0;0;0;0;0;38,183;6,694;8;0.17;1;707;15.82;33;0;0;0;8 hours;06:41;0;0;8;17%;32%;51%
Jew Veri;3852;0;0;11%;9;9;4;0.03;1,479;4,671.18;1,479;816;3;9.47;6;19;6;3;9.47;3;2;1;0;0;0;0;0;0;0;0;0;1;3.15;1;0;0;0;0;4,146;13,091;4,146;2,506;2;0;0;1;1;0;0;0;0;0;0;0;1;3.15;1;00:05;00:16;00:05;0;0;0;927;4.02;927;0;0;0;0;0;250;78;0;0;0;9;28.41;9;0;0;0;3 minutes;00:01;0;0;0;31%;0;100%
JoboRulz;0;0;2;10%;62;37;14;0.03;11,082;5,541.22;6,045;1,508;17;8.5;34;17;19;46;23;27;11;2.7;0;0;0;0;0;0;0;1;1;8;4;7;1;2;0;1;26,734;13,367;13,789;5,660;11;0;0;7;2;3;2;1;0.5;1;3;1;24;12;13;04:14;02:07;02:13;4;2;3;6,716;3.92;3,635;0;0;0;0;0;2,058;568;2;1;2;37;18.5;22;0;0;0;28 minutes;02:21;0;0;0;27%;29%;50%
Josh Balzack;3495;0;1;5%;55;22;8;0.02;20,010;5,296.63;6,473;2,241;28;7.41;45;12;17;59;15.61;27;12;2.1;0;0;0;0;0;0;0;0;2;16;4.23;6;1;4;1;2;35,039;9,275;10,505;4,596;12;0;0;9;2;1;7;0;0;0;0;0;33;8.73;17;04:59;01:19;02:14;13;3;6;7,083;2.98;2,338;0;0;0;0;0;2,725;1,063;1;0.26;1;53;14.02;19;0;0;0;39 minutes;02:43;0;0;0;39%;49%;52%
KageEinjeruE102;4059;0;2;4%;96;34;10;0.02;34,190;7,139.76;8,126;2,069;44;9.18;59;12;20;87;18.16;27;11;1.97;0;0;0;0;0;0;0;1;3;26;5.42;8;3;5;0;2;67,535;14,103;18,430;8,965;11;0;0;12;1;6;5;0;0;0;4;1;41;8.56;15;11:39;02:26;03:06;21;4;8;12,147;2.86;3,530;0;0;0;0;0;6,751;2,013;2;0.41;1;105;21.92;31;0;0;0;1 hour;08:01;0;0;0;29%;32%;41%
KaIlkz;3526;0;0;5%;20;20;7;0.02;6,152;6,189.69;5,426;1,306;8;8.04;13;13;13;18;18.11;17;8;2.25;0;0;0;0;0;0;0;0;0;2;2.01;2;0;1;0;1;10,346;10,409;8,674;2,696;8;0;0;2;0;1;1;0;0;0;0;0;13;13.07;13;03:24;03:25;03:04;2;2;2;1,991;2.64;1,623;0;0;0;0;0;1,040;347;0;0;0;11;11.06;11;0;0;0;12 minutes;0;0;0;0;33%;32%;66%
killswell;3387;0;14;7%;128;51;11;0.02;15,533;3,629.23;2,499;1,194;42;9.81;657;16;34;23;5.37;5;5;0.54;31;7;8;67;16;13;0;7;19;5;1.16;2;4;4;1;0;4,582;1,070.56;1,383;741;5;0;0;5;3;32;1;1;0.02;1;3;2;10;2.33;2;02:46;00:38;00:32;7;2;2;84,161;2.51;4,076;0;0;0;0;0;6,107;2,035;1;0.23;1;668;16.52;34;0;0;0;50 minutes;17:25;0;0;2;33%;50%;8%
KING IZ SIIC;3430;0;0;2%;2;2;2;0.01;1,218;4,810.05;1,218;661;2;7.89;2;8;2;2;7.89;2;2;1;0;0;0;0;0;0;0;0;0;1;3.94;1;0;0;0;0;2,504;9,885;2,504;1,491;2;0;0;1;0;0;1;0;0;0;0;0;0;0;0;0;0;0;1;4;1;266;1.38;266;0;0;0;0;0;160;72;0;0;0;2;7.89;2;0;0;0;--;0;0;0;0;45%;0;0
Kingg Tuttle;0;0;2;5%;61;19;10;0.01;20,216;5,014.17;6,959;2,058;33;8.18;75;19;26;80;19.84;23;10;2.42;0;0;0;0;0;0;0;0;2;7;1.73;3;1;4;0;3;50,872;12,618;13,932;3,997;10;0;0;11;2;4;5;1;0.24;1;3;1;49;12.15;16;11:19;02:48;03:20;16;4;8;9,981;3.03;3,253;0;0;0;0;0;3,481;1,087;2;0.49;1;101;25.05;30;0;0;0;54 minutes;07:35;0;0;0;31%;41%;67%
KJCagnoli;2883;0;0;0;0;0;0;0;710;2,790.37;475;459;4;15.72;1;4;1;1;3.93;1;1;0.25;0;0;0;0;0;0;0;0;1;1;3.93;1;0;0;0;0;2,067;8,127;1,722;1,261;1;0;0;0;0;0;0;0;0;0;0;0;0;0;0;00:11;00:46;00:08;0;0;0;405;1.92;276;0;0;0;0;0;120;31;0;0;0;2;7.86;2;0;0;0;3 minutes;00:41;0;0;0;25%;31%;0
Kypahh;3508;0;2;6%;122;34;13;0.02;37,050;5,075.55;9,178;2,438;45;6.16;101;14;31;115;15.75;22;9;2.55;0;0;0;0;0;0;0;1;2;19;2.6;6;5;7;0;2;74,355;10,186;16,897;5,062;9;0;0;19;5;4;10;3;0.41;1;0;0;54;7.39;15;12:26;01:42;04:12;39;5;8;11,843;2.16;2,415;0;0;0;0;0;6,399;1,956;2;0.27;1;99;13.56;23;0;0;0;1 hour;01:55;0;0;0;30%;38%;27%
Lady Ankh;2735;0;6;7%;179;44;14;0.02;40,318;5,788.7;8,154;2,445;68;9.76;123;18;20;122;17.51;29;9;1.79;0;0;0;0;0;0;0;1;0;13;1.86;3;4;7;1;2;106,749;15,327;19,043;6,519;9;0;0;18;3;10;5;0;0;0;0;0;80;11.48;23;16:38;02:23;04:10;1;0;1;18,421;2.91;3,291;0;0;0;0;0;8,492;2,429;0;0;0;136;19.52;31;0;0;0;1 hour;03:55;0;0;0;28%;36%;28%
LanceHasPants;3461;0;0;7%;22;17;7;0.02;5,558;4,215.53;4,391;1,382;9;6.82;13;10;7;22;16.68;18;8;2.44;0;0;0;0;0;0;0;0;3;5;3.79;5;0;1;0;1;13,066;9,911;9,871;3,284;8;0;0;3;0;1;1;0;0;0;0;0;14;10.61;11;02:55;02:12;02:10;11;8;8;2,856;2.84;2,239;0;0;0;0;0;1,073;304;1;0.75;1;18;13.65;14;0;0;0;16 minutes;01:31;0;0;0;28%;32%;100%
Lee;3000;0;2;6%;51;20;7;0.01;15,240;3,718.13;4,321;1,442;40;9.75;50;12;15;76;18.54;23;7;1.9;0;0;0;0;0;0;0;0;1;14;3.41;6;0;4;0;4;41,985;10,243;12,355;3,784;7;0;0;10;1;6;3;0;0;0;0;0;33;8.05;10;05:35;01:21;01:38;5;1;3;8,532;2.79;2,437;0;0;0;0;0;3,870;817;0;0;0;90;21.95;34;0;0;0;50 minutes;00:52;0;0;0;21%;21%;90%
LEGENDARYWARIOR;3639;0;18;5%;629;46;14;0.01;206,067;5,009.44;8,608;3,279;390;9.48;585;14;33;591;14.36;33;9;1.51;0;0;0;0;0;0;0;3;19;125;3.03;9;21;41;2;18;460,696;11,199;19,957;4,751;9;0;0;94;15;54;24;17;0.41;2;3;3;302;7.34;20;01:15:52;01:50;04:25;104;3;8;84,338;2.59;4,116;0;0;0;0;0;31,279;11,503;15;0.36;4;687;16.7;34;0;0;0;9 hours;27:23;0;0;7;36%;56%;43%
Leveyez;3389;0;1;5%;29;14;5;0.02;9,344;5,778.04;5,633;839;21;12.98;25;15;17;19;11.74;12;6;0.9;0;0;0;0;0;0;0;0;0;4;2.47;3;1;2;0;1;21,831;13,499;12,850;2,368;6;0;0;3;0;2;1;1;0.61;1;0;0;13;8.03;10;04:06;02:32;03:04;0;0;0;4,287;3.13;2,163;0;0;0;0;0;1,545;551;1;0.61;1;27;16.69;17;0;0;0;22 minutes;00:00;0;0;0;35%;38%;61%
Libero474;2177;0;16;7%;172;25;10;0.01;43,868;2,452.2;4,725;1,623;175;9.78;316;18;30;229;12.8;26;9;1.3;0;0;0;0;0;0;0;2;5;48;2.68;7;7;18;1;10;209,461;11,709;18,732;6,173;9;0;0;31;4;20;7;0;0;0;0;0;138;7.71;22;32:04;01:47;03:32;8;0;3;37,756;2.72;3,536;0;0;0;0;0;8,256;2,324;2;0.11;1;291;16.26;32;0;0;0;3 hours;17:32;0;0;7;28%;45%;55%
limited death;0;0;5;5%;143;31;9;0.01;46,647;4,560.4;6,053;1,478;149;14.56;139;14;18;125;12.22;23;7;0.83;0;0;0;0;0;0;0;0;3;23;2.24;6;4;10;1;5;120,993;11,829;13,246;3,634;7;0;0;25;5;14;6;0;0;0;0;0;64;6.25;9;20:28;02:00;02:52;10;1;3;27,087;2.93;4,437;0;0;0;0;0;8,874;2,642;2;0.19;1;162;15.83;23;0;0;0;2 hours;02:40;0;0;1;29%;37%;47%
limmme;3478;0;34;7%;889;34;17;0.02;192,644;4,249.72;7,277;2,987;352;7.76;697;15;37;622;13.72;27;10;1.76;0;0;0;0;0;0;0;2;5;102;2.25;6;21;45;5;20;629,787;13,893;25,824;7,202;10;0;0;104;18;58;29;6;0.13;1;3;5;359;7.91;20;01:13:17;01:37;03:49;17;0;3;92,286;2.54;4,622;0;0;0;0;0;52,355;11,241;4;0.08;1;736;16.23;40;0;0;0;10 hours;10:59;0;0;3;21%;34%;44%
Lord Misiunas;2140;0;3;6%;89;23;9;0.01;27,201;3,867.61;6,913;943;98;13.93;58;8;19;103;14.64;26;9;1.05;0;0;0;0;0;0;0;1;6;27;3.83;11;3;7;1;3;73,401;10,437;18,166;3,162;9;0;0;19;7;7;4;0;0;0;3;1;69;9.81;21;12:19;01:45;03:26;7;1;2;20,309;3.48;4,536;0;0;0;0;0;4,825;1,319;3;0.42;3;86;12.22;21;0;0;0;1 hour;01:13;0;0;0;27%;35%;48%
LucioPoopedOnU;2920;0;21;5%;357;24;10;0.01;140,434;5,015.49;8,299;3,435;297;10.6;469;17;32;466;16.64;31;13;1.56;0;0;0;0;0;0;0;2;20;91;3.25;9;9;28;2;17;351,554;12,556;11,148;6,901;13;0;0;75;8;60;7;2;0.07;1;3;2;328;11.71;27;01:20:15;02:51;06:34;20;1;2;82,668;3.78;5,682;0;0;0;0;0;22,055;7,047;11;0.39;2;534;19.07;37;0;0;0;6 hours;48:48;0;0;14;31%;52%;60%
Lycanz;4036;0;4;5%;93;21;8;0.01;34,144;4,729.98;5,826;2,417;60;8.31;122;17;27;121;16.76;29;11;2.01;0;0;0;0;0;0;0;3;0;25;3.46;5;2;7;0;5;77,633;10,755;15,048;4,781;11;0;0;23;7;13;4;4;0.55;1;0;0;59;8.17;17;14:39;02:01;02:48;19;3;8;17,124;3.34;3,600;0;0;0;0;0;5,130;1,766;2;0.27;1;148;20.5;29;0;0;0;1 hour;10:44;0;0;0;34%;53%;76%
Maniac Mansion;1716;0;1;7%;77;29;9;0.01;19,449;4,313.51;5,986;1,599;71;15.74;43;10;14;59;13.08;21;6;0.83;0;0;0;0;0;0;0;2;4;18;3.99;8;2;5;1;2;48,299;10,712;11,535;2,535;6;0;0;11;2;4;5;0;0;0;0;0;29;6.43;11;07:44;01:43;02:16;2;0;1;11,497;2.89;2,528;0;0;0;0;0;5,234;1,008;1;0.22;1;61;13.52;16;0;0;0;1 hour;00:43;0;0;0;19%;23%;35%
Mano Brawl BR;4015;0;17;6%;430;38;19;0.01;132,442;3,764.64;8,649;3,358;207;5.88;595;17;30;622;17.68;31;17;3;0;0;0;0;0;0;0;4;15;124;3.52;8;7;35;1;28;347,168;9,868;14,528;6,315;17;0;0;92;25;45;22;18;0.51;3;0;0;308;8.75;18;01:06:07;01:52;03:26;77;2;5;63,992;2.61;2,912;0;0;0;0;0;20,187;6,621;18;0.51;3;563;16;37;0;0;0;6 hours;26:34;0;0;2;32%;54%;79%
Marderic;3685;0;3;5%;97;23;13;0.02;28,868;5,834.59;9,156;3,347;35;7.07;87;18;22;94;18.99;24;9;2.68;0;0;0;0;0;0;0;1;1;18;3.63;5;1;5;1;3;57,199;11,561;15,007;5,043;9;0;0;10;2;6;1;5;1.01;2;0;0;43;8.69;10;08:01;01:37;02:56;22;4;9;9,752;2.61;2,479;0;0;0;0;0;5,223;1,646;0;0;0;90;18.19;22;0;0;0;1 hour;04:17;0;0;1;31%;40%;69%
MattShore21;1918;0;8;6%;211;50;15;0.02;54,887;5,178.57;9,756;4,276;91;8.58;137;13;23;130;12.26;26;14;1.42;0;0;0;0;0;0;0;2;2;30;2.83;6;6;11;0;5;115,754;10,921;20,820;5,310;14;0;0;25;4;17;5;0;0;0;0;0;88;8.3;23;19:11;01:48;04:16;4;0;1;23,014;3.15;4,064;0;0;0;0;0;9,249;3,277;5;0.47;2;162;15.28;35;0;0;0;2 hours;05:10;0;0;0;35%;48%;47%
Maxxon Charge;3705;0;2;6%;211;25;9;0.02;63,837;5,548.74;5,503;2,627;87;7.56;161;14;19;218;18.94;22;10;2.5;0;0;0;0;0;0;0;1;4;40;3.47;7;3;12;0;8;110,176;9,577;9,272;3,708;10;0;0;24;7;8;9;1;0.08;1;3;1;100;8.69;12;22:42;01:58;02:48;99;9;12;19,524;2.08;1,944;0;0;0;0;0;12,895;3,450;1;0.08;1;225;19.55;25;0;0;0;2 hours;13:34;0;0;0;26%;45%;69%
mcir3000;2958;0;3;5%;95;39;10;0.02;34,182;8,254.07;12,088;3,209;41;9.9;67;16;30;108;26.07;47;12;2.63;0;0;0;0;0;0;0;0;2;30;7.24;14;1;4;1;3;56,129;13,554;17,416;4,508;12;0;0;13;3;7;3;1;0.24;1;0;0;54;13.03;20;11:19;02:44;02:48;8;2;4;11,179;2.95;3,748;0;0;0;0;0;5,232;1,802;0;0;0;109;26.32;38;0;0;0;1 hour;08:00;0;0;0;34%;36%;60%
Medvescek;3421;0;1;8%;12;12;6;0.02;2,517;3,699.53;2,517;995;4;5.87;11;16;11;15;22.04;15;5;3.75;0;0;0;0;0;0;0;0;0;9;13.22;9;0;1;0;1;7,331;10,776;7,331;3,243;5;0;0;1;0;1;0;1;1.46;1;0;0;4;5.87;4;00:09;00:14;00:09;0;0;0;1,258;2.6;1,258;0;0;0;0;0;730;142;2;2.93;2;11;16.16;11;0;0;0;8 minutes;0;0;0;0;19%;19%;100%
Mercy MD;2826;0;1;11%;31;24;7;0.02;5,210;5,092.4;4,003;701;17;16.61;21;21;15;26;25.41;21;6;1.52;0;0;0;0;0;0;0;1;1;4;3.9;2;1;1;0;0;18,619;18,199;14,627;3,379;6;0;0;2;1;1;0;0;0;0;0;0;20;19.54;16;03:35;03:31;02:55;6;6;4;4,062;3.44;2,790;0;0;0;0;0;910;264;0;0;0;29;28.34;22;0;0;0;19 minutes;00:50;0;0;0;29%;28%;0
millar08;0;0;2;6%;49;29;9;0.01;16,028;5,961.89;6,754;1,369;40;14.87;49;18;21;64;23.8;30;9;1.6;0;0;0;0;0;0;0;1;9;29;10.78;13;2;3;0;1;42,320;15,741;18,744;4,769;9;0;0;6;1;3;2;4;1.48;2;3;1;42;15.62;21;06:18;02:20;03:12;0;0;0;12,084;4.44;4,721;0;0;0;0;0;2,109;745;7;2.6;3;58;21.57;23;0;0;0;45 minutes;07:16;0;0;0;35%;39%;25%
minoee;0;0;1;2%;9;9;4;0;6,206;6,205.9;6,206;2,124;10;10;17;17;17;26;26;26;13;2.6;0;0;0;0;0;0;0;0;0;5;5;5;1;1;0;0;14,863;14,863;14,863;5,626;13;0;0;3;0;2;1;0;0;0;0;0;18;18;18;01:31;01:31;01:31;0;0;0;3,515;3.84;3,515;0;0;0;0;0;1,341;383;0;0;0;20;20;20;0;0;0;15 minutes;00:21;0;0;1;28%;28%;0
MisterToli X;3151;0;0;6%;44;23;9;0.03;11,132;7,651.56;6,956;1,810;19;13.05;18;12;14;20;13.74;16;7;1.05;0;0;0;0;0;0;0;0;0;9;6.18;7;1;1;0;0;21,232;14,594;12,192;5,322;7;0;0;3;0;1;1;2;1.37;2;0;0;9;6.18;7;02:38;01:49;01:58;1;1;1;3,598;2.46;2,226;0;0;0;0;0;1,946;701;0;0;0;25;17.18;19;0;0;0;24 minutes;0;0;0;0;36%;46%;0
miya456;2442;0;3;5%;52;10;6;0.01;17,251;2,706.09;4,002;1,273;44;6.9;86;13;22;80;12.54;24;9;1.81;0;0;0;0;0;0;0;1;1;11;1.72;4;3;6;0;3;59,482;9,331;13,717;4,055;9;0;0;14;3;8;4;1;0.15;1;0;0;39;6.11;16;06:03;00:57;01:24;3;0;1;11,314;2.8;2,231;0;0;0;0;0;3,923;931;1;0.15;1;78;12.23;21;0;0;0;1 hour;00:30;0;0;3;23%;40%;49%
mnizzle4;2719;0;0;5%;45;24;8;0.02;17,944;6,365.05;6,781;1,869;26;9.22;40;14;17;44;15.6;21;7;1.69;0;0;0;0;0;0;0;1;1;3;1.06;1;1;3;0;2;29,988;10,637;12,666;3,231;7;0;0;10;1;6;3;0;0;0;0;0;26;9.22;15;05:45;02:02;02:37;0;0;0;6,853;3.64;2,542;0;0;0;0;0;2,987;889;1;0.35;1;45;15.96;21;0;0;0;31 minutes;01:13;0;0;2;29%;39%;73%
Mortem;2681;0;0;8%;19;14;6;0.02;3,356;3,828.51;2,332;702;15;17.11;10;11;9;8;9.12;7;3;0.53;0;0;0;0;0;0;0;0;0;2;2.28;2;1;1;0;0;7,073;8,070;5,458;1,740;3;0;0;3;0;2;2;0;0;0;0;0;7;7.98;7;01:18;01:29;01:01;0;0;0;2,137;2.89;1,723;0;0;0;0;0;595;220;0;0;0;6;6.84;3;0;0;0;12 minutes;0;0;0;0;36%;0;40%
MrNerdWalker;0;0;0;9%;21;21;7;0.02;4,126;4,126.39;4,126;1,004;10;9.99;12;12;12;12;11.99;12;4;1.2;0;0;0;0;0;0;0;0;1;5;4.99;5;0;1;0;1;14,277;14,277;14,277;3,734;4;0;0;3;1;2;0;0;0;0;0;0;6;5.99;6;01:10;01:10;01:10;2;2;2;2,111;2.25;2,111;0;0;0;0;0;1,010;233;0;0;0;22;21.99;22;0;0;0;15 minutes;0;0;0;0;23%;23%;100%
MSwn;2339;0;0;5%;6;6;4;0.01;1,949;4,836.69;1,949;658;5;12.4;5;12;5;8;19.85;8;3;1.6;0;0;0;0;0;0;0;0;0;2;4.96;2;0;0;0;0;4,634;11,501;4,634;1,283;3;0;0;1;0;0;1;0;0;0;3;1;5;12.4;5;01:23;03:26;01:23;0;0;0;950;2.61;950;0;0;0;0;0;539;111;0;0;0;6;14.89;6;0;0;0;6 minutes;0;0;0;0;20%;0;0
My BRs Dyslexic;3567;0;26;6%;656;31;15;0.02;188,007;5,320;9,984;3,293;238;6.73;510;14;28;589;16.66;32;12;2.47;0;0;0;0;0;0;0;1;20;131;3.7;8;8;35;2;25;426,089;12,057;20,246;6,556;12;0;0;101;18;62;21;2;0.05;1;3;1;324;9.16;19;01:12:22;02:02;04:40;37;1;6;71,420;2.67;3,562;0;0;0;0;0;30,268;10,510;15;0.42;4;593;16.78;29;1;0;0;7 hours;30:26;0;0;4;34%;57%;72%
naix;2880;0;0;6%;7;7;2;0.01;2,456;3,730.66;2,456;883;9;13.67;9;14;9;10;15.19;10;3;1.11;0;0;0;0;0;0;0;1;0;1;1.51;1;1;1;0;0;5,823;8,847;5,823;1,914;3;0;0;3;1;2;0;0;0;0;0;0;7;10.63;7;01:47;02:42;01:47;3;5;3;1,550;3.17;1,550;0;0;0;0;0;368;110;1;1.51;1;11;16.71;11;0;0;0;8 minutes;00:20;0;0;0;29%;0;0
Narfidy;2569;0;17;7%;350;46;14;0.02;80,678;4,354.47;6,671;2,415;176;9.49;345;19;41;378;20.4;36;11;2.14;0;0;0;0;0;0;0;0;9;72;3.88;9;8;19;2;9;244,592;13,201;22,001;8,238;11;0;0;47;9;25;12;1;0.05;1;3;1;227;12.25;28;46:11;02:29;04:53;12;1;4;52,320;3.39;4,992;0;0;0;0;0;16,723;4,807;8;0.43;2;344;18.56;34;0;0;0;4 hours;22:14;0;0;3;28%;37%;47%
Nasty0303;2662;0;10;4%;548;37;8;0.01;202,562;4,784.26;8,617;2,775;492;11.62;414;10;27;615;14.52;29;9;1.25;0;0;0;0;0;0;0;5;7;114;2.69;8;21;42;3;19;383,381;9,055;17,556;6,390;9;0;0;97;21;53;23;12;0.28;2;3;5;395;9.32;20;01:35:19;02:15;04:32;17;0;2;89,364;2.92;4,733;0;0;0;0;0;52,659;11,369;5;0.11;1;738;17.43;35;2;0;0;8 hours;30:31;0;0;29;21%;43%;43%
Newt Lev;2659;0;5;10%;178;42;16;0.03;34,024;5,516.35;6,930;3,851;52;8.43;119;19;39;155;25.13;35;24;2.98;0;0;0;0;0;0;0;1;1;33;5.35;10;2;6;0;4;72,776;11,799;14,017;6,837;24;0;0;19;5;12;3;2;0.32;1;0;0;111;17.99;26;16:07;02:36;04:40;9;1;4;15,155;3.27;4,522;0;0;0;0;0;5,968;1,755;4;0.64;2;122;19.77;29;0;0;0;1 hour;15:50;0;0;1;29%;37%;63%
NGeminiN;3330;0;1;4%;55;22;11;0.02;20,482;7,889.86;6,616;3,005;29;11.17;32;12;14;61;23.49;27;10;2.1;0;0;0;0;0;0;0;0;2;13;5;6;2;3;0;1;35,593;13,711;13,498;4,895;10;0;0;9;2;3;3;4;1.54;3;0;0;24;9.24;15;03:33;01:22;01:08;8;3;4;7,407;3.05;2,982;0;0;0;0;0;3,634;1,140;0;0;0;38;14.63;13;0;0;0;40 minutes;01:44;0;0;0;31%;38%;30%
Nicochik77;2886;0;1;4%;14;13;5;0.01;5,712;4,870.22;4,731;1,617;12;10.23;17;14;14;28;23.87;25;11;2.33;0;0;0;0;0;0;0;0;0;6;5.11;5;1;1;0;0;13,352;11,383;11,167;3,120;11;0;0;3;1;1;0;0;0;0;0;0;14;11.93;12;01:55;01:38;01:42;4;3;4;3,381;3.43;2,954;0;0;0;0;0;1,210;297;0;0;0;22;18.75;19;0;0;0;16 minutes;02:10;0;0;1;24%;23%;18%
Nietzsche Nick;3738;0;5;4%;190;24;10;0.01;83,018;4,652.49;8,001;2,447;134;7.5;230;13;23;330;18.49;29;14;2.46;0;0;0;0;0;0;0;3;10;76;4.25;8;4;18;0;14;152,315;8,536;13,811;3,975;14;0;0;33;11;13;10;12;0.67;2;3;1;125;7;17;19:58;01:07;02:30;140;8;15;29,926;2.33;3,026;0;0;0;0;0;12,341;4,180;13;0.72;2;238;13.33;23;0;0;0;3 hours;15:19;0;0;2;33%;49%;80%
NitroFPS;4200;0;0;4%;29;9;6;0.02;12,812;5,651.87;3,000;1,537;12;5.29;38;17;10;46;20.29;14;8;3.83;0;0;0;0;0;0;0;0;2;10;4.41;4;0;2;0;2;19,745;8,711;4,789;2,531;8;0;0;7;1;2;3;0;0;0;3;1;32;14.11;9;10:15;04:31;02:26;19;8;6;3,277;2.34;879;0;0;0;0;0;1,670;718;1;0.44;1;37;16.32;11;0;0;0;23 minutes;08:31;0;0;0;42%;0;100%
NomadHokie;2553;0;5;6%;197;21;9;0.01;65,011;4,463.85;5,931;2,287;155;10.64;256;18;23;224;15.38;25;14;1.44;0;0;0;0;0;0;0;3;8;43;2.95;8;5;15;1;9;188,554;12,947;16,433;5,285;14;0;0;33;6;17;11;6;0.41;2;4;1;143;9.81;21;41:09;02:49;04:52;22;2;5;35,757;2.64;3,009;0;0;0;0;0;11,990;3,168;4;0.27;1;262;17.98;22;0;0;0;3 hours;10:41;0;0;1;26%;38%;59%
NoT x GER Beans;3390;0;3;4%;110;16;8;0.01;48,487;4,586.81;7,885;2,011;108;10.21;141;13;25;146;13.81;22;10;1.35;0;0;0;0;0;0;0;4;8;31;2.93;7;5;11;1;5;121,954;11,537;17,131;4,765;10;0;0;18;4;7;7;3;0.28;1;0;0;50;4.72;8;13:41;01:17;02:23;26;2;6;22,318;2.52;3,012;0;0;0;0;0;8,291;2,650;3;0.28;1;179;16.93;25;0;0;0;2 hours;03:36;0;0;0;31%;36%;51%
nR Elusive;2938;0;2;4%;14;6;4;0;6,261;2,457.55;2,945;1,246;11;4.31;38;15;20;41;16.09;18;12;3.72;0;0;0;0;0;0;0;0;0;3;1.17;2;1;3;0;2;28,467;11,174;13,420;5,421;12;0;0;7;1;3;3;1;0.39;1;0;0;22;8.63;12;05:12;02:02;02:43;2;1;1;5,854;3.77;2,786;0;0;0;0;0;2,475;313;0;0;0;33;12.95;17;0;0;0;25 minutes;04:15;0;0;0;12%;13%;78%
o Kapow;3124;0;3;5%;44;19;6;0.01;14,603;4,172.35;5,121;1,158;43;12.28;52;15;23;46;13.14;19;6;1.06;0;0;0;0;0;0;0;0;1;6;1.71;3;2;3;0;2;45,686;13,053;15,780;6,092;6;0;0;8;2;5;1;1;0.28;1;0;0;19;5.42;9;08:39;02:28;03:33;0;0;0;8,897;2.88;3,197;0;0;0;0;0;2,984;842;1;0.28;1;64;18.28;25;0;0;0;51 minutes;00:20;0;0;0;28%;26%;55%
ObiwanKi11n00by;3672;0;1;7%;52;25;9;0.02;14,688;4,093.11;6,473;1,717;26;7.24;30;8;17;43;11.98;17;9;1.65;0;0;0;0;0;0;0;0;2;10;2.78;4;4;4;0;0;35,633;9,930;15,554;3,579;9;0;0;6;0;4;2;1;0.27;1;4;1;17;4.73;9;05:14;01:27;03:37;6;2;3;6,975;2.73;2,483;0;0;0;0;0;2,961;739;2;0.55;1;54;15.04;30;0;0;0;42 minutes;03:48;0;0;0;24%;30%;0
Ohdyn;0;0;4;9%;55;17;9;0.01;13,186;2,965.69;3,778;1,388;19;4.27;55;12;12;79;17.76;25;7;4.15;0;0;0;0;0;0;0;0;3;15;3.37;8;0;4;0;4;39,477;8,879;12,487;4,076;7;0;0;9;0;7;2;2;0.44;2;0;0;32;7.19;14;05:43;01:17;02:15;6;1;2;7,632;2.68;2,050;0;0;0;0;0;3,253;591;2;0.44;2;59;13.26;21;0;0;0;47 minutes;11:22;0;0;7;18%;22%;100%
OKGo Joshie;4000;0;0;9%;10;10;10;0.04;2,341;13,012.13;2,341;2,341;0;0;9;50;9;12;66.7;12;12;0;0;0;0;0;0;0;0;0;0;2;11.11;2;0;0;0;0;3,526;19,603;3,526;3,526;12;0;0;1;0;0;0;0;0;0;0;0;6;33.35;6;00:26;02:25;00:26;1;6;1;835;3.42;835;0;0;0;0;0;446;108;0;0;0;3;16.67;3;0;0;0;4 minutes;00:56;0;0;0;24%;24%;100%
ORANGE FURY1222;2728;0;1;7%;26;26;11;0.03;7,079;7,079.09;7,079;1,574;8;7.99;16;16;16;36;35.99;36;8;4.5;0;0;0;0;0;0;0;0;2;8;7.99;8;0;1;0;1;7,853;7,853;7,853;1,799;8;0;0;4;2;1;1;0;0;0;0;0;22;21.99;22;01:48;01:48;01:48;4;4;4;1,623;2.07;1,623;0;0;0;0;0;905;351;3;2.99;3;15;14.99;15;0;0;0;13 minutes;03:12;0;0;0;38%;38%;100%
Ouijaveli;4071;0;0;2%;3;3;3;0.01;1,985;8,816.66;1,985;1,073;3;13.32;2;9;2;2;8.88;2;1;0.66;0;0;0;0;0;0;0;0;0;1;4.44;1;0;0;0;0;3,632;16,128;3,632;2,306;1;0;0;1;0;0;0;0;0;0;0;0;1;4.44;1;00:10;00:48;00:10;1;4;1;899;3.97;899;0;0;0;0;0;371;116;0;0;0;3;13.32;3;0;0;0;3 minutes;0;0;0;0;31%;0;0
OUT M3 RK ED;3749;0;13;5%;291;30;16;0.02;94,598;5,967.89;10,680;2,599;110;6.93;305;19;31;293;18.48;32;13;2.66;0;0;0;0;0;0;0;1;5;45;2.83;6;5;16;0;10;200,331;12,638;12,105;4,552;13;0;0;44;7;25;11;6;0.37;2;0;0;160;10.09;21;33:31;02:06;05:12;9;1;3;33,413;2.72;3,470;0;0;0;0;0;19,505;5,411;3;0.18;1;314;19.8;31;0;0;0;3 hours;12:14;0;0;1;27%;36%;65%
Overwatch DVa;3088;0;1;5%;13;8;5;0.03;3,430;3,817.1;1,823;1,182;4;4.45;6;7;4;7;7.79;4;3;1.75;0;0;0;0;0;0;0;0;0;2;2.22;2;0;1;0;1;6,917;7,698;4,515;4,120;3;0;0;2;1;1;1;0;0;0;0;0;4;4.45;3;00:18;00:21;00:09;0;0;0;1,264;3.06;734;0;0;0;0;0;646;236;0;0;0;10;11.12;9;0;0;0;6 minutes;0;0;0;0;36%;0;85%
Ozdevil;0;0;2;5%;32;12;5;0.01;13,749;3,437.2;5,737;1,486;24;6;56;14;24;58;14.5;22;11;2.41;0;0;0;0;0;0;0;1;11;16;4;6;2;4;0;2;40,706;10,177;12,937;4,854;11;0;0;4;0;3;1;0;0;0;0;0;30;7.5;16;05:04;01:16;02:29;2;1;1;9,504;3.42;3,220;0;0;0;0;0;2,467;601;4;1;4;44;11;18;0;0;0;46 minutes;06:45;0;0;0;24%;30%;49%
ParalyzingFrost;3000;0;0;8%;68;24;11;0.01;19,137;3,362.77;5,593;1,491;47;8.25;72;13;27;89;15.63;22;8;1.89;0;0;0;0;0;0;0;1;5;16;2.81;4;4;6;0;1;40,736;7,158;14,605;4,467;8;0;0;6;1;3;1;2;0.35;1;3;3;50;8.78;14;05:56;01:02;01:39;23;4;8;8,874;2.42;2,510;0;0;0;0;0;3,785;814;2;0.35;2;78;13.7;29;0;0;0;1 hour;05:14;0;0;0;21%;24%;25%
Parmesan Memes;3640;0;0;6%;7;7;2;0.01;2,110;4,499.95;2,110;483;6;12.79;4;9;4;4;8.52;4;1;0.66;0;0;0;0;0;0;0;0;0;2;4.26;2;0;0;0;0;5,607;11,956;5,607;1,875;1;0;0;1;0;0;1;0;0;0;0;0;1;2.13;1;00:06;00:14;00:06;0;0;0;1,271;2.76;1,271;0;0;0;0;0;543;110;0;0;0;6;12.79;6;0;0;0;7 minutes;0;0;0;0;20%;20%;0
phantom fluid;2280;0;18;6%;124;14;6;0;44,327;2,315.31;4,454;988;188;9.81;365;19;34;224;11.7;26;7;1.19;0;0;0;0;0;0;0;3;12;40;2.08;7;10;19;0;10;221,937;11,592;19,666;4,559;7;0;0;40;10;26;4;0;0;0;3;1;152;7.93;16;47:53;02:30;05:51;23;1;6;42,391;2.76;3,618;0;0;0;0;0;10,356;1,843;6;0.31;2;390;20.37;40;0;0;0;4 hours;05:17;0;0;1;17%;43%;50%
Ponders;3669;0;50;6%;3,316;59;22;0.02;1,040,453;5,751.71;11,728;3,615;2,035;11.24;2,428;13;33;3,469;19.17;39;15;1.7;0;0;0;0;0;0;0;38;136;606;3.35;11;81;181;7;94;1,915,436;10,589;22,015;6,437;15;0;0;471;119;224;128;56;0.3;4;5;22;1,697;9.38;23;05:45:33;01:54;05:02;1,546;9;27;418,240;2.76;5,168;0;0;0;0;0;218,515;52,264;67;0.37;4;3,521;19.46;52;0;0;0;42 hours;04:28:21;0;0;6;23%;45%;51%
pooptasticpoop;4015;0;1;6%;52;15;10;0.02;13,541;3,576.02;3,565;1,809;17;4.48;28;7;9;62;16.37;18;14;3.64;0;0;0;0;0;0;0;0;1;10;2.64;4;0;4;0;3;24,666;6,514;7,554;2,565;14;0;0;9;2;4;3;1;0.26;1;0;0;21;5.54;6;02:40;00:42;00:53;27;7;9;4,719;2.08;1,284;0;0;0;0;0;2,879;750;2;0.52;1;46;12.14;15;0;0;0;37 minutes;01:37;0;0;0;26%;31%;92%
POuPOuNeISbAcK;3409;0;0;4%;35;26;6;0.02;13,003;8,726.94;9,078;2,724;14;9.39;30;20;23;30;20.13;25;8;2.14;0;0;0;0;0;0;0;0;0;4;2.68;3;0;1;0;1;20,873;14,009;15,106;3,518;8;0;0;3;1;2;0;0;0;0;3;1;17;11.4;15;02:21;01:35;01:20;19;13;14;4,300;2.91;3,151;0;0;0;0;0;2,697;747;0;0;0;39;26.17;28;0;0;0;24 minutes;00:32;0;0;0;27%;29%;67%
Proxxy 4;3697;0;2;10%;81;27;10;0.02;15,735;3,379.88;5,253;1,531;36;7.73;56;12;17;60;12.88;22;9;1.66;0;0;0;0;0;0;0;0;4;11;2.36;6;2;5;0;3;35,369;7,597;14,194;3,819;9;0;0;11;2;6;4;2;0.42;1;0;0;30;6.44;12;06:03;01:18;02:35;32;7;10;8,196;2.93;3,218;0;0;0;0;0;4,263;790;3;0.64;1;59;12.67;22;0;0;0;46 minutes;05:28;0;0;0;18%;23%;64%
Prunester;3701;0;0;4%;16;8;5;0.01;6,828;5,258.08;3,322;821;18;13.86;8;6;4;18;13.86;9;3;1;0;0;0;0;0;0;0;1;0;1;0.77;1;1;1;0;1;12,209;9,402;6,124;1,603;3;0;0;1;0;0;1;0;0;0;0;0;6;4.62;5;02:21;01:49;01:12;5;4;2;2,470;2.05;1,087;0;0;0;0;0;1,199;381;0;0;0;20;15.4;10;0;0;0;20 minutes;00:20;0;0;0;31%;39%;60%
qosh;3520;0;0;1%;2;2;2;0;2,303;3,987.37;1,367;664;7;12.12;6;10;4;12;20.77;9;3;1.71;0;0;0;0;0;0;0;0;0;3;5.19;3;0;1;0;0;5,817;10,072;3,181;1,845;3;0;0;2;0;1;1;1;1.73;1;0;0;5;8.65;4;01:09;02:00;00:35;5;9;5;970;1.49;607;0;0;0;0;0;422;112;2;3.46;2;9;15.58;5;0;0;0;10 minutes;0;0;0;0;26%;30%;40%
Rabundy;2393;0;1;8%;32;32;7;0.02;8,304;8,303.78;8,304;1,559;15;14.99;34;34;34;43;42.99;43;9;2.86;0;0;0;0;0;0;0;1;3;12;11.99;12;1;1;0;0;24,721;24,721;24,721;4,461;9;0;0;1;0;1;0;1;0.99;1;0;0;21;20.99;21;02:40;02:40;02:40;0;0;0;4,305;3.19;4,305;0;0;0;0;0;1,521;394;3;2.99;3;38;37.99;38;0;0;0;22 minutes;05:15;0;0;0;25%;25%;0
Rahazlium;3379;0;0;4%;2;2;2;0;1,317;3,571.71;1,317;827;2;5.42;6;16;6;11;29.83;11;7;5.5;0;0;0;0;0;0;0;0;1;3;8.13;3;0;0;0;0;2,965;8,042;2,965;2,067;7;0;0;0;0;0;0;0;0;0;0;0;4;10.84;4;00:27;01:13;00:27;0;0;0;1,125;5.52;1,125;0;0;0;0;0;155;48;0;0;0;2;5.42;2;0;0;0;3 minutes;00:48;0;0;0;30%;0;100%
RainboUnicorn;2110;0;9;8%;210;28;10;0.01;41,532;3,194.78;6,648;1,471;141;10.84;146;11;25;180;13.84;26;6;1.27;0;0;0;0;0;0;0;3;8;37;2.84;9;5;13;0;8;129,238;9,941;15,981;2,999;6;0;0;26;7;15;4;1;0.07;1;0;0;109;8.38;21;22:39;01:44;03:01;8;1;4;25,198;2.37;2,825;0;0;0;0;0;8,315;2,409;4;0.3;1;185;14.23;26;0;0;0;2 hours;02:50;0;0;1;28%;38%;61%
RamLMT;2701;0;16;7%;783;60;22;0.02;193,131;5,576.63;9,237;2,744;392;11.31;638;18;38;617;17.81;36;14;1.57;0;0;0;0;0;0;0;4;15;79;2.28;7;16;35;2;17;426,106;12,304;22,601;5,966;14;0;0;83;15;42;26;0;0;0;4;3;377;10.88;26;01:29:03;02:34;06:56;75;2;7;89,797;3.02;5,549;0;0;0;0;0;46,476;10,676;8;0.23;2;662;19.11;36;0;0;0;8 hours;32:34;0;0;8;22%;45%;49%
RBFJ AlphaPrime;2239;0;0;4%;6;4;2;0.01;2,297;4,652.75;1,970;1,090;8;16.2;1;2;1;1;2.02;1;1;0.12;0;0;0;0;0;0;0;1;0;1;2.02;1;0;0;0;0;3,689;7,472;3,320;1,459;1;0;0;1;0;1;0;0;0;0;0;0;1;2.02;1;00:11;00:24;00:09;0;0;0;1,057;2.31;937;0;0;0;0;0;378;144;0;0;0;5;10.12;5;0;0;0;7 minutes;0;0;0;0;38%;0;14%
REC xD;3854;0;17;6%;1,112;42;19;0.02;295,323;6,411.4;10,463;3,229;517;11.22;788;17;35;789;17.12;32;16;1.52;0;0;0;0;0;0;0;4;26;131;2.84;8;19;46;4;23;531,145;11,531;21,846;6,224;16;0;0;112;15;82;14;5;0.1;1;3;3;439;9.53;23;01:47:13;02:19;04:49;185;4;14;100,403;2.49;3,460;0;0;0;0;0;55,867;16,659;11;0.23;2;775;16.82;37;0;0;0;11 hours;48:56;0;0;0;29%;51%;49%
Red Faze;3559;0;9;6%;218;25;15;0.01;68,346;3,597.28;6,449;2,085;172;9.05;314;17;30;284;14.94;30;13;1.65;0;0;0;0;0;0;0;8;16;53;2.78;7;9;19;0;10;246,994;13,000;19,603;4,827;13;0;0;43;6;25;12;4;0.21;1;0;0;161;8.47;14;42:38;02:14;03:25;246;13;25;43,566;2.44;3,747;0;0;0;0;0;13,060;3,211;6;0.31;2;319;16.79;24;0;0;0;4 hours;07:37;0;0;0;24%;32%;52%
Redopz;2422;0;4;7%;66;28;10;0.02;17,757;5,101.62;5,489;2,190;33;9.48;50;14;21;60;17.23;19;7;1.81;0;0;0;0;0;0;0;3;12;22;6.32;9;1;3;0;3;45,346;13,028;14,314;5,596;7;0;0;8;2;6;1;0;0;0;0;0;40;11.49;12;08:36;02:28;02:24;4;1;2;9,498;3.32;2,343;0;0;0;0;0;3,317;847;5;1.43;3;63;18.1;22;0;0;0;47 minutes;04:38;0;0;1;25%;19%;72%
RedSlashMarley;2276;0;45;5%;864;40;25;0.01;268,003;3,779.74;7,935;2,287;639;9.01;834;12;30;1,009;14.23;33;11;1.57;0;0;0;0;0;0;0;8;30;222;3.13;11;31;71;4;36;687,285;9,693;21,908;5,578;11;0;0;179;32;108;39;8;0.11;1;3;1;569;8.02;22;02:11:37;01:51;06:16;100;1;5;155,410;3.1;5,400;0;0;0;0;0;51,155;15,248;22;0.31;4;860;12.12;31;0;0;0;13 hours;44:03;0;0;21;29%;46%;50%
Repure;4125;0;0;3%;5;5;2;0.01;2,651;6,765.5;2,651;1,171;5;12.76;5;13;5;9;22.96;9;8;1.8;0;0;0;0;0;0;0;0;0;0;0;0;0;0;0;0;3,905;9,966;3,905;1,929;8;0;0;2;1;0;1;1;2.55;1;0;0;4;10.2;4;00:15;00:39;00:15;3;8;3;1,138;3.34;1,138;0;0;0;0;0;429;154;0;0;0;3;7.65;3;0;0;0;5 minutes;00:49;0;0;0;35%;0;100%
Respect Knuckle;2742;0;0;12%;14;11;3;0.03;2,440;4,932.91;2,045;542;9;18.19;3;6;3;6;12.13;6;4;0.66;0;0;0;0;0;0;0;0;1;1;2.02;1;0;0;0;0;6,124;12,382;5,581;2,513;4;0;0;2;1;0;1;0;0;0;0;0;5;10.1;5;00:21;00:43;00:21;0;0;0;2,099;4.66;1,897;0;0;0;0;0;515;116;1;2.02;1;9;18.19;9;0;0;0;7 minutes;0;0;0;0;22%;0;0
Rodney2210;2983;0;5;6%;200;28;12;0.02;59,228;4,981.3;7,393;3,380;109;9.16;173;15;24;180;15.13;30;14;1.65;0;0;0;0;0;0;0;2;8;43;3.61;9;7;12;1;4;147,626;12,416;19,221;6,235;14;0;0;27;5;16;5;6;0.5;2;0;0;91;7.65;15;22:17;01:52;03:30;31;3;7;26,219;2.79;3,601;0;0;0;0;0;11,175;3,039;4;0.33;1;180;15.13;20;0;0;0;2 hours;04:53;0;0;0;27%;46%;33%
rusica9231;2539;0;9;7%;152;23;9;0.02;34,861;3,486.12;7,019;1,654;69;6.89;116;12;18;139;13.89;21;8;2.01;0;0;0;0;0;0;0;2;3;37;3.69;9;2;10;2;6;104,159;10,416;14,065;5,095;8;0;0;25;3;17;5;4;0.39;1;0;0;68;6.79;16;19:39;01:57;03:33;3;0;1;25,786;4.17;4,427;0;0;0;0;0;7,380;2,012;9;0.89;4;137;13.69;22;0;0;0;1 hour;08:19;0;0;6;27%;34%;59%
Sakaine08;2840;0;4;4%;29;12;3;0;12,624;2,556.21;3,271;1,339;66;13.36;96;19;34;59;11.94;20;6;0.89;0;0;0;0;0;0;0;4;1;11;2.22;5;3;5;0;2;68,807;13,933;24,385;4,846;6;0;0;10;0;8;1;2;0.4;1;0;0;35;7.08;9;09:18;01:52;02:48;2;0;2;12,355;2.82;3,756;0;0;0;0;0;2,803;642;0;0;0;72;14.57;23;0;0;0;1 hour;03:20;0;0;0;22%;34%;34%
Scobley;0;0;0;11%;41;25;9;0.02;7,880;4,552.44;3,949;1,362;27;15.59;18;10;9;25;14.44;14;7;0.92;0;0;0;0;0;0;0;1;1;3;1.73;2;2;2;0;0;22,564;13,035;12,417;4,344;7;0;0;4;0;3;1;0;0;0;0;0;12;6.93;7;03:52;02:14;01:56;1;1;1;5,783;3.72;2,976;0;0;0;0;0;1,436;372;1;0.57;1;13;7.5;7;0;0;0;25 minutes;01:42;0;0;0;25%;27%;0
Scuffs;4155;0;0;0%;2;2;2;0;3,766;7,582.02;3,766;2,310;7;14.09;6;12;6;4;8.05;4;4;0.57;0;0;0;0;0;0;0;0;0;1;2.01;1;0;0;0;0;5,702;11,481;5,702;3,580;4;0;0;1;0;0;1;0;0;0;0;0;4;8.05;4;00:33;01:07;00:33;2;4;2;1,467;3.69;1,467;0;0;0;0;0;571;228;0;0;0;9;18.12;9;0;0;0;6 minutes;00:23;0;0;0;39%;0;0
Seanibah95;1909;0;1;4%;25;12;8;0.02;9,628;5,667.39;4,954;2,170;7;4.12;20;12;12;20;11.77;12;8;2.85;0;0;0;0;0;0;0;0;0;5;2.94;4;2;2;0;0;17,278;10,170;9,320;4,738;8;0;0;4;2;2;0;0;0;0;3;1;9;5.29;6;01:13;00:43;00:58;3;2;2;3,321;2.77;1,888;0;0;0;0;0;1,938;567;3;1.76;2;36;21.19;21;0;0;0;19 minutes;0;0;0;0;29%;40%;0
Semitaur;3893;0;1;5%;53;19;11;0.02;17,395;5,478.69;6,417;2,933;19;5.98;28;9;10;43;13.54;15;7;2.26;0;0;0;0;0;0;0;0;2;10;3.14;5;1;3;0;2;26,396;8,314;9,722;4,747;7;0;0;7;1;3;3;1;0.31;1;0;0;16;5.03;6;05:11;01:38;01:51;45;14;17;4,626;1.85;1,482;0;0;0;0;0;3,047;987;2;0.62;1;44;13.85;13;0;0;0;41 minutes;01:17;0;0;0;32%;41%;62%
ShakaBrah92124;2733;0;10;5%;367;54;22;0.02;116,508;5,295.81;10,014;3,071;205;9.31;256;12;29;334;15.18;29;9;1.62;0;0;0;0;0;0;0;1;2;51;2.31;6;12;22;3;7;250,101;11,368;22,348;7,470;9;0;0;35;3;19;13;2;0.09;1;3;1;199;9.04;21;40:27;01:50;04:13;20;1;5;48,538;3.15;4,392;0;0;0;0;0;21,806;7,089;1;0.04;1;370;16.81;41;0;0;0;4 hours;11:00;0;0;11;32%;87%;31%
SharkBaitWuHaHa;3615;0;0;12%;8;8;5;0.04;906;3,984.21;906;499;2;8.79;3;13;3;2;8.79;2;2;1;0;0;0;0;0;0;0;0;0;0;0;0;0;0;0;0;2,954;12,987;2,954;1,903;2;0;0;0;0;0;0;0;0;0;0;0;1;4.39;1;00:08;00:37;00:08;1;4;1;928;5.35;928;0;0;0;0;0;211;66;0;0;0;3;13.18;3;0;0;0;2 minutes;0;0;0;0;31%;0;0
Shel633;3328;0;1;10%;31;13;6;0.02;7,701;4,851.93;3,606;2,211;20;12.6;16;10;11;22;13.86;18;14;1.1;0;0;0;0;0;0;0;0;1;5;3.15;3;2;2;0;0;13,891;8,752;6,766;4,583;14;0;0;6;1;4;1;1;0.63;1;0;0;11;6.93;10;04:31;02:51;03:13;9;6;7;2,981;2.55;1,388;0;0;0;0;0;1,239;289;1;0.63;1;17;10.71;12;0;0;0;19 minutes;00:51;0;0;0;23%;22%;0
Shmedium Undies;0;0;0;10%;22;15;7;0.02;4,016;3,422.63;2,846;1,033;11;9.37;6;5;5;6;5.11;3;3;0.54;0;0;0;0;0;0;0;0;0;1;0.85;1;1;1;0;0;10,586;9,021;7,887;2,060;3;0;0;2;0;1;1;0;0;0;0;0;3;2.55;2;01:14;01:03;00:39;1;1;1;2,184;2.91;1,426;0;0;0;0;0;855;212;0;0;0;18;15.33;13;0;0;0;12 minutes;0;0;0;0;24%;22%;14%
Sinature;3736;0;1;4%;11;11;6;0.02;4,597;6,222.33;4,597;2,021;3;4.06;4;5;4;10;13.53;10;5;3.33;0;0;0;0;0;0;0;0;0;2;2.7;2;0;1;0;1;7,088;9,595;7,088;3,562;5;0;0;3;1;2;0;0;0;0;0;0;7;9.47;7;00:22;00:30;00:22;1;1;1;1,350;3.38;1,350;0;0;0;0;0;654;259;0;0;0;12;16.24;12;0;0;0;6 minutes;0;0;0;0;39%;0;100%
Skidoushe;1922;0;14;7%;309;32;12;0.02;71,080;3,852.94;8,287;2,026;189;10.24;240;13;24;229;12.41;26;7;1.21;0;0;0;0;0;0;0;5;5;34;1.84;7;7;18;2;9;221,223;11,992;19,804;4,888;7;0;0;37;8;17;13;0;0;0;3;1;153;8.29;18;30:20;01:38;03:45;2;0;1;42,304;3.03;4,766;0;0;0;0;0;19,704;3,913;2;0.1;2;209;11.32;23;0;0;0;3 hours;07:42;0;0;5;19%;40%;46%
Skittle Kitteh;3686;0;1;8%;126;19;16;0.01;30,003;3,292.53;5,277;1,584;59;6.47;99;11;21;101;11.08;20;9;1.71;0;0;0;0;0;0;0;1;6;19;2.08;6;4;9;0;5;85,444;9,377;13,280;3,985;9;0;0;17;4;5;8;1;0.1;1;3;1;38;4.17;8;11:50;01:17;02:17;97;11;18;14,982;2.02;2,305;0;0;0;0;0;6,318;1,484;2;0.21;1;116;12.73;24;0;0;0;2 hours;02:18;0;0;0;23%;37%;55%
SlowWhelp151488;4223;0;1;6%;94;27;11;0.01;28,415;5,179.78;5,173;1,953;51;9.29;126;23;31;130;23.69;26;9;2.54;0;0;0;0;0;0;0;1;2;22;4.01;7;1;5;0;5;57,779;10,532;13,324;4,715;9;0;0;10;3;4;2;5;0.91;2;3;1;66;12.03;19;14:32;02:39;05:55;51;9;9;8,624;1.81;2,100;0;0;0;0;0;4,472;1,483;1;0.18;1;96;17.49;22;0;0;0;1 hour;04:33;0;0;0;33%;47%;87%
SnarkyShark747;0;0;0;2%;2;2;2;0.01;1,582;4,208.34;1,582;1,117;3;7.98;0;0;0;1;2.66;1;1;0.33;0;0;0;0;0;0;0;0;0;1;2.66;1;0;0;0;0;1,627;4,329;1,627;1,333;1;0;0;1;0;0;0;0;0;0;0;0;0;0;0;00:07;00:20;00:07;0;0;0;212;1.14;212;0;0;0;0;0;176;96;0;0;0;2;5.32;2;0;0;0;3 minutes;0;0;0;0;54%;54%;0
SoLo Glitch;0;0;3;6%;50;14;9;0.01;15,102;3,955.99;5,586;1,957;26;6.81;33;9;12;68;17.81;36;13;2.61;0;0;0;0;0;0;0;1;2;9;2.35;3;1;4;0;3;54,357;14,239;16,574;15,754;13;0;0;8;1;5;2;1;0.26;1;3;1;44;11.52;29;10:56;02:51;05:34;2;1;1;11,526;3.51;4,070;0;0;0;0;0;3,707;747;3;0.78;1;66;17.28;29;2;0;0;54 minutes;21:08;0;0;11;20%;23%;70%
SPARTAN MAT 666;2860;0;0;0;0;0;0;0;1,739;3,382.4;1,739;1,248;2;3.89;5;10;5;8;15.56;8;7;4;0;0;0;0;0;0;0;0;1;3;5.83;3;0;1;1;0;4,517;8,787;4,517;2,543;7;0;0;2;1;0;1;1;1.94;1;0;0;4;7.78;4;00:42;01:23;00:42;2;4;2;805;3.08;805;0;0;0;0;0;264;73;0;0;0;8;15.56;8;0;0;0;4 minutes;00:12;0;0;0;27%;27%;0
Spinola94;2367;0;0;8%;8;8;3;0.03;1,812;5,382.12;1,812;878;3;8.91;5;15;5;10;29.7;10;6;3.33;0;0;0;0;0;0;0;0;0;1;2.97;1;0;0;0;0;3,777;11,220;3,777;1,686;6;0;0;1;0;0;1;0;0;0;0;0;3;8.91;3;00:11;00:34;00:11;0;0;0;1,010;4.12;1,010;0;0;0;0;0;264;99;0;0;0;8;23.76;8;0;0;0;4 minutes;0;0;0;0;37%;37%;100%
SQ1B;3231;0;1;3%;93;17;9;0.01;42,621;5,324.49;6,066;3,700;80;9.99;97;12;24;144;17.98;25;13;1.8;0;0;0;0;0;0;0;1;7;18;2.24;7;5;8;0;3;79,832;9,973;17,539;4,600;13;0;0;20;2;14;4;1;0.12;1;3;4;74;9.24;15;18:17;02:17;02:38;35;4;9;16,402;2.51;3,540;0;0;0;0;0;8,137;2,373;1;0.12;1;137;17.11;24;0;0;0;1 hour;09:42;0;0;0;29%;48%;32%
Starborn Leo;2280;0;2;5%;42;13;10;0.01;11,511;2,714.38;2,796;1,558;30;7.07;39;9;15;36;8.48;11;8;1.2;0;0;0;0;0;0;0;0;0;2;0.47;2;1;4;0;3;35,830;8,449;12,116;4,231;8;0;0;9;1;5;3;1;0.23;1;0;0;19;4.48;11;03:27;00:48;00:54;6;1;4;7,500;3.28;1,690;0;0;0;0;0;2,811;734;0;0;0;43;10.13;13;0;0;0;38 minutes;00:46;0;0;2;26%;24%;78%
StarkBridge;1818;0;3;7%;80;36;8;0.02;17,800;4,301.69;7,546;1,225;41;9.9;75;18;22;71;17.15;26;7;1.73;0;0;0;0;0;0;0;1;3;13;3.14;9;2;4;0;2;44,430;10,737;16,968;2,913;7;0;0;8;1;5;2;1;0.24;1;0;0;47;11.35;19;07:22;01:46;03:15;4;1;2;10,208;3.22;4,247;0;0;0;0;0;4,491;1,002;3;0.72;3;52;12.56;15;0;0;0;52 minutes;01:44;0;0;0;22%;25%;48%
STICKYFING8RS;3403;0;3;6%;130;26;8;0.01;44,732;4,745.38;7,320;2,357;114;12.09;146;15;25;184;19.51;30;11;1.61;0;0;0;0;0;0;0;2;8;37;3.92;9;3;9;1;6;122,057;12,948;20,703;3,971;11;0;0;21;5;13;3;5;0.53;3;0;0;90;9.54;19;14:35;01:32;02:59;32;3;5;25,075;2.97;4,073;0;0;0;0;0;7,947;2,059;6;0.63;2;174;18.45;31;0;0;0;2 hours;07:14;0;0;0;25%;34%;62%
Stun CreeP;3273;0;19;7%;710;44;21;0.03;185,626;6,231.05;11,738;4,068;215;7.21;437;15;27;605;20.3;36;13;2.81;0;0;0;0;0;0;0;5;8;117;3.92;9;9;30;1;20;371,228;12,461;22,870;6,708;13;0;0;73;13;42;17;22;0.73;4;3;2;335;11.24;24;01:14:58;02:30;05:51;184;6;15;70,624;2.99;4,960;0;0;0;0;0;33,260;9,830;2;0.06;1;545;18.29;37;0;0;0;6 hours;40:25;0;0;8;29%;38%;66%
SupaNoobGuy;3813;0;0;5%;84;22;10;0.02;26,345;7,799.98;6,434;3,520;33;9.77;51;15;13;69;20.42;19;9;2.09;0;0;0;0;0;0;0;0;0;11;3.25;5;1;3;1;2;41,591;12,314;7,465;3,457;9;0;0;10;4;4;2;0;0;0;0;0;27;7.99;8;03:46;01:07;00:39;16;5;8;7,075;2.17;1,121;0;0;0;0;0;5,112;1,528;0;0;0;75;22.2;15;0;0;0;54 minutes;02:12;0;0;0;29%;19%;46%
SyrioBraavosi;0;0;0;3%;16;10;4;0.01;7,499;7,009.6;4,030;2,021;12;11.21;20;19;12;22;20.56;11;4;1.83;0;0;0;0;0;0;0;0;0;2;1.86;2;1;1;0;0;14,467;13,524;8,383;2,934;4;0;0;2;1;2;0;0;0;0;0;0;9;8.41;5;02:59;02:47;02:00;5;5;4;2,921;3.15;1,958;0;0;0;0;0;1,416;489;0;0;0;18;16.82;11;0;0;0;15 minutes;00:35;0;0;0;34%;38%;0
Tensa;4308;0;1;6%;26;9;5;0.02;7,092;5,807.52;2,846;1,051;15;12.28;9;7;5;29;23.74;16;9;1.93;0;0;0;0;0;0;0;0;0;6;4.91;4;0;1;0;1;12,064;9,879;6,698;2,080;9;0;0;2;1;1;1;0;0;0;0;0;14;11.46;7;01:54;01:34;00:53;18;15;11;2,266;2.08;1,234;0;0;0;0;0;1,447;422;0;0;0;13;10.64;7;0;0;0;18 minutes;00:43;0;0;0;29%;39%;94%
Th3 B1ack On3;4012;0;1;4%;56;27;7;0.01;21,846;5,984.9;8,728;2,126;35;9.58;47;13;20;85;23.28;30;8;2.42;0;0;0;0;0;0;0;1;0;10;2.73;3;1;4;0;3;39,936;10,941;15,992;4,209;8;0;0;8;3;2;4;1;0.27;1;0;0;39;10.68;15;04:59;01:22;01:44;26;7;9;8,312;2.75;2,938;0;0;0;0;0;3,932;1,275;0;0;0;69;18.9;23;0;0;0;50 minutes;03:21;0;0;0;32%;40%;72%
thats my sock;4090;0;1;6%;125;22;11;0.02;37,874;5,343.28;6,094;2,343;43;6.06;87;12;19;145;20.45;31;13;3.37;0;0;0;0;0;0;0;1;2;15;2.11;4;1;7;0;5;65,324;9,216;10,617;3,249;13;0;0;20;6;9;5;4;0.56;2;3;1;68;9.59;14;14:40;02:04;02:43;37;5;9;13,131;2.35;2,469;0;0;0;0;0;7,560;2,039;1;0.14;1;100;14.1;15;0;0;0;1 hour;02:51;0;0;0;26%;38%;76%
The Gooner 90;3747;0;1;0%;1;1;1;0;2,507;5,014.18;2,507;1,233;3;5.99;14;28;14;11;21.99;11;6;3.66;0;0;0;0;0;0;0;0;0;2;3.99;2;1;1;0;0;6,827;13,654;6,827;4,309;6;0;0;1;0;1;0;1;1.99;1;0;0;4;7.99;4;00:03;00:06;00:03;1;2;1;1,063;2.72;1,063;0;0;0;0;0;432;145;0;0;0;7;13.99;7;0;0;0;6 minutes;0;0;0;0;33%;0;0
The Grim Grotto;2977;0;24;5%;687;41;11;0.02;243,678;6,323.13;11,948;3,769;354;9.18;505;13;27;675;17.51;34;14;1.9;0;0;0;0;0;0;0;5;12;98;2.54;7;17;39;4;17;471,373;12,232;19,283;5,976;14;0;0;105;18;66;22;8;0.2;1;3;3;382;9.91;23;01:30:23;02:20;04:45;103;3;10;97,080;3.17;4,143;0;0;0;0;0;42,920;13,535;9;0.23;1;525;13.62;24;0;0;0;8 hours;26:37;0;0;13;31%;45%;44%
The Shad0w Wolf;3141;0;12;5%;450;30;18;0.01;136,697;4,412.83;7,995;3,801;195;6.29;460;15;33;466;15.04;27;19;2.38;0;0;0;0;0;0;0;0;5;77;2.48;5;13;31;2;16;362,110;11,690;24,912;8,443;19;0;0;69;17;32;19;5;0.16;2;3;2;261;8.42;21;57:46;01:51;03:57;99;3;9;48,411;1.91;3,704;0;0;0;0;0;30,133;7,969;7;0.22;2;562;18.14;39;0;0;0;7 hours;09:50;0;0;7;26%;37%;52%
TheDisciple2015;3060;0;25;6%;497;26;10;0.01;146,521;3,528.4;6,420;2,433;413;9.94;478;12;24;518;12.47;30;11;1.25;0;0;0;0;0;0;0;3;23;84;2.02;7;17;42;1;24;439,286;10,579;23,670;7,060;11;0;0;107;11;81;15;5;0.12;1;3;3;382;9.19;25;01:53:57;02:44;05:46;7;0;1;86,594;2.72;4,774;0;0;0;0;0;30,916;7,868;11;0.26;4;517;12.44;34;0;0;0;8 hours;17:23;0;0;12;25%;44%;57%
TheLawCXVII;2761;0;1;2%;10;10;4;0.01;5,163;5,163.35;5,163;1,513;7;6.99;10;10;10;5;4.99;5;2;0.71;0;0;0;0;0;0;0;0;0;2;1.99;2;1;1;0;0;7,476;7,476;7,476;2,157;2;0;0;2;1;1;0;0;0;0;0;0;2;1.99;2;00:53;00:53;00:53;2;2;2;1,675;2.79;1,675;0;0;0;0;0;772;343;0;0;0;12;11.99;12;0;0;0;10 minutes;0;0;0;0;44%;44%;0
TheyCallMeBox;2346;0;11;7%;298;45;14;0.02;76,278;5,448.44;11,481;3,238;101;7.21;222;16;32;285;20.35;36;12;2.82;0;0;0;0;0;0;0;1;6;59;4.21;7;5;14;1;8;165,460;11,819;20,460;8,004;12;0;0;41;10;24;7;6;0.42;2;3;2;145;10.35;24;24:44;01:46;03:19;18;1;3;37,050;3.45;4,276;0;0;0;0;0;15,564;4,128;7;0.5;2;250;17.85;33;0;0;0;2 hours;24:44;0;0;14;26%;36%;57%
ThudTheStud;2570;0;3;5%;79;25;8;0.01;27,228;5,088.89;10,065;1,844;53;9.9;84;16;28;94;17.56;28;8;1.77;0;0;0;0;0;0;0;0;3;10;1.86;6;2;5;1;2;69,139;12,922;16,095;4,097;8;0;0;10;3;6;1;3;0.56;1;3;2;47;8.78;14;09:10;01:42;02:59;15;3;7;11,633;2.63;2,743;0;0;0;0;0;4,498;1,488;3;0.56;1;85;15.88;20;0;0;0;1 hour;02:53;0;0;1;33%;42%;42%
Thumbless Idiot;0;0;0;9%;9;9;4;0.01;1,967;3,115.87;1,967;774;6;9.5;4;6;4;3;4.75;3;2;0.5;0;0;0;0;0;0;0;0;0;0;0;0;1;1;0;0;1,643;2,603;1,643;703;2;0;0;2;1;0;1;0;0;0;0;0;0;0;0;00:06;00:11;00:06;1;2;1;170;0.34;170;0;0;0;0;0;301;99;0;0;0;5;7.92;5;0;0;0;8 minutes;0;0;0;0;32%;0;0
Trash Like Me;2600;0;6;4%;152;20;8;0.01;59,037;3,725.55;7,933;1,721;122;7.69;205;13;28;212;13.37;26;11;1.73;0;0;0;0;0;0;0;3;2;39;2.46;8;9;16;0;7;147,337;9,298;16,496;4,622;11;0;0;23;2;12;9;5;0.31;2;0;0;125;7.88;19;28:25;01:47;03:23;8;1;2;33,565;3.48;4,279;0;0;0;0;0;12,130;3,216;2;0.12;1;213;13.44;23;0;0;0;2 hours;13:30;0;0;0;26%;41%;41%
Truck555;3000;0;30;5%;718;27;15;0.01;248,306;4,613.04;9,070;3,014;630;11.7;872;16;32;939;17.44;29;13;1.49;0;0;0;0;0;0;0;12;31;163;3.02;11;27;54;2;24;685,593;12,737;21,040;7,135;13;0;0;132;27;66;38;8;0.14;2;4;6;526;9.77;21;01:58:03;02:11;04:40;51;1;5;150,158;3.29;5,209;0;0;0;0;0;42,009;13,192;20;0.37;5;1,166;21.66;34;0;0;0;12 hours;40:20;0;0;10;31%;69%;45%
TzTM;3759;0;1;5%;25;11;5;0.01;9,426;2,815.76;3,649;1,895;23;6.87;45;13;13;35;10.45;12;6;1.52;0;0;0;0;0;0;0;0;0;5;1.49;3;1;3;0;2;27,984;8,359;7,590;3,914;6;0;0;8;0;4;4;1;0.29;1;0;0;24;7.16;9;03:54;01:10;01:07;17;5;5;4,836;2.09;1,505;0;0;0;0;0;2,356;485;0;0;0;43;12.84;15;0;0;0;38 minutes;02:08;0;0;0;20%;26%;58%
Vexualy;4256;0;0;1%;2;2;1;0;3,316;4,743.17;1,726;1,597;5;7.15;8;11;6;11;15.73;10;8;2.2;0;0;0;0;0;0;0;0;0;2;2.86;2;0;1;0;1;5,581;7,982;3,089;3,018;8;0;0;3;1;1;1;0;0;0;0;0;3;4.29;3;00:21;00:31;00:14;3;4;2;1,010;2.16;563;0;0;0;0;0;554;198;0;0;0;11;15.73;6;0;0;0;7 minutes;0;0;0;0;35%;31%;100%
vKure;4372;0;0;4%;19;12;4;0.01;7,969;4,426.86;4,110;1,013;21;11.66;23;13;14;18;9.99;10;4;0.85;0;0;0;0;0;0;0;1;0;4;2.22;2;1;2;0;0;22,339;12,409;13,876;3,755;4;0;0;4;1;1;2;0;0;0;0;0;7;3.88;4;02:06;01:10;01:26;0;0;0;4,649;3.38;2,920;0;0;0;0;0;1,509;434;0;0;0;31;17.22;17;0;0;0;22 minutes;0;0;0;0;28%;43%;24%
Wavy as;3466;0;3;5%;107;42;12;0.03;32,026;7,167.72;15,962;3,584;29;6.49;48;11;20;59;13.2;29;9;2.03;0;0;0;0;0;0;0;0;0;8;1.79;3;1;4;2;2;49,664;11,115;19,745;5,462;9;0;0;9;1;8;0;0;0;0;0;0;23;5.14;14;06:55;01:32;02:32;11;2;9;8,608;2.82;3,157;0;0;0;0;0;4,594;1,870;0;0;0;78;17.45;36;0;0;0;50 minutes;01:00;0;0;0;40%;50%;39%
Westside Ryderz;3000;0;295;6%;6,378;40;16;0.01;1,874,470;4,218.71;10,597;3,396;3,670;8.25;7,956;18;44;7,153;16.09;43;18;1.94;0;0;0;0;0;0;0;24;222;1,095;2.46;12;131;444;12;301;5,018,625;11,295;24,977;8,043;18;0;0;1,049;155;709;184;67;0.15;3;4;59;4,059;9.13;32;16:47:50;02:16;06:44;2,163;5;18;939,207;2.71;5,201;0;0;0;0;0;383,005;95,922;114;0.25;4;9,168;20.63;50;2;0;0;95 hours;07:19:31;0;0;36;25%;46%;67%
WSXRQ;3000;0;158;7%;5,626;55;18;0.02;1,485,739;4,567.69;10,703;4,101;2,319;7.12;4,850;15;37;5,842;17.96;47;17;2.51;0;0;0;0;0;0;0;33;112;880;2.7;12;80;325;5;240;3,137,316;9,645;20,310;7,427;17;0;0;797;108;514;175;65;0.19;2;3;23;3,069;9.43;37;11:19:16;02:05;05:53;1,005;3;17;598,294;2.53;4,475;0;0;0;0;0;296,893;77,394;85;0.26;3;5,273;16.21;44;0;0;0;65 hours;04:44:25;0;0;39;26%;58%;73%
x man legending;0;0;118;7%;2,156;32;16;0.01;708,290;3,615.21;10,418;3,564;1,452;7.41;2,232;11;36;3,178;16.22;47;19;2.18;0;0;0;0;0;0;0;43;101;578;2.95;13;73;196;0;123;2,548,281;13,007;34,159;9,502;19;0;0;418;58;284;76;51;0.26;3;3;10;1,732;8.84;32;07:38:03;02:20;07:23;755;4;16;477,557;2.81;7,784;0;0;0;0;0;184,644;30,525;82;0.41;5;3,935;20.08;56;0;0;0;47 hours;12:46:08;0;0;72;16%;30%;62%
Xandoid;3063;0;0;8%;28;18;5;0.02;5,867;3,970.97;2,987;947;13;8.79;15;10;9;15;10.15;11;4;1.15;0;0;0;0;0;0;0;0;0;4;2.7;4;1;1;0;1;15,603;10,561;8,725;2,530;4;0;0;4;1;1;2;0;0;0;0;0;6;4.06;4;00:53;00:36;00:26;1;1;1;2,839;2.52;1,877;0;0;0;0;0;1,399;332;0;0;0;24;16.24;13;0;0;0;18 minutes;0;0;0;0;23%;26%;34%
xFERAL WOMBATx;2647;0;0;7%;14;14;4;0.02;3,195;6,364.64;3,195;990;8;15.93;9;18;9;11;21.91;11;6;1.37;0;0;0;0;0;0;0;0;0;2;3.98;2;0;1;1;0;6,100;12,153;6,100;1,450;6;0;0;2;1;0;1;0;0;0;0;0;6;11.95;6;00:55;01:50;00:55;0;0;0;1,250;2.54;1,250;0;0;0;0;0;503;185;0;0;0;13;25.89;13;0;0;0;8 minutes;03:01;0;0;0;36%;0;0
xHAZ4RDZx;3383;0;305;6%;5,461;51;16;0.01;1,769,013;4,090.85;10,458;3,786;4,495;10.39;7,583;18;40;7,381;17.06;40;18;1.64;0;0;0;0;0;0;0;58;428;1,695;3.91;13;198;432;21;214;5,539,714;12,811;5,369;9,471;18;0;0;923;136;606;182;72;0.16;3;4;31;4,461;10.31;29;15:09:12;02:06;04:47;991;2;19;987,445;2.66;5,741;0;0;0;0;0;259,454;83,278;231;0.53;5;9,042;20.9;46;2;0;0;102 hours;07:13:13;0;0;69;32%;72%;49%
Xion;0;0;4;6%;103;21;16;0.05;28,004;5,266.48;6,375;1,571;68;12.78;49;9;10;131;24.63;34;9;1.92;0;0;0;0;0;0;0;2;3;22;4.13;6;3;5;0;3;69,060;12,988;13,810;4,728;9;0;0;9;3;4;2;0;0;0;0;0;78;14.66;19;12:24;02:20;03:15;5;1;2;16,304;9.19;3,711;0;0;0;0;0;5,210;1,482;5;0.94;3;83;15.6;21;0;0;0;29 minutes;20:01;0;0;2;28%;46%;50%
xPMoney7;3055;0;0;5%;9;6;4;0.01;3,188;3,222.04;1,539;1,060;10;10.1;2;2;1;6;6.06;3;3;0.6;0;0;0;0;0;0;0;1;0;0;0;0;1;1;0;0;5,542;5,601;2,441;1,379;3;0;0;2;0;1;1;0;0;0;0;0;1;1.01;1;00:14;00:14;00:07;0;0;0;1,577;2.63;862;0;0;0;0;0;508;173;0;0;0;4;4.04;4;0;0;0;9 minutes;0;0;0;0;34%;0;13%
Xvanthious;2465;0;18;7%;466;33;12;0.01;130,546;4,363.81;6,956;2,029;335;11.19;428;14;31;532;17.78;32;14;1.58;0;0;0;0;0;0;0;2;20;122;4.07;8;12;30;2;17;328,069;10,966;23,015;8,191;14;0;0;71;17;35;19;17;0.56;4;3;2;300;10.02;28;01:08:25;02:17;03:32;21;1;4;78,946;3.35;4,718;0;0;0;0;0;27,043;6,018;29;0.96;3;477;15.94;32;0;0;0;6 hours;22:18;0;0;17;22%;35%;56%
xXDrosxo13Xx;2950;0;6;4%;155;28;8;0.01;63,708;4,332.04;9,613;2,341;124;8.43;224;15;29;188;12.78;27;11;1.51;0;0;0;0;0;0;0;1;2;19;1.29;3;7;15;1;8;166,433;11,317;23,988;4,693;11;0;0;30;3;17;10;3;0.2;1;0;0;89;6.05;20;33:36;02:17;05:20;33;2;5;31,599;2.9;3,754;0;0;0;0;0;12,896;3,498;1;0.06;1;262;17.81;37;0;0;0;3 hours;08:35;0;0;2;27%;42%;51%
XxScourgexX1;2567;0;0;0;0;0;0;0;1,789;3,768.14;951;951;4;8.42;2;4;2;3;6.31;2;2;0.75;0;0;0;0;0;0;0;0;0;1;2.1;1;0;0;0;0;3,466;7,299;2,644;1,630;2;0;0;1;0;0;0;0;0;0;0;0;0;0;0;00:07;00:16;00:07;0;0;0;938;3.47;875;0;0;0;0;0;232;104;0;0;0;2;4.21;2;0;0;0;4 minutes;0;0;0;0;44%;0;13%
XxThaigaxX;2414;0;1;6%;47;19;6;0.02;12,705;4,966.48;3,777;1,714;21;8.2;21;8;7;34;13.29;12;5;1.61;0;0;0;0;0;0;0;0;0;6;2.34;4;1;3;0;1;24,254;9,481;6,750;2,741;5;0;0;9;3;3;2;0;0;0;0;0;18;7.03;7;03:43;01:27;01:20;0;0;0;6,431;3.88;1,893;0;0;0;0;0;2,595;743;0;0;0;37;14.46;12;0;0;0;27 minutes;00:29;0;0;0;28%;39%;44%
Yavilad;3203;0;1;7%;30;55;11;0.03;4,765;20,200.2;4,765;1,856;3;12.71;63;14;19;12;50.86;12;6;4;9;38;9;14;59;14;0;1;0;5;21.19;5;0;0;1;0;68,129;15,561;15,703;9,332;6;0;0;1;0;0;0;2;0.45;2;3;1;9;38.15;9;01:11;05:03;01:11;5;21;5;14,161;3.27;3,617;0;0;0;0;0;1,887;538;1;4.23;1;81;18.5;17;0;0;0;4 minutes;02:34;0;0;0;28%;42%;100%
yayletsplay;2772;0;4;5%;64;15;9;0.02;20,260;3,529.5;4,279;1,843;41;7.14;84;15;17;81;14.11;17;7;1.97;0;0;0;0;0;0;0;2;2;9;1.56;2;1;6;0;5;49,491;8,622;11,724;5,468;7;0;0;10;2;6;3;0;0;0;0;0;43;7.49;9;06:13;01:05;02:04;11;2;3;8,871;2.79;1,824;0;0;0;0;0;5,465;1,087;0;0;0;74;12.89;17;0;0;0;52 minutes;02:05;0;0;0;19%;25%;81%
Yes I am jacked;3000;0;0;5%;15;15;3;0.01;6,095;6,095.09;6,095;684;17;16.99;22;22;22;21;20.99;21;7;1.23;0;0;0;0;0;0;0;0;0;1;0.99;1;1;1;0;0;12,853;12,853;12,853;1,671;7;0;0;3;0;1;2;0;0;0;0;0;12;11.99;12;01:49;01:49;01:49;0;0;0;2,784;2.53;2,784;0;0;0;0;0;1,346;252;0;0;0;21;20.99;21;0;0;0;18 minutes;00:16;0;0;0;18%;18%;0
yoyohurricanes;4301;0;0;5%;13;13;6;0.01;4,326;4,325.83;4,326;1,695;5;4.99;10;10;10;15;14.99;15;11;3;0;0;0;0;0;0;0;0;0;1;0.99;1;1;1;0;0;7,624;7,624;7,624;3,252;11;0;0;2;0;0;2;0;0;0;0;0;6;5.99;6;01:40;01:40;01:40;11;11;11;946;1.41;946;0;0;0;0;0;694;252;0;0;0;9;8.99;9;0;0;0;11 minutes;02:58;0;0;0;36%;36%;0
yoyomo5727;2483;0;1;6%;23;20;8;0.01;6,945;3,339.03;4,879;1,013;26;12.49;42;20;25;40;19.23;20;6;1.53;0;0;0;0;0;0;0;1;1;7;3.36;5;1;2;0;2;27,757;13,344;17,622;4,406;6;0;0;5;0;3;2;2;0.96;2;0;0;24;11.53;13;05:00;02:24;03:07;2;1;2;6,294;3.37;4,715;0;0;0;0;0;1,222;338;1;0.48;1;25;12.01;17;0;0;0;31 minutes;00:28;0;0;0;27%;30%;73%
ZanderzHD;3851;0;1;8%;22;15;4;0.01;5,529;2,448.25;3,237;668;16;7.08;34;15;22;19;8.41;11;3;1.18;0;0;0;0;0;0;0;1;1;2;0.88;1;1;2;0;1;19,920;8,821;8,623;3,524;3;0;0;4;1;2;1;0;0;0;0;0;10;4.42;4;03:43;01:39;01:49;5;2;2;2,448;1.72;1,520;0;0;0;0;0;1,269;272;1;0.44;1;25;11.07;14;0;0;0;23 minutes;0;0;0;0;21%;16%;64%
zRiiCHiiEz;2180;0;3;8%;128;24;12;0.02;26,047;4,290.8;5,928;1,650;71;11.69;73;12;23;73;12.02;24;11;1.02;0;0;0;0;0;0;0;0;5;18;2.96;7;4;6;0;2;75,139;12,378;20,111;5,472;11;0;0;11;2;5;4;0;0;0;0;0;38;6.25;15;11:44;01:56;02:32;9;1;4;15,646;2.93;4,951;0;0;0;0;0;5,332;1,499;2;0.32;2;109;17.95;23;0;0;0;1 hour;05:31;0;0;4;28%;35%;37%
