A Camping Cat;4143;0;0;0;0;7%;527;152;66;0.26;38,485;17,491.85;8,590;2,924;30;13.63;0;0;0;83;37.72;16;9;2.76;0;0;0;0;0;0;0;1;0;47;21.36;11;0;2;0;2;0;0;0;0;9;0;0;6;2;3;2;2;0.9;1;0;0;3;2;33;14.99;7;02:14;01:00;00:34;0;0;0;14;6.36;5;9;4.09;4;2,817;1.4;505;13,892;6,791;10;4.54;4;0;0;0;0;0;33 minutes;05:11;0;0;1;48%;56%;77%
A Chill Lamp;4407;0;0;0;0;8%;408;145;66;0.19;31,592;11,939.76;11,019;5,409;40;15.11;0;0;0;83;31.36;30;9;2.07;0;0;0;0;0;0;0;0;0;45;17;17;1;3;0;2;0;0;0;0;9;0;0;8;4;2;2;1;0.37;1;0;0;3;2;19;7.18;4;02:36;00:59;00:55;0;0;0;9;3.4;4;7;2.64;2;3,030;1.44;1,130;12,732;4,964;10;3.77;3;0;0;0;0;0;34 minutes;01:00;0;0;0;38%;39%;60%
A1 Shank Sauce;2684;0;0;0;1;8%;449;201;61;0.18;31,187;11,015.68;13,549;4,007;24;8.47;0;0;0;67;23.66;37;11;2.79;0;0;0;0;0;0;0;1;0;28;9.88;15;2;3;0;1;0;0;0;0;11;0;0;9;4;4;1;0;0;0;0;0;3;1;23;8.12;15;02:37;00:55;01:15;0;0;0;7;2.47;4;4;1.41;2;4,163;1.74;1,600;16,942;5,608;6;2.11;4;0;0;0;0;0;39 minutes;00:31;0;0;0;33%;36%;46%
Abdul Ahkbar;4001;0;0;0;0;5%;66;45;18;0.15;7,060;11,413.8;4,495;1,866;6;9.69;0;0;0;12;19.39;9;5;2;0;0;0;0;0;0;0;0;0;6;9.69;4;0;1;0;0;0;0;0;0;5;0;0;2;1;1;0;0;0;0;0;0;0;0;7;11.31;5;01:48;02:54;01:08;0;0;0;1;1.61;1;2;3.23;1;477;1.14;164;3,060;1,175;0;0;0;0;0;0;0;0;6 minutes;00:35;0;0;0;38%;0;39%
Accel N6;3431;0;0;0;1;3%;207;69;26;0.09;33,999;12,344.92;10,848;3,164;38;13.79;0;0;0;78;28.32;35;8;2.05;0;0;0;0;0;0;0;0;0;43;15.61;17;1;3;0;2;0;0;0;0;8;0;0;8;2;3;4;0;0;0;0;0;3;1;21;7.62;8;02:47;01:00;00:31;0;0;0;7;2.54;2;4;1.45;1;3,455;1.66;895;15,864;6,082;14;5.08;5;0;0;0;0;0;34 minutes;03:39;0;0;0;38%;44%;54%
AceSilver143;2260;0;0;0;0;3%;17;8;6;0.06;2,277;6,663.39;1,214;681;5;14.63;0;0;0;7;20.48;5;5;1.4;0;0;0;0;0;0;0;0;0;1;2.92;1;0;0;0;0;0;0;0;0;5;0;0;0;0;0;0;0;0;0;0;0;0;0;1;2.92;1;00:13;00:40;00:06;0;0;0;1;2.92;1;1;2.92;1;332;1.22;178;1,584;465;0;0;0;0;0;0;0;0;4 minutes;00:09;0;0;0;29%;21%;74%
Aeon Bahamut X;3000;0;0;0;0;4%;84;36;23;0.1;11,065;10,893.43;6,185;2,478;11;10.82;0;0;0;35;34.45;23;8;3.18;0;0;0;0;0;0;0;0;0;18;17.72;9;1;1;0;0;0;0;0;0;8;0;0;3;1;1;1;0;0;0;0;0;0;0;15;14.76;10;01:25;01:24;01:09;0;0;0;4;3.93;2;1;0.98;1;855;1.11;363;5,386;1,739;5;4.92;2;0;0;0;0;0;12 minutes;00:11;0;0;0;32%;39%;0
Alcy;3000;0;0;0;2;9%;1;1;1;0.01;1,276;24,944.6;1,276;1,276;1;19.55;2;9;2;84;46.53;27;16;5.6;0;0;0;0;0;0;0;1;0;34;18.83;12;0;0;0;0;2,554;11,486;2,524;2,435;16;0;0;0;0;0;0;1;0.55;1;0;0;0;0;32;17.72;9;00:32;02:25;00:31;1;4;1;12;6.64;6;4;2.21;3;381;1.87;379;33;11;8;4.43;3;0;0;0;0;0;51.774749010801315 seconds;02:46;0;0;1;33%;52%;100%
alphurr;3397;0;0;0;0;4%;94;47;26;0.07;14,579;10,924.09;7,212;3,144;18;13.48;0;0;0;24;17.98;10;5;1.33;0;0;0;0;0;0;0;0;0;12;8.99;6;1;1;0;0;0;0;0;0;5;0;0;2;2;0;0;1;0.74;1;0;0;0;0;11;8.24;5;01:29;01:07;00:39;0;0;0;5;3.74;2;4;2.99;2;1,152;0.97;568;7,122;2,290;2;1.49;1;0;0;0;0;0;19 minutes;0;0;0;0;32%;24%;0
Amberdextric;2805;0;0;0;8;7%;1,341;226;106;0.21;107,995;11,228.89;17,086;6,226;94;9.77;0;0;0;297;30.88;53;32;3.15;0;0;0;0;0;0;0;1;0;168;17.46;31;3;10;1;6;0;0;0;0;32;0;0;35;4;22;10;3;0.31;1;0;0;4;3;133;13.82;31;14:01;01:27;02:39;0;0;0;40;4.15;9;21;2.18;6;7,471;1.19;1,718;46,862;18,482;38;3.95;9;0;0;0;0;0;1 hour;28:00;0;0;1;39%;55%;60%
apeX Piffiiii;0;0;0;0;0;3%;12;12;12;0.1;1,438;14,539.71;1,438;1,438;1;10.11;0;0;0;2;20.22;2;2;2;0;0;0;0;0;0;0;0;0;1;10.11;1;0;0;0;0;0;0;0;0;2;0;0;0;0;0;0;0;0;0;0;0;0;0;0;0;0;00:07;01:14;00:07;0;0;0;1;10.11;1;0;0;0;120;1.07;120;794;313;1;10.11;1;0;0;0;0;0;1 minute;0;0;0;0;39%;39%;0
Asco HD;2385;0;0;0;0;4%;45;39;33;0.11;4,709;12,598.26;3,984;2,338;4;10.7;0;0;0;16;42.8;15;8;4;0;0;0;0;0;0;0;0;0;6;16.05;6;0;0;0;0;0;0;0;0;8;0;0;1;0;0;0;0;0;0;0;0;0;0;10;26.75;9;01:01;02:45;00:57;0;0;0;1;2.67;1;0;0;0;298;0.74;298;2,414;1,017;0;0;0;0;0;0;0;0;6 minutes;00:39;0;0;0;42%;42%;4%
Aspire Leo;4244;0;0;0;3;6%;1,840;209;86;0.14;186,107;11,421.41;18,356;5,229;161;9.88;0;0;0;416;25.52;51;15;2.58;0;0;0;0;0;0;0;1;0;212;13.01;21;0;0;0;7;0;0;0;0;15;0;0;0;16;0;0;6;0.36;1;0;0;3;2;156;9.57;21;21:05;01:17;02:21;0;0;0;62;3.8;9;43;2.63;7;17,125;1.39;1,887;66,086;29,102;39;2.39;5;0;0;0;0;0;8.574742997996509 seconds;25:21;0;0;2;44%;58%;40%
Axemen;3331;0;0;0;2;4%;1,032;155;39;0.13;123,973;13,637.57;15,864;6,714;77;8.47;0;0;0;278;30.58;53;17;3.61;0;0;0;0;0;0;0;4;0;123;13.53;25;5;9;0;4;0;0;0;0;17;0;0;26;8;12;7;1;0.11;1;0;0;3;5;123;13.53;33;15:31;01:42;02:40;0;0;0;38;4.18;9;18;1.98;3;11,910;1.55;1,496;58,550;21,922;19;2.09;4;0;0;0;0;0;2 hours;06:56;0;0;0;37%;51%;44%
Baby DVs;3824;0;0;0;0;5%;13;13;7;0.08;1,352;3,794.37;1,238;838;4;11.22;0;0;0;1;2.8;1;1;0.25;0;0;0;0;0;0;0;0;0;1;2.8;1;0;0;0;0;0;0;0;0;1;0;0;1;0;1;0;0;0;0;0;0;0;0;0;0;0;00:13;00:38;00:13;0;0;0;1;2.8;1;1;2.8;1;235;1.58;235;564;222;0;0;0;0;0;0;0;0;2 minutes;0;0;0;0;39%;0;18%
Bandora22;0;0;0;0;0;4%;57;57;18;0.12;7,890;23,439.05;7,890;2,758;7;20.79;0;0;0;22;65.35;22;13;3.14;0;0;0;0;0;0;0;0;0;18;53.47;18;0;0;0;0;0;0;0;0;13;0;0;2;1;0;0;1;2.97;1;0;0;3;1;12;35.65;12;01:29;04:25;01:29;0;0;0;4;11.88;4;2;5.94;2;770;1.63;770;3,274;1,211;5;14.85;5;0;0;0;0;0;7 minutes;01:39;0;0;0;36%;36%;0
BeeVA;2649;0;0;0;0;6%;300;114;36;0.15;27,675;11,729.58;8,237;2,796;26;11.01;0;0;0;63;26.7;23;9;2.42;0;0;0;0;0;0;0;0;0;30;12.71;13;0;2;0;2;0;0;0;0;9;0;0;9;2;3;4;1;0.42;1;0;0;3;1;23;9.74;7;02:45;01:10;00:41;0;0;0;7;2.96;3;5;2.11;3;2,723;1.42;652;11,930;4,589;10;4.23;4;0;0;0;0;0;31 minutes;05:01;0;0;0;38%;45%;70%
Boomy;0;0;0;0;0;10%;110;110;36;0.2;7,104;11,183.83;7,104;2,081;5;7.87;0;0;0;21;33.06;21;9;4.2;0;0;0;0;0;0;0;0;0;11;17.31;11;1;1;0;0;0;0;0;0;9;0;0;3;1;0;2;1;1.57;1;0;0;0;0;9;14.16;9;02:04;03:16;02:04;0;0;0;3;4.72;3;2;3.14;2;479;0.9;479;3,910;1,100;3;4.72;3;0;0;0;0;0;8 minutes;02:06;0;0;0;28%;0;0
Bounce Cityyyyy;3145;0;0;0;7;6%;2,385;184;57;0.15;320;554.35;320;320;3;5.19;12;21;11;684;39.67;52;15;2.66;0;0;0;0;0;0;0;1;0;412;23.89;35;0;1;2;0;5,467;9,470;3,717;1,750;15;0;0;1;11;24;1;7;0.4;1;0;0;4;4;289;16.76;25;00:45;01:18;00:44;5;9;5;99;5.74;10;75;4.35;7;1,132;2.98;757;47;17;138;8;10;0;0;1;0;0;6 minutes;00:02;0;0;11;36%;36%;68%
C1ZR;4124;0;0;0;34;6%;9,967;362;72;0.18;1,008,284;15,604.12;21,467;7,144;747;11.56;0;0;0;2,551;39.47;57;21;3.41;0;0;0;0;0;0;0;8;0;1,414;21.88;32;22;65;3;40;0;0;0;0;21;0;0;187;28;92;66;10;0.15;2;0;0;5;47;895;13.85;27;01:13:50;01:08;02:23;0;0;0;400;6.19;13;268;4.14;7;71,772;1.34;2,068;399,868;156,579;362;5.6;12;0;0;2;0;0;14 hours;02:49:01;0;0;18;39%;55%;61%
Chopper Le Porc;0;0;0;0;13;5%;3,535;179;78;0.12;393,255;11,022.72;18,983;8,139;348;9.75;0;0;0;1,017;28.5;57;19;2.92;0;0;0;0;0;0;0;10;0;487;13.65;20;19;36;0;17;0;0;0;0;19;0;0;111;32;41;38;17;0.47;2;0;0;4;11;425;11.91;41;56:06;01:34;03:35;0;0;0;138;3.86;10;85;2.38;7;38,403;1.31;1,589;194,870;64,491;164;4.59;9;0;0;12;0;0;8 hours;46:34;0;0;110;33%;63%;46%
CHRISBREEZY0413;2912;0;0;0;6;5%;3,190;213;47;0.11;404,591;11,268.64;17,640;6,698;482;13.42;0;0;0;961;26.76;48;16;1.99;0;0;0;0;0;0;0;16;0;445;12.39;21;18;36;0;18;0;0;0;0;16;0;0;115;34;35;47;8;0.22;2;0;0;4;11;445;12.39;22;01:00:40;01:41;03:20;0;0;0;155;4.31;9;113;3.14;6;38,667;1.38;2,254;187,652;61,882;102;2.84;7;0;0;0;0;0;7 hours;35:05;0;0;23;32%;51%;49%
CM9 PT;3723;0;0;0;1;4%;655;141;34;0.1;89,530;11,659.49;15,367;5,119;71;9.24;0;0;0;213;27.73;38;13;3;0;0;0;0;0;0;0;2;0;116;15.1;22;4;8;0;4;0;0;0;0;13;0;0;20;7;3;11;2;0.26;2;0;0;4;1;67;8.72;13;07:42;01:00;01:27;0;0;0;28;3.64;8;23;2.99;5;10,627;1.7;2,085;32,740;13,950;43;5.59;10;0;0;0;0;0;1 hour;09:24;0;0;4;42%;45%;54%
Coluge;4435;0;0;0;0;5%;46;44;23;0.1;7,036;19,104.96;6,728;3,265;5;13.57;0;0;0;20;54.3;20;8;4;0;0;0;0;0;0;0;0;0;11;29.86;11;0;0;0;0;0;0;0;0;8;0;0;1;1;0;0;0;0;0;0;0;0;0;11;29.86;11;01:19;03:37;01:15;0;0;0;2;5.43;2;3;8.14;3;358;0.83;346;2,648;855;1;2.71;1;0;0;0;0;0;7 minutes;00:40;0;0;0;32%;31%;95%
Coluge is back;4397;0;0;0;0;6%;592;158;99;0.2;52,740;14,536.68;9,667;4,430;37;10.19;0;0;0;107;29.49;21;9;2.89;0;0;0;0;0;0;0;0;0;53;14.6;10;1;4;0;2;0;0;0;0;9;0;0;12;2;8;2;0;0;0;0;0;3;3;34;9.37;7;03:54;01:04;00:45;0;0;0;19;5.23;4;12;3.3;3;4,294;1.5;916;21,320;8,476;13;3.58;4;0;0;0;0;0;47 minutes;03:44;0;0;1;39%;46%;60%
commander 8899;3234;0;0;0;4;4%;772;131;50;0.1;97,700;10,092.47;13,686;5,503;59;6.09;0;0;0;298;30.78;43;22;5.05;0;0;0;0;0;0;0;1;0;134;13.84;22;4;10;1;5;0;0;0;0;22;0;0;29;10;8;11;3;0.3;1;0;0;3;3;121;12.49;22;13:05;01:21;01:52;0;0;0;36;3.71;8;22;2.27;4;8,834;1.2;993;50,548;17,096;35;3.61;9;0;0;2;0;0;2 hours;09:03;0;0;9;33%;40%;55%
CookiesMilkYum;4298;0;0;0;1;7%;267;191;48;0.2;20,317;16,046.97;14,568;3,693;13;10.26;0;0;0;46;36.33;40;13;3.53;0;0;0;0;0;0;0;0;0;28;22.11;25;0;1;0;1;0;0;0;0;13;0;0;4;0;2;1;1;0.78;1;0;0;0;0;14;11.05;13;01:43;01:21;01:28;0;0;0;5;3.94;4;6;4.73;5;1,498;1.14;1,046;8,556;3,359;8;6.31;8;0;0;0;0;0;21 minutes;04:05;0;0;0;39%;0;71%
Corey Burlinson;4077;0;0;0;8;7%;5,048;292;89;0.2;456,775;16,838.01;25,715;6,995;346;12.75;0;0;0;1,094;40.32;51;20;3.16;0;0;0;0;0;0;0;2;0;557;20.53;31;14;27;1;12;0;0;0;0;20;0;0;76;16;23;37;10;0.36;2;0;0;5;17;327;12.05;22;30:46;01:08;02:00;0;0;0;149;5.49;11;107;3.94;10;38,461;1.58;2,082;181,216;71,496;158;5.82;12;0;0;0;0;0;6 hours;01:04:10;0;0;2;39%;57%;45%
cougargoalie;3259;0;0;0;0;6%;126;74;34;0.12;11,341;7,880.5;5,833;2,623;13;9.03;0;0;0;28;19.45;17;10;2.15;0;0;0;0;0;0;0;1;0;15;10.42;8;1;1;0;1;0;0;0;0;10;0;0;4;1;1;2;0;0;0;0;0;0;0;9;6.25;6;00:25;00:17;00:08;0;0;0;5;3.47;4;1;0.69;1;1,286;1.27;575;5,786;2,091;4;2.77;3;0;0;0;0;0;16 minutes;00:51;0;0;0;36%;39%;55%
Cow Lupin;709;0;0;0;1;6%;796;115;53;0.07;45,303;2,464.67;9,675;3,451;2;0.1;0;0;0;228;12.4;45;20;114;0;0;0;0;0;0;0;0;0;61;3.31;16;15;18;1;3;0;0;0;0;20;0;0;11;4;3;3;0;0;0;0;0;3;1;93;5.05;28;02:14;00:07;00:40;0;0;0;9;0.48;2;1;0.05;1;981;0.09;160;42,614;12,916;12;0.65;3;0;0;0;0;0;3 hours;0;0;0;0;30%;57%;17%
DanGetzBucketz;3306;0;0;0;0;14%;124;120;35;0.27;6,083;10,453.57;5,936;1,476;8;13.74;0;0;0;13;22.33;13;5;1.62;0;0;0;0;0;0;0;0;0;5;8.59;5;1;1;0;0;0;0;0;0;5;0;0;1;1;1;0;0;0;0;0;0;0;0;4;6.87;4;00:51;01:29;00:49;0;0;0;1;1.71;1;1;1.71;1;260;0.57;260;2,506;876;1;1.71;1;0;0;0;0;0;7 minutes;0;0;0;0;34%;0;0
DeftOrthruss;3000;0;0;0;0;10%;68;55;22;0.13;4,839;5,269.86;3,246;1,515;12;13.06;0;0;0;5;5.44;3;3;0.41;0;0;0;0;0;0;0;0;0;3;3.26;3;1;1;0;0;0;0;0;0;3;0;0;4;0;3;0;0;0;0;0;0;0;0;2;2.17;1;00:25;00:27;00:23;0;0;0;2;2.17;2;2;2.17;2;959;1.83;524;2,906;651;3;3.26;3;0;0;0;0;0;8 minutes;0;0;0;0;22%;43%;17%
Doub1eAgent0reo;4505;0;0;0;7;7%;1,715;360;101;0.24;138,357;10,057.67;22,109;5,398;90;6.54;0;0;0;349;25.37;44;20;3.87;0;0;0;0;0;0;0;3;0;180;13.08;24;4;14;1;9;0;0;0;0;20;0;0;33;4;15;14;12;0.87;3;0;0;4;9;96;6.97;15;08:18;00:36;01:34;0;0;0;37;2.68;7;32;2.32;9;8,987;1.3;1,316;54,966;23,810;35;2.54;6;0;0;0;0;0;1 hour;16:16;0;0;0;43%;55%;64%
DrivebySamura1;3959;0;0;0;2;7%;513;137;107;0.2;43,986;13,749.67;15,793;4,623;35;10.94;0;0;0;110;34.38;32;17;3.14;0;0;0;0;0;0;0;1;0;63;19.69;20;1;3;0;2;0;0;0;0;17;0;0;9;3;5;2;1;0.31;1;0;0;0;0;36;11.25;9;03:07;00:58;00:48;0;0;0;9;2.81;4;9;2.81;3;2,846;1.14;908;16,530;7,160;19;5.93;7;0;0;0;0;0;41 minutes;04:22;0;0;1;43%;51%;70%
Dukez;3307;0;0;0;1;3%;51;51;11;0.12;10,437;19,768.29;10,437;4,342;6;11.36;0;0;0;22;41.67;22;7;3.66;0;0;0;0;0;0;0;0;0;11;20.83;11;0;1;0;1;0;0;0;0;7;0;0;2;0;1;1;0;0;0;0;0;0;0;12;22.72;12;00:48;01:31;00:48;0;0;0;5;9.47;5;3;5.68;3;656;1.56;656;4,342;1,456;0;0;0;0;0;0;0;0;6 minutes;02:39;0;0;0;33%;33%;100%
e UNAGI san;2123;0;0;0;0;5%;234;74;18;0.1;26,225;8,212.52;6,864;3,558;41;12.83;0;0;0;69;21.6;24;9;1.68;0;0;0;0;0;0;0;1;0;32;10.02;7;2;3;0;1;0;0;0;0;9;0;0;6;1;2;3;0;0;0;0;0;3;1;15;4.69;4;01:43;00:32;00:47;0;0;0;10;3.13;3;8;2.5;3;1,299;0.6;405;13,356;4,359;16;5.01;4;0;0;0;0;0;36 minutes;00:20;0;0;1;32%;39%;40%
Elsayer;0;0;0;0;1;6%;1,175;181;57;0.12;117,353;10,631.57;20,994;4,044;140;12.68;0;0;0;328;29.71;47;14;2.34;0;0;0;0;0;0;0;4;0;138;12.5;19;6;11;0;5;0;0;0;0;14;0;0;38;13;14;11;2;0.18;1;0;0;3;2;167;15.12;21;21:22;01:56;03:32;0;0;0;47;4.25;9;27;2.44;6;13,539;1.46;2,389;65,756;18,812;46;4.16;9;0;0;0;0;0;2 hours;08:23;0;0;6;28%;43%;43%
Emit Pain;4339;0;0;0;0;8%;178;61;44;0.21;15,947;16,261.31;5,867;4,440;10;10.19;0;0;0;53;54.04;19;13;5.3;0;0;0;0;0;0;0;0;0;30;30.59;11;0;1;0;1;0;0;0;0;13;0;0;3;1;1;1;0;0;0;0;0;5;1;23;23.45;11;01:17;01:19;00:37;0;0;0;10;10.19;5;1;1.01;1;891;1.06;299;5,588;2,199;3;3.05;1;0;0;0;0;0;13 minutes;03:29;0;0;0;39%;50%;52%
Fat Hamm;2576;0;0;0;0;4%;51;34;19;0.09;7,714;10,886.72;6,017;4,045;9;12.7;0;0;0;19;26.81;17;14;2.11;0;0;0;0;0;0;0;0;0;6;8.46;6;1;1;0;0;0;0;0;0;14;0;0;3;1;0;2;0;0;0;0;0;0;0;5;7.05;4;00:53;01:15;00:33;0;0;0;2;2.82;2;2;2.82;2;1,068;1.94;837;4,104;1,169;3;4.23;3;0;0;0;0;0;9 minutes;00:10;0;0;0;28%;25%;0
FBorrego;0;0;0;0;0;8%;97;97;46;0.22;6,433;10,966.45;6,433;1,989;4;6.81;0;0;0;16;27.27;16;6;4;0;0;0;0;0;0;0;0;0;9;15.34;9;1;1;0;0;0;0;0;0;6;0;0;2;1;1;1;0;0;0;0;0;0;0;8;13.63;8;00:32;00:55;00:32;0;0;0;3;5.11;3;2;3.4;2;641;1.46;641;3,488;1,139;3;5.11;3;0;0;0;0;0;7 minutes;0;0;0;0;32%;32%;0
Ferni;4613;0;0;0;9;5%;1,709;233;63;0.17;194,371;14,071.78;22,547;8,005;88;6.37;0;0;0;494;35.76;50;28;5.61;0;0;0;0;0;0;0;1;0;219;15.85;30;2;14;1;11;0;0;0;0;28;0;0;49;10;25;14;13;0.94;2;0;0;4;11;153;11.07;18;17:10;01:14;02:47;0;0;0;62;4.48;11;36;2.6;6;15,511;1.62;2,127;87,258;32,114;46;3.33;7;0;0;0;0;0;2 hours;33:21;0;0;3;36%;49%;78%
fusion360elite;2922;0;0;0;1;5%;785;154;69;0.12;87,876;11,323.58;14,123;5,665;104;13.4;0;0;0;200;25.77;40;12;1.92;0;0;0;0;0;0;0;4;0;98;12.62;24;4;8;1;3;0;0;0;0;12;0;0;24;9;6;8;0;0;0;0;0;5;1;89;11.46;19;11:58;01:32;01:59;0;0;0;29;3.73;6;17;2.19;4;7,571;1.16;994;53,764;15,020;20;2.57;3;0;0;2;0;0;1 hour;05:03;0;0;14;27%;36%;35%
GandalfTheCyan;2544;0;0;0;0;16%;48;48;42;0.35;2,404;20,890.03;2,404;1,510;2;17.37;0;0;0;3;26.06;3;2;1.5;0;0;0;0;0;0;0;0;0;2;17.37;2;0;0;0;0;0;0;0;0;2;0;0;0;0;0;0;0;0;0;0;0;0;0;2;17.37;2;00:21;03:08;00:21;0;0;0;2;17.37;2;1;8.68;1;168;1.24;168;766;297;2;17.37;2;0;0;0;0;0;6.42375698313117 seconds;0;0;0;0;38%;0;100%
glich30;2623;0;0;0;0;20%;2;2;2;0.03;621;6,711.88;621;561;2;21.61;0;0;0;1;10.8;1;1;0.5;0;0;0;0;0;0;0;0;0;29;19.93;18;0;0;0;1;115;1,248;115;87;1;0;0;0;1;2;0;4;2.75;2;0;0;0;0;1;10.8;1;01:45;01:12;01:29;0;0;0;9;6.18;6;5;3.43;4;1,159;1.09;949;16;10;8;5.5;6;0;0;0;0;0;1 minute;05:40;0;0;0;62%;44%;93%
godstomper231;3449;0;0;0;0;8%;94;77;30;0.24;5,838;18,183.29;4,819;1,792;6;18.68;0;0;0;11;34.26;11;5;1.83;0;0;0;0;0;0;0;1;0;6;18.68;6;0;0;0;0;0;0;0;0;5;0;0;2;1;1;0;0;0;0;0;0;0;0;5;15.57;5;00:57;02:58;00:38;0;0;0;4;12.45;4;2;6.22;2;517;1.34;386;2,868;1,047;2;6.22;2;0;0;0;0;0;6 minutes;0;0;0;0;36%;0;13%
gogospeedracr;0;0;0;0;1;8%;191;156;88;0.24;13,931;11,483.82;10,877;6,724;3;2.47;0;0;0;37;30.5;33;20;12.33;0;0;0;0;0;0;0;0;0;16;13.18;14;1;1;0;1;0;0;0;0;20;0;0;5;0;4;1;0;0;0;0;0;0;0;18;14.83;16;01:40;01:22;01:02;0;0;0;6;4.94;6;5;4.12;5;1,239;1.61;632;6,228;2,191;5;4.12;5;0;0;0;0;0;12 minutes;02:36;0;0;0;35%;39%;54%
Granty282;2256;0;0;0;0;8%;267;176;31;0.16;19,937;9,401.58;12,110;2,659;31;14.61;0;0;0;49;23.1;33;9;1.58;0;0;0;0;0;0;0;0;0;26;12.26;14;2;2;0;0;0;0;0;0;9;0;0;9;3;2;4;0;0;0;0;0;0;0;27;12.73;22;03:08;01:29;02:33;0;0;0;13;6.13;6;11;5.18;9;1,849;1.14;895;11,236;3,317;7;3.3;3;0;0;0;0;0;27 minutes;02:55;0;0;0;29%;32%;0
Hi Jeremiah;3409;0;0;0;0;4%;37;37;21;0.14;3,438;13,529.18;3,438;1,429;3;11.8;0;0;0;11;43.28;11;7;3.66;0;0;0;0;0;0;0;0;0;5;19.67;5;0;0;0;0;0;0;0;0;7;0;0;1;0;0;0;0;0;0;0;0;0;0;3;11.8;3;01:03;04:09;01:03;0;0;0;1;3.93;1;1;3.93;1;275;1.04;275;1,872;762;1;3.93;1;0;0;0;0;0;4 minutes;0;0;0;0;40%;0;0
HighPRO Zzz;3000;0;0;0;0;6%;48;24;15;0.12;5,864;11,421.83;4,174;1,729;1;10.6;1;11;1;17;33.11;10;5;2.12;0;0;0;0;0;0;0;0;0;13;25.32;7;0;0;0;0;1,554;16,484;1,554;1,295;5;0;0;0;0;0;1;1;1.94;1;0;0;0;0;6;11.68;5;00:11;01:57;00:11;0;0;0;5;9.73;4;3;5.84;2;100;1.26;100;2,640;796;6;11.68;3;0;0;0;0;0;1 minute;02:59;0;0;0;30%;0;100%
HulianBabulian;0;0;0;0;0;8%;112;112;20;0.13;8,780;8,779.94;8,780;1,572;16;16;0;0;0;29;29;29;6;1.81;0;0;0;0;0;0;0;0;0;14;14;14;1;1;0;1;0;0;0;0;6;0;0;2;1;0;1;2;2;2;0;0;0;0;7;7;7;00:38;00:38;00:38;0;0;0;1;1;1;0;0;0;945;1.16;945;4,006;1,304;3;3;3;0;0;0;0;0;13 minutes;0;0;0;0;32%;32%;100%
I Horizontal I;1948;0;0;0;2;4%;308;87;37;0.08;43,089;8,284.18;11,003;3,299;58;11.15;0;0;0;132;25.37;39;11;2.27;0;0;0;0;0;0;0;3;0;74;14.22;28;2;5;0;3;0;0;0;0;11;0;0;15;6;5;4;4;0.76;2;0;0;3;1;49;9.42;16;05:12;01:00;01:43;0;0;0;14;2.69;5;3;0.57;1;4,288;1.19;1,348;19,470;7,287;32;6.15;9;0;0;0;0;0;59 minutes;04:58;0;0;1;37%;43%;54%
i like esportz;3190;0;0;0;0;3%;58;35;15;0.1;9,200;10,980.37;5,085;2,078;6;7.16;0;0;0;36;42.96;22;8;6;0;0;0;0;0;0;0;0;0;19;22.67;13;1;1;0;0;0;0;0;0;8;0;0;3;0;2;1;1;1.19;1;0;0;0;0;16;19.09;11;01:53;02:15;01:08;0;0;0;4;4.77;3;1;1.19;1;689;1.21;493;5,518;1,567;2;2.38;2;0;0;0;0;0;9 minutes;03:01;0;0;0;28%;24%;27%
I Only Torbjorn;3660;0;0;0;1;6%;259;163;36;0.19;25,641;15,204.9;16,913;4,050;17;10.08;0;0;0;63;37.35;44;12;3.7;0;0;0;0;0;0;0;0;0;45;26.68;32;0;2;0;2;0;0;0;0;12;0;0;6;1;1;3;1;0.59;1;0;0;0;0;23;13.63;20;02:42;01:36;01:45;0;0;0;8;4.74;6;7;4.15;5;1,495;1.11;814;9,862;4,064;14;8.3;9;0;0;0;0;0;22 minutes;03:07;0;0;0;41%;43%;93%
II SirMaru II;2461;0;0;0;3;6%;736;140;44;0.13;76,768;11,486.8;15,023;7,306;59;8.82;0;0;0;208;31.12;40;20;3.52;0;0;0;0;0;0;0;1;0;106;15.86;18;3;7;0;4;0;0;0;0;20;0;0;16;4;7;5;2;0.29;1;0;0;4;4;73;10.92;15;07:42;01:09;01:39;0;0;0;30;4.48;8;20;2.99;4;7,664;1.42;1,380;30,854;11,894;40;5.98;9;0;0;0;0;0;1 hour;09:32;0;0;0;38%;52%;52%
Im Forgiving;4070;0;0;0;4;4%;527;130;35;0.11;68,384;12,490.33;12,854;4,010;56;10.22;0;0;0;173;31.59;35;17;3.08;0;0;0;0;0;0;0;2;0;96;17.53;20;2;5;0;4;0;0;0;0;17;0;0;17;5;7;5;0;0;0;0;0;4;1;66;12.05;18;06:38;01:12;01:26;0;0;0;26;4.74;7;9;1.64;2;5,264;1.16;1,288;26,234;11,499;27;4.93;10;0;0;0;0;0;1 hour;15:40;0;0;0;43%;53%;68%
Im Voxie;4020;0;0;0;0;6%;103;33;33;0.14;8,403;10,713.02;3,854;3,854;11;14.02;0;0;0;17;21.67;10;10;1.54;0;0;0;0;0;0;0;0;0;5;6.37;4;1;0;0;0;0;0;0;0;10;0;0;1;0;1;0;0;0;0;0;0;0;0;6;7.64;3;00:57;01:13;00:31;0;0;0;2;2.54;2;2;2.54;2;923;1.34;354;11;1,512;1;1.27;1;0;0;0;0;0;52.028655973263085 seconds;00:57;0;0;0;34%;35%;100%
iMrT8;2158;0;0;0;0;13%;93;93;30;0.21;4,703;7,306.66;4,703;1,430;8;12.42;0;0;0;15;23.3;15;5;1.87;0;0;0;0;0;0;0;0;0;12;18.64;12;1;1;0;0;0;0;0;0;5;0;0;3;0;2;1;1;1.55;1;0;0;3;1;6;9.32;6;00:55;01:25;00:55;0;0;0;3;4.66;3;2;3.1;2;524;1.18;524;2,470;706;7;10.87;7;0;0;0;0;0;7 minutes;00:20;0;0;0;28%;0;0
Infamous Bounty;4047;0;0;0;0;7%;206;135;28;0.19;16,836;15,978.54;8,909;2,979;16;15.18;0;0;0;34;32.26;16;8;2.12;0;0;0;0;0;0;0;0;0;19;18.03;9;1;1;0;0;0;0;0;0;8;0;0;3;1;1;1;0;0;0;0;0;0;0;9;8.54;4;00:55;00:53;00:26;0;0;0;4;3.79;2;3;2.84;2;1,284;1.2;644;7,680;2,869;4;3.79;3;0;0;0;0;0;17 minutes;00:31;0;0;0;37%;0;0
iSttoooLen;3977;0;0;0;4;4%;1,829;228;87;0.13;229,716;13,651.44;30,308;8,516;127;7.54;0;0;0;527;31.31;67;24;4.14;0;0;0;0;0;0;0;1;0;267;15.86;30;9;17;0;8;0;0;0;0;24;0;0;48;14;20;14;16;0.95;5;0;0;4;5;235;13.96;31;27:02;01:36;03:12;0;0;0;81;4.81;10;51;3.03;6;16,799;1.26;2,156;85,002;37,092;66;3.92;12;0;0;0;0;0;3 hours;37:53;0;0;3;43%;61%;45%
Itothean511;3963;0;0;0;1;5%;578;164;80;0.17;62,293;15,920.77;11,826;7,206;26;6.64;0;0;0;168;42.93;37;24;6.46;0;0;0;0;0;0;0;1;0;75;19.16;15;1;4;1;2;0;0;0;0;24;0;0;9;1;3;4;0;0;0;0;0;3;1;70;17.89;18;07:58;02:02;01:34;0;0;0;26;6.64;6;13;3.32;4;6,112;1.87;1,130;26,278;10,849;19;4.85;6;0;0;1;0;0;54 minutes;09:52;0;0;7;41%;43%;58%
ItsCONRAD;3497;0;0;0;34;7%;16,715;261;99;0.16;1,538,203;12,357.31;22,206;7,923;1,188;9.54;0;0;0;4,112;33.03;59;22;3.46;0;0;0;0;0;0;0;27;0;1,949;15.65;29;61;124;4;59;0;0;0;0;22;0;0;334;89;122;122;19;0.15;1;0;0;5;44;1,764;14.17;34;02:51:15;01:22;03:14;0;0;0;627;5.03;19;430;3.45;8;105,907;1.01;1,724;686,072;234,511;398;3.19;10;0;0;4;0;0;28 hours;02:43:07;0;0;19;34%;68%;47%
iuya;3991;0;0;0;0;4%;303;62;31;0.13;36,528;15,061.29;8,762;4,788;41;16.9;0;0;0;56;23.08;12;10;1.36;0;0;0;0;0;0;0;3;0;33;13.6;9;2;2;0;0;0;0;0;0;10;0;0;9;1;5;2;0;0;0;0;0;0;0;29;11.95;6;05:28;02:15;01:01;0;0;0;7;2.88;2;4;1.64;2;3,596;1.64;943;16,034;6,700;3;1.23;2;0;0;0;0;0;36 minutes;06:00;0;0;0;41%;74%;4%
IX HALFBREED XI;2667;0;0;0;0;5%;107;86;27;0.11;12,384;10,970.46;9,177;2,139;17;15.05;0;0;0;22;19.48;18;6;1.29;0;0;0;0;0;0;0;1;0;17;15.05;13;1;1;0;0;0;0;0;0;6;0;0;4;0;1;2;0;0;0;0;0;0;0;11;9.74;9;01:08;01:00;00:42;0;0;0;2;1.77;1;3;2.65;2;1,226;1.28;858;5,294;1,897;7;6.2;4;0;0;0;0;0;15 minutes;0;0;0;0;35%;37%;0
J Smoooove;2634;0;0;0;33;6%;9,847;265;63;0.13;1,005,937;9,982.81;20,016;5,512;1,172;11.63;0;0;0;2,787;27.65;61;18;2.37;0;0;0;0;0;0;0;18;0;1,265;12.55;34;45;101;2;54;0;0;0;0;18;0;0;327;87;137;103;5;0.04;1;0;0;5;30;1,255;12.45;28;02:38:33;01:34;03:20;0;0;0;362;3.59;11;248;2.46;6;84,778;1.14;1,640;482,986;163,058;286;2.83;11;0;0;1;0;0;20 hours;01:37:28;0;0;48;33%;47%;53%
JDaawg23;2231;0;0;0;0;3%;1;1;1;0;3,693;7,154.21;3,693;2,351;3;5.81;0;0;0;39;26.97;34;10;2.6;0;0;0;0;0;0;0;0;0;20;13.83;17;1;1;0;1;0;0;0;0;10;0;0;1;1;1;0;2;1.38;1;0;0;0;0;15;10.37;15;01:57;01:21;01:38;0;0;0;6;4.15;6;3;2.07;3;1,304;1.01;1,111;102;29;5;3.45;5;0;0;0;0;0;3 minutes;01:36;0;0;0;28%;53%;56%
JoboRulz;0;0;0;0;0;5%;23;23;13;0.08;3,445;8,947.49;3,445;1,727;5;12.98;0;0;0;7;18.18;7;4;1.4;0;0;0;0;0;0;0;0;0;4;10.39;4;0;0;0;0;0;0;0;0;4;0;0;2;1;1;0;0;0;0;0;0;0;0;2;5.19;2;00:34;01:30;00:34;0;0;0;0;0;0;1;2.59;1;133;0.47;133;1,378;412;0;0;0;0;0;0;0;0;4 minutes;0;0;0;0;29%;0;0
JOSEPH C 7;3077;0;0;0;0;6%;274;128;36;0.18;24,983;12,618.51;9,320;3,062;19;9.59;0;0;0;57;28.78;20;15;3;0;0;0;0;0;0;0;1;0;23;11.61;11;0;2;0;2;0;0;0;0;15;0;0;8;3;4;1;0;0;0;0;0;3;1;34;17.17;13;04:38;02:20;01:39;0;0;0;9;4.54;5;5;2.52;3;2,551;1.69;926;11,262;4,300;3;1.51;2;0;0;0;0;0;25 minutes;03:11;0;0;0;38%;48%;77%
Josh Balzack;3495;0;0;0;4;8%;1,396;283;147;0.26;92,327;12,915.68;16,863;8,519;45;6.29;0;0;0;232;32.45;39;27;5.15;0;0;0;0;0;0;0;0;0;121;16.92;24;2;7;0;4;0;0;0;0;27;0;0;26;7;8;11;6;0.83;1;0;0;3;4;100;13.98;18;10:28;01:27;01:48;0;0;0;27;3.77;7;20;2.79;4;7,108;1.35;1,194;39,738;15,564;17;2.37;6;0;0;2;0;0;1 hour;18:28;0;0;16;39%;42%;59%
Joshua x FX;0;0;0;0;0;8%;62;59;18;0.16;4,152;7,243.18;4,090;1,650;7;12.21;0;0;0;10;17.44;10;4;1.42;0;0;0;0;0;0;0;0;0;7;12.21;7;1;1;0;0;0;0;0;0;4;0;0;2;1;1;0;0;0;0;0;0;0;0;7;12.21;7;00:54;01:35;00:54;0;0;0;1;1.74;1;1;1.74;1;138;0.36;138;2,130;750;2;3.48;2;0;0;0;0;0;6 minutes;0;0;0;0;35%;35%;0
KageEinjeruE102;4059;0;0;0;1;6%;877;292;58;0.2;81,581;18,947.46;32,667;5,078;65;15.09;0;0;0;141;32.74;65;12;2.16;0;0;0;0;0;0;0;1;0;65;15.09;30;2;4;0;2;0;0;0;0;12;0;0;13;1;8;5;0;0;0;0;0;3;2;60;13.93;29;08:54;02:04;03:28;0;0;0;24;5.57;15;18;4.18;10;5,623;1.32;1,614;34,840;14,214;16;3.71;7;0;0;0;0;0;1 hour;13:08;0;0;3;40%;46%;50%
Kimmy Gibbz69;4384;0;0;0;1;4%;99;64;37;0.12;14,190;14,462.59;8,784;3,017;10;10.19;0;0;0;31;31.59;26;10;3.1;0;0;0;0;0;0;0;0;0;16;16.3;13;0;1;0;1;0;0;0;0;10;0;0;3;1;1;1;1;1.01;1;0;0;0;0;9;9.17;7;00:59;01:01;00:31;0;0;0;2;2.03;1;1;1.01;1;1,143;1.42;773;6,480;2,189;3;3.05;2;0;0;0;0;0;13 minutes;00:12;0;0;0;33%;31%;83%
KING IZ SIIC;3430;0;0;0;0;4%;95;83;22;0.14;10,107;12,648.62;7,686;3,988;8;10.01;0;0;0;20;25.03;19;8;2.5;0;0;0;0;0;0;0;0;0;9;11.26;8;1;1;0;0;0;0;0;0;8;0;0;3;1;1;1;1;1.25;1;0;0;0;0;6;7.5;5;01:02;01:18;00:50;0;0;0;0;0;0;0;0;0;830;1.26;672;4,460;1,969;3;3.75;2;0;0;0;0;0;10 minutes;01:07;0;0;0;44%;0;24%
Kingg Tuttle;0;0;0;0;4;5%;1,411;201;68;0.15;154,666;12,978.65;19,979;4,590;150;12.58;0;0;0;347;29.11;50;13;2.31;0;0;0;0;0;0;0;3;0;165;13.84;24;6;12;0;5;0;0;0;0;13;0;0;42;4;23;15;7;0.58;2;0;0;4;3;166;13.92;32;25:13;02:07;03:45;0;0;0;59;4.95;10;41;3.44;6;15,189;1.63;2,077;76,376;25,483;23;1.93;7;0;0;0;0;0;2 hours;11:21;0;0;0;33%;47%;46%
KJCagnoli;2883;0;0;0;14;4%;1,425;170;65;0.11;191,982;12,272.87;23,202;6,511;100;6.39;0;0;0;620;39.63;58;21;6.2;0;0;0;0;0;0;0;1;0;364;23.26;37;4;16;0;11;0;0;0;0;21;0;0;49;8;29;12;9;0.57;2;0;0;3;5;249;15.91;35;24:12;01:32;04:21;0;0;0;96;6.13;17;62;3.96;12;19,763;1.63;2,179;80,926;28,783;125;7.99;19;0;0;0;0;0;3 hours;52:16;0;0;15;35%;42%;73%
LEGENDARYWARIOR;3639;0;0;0;0;4%;225;96;25;0.1;29,188;13,575.13;9,383;2,553;29;13.48;0;0;0;77;35.81;26;9;2.65;0;0;0;0;0;0;0;1;0;35;16.27;17;1;2;0;1;0;0;0;0;9;0;0;3;2;0;0;0;0;0;0;0;4;2;28;13.02;12;03:27;01:36;01:52;0;0;0;13;6.04;6;8;3.72;3;3,043;1.44;1,134;11,550;5,037;9;4.18;3;0;0;0;0;0;35 minutes;01:50;0;0;0;43%;40%;55%
Leveyez;3389;0;0;0;2;7%;773;259;61;0.19;57,491;12,011.06;17,518;4,818;65;13.57;0;0;0;121;25.27;44;23;1.86;0;0;0;0;0;0;0;2;0;54;11.28;18;4;5;0;1;0;0;0;0;23;0;0;17;2;13;3;1;0.2;1;0;0;0;0;73;15.25;33;10:19;02:09;03:14;0;0;0;11;2.29;4;12;2.5;5;5,556;1.42;1,428;31,798;10,267;8;1.67;3;0;0;0;0;0;1 hour;06:55;0;0;0;32%;34%;20%
limmme;3478;0;0;0;0;7%;264;95;24;0.12;22,210;6,872.11;5,780;2,737;32;9.9;0;0;0;53;16.39;26;8;1.65;0;0;0;0;0;0;0;1;0;20;6.18;7;2;3;0;1;0;0;0;0;8;0;0;6;1;1;3;1;0.3;1;0;0;4;1;27;8.35;14;03:30;01:05;00:56;0;0;0;4;1.23;2;3;0.92;1;3,534;1.65;1,051;12,900;3,521;5;1.54;3;0;0;0;0;0;35 minutes;00:29;0;0;0;27%;36%;30%
Lord Misiunas;2140;0;0;0;0;4%;119;106;30;0.11;14,417;10,314.58;11,123;2,369;17;12.16;0;0;0;24;17.17;20;6;1.41;0;0;0;0;0;0;0;1;0;15;10.73;13;1;1;0;0;0;0;0;0;6;0;0;5;1;2;2;0;0;0;0;0;0;0;12;8.58;11;01:41;01:12;01:07;0;0;0;3;2.14;2;4;2.86;3;1,725;1.69;1,269;7,050;2,418;6;4.29;4;0;0;0;0;0;16 minutes;00:20;0;0;0;34%;39%;0
LORDxSUWU;2857;0;0;0;0;6%;333;118;33;0.12;33,900;11,738.75;9,765;3,297;32;11.08;0;0;0;97;33.58;33;13;3.03;0;0;0;0;0;0;0;0;0;42;14.54;16;1;3;0;2;0;0;0;0;13;0;0;5;2;2;1;2;0.69;2;0;0;0;0;35;12.11;11;03:16;01:08;00:56;0;0;0;10;3.46;3;8;2.77;3;2,341;0.88;933;15,394;5,095;12;4.15;4;0;0;0;0;0;44 minutes;01:14;0;0;0;33%;35%;58%
Lycanz;4036;0;0;0;11;5%;4,728;226;52;0.13;559,577;12,421.7;20,594;5,251;536;11.89;0;0;0;1,409;31.27;57;17;2.62;0;0;0;0;0;0;0;4;0;752;16.69;31;20;45;2;23;0;0;0;118;17;0;0;149;41;62;45;7;0.15;1;0;0;5;15;527;11.69;22;01:04:29;01:25;02:18;0;0;0;198;4.39;13;164;3.64;9;43,439;1.28;1,722;204,110;84,352;186;4.12;9;0;0;1;0;0;9 hours;01:28:45;0;0;10;41%;71%;52%
MajorCris;3262;0;0;0;8;7%;3,078;250;141;0.21;255,739;14,223.14;18,607;8,737;151;8.39;0;0;0;602;33.48;44;29;3.98;0;0;0;0;0;0;0;4;0;330;18.35;30;0;0;1;8;0;0;0;0;29;0;0;0;7;33;0;17;0.94;3;0;0;3;3;223;12.4;17;19:16;01:04;01:29;0;0;0;55;3.05;6;46;2.55;5;17,487;1.23;1,353;104,600;42,723;89;4.94;11;0;0;0;0;0;--;51:27;0;0;11;40%;100%;46%
Mano Brawl BR;4015;0;0;0;179;6%;42,355;361;149;0.18;4,122,590;13,053.42;31,621;11,113;1,998;6.32;0;0;0;11,315;35.82;91;34;5.66;0;0;0;0;0;0;0;27;0;5,755;18.22;48;62;316;15;240;0;0;0;0;34;0;0;931;216;400;315;203;0.64;3;0;0;5;64;4,107;13;48;06:15:31;01:11;04:08;0;0;0;1,300;4.11;14;968;3.06;11;309,126;1.33;2,849;1,753,292;664,795;1,561;4.94;14;0;0;0;0;0;64 hours;12:55:55;0;0;60;37%;67%;75%
Marderic;3685;0;0;0;0;5%;23;23;23;0.21;2,061;17,868.55;2,061;2,061;0;0;0;0;0;9;78.04;9;9;0;0;0;0;0;0;0;0;0;0;3;26.01;3;0;0;0;0;0;0;0;0;9;0;0;0;0;0;0;0;0;0;0;0;0;0;5;43.35;5;00:35;05:06;00:35;0;0;0;1;8.67;1;1;8.67;1;125;1.15;125;966;412;0;0;0;0;0;0;0;0;1 minute;0;0;0;0;42%;0;100%
Maxxon Charge;3705;0;0;0;22;6%;9,701;260;108;0.19;912,735;14,564.17;18,211;7,933;744;11.87;0;0;0;2,280;36.38;55;23;3.06;0;0;0;0;0;0;0;8;0;1,146;18.28;27;24;63;4;35;0;0;0;0;23;0;0;171;34;73;64;32;0.51;4;0;0;4;39;768;12.25;25;01:01:16;00:58;01:48;0;0;0;349;5.56;12;202;3.22;9;70,828;1.39;1,852;398,342;146,737;239;3.81;10;0;0;0;0;0;14 hours;02:04:17;0;0;0;36%;52%;55%
me10005;3652;0;0;0;1;11%;342;342;100;0.34;18,703;21,506.96;18,703;4,136;14;16.09;0;0;0;53;60.94;53;10;3.78;0;0;0;0;0;0;0;0;0;23;26.44;23;0;0;0;1;0;0;0;0;10;0;0;0;0;0;0;3;3.44;3;0;0;3;1;15;17.24;15;01:05;01:15;01:05;0;0;0;11;12.64;11;5;5.74;5;1,188;1.18;1,188;7,516;2,902;8;9.19;8;0;0;0;0;0;47.64489299803972 seconds;04:20;0;0;0;38%;38%;100%
Medvescek;3421;0;0;0;0;5%;321;94;29;0.16;39,865;20,941.75;12,340;3,692;32;16.81;0;0;0;76;39.92;24;9;2.37;0;0;0;0;0;0;0;1;0;43;22.58;15;1;2;0;1;0;0;0;0;9;0;0;7;1;4;1;0;0;0;0;0;3;1;36;18.91;14;03:20;01:45;00:56;0;0;0;16;8.4;6;8;4.2;3;2,433;1.23;673;14,848;6,279;12;6.3;6;0;0;0;0;0;32 minutes;03:39;0;0;0;42%;52%;41%
MercenaryXPO;4270;0;0;0;4;7%;2,553;248;93;0.21;224,913;15,647.21;19,342;9,526;134;9.32;0;0;0;539;37.49;60;20;4.02;0;0;0;0;0;0;0;2;0;287;19.96;27;5;14;0;9;0;0;0;0;20;0;0;46;13;19;14;8;0.55;2;0;0;5;10;202;14.05;23;20:55;01:27;01:45;0;0;0;94;6.53;10;59;4.1;6;18,913;1.58;1,592;86,606;35,997;56;3.89;5;0;0;0;0;0;3 hours;31:33;0;0;5;41%;57%;65%
Miss B pr3dator;2758;0;0;0;2;5%;257;150;52;0.12;28,234;9,860.43;16,595;5,847;17;5.93;0;0;0;86;30.03;53;13;5.05;0;0;0;0;0;0;0;1;0;40;13.96;25;0;3;0;3;0;0;0;0;13;0;0;5;2;1;1;0;0;0;0;0;3;2;29;10.12;26;02:12;00:46;01:39;0;0;0;10;3.49;8;9;3.14;6;2,103;1.03;1,327;14,080;4,775;10;3.49;4;0;0;0;0;0;33 minutes;02:05;0;0;0;33%;34%;100%
MisterToli X;3151;0;0;0;0;5%;391;92;58;0.16;37,096;14,306.07;11,148;2,477;41;15.81;0;0;0;81;31.23;25;8;1.97;0;0;0;0;0;0;0;1;0;37;14.26;12;2;3;0;0;0;0;0;0;8;0;0;6;2;2;2;1;0.38;1;0;0;3;1;32;12.34;13;04:51;01:52;01:04;0;0;0;6;2.31;3;4;1.54;2;3,640;1.5;884;16,342;6,950;10;3.85;4;0;0;0;0;0;40 minutes;03:10;0;0;0;42%;51%;11%
miya456;2442;0;0;0;0;9%;43;22;22;0.19;2,930;11,720.94;1,943;1,943;1;4;0;0;0;9;36;7;7;9;0;0;0;0;0;0;0;0;0;2;8;2;0;0;0;0;0;0;0;0;7;0;0;0;0;0;0;0;0;0;0;0;0;0;4;16;3;00:32;02:10;00:31;0;0;0;1;4;1;0;0;0;264;1.17;213;1,810;459;0;0;0;0;0;0;0;0;3 minutes;0;0;0;0;25%;31%;59%
Mortem;2681;0;0;0;0;4%;82;48;33;0.12;8,715;10,117.12;3,723;2,028;16;18.57;0;0;0;18;20.89;11;5;1.12;0;0;0;0;0;0;0;0;0;12;13.93;6;1;1;0;0;0;0;0;0;5;0;0;3;0;1;1;1;1.16;1;0;0;0;0;6;6.96;6;01:00;01:09;00:34;0;0;0;4;4.64;2;3;3.48;2;651;0.95;286;3,506;1,709;5;5.8;3;0;0;0;0;0;11 minutes;0;0;0;0;48%;60%;0
Newt Lev;2659;0;0;0;1;7%;254;85;78;0.16;20,726;9,300.39;6,286;4,831;21;9.42;0;0;0;54;24.23;22;17;2.57;0;0;0;0;0;0;0;0;0;29;13.01;12;2;2;0;1;0;0;0;0;17;0;0;8;2;3;3;0;0;0;0;0;0;0;20;8.97;8;03:38;01:38;01:34;0;0;0;6;2.69;2;3;1.34;1;1,612;1.06;753;9,632;3,254;13;5.83;4;0;0;0;0;0;25 minutes;07:59;0;0;1;33%;100%;24%
NGeminiN;3330;0;0;0;4;8%;2,107;446;67;0.29;148,077;14,106.38;23,863;6,640;101;9.62;0;0;0;292;27.81;43;13;2.89;0;0;0;0;0;0;0;1;0;117;11.14;20;5;10;1;5;0;0;0;0;13;0;0;38;8;24;6;3;0.28;1;0;0;3;6;117;11.14;18;14:50;01:24;02:22;0;0;0;33;3.14;7;26;2.47;5;12,201;1.68;1,700;60,474;25,653;17;1.61;4;0;0;1;0;0;2 hours;12:17;0;0;5;42%;55%;47%
No I Dont Smoke;3331;0;0;0;1;6%;470;115;33;0.13;45,758;11,206.9;11,621;2,543;54;13.22;0;0;0;113;27.67;26;9;2.09;0;0;0;0;0;0;0;0;0;56;13.71;12;2;4;1;1;0;0;0;0;9;0;0;12;5;3;4;3;0.73;1;0;0;0;0;63;15.42;18;06:23;01:33;01:38;0;0;0;10;2.44;3;13;3.18;4;5,416;1.54;1,671;19,284;7,344;8;1.95;2;0;0;0;0;0;58 minutes;02:04;0;0;0;38%;45%;27%
Noise Swaq;0;0;0;0;1;7%;316;209;83;0.22;25,455;14,310.12;15,608;6,866;15;8.43;0;0;0;76;42.72;43;17;5.06;0;0;0;0;0;0;0;0;0;43;24.17;28;0;2;0;1;0;0;0;0;17;0;0;4;1;2;1;1;0.56;1;0;0;3;1;27;15.17;15;02:22;01:19;01:25;0;0;0;7;3.93;4;5;2.81;3;2,002;1.42;874;11,628;3,982;12;6.74;9;0;0;0;0;0;23 minutes;04:37;0;0;0;34%;39%;82%
NoT x GER Beans;3390;0;0;0;0;3%;88;43;15;0.08;15,848;12,007.47;10,886;3,175;17;12.88;0;0;0;27;20.45;20;8;1.58;0;0;0;0;0;0;0;0;0;16;12.12;13;1;1;0;1;0;0;0;0;8;0;0;2;1;0;1;0;0;0;0;0;3;1;11;8.33;9;00:52;00:40;00:30;0;0;0;9;6.81;7;5;3.78;4;1,698;1.67;962;6,432;2,453;4;3.03;2;0;0;0;0;0;16 minutes;02:38;0;0;0;38%;0;44%
o Kapow;3124;0;0;0;0;4%;151;41;27;0.11;20,261;12,548.51;6,931;2,929;23;14.24;0;0;0;55;34.06;18;10;2.39;0;0;0;0;0;0;0;0;0;29;17.96;9;1;2;0;0;0;0;0;0;10;0;0;5;2;1;2;1;0.61;1;0;0;3;1;17;10.52;5;02:56;01:49;01:03;0;0;0;8;4.95;3;4;2.47;2;1,774;1.32;559;8,770;3,306;8;4.95;2;0;0;0;0;0;22 minutes;02:48;0;0;1;37%;0;19%
ObiwanKi11n00by;3672;0;0;0;1;6%;649;257;61;0.17;62,474;12,638.1;21,243;4,937;59;11.93;0;0;0;123;24.88;50;10;2.08;0;0;0;0;0;0;0;1;0;58;11.73;22;3;5;0;2;0;0;0;0;10;0;0;11;3;3;5;0;0;0;0;0;3;1;44;8.9;21;05:51;01:11;01:53;0;0;0;17;3.43;8;16;3.23;8;5,624;1.47;1,495;24,254;10,155;20;4.04;9;0;0;0;0;0;1 hour;07:28;0;0;1;41%;47%;35%
OfferedAptitude;2547;0;0;0;5;6%;1,449;174;121;0.18;126,333;12,423.1;17,373;5,497;60;5.9;0;0;0;302;29.69;50;20;5.03;0;0;0;0;0;0;0;3;0;145;14.25;24;5;10;0;5;0;0;0;0;20;0;0;34;4;18;12;4;0.39;1;0;0;3;3;139;13.66;23;15:22;01:30;02:00;0;0;0;45;4.42;6;32;3.14;5;8,463;1.1;1,281;58,130;20,728;42;4.13;7;0;0;0;0;0;2 hours;22:42;0;0;3;35%;39%;47%
Ohdyn;0;0;0;0;0;9%;791;130;88;0.22;53,930;11,156.75;10,137;3,931;44;9.1;0;0;0;204;42.2;38;14;4.63;0;0;0;0;0;0;0;1;0;87;17.99;19;0;5;0;5;0;0;0;0;14;0;0;12;4;2;6;3;0.62;1;0;0;3;1;83;17.17;18;06:58;01:26;01:26;0;0;0;17;3.51;7;13;2.68;5;4,488;1.29;815;27,262;8,334;15;3.1;6;0;0;0;0;0;57 minutes;06:46;0;0;2;30%;30%;96%
Ouijaveli;4071;0;0;0;0;4%;40;40;16;0.11;5,658;13,615.62;5,658;1,895;5;12.03;0;0;0;10;24.06;10;4;2;0;0;0;0;0;0;0;0;0;4;9.62;4;0;0;0;0;0;0;0;0;4;0;0;1;1;0;0;1;2.4;1;0;0;0;0;2;4.81;2;00:22;00:53;00:22;0;0;0;0;0;0;1;2.4;1;769;2.11;769;2,392;852;0;0;0;0;0;0;0;0;6 minutes;0;0;0;0;35%;0;0
OUT M3 RK ED;3749;0;0;0;6;8%;4,279;412;100;0.23;306,219;13,807.08;23,417;7,135;197;8.88;0;0;0;741;33.41;53;22;3.76;0;0;0;0;0;0;0;1;0;358;16.14;29;10;22;2;10;0;0;0;0;22;0;0;75;14;39;22;7;0.31;2;0;0;3;9;303;13.66;28;32:43;01:28;01:52;0;0;0;110;4.95;8;67;3.02;6;21,065;1.18;1,316;143,820;49,429;92;4.14;9;0;0;1;0;0;4 hours;33:51;0;0;9;34%;51%;44%
Overwatch DVa;3088;0;0;0;0;3%;31;31;17;0.11;6,048;24,897.14;6,048;2,396;4;16.46;0;0;0;8;32.93;8;3;2;0;0;0;0;0;0;0;0;0;1;4.11;1;0;0;0;0;0;0;0;0;3;0;0;1;1;0;0;0;0;0;0;0;0;0;2;8.23;2;00:20;01:25;00:20;0;0;0;2;8.23;2;0;0;0;361;1.35;361;2,014;881;0;0;0;0;0;0;0;0;4 minutes;0;0;0;0;43%;0;0
Overwatch Newb;3009;0;0;0;1;4%;246;246;43;0.16;32,281;32,281.12;32,281;4,654;17;17;0;0;0;100;100;100;16;5.88;0;0;0;0;0;0;0;0;0;61;61;61;1;1;0;0;0;0;0;0;16;0;0;4;0;3;1;4;4;4;0;0;0;0;54;54;54;04:37;04:37;04:37;0;0;0;16;16;16;9;9;9;1,779;1.2;1,779;13,498;5,207;26;26;26;0;0;0;0;0;24 minutes;13:40;0;0;0;38%;38%;0
para138;3000;0;0;0;1;7%;293;229;41;0.2;22,935;16,262.36;16,389;2,355;15;10.63;0;0;0;81;57.43;55;8;5.4;0;0;0;0;0;0;0;0;0;50;35.45;37;0;1;0;1;0;0;0;0;8;0;0;5;1;3;1;0;0;0;0;0;0;0;39;27.65;27;02:14;01:35;01:37;0;0;0;10;7.09;8;6;4.25;5;1,314;0.91;1,158;8,978;3,669;20;14.18;14;0;0;0;0;0;23 minutes;03:55;0;0;1;40%;43%;100%
Per;2989;0;0;0;0;5%;42;42;33;0.17;3,915;14,303.73;3,915;3,229;4;14.61;0;0;0;4;14.61;4;4;1;0;0;0;0;0;0;0;0;0;4;14.61;4;0;0;0;0;0;0;0;0;4;0;0;1;1;0;1;0;0;0;0;0;0;0;0;0;0;00:04;00:17;00:04;0;0;0;1;3.65;1;1;3.65;1;317;1.32;317;1,614;722;4;14.61;4;0;0;0;0;0;3 minutes;0;0;0;0;44%;0;100%
Ponders;3669;0;0;0;0;9%;607;183;52;0.18;495;3,229.73;495;495;2;13.04;1;6;1;98;24.17;32;16;1.6;0;0;0;0;0;0;0;0;0;40;9.86;16;0;0;0;0;486;2,973;486;260;16;0;0;0;0;0;0;0;0;0;0;0;3;3;41;10.11;22;00:02;00:13;00:02;0;0;0;17;4.19;6;5;1.23;2;47;0.32;47;37;5;8;1.97;3;0;0;0;0;0;1 minute;05:10;0;0;0;13%;37%;91%
Pook;3668;0;0;0;0;4%;26;20;10;0.16;2,586;15,283.91;2,355;1,098;3;17.73;0;0;0;6;35.46;6;5;2;0;0;0;0;0;0;0;0;0;4;23.64;4;0;0;0;0;0;0;0;0;5;0;0;1;0;1;0;0;0;0;0;0;0;0;4;23.64;4;00:31;03:06;00:23;0;0;0;1;5.91;1;0;0;0;293;1.85;237;1,202;559;0;0;0;0;0;0;0;0;2 minutes;00:08;0;0;0;46%;51%;75%
POuPOuNeISbAcK;3409;0;0;0;3;4%;1,153;205;47;0.13;137,192;12,479.46;19,299;4,940;4;12.23;1;3;1;367;33.38;46;17;2.98;0;0;0;0;0;0;0;1;0;160;14.55;23;0;0;0;5;2,773;8,482;2,773;1,430;17;0;0;1;0;0;7;3;0.27;1;0;0;3;3;153;13.91;22;00:00;00:01;00:00;2;6;2;41;3.72;7;25;2.27;5;224;0.73;224;77,124;24,262;37;3.36;6;0;0;1;0;0;5 minutes;13:36;0;0;4;31%;34%;45%
PRAXIS UnLeashD;3914;0;0;0;0;5%;324;95;34;0.14;37,152;14,641.57;8,465;4,637;32;12.61;0;0;0;76;29.95;18;9;2.37;0;0;0;0;0;0;0;0;0;36;14.18;11;2;3;0;0;0;0;0;0;9;0;0;8;1;5;2;2;0.78;1;0;0;0;0;35;13.79;9;04:06;01:37;01:14;0;0;0;6;2.36;2;9;3.54;3;2,951;1.3;1,113;14,126;5,870;11;4.33;4;0;0;0;0;0;37 minutes;01:57;0;0;0;41%;66%;9%
Prunester;3701;0;0;0;50;7%;11,787;267;107;0.22;1,024,120;13,305.41;20,326;8,305;551;7.15;0;0;0;3,203;41.61;65;37;5.81;0;0;0;0;0;0;0;11;0;1,620;21.04;34;10;77;1;65;0;0;0;0;37;0;0;241;56;116;69;9;0.11;3;0;0;5;59;1,017;13.21;24;01:24:36;01:05;02:16;0;0;0;369;4.79;11;235;3.05;8;45,933;0.85;1,688;407,178;161,319;300;3.89;10;0;0;2;0;0;14 hours;03:08:13;0;0;10;39%;58%;84%
qosh;3520;0;0;0;0;5%;176;50;28;0.14;18,646;9,992.17;5,427;3,082;15;8.03;0;0;0;34;18.21;12;7;2.26;0;0;0;0;0;0;0;0;0;18;9.64;6;1;2;1;0;0;0;0;0;7;0;0;6;2;2;2;0;0;0;0;0;0;0;11;5.89;5;01:30;00:48;00:32;0;0;0;3;1.6;2;4;2.14;1;2,289;1.84;601;7,714;3,118;6;3.21;3;0;0;0;0;0;20 minutes;04:15;0;0;0;40%;40%;3%
QuantumPlanck;2606;0;0;0;19;4%;4,724;265;79;0.11;540,397;10,948.11;31,546;7,773;391;7.92;0;0;0;1,554;31.48;65;22;3.97;0;0;0;0;0;0;0;2;0;644;13.04;28;26;49;1;23;0;0;0;0;22;0;0;148;44;55;49;14;0.28;2;0;0;3;16;789;15.98;46;01:23:55;01:42;04:26;0;0;0;135;2.73;9;94;1.9;8;46,409;1.13;2,192;355,376;101,626;142;2.87;9;0;0;1;0;0;11 hours;01:00:53;0;0;25;28%;40%;45%
Rahazlium;3379;0;0;0;0;7%;78;44;44;0.28;4,833;6,385.38;2,307;1,829;3;3.96;0;0;0;11;14.53;4;4;3.66;0;0;0;0;0;0;0;0;0;7;9.24;3;1;1;0;0;0;0;0;0;4;0;0;3;0;2;1;1;1.32;1;0;0;0;0;5;6.6;3;00:38;00:50;00:20;0;0;0;1;1.32;1;1;1.32;1;631;2.3;351;2,214;1,011;3;3.96;1;0;0;0;0;0;4 minutes;00:38;0;0;0;45%;51%;33%
Reinforg;4005;0;0;0;0;11%;621;247;101;0.29;32,317;12,500.48;14,119;3,863;21;8.12;0;0;0;102;39.45;48;15;4.85;0;0;0;0;0;0;0;1;0;34;13.15;13;1;3;0;2;0;0;0;0;15;0;0;8;5;1;3;0;0;0;0;0;4;1;22;8.5;10;01:36;00:37;00:48;0;0;0;9;3.48;5;7;2.7;4;2,230;1.05;1,038;16,222;5,301;3;1.16;3;0;0;0;0;0;35 minutes;01:40;0;0;0;32%;36%;77%
Repure;4125;0;0;0;4;7%;1,700;255;69;0.19;146,303;15,198.78;22,633;4,930;125;12.98;0;0;0;398;41.34;79;16;3.18;0;0;0;0;0;0;0;3;0;194;20.15;33;4;10;0;5;0;0;0;0;16;0;0;34;10;17;7;8;0.83;2;0;0;3;4;154;15.99;30;13:40;01:25;02:02;0;0;0;56;5.81;10;38;3.94;6;11,931;1.4;1,945;60,568;22,597;55;5.71;10;0;0;0;0;0;2 hours;31:58;0;0;3;37%;58%;56%
rG WH1TE WINDU;3285;0;0;0;0;7%;286;100;32;0.2;22,307;15,168.38;6,718;2,728;18;12.23;0;0;0;47;31.95;20;11;2.61;0;0;0;0;0;0;0;0;0;17;11.55;7;1;1;0;0;0;0;0;0;11;0;0;6;3;1;1;0;0;0;0;0;3;2;25;16.99;12;05:34;03:47;01:36;0;0;0;10;6.79;6;6;4.07;2;2,438;1.75;1,030;10,962;3,919;4;2.71;2;0;0;0;0;0;23 minutes;05:44;0;0;0;35%;0;20%
Rodney2210;2983;0;0;0;0;6%;170;66;44;0.16;14,358;12,885.96;4,674;2,078;20;17.94;0;0;0;24;21.53;7;4;1.2;0;0;0;0;0;0;0;0;0;9;8.07;3;1;1;0;0;0;0;0;0;4;0;0;3;2;1;1;0;0;0;0;0;0;0;11;9.87;3;01:58;01:46;00:36;0;0;0;2;1.79;2;0;0;0;2,050;2.02;722;7,924;2,645;2;1.79;2;0;0;0;0;0;16 minutes;0;0;0;0;33%;47%;27%
Sakaine08;2840;0;0;0;0;7%;319;177;46;0.19;25,654;16,218.33;15,052;2,900;31;19.59;0;0;0;61;38.56;35;9;1.96;0;0;0;0;0;0;0;0;0;35;22.12;22;2;2;0;0;0;0;0;0;9;0;0;4;1;2;2;2;1.26;1;0;0;0;0;13;8.21;7;01:05;00:41;00:37;0;0;0;7;4.42;5;4;2.52;3;2,482;1.49;1,325;9,978;4,113;16;10.11;8;0;0;0;0;0;27 minutes;04:56;0;0;0;41%;45%;0
Scuffs;4155;0;0;0;2;6%;728;190;53;0.19;71,158;15,483.1;16,204;4,176;56;12.18;0;0;0;169;36.77;36;11;3.01;0;0;0;0;0;0;0;1;0;80;17.4;20;2;5;0;2;0;0;0;0;11;0;0;15;3;7;5;0;0;0;0;0;4;4;65;14.14;14;08:05;01:45;01:48;0;0;0;23;5;8;13;2.82;3;4,990;1.3;1,063;29,810;11,826;9;1.95;4;0;0;0;0;0;1 hour;12:41;0;0;0;39%;55%;53%
Shes My Nerd;3000;0;0;0;0;7%;59;53;53;0.23;3,763;13,116.77;2,991;2,991;3;10.45;0;0;0;5;17.42;5;5;1.66;0;0;0;0;0;0;0;0;0;3;10.45;3;0;0;0;0;0;0;0;0;5;0;0;1;1;0;0;0;0;0;0;0;0;0;1;3.48;1;00:20;01:09;00:12;0;0;0;1;3.48;1;1;3.48;1;318;1.26;181;2,030;835;1;3.48;1;0;0;0;0;0;4 minutes;0;0;0;0;41%;59%;75%
Shmedium Undies;0;0;0;0;0;5%;58;51;24;0.16;6,631;14,489.33;6,001;2,654;6;13.1;0;0;0;14;30.58;12;5;2.33;0;0;0;0;0;0;0;1;0;4;8.73;4;0;0;0;0;0;0;0;0;5;0;0;1;0;1;0;0;0;0;0;0;0;0;4;8.73;2;00:10;00:22;00:06;0;0;0;1;2.18;1;2;4.36;2;367;1.03;296;2,782;1,038;1;2.18;1;0;0;0;0;0;5 minutes;01:05;0;0;0;37%;0;17%
Sinature;3736;0;0;0;0;7%;44;44;44;0.26;4,334;22,383.43;4,334;4,334;0;0;0;0;0;11;56.81;11;11;0;0;0;0;0;0;0;0;0;0;4;20.65;4;0;0;0;0;0;0;0;0;11;0;0;0;0;0;1;0;0;0;0;0;0;0;6;30.98;6;00:51;04:27;00:51;0;0;0;1;5.16;1;1;5.16;1;271;1.66;271;2,042;611;0;0;0;0;0;0;0;0;4.995803004130721 seconds;01:28;0;0;0;29%;0;100%
SirJamesParker;4540;0;0;0;15;6%;4,534;246;86;0.19;435,414;15,864.31;20,547;6,966;312;11.36;0;0;0;1,032;37.6;58;20;3.3;0;0;0;0;0;0;0;3;0;574;20.91;37;12;27;0;16;0;0;0;0;20;0;0;89;17;47;26;33;1.2;5;0;0;4;17;334;12.16;36;40:00;01:27;04:36;0;0;0;151;5.5;13;83;3.02;5;37,967;1.59;1,872;163,316;69,681;126;4.59;10;0;0;1;0;0;6 hours;01:13:58;0;0;11;42%;54%;56%
slysamm;0;0;0;0;0;9%;118;118;66;0.21;7,215;13,486.15;7,215;2,696;7;13.08;0;0;0;15;28.03;15;8;2.14;0;0;0;0;0;0;0;0;0;4;7.47;4;1;1;0;1;0;0;0;0;8;0;0;1;1;0;1;0;0;0;0;0;0;0;3;5.6;3;00:28;00:52;00:28;0;0;0;2;3.73;2;1;1.86;1;705;1.27;705;3,480;1,249;3;5.6;3;0;0;0;0;0;9 minutes;00:48;0;0;0;35%;0;100%
SoLo Glitch;0;0;0;0;0;9%;135;64;42;0.22;10,299;15,317.51;5,317;2,283;7;10.41;0;0;0;31;46.1;14;8;4.42;0;0;0;0;0;0;0;0;0;12;17.84;5;0;1;0;0;0;0;0;0;8;0;0;1;1;0;0;0;0;0;0;0;0;0;13;19.33;7;01:29;02:12;00:58;0;0;0;5;7.43;3;1;1.48;1;722;1.19;321;4,826;1,470;7;10.41;3;0;0;1;0;0;10 minutes;01:28;0;0;6;30%;32%;33%
SQ1B;3231;0;0;0;0;4%;59;56;18;0.11;8,776;12,501.74;8,590;2,912;9;12.82;0;0;0;16;22.79;16;6;1.77;0;0;0;0;0;0;0;0;0;6;8.54;6;1;1;0;0;0;0;0;0;6;0;0;3;1;1;1;0;0;0;0;0;0;0;9;12.82;9;00:59;01:24;00:53;0;0;0;1;1.42;1;2;2.84;2;756;1.41;647;3,360;1,441;2;2.84;2;0;0;0;0;0;8 minutes;0;0;0;0;42%;0;0
SupaNoobGuy;3813;0;0;0;47;6%;13,279;313;91;0.17;1,363,581;16,716.26;32,657;7,957;1,067;13.08;0;0;0;3,435;42.1;81;21;3.21;0;0;0;0;0;0;0;26;0;2,095;25.68;51;38;82;2;41;0;0;0;35;21;0;0;251;41;150;59;10;0.12;2;0;0;5;27;1,195;14.64;48;01:40:50;01:14;03:32;0;0;0;450;5.51;17;323;3.95;9;100,436;1.35;3,135;500,474;211,662;602;7.37;20;0;0;3;0;0;20 hours;04:20:23;0;0;21;42%;59%;50%
thats my sock;4090;0;0;0;2;8%;946;298;73;0.22;64,331;15,912.59;17,451;6,231;46;11.37;0;0;0;203;50.21;72;17;4.41;0;0;0;0;0;0;0;1;0;88;21.76;28;2;4;1;2;0;0;0;0;17;0;0;13;3;5;5;4;0.98;3;0;0;4;3;87;21.51;32;08:13;02:02;02:44;0;0;0;28;6.92;7;15;3.71;7;6,152;1.45;1,462;35,002;11,030;10;2.47;5;0;0;0;0;0;1 hour;10:56;0;0;1;31%;37%;40%
thirtythree au;3634;0;0;0;0;7%;93;93;28;0.18;8,136;13,856.59;8,136;2,255;7;11.92;0;0;0;14;23.84;14;6;2;0;0;0;0;0;0;0;0;0;9;15.32;9;1;1;0;0;0;0;0;0;6;0;0;1;1;0;1;0;0;0;0;0;0;0;3;5.1;3;00:33;00:57;00:33;0;0;0;3;5.1;3;4;6.81;4;512;1.03;512;2,782;1,189;1;1.7;1;0;0;0;0;0;8 minutes;00:04;0;0;0;42%;42%;0
Trash Like Me;2600;0;0;0;0;3%;119;59;15;0.08;18,949;10,165.8;8,876;2,561;19;10.19;0;0;0;54;28.96;39;10;2.84;0;0;0;0;0;0;0;0;0;28;15.02;22;0;2;0;1;0;0;0;0;10;0;0;5;3;1;0;0;0;0;0;0;0;0;26;13.94;19;02:04;01:06;01:00;0;0;0;7;3.75;5;2;1.07;1;1,221;0.87;467;12,106;3,482;7;3.75;5;0;0;0;0;0;23 minutes;04:40;0;0;0;28%;28%;73%
Truck555;3000;0;0;0;1;5%;1,683;136;69;0.12;176,587;10,083.12;13,290;5,232;222;12.67;0;0;0;450;25.69;41;16;2.02;0;0;0;0;0;0;0;4;0;222;12.67;27;10;18;0;7;0;0;0;0;16;0;0;42;12;12;17;5;0.28;1;0;0;3;2;149;8.5;17;16:44;00:57;01:52;0;0;0;69;3.93;8;44;2.51;5;16,775;1.27;922;83,980;28,087;77;4.39;14;0;0;0;0;0;3 hours;16:10;0;0;6;33%;45%;42%
TzTM;3759;0;0;0;0;6%;283;163;58;0.15;27,045;11,386.17;13,367;2,794;29;12.2;0;0;0;66;27.78;29;6;2.27;0;0;0;0;0;0;0;0;0;28;11.78;18;2;2;0;1;0;0;0;0;6;0;0;5;2;1;1;0;0;0;0;0;3;1;24;10.1;10;02:48;01:10;01:01;0;0;0;11;4.63;5;7;2.94;4;1,880;1.01;935;10,982;4,215;6;2.52;4;0;0;0;0;0;30 minutes;01:54;0;0;0;38%;43%;31%
Vexualy;4256;0;0;0;1;6%;781;141;57;0.15;75,269;12,442.91;13,706;5,758;61;10.08;0;0;0;193;31.9;37;13;3.16;0;0;0;0;0;0;0;2;0;99;16.36;22;1;6;0;5;0;0;0;0;13;0;0;19;2;7;10;0;0;0;0;0;4;3;63;10.41;14;06:44;01:06;01:03;0;0;0;30;4.95;9;13;2.14;4;6,659;1.35;1,143;34,838;12,971;26;4.29;7;0;0;0;0;0;1 hour;09:39;0;0;0;37%;44%;76%
Visper;3744;0;0;0;1;8%;51;33;33;0.18;725;9,390.74;725;725;4;6.79;0;0;0;1;12.95;1;1;1.75;0;0;0;0;0;0;0;0;0;5;8.49;4;0;0;0;0;0;0;0;0;1;0;0;0;0;0;0;0;0;0;0;0;0;0;1;1.69;1;00:04;00:08;00:03;0;0;0;1;1.69;1;2;3.39;2;283;1.04;154;23;7;2;3.39;2;0;0;0;0;0;40.672142011113465 seconds;0;0;0;0;30%;39%;0
vKure;4372;0;0;0;6;6%;1,731;123;67;0.15;186,600;13,932.09;12,666;8,309;148;11.05;0;0;0;492;36.73;41;16;3.32;0;0;0;0;0;0;0;1;0;278;20.75;25;5;13;1;8;0;0;0;0;16;0;0;44;15;15;14;1;0.07;1;0;0;4;8;185;13.81;25;23:21;01:44;02:39;0;0;0;57;4.25;5;36;2.68;5;15,274;1.38;1,201;76,048;28,548;55;4.1;6;0;0;0;0;0;3 hours;38:04;0;0;3;37%;61%;62%
Wavy as;3466;0;0;0;0;4%;48;29;14;0.11;6,997;18,423.11;5,108;1,328;9;23.69;0;0;0;15;39.49;11;4;1.66;0;0;0;0;0;0;0;1;0;9;23.69;6;0;0;0;0;0;0;0;0;4;0;0;1;0;0;1;1;2.63;1;0;0;0;0;7;18.43;7;00:46;02:01;00:41;0;0;0;1;2.63;1;0;0;0;586;1.42;307;2,964;1,197;1;2.63;1;0;0;0;0;0;6 minutes;0;0;0;0;40%;41%;0%
Weed iHunt;3118;0;0;0;0;4%;65;65;18;0.12;9,536;21,682.33;8,846;4,359;6;13.64;0;0;0;14;31.83;14;7;2.33;0;0;0;0;0;0;0;0;0;8;18.18;8;0;0;0;0;0;0;0;0;7;0;0;1;0;1;0;0;0;0;0;0;0;0;2;4.54;2;00:59;02:14;00:43;0;0;0;2;4.54;2;1;2.27;1;609;1.13;550;4,254;1,428;2;4.54;2;0;0;0;0;0;8 minutes;0;0;0;0;33%;48%;85%
WELSHMANIA;4228;0;0;0;0;11%;78;42;22;0.23;4,404;5,190.66;2,778;2,028;6;7.07;0;0;0;8;9.42;5;3;1.33;0;0;0;0;0;0;0;0;0;5;5.89;3;1;1;0;0;0;0;0;0;3;0;0;3;0;2;1;0;0;0;0;0;0;0;5;5.89;3;00:33;00:39;00:10;0;0;0;0;0;0;1;1.17;1;804;2.37;255;1,690;679;1;1.17;1;0;0;0;0;0;5 minutes;00:22;0;0;1;40%;53%;0%
Westside Ryderz;3000;0;0;0;0;2%;31;31;16;0.05;5,714;3,850.55;5,658;2,793;6;4.04;0;0;0;5;3.36;4;3;0.83;0;0;0;0;0;0;0;0;0;0;0;0;1;1;0;0;0;0;0;0;3;0;0;5;0;3;1;0;0;0;0;0;0;0;1;0.67;1;00:48;00:32;00:43;0;0;0;1;0.67;1;0;0;0;655;1.07;564;3,068;1,193;1;0.67;1;0;0;0;0;0;10 minutes;0;0;0;0;38%;41%;22%
Whos Riven;3730;0;0;0;2;40%;2;2;2;0.08;246;5,024.92;246;246;1;20.42;0;0;0;1;20.42;1;1;1;0;0;0;0;0;0;0;1;0;43;12.29;13;0;0;0;1;0;0;0;0;1;0;0;0;1;0;0;1;0.28;1;0;0;0;0;24;6.86;6;03:43;01:03;01:02;0;0;0;13;3.71;4;9;2.57;2;3,705;1.42;658;6;5;14;4;5;0;0;0;0;0;24.705259018577635 seconds;05:00;0;0;0;83%;43%;41%
Wookiee Steve;0;0;0;0;1;3%;46;28;23;0.06;8,078;8,451.04;4,357;3,216;2;2.09;0;0;0;26;27.2;17;10;13;0;0;0;0;0;0;0;0;0;9;9.41;5;0;1;0;1;0;0;0;0;10;0;0;3;1;1;1;0;0;0;0;0;0;0;16;16.73;12;01:09;01:13;00:55;0;0;0;1;1.04;1;2;2.09;1;477;0.71;332;3,754;1,403;2;2.09;1;0;0;0;0;0;11 minutes;00:08;0;0;0;37%;41%;100%
WSXRQ;3000;0;0;0;0;5%;66;45;17;0.08;7,749;7,340.04;5,873;1,649;8;7.57;0;0;0;23;21.78;16;7;2.87;0;0;0;0;0;0;0;0;0;11;10.42;8;1;1;0;0;0;0;0;0;7;0;0;2;1;0;1;0;0;0;0;0;0;0;9;8.52;7;00:57;00:54;00:33;0;0;0;3;2.84;2;1;0.94;1;543;0.71;433;4,174;1,174;0;0;0;0;0;0;0;0;12 minutes;0;0;0;0;28%;27%;22%
Wxnderful;4566;0;0;0;0;6%;75;75;26;0.14;7,958;14,416.79;7,958;3,280;7;12.68;0;0;0;14;25.36;14;9;2;0;0;0;0;0;0;0;0;0;10;18.11;10;0;0;0;0;95;2,805;95;95;9;0;0;0;1;0;0;0;0;0;0;0;0;0;4;7.24;4;00:40;01:13;00:40;0;0;0;4;7.24;4;3;5.43;3;95;3.69;95;2,960;1,208;2;3.62;2;0;0;0;0;0;25.6297230059281 seconds;01:01;0;0;0;40%;40%;0
Xandoid;3063;0;0;0;0;4%;70;70;70;0.15;6,696;13,663.96;6,696;6,696;1;2.04;0;0;0;19;38.76;19;19;19;0;0;0;0;0;0;0;0;0;9;18.36;9;0;0;0;0;0;0;0;0;19;0;0;1;0;0;1;0;0;0;0;0;3;1;5;10.2;5;00:54;01:50;00:53;0;0;0;3;6.12;3;2;4.08;2;553;1.19;553;3,740;1,518;4;8.16;4;0;0;0;0;0;7 minutes;00:50;0;0;0;40%;0;94%
xEpk;0;0;0;0;6;6%;836;240;106;0.18;78,291;10,668.63;24,110;5,108;34;4.63;0;0;0;262;35.7;58;21;7.7;0;0;0;0;0;0;0;0;0;166;22.62;38;2;7;0;5;0;0;0;0;21;0;0;25;3;16;6;8;1.09;3;0;0;3;3;104;14.17;29;08:29;01:09;01:50;0;0;0;35;4.76;11;20;2.72;9;4,873;1.06;1,243;32,538;12,135;48;6.54;11;0;0;0;0;0;1 hour;18:26;0;0;5;37%;43%;72%
xHAZ4RDZx;3383;0;0;0;0;7%;68;30;24;0.13;6,027;7,631.11;3,159;1,476;11;13.92;0;0;0;10;12.66;4;2;0.9;0;0;0;0;0;0;0;0;0;6;7.59;2;1;1;0;0;0;0;0;0;2;0;0;1;1;0;1;0;0;0;0;0;0;0;2;2.53;1;00:33;00:42;00:16;0;0;0;1;1.26;1;0;0;0;564;1.12;258;2,648;933;2;2.53;1;0;0;0;0;0;8 minutes;0;0;0;0;35%;47%;0
Xion;0;0;0;0;0;5%;68;52;14;0.08;7,629;5,573.41;5,044;1,817;18;13.15;0;0;0;18;13.15;11;6;1;0;0;0;0;0;0;0;0;0;11;8.03;7;1;1;0;0;0;0;0;0;6;0;0;4;1;2;1;0;0;0;0;0;0;0;2;1.46;1;00:12;00:09;00:08;0;0;0;4;2.92;2;0;0;0;666;0.8;484;3,766;1,321;6;4.38;4;0;0;0;0;0;13 minutes;00:33;0;0;7;35%;37%;26%
xPMoney7;3055;0;0;0;1;8%;356;151;51;0.22;26,381;10,005.18;9,200;2,641;18;6.82;0;0;0;65;24.65;35;13;3.61;0;0;0;0;0;0;0;1;0;28;10.61;11;1;3;0;2;0;0;0;0;13;0;0;4;1;3;0;2;0.75;1;0;0;0;0;25;9.48;12;02:32;00:57;01:19;0;0;0;5;1.89;3;7;2.65;2;2,773;1.75;1,071;13,112;4,423;5;1.89;3;0;0;0;0;0;26 minutes;04:52;0;0;0;33%;37%;56%
XxScourgexX1;2567;0;0;0;0;14%;18;18;18;0.18;1,239;12,583.59;1,239;1,239;0;0;0;0;0;7;71.08;7;7;0;0;0;0;0;0;0;0;0;0;3;30.46;3;0;0;0;0;0;0;0;0;7;0;0;0;0;0;0;0;0;0;0;0;0;0;4;40.62;4;00:10;01:41;00:10;0;0;0;1;10.15;1;0;0;0;404;4.16;404;506;123;0;0;0;0;0;0;0;0;1 minute;0;0;0;0;24%;24%;100%
XxThaigaxX;2414;0;0;0;0;6%;74;74;19;0.12;6,674;6,674.3;6,674;1,722;10;10;0;0;0;15;15;15;6;1.5;0;0;0;0;0;0;0;1;0;7;7;7;1;1;0;0;0;0;0;0;6;0;0;4;0;3;1;0;0;0;0;0;0;0;10;10;10;01:48;01:48;01:48;0;0;0;2;2;2;1;1;1;532;0.92;532;4,334;1,228;2;2;2;0;0;0;0;0;9 minutes;0;0;0;0;28%;28%;0
yoyohurricanes;4301;0;0;0;0;8%;121;68;30;0.17;8,938;11,553.11;5,559;2,383;8;10.34;0;0;0;24;31.02;16;6;3;0;0;0;0;0;0;0;0;0;12;15.51;8;0;1;0;0;0;0;0;0;6;0;0;4;1;1;1;0;0;0;0;0;0;0;13;16.8;10;01:35;02:02;01:13;0;0;0;2;2.58;2;0;0;0;834;1.21;428;3,412;1,481;2;2.58;2;0;0;0;0;0;11 minutes;00:54;0;0;0;43%;47%;40%
ySaiL;0;0;0;0;5;8%;540;170;103;0.27;40,280;10,069.92;14,314;5,707;10;2.5;0;0;0;126;31.5;37;16;12.6;0;0;0;0;0;0;0;0;0;65;16.25;21;0;4;0;4;0;0;0;0;16;0;0;10;1;7;2;1;0.25;1;0;0;3;1;19;4.75;8;01:34;00:23;00:41;0;0;0;15;3.75;7;12;3;3;2,208;1.13;982;15,768;6,604;12;3;4;0;0;0;0;0;32 minutes;05:53;0;0;0;41%;50%;100%
ZanderzHD;3851;0;0;0;1;6%;223;139;41;0.17;21,088;10,544.09;11,097;3,837;15;7.5;0;0;0;61;30.5;33;10;4.06;0;0;0;0;0;0;0;1;0;32;16;19;0;2;0;2;0;0;0;0;10;0;0;6;1;4;1;1;0.5;1;0;0;0;0;27;13.5;21;02:36;01:18;01:46;0;0;0;8;4;5;3;1.5;2;1,572;1.25;999;9,076;3,561;2;1;2;0;0;0;0;0;20 minutes;02:40;0;0;0;39%;46%;100%
Zigo;0;0;0;0;2;7%;707;214;80;0.21;56,705;15,318.1;18,511;7,170;19;5.13;0;0;0;145;39.16;45;25;7.63;0;0;0;0;0;0;0;0;0;59;15.93;22;1;4;1;2;0;0;0;0;25;0;0;9;4;3;2;0;0;0;0;0;3;1;60;16.2;20;05:04;01:22;01:25;0;0;0;16;4.32;6;8;2.16;3;2,849;0.88;994;23,064;10,067;13;3.51;7;0;0;0;0;0;53 minutes;05:20;0;0;0;43%;49%;45%
