Username;SR;Recon Kills;Sentry Kills;Tank Kills;Sentry Kills - Most in Game;Recon Kills - Most in Game;Tank Kills - Most in Game;Melee Final Blow - Most in Game;Tank Kills - Average;Sentry Kills - Average;Recon Kills - Average;Eliminations;Final Blows;Solo Kills;Shots Fired;Shots Hit;Critical Hits;Damage Done;Objective Kills;Multikills;Environmental Kills;Melee Final Blows;Critical Hits;Critical Hits per Minute;Critical Hit Accuracy;Eliminations per Life;Weapon Accuracy;Healing Done;Teleporter Pads Destroyed;Turret Destroyed;Self Healing;Eliminations - Most in Life;Damage Done - Most in Life;Healing Done - Most in Life;Weapon Accuracy - Best in Game;Kill Streak - Best;Damage Done - Most in Game;Healing Done - Most in Game;Eliminations - Most in Game;Final Blows - Most in Game;Objective Kills - Most in Game;Objective Time - Most in Game;Solo Kills - Most in Game;Critical Hits - Most in Game;Critical Hits - Most in Life;Self Healing - Most in Game;Melee Final Blows - Average;Self Healing - Average;Deaths - Average;Solo Kills - Average;Objective Time - Average;Objective Kills - Average;Healing Done - Average;Final Blows - Average;Eliminations - Average;Damage Done - Average;Deaths;Environmental Death;Medals - Bronze;Medals - Silver;Medals - Gold;Medals;Cards;Time Played;Games Played;Games Won;Objective Time;Time Spent on Fire;Win Percentage;Multikill - Best;Games Tied;Games Lost;
A Camping Cat;0;190;358;113;17;9;6;1;4.68;14.85;7.88;661;384;87;78,751;25,053;1,594;462,753;261;3;;5;1,594;0.08;6%;2.4;31%;28,971;;;28,971;13;7,434;1,092;56%;13;18,689;1,636;25;14;21;04:21;5;73;31;1,636;0.2;1.49;11.4;3.6;01:23;10.82;1,201.92;15.93;27.42;19,198.55;275;;19;24;28;71;9;5 hours;24;11;33:22;30:00;46%;4;1;12;
A Chill Lamp;4319;7;15;5;13;6;4;;3.98;11.96;5.58;27;16;4;4,405;1,267;106;22,484;8;;;;106;0.14;8%;1.92;28%;221;;;221;7;7,004;130;28%;7;17,990;130;23;13;8;00:10;3;84;25;130;;0.29;11.17;3.19;00:08;6.38;176.11;12.76;21.54;17,940.7;14;;;2;1;3;;12 minutes;1;1;00:10;00:40;100%;
Abdul Ahkbar;0;29;109;20;15;4;3;1;2.44;13.33;3.54;158;97;32;27,162;6,837;424;117,645;52;;;;424;0.07;6%;1.79;25%;6,366;;;6,366;11;12,380;556;43%;11;15,133;556;17;11;8;00:38;5;68;51;556;0.12;1.13;10.76;3.91;00:18;6.36;778.55;11.86;19.32;14,388.87;88;;6;9;8;22;;1 hour;8;3;02:30;02:33;30%;;0;5;
Accel N6;3431;133;427;55;28;11;6;1;2.57;20.01;6.23;615;381;89;88,259;24,075;1,424;381,328;218;6;;;1,424;0.09;5%;2.74;27%;17,849;;;17,849;19;10,143;1,110;50%;19;26,310;1,773;37;23;22;02:53;10;90;56;1,773;0.04;1.14;10.49;4.17;00:26;10.21;836.63;17.85;28.82;17,873.96;224;;22;15;36;72;13;4 hours;21;9;09:25;51:54;40%;4;3;10;
AceSilver143;0;2;27;6;9;;2;;3.76;16.94;1.25;35;23;6;6,195;1,777;99;26,832;10;;;;99;0.07;5%;1.75;28%;830;;;830;8;6,526;235;52%;8;11,116;284;11;8;4;00:12;2;29;21;284;;0.59;12.55;3.76;00:11;6.27;521.1;14.43;21.96;16,837.08;20;;2;1;1;3;;23 minutes;2;;00:18;00:41;;3;0;1;
Agro;2682;;2;;2;;;;;26.88;13.44;3;2;;278;68;4;691;;;;;4;0.05;5%;1.5;24%;213;;;213;2;586;213;;2;691;213;3;2;;;;4;3;213;;2.74;26.88;13.44;;;2,866.97;26.88;40.32;9,282.82;2;;0;0;;0;;1 minute;0;;;;;;;0;
Alcy;3952;3;2;;2;3;;;2.04;4.09;6.13;6;3;;1,161;469;23;6,513;;;;;23;0.07;4%;1.5;40%;488;;;488;3;2,339;271;40%;3;6,513;488;6;3;;00:04;;23;12;488;;1.56;8.18;2.04;00:09;2.04;999.02;6.13;12.27;13,322.26;4;;;0;0;1;;5 minutes;0;0;00:04;;100%;
AlwazeUlty;2676;15;109;8;21;4;5;;1.52;20.8;2.86;132;81;26;24,786;6,197;367;90,726;52;;;;367;0.08;5%;1.88;25%;1,822;;;1,822;9;7,767;440;33%;9;19,178;627;24;14;14;00:46;5;75;50;627;;0.43;13.36;4.96;00:13;9.92;347.65;15.45;25.19;17,315.66;70;;4;3;2;8;2;1 hour;5;2;01:12;06:06;46%;5;0;2;
aR CoSMo;0;;4;2;3;;2;;4.22;8.44;2.11;7;6;2;2,423;536;34;8,153;2;;;;34;0.09;6%;2.33;22%;;;;;6;6,987;;0%;6;6,987;;6;5;;;2;34;34;;;;6.33;4.22;;4.22;;12.67;14.78;17,220.35;3;;0;0;0;1;;6 minutes;0;0;;00:52;38%;;;0;
Asco HD;2602;42;169;21;19;7;6;1;2.31;18.6;4.62;232;151;50;28,686;8,837;451;135,687;90;;;;451;0.06;5%;4.14;30%;8,542;;;8,542;20;11,650;695;48%;20;11,650;1,532;32;24;11;00:31;9;69;69;1,532;0.11;1.2;6.16;5.5;00:10;9.9;940.42;16.62;25.54;14,938.62;56;;7;4;13;24;5;1 hour;9;5;01:31;09:28;57%;3;0;3;
Atticus MD;2547;;15;;15;;;;1.7;25.63;1.7;17;12;;4,023;601;14;11,375;4;;;;14;0.02;2%;2.12;14%;29;;;29;8;3,314;27;14%;8;11,375;29;17;12;4;00:00;;14;6;29;;0.05;13.66;;00:00;6.83;48.82;20.5;29.04;19,436.27;8;;;1;1;2;;7 minutes;1;1;00:00;;100%;
AvaldezC;0;;5;;5;;;;2.31;11.56;;6;3;;1,203;422;11;6,375;;;;;11;0.04;2%;2;35%;12;;;12;6;5,375;12;;6;5,580;12;6;3;;00:01;;10;8;12;;0.04;6.93;;00:03;2.31;27.51;6.93;13.87;14,740.92;3;;1;0;0;1;;4 minutes;0;0;00:01;;12%;;;0;
AWALP5;2257;6;7;4;4;2;3;;5.18;9.07;7.77;17;10;3;2,131;305;11;5,708;3;;;;11;0.01;3%;1.41;14%;288;;;288;3;931;185;;3;2,536;185;8;6;3;00:09;2;5;2;185;;0.48;15.55;3.88;00:23;3.88;373.74;12.96;22.03;7,398.54;12;;1;1;1;4;;9 minutes;1;0;00:17;00:22;48%;;;0;
Axemen;0;130;439;120;26;10;9;;4.14;15.16;4.49;689;440;126;100,086;24,562;1,514;455,818;254;5;;;1,514;0.06;6%;1.75;24%;23,967;;;23,967;12;9,060;685;63%;12;25,992;1,840;38;26;19;01:18;13;90;55;1,840;;1.02;13.54;4.35;00:26;8.77;827.88;15.19;23.8;15,745.43;392;;31;27;25;83;11;6 hours;29;8;12:33;25:21;27%;4;4;17;
B0LTi;3505;4;22;4;15;2;2;;4.04;22.22;4.04;30;20;10;3,234;669;46;11,024;11;;;;46;0.07;6%;2;20%;35;;;35;12;2,708;35;14%;12;3,706;35;18;11;11;00:03;5;25;19;35;;0.05;15.15;10.1;00:03;11.11;35.72;20.2;30.31;11,139.04;15;;1;1;2;3;;10 minutes;1;1;00:03;02:27;100%;
Bandora22;0;;;;;;;;;;12.26;;;;115;66;34;845;;;;;34;0.56;51%;;57%;162;;;162;;845;162;;1;845;162;;;;;;34;34;162;;2.71;12.26;12.26;;;1,988.04;12.26;12.26;10,356.06;;;;0;0;0;;59.81706203799695 seconds;0;;;;;;0;0;
BatmanDobbins;4013;14;115;35;12;2;7;;4.11;13.52;1.64;164;107;31;25,151;7,305;389;125,115;51;3;;;389;0.07;5%;2.1;29%;5,180;;;5,180;10;7,721;624;64%;10;14,704;834;19;14;9;00:15;4;33;21;834;;0.94;9.17;3.64;00:09;6;609.38;12.58;19.29;14,719.63;78;;6;6;11;23;4;1 hour;8;2;01:22;04:36;25%;3;1;6;
bear0488;3309;5;5;2;5;5;2;;4.38;10.96;10.96;12;9;;1,973;701;34;13,517;5;;;;34;0.09;4%;2.4;35%;305;;;305;7;4,761;305;35%;7;13,517;305;12;9;5;00:58;;34;16;305;;0.83;10.96;2.19;02:07;10.96;669.54;19.74;26.32;29,651.41;5;;1;;1;2;;6 minutes;0;;00:58;01:00;;;;0;
BET0 SLV;3000;29;105;14;25;11;6;;2.13;16.02;4.42;148;99;30;16,004;3,216;204;55,195;42;2;;;204;0.05;6%;4.77;20%;4,095;;;4,095;17;4,160;744;35%;17;11,335;1,154;42;34;13;01:05;5;46;30;1,154;;1.18;4.73;4.57;00:14;6.41;625.11;15.11;22.59;8,425.88;31;;10;5;6;20;2;57 minutes;7;7;01:35;06:59;100%;3;
BLAD3WIING13;3106;;2;;2;;;;;3.44;1.72;3;2;;1,866;195;17;2,968;;;;;17;0.05;8%;0.6;10%;31;;;31;2;1,691;31;6%;2;2,795;31;3;2;;00:02;;15;13;31;;0.09;8.61;;00:04;;52.65;3.44;5.17;5,116.02;5;;1;1;0;2;;5 minutes;1;;00:02;;;;;1;
bossy ross;0;3;7;;7;3;;;4.44;31.13;13.34;11;3;2;1,453;254;5;3,647;3;;;;5;0.01;1%;5.5;17%;407;;;407;7;1,946;380;17%;7;3,647;407;11;3;3;00:08;2;5;3;407;;1.55;8.89;8.89;00:38;13.34;1,808.62;13.34;48.92;16,224.09;2;;;0;1;1;;4 minutes;0;0;00:08;;100%;
Bounce Cityyyyy;3145;;14;;10;;;;;16.58;1.18;15;11;5;3,521;861;48;14,653;;;;;48;0.08;5%;3;24%;1,658;;;1,658;11;4,686;569;38%;11;8,579;896;11;8;;;3;24;24;896;;3.03;5.92;5.92;;1.18;1,964.7;13.03;17.77;17,360.96;5;;1;1;1;2;;9 minutes;1;1;;;60%;;;0;
Breezy2369;3815;3;4;3;4;3;3;;6.21;8.28;6.21;10;8;;1,213;484;12;9,009;4;;;;12;0.05;2%;2.5;39%;512;;;512;5;2,385;275;39%;5;9,009;512;10;8;4;00:50;;12;6;512;;2.28;8.28;2.07;01:43;8.28;1,060.65;16.57;20.71;18,663.02;4;;;1;0;2;;3 minutes;0;0;00:50;00:33;100%;3;
burn out 317;2534;4;11;;4;3;;1;;17.11;6.22;16;9;3;2,352;588;42;9,395;7;;;;42;0.09;7%;2;25%;759;;1;759;5;2,988;349;37%;5;3,183;349;7;3;3;;;14;8;349;;1.62;12.44;4.66;;10.88;1,180.29;14;24.89;14,615.2;8;;;0;1;2;;7 minutes;1;0;;;43%;;;0;
C1ZR;4124;3;28;;26;3;;;;55.73;5.97;31;19;7;3,057;439;47;10,613;;;;;47;0.12;10%;7.75;14%;142;;;142;18;5,327;142;12%;18;9,141;142;29;17;;00:05;5;32;19;142;;0.37;7.96;13.93;00:11;1.99;282.67;37.82;61.71;21,126.64;4;;0;1;1;2;;6 minutes;1;0;00:05;04:46;75%;;;0;
Chazsy;3860;4;15;;9;2;;1;;15.97;4.26;19;9;4;2,974;568;10;10,118;2;;;;10;0.01;1%;1.58;19%;343;;;343;7;2,652;256;18%;7;4,760;256;11;6;;00:21;3;4;4;256;1.06;0.57;12.78;4.26;00:25;2.13;365.68;9.58;20.24;10,778.38;12;;1;1;0;1;;9 minutes;1;1;00:23;;57%;;;0;
Chopper Le Porc;0;82;305;76;21;7;5;;4.01;16.12;4.33;463;315;96;46,617;12,938;664;218,729;181;4;;;664;0.05;5%;2.94;27%;22,186;;;22,184;14;8,237;847;45%;14;12,537;2,455;29;23;15;00:38;9;43;40;2,455;;1.7;8.29;5.07;00:15;9.56;1,172.63;16.64;24.47;11,560.73;157;;19;21;25;66;7;3 hours;19;10;04:44;37:47;53%;4;;9;
Chris Zettek;4009;;;;;;;;4.3;4.3;;2;2;;608;392;11;7,071;;;;;11;0.05;2%;0.4;64%;155;;;155;;4,917;155;68%;1;5,117;155;2;2;;;;6;5;155;;0.71;21.51;4.3;;;669.05;8.6;8.6;30,424.19;5;;0;0;0;1;;3 minutes;0;;;;;;;0;
CHRISBREEZY0413;2912;2;3;;2;;;;1.51;4.55;3.03;6;3;3;1,245;328;29;5,827;;;;;29;0.08;8%;0.85;26%;649;;;649;4;1,402;572;;4;2,553;647;4;2;;00:14;2;15;10;647;;1.94;10.63;4.55;00:27;;987.02;4.55;9.11;8,855.42;7;;1;1;0;2;;5 minutes;1;;00:18;;;;0;1;
Chrome2YahDome;0;5;18;4;6;2;3;;3.01;13.55;3.76;27;16;4;5,392;1,439;61;22,761;7;2;;;61;0.05;4%;1.42;26%;1,239;;;1,239;7;3,004;326;10%;7;5,323;326;10;6;3;00:05;3;18;14;326;;1.17;14.31;3.01;00:07;5.27;933.29;12.05;20.33;17,144.09;19;;2;1;0;4;;17 minutes;1;0;00:09;01:35;16%;3;;1;
Coluge is back;4281;;2;;2;;;;;10.8;;2;2;2;334;157;4;1,924;;;;;4;0.05;2%;0.66;47%;119;;;119;;1,023;119;32%;1;1,038;119;2;2;;;2;3;3;119;;1.55;16.21;10.8;;;644.39;10.8;10.8;10,397.19;3;;0;0;1;1;;1 minute;0;;;;;;;0;
Conduit;0;11;29;13;9;3;5;;6.47;14.44;5.47;53;31;4;7,305;2,147;54;37,220;18;3;;;54;0.04;2%;2.94;29%;1,629;;;1,629;11;4,777;430;;11;7,244;430;15;9;8;01:01;2;16;11;430;;1.23;8.96;1.99;00:56;8.96;811.18;15.44;26.39;18,538.17;18;;2;2;2;7;;22 minutes;2;1;01:53;04:53;54%;4;;1;
CookiesMilkYum;4213;5;24;6;13;4;4;1;3.92;15.7;3.27;35;24;10;3,607;1,565;88;25,814;12;;;;88;0.08;5%;1.94;43%;1,811;;;1,811;11;6,607;332;89%;11;11,139;422;17;12;8;00:16;4;31;22;422;0.65;1.66;11.78;6.54;00:13;7.85;1,185.51;15.7;22.9;16,896.59;18;;2;0;2;4;;18 minutes;2;1;00:20;03:27;39%;4;0;1;
Corey Burlinson;0;3;10;2;6;;;;4.54;22.71;6.81;15;10;2;2,084;579;28;8,810;3;;;;28;0.07;4%;2.14;27%;;;;;7;3,828;;48%;7;3,828;;7;4;2;00:01;;14;14;;;;15.89;4.54;00:04;6.81;;22.71;34.06;20,008.41;7;;0;0;0;1;;6 minutes;0;0;00:01;01:13;74%;;0;0;
Cow Lupin;1446;15;45;10;18;7;4;;3.71;16.73;5.57;70;58;24;4,813;1,575;101;24,775;27;;;;101;0.05;6%;8.75;32%;2,999;;;2,999;13;5,344;749;42%;13;10,646;955;24;20;12;00:16;9;28;22;955;;1.5;2.97;8.92;00:11;10.04;1,115.31;21.57;26.03;9,215.32;8;;3;2;2;7;;33 minutes;3;1;00:31;05:18;55%;3;;1;
Cygnus VI;1874;;6;;6;;;;;32.18;;6;3;;1,091;134;10;2,782;4;;;;10;0.06;7%;3;12%;;;;;4;1,951;;12%;4;2,782;;6;3;4;00:19;;10;8;;;;10.72;;01:42;21.45;;16.09;32.18;14,920.91;2;;0;;0;1;;2 minutes;0;0;00:19;00:04;100%;
DaintyPup921088;2385;11;5;9;5;11;9;;7.62;4.23;9.32;25;14;;2,138;404;34;7,231;18;;;;34;0.03;8%;1.25;18%;1,555;;;1,555;6;1,330;327;18%;6;6,582;1,267;25;14;18;02:04;;34;7;1,267;;1.51;16.95;;01:46;15.25;1,317.67;11.86;21.18;6,128.57;20;;2;0;;2;;17 minutes;1;1;02:05;01:37;84%;;;0;
DamianXCadena;2375;;4;;4;;;;;40.4;10.1;5;2;;577;152;6;2,393;;;;;6;0.06;3%;2.5;26%;;;;;4;2,203;;;4;2,393;;5;2;;00:00;;6;6;;;;20.2;10.1;00:09;10.1;;20.2;50.5;24,168.84;2;;0;0;0;0;;1 minute;0;;00:00;01:29;;;;0;
DeftOrthruss;3000;;5;2;3;;2;;5.74;14.36;2.87;8;5;2;1,163;389;29;6,372;3;;;;29;0.08;7%;0.88;33%;274;;;274;3;1,613;154;49%;3;4,554;267;5;3;3;;2;26;12;267;;0.78;25.85;5.74;;8.61;786.37;14.36;22.97;18,302.07;9;;0;0;0;1;;5 minutes;0;;;00:48;;;;0;
Derogant;3725;32;47;13;13;6;5;1;3.09;11.19;7.62;92;48;21;10,023;2,084;162;32,067;10;;;2;162;0.06;7%;3.68;20%;3,282;;;3,282;14;3,301;486;35%;14;5,399;1,036;24;16;4;00:03;7;36;27;1,036;0.47;1.38;5.95;5;00:02;2.38;781.83;11.43;21.91;7,639.78;25;;3;2;2;7;;39 minutes;4;4;00:10;02:27;100%;
DogeGammit;3758;3;;;;3;;;;;23.48;3;;;297;83;3;1,446;;;;;3;0.07;3%;;27%;189;;;189;3;1,446;189;27%;3;1,446;189;3;;;00:01;;3;3;189;;4.85;;;00:11;;1,477.82;7.82;23.48;11,320.73;;;0;;;0;;38.884102053940296 seconds;0;0;00:01;;100%;
DOMINICKYO;2337;;5;;4;;;;1.27;6.38;;6;4;2;2,867;361;16;6,998;;;;;16;0.02;4%;0.54;12%;;;;;2;1,431;;37%;2;3,515;;4;2;;00:01;;10;5;;;;14.03;2.55;00:02;1.27;;5.1;7.65;8,930.76;11;;0;1;;1;;9 minutes;1;;00:02;;;;;1;
Doub1eAgent0reo;4447;4;19;8;9;2;6;;6.47;15.37;3.23;31;17;3;4,501;1,591;68;27,455;9;;;;68;0.08;4%;2.81;35%;385;;;385;8;7,010;179;42%;8;10,738;258;14;8;4;00:11;2;23;10;258;;0.47;8.9;2.42;00:10;7.28;311.24;13.75;25.08;22,214.05;11;;2;1;2;5;;13 minutes;1;1;00:13;00:51;69%;4;;0;
DoubledLizard;2864;17;30;6;9;7;3;;2.87;14.35;8.13;53;32;9;9,473;2,002;203;31,932;27;;;;203;0.11;10%;1.96;21%;1,630;;;1,630;7;4,638;515;41%;7;6,970;569;19;12;15;01:41;3;89;72;569;;0.94;12.91;4.3;00:59;12.91;779.89;15.31;25.36;15,279.52;27;;1;3;2;6;;28 minutes;2;1;02:04;03:54;38%;3;;1;
Drakothius;3028;3;3;3;3;3;3;;7.61;7.61;7.61;9;6;2;836;387;12;6,856;3;;;;12;0.04;3%;1.12;46%;38;;;38;3;2,295;38;46%;3;6,856;38;9;6;3;00:08;2;12;5;38;;0.13;20.31;5.07;00:22;7.61;95.6;15.23;22.85;17,410.4;8;;;0;0;1;;4 minutes;0;;00:08;;;;;0;
DrivebySamura1;4035;151;445;130;25;9;10;1;5.12;17.54;5.95;726;457;86;84,552;23,778;1,566;465,589;266;10;;2;1,566;0.08;6%;2.97;28%;26,128;;;26,128;27;10,473;795;52%;27;19,925;1,925;39;26;28;02:44;8;94;65;1,925;0.07;1.47;9.61;3.39;00:49;10.48;1,030.12;18.01;28.62;18,356.11;244;;10;24;49;83;19;4 hours;25;18;21:05;01:04:39;69%;4;2;5;
Elsayer;0;10;10;3;8;8;2;1;4.36;14.53;14.53;23;12;2;3,030;575;36;7,415;17;;;;36;0.06;6%;2.87;18%;681;;;681;10;2,247;263;20%;10;3,855;548;18;9;14;01:46;2;20;14;548;1.45;1.2;11.63;2.9;02:46;24.71;990.73;17.44;33.43;10,779.99;8;;1;0;1;3;;9 minutes;1;0;01:54;02:47;56%;;0;0;
Emit Pain;4149;6;7;3;6;6;3;;5.4;12.6;10.8;16;12;;893;225;27;4,668;;;;;27;0.07;12%;4;25%;413;;;413;11;2,204;168;23%;11;3,520;245;15;11;;;;14;14;245;;1.15;7.2;1.8;;;743.68;21.6;28.8;8,404.62;4;;1;0;1;2;;5 minutes;1;1;;01:40;100%;
FANCYHOODLUM;3577;32;151;17;12;3;2;1;1.64;14.59;3.09;200;112;26;30,981;8,916;436;150,581;85;2;;;436;0.05;4%;1.53;28%;8,826;;;8,826;12;6,998;578;72%;12;11,175;830;13;9;9;00:55;3;38;35;830;0.09;1.15;12.56;2.51;00:29;8.21;853.21;10.82;19.33;14,556.18;130;;9;10;5;24;;2 hours;10;3;05:01;06:34;24%;4;0;8;
FBorrego;0;2;21;5;10;2;2;;2.58;10.86;1.03;28;22;6;4,923;1,009;66;16,716;11;;;;66;0.07;6%;3.11;20%;1,624;;;1,624;9;7,548;505;32%;9;8,140;997;12;10;6;01:35;2;31;20;997;;1.79;4.65;3.1;00:53;5.68;839.84;11.37;14.48;8,645.32;9;;2;1;4;7;;15 minutes;2;2;01:43;03:05;100%;
Ferni;4447;11;37;10;19;4;7;;5.78;21.4;6.36;58;32;7;7,520;1,866;163;32,204;24;;;;163;0.1;8%;2.63;24%;2,406;;1;2,406;10;4,179;476;36%;10;12,721;1,381;30;19;13;00:46;6;81;28;1,381;;1.5;12.72;4.04;00:34;13.88;1,391.96;18.51;33.55;18,631.39;22;;1;2;3;6;;26 minutes;2;1;01:00;03:41;40%;;;1;
Fi2;3929;19;109;21;25;6;10;;4.04;21;3.66;149;94;14;30,043;6,187;324;101,944;49;2;;;324;0.07;5%;2.44;20%;1,676;;1;1,676;15;6,701;294;35%;15;28,893;475;38;30;16;02:08;4;71;37;475;;0.39;11.75;2.69;00:44;9.44;323;18.11;28.71;19,646.04;61;1;3;4;12;19;2;1 hour;5;2;03:52;08:38;41%;4;;3;
Fluebinosh;2623;;3;3;3;;3;;8.83;8.83;;6;5;;487;166;12;3,523;6;;;;12;0.09;7%;2;34%;209;;;209;3;1,461;209;34%;3;3,523;209;6;5;6;00:13;;12;11;209;;1.6;8.83;2.94;00:39;17.66;615.35;14.72;17.66;10,376.62;3;;1;0;0;2;;2 minutes;0;;00:13;00:23;;;;0;
fusion360elite;2922;;2;;2;;;;;4.5;2.25;3;;;1,270;242;12;2,601;;;;;12;0.04;4%;0.6;19%;125;;;125;;1,178;125;19%;1;2,601;125;3;;;00:04;;12;7;125;;0.45;11.26;;00:10;;282.53;;6.75;5,860.69;5;;;;;;;4 minutes;0;;00:04;;;;;0;
Genju Main;3649;488;1,154;318;38;24;13;1;4.76;17.29;7.31;1,960;1,247;350;234,957;59,471;4,421;1,078,829;635;18;;11;4,421;0.08;7%;2.76;25%;74,016;;;74,016;20;10,780;1,103;49%;20;29,182;3,332;70;39;21;02:23;15;154;68;3,332;0.16;1.45;10.62;5.24;00:46;9.51;1,109.37;18.69;29.37;16,169.71;709;;49;52;103;204;39;14 hours;67;39;51:22;02:10:37;58%;4;2;26;
godstomper231;3360;3;;;;3;;;;;16.68;3;;;626;105;3;1,568;2;;;;3;0.01;2%;0.6;16%;30;;;30;2;669;30;;2;1,568;30;3;;2;;;3;2;30;;0.14;27.8;;;11.12;168.89;;16.68;8,720.59;5;;1;;;1;;3 minutes;0;;;;;;;0;
Golden Viper210;0;102;309;77;23;10;10;1;4.21;16.92;5.58;488;316;66;69,470;20,645;1,254;350,429;196;8;;3;1,254;0.08;6%;2.09;29%;18,970;;;18,970;15;9,364;759;45%;15;29,167;1,303;40;32;22;02:45;8;232;44;1,303;0.16;1.3;12.76;3.61;00:55;10.73;1,039.19;17.31;26.73;19,196.8;233;;18;14;34;67;9;4 hours;18;7;17:01;31:53;36%;3;1;11;
HerBakedPizza;3000;;2;;2;;;;;11.71;;2;2;;548;183;9;3,309;;;;;9;0.06;4%;0.66;33%;100;;;100;2;2,507;91;;2;3,309;100;2;2;;00:00;;9;6;100;;0.75;17.57;;00:01;;584.23;11.71;11.71;19,378.78;3;1;;0;0;0;;2 minutes;0;0;00:00;;100%;
HighPRO Zzz;3000;;3;;3;;;;;41.19;13.73;4;;;464;131;10;1,978;;;;;10;0.14;7%;;28%;;;;;4;1,978;;;4;1,978;;4;;;;;10;10;;;;;;;13.73;;;54.92;27,166.62;;;0;;0;0;;1 minute;0;0;;;100%;
Hiperninja;0;7;13;;7;5;;;0.56;7.3;3.93;21;14;4;1,725;333;23;6,515;7;;;;23;0.03;6%;2.33;19%;753;;;753;5;1,560;340;17%;5;3,221;565;12;8;3;00:08;2;14;6;565;;1.09;5.05;2.24;00:12;3.93;423.32;7.86;11.8;3,660.95;9;;4;1;1;6;;11 minutes;2;2;00:21;;100%;
i r a pancake;2682;;12;;9;;;;1.97;23.73;1.97;14;6;2;1,272;544;21;8,665;9;;;;21;0.07;3%;3.5;42%;972;;;972;6;4,181;635;11%;6;8,019;796;11;4;8;00:11;;17;9;796;;3.28;7.91;3.95;00:22;17.79;1,923.28;11.86;27.68;17,136.66;4;;;1;1;1;;4 minutes;1;;00:11;01:19;;;;1;
iArctos;0;17;81;17;16;4;3;;4.92;23.46;4.92;115;67;19;11,851;2,900;246;61,057;27;;;;246;0.09;8%;3.1;24%;3,927;;1;3,927;19;7,797;549;72%;19;11,313;850;19;14;6;00:44;5;67;22;850;;1.5;10.71;5.5;00:21;7.82;1,137.63;19.4;33.31;17,687.11;37;;4;4;5;13;;43 minutes;3;2;01:14;09:37;62%;;;1;
IGenjiMain;3646;107;163;59;11;6;6;1;4.7;13.01;8.54;329;172;33;59,213;18,569;935;308,429;120;;;3;935;0.09;5%;2.93;31%;10,193;;;10,193;13;10,116;951;50%;13;19,646;951;19;12;10;00:58;4;61;37;951;0.23;1.04;8.93;2.63;00:30;9.57;813.58;13.72;26.25;24,617.98;112;;8;9;20;36;6;2 hours;13;6;06:25;13:46;45%;5;0;6;
II Scar3CroW;0;43;247;49;22;5;5;;3.48;17.58;3.06;339;197;56;53,187;11,856;659;194,252;135;4;;;659;0.06;5%;2.56;22%;9,585;;;9,585;15;6,170;948;48%;15;10,907;1,213;29;16;13;00:34;6;42;29;1,213;;0.93;9.39;3.98;00:12;9.61;682.5;14.02;24.13;13,831.69;132;1;18;13;10;41;6;2 hours;14;6;02:54;17:09;42%;4;2;6;
II SirMaru II;2490;5;10;;7;4;;;;16.53;8.26;15;10;3;1,012;258;17;4,379;3;;;;17;0.04;6%;1.36;25%;;;;;3;1,069;;21%;3;4,015;;11;8;3;00:06;3;16;6;;;;18.19;4.96;00:14;4.96;;16.53;24.8;7,242.33;11;;;0;;0;;7 minutes;1;;00:08;;;;1;0;
II Table;3635;19;35;14;7;6;3;;3.21;8.02;4.35;68;35;8;12,423;3,519;181;62,838;17;;;;181;0.06;5%;1.3;28%;2,293;;;2,293;5;4,307;545;49%;5;10,022;545;12;6;4;01:31;2;39;39;545;;0.78;11.92;1.83;00:51;3.89;525.84;8.02;15.59;14,411.3;52;;4;4;4;12;;48 minutes;4;2;03:43;01:14;38%;;0;3;
Im Forgiving;4021;7;7;4;4;5;4;;4.72;8.27;8.27;18;13;2;1,838;476;36;9,131;9;;;;36;0.05;7%;1.28;25%;1,140;;;1,140;4;2,229;442;;4;3,938;547;13;10;5;00:26;;16;10;547;;1.69;16.55;2.36;00:33;10.64;1,347.47;15.36;21.28;10,795.1;14;1;1;1;0;2;;11 minutes;1;1;00:28;00:00;84%;;;0;
Im Voxie;3653;175;485;105;27;14;8;1;3.55;16.44;5.93;765;472;116;92,610;24,645;1,757;443,606;272;9;;5;1,757;0.08;7%;2.66;26%;30,097;;;30,097;18;9,765;1,115;38%;18;24,042;2,489;42;28;20;02:17;10;100;47;2,489;0.16;1.51;9.72;3.93;00:47;9.22;1,020.24;16;25.93;15,037.55;287;;27;21;40;88;14;5 hours;29;16;23:15;41:50;53%;4;1;13;
Ind3mnity;0;13;63;13;15;3;4;;2.71;13.18;2.71;89;43;13;14,769;3,598;298;59,043;35;;;;298;0.08;8%;1.11;24%;2,365;;1;2,365;9;3,427;387;40%;9;11,049;634;22;11;8;01:16;4;41;32;634;;0.64;16.73;2.71;00:40;7.32;494.73;8.99;18.61;12,352.39;80;;4;4;2;10;;1 hour;5;1;03:14;06:17;12%;;0;4;
Infamous Bounty;3724;;6;;6;;;;;31.1;;6;;;476;143;3;2,024;;;;;3;0.05;2%;;30%;70;;;70;6;2,024;70;30%;6;2,024;70;6;;;;;3;3;70;;1.19;;;;5.18;362.74;5.18;31.1;10,491.24;;;0;0;0;1;;58.40004204399884 seconds;0;0;;;100%;
iSttoooLen;3927;4;35;4;10;2;2;;1.06;9.36;1.06;43;31;12;7,185;1,328;148;22,533;15;;;;148;0.09;11%;2.68;18%;1,808;;;1,808;8;5,497;494;28%;8;8,358;725;12;8;6;02:12;6;44;32;725;;1.1;4.27;3.2;00:52;4.01;483.61;8.29;11.5;6,026.39;16;;4;5;0;9;;27 minutes;4;4;03:17;01:45;100%;3;
Itothean511;3875;3;;;;3;;;1.07;;3.23;4;3;;167;81;;1,624;;;;;;0;1%;0.57;48%;530;;;530;2;666;319;50%;2;1,584;430;4;3;;;;;;430;;1.28;7.54;1.07;;;571.01;3.23;4.31;1,749.94;7;;2;;1;2;;6 minutes;1;;;;;;;1;
ItsCONRAD;3497;8;33;6;5;2;2;;1.24;6.82;1.65;47;31;13;8,949;2,660;168;46,085;13;;;;168;0.05;6%;1.06;29%;1,808;;1;1,808;5;4,773;427;52%;5;6,547;427;7;4;4;00:46;2;31;23;427;;0.61;9.1;2.69;00:17;2.69;374.21;6.41;9.72;9,536.66;44;;5;5;4;14;;48 minutes;5;1;01:24;;29%;;;3;
iUnExpected;4083;8;17;7;4;4;4;;4.68;11.38;5.35;32;14;2;4,833;1,668;88;27,085;8;;;;88;0.09;5%;1.88;34%;434;;;434;5;6,893;178;46%;5;14,071;354;12;4;3;00:16;2;32;15;354;;0.46;11.38;1.33;00:20;5.35;290.75;9.37;21.42;18,133.83;17;;1;1;2;3;;15 minutes;1;0;00:31;01:20;20%;4;;1;
IX HALFBREED XI;3077;4;8;2;4;3;2;;2.09;8.37;4.18;14;8;;2,608;497;39;11,050;10;;;;39;0.05;7%;1.07;19%;332;;;332;3;2,621;217;15%;3;3,784;217;7;4;6;00:42;;19;10;217;;0.47;13.61;1.04;00:51;10.46;347.65;8.37;14.65;11,568.96;13;;1;1;0;2;;11 minutes;1;0;00:49;;25%;;0;1;
JDn808;2713;16;73;13;9;3;2;;2.79;15.69;3.44;102;76;31;19,863;4,782;296;69,668;41;;;;296;0.09;6%;2.31;24%;1,716;;;1,716;10;6,203;333;65%;10;7,595;333;11;9;6;00:12;5;41;38;333;;0.53;9.46;6.66;00:12;8.81;369.03;16.34;21.93;14,980.23;44;1;4;4;6;13;2;53 minutes;5;1;00:59;03:54;26%;;;3;
KageEinjeruE102;4072;58;155;66;24;9;13;;5.56;13.07;4.89;279;154;25;46,143;10,066;682;176,990;117;6;;;682;0.08;6%;2.46;21%;13,733;;;13,733;12;7,351;585;55%;12;19,710;2,175;42;27;25;02:19;5;141;30;2,175;;1.61;9.53;2.1;00:36;9.87;1,158.85;12.99;23.54;14,935.2;113;1;12;6;18;36;6;2 hours;12;5;07:06;14:57;38%;4;3;5;
KaIlkz;3399;9;21;;7;2;;;0.4;8.55;3.66;31;17;6;5,882;2,403;90;36,350;14;;;;90;0.05;3%;0.88;40%;864;;;864;4;4,205;257;70%;4;10,600;439;9;6;6;00:28;3;18;14;439;;0.49;14.25;2.44;00:17;5.7;351.96;6.92;12.62;14,807.32;35;;1;2;1;4;;28 minutes;2;1;00:42;;26%;;;2;
KEIHEI;0;9;21;10;11;4;6;1;3.9;8.2;3.51;40;25;6;4,722;1,249;78;24,805;11;;;;78;0.08;6%;10;26%;1,127;;;1,127;21;12,909;507;30%;21;12,909;595;21;16;9;01:28;3;27;27;595;0.39;1.16;1.56;2.34;00:35;4.29;440.46;9.77;15.63;9,695.25;4;;2;1;3;6;;16 minutes;3;2;01:31;01:26;60%;;;1;
KING IZ SIIC;3443;14;31;13;8;6;3;;5.25;12.53;5.65;58;41;15;7,489;2,286;130;37,946;20;;;;130;0.06;5%;1.7;30%;1,376;;1;1,376;8;3,314;256;42%;8;7,498;670;13;7;5;00:37;4;29;17;670;;0.69;13.74;6.06;00:27;8.08;556.12;16.57;23.44;15,339.49;34;1;1;2;2;5;;32 minutes;2;1;01:08;06:27;51%;3;0;1;
King TurkeyNeck;2796;11;15;4;7;8;3;;3.98;14.95;10.96;30;19;8;3,561;1,309;59;20,138;5;;;;59;0.08;4%;2.72;36%;856;;;856;11;6,175;457;37%;11;7,396;720;18;11;5;00:00;6;28;22;720;;1.24;10.96;7.97;00:00;4.98;853.4;18.94;29.9;20,076.61;11;;1;1;2;4;;11 minutes;1;0;00:00;02:53;33%;;;1;
KoolKiran;3992;44;128;32;15;7;6;;3.65;14.61;5.02;204;128;38;25,009;7,152;445;119,130;54;;;;445;0.06;6%;1.94;28%;9,400;;;9,400;14;6,619;572;40%;14;22,114;1,497;25;15;12;01:09;7;79;27;1,497;;1.32;11.98;4.33;00:22;6.16;1,073.09;14.61;23.28;13,599.89;105;;10;7;7;24;;1 hour;9;4;03:16;07:21;47%;3;0;4;
Kypahh;3138;3;;;;2;;;;5.26;15.78;4;2;;361;88;;1,399;;;;;;0;1%;2;24%;302;;;302;2;1,051;302;;2;1,051;302;3;2;;;;;;302;;2.16;10.52;5.26;;;1,589.96;10.52;21.05;7,361.3;2;;0;0;0;0;;2 minutes;0;;;;;;;0;
LanceHasPants;0;;2;;;;;;;6.17;3.08;3;2;;578;158;4;2,390;;;;;4;0.01;2%;;27%;699;;;699;2;1,591;326;18%;2;1,611;415;2;;;00:14;;4;2;415;;2.94;9.26;3.08;00:45;;2,157.07;6.17;9.26;7,377.74;3;;0;;0;1;;3 minutes;0;0;00:14;;72%;;;0;
Lee;3000;;4;;4;;;;2.15;8.62;;5;5;5;3,433;502;38;13,431;;;;;38;0.15;7%;;14%;;;;;5;13,431;;14%;5;13,431;;5;5;;;5;38;38;;;;;10.77;;;;10.77;10.77;28,950.01;;;;1;1;2;;4 minutes;0;;;;;;;0;
LEGENDARYWARIOR;3418;;;;;;;;;;27.23;;;;273;101;3;968;;;;;3;0.08;2%;;36%;129;;;129;;968;129;36%;1;968;129;;;;;;3;3;129;;3.68;27.23;;;;3,502.76;;27.23;26,361.62;;;;0;0;0;;34.92843100707978 seconds;0;;;;;;;0;
Leveyez;3556;;3;;3;;;;;12.27;;3;3;;1,126;409;7;5,703;;;;;7;0.03;1%;0.6;36%;22;;;22;2;2,762;22;15%;2;2,833;22;3;3;;;;4;3;22;;0.12;20.46;;;;90.41;12.27;12.27;23,344.58;5;;0;0;0;1;;3 minutes;0;;;;;;;0;
Lifting Gamer;2706;8;23;5;9;3;3;;2.85;13.13;4.56;36;23;3;5,153;743;69;14,946;12;;;;69;0.06;9%;4;14%;1,729;;;1,729;8;2,923;445;;8;6,602;1,187;15;11;6;00:04;2;32;20;1,187;;1.71;5.14;1.71;00:05;6.85;987.68;13.13;20.56;8,537;9;;2;3;3;8;;16 minutes;2;1;00:10;00:49;71%;;0;0;
Little Bran;3874;;6;2;6;;2;;4.86;14.58;;8;4;;751;143;14;2,826;;;;;14;0.06;9%;2.66;19%;296;;;296;5;1,336;156;20%;5;2,491;248;8;4;;;;14;8;248;;1.32;7.29;;;;718.84;9.72;19.44;6,869.11;3;;1;0;0;1;;3 minutes;0;0;;;88%;;;0;
lorcy m;3797;;6;;6;;;;;8.38;;6;2;;1,677;422;15;6,361;;;;;15;0.04;3%;2;25%;143;;;143;3;4,032;78;20%;3;4,032;143;6;2;;00:03;;14;9;143;;0.45;4.19;;00:04;1.39;200.24;2.79;8.38;8,884.2;3;;1;1;1;2;;5 minutes;1;1;00:03;;100%;
LORDxSUWU;2812;12;56;10;15;4;3;;3.03;17;3.64;78;54;17;12,011;2,989;140;51,282;42;;;;140;0.04;4%;1.65;24%;3,414;;1;3,414;6;4,176;353;34%;6;12,665;722;20;12;13;00:24;4;31;15;722;;1.16;14.26;5.16;00:24;12.75;1,036.51;16.39;23.68;15,569.32;47;1;3;3;5;11;;48 minutes;3;1;01:21;06:47;30%;4;0;2;
Lycanz;4036;15;48;12;15;4;5;;4.51;18.06;5.64;75;50;18;9,429;2,900;165;50,155;38;;;;165;0.08;5%;2.5;30%;2,995;;;2,995;8;5,512;419;51%;8;9,644;784;22;14;13;01:34;6;41;16;784;;1.59;11.28;6.77;02:06;14.3;1,127.14;18.81;28.22;18,874.36;30;1;2;1;6;9;2;31 minutes;3;1;05:35;04:59;40%;3;0;1;
MajorCris;3262;13;27;13;12;10;8;;6.08;12.63;6.08;53;33;10;5,669;1,796;111;33,725;24;;;;111;0.06;6%;2.4;31%;2,596;;;2,596;9;4,263;593;;9;16,467;1,940;30;18;12;00:53;5;60;16;1,940;;1.51;10.29;4.68;00:37;11.23;1,214.91;15.44;24.8;15,785.5;22;;4;1;2;7;;28 minutes;2;1;01:20;01:05;53%;;;1;
Maniac Mansion;0;2;4;;4;;;;;6.01;3;6;2;;1,713;154;13;2,646;;;;;13;0.03;8%;;8%;191;;;191;4;651;110;6%;4;1,632;157;5;2;;00:03;;9;5;157;;0.45;9.02;;00:08;1.5;287.74;3;9.02;3,981.7;6;;1;0;0;1;;6 minutes;1;;00:05;;;;0;0;
Mano Brawl BR;4015;21;18;7;10;10;5;;4;10.29;12;46;30;3;3,923;1,526;48;29,151;19;;;;48;0.04;3%;3.53;38%;358;;1;358;10;5,150;140;48%;10;13,723;220;25;17;13;02:10;2;26;11;220;;0.33;7.43;1.71;01:34;10.86;204.65;17.15;26.29;16,666.64;13;;1;3;3;8;2;17 minutes;2;2;02:44;02:23;99%;;;0;
Marderic;3308;;14;;8;;;;0.67;9.49;0.67;16;11;4;3,600;875;58;14,722;5;;;;58;0.06;6%;0.84;24%;296;;;296;3;2,643;225;73%;3;7,110;225;10;5;3;00:32;2;31;12;225;;0.33;12.88;2.71;00:22;3.39;201.04;7.45;10.84;9,982.88;19;;2;1;1;3;;14 minutes;1;0;00:32;;5%;;;1;
MattPisto;4130;;2;;2;;;;;6.19;;2;;;131;8;5;189;;;;;5;0.03;62%;2;6%;43;;;43;2;189;43;6%;2;189;43;2;;;;;5;5;43;;0.27;3.09;3.09;;;132.01;3.09;6.19;585.35;;;1;;0;1;;2 minutes;0;0;;;100%;
Maxxon Charge;3705;41;76;28;19;7;5;;5.52;14.99;8.08;145;94;9;17,102;4,932;296;94,184;48;4;;;296;0.07;6%;2.54;28%;3,598;;;3,598;11;9,012;336;29%;11;15,900;703;29;19;14;02:07;;60;20;703;;0.96;11.24;1.77;00:42;9.46;709.83;18.54;28.6;18,581.72;57;1;4;3;5;12;2;1 hour;5;3;03:34;07:18;56%;4;0;2;
me10005;3682;;;;;;;;6.29;6.29;;2;2;;1,104;380;8;7,923;;;;;8;0.03;2%;0.66;34%;564;;;564;;5,693;564;;1;7,377;564;2;2;;;;7;5;564;;2.81;18.88;;;;3,550.45;12.58;12.58;49,864.92;3;;;;0;0;;3 minutes;0;0;;;100%;
Medvescek;3421;2;3;;3;2;;;4.31;12.93;8.62;6;4;;1,166;494;18;8,232;2;;;;18;0.08;3%;2;42%;;;;;5;6,388;;;5;8,037;;6;4;2;00:44;;18;11;;;;12.93;4.31;03:11;8.62;;17.24;25.86;35,487.36;3;;0;0;1;1;;3 minutes;0;0;00:44;;17%;;;0;
MercenaryXPO;0;39;33;12;9;14;8;;4.18;11.5;13.59;84;49;14;7,821;3,645;188;65,813;29;;;;188;0.09;5%;4.42;46%;2,803;;1;2,803;11;10,914;537;43%;11;16,917;969;31;16;14;00:54;5;53;30;969;;1.41;6.62;4.88;00:24;10.11;977.2;17.08;29.28;22,944.49;19;;2;3;5;10;3;33 minutes;3;2;01:09;05:26;76%;3;;1;
Mercy MD;0;;;;;;;;;;12.21;;;;527;226;9;3,090;;;;;9;0.12;3%;;42%;;;;;;2,850;;;1;3,090;;;;;;;9;9;;;;12.21;;;;;;12.21;37,735.36;;;0;0;0;0;;1 minute;0;;;;;;;0;
Meuq;4537;4;10;;9;4;;1;2.37;23.79;9.51;15;7;;1,222;332;42;6,213;9;;;;42;0.12;12%;2.5;27%;115;;;115;5;1,937;115;38%;5;5,581;115;14;6;9;00:41;;34;10;115;2.37;0.33;14.27;2.37;01:37;21.41;273.35;16.65;35.68;14,781.43;6;;0;1;0;1;;5 minutes;0;0;00:41;00:43;91%;3;;0;
minoee;;4;2;;2;4;;;;4.24;8.49;6;4;2;759;125;13;3,301;3;;;;13;0.05;10%;2;16%;720;;;720;3;2,644;410;16%;3;3,301;720;6;4;3;00:09;2;13;9;720;;3.05;6.36;4.24;00:19;6.36;1,528.5;8.49;12.73;7,006.8;3;;0;0;1;2;;3 minutes;0;;00:09;;;;;0;
MisterToli X;0;46;162;52;22;9;6;1;6.19;19.3;5.48;260;161;57;33,314;10,895;523;184,325;92;5;;2;523;0.07;4%;2.92;32%;9,875;;;9,875;12;9,029;764;33%;12;13,467;1,227;27;16;10;01:10;6;69;37;1,227;0.23;1.45;10.6;6.79;00:45;10.96;1,176.81;19.18;30.98;21,965.36;89;;8;7;12;27;3;1 hour;8;4;06:25;16:06;42%;3;0;5;
MoraCombo;0;30;49;17;7;11;6;1;4.5;12.98;7.95;96;68;18;9,090;3,116;199;58,952;25;;;2;199;0.07;6%;2.23;34%;2,490;;;2,490;9;5,299;533;46%;9;14,868;977;21;13;6;00:40;3;43;31;977;0.53;0.96;11.39;4.77;00:21;6.62;659.99;18.02;25.44;15,626.46;43;;2;3;6;11;2;42 minutes;4;1;01:22;10:07;22%;4;;3;
Nasty0303;2662;;7;2;6;;2;;14.61;51.14;7.3;10;3;;1,117;176;9;2,777;3;;;;9;0.07;5%;10;15%;;;;;8;1,426;;;8;2,354;;9;3;3;;;7;6;;;;7.3;;;21.91;;21.91;73.06;20,286.83;;;0;0;0;1;;1 minute;0;0;;00:01;14%;;;0;
Nietzsche Nick;3682;5;18;;11;3;;;0.59;10.67;2.96;24;14;5;3,324;1,038;31;16,372;4;;;;31;0.04;2%;2;31%;738;;;738;8;4,960;295;15%;8;10,729;419;15;11;3;00:23;5;17;10;419;;0.96;7.11;2.96;00:20;2.37;437.95;8.3;14.23;9,711.2;12;;1;1;1;4;;12 minutes;2;1;00:34;04:15;87%;;;0;
NitroFPS;0;27;93;21;10;3;4;;3.96;17.55;5.09;141;105;31;17,881;4,660;364;84,503;54;;;;364;0.08;7%;2.23;26%;6,327;;;6,327;12;6,616;506;43%;12;9,004;875;15;10;7;00:19;5;48;33;875;;1.51;11.89;5.85;00:28;10.19;1,194.41;19.82;26.61;15,952.84;63;;6;7;9;22;;1 hour;5;2;02:28;12:23;46%;3;1;2;
NomadHokie;2669;7;28;;8;3;;;0.36;10.28;2.57;36;23;7;8,981;1,984;95;29,749;19;;;;95;0.04;4%;1.28;22%;1,092;;;1,092;4;9,504;433;39%;4;9,508;433;12;7;5;00:18;4;39;25;433;;0.57;10.28;2.57;00:12;6.97;401.07;8.44;13.21;10,924.43;28;;2;3;2;6;;31 minutes;3;0;00:33;;3%;;1;2;
NoT x GER Beans;2916;24;38;16;12;6;5;;4.08;9.69;6.12;78;39;11;12,092;3,715;141;64,884;31;;;;141;0.04;3%;1.9;30%;5,172;;;5,172;9;9,369;730;43%;9;17,939;1,880;23;15;12;01:25;6;35;20;1,880;;1.78;10.46;2.8;00:36;7.9;1,319.4;9.94;19.89;16,553.38;41;;2;3;5;10;;48 minutes;4;2;02:22;02:13;43%;4;0;2;
o Kapow;3427;125;316;62;14;9;4;1;3.2;16.35;6.46;503;284;79;65,354;17,877;995;298,028;191;4;;;995;0.07;5%;2.59;27%;12,718;;;12,718;16;10,077;508;44%;16;15,574;1,039;22;13;11;01:41;6;43;30;1,039;0.05;0.9;10.04;4.08;00:42;9.88;658.2;14.69;26.03;15,424.13;194;;15;13;24;52;5;3 hours;19;8;13:37;22:21;43%;3;2;9;
ObiwanKi11n00by;3509;16;20;3;7;5;3;;0.99;6.66;5.33;39;19;5;8,395;1,329;68;22,389;7;;;;68;0.03;5%;1.3;15%;3,149;;;3,149;5;2,890;671;64%;5;5,775;776;10;5;4;01:00;2;30;19;776;;1.48;9.99;1.66;00:30;2.33;1,048.99;6.32;12.99;7,458.56;30;;2;2;1;5;;35 minutes;3;1;01:30;00:21;23%;;0;2;
OfferedAptitude;2711;;2;;2;;;1;2.34;4.69;2.34;4;3;;1,434;228;16;2,537;;;;;16;0.05;7%;0.66;15%;371;;;371;2;1,188;217;;2;1,616;240;4;3;;;;12;10;240;2.34;1.22;14.08;;;;870.25;7.04;9.39;5,956.3;6;1;1;0;1;2;;5 minutes;0;;;;;;;0;
Official VT;2523;;12;3;7;;2;;4.85;19.4;1.61;16;11;3;2,975;796;35;11,972;5;;;;35;0.05;4%;1.77;26%;793;;;793;6;4,556;503;;6;6,602;544;9;6;;00:01;2;18;10;544;;1.34;14.55;4.85;00:03;8.08;1,281.67;17.78;25.87;19,358.89;9;;1;1;0;2;;9 minutes;1;1;00:01;00:20;97%;;0;0;
OneBadBandito;2762;2;11;4;5;;3;;4.12;11.35;2.06;17;6;5;3,978;935;67;12,467;5;;;;67;0.09;7%;1.7;23%;1,347;;;1,347;8;3,291;640;28%;8;4,431;640;8;4;2;00:00;4;32;31;640;;1.95;10.32;5.16;00:00;5.16;1,390.94;6.19;17.54;12,869.12;10;1;1;1;2;4;;11 minutes;1;0;00:00;01:07;43%;;;1;
OUT M3 RK ED;3749;;5;;5;;;;;19.35;3.87;6;2;;971;210;15;3,087;;;;;15;0.08;7%;3;21%;414;;;414;5;2,062;414;21%;5;3,087;414;6;2;;;;15;10;414;;2.35;7.74;3.87;;3.87;1,603.34;7.74;23.22;11,951.38;2;;1;0;0;1;;2 minutes;0;0;;;86%;;;0;
Overwatch DVa;3093;;9;;8;;;;;13.94;;9;6;;2,944;691;87;7,534;3;;;;87;0.19;12%;0.9;23%;467;;;467;4;3,362;245;24%;4;4,414;250;8;5;2;00:02;;75;74;250;;1.06;15.49;;00:03;4.64;724.17;9.29;13.94;11,677.61;10;;1;;1;2;;7 minutes;1;;00:02;;;;;1;
ParalyzingFrost;3000;6;;;;3;;;1.94;;11.66;7;;;1,141;339;14;6,390;;;;;14;0.03;4%;1.16;29%;601;;;601;2;1,380;298;25%;2;3,537;331;4;;;00:33;;8;4;331;;1.7;11.66;;01:05;1.94;1,168.01;1.94;13.61;12,424.79;6;;;0;;0;;5 minutes;1;;00:33;;;;;1;
Parmesan Memes;3465;;2;;2;;;;;2.35;1.17;3;;;1,003;113;6;1,617;;;;;6;0.01;5%;0.33;11%;664;;;664;;745;285;18%;1;1,617;379;3;;;;;6;3;379;;1.86;10.6;1.17;;;783.01;1.17;3.53;1,905.69;9;1;1;0;1;2;;5 minutes;1;;;;;;;1;
PETERtois01;0;15;74;20;10;2;4;;3.35;12.42;2.51;109;75;16;16,951;4,107;209;63,316;42;;;;209;0.06;5%;2.36;24%;3,698;;;3,698;13;6,499;868;45%;13;8,514;868;13;7;9;00:08;3;23;23;868;;1.07;7.72;2.68;00:06;7.05;620.85;12.59;18.29;10,628.69;46;;7;6;6;18;2;57 minutes;6;2;00:38;03:35;36%;;1;3;
Ponders;3669;85;286;50;14;6;5;;3.16;18.09;5.37;421;241;59;66,927;16,194;1,163;269,592;189;6;;;1,163;0.08;7%;1.81;24%;9,749;;;9,749;15;6,866;548;42%;15;21,398;749;23;12;12;00:34;5;68;32;749;;0.74;14.67;3.73;00:20;11.95;616.78;15.24;26.63;17,055.79;232;;14;11;15;40;2;3 hours;16;7;05:17;13:32;47%;4;1;7;
pooptasticpoop;0;;2;;;;;;;6.24;;2;2;;513;112;8;1,702;;;;;8;0.06;7%;0.66;21%;62;;;62;;812;51;33%;1;812;51;;;;;;7;7;51;;0.46;9.36;3.12;;3.12;193.23;6.24;6.24;5,316.39;3;;0;1;0;1;;2 minutes;0;;;;;;;0;
PRAXIS UnLeashD;0;22;39;14;13;6;3;;3.68;10.25;5.78;75;46;18;9,508;3,083;183;53,337;27;;;;183;0.05;5%;1.56;32%;2,637;;;2,637;10;4,331;434;39%;10;14,169;622;17;12;6;00:51;6;41;22;622;;0.85;12.62;4.73;00:20;7.09;693.39;12.09;19.72;14,025.22;48;;1;4;6;11;3;51 minutes;4;2;01:16;01:25;53%;;0;2;
Proxxy 4;3742;11;25;5;5;2;3;;2.35;11.75;5.17;41;24;5;5,657;1,359;55;24,264;10;;;;55;0.04;4%;2.15;24%;2,747;;;2,747;7;5,794;451;32%;7;5,794;832;10;7;4;00:46;4;13;12;832;;2.05;8.93;2.35;00:26;4.7;1,291.42;11.28;19.27;11,405.86;19;;3;3;2;7;;22 minutes;2;1;00:56;02:33;56%;;0;1;
Prunester;3701;9;;2;;8;;;4.7;;21.18;11;8;2;782;291;29;6,580;;;;;29;0.08;9%;2.2;37%;649;;;649;7;2,662;239;35%;7;4,107;436;9;6;;;2;16;16;436;;1.99;11.76;4.7;;;1,527.73;18.83;25.89;15,487.39;5;;1;0;0;1;;5 minutes;0;0;;;1%;;;0;
Psyhco;4161;28;36;14;16;9;4;;3.78;9.73;7.57;78;46;8;9,236;2,310;140;45,312;24;;;;140;0.07;6%;4.1;25%;1,996;;;1,996;12;6,734;355;31%;12;15,758;721;29;19;7;01:02;2;36;21;721;;1.06;5.13;2.16;00:31;6.49;540.03;12.44;21.09;12,256.73;19;1;7;3;5;15;2;31 minutes;4;3;01:55;05:32;87%;;;0;
Rahazlium;3379;;4;;4;;;;3.84;15.37;;5;3;;604;220;10;3,437;;;;;10;0.06;4%;1.66;36%;70;;;70;2;1,753;70;;2;3,437;70;5;3;;00:01;;10;5;70;;0.48;11.53;3.84;00:07;3.84;269.25;11.53;19.21;13,210.2;3;;;0;;0;;2 minutes;0;0;00:01;;100%;
RamLMT;0;22;149;40;12;2;4;1;4.31;16.07;2.37;211;136;46;36,423;8,661;443;159,142;84;;;;443;0.06;5%;1.78;23%;4,698;;1;4,698;10;9,336;396;42%;10;14,779;452;15;12;9;01:03;7;43;21;452;0.1;0.67;12.73;4.96;00:39;9.06;506.96;14.67;22.76;17,171.72;118;;11;6;6;23;2;1 hour;9;4;06:06;07:43;42%;;;5;
REC xD;3693;11;40;3;10;4;2;;1.15;15.39;4.23;54;32;8;8,635;2,603;118;40,424;25;;;;118;0.06;4%;1.42;30%;1,094;;;1,094;5;2,809;399;39%;5;11,318;399;16;10;7;01:15;3;29;13;399;;0.57;14.62;3.07;00:40;9.61;420.98;12.31;20.77;15,553.47;38;;2;3;1;6;;31 minutes;3;0;01:44;02:17;3%;3;;3;
Red Faze;0;19;42;4;12;4;;1;1.17;12.38;5.6;65;38;5;11,424;1,793;161;36,381;18;;;2;161;0.07;8%;1.71;15%;3,744;;;3,744;10;4,907;778;20%;10;5,948;795;16;8;5;01:22;2;42;25;795;0.58;1.71;11.2;1.47;00:43;5.3;1,103.93;11.2;19.16;10,725.98;38;;2;3;3;8;;36 minutes;3;2;02:28;01:52;47%;3;0;2;
Repure;4210;5;9;2;4;3;2;;1.51;6.83;3.79;16;8;2;2,881;644;50;11,156;4;;;;50;0.06;7%;0.88;22%;318;;;318;7;2,751;157;60%;7;3,908;167;8;5;2;00:10;;23;20;167;;0.41;13.66;1.51;00:08;3.03;241.26;6.07;12.15;8,472.24;18;;0;1;3;4;;12 minutes;1;0;00:11;01:09;1%;;;1;
Sakaine08;2843;32;30;7;11;14;4;;3.55;15.24;16.26;69;40;18;6,775;1,884;161;33,606;19;;;;161;0.08;8%;2.87;27%;2,528;;;2,528;8;3,474;447;29%;8;14,029;1,109;29;17;9;00:35;8;75;23;1,109;;1.31;12.19;9.14;00:29;9.65;1,284.43;20.32;35.06;17,077.44;24;;2;1;2;5;;31 minutes;2;;00:58;05:21;;;1;1;
Scuffs;4060;50;253;45;15;6;6;1;3.6;20.25;4;348;234;48;44,706;12,623;748;215,382;147;4;;2;748;0.07;5%;2.59;28%;5,720;;1;5,720;20;8,553;703;48%;20;12,156;703;20;16;15;01:13;4;59;59;703;0.16;0.6;10.72;3.84;00:25;11.76;457.8;18.72;27.85;17,239.35;134;1;7;11;18;36;2;2 hours;12;5;05:21;28:34;42%;4;1;6;
Seanibah95;1909;;5;;5;;;;3.3;16.51;3.3;7;6;;1,353;244;28;4,814;3;;;;28;0.09;11%;7;18%;412;;;412;7;4,814;412;;7;4,814;412;7;6;3;00:02;;28;28;412;;1.4;3.3;3.3;00:08;9.9;1,360.87;19.81;23.11;15,898.82;;;;;1;1;;4 minutes;0;;00:02;;;;0;0;
Semitaur;3703;4;30;8;8;3;5;;6.7;25.14;3.35;42;34;13;3,547;1,058;69;17,597;9;;;;69;0.06;6%;2.8;29%;1,244;;;1,244;11;4,817;502;;11;5,538;502;14;8;3;00:01;3;28;28;502;;1.2;12.57;10.89;00:01;7.54;1,042.92;28.5;35.2;14,750.85;15;;1;0;1;3;;17 minutes;1;0;00:01;01:45;27%;;0;1;
ShadowBandane;2973;4;11;3;10;4;3;;5.03;18.45;6.71;18;8;2;2,107;671;30;11,374;4;;;;30;0.06;4%;1.8;31%;143;;;143;8;2,729;104;;8;7,797;143;17;8;4;00:23;2;25;11;143;;0.31;16.77;3.35;00:40;6.71;240.14;13.42;30.19;19,080.05;10;;;0;2;2;;7 minutes;1;1;00:23;02:09;84%;;;0;
Shes My Nerd;3000;3;3;;3;3;;;;7.51;7.51;6;4;;1,813;519;28;9,158;;;;;28;0.08;5%;1.5;28%;313;;;313;6;4,038;181;;6;9,158;313;6;4;;00:02;;28;21;313;;0.92;10.02;;00:06;2.5;783.03;10.02;15.03;22,943.26;4;;1;0;0;2;;5 minutes;0;0;00:02;;100%;
Shmedium Undies;3982;13;22;15;8;4;5;;13.87;20.34;12.02;50;27;13;4,530;1,544;97;29,091;18;;;;97;0.1;6%;3.57;34%;1,183;;;1,183;7;4,099;351;;7;12,230;351;16;11;7;00:07;5;35;16;351;;1.29;12.94;12.02;00:11;16.64;1,093.89;24.96;46.23;26,903.15;14;;0;1;3;4;;15 minutes;1;0;00:12;05:12;40%;;;1;
Sinature;0;57;152;26;21;11;3;1;2.96;17.32;6.49;235;142;32;34,110;8,564;524;147,082;99;;;2;524;0.08;6%;3.17;25%;5,560;;;5,560;13;6,884;576;36%;13;27,027;981;35;23;14;01:36;7;118;50;981;0.22;0.93;8.43;3.64;00:45;11.28;633.62;16.18;26.77;16,760.98;74;;11;6;13;30;5;1 hour;9;7;06:43;13:51;84%;3;0;1;
SirJamesParker;0;84;142;36;23;13;9;1;3.9;15.38;9.1;262;171;52;19,106;6,416;572;123,712;50;4;;2;572;0.1;8%;4.09;33%;6,798;;1;6,798;17;8,775;646;48%;17;15,037;1,130;34;23;12;00:40;9;88;31;1,130;0.21;1.21;6.93;5.63;00:14;5.41;736.68;18.53;28.39;13,406.6;64;1;7;7;17;31;7;1 hour;9;9;02:16;19:51;95%;4;0;0;
Skittle Kitteh;0;;3;2;3;;2;;7.21;10.82;;5;4;3;694;212;10;3,833;;;;;10;0.05;4%;1.25;30%;307;;;307;3;1,698;230;;3;2,997;230;5;4;;00:03;3;10;10;230;;1.68;14.43;10.82;00:13;3.6;1,109.07;14.43;18.04;13,830.8;4;;0;0;;0;;3 minutes;0;;00:03;;;;0;0;
SlowWhelp151488;3909;24;49;13;8;6;3;1;4.5;16.98;8.31;86;49;13;13,339;3,708;257;64,454;40;3;;2;257;0.1;6%;1.95;27%;2,851;;;2,851;11;4,655;538;50%;11;11,996;619;16;7;8;01:48;3;74;59;619;0.69;1.13;15.24;4.5;01:23;13.86;988.12;16.98;29.8;22,335.89;44;;3;4;2;8;;41 minutes;3;2;04:00;04:27;54%;3;0;1;
Spic3mast3r;2992;;2;;2;;;;4.85;9.7;4.85;4;3;2;650;155;10;2,927;;;;;10;0.06;6%;2;23%;481;;;481;2;1,482;481;1%;2;2,507;481;3;3;;00:02;2;10;8;481;;3.27;9.7;9.7;00:12;4.85;2,332.82;14.56;19.41;14,210.05;2;;;0;0;1;;2 minutes;0;0;00:02;00:01;44%;;;0;
Spinola94;2367;;;3;;;3;;10.91;3.63;;4;3;;946;400;19;6,468;3;;;;19;0.11;4%;;42%;2;;;2;4;2,869;2;;4;5,458;2;4;3;3;;;14;7;2;;0;14.54;;;10.91;5.72;10.91;14.54;23,525.62;4;;;;1;1;;2 minutes;0;;;00:20;;;;0;
SQ1B;0;43;102;16;13;9;3;;2.64;16.85;7.1;161;95;22;28,873;8,076;312;129,853;46;;;;312;0.06;3%;2.43;27%;4,484;;;4,484;13;6,660;454;44%;13;17,744;646;19;11;6;01:01;4;51;30;646;;0.92;10.9;3.63;00:42;7.59;740.76;15.69;26.59;21,453.07;66;;6;3;5;14;2;1 hour;6;2;04:17;04:10;34%;;1;3;
STICKYFING8RS;3045;8;30;3;8;3;;;1.55;15.5;4.13;41;22;8;7,851;2,110;101;33,591;12;;;;101;0.07;4%;1.64;26%;670;;;670;9;4,467;413;49%;9;7,013;413;11;5;5;00:07;2;25;19;413;;0.49;12.92;4.13;00:07;6.2;346.24;11.37;21.19;17,365.29;25;;1;2;3;6;;22 minutes;2;1;00:14;01:57;29%;;0;1;
SupaNoobGuy;4415;177;447;100;20;12;7;1;4.39;19.65;7.78;724;494;135;74,309;24,317;1,542;422,305;180;5;;4;1,542;0.09;6%;4.28;32%;24,638;;1;24,638;19;9,590;924;58%;19;25,105;1,458;32;25;9;02:21;12;72;37;1,458;0.17;1.51;7.43;5.93;00:13;7.91;1,083.31;21.72;31.83;18,568.16;169;1;16;18;41;75;20;4 hours;23;16;05:14;57:32;70%;4;1;5;
Tensa;0;2;14;8;7;2;6;;13.75;24.07;3.43;24;18;6;3,077;961;52;16,942;5;;;;52;0.08;5%;3.42;31%;1,558;;;1,558;10;4,905;457;;10;6,530;793;13;11;4;00:12;4;21;18;793;;2.53;12.03;10.31;00:30;8.59;2,678.29;30.94;41.26;29,130.77;7;;0;0;1;1;;10 minutes;1;1;00:17;03:20;98%;3;;0;
thats my sock;3409;3;18;2;7;2;;;1.28;11.55;1.92;23;14;4;4,031;970;68;15,506;3;;;;68;0.08;7%;1.64;24%;379;;;379;9;2,790;116;53%;9;5,241;193;9;6;3;00:06;2;27;16;193;;0.46;8.98;2.56;00:04;1.92;243.12;8.98;14.76;9,955.22;14;;1;1;3;5;;13 minutes;2;0;00:06;00:14;6%;;;1;
The Jeff Janis;3214;;;;;;;;;4.8;;;;;483;180;4;2,439;;;;;4;0.06;2%;0.5;37%;;;;;;2,153;;56%;1;2,173;;;;;00:03;;2;2;;;;9.61;4.8;00:15;;;4.8;4.8;11,718.6;2;;;0;0;0;;1 minute;0;;00:03;;;;;0;
The Shad0w Wolf;0;;3;;3;;;;;8.84;;3;2;2;1,317;341;20;4,515;;;;;20;0.06;5%;1.5;25%;428;;;428;2;3,596;428;;2;4,515;428;3;2;;;2;20;11;428;;1.49;5.89;5.89;;;1,261.84;5.89;8.84;13,310.7;2;;;;0;0;;4 minutes;0;;;;;;;0;
Toxic Depth;2612;5;17;;11;4;;;1.44;24.61;7.23;23;16;6;2,540;642;54;10,964;11;;;;54;0.1;8%;2.55;25%;323;;;323;8;3,332;175;22%;8;6,683;271;15;10;7;00:05;5;27;25;271;;0.64;13.03;8.68;00:10;15.92;468.07;23.16;33.3;15,875.38;9;;1;1;1;3;;8 minutes;1;0;00:07;03:48;52%;;;0;
Trooper X46;2314;13;24;8;14;8;3;1;6.03;18.1;9.8;45;27;5;4,390;1,062;74;15,475;23;;;2;74;0.08;6%;7.5;24%;1,513;;;1,513;10;4,853;361;57%;10;7,148;737;25;14;12;00:16;3;38;37;737;1.5;1.74;4.52;3.77;00:26;17.35;1,141.12;20.36;33.94;11,674.22;6;;3;1;1;5;;14 minutes;1;1;00:35;01:52;68%;3;;0;
Truck555;3000;22;52;26;15;7;7;;4.83;9.66;4.09;100;65;16;21,248;6,932;262;104,745;41;;;;262;0.06;3%;1.75;32%;7,485;;;7,485;10;8,855;881;47%;10;35,443;2,198;24;16;12;00:51;5;67;19;2,198;;1.94;10.59;2.97;00:33;7.62;1,391.86;12.08;18.59;19,476.69;57;;9;5;4;17;3;1 hour;5;2;03:01;03:35;43%;;0;3;
TzTM;3974;2;11;;4;;;;;7.36;1.33;13;6;;4,394;492;27;8,372;3;;;;27;0.02;5%;;11%;496;;;496;3;1,940;341;41%;3;2,214;341;5;2;3;00:05;;10;10;341;;0.54;8.7;0.66;00:04;2;332.35;4.01;8.7;5,606.01;13;;0;1;1;3;;15 minutes;1;0;00:06;;2%;;;1;
Verity;3388;;3;;3;;;;4.58;13.74;;4;4;;936;461;10;8,383;;;;;10;0.06;2%;;49%;293;;;293;2;3,547;177;;2;8,383;293;4;4;;;;10;7;293;;1.92;18.32;;;;1,343.65;18.32;18.32;38,413.34;4;;0;;0;1;;2 minutes;0;;;;;;;0;
Vexualy;4027;9;27;5;10;3;3;;1.93;10.43;3.47;41;24;9;5,055;1,283;84;21,873;13;;;;84;0.06;6%;2.41;25%;1,343;;;1,343;14;7,114;592;33%;14;7,114;592;15;11;4;00:26;4;23;23;592;;1.09;6.56;3.47;00:26;5.02;519.08;9.27;15.84;8,452.36;17;;2;2;0;4;;20 minutes;3;1;01:08;02:08;19%;3;;2;
Visper;2998;2;31;4;13;2;3;;2.26;17.55;1.13;37;28;2;3,919;844;101;16,993;28;;;;101;0.17;11%;18.5;21%;75;;;75;14;6,806;56;24%;14;7,391;56;18;14;12;02:02;2;39;39;56;;0.13;1.13;1.13;02:40;15.85;42.45;15.85;20.94;9,621.65;2;;0;1;6;7;2;9 minutes;2;2;04:43;06:42;100%;
vKure;4326;10;35;3;11;3;;;1.19;13.93;3.98;48;29;6;7,518;2,485;100;42,895;17;;;;100;0.05;4%;1.92;33%;2,391;;1;2,391;9;6,689;426;42%;9;7,077;724;15;11;4;01:06;3;16;11;724;;1.38;9.95;2.38;00:53;6.76;952.09;11.54;19.11;17,079.85;25;1;2;2;4;8;;28 minutes;3;1;02:13;04:49;38%;;0;1;
VW GTI G0DSP33D;3574;;3;;3;;;;1.89;5.67;;4;2;;2,075;563;12;7,733;;;;;12;0.03;2%;0.57;27%;;;;;2;2,945;;54%;2;6,463;;4;2;;;;7;3;;;;13.23;;;;;3.78;7.56;14,615.99;7;;;1;1;2;;5 minutes;1;;;;;;;1;
Wavy as;3000;11;39;5;11;3;2;;1.59;12.47;3.51;55;36;11;12,970;3,592;161;57,160;13;;;;161;0.07;4%;1.89;27%;4,446;;;4,446;5;7,459;756;34%;5;12,391;1,222;13;8;5;01:51;4;54;17;1,222;;1.99;9.27;3.51;00:43;4.15;1,422.23;11.51;17.59;18,283.13;29;;2;3;3;8;2;37 minutes;3;1;02:15;01:17;47%;;0;1;
WELSHMANIA;4025;;6;3;6;;3;;5.98;11.96;;9;8;;1,324;498;19;9,820;5;;;;19;0.07;3%;3;37%;528;;;528;6;4,887;333;36%;6;8,762;528;9;8;5;00:41;;15;6;528;;2.08;5.98;1.99;01:23;9.96;1,052.21;15.94;17.94;19,574.47;3;;;;2;2;;4 minutes;1;0;00:41;00:14;94%;;;0;
Westside Ryderz;3000;3;7;5;3;2;3;;2.12;2.97;1.27;15;11;3;3,505;1,086;59;20,139;7;;;;59;0.04;5%;0.55;30%;2,108;;;2,108;4;3,135;606;52%;4;4,909;606;6;6;3;00:12;;18;9;606;;1.44;11.47;1.27;00:08;2.97;895.99;4.67;6.37;8,559.16;27;;2;2;1;5;;24 minutes;2;;00:20;00:20;;;;2;
Whos Riven;3371;;10;;4;;;;;13.14;1.31;11;9;2;1,686;446;36;7,160;6;;;;36;0.08;8%;1.37;26%;168;;;168;4;1,909;115;26%;4;3,951;168;4;4;4;00:45;;24;10;168;;0.41;10.51;2.62;01:00;7.88;220.57;11.83;14.45;9,412.28;8;;1;0;2;3;;6 minutes;1;0;00:45;00:02;34%;;;0;
Wookiee Steve;2615;10;8;5;5;8;3;;8.89;14.23;17.78;23;16;;2,690;862;34;16,334;5;;;;34;0.07;3%;2.55;32%;499;;;499;8;4,814;268;;8;11,280;399;15;11;5;00:17;;27;10;399;;1.08;16;1.77;00:30;8.89;886.84;28.46;40.91;29,055.32;9;;1;0;1;2;;7 minutes;1;;00:17;03:33;;;;1;
WSXRQ;3188;;2;;2;;;;;74.4;;2;;;418;40;;256;;;;;;;;;9%;;;;;2;256;;9%;2;256;;2;;;;;;;;;;;;;37.2;;37.2;74.4;9,527.1;;;0;;0;0;;26.446959000080824 seconds;0;0;;;100%;
Wxnderful;0;22;84;31;12;6;10;1;6.14;16.66;4.36;137;87;15;17,548;5,263;381;96,104;26;2;;;381;0.13;7%;3.7;29%;2,950;;;2,950;24;13,393;430;42%;24;17,007;758;26;15;6;01:39;3;100;63;758;0.19;1.05;7.33;2.97;00:27;5.15;585.13;17.25;27.17;19,063.58;37;;5;5;9;19;2;46 minutes;5;3;02:17;10:13;66%;3;;2;
Xandoid;3131;9;11;2;9;6;2;;1.93;10.62;8.68;22;11;;4,221;1,367;31;22,779;13;;;;31;0.04;2%;2.44;32%;481;;;481;10;4,151;232;29%;10;14,552;232;17;8;10;01:16;;15;13;232;;0.68;8.68;;01:31;12.55;464.3;10.62;21.24;21,991.87;9;;1;1;1;3;;11 minutes;1;0;01:34;01:06;40%;;0;1;
xHAZ4RDZx;3383;;10;;9;;;;;26.32;;10;6;;1,552;320;36;4,621;5;;;;36;0.18;11%;;20%;;;;;9;3,468;;14%;9;3,468;;9;5;5;;;18;18;;;;;2.63;;13.16;;15.79;26.32;12,163.18;;;0;;;0;;3 minutes;0;0;;00:17;39%;;;0;
xo Mudkips;2239;47;148;24;24;10;8;;2.86;17.64;5.6;219;151;51;27,500;6,461;381;100,035;103;2;;;381;0.05;5%;2.32;23%;6,296;;;6,288;12;4,221;736;33%;12;17,156;1,357;39;25;22;01:24;14;56;20;1,349;;0.97;11.2;6.08;00:45;12.28;750.62;18;26.11;11,926.52;94;;7;11;12;30;3;1 hour;8;3;06:24;14:40;31%;3;1;5;
xPMoney7;2746;25;146;24;18;3;5;;4.03;24.54;4.2;195;143;50;23,089;6,141;417;95,941;66;;;;417;0.08;6%;2.78;26%;3,759;;;3,759;11;4,674;375;53%;11;12,784;523;24;18;8;00:09;5;60;37;523;;0.78;11.76;8.4;00:09;11.09;631.97;24.03;32.78;16,128.46;70;;6;6;7;19;;1 hour;6;1;00:55;11:17;25%;3;1;4;
xSipyyy;;3;7;;7;3;;;2.89;20.27;8.69;11;8;;1,411;544;19;9,425;;;;;19;0.07;3%;3.66;38%;236;;;236;4;4,960;138;38%;4;9,425;236;11;8;;00:00;;19;6;236;;0.93;8.69;2.89;00:02;2.89;683.14;23.17;31.86;27,302.52;3;;1;0;1;2;;4 minutes;0;0;00:00;;100%;
Xvanthious;2465;91;404;79;24;9;6;1;3.31;16.94;3.81;574;379;118;88,812;19,220;1,283;314,537;273;5;;;1,283;0.07;6%;2.49;21%;6,065;;;6,065;22;9,970;444;62%;22;19,025;502;30;22;25;03:40;7;148;83;502;0.04;0.35;9.64;4.95;00:35;11.45;254.43;15.89;24.07;13,194.99;230;;20;20;28;68;19;4 hours;24;11;13:55;35:39;48%;4;1;11;
XxScourgexX1;2567;;10;2;10;;2;;4.39;21.98;2.19;13;12;3;1,200;226;18;4,617;9;;;;18;0.04;7%;1.85;18%;364;;;364;6;1,852;225;;6;4,385;364;13;12;9;00:06;3;18;9;364;;0.94;15.38;6.59;00:13;19.78;799.09;26.38;28.57;10,150.78;7;;0;2;0;2;;6 minutes;0;0;00:06;01:48;8%;;;0;
XxTORBJORNxX;1223;46;345;51;19;5;9;;1.46;9.89;1.31;442;262;76;185,324;15,793;1,012;224,875;150;4;;;1,012;0.04;6%;1.74;8%;9,961;;;9,961;11;6,295;685;50%;11;15,165;748;33;18;18;00:56;6;105;40;748;;0.43;7.25;2.18;00:09;4.3;285.83;7.51;12.68;6,452.63;253;;28;22;11;60;4;6 hours;35;17;05:20;03:05;48%;3;1;17;
yoyohurricanes;4167;15;35;4;9;4;2;;1.45;12.77;5.47;54;35;12;6,747;2,276;149;38,681;12;;;;149;0.08;6%;2.57;33%;1,450;;1;1,450;7;7,284;280;41%;7;8,172;280;13;7;4;00:17;4;31;20;280;;0.79;7.66;4.37;00:13;4.37;529.19;12.77;19.7;14,113.36;21;;2;1;4;7;;30 minutes;3;2;00:37;00:25;65%;;;1;
ZanderzHD;0;12;22;6;22;12;6;;6;22;12;40;21;;2,706;813;60;13,999;13;;;;60;0.12;7%;;30%;1,217;;;1,217;24;7,143;758;30%;24;13,999;1,217;40;21;13;02:03;;60;35;1,217;;2.45;;1;02:03;13;1,216.53;21;40;13,999.5;;;1;;4;5;;8 minutes;1;1;02:03;04:09;100%;3;
Zigo;0;;4;;4;;;;;35.16;8.79;5;3;;378;80;7;1,343;2;;;;7;0.07;8%;5;21%;;;;;4;821;;21%;4;1,343;;5;3;2;;;7;4;;;;8.79;;;17.58;;26.37;43.95;11,803.65;;;;;;;;1 minute;0;0;;;100%;
