Username;SR;Dragonstrike Kills;Dragonstrike Kills - Most in Game;Scatter Arrow Kills;Scatter Arrow Kills - Most in Game;Recon Assists - Most in Game;Melee Final Blow - Most in Game;Scatter Arrow Kills - Average;Dragonstrike Kills - Average;Eliminations;Final Blows;Solo Kills;Shots Fired;Shots Hit;Critical Hits;Damage Done;Objective Kills;Multikills;Environmental Kills;Melee Final Blows;Critical Hits;Critical Hits per Minute;Critical Hit Accuracy;Eliminations per Life;Weapon Accuracy;Teleporter Pads Destroyed;Turrets Destroyed;Eliminations - Most in Life;Damage Done - Most in Life;Weapon Accuracy - Best in Game;Kill Streak - Best;Damage Done - Most in Game;Eliminations - Most in Game;Final Blows - Most in Game;Objective Kills - Most in Game;Objective Time - Most in Game;Solo Kills - Most in Game;Critical Hits - Most in Game;Critical Hits - Most in Life;Melee Final Blows - Average;Deaths - Average;Solo Kills - Average;Objective Time - Average;Objective Kills - Average;Final Blows - Average;Eliminations - Average;Damage Done - Average;Deaths;Environmental Deaths;Medals - Bronze;Medals - Silver;Medals - Gold;Medals;Cards;Time Played;Games Played;Games Won;Objective Time;Time Spent on Fire;Win Percentage;Multikill - Best;Games Tied;Games Lost;
A Camping Cat;0;356;17;433;14;15;1;6.49;5.34;1,662;1,090;271;26,225;8,145;475;1,012,731;540;21;;21;475;0;5%;2.45;31%;;7;16;9,447;66%;16;22,166;49;27;19;01:29;8;13;6;0.31;10.14;4.06;00:38;8.1;16.35;24.94;15,200.16;676;2;54;58;73;186;23;14 hours;67;30;42:30;01:44:40;45%;5;7;29;
A Chill Lamp;4319;19;3;48;10;8;;8.98;3.55;141;85;16;1,825;491;23;53,390;48;;;;23;0;4%;2.93;26%;;;16;6,070;46%;16;7,574;20;15;9;00:25;4;5;3;;8.98;2.99;00:13;8.98;15.9;26.39;9,993.26;48;;5;4;4;13;;53 minutes;5;4;01:13;06:05;79%;3;;1;
AbductzZ;3964;30;6;92;10;14;1;7.96;2.59;244;162;57;3,359;869;37;90,932;63;;;2;37;0;4%;4.69;25%;;4;14;5,123;45%;14;15,445;29;20;14;00:57;7;7;4;0.17;4.5;4.93;00:15;5.45;14.02;21.12;7,873.96;52;3;15;12;6;33;2;1 hour;12;12;02:58;15:54;99%;3;;0;
Abdul Ahkbar;0;206;8;388;11;11;1;8.51;4.51;999;619;173;19,780;5,236;207;620,558;359;10;;2;207;0;3%;2.22;26%;;21;21;7,432;51%;21;14,024;24;16;12;02:04;6;7;3;0.04;9.82;3.79;01:06;7.87;13.57;21.91;13,611.76;448;;39;37;35;112;7;9 hours;46;19;50:51;01:32:42;42%;5;4;23;
AbduzeedoO;3912;11;6;30;6;9;;7.68;2.81;76;55;22;1,030;296;16;31,288;34;;;;16;0;5%;2.23;28%;;4;13;3,727;37%;13;10,661;26;16;14;00:24;7;5;2;;8.71;5.63;00:21;8.71;14.09;19.47;8,017.92;34;;3;5;3;10;;39 minutes;4;3;01:23;04:37;76%;3;;1;
Accel N6;3431;62;8;126;12;13;1;8.99;4.42;379;263;97;6,884;1,931;124;206,118;126;4;;4;124;0.01;6%;3.41;28%;;8;15;5,663;37%;15;19,722;45;30;16;00:53;12;16;6;0.28;7.92;6.92;00:25;8.99;18.77;27.05;14,712.94;111;;4;7;26;37;13;2 hours;14;6;05:58;42:23;39%;3;1;7;
AceSilver143;0;29;5;26;3;7;1;1.74;1.94;142;98;29;3,355;735;44;96,443;48;2;;;44;0;5%;1.1;21%;;;5;3,789;45%;5;11,404;15;10;6;01:09;3;5;4;0.06;8.57;1.94;00:23;3.21;6.56;9.51;6,463.41;128;2;7;6;4;17;;2 hours;15;2;05:56;03:33;12%;4;;13;
AM Presque;1724;;;5;4;3;;8.43;1.68;9;6;2;161;29;2;3,184;;;;;2;0;6%;;18%;;3;7;2,400;18%;7;2,400;7;5;;00:05;2;;;;;3.37;00:09;1.68;10.11;15.17;5,368.69;;;1;1;1;2;;5 minutes;1;0;00:05;00:01;45%;;;0;
aR CoSMo;0;;;;;;;;;2;2;;150;18;2;2,584;;;;;2;0;11%;0.25;12%;;;;445;;1;1,149;;;;00:00;;;;;13.71;1.71;00:00;;3.42;3.42;4,429.72;8;;1;1;0;2;;6 minutes;1;;00:00;;;;;1;
Asco HD;2602;100;12;194;13;14;;7.37;3.8;562;397;150;10,363;2,152;117;251,258;156;7;;5;117;0;5%;6.53;20%;;15;18;7,092;30%;18;18,639;38;27;20;00:30;14;10;4;0.19;3.26;5.7;00:06;5.93;15.09;21.36;9,553.61;86;;16;13;18;47;8;5 hours;26;12;02:51;31:44;46%;4;1;13;
Axemen;0;160;10;318;12;6;1;5.99;3.01;974;582;151;20,613;5,173;293;564,702;387;7;;;293;0;5%;1.64;25%;;12;13;8,510;66%;13;16,873;39;28;19;01:46;9;15;5;0.01;11.13;2.84;00:45;7.29;10.96;18.35;10,642.85;591;15;48;31;34;113;6;10 hours;53;22;40:32;20:59;41%;4;2;29;
B0LTi;3505;531;13;854;18;20;;7.97;4.96;2,948;1,916;626;48,604;11,508;735;1,331,447;837;24;;54;735;0.01;6%;4.12;23%;;22;22;8,956;40%;22;27,472;51;42;21;02:11;12;16;7;0.5;6.67;5.84;00:29;7.81;17.9;27.54;12,439.41;714;9;69;91;104;263;47;19 hours;107;99;53:15;03:35:48;92%;5;1;7;
BET0 SLV;3000;3;2;11;8;5;;5.39;1.47;36;25;4;537;79;8;7,205;6;;;;8;0;10%;4.5;14%;;;9;1,736;17%;9;4,280;19;16;3;00:07;3;6;3;;3.92;1.96;00:07;2.94;12.26;17.66;3,535;8;;2;2;;4;;16 minutes;2;2;00:14;01:40;100%;
Bounce Cityyyyy;3145;17;5;34;6;11;;6.01;3;138;94;37;1,859;497;37;57,886;49;;;;37;0;7%;2.7;26%;;2;9;3,277;30%;9;10,726;32;22;14;01:02;12;7;4;;9.02;6.54;00:39;8.67;16.63;24.42;10,245.29;51;;4;4;6;14;2;1 hour;6;3;03:43;09:50;47%;;1;2;
C1ZR;4124;43;9;71;12;14;1;7.46;4.52;286;200;59;4,109;1,082;84;130,957;71;2;;2;84;0.01;7%;4.02;26%;;;14;5,838;55%;14;21,514;49;33;15;00:55;13;15;6;0.21;7.46;6.2;00:27;7.46;21.04;30.08;13,777.47;71;;4;8;13;24;5;1 hour;10;7;04:22;24:43;72%;4;;3;
Chopper Le Porc;0;30;7;35;4;9;1;4.67;4;162;89;29;2,657;752;29;80,784;70;4;;;29;0;3%;1.78;28%;;15;10;3,908;41%;10;10,621;25;15;10;00:44;6;4;3;0.13;12.14;3.87;00:38;9.34;11.88;21.62;10,784.13;91;;4;6;12;22;;1 hour;7;3;04:46;12:44;42%;3;;4;
Chris Zettek;4009;8;3;17;3;5;;4.76;2.24;57;45;10;1,576;374;18;40,437;13;;;;18;0;4%;1.9;23%;;3;7;3,594;39%;7;7,709;11;9;5;00:19;4;4;3;;8.4;2.8;00:21;3.64;12.61;15.97;11,333.05;30;;2;3;6;11;2;39 minutes;4;1;01:18;00:48;23%;3;;3;
Coluge is back;4281;;;2;2;;;3.23;;5;3;2;119;18;;1,645;;;;;;;;0.62;15%;;;2;449;;2;1,645;5;3;;;2;;;;12.94;3.23;;;4.85;8.08;2,661.71;8;;;;2;2;;5 minutes;1;;;;;;;1;
Conduit;0;;;;;;;27.46;;;;;9;4;;300;;;;;;;;;44%;;;;246;;1;300;;;;;;;;;27.46;27.46;;;27.46;27.46;8,239.87;;;;0;0;0;;25.81930000334978 seconds;0;;;;;;;0;
CookiesMilkYum;4213;16;5;17;4;7;;3.34;3.14;90;60;15;1,229;374;26;43,408;38;;;;26;0;6%;2.04;30%;;5;10;4,391;43%;10;7,939;18;14;13;00:34;3;6;3;;8.64;2.94;00:24;7.47;11.79;17.69;8,533.63;44;;5;4;4;13;;52 minutes;5;2;02:03;02:55;43%;3;;3;
Corey Burlinson;0;29;6;48;11;6;1;7.83;4.73;162;110;29;2,069;650;51;71,797;39;;;;51;0.01;7%;2.61;31%;;;10;5,313;35%;10;12,111;22;17;8;00:32;6;10;6;0.16;10.12;4.73;00:26;6.36;17.95;26.44;11,719.29;62;;5;8;3;16;;1 hour;6;5;02:42;10:54;86%;3;;1;
Cow Lupin;1446;16;4;34;6;4;1;4.97;2.34;131;105;43;2,426;483;47;47,559;34;;;2;47;0.01;9%;6.89;19%;;7;11;4,960;25%;11;8,024;18;15;8;00:12;10;7;6;0.29;2.77;6.29;00:08;4.97;15.36;19.16;6,957.4;19;;7;5;4;17;2;1 hour;7;5;00:57;04:25;75%;3;;2;
DamianXCadena;2375;;;2;2;;;2.62;1.31;9;5;3;283;73;6;8,589;;;;;6;0.01;8%;1.8;25%;;;4;4,991;27%;4;4,991;4;4;;00:11;3;6;6;;6.55;3.93;00:15;1.31;6.55;11.8;11,264.35;5;;0;1;1;3;;8 minutes;1;;00:11;;;;;1;
DeftOrthruss;3000;;;2;2;3;;3.57;;5;3;;187;35;2;4,331;;;;;2;0;5%;0.83;18%;;;2;1,821;36%;2;3,556;5;3;;00:00;;2;;;10.72;1.78;00:00;1.78;5.36;8.93;7,741.66;6;;0;1;0;1;;5 minutes;1;;00:00;;;;;1;
Dog Thanatos;0;6;3;6;2;2;;2.61;2.61;22;11;2;744;192;10;23,397;5;;;;10;0;5%;0.91;25%;;;5;3,094;46%;5;7,147;7;3;3;00:09;;5;2;;10.47;0.87;00:07;2.18;4.8;9.6;10,214.36;24;;1;3;2;7;;21 minutes;2;0;00:16;;9%;;;2;
Doub1eAgent0reo;4447;5;5;2;2;;;4.56;11.4;18;8;;214;56;2;7,316;3;;;;2;0;3%;3.6;26%;;;8;2,255;;8;6,599;17;7;3;00:01;;2;;;11.4;2.28;00:02;6.84;18.25;41.06;16,689.3;5;;0;0;1;1;;5 minutes;0;0;00:01;02:38;100%;3;
DoubledLizard;2864;2;2;2;2;3;;3.33;3.33;8;7;3;229;48;;4,917;5;;;;;0;2%;2.66;20%;;2;4;2,043;22%;4;3,303;5;4;4;00:35;2;;;;4.99;4.99;00:59;8.33;11.66;13.32;8,192.28;3;;0;1;1;2;;6 minutes;1;0;00:35;;16%;;;1;
DrivebySamura1;4035;92;11;174;14;11;;7.14;3.77;534;362;121;8,434;2,422;163;303,298;196;7;;8;163;0.01;6%;2.48;28%;;;23;9,718;39%;23;20,219;38;27;19;01:36;9;13;7;0.32;8.82;4.96;00:39;8.04;14.85;21.91;12,446.77;215;4;11;23;27;61;10;4 hours;24;8;16:08;51:33;34%;3;1;15;
Elsayer;0;2;2;;;2;;;2.94;12;9;3;222;51;5;6,605;3;;;;5;0;9%;1.71;22%;;;3;1,557;23%;3;5,713;10;7;3;00:03;3;4;2;;10.29;4.41;00:05;4.41;13.23;17.64;9,715.06;7;;0;;2;2;;8 minutes;1;;00:03;;;;;1;
Emit Pain;4149;16;3;29;4;5;;6.14;3.38;124;70;21;2,301;450;41;52,961;34;;;;41;0.01;9%;3.44;19%;;3;13;5,450;20%;13;6,747;18;11;5;00:58;4;8;6;;7.62;4.44;00:21;7.2;14.82;26.26;11,219.61;36;;1;4;4;10;;52 minutes;5;4;01:41;02:38;81%;3;;1;
FANCYHOODLUM;3577;5;2;7;2;3;;3.55;2.53;30;19;4;849;137;17;17,663;12;;;;17;0.01;12%;1.11;16%;;;6;2,339;34%;6;2,431;7;6;4;00:07;;5;5;;13.7;2.03;00:11;6.09;9.64;15.22;8,964.4;27;;2;1;1;4;;26 minutes;2;1;00:22;;28%;;1;1;
FotR Ragnarok;2758;;;5;5;3;;8.09;;12;8;2;252;49;3;5,104;9;;;;3;0;6%;1.09;19%;;;5;1,613;;5;5,104;12;8;9;00:22;2;3;2;;17.81;3.23;00:35;14.57;12.95;19.43;8,264.27;11;;1;1;1;2;;8 minutes;1;1;00:22;00:20;100%;
fusion360elite;2922;40;10;34;5;3;;4.02;4.72;153;94;23;3,910;970;36;100,307;72;2;;;36;0;3%;1.82;24%;;3;12;6,566;57%;12;15,203;35;23;16;02:27;4;9;5;;9.93;2.71;00:38;8.51;11.11;18.09;11,860.92;84;;8;9;8;25;;1 hour;8;0;05:24;08:03;0%;3;1;8;
Genju Main;3649;71;7;126;15;13;;7.8;4.39;478;320;93;6,883;1,788;176;209,643;151;7;;;176;0.01;9%;2.91;25%;;2;16;8,546;36%;16;18,844;50;33;23;01:06;9;16;8;;10.16;5.76;00:32;9.35;19.82;29.61;12,987.86;164;4;12;11;16;39;4;3 hours;16;6;08:37;32:42;37%;4;2;8;
godstomper231;3360;18;5;2;;;;0.86;7.74;61;36;13;806;242;21;39,038;25;2;;;21;0;8%;1.74;30%;;;11;5,957;37%;11;12,280;18;12;11;01:58;5;14;6;;15.06;5.59;01:07;10.75;15.49;26.25;16,801.18;35;;2;3;2;8;;37 minutes;2;1;02:36;02:01;22%;4;0;2;
HerBakedPizza;3000;2;2;4;4;;1;4.95;2.47;9;5;;210;46;4;5,474;2;;;;4;0.01;8%;9;21%;;;8;5,261;;8;5,474;9;5;2;;;4;4;1.23;1.23;1.23;;2.47;6.19;11.15;6,786.72;;;;1;;1;;4 minutes;1;1;;;100%;
Hi Jeremiah;0;12;6;13;5;5;1;6.24;5.76;43;29;13;761;171;11;18,335;13;2;;;11;0;6%;2.68;22%;;;6;3,630;;6;6,633;12;8;6;00:06;4;4;3;0.48;7.69;6.24;00:07;6.24;13.94;20.67;8,814.75;16;;4;2;1;7;;20 minutes;2;1;00:15;01:57;47%;3;;1;
Hiperninja;0;11;11;11;11;12;1;16.45;16.45;42;30;8;488;129;6;16,129;21;;;;6;0;4%;3.23;26%;;;10;3,148;;10;16,129;42;30;21;01:11;8;6;2;1.49;19.44;11.96;01:46;31.4;44.87;62.81;24,123.58;13;;1;2;;3;;16 minutes;1;1;01:11;06:23;100%;3;
Hoistly;;33;6;63;11;13;1;5.95;3.11;212;128;43;3,378;922;65;103,132;86;2;;;65;0;7%;2.75;27%;;7;11;4,618;36%;11;18,818;32;22;17;01:44;9;12;5;0.09;7.27;4.06;00:57;8.12;12.09;20.03;9,748.53;77;;9;3;9;20;3;1 hour;11;8;10:04;09:03;72%;4;1;2;
I Horizontal I;1948;;;2;2;;;8.08;;4;4;;59;17;;1,851;2;;;;;0;5%;;28%;;;2;770;28%;2;1,851;4;4;2;00:05;;;;;16.16;4.04;00:23;8.08;16.16;16.16;7,484.43;4;;;1;0;1;;3 minutes;0;;00:05;;;;;0;
I Only Torbjorn;3571;;;2;2;;;9.11;;;;;111;;;3,701;;;;;6;;;;28%;;;;;;;3,701;;;;;;6;6;;4.55;9.11;00:22;9.11;13.66;18.22;16,862.38;;;;;0;1;;2 minutes;;;00:04;00:35;;;;0;
IamSlak;2595;16;9;17;9;;;6;5.65;57;46;12;757;232;16;27,673;18;2;;;16;0;6%;2.71;30%;;;13;5,026;37%;13;9,809;24;20;7;00:24;7;8;7;;7.41;4.23;00:14;6.35;16.24;20.13;9,773.63;21;;3;2;1;6;;27 minutes;3;2;00:39;05:59;69%;4;;1;
iArctos;0;17;11;21;8;5;;8.7;7.04;73;50;12;1,042;245;20;32,825;23;;;;20;0.01;8%;2.7;23%;;;12;7,437;;12;16,847;34;26;10;00:41;7;12;6;;11.18;4.97;00:33;9.53;20.72;30.25;13,603.57;27;;2;1;6;8;;31 minutes;2;2;01:21;06:14;82%;3;;0;
IGenjiMain;3646;358;16;711;18;15;1;10.62;5.34;1,913;1,298;407;31,169;9,279;440;1,057,964;649;30;;5;440;0;4%;3.84;29%;;15;21;8,693;51%;21;22,658;54;35;28;01:41;16;10;6;0.07;7.44;6.08;00:38;9.69;19.39;28.58;15,808.48;498;3;40;44;107;190;37;13 hours;67;45;43:25;03:03:44;67%;5;2;20;
II BigGash II;;;;;;;;4.92;;;;;72;19;;2,136;;;;;;;;;26%;;;;2,136;;1;2,136;;;;;;;;;4.92;4.92;;;4.92;4.92;10,517.22;;;;0;0;1;;1 minute;0;0;;;100%;
II Scar3CroW;0;83;8;158;11;14;;4.95;2.6;485;299;110;11,131;2,298;135;261,513;204;3;;2;135;0;5%;1.8;20%;;;11;4,113;34%;11;15,618;27;20;15;01:44;8;8;4;0.06;8.41;3.45;00:29;6.4;9.38;15.22;8,208.14;268;3;29;24;14;67;2;5 hours;32;10;15:43;14:27;31%;3;2;20;
II Table;3635;429;12;534;11;14;1;5.92;4.76;2,026;1,302;376;37,297;9,376;583;1,105,517;686;37;;2;583;0;6%;2.97;25%;;16;20;11,746;44%;20;21,918;41;34;17;01:08;12;20;7;0.02;7.55;4.17;00:26;7.61;14.44;22.48;12,269.2;681;10;63;61;56;181;16;17 hours;90;62;39:38;01:53:32;69%;5;4;24;
Im Forgiving;4021;101;8;207;15;7;1;7.29;3.56;722;501;111;8,564;2,638;192;306,281;265;6;;5;192;0;7%;2.88;30%;;13;13;4,721;50%;13;18,424;41;31;17;01:51;17;16;8;0.17;8.81;3.91;00:59;9.34;17.66;25.45;10,799.84;250;;27;27;23;77;7;5 hours;28;23;28:18;47:30;81%;4;0;5;
Im Voxie;3653;323;17;501;17;16;1;7.15;4.6;2,097;1,385;351;27,080;7,762;746;938,133;686;33;;9;746;0.01;9%;3.22;28%;;2;20;7,405;62%;20;28,316;57;40;27;01:29;11;25;11;0.12;9.27;5;00:32;9.79;19.76;29.92;13,388.77;650;12;34;50;92;176;24;14 hours;70;39;38:04;02:43:18;56%;5;2;28;
Ind3mnity;0;18;4;40;8;10;;5.86;2.63;114;75;20;2,250;528;25;58,277;41;2;;;25;0;4%;1.44;23%;;8;7;3,965;36%;7;11,048;24;14;7;00:40;4;5;2;;11.57;2.93;00:30;6;10.99;16.7;8,539.81;79;;3;6;2;12;;1 hour;7;2;03:26;02:35;23%;3;1;4;
Infamous Bounty;3724;64;6;104;8;10;;5.4;3.32;363;199;59;6,791;1,988;71;230,632;106;6;;;71;0;3%;2.57;29%;;;11;7,887;52%;11;13,686;25;16;10;01:01;4;6;4;;7.33;3.06;00:28;5.51;10.34;18.87;11,991.29;141;2;14;11;15;40;4;3 hours;19;4;09:03;11:01;22%;4;1;14;
iSttoooLen;3927;77;9;217;18;12;;7.16;2.54;595;410;158;7,678;1,920;109;219,287;110;5;;9;109;0;5%;4.57;25%;;4;22;15,667;37%;22;15,667;33;22;9;00:45;10;8;5;0.29;4.29;5.21;00:15;3.63;13.53;19.64;7,240.57;130;2;19;19;28;66;14;4 hours;30;30;07:42;43:30;99%;5;;0;
Itothean511;3875;5;5;13;13;12;;10.27;3.95;38;25;5;571;199;5;22,618;14;;;;5;0;2%;4.75;34%;;;7;5,761;35%;7;22,418;37;25;14;00:24;5;5;2;;6.32;3.95;00:46;11.06;19.75;30.02;17,873.54;8;;1;1;1;4;;14 minutes;1;1;00:58;00:37;99%;;;0;
ItsCONRAD;3497;40;5;82;10;7;;6.48;3.16;253;155;54;4,542;1,250;60;143,061;85;4;;;60;0;4%;2.18;27%;;;11;5,064;40%;11;10,002;24;18;14;00:58;9;6;4;;9.18;4.27;00:26;6.72;12.26;20.02;11,322.45;116;;12;9;9;30;2;2 hours;13;2;05:38;10:51;17%;3;1;9;
iUnExpected;4083;3;2;2;;;;1.57;2.36;25;13;;344;94;9;13,297;8;;;;9;0;9%;2.27;27%;;;8;4,729;35%;8;4,815;10;5;4;00:56;;4;3;;8.67;0.78;01:38;6.31;10.25;19.72;10,490.35;11;;1;0;1;2;;15 minutes;1;0;02:04;;19%;;;1;
IX HALFBREED XI;3077;;;;;;;8.49;;3;;;53;12;;1,250;;;;;;;;;22%;;;2;563;;2;1,250;3;;;;;;;;25.49;;;;;25.49;10,628.39;3;;0;;;0;;2 minutes;0;0;;;100%;
J Smoooove;2634;;;;;;;14;;;;;28;17;;1,677;;;;;;;;;60%;;;;1,114;60%;1;1,677;;;;;;;;;14;;;;14;14;23,486.35;;;;;0;0;;1 minute;0;;;;;;0;0;
JDaawg23;2339;;;;;;;;1.03;2;;;186;35;;4,923;;;;;;;;0.4;18%;;;;1,465;;1;3,458;2;;;00:02;;;;;5.15;;00:02;;1.03;2.06;5,074.06;5;;0;;0;0;;5 minutes;1;;00:02;;;;;1;
JDn808;2713;6;2;7;4;2;;4.89;4.19;15;11;9;516;108;7;13,412;3;;;;7;0;6%;1.25;20%;;;5;3,217;18%;5;4,513;8;5;2;00:26;4;3;3;;8.38;6.28;00:22;2.09;7.68;10.48;9,371.97;12;;1;1;1;3;;13 minutes;1;;00:31;00:40;;;;1;
JerryAlphaCode;3591;3;3;;;2;;4.29;12.89;5;5;3;64;24;;2,649;;;;;;;;;37%;;;5;2,649;37%;5;2,649;5;5;;;3;;;;;12.89;;;21.49;21.49;11,389.66;;;;0;1;1;;2 minutes;0;;;;;;;0;
Joshua x FX;2287;4;2;4;;;;2.84;2.84;17;11;3;449;98;17;12,547;9;;;;17;0.01;17%;0.77;21%;;;5;3,006;50%;5;3,006;5;4;4;00:11;2;5;5;;15.67;2.13;00:35;6.41;7.83;12.11;8,938.58;22;;0;0;1;2;;16 minutes;1;0;00:49;;17%;;0;1;
KageEinjeruE102;4072;;;2;2;;;6.04;;3;2;;71;8;;756;;;;;;;;3;11%;;;3;756;11%;3;756;3;2;;00:04;;;;;3.02;3.02;00:13;3.02;6.04;9.06;2,284.41;;;0;0;1;1;;2 minutes;0;0;00:04;;98%;;;0;
KaIlkz;3399;;;;;;;3.03;;2;;;87;13;;1,758;;;;;;;;0.66;14%;;;;1,180;;1;1,758;2;;;00:06;;;;;9.11;3.03;00:21;3.03;3.03;6.07;5,343.23;3;;0;;0;1;;2 minutes;0;0;00:06;;100%;
KEIHEI;0;138;13;218;15;14;;8.39;5.31;809;531;140;9,925;3,172;163;375,858;260;12;;6;163;0;5%;5.35;31%;;6;22;9,581;83%;22;23,031;56;44;27;04:00;11;18;5;0.23;5.81;5.38;00:55;10;20.44;31.14;14,468.97;151;;15;24;33;72;12;4 hours;26;24;24:02;01:27:15;91%;4;;2;
KING IZ SIIC;3443;24;7;24;5;8;;5.59;5.59;95;55;16;1,721;477;26;61,384;35;4;;;26;0;5%;2.43;27%;;;14;5,502;31%;14;10,247;19;9;11;00:42;4;5;4;;9.08;3.72;00:56;8.15;12.81;22.13;14,302.27;39;;3;4;7;14;2;53 minutes;4;2;04:02;05:44;44%;5;0;2;
King TurkeyNeck;2796;11;4;15;4;6;;7.25;5.31;57;47;15;921;261;17;31,771;11;;;;17;0;6%;2.71;28%;;;9;5,272;41%;9;7,226;17;13;2;00:05;7;5;3;;10.15;7.25;00:08;5.31;22.72;27.56;15,364.07;21;;1;1;3;5;;28 minutes;2;1;00:17;06:17;64%;3;;1;
Kingg Tuttle;0;;;;;;;1.79;1.79;7;5;;202;40;6;5,587;2;;;;6;0.01;15%;1.16;19%;;;3;1,795;;3;3,851;4;3;2;00:11;;3;2;;10.74;1.79;00:27;3.58;8.95;12.53;10,006.68;6;;0;0;0;1;;5 minutes;1;;00:15;;;;;1;
KoolKiran;3992;;;;;;;9.2;;2;;;68;27;;2,860;;;;;;0;3%;;39%;;;;1,620;;1;2,860;2;;;;;;;;18.41;9.2;;;9.2;18.41;26,334.41;2;;;0;0;0;;1 minute;0;;;;;;;0;
Leveyez;3556;111;12;161;12;11;;6.15;4.24;517;318;83;9,872;3,049;128;348,128;184;8;;;128;0;4%;1.99;30%;;4;10;7,229;58%;10;29,009;42;28;22;01:55;9;11;5;;9.89;3.17;00:28;7.03;12.14;19.75;13,300.86;259;;12;22;23;57;9;4 hours;26;10;12:14;22:44;37%;5;1;15;
limmme;3370;32;6;40;4;5;;3.56;2.85;150;98;35;4,374;934;34;116,354;53;3;;;34;0;3%;1.45;21%;;;7;5,634;45%;7;10,320;14;11;7;00:57;5;6;4;;9.19;3.12;00:31;4.72;8.74;13.38;10,381.91;103;;9;11;5;25;;2 hours;11;2;05:57;04:46;21%;3;1;7;
Little Bran;3874;77;8;104;12;15;1;7.11;5.26;454;312;90;5,000;1,645;151;199,746;184;7;;3;151;0.01;9%;2.94;32%;;6;17;7,401;75%;17;17,319;41;28;19;01:51;10;12;5;0.2;10.53;6.15;01:02;12.58;21.34;31.06;13,666.44;154;;15;12;13;40;2;3 hours;15;9;15:19;43:31;60%;5;0;5;
lorcy m;3797;;;3;2;3;;6.76;;3;3;;110;22;;1,858;;;;;;;;0.75;20%;;;;692;15%;1;957;2;2;;;;;;;9.02;2.25;;;6.76;6.76;4,191.79;4;;0;;0;0;;4 minutes;0;0;;;74%;;;0;
LORDxSUWU;2812;156;13;190;14;7;;5.61;4.6;852;595;217;11,534;3,383;251;398,666;324;10;;15;251;0;7%;2.17;29%;;20;15;5,105;48%;15;23,587;49;34;26;01:52;15;18;5;0.44;11.57;6.4;00:51;9.56;17.57;25.16;11,773.43;392;3;27;22;45;94;12;7 hours;34;17;29:03;52:01;50%;3;2;15;
Lycanz;4036;21;4;41;6;5;1;7.7;3.94;155;102;30;2,509;613;58;76,286;59;;;;58;0.01;9%;2.18;24%;;3;10;5,145;27%;10;14,155;25;11;12;01:59;4;10;5;0.18;13.33;5.63;01:35;11.08;19.16;29.11;14,330.03;71;2;5;4;8;17;;1 hour;5;3;08:29;11:15;47%;;0;3;
MajorCris;3262;2;2;10;10;;1;17.69;3.53;21;12;3;340;99;2;9,122;5;;;;2;0;2%;2.33;29%;;;8;2,497;;8;9,122;21;12;5;00:40;3;2;;1.76;15.92;5.3;01:12;8.84;21.23;37.15;16,139.67;9;;;1;;1;;11 minutes;1;1;00:40;;100%;
Mano Brawl BR;4015;13;4;32;6;8;1;6.09;2.47;107;80;37;1,470;372;18;39,935;19;;;;18;0;4%;5.09;25%;;;16;4,472;37%;16;8,808;16;15;4;00:10;8;4;3;0.19;4;7.04;00:06;3.62;15.24;20.38;7,609.06;21;;4;4;5;13;;50 minutes;5;5;00:36;03:56;100%;3;
Marderic;3308;24;6;29;7;3;1;3.65;3.02;143;90;27;2,645;725;30;76,299;61;;;;30;0;4%;1.43;27%;;;11;4,175;50%;11;15,179;37;26;18;01:22;7;12;4;0.12;12.59;3.39;00:37;7.68;11.33;18;9,607.99;100;;5;5;8;18;;1 hour;8;3;04:58;06:25;33%;;0;5;
MattPisto;4130;13;7;11;4;4;;2.63;3.11;55;38;9;658;153;10;19,347;31;;;;10;0;6%;4.58;23%;;;8;3,941;28%;8;7,775;21;17;14;00:39;3;3;3;;2.87;2.15;00:29;7.42;9.1;13.17;4,634.67;12;;0;0;3;3;;26 minutes;4;3;02:02;00:34;76%;;;1;
Maxxon Charge;3705;44;16;74;20;13;;9.33;5.54;222;146;32;3,672;868;55;99,956;69;5;;;55;0;6%;3.08;23%;;;13;4,448;42%;13;20,669;57;40;29;01:26;7;10;5;;9.08;4.03;00:37;8.7;18.41;27.99;12,605.95;72;;4;9;9;22;;1 hour;8;4;04:57;16:18;44%;5;0;4;
Medvescek;3421;8;4;;;;;;5.39;31;17;;440;113;7;15,562;10;;;;7;0;6%;2.58;25%;;;8;3,728;38%;8;8,217;14;9;5;00:23;;3;2;;8.08;0.67;00:29;6.73;11.45;20.88;10,485.87;12;;2;1;1;4;;15 minutes;1;1;00:43;02:52;80%;5;;0;
MercenaryXPO;0;8;3;16;7;9;;6.89;3.44;50;34;13;718;180;13;19,705;17;;;;13;0;7%;3.84;25%;;;6;2,082;37%;6;11,186;25;15;5;00:32;5;6;2;;5.59;5.59;00:31;7.32;14.64;21.53;8,485.72;13;;2;2;1;5;;22 minutes;2;2;01:13;03:18;100%;3;
Mercy MD;0;;;;;2;;3.29;;4;4;3;144;20;2;2,091;;;;;2;0;10%;0.8;13%;;;3;1,042;;3;2,091;4;4;;00:03;3;2;2;;16.49;9.89;00:10;3.29;13.19;13.19;6,899.02;5;;;;0;0;;5 minutes;0;0;00:03;;98%;;;0;
MisterToli X;0;220;13;402;21;15;;8.88;4.86;1,107;735;265;20,351;5,261;326;621,366;348;10;;8;326;0;6%;2.37;25%;3;14;22;11,433;44%;22;18,453;42;32;20;01:08;11;10;6;0.17;10.32;5.85;00:37;7.69;16.24;24.47;13,736.71;467;9;38;33;39;110;8;9 hours;45;20;28:31;01:30:18;44%;5;1;24;
MoraCombo;0;100;14;143;11;10;;7.14;4.99;543;366;110;7,336;2,202;136;274,238;159;12;;6;136;0;6%;3.48;30%;;4;16;6,408;55%;16;15,454;40;25;16;01:37;14;12;7;0.29;7.79;5.49;00:20;7.94;18.28;27.12;13,700.66;156;2;12;19;25;56;5;3 hours;20;15;06:54;39:56;73%;5;1;5;
Mortem;2681;;;4;3;2;1;2.67;0.66;30;26;14;516;117;13;15,029;6;;;2;13;0.01;11%;1.57;22%;;2;6;2,606;16%;6;8,434;16;14;3;00:53;9;5;3;1.33;12.68;9.35;01:01;4;17.36;20.03;10,037.15;19;;;3;1;4;;18 minutes;1;;01:31;00:20;;;;1;
Nicochik77;2886;;;3;3;5;;5.23;;12;6;3;172;29;3;3,007;6;;;;3;0;10%;3;16%;;;5;1,500;;5;3,007;12;6;6;00:56;3;3;;;6.98;5.23;01:38;10.47;10.47;20.95;5,250.82;4;;1;1;1;2;;5 minutes;1;1;00:56;01:32;100%;
NitroFPS;0;14;5;39;8;6;1;8.36;3;122;65;11;2,395;582;25;67,356;64;;;;25;0;4%;3.81;24%;;;18;8,974;28%;18;14,087;25;16;15;02:22;3;8;3;0.21;6.86;2.35;02:28;13.72;13.94;26.17;14,449.62;32;;3;4;9;16;2;51 minutes;5;4;11:31;10:24;94%;4;0;0;
NoT x GER Beans;2916;108;11;194;14;9;1;6.04;3.36;598;364;125;9,839;2,464;138;307,226;210;2;;;138;0;5%;1.9;25%;;9;17;6,054;44%;17;18,793;36;20;16;01:23;8;13;9;0.03;9.79;3.89;00:32;6.54;11.35;18.64;9,580.58;314;2;24;20;15;59;2;6 hours;32;12;17:33;33:34;36%;3;0;20;
o Kapow;3427;193;7;426;13;8;;6.97;3.15;1,183;764;282;19,616;5,333;232;568,071;380;6;;;232;0;4%;1.85;27%;;31;14;5,655;56%;14;15,473;37;25;16;01:14;11;8;4;;10.44;4.61;00:25;6.21;12.5;19.36;9,297.11;638;8;46;42;47;135;6;11 hours;61;20;26:18;53:50;33%;3;2;39;
ObiwanKi11n00by;3509;205;10;420;22;16;1;8.25;4.03;1,223;764;227;19,994;5,737;218;697,429;410;10;;;218;0;3%;2.54;28%;;16;16;9,090;46%;16;23,024;41;27;19;01:36;7;11;6;0.01;9.45;4.46;00:51;8.06;15.02;24.04;13,714.41;481;4;46;37;42;125;9;11 hours;51;15;43:24;01:11:41;30%;6;1;34;
OfferedAptitude;2711;;;;;;;1.85;1.85;13;9;2;286;67;2;5,869;4;;;;2;0;2%;2.6;23%;;;6;2,241;;6;4,046;9;7;4;00:15;2;2;2;;9.25;3.7;00:31;7.4;16.65;24.05;10,859.25;5;;;0;1;1;;6 minutes;1;0;00:16;00:31;56%;;0;0;
Ohdyn;0;;;;;2;;1.94;;6;6;6;105;13;;1,305;3;;;;;0;7%;2;12%;;;2;711;38%;2;711;4;4;3;00:05;4;;;;5.83;11.67;00:09;5.83;11.67;11.67;2,539.12;3;;;0;0;1;;4 minutes;1;1;00:05;;100%;
Ouijaveli;0;8;4;11;6;6;;3.58;2.61;41;25;7;901;180;10;21,393;8;;;;10;0;5%;1.7;19%;;;6;2,766;40%;6;6,253;13;8;3;00:17;3;4;2;;7.83;2.28;00:12;2.61;8.15;13.37;6,980.5;24;2;3;2;1;7;;31 minutes;3;0;00:37;00:20;11%;;;3;
OUT M3 RK ED;3749;42;9;84;9;18;1;5.91;2.95;304;194;59;5,970;1,571;100;195,631;101;;;;100;0;6%;2.55;26%;;7;15;7,294;52%;15;21,721;49;32;20;01:31;9;13;5;0.07;8.38;4.15;00:30;7.11;13.66;21.41;13,780.72;119;;13;13;13;39;2;3 hours;14;5;07:16;09:47;37%;4;2;7;
Overwatch DVa;3093;;;2;2;;;3.63;;2;2;;83;26;2;2,301;;;;;2;0;7%;0.66;31%;;;2;1,601;31%;2;1,709;2;2;;00:05;;;;;5.45;1.81;00:10;;3.63;3.63;4,185.78;3;;0;0;1;2;;3 minutes;1;0;00:05;;0%;;;1;
ParalyzingFrost;3000;5;4;5;2;4;1;3.64;3.64;21;14;5;521;134;8;16,000;6;;;;8;0;5%;1.5;25%;;;7;3,407;25%;7;7,213;12;10;3;00:30;4;6;4;0.72;10.21;3.64;00:28;4.37;10.21;15.31;11,669.7;14;;1;1;;2;;16 minutes;1;0;00:39;00:36;19%;;;1;
PETERtois01;0;24;7;55;6;3;;4.69;2.05;173;116;40;2,976;778;49;82,356;64;;;;49;0;6%;1.67;26%;;8;11;4,254;50%;11;8,723;21;14;11;01:37;5;9;4;;8.79;3.41;00:38;5.46;9.9;14.77;7,034.74;103;;7;9;6;22;;1 hour;12;3;07:31;07:31;22%;3;1;8;
Pook;3524;;;;;2;;4.72;4.72;9;2;;174;47;3;5,873;;;;;3;0.01;6%;3;27%;;;6;3,071;;6;5,873;9;2;;00:01;;3;2;;14.16;;00:05;4.72;9.44;42.49;27,729.41;3;;;;0;0;;3 minutes;0;0;00:01;;100%;
pooptasticpoop;0;;;;;2;;2.69;;4;3;2;117;42;7;5,459;;;;;7;0.03;16%;;35%;;2;2;2,844;25%;2;3,982;4;3;;00:14;2;7;7;;10.79;5.39;01:13;;8.09;10.79;14,731.97;4;;1;1;0;1;;3 minutes;0;0;00:27;;36%;;;0;
POuPOuNeISbAcK;0;;;2;2;;;5.08;;3;2;;154;31;;2,667;;;;;;;;0.5;20%;;;2;734;17%;2;1,372;3;2;;00:02;;;;;15.25;;00:06;;5.08;7.62;6,778.15;6;;1;0;0;1;;3 minutes;0;;00:02;;;;;0;
PRAXIS UnLeashD;0;179;11;355;17;14;1;6.05;3.05;1,032;637;202;20,986;6,284;240;748,107;332;6;;2;240;0;3%;2.55;29%;;16;15;9,498;80%;15;27,520;34;21;11;01:48;12;8;6;0.03;6.89;3.44;00:38;5.66;10.86;17.6;12,759.37;404;;41;47;50;137;14;11 hours;59;16;37:57;50:02;27%;4;7;36;
Proxxy 4;3742;5;;12;3;4;;4.07;1.69;43;23;6;1,115;230;21;20,913;9;;;;21;0.01;9%;1.43;20%;;;8;1,910;29%;8;3,809;11;7;2;00:27;2;5;3;;10.17;2.03;00:34;3.05;7.8;14.58;7,093.39;30;;2;2;1;6;;30 minutes;3;1;01:42;01:07;43%;;;2;
Prunester;3701;6;3;9;7;8;;6.29;4.19;35;27;11;551;172;14;17,743;6;;;;14;0.01;8%;3.88;31%;;3;5;3,458;24%;5;6,386;17;16;3;00:31;10;8;3;;6.29;7.69;00:29;4.19;18.88;24.48;12,411.72;9;;0;0;3;3;;16 minutes;1;1;00:42;03:07;59%;3;0;0;
PvT Faithful;2370;;;3;2;3;;3.41;;13;8;3;235;51;2;5,699;7;;;;2;0;3%;1.44;21%;;2;3;1,010;19%;3;2,695;6;4;4;00:11;2;2;;;10.24;3.41;00:27;7.96;9.1;14.79;6,484.91;9;;0;;;0;;9 minutes;1;0;00:24;00:02;44%;;;0;
Rabundy;;;;2;2;;;4.24;;7;4;;146;41;;4,555;;;;;;0;2%;1.75;28%;;;3;1,625;;3;4,555;7;4;;00:04;;;;;8.49;2.12;00:08;2.12;8.49;14.86;9,674.09;4;;0;0;;1;;5 minutes;0;;00:04;;;;;0;
Red Faze;0;;;6;3;;;5.18;0.86;12;11;4;338;59;5;6,877;2;;;;5;0;8%;1.71;17%;;;3;2,071;20%;3;2,926;3;3;;00:35;;2;2;;6.04;3.45;00:32;1.72;9.5;10.36;5,939.85;7;;0;1;1;2;;12 minutes;1;1;00:37;;43%;;0;0;
Repure;4210;71;10;186;11;9;1;8.4;3.2;494;327;109;9,143;2,501;130;275,694;155;5;;;130;0;5%;2.27;27%;;;15;8,508;50%;15;13,949;30;19;10;01:18;12;9;5;0.04;9.8;4.92;00:28;7;14.77;22.32;12,457.37;217;3;13;19;19;51;7;4 hours;22;10;10:31;28:40;43%;5;;13;
Rodney2210;3000;4;4;11;9;10;;8.48;3.08;21;19;7;258;111;2;11,480;8;;;;2;0;1%;3.5;43%;;;11;4,258;42%;11;8,214;18;16;7;00:11;6;2;2;;4.62;5.39;00:08;6.17;14.65;16.19;8,855.67;6;;;1;2;3;;7 minutes;1;1;00:11;02:27;77%;3;;0;
Sakaine08;2843;30;4;55;11;10;1;4.63;2.52;148;96;42;3,338;625;35;75,514;64;;;2;35;0;5%;1.49;18%;;7;7;2,950;50%;7;7,843;23;16;9;00:23;5;5;3;0.16;8.33;3.53;00:13;5.38;8.08;12.45;6,357.14;99;4;7;6;5;18;;2 hours;12;5;02:41;02:47;43%;3;;7;
Scuffs;4060;39;8;98;12;4;;5.41;2.15;334;210;68;6,985;1,620;89;166,026;104;;;2;89;0;5%;2.16;23%;;7;14;5,516;45%;14;18,212;40;27;17;02:01;7;17;7;0.11;8.51;3.75;00:43;5.74;11.61;18.46;9,179.16;154;;14;13;17;44;2;3 hours;18;6;13:01;11:49;32%;3;0;12;
Semitaur;3703;14;6;42;11;8;;8.74;2.91;121;77;21;2,043;530;32;60,609;41;;;;32;0;6%;2.57;25%;;;14;6,510;29%;14;14,547;32;23;11;00:38;6;9;4;;9.78;4.37;00:31;8.53;16.03;25.19;12,621.32;47;;3;6;4;14;2;1 hour;5;2;02:30;04:36;34%;3;;3;
Shel633;0;3;3;11;11;6;1;14.81;4.03;20;12;4;207;50;3;5,187;2;;;;3;0;6%;4;24%;;;9;2,208;24%;9;5,187;20;12;2;00:02;4;3;2;1.34;6.73;5.38;00:02;2.69;16.15;26.92;6,983.92;5;;1;1;;1;;6 minutes;1;1;00:02;03:38;100%;
Shes My Nerd;3000;;;;;;;;;2;;;35;22;;2,546;;;;;;;;2;62%;;;;2,546;;1;2,546;2;;;;;;;;16.42;16.42;;;16.42;32.85;41,825.76;;;;0;0;0;;53.89107596501708 seconds;0;0;;;100%;
Sinature;0;24;7;47;10;10;;6.14;3.13;177;107;25;4,051;866;56;97,892;68;;;;56;0;6%;2.68;21%;;;11;4,983;27%;11;18,773;31;24;12;01:11;6;10;4;;8.62;3.26;00:46;8.88;13.98;23.12;12,791.39;66;;6;7;9;22;3;1 hour;8;4;05:54;11:32;57%;;;3;
SirJamesParker;0;2;;3;2;2;;3.96;2.64;15;12;4;311;58;8;7,163;6;;;;8;0.01;13%;1.66;18%;;;6;2,840;26%;6;3,114;7;6;3;00:14;2;6;5;;11.89;5.28;00:37;7.93;15.86;19.82;9,468.24;9;;1;0;1;2;;9 minutes;1;0;00:28;01:53;54%;;0;0;
SoLo Glitch;0;;;;;;;;;3;;;149;8;;932;;;;;;0;12%;;5%;;;2;507;5%;2;932;3;;;00:00;;;;;12.16;4.05;00:03;4.05;4.05;12.16;3,776.28;3;;;;0;0;;3 minutes;0;;00:00;;;;;0;
Spic3mast3r;2992;3;3;2;2;2;;3.15;4.73;13;9;2;185;49;;5,331;;;;;;0;2%;;26%;;;13;5,331;26%;13;5,331;13;9;;;2;;;;;3.15;;;14.19;20.5;8,408.24;;;1;1;;2;;4 minutes;1;1;;00:37;100%;3;
SQ1B;0;16;4;5;3;;;1.18;3.78;53;30;9;921;261;13;36,360;17;;;;13;0;4%;1.47;28%;;;5;3,863;33%;5;7,977;11;8;7;00:40;4;4;3;;8.52;2.13;00:23;4.02;7.1;12.54;8,606.79;36;;3;1;3;8;;43 minutes;4;2;01:38;00:20;43%;;;2;
StarkBridge;2062;;;3;;2;;2;0.66;10;5;5;296;45;5;5,681;;;;;5;0;11%;0.76;15%;;;5;1,336;77%;5;2,977;7;3;;00:07;3;3;3;;8.66;3.33;00:05;0.66;3.33;6.66;3,788.02;13;;2;1;2;5;;11 minutes;1;0;00:07;;18%;;;1;
STICKYFING8RS;3045;;;;;;;0.8;;6;5;3;183;58;4;7,345;;;;;4;0;6%;0.54;31%;;;2;1,719;57%;2;3,685;2;2;;;2;2;2;;8.8;2.4;;;4;4.8;5,882.39;11;;1;1;2;4;;9 minutes;1;0;;;14%;;;1;
SupaNoobGuy;4415;2;2;3;3;2;;5.68;3.79;12;9;3;187;57;2;6,550;3;;;;2;0;3%;6;30%;;;7;3,164;;7;3,386;8;5;2;00:12;3;;;;3.79;5.68;00:22;5.68;17.05;22.74;12,413.79;2;;1;0;1;2;;4 minutes;1;0;00:12;00:10;75%;;0;0;
Tensa;0;119;12;195;16;12;1;7.04;4.29;648;407;109;10,138;3,202;166;389,117;213;12;;3;166;0;5%;2.45;31%;;6;14;5,924;68%;14;37,286;50;31;22;02:16;6;9;7;0.1;9.53;3.93;01:03;7.69;14.7;23.4;14,054.64;264;4;21;17;29;67;5;5 hours;28;18;29:22;43:40;66%;5;1;9;
thats my sock;3409;33;6;51;10;9;1;5.36;3.47;166;103;28;3,911;1,031;53;113,201;70;;;2;53;0;5%;1.59;26%;;;10;3,528;33%;10;13,915;25;15;16;00:57;5;10;4;0.21;10.93;2.94;00:37;7.36;10.83;17.45;11,904.12;104;;7;8;2;18;;1 hour;10;4;06:00;05:12;40%;;0;6;
The Shad0w Wolf;0;;;2;2;;;10.74;5.37;5;4;;110;17;2;1,521;;;;;2;0.01;11%;5;15%;;;5;955;15%;5;1,521;5;4;;;;2;;;5.37;5.37;;;21.49;26.86;8,171.95;;;;1;0;1;;2 minutes;0;;;;;;;0;
Toxic Depth;2612;6;3;18;7;4;;9.84;3.28;50;39;12;796;235;10;26,241;19;;;;10;0;4%;3.57;29%;;;7;3,276;13%;7;11,226;20;15;9;00:10;5;3;2;;7.65;6.56;00:11;10.38;21.32;27.34;14,349.02;14;;;2;4;6;;18 minutes;2;1;00:20;06:19;64%;;;1;
Trash Like Me;2373;92;11;115;13;9;;4.04;3.23;578;357;92;12,136;2,719;153;303,899;216;2;;;153;0;5%;1.89;22%;;15;14;4,646;55%;14;21,736;47;25;18;01:47;7;11;5;;10.72;3.23;00:40;7.59;12.55;20.33;10,690.66;305;5;21;21;25;67;3;6 hours;28;13;19:05;21:30;44%;3;2;14;
Trooper X46;2314;;;;;;;1.52;1.52;7;7;4;196;50;2;4,766;3;;;;2;0;4%;1.16;25%;;;3;1,852;18%;3;3,455;4;4;3;00:04;2;;;;9.17;6.11;00:06;4.58;10.7;10.7;7,290.82;6;;;;0;0;;5 minutes;1;;00:04;00:17;;;;1;
Truck555;3000;767;11;1,387;17;22;;6.88;3.8;4,770;3,120;1,034;76,213;20,622;1,302;2,413,303;1,726;39;;26;1,302;0;6%;2.28;27%;4;75;22;10,549;85%;22;33,378;56;37;29;01:47;14;21;10;0.12;10.36;5.13;00:26;8.56;15.48;23.66;11,974.31;2,089;17;131;156;161;448;53;42 hours;202;102;01:29:14;04:53:54;50%;4;14;86;
TzTM;3974;5;2;8;3;2;;3.4;2.12;27;21;12;749;124;9;14,646;6;;;;9;0;7%;1.12;16%;;;5;3,569;100%;5;4,093;7;5;2;00:33;4;4;3;;10.21;5.1;00:22;2.55;8.93;11.49;6,232.73;24;;3;2;2;6;;26 minutes;2;1;00:51;;37%;;0;1;
Verity;3388;7;7;14;8;9;1;8.36;4.18;48;34;7;706;184;20;19,325;15;;;;20;0.01;10%;6;26%;;;11;3,502;28%;11;14,956;32;23;11;00:39;6;15;5;0.59;4.77;4.18;00:34;8.95;20.3;28.66;11,541.51;8;;3;2;1;6;;18 minutes;2;2;00:58;03:10;100%;
Vexualy;4027;2;2;8;4;3;;5.56;1.39;18;9;4;349;93;2;9,817;4;;;;2;0;2%;1.8;26%;;;9;3,381;29%;9;4,007;9;5;2;00:00;2;2;2;;6.95;2.78;00:00;2.78;6.25;12.51;6,827.74;10;;2;0;2;4;;12 minutes;1;0;00:00;00:04;17%;;;1;
vKure;4326;2;2;5;2;;;4.79;1.91;20;8;;306;61;2;5,060;4;;;;2;0;3%;2.5;19%;;;5;1,583;31%;5;1,583;7;2;;00:14;;2;2;;7.66;0.95;00:29;3.83;7.66;19.16;4,849.32;8;;2;0;1;3;;10 minutes;1;1;00:30;00:13;67%;;;0;
VW GTI G0DSP33D;3574;16;10;5;2;;;0.9;2.89;79;52;13;1,151;283;20;35,272;27;;;;20;0;7%;1.19;24%;;;7;1,460;31%;7;12,385;33;23;10;00:36;6;14;4;;11.94;2.35;00:16;4.88;9.41;14.29;6,384.71;66;3;5;2;1;9;;1 hour;6;2;01:30;02:21;41%;3;;3;
Wavy as;3000;6;2;22;5;4;;4.85;1.32;81;46;20;1,808;443;26;46,529;22;;;;26;0;5%;2.07;24%;;;12;5,206;41%;12;10,438;17;9;7;00:09;3;8;4;;8.6;4.41;00:06;4.85;10.14;17.87;10,265.43;39;;2;3;6;12;;50 minutes;5;3;00:28;03:45;58%;;0;2;
Weed iHunt;0;16;8;18;6;7;;7.45;6.62;60;46;14;1,024;341;18;40,686;17;2;;;18;0;5%;2.5;33%;;;12;6,084;47%;12;12,558;24;18;8;01:01;7;6;5;;9.94;5.8;00:58;7.04;19.05;24.85;16,857.17;24;;1;1;5;7;2;30 minutes;2;0;02:21;06:50;20%;3;;2;
WELSHMANIA;4025;2;2;;;;;;5.25;5;5;;113;14;;2,015;;;;;;;;1.66;12%;;;4;941;5%;4;1,818;4;4;;;;;;;7.87;2.62;;;13.13;13.13;5,292.2;3;;;1;;1;;3 minutes;0;0;;;47%;;;0;
Westside Ryderz;3000;3;2;3;2;2;;3.39;3.39;9;5;;353;118;4;10,937;;;;;4;0;3%;1.28;33%;;;3;3,959;35%;3;5,347;5;4;;00:47;;2;2;;7.92;1.13;01:08;1.13;5.66;10.19;12,385.41;7;;1;1;0;2;;9 minutes;1;;01:00;;;;0;1;
Whos Riven;3371;;;;;;;10.43;;2;2;;63;12;;1,992;;;;;;;;2;19%;;;2;1,992;;2;1,992;2;2;;00:04;;;;;10.43;10.43;00:52;;20.86;20.86;20,779.65;;;0;0;;0;;1 minute;0;0;00:04;;100%;;;0;
Wxnderful;0;10;4;20;5;7;;11.18;5.59;42;31;14;667;209;17;23,303;12;;;;17;0.01;8%;1.68;31%;;4;8;2,243;45%;8;4,947;12;10;5;00:32;4;4;3;;13.98;7.82;00:32;6.71;17.33;23.48;13,030.99;25;;1;2;3;7;;22 minutes;2;1;00:58;03:19;68%;3;0;0;
x man legending;0;40;13;94;17;11;1;5.92;2.52;323;218;68;6,981;1,088;67;123,289;116;;;2;67;0;6%;2.56;15%;;4;14;6,084;22%;14;22,320;56;37;31;01:02;9;11;5;0.12;7.94;4.28;00:20;7.31;13.74;20.36;7,773.84;126;2;6;4;10;20;;3 hours;16;8;05:27;13:55;48%;3;;8;
xPMoney7;2746;190;9;257;8;4;1;4.38;3.24;1,297;932;370;19,303;4,764;482;570,044;433;8;;2;482;0.01;10%;2.33;24%;;29;18;6,282;50%;18;14,620;35;23;17;01:24;11;19;7;0.03;9.47;6.31;00:25;7.39;15.9;22.13;9,729.31;555;5;48;56;37;141;11;12 hours;59;31;24:58;59:35;53%;4;3;24;
Xvanthious;2465;1,057;13;1,770;19;21;;6.41;3.83;5,896;3,764;1,388;122,955;24,073;1,404;2,619,652;2,570;57;;55;1,404;0;5%;2.43;19%;7;255;21;6,903;54%;21;19,573;54;34;36;02:27;16;17;7;0.19;8.77;5.03;00:46;9.31;13.64;21.37;9,499.06;2,419;14;190;202;169;562;45;57 hours;276;129;03:32:21;05:17:14;46%;5;18;129;
yoyohurricanes;4167;6;6;2;2;2;;1.26;3.8;16;9;2;273;68;8;9,117;3;;;;8;0.01;11%;2.66;24%;;;6;3,453;14%;6;7,095;13;7;3;;2;4;4;;3.8;1.26;;1.9;5.7;10.15;5,783.84;6;;1;1;1;2;;8 minutes;2;0;;00:51;25%;;;1;
ZanderzHD;0;;;;;5;;;;5;3;;122;16;2;2,191;2;;;;2;0;12%;5;13%;;;3;1,265;15%;3;1,265;3;2;;00:41;;2;2;;1.74;1.74;01:32;3.49;5.24;8.73;3,829.35;;;;0;1;1;;3 minutes;1;1;00:52;00:01;100%;
