Username;SR;Enemies Trapped - Most in Game;Enemies Trapped;RIP-Tire Kills - Most in Game;RIP-Tire Kills;Melee Final Blow - Most in Game;Enemies Trapped a Minute;Eliminations;Final Blows;Solo Kills;Shots Fired;Shots Hit;Damage Done;Objective Kills;Multikills;Environmental Kills;Melee Final Blows;Eliminations per Life;Weapon Accuracy;Healing Done;Teleporter Pad Destroyed;Turrets Destroyed;Eliminations - Most in Life;Damage Done - Most in Life;Healing Done - Most in Life;Weapon Accuracy - Best in Game;Kill Streak - Best;Damage Done - Most in Game;Healing Done - Most in Game;Eliminations - Most in Game;Final Blows - Most in Game;Objective Kills - Most in Game;Objective Time - Most in Game;Solo Kills - Most in Game;Melee Final Blows - Average;Deaths - Average;Solo Kills - Average;Objective Time - Average;Objective Kills - Average;Healing Done - Average;Final Blows - Average;Eliminations - Average;Damage Done - Average;Deaths;Environmental Deaths;Medals - Bronze;Medals - Silver;Medals - Gold;Medals;Cards;Time Played;Games Played;Games Won;Objective Time;Time Spent on Fire;Win Percentage;Multikill - Best;Games Tied;Games Lost;RIP-Tire Kills - Average;
A Camping Cat;0;10;220;8;83;1;11.49;458;312;112;7,046;2,242;401,962;99;6;;2;2.67;31%;53;;;16;11,956;22;44%;16;20,392;22;25;14;10;00:32;7;0.1;8.93;5.85;00:13;5.17;2.75;16.29;23.92;20,995.96;171;;17;16;25;58;14;4 hours;19;10;04:10;23:25;51%;4;3;7;4;
A Chill Lamp;4319;4;4;;;;11.23;10;4;2;149;35;6,096;4;;;;5;23%;;;;6;3,920;;23%;6;6,096;;10;4;4;00:12;2;;5.61;5.61;00:36;11.23;;11.23;28.08;17,119.98;2;;;0;;0;;4 minutes;0;0;00:12;;100%;
Abdul Ahkbar;0;21;2,327;14;797;1;11.04;5,789;3,614;1,096;89,962;21,772;4,151,907;1,942;63;13;2;2.68;24%;50;1;72;21;13,518;39;75%;21;30,147;39;53;39;26;02:38;21;0;10.22;5.2;00:45;9.21;0.23;17.14;27.46;19,700.8;2,155;14;156;159;264;580;124;45 hours;211;116;02:40:35;06:43:18;55%;4;10;84;4;
Abundant Elk;2924;;;;;;38.95;;;;9;3;585;;;;;;33%;;;;;585;;;;585;;;;;00:01;;;38.95;;00:59;;;;;22,788.06;;;0;0;;0;;23.42697600275278 seconds;0;;00:01;;;;;0;
AceSilver143;0;12;290;7;41;1;10.13;634;406;134;6,579;1,847;356,224;276;5;;3;2.12;28%;;;;13;6,204;;44%;13;14,869;;25;19;18;01:06;9;0.1;10.41;4.68;00:31;9.64;;14.19;22.16;12,453.76;298;;21;26;30;78;9;5 hours;29;17;14:46;51:08;59%;5;3;9;1;
ACETieFighter;2622;3;17;3;4;;7.49;45;33;14;618;144;27,849;13;;;;1.66;23%;;;;6;2,875;;20%;6;7,876;;15;12;5;00:35;6;;11.89;6.17;00:24;5.72;;14.54;19.83;12,273.53;27;;2;2;2;6;;25 minutes;2;2;00:56;02:20;70%;3;;1;2;
alphurr;0;4;10;2;3;1;7.94;18;10;2;322;101;16,925;3;;;;2;31%;;;;6;4,076;;27%;6;6,235;;10;6;2;00:13;2;0.79;7.14;1.58;00:16;2.38;;7.94;14.29;13,443.92;9;;1;1;1;2;;11 minutes;1;;00:21;;;;1;1;2;
aR CoSMo;0;5;10;3;4;;7.68;21;11;3;511;84;15,760;6;;;;1.61;16%;;;;10;5,234;;17%;10;11,313;;15;8;3;00:07;2;;9.98;2.3;00:08;4.6;;8.44;16.12;12,104.25;13;;2;1;1;4;;18 minutes;1;0;00:11;00:20;2%;;1;0;3;
Asco HD;2602;6;49;8;38;1;5.59;168;117;53;3,018;506;94,173;44;3;;;3.9;16%;;;4;18;7,394;;23%;18;12,564;;25;15;7;00:09;8;0.11;4.9;6.04;00:02;5.02;;13.34;19.16;10,744.28;43;2;3;7;6;15;4;1 hour;9;3;00:18;05:36;39%;3;1;4;4;
Aspire Leo;3920;10;125;7;77;;6.42;444;300;97;5,504;1,667;317,720;146;6;;3;2.26;30%;;1;2;24;9,445;;40%;24;20,713;;45;35;19;01:22;10;0.15;10.08;4.98;00:31;7.51;;15.43;22.83;16,343.07;196;;16;15;23;54;8;3 hours;19;7;10:09;21:10;36%;3;1;12;4;
Axemen;0;10;69;4;43;;6.03;210;124;32;3,683;886;165,885;88;;;;1.84;24%;;;;12;6,502;;49%;12;11,384;;22;16;10;00:37;3;;9.96;2.79;00:21;7.69;;10.84;18.35;14,501.75;114;;8;11;10;29;3;2 hours;11;3;04:07;04:03;30%;;1;7;4;
B0LTi;3505;17;31;4;11;;10.37;71;44;12;883;195;38,923;10;;;;4.73;22%;;;2;10;4,900;;22%;10;16,722;;28;16;6;00:23;3;;5.01;4.01;00:09;3.34;;14.72;23.75;13,022.99;15;;4;1;4;8;4;26 minutes;3;3;00:27;05:11;90%;;0;0;4;
Bandora22;0;3;3;;;;17.75;5;5;3;41;8;1,724;;;;;1.66;19%;;;;3;718;;;3;1,724;;5;5;;00:04;3;;17.75;17.75;00:26;5.91;;29.59;29.59;10,205.38;3;;0;;;0;;2 minutes;0;;00:04;;;;;0;
bear0488;3309;;;;;;;2;2;2;77;8;1,913;;;;;0.4;10%;;;;;837;;;1;1,421;;;;;;;;13.05;5.22;;;;5.22;5.22;4,993.99;5;;0;0;1;2;;3 minutes;0;;;;;;;0;3;
BET0 SLV;3000;7;7;;;;7;18;12;4;399;44;7,953;13;;;;4.5;11%;;;;5;2,164;;11%;5;7,953;;18;12;13;00:35;4;;4;4;00:35;13;;12;18;7,952.74;4;;1;1;;2;;10 minutes;1;1;00:35;;100%;;;;1;
Beyond Volscian;3000;;;;;;;5;3;;42;14;1,873;3;;;;5;33%;;;;3;1,513;;;3;1,873;;5;3;3;00:00;;;9.62;;00:01;28.86;;28.86;48.1;18,024.1;;;;;0;0;;1 minute;0;0;00:00;00:24;100%;;;;10;
BLAD3WIING13;3106;18;65;2;2;;10.32;140;83;35;1,851;422;89,324;64;;;;2;22%;;;;13;6,326;;34%;13;24,017;;37;22;20;01:21;8;;11.11;5.55;00:41;10.16;;13.17;22.22;14,183.02;70;2;4;1;11;17;4;1 hour;6;2;04:19;07:29;26%;3;;5;0;
burn out 317;2534;4;7;;;;5.48;13;9;2;201;54;9,972;4;;;;;26%;;;;5;1,803;;37%;5;4,256;;7;5;2;00:10;;;10.18;1.56;00:08;3.13;;7.05;10.18;7,814.56;13;;0;2;3;5;;9 minutes;1;;00:10;;;;;1;1;
C1ZR;4124;7;41;7;10;;7.43;169;108;35;1,880;476;89,288;65;;;;3.44;25%;;;;11;6,274;;69%;11;16,566;;30;23;11;02:15;6;;8.89;6.35;00:49;11.79;;19.59;30.66;16,199.61;49;;3;3;8;15;4;1 hour;6;5;04:35;05:44;85%;3;;1;2;
Chazsy;3860;5;23;3;9;;8.98;63;37;12;907;248;42,926;8;;;;3.15;27%;;;4;14;6,833;;33%;14;12,462;;19;10;4;00:09;7;;7.81;4.68;00:05;3.12;;14.44;24.6;16,763.59;20;;2;1;3;6;;29 minutes;3;2;00:15;01:26;60%;3;0;1;4;
Chopper Le Porc;0;8;109;6;53;;8.42;283;188;63;3,793;900;173,554;113;;2;2;1.86;23%;547,040;1;5;10;7,844;27;42%;10;14,704;;27;17;13;01:00;7;0.15;11.74;4.86;00:38;8.73;42,270.45;14.52;21.86;13,410.73;152;;10;13;12;34;3;2 hours;13;5;08:16;10:21;40%;3;;8;4;
Chris Zettek;4009;20;659;8;181;;13.96;1,120;721;245;18,598;4,755;924,006;300;10;;;3.28;25%;5;;;18;13,291;4;55%;18;24,159;4;44;29;16;01:06;7;;7.22;5.19;00:16;6.35;0.1;15.28;23.73;19,582.25;341;7;26;35;79;140;25;9 hours;47;26;13:13;01:02:51;55%;4;4;17;4;
CHRISBREEZY0413;2912;8;86;2;17;1;9.71;170;86;24;2,808;607;114,796;62;;2;;1.55;21%;;;;12;6,868;;35%;12;9,932;;19;8;10;00:50;4;0.11;12.31;2.71;00:29;7;;9.71;19.2;12,968.9;109;;9;6;12;27;;1 hour;9;3;04:21;09:07;33%;;1;5;2;
CM9 PT;3000;;;;;;32.51;;;;25;18;2,400;;;;;;72%;;;;;2,400;;;;2,400;;;;;;;;32.51;;;;;;;78,028.65;;;;;0;0;;35.10119599290192 seconds;0;;;;;;;0;
Conduit;0;4;10;2;2;;7.82;16;9;;299;84;16,085;2;;;;1.45;28%;;;;6;2,981;;61%;6;5,910;;9;3;;00:06;;;8.6;0.78;00:12;1.56;;7.04;12.52;12,589.64;11;;0;2;1;3;;11 minutes;1;1;00:16;00:12;94%;;;0;2;
CookiesMilkYum;4213;;2;;;;12.81;2;2;;73;16;3,163;;;;;;21%;;;;2;2,488;;;2;2,488;;2;2;;00:00;;;12.81;;00:03;;;12.81;12.81;20,271;2;;0;0;0;0;;2 minutes;0;0;00:00;;100%;
Corey Burlinson;0;6;9;2;2;;7.44;19;7;2;213;60;12,189;7;;;;3.16;28%;;;;8;2,459;;;8;6,125;;9;4;6;00:10;2;;4.96;1.65;00:14;5.78;;5.78;15.7;10,077.46;6;;2;0;1;3;;8 minutes;1;1;00:17;00:52;94%;;;0;2;
Coscoro;2150;4;8;3;4;;6.26;17;7;3;208;47;9,596;8;;;;2.83;22%;;;;6;2,144;;;6;4,883;;11;5;7;00:31;2;;4.69;2.34;00:31;6.26;;5.47;13.3;7,509.56;6;;1;;1;2;;8 minutes;1;1;00:39;00:13;67%;;;0;3;
Cow Lupin;1446;6;32;4;15;;5.84;116;83;28;982;264;48,532;34;2;;;6.82;26%;;;10;16;12,313;;42%;16;12,497;;27;17;10;00:35;5;;3.1;5.11;00:24;6.21;;15.16;21.19;8,865.69;17;;5;4;4;13;;1 hour;5;3;02:16;02:32;47%;3;;3;3;
Crumbly Beckra;;4;4;;;;4;10;6;;37;10;1,490;3;;;;3.33;27%;;;;4;600;;27%;4;1,490;;10;6;3;00:15;;;3;1;00:15;3;;6;10;1,489.73;3;;2;1;;3;;4 minutes;1;1;00:15;01:55;100%;
Curaja;2147;5;75;3;4;1;4.39;375;259;88;5,966;1,166;192,793;138;3;;;3.67;19%;;;8;18;5,929;;38%;18;16,535;;25;18;11;00:17;6;0.05;5.98;5.15;00:05;8.09;;15.18;21.98;11,303.72;102;3;11;15;22;48;6;3 hours;17;8;01:31;09:50;47%;3;1;8;0;
DamianXCadena;2375;21;67;3;7;;11.11;141;101;32;1,921;406;75,657;61;;;;1.76;21%;;;;8;3,070;;42%;8;24,761;;36;30;21;01:51;10;;13.27;5.31;00:52;10.12;;16.75;23.39;12,554.38;80;;5;7;2;15;2;1 hour;6;2;05:14;02:34;35%;;1;3;1;
DanGetzBucketz;3110;15;90;2;3;;8.01;268;175;58;2,749;668;130,597;153;;;;1.75;24%;;;;9;3,560;;40%;9;16,967;;47;28;30;02:27;11;;13.61;5.16;01:08;13.61;;15.57;23.85;11,624.29;153;5;12;9;13;34;3;2 hours;11;5;12:48;11:16;44%;;;6;0;
DeftOrthruss;3000;13;223;4;15;;9.88;539;332;110;9,060;1,758;353,892;226;4;2;;2.04;19%;;;;20;6,459;;36%;20;24,971;;35;25;16;01:16;10;;11.69;4.87;00:34;10.01;;14.71;23.88;15,683.82;264;3;19;20;21;60;7;4 hours;23;11;12:49;16:58;50%;4;;11;1;
Dog Thanatos;0;8;111;4;11;1;11.04;269;173;48;4,348;1,106;197,710;56;;;;2.77;25%;;;;20;11,680;;36%;20;13,921;;24;13;8;00:30;6;0.09;9.65;4.77;00:18;5.57;;17.21;26.76;19,674.83;97;;11;9;13;33;3;2 hours;10;5;03:08;13:54;52%;3;0;5;1;
DOMINICKYO;2337;3;3;;;;11.57;3;2;;44;5;1,746;2;;;;0.75;11%;;;;3;771;;11%;3;1,746;;3;2;2;00:06;;;15.42;;00:26;7.71;;7.71;11.57;6,734.81;4;;;0;;0;;2 minutes;0;;00:06;;;;;0;
DoubledLizard;2864;21;1,385;7;219;1;11.22;3,014;1,902;589;44,734;8,789;1,825,813;1,385;29;15;2;1.86;19%;53;;4;16;8,753;53;45%;16;24,597;53;44;29;21;01:48;11;0.01;13.08;4.77;00:47;11.22;0.43;15.41;24.42;14,793.77;1,615;22;123;128;127;378;37;26 hours;123;61;01:38:41;03:22:02;49%;4;5;58;2;
DrivebySamura1;4035;16;178;9;109;1;10.1;487;351;122;6,701;1,705;350,577;161;3;3;3;3.06;25%;7;;;15;11,050;7;50%;15;29,935;7;37;25;15;00:53;10;0.17;9.02;6.92;00:30;9.14;0.37;19.92;27.64;19,903.05;159;2;12;17;26;55;12;3 hours;18;10;08:54;40:37;55%;3;2;6;6;
DrShark628;3000;8;37;5;31;;6.66;142;95;31;1,588;505;96,209;59;3;;;2.18;31%;;;;11;5,221;;41%;11;14,565;;20;14;13;00:27;6;;11.7;5.58;00:26;10.62;;17.1;25.56;17,321.46;65;;7;3;9;20;;1 hour;6;3;02:27;10:27;55%;3;0;2;6;
Elsayer;0;12;253;6;55;1;11.12;592;392;149;7,313;1,719;336,389;229;7;;2;2.42;23%;;;5;13;5,067;;48%;13;16,350;;27;22;12;01:54;10;0.08;10.73;6.55;00:42;10.07;;17.24;26.04;14,797.72;244;3;17;21;28;66;9;4 hours;23;12;15:55;50:23;54%;3;2;9;2;
Emit Pain;4149;2;13;;;;5.85;47;28;9;696;174;32,233;7;;;;3.61;25%;;;;14;5,758;;23%;14;6,800;;16;12;3;00:12;4;;5.85;4.05;00:10;3.15;;12.61;21.16;14,516.82;13;;0;3;4;7;;21 minutes;2;2;00:23;00:04;87%;;;0;
Eternal Epoch;2117;;;;;;3.82;;;;74;;355;;;;;0.5;1%;;;;;186;;;1;355;;;;;;;;7.65;3.82;;;;3.82;3.82;1,357.86;2;;0;;;0;;2 minutes;0;;;;;;;0;
Everforeverr;0;5;17;4;6;;7.53;46;28;11;794;176;30,758;11;;;;1.84;22%;;;6;6;3,096;;34%;6;5,912;;14;12;6;01:16;5;;11.07;4.87;00:49;4.87;;12.4;20.38;13,630.55;25;;2;2;2;5;;31 minutes;2;0;01:52;00:52;7%;3;1;1;3;
FANCYHOODLUM;3577;8;160;7;68;1;8.41;417;242;81;6,709;1,426;287,896;173;;3;;1.72;21%;5;1;5;17;10,677;5;66%;17;14,486;5;24;17;12;02:25;7;0.05;12.72;4.26;01:04;9.09;0.27;12.72;21.93;15,141.64;242;;19;14;13;45;3;4 hours;19;8;20:30;25:36;41%;3;2;9;4;
FBorrego;0;14;42;3;13;;13.48;73;44;15;1,078;211;43,497;30;;;;3.84;19%;1;;3;10;5,272;1;23%;10;11,805;1;19;10;10;00:43;4;;6.09;4.81;00:34;9.62;0.46;14.12;23.43;13,961.85;19;;2;3;2;6;2;39 minutes;3;3;01:48;01:26;83%;;;1;4;
Ferni;4447;5;22;3;7;;10.8;49;29;10;924;277;48,322;12;;;;2.88;29%;;;;11;11,465;;15%;11;18,018;;18;11;5;00:14;3;;8.34;4.91;00:17;5.89;;14.24;24.06;23,730.95;17;;1;2;3;7;;27 minutes;2;1;00:35;01:40;61%;;;1;3;
Fi2;3929;;;;;;6.35;;;;30;;215;;;;;;3%;;;;;215;;;;215;;;;;00:03;;;12.7;;00:21;;;;;1,368.49;2;;;0;0;0;;1 minute;0;0;00:03;;100%;
Fonzie Monster0;2047;5;5;;;;12.74;13;11;5;102;32;5,806;5;;;;2.6;31%;;;;5;2,197;;;5;5,806;;13;11;5;00:19;5;;12.74;12.74;00:50;12.74;;28.04;33.14;14,801.5;5;;0;0;1;2;;6 minutes;0;;00:19;;;3;;0;
fusion360elite;2922;;;;;;10.28;;;;35;7;1,185;;;;;;20%;;;;;1,036;;20%;1;1,185;;;;;00:03;;;10.28;;00:40;;;10.28;10.28;12,196.98;;;0;0;;0;;1 minute;0;;00:03;;;;;0;
GandalfTheCyan;2544;;;;;;;3;2;2;34;8;1,909;;;;;;23%;;;;3;1,909;;23%;3;1,909;;3;2;;;2;;;;;;;;;;;;;;;;;1 minute;
Gbox36;2906;14;14;;;;14;38;21;4;578;69;12,855;21;;;;3.45;11%;;;;9;1,923;;11%;9;12,855;;38;21;21;02:04;4;;11;4;02:04;21;;21;38;12,854.89;11;;;;;;;18 minutes;1;1;02:04;00:07;100%;
Genju Main;3649;12;87;5;35;;8.66;181;124;58;3,252;707;138,002;45;2;;;2.41;21%;;;;11;6,932;;24%;11;13,532;;25;17;10;00:52;10;;7.46;5.77;00:12;4.48;;12.34;18.02;13,744.35;75;;4;6;12;22;4;1 hour;10;3;02:07;07:05;28%;3;1;6;3;
GhostAttack1998;3000;15;76;;;;8.48;197;121;27;1,957;488;101,824;97;;;;2.31;24%;;;2;12;6,444;;34%;12;20,490;;41;24;27;01:28;7;;9.49;3.01;00:50;10.83;;13.51;21.99;11,370.8;85;;4;6;11;21;5;1 hour;9;7;07:31;08:59;77%;;;2;
godstomper231;3360;11;397;6;142;;8.49;1,104;720;218;13,089;3,933;749,043;369;16;6;5;1.72;30%;31;;;12;7,268;13;70%;12;17,678;13;23;16;12;01:01;8;0.1;13.71;4.66;00:32;7.89;0.66;15.41;23.62;16,032.05;641;5;51;36;71;158;8;10 hours;47;24;25:12;52:18;50%;4;2;21;3;
Golden Viper210;0;10;45;4;17;;8.7;126;86;22;1,820;417;92,017;65;6;;;2.57;22%;;;3;16;7,478;;34%;16;17,501;;24;15;16;02:25;5;;9.47;4.25;01:44;12.57;;16.63;24.36;17,795.51;49;3;4;2;11;17;5;1 hour;5;2;08:58;11:06;34%;3;;3;3;
H0KIE P0KIE;2723;2;2;;;;2.76;10;9;2;294;19;4,048;6;;;;2.5;6%;;;;4;1,505;;;4;4,048;;10;9;6;00:29;2;;5.52;2.76;00:40;8.28;;12.43;13.81;5,592.53;4;;1;;;1;;8 minutes;1;1;00:29;;100%;
Hi Jeremiah;0;11;70;;;;10.9;170;114;32;1,909;371;82,445;74;;3;;2.09;19%;;;;10;5,294;;41%;10;12,434;;37;22;16;00:55;8;;12.61;4.98;00:46;11.52;;17.75;26.47;12,839.24;81;;8;6;7;21;;1 hour;6;3;04:59;07:27;47%;3;;3;0;
HighPRO Zzz;3000;4;4;;;;9.19;16;14;5;209;45;9,690;6;;;;5.33;21%;;;;6;3,716;;21%;6;9,690;;16;14;6;01:07;5;;6.89;11.48;02:34;13.78;;32.16;36.76;22,263.71;3;;0;;0;1;;6 minutes;0;0;01:07;00:50;100%;
Hiperninja;0;5;5;;;;24.48;;;;2;;555;;;;;;;;;;;555;;;;555;;;;;00:01;;;;;00:05;;;;;2,717.45;;;;0;;0;;2 minutes;0;0;00:01;;100%;
I Horizontal I;1948;;;4;4;;1.92;8;6;;90;28;5,520;;;;;2.66;31%;;;;6;3,474;;31%;6;5,520;;8;6;;00:03;;;5.76;1.92;00:06;1.92;;11.53;15.38;10,615.5;3;;1;1;;2;;4 minutes;1;;00:03;00:20;;3;;1;8;
i r a pancake;2682;3;6;2;2;;9.43;17;12;2;248;62;11,004;8;;;;1.88;25%;;;;10;5,651;;32%;10;5,651;;10;7;5;;2;;14.14;3.14;;12.57;;18.86;26.72;17,297.56;9;;0;1;1;2;;9 minutes;1;0;;01:32;27%;;;0;3;
iArctos;0;8;33;3;10;;8.76;63;39;10;975;231;48,172;13;;;;3.31;23%;;;;10;6,744;;22%;10;8,969;;14;10;3;00:06;4;;5.04;2.65;00:03;3.45;;10.36;16.73;12,797.17;19;;2;6;5;13;;29 minutes;4;3;00:14;03:07;74%;3;;1;3;
II Scar3CroW;0;7;182;8;63;;7.1;477;279;86;7,860;1,676;341,967;208;6;2;;1.84;21%;;;5;13;7,503;;50%;13;15,900;;20;13;15;02:01;5;;10.11;3.35;00:31;8.12;;10.89;18.63;13,356.69;259;;30;23;15;68;6;4 hours;26;12;13:31;13:49;45%;5;2;12;2;
II SirMaru II;2490;2;2;;;;15.07;;;;29;2;661;;;;;0.5;6%;;;;;477;;;1;661;;;;;;;;15.07;7.53;;;;7.53;7.53;4,980.68;2;;;0;0;1;;1 minute;0;;;;;;;0;
II Table;3635;13;343;8;181;1;9.16;898;604;232;11,718;2,966;620,013;244;13;5;;2.68;25%;14;;9;15;14,355;14;42%;15;37,211;14;42;30;18;00:44;17;0.02;8.92;6.19;00:21;6.51;0.38;16.13;23.98;16,560.63;334;3;26;25;38;89;24;7 hours;37;23;13:38;01:09:05;62%;5;4;10;5;
Im Forgiving;4021;12;75;10;14;;10.62;193;127;43;2,274;667;128,710;42;3;;;3.11;29%;;;;14;8,074;;42%;14;20,727;;28;19;11;00:52;8;;8.78;6.09;00:14;5.95;;17.99;27.35;18,239.69;62;;4;7;8;19;6;1 hour;7;5;01:40;08:45;74%;5;1;1;2;
Im Voxie;3653;10;126;5;32;;11.62;259;156;58;4,481;1,075;197,253;68;3;;;2.25;23%;;;;16;8,336;;50%;16;16,974;;22;15;8;00:29;6;;10.6;5.35;00:17;6.27;;14.39;23.89;18,195.88;115;3;8;6;9;23;3;2 hours;11;4;03:12;09:05;39%;3;0;6;3;
iMrT8;2158;11;47;3;6;;10.31;103;70;20;1,042;288;52,274;50;;;;1.9;27%;;;;8;3,212;;37%;8;11,704;;22;14;14;00:33;5;;11.85;4.38;00:34;10.97;;15.36;22.6;11,472.62;54;;4;4;7;15;3;54 minutes;5;2;02:39;06:31;46%;4;0;2;1;
Ind3mnity;0;7;37;2;9;;8.01;84;47;16;1,069;195;39,030;38;;;;1.5;18%;;;3;6;2,036;;56%;6;7,471;;23;11;12;00:37;5;;12.12;3.46;00:29;8.22;;10.17;18.18;8,450.8;56;;2;2;4;8;;55 minutes;5;2;02:14;02:04;47%;3;0;2;2;
Infamous Bounty;3724;15;613;8;141;1;10.1;1,456;962;296;26,266;6,212;1,069,082;407;24;4;;2.92;23%;;;2;19;14,463;;40%;19;20,484;;42;27;23;00:54;13;0.01;8.19;4.87;00:15;6.7;;15.85;24;17,623.44;497;;41;40;61;142;35;12 hours;61;29;15:45;01:10:35;48%;4;7;25;2;
iSttoooLen;3927;7;20;;2;1;10.51;44;30;11;476;89;17,349;13;;;;3.14;18%;;;;8;3,641;;;8;5,879;;20;14;8;00:59;5;0.52;7.36;5.78;00:37;6.83;;15.77;23.14;9,124.77;14;;1;1;;2;;21 minutes;2;2;01:10;02:11;100%;;;;1;
ItsCONRAD;3497;10;142;6;74;;8.6;379;242;91;5,882;1,612;309,418;57;5;2;;3.13;27%;;;;16;11,195;;60%;16;19,422;;23;14;6;00:21;6;;7.32;5.51;00:07;3.45;;14.65;22.95;18,741.7;121;3;16;7;18;41;9;3 hours;17;8;02:07;20:41;49%;3;1;7;4;
iUnExpected;4083;4;35;3;6;;6.52;122;66;16;2,082;499;82,094;30;;;;3.29;23%;36;;3;13;6,849;36;36%;13;14,972;36;18;10;5;00:33;5;;6.89;2.98;00:25;5.59;6.75;12.3;22.73;15,301.02;37;;3;3;2;8;;1 hour;5;2;02:16;03:38;43%;3;1;2;1;
IX HALFBREED XI;3077;2;2;;;;4;4;3;;124;16;5,967;;;;;;12%;;;;3;3,303;;12%;3;5,967;;4;3;;00:00;;;8;2;00:00;2;;6;8;11,935.21;4;;0;;;0;;3 minutes;0;;00:00;;;;0;0;2;
JDaawg23;2339;;;;;;6.98;;;;9;;75;;;;;;;;;;;75;;;;75;;;;;;;;13.97;;;;;;;523.87;2;;;;;;;46.11854899581522 seconds;0;;;;;;;0;
JDn808;2713;4;18;3;9;;8.61;49;30;11;791;126;23,881;21;;;;3.5;15%;;;;13;5,288;;50%;13;6,776;;19;11;8;00:18;6;;6.69;5.26;00:23;10.04;;14.35;23.44;11,425.44;14;;2;2;2;7;;24 minutes;2;1;00:49;05:22;58%;;;1;4;
JerryAlphaCode;3591;29;738;9;117;1;12.42;1,628;1,047;332;19,846;4,466;872,499;720;18;8;3;2.7;22%;;;18;17;8,700;;48%;17;27,672;;50;36;34;02:42;14;0.05;10.12;5.59;01:02;12.12;;17.63;27.41;14,691.72;601;16;36;40;86;162;29;12 hours;59;39;01:01:53;02:16:00;66%;4;2;18;2;
KageEinjeruE102;4072;30;1,134;12;327;;11.42;2,768;1,816;485;35,054;8,396;1,614,484;1,185;32;6;13;2.07;23%;70;;27;15;10,152;127;57%;15;29,572;48;48;32;29;03:48;10;0.13;13.46;4.88;01:14;11.93;0.7;18.29;27.88;16,262.06;1,337;15;98;78;130;306;31;23 hours;99;43;02:04:05;03:06:12;43%;4;6;50;3;
KaIlkz;3399;13;87;6;19;;8.73;209;129;35;3,485;840;158,731;89;;;;1.3;24%;;;4;7;7,007;;46%;7;21,283;;21;15;10;00:51;6;;16.07;3.51;00:43;8.94;;12.95;20.99;15,944.72;160;2;10;9;7;26;2;2 hours;10;3;07:10;03:45;25%;;1;7;2;
KEIHEI;0;3;4;2;2;;4.07;14;8;3;211;43;7,766;6;;;;7;20%;;;;7;4,116;;;7;4,116;;7;4;3;00:10;2;;2.03;3.05;00:13;6.1;;8.14;14.24;7,902.9;2;;0;;1;2;;6 minutes;1;1;00:13;00:19;100%;;;;2;
Kimmy Gibbz69;4274;4;6;;;;5.99;25;16;5;407;85;16,087;6;;;;5;20%;;;;8;6,427;;;8;9,554;;15;9;5;00:04;3;;4.99;4.99;00:06;5.99;;15.99;24.99;16,080.93;5;;1;1;;2;;12 minutes;1;1;00:06;01:00;100%;
KING IZ SIIC;3443;3;19;;;;11.51;33;19;3;656;128;24,943;16;;;;1.65;19%;10;;;6;4,894;10;23%;6;5,957;10;9;5;6;00:10;;;12.11;1.81;00:17;9.69;6.06;11.51;19.99;15,111.93;20;;1;1;2;5;;21 minutes;2;1;00:29;00:10;42%;;;1;1;
King TurkeyNeck;2796;7;28;3;9;;11.58;53;42;16;947;249;47,338;22;;;;1.76;26%;;;;5;6,423;;32%;5;12,914;;16;15;6;00:21;4;;12.41;6.61;00:35;9.1;;17.37;21.92;19,584.27;30;;1;2;4;7;2;32 minutes;2;0;01:24;01:18;11%;;0;2;4;
LanceHasPants;0;11;48;2;2;;8.94;137;92;31;1,750;404;72,661;50;;2;;1.95;23%;;;;13;5,750;;27%;13;15,426;;38;21;16;01:28;6;;13.04;5.77;00:49;9.31;;17.14;25.52;13,537.76;70;;7;4;3;14;3;1 hour;5;3;04:23;10:34;51%;;0;2;0;
Lee;3000;13;23;7;11;;8.09;71;46;14;1,045;166;33,737;30;2;;;2.73;15%;;;;12;4,427;;18%;12;17,407;;36;25;19;01:11;7;;9.15;4.92;00:41;10.55;;16.18;24.98;11,873.7;26;;2;0;3;5;;34 minutes;3;3;01:57;02:48;100%;3;;;4;
Leveyez;3556;9;28;;2;;8.22;64;40;14;1,113;255;53,482;26;;;;1.39;22%;;;;5;5,206;;41%;5;13,064;;16;11;10;00:30;6;;13.51;4.11;00:16;7.63;;11.75;18.8;15,710.87;46;;2;1;4;8;;41 minutes;3;1;00:57;;17%;;;3;1;
limited death;2964;2;3;;;;4.12;9;2;;247;62;10,647;4;;;;1.8;25%;;;;2;3,488;;;2;6,259;;5;;3;00:33;;;6.87;1.37;00:51;5.5;;2.75;12.37;14,643.2;5;;;0;;0;;8 minutes;1;1;00:37;;78%;;0;0;1;
limmme;3370;4;29;4;8;;7.51;35;22;2;921;216;40,980;8;;;;1.45;23%;;;;9;7,319;;53%;9;8,281;;13;11;2;00:12;2;;6.22;0.51;00:06;2.07;;5.7;9.07;10,621.97;24;;4;3;4;11;;32 minutes;4;2;00:24;00:24;62%;;;1;2;
lorcy m;3797;5;20;8;23;;7.13;68;44;15;1,133;291;55,636;15;4;;;4;25%;;;;12;9,527;;27%;12;14,282;;22;14;5;00:12;4;;6.06;5.35;00:16;5.35;;15.69;24.26;19,850.07;17;;4;2;2;8;2;31 minutes;3;2;00:46;07:46;70%;4;;1;8;
Lord Misiunas;2438;10;10;2;2;;14.76;13;8;;200;53;9,977;5;;;;1.62;26%;;;;5;2,655;;;5;9,977;;13;8;5;00:04;;;11.81;1.47;00:07;7.38;;11.81;19.2;14,736.16;8;;;1;1;1;;8 minutes;1;;00:04;;;;;1;3;
Lycanz;4036;12;150;6;34;;13.18;311;185;62;3,914;1,159;223,414;134;3;;;3.2;29%;;;;13;8,621;;41%;13;16,066;;21;17;14;00:49;6;;8.52;5.44;00:41;11.77;;16.25;27.32;19,631.64;97;;8;11;23;42;8;2 hours;11;8;07:54;18:06;71%;3;;3;3;
Maniac Mansion;0;4;4;;;;4.48;9;3;2;178;19;3,484;2;;;;;10%;;;;2;1,183;;7%;2;1,344;;5;;2;00:36;;;10.09;2.24;00:45;2.24;;3.36;10.09;3,908.41;9;;1;1;0;1;;7 minutes;1;;00:40;;;;1;0;
Mano Brawl BR;4015;6;6;4;4;;8.28;21;12;3;297;64;15,164;13;;;;3.5;21%;;;;10;5,693;;21%;10;15,164;;21;12;13;00:26;3;;8.28;4.14;00:57;17.95;;16.57;28.99;20,940.06;6;;1;1;1;2;;10 minutes;1;0;00:42;00:48;17%;;1;0;6;
mar50th;3014;6;8;3;6;;9.32;35;26;12;477;159;26,241;14;;;;2.91;33%;;;;9;5,390;;39%;9;15,029;;18;13;7;00:18;7;;13.99;13.99;00:39;16.32;;30.31;40.81;30,599.35;12;;0;0;1;2;;16 minutes;1;0;00:34;01:03;57%;;;0;7;
Marderic;3308;2;6;;;;4.55;35;21;11;515;133;23,268;19;;;;1.59;25%;;;;9;5,027;;26%;9;9,353;;18;10;10;00:44;6;;16.68;8.34;01:03;14.41;;15.92;26.54;17,648.63;22;;2;1;0;3;;21 minutes;1;0;01:24;02:56;13%;;0;1;1;
MattPisto;4130;9;85;3;10;1;8.3;275;175;54;3,149;826;148,839;111;3;;;2.95;26%;8;;;19;7,626;8;35%;19;22,150;8;33;21;17;02:10;9;0.09;9.08;5.27;01:14;10.84;0.77;17.09;26.86;14,538.6;93;;10;8;12;30;6;2 hours;10;9;12:42;12:49;89%;3;0;1;1;
Maxxon Charge;3705;7;47;3;14;;9.05;131;77;17;2,462;571;102,408;37;2;2;;2.91;23%;;;;17;7,517;;19%;17;17,858;;22;11;9;00:21;4;;8.67;3.27;00:12;7.13;;14.83;25.24;19,736.28;45;;3;3;8;13;;1 hour;5;2;01:02;08:12;45%;3;1;2;3;
mcir3000;2958;6;15;3;6;1;9.62;43;29;10;620;150;27,786;19;;;;3.07;24%;;;;10;4,739;;25%;10;15,069;;25;17;14;00:17;7;0.64;8.97;6.41;00:16;12.18;;18.6;27.58;17,822.23;14;;1;1;3;5;;22 minutes;2;0;00:26;04:55;11%;;1;1;4;
me10005;3682;11;52;8;22;1;13.95;104;67;22;1,259;285;72,436;25;;;;2.53;22%;;;;13;8,919;;29%;13;21,765;;24;17;6;00:38;5;0.26;11;5.9;00:30;6.71;;17.98;27.91;19,444.59;41;;2;3;4;9;2;47 minutes;4;2;01:53;11:29;63%;3;;1;6;
Medvescek;3421;4;10;2;6;;4.78;44;26;7;652;210;36,899;12;;;;3.66;32%;42;;;8;6,934;42;;8;14,630;42;16;8;6;00:12;2;;5.73;3.34;00:07;5.73;19.91;12.43;21.04;17,647.86;12;;1;2;1;5;2;18 minutes;2;2;00:15;;75%;;;1;3;
MercenaryXPO;0;7;44;3;14;1;8.65;117;80;28;1,289;301;54,627;25;;;;3.54;23%;;;5;18;9,812;;29%;18;9,812;;18;14;5;00:26;5;0.19;6.49;5.5;00:17;4.91;;15.73;23.01;10,746.64;33;;3;5;6;14;3;48 minutes;5;4;01:31;13:05;79%;;0;1;3;
Meuq;4537;2;3;;;;6.47;5;4;;144;30;5,776;2;;;;1.25;20%;;;;4;2,707;;28%;4;3,685;;4;3;2;00:00;;;8.62;2.15;00:01;4.31;;8.62;10.78;12,459.65;4;;1;1;0;2;;4 minutes;0;0;00:00;;55%;;;0;2;
MisterToli X;0;13;217;6;68;;11.02;467;327;126;5,526;1,474;304,855;128;6;4;;2.49;26%;;;;13;8,611;;54%;13;12,541;;40;29;11;00:52;10;;9.49;6.39;00:24;6.5;;16.6;23.71;15,484.06;187;;13;16;20;49;5;4 hours;20;10;07:54;24:14;51%;3;1;8;3;
miya456;2442;10;19;4;9;;8.03;46;28;9;789;134;26,537;14;;;;1.48;16%;;;;6;3,031;;28%;6;8,342;;24;13;8;00:42;3;;13.11;3.8;00:48;5.92;;11.84;19.45;11,225.35;31;;2;3;;5;;30 minutes;2;2;01:54;00:20;72%;;;1;4;
mnizzle4;2719;4;4;2;2;;14.88;13;9;3;185;56;7,710;10;;;;13;30%;;;;10;3,900;;30%;10;7,710;;13;9;10;00:27;3;;3.72;11.16;01:42;37.22;;33.5;48.38;28,698.86;;;1;;1;1;;4 minutes;0;0;00:27;01:28;100%;;;;7;
MoraCombo;0;10;144;5;37;1;11.52;324;230;72;4,566;1,056;194,484;83;3;;;3.95;23%;;;;18;9,094;;41%;18;15,045;;25;20;7;00:24;8;0.08;6.56;5.76;00:14;6.64;;18.41;25.94;15,572.15;82;3;9;13;12;34;3;2 hours;12;10;03:06;20:41;79%;4;1;2;3;
MVB Kealoha Koa;2365;2;2;;;;7.96;3;2;;44;18;4,158;;;;;0.75;40%;;;;2;1,778;;;2;4,158;;3;2;;00:06;;;15.93;;00:24;3.98;;7.96;11.95;16,568.41;4;;1;1;;1;;3 minutes;0;0;00:06;;100%;;;;4;
Nasty0303;2662;16;116;4;23;1;6.63;385;253;91;5,940;1,116;234,132;209;5;;2;1.61;18%;;;12;8;5,056;;29%;8;18,863;;33;20;25;02:10;9;0.11;13.62;5.2;01:05;11.96;;14.47;22.03;13,399.65;238;;13;14;15;41;5;3 hours;17;6;19:08;24:48;34%;4;1;11;1;
NGeminiN;0;5;12;2;4;;14.64;27;16;5;404;79;16,075;12;;;;1.8;19%;;;;5;3,065;;;5;8,091;;18;10;9;00:29;4;;18.3;6.1;00:53;14.64;;19.52;32.95;19,617.9;15;;1;2;1;3;;13 minutes;1;0;00:43;01:33;57%;;;0;5;
NitroFPS;0;6;60;4;18;1;11.03;165;95;31;1,962;516;96,067;74;2;;2;2.84;26%;;;;14;11,050;;61%;14;11,130;;18;9;9;01:31;6;0.36;10.66;5.7;00:55;13.61;;17.47;30.35;17,670.55;58;2;4;7;11;22;3;1 hour;5;3;05:03;12:24;48%;4;0;2;3;
NomadHokie;2669;5;8;3;3;;6.57;9;8;3;212;40;8,422;3;;;;0.56;18%;;;;2;1,629;;40%;2;3,945;;6;5;3;00:14;2;;13.15;2.46;00:23;2.46;;6.57;7.4;6,924.44;16;;1;1;1;2;;13 minutes;1;0;00:28;;3%;;0;1;2;
NoT x GER Beans;2916;2;6;3;6;;1.76;40;26;10;858;177;40,012;15;;;;1.42;20%;;;;9;6,082;;17%;9;9,877;;11;7;6;01:13;5;;8.22;2.93;00:39;4.4;;7.63;11.74;11,750.75;28;;1;2;2;6;;35 minutes;3;1;02:15;01:21;15%;;1;2;2;
o Kapow;3427;12;361;7;169;1;8.08;1,009;647;209;14,310;3,598;716,149;396;8;3;;2;25%;;1;16;18;10,042;;100%;18;23,933;;28;22;20;01:23;9;0.02;11.24;4.68;00:33;8.87;;14.49;22.6;16,042.6;502;8;31;29;35;95;14;9 hours;45;23;24:56;30:27;51%;3;3;18;4;
ObeyedMonk1191;2623;9;84;5;14;1;4.51;446;313;87;5,295;1,177;213,332;241;2;4;2;2.05;22%;;;6;13;4,417;;33%;13;19,618;;49;35;29;02:45;9;0.1;11.66;4.67;01:05;12.96;;16.83;23.98;11,472.22;217;8;15;14;13;43;3;4 hours;19;8;20:13;32:32;44%;4;2;8;1;
ObiwanKi11n00by;3509;22;1,267;10;331;1;12.48;2,605;1,667;528;37,851;8,259;1,621,149;781;40;4;4;2.84;21%;3;;24;24;14,057;2;58%;24;30,121;2;46;32;19;01:20;13;0.03;9.02;5.2;00:24;7.69;0.03;16.42;25.66;15,970.27;916;7;72;81;95;247;34;21 hours;102;49;41:35;02:16:00;48%;4;9;44;3;
Official VT;2523;6;21;;;;5.96;71;51;19;657;224;43,192;34;;;;1.61;34%;;;2;6;4,338;;43%;6;10,164;;19;13;11;01:31;6;;12.49;5.39;01:13;9.65;;14.48;20.16;12,269.76;44;;3;3;6;12;2;38 minutes;4;2;04:20;06:49;47%;;0;2;0;
Ohdyn;0;4;19;4;7;;4.75;62;39;14;1,198;149;24,168;19;2;;2;6.2;12%;;;;14;6,546;;18%;14;6,546;;15;8;7;00:33;4;0.5;2.5;3.5;00:13;4.75;;9.75;15.51;6,046.77;10;;6;2;2;10;;32 minutes;4;4;00:53;02:24;100%;3;;;2;
OneBadBandito;2762;6;16;6;9;;12.23;39;26;11;549;123;23,988;14;;;;6.5;22%;;;;13;5,782;;37%;13;8,813;;14;11;7;00:01;7;;4.58;8.41;00:02;10.7;;19.87;29.81;18,340.58;6;;1;2;1;4;;17 minutes;1;1;00:02;01:29;53%;4;;1;7;
Ouijaveli;0;6;16;;3;;6.8;30;15;5;556;110;19,014;4;;;;1.42;19%;;;;13;3,860;;70%;13;7,602;;16;9;3;01:02;4;;8.93;2.12;00:33;1.7;;6.37;12.75;8,086.28;21;;2;2;2;6;;24 minutes;2;0;01:17;01:30;16%;;;2;1;
OUT M3 RK ED;3749;9;78;4;27;;11.4;138;89;33;2,548;690;124,196;41;;;;2.33;27%;;;;12;8,372;;41%;12;15,776;;18;11;9;00:32;4;;8.62;4.82;00:21;5.99;;13.01;20.18;18,164.32;59;;5;8;11;24;4;1 hour;7;3;02:30;04:03;44%;3;1;3;4;
Overwatch DVa;3093;;;;;;3.34;2;;;32;6;2,089;;;;;0.33;18%;;;;;635;;;1;1,334;;2;;;00:02;;;20.05;;00:16;;;;6.68;6,983.35;6;;0;0;0;1;;3 minutes;0;0;00:04;;9%;;;0;
P0LiSH;1993;6;20;7;13;;5.79;72;53;16;981;259;46,288;30;2;;;2.88;26%;;;;9;3,580;;31%;9;17,599;;24;16;10;00:41;8;;7.24;4.63;00:25;8.69;;15.35;20.86;13,413.76;25;;3;5;1;9;2;40 minutes;3;1;01:28;01:57;28%;3;1;1;4;
ParalyzingFrost;3000;10;80;6;42;1;7.97;224;142;45;3,133;818;143,825;48;;;;3.44;26%;;;;18;8,686;;50%;18;13,646;;23;14;11;00:29;7;0.09;6.48;4.48;00:15;4.78;;14.15;22.33;14,340.17;65;;4;8;11;24;3;1 hour;10;6;02:40;09:31;60%;;1;4;4;
Parmesan Memes;3465;3;4;;2;;6.3;19;10;;218;78;14,133;10;;;;2.37;35%;;;;6;3,272;;;6;9,627;;18;9;9;00:31;;;12.6;1.57;01:07;15.75;;15.75;29.93;22,271.02;8;;0;1;1;2;;6 minutes;1;;00:42;02:44;;;;1;3;
Per;2989;2;3;;;;3.53;16;8;2;198;52;7,855;;;;;16;26%;;;;8;4,499;;;8;6,350;;13;8;;00:01;2;;1.17;2.35;00:01;1.17;;9.42;18.85;9,254.71;;;1;1;1;3;;4 minutes;1;1;00:01;00:20;100%;
PETERtois01;0;11;370;9;252;1;5.19;1,543;986;323;21,118;4,986;921,788;666;17;5;;1.8;23%;7;;16;17;9,229;7;52%;17;23,240;7;40;28;20;02:17;10;0.01;12.01;4.53;00:57;9.35;0.1;13.85;21.68;12,953.73;855;11;56;58;58;172;18;14 hours;71;28;01:08:11;01:46:21;39%;4;3;41;4;
Ponders;3669;4;10;2;2;;4.94;24;18;4;717;117;26,666;10;;;;1.5;16%;;;;6;4,301;;16%;6;10,400;;9;7;5;00:18;2;;7.9;1.97;00:12;4.94;;8.89;11.86;13,180.05;16;;2;1;2;5;;24 minutes;2;1;00:25;;68%;;;1;1;
pooptasticpoop;0;6;17;3;3;;10.02;37;25;12;766;170;30,318;8;;;;2.05;22%;;;;8;7,989;;11%;8;8,174;;13;9;3;00:05;7;;10.61;7.07;00:12;4.71;;14.74;21.82;17,887.12;18;;0;2;2;4;;22 minutes;2;1;00:21;01:51;52%;;0;1;2;
PRAXIS UnLeashD;0;17;3,136;10;997;;12.46;6,689;4,395;1,505;74,463;19,777;4,386,937;2,218;77;16;10;2.45;26%;140;;37;21;12,944;181;61%;21;27,448;48;37;28;20;01:37;11;0.03;10.8;5.98;00:34;8.81;0.55;17.46;26.57;17,431.42;2,720;19;223;220;273;716;113;54 hours;252;124;02:23:37;06:56:20;49%;5;20;108;4;
Proxxy 4;3742;7;102;3;28;;10.13;222;130;36;3,237;889;165,583;39;4;;;2.88;27%;;;2;13;6,129;;68%;13;8,191;;15;9;6;00:32;4;;7.65;3.57;00:15;3.87;;12.92;22.06;16,456.77;77;;11;9;7;27;2;1 hour;10;5;02:34;02:22;50%;5;2;3;3;
Prunester;3701;3;3;;;;13.56;14;7;;101;37;7,777;10;;;;4.66;36%;;;;7;4,426;;;7;7,777;;14;7;10;00:59;;;13.56;;04:27;45.2;;31.64;63.28;35,156.19;3;;;0;0;1;;3 minutes;0;;00:59;00:17;;3;;0;
Psyhco;4161;6;9;2;2;;8.45;36;18;8;440;98;15,745;2;;;;36;22%;;;2;21;8,490;;28%;21;8,490;;21;12;;00:00;4;;0.93;7.51;00:00;1.87;;16.9;33.8;14,785.46;;;1;0;2;3;;11 minutes;1;1;00:00;02:01;100%;;;;2;
Rabundy;2525;5;17;3;4;;5.98;57;37;9;732;161;27,425;25;2;;;6.33;21%;;;;12;5,553;;;12;8,231;;18;11;14;00:40;4;;3.16;3.16;00:22;8.79;;13.02;20.06;9,652.1;9;;1;2;5;8;2;23 minutes;3;2;01:03;06:22;62%;3;;1;1;
Rahazlium;3379;9;9;;;;17.14;22;17;8;270;58;11,646;6;;;;7.33;21%;;;;20;7,909;;;20;11,646;;22;17;6;00:17;8;;5.71;15.23;00:32;11.42;;32.37;41.89;22,180.87;3;;1;;2;2;;7 minutes;1;1;00:17;04:27;100%;
RamLMT;0;10;124;6;42;;9.96;279;155;47;4,018;968;183,461;142;7;;;1.61;24%;;1;5;10;7,031;;34%;10;15,836;;19;13;11;02:10;5;;13.9;3.77;01:05;11.41;;12.45;22.42;14,747.89;173;2;10;12;5;27;;3 hours;12;7;13:34;14:11;55%;3;2;4;3;
REC xD;3693;3;10;;;;5.89;22;9;;671;140;24,995;10;;;;1.15;20%;;;;5;7,828;;46%;5;8,008;;11;5;4;00:22;;;11.2;0.58;00:16;5.89;;5.3;12.97;14,741.54;19;;1;2;1;4;;20 minutes;2;1;00:27;;44%;;0;1;1;
Red Faze;0;19;519;7;80;1;12.03;1,122;712;218;14,930;3,588;654,699;380;18;4;3;2.84;24%;;1;11;19;9,023;;50%;19;28,307;;49;34;41;04:02;13;0.06;9.15;5.05;00:38;8.81;;16.5;26.01;15,180.26;395;9;30;47;31;109;13;9 hours;43;25;27:38;01:24:18;57%;5;2;16;2;
Repure;4210;7;47;4;10;;12.91;75;48;17;1,328;390;79,662;15;;;;3;29%;;;;10;9,452;;37%;10;13,263;;15;13;4;00:14;7;;6.86;4.66;00:08;4.12;;13.18;20.6;21,883.37;25;;3;2;5;10;2;43 minutes;4;2;00:31;05:50;64%;;0;1;3;
Respect Knuckle;2753;18;318;11;102;1;8.9;858;563;212;12,290;2,754;537,487;377;3;;;2.3;22%;;1;10;14;8,035;;40%;14;28,640;;62;42;37;03:19;14;0.02;10.41;5.93;01:01;10.55;;15.75;24.01;15,045.06;372;8;18;34;52;104;24;7 hours;36;20;36:23;54:23;55%;5;2;14;3;
s2k l Barbie l;0;3;3;;;;9.55;6;4;;102;9;2,006;4;;;;;8%;;;;6;2,006;;8%;6;2,006;;6;4;4;00:36;;;;3.18;01:56;12.74;;12.74;19.11;6,391.42;;;0;0;;1;;3 minutes;0;0;00:36;;100%;;;;3;
Sakaine08;2843;7;72;8;83;1;2.19;611;383;100;8,038;1,952;373,113;266;3;4;;1.75;24%;;;31;11;6,647;;43%;11;19,111;;38;23;22;02:13;11;0.03;10.59;3.04;00:45;8.09;;11.66;18.6;11,360.01;348;4;25;23;19;66;5;6 hours;33;12;25:09;12:02;35%;3;3;19;3;
Scuffs;4060;3;10;5;9;1;6.22;31;21;6;517;159;27,905;7;2;;;3.1;30%;;;;8;8,432;;48%;8;11,481;;11;9;3;00:13;2;0.62;6.22;3.73;00:11;4.35;;13.07;19.3;17,378.68;10;;1;3;2;6;;15 minutes;2;1;00:19;01:03;33%;3;;1;6;
Seanibah95;1909;;;;;;4.4;4;4;;58;7;2,164;;;;;2;12%;;;;4;2,164;;;4;2,164;;4;4;;;;;8.81;4.4;;4.4;;17.63;17.63;9,540.38;2;;;0;0;1;;2 minutes;0;;;00:20;;;;0;
Semitaur;3703;4;28;5;12;;6.66;73;39;12;1,258;408;73,174;12;;;;3.04;32%;;;;13;9,021;;60%;13;9,021;;14;9;6;00:18;3;;5.71;2.85;00:08;2.85;;9.27;17.36;17,410.29;24;;3;4;4;11;;38 minutes;4;2;00:35;02:04;53%;4;;2;3;
ShadowBandane;2973;12;45;10;18;;8.24;119;70;30;1,791;443;75,688;39;;;;2.28;24%;3;;;8;5,099;3;28%;8;20,775;3;30;17;14;00:47;10;;9.53;5.49;00:28;7.14;0.6;12.83;21.81;13,874.99;52;;3;1;6;10;;1 hour;5;3;02:35;03:31;55%;;;2;3;
Shes My Nerd;3000;4;7;;;;4.74;39;22;4;629;168;31,031;15;;;;3.9;26%;;;;15;7,435;;21%;15;11,102;;24;14;10;00:13;4;;6.78;2.71;00:18;10.17;;14.92;26.45;21,049.37;10;;1;1;2;4;;18 minutes;1;1;00:27;02:55;69%;;;0;
Shmedium Undies;3982;;;;;;11.6;;;;49;20;2,766;;;;;;40%;;;;;2,751;;;1;2,751;;;;;00:01;;;11.6;;00:20;;;;11.6;32,104.05;;;0;0;0;0;;1 minute;0;0;00:01;;100%;
Sinature;0;5;15;2;4;;6.79;39;22;8;526;98;18,032;8;;;;3.25;18%;;;;9;3,912;;26%;9;6,487;;11;7;4;00:22;4;;5.43;3.62;00:11;3.62;;9.96;17.66;8,166.41;12;;1;3;2;6;2;18 minutes;2;2;00:24;00:45;77%;;;0;2;
SirJamesParker;0;10;35;3;9;1;14.43;59;37;14;998;220;44,859;12;;;;2.26;22%;;;;9;5,546;;9%;9;14,156;;15;11;5;00:07;5;0.41;10.72;5.77;00:06;4.94;;15.25;24.32;18,497.01;26;;1;1;4;7;;32 minutes;2;2;00:16;02:57;90%;3;0;0;4;
Skittle Kitteh;0;9;179;11;62;1;13.18;349;241;88;4,074;1,161;252,025;115;5;;;1.99;28%;50;;4;14;7,856;50;48%;14;17,071;50;24;18;11;00:36;9;0.07;12.89;6.48;00:31;8.47;3.7;17.75;25.71;18,568.44;175;;11;13;8;32;4;3 hours;14;7;07:04;30:13;52%;4;2;4;5;
SlovenlyGrunt75;2187;9;15;4;6;;10.56;37;27;9;502;135;22,021;15;;;;1.54;26%;;;2;6;2,946;;23%;6;15,150;;34;24;14;00:59;6;;16.9;6.33;01:04;10.56;;19.01;26.06;15,510.88;24;;1;2;1;4;;22 minutes;1;;01:31;02:50;;;0;1;4;
SlowWhelp151488;3909;5;8;3;3;;16.28;18;13;9;269;67;12,452;9;;;;2.57;24%;;;;5;4,920;;33%;5;6,511;;10;8;5;00:15;6;;14.24;18.31;00:36;18.31;;26.45;36.63;25,340.21;7;;0;1;0;2;;8 minutes;0;0;00:17;;100%;;;;6;
Snide Chick;2700;3;3;;;;5.82;10;6;2;153;26;5,226;5;;;;1.42;16%;;;;3;924;;;3;4,309;;10;6;5;01:22;2;;13.59;3.88;02:39;9.71;;11.65;19.42;10,151.28;7;;1;0;;1;;6 minutes;1;;01:22;;;;;1;
SoLo Glitch;0;9;17;5;6;;13.06;43;31;6;515;95;20,680;17;;;;2.38;18%;;;2;6;2,530;;8%;6;8,441;;22;17;9;00:23;2;;13.83;4.61;00:51;13.06;;23.81;33.03;15,889.9;18;;1;1;2;4;;21 minutes;1;0;01:07;00:27;27%;3;;1;5;
Spic3mast3r;2992;;2;2;2;;0.91;49;25;5;584;93;13,905;10;;;;5.44;15%;;;;12;2,896;;19%;12;6,863;;27;14;7;00:44;3;;4.12;2.29;00:26;4.58;;11.46;22.47;6,378.95;9;;2;3;1;6;;18 minutes;2;2;00:56;02:19;100%;;;;1;
SpicySweetChili;2634;8;8;5;5;;8;50;29;5;409;66;14,355;41;;;;7.14;16%;;;;9;2,491;;16%;9;14,355;;50;29;41;02:30;5;;7;5;02:30;41;;29;50;14,354.89;7;;;;3;3;;12 minutes;1;1;02:30;04:37;100%;;;;5;
SQ1B;0;6;25;2;3;;6.91;74;45;11;1,360;292;53,003;39;;;;2;21%;;1;6;7;5,449;;55%;7;10,791;;23;16;15;00:50;4;;10.23;3.04;00:39;10.78;;12.44;20.46;14,660.8;37;;2;1;2;6;2;49 minutes;4;1;02:22;02:34;38%;;0;2;1;
StarkBridge;2062;2;5;3;6;;2.27;37;22;7;626;130;21,148;14;;;;4.11;20%;;;2;11;6,004;;22%;11;10,090;;21;13;8;00:06;4;;4.09;3.18;00:05;6.37;;10.01;16.83;9,622.9;9;;2;2;1;5;;18 minutes;2;2;00:11;00:24;71%;;;1;3;
STICKYFING8RS;3045;3;5;;;;5.51;10;7;2;185;30;6,634;5;;;;2;16%;;;;5;2,973;;16%;5;3,521;;5;3;4;00:01;;;5.51;2.2;00:02;5.51;;7.71;11.02;7,313.75;5;;1;2;1;4;;7 minutes;1;0;00:02;;51%;;;0;1;
SupaNoobGuy;4415;5;14;4;8;;9.8;30;15;5;503;144;31,055;10;;;;3.33;28%;;;;8;7,335;;;8;13,345;;15;6;8;00:14;2;;6.3;3.5;00:10;7;;10.5;21.01;21,750.84;9;;1;0;3;4;2;14 minutes;1;1;00:14;00:31;90%;;;0;6;
SWIFT JUSTlCE;3055;2;5;;;;4.08;30;18;7;314;91;15,482;16;;;;1.76;28%;;;;4;1,722;;11%;4;4,177;;13;8;9;00:43;4;;13.9;5.72;01:08;13.08;;14.72;24.53;12,662.07;17;;2;2;2;5;;16 minutes;1;1;01:23;00:48;44%;;;1;1;
TaRaNtUlAxBaUeR;2649;;;;;;2.52;5;2;;135;36;5,883;2;;;;1.25;26%;;;;4;3,797;;26%;4;5,883;;5;2;2;00:37;;;10.11;2.52;01:34;5.05;;5.05;12.64;14,880.08;4;;;0;;0;;4 minutes;0;0;00:37;;100%;
thats my sock;3409;11;278;7;102;1;11.55;647;381;107;11,637;2,938;520,179;202;7;;;3.36;25%;6;;2;17;14,860;6;69%;17;22,446;6;24;17;14;00:29;7;0.04;7.98;4.44;00:15;8.39;0.25;15.84;26.9;21,628.31;192;;19;22;27;68;12;5 hours;24;12;06:17;27:16;48%;3;3;9;4;
The Gooner 90;3747;;;;;;1.55;21;8;2;227;38;6,853;5;2;;;10.5;16%;;;;7;2,671;;16%;7;6,853;;21;8;5;00:17;2;;3.1;3.1;00:27;7.76;;12.42;32.6;10,641.9;2;;1;1;;1;;6 minutes;1;1;00:17;;100%;3;
The Shad0w Wolf;0;3;7;;;;5.1;19;9;8;469;52;10,078;2;;;;3.16;11%;;;;4;2,675;;18%;4;3,822;;8;4;;00:08;4;;4.37;5.83;00:09;1.45;;6.56;13.85;7,347.89;6;;1;1;0;1;;14 minutes;1;1;00:12;;45%;;;1;
Toxic Depth;2612;2;5;;;;4.67;15;6;2;242;56;9,295;7;;;;1.07;23%;;;;3;1,319;;34%;3;3,277;;6;2;4;00:15;;;13.08;1.86;00:37;6.54;;5.6;14.02;8,689.93;14;;0;1;2;3;;10 minutes;1;;00:40;;;;;1;
Truck555;3000;13;1,232;12;614;1;6.13;4,946;3,209;1,043;64,343;15,363;2,952,300;1,773;43;27;11;2.36;23%;4;;113;16;9,401;4;80%;16;30,724;4;56;45;28;02:17;13;0.05;10.4;5.19;00:36;8.83;0.02;15.98;24.64;14,708.43;2,089;25;137;151;216;504;80;42 hours;201;98;02:02:20;04:20:00;48%;4;18;84;3;
TzTM;3974;6;15;3;4;;6.74;22;16;2;462;129;25,922;3;;;;1.1;27%;;;;15;6,806;;53%;15;6,868;;15;11;3;00:20;;;8.99;0.89;00:14;1.34;;7.19;9.89;11,661.5;20;;1;2;2;5;;20 minutes;2;0;00:32;02:08;20%;;;2;2;
Vault DwelIer;2895;3;6;2;3;;11.16;19;13;3;223;35;9,036;14;;;;2.11;15%;;;;6;2,802;;;6;7,120;;12;8;9;00:36;3;;16.74;5.58;01:25;26.04;;24.18;35.34;16,809.04;9;;1;0;;1;;9 minutes;1;;00:45;00:44;;3;;1;6;
Vexualy;4027;;;;;;5.16;2;;;33;2;643;2;;;;0.66;6%;;;;;323;;7%;1;563;;2;;2;00:11;;;15.49;5.16;00:58;10.33;;5.16;10.33;3,323.06;3;;0;0;0;1;;2 minutes;0;0;00:11;;20%;;;0;
vKure;4326;;;;;;1.95;3;2;;69;6;1,017;;;;;0.42;8%;;;;;343;;;1;935;;3;2;;00:06;;;13.66;;00:27;1.95;;3.9;5.85;1,984.53;7;;1;0;1;2;;5 minutes;1;0;00:13;;61%;;;0;
Wavy as;3000;6;17;4;8;;8.11;44;29;11;843;202;39,832;11;;;;2.2;23%;;;;7;5,363;;32%;7;9,998;;13;8;7;00:13;4;;9.54;5.24;00:09;5.24;;13.83;20.99;19,005.1;20;;3;3;1;6;;26 minutes;2;1;00:18;01:23;69%;;0;0;4;
WELSHMANIA;4025;3;4;;;;7.35;13;6;2;164;37;6,990;7;;;;2.6;22%;;;;11;2,256;;14%;11;3,986;;13;6;7;00:06;2;;9.19;3.67;00:11;12.87;;11.03;23.91;12,861.17;5;;1;1;0;2;;5 minutes;1;0;00:06;00:04;81%;;;0;
Westside Ryderz;3000;8;12;;2;;12.38;15;9;3;232;65;11,991;5;;;;1.5;28%;;;;5;2,369;;39%;5;7,015;;13;7;4;00:14;3;;10.32;3.09;00:15;5.16;;9.28;15.48;12,376.11;10;;1;1;;2;;11 minutes;1;1;00:15;;68%;;;0;2;
WHIT3 DYNAMIT3;2806;;;;;;22.13;;;;19;5;806;;;;;;26%;;;;;681;;;;806;;;;;;;;22.13;;;;;;;17,834.71;;;;;0;0;;42.796984013170004 seconds;0;0;;;100%;
WSXRQ;3188;2;3;;;;14.06;;;;28;11;1,901;;;;;;39%;;;;;951;;;;1,706;;;;;;;;23.44;;;;;;;8,914.37;5;;0;0;;0;;2 minutes;0;0;;;24%;;;0;
Wxnderful;0;14;262;8;98;1;9.02;661;410;124;9,410;2,407;458,470;181;16;2;3;3.71;25%;51;;3;20;9,974;51;44%;20;27,872;51;40;29;14;00:55;6;0.1;6.13;4.27;00:21;6.23;1.74;14.12;22.77;15,797.33;178;;23;27;42;92;21;4 hours;29;26;10:34;48:05;88%;4;1;2;3;
Xandoid;3131;11;106;6;67;1;7.03;332;221;88;5,573;1,374;239,495;81;3;;;3.22;24%;;;;14;13,244;;50%;14;17,463;;23;18;9;00:17;9;0.06;6.83;5.83;00:07;5.37;;14.65;22.02;15,884.99;103;;10;14;13;37;6;2 hours;15;7;02:00;16:09;46%;3;1;7;4;
xBambiraptorx;2733;;2;;;;21.23;;;;31;;1,016;;;;;;25%;;;;;;;;1;1,016;;;;;;;;21.23;10.61;;;;10.61;10.61;10,786.91;2;;;0;;0;;1 minute;0;;;;;;0;0;
xHAZ4RDZx;3383;2;4;;;;22.55;3;;;54;21;4,088;;;;;0.75;38%;;;;;1,549;;54%;1;1,678;;2;;;00:06;;;22.55;5.63;00:34;;;5.63;16.91;23,052.46;4;;0;0;0;0;;2 minutes;0;;00:06;;;;;0;
xPMoney7;2746;4;59;4;29;;6.08;199;137;33;2,878;566;113,697;87;;2;;2.36;19%;;;6;16;6,605;;41%;16;8,488;;20;15;10;00:32;4;;8.65;3.4;00:27;8.96;;14.12;20.51;11,721.11;84;3;10;6;8;24;;2 hours;10;4;04:24;03:36;41%;;0;5;3;
Xvanthious;2465;18;354;6;56;1;10.2;885;549;197;11,448;2,210;448,741;425;4;3;7;2.31;19%;2;;56;15;7,829;76;35%;15;19,431;;50;31;25;03:19;12;0.2;11;5.67;01:15;12.24;0.06;15.82;25.5;12,933.53;382;3;32;33;32;98;11;7 hours;35;19;43:49;50:40;55%;3;2;13;2;
XxScourgexX1;2567;2;4;;;;5.44;9;4;2;71;23;3,821;4;;;;1.5;32%;;;;3;980;;28%;3;2,214;;6;3;3;00:06;;;8.17;2.72;00:09;5.44;;5.44;12.26;5,205.98;6;;1;;1;2;;6 minutes;1;;00:07;;;;;1;
yayletsplay;2772;;;;;;4.84;4;2;;134;11;1,522;2;;;;4;8%;;;;4;1,522;;8%;4;1,522;;4;2;2;00:03;;;4.84;;00:16;9.69;;9.69;19.39;7,377.01;;;;0;;0;;3 minutes;0;0;00:03;;100%;
yoyohurricanes;4167;4;26;5;12;;5.76;101;64;33;1,527;443;76,556;17;2;;;3.15;29%;;;;12;8,269;;42%;12;11,558;;16;11;3;00:11;6;;7.09;7.31;00:08;3.76;;14.19;22.39;16,974.71;32;;3;3;5;12;;50 minutes;5;3;00:36;02:22;68%;4;;1;3;
ySaiL;0;;;;;;3.15;7;4;2;126;21;3,490;3;;;;2.33;16%;;;7;4;1,345;;23%;4;1,345;;4;3;2;00:08;2;;9.46;6.31;00:51;9.46;;12.62;22.09;11,015.24;3;;0;1;0;1;;4 minutes;0;0;00:16;00:40;27%;;;0;
ZanderzHD;0;5;6;;2;;5.24;19;12;4;238;34;6,435;6;;;;2.71;14%;;;;5;1,573;;20%;5;4,874;;12;7;6;00:11;2;;6.12;3.49;00:10;5.24;;10.49;16.62;5,629.44;7;;1;1;1;3;;8 minutes;1;1;00:11;;100%;;;;2;
zRiiCHiiEz;2365;;;2;2;;;5;4;;54;16;4,335;4;;;;;29%;;;;4;1,437;;29%;4;4,335;;5;4;4;00:10;;;20.4;;00:44;16.32;;16.32;20.4;17,696.14;5;;0;0;0;1;;4 minutes;0;0;00:10;00:20;7%;;0;0;8;
