Username;SR;Sound Barriers Provided;Sound Barriers Provided - Most in Game;Melee Final Blows - Most in Game;Sound Barriers Provided - Average;Eliminations;Final Blows;Solo Kills;Shots Fired;Shots Hit;Critical Hits;Damage Done;Objective Kills;Multikills;Environmental Kills;Melee Final Blows;Critical Hits;Critical Hits per Minute;Critical Hit Accuracy;Eliminations per Life;Weapon Accuracy;Healing Done;Teleporter Pad Destroyed;Turrets Destroyed;Offensive Assists;Self Healing;Eliminations - Most in Life;Damage Done - Most in Life;Healing Done - Most in Life;Weapon Accuracy - Best in Game;Kill Streak - Best;Damage Done - Most in Game;Healing Done - Most in Game;Eliminations - Most in Game;Final Blows - Most in Game;Objective Kills - Most in Game;Objective Time - Most in Game;Solo Kills - Most in Game;Offensive Assists - Most in Game;Critical Hits - Most in Game;Critical Hits - Most in Life;Self Healing - Most in Game;Melee Final Blows - Average;Self Healing - Average;Offensive Assists - Average;Deaths - Average;Solo Kills - Average;Objective Time - Average;Objective Kills - Average;Healing Done - Average;Final Blows - Average;Eliminations - Average;Damage Done - Average;Deaths;Environmental Deaths;Medals - Bronze;Medals - Silver;Medals - Gold;Medals;Cards;Time Played;Games Played;Games Won;Objective Time;Time Spent on Fire;Win Percentage;Multikill - Best;Defensive Assists;Defensive Assists - Most in Game;Healing Done;Healing Done - Most in Game;Games Tied;Games Lost;Healing Done - Average;Defensive Assists - Average;
A Bishop;3000;18;11;;19.11;31;7;2;1,201;258;27;4,530;20;;;;27;0.02;10%;4.42;21%;9,337;;;2;2,449;10;1,289;2,548;24%;10;1,906;4,316;17;4;12;01:17;;;12;10;1,049;;2.66;2;7.43;2.12;02:26;21.23;9,913.37;7.43;32.91;4,809.49;7;;2;1;1;3;;15 minutes;1;1;02:18;01:12;66%;;10;4;9,337;;;0;9,913;11;
A Camping Cat;0;719;35;3;20.08;695;154;13;37,017;10,879;696;199,751;301;5;16;22;696;0.02;6%;1.79;29%;439,568;;;179;88,928;11;2,894;6,432;52%;11;7,955;16,870;29;10;14;03:39;2;14;35;11;3,788;0.61;2.86;5;10.83;0.36;01:33;8.4;12,278.08;4.3;19.41;5,579.46;388;17;21;28;37;86;19;8 hours;36;18;55:39;40:56;50%;3;635;30;439,568;7,320;3;15;12,278;18;
A Chill Lamp;4319;166;38;2;17.35;210;33;3;8,436;2,058;147;42,280;91;;3;4;147;0.02;7%;3;24%;90,924;;;83;18,712;17;2,811;5,260;30%;17;8,056;16,264;47;6;16;03:28;2;15;26;8;3,274;0.41;2.66;9;7.31;0.31;01:30;9.51;9,506.18;3.45;21.95;4,420.39;70;;5;6;12;23;3;1 hour;10;7;14:24;14:14;70%;3;166;28;90,924;6,173;;3;9,506;17;
A Large Circle;2455;12;7;;13.25;9;2;;476;157;11;3,308;4;;;;11;0.01;7%;0.69;32%;6,556;;;;2,092;3;585;1,709;26%;3;1,672;3,343;5;2;2;01:05;;;9;5;1,095;;3.12;;14.35;;01:46;4.41;7,240.26;2.2;9.93;3,653.08;13;;1;;1;2;;11 minutes;1;;01:36;00:20;;;2;2;6,556;;;1;7,240;2;
A1 Shank Sauce;2843;4,957;46;3;20.2;4,198;725;66;350,927;68,615;4,063;1,292,404;2,263;18;88;56;4,063;0.02;5%;1.83;19%;2,902,161;;46;633;597,536;15;4,889;6,886;62%;15;11,465;24,140;50;16;26;05:40;4;15;44;23;5,824;0.22;2.98;3;9.31;0.26;01:43;9.22;11,828.41;2.95;17.1;5,267.48;2,286;46;118;111;300;528;149;55 hours;245;115;07:01:42;04:00:33;47%;4;4,237;43;2,902,161;14,690;12;117;11,828;17;
Abdul Ahkbar;0;1,185;35;;20.16;1,080;185;27;48,224;13,983;695;290,007;489;11;45;8;695;0.01;4%;1.83;28%;597,284;;5;398;132,084;15;3,301;6,515;52%;15;9,085;18,946;40;9;24;04:38;4;17;22;12;4,073;0.13;2.82;7;10.02;0.45;01:54;8.32;10,165.19;3.14;18.38;4,935.64;589;3;37;49;57;143;19;12 hours;59;30;01:52:10;53:25;50%;4;776;26;597,284;14,907;2;27;10,165;13;
Abundant Elk;2924;950;44;2;18.88;1,001;208;28;50,034;15,428;825;277,660;522;5;13;16;825;0.02;5%;2.03;30%;605,577;;26;31;141,255;18;3,586;8,522;45%;18;11,061;26,576;40;10;21;04:15;3;5;31;12;6,105;0.31;3.66;1;9.77;0.55;02:07;10.37;12,036.4;4.13;19.89;5,518.74;492;10;26;31;82;138;42;10 hours;50;26;01:46:47;01:06:36;52%;4;762;35;605,577;20,000;1;23;12,036;15;
AceSilver143;0;3,776;37;;15.65;4,136;730;83;238,442;67,486;4,812;1,160,537;2,764;16;99;22;4,812;0.02;7%;1.49;28%;2,931,432;;49;99;663,347;17;3,114;6,802;92%;17;10,143;30,649;41;9;34;06:32;4;6;68;17;6,724;0.09;3.3;0;11.49;0.34;02:10;11.46;12,155.52;3.02;17.15;4,812.3;2,771;72;99;132;358;590;150;55 hours;241;134;08:43:42;04:17:39;55%;4;3,915;38;2,931,432;18,769;9;98;12,156;16;
ACETieFighter;2622;49;22;;14.37;49;9;2;2,306;763;42;16,938;31;;4;;42;0.01;5%;1.22;33%;30,390;;4;9;8,030;8;3,675;5,010;47%;8;5,799;11,786;20;5;16;02:15;;3;17;7;2,758;0.29;3.24;3;11.73;0.58;01:38;9.09;8,917.62;2.64;14.37;4,970.25;40;;1;2;7;10;3;41 minutes;3;2;05:34;03:21;44%;;38;24;30,390;11,786;;2;8,918;11;
Aeon Bahamut X;3244;11;11;;18.98;10;3;2;615;217;2;3,932;4;;2;;2;0;0%;2;35%;7,772;;;;1,347;4;2,062;2,187;;4;3,276;6,564;10;3;4;00:02;2;;2;;897;;2.67;;8.62;3.45;00:04;6.9;13,413.9;5.17;17.25;6,786.22;5;;0;0;1;1;;8 minutes;1;0;00:02;00:42;15%;;5;5;7,772;;;0;13,414;9;
AiNoPoltergeist;2508;4;3;;2.43;7;;;768;163;7;2,725;6;;;;7;0.01;4%;;21%;5,494;;2;;1,792;3;609;1,091;28%;3;1,065;1,770;3;;3;00:35;;;2;2;685;0.6;3.76;;4.25;;00:56;3.64;3,338.69;0.6;4.25;1,655.78;7;;1;1;1;2;;7 minutes;2;0;01:33;02:18;29%;;12;5;5,494;;;1;3,339;7;
alphurr;0;4,821;45;3;20.18;3,657;679;89;198,929;47,893;2,938;953,964;1,987;17;185;46;2,938;0.01;6%;1.56;24%;2,745,653;;15;1,284;501,370;11;4,106;7,101;50%;11;10,303;23,131;44;11;28;04:54;4;21;34;16;4,943;0.19;2.36;5;9.75;0.37;02:10;8.31;11,493.91;2.84;15.3;3,993.5;2,331;70;61;112;329;502;122;58 hours;239;129;08:40:02;03:25:09;54%;5;4,263;43;2,745,653;16,187;6;103;11,494;18;
AM Presque;1724;24;23;;11.24;35;3;;1,827;595;21;8,863;15;;;;21;0.01;3%;8.75;32%;8,657;;;;1,693;19;5,013;4,345;37%;19;6,085;4,898;20;2;10;00:25;;;16;16;633;;1.3;;1.87;;00:23;7.02;4,055.46;1.4;16.39;4,151.72;4;;1;2;6;9;2;21 minutes;2;1;00:49;00:48;34%;;7;4;8,657;818;0;1;4,055;3;
aR CoSMo;0;1,897;36;;19.34;1,642;276;18;111,536;25,961;1,340;497,621;876;4;26;16;1,340;0.01;5%;1.58;23%;1,109,084;1;29;148;221,894;17;3,362;7,683;60%;17;8,244;20,930;33;8;26;04:34;;7;29;13;3,993;0.16;2.82;2;10.56;0.18;02:03;8.93;11,309.94;2.81;16.74;5,074.51;1,036;14;61;86;104;251;32;21 hours;98;38;03:22:34;01:00:53;38%;3;1,303;27;1,109,084;3,939;7;53;11,310;13;
ArvmaZing;2408;1,023;29;;15.98;852;160;17;47,184;11,826;733;235,876;605;8;32;3;733;0.01;6%;1.15;25%;663,343;;23;26;162,447;10;2,549;5,377;41%;10;7,237;18,201;29;8;24;05:35;2;4;25;12;4,385;0.04;3.53;0;11.48;0.26;02:05;9.45;10,364.75;2.5;13.31;3,685.57;735;9;26;26;109;161;50;12 hours;64;34;02:14:06;46:04;53%;4;910;31;663,343;18,201;3;27;10,365;14;
Asco HD;2602;786;38;;17.13;796;180;22;48,954;15,481;799;268,528;380;4;19;10;799;0.02;5%;2.63;31%;451,253;1;10;55;85,991;15;4,425;6,060;46%;15;12,780;17,961;29;13;18;02:28;2;5;45;18;4,222;0.21;2.53;1;6.58;0.47;01:09;8.28;9,840.08;3.92;17.35;5,855.57;302;7;30;18;46;94;26;9 hours;46;24;52:47;28:49;53%;3;464;21;451,253;12,078;6;15;9,840;10;
Aspire Leo;3920;4,214;39;4;17.22;4,369;920;101;210,087;74,162;4,041;1,377,599;2,216;18;69;118;4,041;0.02;5%;1.72;35%;2,464,221;;45;1,056;541,641;16;3,427;6,216;70%;16;11,816;26,127;43;12;35;06:33;3;18;45;17;6,277;0.48;2.82;4;10.35;0.41;01:57;9.06;10,075.17;3.76;17.86;5,632.43;2,533;19;146;193;310;649;105;53 hours;245;118;08:00:10;04:59:25;48%;3;3,237;35;2,464,221;14,250;11;115;10,075;13;
Auzzymandias;3093;17;6;;8.84;33;4;;1,797;568;42;9,978;16;;;;42;0.02;7%;1.5;31%;22,853;;;3;4,605;6;1,339;3,463;41%;6;3,556;7,590;14;2;10;01:10;;2;19;9;1,844;0.52;2.76;2;11.44;0.52;01:17;8.32;11,887.4;2.08;17.16;5,190.28;22;;2;2;1;4;;27 minutes;2;1;02:29;00:25;50%;;25;11;22,853;5,886;0;1;11,887;13;
AvaldezC;0;926;33;2;18.18;934;159;16;44,692;12,438;717;260,677;386;3;14;29;717;0.01;5%;1.83;27%;568,636;;3;290;113,722;13;2,877;5,158;46%;13;10,170;16,526;40;8;19;03:23;2;21;40;17;3,355;0.56;2.8;6;9.97;0.31;01:34;7.58;11,168.07;3.12;18.34;5,119.73;508;4;36;37;50;123;23;11 hours;51;24;01:19:52;36:50;47%;3;788;37;568,636;16,292;3;24;11,168;15;
AWALP5;2257;122;20;;14.76;125;22;3;8,027;2,267;135;40,619;76;;2;2;135;0.01;5%;1.25;28%;99,732;;4;5;25,990;8;2,361;5,164;44%;8;6,394;16,975;18;5;11;02:54;;2;17;12;3,973;0.24;3.63;1;12.1;0.36;02:28;9.19;12,069.86;2.66;15.12;4,915.85;100;3;6;8;11;26;4;1 hour;8;3;20:30;01:32;30%;;87;14;99,732;16,975;1;5;12,070;11;
Axemen;0;1,928;39;2;20.43;1,556;289;31;88,922;25,843;1,448;489,038;780;12;21;24;1,448;0.01;5%;1.49;29%;1,166,548;;5;115;253,973;12;3,291;5,690;48%;12;10,198;18,611;34;8;24;03:46;3;7;36;24;4,782;0.25;3.3;1;11.03;0.32;01:55;8.26;12,363.85;3.06;16.49;5,183.15;1,041;22;54;49;135;238;56;21 hours;94;45;03:02:19;47:55;47%;4;1,459;31;1,166,548;17,946;3;46;12,364;15;
Azu;2757;7;7;;17.34;13;3;2;480;169;7;3,143;7;;;;7;0.01;4%;2.6;35%;4,809;;;;1,093;8;1,762;2,472;;8;3,143;4,809;13;3;7;02:22;2;;7;2;1,093;;2.64;;12.38;4.95;05:53;17.34;11,913.46;7.43;32.2;7,785.78;5;;1;1;0;2;;6 minutes;0;;02:22;03:00;;;7;7;4,809;;0;0;11,913;17;
B0LTi;3505;71;26;;18.37;105;14;2;3,936;1,102;81;20,397;38;;2;;81;0.02;7%;2.83;27%;50,521;;;9;10,875;14;2,610;5,626;28%;14;6,646;17,317;38;5;15;02:29;;6;36;10;3,453;0.25;3.54;2;9.57;0.51;01:55;9.83;13,078.23;3.62;27.18;5,280.05;37;;5;5;3;12;2;51 minutes;4;4;07:26;12:02;100%;;71;24;50,521;;;;13,078;18;
Baby DVs;3519;29;17;3;12.86;53;15;3;1,782;482;45;12,350;27;;4;5;45;0.02;9%;2.12;27%;20,103;;;18;5,158;7;1,407;2,811;26%;7;6,650;12,638;34;8;19;01:25;2;10;26;5;2,638;2.21;3.03;8;11.08;1.33;01:20;11.97;8,915.06;6.65;23.5;5,476.97;25;2;2;3;3;7;;28 minutes;2;1;03:01;01:46;44%;;19;16;20,103;;;1;8,915;8;
BallerGotSkillZ;3073;45;40;2;23.24;30;10;;1,345;384;15;6,275;11;;;2;15;0.01;3%;2.3;28%;25,397;;;4;3,302;6;978;5,697;32%;6;3,704;19,240;23;9;9;01:26;;2;8;3;2,220;1.03;2.27;2;6.71;;01:27;5.68;13,120.26;5.16;15.49;3,241.48;13;;2;1;2;5;;24 minutes;2;1;02:50;00:05;51%;;24;18;25,397;;;1;13,120;12;
Bandora22;0;339;27;2;17.14;336;63;3;18,337;4,463;264;85,794;174;2;6;8;264;0.01;5%;1.89;24%;221,724;;14;46;45,047;11;2,272;6,910;35%;11;7,389;18,565;30;9;16;04:03;;10;27;11;3,382;0.4;2.81;2;8.94;0.15;01:57;8.79;11,211.42;3.18;16.98;4,338.17;177;3;6;11;25;42;9;4 hours;20;11;38:44;17:37;53%;3;268;29;221,724;13,854;1;8;11,211;14;
BeeVA;2649;225;29;2;18.83;144;37;6;6,931;2,487;191;47,869;83;;3;3;191;0.02;7%;1.29;35%;136,684;;;2;28,997;10;1,540;5,643;47%;10;5,721;15,919;27;7;21;03:18;2;;31;10;3,472;0.25;3.22;0;9.29;0.5;01:43;6.94;11,442.57;3.09;12.05;4,007.4;111;;3;5;17;24;9;2 hours;12;4;20:37;09:18;30%;;152;27;136,684;;;8;11,443;13;
BET0 SLV;3000;9;9;;16.13;6;3;;427;147;20;2,142;;;;;20;0.07;13%;;34%;4,010;;;2;395;6;2,142;4,010;34%;6;2,142;4,010;6;3;;00:02;;2;20;20;395;;1.5;4;;;00:03;1.79;7,191.48;5.37;10.75;3,841.75;;;1;;1;2;;4 minutes;1;1;00:02;;100%;;7;7;4,010;;;;7,191;13;
Binnyyy;;209;41;2;20.9;218;50;11;8,166;2,182;179;49,593;116;;17;3;179;0.02;8%;2.24;26%;128,505;;;5;32,240;9;1,973;7,287;35%;9;9,741;19,903;43;13;26;04:19;4;2;39;10;4,667;0.3;3.82;1;9.7;1.1;02:16;11.6;12,850.54;5;21.8;4,959.32;97;5;2;7;16;25;9;2 hours;10;6;22:41;23:10;60%;3;176;37;128,505;;;4;12,851;18;
BLAD3WIING13;3106;232;39;;23.24;164;36;10;8,089;2,247;166;47,579;80;2;16;2;166;0.01;7%;1.1;27%;136,189;;;8;37,312;7;2,176;5,242;41%;7;6,518;20,165;26;8;19;03:23;4;3;29;9;5,349;0.2;4.24;1;14.92;1;02:08;8.01;13,644.41;3.6;16.43;4,766.83;149;8;3;4;11;18;6;2 hours;10;2;21:19;14:13;20%;3;175;36;136,189;;0;8;13,644;18;
BoneVoyage404;2063;3;3;;6.39;3;2;;300;40;2;760;2;;;;2;0;5%;0.75;13%;3,006;;;;876;2;285;1,421;6%;2;535;2,378;3;2;2;00:18;;;;;609;;3.16;2;8.52;2.13;00:44;4.26;6,409.06;4.26;6.39;1,620.56;4;;0;0;1;1;;4 minutes;0;;00:20;;;;3;3;3,006;;;0;6,409;6;
BornOnMonday;0;1,593;33;;10.83;2,268;333;33;167,283;41,042;2,415;724,102;1,233;7;33;3;2,415;0.02;5%;2.38;24%;1,409,459;;28;322;227,735;15;3,946;7,329;47%;15;10,144;22,284;43;10;34;04:30;3;13;51;19;4,000;0.02;2.11;2;6.45;0.22;01:26;8.38;9,589.24;2.26;15.43;4,926.42;949;7;86;81;180;347;91;29 hours;147;83;03:32:03;01:14:12;56%;4;1,840;37;1,409,459;18,271;7;57;9,589;13;
bossy ross;0;426;51;2;17.46;374;70;11;20,095;5,944;328;120,119;199;;10;8;328;0.02;5%;2.1;29%;225,052;;11;21;45,232;17;4,042;5,120;45%;17;11,462;21,393;46;7;27;04:34;2;3;35;13;4,597;0.32;2.94;1;7.29;0.45;01:34;8.16;9,228.63;2.87;15.33;4,925.67;178;3;11;19;25;55;10;4 hours;24;8;38:20;23:30;34%;;329;39;225,052;;1;16;9,229;13;
Bounce Cityyyyy;3145;4;4;;15.2;;;;173;52;2;932;;;;;2;0.01;3%;0.5;30%;1,952;;;;330;;699;1,664;;1;932;1,952;;;;00:20;;;2;2;330;;2.69;;7.6;;01:17;3.8;7,419.63;;3.8;3,542.68;2;;1;0;1;1;;2 minutes;0;;00:20;;;;;;1,952;;;0;7,420;4;
bscotty919;2652;21;15;;11.94;24;;;1,330;388;34;6,640;16;;;;34;0.02;8%;1.41;29%;18,585;;;2;3,742;3;1,258;2,880;40%;3;3,550;11,072;15;;10;01:13;;;16;11;2,787;;2.39;1;9.66;;00:54;9.09;10,569.15;0.56;13.64;3,775.88;17;;1;1;2;4;3;26 minutes;2;1;01:35;00:46;56%;;30;21;18,585;;0;0;10,569;17;
C0RPORAL;2815;163;34;;18.82;165;23;;9,745;2,965;144;50,054;86;2;;;144;0.02;4%;2.03;30%;108,852;;;;23,243;14;2,463;4,837;41%;14;11,048;20,357;49;5;21;04:22;;;28;11;4,534;;3.46;0;9.35;;02:13;9.93;12,572.84;2.65;19.05;5,781.35;81;;8;2;15;24;8;1 hour;9;4;19:12;05:56;48%;3;119;19;108,852;18,579;;4;12,573;14;
C1ZR;4124;5;3;;6.81;5;2;;579;182;7;3,328;;;;;7;0.01;3%;0.5;31%;4,304;;;;1,226;2;939;995;24%;2;1,977;2,170;3;;;00:19;;;4;3;561;1.36;2.23;1;13.62;;00:37;1.36;5,865.78;2.72;6.81;4,535.92;10;;1;;1;2;;9 minutes;1;0;00:27;;48%;;3;2;4,304;;;0;5,866;4;
CCT DARK;2700;25;13;;15.56;33;7;3;1,642;446;39;8,735;26;;2;;39;0.02;8%;1.73;27%;21,259;;;2;3,793;9;1,439;3,682;100%;9;4,461;12,714;19;4;16;01:39;2;;22;8;2,352;0.62;2.51;1;11.82;1.86;02:03;16.18;13,235.28;4.35;20.54;5,437.92;19;2;3;2;1;6;;25 minutes;2;1;03:18;03:12;35%;;15;9;21,259;;;1;13,235;9;
Cerubeus;0;3,306;36;4;19.16;2,720;514;65;142,497;38,029;2,426;738,338;1,374;13;94;72;2,426;0.01;6%;2.21;26%;1,857,037;;14;866;328,528;17;3,567;7,890;56%;17;9,887;20,343;37;12;27;06:49;5;16;37;18;3,805;0.41;2.4;5;7.11;0.37;01:56;7.96;10,765.68;2.97;15.76;4,280.32;1,227;25;104;121;205;430;82;38 hours;172;107;05:35:45;03:00:07;61%;4;2,707;35;1,857,037;7,366;6;60;10,766;16;
ChaosMage251;3000;43;26;;26.64;48;18;4;1,868;549;50;11,111;25;;6;;50;0.04;9%;9.6;29%;23,554;;;2;4,569;11;2,293;4,801;30%;11;5,667;12,780;29;11;13;03:06;2;2;29;15;2,216;;3.86;1;3.09;2.47;03:22;15.49;14,597.48;11.15;29.74;6,885.8;5;;3;2;2;6;;19 minutes;2;2;05:26;06:35;94%;;27;17;23,554;;;0;14,597;17;
Chazsy;3860;374;29;3;16.4;402;97;10;24,436;6,596;384;121,614;152;2;15;9;384;0.02;5%;1.57;26%;187,668;;3;182;42,713;10;3,109;3,920;37%;10;8,936;12,528;28;10;13;02:01;2;14;24;12;3,197;0.39;2.25;8;11.18;0.43;01:15;6.66;8,232.72;4.25;17.63;5,335.01;255;7;20;19;9;48;;5 hours;23;15;28:51;15:00;67%;4;229;14;187,668;10,523;;8;8,233;10;
Chopper Le Porc;0;1,075;36;3;20.25;999;237;45;41,746;13,662;770;260,324;513;3;24;33;770;0;5%;1.89;32%;633,046;;62;21;160,645;13;4,043;6,423;45%;13;8,772;21,282;34;10;18;04:54;3;2;30;14;5,471;0.62;1.07;0;9.94;0.84;02:06;9.66;11,926.29;4.46;18.82;4,904.38;528;6;29;51;70;151;34;41 hours;53;30;01:51:57;04:19:02;55%;3;454;14;633,046;;;23;11,926;9;
Chris Zettek;4009;278;34;;16.56;219;28;2;15,287;4,649;266;80,664;124;;3;;266;0.02;5%;1.67;30%;145,713;;;83;28,745;8;3,680;4,365;100%;8;8,204;14,815;24;8;12;03:16;;18;39;11;2,781;0.05;2.64;5;7.8;0.11;01:13;7.39;8,684.66;1.66;13.05;4,807.63;131;2;15;14;11;40;3;3 hours;17;6;20:38;09:49;32%;3;190;21;145,713;7,697;0;11;8,685;11;
CHRISBREEZY0413;2912;240;37;;20.46;160;27;2;7,850;2,261;109;45,391;92;;5;;109;0.01;4%;1.21;28%;124,396;;2;5;23,867;8;1,194;3,488;40%;8;6,493;17,052;19;6;15;02:54;;2;25;10;3,402;0.08;2.54;0;11.25;0.17;02:01;7.84;10,609.76;2.3;13.64;3,871.38;132;;3;8;11;23;3;2 hours;12;4;23:48;04:43;33%;3;179;18;124,396;;1;7;10,610;15;
Chrome2YahDome;0;80;19;;16.19;65;11;2;5,599;1,007;114;16,935;41;;;;114;0.03;11%;1.25;17%;54,530;;;7;11,298;8;1,850;4,205;45%;8;2,906;13,079;14;3;9;01:41;;4;16;13;2,509;;3.08;1;10.52;0.4;01:45;8.3;11,041.48;2.22;13.16;3,429.06;52;;3;3;7;13;3;1 hour;5;1;08:42;05:13;24%;;67;24;54,530;;;4;11,041;14;
Coluge;4248;179;32;2;18.17;211;44;;11,462;3,461;205;63,539;94;2;;7;205;0.02;5%;2.85;30%;125,974;;;19;23,519;12;4,172;6,418;37%;12;11,362;16,613;36;9;16;03:10;;4;37;10;4,050;0.71;3.09;2;7.51;;01:41;9.54;12,789.9;4.46;21.42;6,450.97;74;;8;8;13;28;5;2 hours;10;7;16:43;11:37;72%;3;169;27;125,974;;0;2;12,790;17;
Coluge is back;4281;80;15;2;13.11;97;20;;5,869;1,844;115;33,700;42;;;3;115;0.02;6%;1.64;31%;68,298;;;7;16,478;12;1,806;4,235;36%;12;6,601;12,450;31;10;14;01:48;;4;37;17;3,518;0.49;3.82;1;9.67;;01:20;6.88;11,198.88;3.27;15.9;5,525.87;59;2;4;5;11;21;2;1 hour;6;2;08:08;08:44;35%;;77;15;68,298;6,108;;4;11,199;13;
commander 8899;3234;88;20;;15.61;108;26;2;4,233;1,610;60;27,149;59;;2;2;60;0.01;3%;2.84;38%;59,339;;;3;12,731;12;1,947;6,528;46%;12;6,817;14,118;30;8;18;01:37;;;14;6;2,393;0.35;3.64;1;6.74;0.35;01:25;10.46;10,527.73;4.61;19.16;4,816.65;38;;4;5;5;14;3;58 minutes;6;5;08:02;05:57;94%;;74;27;59,339;3,130;;0;10,528;13;
Conduit;0;106;20;;14.2;126;23;;6,229;2,152;85;38,823;58;;;2;85;0.01;3%;1.72;34%;68,817;;3;12;15,895;10;1,996;3,927;45%;10;9,207;13,222;31;5;15;03:08;;4;13;7;2,743;0.26;3.03;2;9.77;;01:27;7.77;9,219.35;3.08;16.87;5,201.09;73;;5;7;5;18;;1 hour;7;4;10:52;02:32;48%;;69;11;68,817;13,222;;4;9,219;9;
CookiesMilkYum;4213;161;33;3;21.13;137;20;;6,840;2,144;138;39,118;72;;3;5;138;0.02;6%;2.44;31%;97,329;;;19;14,850;11;2,121;4,414;44%;11;7,470;17,050;26;6;15;03:13;;4;26;15;2,573;0.65;2.47;2;7.35;;02:02;9.45;12,776.1;2.62;17.98;5,134.86;56;;4;4;11;19;3;1 hour;8;5;15:35;04:57;63%;3;124;21;97,329;;1;2;12,776;16;
Corey Burlinson;0;37;11;;17.55;36;8;;1,527;469;52;8,506;11;;;;52;0.03;11%;2.25;30%;18,697;;;25;4,194;7;1,106;2,408;34%;7;2,727;4,941;14;4;3;00:56;;7;22;10;1,120;0.47;2.65;12;7.59;;01:09;5.22;8,873.36;3.79;17.08;4,036.94;16;;1;1;2;3;;26 minutes;2;1;02:25;02:16;58%;;23;9;18,697;;0;1;8,873;11;
Coscoro;2150;246;26;;13.83;211;54;4;11,218;3,018;205;57,668;146;;5;2;205;0.01;6%;1.2;26%;169,464;;2;25;41,092;10;2,654;4,379;39%;10;9,643;18,189;32;10;24;05:26;;5;23;8;4,174;0.11;3.31;1;9.83;0.22;02:07;8.2;9,528.03;3.03;11.86;3,242.33;175;3;5;13;29;47;12;3 hours;18;9;37:40;13:49;50%;;200;22;169,464;;3;6;9,528;11;
cougargoalie;0;125;23;;15.5;119;26;2;7,469;2,092;106;40,036;53;;4;2;106;0.01;5%;1.58;28%;106,821;;;8;19,283;7;2,090;5,570;32%;7;6,352;14,569;19;5;11;02:12;;2;16;7;3,148;0.24;2.74;1;9.3;0.24;01:59;6.57;13,253.14;3.22;14.76;4,967.2;75;;5;4;7;16;6;1 hour;8;4;16:04;02:00;54%;;115;23;106,821;14,569;0;3;13,253;14;
Cow Lupin;1446;61;22;2;15.82;71;32;6;2,391;944;51;16,478;18;;;8;51;0.02;5%;14.2;39%;24,825;;;8;4,829;15;4,200;5,561;66%;15;5,521;7,894;16;9;6;00:34;2;3;17;12;1,817;2.07;1.92;2;1.29;1.55;00:27;4.67;6,441;8.3;18.42;4,275.29;5;;3;3;3;8;4;41 minutes;4;2;01:45;01:22;46%;;28;8;24,825;;1;1;6,441;7;
Crumbly Beckra;3000;496;48;3;23.61;410;84;8;19,769;5,606;372;116,559;213;3;7;12;372;0.02;6%;2.45;28%;237,593;;7;208;48,258;17;2,694;7,340;38%;17;9,537;18,513;35;9;23;04:54;2;23;28;11;3,880;0.57;3.02;10;7.95;0.38;02:08;10.14;11,313.96;4;19.52;5,550.44;167;8;14;10;33;57;18;4 hours;21;15;44:52;46:27;71%;3;319;27;237,593;;;6;11,314;15;
Cyr;2998;35;14;;14.72;58;7;;2,325;651;35;11,550;29;;;;35;0.01;5%;4.83;28%;32,609;;;3;4,730;9;2,856;6,116;38%;9;5,989;15,694;24;4;9;02:32;;2;18;8;2,492;;2.47;1;5.04;;02:56;12.2;13,721.01;2.94;24.4;4,859.81;12;;2;0;4;6;2;31 minutes;2;2;07:00;00:35;93%;3;50;21;32,609;;0;0;13,721;21;
DanGetzBucketz;3110;1,734;33;2;11.62;2,218;482;58;117,803;37,925;1,966;688,403;1,295;;56;28;1,966;0.01;5%;1.66;32%;1,561,620;;54;41;323,518;19;4,533;9,960;60%;19;11,185;20,697;39;11;25;05:46;3;2;30;18;4,899;0.18;2.91;0;8.91;0.38;01:52;8.68;10,473.04;3.23;14.87;4,616.79;1,329;12;85;101;210;397;77;30 hours;149;67;04:38:37;51:06;44%;3;1,273;28;1,561,620;10,560;12;70;10,473;9;
DankestFountain;2763;251;39;;21.09;221;54;8;8,220;2,546;144;49,288;96;;;;144;0.01;5%;4.51;30%;139,962;;;10;22,035;15;3,780;6,817;40%;15;7,463;18,933;38;12;20;01:23;2;3;32;9;3,210;;2.37;1;4.11;0.67;00:45;8.06;11,765.55;4.53;18.57;4,143.22;49;;3;2;13;18;10;2 hours;12;7;09:06;08:58;61%;3;193;28;139,962;8,254;;5;11,766;16;
DCalphastar;1865;109;19;;10.71;112;22;6;9,935;1,765;131;30,716;57;;;;131;0.01;7%;1.02;17%;87,741;;3;5;23,148;7;969;3,828;26%;7;5,368;14,898;20;5;12;02:39;3;4;25;7;4,993;;3.03;0;10.71;0.58;01:14;5.6;8,626.98;2.16;11.01;3,020.07;109;2;4;6;13;22;8;2 hours;10;4;12:36;02:56;39%;;77;15;87,741;;1;5;8,627;8;
DeftOrthruss;3000;1,065;43;;21.12;841;140;6;58,895;14,819;947;270,514;425;6;9;;947;0.02;6%;1.52;25%;641,243;;13;10;140,889;14;2,788;7,329;41%;14;10,460;22,821;36;7;19;05:48;;3;38;16;5,438;0.01;3.51;0;10.93;0.11;01:52;8.43;12,722.47;2.77;16.68;5,367.07;551;6;27;23;54;104;22;11 hours;50;21;01:34:21;37:30;42%;4;926;40;641,243;;2;27;12,722;18;
Derogant;3725;3,694;42;2;17.86;4,049;660;71;204,515;55,573;3,593;1,052,526;2,131;19;110;50;3,593;0.02;6%;2.67;27%;2,295,229;1;15;930;447,595;17;4,313;8,294;74%;17;12,638;23,312;40;10;27;07:09;3;20;43;19;5,135;0.24;2.91;4;7.33;0.34;02:27;10.3;11,101.4;3.19;19.58;5,090.78;1,516;21;75;77;371;524;142;42 hours;207;164;08:28:29;04:45:59;79%;4;3,790;39;2,295,229;18,076;7;36;11,101;18;
DishonoredBeast;2611;28;28;;27.99;27;3;;1,295;295;19;5,770;10;;;;19;0.01;6%;2.25;22%;15,778;;;;3,823;6;1,219;4,066;22%;6;5,770;15,778;27;3;10;01:35;;;19;8;3,823;0.99;3.5;1;11.99;0.99;01:35;9.99;15,777.86;2.99;26.99;5,770.04;12;;;1;1;2;;18 minutes;1;1;01:35;;100%;;26;26;15,778;;;;15,778;26;
Dog Thanatos;0;17,796;51;5;21.12;15,622;2,743;230;826,507;233,079;15,946;4,546,778;9,076;78;363;317;15,946;0.02;6%;2.17;28%;9,492,824;;70;4,776;1,832,114;19;4,350;7,314;62%;19;12,457;28,558;44;12;31;07:26;5;27;58;23;5,327;0.37;2.66;6;8.52;0.27;02:20;10.77;11,269.67;3.25;18.54;5,397.83;7,182;64;301;461;1,508;2,270;441;190 hours;842;476;32:49:31;16:45:06;56%;4;12,824;41;9,492,824;22,725;34;333;11,270;15;
DogeGammit;3758;84;27;;25.44;70;11;2;3,177;1,163;60;21,306;33;;4;;60;0.02;5%;2.59;36%;43,712;;;13;7,978;12;2,476;3,958;35%;12;6,235;13,539;27;4;16;03:41;;7;28;9;3,061;;2.79;4;8.18;0.6;02:56;9.99;13,243.12;3.33;21.2;6,454.89;27;;3;3;4;10;;47 minutes;3;2;09:41;08:17;63%;;58;20;43,712;;;1;13,243;18;
Dominator1992;2564;13;13;;25.05;4;;;743;198;9;3,103;4;;;;9;0.01;4%;0.57;26%;8,477;;;;1,212;3;1,067;2,991;26%;3;3,103;8,477;4;;4;00:32;;;9;6;1,212;;2.26;;13.49;;01:02;7.7;16,337.49;;7.7;5,980.36;7;;;;1;1;;8 minutes;1;1;00:32;00:28;100%;;12;12;8,477;;;;16,337;23;
Doub1eAgent0reo;4447;134;30;;24.39;102;19;2;5,529;1,603;118;31,252;42;;;;118;0.02;7%;1.61;28%;61,247;;2;41;12,630;11;2,022;4,611;48%;11;7,339;11,516;22;4;8;01:59;2;9;35;9;2,314;0.18;2.73;7;11.47;0.36;01:26;7.64;11,151.05;3.45;18.57;5,689.85;63;;8;5;3;16;;1 hour;5;1;07:56;09:35;15%;3;88;14;61,247;;0;5;11,151;16;
DoubledLizard;2864;3,242;41;3;19.62;2,537;470;48;143,928;38,066;2,694;772,265;1,398;8;62;42;2,694;0.02;7%;1.26;26%;1,904,794;1;45;180;417,011;18;2,950;5,748;87%;18;10,805;23,360;37;10;22;04:06;4;6;46;18;5,289;0.25;3.14;1;12.09;0.29;01:51;8.46;11,527.89;2.84;15.35;4,673.78;1,998;20;86;97;215;399;89;36 hours;165;79;05:06:13;02:12:53;47%;3;2,579;37;1,904,794;20,434;14;72;11,528;16;
Drakothius;3028;393;46;;23.98;400;95;12;17,105;5,304;320;99,698;216;4;10;;320;0.02;6%;2.17;31%;244,296;;3;12;50,192;12;2,425;6,295;41%;12;8,571;24,616;39;9;21;04:34;3;5;25;15;4,919;;3.33;1;11.22;0.73;02:38;13.18;14,908.66;5.79;24.41;6,084.25;184;5;13;9;23;45;18;4 hours;16;8;43:16;23:11;49%;3;385;42;244,296;2,291;1;7;14,909;23;
DrivebySamura1;4035;3,141;56;4;19;2,873;817;139;96,463;32,957;2,254;759,347;1,367;17;221;108;2,254;0.01;6%;2.1;34%;1,692,154;;20;1,131;355,864;16;4,067;7,342;76%;16;12,766;28,092;46;16;27;04:21;4;25;39;17;5,504;0.65;2.77;7;8.23;0.84;01:54;8.26;10,236.31;4.94;17.37;4,593.5;1,362;49;84;121;202;407;72;35 hours;165;99;05:15:03;04:33:17;59%;4;2,232;39;1,692,154;17,848;4;63;10,236;14;
DSPStanky;3840;1,501;38;2;16.77;1,592;255;30;80,860;14,936;1,060;338,108;819;8;54;37;1,060;0.01;7%;2.85;18%;666,370;;;1,277;117,088;15;2,820;5,159;34%;15;7,798;14,455;32;9;22;05:11;4;27;27;14;2,580;0.41;1.7;14;6.22;0.33;01:59;9.15;7,445.32;2.84;17.78;3,777.66;557;18;34;76;97;206;16;19 hours;90;76;02:57:46;02:13:21;84%;4;1,314;40;666,370;;6;8;7,445;15;
Dukez;3307;187;32;;15.71;234;45;6;11,016;2,840;145;51,481;135;2;10;4;145;0.02;5%;3.65;25%;131,087;;;17;26,811;12;2,400;4,899;30%;12;9,538;18,704;33;8;24;03:20;3;4;32;13;4,122;0.33;3.75;1;5.37;0.5;01:26;11.34;11,014.35;3.78;19.66;4,325.57;64;;7;5;19;31;12;1 hour;12;10;17:10;19:31;84%;4;191;31;131,087;;;2;11,014;16;
EliteKnight1;2531;57;30;;12.5;69;19;4;3,131;1,070;48;18,789;28;;4;2;48;0.01;4%;2.22;34%;47,650;;4;;11,932;11;2,249;5,388;38%;11;6,070;20,355;25;7;10;02:08;3;;20;8;4,908;0.43;4.07;0;6.8;0.87;01:26;6.14;10,454.55;4.16;15.13;4,122.26;31;;3;1;5;8;2;48 minutes;5;1;06:32;02:15;27%;;49;24;47,650;;0;3;10,455;11;
ElptEMT;2284;133;38;;13.18;117;23;6;5,193;1,408;71;28,341;87;;6;2;71;0.01;5%;1.31;27%;88,638;;;8;21,425;11;1,374;5,779;46%;11;4,178;19,609;25;4;19;04:18;2;3;11;11;4,824;0.19;3.48;1;8.82;0.59;01:50;8.62;8,788.82;2.28;11.6;2,810.07;89;5;4;4;19;27;8;1 hour;10;5;18:35;08:03;54%;;99;27;88,638;;;5;8,789;10;
Elsayer;0;260;27;;15.91;322;93;20;12,303;3,316;248;71,754;208;;36;2;248;0.01;7%;1.96;26%;165,604;1;12;18;39,159;12;2,073;5,551;37%;12;6,957;15,825;34;12;26;03:22;5;4;25;9;3,851;0.12;2.99;1;10.04;1.22;02:15;12.73;10,138.64;5.69;19.71;4,392.93;164;6;7;9;27;43;10;3 hours;16;10;36:48;22:53;63%;3;212;26;165,604;;;6;10,139;13;
EscapeFate Dan;3000;24;15;;17.77;22;4;;1,240;363;11;5,869;10;;;;11;0.01;3%;2;29%;12,532;;;;2,280;6;1,222;2,160;25%;6;2,472;5,859;15;3;8;02:28;;;5;3;1,047;;2.77;;8.14;;02:01;7.4;9,282.6;2.96;16.29;4,347.18;11;;0;1;1;3;;13 minutes;1;1;02:44;01:11;66%;;22;16;12,532;;;0;9,283;16;
Eternal Epoch;2117;25;13;;11.15;21;4;;1,063;253;19;5,158;17;;;;19;0.01;7%;0.87;23%;21,673;;;;4,901;5;760;2,485;30%;5;2,880;11,290;10;2;9;02:06;;;13;4;2,499;;2.92;;10.7;0.44;01:31;7.58;9,669.96;1.78;9.36;2,301.44;24;;0;4;2;7;;27 minutes;2;1;03:25;00:02;44%;;22;11;21,673;;;1;9,670;10;
Everforeverr;0;3,454;58;3;18.39;3,113;629;94;199,016;41,709;2,611;851,996;1,892;12;154;19;2,611;0.01;6%;1.86;20%;2,120,436;;24;623;393,152;15;4,128;7,771;36%;15;9,942;30,596;45;13;28;06:01;5;24;39;18;5,919;0.1;2.58;3;8.9;0.5;02:18;10.07;11,293.01;3.34;16.57;4,537.55;1,672;28;88;88;251;428;120;42 hours;188;103;07:14:51;02:42:06;54%;4;2,831;44;2,120,436;9,071;9;76;11,293;15;
FANCYHOODLUM;3577;15,613;42;2;19.99;11,390;1,856;185;719,019;174,254;11,637;3,516,354;6,287;59;386;88;11,637;0.01;6%;1.53;24%;9,452,477;;96;1,717;1,785,133;15;3,522;8,307;46%;15;10,459;25,966;35;13;24;05:27;4;10;41;23;5,657;0.11;2.87;2;9.51;0.23;02:01;8.05;12,106.92;2.37;14.58;4,503.81;7,431;104;354;436;1,012;1,802;452;172 hours;781;442;26:14:47;07:49:37;56%;5;13,547;43;9,452,477;25,966;35;303;12,107;17;
Fat Hamm;2576;374;36;2;18.27;345;79;12;17,811;4,712;287;99,498;219;;18;10;287;0.01;6%;1.32;26%;231,088;;2;17;57,718;9;2,140;4,508;41%;9;7,255;19,639;30;9;19;03:48;3;3;21;10;4,055;0.48;3.4;1;12.74;0.58;02:46;10.69;11,288.77;3.85;16.85;4,860.52;261;;9;5;38;52;12;4 hours;20;10;56:41;18:46;51%;;324;31;231,088;;1;9;11,289;16;
FBorrego;0;1,788;46;4;16.41;1,984;445;62;49,149;14,826;1,064;358,100;1,006;6;72;93;1,064;0.01;7%;3.92;30%;185,492;;82;238;33,414;16;4,171;10,136;56%;16;8,717;30,078;36;13;24;07:02;3;7;30;13;5,531;0.85;0.46;2;4.63;0.56;02:14;9.23;1,703.34;4.08;18.21;3,288.39;505;23;31;46;171;248;97;19 hours;109;99;04:04:54;07:31:32;90%;4;1,096;37;185,492;;;10;1,703;10;
Ferni;4447;29;9;;12.38;31;6;;1,689;575;43;10,808;9;;;;43;0.02;7%;1.47;34%;21,066;;;8;4,938;10;2,245;4,081;34%;10;3,646;5,972;11;2;5;01:14;;4;18;8;1,677;0.42;3.31;3;8.96;0.42;01:27;3.84;8,997.81;2.56;13.24;4,616.5;21;;3;2;2;7;;24 minutes;2;1;03:24;04:49;60%;;24;8;21,066;;;1;8,998;10;
Fi2;3929;6,428;51;2;19.51;5,062;812;57;260,501;77,225;4,162;1,384,721;3,043;25;81;34;4,162;0.01;5%;1.44;29%;3,686,992;1;26;546;778,303;23;3,631;8,925;90%;23;10,964;20,564;43;9;27;05:57;2;14;38;17;4,955;0.1;3.03;2;10.61;0.17;02:19;9.23;11,193.07;2.46;15.36;4,203.77;3,498;65;111;146;509;766;199;71 hours;329;160;12:44:41;04:49:40;48%;4;5,292;40;3,686,992;14,603;23;146;11,193;16;
Fonzie Monster0;2047;246;28;2;11.17;295;57;7;17,764;4,595;185;83,847;130;;4;5;185;0.01;4%;1.55;25%;210,428;;6;8;45,917;10;1,860;7,487;37%;10;8,241;18,116;24;11;17;02:49;2;3;22;7;3,631;0.22;3.2;0;8.63;0.31;01:10;5.9;9,559.42;2.58;13.4;3,809.04;190;2;13;6;27;46;20;3 hours;22;10;25:59;06:32;46%;;206;23;210,428;;;12;9,559;9;
fusion360elite;2922;376;42;;20.06;337;65;5;24,420;6,488;479;114,773;192;;10;;479;0.03;7%;1.51;26%;244,474;;17;12;53,546;15;2,602;6,524;37%;15;12,303;23,436;39;10;26;06:30;3;5;51;17;5,985;0.05;3.55;1;11.89;0.26;02:27;10.24;13,045.16;3.46;17.98;6,124.27;223;3;13;14;34;61;11;4 hours;19;9;46:09;25:26;46%;;259;29;244,474;12,980;;10;13,045;14;
Garbudah;2349;406;42;;21.13;307;65;7;15,653;4,298;192;80,561;188;;11;;192;0.01;4%;1.45;27%;226,383;;3;11;52,142;10;2,268;5,627;52%;10;7,855;19,996;42;11;30;04:33;2;3;27;7;5,288;;3.36;1;10.98;0.36;02:19;9.78;11,783.06;3.38;15.97;4,193.16;211;;8;11;28;48;12;4 hours;19;11;44:45;29:24;57%;;336;38;226,383;;2;6;11,783;17;
Gbox36;2906;7,750;55;;18.56;6,404;1,208;179;354,186;95,578;6,153;1,802,231;3,518;18;214;2;6,153;0.01;6%;1.67;26%;4,904,995;1;104;353;1,014,040;17;3,250;8,163;45%;17;10,895;23,260;42;13;26;06:11;4;9;39;21;5,628;0;3.21;1;9.17;0.42;02:02;8.42;11,750.46;2.89;15.34;4,317.44;3,831;80;163;196;624;982;309;87 hours;417;210;14:13:05;05:41:10;50%;4;6,419;40;4,904,995;;29;178;11,750;15;
glich30;2623;6;6;;30.07;;;;128;62;5;1,037;;;;;5;0.03;8%;;48%;1,293;;;;384;;484;1,029;;;1,037;1,293;;;;00:13;;;5;3;384;;2.94;;15.03;;01:09;;6,483.97;;;5,198.48;3;;;0;;0;;2 minutes;0;;00:13;;;;;;1,293;;;0;6,484;5;
godstomper231;3360;215;26;3;24.08;192;37;5;8,977;2,623;127;48,154;103;;5;9;127;0.01;4%;1.53;29%;110,354;;2;21;25,213;10;2,233;3,823;43%;10;6,189;10,536;21;5;13;03:16;;5;18;7;2,890;1;2.93;2;14;0.56;02:23;11.53;12,361.42;4.14;21.5;5,394.01;125;2;6;10;10;26;2;2 hours;9;3;21:19;16:51;35%;3;149;18;110,354;;1;5;12,361;17;
Golden Viper210;0;68;26;;14.78;67;8;;4,713;1,413;59;25,119;40;;;;59;0.01;4%;1.36;29%;51,865;;;7;13,898;7;2,280;3,670;38%;7;6,120;14,656;20;2;12;02:36;;3;20;7;4,145;;4.17;2;10.65;0.21;02:14;8.69;11,278.7;1.73;14.56;5,462.47;49;;1;4;5;11;;55 minutes;5;1;10:20;03:19;24%;;67;28;51,865;10,630;0;3;11,279;15;
Gooty73;2817;11;6;;12.27;4;;;469;92;8;1,837;2;;;;8;0.01;8%;0.4;19%;6,154;;;;1,329;;482;2,079;;1;1,102;3,365;3;;;00:45;;;7;5;758;;2.25;;11.16;;01:32;2.23;6,868.43;1.11;4.46;2,049.97;10;;1;1;;2;;9 minutes;1;0;01:23;;31%;;4;4;6,154;;;1;6,868;4;
Granty282;2256;66;14;;16.2;54;13;2;3,553;763;50;13,869;36;;3;;50;0.01;6%;1.63;21%;37,047;;;6;6,699;7;2,024;4,080;23%;7;3,920;7,781;21;5;16;02:29;;3;20;9;1,624;;2.43;1;8.1;0.49;01:25;8.83;9,093.87;3.19;13.25;3,404.4;33;;2;3;5;10;3;45 minutes;4;3;05:47;01:22;70%;;42;13;37,047;;0;1;9,094;10;
H0KIE P0KIE;2723;205;39;;18.63;153;16;;12,701;1,871;148;35,222;92;2;;;148;0.01;7%;1.51;14%;142,998;;3;;26,879;10;1,849;5,669;28%;10;5,390;20,495;29;5;25;03:19;;;20;9;3,630;0.09;3.43;;9.18;0.09;01:51;8.36;12,999.79;1.45;13.9;3,201.99;101;;4;4;17;25;10;2 hours;11;7;20:27;12:26;63%;4;200;32;142,998;;;4;13,000;18;
Hai Im Tracer;3021;13;9;;36.74;8;;;526;189;7;3,291;4;;;;7;0.01;3%;2;35%;8,616;;;;1,666;3;905;3,442;37%;3;1,715;4,811;5;;3;00:17;;;4;2;861;;4.61;;11.3;;00:58;11.3;24,356.75;2.82;22.61;9,302.29;4;;1;1;0;2;;6 minutes;0;0;00:20;;37%;;5;3;8,616;;;0;24,357;14;
Hei Wong;3000;155;24;;14.45;147;21;;10,068;2,322;128;38,925;64;;;;128;0.02;5%;3.67;23%;85,387;;;9;10,957;12;3,367;4,054;33%;12;6,956;12,527;21;4;12;02:16;;3;24;14;1,612;;1.91;1;3.73;;00:55;5.97;7,965.03;1.95;13.71;3,631;40;;5;5;9;19;2;1 hour;11;8;09:49;03:24;74%;;136;19;85,387;;1;2;7,965;13;
Hello Im Genji;3732;47;17;;19.45;59;9;;2,275;833;48;15,647;28;;;;48;0.02;5%;2.68;36%;27,820;;;8;4,874;8;1,939;4,798;38%;8;4,861;7,898;17;4;10;02:15;;2;17;6;1,536;0.41;2.45;3;9.1;;01:40;11.58;11,512.71;3.72;24.41;6,475.45;22;;;2;3;5;;33 minutes;2;2;04:02;01:23;79%;;43;14;27,820;7,466;;1;11,513;18;
Hi Jeremiah;0;998;41;3;18.38;881;173;12;38,068;10,051;636;211,399;618;3;26;15;636;0.01;6%;1.75;26%;639,557;;15;94;125,454;13;2,023;6,674;66%;13;7,909;23,255;38;17;31;06:22;2;9;31;12;4,467;0.27;2.93;2;9.26;0.22;02:41;11.38;11,782.48;3.18;16.23;3,894.57;503;3;26;25;95;146;36;11 hours;54;34;02:26:22;01:31:21;62%;3;921;41;639,557;10,722;3;17;11,782;17;
Hiperninja;0;31;12;2;9.33;45;15;4;2,412;645;80;11,480;14;;;3;80;0.03;12%;1.87;26%;33,716;;5;4;7,789;8;2,427;4,229;42%;8;4,176;17,196;15;8;6;01:29;2;2;31;22;2,900;0.9;3.06;1;7.22;1.2;01:04;4.21;10,152.83;4.51;13.55;3,456.85;24;;1;2;4;7;4;42 minutes;3;3;03:33;00:11;100%;;34;11;33,716;5,526;;;10,153;10;
HydraulicRug9;2469;95;24;;11.87;131;28;3;5,410;1,326;81;25,814;61;;2;4;81;0.01;6%;2.56;24%;73,409;;;5;16,146;10;1,621;4,316;37%;10;6,283;18,882;24;6;13;02:06;2;2;15;11;3,796;0.49;3.25;1;6.37;0.37;01:06;7.62;9,176.09;3.49;16.37;3,226.8;51;5;1;8;9;18;8;1 hour;8;6;08:50;05:00;74%;;104;22;73,409;;;2;9,176;13;
I Only Torbjorn;3571;9;9;;16.55;9;5;;473;192;11;3,510;2;;;;11;0.02;5%;1.5;40%;4,468;;;6;1,114;7;1,552;2,139;40%;7;3,510;4,468;9;5;2;01:09;;6;11;8;1,114;;2.49;11;11.03;;02:08;3.67;8,217.2;9.19;16.55;6,455.26;6;;;;1;1;;7 minutes;1;;01:09;00:20;;;2;2;4,468;;;1;8,217;4;
i r a pancake;2682;114;27;;20.37;131;19;;6,511;1,875;97;34,792;61;;;;97;0.02;5%;3.74;28%;68,218;;;;11,427;15;2,826;4,389;39%;15;9,110;14,643;30;6;15;01:31;;;24;8;2,423;;2.4;;6.25;;01:12;10.9;12,193.54;3.39;23.41;6,218.79;35;;2;3;6;11;4;1 hour;6;3;06:43;02:35;51%;;98;20;68,218;14,643;0;2;12,194;18;
iArctos;0;57;16;;15.84;53;7;;3,204;1,037;48;18,906;28;;;;48;0.01;4%;1.47;32%;33,739;;;10;6,841;9;3,214;4,633;42%;9;5,913;7,838;13;3;8;02:17;;4;10;5;1,488;;2.62;3;10;;01:32;7.78;9,379.92;1.94;14.73;5,256.08;36;;3;3;3;9;;43 minutes;4;2;05:32;00:44;53%;;50;10;33,739;3,476;;2;9,380;14;
IGenjiMain;3646;28;15;;11.8;22;3;;2,600;602;55;10,700;7;;;;55;0.03;9%;1.15;23%;23,237;;;2;5,545;5;1,587;3,195;9%;5;3,797;8,241;9;;3;00:29;;2;29;14;1,969;0.42;3.45;1;8;0.42;00:29;2.95;9,795.18;1.26;9.27;4,510.34;19;;2;4;2;8;;26 minutes;2;1;01:09;01:34;23%;;24;10;23,237;8,241;;2;9,795;10;
II BigGash II;0;383;35;;15.76;350;77;13;19,120;4,260;180;88,815;217;;15;2;180;0.01;4%;1.57;22%;235,097;;;18;52,496;13;2,396;3,666;43%;13;7,278;20,546;34;8;27;04:23;2;3;22;14;4,470;0.08;2.99;1;9.13;0.53;02:12;8.93;9,677;3.16;14.4;3,655.78;222;5;9;8;43;60;15;4 hours;24;14;53:48;13:03;57%;4;296;28;235,097;;;10;9,677;12;
II Scar3CroW;0;993;35;;15.7;918;176;20;46,160;11,443;596;230,783;563;2;27;4;596;0.01;5%;1.43;24%;582,999;;9;249;124,361;12;2,719;5,363;100%;12;7,174;24,919;34;7;21;06:54;2;13;21;15;6,236;0.06;2.59;4;10.13;0.31;02:43;8.9;9,222.27;2.78;14.52;3,650.67;641;4;32;44;81;158;27;13 hours;63;37;02:52:08;01:05:10;58%;3;797;31;582,999;;2;25;9,222;13;
II SirMaru II;2490;8;8;;12.23;9;3;;547;137;5;2,623;6;;;;5;0;3%;;25%;5,092;;;2;1,235;3;621;1,645;18%;3;1,554;3,737;5;;3;00:33;;;2;2;1,041;;1.9;3;13.76;1.52;01:40;9.17;7,790.6;4.58;13.76;4,012.88;9;;0;0;1;1;;10 minutes;1;0;01:05;;15%;;8;5;5,092;;0;0;7,791;12;
II Table;3635;1,089;39;4;17.51;951;157;26;54,838;13,753;1,008;269,978;565;4;36;18;1,008;0.02;7%;1.86;25%;718,480;;3;108;151,249;12;2,843;7,775;51%;12;9,815;21,194;35;8;23;05:48;4;7;38;13;4,961;0.28;3.17;2;8.21;0.41;02:19;9.08;11,552.63;2.52;15.29;4,341.04;511;8;31;44;77;152;34;13 hours;62;40;02:24:13;38:46;63%;3;926;32;718,480;9,668;2;21;11,553;15;
Im Forgiving;4021;237;30;;21.53;224;38;4;10,147;3,642;247;64,790;113;;3;2;247;0.02;6%;2.09;35%;128,505;;2;20;24,954;9;2,099;3,505;47%;9;8,393;12,370;30;6;16;02:33;2;6;50;22;2,864;0.18;2.57;2;9.72;0.36;01:55;10.26;11,673.93;3.45;20.34;5,885.83;107;;11;7;11;29;;2 hours;11;4;21:12;07:54;39%;3;170;28;128,505;2,945;;7;11,674;15;
Im Voxie;3653;38;10;2;15.32;53;12;;1,926;456;38;10,209;16;;;2;38;0.02;8%;3.53;23%;21,784;;2;14;4,092;11;1,543;4,761;27%;11;3,026;6,542;15;4;8;00:48;;5;12;7;1,111;0.8;2.49;6;6.04;;01:19;6.45;8,786.13;4.83;21.37;4,117.4;15;;4;2;1;7;;27 minutes;2;2;03:17;07:23;64%;;33;11;21,784;;;1;8,786;13;
Ind3mnity;0;927;40;2;18.93;738;193;60;32,923;8,659;795;186,222;408;;83;3;795;0.01;9%;1.24;26%;593,116;;4;16;139,584;12;2,096;5,373;67%;12;6,271;20,855;27;12;21;04:55;5;3;44;14;5,204;0.06;3.21;0;12.06;1.22;02:26;8.33;12,112;3.94;15.07;3,802.83;591;37;17;24;54;94;27;12 hours;49;30;01:59:19;32:08;60%;3;890;35;593,116;11,785;0;19;12,112;18;
Infamous Bounty;3724;242;21;;16.34;213;29;3;13,956;3,852;229;68,163;107;3;5;;229;0.02;5%;1.78;27%;159,790;;2;60;29,135;9;1,920;5,025;47%;9;6,651;14,437;26;5;19;06:06;;8;19;9;2,819;;2.54;4;8.03;0.2;01:42;7.22;10,790.63;1.95;14.38;4,603.03;119;;8;10;11;29;2;3 hours;15;6;25:20;03:18;42%;3;154;20;159,790;12,585;;9;10,791;10;
iSttoooLen;3927;883;33;3;13.7;765;178;28;33,633;8,645;548;175,935;416;2;32;33;548;0.01;6%;2.15;25%;586,640;;6;302;98,318;14;3,459;7,094;85%;14;8,073;20,265;29;9;17;04:08;3;23;26;13;3,974;0.51;2.13;5;5.51;0.43;01:44;6.45;9,105.65;2.76;11.87;2,730.82;355;21;22;34;65;121;15;12 hours;64;50;01:52:36;44:10;77%;3;932;31;586,640;;2;12;9,106;14;
Itothean511;3875;82;29;;7.53;70;12;2;2,932;955;64;19,876;33;;3;2;64;0;6%;0.95;32%;64,723;;;12;14,279;7;1,700;5,173;66%;7;6,321;20,436;28;6;14;02:49;2;5;23;11;4,088;0.18;1.93;1;6.7;0.18;00:28;3.03;5,945.98;1.1;6.43;1,825.98;73;9;5;5;6;15;2;2 hours;11;2;05:11;05:48;18%;4;89;34;64,723;;1;8;5,946;8;
ItsCONRAD;3497;1,073;41;2;18.57;946;183;23;51,965;13,343;951;262,307;434;4;39;17;951;0.02;7%;1.9;25%;603,112;;10;200;117,031;13;3,936;5,569;41%;13;9,576;17,873;39;13;19;03:21;6;9;31;15;3,719;0.29;2.52;3;8.6;0.39;01:21;7.51;10,440.29;3.16;16.37;4,540.72;497;9;34;33;49;115;23;12 hours;58;27;01:18:34;47:14;47%;4;871;32;603,112;;4;27;10,440;15;
iUnExpected;4083;3,682;42;3;18.21;3,497;602;37;224,278;52,680;3,680;959,989;1,843;29;72;60;3,680;0.02;6%;2.06;23%;2,461,373;;23;463;428,583;15;4,381;7,123;58%;15;11,268;23,298;39;12;21;04:15;4;9;43;22;5,098;0.29;2.63;2;8.37;0.18;01:52;9.11;12,179.58;2.97;17.3;4,750.3;1,692;11;97;105;295;498;108;45 hours;202;108;06:20:29;02:46:19;53%;4;3,357;36;2,461,373;12,727;7;87;12,180;17;
iuya;3970;11;8;;12.42;27;6;2;782;272;20;5,752;13;;4;;20;0.03;7%;9;34%;7,874;;3;;1,878;17;2,997;6,120;50%;17;3,694;6,815;21;5;13;00:33;2;;10;10;1,677;;3.05;1;3.38;2.25;00:39;14.68;8,896.87;6.77;30.5;6,498.76;3;;0;2;1;3;2;10 minutes;1;1;00:35;05:20;100%;;10;9;7,874;;;;8,897;11;
IX HALFBREED XI;3077;8;5;;11.4;;;;351;92;4;1,646;;;;;4;0;4%;0.09;26%;6,250;;;;1,744;;310;1,612;16%;1;848;4,800;;;;01:08;;;2;;1,419;;3.32;;15.68;;01:49;1.42;8,914.15;;1.42;2,346.85;11;;0;0;0;1;;8 minutes;1;;01:17;;;;7;7;6,250;;;1;8,914;10;
J Smoooove;2634;8;8;;17.74;12;2;;386;140;14;2,625;10;;;;14;0.03;10%;1.71;36%;5,568;;;;1,471;7;1,189;3,306;36%;7;2,625;5,568;12;2;10;02:05;;;14;9;1,471;;3.84;;15.52;;04:37;22.18;12,350.51;4.43;26.61;5,824.02;7;;;1;0;1;;6 minutes;0;;02:05;03:23;;;10;10;5,568;;;0;12,351;22;
JDaawg23;2339;352;43;;17.39;319;49;6;19,444;3,913;284;75,186;185;;10;3;284;0.02;7%;2.2;20%;218,380;;7;10;47,678;15;3,630;6,606;40%;15;11,271;22,461;50;7;30;03:54;2;;35;12;4,398;0.14;3.47;0;7.16;0.29;01:27;9.13;10,788.7;2.42;15.75;3,714.42;145;2;10;9;24;43;15;3 hours;20;9;29:40;18:00;44%;;306;50;218,380;;2;10;10,789;15;
JDn808;2713;3,891;43;6;17.29;3,784;794;105;223,472;52,429;2,644;1,010,491;2,106;15;100;82;2,644;0.01;5%;1.95;23%;2,234,109;;94;1,011;439,404;21;4,300;8,270;39%;21;9,822;22,092;40;15;27;04:50;4;17;37;19;5,289;0.36;2.47;4;8.58;0.46;01:45;9.36;9,931.08;3.52;16.82;4,491.84;1,932;34;162;163;241;567;87;49 hours;225;103;06:37:10;04:39:41;45%;3;3,585;44;2,234,109;;15;107;9,931;16;
JEFFOKEKE360;2192;57;23;;12.26;69;17;;4,319;1,118;76;18,456;31;;;;76;0.02;6%;2.65;25%;42,170;;;3;8,461;9;1,771;5,970;26%;9;5,990;15,354;21;6;11;02:30;;2;31;11;2,946;0.21;2.78;1;5.59;;01:22;6.67;9,077.37;3.65;14.85;3,972.87;26;2;1;1;4;6;2;50 minutes;5;4;06:22;00:16;78%;3;59;20;42,170;15,354;;1;9,077;13;
JerryAlphaCode;3591;260;32;;18.41;262;50;3;10,784;3,017;190;65,015;156;;7;4;190;0.01;6%;1.5;27%;163,544;;;31;35,744;9;2,392;4,912;60%;9;9,140;15,902;29;7;18;03:33;;6;29;15;3,739;0.28;2.94;2;12.32;0.21;02:05;11.04;11,583.94;3.54;18.55;4,605.06;174;3;7;11;13;30;4;3 hours;14;6;29:26;10:41;40%;3;226;25;163,544;14,104;3;6;11,584;16;
Jesus Christ YO;;707;33;;15.82;461;71;8;38,183;6,694;463;135,675;282;;9;5;463;0.01;6%;1.4;17%;400,984;;8;20;77,946;10;2,194;5,608;32%;10;7,986;17,167;26;5;20;03:11;;2;26;10;4,010;0.11;2.63;0;7.36;0.17;01:16;6.31;8,977.32;1.58;10.32;3,037.52;329;10;13;18;46;76;28;8 hours;45;23;56:39;06:41;51%;;555;25;400,984;;2;20;8,977;12;
Jew Veri;0;312;25;;15.76;382;93;16;16,845;5,722;403;110,693;127;5;15;3;403;0.02;7%;1.95;33%;227,178;;4;52;54,749;14;3,201;6,205;59%;14;8,065;19,431;33;9;14;01:47;3;8;35;12;4,029;0.15;3.37;3;9.85;0.8;01:05;6.41;11,480.55;4.69;19.3;5,593.92;195;10;12;6;16;34;12;4 hours;20;12;21:42;11:30;62%;3;274;27;227,178;19,431;1;6;11,481;14;
JoboRulz;2608;37;22;;18.5;46;8;2;2,058;568;62;11,082;24;;;;62;0.03;10%;2.7;27%;26,734;;;4;6,716;11;1,508;5,660;29%;11;6,045;13,789;27;7;13;02:13;2;3;37;14;3,635;0.5;3.92;2;8.5;1;02:07;12;13,367.04;4;23;5,541.22;17;;2;2;3;7;2;28 minutes;2;1;04:14;02:21;50%;3;34;19;26,734;;;1;13,367;17;
JOSEPH C 7;2886;106;22;;17.35;106;24;2;5,163;1,934;110;36,192;59;;6;;110;0.02;5%;1.55;37%;58,727;;;;14,336;7;2,863;2,986;49%;7;6,907;11,612;28;7;16;02:18;;;21;11;2,925;0.16;3.02;;11.13;0.32;01:45;9.66;9,615.88;3.92;17.35;5,926.09;68;2;4;3;11;18;5;1 hour;6;2;10:41;05:03;32%;;57;14;58,727;10,092;;4;9,616;9;
KageEinjeruE102;4072;1,801;40;2;19.39;1,677;267;29;96,336;23,367;1,433;461,009;898;11;46;23;1,433;0.01;6%;2.08;24%;1,038,760;;38;430;194,983;13;2,970;6,105;38%;13;8,749;19,857;34;9;28;04:45;3;17;36;14;5,402;0.24;2.67;5;8.64;0.31;02:09;9.66;11,184.48;2.87;18.05;4,963.75;803;16;48;58;150;256;60;20 hours;93;62;03:20:17;01:46:39;66%;4;1,332;28;1,038,760;;5;26;11,184;14;
KaIlkz;3399;1,541;30;;17.55;1,322;242;15;70,996;23,185;1,302;403,240;706;8;25;5;1,302;0.01;5%;1.26;32%;995,199;;8;87;217,089;10;2,272;5,507;58%;10;7,373;19,278;30;10;19;04:07;2;4;45;15;3,535;0.05;3.08;1;11.88;0.17;01:42;8.04;11,338.45;2.75;15.06;4,594.17;1,043;14;62;73;73;207;16;19 hours;88;39;02:29:36;52:48;44%;5;1,272;27;995,199;14,276;7;41;11,338;14;
KEIHEI;0;32;17;;14.01;46;14;3;1,666;569;29;13,022;21;;6;;29;0.01;5%;2;34%;23,386;;5;5;5,052;7;1,486;2,717;38%;7;10,383;11,875;28;11;15;02:15;3;4;18;5;3,383;0.43;2.73;2;10.07;1.31;02:00;9.19;10,241.82;6.13;20.14;5,702.79;23;;1;3;3;7;;30 minutes;2;1;04:35;02:26;56%;;32;21;23,386;;;1;10,242;14;
killswell;3164;12,599;48;2;20.51;9,645;1,278;75;420,483;119,186;7,175;2,506,868;5,273;56;192;76;7,175;0.01;6%;1.9;28%;7,191,362;;39;2,874;1,211,900;16;3,927;9,246;85%;16;11,092;25,852;37;15;29;07:48;3;19;40;17;5,087;0.12;2.5;5;8.23;0.12;02:03;8.58;11,711.98;2.08;15.7;4,082.72;5,059;54;199;241;972;1,412;416;134 hours;614;370;20:59:42;08:53:11;60%;5;11,490;44;7,191,362;16,340;25;219;11,712;19;
Kimmy Gibbz69;4274;22;17;;19.18;29;3;;1,302;392;15;7,179;21;;;;15;0.01;3%;2.9;30%;11,991;;;24;2,168;9;2,075;1,816;32%;9;6,661;10,175;25;2;19;02:25;;24;14;5;1,846;;1.81;21;8.71;;02:20;18.31;10,456.02;2.61;25.28;6,260.09;10;;0;1;1;2;;19 minutes;1;0;02:41;03:01;26%;;13;11;11,991;;1;0;10,456;11;
KING IZ SIIC;3443;396;22;2;19.36;388;68;3;20,371;6,087;331;112,423;182;;5;9;331;0.01;5%;1.79;29%;237,599;;5;56;52,220;9;2,733;5,283;58%;9;7,659;14,410;24;5;12;02:20;;7;24;15;2,475;0.44;3.06;3;10.56;0.14;01:27;8.89;11,617.59;3.32;18.97;5,496.98;216;2;17;17;18;53;5;4 hours;20;10;29:50;23:36;46%;3;339;23;237,599;919;1;10;11,618;17;
Kingg Tuttle;0;101;30;;25.05;80;7;2;3,481;1,087;61;20,216;49;;2;;61;0.01;5%;2.42;31%;50,872;;;16;9,981;10;2,058;3,997;41%;10;6,959;13,932;23;3;16;03:20;;8;19;10;3,253;0.24;3.03;4;8.18;0.49;02:48;12.15;12,617.61;1.73;19.84;5,014.17;33;;2;5;4;11;2;54 minutes;4;3;11:19;07:35;67%;3;75;26;50,872;;;1;12,618;19;
KJCagnoli;2883;2;2;;7.86;;;;120;31;;710;;;;;;;;0.25;25%;2,067;;;;405;;459;1,261;31%;1;475;1,722;;;;00:08;;;;;276;;1.92;;15.72;;00:46;;8,126.7;3.93;3.93;2,790.37;4;;;0;0;0;;3 minutes;0;;00:11;00:41;;;;;2,067;;;0;8,127;4;
Kypahh;3138;125;24;;15.53;166;27;;8,017;2,408;154;46,874;87;3;;2;154;0.02;6%;2.51;30%;72,939;;;65;14,877;15;2,649;4,230;100%;15;8,228;12,050;42;12;27;04:41;;15;28;12;2,752;0.24;2.39;8;8.2;;02:22;10.81;9,063.14;3.35;20.62;5,824.42;66;;2;13;9;24;2;1 hour;8;4;19:07;05:39;55%;3;106;25;72,939;;0;3;9,063;13;
Lady Ankh;2805;679;28;;18.16;597;82;5;35,423;8,423;648;148,169;368;2;6;;648;0.02;7%;1.96;23%;454,832;;3;10;77,713;12;2,705;6,126;38%;12;7,379;20,184;33;5;21;04:51;;;44;13;4,095;;2.75;0;8.13;0.13;01:49;9.84;12,166.06;2.19;15.96;3,963.29;304;8;19;16;42;77;30;7 hours;37;27;01:08:00;26:27;71%;3;712;42;454,832;18,519;1;10;12,166;19;
LanceHasPants;0;288;26;;19.3;205;40;7;14,138;3,613;234;67,385;106;;3;5;234;0.01;6%;1.07;25%;163,210;;;22;38,807;10;1,611;4,543;44%;10;5,693;13,562;19;5;12;04:19;3;5;23;12;3,234;0.33;3.07;1;12.73;0.46;01:49;7.1;10,942.64;2.68;13.74;4,517.94;190;;7;9;12;28;6;3 hours;15;7;27:08;10:24;50%;;176;18;163,210;2,697;1;7;10,943;12;
Lee;3000;90;34;;21.95;76;14;;3,870;817;51;15,240;33;;;;51;0.01;6%;1.9;21%;41,985;;;5;8,532;7;1,442;3,784;21%;7;4,321;12,355;23;6;10;01:38;;3;20;7;2,437;;2.79;1;9.75;;01:21;8.05;10,243.02;3.41;18.54;3,718.13;40;;1;3;6;10;2;50 minutes;4;4;05:35;00:52;90%;;50;15;41,985;;;0;10,243;12;
LEGENDARYWARIOR;3418;14,656;46;3;19.05;11,197;2,111;200;595,241;189,785;9,574;3,475,214;6,300;44;309;124;9,574;0.01;5%;1.4;31%;8,265,261;;73;2,252;1,651,908;15;3,416;7,852;81%;15;11,417;22,572;39;14;29;06:31;3;13;38;19;5,080;0.16;2.66;3;10.34;0.26;02:08;8.19;10,748.8;2.74;14.56;4,519.44;7,957;126;266;371;1,107;1,744;407;172 hours;769;377;27:32:36;08:13:25;49%;4;11,566;42;8,265,261;19,885;40;352;10,749;15;
Leveyez;3556;1,089;46;;22.2;839;140;9;45,410;13,355;764;253,707;492;6;19;;764;0.01;5%;1.53;29%;658,391;;2;22;130,821;17;3,056;6,644;59%;17;11,041;22,304;29;8;22;05:46;;3;32;13;4,412;0.02;3.16;0;11.11;0.18;02:33;10.03;13,426.16;2.85;17.1;5,173.69;545;7;21;25;84;129;29;11 hours;49;26;02:05:12;56:38;53%;3;904;36;658,391;;1;22;13,426;18;
Libero474;2177;291;32;;16.26;229;48;2;8,256;2,324;172;43,868;138;;5;;172;0.01;7%;1.3;28%;209,461;;7;8;37,756;9;1,623;6,173;45%;9;4,725;18,732;26;7;22;03:32;;3;25;10;3,536;;2.72;0;9.78;0.11;01:47;7.71;11,708.81;2.68;12.8;2,452.2;175;2;4;7;20;31;16;3 hours;18;10;32:04;17:32;55%;;316;30;209,461;;1;7;11,709;18;
LIL AdamXD;2978;12;12;;16.68;5;;;339;102;9;2,013;2;;;;9;0.02;8%;0.5;30%;5,685;;;;1,556;3;420;1,409;;3;2,013;5,685;5;;2;00:29;;;9;3;1,556;;3.61;;13.9;;00:41;2.78;7,903.9;1.39;6.95;2,798.5;10;;;;1;1;;7 minutes;1;;00:29;;;;6;6;5,685;;;1;7,904;8;
limited death;2964;162;23;;15.83;125;23;2;8,874;2,642;143;46,647;64;;3;;143;0.01;5%;0.83;29%;120,993;;;10;27,087;7;1,478;3,634;37%;7;6,053;16,016;23;6;9;02:52;;3;31;9;4,437;;2.93;1;14.56;0.19;02:00;6.25;11,828.67;2.24;12.22;4,560.4;149;;5;6;14;25;5;2 hours;10;5;20:28;02:40;47%;;139;18;120,993;13,246;1;4;11,829;14;
limmme;3370;4,438;36;;18.79;3,795;685;71;241,307;55,532;3,892;1,008,516;1,957;20;91;17;3,892;0.02;7%;2.01;23%;2,963,316;;26;115;499,249;14;2,975;9,915;54%;14;9,017;22,966;35;10;22;05:03;2;4;45;24;4,519;0.07;2.69;0;7.97;0.3;01:36;8.28;12,549.41;2.9;16.07;4,270.98;1,883;28;120;112;282;514;144;51 hours;236;123;06:21:17;01:58:03;52%;4;3,994;35;2,963,316;22,966;10;103;12,549;17;
Little Bran;3874;5;5;;27.35;3;;;246;83;11;1,618;;;;;11;0.06;13%;1.5;33%;2,517;;;;636;2;939;1,397;;2;1,618;2,517;3;;;00:29;;;11;6;636;;3.73;;10.94;;02:41;;13,772.19;;16.41;8,852.25;2;;;1;0;1;;2 minutes;0;;00:29;;;;5;5;2,517;;;0;13,772;27;
lorcy m;3797;118;25;;15.69;111;16;;6,030;1,543;94;30,051;55;2;;;94;0.01;6%;2.01;25%;64,756;;;26;12,354;10;2,362;5,418;41%;10;7,159;13,238;23;5;10;02:19;;8;17;14;3,212;;2.36;3;7.31;0.13;01:22;7.31;8,614.23;2.12;14.76;3,997.64;55;2;4;3;10;17;4;1 hour;8;4;10:19;01:58;58%;4;86;20;64,756;1,810;;3;8,614;11;
Lord Misiunas;2438;539;26;;17.29;562;94;19;20,476;6,226;253;128,655;394;2;25;;253;0;4%;1.4;30%;372,358;;9;54;90,275;9;2,365;4,301;51%;9;6,863;21,739;28;10;25;04:43;3;5;19;7;4,945;;3.24;2;12.83;0.6;02:55;12.63;11,944.52;3.01;18.02;4,127;400;11;8;10;42;60;22;7 hours;31;18;01:30:55;16:35;57%;3;395;22;372,358;;1;12;11,945;13;
LORDxSUWU;2812;30;10;;9.24;34;10;;1,924;481;27;8,273;16;;;2;27;0.01;5%;0.69;25%;28,479;;;5;6,481;5;992;3,933;29%;5;2,729;10,294;18;7;14;03:00;;3;9;3;2,420;0.61;2.62;2;15.09;0.3;01:22;4.92;8,771.96;3.08;10.47;2,548.25;49;;3;2;3;8;2;41 minutes;3;1;04:27;02:40;32%;;27;11;28,479;;;2;8,772;8;
LucioPoopedOnU;;534;37;;19.07;466;91;11;22,055;7,047;357;140,434;328;2;20;2;357;0.01;5%;1.56;31%;351,554;;14;20;82,668;13;3,435;6,901;52%;13;8,299;22,135;31;9;27;06:34;2;2;24;10;5,682;0.07;3.78;1;10.6;0.39;02:51;11.71;12,555.51;3.25;16.64;5,015.49;297;2;8;7;60;75;21;6 hours;28;17;01:20:15;48:48;60%;3;469;32;351,554;;2;9;12,556;17;
Lumanous;0;57;22;;16.84;26;8;;2,931;1,165;42;19,791;15;;;;42;0.01;3%;1.13;39%;38,001;;;5;7,888;7;3,088;5,890;42%;7;7,187;12,598;10;3;7;02:11;;3;14;10;2,409;;3.16;1;6.79;;01:18;4.43;11,227.77;2.36;7.68;5,847.42;23;;2;3;3;8;;41 minutes;3;1;04:24;;29%;;31;12;38,001;4,930;;2;11,228;9;
Lycanz;4036;148;29;;20.5;121;25;2;5,130;1,766;93;34,144;59;;;4;93;0.01;5%;2.01;34%;77,633;;;19;17,124;11;2,417;4,781;53%;11;5,826;15,048;29;5;17;02:48;;8;21;8;3,600;0.55;3.34;3;8.31;0.27;02:01;8.17;10,754.52;3.46;16.76;4,729.98;60;3;7;4;13;23;4;1 hour;7;5;14:39;10:44;76%;;122;27;77,633;;;2;10,755;17;
Maniac Mansion;0;398;31;;13.38;396;70;9;31,814;7,055;336;120,082;256;;3;;336;0.01;4%;1.12;22%;277,894;;9;9;70,388;9;2,671;5,596;32%;9;7,734;16,853;28;8;24;04:26;2;2;29;8;4,594;0.03;3.02;0;11.87;0.3;01:37;8.61;9,346.38;2.35;13.31;4,038.69;353;5;9;13;41;64;14;6 hours;30;15;48:07;08:06;50%;;283;21;277,894;2,612;2;13;9,346;10;
Mano Brawl BR;4015;563;37;3;16;622;124;18;20,187;6,621;430;132,442;308;;15;18;430;0.01;6%;3;32%;347,168;;2;77;63,992;17;3,358;6,315;54%;17;8,649;14,528;31;8;18;03:26;3;5;38;19;2,912;0.51;2.61;2;5.88;0.51;01:52;8.75;9,868.24;3.52;17.68;3,764.64;207;4;25;22;45;92;17;6 hours;35;28;01:06:07;26:34;79%;;595;30;347,168;;1;7;9,868;17;
Marderic;3308;6,327;52;4;21.4;5,132;902;82;262,345;79,374;4,782;1,483,027;3,008;29;139;80;4,782;0.01;6%;1.62;30%;3,440,504;1;22;800;706,070;16;4,521;8,433;75%;16;10,977;25,630;43;12;28;08:49;3;17;45;16;5,284;0.27;2.92;3;10.66;0.27;02:17;10.17;11,638.13;3.05;17.35;5,016.61;3,154;27;112;144;484;740;167;67 hours;296;178;11:17:49;05:50:26;60%;4;4,781;39;3,440,504;16,579;9;109;11,638;16;
MattPisto;4130;15;11;;8.43;26;6;;840;191;12;3,550;8;;;;12;0.01;6%;3.25;22%;13,688;1;;5;2,545;5;714;3,058;37%;5;2,549;8,889;16;3;4;01:14;;3;10;6;1,839;0.56;2.51;3;4.49;0.56;00:57;4.49;7,697.83;3.37;14.62;1,996.22;8;;1;2;2;4;;16 minutes;2;2;01:41;00:07;100%;;19;13;13,688;;;;7,698;11;
MattShore21;2252;1,335;40;;19.61;1,074;171;15;62,567;22,269;1,217;379,504;674;;10;;1,217;0.02;5%;1.28;35%;775,518;;20;64;173,072;13;3,147;4,991;62%;13;13,023;21,272;34;7;24;05:17;2;4;51;15;4,454;;3.13;1;12.32;0.22;02:23;9.9;11,393.9;2.51;15.77;5,575.66;839;10;22;40;109;171;48;15 hours;68;33;02:43:06;45:47;48%;3;946;29;775,518;18,828;2;33;11,394;14;
Maxxon Charge;3705;225;25;;19.55;218;40;;12,895;3,450;211;63,837;100;;4;;211;0.02;6%;2.5;26%;110,176;;;99;19,524;10;2,627;3,708;45%;10;5,503;9,272;22;7;12;02:48;;12;25;9;1,944;0.08;2.08;9;7.56;0.08;01:58;8.69;9,576.51;3.47;18.94;5,548.74;87;;7;9;8;24;2;2 hours;12;8;22:42;13:34;69%;3;161;19;110,176;;0;3;9,577;14;
mcir3000;2958;109;38;;26.32;108;30;;5,232;1,802;95;34,182;54;;2;;95;0.02;5%;2.63;34%;56,129;;;8;11,179;12;3,209;4,508;36%;12;12,088;17,416;47;14;20;02:48;;4;39;10;3,748;0.24;2.95;2;9.9;;02:44;13.03;13,553.69;7.24;26.07;8,254.07;41;;3;3;7;13;3;1 hour;4;3;11:19;08:00;60%;;67;30;56,129;;1;1;13,554;16;
me10005;3682;12;12;;16.14;8;;;527;133;11;2,853;5;;;;11;0.01;8%;0.66;25%;7,812;;;;1,641;2;793;1,720;25%;2;2,853;7,812;8;;5;00:54;;;11;4;1,641;;2.74;1;16.14;;01:13;6.72;10,508.89;1.34;10.76;3,837.32;12;;1;;1;1;;9 minutes;1;;00:54;;;;4;4;7,812;;;1;10,509;5;
Medvescek;3421;11;11;;16.16;15;9;2;730;142;12;2,517;4;;;;12;0.02;8%;3.75;19%;7,331;;;;1,258;5;995;3,243;19%;5;2,517;7,331;15;9;4;00:09;2;;12;6;1,258;1.46;2.6;;5.87;2.93;00:14;5.87;10,775.9;13.22;22.04;3,699.53;4;;;;1;1;;8 minutes;1;1;00:09;;100%;;11;11;7,331;;;;10,776;16;
MercenaryXPO;0;77;20;;14.67;93;25;6;4,170;1,346;82;27,715;47;;3;3;82;0.02;6%;2.06;32%;50,725;;;29;11,269;13;2,646;5,372;39%;13;9,030;12,138;24;6;14;02:39;2;11;27;11;3,179;0.57;3.03;6;8.57;1.14;01:46;8.96;9,670.3;4.76;17.72;5,283.56;45;;3;2;8;13;2;1 hour;5;3;09:20;13:01;59%;;62;15;50,725;;1;1;9,670;12;
Mercy MD;0;172;33;3;17.46;191;43;8;6,629;2,036;140;45,640;119;;14;3;140;0.01;6%;2.14;30%;135,362;;;40;28,473;11;1,764;4,814;38%;11;8,426;20,395;36;11;23;04:25;3;7;33;11;4,995;0.3;3.62;4;9.03;0.81;02:11;12.08;13,742.15;4.36;19.39;4,633.44;89;5;1;6;11;18;6;2 hours;10;5;21:35;19:09;54%;;182;32;135,362;20,395;;4;13,742;18;
Meuq;4537;10;10;;21.57;7;;;671;262;7;4,194;2;;;;7;0.01;2%;;39%;6,022;;;;1,295;3;1,280;2,472;;3;4,194;6,022;7;;2;00:03;;;7;3;1,295;;2.58;;15.1;;00:07;4.31;12,992.62;2.15;15.1;9,048.28;7;;;0;0;1;;8 minutes;0;;00:03;;;;4;4;6,022;;;0;12,993;9;
millar08;0;58;23;2;21.57;64;29;7;2,109;745;49;16,028;42;;9;4;49;0.01;6%;1.6;35%;42,320;;;;12,084;9;1,369;4,769;39%;9;6,754;18,744;30;13;21;03:12;3;;29;9;4,721;1.48;4.44;;14.87;2.6;02:20;15.62;15,741.26;10.78;23.8;5,961.89;40;;1;2;3;6;2;45 minutes;3;1;06:18;07:16;25%;3;49;21;42,320;;;2;15,741;18;
minoee;2435;148;22;;14.21;122;25;3;9,697;2,306;135;39,969;57;;;;135;0.01;5%;1.67;23%;97,242;;5;;23,495;8;1,771;4,898;33%;8;5,935;15,883;21;10;8;02:10;;;27;10;3,663;0.09;3.46;0;7;0.28;01:10;5.47;9,337.11;2.4;11.71;3,837.82;73;3;8;7;13;28;6;1 hour;10;6;12:16;01:47;61%;;115;17;97,242;15,883;;4;9,337;11;
Miss B pr3dator;2871;52;19;;19.93;41;8;;2,549;611;32;10,726;30;;;;32;0.01;5%;2.15;23%;36,346;;;2;6,144;6;1,515;6,410;29%;6;3,746;12,740;19;6;14;02:40;;2;14;7;1,855;;3.22;1;7.28;;02:12;11.5;13,932.53;3.06;15.71;4,111.68;19;;0;1;2;4;2;31 minutes;3;2;05:44;03:07;74%;;46;17;36,346;;;1;13,933;18;
MisterToli X;0;1,022;32;2;18.09;925;191;31;45,725;14,961;964;278,829;448;9;36;24;964;0.02;6%;1.58;32%;597,415;;7;106;132,963;18;3,000;6,300;54%;18;10,637;17,291;39;11;25;04:11;5;15;34;16;4,394;0.42;3.13;2;10.3;0.54;01:35;7.93;10,576.44;3.38;16.37;4,936.3;582;13;37;46;62;145;20;11 hours;56;25;01:29:42;56:14;44%;4;770;24;597,415;14,349;0;31;10,576;14;
miya456;2442;78;21;;12.23;80;11;;3,923;931;52;17,251;39;;;;52;0.01;5%;1.81;23%;59,482;;3;3;11,314;9;1,273;4,055;40%;9;4,002;13,717;24;4;16;01:24;;;10;6;2,231;0.15;2.8;0;6.9;0.15;00:57;6.11;9,330.94;1.72;12.54;2,706.09;44;;3;4;8;14;3;1 hour;6;3;06:03;00:30;49%;;86;22;59,482;;;3;9,331;13;
mnizzle4;2719;45;21;;15.96;44;3;;2,987;889;45;17,944;26;;;;45;0.02;5%;1.69;29%;29,988;;2;;6,853;7;1,869;3,231;39%;7;6,781;12,666;21;;15;02:37;;;24;8;2,542;;3.64;;9.22;0.35;02:02;9.22;10,636.95;1.06;15.6;6,365.05;26;;1;3;6;10;;31 minutes;3;2;05:45;01:13;73%;;40;17;29,988;;;1;10,637;14;
MoraCombo;0;170;19;;16.3;174;43;4;9,441;3,099;204;58,931;63;;3;5;204;0.02;6%;1.64;32%;97,526;;;53;19,084;12;3,011;4,661;46%;12;7,555;10,466;30;7;14;02:26;;17;35;10;2,245;0.47;2.26;5;10.16;0.38;01:33;6.04;9,352.7;4.12;16.68;5,651.39;106;6;10;11;8;29;;2 hours;10;4;16:11;05:48;37%;3;96;22;97,526;6,224;0;6;9,353;9;
Mortem;2681;6;3;;6.84;8;;;595;220;19;3,356;;;;;19;0.02;8%;0.53;36%;7,073;;;;2,137;3;702;1,740;;3;2,332;5,458;7;;;01:01;;;14;6;1,723;;2.89;;17.11;;01:29;;8,069.5;;9.12;3,828.51;15;;;2;2;3;;12 minutes;1;;01:18;;40%;;10;9;7,073;;;1;8,070;11;
MrNerdWalker;0;22;22;;21.99;12;5;;1,010;233;21;4,126;6;;;;21;0.02;9%;1.2;23%;14,277;;;2;2,111;4;1,004;3,734;23%;4;4,126;14,277;12;5;6;01:10;;2;21;7;2,111;;2.25;2;9.99;;01:10;5.99;14,276.57;4.99;11.99;4,126.39;10;;1;;2;3;;15 minutes;1;1;01:10;;100%;;12;12;14,277;14,277;;;14,277;12;
MVB Kealoha Koa;2365;19;13;;14.67;16;4;;623;272;14;4,810;8;;;;14;0.01;5%;0.84;43%;12,173;;;;3,614;4;935;2,607;45%;4;3,716;6,643;9;3;5;01:52;;;10;5;1,995;;3.63;;14.67;;02:50;6.18;9,404.04;3.09;12.36;3,715.82;19;2;1;1;2;3;;16 minutes;1;0;03:40;03:36;29%;;22;12;12,173;;;1;9,404;17;
My BRs Dyslexic;2858;10,760;47;2;19.25;9,703;1,899;225;509,997;167,602;10,587;3,071,031;5,555;43;275;42;10,587;0.02;6%;2.09;32%;6,697,267;1;97;358;1,239,576;23;4,866;9,934;72%;23;12,030;24,499;47;12;30;06:48;5;7;59;27;5,883;0.07;2.8;1;8.27;0.4;02:03;9.94;11,986.73;3.39;17.36;5,496.51;4,626;50;274;356;825;1,455;341;122 hours;559;304;19:11:05;07:25:51;54%;4;8,536;44;6,697,267;21,749;28;228;11,987;15;
naix;2880;11;11;;16.71;10;;;368;110;7;2,456;7;;;;7;0.01;6%;1.11;29%;5,823;;;3;1,550;3;883;1,914;;3;2,456;5,823;10;;7;01:47;;3;7;2;1,550;;3.17;5;13.67;1.51;02:42;10.63;8,846.56;1.51;15.19;3,730.66;9;;1;;2;3;;8 minutes;1;;01:47;00:20;;;9;9;5,823;;;1;8,847;14;
Narfidy;2569;344;34;;18.56;378;72;8;16,723;4,807;350;80,678;227;;9;;350;0.02;7%;2.14;28%;244,592;;3;12;52,320;11;2,415;8,238;37%;11;6,671;22,001;36;9;28;04:53;2;4;46;14;4,992;0.05;3.39;1;9.49;0.43;02:29;12.25;13,201.38;3.88;20.4;4,354.47;176;;9;12;25;47;17;4 hours;19;9;46:11;22:14;47%;3;345;41;244,592;;2;8;13,201;19;
Nasty0303;2662;738;35;2;17.43;615;114;5;52,659;11,369;548;202,562;395;5;7;12;548;0.01;4%;1.25;21%;383,381;;29;17;89,364;9;2,775;6,390;43%;9;8,617;17,556;29;8;20;04:32;;2;37;8;4,733;0.28;2.92;0;11.62;0.11;02:15;9.32;9,054.97;2.69;14.52;4,784.26;492;5;21;23;53;97;10;8 hours;42;19;01:35:19;30:31;43%;3;414;27;383,381;;3;21;9,055;10;
Newt Lev;2659;122;29;;19.77;155;33;4;5,968;1,755;178;34,024;111;;;2;178;0.03;10%;2.98;29%;72,776;;;9;15,155;24;3,851;6,837;37%;24;6,930;15,479;35;10;26;04:40;2;4;42;16;4,522;0.32;3.27;1;8.43;0.64;02:36;17.99;11,799.15;5.35;25.13;5,516.35;52;;5;3;12;19;5;1 hour;6;4;16:07;15:50;63%;;119;39;72,776;14,017;0;2;11,799;19;
NGeminiN;0;250;21;3;16.83;282;57;7;14,901;5,067;268;99,872;145;3;7;18;268;0.02;5%;1.85;34%;147,405;;;45;30,393;14;5,185;4,145;47%;14;9,985;12,328;33;7;24;02:15;2;6;29;14;3,146;1.21;2.55;3;10.23;0.47;01:28;9.76;9,925.26;3.83;18.98;6,724.75;152;3;15;15;15;45;;3 hours;15;5;22:01;15:23;33%;3;192;19;147,405;5,502;1;9;9,925;13;
Nicochik77;2886;22;19;;18.75;28;6;;1,210;297;14;5,712;14;;;;14;0.01;4%;2.33;24%;13,352;;;4;3,381;11;1,617;3,120;23%;11;4,731;11,167;25;5;12;01:42;;4;13;5;2,954;;3.43;3;10.23;;01:38;11.93;11,383.38;5.11;23.87;4,870.22;12;;1;0;1;3;;16 minutes;1;0;01:55;02:10;18%;;17;14;13,352;;;1;11,383;14;
Nietzsche Nick;3682;234;20;2;14.99;289;58;4;10,289;3,258;153;61,422;102;2;3;9;153;0.01;4%;4.51;31%;120,911;;10;76;24,539;14;2,623;4,967;43%;14;5,966;9,168;32;7;13;01:53;;9;26;10;2,297;0.57;2.7;5;4.1;0.25;01:16;6.53;7,748.96;3.71;18.52;3,936.42;64;5;11;15;17;43;5;2 hours;16;15;19:46;22:46;93%;3;212;16;120,911;;;1;7,749;14;
NitroFPS;0;209;22;;19.19;194;37;2;9,588;3,118;269;61,048;99;;5;;269;0.03;8%;1.35;32%;104,421;;;64;24,855;17;2,600;3,619;38%;17;5,804;12,881;29;7;16;03:16;;15;40;11;3,070;0.09;2.89;6;13.13;0.18;02:03;9.09;9,592.19;3.39;17.82;5,607.96;143;;6;6;20;32;3;2 hours;11;5;22:20;13:03;42%;;137;30;104,421;;0;6;9,592;13;
NomadHokie;2669;10,163;44;2;19.02;7,524;1,330;150;372,863;97,167;5,512;2,010,040;4,327;37;240;120;5,512;0.01;5%;1.57;26%;6,091,468;;61;472;1,190,501;16;3,360;8,455;78%;16;11,203;24,352;38;16;29;05:45;3;8;33;23;5,412;0.22;2.8;1;8.92;0.28;02:00;8.09;11,402.11;2.48;14.08;3,762.42;4,768;68;218;248;732;1,199;327;117 hours;534;284;17:53:14;06:28:36;53%;4;9,055;54;6,091,468;11,471;35;215;11,402;17;
NoT x GER Beans;2916;650;27;;18.66;492;85;11;24,976;7,707;414;145,372;251;;13;;414;0.01;5%;1.32;30%;379,642;;3;54;80,306;10;2,227;6,185;42%;10;5,418;20,858;25;7;12;02:43;;4;20;9;4,209;0.02;2.9;2;10.65;0.31;01:41;7.2;10,901.66;2.44;14.12;4,174.43;371;4;21;21;36;79;12;7 hours;35;17;58:38;23:42;47%;3;401;21;379,642;;1;17;10,902;12;
nR Elusive;2938;33;17;;12.95;41;3;;2,475;313;14;6,261;22;;;;14;0;4%;3.72;12%;28,467;;;2;5,854;12;1,246;5,421;13%;12;2,945;13,420;18;2;12;02:43;;;6;4;2,786;0.39;3.77;1;4.31;;02:02;8.63;11,174.44;1.17;16.09;2,457.55;11;;1;3;3;7;2;25 minutes;3;2;05:12;04:15;78%;;38;20;28,467;;;1;11,174;15;
o Kapow;3427;1,219;46;3;17.31;1,103;207;16;57,544;16,530;849;324,015;583;5;33;25;849;0.01;5%;1.59;28%;784,288;;3;57;163,971;17;3,049;7,102;48%;17;8,540;19,951;39;11;26;04:33;3;7;29;14;4,305;0.35;2.89;1;9.83;0.22;01:52;8.28;11,142.91;2.94;15.67;4,603.49;692;7;41;48;68;157;27;15 hours;70;31;02:12:21;43:27;43%;4;953;38;784,288;5,689;6;34;11,143;14;
ObeyedMonk1191;2623;28;12;;17.54;24;4;;1,606;461;48;8,687;18;;;;48;0.03;10%;1.2;28%;14,697;;;3;3,311;5;1,147;1,828;26%;5;3,940;5,048;9;2;8;01:15;;2;19;14;1,327;;2.64;2;12.53;;02:03;11.28;9,211.02;2.5;15.04;5,444.64;20;;3;2;0;5;;20 minutes;2;0;03:17;01:08;21%;;7;4;14,697;;0;1;9,211;4;
ObiwanKi11n00by;3509;3,977;41;2;17.81;3,439;662;65;182,964;50,064;2,749;941,558;1,508;13;85;53;2,749;0.01;5%;2.2;27%;2,411,279;;21;750;452,351;16;4,108;9,608;56%;16;8,352;25,786;35;11;22;04:20;5;14;34;19;5,361;0.23;2.62;3;6.98;0.29;01:18;6.75;10,803.65;2.96;15.4;4,218.62;1,560;16;117;108;217;442;100;47 hours;223;112;04:51:47;02:02:10;50%;4;2,822;34;2,411,279;18,956;14;97;10,804;13;
Official VT;2523;;;;3.23;4;2;;165;99;7;1,869;;;;;7;0.02;7%;;60%;1,926;;;;480;4;1,451;1,878;;4;1,749;1,926;4;2;;01:05;;;5;4;480;3.23;1.67;3;12.95;3.23;03:32;3.23;6,237.03;6.47;12.95;6,051.12;4;;0;1;;1;;4 minutes;0;0;01:05;;100%;;2;2;1,926;1,926;;;6,237;6;
Ohdyn;0;59;21;2;13.26;79;15;2;3,253;591;55;13,186;32;;3;2;55;0.01;9%;4.15;18%;39,477;;7;6;7,632;7;1,388;4,076;22%;7;3,778;12,487;25;8;14;02:15;2;2;17;9;2,050;0.44;2.68;1;4.27;0.44;01:17;7.19;8,878.86;3.37;17.76;2,965.69;19;;0;2;7;9;4;47 minutes;4;4;05:43;11:22;100%;;55;12;39,477;;;;8,879;12;
OKGo Joshie;0;284;27;2;16.96;279;59;3;16,179;4,471;267;79,896;149;4;11;4;267;0.01;5%;1.84;27%;204,580;;;14;36,256;13;2,079;4,229;38%;13;6,598;16,299;29;10;19;03:00;2;3;30;11;3,433;0.23;2.7;1;9.02;0.17;01:21;8.9;12,224.02;3.52;16.67;4,773.93;151;;9;9;18;36;7;3 hours;17;7;22:49;11:11;40%;3;282;34;204,580;14,262;0;10;12,224;17;
ORANGE FURY1222;2728;15;15;;14.99;36;8;3;905;351;26;7,079;22;;2;;26;0.03;7%;4.5;38%;7,853;;;4;1,623;8;1,574;1,799;38%;8;7,079;7,853;36;8;22;01:48;3;4;26;11;1,623;;2.07;4;7.99;2.99;01:48;21.99;7,852.7;7.99;35.99;7,079.09;8;;2;1;1;4;;13 minutes;1;1;01:48;03:12;100%;;16;16;7,853;;;;7,853;16;
OtherHealer;3111;10;5;;9.95;23;4;;1,001;298;11;5,619;11;;;;11;0.01;3%;1.91;29%;11,207;;;2;2,454;7;1,551;2,251;;7;3,435;5,533;12;2;6;01:34;;2;7;7;944;;2.54;2;11.95;;02:12;10.95;11,161.51;3.98;22.9;5,596.14;12;;1;1;1;3;;16 minutes;1;0;02:12;00:20;33%;;15;8;11,207;5,533;;1;11,162;15;
Ouijaveli;0;401;40;3;20.41;418;62;2;23,578;6,775;356;122,187;200;3;3;10;356;0.02;5%;2.58;28%;256,785;;;45;48,128;12;3,141;9,187;47%;12;11,596;25,160;49;8;21;04:11;;10;41;10;5,219;0.5;3.06;2;8.24;0.1;01:50;10.18;13,072.96;3.15;21.28;6,220.57;162;;9;10;31;49;12;4 hours;20;12;36:02;31:12;61%;4;389;48;256,785;7,673;1;7;13,073;20;
OUT M3 RK ED;3749;314;31;2;19.8;293;45;3;19,505;5,411;291;94,598;160;;5;6;291;0.02;5%;2.66;27%;200,331;;;9;33,413;13;2,599;4,552;36%;13;10,680;19,776;32;6;21;05:12;;3;30;16;3,470;0.37;2.72;1;6.93;0.18;02:06;10.09;12,638.31;2.83;18.48;5,967.89;110;;7;11;25;44;13;3 hours;16;10;33:31;12:14;65%;;305;31;200,331;12,105;;5;12,638;19;
Overwatch DVa;3093;1,069;38;;21.46;761;140;20;42,360;10,582;590;210,425;368;2;46;5;590;0.01;5%;1.63;24%;581,085;;2;105;110,521;13;3,052;6,010;53%;13;7,230;19,021;38;10;20;03:27;3;9;27;12;4,438;0.1;2.72;2;9.33;0.4;01:35;7.39;11,669.96;2.81;15.28;4,225.97;465;12;18;25;59;101;32;11 hours;50;28;01:19:25;46:06;56%;3;777;36;581,085;9,317;2;19;11,670;16;
Ozdevil;2830;272;30;;18.09;184;26;2;9,759;2,747;178;52,285;111;;;;178;0.01;6%;1.34;28%;176,627;1;7;7;36,950;8;2,206;6,263;48%;8;9,710;19,383;17;6;11;03:15;;3;22;12;4,727;;3.22;0;9.11;0.13;01:58;7.38;11,750.41;1.72;12.24;3,478.33;137;;3;4;26;33;13;3 hours;15;9;29:41;05:46;62%;;237;25;176,627;;1;5;11,750;16;
P0LiSH;1993;204;26;;14.12;225;60;12;12,688;3,229;205;60,713;94;;6;;205;0.02;6%;1.65;25%;115,839;;6;29;30,944;11;2,985;5,563;31%;11;7,512;12,717;32;9;14;02:38;4;14;28;15;3,926;0.06;3.06;2;9.41;0.83;01:18;6.51;8,022.65;4.15;15.58;4,204.78;136;2;6;6;18;30;6;2 hours;14;4;19:00;12:55;27%;3;147;22;115,839;8,286;;10;8,023;10;
ParalyzingFrost;3000;78;29;;13.7;89;16;2;3,785;814;68;19,137;50;3;5;2;68;0.01;8%;1.89;21%;40,736;;;23;8,874;8;1,491;4,467;24%;8;5,593;14,605;22;4;14;01:39;2;8;24;11;2,510;0.35;2.42;4;8.25;0.35;01:02;8.78;7,158.06;2.81;15.63;3,362.77;47;;1;1;3;6;;1 hour;6;1;05:56;05:14;25%;3;72;27;40,736;;;4;7,158;13;
Parmesan Memes;3465;4,639;44;3;19.49;4,135;647;60;249,799;66,188;3,776;1,329,256;2,250;33;104;90;3,776;0.01;5%;1.55;26%;2,671,979;;92;1,116;574,507;17;4,150;7,826;56%;17;12,794;22,880;39;14;26;06:37;4;15;36;16;5,364;0.37;2.89;5;11.18;0.25;02:22;9.45;11,229.37;2.71;17.37;5,586.39;2,661;42;89;141;386;616;113;55 hours;238;120;09:23:51;02:18:10;50%;5;3,158;30;2,671,979;16,545;13;104;11,229;13;
PETERtois01;0;4,800;39;3;14.35;4,672;859;103;309,343;74,647;4,746;1,340,128;3,040;11;107;75;4,746;0.02;6%;1.46;24%;3,311,585;1;63;232;758,290;12;4,248;7,269;72%;12;9,969;21,301;43;13;30;06:12;4;5;41;19;5,395;0.22;3.26;1;9.56;0.3;02:09;9.08;9,901.33;2.56;13.96;4,006.86;3,198;46;141;169;464;773;164;64 hours;334;159;12:03:13;05:16:36;47%;3;4,478;38;3,311,585;14,085;24;152;9,901;13;
phantom fluid;2280;390;40;;20.37;224;40;6;10,356;1,843;124;44,327;152;;12;;124;0;6%;1.19;17%;221,937;;;23;42,391;7;988;4,559;43%;7;4,454;19,666;26;7;16;05:51;2;6;14;6;3,618;;2.76;1;9.81;0.31;02:30;7.93;11,592.3;2.08;11.7;2,315.31;188;3;10;4;26;40;18;4 hours;19;10;47:53;05:17;50%;3;365;34;221,937;;;10;11,592;19;
Pissmud;2870;3;3;;5.32;4;3;;428;130;4;2,573;2;;;;4;0;3%;0.44;30%;5,798;;;;1,485;;486;1,010;;1;2,573;5,798;4;3;2;00:38;;;4;2;1,485;1.77;3.23;;15.98;1.77;01:07;3.55;10,299.22;5.32;7.1;4,570.68;9;;;;;;;7 minutes;1;;00:38;;;;5;5;5,798;;;1;10,299;9;
Ponders;3669;3,521;52;4;19.46;3,469;606;67;218,515;52,264;3,316;1,040,453;1,697;22;136;56;3,316;0.02;6%;1.7;23%;1,915,436;;6;1,546;418,240;15;3,615;6,437;45%;15;11,728;22,015;39;11;23;05:02;4;27;59;22;5,168;0.3;2.76;9;11.24;0.37;01:54;9.38;10,588.69;3.35;19.17;5,751.71;2,035;38;119;128;224;471;50;42 hours;181;94;05:45:33;04:28:21;51%;5;2,428;33;1,915,436;;7;81;10,589;13;
pooptasticpoop;0;264;35;2;18.74;255;38;;12,669;3,527;235;67,506;123;2;3;6;235;0.02;6%;1.87;27%;141,568;;;96;28,475;12;1,946;5,244;38%;12;8,403;16,285;32;5;16;02:33;;14;34;7;3,478;0.42;2.51;7;9.65;0.07;01:24;8.73;10,054.02;2.69;18.1;4,794.18;136;;9;13;10;33;3;3 hours;14;6;19:50;09:28;40%;3;166;25;141,568;;0;8;10,054;12;
POuPOuNeISbAcK;0;535;41;;19.49;477;77;8;33,328;7,531;415;135,573;213;5;10;3;415;0.01;5%;1.83;22%;317,121;;3;132;66,768;11;4,671;6,932;36%;11;7,721;19,528;37;8;17;02:42;2;10;24;14;3,870;0.1;3.15;5;9.47;0.29;01:22;7.75;11,552.79;2.8;17.37;4,938.97;260;2;16;20;27;63;15;5 hours;27;16;37:46;20:49;56%;3;418;37;317,121;11,049;1;11;11,553;15;
PRAXIS UnLeashD;0;6,526;48;4;22.02;5,397;1,008;91;258,758;75,256;4,704;1,583,399;2,887;23;112;116;4,704;0.01;6%;1.8;29%;3,453,501;;100;720;727,055;14;3,398;8,160;86%;14;10,331;24,071;45;12;29;06:28;3;12;46;18;4,915;0.39;3.02;2;10.06;0.3;02:11;9.74;11,654.09;3.4;18.21;5,343.29;2,983;17;183;215;377;775;139;66 hours;296;150;10:47:17;05:38:42;50%;4;4,969;43;3,453,501;9,744;15;131;11,654;17;
Proxxy 4;3742;6,957;42;3;19.25;6,409;1,043;103;377,810;101,305;6,127;1,959,087;3,203;54;169;115;6,127;0.02;6%;2.02;26%;3,709,842;;23;2,776;737,594;17;4,710;6,613;44%;17;13,203;20,727;39;10;26;07:59;4;25;52;23;4,476;0.31;2.6;8;8.77;0.28;01:53;8.86;10,267.78;2.88;17.73;5,422.19;3,170;48;181;247;497;925;127;78 hours;361;202;11:20:37;07:37:35;55%;5;5,229;34;3,709,842;20,727;18;141;10,268;14;
Prunester;3701;20;10;;15.4;18;;;1,199;381;16;6,828;6;;;;16;0.01;4%;;31%;12,209;;;5;2,470;3;821;1,603;39%;3;3,322;6,124;9;;5;01:12;;2;8;5;1,087;;2.05;4;13.86;;01:49;4.62;9,402.25;0.77;13.86;5,258.08;18;;0;1;;1;;20 minutes;1;1;02:21;00:20;60%;;8;4;12,209;;;1;9,402;6;
Psyhco;4161;15;8;;17.47;20;3;;770;193;18;3,566;11;;;;18;0.02;9%;3.33;25%;7,537;;;4;968;4;822;1,750;29%;4;1,961;4,383;11;2;6;02:35;;3;12;6;529;;1.54;5;6.98;;03:19;12.81;8,778.04;3.49;23.29;4,153.43;6;;2;;0;3;;10 minutes;1;1;02:51;;100%;;18;12;7,537;3,154;;;8,778;21;
qosh;3204;3;3;;19.27;3;;;104;45;2;949;;;;;2;0.01;4%;;43%;1,645;;;;219;;510;973;;1;949;1,645;3;;;00:16;;;2;2;219;;1.13;6;19.27;;01:46;6.42;10,567.98;6.42;19.27;6,094.43;3;;;0;;0;;3 minutes;0;0;00:16;;100%;;2;2;1,645;;;;10,568;13;
Rabundy;2525;13;13;;19.71;5;2;;488;136;12;2,564;2;;;;12;0.02;8%;0.62;27%;7,380;;;;1,462;2;505;1,521;;2;2,564;7,380;5;2;2;01:18;;;12;5;1,462;;2.87;;12.13;;01:59;3.03;11,194.96;3.03;7.58;3,889.6;8;;;1;1;1;;8 minutes;1;1;01:18;;100%;;8;8;7,380;;;;11,195;12;
Rahazlium;3379;2;2;;5.42;11;3;;155;48;2;1,317;4;;;;2;0;4%;5.5;30%;2,965;;;;1,125;7;827;2,067;;7;1,317;2,965;11;3;4;00:27;;;2;2;1,125;;5.52;;5.42;;01:13;10.84;8,042.2;8.13;29.83;3,571.71;2;;;0;;0;;3 minutes;0;0;00:27;00:48;100%;;6;6;2,965;;;;8,042;16;
RainboUnicorn;;185;26;;14.23;180;37;4;8,315;2,409;210;41,532;109;;8;;210;0.01;8%;1.27;28%;129,238;;;8;25,198;6;1,471;2,999;38%;6;6,648;15,981;26;9;21;03:01;;4;28;10;2,825;;2.37;1;10.84;0.3;01:44;8.38;9,941.35;2.84;13.84;3,194.78;141;3;7;4;15;26;9;2 hours;13;8;22:39;02:50;61%;;146;25;129,238;;;5;9,941;11;
RamLMT;0;12,157;49;2;19.36;9,714;1,642;224;656,197;163,830;12,026;3,054,978;6,443;30;342;54;12,026;0.02;7%;1.33;24%;6,369,446;;223;895;1,438,462;19;5,082;6,920;77%;19;10,765;27,943;38;12;28;08:45;5;12;60;18;5,038;0.08;2.89;1;11.57;0.35;02:32;10.26;10,147.14;2.61;15.47;4,866.87;7,264;89;231;400;964;1,596;283;138 hours;628;299;26:31:30;10:35:41;47%;3;9,442;43;6,369,446;16,966;35;294;10,147;15;
RBFJ AlphaPrime;2239;5;5;;10.12;;;;378;144;6;2,297;;;;;6;0.01;4%;0.12;38%;3,689;;;;1,057;;1,090;1,459;;1;1,970;3,320;;;;00:09;;;4;2;937;;2.31;;16.2;;00:24;2.02;7,472.49;2.02;2.02;4,652.75;8;;0;0;1;1;;7 minutes;0;0;00:11;;14%;;;;3,689;;;0;7,472;2;
REC xD;3693;19,217;49;2;19.36;17,122;2,936;371;1,098,300;312,632;19,287;5,842,318;9,749;89;609;94;19,287;0.02;6%;1.73;28%;10,592,108;;140;3,603;2,115,926;20;4,284;7,652;61%;20;15,712;23,050;49;15;27;08:03;5;22;57;28;6,000;0.09;2.65;4;9.93;0.37;02:04;9.82;10,672.85;2.95;17.25;5,886.85;9,862;133;349;536;1,536;2,421;512;221 hours;992;525;34:15:46;17:39:02;52%;5;16,057;38;10,592,108;18,393;60;408;10,673;16;
Red Faze;0;4,850;38;2;16.61;4,468;905;137;205,439;49,373;3,357;1,046,097;2,327;22;228;69;3,357;0.01;6%;1.87;24%;3,542,970;;27;1,821;631,141;16;4,020;8,542;100%;16;8,509;25,892;44;12;23;04:52;4;22;34;18;5,801;0.23;2.57;6;8.17;0.46;01:52;7.97;12,136.47;3.1;15.3;3,583.41;2,387;64;119;117;350;586;160;68 hours;292;158;09:09:10;02:54:42;54%;4;3,944;39;3,542,970;20,334;11;122;12,136;14;
Redopz;2422;63;22;;18.1;60;22;;3,317;847;66;17,757;40;;;;66;0.02;7%;1.81;25%;45,346;;;4;9,498;7;2,190;5,596;;7;5,489;14,314;19;9;12;02:24;;2;28;10;2,343;;3.32;1;9.48;;02:28;11.49;13,028.41;6.32;17.23;5,101.62;33;3;2;;6;8;4;47 minutes;3;;08:36;04:38;72%;;50;21;45,346;;;1;13,028;14;
RedSlashMarley;0;438;35;;14.29;437;94;17;23,486;6,984;483;124,949;264;;24;;483;0.02;6%;1.32;29%;326,869;;8;15;75,670;10;1,957;6,762;50%;10;9,642;21,012;32;11;25;08:10;4;4;50;14;4,566;;3.16;0;10.74;0.55;02:13;8.61;10,670.87;3.06;14.26;4,079.03;329;4;7;16;42;65;21;6 hours;31;16;01:08:18;05:49;51%;;300;22;326,869;21,012;1;14;10,671;10;
Reinhardt Soul;3868;33;12;;21.7;16;2;;1,579;401;29;7,074;4;;;;29;0.02;7%;1.45;25%;16,507;;;6;2,963;4;1,402;3,283;33%;4;2,813;8,411;6;;3;02:37;;4;14;6;1,482;;2.51;4;7.23;;02:15;2.63;10,856.24;1.31;10.52;4,652.58;11;;1;1;1;3;;19 minutes;2;1;03:26;;54%;;25;11;16,507;4,599;;1;10,856;16;
Repure;4210;19;14;;28.13;30;5;;936;229;27;5,300;15;;;;27;0.03;11%;3.33;24%;11,440;;;12;2,248;6;1,135;2,903;30%;6;3,604;9,495;21;3;12;01:05;;9;14;11;1,448;1.48;2.79;18;13.32;;02:10;22.21;16,941.38;7.4;44.42;7,848.59;9;;0;0;0;1;;13 minutes;1;1;01:28;02:40;99%;3;16;14;11,440;;;0;16,941;24;
Respect Knuckle;2753;11;4;;10.8;6;;;904;242;14;4,215;2;;;;14;0.01;5%;0.35;26%;7,813;;;;1,888;;741;1,431;21%;1;1,430;2,658;4;;;00:48;;;7;3;842;;2.43;1;16.69;;01:10;1.96;7,672.57;0.98;5.89;4,138.81;17;;1;2;1;4;;12 minutes;1;;01:11;;;;7;3;7,813;;;1;7,673;7;
Rodney2210;3000;934;36;2;17.12;792;188;30;40,177;11,259;811;230,564;490;4;51;16;811;0.01;7%;1.46;28%;729,547;1;16;151;146,240;21;2,716;7,514;69%;21;8,859;23,058;33;12;24;07:21;4;11;38;12;5,711;0.29;3.19;3;9.92;0.55;02:47;8.98;13,380.04;3.44;14.52;4,228.58;541;10;15;23;84;122;38;12 hours;55;29;02:31:48;01:00:30;53%;3;833;30;729,547;;2;24;13,380;15;
rusica9231;;137;22;;13.69;139;37;9;7,380;2,012;152;34,861;68;;3;4;152;0.02;7%;2.01;27%;104,159;;6;3;25,786;8;1,654;5,095;34%;8;7,019;14,065;21;9;16;03:33;4;;23;9;4,427;0.39;4.17;0;6.89;0.89;01:57;6.79;10,415.84;3.69;13.89;3,486.12;69;2;3;5;17;25;9;1 hour;10;6;19:39;08:19;59%;;116;18;104,159;;2;2;10,416;12;
Saiyan54;2037;32;13;;8.89;43;10;2;2,116;633;28;10,707;27;;;;28;0.01;4%;1.16;29%;24,627;;;;6,162;5;859;1,925;39%;5;4,514;9,139;17;4;13;01:04;;;12;4;2,216;;3;;10.28;0.55;00:52;7.5;6,843.76;2.77;11.94;2,975.39;37;;3;2;5;9;2;34 minutes;4;1;03:09;00:40;27%;;26;12;24,627;;;3;6,844;7;
Sakaine08;2843;1,296;44;3;18.61;1,197;288;50;62,098;13,027;884;265,905;709;2;94;22;884;0.01;6%;1.51;20%;889,787;;5;31;203,353;12;2,918;7,452;42%;12;8,695;25,802;33;14;25;04:32;3;5;33;13;5,786;0.31;3.34;0;11.32;0.71;01:52;10.18;12,783.77;4.13;17.19;3,820.31;788;35;30;26;71;126;47;16 hours;70;41;02:10:49;53:49;59%;4;1,199;38;889,787;25,802;0;28;12,784;17;
Scobley;3000;3;3;;27.24;4;3;;194;79;4;1,332;3;;;;4;0.03;5%;4;40%;1,796;;;;279;4;1,179;1,348;;4;1,332;1,796;4;3;3;00:56;;;4;2;279;;2.18;;9.08;;08:36;27.24;16,306.68;27.24;36.32;12,094.9;;;0;;0;0;;2 minutes;0;0;00:56;00:00;100%;;3;3;1,796;;;;16,307;27;
Scuffs;4060;276;26;2;18.25;303;50;7;15,120;4,647;229;87,977;127;;5;6;229;0.01;4%;2.5;30%;173,389;;;68;35,025;14;3,984;5,862;59%;14;8,035;15,372;34;10;16;03:20;5;10;23;12;3,100;0.39;2.94;4;8;0.46;01:35;8.4;11,468.91;3.3;20.04;5,819.25;121;2;9;12;14;36;6;3 hours;15;7;23:59;12:24;43%;3;210;22;173,389;6,930;1;8;11,469;14;
Seanibah95;1909;36;21;;21.19;20;5;3;1,938;567;25;9,628;9;;;;25;0.02;4%;2.85;29%;17,278;;;3;3,321;8;2,170;4,738;40%;8;4,954;9,320;12;4;6;00:58;2;2;12;8;1,888;;2.77;2;4.12;1.76;00:43;5.29;10,170.32;2.94;11.77;5,667.39;7;;2;0;2;4;;19 minutes;2;;01:13;;;3;20;12;17,278;;;2;10,170;12;
Semitaur;3703;289;32;;19.16;207;36;2;10,373;3,433;204;61,971;102;3;2;3;204;0.01;5%;2;33%;140,887;;4;152;26,240;12;2,736;5,307;62%;12;6,617;14,691;23;5;15;03:31;;22;24;11;3,126;0.19;2.2;10;6.82;0.13;01:27;6.76;9,341.73;2.38;13.72;4,109.11;103;3;10;7;16;34;2;3 hours;15;6;22:03;10:32;43%;3;199;28;140,887;11,294;3;6;9,342;13;
ShakaBrah92124;2678;238;32;;20.23;198;40;6;10,613;2,808;166;52,092;129;;6;;166;0.01;5%;1.53;26%;144,314;;;5;32,008;14;2,069;5,386;32%;14;7,195;18,983;39;9;28;03:25;4;;28;10;4,356;;3.51;0;10.96;0.51;02:10;10.96;12,267.44;3.4;16.83;4,428.12;129;2;5;5;18;28;9;2 hours;12;7;25:37;18:31;57%;3;163;26;144,314;;;5;12,267;14;
SharkBaitWuHaHa;3071;8;8;;14.67;7;;;433;169;11;2,749;7;;;;11;0.02;6%;;39%;6,134;;;;830;4;1,381;3,284;39%;4;2,749;6,134;7;;7;01:08;;;11;8;830;;2.12;;12.84;;02:06;12.84;11,256.02;;12.84;5,044.15;7;;1;1;1;2;;6 minutes;1;;01:08;00:20;;;6;6;6,134;6,134;;1;11,256;11;
Shel633;0;260;20;4;11.17;426;100;6;17,592;5,068;308;101,586;186;3;7;26;308;0.02;6%;2.61;28%;219,027;;10;152;45,942;14;2,578;5,017;54%;14;10,087;15,573;32;12;23;03:52;;13;30;12;3,722;1.11;3.04;7;7;0.25;01:41;7.99;9,414.06;4.29;18.31;4,366.29;163;;11;14;32;56;16;4 hours;23;22;39:14;24:07;94%;3;329;27;219,027;15,573;;1;9,414;14;
Shmedium Undies;3982;169;21;;17.83;192;35;3;10,430;2,746;224;49,696;76;3;3;;224;0.03;8%;2.7;26%;91,231;;;121;15,603;14;2,084;4,637;42%;14;5,818;10,350;26;7;11;01:41;;23;31;13;1,913;;2.08;13;7.49;0.31;01:09;8.01;9,626.29;3.69;20.25;5,243.72;71;;6;9;9;24;6;2 hours;9;7;10:55;09:04;74%;4;144;19;91,231;;0;2;9,626;15;
Sinature;0;243;21;;15.93;203;33;3;12,458;3,348;209;63,991;78;2;3;;209;0.01;6%;1.3;26%;150,073;;3;22;36,884;13;2,850;7,752;56%;13;6,982;12,984;23;5;10;02:33;;3;26;11;3,191;0.06;3.45;1;10.22;0.19;01:19;5.11;9,838.95;2.16;13.3;4,195.29;156;3;11;16;16;42;4;2 hours;15;2;20:12;11:55;14%;3;175;18;150,073;12,984;1;13;9,839;11;
SirJamesParker;0;2;2;;12.4;;;;94;38;;718;;;;;;;;0.25;40%;1,275;;;;390;;534;669;;1;718;1,275;;;;;;;;;390;;2.77;6;24.81;;;;7,907.09;;6.2;4,454.26;4;;0;0;0;1;;2 minutes;0;0;;;100%;;2;2;1,275;;;;7,907;12;
Skidoushe;1863;381;44;;14.54;380;63;8;28,630;5,750;371;105,073;201;;5;;371;0.01;6%;1.51;20%;323,022;;4;7;68,342;9;2,162;5,588;33%;9;8,241;23,086;33;9;18;04:12;2;2;30;11;5,187;;3.38;0;9.58;0.3;01:43;7.67;12,335.59;2.4;14.51;4,012.53;251;5;13;14;32;59;22;5 hours;26;14;45:04;14:23;53%;;377;44;323,022;;;12;12,336;14;
Skittle Kitteh;0;5,065;41;3;18.15;3,983;877;88;190,708;52,595;3,585;1,065,102;1,821;22;135;86;3,585;0.01;6%;2.12;27%;2,506,063;;90;2,797;488,317;14;4,655;7,709;55%;14;9,178;20,826;32;10;20;05:21;6;33;31;24;3,709;0.3;2.24;10;6.7;0.31;01:32;6.52;8,980.93;3.14;14.27;3,816.99;1,870;42;126;186;236;547;75;60 hours;279;143;07:10:20;04:48:35;51%;4;3,468;32;2,506,063;20,826;14;123;8,981;12;
SlovenlyGrunt75;2187;3;3;;9.64;;;;224;42;3;740;;;;;3;0.01;7%;;18%;2,793;;;;601;;681;2,338;;;740;2,793;;;;00:02;;;3;3;601;;2.63;;9.64;;00:07;;8,975.08;;;2,378.11;3;;1;;;1;;3 minutes;0;;00:02;;;;;;2,793;;;0;8,975;
SlowWhelp151488;3909;1,708;35;3;20.67;1,670;332;24;70,379;21,856;1,662;432,919;846;14;28;29;1,662;0.02;7%;2.45;31%;962,637;;6;419;173,068;15;2,840;7,641;60%;15;9,320;20,271;42;11;27;03:12;2;12;48;19;4,234;0.35;2.58;5;8.22;0.29;01:38;10.23;11,650.41;4.01;20.21;5,239.44;680;17;38;56;107;200;44;18 hours;83;36;02:15:45;01:40:04;43%;3;1,314;29;962,637;7,633;4;43;11,650;16;
slysamm;2927;17;17;;17;34;5;;1,025;275;12;5,278;25;;;;12;0.01;4%;3.77;26%;10,294;;;5;3,105;9;1,028;2,901;26%;9;5,278;10,294;34;5;25;02:21;;5;12;3;3,105;;3.88;5;9;;02:21;25;10,294.44;5;34;5,278.35;9;;1;2;1;4;;13 minutes;1;1;02:21;00:45;100%;;20;20;10,294;;;;10,294;20;
SnarkyShark747;2399;2;2;;5.32;;;;176;96;2;1,582;;;;;2;0.01;2%;0.33;54%;1,627;;;;212;;1,117;1,333;54%;1;1,582;1,627;;;;00:07;;;2;2;212;;1.14;;7.98;;00:20;;4,329.24;2.66;2.66;4,208.34;3;;0;;0;1;;3 minutes;0;;00:07;;;;;;1,627;;;0;4,329;
Snide Chick;2700;4;4;;21.96;;;;203;88;;1,201;;;;;;0;1%;0.33;43%;3,166;;;;385;;655;1,818;;1;1,201;3,166;;;;00:18;;;;;385;;2.26;5;16.47;;01:40;;17,380.09;;5.49;6,594.05;3;;;;0;0;;2 minutes;0;;00:18;;;;4;4;3,166;;;0;17,380;22;
SoLo Glitch;0;66;29;;17.28;68;9;3;3,707;747;50;15,102;44;;2;;50;0.01;6%;2.61;20%;54,357;;11;2;11,526;13;1,957;15,754;23%;13;5,586;16,574;36;3;29;05:34;;;14;9;4,070;0.26;3.51;1;6.81;0.78;02:51;11.52;14,238.92;2.35;17.81;3,955.99;26;;1;2;5;8;3;54 minutes;4;3;10:56;21:08;70%;3;33;12;54,357;;;1;14,239;9;
SPARTAN MAT 666;2860;8;8;;15.56;8;3;;264;73;;1,739;4;;;;;;;4;27%;4,517;;;2;805;7;1,248;2,543;27%;7;1,739;4,517;8;3;4;00:42;;2;;;805;1.94;3.08;4;3.89;;01:23;7.78;8,786.85;5.83;15.56;3,382.4;2;;1;1;;2;;4 minutes;1;;00:42;00:12;;;5;5;4,517;;1;0;8,787;10;
Spic3mast3r;2992;115;28;4;16.67;122;25;;6,787;1,456;68;25,030;60;;;7;68;0.01;4%;2.77;21%;66,817;;;6;11,765;8;1,756;4,779;27%;8;5,034;12,790;27;7;19;02:45;;3;14;5;2,126;1.01;2.58;1;6.37;0.14;01:45;8.69;9,685.87;3.62;17.68;3,628.42;44;;4;6;9;20;7;1 hour;7;5;12:07;04:24;68%;3;93;20;66,817;;;2;9,686;13;
Spinola94;2367;8;8;;23.76;10;;;264;99;8;1,812;3;;;;8;0.03;8%;3.33;37%;3,777;;;;1,010;6;878;1,686;37%;6;1,812;3,777;10;;3;00:11;;;8;3;1,010;;4.12;;8.91;;00:34;8.91;11,219.53;2.97;29.7;5,382.12;3;;;1;;1;;4 minutes;0;0;00:11;;100%;;5;5;3,777;;;;11,220;15;
spirit murderer;3348;225;22;3;19.13;210;46;4;10,212;2,447;153;44,420;128;4;5;9;153;0.01;6%;2.87;23%;122,051;;;38;18,821;11;3,594;6,818;43%;11;6,021;11,215;26;8;14;02:38;2;9;17;14;2,198;0.76;2.2;3;6.2;0.34;02:24;10.88;10,381.08;3.91;17.86;3,778.13;73;2;4;12;14;31;3;2 hours;12;8;28:15;09:57;70%;3;178;20;122,051;;1;2;10,381;15;
SQ1B;0;825;30;;16.98;874;184;23;45,105;13,263;622;247,306;431;8;33;2;622;0.01;4%;1.6;29%;370,775;1;14;192;75,382;14;2,708;6,110;58%;14;10,171;16,288;34;13;22;04:52;3;19;27;14;2,718;0.04;1.84;4;11.17;0.47;02:06;8.87;7,633.67;3.78;17.99;5,091.65;543;9;30;49;40;119;7;11 hours;49;21;01:42:44;29:37;43%;3;486;24;370,775;12,316;1;27;7,634;10;
Starborn Leo;2280;43;13;;10.13;36;2;;2,811;734;42;11,511;19;;;;42;0.01;5%;1.2;26%;35,830;;2;6;7,500;8;1,558;4,231;24%;8;2,796;12,116;11;2;11;00:54;;4;13;10;1,690;0.23;3.28;1;7.07;;00:48;4.48;8,448.59;0.47;8.48;2,714.38;30;;1;3;5;9;2;38 minutes;4;3;03:27;00:46;78%;;39;15;35,830;;;1;8,449;9;
StarkBridge;2062;102;24;;13.29;86;19;2;7,202;1,447;144;24,543;50;;3;;144;0.02;9%;1.16;20%;76,740;;;4;16,996;6;1,330;3,246;25%;6;7,954;18,144;22;8;13;03:12;;;48;10;4,238;0.13;3.21;1;9.64;0.26;01:35;6.51;10,003.08;2.47;11.21;3,199.12;74;3;4;5;8;16;2;1 hour;8;4;12:09;01:58;49%;3;84;20;76,740;18,144;;4;10,003;11;
STICKYFING8RS;3045;5,126;46;3;20.77;3,968;804;124;192,379;56,166;2,929;1,084,197;1,930;15;156;36;2,929;0.01;5%;1.53;29%;2,718,323;;36;495;593,999;13;2,435;6,917;48%;13;10,160;21,044;43;14;25;05:16;6;9;29;13;4,926;0.14;3.09;2;10.5;0.5;01:44;7.82;11,017.59;3.25;16.08;4,394.34;2,591;32;108;136;331;575;139;53 hours;247;137;07:11:18;03:55:19;55%;4;4,027;45;2,718,323;18,705;10;100;11,018;16;
Stun CreeP;0;559;42;;23.57;495;87;9;30,904;7,516;519;137,036;281;3;14;7;519;0.02;6%;2.78;24%;332,489;;5;99;62,832;15;4,637;9,831;36%;15;10,859;22,106;35;7;24;04:05;2;22;40;16;4,938;0.29;3.13;4;7.5;0.37;02:20;11.85;14,024.35;3.66;20.87;5,780.16;178;2;14;10;37;61;21;5 hours;24;14;55:32;42:47;59%;4;475;36;332,489;;1;9;14,024;20;
SupaNoobGuy;4415;75;15;;22.2;69;11;;5,112;1,528;84;26,345;27;;;;84;0.02;5%;2.09;29%;41,591;;;16;7,075;9;3,520;3,457;19%;9;6,434;7,465;19;5;8;00:39;;8;22;10;1,121;;2.17;5;9.77;;01:07;7.99;12,313.75;3.25;20.42;7,799.98;33;;4;2;4;10;;54 minutes;3;2;03:46;02:12;46%;;51;13;41,591;;1;1;12,314;15;
SyrioBraavosi;2921;40;15;;14.01;55;14;;2,602;561;37;10,563;38;;;;37;0.01;6%;1.96;21%;27,188;;;3;6,099;10;1,236;3,044;23%;10;3,082;8,762;23;7;18;02:46;;2;18;6;2,408;;3.1;1;9.81;;02:11;13.31;9,529.11;4.9;19.27;3,702.23;28;;3;2;5;9;;32 minutes;3;2;06:14;01:32;53%;;46;19;27,188;;;1;9,529;16;
TaRaNtUlAxBaUeR;2649;27;20;;18.04;29;6;;1,924;516;51;9,303;12;;;;51;0.03;9%;1.11;26%;18,373;;;;4,475;6;856;2,132;30%;6;7,281;12,731;23;5;9;01:04;;;36;6;3,242;;2.94;1;17.37;;00:54;8.01;12,276.92;4;19.37;6,216.28;26;;1;1;;2;;25 minutes;1;;01:21;;;;15;13;18,373;;1;0;12,277;10;
TECHNOLASERZ;3650;508;40;;22;466;64;4;22,016;5,576;306;103,241;251;2;8;3;306;0.01;5%;2.74;25%;270,704;;;12;47,492;18;2,747;6,177;53%;18;5,952;19,692;32;7;21;04:37;;2;23;10;4,053;0.12;2.72;1;7.36;0.17;01:42;10.87;11,724.97;2.77;20.18;4,471.67;170;3;17;19;32;68;12;4 hours;23;10;39:27;22:56;44%;3;422;37;270,704;2,110;2;11;11,725;18;
Tensa;0;2,609;43;3;17.68;2,721;396;21;150,353;44,659;2,506;766,257;1,426;20;19;38;2,506;0.02;5%;2.68;29%;1,296,965;;8;1,949;237,020;15;4,719;7,674;75%;15;12,105;16,103;37;10;23;06:27;2;30;40;27;3,293;0.25;2.13;13;6.86;0.14;02:03;9.66;8,792.91;2.68;18.44;5,194.91;1,013;9;60;144;156;360;37;30 hours;148;93;05:02:28;03:06:39;63%;3;1,575;27;1,296,965;14,429;13;41;8,793;11;
thats my sock;3409;1,549;32;2;15.9;1,923;289;14;103,043;28,012;1,743;544,427;958;19;29;31;1,743;0.02;6%;2.36;27%;952,093;;;435;201,675;15;3,418;7,010;42%;15;9,957;16,824;40;11;21;06:53;;15;43;24;3,672;0.31;2.61;4;8.35;0.14;01:51;9.83;9,776.59;2.96;19.74;5,590.46;814;21;43;76;101;219;19;21 hours;97;57;03:00:39;01:04:34;58%;3;1,087;21;952,093;10,199;4;37;9,777;11;
The Gooner 90;3747;7;7;;13.99;;;;432;;;2,507;4;;;;;;;;33%;6,827;;;;1,063;;;;;;;6,827;;;;;;;;;1,063;;2.72;2;5.99;;00:06;7.99;13,653.61;3.99;21.99;5,014.18;3;;;;1;1;;6 minutes;;;00:03;;;;;;6,827;;;1;13,654;28;
The Grim Grotto;2977;525;24;;13.62;675;98;9;42,920;13,535;687;243,678;382;3;12;8;687;0.02;5%;1.9;31%;471,373;;13;103;97,080;14;3,769;5,976;45%;14;11,948;19,283;34;7;23;04:45;;10;41;11;4,143;0.2;3.17;3;9.18;0.23;02:20;9.91;12,231.55;2.54;17.51;6,323.13;354;5;18;22;66;105;24;8 hours;39;17;01:30:23;26:37;44%;3;505;27;471,373;;4;17;12,232;13;
the real p0tat0;2962;74;33;;20.02;51;10;3;1,264;416;19;13,471;22;;5;;19;0;4%;1.7;32%;46,471;;2;13;10,346;7;1,439;4,325;46%;7;3,756;16,301;18;5;10;02:39;3;4;8;5;3,743;;3.69;4;8.11;0.81;02:00;5.95;12,577.56;2.7;13.8;3,645.99;30;;2;0;4;6;3;46 minutes;4;3;07:24;02:05;68%;;58;23;46,471;;;1;12,578;16;
The Shad0w Wolf;0;100;27;;19.4;72;19;4;5,016;947;83;18,817;40;;7;;83;0.01;8%;2.32;18%;66,539;;;5;10,032;6;1,741;5,587;22%;6;5,833;17,269;22;4;17;02:27;2;3;31;10;2,682;;2.19;1;6.01;0.77;01:33;7.76;12,915.07;3.68;13.97;3,652.27;31;;3;2;5;10;3;1 hour;5;2;08:00;01:59;32%;;77;22;66,539;;;3;12,915;15;
TheDisciple2015;2948;1,231;29;2;12.36;1,357;232;21;75,887;19,218;1,318;378,215;995;8;45;17;1,318;0.01;6%;1.07;25%;1,062,965;1;10;44;227,697;10;2,235;5,485;44%;10;8,204;22,472;30;7;28;06:08;2;6;37;12;4,163;0.17;2.71;0;12.69;0.21;02:55;9.99;10,676.32;2.33;13.62;3,798.75;1,264;16;24;34;181;239;49;23 hours;100;49;04:51:48;29:15;49%;4;1,067;26;1,062,965;7,995;8;42;10,676;11;
TheLawCXVII;2761;12;12;;11.99;5;2;;772;343;10;5,163;2;;;;10;0.01;2%;0.71;44%;7,476;;;2;1,675;2;1,513;2,157;44%;2;5,163;7,476;5;2;2;00:53;;2;10;4;1,675;;2.79;2;6.99;;00:53;1.99;7,476.3;1.99;4.99;5,163.35;7;;1;;1;2;;10 minutes;1;;00:53;;;;10;10;7,476;;;1;7,476;10;
TheyCallMeBox;;250;33;2;17.85;285;59;7;15,564;4,128;298;76,278;145;2;6;6;298;0.02;7%;2.82;26%;165,460;;14;18;37,050;12;3,238;8,004;36%;12;11,481;20,460;36;7;24;03:19;2;3;45;14;4,276;0.42;3.45;1;7.21;0.5;01:46;10.35;11,818.6;4.21;20.35;5,448.44;101;;10;7;24;41;11;2 hours;14;8;24:44;24:44;57%;3;222;32;165,460;;1;5;11,819;16;
thirtythree au;3150;771;32;5;15.72;921;200;25;45,598;14,387;841;269,127;474;3;37;21;841;0.02;5%;3.52;31%;484,873;;18;82;86,560;17;3,974;5,759;50%;17;11,939;18,390;37;10;25;04:08;3;6;43;19;3,724;0.42;2.68;2;5.32;0.5;01:57;9.66;9,890.09;4.07;18.78;5,489.45;261;4;33;20;89;142;35;8 hours;49;42;01:35:36;01:09:02;85%;3;548;27;484,873;;0;7;9,890;11;
ThudTheStud;2583;455;42;;19.75;378;82;10;18,319;5,269;426;97,204;239;2;10;2;426;0.02;8%;1.82;28%;253,498;;2;28;46,885;12;3,851;6,545;41%;12;8,924;19,760;46;10;35;07:02;3;6;48;19;4,053;0.08;2.72;1;8.98;0.43;02:08;10.37;11,005.51;3.55;16.41;4,220.09;207;3;11;17;27;56;14;4 hours;23;12;49:29;28:45;53%;3;264;31;253,498;4,742;1;10;11,006;11;
Thumbless Idiot;2792;7;7;;7.32;9;;;761;156;13;2,702;4;;;;13;0.01;8%;0.81;20%;10,718;;;;2,445;3;992;4,501;27%;3;2,055;9,286;7;;4;01:34;;;10;4;2,005;;2.62;;11.51;;01:50;4.18;11,219.3;1.04;9.42;2,827.93;11;;;;1;1;;15 minutes;1;;01:45;;;;4;4;10,718;9,286;;1;11,219;4;
Trash Like Me;2373;2,161;57;3;21.57;1,536;324;40;90,298;21,504;1,506;417,912;862;5;58;22;1,506;0.01;7%;1.6;23%;1,175,839;;21;79;258,614;16;3,088;6,631;46%;16;9,430;23,543;33;12;24;04:57;4;5;35;11;5,392;0.21;3.36;1;9.57;0.39;01:58;8.6;11,741.15;3.23;15.33;4,172.99;959;20;38;43;136;217;70;21 hours;100;54;03:17:50;01:49:24;54%;4;1,724;35;1,175,839;;2;44;11,741;17;
Trooper X46;2314;20;20;;24.05;26;2;;767;294;16;5,796;10;;;;16;0.02;5%;2.88;38%;9,288;;;;2,343;6;2,158;2,237;;6;5,796;9,288;26;2;10;01:11;;;16;4;2,343;1.2;3.43;1;10.82;;01:26;12.02;11,170.45;2.4;31.27;6,970.88;9;;;;1;1;;11 minutes;1;1;01:11;01:49;100%;;19;19;9,288;;;;11,170;23;
Truck555;3000;1,166;34;2;21.66;939;163;20;42,009;13,192;718;248,306;526;6;31;8;718;0.01;5%;1.49;31%;685,593;;10;51;150,158;13;3,014;7,135;69%;13;9,070;21,040;29;11;21;04:40;5;5;27;15;5,209;0.14;3.29;1;11.7;0.37;02:11;9.77;12,736.95;3.02;17.44;4,613.04;630;12;27;38;66;132;30;12 hours;54;24;01:58:03;40:20;45%;4;872;32;685,593;;2;27;12,737;16;
TzTM;3974;1,149;36;3;15.71;844;134;12;43,803;10,106;611;204,498;492;9;19;8;611;0.01;6%;1.18;23%;611,962;;3;480;118,912;11;2,345;5,541;43%;11;6,743;14,187;31;11;19;04:43;3;19;20;10;3,716;0.1;2.13;7;9.73;0.16;02:01;6.72;8,367.51;1.83;11.54;2,796.14;712;10;30;48;72;150;12;15 hours;73;32;02:28:03;56:58;43%;4;903;31;611,962;11,574;5;37;8,368;12;
UncleFuncleJoey;4214;31;17;;14.62;38;7;;2,394;628;30;12,077;15;;;;30;0.01;4%;1.4;26%;15,938;;;22;3,507;9;1,711;2,937;27%;9;5,788;6,992;19;3;8;01:24;;14;13;5;1,840;0.47;1.93;10;12.73;;01:07;7.07;7,520.24;3.3;17.92;5,698.3;27;;0;2;1;4;;30 minutes;2;1;02:22;02:19;47%;4;24;15;15,938;;0;1;7,520;11;
Vault DwelIer;2895;23;11;;18.67;21;5;;954;305;23;6,851;14;;;2;23;0.02;7%;1.4;31%;14,057;;;;3,177;7;1,450;2,753;50%;7;2,964;5,028;9;2;6;01:26;;;10;7;1,199;1.62;2.96;1;12.18;0.81;03:02;11.36;11,415.8;4.06;17.05;5,563.98;15;;2;;1;2;;17 minutes;1;1;03:44;00:40;44%;;20;8;14,057;;0;1;11,416;16;
Verity;3388;19;17;;13.69;49;13;;1,851;427;24;8,850;15;;;;24;0.01;5%;4.45;23%;17,620;;;10;4,251;10;1,829;3,055;23%;10;7,493;14,920;46;12;15;01:02;;7;18;5;3,691;0.72;2.97;7;7.92;0.72;00:50;10.8;12,696.7;9.36;35.3;6,376.96;11;;2;;1;3;;23 minutes;1;1;01:09;00:07;72%;;32;30;17,620;2,701;;0;12,697;23;
Vexualy;4027;117;23;;18.22;119;19;;5,213;1,511;98;29,549;39;;2;;98;0.01;6%;2.53;28%;83,763;;;14;16,194;8;1,658;4,066;34%;8;4,871;15,964;27;4;8;01:21;;4;27;10;3,257;0.15;3.17;2;7.32;0.15;01:14;6.07;13,046.69;2.95;18.53;4,602.55;47;;3;5;6;13;2;1 hour;6;5;07:55;02:58;74%;;106;24;83,763;13,247;;2;13,047;17;
vKure;4326;400;30;;21.21;317;84;11;18,159;4,979;256;95,910;139;;7;6;256;0.01;5%;1.38;27%;223,153;;2;69;51,556;12;3,061;5,902;61%;12;7,880;20,118;31;13;20;03:35;3;12;26;10;5,862;0.31;3.1;4;12.14;0.58;01:37;7.37;11,835.17;4.45;16.81;5,086.7;229;6;13;18;20;50;5;4 hours;19;8;30:45;12:25;39%;;249;25;223,153;19,222;1;11;11,835;13;
VW GTI G0DSP33D;3574;38;11;;7.01;29;2;;3,913;642;34;12,044;14;;;;34;0.01;5%;0.57;16%;32,923;;;6;5,827;5;1,130;3,372;21%;5;2,300;6,396;10;;6;02:00;;3;10;5;1,029;;1.77;1;9.22;;00:49;2.58;6,075.58;0.36;5.35;2,222.66;50;;4;4;3;11;;54 minutes;5;2;04:25;00:01;36%;;20;6;32,923;;1;3;6,076;4;
Wavy as;3000;7,494;52;2;20.85;6,037;985;90;359,594;109,429;5,549;1,928,792;3,349;23;78;30;5,549;0.01;5%;2.09;30%;4,560,064;1;79;610;901,029;19;4,567;10,918;50%;19;13,021;25,655;55;12;44;07:59;3;14;44;25;5,877;0.08;3.16;2;8.03;0.25;01:59;9.32;12,693.17;2.74;16.8;5,368.89;2,885;74;163;191;511;865;259;79 hours;359;197;11:53:21;07:08:24;54%;4;6,405;50;4,560,064;;14;148;12,693;18;
Weed iHunt;0;306;27;;17.81;356;58;2;14,615;3,838;264;78,826;196;3;4;3;264;0.01;6%;2.19;26%;186,381;;4;69;35,963;13;1,898;4,743;40%;13;7,049;14,982;31;6;20;02:11;;10;26;11;3,052;0.17;2.62;4;9.43;0.11;01:53;11.41;10,850.47;3.37;20.72;4,588.98;162;4;9;6;29;44;5;3 hours;17;11;32:26;17:06;61%;3;272;23;186,381;;2;4;10,850;16;
WELSHMANIA;4025;112;19;2;19.27;118;25;;6,239;1,929;160;36,993;36;;2;2;160;0.03;8%;1.81;30%;60,219;1;6;32;14,022;11;2,348;3,624;35%;11;6,167;8,481;20;6;9;01:46;;9;36;12;2,459;0.34;2.82;6;11.18;0.17;01:17;6.19;10,362.67;4.3;20.3;6,365.94;65;;5;8;5;18;2;1 hour;6;3;07:33;11:21;52%;;100;16;60,219;1,478;1;2;10,363;17;
Westside Ryderz;3000;9,168;50;3;20.63;7,153;1,095;114;383,005;95,922;6,378;1,874,470;4,059;59;222;67;6,378;0.01;6%;1.94;25%;5,018,625;;36;2,163;939,207;18;3,396;8,043;46%;18;10,597;24,977;43;12;32;06:44;4;18;40;16;5,201;0.15;2.71;5;8.25;0.25;02:16;9.13;11,295.01;2.46;16.09;4,218.71;3,670;24;155;184;709;1,049;295;95 hours;444;301;16:47:50;07:19:31;67%;4;7,956;44;5,018,625;;12;131;11,295;18;
Who ever gamer;2395;3;3;;7.15;7;;;377;153;7;2,600;3;;;;7;0.02;4%;1.16;40%;3,130;;;;849;3;914;839;40%;3;2,600;3,130;7;;3;00:13;;;7;3;849;2.38;2.83;;14.31;2.38;00:31;7.15;7,467.68;2.38;16.7;6,203.37;6;;0;0;1;2;;4 minutes;0;;00:13;;;;3;3;3,130;;;0;7,468;7;
Whos Riven;3371;149;28;;15.34;150;25;;6,732;2,061;98;39,090;81;;3;;98;0.01;4%;2.02;30%;95,590;;;11;21,811;15;3,415;6,863;50%;15;7,203;18,555;27;5;17;03:03;;6;27;16;3,808;;3.46;1;7.61;0.1;01:24;8.33;9,841.85;2.57;15.44;4,024.68;74;2;5;7;19;30;8;1 hour;10;6;13:37;07:32;66%;3;142;33;95,590;;1;3;9,842;15;
WSXRQ;3188;5,273;44;2;16.21;5,842;880;85;296,893;77,394;5,626;1,485,739;3,069;23;112;65;5,626;0.02;7%;2.51;26%;3,137,316;;39;1,005;598,294;17;4,101;7,427;58%;17;10,703;20,310;47;12;37;05:53;3;17;55;18;4,475;0.19;2.53;3;7.12;0.26;02:05;9.43;9,645.23;2.7;17.96;4,567.69;2,319;33;108;175;514;797;158;65 hours;325;240;11:19:16;04:44:25;73%;3;4,850;37;3,137,316;;5;80;9,645;15;
Wxnderful;0;9;4;;9.11;21;8;;915;317;15;6,197;13;;;;15;0.01;4%;2.1;34%;8,792;;;10;1,902;6;1,997;2,752;34%;6;2,450;3,217;10;4;5;00:24;;3;5;4;923;;2.5;10;10.12;1.01;01:29;13.16;8,905.81;8.1;21.27;6,276.76;10;;1;1;2;3;;12 minutes;1;1;01:28;01:39;69%;;11;4;8,792;;;0;8,906;11;
x man legending;0;3,935;56;3;20.08;3,178;578;82;184,644;30,525;2,156;708,290;1,732;10;101;51;2,156;0.01;7%;2.18;16%;2,548,281;;72;755;477,557;19;3,564;9,502;30%;19;10,418;34,159;47;13;32;07:23;5;16;32;16;7,784;0.26;2.81;4;7.41;0.41;02:20;8.84;13,006.79;2.95;16.22;3,615.21;1,452;43;58;76;284;418;118;47 hours;196;123;07:38:03;12:46:08;62%;3;2,232;36;2,548,281;;;73;13,007;11;
Xandoid;3131;401;37;3;19.27;424;89;10;23,356;7,012;382;125,670;202;2;5;16;382;0.02;5%;2.78;30%;234,467;;11;5;47,798;14;2,773;5,982;44%;14;8,431;17,138;30;8;21;02:24;3;;28;16;3,416;0.76;2.91;0;7.3;0.48;01:31;9.7;11,270.02;4.27;20.38;6,040.53;152;2;17;20;21;58;3;4 hours;21;9;31:46;17:38;42%;3;263;21;234,467;14,741;1;11;11,270;13;
xBambiraptorx;2733;61;28;;13.81;49;7;;2,756;872;35;15,751;25;;;;35;0.01;4%;1.68;31%;43,783;;;2;8,117;7;1,381;4,051;34%;7;7,369;17,113;26;3;19;03:12;;;12;5;3,664;0.22;3.07;0;6.56;;01:49;5.65;9,912.46;1.58;11.09;3,565.96;29;;1;1;6;9;3;43 minutes;4;1;08:04;02:59;22%;;52;24;43,783;;1;2;9,912;12;
xFERAL WOMBATx;2647;13;13;;25.89;11;2;;503;185;14;3,195;6;;;;14;0.02;7%;1.37;36%;6,100;;;;1,250;6;990;1,450;;6;3,195;6,100;11;2;6;00:55;;;14;4;1,250;;2.54;;15.93;;01:50;11.95;12,153.13;3.98;21.91;6,364.64;8;;1;1;;2;;8 minutes;1;;00:55;03:01;;;9;9;6,100;;1;0;12,153;18;
xHAZ4RDZx;3383;9,042;46;3;20.9;7,381;1,695;231;259,454;83,278;5,461;1,769,013;4,461;31;428;72;5,461;0.01;6%;1.64;32%;5,539,714;;69;991;987,445;18;3,786;9,471;72%;18;10,458;25,838;40;13;29;04:47;5;19;51;16;5,741;0.16;2.66;2;10.39;0.53;02:06;10.31;12,810.62;3.91;17.06;4,090.85;4,495;58;136;182;606;923;305;102 hours;432;214;15:09:12;07:13:13;49%;4;7,583;40;5,539,714;5,369;21;198;12,811;18;
Xion;0;83;21;;15.6;131;22;5;5,210;1,482;103;28,004;78;;3;;103;0.05;6%;1.92;28%;69,060;;2;5;16,304;9;1,571;4,728;46%;9;6,375;13,810;34;6;19;03:15;3;2;21;16;3,711;;9.19;1;12.78;0.94;02:20;14.66;12,987.71;4.13;24.63;5,266.48;68;2;3;2;4;9;4;29 minutes;5;3;12:24;20:01;50%;;49;10;69,060;;;3;12,988;9;
xPMoney7;2746;71;18;;15.7;71;12;;4,180;1,210;84;21,297;49;;;;84;0.02;6%;1.57;28%;44,475;;;12;11,103;7;2,667;5,453;50%;7;4,784;9,722;15;3;11;01:11;;3;15;7;2,580;0.22;3.05;3;9.95;0.22;01:43;10.83;9,838.55;2.65;15.7;4,711.28;45;4;6;2;4;13;2;1 hour;5;3;07:46;03:05;67%;;55;14;44,475;;0;1;9,839;12;
Xvanthious;2465;477;32;4;15.94;532;122;29;27,043;6,018;466;130,546;300;2;20;17;466;0.01;7%;1.58;22%;328,069;;17;21;78,946;14;2,029;8,191;35%;14;6,956;23,015;32;8;28;03:32;3;4;33;12;4,718;0.56;3.35;1;11.19;0.96;02:17;10.02;10,966.48;4.07;17.78;4,363.81;335;2;17;19;35;71;18;6 hours;30;17;01:08:25;22:18;56%;3;428;31;328,069;;2;12;10,966;14;
xXDrosxo13Xx;3042;721;41;3;19.29;559;65;4;35,360;8,629;423;154,664;306;;7;7;423;0.01;4%;1.75;24%;418,723;;3;146;77,152;10;1,877;4,798;36%;10;7,228;24,470;29;6;19;04:24;;9;33;9;5,171;0.18;2.5;4;8.53;0.1;02:00;8.18;11,204.51;1.73;14.95;4,138.61;319;6;11;21;42;74;21;8 hours;37;22;01:15:15;12:59;59%;3;690;38;418,723;17,984;1;15;11,205;18;
XxScourgexX1;2567;2;2;;4.21;3;;;232;104;;1,789;;;;;;;;0.75;44%;3,466;;;;938;2;951;1,630;;2;951;2,644;2;;;00:07;;;;;875;;3.47;;8.42;;00:16;;7,299.34;2.1;6.31;3,768.14;4;;0;;0;1;;4 minutes;0;0;00:07;;13%;;2;2;3,466;;;0;7,299;4;
XxThaigaxX;2414;37;12;;14.46;34;6;;2,595;743;47;12,705;18;;;;47;0.02;6%;1.61;28%;24,254;;;;6,431;5;1,714;2,741;39%;5;3,777;6,750;12;4;7;01:20;;;19;6;1,893;;3.88;;8.2;;01:27;7.03;9,480.78;2.34;13.29;4,966.48;21;;3;2;3;9;;27 minutes;3;1;03:43;00:29;44%;;21;7;24,254;;;1;9,481;8;
Yavilad;3203;81;17;2;18.5;81;;;5,796;1,735;137;29,788;48;;;;137;0.03;7%;1.47;29%;68,129;;;;14,161;12;2,978;9,332;42%;12;9,673;15,703;25;;14;02:47;;;55;11;3,617;;3.27;;12.56;;02:24;10.96;15,560.52;;18.5;6,803.48;55;;;4;6;12;;1 hour;4;1;10:33;03:47;15%;;63;19;68,129;15,703;1;3;15,561;14;
yayletsplay;2772;74;17;;12.89;81;9;;5,465;1,087;64;20,260;43;;2;;64;0.02;5%;1.97;19%;49,491;;;11;8,871;7;1,843;5,468;25%;7;4,279;11,724;17;2;9;02:04;;3;15;9;1,824;;2.79;2;7.14;;01:05;7.49;8,621.83;1.56;14.11;3,529.5;41;2;2;3;6;10;4;52 minutes;6;5;06:13;02:05;81%;;84;17;49,491;;;1;8,622;15;
Yes I am jacked;3000;21;21;;20.99;21;;;1,346;252;15;6,095;12;;;;15;0.01;5%;1.23;18%;12,853;;;;2,784;7;684;1,671;18%;7;6,095;12,853;21;;12;01:49;;;15;3;2,784;;2.53;;16.99;;01:49;11.99;12,852.97;0.99;20.99;6,095.09;17;;;2;1;3;;18 minutes;1;;01:49;00:16;;;22;22;12,853;;;1;12,853;22;
yoyohurricanes;4167;77;21;;19.16;57;6;;3,886;1,183;66;20,186;25;;;;66;0.01;5%;1.5;30%;42,760;;;32;7,371;8;1,698;4,085;42%;8;4,478;10,217;15;2;7;02:27;;10;17;9;1,578;0.24;2;8;9.45;0.24;01:59;6.22;10,641.33;1.49;14.18;5,023.56;38;;4;2;2;8;;1 hour;4;1;08:02;01:02;26%;3;44;12;42,760;3,451;1;2;10,641;11;
yoyomo5727;2483;25;17;2;12.01;40;7;;1,222;338;23;6,945;24;;;2;23;0.01;6%;1.53;27%;27,757;;;2;6,294;6;1,013;4,406;30%;6;4,879;17,622;20;5;13;03:07;;2;20;8;4,715;0.96;3.37;1;12.49;0.48;02:24;11.53;13,344.3;3.36;19.23;3,339.03;26;;0;2;3;5;;31 minutes;2;2;05:00;00:28;73%;;42;25;27,757;;;1;13,344;20;
ySaiL;0;70;18;;14.09;84;16;;3,964;1,286;86;22,509;37;;;;86;0.02;6%;2.62;32%;55,407;;;5;11,279;13;3,202;5,834;40%;13;4,822;13,629;22;6;10;02:12;;3;21;21;2,688;0.2;3.36;1;6.44;;01:35;7.44;11,153.56;3.22;16.9;4,531.19;32;;2;5;5;12;3;55 minutes;5;5;07:52;00:04;100%;;56;16;55,407;;;;11,154;11;
ZanderzHD;0;712;32;;14.86;810;123;12;43,998;10,645;786;193,833;480;3;28;3;786;0.02;7%;2.54;24%;557,697;;4;54;99,787;12;2,782;5,276;45%;12;10,916;23,480;35;7;23;03:25;3;6;33;14;4,933;0.06;2.84;1;6.64;0.25;01:37;10.02;11,645.86;2.56;16.91;4,047.64;318;19;14;19;92;124;41;9 hours;48;43;01:17:47;31:26;90%;3;900;32;557,697;4,250;0;4;11,646;19;
Zigo;0;3;3;;7.36;;;;228;107;5;1,500;;;;;5;0.02;4%;;46%;2,568;;;;816;;1,072;1,996;;;1,500;2,568;;;;;;;5;3;816;;4.23;;2.45;;;;6,301.94;;;3,681.17;;;;0;1;1;;3 minutes;0;;;;;;;;2,568;;;0;6,302;
zRiiCHiiEz;2365;240;38;;15.91;239;47;4;11,737;3,482;220;65,337;126;;6;;220;0.01;6%;1.46;29%;154,013;;2;15;34,414;11;2,428;5,525;45%;11;7,819;17,119;24;5;17;04:15;2;3;35;12;4,058;0.06;3.12;1;10.8;0.26;01:35;8.35;10,213.75;3.11;15.84;4,332.96;163;5;5;8;23;35;9;3 hours;15;5;23:57;18:13;34%;;205;29;154,013;6,243;1;9;10,214;14;
