Username;SR;Enemies Frozen;Enemies Frozen - Most in Game;Blizzard Kills - Most in Game;Blizzard Kills;Damage Blocked - Most in Game;Damage Blocked;Melee Final Blows - Most in Game;Enemies Frozen - Average;Damage Blocked - Average;Blizzard Kills - Average;Eliminations;Final Blows;Solo Kills;Shots Fired;Shots Hit;Critical Hits;Damage Done;Objective Kills;Multikills;Environmental Kills;Melee Final Blows;Critical Hits;Critical Hits per Minute;Critical Hit Accuracy;Eliminations per Life;Weapon Accuracy;Healing Done;Teleporter Pads Destroyed;Turrets Destroyed;Self Healing;Eliminations - Most in Life;Damage Done - Most in Life;Healing Done - Most in Life;Weapon Accuracy - Best in Game;Kill Streak - Best;Damage Done - Most in Game;Healing Done - Most in Game;Eliminations - Most in Game;Final Blows - Most in Game;Objective Kills - Most in Game;Objective Time - Most in Game;Solo Kills - Most in Game;Critical Hits - Most in Game;Critical Hits - Most in Life;Self Healing - Most in Game;Melee Final Blows - Average;Self Healing - Average;Deaths - Average;Solo Kills - Average;Objective Time - Average;Objective Kills - Average;Healing Done - Average;Final Blows - Average;Eliminations - Average;Damage Done - Average;Deaths;Environmental Deaths;Medals - Bronze;Medals - Silver;Medals - Gold;Medals;Cards;Time Played;Games Played;Games Won;Objective Time;Time Spent on Fire;Win Percentage;Multikill - Best;Games Tied;Games Lost;
A Camping Cat;0;554;17;12;323;11,226;336,481;2;14.29;8,682;8.33;1,136;461;78;10,374;4,236;467;413,879;449;15;;12;467;0.01;11%;2.86;40%;53,168;;2;53,168;15;4,370;775;58%;15;10,991;1,187;28;12;16;01:47;3;16;8;1,187;0.3;1.57;10.21;2.01;01:28;11.58;1,371.82;11.89;29.31;10,678.69;396;8;48;38;27;113;3;9 hours;39;21;57:03;01:15:48;53%;5;4;14;
A Chill Lamp;4319;7;7;3;3;2,165;2,165;;17.34;5,366;7.43;10;3;;77;27;7;3,993;6;;;;7;0.02;25%;3.33;35%;540;;;540;6;1,650;249;35%;6;3,993;540;10;3;6;00:26;;7;3;540;;1.82;7.43;;01:06;14.86;1,337.7;7.43;24.78;9,894.33;3;;1;0;;2;;4 minutes;0;0;00:26;;100%;
A Large Circle;2455;13;13;2;2;1,195;1,195;;59.59;5,480;9.16;5;2;;27;19;3;3,026;2;;;;3;0.01;15%;1.66;70%;442;;;442;3;1,367;279;;3;3,026;442;5;2;2;00:26;;3;2;442;;2.02;13.75;4.58;02:03;9.16;2,027.65;9.16;22.91;13,871.35;3;;0;;0;0;;3 minutes;0;;00:26;01:00;;;;0;
A1 Shank Sauce;2843;31;24;12;14;4,746;10,718;;12.85;4,445;5.8;38;10;;488;125;12;14,349;24;;;;12;0;9%;2.37;25%;2,161;;4;2,161;12;2,988;351;9%;12;8,304;686;28;7;19;03:09;;4;3;686;;1.27;6.63;;01:45;9.95;896.34;4.14;15.76;5,951.5;16;;2;1;1;5;;28 minutes;2;0;04:15;03:58;9%;3;;2;
Abdul Ahkbar;0;2,637;35;18;1,038;24,802;1,530,567;;16.42;9,531;6.46;3,937;1,000;165;28,925;9,119;1,010;1,184,745;1,780;68;;;1,010;0;11%;2.43;31%;199,601;;18;199,601;24;4,676;820;100%;24;11,902;2,683;59;15;34;05:50;5;13;10;2,683;0;1.55;10.07;1.02;01:55;11.08;1,242.88;6.22;24.51;7,377.21;1,618;19;188;157;130;475;25;35 hours;161;83;05:08:46;03:44:44;51%;6;9;69;
Abundant Elk;2924;7;7;3;3;596;596;;16.19;1,379;6.94;8;3;;97;41;;4,025;;;;;;0;2%;1.33;42%;799;;;799;4;1,836;300;42%;4;4,025;799;8;3;;00:42;;;;799;;1.99;13.88;2.31;01:38;2.31;1,849.54;6.94;18.5;9,311.68;6;;;0;0;1;;6 minutes;0;0;00:42;;97%;;;0;
AceSilver143;0;2;2;2;2;962;962;;5.52;2,657;5.52;3;;;48;21;;1,877;;;;;;;;;43%;515;;;515;2;1,058;364;;2;1,877;515;3;;;00:26;;;;515;;1.9;8.29;;01:12;;1,423.15;;8.29;5,186.67;3;;;;;;;4 minutes;0;0;00:26;;100%;
ADERALDO25;3694;255;25;14;122;7,411;64,809;2;11.71;2,978;5.6;439;143;15;4,164;1,539;111;167,129;220;7;;6;111;0;7%;2.37;36%;19,903;;5;19,903;14;3,889;431;51%;14;13,300;2,166;42;21;27;02:23;4;13;4;2,166;0.27;1.28;8.5;0.68;01:30;10.1;914.55;6.57;20.17;7,679.71;185;3;27;19;20;65;4;4 hours;22;11;32:44;13:39;49%;4;2;9;
Alcy;3952;;;;;1,316;1,316;;;7,831;;;;;34;16;;1,389;;;;;;0;6%;0.33;47%;180;;;180;;870;108;;1;1,389;180;;;;00:00;;;;180;;1.25;17.85;;00:02;;1,068.96;5.95;5.95;8,266.49;3;;;0;0;0;;2 minutes;0;0;00:00;00:10;100%;
alphurr;0;8;7;3;3;1,296;1,669;;9.92;2,071;3.72;12;;;109;39;3;4,470;7;;;;3;0;7%;1.33;35%;913;;;913;6;1,513;251;78%;6;2,369;708;11;;6;01:53;;2;2;708;;1.57;11.16;;02:38;8.68;1,132.54;1.24;14.89;5,546.49;9;;0;0;1;2;;9 minutes;1;;02:08;;;4;;1;
AlwazeUlty;2676;6;5;;;751;962;;14.7;2,358;2.45;3;;;36;16;;2,163;;;;;;0;6%;0.42;44%;;;;;;807;;40%;1;1,918;;2;;;00:16;;;;;;;17.15;2.45;00:41;2.45;;2.45;7.35;5,301.95;7;;0;0;0;0;;5 minutes;0;;00:16;;;;;0;
angelsfursho;2883;70;20;13;37;10,331;29,193;;15.66;6,532;8.27;115;31;10;431;209;31;27,161;63;4;;;31;0.01;14%;5.22;48%;5,693;;;5,693;15;4,771;621;41%;15;8,747;1,395;25;7;15;01:14;3;14;8;1,395;0.22;2.3;4.92;2.23;01:03;14.09;1,273.66;6.93;25.73;6,076.99;22;;2;8;9;19;4;41 minutes;4;3;04:45;13:46;68%;3;1;1;
Apacalypto;1998;7;7;;;4,107;4,107;;17.82;10,455;2.54;6;2;;12;6;;1,418;5;;;;;;;1.2;50%;321;;;321;3;535;321;50%;3;1,418;321;6;2;5;00:31;;;;321;;1.03;12.72;;01:19;12.72;816.19;5.09;15.27;3,610.21;5;;0;1;;1;;5 minutes;0;;00:31;;;;;0;
aR CoSMo;0;594;34;13;200;8,418;251,524;2;15.13;6,410;5.09;982;373;80;8,019;2,398;345;280,620;432;6;;6;345;0.01;14%;2.74;29%;39,147;;5;39,147;15;3,395;527;60%;15;12,234;1,167;51;28;28;02:45;8;25;8;1,167;0.15;1.33;9.12;2.03;01:16;11;997.6;9.5;25.02;7,151.14;358;5;50;46;32;127;10;8 hours;39;21;50:05;01:02:46;54%;4;3;15;
Asco HD;2602;520;24;15;248;9,291;146,156;2;12.83;3,609;6.12;862;310;75;7,964;3,210;224;307,284;385;11;;11;224;0;6%;4.65;40%;47,045;;17;47,045;17;7,410;1,230;100%;17;14,982;2,021;39;18;24;01:44;6;12;7;2,021;0.27;1.49;4.56;1.85;00:46;9.5;1,161.65;7.65;21.28;7,587.54;185;;43;19;15;78;11;8 hours;40;19;31:41;27:35;46%;4;1;21;
Aspire Leo;3920;324;22;12;141;7,425;138,255;2;14.58;6,223;6.34;507;167;25;3,640;1,471;164;166,460;293;8;;6;164;0;11%;2.42;40%;29,253;;10;29,253;16;3,588;811;68%;16;8,848;1,609;32;13;22;03:20;3;14;6;1,609;0.27;1.66;9.4;1.12;01:54;13.18;1,316.65;7.51;22.82;7,492.32;209;3;27;28;21;76;8;4 hours;22;10;42:22;41:05;43%;4;3;10;
AvaldezC;0;123;19;9;78;10,474;84,028;3;11.13;7,608;7.06;290;130;38;3,620;1,119;167;111,408;112;4;;9;167;0.01;14%;2.45;30%;10,725;;;10,725;11;4,526;324;50%;11;14,268;1,419;35;23;13;01:36;7;31;7;1,419;0.81;1.1;10.68;3.44;01:17;10.14;971.11;11.77;26.25;10,087.45;118;2;13;10;6;29;;2 hours;11;6;14:21;16:05;49%;3;;6;
AWALP5;2257;12;6;4;4;2,643;3,319;;10.98;3,039;3.66;22;11;3;179;45;5;5,564;7;;;;5;0;11%;1.46;25%;1,455;;;1,455;6;1,729;410;;6;4,081;819;11;5;5;01:00;2;4;2;819;;1.52;13.73;2.74;01:18;6.4;1,331.97;10.07;20.14;5,094.72;15;;2;1;0;3;;15 minutes;1;1;01:25;01:43;96%;3;;0;
Axemen;0;963;22;14;732;21,084;805,678;;9.37;7,844;7.12;2,361;903;138;33,445;12,012;1,017;1,082,825;1,276;34;;;1,017;0.01;8%;2.24;35%;158,438;;13;158,438;18;7,572;808;83%;18;21,383;2,796;40;18;26;05:37;5;21;11;2,796;0;1.9;10.25;1.34;02:18;12.42;1,542.49;8.79;22.98;10,541.98;1,053;23;120;102;126;347;21;23 hours;103;58;03:57:21;02:27:09;56%;4;6;39;
B0LTi;3505;6;6;2;2;2,496;2,496;;20.7;8,612;6.9;7;2;;72;15;2;2,155;2;;;;2;0;13%;1.75;20%;928;;;928;3;618;285;;3;2,155;928;7;2;2;00:20;;2;;928;;2.92;13.8;;01:12;6.9;3,200.46;6.9;24.15;7,435.26;4;;;;;;;5 minutes;0;0;00:20;;100%;
BallerGotSkillZ;3073;18;8;5;9;4,808;9,604;;9.2;4,914;4.6;35;16;6;325;145;12;14,936;16;;;;12;0;8%;2.5;44%;1,660;;;1,660;8;2,264;236;66%;8;7,344;622;15;6;11;01:08;2;8;5;622;;1.36;7.16;3.06;01:11;8.18;849.23;8.18;17.9;7,641.64;14;;3;2;1;6;;20 minutes;2;1;02:19;00:41;57%;3;;1;
Bandora22;0;13;10;6;6;2,000;4,092;;19.1;6,012;8.81;30;13;5;167;40;18;5,750;6;;;;18;0.02;45%;2;23%;1,885;;;1,885;5;865;392;26%;5;4,663;1,231;26;11;6;00:56;5;16;4;1,231;;2.34;22.03;7.34;02:12;8.81;2,770.06;19.1;44.07;8,448.23;15;;1;1;0;2;;13 minutes;1;1;01:30;;95%;;;0;
BasedGod Zarya;4434;58;46;10;13;11,172;13,613;;26.97;6,332;6.04;56;30;5;503;192;26;22,666;14;;;2;26;0.01;13%;5.09;38%;2,675;;;2,675;9;4,859;556;44%;9;16,941;1,920;39;23;8;01:38;3;23;7;1,920;0.93;1.98;5.11;2.32;01:02;6.51;1,244.12;13.95;26.04;10,543.16;11;;2;2;2;6;;22 minutes;2;2;02:13;11:32;93%;;;0;
bear0488;3309;2;2;;;625;625;;10.39;3,247;5.19;2;;;9;5;;600;;;;;;;;;55%;236;;;236;;491;236;;1;600;236;2;;;;;;;236;;2.17;10.39;;;;1,223.56;5.19;10.39;3,116.46;2;;0;;0;1;;1 minute;0;;;;;;;0;
BeeVA;2649;9;9;3;3;1,380;1,380;;18.95;2,906;6.31;15;6;2;48;18;3;2,526;4;;;;3;0.01;16%;;37%;235;;;235;15;2,526;235;37%;15;2,526;235;15;6;4;00:17;2;3;3;235;;0.98;;4.21;00:36;8.42;495.36;12.63;31.58;5,319.25;;;0;0;1;2;;3 minutes;0;0;00:17;00:05;100%;
BET0 SLV;3000;;;2;2;2,000;2,375;;2.58;6,146;5.17;6;2;;58;16;;1,424;5;;;;;;;2;27%;575;;;575;5;615;450;28%;5;849;450;5;;5;00:39;;;;450;;2.2;7.76;2.58;01:41;12.93;1,488.86;5.17;15.52;3,684.6;3;;0;0;0;1;;4 minutes;0;0;00:39;;100%;
Beyond Volscian;3000;5;5;2;2;1,012;1,012;;12.66;2,564;5.06;8;3;;149;74;8;6,620;5;;;;8;0.01;10%;2.66;49%;98;;;98;6;4,096;89;49%;6;6,620;98;8;3;5;00:24;;8;4;98;;0.24;7.59;;01:02;12.66;249;7.59;20.26;16,770.97;3;;;0;1;2;;6 minutes;0;;00:24;;;;;0;
BLAD3WIING13;3106;25;15;4;6;4,087;7,485;;10.45;3,130;2.5;23;10;4;86;45;9;7,064;5;;;;9;0;20%;1.04;52%;1,877;;2;1,877;4;1,128;428;60%;4;3,907;754;18;8;5;00:34;4;6;3;754;;1.64;9.2;1.67;00:24;2.09;785;4.18;9.61;2,954.26;22;;1;1;1;3;;18 minutes;2;1;00:58;;41%;;;1;
bossy ross;0;21;12;6;12;5,892;13,960;;11.8;7,846;6.74;43;14;2;305;131;10;13,451;10;;;;10;0;7%;4.3;42%;2,071;;;2,071;9;2,931;530;56%;9;6,322;1,145;19;6;6;00:20;;7;6;1,145;;1.67;5.62;1.12;00:35;5.62;1,163.71;7.86;24.16;7,559.64;10;;3;3;0;6;;20 minutes;2;1;01:03;01:32;37%;3;0;1;
Brannan12;2382;3;3;;;2,420;2,420;;10.62;8,569;;;;;14;4;;1,145;;;;;;;;0.25;28%;139;;;139;;342;139;;1;1,145;139;;;;00:01;;;;139;;0.83;14.16;;00:05;;492.49;;3.54;4,054.1;4;;;;0;0;;2 minutes;0;;00:01;;;;;0;
bscotty919;2652;5;5;4;4;7,224;7,224;;10.29;14,870;8.23;7;3;;93;45;8;4,182;;;;;8;0.02;17%;3.5;48%;656;;;656;6;3,277;391;;6;4,182;656;7;3;;00:06;;8;6;656;;1.91;4.11;2.05;00:14;2.05;1,349.86;6.17;14.41;8,610;2;;0;1;1;2;;5 minutes;0;0;00:06;00:20;100%;
C1ZR;4124;157;20;9;70;9,947;58,518;;16.65;6,209;7.42;286;117;26;2,163;852;154;97,339;106;4;;;154;0.02;18%;4.4;39%;9,233;;;9,233;20;5,497;553;53%;20;13,793;1,355;37;20;20;02:17;7;20;11;1,355;;1.27;6.89;2.75;01:32;11.24;979.64;12.41;30.34;10,327.62;65;;14;7;11;32;3;2 hours;9;7;14:33;25:35;77%;3;0;2;
Cerubeus;0;1,858;27;16;1,005;16,962;760,036;2;15.24;6,238;8.24;3,437;1,408;274;38,014;11,977;1,919;1,276,211;1,413;56;;49;1,919;0.01;16%;3.25;31%;138,583;;14;138,583;22;7,358;723;62%;22;16,203;3,269;48;24;30;05:15;7;32;15;3,269;0.4;1.4;8.66;2.24;01:38;11.59;1,137.42;11.55;28.2;10,474.54;1,056;12;156;120;145;421;31;27 hours;122;77;03:20:42;03:46:49;63%;4;5;39;
ChaosMage251;3000;8;8;3;3;3,531;3,531;;11.82;5,219;4.43;8;;;61;10;;1,906;;;;;;0;10%;8;16%;164;;;164;5;1,463;164;;5;1,906;164;8;;;;;;;164;;0.65;1.47;1.47;;;242.85;1.47;11.82;2,816.53;;;2;;;2;;4 minutes;1;1;;;100%;
Chazsy;3860;24;5;;5;3,753;15,745;;8.7;5,712;1.81;44;8;5;632;193;17;20,121;13;;;;17;0;8%;1.33;30%;2,350;;;2,350;7;2,214;199;34%;7;3,780;454;8;3;4;00:29;;3;3;454;;1.19;11.97;1.81;00:45;4.71;852.66;2.9;15.96;7,299.53;33;;4;1;1;6;;32 minutes;3;1;02:06;;36%;;0;1;
Chopper Le Porc;0;374;29;11;96;12,399;169,452;4;16.01;7,257;4.11;535;238;78;2,688;1,265;173;156,129;229;5;;35;173;0.01;13%;2.93;47%;42,409;3;48;42,409;14;3,640;821;69%;14;11,471;3,619;37;18;20;04:38;8;14;6;3,619;1.49;2.45;7.79;3.34;01:42;9.8;1,816.23;10.19;22.91;6,686.54;182;2;24;25;27;76;11;4 hours;23;15;39:52;39:54;64%;4;;8;
Chris Zettek;4009;823;17;14;571;9,856;560,124;;12.92;8,796;8.96;1,689;572;85;20,445;8,059;830;752,598;828;34;;2;830;0.01;10%;2.83;39%;81,677;;;81,677;21;6,528;1,051;64%;21;11,942;1,399;29;12;17;02:06;3;22;10;1,399;0.03;1.56;9.34;1.33;01:38;13;1,282.6;8.98;26.52;11,818.35;595;4;60;65;87;212;14;14 hours;64;37;01:44:42;01:35:10;58%;5;5;21;
CHRISBREEZY0413;2912;118;11;8;47;6,568;29,859;;13.57;3,436;5.4;174;50;13;1,403;572;56;65,988;78;3;;;56;0;9%;1.89;40%;10,196;;;10,196;11;4,089;546;66%;11;9,177;1,090;20;7;9;01:11;2;9;5;1,090;0.11;1.51;10.58;1.49;01:18;8.97;1,173.24;5.75;20.02;7,592.84;92;3;11;7;8;27;;1 hour;9;5;11:24;06:35;57%;3;0;4;
Chrome2YahDome;0;143;27;9;45;7,767;56,303;;15.15;5,967;4.76;212;63;10;1,616;475;95;60,651;101;3;;;95;0.01;20%;2.12;29%;10,788;;;10,788;15;3,637;429;44%;15;8,907;2,077;43;10;23;03:19;3;16;9;2,077;0.1;1.36;10.59;1.05;01:35;10.7;1,143.36;6.67;22.46;6,428.18;100;3;12;9;5;27;;2 hours;9;4;14:56;08:29;40%;3;1;5;
Coluge;4248;10;7;;;2,011;3,516;;13.25;4,660;1.32;9;2;;136;53;6;6,362;6;;;;6;0.01;11%;1.12;38%;689;;;689;2;1,980;158;40%;2;3,725;259;4;;3;00:25;;5;3;259;;1.36;10.6;;01:20;7.95;912.75;2.65;11.92;8,432.82;8;;1;1;1;2;;8 minutes;1;0;01:00;;0%;;;1;
Coluge is back;4281;161;25;16;104;7,816;106,054;;10.71;7,058;6.92;399;153;19;3,976;1,671;194;158,980;124;6;;4;194;0.01;11%;4.86;42%;10,656;;;10,656;21;6,727;382;66%;21;15,661;1,212;38;11;12;01:31;3;19;10;1,212;0.26;1.03;5.45;1.26;00:42;8.25;709.17;10.18;26.55;10,580.71;82;2;15;18;21;55;4;2 hours;15;10;10:36;16:42;69%;4;0;4;
commander 8899;3234;31;18;8;12;2,500;7,812;;16.14;4,069;6.25;38;12;2;318;129;18;15,763;21;;;;18;0.01;13%;3.16;40%;3,822;;;3,822;8;2,719;674;50%;8;5,542;1,821;18;6;12;00:49;;7;4;1,821;;2.59;6.25;1.04;01:12;10.93;1,991.04;6.25;19.79;8,210.91;12;;4;4;0;8;;24 minutes;2;1;02:19;04:04;64%;3;0;0;
Conduit;0;125;16;14;66;5,655;41,186;;14.02;4,620;7.4;273;97;17;3,018;975;99;93,286;93;6;;;99;0.01;10%;3;32%;10,900;;6;10,896;20;3,960;566;43%;20;10,724;1,554;49;15;25;02:10;3;12;5;1,554;;1.36;10.2;1.9;00:56;10.43;1,222.66;10.88;30.62;10,463.89;91;3;9;9;5;22;2;2 hours;9;7;08:23;05:04;75%;4;0;2;
CookiesMilkYum;4213;405;16;9;212;8,172;243,799;2;11.4;6,865;5.96;850;349;70;8,638;3,357;404;333,555;435;14;;12;404;0.01;12%;2.83;38%;35,527;;3;35,527;20;6,475;668;63%;20;8,935;1,443;25;13;16;01:45;8;16;9;1,443;0.33;1.27;8.44;1.97;01:23;12.24;1,000.33;9.82;23.93;9,392;300;;35;38;43;115;6;7 hours;36;20;49:21;01:04:30;57%;4;3;12;
Corey Burlinson;0;81;15;8;38;6,637;33,050;;15.8;6,451;7.41;131;51;7;1,052;408;60;45,718;43;3;;;60;0.01;14%;2.84;38%;4,558;;;4,558;15;3,579;288;87%;15;7,901;956;18;7;8;01:27;2;15;9;956;;1.16;8.97;1.36;00:58;8.39;889.64;9.95;25.56;8,923.13;46;;7;5;4;16;;1 hour;5;3;04:58;07:56;61%;4;1;1;
Coscoro;2150;51;22;7;14;6,700;19,965;;13.05;5,113;3.58;44;9;4;574;110;5;17,866;31;;;;5;0;4%;0.78;19%;5,670;;12;5,670;9;1,810;460;35%;9;4,597;1,946;15;5;11;02:02;3;2;;1,946;;1.69;14.34;1.02;01:32;7.93;1,452.07;2.3;11.26;4,575.06;56;4;4;2;5;11;;55 minutes;4;1;06:00;01:32;16%;;1;3;
cougargoalie;0;10;10;4;4;2,400;2,400;;15.31;3,675;6.12;14;;;80;23;3;3,263;7;;;;3;0;13%;14;28%;600;;4;600;9;2,449;397;;9;3,263;600;14;;7;00:45;;3;2;600;;1.61;1.53;;01:08;10.72;918.16;1.53;21.44;4,997.75;;;;2;1;3;;6 minutes;1;1;00:45;01:12;100%;
Curaja;2147;21;9;2;6;2,624;4,855;;7.25;1,677;2.07;30;9;3;413;158;11;13,532;10;;;;11;0;6%;2;38%;3,191;;9;3,191;5;1,707;657;39%;5;4,605;1,045;11;5;4;00:53;2;4;3;1,045;;1.64;5.18;1.03;00:43;3.45;1,102.28;3.1;10.36;4,674.99;15;;2;1;1;4;;32 minutes;3;;02:06;00:40;;;;3;
Cyr;2998;6;4;;;2,265;2,715;;9.23;4,180;;9;;;86;22;4;2,657;5;;;;4;0.01;18%;4.5;25%;376;;;376;8;2,362;231;100%;8;2,362;231;8;;4;00:27;;4;4;231;;1.16;3.07;;00:52;7.69;579.11;1.53;13.85;4,090.58;2;;1;1;1;2;;5 minutes;1;1;00:34;;100%;
DamianXCadena;2375;32;10;5;14;5,814;18,627;;14.01;8,156;6.12;54;19;3;406;157;13;16,903;25;2;;;13;0;8%;2.7;38%;3,027;;;3,027;15;1,999;439;33%;15;5,670;964;21;8;14;00:59;3;7;4;964;0.43;1.48;8.75;1.31;01:26;10.94;1,325.14;8.31;23.64;7,400.72;20;;5;3;2;9;;33 minutes;2;0;03:18;01:09;14%;3;0;1;
DanGetzBucketz;3110;8;8;;;7,127;7,127;;17.7;15,775;;10;4;;65;24;;2,935;3;;;;;0;4%;2.5;36%;279;;;279;8;1,244;238;;8;2,935;279;10;4;3;01:01;;;;279;;0.66;8.85;;02:16;6.64;617.16;8.85;22.13;6,495.45;4;;0;1;;2;;6 minutes;0;0;01:01;;100%;
DankestFountain;2763;13;7;2;3;4,479;4,711;;9.75;3,537;2.25;20;7;;198;76;9;8,037;2;;;;9;0;11%;3.33;38%;1,461;;;1,461;7;1,927;460;44%;7;3,060;695;13;4;;00:10;;6;6;695;;1.43;4.5;0.75;00:14;1.5;1,096.77;5.25;15.01;6,032.69;6;;1;0;1;2;;16 minutes;1;1;00:19;;82%;;;0;
DeftOrthruss;3000;164;27;10;46;10,325;49,595;;22.49;6,803;6.31;187;57;14;437;216;41;45,221;88;3;;;41;0;18%;1.58;49%;8,285;;;8,285;14;2,302;405;75%;14;6,383;1,643;31;10;19;02:04;4;9;4;1,643;;1.2;16.18;1.92;01:24;12.07;1,136.55;7.81;25.65;6,203.25;118;;6;5;2;14;;1 hour;7;3;10:18;13:16;45%;3;;4;
Derogant;3725;13;6;3;4;4,356;6,576;;11.59;5,865;3.56;26;11;;225;85;11;7,432;9;;;;11;0.01;12%;3.71;37%;783;;;783;9;2,562;186;39%;9;2,848;415;10;4;3;00:24;;6;6;415;;1.08;6.24;;00:48;8.02;698.12;9.81;23.19;6,629.15;7;;1;1;1;2;;12 minutes;1;1;00:53;00:20;92%;;;0;
Dog Thanatos;0;123;16;5;46;5,903;44,196;;15.01;5,394;5.61;200;68;9;1,501;503;56;55,973;85;3;;3;56;0;11%;2.98;33%;9,187;;;9,187;15;2,971;402;50%;15;4,745;877;18;10;10;01:07;2;6;5;877;0.36;1.4;8.17;1.09;01:21;10.37;1,121.16;8.29;24.4;6,830.83;67;2;11;8;7;25;;1 hour;8;4;11:06;10:25;53%;3;0;3;
DogeGammit;3758;6;6;2;2;784;784;;21.36;2,791;7.12;6;2;;11;6;2;1,396;;;;;2;0.01;33%;3;54%;265;;;265;3;935;194;54%;3;1,396;265;6;2;;00:12;;2;2;265;;1.33;7.12;;00:44;3.56;942.09;7.12;21.36;4,971.76;2;;;;;;;3 minutes;0;;00:12;;;;;0;
DOMINICKYO;2337;12;11;5;5;1,342;2,169;;13.99;2,530;5.83;21;4;;110;16;;3,131;13;;;;;0;6%;4.2;14%;498;;;498;10;1,256;237;33%;10;2,755;348;21;4;13;00:20;;;;348;;0.89;5.83;1.16;00:47;15.16;581.24;4.66;24.49;3,651.42;5;;1;;0;1;;9 minutes;1;1;00:40;;92%;;;0;
Doub1eAgent0reo;4447;163;26;10;64;7,343;44,160;;19.11;5,178;7.5;223;76;20;2,139;810;121;90,603;83;2;;;121;0.01;14%;3.09;37%;10,609;;;10,609;17;5,837;846;66%;17;11,653;1,169;32;8;10;02:17;4;12;8;1,169;;1.57;8.44;2.34;01:06;9.73;1,244;8.91;26.14;10,624.22;72;;7;6;8;22;2;1 hour;9;6;09:28;16:17;72%;3;1;1;
DoubledLizard;2864;1,477;35;14;517;14,568;473,586;2;18.38;5,895;6.43;1,925;609;128;14,178;4,705;612;614,112;1,009;32;;22;612;0;13%;1.91;33%;124,378;;12;124,378;15;3,435;945;78%;15;14,249;3,031;49;16;28;04:39;5;15;9;3,031;0.27;1.86;12.52;1.59;02:12;12.55;1,548.2;7.58;23.96;7,644.21;1,006;22;94;67;66;228;13;18 hours;80;39;02:57:54;01:58:23;48%;4;1;40;
DrivebySamura1;4035;918;46;17;465;13,358;308,742;2;19.21;6,461;9.73;1,527;647;118;11,603;4,841;766;535,484;579;26;;19;766;0.02;15%;3.77;41%;55,554;;4;55,554;24;6,221;758;61%;24;23,156;2,609;66;36;23;02:49;10;38;13;2,609;0.39;1.51;8.47;2.46;01:29;12.11;1,162.61;13.54;31.95;11,206.49;405;10;54;56;61;171;17;10 hours;48;37;01:11:27;02:11:36;77%;4;2;9;
Dub6 Pingouino;3285;12;8;5;12;4,202;7,169;;4.52;2,703;4.52;44;19;5;677;237;18;19,696;16;;;;18;0.01;7%;3.14;35%;2,353;;;2,353;13;3,918;350;36%;13;9,475;1,559;22;9;7;01:16;2;11;5;1,559;;1.44;5.27;1.88;00:37;6.03;887.04;7.16;16.58;7,425.18;14;;2;;1;3;;27 minutes;3;1;01:40;00:05;29%;4;;2;
ECrow5;0;443;27;8;118;16,889;423,634;2;10.75;10,281;2.86;588;91;13;1,987;496;27;126,666;322;7;;8;27;0;5%;1.3;24%;51,953;;38;51,953;15;2,153;766;80%;15;5,242;2,429;29;8;20;06:12;3;4;3;2,429;0.19;1.64;10.89;0.31;02:11;7.81;1,260.85;2.2;14.27;3,074.1;449;7;27;29;29;86;4;8 hours;41;18;01:30:33;10:57;42%;3;;23;
Elsayer;0;854;25;9;304;8,285;234,361;2;16.62;4,561;5.91;1,075;439;131;7,256;2,582;430;325,273;527;13;;12;430;0.01;16%;2.41;35%;60,923;;6;60,923;18;4,436;986;66%;18;9,135;1,604;26;14;17;02:33;6;23;11;1,604;0.23;1.75;8.66;2.54;01:33;10.25;1,185.7;8.54;20.92;6,330.58;445;7;53;46;61;160;14;9 hours;51;25;01:20:17;01:55:39;49%;4;3;23;
Emit Pain;4149;10;8;3;3;5,649;10,547;2;6.56;6,926;1.97;24;13;3;198;74;13;7,499;5;;;2;13;0.01;17%;3;37%;1,223;;;1,223;8;2,108;359;40%;8;3,724;692;15;8;3;00:13;3;8;4;692;1.31;1.55;5.25;1.97;00:19;3.28;803.26;8.53;15.76;4,924.07;8;;4;2;1;7;;13 minutes;2;1;00:29;00:29;92%;3;;0;
escapeviapoetry;2935;34;10;9;15;3,410;11,841;;18.48;6,436;8.15;47;18;2;397;180;33;21,125;18;;;;33;0.02;18%;2.47;45%;1,596;;;1,596;9;2,125;338;47%;9;5,463;626;16;6;7;00:36;2;11;5;626;0.54;1.07;10.32;1.08;01:11;9.78;867.53;9.78;25.54;11,482.12;19;;2;2;1;5;;24 minutes;2;1;02:12;03:38;28%;3;0;1;
Everforeverr;0;14;8;3;4;8,271;15,941;;10.29;11,727;2.94;18;6;3;324;88;7;8,334;11;;;;7;0;7%;1.05;27%;1,954;;;1,954;5;1,106;332;31%;5;2,949;842;7;4;7;00:54;3;4;3;842;;1.61;12.5;2.2;01:34;8.09;1,437.05;4.41;13.24;6,130.42;17;;1;2;0;4;;20 minutes;1;1;02:08;00:49;39%;;0;1;
FANCYHOODLUM;3577;290;16;6;99;10,041;191,584;;11.75;7,768;4.01;459;131;27;4,282;1,321;215;159,379;226;4;;;215;0.01;16%;1.75;30%;23,949;;;23,949;18;4,172;699;57%;18;7,835;965;22;6;14;02:23;4;10;6;965;;1.25;10.62;1.09;01:44;9.16;971.08;5.31;18.61;6,462.46;262;5;22;19;14;55;;5 hours;25;12;42:51;17:58;49%;3;1;12;
Fat Hamm;2576;9;9;2;2;4,039;4,039;;18.06;8,106;4.01;14;7;;84;26;6;3,989;7;;;;6;0;23%;1.55;30%;571;;;571;3;777;211;;3;3,989;571;14;7;7;01:02;;6;3;571;;0.89;18.06;2;02:05;14.04;1,146.01;14.04;28.09;8,005.21;9;;0;;1;1;;10 minutes;0;;01:02;;;;;0;
FBorrego;0;11;10;4;4;5,153;5,153;;16.06;7,526;5.84;18;3;;36;11;;3,194;14;;;;;0;9%;4.5;30%;1,193;;;1,193;7;1,004;358;;7;3,096;1,092;18;3;14;01:10;;;;1,092;;2.22;5.84;;01:42;20.44;1,742.63;4.38;26.28;4,664.72;4;;0;1;1;2;;8 minutes;1;1;01:10;;94%;;;0;
Ferni;4447;311;16;13;227;10,178;184,506;2;12.73;7,555;9.29;720;285;57;6,596;2,525;297;253,761;255;16;;10;297;0.01;11%;3.76;38%;25,090;;3;25,090;17;5,457;788;54%;17;10,448;1,582;28;13;13;01:46;6;16;13;1,582;0.4;1.34;7.82;2.33;01:04;10.44;1,027.4;11.67;29.48;10,391.12;191;5;27;24;37;88;5;5 hours;24;17;26:18;59:34;68%;4;1;7;
Fi2;3929;2,460;36;17;1,129;23,795;1,209,877;3;13.83;6,803;6.34;4,340;1,392;225;35,774;12,500;1,673;1,424,335;2,152;66;;15;1,673;0.01;13%;2.38;34%;236,386;;19;236,384;22;6,235;962;80%;22;16,411;3,384;57;25;36;05:19;6;27;12;3,384;0.08;1.65;10.22;1.26;01:55;12.1;1,329.22;7.82;24.4;8,009.16;1,818;35;183;169;173;525;42;39 hours;178;95;05:41:44;03:39:54;53%;7;12;71;
Fonzie Monster0;2047;17;10;5;10;2,242;5,071;;13.53;4,039;7.96;25;6;2;171;75;6;9,498;13;2;;;6;0;8%;1.78;43%;1,453;;;1,453;7;1,751;325;;7;4,885;996;13;2;8;00:35;;3;2;996;;1.56;11.15;1.59;00:45;10.35;1,157.58;4.77;19.91;7,564.68;14;;3;1;1;4;;15 minutes;1;0;00:57;01:03;31%;4;;1;
fusion360elite;2922;5;5;;;1,468;2,335;;12.06;5,635;;5;;;19;10;2;2,149;;;;;2;0;20%;1.25;52%;412;;;412;4;1,051;300;;4;2,010;412;5;;;00:12;;2;2;412;;1.8;9.65;;00:28;;994.67;2.41;12.06;5,185.66;4;;0;0;1;1;;3 minutes;0;;00:12;;;;;0;
Garbudah;2349;2;2;2;2;833;833;;7.72;3,217;7.72;4;4;;39;21;6;2,316;;;;;6;0.03;28%;1.33;53%;116;;;116;2;1,425;116;53%;2;2,316;116;4;4;;00:16;;6;2;116;;0.66;11.58;;01:02;;447.91;15.44;15.44;8,946.23;3;;1;0;;1;;2 minutes;0;;00:16;;;;;0;
Genju Main;3649;365;32;23;172;14,194;179,989;;18.85;9,295;8.88;624;238;37;4,160;1,464;271;177,203;231;9;;2;271;0.01;18%;4.02;35%;22,935;;2;22,935;21;4,451;707;52%;21;11,726;1,517;54;18;19;01:44;5;23;9;1,517;0.1;1.5;8;1.91;01:13;11.92;1,184.46;12.29;32.22;9,151.47;155;;19;19;16;54;6;4 hours;19;13;23:52;52:59;65%;5;1;6;
glich30;2623;191;42;13;51;12,451;59,255;;23.89;7,413;6.37;200;79;21;1,198;511;117;70,492;99;;;;117;0.01;22%;1.88;42%;9,208;;2;9,208;21;3,727;536;75%;21;10,899;1,279;43;17;26;04:30;5;18;5;1,279;0.12;1.36;13.26;2.62;02:08;12.38;1,151.92;9.88;25.01;8,818.34;106;2;10;7;9;25;2;1 hour;8;4;17:10;19:45;49%;;1;3;
godstomper231;3360;307;24;9;142;10,882;132,954;2;17.74;7,686;8.2;420;138;29;2,792;1,081;168;144,122;152;8;;15;168;0.01;15%;1.86;38%;23,909;;;23,909;10;4,832;557;100%;10;8,971;1,424;20;10;11;01:47;5;15;5;1,424;0.86;1.64;13;1.67;01:17;8.78;1,382.06;7.97;24.27;8,331.08;225;;21;23;18;62;;4 hours;17;10;22:13;21:02;55%;5;2;5;
Hai Im Tracer;3021;21;10;6;7;4,948;11,320;;13.03;7,025;4.34;33;11;3;223;86;18;10,823;15;;;;18;0.01;20%;4.71;38%;1,749;;;1,749;12;3,618;790;35%;12;6,390;991;18;4;10;00:29;2;10;6;991;;1.61;4.34;1.86;00:30;9.3;1,085.41;6.82;20.47;6,715.95;7;;1;2;2;4;;18 minutes;2;1;00:49;00:40;49%;;;1;
HerBakedPizza;3000;4;4;3;3;808;808;;37.2;7,519;27.9;5;2;;24;10;;1,397;2;;;;;0.01;10%;;41%;142;;;142;5;1,397;142;;5;1,397;142;5;2;2;00:09;;;;142;;1.92;;;01:23;18.6;1,322.34;18.6;46.51;12,992.08;;;;0;0;0;;1 minute;0;0;00:09;00:05;100%;
Hi Jeremiah;0;;;;;1,456;2,424;;;15,198;;2;;;14;10;;735;;;;;;;;0.66;71%;124;;;124;;369;90;100%;1;369;90;;;;00:04;;;;90;;1.09;18.8;6.26;00:49;;776.65;6.26;12.53;4,611.4;3;;0;0;0;1;;1 minute;0;;00:07;;;;;0;
Hiperninja;0;166;32;6;48;6,205;49,329;;11.87;3,530;3.43;254;100;29;1,498;634;137;75,955;79;6;;5;137;0.01;21%;3.17;42%;12,035;;5;12,035;16;3,809;547;50%;16;11,084;1,424;34;12;12;01:39;4;25;8;1,424;0.35;1.55;5.72;2.07;00:45;5.65;861.29;7.15;18.17;5,435.77;80;4;18;14;7;39;3;2 hours;14;13;10:32;12:55;90%;3;;1;
iArctos;0;400;25;9;148;7,582;186,774;2;17.98;8,397;6.65;610;228;45;4,233;1,604;268;190,304;206;13;;19;268;0.01;16%;2.72;37%;22,580;;2;22,580;16;4,431;575;100%;16;9,344;1,125;36;16;17;01:40;5;16;11;1,125;0.85;1.29;10.07;2.02;01:02;9.26;1,015.13;10.25;27.42;8,555.35;224;4;24;21;20;66;3;4 hours;22;11;23:10;44:15;49%;4;1;10;
IGenjiMain;3646;381;18;10;159;7,717;196,723;2;16.21;8,371;6.76;592;232;64;5,170;2,070;336;227,796;193;8;;8;336;0.01;16%;2.8;40%;31,803;;;31,803;16;5,211;595;55%;16;10,122;1,629;29;14;14;01:04;5;19;11;1,629;0.34;1.74;8.97;2.72;00:58;8.21;1,353.22;9.87;25.18;9,692.71;211;8;23;24;24;71;6;5 hours;24;13;23:00;37:44;54%;5;0;10;
II BigGash II;0;85;22;13;39;6,722;29,191;;13.97;4,799;6.41;128;46;8;1,101;352;40;43,902;50;;;;40;0;11%;2.2;31%;7,999;;;7,999;6;2,756;938;47%;6;12,067;2,122;31;15;11;01:34;2;10;5;2,122;;1.74;9.53;1.31;01:04;8.22;1,315.05;7.56;21.04;7,218.07;58;;6;9;5;20;2;1 hour;6;1;06:33;06:45;20%;3;;5;
II Scar3CroW;0;510;26;8;185;11,779;267,299;;14.66;7,684;5.31;716;254;50;6,297;2,092;219;240,302;363;7;;;219;0;10%;1.86;33%;38,598;;5;38,598;15;4,217;518;66%;15;10,983;1,302;32;15;21;03:53;3;14;8;1,302;;1.36;11.03;1.43;01:46;10.43;1,109.5;7.3;20.58;6,907.55;384;2;37;31;22;91;4;7 hours;35;17;01:01:36;36:17;49%;4;2;15;
II SirMaru II;2490;519;32;11;164;13,001;158,986;2;20.47;6,272;6.46;715;275;79;3,341;1,223;277;181,139;336;4;;9;277;0.01;22%;3.19;36%;37,284;;2;37,284;14;4,644;868;63%;14;9,930;2,278;40;19;22;03:28;6;24;7;2,278;0.35;1.78;8.83;3.11;01:51;13.25;1,470.86;10.84;28.2;7,146;224;16;25;19;16;60;6;5 hours;25;18;47:18;41:10;69%;5;0;7;
II Table;3635;1,010;41;16;448;11,664;355,015;2;16.85;5,925;7.47;1,446;466;96;12,989;4,750;715;554,646;533;28;;8;715;0.01;15%;2.53;36%;67,480;;2;67,480;18;5,729;661;60%;18;14,877;1,818;51;15;32;03:29;7;23;10;1,818;0.13;1.46;9.52;1.6;01:28;8.89;1,126.14;7.77;24.13;9,256.16;571;16;79;49;40;168;9;12 hours;60;36;01:28:51;01:20:22;59%;5;5;19;
Im Forgiving;4021;214;23;7;77;5,439;60,679;;17.56;4,980;6.31;351;136;31;1,958;785;160;96,841;143;6;;;160;0.01;20%;3.07;40%;15,519;;;15,519;18;3,440;526;55%;18;8,076;1,660;43;16;23;02:46;3;16;10;1,660;;1.51;9.35;2.54;01:24;11.73;1,273.61;11.16;28.8;7,947.51;114;3;16;12;8;36;3;2 hours;12;8;17:04;13:52;65%;3;1;4;
Im Voxie;3653;252;26;9;112;8,149;139,654;;13.12;7,275;5.83;466;184;33;3,651;1,186;194;136,186;178;5;;;194;0.01;16%;3.08;32%;21,878;;2;21,878;14;4,054;553;66%;14;8,266;1,365;32;17;14;01:10;5;12;9;1,365;0.05;1.65;7.86;1.71;01:08;9.27;1,139.76;9.58;24.27;7,094.72;151;;16;17;10;43;;3 hours;19;13;21:54;31:25;68%;3;1;5;
iMrT8;2158;12;12;7;7;7,435;7,435;;19.64;12,169;11.45;14;5;;72;50;9;5,650;9;;;;9;0.02;18%;1.75;69%;204;;;204;5;1,534;114;;5;5,650;204;14;5;9;00:33;;9;3;204;;0.48;13.09;;00:55;14.73;333.63;8.18;22.91;9,246.76;8;;1;1;;2;;7 minutes;1;;00:33;00:10;;3;;1;
Ind3mnity;0;1,501;39;11;379;16,342;559,865;;18.62;6,946;4.7;1,566;492;117;7,432;2,805;354;447,976;658;19;;9;354;0;12%;1.57;37%;106,385;5;70;106,385;14;4,419;879;100%;14;8,953;2,420;34;15;20;03:21;5;13;6;2,420;0.11;1.69;12.3;1.45;01:30;8.16;1,319.77;6.1;19.42;5,557.45;992;2;83;62;24;170;25;17 hours;81;42;02:02:11;01:21:58;51%;4;8;31;
Infamous Bounty;3724;11;6;3;3;2,036;5,865;;3.88;2,070;1.05;22;9;3;355;126;17;12,593;5;;;;17;0.01;13%;1.04;35%;1,538;;;1,538;5;2,832;252;43%;5;4,887;440;10;4;2;00:11;2;9;6;440;;1.09;7.41;1.05;00:20;1.76;542.81;3.17;7.76;4,444.94;21;;3;2;2;7;;23 minutes;3;0;00:59;;13%;;0;2;
iSttoooLen;3927;123;19;8;34;6,607;32,747;;13.95;3,715;3.85;159;66;29;864;276;53;40,448;40;3;;;53;0.01;19%;3.97;31%;7,057;;8;7,057;11;2,420;706;57%;11;6,714;862;24;12;10;01:28;9;7;5;862;0.11;1.47;4.53;3.28;00:45;4.53;800.47;7.48;18.03;4,588.12;40;2;12;8;3;23;3;1 hour;9;8;06:40;07:01;86%;3;;1;
Itothean511;3875;2;2;;;5,898;9,287;;0.66;3,096;0.33;4;3;;97;40;4;3,135;;;;;4;0;10%;0.5;41%;1,252;;;1,252;2;1,293;480;42%;2;1,293;833;2;;;;;3;3;833;;0.85;2.66;;;;417.44;1;1.33;1,045.1;8;;1;;;1;;24 minutes;3;;;;;;;3;
ItsCONRAD;3497;881;30;12;367;12,016;469,392;;17.03;9,074;7.09;1,329;371;67;8,979;3,296;463;427,856;600;20;;;463;0.01;14%;2.91;36%;55,082;;;55,082;19;5,557;683;66%;19;11,575;1,554;39;13;24;03:43;4;14;8;1,554;;1.29;8.81;1.29;01:15;11.59;1,064.77;7.17;25.69;8,270.71;456;3;55;48;28;131;9;11 hours;52;26;01:05:08;01:19:19;51%;5;3;22;
iUnExpected;4083;276;30;12;96;7,749;76,501;;18.32;5,078;6.37;422;118;8;3,066;995;178;128,709;175;7;;2;178;0.01;17%;2.67;32%;18,363;;;18,363;14;4,002;669;52%;14;12,487;2,137;38;10;15;02:11;;21;8;2,137;0.13;1.41;10.48;0.53;01:41;11.61;1,219.02;7.83;28.01;8,544.17;158;;16;16;14;46;;3 hours;15;8;25:31;23:20;52%;4;0;7;
iuya;3970;59;21;9;28;5,934;27,068;;14.58;6,689;6.91;116;38;4;802;314;25;35,165;41;2;;;25;0;7%;5.27;39%;5,236;;;5,236;11;3,023;547;39%;11;11,631;1,379;28;10;12;01:54;2;7;4;1,379;0.24;1.85;5.43;0.98;01:31;10.13;1,294.03;9.39;28.66;8,690.28;22;;3;8;0;12;;47 minutes;4;3;06:08;01:16;76%;3;0;1;
J Smoooove;2634;103;34;5;20;7,542;32,056;;19.93;6,205;3.87;117;34;11;276;152;30;25,258;63;;;;30;0;19%;1.98;55%;5,981;;;5,981;11;2,133;443;75%;11;7,346;1,199;29;13;19;03:10;6;11;2;1,199;;1.36;11.42;2.12;01:35;12.19;1,157.65;6.58;22.64;4,889.1;59;;3;4;5;13;2;1 hour;5;2;08:13;05:14;48%;3;1;1;
jacacus4;2717;48;12;5;14;4,932;14,746;;10.4;3,196;3.03;78;20;4;390;150;22;18,697;39;;;;22;0;14%;3.54;38%;3,763;;;3,763;11;3,492;541;48%;11;4,141;882;27;7;22;01:47;2;7;3;882;;1.53;4.76;0.86;00:50;8.45;815.7;4.33;16.9;4,052.35;22;;7;5;0;12;;40 minutes;5;4;03:51;02:55;85%;3;0;0;
Jay Carries;0;21;16;8;12;3,664;5,033;;12.99;3,114;7.42;49;15;2;422;130;20;14,644;15;;;;20;0.01;15%;6.12;30%;1,920;;;1,920;9;3,163;480;25%;9;8,442;1,384;28;11;8;00:39;2;15;8;1,384;;1.49;4.94;1.23;00:42;9.28;1,188.14;9.28;30.31;9,060.08;8;;2;2;2;6;;21 minutes;2;2;01:08;01:44;100%;3;
JDaawg23;2339;;;;;2,906;2,906;;2.97;8,648;2.97;8;2;;67;18;;1,911;5;;;;;0;5%;8;26%;226;;;226;4;1,331;199;26%;4;1,911;226;8;2;5;00:24;;;;226;;0.94;2.97;;01:12;14.88;673.51;5.95;23.8;5,686.94;;;;;;;;3 minutes;0;0;00:24;;100%;
JDn808;2713;79;16;4;16;3,955;27,069;;16.87;5,783;3.41;73;26;7;389;152;24;23,817;37;;;;24;0;15%;1.43;39%;3,843;;;3,843;10;2,628;470;60%;10;4,074;495;16;5;8;00:46;2;6;6;495;;1.05;10.89;1.49;01:13;7.9;820.98;5.55;15.59;5,087.81;51;;3;3;4;10;;1 hour;5;3;05:42;03:13;53%;;0;2;
Josh Balzack;3000;107;13;7;45;7,447;62,259;;15.39;8,956;6.47;194;74;13;1,235;543;73;61,011;66;;;;73;0.01;13%;3.66;43%;4,125;;;4,125;16;4,140;263;71%;16;6,364;633;23;10;12;01:06;4;9;6;633;;0.78;7.62;1.87;00:50;9.49;593.43;10.64;27.9;8,776.49;53;;6;11;6;24;2;1 hour;7;5;05:48;11:37;78%;4;0;1;
Joshua x FX;2287;;;;;70;70;;;2,288;;;;;;;;194;;;;;;;;;;;;;;;182;;;;194;;;;;00:00;;;;;;;32.68;;00:16;;;;;6,325.29;;;;;0;0;;29.712927967309952 seconds;0;;00:00;;;;;0;
KageEinjeruE102;4072;664;41;21;247;17,016;338,119;;17.52;8,924;6.51;849;218;38;6,804;2,007;281;277,106;443;17;;3;281;0;14%;1.85;29%;58,732;;23;58,732;13;2,969;673;46%;13;13,571;2,109;48;11;37;05:16;4;16;6;2,109;0.07;1.88;12.08;1;02:33;11.69;1,550.08;5.75;22.4;7,313.52;458;7;43;32;37;112;2;8 hours;38;15;01:36:53;57:05;40%;4;2;21;
KaIlkz;3399;2,675;32;11;866;11,260;827,091;;18.33;5,668;5.93;3,453;1,135;241;21,891;8,053;1,190;1,062,486;1,597;53;;11;1,190;0.01;14%;2.03;36%;185,182;;4;185,182;19;4,628;850;100%;19;10,185;2,116;47;15;19;02:48;5;15;8;2,116;0.07;1.62;11.64;1.65;01:40;10.94;1,268.98;7.77;23.66;7,280.86;1,700;29;151;136;151;438;29;31 hours;146;72;04:03:57;04:06:28;49%;5;10;64;
KEIHEI;0;33;32;12;12;9,134;9,432;;30.55;8,734;11.11;56;24;6;242;92;17;12,090;23;;;;17;0.01;18%;4.66;38%;1,710;;;1,710;11;2,020;402;35%;11;10,449;1,674;49;22;22;02:30;6;17;5;1,674;0.92;1.51;11.11;5.55;02:20;21.29;1,583.9;22.22;51.85;11,195.77;12;;3;0;2;5;;18 minutes;1;1;02:31;04:49;100%;
killswell;3164;6;6;2;2;2,989;2,989;;10.83;5,397;3.61;5;2;;98;17;5;2,183;2;;;;5;0.01;29%;;17%;624;;;624;2;740;296;;2;2,183;624;5;2;2;00:20;;5;2;624;;1.99;9.02;;00:37;3.61;1,126.58;3.61;9.02;3,941.35;5;;;1;;1;;5 minutes;1;;00:20;;;;;1;
Kimmy Gibbz69;4274;58;13;6;22;10,006;35,776;;17.44;10,762;6.61;79;32;;750;285;54;34,679;29;2;;;54;0.01;18%;1.88;38%;2,864;;;2,864;15;3,072;211;57%;15;7,692;655;24;8;10;01:07;;13;8;655;;0.96;12.63;0.3;01:25;8.72;861.53;9.62;23.76;10,432.2;42;;3;1;4;8;;49 minutes;3;1;04:42;06:10;38%;3;0;2;
KING IZ SIIC;3443;144;14;6;55;6,408;62,310;;14.15;6,126;5.4;227;74;12;1,923;767;62;85,521;80;3;;;62;0;8%;2.16;39%;11,514;;5;11,514;18;5,965;646;60%;18;9,522;928;24;7;15;01:30;3;8;5;928;;1.42;10.32;1.17;01:10;7.86;1,132.02;7.27;22.31;8,408.06;105;;11;11;7;29;;2 hours;10;3;11:59;11:30;32%;3;0;7;
King TurkeyNeck;2796;7;5;4;5;745;1,384;;24.82;4,908;17.72;7;;;62;21;;2,524;5;;;;;;;1.4;33%;402;;;402;4;1,003;132;;4;1,059;219;4;;3;00:16;;;;219;;1.46;17.72;;01:33;17.72;1,425.66;3.54;24.82;8,948.62;5;;0;0;0;1;;4 minutes;0;0;00:26;00:02;67%;4;;0;
KoolKiran;3992;1,330;40;15;720;21,129;627,658;2;15.81;7,465;8.56;2,494;953;201;20,955;7,991;1,193;865,118;1,027;32;;19;1,193;0.01;14%;3.56;38%;110,028;;17;110,028;22;6,518;920;55%;22;17,676;2,408;56;26;32;05:28;7;27;11;2,408;0.22;1.58;8.32;2.39;01:49;12.21;1,308.62;11.33;29.66;10,289.36;700;17;88;72;89;249;31;19 hours;84;56;02:34:02;02:32:25;66%;4;1;27;
Kypahh;3138;3;3;;;1,201;1,201;;13.85;5,548;4.61;6;2;;41;15;;1,631;3;;;;;;;3;36%;287;;;287;3;594;150;;3;1,631;287;6;2;3;00:18;;;;287;;1.48;9.23;;01:24;13.85;1,326.83;9.23;27.71;7,534.92;2;;0;0;;1;;3 minutes;0;0;00:18;;100%;
LanceHasPants;0;98;21;13;48;12,961;54,758;;19.28;10,776;9.44;134;26;8;747;264;30;36,305;69;3;;;30;0;11%;1.97;35%;8,143;;;8,143;8;2,382;588;45%;8;9,547;2,135;32;10;17;02:36;3;9;4;2,135;0.19;1.82;13.38;1.57;01:55;13.57;1,602.63;5.11;26.37;7,144.9;68;;8;5;2;15;2;1 hour;5;1;09:44;13:51;25%;4;0;4;
LEGENDARYWARIOR;3418;5;4;2;2;2,844;6,208;;3.5;4,348;1.4;10;2;;154;36;2;3,660;9;;;;2;0;5%;0.83;23%;585;;;585;6;1,700;150;41%;6;1,898;207;7;;7;00:31;;;;207;;0.73;8.4;;00:40;6.3;409.74;1.4;7;2,563.18;12;;1;2;1;4;;13 minutes;1;1;00:58;;38%;;;1;
Leveyez;3556;161;19;9;55;10,126;91,138;;18.66;10,563;6.37;158;33;5;999;386;58;58,141;91;2;;2;58;0;15%;1.28;38%;10,537;;;10,537;11;2,531;313;66%;11;6,209;909;26;7;12;02:10;;10;4;909;0.23;1.54;14.25;0.57;02:27;10.54;1,221.25;3.82;18.31;6,738.78;123;;10;6;10;26;;1 hour;9;4;21:16;20:06;46%;3;;5;
LILTEAP0T4;2745;;;;;2,341;2,341;;5.45;12,770;;;;;36;16;;1,410;;;;;;;;;44%;150;;;150;;1,211;150;;;1,410;150;;;;00:10;;;;150;;1.14;10.9;;00:57;;818.24;;;7,693.14;2;;;;;;;2 minutes;0;;00:10;;;;;0;
limited death;2964;8;4;3;3;3,272;6,901;;8.84;7,634;3.31;11;2;;53;29;;4,200;6;;;;;0;3%;0.84;54%;1,186;;;1,186;2;837;236;62%;2;2,490;508;8;;3;00:33;;;;508;;1.85;14.38;;01:09;6.63;1,311.88;2.21;12.16;4,645.94;13;;1;1;;2;;10 minutes;1;;01:02;;;;;1;
limmme;3370;22;9;3;7;3,080;11,078;2;13.04;6,570;4.15;34;7;;242;88;11;11,714;20;;;2;11;0;12%;2;36%;1,107;;;1,107;7;2,831;313;33%;7;4,122;467;16;4;8;01:31;;9;9;467;1.18;0.83;10.08;;01:59;11.86;656.75;4.15;20.16;6,947.09;17;;2;2;0;4;;22 minutes;2;1;03:21;00:20;37%;;;1;
Little Bran;3874;1,800;25;15;749;14,769;1,022,706;2;14.19;8,066;5.9;3,008;1,222;251;24,960;9,206;1,688;1,053,134;1,452;52;;44;1,688;0.01;18%;2.5;36%;135,991;;2;135,991;21;6,792;835;78%;21;11,034;1,968;36;17;19;02:55;6;25;14;1,968;0.34;1.41;9.45;1.97;01:37;11.45;1,072.57;9.63;23.72;8,306.16;1,199;17;152;120;130;402;36;26 hours;127;76;03:25:18;04:32:00;60%;5;9;42;
lorcy m;3797;91;24;11;38;9,103;54,663;;11.68;7,021;4.88;163;60;11;1,716;586;71;62,045;63;;;;71;0.01;12%;2.81;34%;8,136;;;8,136;14;4,035;436;52%;14;14,181;1,433;41;13;15;01:27;3;26;9;1,433;0.12;1.47;7.44;1.41;01:18;8.09;1,044.97;7.7;20.93;7,968.91;58;;10;8;5;23;;1 hour;8;5;10:12;06:59;68%;3;1;2;
LORDxSUWU;2812;382;44;16;120;10,312;121,597;;17.85;5,683;5.6;439;143;43;1,658;578;133;112,813;208;5;;3;133;0;23%;1.7;34%;30,145;;2;30,145;13;2,344;534;73%;13;12,233;2,262;44;15;32;03:33;9;15;8;2,262;0.14;1.82;12.01;2;01:37;9.72;1,408.94;6.68;20.51;5,272.8;257;5;25;17;11;54;4;4 hours;21;8;34:39;24:12;35%;3;1;13;
Lumanous;0;39;9;10;19;7,356;30,447;;13.13;10,251;6.39;66;24;3;538;255;24;26,668;41;;;;24;0;9%;2;47%;4,393;;;4,393;10;2,179;512;42%;10;6,881;1,006;20;8;15;02:18;2;6;4;1,006;;1.79;11.11;1.01;02:09;13.8;1,479.07;8.08;22.22;8,978.9;33;;3;4;5;12;;40 minutes;3;1;06:24;02:55;30%;;;2;
Lycanz;4036;404;20;11;168;13,372;227,572;2;14.05;7,918;5.84;688;282;40;4,744;1,824;261;207,820;258;6;;13;261;0.01;14%;2.58;38%;26,495;;;26,495;17;5,159;621;88%;17;7,192;989;24;11;14;01:53;3;13;10;989;0.45;1.31;9.25;1.39;01:17;8.97;921.9;9.81;23.93;7,231.19;266;2;31;27;32;90;;5 hours;29;20;36:54;50:06;68%;4;2;7;
MajorCris;3262;42;13;7;16;5,307;14,198;;11.68;3,949;4.45;72;29;8;604;272;31;27,446;16;;;3;31;0.01;11%;4.23;45%;2,114;;;2,114;17;3,700;380;51%;17;9,839;905;27;7;9;00:40;2;9;4;905;0.83;1.12;4.72;2.22;00:20;4.45;588.1;8.06;20.02;7,634.84;17;;4;4;4;12;;31 minutes;4;2;01:12;03:59;60%;4;;1;
Mano Brawl BR;4015;14;8;2;2;1,010;2,239;;17.45;2,792;2.49;17;5;;95;52;8;6,331;9;;;;8;0.01;15%;3.4;54%;587;;;587;7;2,301;249;100%;7;3,863;369;13;4;8;00:35;;7;4;369;;1.2;6.23;1.24;01:05;11.22;732.61;6.23;21.19;7,895.16;5;;1;0;2;4;;8 minutes;1;1;00:52;02:43;99%;;0;0;
Marderic;3308;171;27;8;48;8,343;58,945;;16.53;5,700;4.64;224;44;10;696;281;49;56,132;104;2;;;49;0;17%;1.91;40%;8,114;;;8,114;13;2,199;529;63%;13;7,310;1,982;31;6;20;03:49;3;6;6;1,982;;0.96;11.31;0.96;01:44;10.05;784.65;4.25;21.66;5,428.05;117;2;8;10;8;25;;2 hours;10;3;18:01;04:51;31%;3;0;7;
MattPisto;4130;1,383;33;18;635;11,527;468,317;4;11.94;4,046;5.48;3,009;1,277;273;22,511;7,974;1,106;834,485;1,094;30;;75;1,106;0.01;13%;4.9;35%;102,149;;28;102,149;23;6,252;1,093;60%;23;16,750;1,906;57;27;27;06:52;7;22;12;1,906;0.64;1.4;5.3;2.35;01:38;9.45;882.6;11.03;25.99;7,210.2;614;8;157;131;101;389;51;20 hours;116;104;03:10:03;03:38:33;89%;4;2;10;
Maxxon Charge;3705;151;15;7;88;6,350;92,578;;10.24;6,282;5.97;341;148;31;3,704;1,328;147;127,131;117;4;;7;147;0.01;11%;3.1;35%;10,234;;;10,234;15;4,949;414;60%;15;9,586;673;25;14;10;01:38;3;13;7;673;0.47;0.99;7.46;2.1;00:52;7.93;694.43;10.04;23.13;8,626.15;110;;11;9;12;32;2;2 hours;15;9;12:58;14:56;58%;4;1;5;
me10005;3682;47;12;3;10;6,424;27,229;;16.72;9,690;3.55;52;19;4;535;228;26;25,476;19;;;;26;0.01;11%;1.36;42%;3,539;;;3,539;10;2,593;336;48%;10;6,075;1,096;12;6;6;01:18;2;7;3;1,096;;1.5;13.52;1.42;01:32;6.76;1,259.5;6.76;18.5;9,065.67;38;;4;3;2;9;;39 minutes;3;1;04:20;00:39;41%;;;2;
Medvescek;3421;77;21;12;40;1,781;8,408;;18.27;1,996;9.49;155;61;15;1,170;518;60;52,181;62;2;;;60;0.01;11%;4.07;44%;4,945;;;4,945;13;4,969;461;52%;13;12,203;1,085;31;16;15;01:33;6;15;5;1,085;0.23;1.41;9.01;3.56;01:34;14.71;1,173.63;14.47;36.78;12,385.32;38;;8;4;4;16;2;58 minutes;4;3;06:40;12:29;80%;4;;1;
MercenaryXPO;0;19;11;7;9;4,422;14,424;;8;6,077;3.79;48;19;5;318;134;11;13,620;7;;;;11;0;8%;4;42%;1,556;;;1,556;18;4,038;469;45%;18;7,693;626;33;12;6;00:46;3;8;4;626;0.42;1.35;5.05;2.1;00:34;2.94;655.46;8;20.22;5,737.79;12;;4;1;3;8;2;19 minutes;2;2;01:22;03:23;91%;3;0;0;
Mercy MD;0;12;8;3;5;7,596;14,202;;14.52;17,187;6.05;21;13;;231;62;8;5,919;12;;;;8;0.01;12%;2.1;26%;753;;;753;8;1,438;165;30%;8;3,145;585;15;9;9;00:45;;6;4;585;;0.98;12.1;1.21;01:13;14.52;910.78;15.73;25.41;7,162.28;10;;0;1;0;1;;12 minutes;1;0;01:00;02:13;45%;;;0;
Meuq;4537;193;16;8;75;10,372;97,272;2;14.16;7,138;5.5;347;123;17;2,720;932;143;103,223;116;5;;2;143;0.01;15%;3.89;34%;12,324;;;12,324;14;4,710;626;45%;14;8,284;1,142;26;10;10;01:10;3;15;10;1,142;0.14;1.23;6.53;1.24;00:40;8.51;904.4;9.02;25.46;7,574.89;89;;20;14;7;41;;2 hours;14;11;09:10;20:55;80%;5;1;1;
Miss B pr3dator;2871;2;2;3;3;1,358;1,358;;6.41;4,355;9.61;7;;;23;13;;1,403;4;;;;;;;;56%;242;;;242;7;1,403;242;56%;7;1,403;242;7;;4;00:16;;;;242;;1.5;;;00:53;12.82;775.93;3.2;22.44;4,499.19;;;1;;;1;;2 minutes;0;0;00:16;;100%;
MisterToli X;0;1,141;37;12;356;11,647;434,794;5;18.08;6,893;5.64;1,749;702;141;9,895;3,976;693;514,568;737;22;;45;693;0.01;17%;2.4;40%;63,704;;8;63,704;21;4,548;511;100%;21;13,890;2,154;52;23;24;03:17;9;29;8;2,154;0.71;1.22;11.51;2.23;01:34;11.68;1,009.96;11.12;27.72;8,157.98;726;15;62;63;55;181;12;14 hours;63;33;01:39:48;01:56:15;52%;4;5;25;
miya456;2442;3;3;;;2,036;2,036;;5.69;3,864;1.89;6;2;;39;10;;1,455;3;;;;;;;;25%;326;;;326;3;556;167;;3;1,455;326;6;2;3;00:24;;;;326;;1.16;11.38;;00:46;5.69;618.89;3.79;11.38;2,761.85;6;;1;0;1;1;;4 minutes;1;;00:24;;;;;1;
MoraCombo;0;467;23;13;250;9,098;201,066;;13.01;5,602;6.96;988;376;91;8,865;3,563;450;360,064;345;14;;11;450;0.01;12%;3.75;40%;34,069;;5;34,069;17;5,569;597;78%;17;13,993;1,745;45;22;15;02:12;6;17;12;1,745;0.3;1.32;7.32;2.53;01:00;9.61;949.24;10.47;27.52;10,032.36;263;6;31;41;46;119;9;7 hours;36;24;36:18;01:02:48;68%;4;1;10;
MVB Kealoha Koa;2365;4;4;;;1,648;1,648;;30.77;12,679;7.69;6;2;2;16;9;;1,356;4;;;;;0;11%;;56%;249;;;249;6;1,356;249;56%;6;1,356;249;6;2;4;00:41;2;;;249;;2.45;;15.38;05:19;30.77;1,913.17;15.38;46.16;10,431.91;;;0;0;;0;;1 minute;0;0;00:41;01:22;100%;;;1;
My BRs Dyslexic;2858;893;30;15;358;17,674;434,699;;13.59;6,618;5.45;1,448;484;111;13,536;5,003;436;523,086;675;19;;;436;0;8%;2.2;36%;90,786;;;90,786;19;4,487;797;75%;19;12,314;2,209;47;15;23;02:50;5;13;6;2,209;;1.65;10.01;1.68;01:27;10.27;1,382.19;7.36;22.04;7,963.87;658;9;65;57;59;181;7;15 hours;66;27;01:35:34;46:51;40%;4;8;31;
Nasty0303;2662;51;11;10;32;7,898;31,783;;15.21;9,480;9.54;82;26;3;860;371;21;37,816;47;;;;21;0;5%;2.1;43%;4,093;;3;4,093;8;4,016;309;49%;8;9,384;836;18;8;11;03:08;;7;4;836;0.29;1.4;11.63;0.89;03:54;14.01;1,220.65;7.75;24.45;11,279;39;;4;3;3;10;2;48 minutes;3;1;13:07;03:21;40%;3;;2;
NGeminiN;0;27;10;9;21;6,339;15,879;2;9.37;5,513;7.29;75;21;7;648;261;25;26,346;37;;;6;25;0.01;9%;4.41;40%;2,333;;;2,333;15;3,526;389;65%;15;9,726;761;29;8;20;02:25;3;17;6;761;2.08;1.26;5.9;2.43;01:28;12.84;810.06;7.29;26.03;9,147.15;17;;2;4;3;9;;30 minutes;3;2;04:13;03:06;70%;;0;1;
Nietzsche Nick;3682;65;15;9;31;6,728;26,899;;12.6;5,215;6.01;118;45;7;643;256;46;31,287;29;3;;;46;0.01;17%;3.18;39%;3,999;;;3,999;17;5,010;500;51%;17;7,240;868;24;8;9;02:13;2;13;5;868;0.19;1.25;7.17;1.35;00:52;5.62;775.34;8.72;22.87;6,065.9;37;3;4;6;4;13;2;53 minutes;5;4;04:31;15:10;86%;3;;1;
NitroFPS;0;158;13;13;80;9,066;91,562;;16.06;9,310;8.13;302;118;28;2,465;904;154;100,729;112;6;;;154;0.01;17%;2.77;36%;14,607;;;14,607;15;4,406;729;55%;15;9,066;912;31;13;12;01:19;4;18;7;912;0.1;1.77;11.08;2.84;01:30;11.38;1,485.21;11.99;30.7;10,241.89;109;;13;13;13;39;;2 hours;10;7;14:49;35:47;70%;4;0;2;
NomadHokie;2669;896;23;13;319;16,883;607,795;;12.12;8,222;4.31;1,182;290;42;9,447;3,297;218;393,247;643;7;;;218;0;6%;1.61;34%;84,800;;5;84,800;14;4,836;617;100%;14;7,990;1,869;30;8;19;03:46;2;6;5;1,869;;1.51;9.9;0.56;01:35;8.69;1,147.17;3.92;15.99;5,319.87;732;10;64;61;68;193;6;15 hours;74;32;01:57:32;41:04;43%;3;5;37;
NoT x GER Beans;2916;2,157;47;15;696;13,695;653,481;;20.29;6,147;6.54;2,615;948;271;11,253;4,074;846;670,940;1,077;35;;;846;0.01;20%;2.52;36%;146,367;;8;146,367;24;4,038;1,170;80%;24;11,609;2,876;59;24;30;05:15;7;14;7;2,876;0;1.77;9.73;2.54;01:13;10.13;1,376.81;8.91;24.59;6,311.25;1,035;16;100;98;78;276;25;22 hours;106;54;02:10:59;02:58:10;51%;4;9;43;
o Kapow;3427;3,017;29;11;970;29,505;1,427,924;;16.54;7,833;5.32;3,687;1,151;285;23,283;8,284;1,069;1,174,716;1,800;57;;15;1,069;0;12%;1.82;35%;229,418;;6;229,418;17;5,209;762;100%;17;11,068;2,266;42;21;20;03:59;5;15;10;2,266;0.08;1.62;11.09;1.56;01:58;9.87;1,258.45;6.31;20.22;6,443.81;2,023;28;211;150;113;473;27;39 hours;182;93;05:59:39;03:56:37;50%;4;11;78;
ObiwanKi11n00by;3509;2,126;59;15;922;13,379;882,696;;15.27;6,341;6.62;3,296;1,165;212;26,512;9,295;1,167;1,092,780;1,402;51;;11;1,167;0.01;12%;2.93;35%;208,264;;17;208,264;20;6,381;1,297;75%;20;17,580;2,809;65;23;29;04:29;5;23;10;2,809;0.07;1.91;8.06;1.52;01:28;10.07;1,496.07;8.36;23.67;7,850.04;1,123;10;169;128;91;388;28;30 hours;139;68;03:24:25;02:55:49;48%;4;6;66;
Ohdyn;0;5;3;2;2;673;1,284;;6.36;1,634;2.54;13;8;6;75;20;7;2,403;;;;;7;0.02;35%;13;26%;833;;;833;10;1,723;743;50%;10;1,821;833;10;6;;;5;5;5;833;;2.47;1.27;7.63;;;1,060.92;10.18;16.54;3,058.27;;;1;2;0;3;;5 minutes;1;1;;00:06;100%;
OneBadBandito;2762;42;14;7;12;6,685;15,387;;10.63;3,898;3.03;35;19;10;476;230;21;22,707;3;;;;21;0.01;9%;1.75;48%;3,841;;;3,841;8;4,575;640;50%;8;7,320;953;15;8;2;00:10;4;10;6;953;;2.07;5.06;2.53;00:09;0.75;973.08;4.81;8.86;5,752.37;20;;3;2;1;7;;30 minutes;4;1;00:36;00:20;29%;;;3;
Ouijaveli;0;11;9;3;4;4,831;7,008;;12.54;7,991;4.56;17;3;;108;35;5;5,534;8;;;;5;0;14%;1.7;32%;962;;;962;8;1,632;188;;8;4,532;612;13;2;5;00:51;;5;4;612;;1.42;11.4;;01:52;9.12;1,096.7;3.42;19.38;6,310.26;10;;1;1;1;4;;11 minutes;1;0;01:38;;2%;;;1;
OUT M3 RK ED;3749;113;10;6;56;8,816;82,045;;12.07;8,767;5.98;264;95;19;2,666;975;124;97,827;113;2;;;124;0.01;12%;2.77;36%;9,824;;;9,824;13;3,685;524;59%;13;6,648;1,044;24;10;14;01:20;3;14;10;1,044;;1.16;10.15;2.03;01:37;12.07;1,049.69;10.15;28.2;10,453.07;95;;17;8;8;32;;2 hours;9;4;15:16;09:18;38%;3;1;5;
Overwatch DVa;3093;71;22;10;37;11,036;42,479;;16.26;9,731;8.47;118;31;;694;236;29;31,062;74;5;;;29;0;12%;2.14;34%;6,420;;;6,420;12;2,274;560;46%;12;8,870;1,159;35;7;17;03:25;;7;4;1,159;;1.72;12.59;0.22;02:43;16.95;1,470.67;7.1;27.03;7,115.71;55;;4;5;2;11;;1 hour;4;2;11:54;05:06;56%;4;;2;
PandaCreol;3661;11;8;5;6;2,494;3,713;;8.39;2,833;4.57;31;15;;437;142;8;11,129;16;;;;8;0;5%;2.81;32%;1,384;;;1,384;9;2,076;319;29%;9;6,719;596;24;13;14;00:43;;7;3;596;;1.36;8.39;;01:11;12.2;1,055.96;11.44;23.65;8,490.99;11;;0;2;1;3;;16 minutes;1;1;01:34;00:20;63%;;;0;
para138;3000;11;6;2;2;503;620;;25.93;1,462;4.71;22;6;;148;38;9;4,777;7;;;;9;0.01;23%;3.14;25%;778;;;778;8;1,732;417;23%;8;2,491;462;12;3;5;00:30;;7;5;462;;1.3;16.5;;01:16;16.5;1,834.23;14.14;51.86;11,261.01;7;;0;;;0;;9 minutes;0;0;00:32;00:01;100%;
ParalyzingFrost;3000;43;13;4;21;3,208;15,384;;11.12;3,981;5.43;66;24;4;531;183;26;22,284;26;;;;26;0.01;14%;2.86;34%;4,354;;5;4,354;10;3,645;575;59%;10;5,689;1,073;17;6;9;01:26;;10;6;1,073;;2.21;5.95;1.03;01:05;6.72;1,126.75;6.21;17.07;5,766.71;23;2;2;0;1;4;;32 minutes;4;2;04:11;02:47;50%;4;;2;
Parmesan Memes;3465;14;11;5;7;2,324;3,965;2;11.89;3,368;5.94;24;5;;333;77;8;8,977;12;;;3;8;0;10%;2.66;23%;1,009;;;1,009;10;3,006;355;27%;10;5,404;539;13;3;9;01:24;;6;6;539;2.54;1.06;7.64;;01:30;10.19;856.71;4.24;20.38;7,625.37;9;;0;1;1;3;;15 minutes;1;0;01:46;;33%;;;1;
PETERtois01;0;452;30;18;191;6,395;164,141;2;11.08;4,026;4.68;783;321;82;8,447;2,906;259;291,100;326;11;;12;259;0;8%;1.96;34%;32,747;2;18;32,747;14;3,523;485;52%;14;13,266;1,415;37;18;21;02:52;7;17;7;1,415;0.29;1.13;9.78;2.01;01:20;7.99;803.14;7.87;19.2;7,139.54;399;5;40;33;19;92;5;8 hours;41;15;54:36;37:09;37%;4;3;23;
Ponders;3669;5;2;;;1,594;2,697;;9.52;5,141;1.9;6;2;;55;19;3;2,452;2;;;;3;0;15%;0.75;34%;505;;;505;4;715;310;25%;4;1,001;391;5;2;2;00:15;;2;;391;;1.36;15.24;1.9;01:03;3.81;961.53;3.81;11.43;4,673.5;8;;0;1;0;2;;6 minutes;1;;00:33;;;;;1;
pooptasticpoop;0;363;30;27;228;10,602;268,682;;12.38;9,165;7.77;797;304;49;8,908;3,422;392;329,274;299;14;;3;392;0.01;11%;3.22;38%;33,939;;;33,939;23;8,277;558;58%;23;19,321;1,355;44;16;23;02:11;3;26;12;1,355;0.1;1.4;8.42;1.67;01:08;10.19;1,157.74;10.37;27.18;11,232.3;247;4;41;29;25;94;6;6 hours;29;14;33:13;52:08;46%;6;4;11;
POuPOuNeISbAcK;0;143;14;7;52;7,075;89,406;2;14.8;9,258;5.38;210;55;19;1,518;517;39;67,377;63;3;;4;39;0;7%;2.14;34%;13,173;;;13,173;13;3,464;711;50%;13;5,095;1,758;23;7;7;01:21;2;6;4;1,758;0.41;1.77;10.14;1.96;01:03;6.52;1,364.13;5.69;21.74;6,977.07;98;;14;9;7;30;;2 hours;10;4;10:15;10:14;46%;3;1;4;
PRAXIS UnLeashD;0;580;24;9;240;13,852;386,831;;13.2;8,810;5.46;839;249;45;7,739;3,331;272;349,694;371;16;;3;272;0;8%;2.07;43%;64,403;;4;64,401;16;4,359;935;72%;16;10,763;2,330;28;13;22;02:57;4;13;6;2,330;0.06;1.92;9.2;1.02;01:16;8.44;1,466.75;5.67;19.1;7,964.14;404;10;47;39;30;115;6;9 hours;44;21;56:05;30:17;47%;5;2;21;
Proxxy 4;3742;2,453;29;15;1,048;11,413;979,886;3;15.54;6,211;6.64;4,184;1,277;218;31,241;10,869;1,459;1,343,434;1,600;73;;86;1,459;0.01;13%;2.78;34%;203,890;;26;203,890;20;5,340;853;100%;20;14,604;2,215;44;17;23;03:21;4;17;11;2,215;0.54;1.62;9.5;1.38;01:21;10.14;1,292.43;8.09;26.52;8,515.87;1,500;12;196;145;111;452;24;34 hours;158;95;03:34:06;03:01:35;60%;6;7;56;
Prunester;3701;45;9;7;28;6,560;34,738;;8.95;6,913;5.57;122;40;9;982;394;36;38,082;35;2;;;36;0.01;9%;4.2;40%;2,369;;;2,369;11;2,722;365;51%;11;5,943;689;19;8;9;00:44;2;6;4;689;;0.79;5.77;1.79;00:49;6.96;471.5;7.95;24.27;7,578.17;29;;4;2;6;12;2;49 minutes;5;4;04:10;06:33;87%;5;0;1;
Psyhco;4161;64;11;8;36;7,750;42,951;2;10.1;6,785;5.68;179;65;8;1,843;639;47;60,780;69;;;3;47;0;7%;5.26;34%;7,305;;;7,305;13;4,466;533;50%;13;9,798;1,137;34;12;17;02:29;2;10;6;1,137;0.47;1.48;5.37;1.26;01:27;10.89;1,153.87;10.26;28.27;9,601.23;34;;9;11;3;23;;1 hour;6;5;09:11;05:11;86%;3;0;1;
qosh;3204;160;28;14;52;10,005;42,251;;26.81;7,081;8.71;185;66;15;1,004;429;67;63,454;78;3;;;67;0.01;15%;3.18;42%;6,910;;;6,910;17;4,909;616;57%;17;14,439;1,124;37;16;15;02:31;6;18;7;1,124;;1.4;9.72;2.51;02:05;13.07;1,157.96;11.06;31;10,634.2;58;;9;9;4;22;2;1 hour;6;5;12:30;21:06;84%;3;;1;
Rahazlium;3379;;;;;480;564;;5.63;3,182;;;;;14;5;;649;;;;;;;;;35%;70;;;70;;591;70;;1;595;70;;;;00:18;;;;70;;0.61;5.63;;02:05;;394.66;;5.63;3,659.17;;;0;0;0;0;;1 minute;0;0;00:22;;100%;
RamLMT;0;540;26;9;268;17,011;340,154;;9.05;5,702;4.49;1,092;343;51;11,459;3,726;326;384,762;694;9;;;326;0;8%;1.62;32%;54,531;;21;54,531;15;3,837;469;53%;15;10,305;1,435;31;15;24;04:46;4;13;7;1,435;0.01;1.18;11.29;0.85;02:29;11.63;914.03;5.74;18.3;6,449.23;674;9;61;48;48;157;7;12 hours;60;28;02:28:51;42:17;47%;4;2;29;
REC xD;3693;18;6;2;5;3,915;8,857;;7.79;3,833;2.16;27;6;2;466;120;8;11,329;14;;;;8;0;6%;1.28;25%;2,087;;;2,087;4;2,055;300;35%;4;2,903;751;7;3;7;00:51;;3;2;751;;1.39;9.08;0.86;00:42;6.05;903.24;2.59;11.68;4,903.18;21;;3;2;2;7;;24 minutes;2;;01:39;;;;;2;
Red Faze;0;1,678;30;17;965;16,063;806,602;2;13.44;6,463;7.73;3,236;1,245;264;34,632;11,426;1,708;1,185,876;1,371;48;;45;1,708;0.01;14%;3.05;32%;171,950;2;19;171,950;17;5,318;787;85%;17;15,914;3,001;47;24;26;04:01;8;33;13;3,001;0.36;1.69;8.48;2.11;01:35;10.98;1,377.87;9.97;25.93;9,502.7;1,059;45;145;125;75;344;21;28 hours;125;70;03:19:29;02:35:25;55%;5;8;47;
Reinforg;3957;174;29;14;77;18,627;97,498;2;20.15;11,293;8.91;271;104;22;2,492;782;140;96,728;113;3;;6;140;0.01;17%;2.88;31%;12,192;;5;12,192;15;3,572;570;100%;15;14,438;1,905;50;18;24;02:40;4;24;6;1,905;0.69;1.49;10.88;2.54;01:59;13.08;1,412.07;12.04;31.38;11,203.44;94;;11;10;11;31;;2 hours;9;4;17:10;19:39;43%;4;1;4;
Reinhardt Soul;3868;3;3;3;3;4,846;6,478;;5.8;12,541;5.8;5;3;;92;23;2;2,130;2;;;;2;0;8%;1.25;25%;294;;;294;3;957;207;;3;1,604;275;5;3;2;00:46;;2;2;275;;0.81;7.74;;01:50;3.87;569.58;5.8;9.67;4,122.89;4;;0;0;0;1;;6 minutes;1;1;00:57;;97%;;;0;
Repure;4210;402;15;10;212;10,902;266,237;2;13.88;9,193;7.32;803;281;52;6,624;2,380;335;263,391;271;17;;12;335;0.01;14%;2.88;35%;33,933;;7;33,933;20;4,689;574;73%;20;8,958;1,339;29;15;12;02:16;4;15;9;1,339;0.41;1.43;9.59;1.79;01:06;9.35;1,171.72;9.7;27.72;9,095.09;278;5;33;29;24;86;8;6 hours;29;19;31:57;46:26;66%;4;1;9;
rG WH1TE WINDU;3353;85;17;6;31;8,045;42,066;;13.46;6,665;4.91;103;28;4;1,107;435;46;47,993;59;2;;;46;0.01;10%;1.74;39%;5,296;;;5,296;13;6,069;322;65%;13;9,057;664;16;3;10;01:27;2;10;7;664;;1.2;9.34;0.63;01:28;9.34;839.04;4.43;16.31;7,604.16;59;;7;6;7;20;;1 hour;6;3;09:19;03:52;41%;3;1;3;
RIP Wolfy;0;;;;;877;877;;;4,872;;;;;7;3;;319;;;;;;;;;42%;275;;;275;;251;150;42%;;319;275;;;;00:11;;;;275;;3.42;5.55;;01:04;;1,526.79;;;1,772.07;;;;0;0;1;;1 minute;0;;00:11;;;;;0;
Rodney2210;3000;304;27;10;94;7,836;106,644;2;15.18;5,326;4.69;431;158;34;4,307;1,518;119;166,140;243;8;;4;119;0;7%;2.46;35%;23,158;;10;23,158;12;4,168;598;54%;12;15,255;2,225;38;17;26;04:41;5;12;7;2,225;0.19;1.57;8.74;1.69;02:09;12.13;1,156.64;7.89;21.52;8,297.85;175;3;19;21;20;59;3;4 hours;20;8;43:19;45:06;39%;4;2;11;
RunnersShade17;0;35;19;6;9;7,388;15,781;;15.58;7,027;4;32;13;4;223;93;17;12,547;22;;;;17;0;18%;1.14;41%;2,464;;;2,464;14;4,469;869;60%;14;6,052;1,174;20;10;17;03:33;3;8;7;1,174;;1.39;12.46;1.78;02:41;9.79;1,097.15;5.78;14.24;5,586.67;28;;0;1;2;3;;29 minutes;2;1;06:03;06:33;41%;;;1;
Sakaine08;2843;676;21;10;245;14,175;407,333;;11.5;6,934;4.17;1,001;316;47;8,571;2,734;245;312,131;543;5;;4;245;0;8%;1.78;31%;76,537;;53;76,537;15;2,940;1,116;68%;15;8,224;2,556;35;15;24;04:02;4;7;4;2,556;0.06;1.73;9.55;0.8;01:49;9.24;1,302.98;5.37;17.04;5,313.74;561;7;56;46;26;128;4;12 hours;59;26;01:47:13;36:15;44%;4;3;29;
Scuffs;4060;327;16;12;247;9,672;200,069;2;10.71;6,553;8.08;832;380;58;9,974;3,937;416;362,296;317;19;;6;416;0.01;10%;3.57;39%;33,248;;;33,248;17;9,132;746;60%;17;15,934;1,100;47;21;24;02:06;4;25;14;1,100;0.19;1.43;7.63;1.89;00:59;10.38;1,088.95;12.44;27.25;11,866.15;233;3;34;34;36;104;7;6 hours;31;17;30:30;41:40;55%;5;2;12;
Semitaur;3703;34;8;8;21;11,213;34,075;;11.38;11,410;7.03;55;17;4;529;178;27;21,238;18;;;;27;0.01;15%;1.57;33%;2,783;;;2,783;10;2,663;373;51%;10;5,879;616;17;6;6;00:42;2;7;4;616;;1.36;11.72;1.33;01:07;6.02;931.82;5.69;18.41;7,111.98;35;;2;5;4;11;;33 minutes;3;1;03:20;04:10;42%;;;2;
ShadowBandane;2973;131;31;11;46;7,775;28,211;;19.17;4,130;6.73;205;90;19;1,260;544;87;63,473;100;2;;;87;0.01;15%;3.36;43%;5,886;;;5,886;14;3,351;431;49%;14;15,530;1,301;52;27;27;03:04;4;23;8;1,301;;1.11;8.92;2.78;01:40;14.63;861.67;13.17;30;9,291.37;61;2;8;7;3;18;4;1 hour;7;6;11:28;13:28;80%;3;0;1;
SharkBaitWuHaHa;3071;66;18;9;19;9,161;27,792;;14.45;6,085;4.15;104;34;9;580;312;38;34,660;52;2;;2;38;0.01;12%;3.58;53%;3,488;;2;3,488;18;4,572;436;59%;18;10,630;1,061;33;9;18;02:21;4;12;7;1,061;0.43;1.24;6.34;1.97;01:27;11.38;763.67;7.44;22.76;7,588.6;29;2;5;3;6;13;2;46 minutes;5;3;06:37;04:30;68%;4;;1;
Shel633;0;56;12;9;29;7,325;28,855;2;9.42;4,855;4.87;132;47;7;1,009;360;40;37,536;51;3;;7;40;0.01;11%;5.07;35%;2,845;;5;2,845;16;4,316;455;55%;16;10,238;681;31;11;12;01:44;2;10;6;681;1.17;0.92;4.37;1.17;01:09;8.58;478.76;7.9;22.21;6,315.76;26;;10;4;2;15;;51 minutes;6;6;06:50;09:00;100%;3;
Shmedium Undies;3982;4;3;;2;1,739;3,409;;3.18;2,711;1.59;16;4;;196;71;5;5,989;6;;;;5;0;7%;3.2;36%;609;;;609;5;3,438;294;30%;5;3,438;498;10;3;3;00:09;;2;2;498;;0.91;3.97;;00:10;4.77;484.49;3.18;12.72;4,762.96;5;;1;1;;1;;11 minutes;1;1;00:13;;91%;;;0;
Sinature;0;399;29;13;159;15,539;228,228;;15.35;8,780;6.11;642;192;42;3,802;1,545;184;193,628;289;6;;2;184;0;11%;3.29;40%;37,504;;;37,504;16;4,668;822;77%;16;11,952;3,148;49;15;33;04:14;5;13;7;3,148;0.07;2;7.5;1.61;01:37;11.11;1,442.84;7.38;24.69;7,449.25;195;4;37;27;23;87;8;5 hours;26;18;42:12;45:15;69%;5;2;6;
SirJamesParker;0;293;19;13;116;12,838;113,198;5;17.65;6,821;6.99;447;184;45;3,429;1,312;231;159,452;144;12;;22;231;0.01;17%;3.08;38%;20,865;;;20,865;28;6,523;762;77%;28;8,896;1,894;33;23;10;01:06;8;18;16;1,894;1.32;1.58;8.73;2.71;01:07;8.67;1,257.29;11.08;26.93;9,608.53;145;;13;15;25;53;4;3 hours;17;9;18:44;35:27;54%;5;1;7;
Skittle Kitteh;0;2,683;42;17;1,026;13,362;778,043;5;22.26;6,458;8.51;3,593;1,551;421;24,745;9,686;1,766;1,183,248;1,286;56;;108;1,766;0.01;18%;2.94;39%;151,332;2;18;151,332;20;6,497;893;100%;20;14,966;2,052;52;27;23;02:09;12;33;17;2,052;0.89;1.5;10.11;3.49;01:19;10.67;1,256.02;12.87;29.82;9,820.68;1,219;22;112;104;60;277;28;27 hours;120;61;02:38:39;04:49:16;50%;6;4;56;
SlowWhelp151488;3909;88;14;7;38;8,007;48,314;;16.78;9,215;7.24;143;46;5;1,174;504;80;55,418;55;2;;3;80;0.01;15%;3.1;42%;7,464;;;7,464;13;5,667;648;57%;13;8,188;1,370;29;7;12;02:05;2;16;11;1,370;0.57;1.58;8.77;0.95;01:49;10.48;1,423.51;8.77;27.27;10,569.73;46;;5;6;3;14;;1 hour;5;2;09:32;05:16;44%;4;0;3;
SnarkyShark747;2399;6;6;;;7,093;7,093;;12.03;14,222;;6;2;;67;14;2;2,186;5;;;;2;0;14%;0.85;20%;772;;;772;2;858;371;;2;2,186;772;6;2;5;00:41;;2;;772;;1.8;14.03;;01:23;10.02;1,548.14;4.01;12.03;4,382.65;7;;;0;;0;;7 minutes;0;;00:41;;;;;0;
Snide Chick;2700;130;23;8;43;12,013;52,410;2;17.68;7,131;5.85;186;88;18;1,169;516;61;59,841;68;4;;8;61;0.01;11%;2.26;44%;6,420;;5;6,420;13;4,029;398;64%;13;8,183;992;30;19;15;01:10;5;12;5;992;1.08;1.12;11.15;2.44;01:03;9.25;873.48;11.97;25.3;8,142.27;82;;7;5;7;20;4;1 hour;7;2;07:47;14:58;29%;4;1;4;
Spic3mast3r;2992;18;8;10;15;2,500;6,666;;9.2;3,411;7.67;36;9;3;288;117;13;12,153;7;3;;;13;0.01;11%;12;40%;1,036;;;1,036;12;4,812;339;37%;12;4,988;339;13;6;5;00:34;3;7;7;339;;1.33;1.53;1.53;00:23;3.58;529.89;4.6;18.41;6,217.96;3;;2;2;1;5;2;12 minutes;2;2;00:45;01:16;96%;3;;0;
SQ1B;0;2,320;35;14;798;14,579;1,081,344;;16.48;7,682;5.66;3,026;918;164;18,483;7,106;786;939,620;1,607;39;;7;786;0;11%;2.12;38%;141,629;;48;141,629;23;6,388;589;100%;23;11,861;2,378;45;18;27;05:22;7;15;7;2,378;0.04;1.27;10.1;1.16;02:07;11.41;1,006.12;6.52;21.49;6,675.04;1,422;20;148;109;127;384;25;30 hours;141;73;05:00:16;03:06:55;51%;5;11;57;
StarkBridge;2062;11;6;;2;3,210;3,875;;11.06;3,898;2.01;9;3;;169;52;3;5,302;6;;;;3;0;5%;0.9;30%;1,103;;;1,103;2;912;300;45%;2;2,383;532;6;2;4;00:30;;;;532;;1.63;10.05;1;00:50;6.03;1,109.41;3.01;9.05;5,333.55;10;;1;0;0;1;;11 minutes;1;0;00:49;;37%;;;1;
STICKYFING8RS;3045;744;20;9;215;9,243;348,969;;15.58;7,310;4.5;860;261;63;3,745;1,530;215;246,223;357;11;;2;215;0;14%;1.65;40%;45,435;;;45,435;18;2,577;879;100%;18;5,726;1,296;28;9;15;04:17;3;9;5;1,296;0.04;1.26;10.91;1.31;01:14;7.47;951.75;5.46;18.01;5,157.85;521;6;51;41;37;129;7;9 hours;48;20;59:40;39:58;42%;4;4;23;
SupaNoobGuy;4415;349;17;17;214;11,757;215,091;2;12.14;7,484;7.44;770;304;59;7,406;3,107;312;300,840;206;14;;7;312;0.01;10%;3.45;41%;24,998;;;24,998;18;6,507;564;100%;18;12,853;1,272;42;15;21;01:11;5;18;10;1,272;0.24;1.23;7.75;2.05;00:46;7.16;869.78;10.57;26.79;10,467.66;223;;28;34;27;89;5;5 hours;29;20;22:18;42:21;70%;4;2;6;
SWIFT JUSTlCE;3055;132;19;7;40;15,350;48,247;;18.08;6,611;5.48;174;50;11;842;368;53;51,215;71;3;;;53;0;14%;2.55;43%;13,936;;;13,936;10;3,656;705;68%;10;7,523;2,075;23;10;11;01:44;4;9;8;2,075;;2.5;9.31;1.5;01:29;9.72;1,909.6;6.85;23.84;7,017.79;68;2;9;10;7;26;;1 hour;7;4;10:56;05:26;55%;4;;3;
TaRaNtUlAxBaUeR;2649;4;4;;;2,074;2,074;;7.39;3,835;1.84;5;;;109;28;2;3,044;3;;;;2;0;7%;0.55;25%;738;;;738;4;1,058;150;25%;4;3,044;738;5;;3;00:53;;2;;738;;1.89;16.64;1.84;01:39;5.54;1,365.14;;9.24;5,629.46;9;;1;1;;2;;6 minutes;1;;00:53;;;;;1;
Tensa;0;27;12;4;9;5,419;17,275;;10.66;6,822;3.55;46;19;4;553;162;32;17,011;13;;;;32;0.01;19%;1.76;29%;3,209;;;3,209;7;1,926;406;36%;7;5,924;822;16;10;9;00:40;2;20;6;822;;1.61;10.26;1.57;00:37;5.13;1,267.5;7.5;18.16;6,718.17;26;;2;1;1;4;;33 minutes;3;2;01:35;;84%;;;0;
thats my sock;3409;1,370;26;11;570;14,284;740,779;2;16.38;8,861;6.81;2,069;705;140;17,958;6,647;880;759,580;831;40;;17;880;0.01;13%;2.3;37%;96,728;;6;96,728;20;5,798;859;80%;20;10,805;1,710;39;14;15;02:06;5;19;13;1,710;0.2;1.37;10.71;1.67;01:23;9.94;1,157.09;8.43;24.75;9,086.38;896;10;86;87;68;242;9;19 hours;84;40;01:56:26;01:59:05;48%;5;7;36;
The Jeff Janis;3214;175;25;7;42;6,068;35,669;;19.16;3,906;4.59;254;77;17;906;355;83;57,634;147;4;;;83;0.01;23%;2.39;39%;11,666;;3;11,666;15;2,462;505;50%;15;9,214;1,521;39;10;28;02:47;6;14;4;1,521;;1.56;11.6;1.86;01:50;16.09;1,277.31;8.43;27.81;6,310.56;106;2;11;8;4;22;;2 hours;9;5;16:48;10:20;51%;3;0;4;
the real p0tat0;2962;;;;;1,690;1,882;;4.15;7,824;;;;;43;6;;557;;;;;;;;0.25;13%;266;;;266;;204;150;5%;1;482;150;;;;00:14;;;;150;;1.41;16.62;;00:58;4.15;1,106.65;;4.15;2,316.01;4;;1;0;0;1;;3 minutes;0;0;00:14;00:03;66%;;;0;
The Shad0w Wolf;0;18;12;7;8;440;907;;14.03;708;6.23;22;5;;293;117;17;12,350;12;;;;17;0.01;14%;2.75;39%;1,136;;;1,136;7;3,110;259;37%;7;7,816;750;16;3;10;01:21;;12;4;750;;1.13;6.23;0.77;01:16;9.35;885.81;3.89;17.15;9,630.82;8;;1;;1;2;;16 minutes;1;0;01:38;;7%;;;1;
ThudTheStud;2583;8;8;3;3;2,736;2,736;;13.93;4,764;5.22;14;7;;129;47;7;5,301;11;;;;7;0.01;14%;2;36%;393;;;393;10;2,658;171;;10;5,301;393;14;7;11;00:51;;7;4;393;;0.78;12.18;1.74;01:29;19.15;685.15;12.18;24.37;9,230.26;7;;;2;;2;;8 minutes;1;1;00:51;00:20;100%;
Toxic Depth;2612;;;;;236;236;;;3,771;;;;;4;;;34;;;;;;;;;;;;;;;34;;;1;34;;;;;00:07;;;;;;;15.95;;01:56;;;;15.95;538.32;;;;0;0;0;;41.47098198160529 seconds;0;;00:07;;;;;0;
Trooper X46;2314;6;6;;;6,727;6,727;;13.51;15,158;2.25;5;3;2;55;17;5;2,183;;;;;5;0.02;29%;1.25;30%;515;;;515;3;1,195;285;;3;2,183;515;5;3;;00:07;2;5;4;515;;2.12;9.01;4.5;00:16;2.25;1,160.64;6.75;11.26;4,917.73;4;;;;;;;4 minutes;0;;00:07;01:09;;;;0;
Truck555;3000;3,026;49;16;962;16,530;959,718;3;20.14;6,390;6.4;3,834;1,342;341;16,346;6,196;1,145;999,755;1,812;55;;36;1,145;0.01;18%;2.62;37%;215,326;2;55;215,326;17;4,006;877;100%;17;14,437;2,854;52;24;38;04:58;7;23;7;2,854;0.23;1.9;9.72;2.27;01:37;12.06;1,433.68;8.93;25.52;6,656.55;1,461;18;168;152;145;465;72;31 hours;150;76;04:03:44;05:10:07;50%;6;9;65;
TzTM;3974;2,614;24;11;845;10,342;964,799;;16.28;6,009;5.26;3,164;826;156;14,562;5,567;1,002;926,105;1,669;49;;6;1,002;0;17%;1.84;38%;164,315;;8;164,315;18;7,507;585;100%;18;10,883;1,549;36;16;23;04:38;8;21;14;1,549;0.03;1.33;10.65;0.97;01:57;10.39;1,023.4;5.14;19.7;5,768.06;1,711;9;135;108;150;393;18;34 hours;161;84;05:15:02;03:00:45;52%;5;10;66;
UncleFuncleJoey;4214;84;13;7;64;7,584;60,704;;11.02;7,964;8.39;201;76;11;2,441;915;91;88,209;70;5;;5;91;0.01;9%;2.68;37%;4,843;;;4,843;18;7,941;290;53%;18;9,182;561;19;9;8;00:45;3;14;12;561;0.65;0.77;9.83;1.44;00:50;9.18;635.44;9.97;26.37;11,572.82;75;;12;8;4;24;;1 hour;8;5;06:26;09:49;72%;4;1;1;
Vault DwelIer;2895;2;2;;;312;312;;19.35;3,021;;4;;;13;6;3;932;;;;;3;0.02;50%;1.33;46%;371;;;371;2;664;202;;2;932;371;4;;;00:28;;3;3;371;;2.72;29.03;;04:38;9.67;3,589.02;9.67;38.71;9,022.13;3;;0;;;0;;2 minutes;0;;00:28;;;;;0;
Verity;3388;4;2;;;100;100;;5.36;134;1.34;4;;;23;2;2;818;;;;;2;0;100%;2;8%;431;;4;431;2;552;316;13%;2;552;316;2;;;00:28;;2;2;316;;1.44;2.68;1.34;00:44;;577.99;1.34;5.36;1,097.67;2;;1;1;0;2;;4 minutes;1;;00:33;;;;;1;
Vexualy;4027;483;21;20;228;8,965;236,624;;15.24;7,468;7.19;894;329;85;6,143;2,419;314;267,626;243;23;;5;314;0.01;12%;3.41;39%;30,457;;;30,457;19;4,197;560;83%;19;10,833;1,194;41;17;13;01:30;5;20;9;1,194;0.15;1.25;8.26;2.68;00:51;7.66;961.26;10.38;28.21;8,446.68;262;;30;28;30;88;10;6 hours;32;21;27:14;52:16;67%;4;2;8;
vKure;4326;74;12;7;38;6,652;58,640;;10.23;8,108;5.25;147;63;14;1,698;518;52;53,433;64;2;;;52;0;10%;1.56;30%;6,936;;;6,936;9;3,539;341;54%;9;9,732;713;22;10;15;04:02;2;8;5;713;;1.12;12.99;1.93;02:05;8.84;958.94;8.71;20.32;7,387.95;94;3;4;6;9;20;;1 hour;7;3;15:06;09:43;36%;4;0;4;
VW GTI G0DSP33D;3574;6;5;;;1,010;1,088;;12.71;2,307;;6;3;;41;20;;2,672;;;;;;;;0.75;48%;;;;;2;799;;50%;2;2,421;;5;3;;00:10;;;;;;;16.95;;00:22;;;6.35;12.71;5,662.92;8;;1;0;0;1;;6 minutes;0;;00:10;;;;0;0;
Wavy as;3000;30;10;3;7;9,669;21,962;;9.63;7,055;2.24;42;17;6;398;183;15;19,581;18;;;;15;0;8%;2.21;45%;2,281;;;2,281;7;1,984;646;52%;7;5,116;934;15;6;8;00:56;3;6;4;934;;1.28;6.1;1.92;00:37;5.78;732.7;5.46;13.49;6,290.07;19;;2;4;3;10;;29 minutes;3;0;01:55;01:17;8%;;1;2;
Weed iHunt;0;21;8;7;14;4,792;12,258;;13.8;8,056;9.2;43;19;2;349;115;9;11,409;29;2;;;9;0;7%;3.9;32%;1,871;;;1,871;9;2,448;435;40%;9;3,657;663;15;7;11;01:09;;4;2;663;;1.66;7.22;1.31;01:33;19.05;1,229.6;12.48;28.26;7,498.54;11;;2;1;2;5;;18 minutes;2;1;02:22;02:40;63%;3;0;0;
WELSHMANIA;4025;93;21;14;63;9,977;48,829;;12.78;6,715;8.66;218;83;26;2,410;911;121;87,560;92;5;;;121;0.01;13%;2.79;37%;11,791;;;11,791;13;3,565;487;92%;13;13,811;1,996;34;15;19;01:32;9;29;10;1,996;;1.77;10.72;3.57;01:26;12.65;1,621.54;11.41;29.97;12,041.27;78;3;8;9;3;20;;1 hour;7;3;10:31;09:36;40%;3;0;4;
Westside Ryderz;3000;495;33;9;216;10,058;245,354;2;13.76;6,825;6;761;206;38;6,161;2,041;240;247,417;410;15;;15;240;0;11%;2.05;33%;58,372;;6;58,372;15;3,877;704;100%;15;10,411;2,438;36;12;21;04:54;5;12;11;2,438;0.41;1.97;10.29;1.05;02:10;11.4;1,623.73;5.73;21.16;6,882.46;370;;35;30;27;91;3;8 hours;36;16;01:18:28;41:58;44%;4;1;19;
Whos Riven;3371;;;;;542;542;;12.67;6,871;;4;;;14;7;;800;3;;;;;;;4;50%;150;;;150;3;499;150;;3;800;150;4;;3;00:14;;;;150;;1.7;12.67;;02:58;38.03;1,901.68;12.67;50.71;10,145.75;;;0;0;0;0;;1 minute;0;;00:14;;;;;0;
Wookiee Steve;2615;14;9;4;9;2,095;3,313;;9.19;2,176;5.91;34;17;4;331;92;20;9,708;12;;;;20;0.01;21%;3.09;27%;1,363;;;1,363;10;3,191;476;75%;10;3,507;518;13;8;5;00:20;3;12;11;518;;1.35;7.22;2.62;00:24;7.88;895.24;11.16;22.33;6,376.65;11;;1;1;1;3;;16 minutes;2;1;00:37;02:22;92%;;;0;
WSXRQ;3188;4;4;;;373;373;;13.24;1,234;;2;;;22;5;;847;;;;;;0;20%;;22%;219;;;219;;614;167;22%;1;847;219;2;;;00:08;;;;219;;1.86;6.62;;00:28;3.31;725.69;;6.62;2,803.62;2;;0;0;0;1;;1 minute;0;0;00:08;00:04;1%;;;0;
Wxnderful;0;2,358;38;21;1,147;14,268;896,106;3;17.62;6,699;8.57;4,075;1,464;267;29,707;11,045;1,812;1,319,970;1,371;85;;64;1,812;0.01;16%;3.55;37%;120,346;;14;120,339;21;6,754;781;77%;21;20,031;1,869;57;19;36;02:58;6;25;11;1,869;0.47;1.16;8.56;1.99;01:16;10.24;899.63;10.94;30.46;9,867.26;1,146;15;175;160;131;466;32;28 hours;134;93;02:50:37;04:53:49;69%;5;8;33;
Xandoid;3131;11;10;5;5;7,510;7,795;;16.06;11,385;7.3;14;4;;78;35;3;3,802;9;;;;3;0;8%;4.66;44%;820;;;820;10;2,125;447;46%;10;3,526;670;13;3;8;00:20;;3;3;670;;2.5;4.38;1.46;00:47;13.14;1,197.33;5.84;20.44;5,553;3;;2;0;1;3;;5 minutes;1;;00:32;02:42;;;;1;
Xbox359ver1;0;;;;;2,381;3,192;;;5,424;;;;;14;2;;66;;;;;;;;;14%;;;;;;66;;14%;;66;;;;;;;;;;;;;;;;;;;112.43;;;;;0;0;;4 minutes;1;;;;;;;1;
xHAZ4RDZx;3383;13;8;3;7;5,343;9,669;;11.05;8,219;5.95;33;11;2;155;46;12;6,760;17;;;;12;0.01;26%;2.35;29%;2,424;;;2,424;7;1,131;392;23%;7;3,498;1,154;18;6;7;01:15;;6;3;1,154;;2.26;11.9;1.7;01:57;14.45;2,060.3;9.35;28.05;5,745.84;14;;0;1;1;3;;17 minutes;1;;02:18;;;;0;1;
xPMoney7;2746;114;18;8;30;3,686;25,767;;20.43;4,618;5.37;135;58;16;537;187;47;30,577;66;4;;;47;0.01;25%;2.81;34%;6,623;;;6,623;14;2,899;589;50%;14;4,447;1,048;23;8;11;01:20;3;8;5;1,048;;1.55;8.6;2.86;01:09;11.82;1,187.18;10.39;24.19;5,480.55;48;2;7;5;4;16;2;1 hour;6;3;06:26;06:18;55%;4;0;2;
Xvanthious;2465;241;31;10;64;9,137;99,606;2;19.98;8,260;5.3;233;64;22;838;246;21;56,287;125;3;;10;21;0;8%;1.92;29%;13,109;;23;13,109;12;2,679;396;46%;12;7,383;1,246;31;8;17;03:02;3;3;3;1,246;0.82;1.52;10.03;1.82;02:16;10.36;1,087.06;5.3;19.32;4,667.54;121;;16;13;7;37;4;2 hours;12;7;27:25;12:37;54%;3;;6;
xXDrosxo13Xx;3042;4;4;;;127;127;;8.24;262;2.06;3;;;49;16;;1,747;;;;;;;;0.6;32%;224;;;224;2;691;150;32%;2;1,747;224;3;;;00:14;;;;224;;0.89;10.3;;00:29;2.06;461.3;2.06;6.18;3,600.1;5;;0;;;0;;4 minutes;0;;00:14;;;;;0;
xXGaMeRgUyXx;2469;;;;;3,129;3,129;;;16,533;;2;2;;36;23;;1,744;;;;;;0.01;4%;2;63%;;;;;2;1,744;;;2;1,744;;2;2;;;;;;;;;5.28;5.28;;;;10.56;10.56;9,215.88;;;;0;0;1;;1 minute;0;;;;;;;0;
XxScourgexX1;2567;5;5;;;185;185;;12.44;461;2.48;4;;2;4;4;2;1,224;;;;;2;0;50%;0.8;100%;246;;;246;;627;220;100%;1;1,224;246;4;;;00:18;2;2;;246;;1.13;12.44;4.97;00:45;2.48;612.77;2.48;9.95;3,048.11;5;;1;;0;2;;3 minutes;0;;00:18;;;;;0;
yayletsplay;2772;;;;;390;390;;;1,199;3.07;4;2;;71;15;;1,571;;;;;;;;;21%;150;;;150;3;616;150;;3;1,571;150;4;2;;00:30;;;;150;;0.46;12.3;;01:34;3.07;461.3;6.15;12.3;4,830.55;4;;;0;;0;;5 minutes;0;0;00:30;;100%;
yoyohurricanes;4167;89;10;9;58;7,806;65,390;;10.29;7,563;6.7;235;90;17;2,196;782;93;75,301;92;5;;3;93;0.01;11%;3.91;35%;7,972;;;7,972;16;6,197;539;43%;16;6,819;789;25;11;12;01:13;4;11;8;789;0.34;1.12;6.93;1.96;00:53;10.64;922.06;10.4;27.18;8,709.5;60;;10;7;11;28;3;1 hour;9;6;07:45;07:40;66%;4;1;1;
ySaiL;0;88;36;10;28;4,982;17,857;;21.46;4,356;6.83;125;37;10;659;281;27;37,199;56;2;;;27;0;9%;4.8;42%;2,964;;;2,964;21;4,518;396;47%;21;12,189;698;40;10;20;02:44;6;9;6;698;;1.08;6.34;2.43;02:06;13.66;723.09;9.02;30.49;9,074.3;26;;2;7;6;15;3;45 minutes;4;4;08:38;04:32;91%;3;;0;
zRiiCHiiEz;2365;66;18;4;16;8,219;27,677;;20.5;8,598;4.97;83;25;6;356;127;15;18,770;34;;;;15;0;11%;3.32;35%;4,768;;;4,768;10;2,001;804;55%;10;4,864;935;18;5;9;01:36;3;5;4;935;;1.63;7.76;1.86;01:30;10.56;1,481.2;7.76;25.78;5,830.72;25;2;3;2;1;6;;48 minutes;3;2;04:52;00:50;61%;;;1;
