Username;SR;Souls Consumed;Death Blossom Kills;Souls Consumed - Most in Game;Death Blossom Kills - Most in Game;Melee Final Blows - Most in Game;Souls Consumed - Average;Death Blossom Kills - Average;Eliminations;Final Blows;Solo Kills;Shots Fired;Shots Hit;Critical Hits;Damage Done;Objective Kills;Multikills;Environmental Kills;Melee Final Blows;Critical Hits;Critical Hits per Minute;Critical Hit Accuracy;Eliminations per Life;Weapon Accuracy;Healing Done;Teleporter Pads Destroyed;Turrets Destroyed;Self Healing;Eliminations - Most in Life;Damage Done - Most in Life;Healing Done - Most in Life;Weapon Accuracy - Best in Game;Kill Streak - Best;Damage Done - Most in Game;Healing Done - Most in Game;Eliminations - Most in Game;Final Blows - Most in Game;Objective Kills - Most in Game;Objective Time - Most in Game;Solo Kills - Most in Game;Critical Hits - Most in Game;Critical Hits - Most in Life;Self Healing - Most in Game;Melee Final Blows - Average;Self Healing - Average;Deaths - Average;Solo Kills - Average;Objective Time - Average;Objective Kills - Average;Healing Done - Average;Final Blows - Average;Eliminations - Average;Damage Done - Average;Deaths;Environmental Deaths;Medals - Bronze;Medals - Silver;Medals - Gold;Medals;Cards;Time Played;Games Played;Games Won;Objective Time;Time Spent on Fire;Win Percentage;Multikill - Best;Games Tied;Games Lost;
A Camping Cat;;2,093;629;38;17;2;24.21;7.27;3,032;1,867;337;501,140;163,097;13,121;1,333,047;1,159;76;;17;13,121;0.17;8%;2.71;32%;76,739;;14;76,739;21;6,165;594;63%;21;22,084;1,459;62;42;32;03:14;11;300;95;1,459;0.19;1.02;12.92;3.89;01:29;13.41;887.9;21.6;35.08;15,424.06;1,117;23;73;78;123;274;29;20 hours;86;33;02:08:59;03:41:17;38%;4;4;49;
A Chill Lamp;;864;274;47;16;;24.15;7.65;1,296;749;183;222,500;72,116;6,498;582,601;453;31;;6;6,498;0.19;9%;2.56;32%;32,648;;3;32,648;17;6,725;517;60%;17;27,391;1,871;65;42;29;02:15;14;377;76;1,871;0.16;0.99;14.14;5.11;01:04;12.66;912.65;20.93;36.22;16,286.45;506;7;36;31;45;112;10;9 hours;36;17;38:42;01:32:00;47%;5;1;17;
A1 Shank Sauce;;125;45;31;13;;22.28;8.02;203;124;29;36,400;10,297;879;80,093;113;6;;3;879;0.16;8%;2.6;28%;5,090;;;5,090;16;4,218;437;34%;16;20,491;1,261;49;27;30;02:28;7;277;69;1,261;0.53;0.98;13.9;5.16;01:27;20.14;907.41;22.1;36.18;14,278.65;78;4;7;7;7;21;2;1 hour;6;3;08:12;19:22;50%;4;1;2;
AbductzZ;;80;21;18;7;2;16.1;4.22;143;75;16;24,700;6,106;688;48,935;45;3;;2;688;0.18;11%;3.4;24%;2,967;;;2,967;13;3,387;300;30%;13;10,295;576;35;21;11;01:51;6;172;71;576;0.4;0.78;8.45;3.22;01:15;9.05;597.21;15.09;28.78;9,850.53;42;;5;7;3;15;;1 hour;5;3;06:16;02:19;61%;4;;2;
Abdul Ahkbar;;1,976;745;39;19;;20.84;7.86;3,131;1,727;266;623,480;165,874;12,729;1,327,808;1,113;89;;2;12,729;0.15;7%;2.86;26%;71,777;;;71,777;24;9,606;621;54%;24;22,027;1,527;59;34;29;03:08;9;233;107;1,527;0.02;0.89;11.52;2.8;01:17;11.74;757.29;18.22;33.03;14,009.26;1,092;22;87;91;116;294;23;22 hours;95;51;02:03:10;02:47:40;53%;6;6;38;
AbduzeedoO;;33;19;12;8;;19.08;10.98;56;32;9;8,460;2,121;242;17,646;35;2;;;242;0.18;11%;3.11;25%;1,196;;;1,196;15;3,768;218;;15;6,688;414;25;17;14;01:43;4;100;49;414;;0.92;10.4;5.2;02:03;20.24;691.92;18.5;32.38;10,205.41;18;;1;2;5;8;2;21 minutes;2;1;03:33;07:58;51%;3;;1;
AceSilver143;;958;299;49;13;2;15.91;4.96;1,583;770;215;427,600;91,984;6,431;654,756;839;35;;5;6,431;0.12;6%;2.23;21%;35,368;3;41;35,368;16;5,426;523;55%;16;25,789;1,953;69;33;47;04:36;9;262;80;1,953;0.08;0.67;11.77;3.57;01:30;13.93;587.42;12.78;26.29;10,874.78;709;15;63;57;52;172;10;14 hours;60;18;01:30:30;01:11:57;30%;4;4;38;
ACETieFighter;;16;7;11;4;;26.53;11.61;17;14;5;2,700;952;86;8,229;10;2;;;86;0.17;9%;1.41;35%;592;;;592;5;2,681;250;;5;4,698;437;11;8;7;00:28;4;61;28;437;;1.17;19.9;8.29;01:00;16.58;981.49;23.22;28.19;13,649.78;12;;;0;2;2;;8 minutes;1;;00:36;00:24;;3;;1;
Aeon Bahamut X;;90;21;34;7;;21.31;4.97;148;80;12;25,840;6,653;544;49,778;44;3;;;544;0.16;8%;3.44;25%;3,397;;;3,397;17;3,761;422;27%;17;14,202;1,215;51;21;15;01:49;5;147;48;1,215;;1.01;10.18;2.84;00:58;10.41;804.46;18.94;35.04;11,788.15;43;2;5;5;5;15;2;55 minutes;4;3;04:08;09:34;65%;3;;1;
Agro;;17;3;9;2;;25.79;4.55;28;8;2;5,200;1,334;66;7,245;11;;;;66;0.09;4%;2.8;25%;664;;;664;6;1,520;216;;6;3,800;363;16;4;6;00:47;2;46;15;363;;0.91;15.17;3.03;01:48;16.68;1,006.81;12.13;42.47;10,991.91;10;;0;;;0;;12 minutes;1;0;01:11;;60%;3;;0;
Alcy;;70;24;22;11;;26.22;8.98;101;56;10;27,020;7,975;479;56,066;28;3;;;479;0.18;6%;3.6;29%;2,709;;;2,709;9;5,032;250;33%;9;17,370;847;32;15;6;00:59;5;171;41;847;0.37;1.05;10.48;3.74;01:13;10.48;1,014.89;20.97;37.83;21,001.04;28;2;2;3;3;8;2;42 minutes;3;2;03:15;05:11;81%;4;0;0;
alphurr;;22;4;11;2;;20.4;3.71;31;14;4;5,900;1,435;84;10,500;13;;;;84;0.07;5%;1.82;24%;838;;3;838;9;2,131;341;21%;9;5,349;391;18;9;7;00:29;3;44;18;391;0.92;0.73;15.77;3.71;01:01;12.05;776.95;12.98;28.75;9,740.06;17;;0;1;0;2;;18 minutes;1;0;01:06;00:55;12%;3;0;1;
AlwazeUlty;;17;5;5;4;;9.98;2.93;33;18;;6,960;2,250;229;14,212;16;;;;229;0.15;10%;1.17;32%;726;;;726;6;1,956;203;44%;6;4,584;203;8;6;6;00:16;;86;42;203;;0.49;16.43;0.58;00:53;9.39;426.25;10.56;19.37;8,344.48;28;;2;0;1;3;;24 minutes;2;0;01:31;01:13;24%;4;;1;
Amberdextric;;;;;;;5.54;;;;;740;487;20;2,920;;;;;20;0.18;4%;0.5;65%;50;;;50;;1,437;50;;1;2,920;50;;;;;;20;13;50;;0.46;11.09;5.54;;;277.41;5.54;5.54;16,203.58;2;;0;0;0;1;;1 minute;0;;;;;;;0;
Apacalypto;;155;53;26;8;;15.59;5.33;238;143;40;44,380;12,084;920;90,821;118;5;;;920;0.15;7%;2.76;27%;5,084;;8;5,084;13;3,784;462;44%;13;13,128;861;34;22;24;02:18;7;135;46;861;;0.86;8.65;4.02;01:06;11.87;511.55;14.38;23.94;9,138.42;86;;8;9;13;30;6;1 hour;10;3;10:56;23:19;29%;4;;7;
apeX Piffiiii;;12;8;12;8;;30.47;20.31;14;11;8;2,660;950;67;9,450;8;;;;67;0.2;7%;2.8;35%;457;;;457;6;3,153;215;;6;9,450;457;14;11;8;00:26;8;67;28;457;;1.4;12.69;20.31;01:08;20.31;1,159.41;27.93;35.55;23,998.94;5;;;1;0;2;;5 minutes;0;0;00:26;01:56;100%;3;;0;
aR CoSMo;;6,201;1,809;45;18;2;19.64;5.73;9,703;5,545;1,260;2,018,480;514,375;39,566;3,940,484;4,096;191;;33;39,566;0.15;7%;2.75;25%;228,902;3;174;228,902;22;9,079;550;59%;22;30,636;1,584;70;46;42;03:36;11;404;89;1,584;0.1;0.9;11.14;3.99;01:17;12.97;725.14;17.56;30.73;12,483.24;3,519;69;342;308;357;1,007;106;70 hours;316;166;06:49:08;09:47:13;52%;6;13;137;
Asco HD;;62;23;12;6;;9.38;3.48;120;71;21;17,720;6,400;480;45,089;52;5;;;480;0.12;7%;3.52;36%;2,156;;5;2,156;12;2,609;250;43%;12;7,612;510;21;15;14;00:31;4;90;68;510;;0.58;5.14;3.17;00:19;7.87;326.42;10.74;18.16;6,825.61;34;;5;3;5;12;2;1 hour;7;3;02:06;08:10;45%;3;;4;
Aspire Leo;;3,082;970;54;20;2;21.98;6.91;4,422;2,807;705;673,280;223,056;19,197;1,795,260;1,789;120;;16;19,197;0.16;8%;3.05;33%;113,479;4;80;113,479;25;10,997;626;67%;25;26,289;1,818;63;41;33;03:20;16;331;107;1,818;0.11;0.98;10.32;5.02;01:20;12.76;809.47;20.02;31.54;12,806.02;1,447;4;124;134;200;458;44;32 hours;140;65;03:07:07;06:25:03;46%;6;13;63;
Auzzymandias;;;;;;;20.73;;;;;420;119;6;542;;;;;6;0.13;5%;;28%;50;;;50;;542;50;;1;542;50;;;;00:05;;6;6;50;;1.13;20.73;;01:59;20.73;1,033.16;20.73;20.73;11,248.38;;;;0;0;0;;43.98705501575023 seconds;0;;00:05;;;;;0;
AvaldezC;;2,717;874;38;21;4;19.01;6.11;4,145;2,662;661;721,700;210,627;17,548;1,697,824;1,464;105;2;99;17,548;0.14;8%;2.6;29%;100,559;5;28;100,559;23;6,563;624;48%;23;20,892;1,598;59;38;29;02:18;12;262;72;1,598;0.69;0.85;11.15;4.62;01:01;10.24;703.71;18.62;29;11,881.45;1,594;20;155;128;116;400;27;32 hours;143;69;02:27:14;04:13:41;48%;6;5;69;
Axemen;;4,475;1,568;44;18;;19.59;6.86;7,017;3,648;696;1,593,260;439,695;28,257;3,410,763;3,227;173;;2;28,257;0.15;6%;2.83;27%;161,379;2;57;161,379;25;9,926;600;60%;25;28,583;1,691;65;40;35;05:04;11;415;115;1,691;0;0.86;10.85;3.04;01:47;14.13;706.63;15.97;30.72;14,934.79;2,478;43;220;226;338;784;98;51 hours;228;120;06:50:22;07:05:11;52%;5;12;96;
Azu;;63;22;18;8;;22.32;7.79;105;70;24;13,960;4,138;401;30,131;36;4;;;401;0.23;9%;5.52;29%;2,178;;;2,178;26;8,208;704;29%;26;8,208;704;28;24;13;00:27;10;157;113;704;;1.26;6.73;8.5;00:25;12.75;771.84;24.8;37.21;10,678.72;19;;2;2;6;10;3;28 minutes;3;2;01:12;11:23;71%;3;0;1;
B0LTi;;291;98;36;13;2;17.76;5.98;471;289;94;80,140;20,827;1,780;159,074;111;13;;3;1,780;0.18;8%;3.76;25%;10,940;;9;10,940;16;3,868;395;36%;16;18,585;1,390;46;33;13;01:05;15;187;54;1,390;0.18;1.16;7.62;5.73;00:35;6.77;667.77;17.63;28.74;9,709.5;125;2;20;12;24;56;9;2 hours;16;14;09:36;30:58;86%;5;1;1;
BallerGotSkillZ;;163;43;29;12;;18.71;4.93;240;142;34;39,200;11,619;769;81,058;104;4;;;769;0.11;6%;3.24;29%;6,061;;;6,061;23;6,484;653;34%;23;11,916;1,121;39;24;18;01:02;6;162;57;1,121;;0.86;8.49;3.9;00:47;11.94;696.04;16.3;27.56;9,308.43;74;;12;5;7;23;4;1 hour;9;3;06:54;14:42;34%;4;1;5;
Bandora22;;69;23;24;10;;23.89;7.96;101;61;18;17,860;4,644;450;41,233;43;;;;450;0.16;9%;1.9;26%;2,768;;;2,768;14;4,463;430;34%;14;14,615;937;38;19;21;01:34;6;189;42;937;;1.04;18.35;6.23;01:29;14.88;958.25;21.12;34.97;14,276.62;53;;4;3;3;10;;44 minutes;3;1;04:18;09:13;25%;5;;2;
BatmanDobbins;;20,996;6,342;56;22;2;21.62;6.53;31,093;19,133;4,670;4,857,540;1,712,937;135,442;13,594,352;12,321;640;;96;135,442;0.17;7%;3.01;35%;788,520;11;276;788,520;32;10,238;810;68%;32;35,074;2,203;75;50;43;04:59;17;415;118;2,203;0.09;1.01;10.61;4.8;01:20;12.68;812.09;19.7;32.02;14,000.75;10,307;97;829;901;1,665;3,395;430;214 hours;971;501;21:48:44;39:01:57;51%;6;38;431;
bear0488;;14;;10;;;20.91;1.49;16;13;3;3,280;1,133;133;9,652;7;;;;133;0.3;11%;2;34%;592;;;592;8;2,913;342;39%;8;6,239;492;10;8;5;00:22;2;81;48;492;;1.34;11.95;4.48;00:57;10.45;883.97;19.42;23.9;14,420.72;8;;0;1;1;3;;7 minutes;1;;00:38;00:52;;3;;1;
BeeVA;;16;3;6;2;;12.79;2.39;29;17;4;5,240;1,491;175;11,090;7;;;;175;0.2;11%;2.41;28%;601;;;601;11;2,449;200;;11;5,043;218;14;8;4;00:17;2;80;31;218;;0.69;9.59;3.19;00:24;5.59;480.74;13.59;23.19;8,868.79;12;;1;2;3;6;;14 minutes;1;1;00:31;02:00;41%;;0;0;
Beyond Volscian;;13;5;13;5;;26.22;10.08;27;15;;3,300;965;45;7,741;16;;;;45;0.08;4%;3.85;29%;381;;;381;9;2,734;116;;9;7,741;381;27;15;16;01:05;;45;15;381;;0.74;14.11;;02:11;32.27;768.15;30.25;54.45;15,612.92;7;;;0;1;2;;8 minutes;0;;01:05;02:47;;;;0;
BLAD3WIING13;;690;208;46;16;2;22.84;6.88;998;571;136;236,360;58,299;4,634;444,655;485;22;;2;4,634;0.17;7%;2.14;24%;24,670;;;24,670;22;7,671;776;36%;22;24,966;1,592;61;34;30;03:14;14;265;108;1,592;0.06;0.91;15.42;4.5;01:36;16.05;816.74;18.9;33.04;14,721.29;466;12;36;23;41;100;9;7 hours;30;16;48:39;45:19;51%;4;;15;
bossy ross;;27;7;12;3;;8.17;2.11;58;35;;14,320;4,045;407;31,004;24;;;;407;0.2;10%;2.41;28%;1,085;;2;1,085;9;3,204;236;33%;9;10,504;518;26;17;9;00:57;;141;51;518;;0.54;7.26;;00:37;7.26;328.45;10.59;17.55;9,385.93;24;;3;2;5;9;;32 minutes;3;1;02:03;01:40;43%;3;;2;
Bounce Cityyyyy;;38;7;8;2;;13.67;2.51;62;41;14;10,540;3,122;341;28,042;15;;;;341;0.16;10%;1.82;29%;1,442;;;1,442;12;4,222;271;52%;12;6,217;312;16;9;6;01:00;4;85;72;312;;0.68;12.23;5.03;01:06;5.39;519.2;14.75;22.31;10,095.15;34;2;3;3;1;8;;35 minutes;3;1;03:04;04:35;33%;;;2;
Breezy2369;;;;;;;10.17;;4;2;;520;135;8;1,365;3;;;;8;0.11;5%;2;25%;50;;;50;3;1,052;50;;3;1,365;50;4;2;3;00:08;;8;7;50;;0.69;20.34;;01:23;30.51;508.59;20.34;40.68;13,884.09;2;;;0;0;0;;1 minute;0;0;00:08;;100%;
bscotty919;;14;4;14;4;;15.15;4.33;22;12;4;3,620;966;102;10,769;14;;;;102;0.13;10%;2;26%;452;;;452;7;2,657;184;;7;10,769;452;22;12;14;01:39;4;102;21;452;1.08;0.57;11.91;4.33;01:47;15.15;489.41;12.99;23.82;11,660.32;11;;2;1;;3;;13 minutes;1;;01:39;00:20;;3;;1;
burn out 317;;33;6;13;3;;12.63;2.29;46;34;16;7,440;2,115;202;12,465;9;;;2;202;0.17;9%;3.06;28%;1,369;;;1,369;9;2,276;209;31%;9;5,156;539;16;12;5;00:31;8;84;48;539;0.76;1.19;5.74;6.12;00:18;3.44;524.16;13.01;17.6;4,771.21;15;;1;2;2;5;;19 minutes;3;2;00:47;00:20;77%;;;1;
C0RPORAL;;11;3;11;3;;19.67;5.36;14;10;2;3,180;1,152;68;7,167;3;;;;68;0.11;5%;1.55;36%;454;;;454;6;1,836;151;;6;6,375;454;13;10;3;00:15;2;62;24;454;;0.77;16.09;3.57;00:27;5.36;812.05;17.88;25.03;12,815.14;9;;1;1;0;2;;9 minutes;1;0;00:15;;9%;;;1;
C1ZR;;843;267;36;21;;25.58;8.1;1,366;807;177;186,900;62,344;5,052;502,604;432;38;;2;5,052;0.18;8%;3.86;33%;30,835;;2;30,835;24;6,896;480;53%;24;24,547;1,355;53;37;28;01:52;9;189;72;1,355;0.06;1.1;10.71;5.37;00:53;13.11;935.98;24.49;41.46;15,256.14;353;3;29;36;40;105;11;7 hours;33;24;29:37;01:30:10;71%;6;1;8;
Cerubeus;;1,737;655;40;16;3;20.3;7.65;2,940;1,547;248;594,040;158,335;11,965;1,215,653;1,229;85;;28;11,965;0.17;7%;3.69;26%;62,056;;7;62,056;19;7,383;729;59%;19;25,021;1,436;65;33;28;02:57;11;333;87;1,436;0.32;0.92;9.29;2.89;01:32;14.36;725.33;18.08;34.36;14,208.88;795;7;92;98;115;305;37;18 hours;86;56;02:11:17;03:22:42;65%;7;2;27;
Chazsy;;986;309;42;13;;21.19;6.64;1,405;770;114;289,020;75,598;5,564;614,120;575;37;;2;5,564;0.14;7%;2.34;26%;36,385;;3;36,385;18;5,988;606;36%;18;23,098;1,424;60;34;31;02:50;7;263;79;1,424;0.04;0.96;12.85;2.45;01:23;12.36;782.27;16.55;30.2;13,203.56;598;5;57;50;55;162;12;10 hours;47;25;01:04:26;01:22:40;52%;4;1;21;
Chopper Le Porc;;1,189;341;55;17;2;28.54;8.18;1,678;1,032;280;257,940;78,413;6,760;610,519;834;36;;16;6,760;0.16;8%;3.26;30%;43,129;;19;43,129;22;5,639;715;50%;22;23,800;2,366;65;47;42;03:23;19;292;93;2,366;0.38;1.07;12.34;6.72;01:55;20.02;1,035.53;24.77;40.28;14,658.55;514;16;42;45;59;146;18;11 hours;42;21;01:19:54;02:24:35;49%;5;;21;
Chris Zettek;;1,362;536;35;14;;19.34;7.61;2,168;1,149;201;432,040;130,902;10,080;1,049,909;876;72;;2;10,080;0.17;7%;2.73;30%;49,360;;;49,360;19;10,261;576;75%;19;21,261;1,243;48;32;28;02:14;10;185;85;1,243;0.02;0.84;11.27;2.85;01:07;12.44;701.2;16.32;30.79;14,914.98;794;5;58;58;102;217;22;16 hours;70;40;01:19:42;01:59:53;57%;6;3;28;
CHRISBREEZY0413;;;;;;;11;;3;3;;560;180;7;1,057;2;;;;7;0.06;3%;3;32%;50;;;50;3;1,057;50;;3;1,057;50;3;3;2;00:13;;7;7;50;;0.47;11;;02:24;22;550.13;33;33;11,632.01;;;;;0;0;;1 minute;0;;00:13;;;;0;0;
Chrome2YahDome;;72;15;16;7;;14.59;3.04;106;62;15;27,840;5,405;594;40,905;44;2;;;594;0.16;10%;1.82;19%;2,570;;;2,570;13;3,908;300;29%;13;8,156;538;22;11;10;01:16;4;105;66;538;;0.72;11.75;3.04;00:59;8.92;521.06;12.57;21.49;8,293.76;58;2;6;4;2;13;;58 minutes;5;2;04:52;01:34;38%;4;0;3;
Coluge;;1,458;507;42;19;2;23.77;8.26;2,221;1,255;192;448,820;130,731;9,666;1,027,569;908;61;;19;9,666;0.18;7%;3.67;29%;53,201;;4;53,201;29;10,736;569;41%;29;30,667;1,684;62;37;36;03:58;7;337;123;1,684;0.3;1.03;9.86;3.13;01:36;14.8;867.65;20.46;36.22;16,758.73;605;10;51;53;122;227;29;14 hours;61;39;01:38:34;02:15:16;63%;5;0;22;
Coluge is back;;2,338;838;44;21;2;23.39;8.38;3,756;2,103;305;725,460;220,637;16,207;1,762,207;1,411;107;;40;16,207;0.19;7%;3.8;30%;82,415;;15;82,415;26;10,882;692;48%;26;36,065;1,749;73;43;41;04:14;11;340;116;1,749;0.4;0.99;9.86;3.05;01:21;14.11;824.63;21.04;37.58;17,632.46;986;15;77;72;213;363;57;22 hours;100;63;02:15:59;05:00:53;62%;5;4;33;
commander 8899;;130;25;24;7;;17.18;3.3;185;101;17;39,380;11,548;730;78,118;69;2;;;730;0.14;6%;3.36;29%;4,977;;;4,977;15;6,111;378;38%;15;15,209;847;29;20;15;01:50;3;147;66;847;;0.98;7.26;2.24;01:14;9.11;657.84;13.34;24.45;10,324.95;55;;6;8;8;22;2;1 hour;8;5;09:22;06:13;61%;3;0;3;
Conduit;;304;90;40;11;2;22.78;6.74;462;263;54;83,940;25,055;1,829;183,970;182;14;;3;1,829;0.15;7%;2.7;29%;11,230;;;11,230;14;5,475;394;100%;14;19,276;1,593;52;33;25;02:03;8;254;60;1,593;0.22;0.93;12.81;4.04;01:22;13.64;841.74;19.71;34.62;13,789.32;171;4;11;11;13;35;3;3 hours;13;6;18:22;21:27;44%;4;0;7;
Controversy LAL;;399;107;52;13;;21.79;5.84;622;380;86;116,480;32,184;1,978;224,448;303;17;;;1,978;0.13;6%;5.98;27%;14,701;;4;14,701;33;13,110;824;34%;33;22,818;1,720;60;35;34;02:44;12;259;88;1,720;0.05;1.01;5.68;4.69;01:17;16.55;803.21;20.76;33.98;12,262.8;104;;14;29;29;72;12;4 hours;18;12;23:31;42:05;67%;5;1;4;
CookiesMilkYum;;71;20;20;7;;22.98;6.47;102;61;12;17,740;5,369;447;42,162;43;;;;447;0.16;8%;3.64;30%;2,454;;;2,454;14;5,341;339;31%;14;12,991;841;31;20;11;01:05;5;108;80;841;;0.92;9.06;3.88;01:13;13.91;794.3;19.74;33.01;13,647.51;28;;3;2;5;11;;44 minutes;3;2;03:47;06:14;57%;4;;1;
Corey Burlinson;;299;91;34;10;;32.18;9.79;450;243;44;63,240;19,452;1,759;164,596;140;18;;;1,759;0.2;9%;3.91;30%;11,755;;;11,755;20;7,715;715;40%;20;17,271;1,374;53;28;18;01:26;4;187;71;1,374;0.1;1.35;12.37;4.73;01:03;15.06;1,265.28;26.15;48.43;17,717.12;115;;8;9;11;27;2;2 hours;9;7;09:50;29:01;79%;4;1;1;
cougargoalie;;19;4;11;3;;24.35;5.12;22;9;2;4,480;1,434;61;9,821;7;;;;61;0.08;4%;2.44;32%;804;;;804;10;2,141;382;;10;5,941;532;12;5;5;00:21;;39;16;532;;1.11;11.53;2.56;00:50;8.97;1,030.64;11.53;28.2;12,591.14;9;;0;0;;1;;12 minutes;1;0;00:39;00:20;57%;3;;0;
Cow Lupin;;137;44;17;8;;13.06;4.19;240;145;42;38,740;10,149;861;68,878;97;6;;;861;0.13;8%;10.43;26%;4,522;;8;4,522;24;5,742;601;47%;24;7,686;639;27;15;13;01:07;8;84;78;639;0.09;0.69;2.19;4;00:36;9.24;431.1;13.82;22.88;6,566.4;23;;14;5;6;25;5;1 hour;10;4;06:18;11:48;39%;3;1;6;
Curaja;;40;9;20;3;;15.33;3.45;58;34;7;8,400;2,253;183;15,803;21;;;;183;0.12;8%;4.83;26%;1,348;;6;1,348;18;3,988;545;38%;18;5,221;709;21;10;8;01:06;3;55;39;709;;0.9;4.6;2.68;01:11;8.05;516.94;13.03;22.24;6,059.95;12;;3;3;3;9;;24 minutes;3;1;03:06;04:46;45%;;;1;
DamianXCadena;;145;38;44;7;;25.66;6.72;187;108;37;35,020;8,920;705;64,683;78;4;;;705;0.14;7%;2.28;25%;5,641;;4;5,641;8;3,123;288;33%;8;9,386;1,454;42;19;24;02:11;9;102;44;1,454;0.17;1.13;14.51;6.54;01:23;13.8;998.42;19.11;33.09;11,449.02;82;;9;5;6;20;2;1 hour;6;3;07:53;10:44;47%;3;1;2;
DanGetzBucketz;;125;24;38;12;;15.72;3.01;205;97;8;50,540;13,888;946;97,349;93;2;;;946;0.15;6%;2.66;27%;4,202;;;4,202;14;4,947;552;38%;14;21,692;1,085;61;30;32;03:36;2;224;100;1,085;0.12;0.68;9.68;1;01:29;11.69;528.63;12.2;25.79;12,247;77;;11;9;8;28;;1 hour;8;4;11:47;09:26;52%;3;1;2;
DankestFountain;;225;90;30;14;;18.52;7.41;371;239;93;50,760;15,876;1,201;128,829;127;8;;;1,201;0.14;7%;5.98;31%;8,313;;9;8,313;17;9,061;520;51%;17;15,134;1,203;51;31;26;01:20;15;211;95;1,203;;1.02;5.1;7.65;00:36;10.45;684.51;19.67;30.54;10,608.04;62;;10;11;18;39;11;2 hours;12;8;07:18;39:26;65%;5;1;3;
DeftOrthruss;;19;7;6;3;;9.53;3.51;30;16;5;7,940;2,207;193;19,355;11;;;;193;0.12;8%;0.96;27%;708;;;708;3;1,706;150;29%;3;6,547;268;7;4;4;00:49;2;74;38;268;;0.45;15.55;2.5;00:43;5.52;355.14;8.03;15.05;9,714.28;31;;3;2;1;6;;25 minutes;2;0;01:26;00:09;11%;3;;2;
Derogant;;17;3;8;2;;19.62;3.46;24;15;5;4,300;1,035;125;7,588;4;;;;125;0.21;12%;3;24%;645;;;645;8;3,248;275;;8;4,949;325;15;9;2;00:14;2;88;69;325;;1.11;9.23;5.77;00:35;4.61;744.43;17.31;27.69;8,757.26;8;;1;0;0;2;;9 minutes;1;1;00:31;01:00;100%;
Dog Thanatos;;1,335;446;41;15;2;22.81;7.62;1,960;1,099;191;379,680;107,111;7,990;814,230;862;47;;16;7,990;0.16;7%;3.19;28%;48,853;3;10;48,853;23;6,595;531;50%;23;23,460;1,601;53;30;28;03:08;10;242;74;1,601;0.27;0.99;10.49;3.26;01:21;14.73;834.94;18.78;33.49;13,915.95;614;14;66;66;75;207;20;13 hours;59;28;01:19:10;02:04:13;48%;5;5;25;
DogeGammit;;409;67;52;13;2;31.63;5.18;608;332;61;95,200;27,777;2,292;214,476;253;13;;3;2,292;0.17;8%;4.67;29%;14,867;;;14,867;24;8,760;579;35%;24;29,590;1,639;74;40;47;05:56;8;272;92;1,639;0.23;1.12;10.05;4.71;01:54;19.56;1,149.97;25.67;47.02;16,589.34;130;2;14;11;21;46;7;3 hours;13;7;24:41;39:24;51%;3;3;4;
DOMINICKYO;;146;32;38;12;;17.87;3.91;163;93;27;44,580;10,431;712;76,948;69;;;;712;0.09;6%;1.17;23%;5,502;;4;5,502;13;2,868;572;28%;13;15,725;1,539;45;28;24;02:04;10;209;35;1,539;;0.74;17.01;3.3;01:22;8.44;673.75;11.38;19.95;9,421.91;139;4;8;5;3;17;;2 hours;8;2;11:17;03:56;20%;;0;6;
Doub1eAgent0reo;;127;34;35;13;;26.28;7.03;179;98;16;31,840;9,783;846;79,442;37;7;;;846;0.21;8%;3.08;30%;4,200;;;4,200;14;6,878;455;36%;14;22,902;1,132;44;24;9;00:44;4;167;114;1,132;0.2;1.04;12;3.31;00:47;7.65;869.27;20.28;37.04;16,442.32;58;;4;5;7;16;3;1 hour;5;3;03:51;11:51;54%;4;0;2;
DoubledLizard;;;2;;2;;2.05;4.11;4;;;2,040;490;27;3,022;;;;;27;0.07;5%;0.57;24%;50;;4;50;3;1,097;50;24%;3;2,923;50;4;;;00:21;;27;9;50;;0.13;14.41;;00:54;2.05;102.93;2.05;8.23;6,220.65;7;;1;0;0;1;;5 minutes;0;0;00:26;;27%;;;0;
Drakothius;;;;;;;20.29;;;;;660;219;11;1,476;;;;;11;0.17;5%;0.33;33%;50;;;50;;660;50;;1;1,476;50;;;;00:24;;11;5;50;;0.78;60.87;;08:25;;1,014.62;;20.29;29,945.83;3;;0;;0;0;;1 minute;0;0;00:24;;100%;
DrivebySamura1;;1,471;486;56;25;2;26.36;8.7;2,193;1,392;263;357,460;119,362;9,593;988,125;789;55;;25;9,593;0.21;8%;3.74;33%;54,207;;2;54,207;28;9,931;523;47%;28;33,650;2,248;68;46;32;02:24;8;346;87;2,248;0.44;1.2;10.48;4.71;01:13;14.13;971.42;24.94;39.29;17,707.79;585;11;35;42;121;198;45;12 hours;56;37;01:08:42;03:22:04;66%;5;2;17;
DrShark628;;630;161;44;12;;21.83;5.58;874;478;109;151,900;46,771;3,109;342,212;412;14;;3;3,109;0.13;6%;2.98;30%;23,910;;13;23,910;32;8,244;813;41%;32;18,217;1,856;55;33;31;03:10;11;221;78;1,856;0.1;1.06;10.15;3.77;01:18;14.28;828.81;16.56;30.29;11,862.56;293;6;37;27;37;102;13;6 hours;29;15;37:39;55:17;50%;4;3;12;
Dub6 Pingouino;;115;27;26;7;;25.29;5.93;159;101;28;29,220;7,789;587;57,497;62;2;;;587;0.15;7%;3;26%;4,309;;;4,309;13;4,997;338;36%;13;10,921;1,057;37;24;21;01:45;7;112;46;1,057;;1.12;11.65;6.15;01:18;13.63;947.74;22.21;34.97;12,646.2;53;;4;3;5;12;;1 hour;5;1;05:54;12:37;24%;3;0;3;
e UNAGI san;;33;6;16;4;;19.28;3.5;46;30;9;9,240;2,178;237;14,463;16;;;;237;0.16;10%;1.84;23%;1,363;;;1,363;10;3,219;338;;10;5,697;672;19;12;7;00:37;4;130;88;672;;0.96;14.61;5.25;00:51;9.35;796.76;17.53;26.88;8,452.1;25;;1;3;;4;;23 minutes;2;0;01:28;01:35;7%;3;1;1;
EliteKnight1;;8;2;6;2;;10.49;2.62;9;8;2;1,960;591;91;4,300;3;;;;91;0.3;15%;4.5;30%;350;;;350;7;2,728;250;57%;7;2,728;250;7;6;3;00:05;2;61;61;250;;1.16;2.62;2.62;00:07;3.93;459.08;10.49;11.8;5,640.07;2;;;2;1;2;;5 minutes;1;1;00:05;;100%;
Elsayer;;234;77;40;19;;20.62;6.78;342;192;51;60,420;16,710;1,277;133,763;190;13;;2;1,277;0.14;7%;2.69;27%;8,818;;14;8,818;20;5,333;428;36%;20;19,771;1,304;60;38;33;03:17;11;153;58;1,304;0.17;0.97;11.19;4.49;02:07;16.74;777.07;16.92;30.13;11,788.25;127;2;13;11;15;40;3;2 hours;11;5;24:02;28:12;40%;4;1;6;
Emit Pain;;349;116;33;11;;23.78;7.9;542;325;70;90,600;27,469;2,476;223,570;140;11;;;2,476;0.21;9%;3.71;30%;12,453;;;12,453;19;9,154;453;46%;19;24,255;958;55;30;13;01:37;8;268;89;958;0.06;1.08;9.95;4.77;00:53;9.54;848.75;22.15;36.94;15,237.94;146;;10;13;21;44;7;3 hours;15;10;13:00;47:17;70%;4;1;3;
Everforeverr;;5;;5;;;8.89;;11;2;;4,360;718;61;5,353;9;;;;61;0.14;8%;2.2;16%;208;;;208;4;1,930;138;16%;4;4,943;208;11;2;9;01:26;;61;18;208;;0.49;8.89;1.77;02:33;16.01;370.52;3.55;19.57;9,527.84;5;;;0;0;0;;7 minutes;1;1;01:26;;100%;
FANCYHOODLUM;;817;225;25;11;;16.36;4.5;1,130;580;112;283,720;68,994;5,036;524,393;530;16;;;5,036;0.12;7%;1.77;24%;31,333;;5;31,333;33;14,035;683;50%;33;14,910;1,073;33;19;19;02:41;5;122;73;1,073;0.02;0.76;12.73;2.24;01:24;10.61;627.55;11.61;22.63;10,502.84;636;8;58;47;29;134;4;11 hours;50;23;01:09:56;29:54;46%;4;3;24;
FBorrego;;8;3;8;3;;9.61;3.6;23;16;2;3,520;317;51;2,831;10;;;;51;0.13;16%;23;9%;274;;;274;20;2,511;274;9%;20;2,511;274;20;16;7;00:08;2;46;46;274;;0.74;1.2;2.4;00:11;12.01;329.1;19.22;27.63;3,400.56;;;2;0;0;2;;6 minutes;1;1;00:09;00:05;100%;3;
Ferni;;203;89;23;12;2;21.4;9.38;335;187;37;71,740;20,366;1,290;159,191;105;17;;2;1,290;0.16;6%;3.35;28%;7,409;;;7,409;21;6,101;697;35%;21;17,678;808;37;28;10;00:56;6;162;83;808;0.21;0.92;10.54;3.9;00:47;11.07;781.32;19.72;35.32;16,787.55;100;;6;8;19;33;5;2 hours;9;5;07:31;28:24;53%;5;1;3;
FotR Ragnarok;;19;6;12;4;;21.92;6.92;17;10;6;5,020;1,180;70;8,457;8;;;;70;0.1;5%;2.12;23%;860;;;860;6;4,537;246;31%;6;4,892;573;11;6;6;00:39;5;51;35;573;;1.33;9.23;6.92;00:59;9.23;992.48;11.53;19.61;9,757.98;8;;1;2;;2;;10 minutes;1;1;00:51;01:06;58%;3;;0;
fusion360elite;;339;105;33;14;;17.21;5.33;499;289;48;125,660;31,311;2,480;226,564;241;12;;;2,480;0.16;7%;2.07;24%;11,531;;3;11,531;14;6,373;371;43%;14;15,593;1,283;47;24;25;02:32;4;191;64;1,283;0.05;0.75;12.24;2.43;01:22;12.24;585.72;14.67;25.34;11,508.13;241;2;21;23;27;70;3;4 hours;20;8;26:55;22:42;38%;5;;12;
GandalfTheCyan;;7;2;7;2;;22.42;6.4;8;5;;1,320;283;29;2,164;5;;;;29;0.13;10%;2.66;21%;300;;;300;3;950;200;21%;3;2,164;300;8;5;5;00:17;;29;17;300;;1.43;9.6;3.2;00:56;16.01;960.97;16.01;25.62;6,932.29;3;;0;1;;2;;3 minutes;0;;00:17;;;;;0;
Gbox36;;1,306;420;43;16;;17.56;5.64;1,768;1,184;468;298,980;81,565;6,314;634,865;677;36;;4;6,314;0.11;7%;2.53;27%;49,844;7;40;49,844;17;5,283;533;41%;17;20,915;1,680;58;36;36;02:48;22;224;63;1,680;0.05;0.93;9.37;6.29;00:47;9.1;670.49;15.92;23.78;8,540.01;697;10;84;50;61;195;18;14 hours;74;36;58:48;01:39:57;48%;5;3;36;
Genju Main;;284;106;36;12;3;24.66;9.2;451;276;47;85,080;22,589;1,940;179,061;168;12;;6;1,940;0.18;8%;4.25;26%;10,459;;;10,459;22;6,595;600;43%;22;19,283;1,509;58;37;19;01:54;8;276;69;1,509;0.52;0.98;9.2;4.08;01:12;14.59;908.52;23.97;39.17;15,553.89;106;2;8;8;19;35;4;2 hours;12;6;13:56;25:55;51%;5;0;5;
glich30;;3;;3;;;21.7;;4;3;2;360;219;19;951;2;;;;19;0.21;8%;2;60%;125;;;125;3;794;75;;3;951;125;4;3;2;00:02;2;19;17;125;;1.38;14.46;14.46;00:18;14.46;904.29;21.7;28.93;6,878.04;2;;;0;;0;;1 minute;0;;00:02;;;;;0;
godstomper231;;1,094;396;33;14;3;20.99;7.6;1,571;909;171;317,200;94,069;6,913;773,837;586;48;;31;6,913;0.15;7%;2.12;29%;40,481;;12;40,481;17;6,988;624;46%;17;22,219;1,175;42;27;20;04:38;10;170;78;1,175;0.59;0.91;14.22;3.28;01:24;11.24;776.93;17.44;30.15;14,851.96;741;7;58;65;74;198;21;12 hours;52;23;01:13:38;01:40:31;44%;5;7;22;
Golden Viper210;;490;133;29;12;2;21.93;5.95;704;415;80;127,160;37,489;2,740;292,574;304;13;;11;2,740;0.14;7%;2.88;29%;17,660;;5;17,660;15;6,207;453;47%;15;18,212;1,162;45;29;22;02:09;7;154;58;1,162;0.49;0.93;10.92;3.58;01:49;13.6;790.42;18.57;31.5;13,095.15;244;8;24;20;34;79;6;5 hours;22;14;40:54;45:08;62%;4;2;6;
Gooty73;;8;;8;;;15.47;1.93;14;9;4;3,940;934;72;6,411;6;;;;72;0.14;7%;2.33;23%;360;;;360;7;2,640;150;;7;6,411;360;14;9;6;00:17;4;72;31;360;;0.73;11.6;7.73;00:34;11.6;696.13;17.41;27.08;12,403.64;6;;;1;;1;;8 minutes;1;1;00:17;00:26;100%;
H0KIE P0KIE;;3;;3;;;10.86;3.62;6;2;;1,160;151;49;1,586;3;;;;49;0.24;32%;2;13%;102;;;102;3;993;102;13%;3;1,586;102;6;2;3;00:13;;49;47;102;;0.51;10.86;;00:48;10.86;368.99;7.24;21.72;5,743.34;3;;0;;;0;;3 minutes;0;0;00:13;;100%;
Hai Im Tracer;;26;6;19;6;;27.32;6.3;31;10;;6,280;1,863;111;15,811;13;;;;111;0.11;5%;2.58;29%;866;;;866;8;2,816;235;28%;8;8,246;656;20;7;8;00:20;;74;17;656;;0.9;12.61;1.05;00:43;13.66;909.92;10.5;32.58;16,616.83;12;;1;0;;1;;15 minutes;1;;00:41;00:09;;3;1;0;
HarleyHltman2nd;;9;;9;;;13.23;1.47;9;5;3;1,760;423;31;2,113;3;;;;31;0.12;7%;2.25;24%;384;;;384;4;817;100;;4;2,113;384;9;5;3;00:05;3;31;15;384;;1.52;5.88;4.41;00:07;4.41;564.72;7.35;13.23;3,108.13;4;;1;1;;2;;4 minutes;1;1;00:05;;100%;
HerBakedPizza;;30;7;17;4;;20.77;4.84;49;29;6;5,800;1,932;147;16,346;9;;;;147;0.17;7%;7;33%;1,154;;;1,154;12;3,050;334;37%;12;7,710;715;24;17;7;00:28;3;88;35;715;;1.36;4.84;4.15;00:35;6.23;798.99;20.08;33.93;11,321.17;7;;1;1;3;5;;14 minutes;1;1;00:51;05:41;100%;
HighPRO Zzz;;23;9;18;7;;15.88;6.21;31;19;7;5,560;1,529;126;9,959;13;;;;126;0.11;8%;2.06;27%;888;;;888;7;2,149;202;28%;7;7,079;638;24;13;12;01:08;5;94;33;638;;0.84;10.35;4.83;00:56;8.97;613.27;13.11;21.4;6,876.44;15;;1;2;2;5;;17 minutes;1;1;01:21;01:28;72%;;;0;
Hiperninja;;541;150;57;17;3;26.26;7.28;720;468;133;84,560;31,859;2,651;244,541;294;25;;6;2,651;0.17;8%;3.46;37%;21,025;;;21,025;20;7,367;645;61%;20;19,410;2,163;66;45;36;03:05;14;225;57;2,163;0.29;1.38;10.09;6.45;01:16;14.27;1,020.82;22.72;34.95;11,873.42;208;4;29;16;24;70;11;4 hours;21;16;26:10;01:05:24;78%;4;;4;
I Horizontal I;;38;8;17;5;;15.09;3.17;51;34;12;6,960;1,904;254;14,985;25;;;;254;0.16;13%;1.82;27%;1,627;;;1,627;13;2,048;411;22%;13;5,800;677;24;20;9;01:06;6;95;28;677;0.39;1.04;11.12;4.76;00:56;9.93;646.31;13.5;20.26;5,953.13;28;;2;4;2;8;;25 minutes;3;1;02:22;03:18;39%;3;;2;
i like esportz;;18;;15;5;;15.04;5.01;;;;;;;13,829;;;;;125;;;;25%;665;;;665;;;;;;10,435;;;;;;;108;53;565;;0.86;5.85;3.34;01:04;12.53;555.79;23.4;35.1;11,559.14;7;;;;3;4;;12 minutes;;;01:17;02:26;96%;4;;0;
I Only Torbjorn;;2;;2;;;15.12;;;;;;;;2,221;;;;;12;;;;47%;100;;;100;;;;;;2,221;;;;;;;12;9;100;;1.28;7.56;;00:51;15.12;756.2;22.68;45.37;16,792.93;;;;0;;1;;1 minute;;;;00:58;100%;;;0;
i r a pancake;;119;24;23;6;;21.9;4.41;182;103;29;29,020;8,322;515;57,541;80;3;;;515;0.12;6%;3.56;28%;4,204;;;4,204;15;4,713;350;46%;15;10,320;934;36;19;23;02:15;8;90;57;934;;1;9.38;5.33;01:15;14.72;773.71;18.95;33.49;10,590.15;51;;4;7;7;18;3;1 hour;5;2;06:47;14:23;32%;3;;4;
IamSlak;;11;5;9;4;;9.57;4.35;25;10;;4,840;1,202;113;9,149;;;;;113;0.15;9%;1.78;24%;388;;;388;8;2,004;175;30%;8;7,140;293;22;8;;00:23;;70;30;293;;0.52;12.18;;00:24;;337.62;8.7;21.75;7,960.62;14;;1;;1;2;;12 minutes;1;;00:28;;63%;;;0;
iArctos;;710;266;36;17;;25.08;9.39;1,106;675;119;195,900;59,506;4,968;483,531;401;32;;3;4,968;0.2;8%;2.97;30%;25,908;;;25,908;19;6,215;522;52%;19;20,577;1,384;56;32;20;01:21;6;275;90;1,384;0.1;1.06;13.14;4.2;01:11;14.16;915.48;23.85;39.08;17,085.78;372;7;23;23;50;95;18;6 hours;28;13;33:40;01:25:50;46%;6;2;13;
IGenjiMain;;75;17;16;5;;27.15;6.15;111;54;8;22,680;5,944;342;40,648;54;;;;342;0.13;5%;4.62;26%;2,803;;;2,803;20;4,603;454;40%;20;6,131;503;22;12;16;01:20;3;61;47;503;0.36;1.06;8.69;2.89;01:52;19.55;1,015.18;19.55;40.19;14,719.18;24;;2;2;3;8;;43 minutes;3;1;05:11;07:45;39%;3;0;1;
II Scar3CroW;;852;292;37;14;;16.24;5.56;1,224;690;171;241,020;66,231;5,459;507,141;569;31;;;5,459;0.13;8%;2.15;27%;31,130;4;15;31,130;17;5,681;442;49%;17;20,167;1,289;44;25;25;03:24;8;259;61;1,289;0.01;0.79;10.82;3.26;01:18;10.84;593.51;13.15;23.33;9,668.92;568;11;62;49;37;148;7;10 hours;52;23;01:08:37;01:08:39;43%;4;2;28;
II SirMaru II;;32;7;12;4;;13.17;2.88;51;37;12;9,060;2,928;208;22,712;18;;;;208;0.14;7%;2.83;32%;1,328;;;1,328;12;5,025;330;67%;12;9,618;530;17;12;8;01:09;6;77;32;530;;0.92;7.41;4.94;00:47;7.41;546.8;15.23;20.99;9,351.48;18;;3;1;5;9;2;23 minutes;2;1;01:55;05:07;54%;3;;1;
II Table;;1,449;663;36;15;;16.39;7.5;2,532;1,277;251;560,900;147,316;10,220;1,178,773;1,059;88;;;10,220;0.15;6%;3.21;26%;51,533;4;20;51,533;29;10,166;690;47%;29;24,771;1,055;49;32;23;02:07;7;225;85;1,055;;0.76;8.91;2.84;01:02;11.98;583.15;14.45;28.65;13,339.17;788;12;84;70;84;239;29;18 hours;88;46;01:32:09;02:04:31;51%;6;3;40;
Im Forgiving;;5,748;1,801;49;18;;21.72;6.8;9,334;5,302;774;1,337,760;477,826;32,378;3,715,477;3,493;239;;10;32,378;0.15;6%;4.09;35%;203,841;;31;203,841;28;13,044;613;57%;28;29,787;1,934;66;41;40;03:55;11;267;92;1,934;0.03;0.97;8.61;2.92;01:20;13.2;770.5;20.04;35.28;14,044.26;2,278;30;254;277;367;899;103;58 hours;265;176;05:54:34;10:24:21;66%;6;12;77;
Im Voxie;;620;148;38;9;;23.08;5.51;952;539;103;163,580;45,829;3,885;368,597;354;20;;5;3,885;0.15;8%;3.08;28%;22,139;;2;22,139;17;6,564;420;35%;17;22,444;1,409;57;31;23;01:51;10;233;93;1,409;0.18;0.9;11.5;3.83;01:12;13.18;824.48;20.07;35.45;13,727.01;309;7;31;28;26;85;3;6 hours;27;12;32:32;38:49;46%;4;1;14;
Ind3mnity;;3;2;3;2;;11.2;7.47;3;2;;720;284;22;2,553;3;;;;22;0.08;7%;0.5;39%;50;;;50;3;1,238;50;26%;3;2,342;50;3;2;3;00:07;;15;7;50;;0.19;22.41;;00:46;11.2;186.76;7.47;11.2;9,536.38;6;;0;0;0;1;;4 minutes;0;;00:12;00:27;;3;;0;
Infamous Bounty;;417;184;24;12;;16.45;7.26;656;367;82;153,500;44,780;3,433;361,945;258;19;;4;3,433;0.16;7%;2.33;29%;15,348;;5;15,348;14;6,059;455;59%;14;21,669;859;33;23;21;02:04;9;201;60;859;0.15;0.73;11.09;3.23;00:55;10.18;605.79;14.48;25.89;14,286.06;281;3;29;19;22;70;4;5 hours;25;11;23:37;33:52;43%;5;1;14;
iNs2aNe;;;;;;;8.9;;;;;640;114;14;887;;;;;14;0.14;12%;0.33;17%;25;;;25;;820;25;;1;887;25;;;;00:16;;14;13;25;;0.25;26.72;;02:24;8.9;222.72;;8.9;7,906.59;3;;0;0;0;1;;1 minute;0;0;00:16;;12%;;;0;
iSttoooLen;;102;30;21;8;;18.46;5.43;169;95;22;28,680;7,585;525;58,763;55;4;;2;525;0.13;6%;5.45;26%;3,822;;6;3,822;13;4,541;395;37%;13;14,575;893;39;27;18;01:35;9;119;41;893;0.36;0.98;5.61;3.98;00:51;9.95;691.95;17.2;30.59;10,639.67;31;;7;7;0;15;;1 hour;6;5;04:44;08:29;92%;4;;0;
Itothean511;;226;93;24;10;2;18.03;7.41;388;230;50;69,740;22,925;1,950;183,063;141;12;;4;1,950;0.18;8%;2.67;32%;8,120;;;8,120;16;6,251;452;42%;16;15,340;770;45;28;15;01:15;4;236;64;770;0.31;0.76;11.56;3.98;01:04;11.24;647.83;18.35;30.95;14,605.37;145;2;10;13;18;41;5;2 hours;13;9;13:28;24:43;67%;4;1;3;
ItsCONRAD;;1,289;411;45;17;;23.39;7.46;1,839;1,014;232;341,340;92,972;7,519;760,350;746;33;;6;7,519;0.16;8%;3.28;27%;45,483;;14;45,483;24;7,210;552;54%;24;19,360;1,808;60;30;30;02:34;12;250;81;1,808;0.1;1.02;10.16;4.21;01:22;13.54;825.61;18.4;33.38;13,802.14;560;4;58;49;57;164;16;12 hours;55;28;01:15:18;01:52:03;50%;5;1;26;
iUnExpected;;2,144;715;40;20;;20.65;6.88;3,480;1,905;323;710,860;188,438;14,393;1,475,466;1,377;94;;8;14,393;0.16;7%;3.05;26%;77,957;5;14;77,957;21;9,469;840;61%;21;21,951;1,539;57;33;29;02:49;8;283;129;1,539;0.07;0.89;10.96;3.11;01:17;13.26;750.98;18.35;33.52;14,213.69;1,138;23;96;92;128;316;34;24 hours;104;46;02:14:54;03:22:03;44%;5;7;51;
iuya;;9;3;6;3;;4.78;1.59;18;11;2;4,020;1,399;77;10,321;;;;;77;0.13;5%;2.57;34%;382;;;382;12;3,524;265;;12;5,686;265;12;8;;00:13;2;58;35;265;;0.65;3.72;1.06;00:11;0.53;203.35;5.85;9.57;5,490.43;7;;2;1;2;4;;9 minutes;2;1;00:22;00:38;43%;3;;1;
IX HALFBREED XI;;9;4;5;2;;13.58;6.03;12;8;;3,100;1,081;119;9,276;8;;;;119;0.21;11%;0.92;34%;430;;;430;4;1,837;241;33%;4;4,681;280;5;3;5;00:33;;44;40;280;;0.76;19.62;1.5;01:33;12.07;648.98;12.07;18.11;14,003.11;13;;1;1;1;2;;9 minutes;1;;01:01;00:07;;;0;1;
JDaawg23;;5;;5;;;8.92;;5;2;;1,940;318;25;2,109;3;;;;25;0.06;7%;0.83;16%;177;;2;177;5;1,147;177;16%;5;2,109;177;5;2;3;00:23;;25;15;177;;0.45;10.7;;00:42;5.35;316.08;3.56;8.92;3,762.02;6;;;1;;1;;6 minutes;1;;00:23;;;;;1;
JDn808;;468;157;25;10;;14.54;4.87;822;474;113;169,400;43,622;3,415;316,968;380;23;;3;3,415;0.13;7%;2.56;25%;17,145;;19;17,139;18;5,736;423;40%;18;11,204;1,024;38;27;21;01:19;9;147;105;1,024;0.09;0.66;9.97;3.51;01:07;11.8;532.75;14.72;25.54;9,849.2;321;8;31;37;24;93;;7 hours;32;14;35:59;41:34;44%;4;2;16;
JerryAlphaCode;;21;12;9;9;;7.8;4.46;37;18;3;6,000;1,378;64;11,482;15;2;;;64;0.05;4%;2.46;22%;720;;;720;17;2,343;231;25%;17;6,674;393;17;11;9;00:38;3;29;21;393;;0.65;5.57;1.11;00:21;5.57;267.84;6.69;13.75;4,269.34;15;;1;2;;3;;18 minutes;3;1;00:57;03:53;24%;5;1;1;
Jew Veri;;1,212;372;61;20;2;23.17;7.11;1,812;1,176;318;258,420;94,298;7,498;733,915;579;34;;8;7,498;0.18;7%;4.19;36%;45,590;;6;45,587;35;11,441;882;46%;35;24,759;2,313;80;54;35;02:21;19;325;181;2,313;0.15;1.12;8.26;6.08;00:46;11.07;871.84;22.48;34.65;14,035.28;432;5;39;56;73;168;30;11 hours;52;36;40:12;02:42:10;67%;5;3;14;
JoboRulz;;9;2;9;2;;23.16;5.14;16;10;3;3,040;660;34;4,828;9;;;;34;0.12;5%;5.33;21%;257;;;257;15;4,412;257;21%;15;4,828;257;16;10;9;00:59;3;34;30;257;;0.9;7.72;7.72;02:32;23.16;660.12;25.73;41.17;12,424.74;3;;1;;1;2;;4 minutes;0;;00:59;;;;;0;
Josh Balzack;;5;;5;;;28.38;5.67;5;5;;1,000;272;33;2,541;;;;;33;0.17;12%;1.66;27%;250;;;250;2;1,185;100;27%;2;2,541;250;5;5;;00:04;;33;12;250;;1.32;17.03;5.67;00:27;5.67;1,419.39;28.38;28.38;14,425.77;3;;0;0;0;1;;3 minutes;0;;00:04;;;;;0;
KageEinjeruE102;;245;76;29;14;;18.78;5.82;355;155;25;76,760;19,388;1,747;157,120;154;10;;;1,747;0.16;9%;1.96;25%;9,023;;;9,023;11;3,408;312;43%;11;15,887;982;46;18;21;02:25;3;207;55;982;0.07;0.82;13.88;1.91;01:26;11.81;691.94;11.88;27.22;12,049.33;181;3;18;11;14;43;3;3 hours;13;6;18:51;15:05;42%;4;1;7;
KaIlkz;;17,086;5,106;59;23;2;22.08;6.6;24,972;15,268;3,579;3,990,360;1,230,665;94,562;9,659,442;9,908;612;;65;94,562;0.15;7%;2.51;30%;639,983;20;142;639,983;28;7,542;804;100%;28;29,612;2,252;77;47;40;03:48;17;350;106;2,252;0.08;1.01;12.83;4.62;01:20;12.8;827.35;19.73;32.28;12,487.56;9,931;157;774;726;945;2,445;256;174 hours;774;382;17:23:06;30:12:53;49%;6;33;358;
KEIHEI;;41;12;14;6;;32;9.36;42;27;6;8,200;1,741;162;13,301;14;3;;;162;0.17;9%;4.66;21%;1,147;;;1,147;11;3,659;379;26%;11;5,370;461;16;10;7;00:47;3;53;36;461;0.78;1.24;7.02;4.68;01:15;10.92;895.42;21.07;32.78;10,383.27;9;;1;1;1;3;;15 minutes;1;1;01:36;03:31;51%;3;;1;
Kimmy Gibbz69;;73;31;13;6;;14.27;6.06;126;80;16;26,940;9,333;575;71,180;38;2;;;575;0.13;6%;1.9;34%;2,843;;2;2,843;10;5,432;282;73%;10;11,666;458;20;12;7;00:39;4;117;42;458;;0.65;12.9;3.12;00:56;7.43;555.9;15.64;24.63;13,917.48;66;;4;3;6;13;;1 hour;5;1;04:50;03:29;21%;3;0;4;
KING IZ SIIC;;685;192;36;14;;19.75;5.53;966;504;86;211,220;59,814;4,171;444,930;386;21;;;4,171;0.15;6%;2.52;28%;24,670;;9;24,670;23;7,680;636;48%;23;16,546;1,221;52;30;25;01:59;9;162;107;1,221;;0.9;11.01;2.47;01:03;11.12;711.32;14.53;27.85;12,828.85;382;7;35;26;40;101;10;7 hours;35;12;36:34;45:43;33%;5;2;21;
King TurkeyNeck;;2;;;;;4.67;;5;3;3;2,000;594;35;4,394;;;;;35;0.09;5%;0.55;29%;100;;;100;2;1,539;50;;2;2,552;50;2;;;00:04;;14;14;50;;0.26;21.04;7.01;00:13;2.33;233.83;7.01;11.69;10,275.41;9;;0;0;1;1;;6 minutes;0;0;00:05;;32%;;;0;
Kingg Tuttle;;146;61;36;14;;20.52;8.57;252;124;21;53,680;14,781;992;113,745;129;9;;;992;0.17;6%;3.31;27%;5,020;;;5,020;17;7,592;472;36%;17;22,922;1,182;58;27;38;03:03;6;194;85;1,182;;0.88;10.68;2.95;01:44;18.13;705.51;17.42;35.41;15,986.79;76;;7;6;11;25;3;1 hour;7;4;12:23;14:50;52%;5;;3;
Kypahh;;58;30;23;10;;16.56;8.56;117;60;13;23,520;7,095;475;52,200;33;3;;;475;0.18;6%;4.5;30%;2,044;;;2,044;14;5,184;237;33%;14;23,139;947;47;27;17;02:18;8;231;57;947;;0.79;7.42;3.71;01:09;9.42;583.64;17.13;33.41;14,907.75;26;;4;7;2;13;;42 minutes;4;2;04:03;14:30;44%;4;1;1;
LanceHasPants;;21;5;13;5;;15.03;3.58;27;11;3;8,640;1,862;101;13,756;16;;;;101;0.1;5%;1.92;21%;849;;;849;7;2,865;247;19%;7;5,943;524;17;9;11;01:02;2;64;35;524;;0.87;10.02;2.14;01:09;11.45;607.71;7.87;19.33;9,851.3;14;;2;1;2;5;;16 minutes;1;0;01:37;01:13;16%;3;0;1;
Lefty Supremacy;;22;2;22;2;;42.88;3.89;23;18;8;3,580;882;117;5,909;3;;;;117;0.23;13%;2.87;24%;779;;;779;11;2,662;417;;11;5,909;779;23;18;3;00:32;8;117;41;779;;1.53;15.59;15.59;01:02;5.84;1,518.27;35.09;44.83;11,519.96;8;;;1;1;1;;8 minutes;1;;00:32;05:13;;;;1;
LEGENDARYWARIOR;;619;193;32;11;;15.99;4.98;913;569;141;149,640;45,775;3,502;365,615;339;20;;3;3,502;0.11;7%;1.84;30%;23,210;;11;23,210;19;7,199;521;45%;19;16,679;1,133;33;23;19;01:49;9;150;71;1,133;0.07;0.74;12.76;3.64;00:54;8.75;599.71;14.7;23.59;9,447.12;494;9;37;31;27;96;5;8 hours;39;17;34:51;33:03;43%;5;1;21;
Leveyez;;692;221;40;15;;22.78;7.27;1,008;534;106;187,060;55,668;4,547;441,330;488;28;;;4,547;0.17;8%;2.48;29%;23,994;;8;23,994;17;5,910;393;77%;17;21,290;1,296;59;30;31;03:44;8;231;83;1,296;0.03;0.89;13.37;3.49;01:39;16.07;790.15;17.58;33.19;14,533.53;406;8;32;30;37;99;7;7 hours;30;13;50:06;57:36;42%;5;1;17;
limited death;;26;14;7;5;;15.18;8.17;41;29;4;9,460;3,083;271;23,342;22;;;;271;0.21;8%;1.86;32%;746;;;746;9;3,586;200;41%;9;5,856;250;9;8;6;00:41;;92;34;250;;0.59;12.85;2.33;01:25;12.85;435.88;16.93;23.94;13,633.88;22;;1;3;0;4;;20 minutes;2;2;02:26;02:29;88%;5;;0;
limmme;;3,372;1,223;48;19;3;19.3;7;5,206;2,809;598;1,060,660;269,106;19,045;2,149,831;2,097;137;;9;19,045;0.13;7%;2.7;25%;123,333;3;33;123,333;22;7,265;619;43%;22;30,039;1,688;67;33;37;04:51;10;224;90;1,688;0.05;0.86;11;3.42;01:14;12;706.02;16.08;29.8;12,306.85;1,922;23;202;160;150;512;33;39 hours;175;82;03:36:59;04:46:03;47%;6;7;85;
Little Bran;;3,037;878;42;16;3;22.16;6.4;4,502;2,624;542;822,420;233,582;19,058;1,809,125;1,925;107;;54;19,058;0.16;8%;3.26;28%;108,752;4;40;108,752;36;10,973;731;50%;36;22,767;1,929;70;53;31;03:30;10;319;115;1,929;0.39;0.95;10.06;3.95;01:35;14.04;793.64;19.14;32.85;13,202.56;1,379;39;144;147;174;464;41;31 hours;137;75;03:37:56;04:46:36;54%;5;5;58;
lorcy m;;178;62;34;11;;22.46;7.82;300;133;17;61,340;15,835;1,268;124,815;160;7;;;1,268;0.17;8%;2.91;25%;6,258;;;6,258;16;6,319;524;100%;16;18,497;1,408;50;17;30;02:15;3;224;80;1,408;;0.85;13;2.14;01:45;20.19;789.91;16.78;37.86;15,754.06;103;;7;12;9;28;2;2 hours;8;4;13:52;14:12;48%;6;0;4;
LORDxSUWU;;876;227;49;11;2;21.92;5.68;1,127;734;210;189,360;57,240;4,505;445,527;508;20;;19;4,505;0.14;7%;2.43;30%;32,429;;11;32,429;16;6,121;517;47%;16;22,013;1,486;65;39;39;03:52;9;298;77;1,486;0.47;1.03;11.58;5.25;01:14;12.71;811.52;18.36;28.2;11,149.23;463;8;40;36;54;131;9;8 hours;40;17;49:25;01:39:45;41%;4;3;20;
Lumanous;;94;34;27;12;;21.52;7.78;133;68;7;25,660;8,232;476;63,593;70;6;;;476;0.13;5%;2.82;32%;2,779;;;2,779;17;6,330;629;32%;17;20,888;729;36;18;21;03:19;4;121;50;729;;0.76;10.76;1.6;02:05;16.03;636.4;15.57;30.45;14,562.87;47;;5;4;8;16;;1 hour;4;1;09:07;09:23;21%;5;;3;
Lycanz;;2,000;608;46;17;2;25.53;7.76;2,928;1,891;452;409,920;143,660;11,062;1,139,865;1,046;65;;6;11,062;0.17;7%;3.22;35%;75,937;;9;75,937;24;7,077;592;65%;24;27,626;1,856;66;47;33;03:09;11;335;98;1,856;0.07;1.21;11.59;5.77;01:09;13.35;969.41;24.14;37.37;14,551.6;908;23;68;69;136;273;49;17 hours;78;50;01:30:47;04:28:31;64%;5;4;24;
MajorCris;;84;10;40;4;;45.71;5.44;102;67;12;13,620;4,550;376;34,982;35;;;;376;0.21;8%;6.8;33%;2,853;;;2,853;14;5,090;330;37%;14;16,648;1,412;49;30;14;01:10;8;144;51;1,412;0.54;1.62;8.16;6.53;01:10;19.04;1,552.78;36.46;55.5;19,036.66;15;;1;1;4;7;;29 minutes;2;2;02:09;08:39;87%;;;0;
Mano Brawl BR;;129;27;44;7;;16.22;3.39;191;113;27;36,800;11,602;845;82,242;59;;;4;845;0.18;7%;4.24;31%;4,389;;;4,389;28;7,710;803;47%;28;15,755;1,514;49;28;21;01:26;6;207;109;1,514;0.5;0.97;5.66;3.39;00:45;7.42;552.05;14.21;24.02;10,345.36;45;;12;9;8;30;3;1 hour;8;8;06:00;10:43;98%;;;0;
Marderic;;518;159;41;15;;18.37;5.63;745;380;83;173,380;45,540;3,526;339,360;317;22;;;3,526;0.15;7%;2.25;26%;19,936;;7;19,936;18;7,023;738;41%;18;20,579;1,625;56;28;26;02:37;10;282;87;1,625;0.03;0.9;11.7;2.94;01:15;11.24;707.14;13.47;26.42;12,037.07;330;7;29;33;26;88;3;6 hours;28;10;35:34;39:52;35%;4;1;17;
MattPisto;;;;;;;8.92;;;;;1,020;474;13;2,769;;;;;13;0.12;2%;0.5;46%;50;;;50;;2,388;50;;1;2,769;50;;;;00:01;;13;12;50;;0.47;17.85;8.92;00:09;;446.35;8.92;8.92;24,718.84;2;;0;0;0;0;;1 minute;0;0;00:01;00:02;100%;
Maxxon Charge;;501;162;34;12;;20.54;6.64;816;423;61;174,200;48,105;3,645;374,761;257;23;;3;3,645;0.18;7%;3.29;27%;18,321;;9;18,321;17;7,008;489;48%;17;17,283;1,138;64;35;16;02:05;5;195;70;1,138;0.12;0.94;10.17;2.5;01:03;10.54;751.43;17.34;33.46;15,371.18;248;2;26;26;19;71;4;5 hours;24;14;25:38;42:13;56%;4;1;10;
me10005;;41;16;23;9;;16.76;6.54;72;45;13;17,760;6,742;426;46,060;29;2;;;426;0.19;6%;2.05;37%;1,477;;;1,477;9;4,851;303;41%;9;21,869;731;33;21;15;01:32;7;160;66;731;;0.67;14.31;5.31;01:11;11.86;604.23;18.4;29.44;18,836.87;35;2;2;4;2;8;;36 minutes;2;2;02:55;05:40;71%;4;;1;
Medvescek;;76;20;16;7;;28.37;7.46;112;64;18;15,900;6,295;435;45,184;41;;;;435;0.19;6%;3.86;39%;2,888;;;2,888;9;4,283;300;47%;9;13,744;587;22;19;9;01:14;6;107;45;587;;1.26;10.82;6.72;01:24;15.3;1,078.26;23.89;41.81;16,869.19;29;;2;3;5;11;2;38 minutes;3;2;03:47;07:08;61%;3;;1;
MercenaryXPO;;6,113;1,741;62;21;3;24.01;6.84;9,486;6,425;2,008;1,453,860;470,463;37,214;3,598,757;2,951;212;;69;37,214;0.19;7%;3.96;32%;230,007;5;78;230,007;36;11,286;827;50%;36;30,665;2,223;94;64;43;03:56;21;298;105;2,223;0.27;1.21;9.39;7.89;00:54;11.59;903.76;25.24;37.27;14,140.56;2,390;32;193;226;481;900;159;52 hours;254;176;03:49:03;16:29:14;68%;6;12;67;
Meuq;;13;4;7;2;;36.36;11.18;14;6;;2,780;819;65;7,735;2;;;;65;0.16;7%;2.33;29%;572;;;572;6;2,509;196;;6;3,167;296;7;3;2;00:09;;27;24;296;;1.42;16.78;;01:02;5.59;1,601.17;16.78;39.16;21,638.55;6;;1;0;0;1;;6 minutes;0;0;00:22;00:01;79%;;;0;
Mike11VR;;19;;18;;;40.3;2.12;23;12;2;4,360;1,173;67;7,429;10;;;;67;0.13;5%;5.75;26%;752;;;752;16;4,457;449;26%;16;6,152;702;22;12;10;00:22;2;56;34;702;;1.5;8.48;4.24;00:48;21.21;1,594.45;25.45;48.79;15,761.38;4;;0;0;1;2;;8 minutes;0;0;00:22;01:00;76%;;;0;
millar08;;2;;2;;;6.83;;4;4;2;260;137;20;772;2;;;;20;0.19;14%;;52%;53;;;53;4;772;53;52%;4;772;53;4;4;2;00:19;2;20;20;53;;0.5;;6.83;01:07;6.83;180.76;13.66;13.66;2,637.05;;;1;;1;1;;1 minute;0;0;00:19;00:19;100%;
Miss B pr3dator;;40;8;25;4;;20;4;67;33;4;9,760;3,145;148;23,946;36;3;;;148;0.15;4%;11.16;32%;1,064;;;1,064;25;7,963;482;42%;25;12,934;716;42;21;30;01:48;3;78;46;716;;1.11;3;2;01:01;18;532.08;16.5;33.5;11,973.14;6;;3;2;3;8;2;15 minutes;2;2;02:03;07:48;100%;4;
MisterToli X;;2,236;739;36;18;2;22.17;7.32;3,281;2,104;643;507,420;167,776;13,122;1,307,983;1,217;63;;19;13,122;0.16;7%;2.48;33%;86,109;8;66;86,109;22;8,849;748;89%;22;20,725;1,470;60;41;27;02:22;15;282;78;1,470;0.18;1.07;13.11;6.37;01:03;12.07;854.09;20.86;32.54;12,973.59;1,322;20;107;82;124;313;40;22 hours;101;52;01:47:11;04:17:29;51%;6;6;43;
MoraCombo;;480;152;28;14;;22.09;6.99;733;424;97;135,680;36,763;3,225;293,008;303;21;;;3,225;0.18;8%;3.5;27%;17,696;;;17,696;21;7,896;564;47%;21;16,128;1,009;40;27;21;01:02;9;187;123;1,009;0.04;0.99;9.62;4.46;00:57;13.94;814.63;19.51;33.74;13,488.75;209;3;20;25;31;76;8;4 hours;22;12;20:44;36:48;55%;4;1;8;
Mortem;;25;9;18;7;;17.61;6.34;39;25;5;5,100;1,988;177;16,044;22;2;;;177;0.15;8%;1.95;38%;963;;;963;20;4,646;579;;20;7,560;779;25;16;18;01:03;3;73;41;779;;0.85;14.09;3.52;01:19;15.5;678.86;17.61;27.48;11,306.22;20;2;0;2;2;4;;18 minutes;1;1;01:52;02:34;39%;4;;1;
MrSlurpCity;;12;2;12;2;;12;2;15;7;4;4,120;777;57;5,401;4;;;;57;0.09;7%;1.15;18%;422;;;422;5;1,509;159;18%;5;5,401;422;15;7;4;00:16;4;57;20;422;;0.66;13;4;00:16;4;421.86;7;15;5,401.01;13;;1;;;1;;10 minutes;1;;00:16;;;;;1;
MVB Kealoha Koa;;15;4;9;3;;17.17;4.57;27;20;4;6,560;1,303;79;9,214;13;;;;79;0.11;6%;2.7;19%;514;;;514;8;2,248;150;;8;4,879;264;15;10;7;00:46;2;45;20;264;;0.72;11.44;4.57;01:44;14.88;588.8;22.89;30.9;10,547.71;10;;1;2;;3;;11 minutes;1;1;01:31;00:33;100%;
My BRs Dyslexic;;2,521;790;53;20;2;21.45;6.72;3,775;2,164;528;701,360;207,871;15,714;1,616,823;1,641;93;;18;15,714;0.15;7%;2.76;29%;93,228;5;36;93,228;22;6,180;550;54%;22;24,033;1,979;72;44;39;04:06;15;264;88;1,979;0.15;0.9;11.62;4.49;01:28;13.96;793.33;18.41;32.12;13,758.63;1,366;14;111;120;139;370;28;28 hours;118;50;02:54:13;03:35:18;42%;6;5;62;
naix;;3;2;3;2;;9.54;6.36;9;2;;2,160;451;9;3,427;6;;;;9;0.03;1%;2.25;20%;81;;;81;6;1,551;50;;6;3,427;81;9;2;6;00:45;;9;5;81;;0.34;12.72;;02:24;19.08;256.66;6.36;28.62;10,901.85;4;;0;;1;1;;3 minutes;0;;00:45;00:40;;3;;0;
NecroticGoddess;;16;2;16;2;;20.01;2.5;26;13;8;4,380;1,172;94;8,342;13;;;;94;0.13;8%;2.16;26%;641;;;641;7;1,916;250;26%;7;8,342;641;26;13;13;01:32;8;94;27;641;;0.92;15;10;01:56;16.25;801.18;16.25;32.51;10,433.13;12;;;1;2;3;;11 minutes;1;;01:32;00:42;;;;1;
Newt Lev;;3;;3;;;15.87;5.29;7;4;2;960;286;18;2,213;3;;;;18;0.09;6%;2.33;29%;113;;;113;3;1,543;50;;3;2,213;113;7;4;3;00:16;2;18;17;113;;0.6;15.87;10.58;01:27;15.87;598.32;21.16;37.03;11,709.14;3;;;0;0;1;;3 minutes;0;;00:16;00:07;;;0;0;
NGeminiN;;1,307;395;47;16;4;26.13;7.89;1,861;1,078;193;345,320;106,479;7,731;840,710;801;45;;43;7,731;0.18;7%;3.12;30%;48,496;3;14;48,496;23;7,788;749;45%;23;24,089;1,771;56;35;33;02:34;9;246;71;1,771;0.85;1.14;11.91;3.85;01:37;16.01;969.69;21.55;37.21;16,810.07;596;15;36;41;98;175;17;11 hours;50;22;01:21:03;02:17:32;44%;4;3;25;
Nicochik77;;42;16;18;8;;26.8;10.21;67;43;9;7,480;2,584;236;21,643;27;2;;;236;0.2;9%;6.09;34%;1,734;;;1,734;19;5,684;542;35%;19;8,161;675;25;17;13;01:29;4;100;60;675;0.63;1.47;7.02;5.74;02:15;17.23;1,106.63;27.44;42.76;13,815.46;11;;1;3;3;7;;19 minutes;2;1;03:32;06:31;66%;4;;1;
Nietzsche Nick;;9;3;5;2;;15.71;5.23;14;13;4;2,260;754;77;6,977;4;;;;77;0.17;10%;2;33%;312;;;312;5;2,012;137;34%;5;5,629;174;10;9;4;00:34;2;63;20;174;;0.72;12.22;6.98;00:59;6.98;544.1;22.69;24.44;12,182.41;7;;0;0;1;2;;7 minutes;1;0;00:34;01:53;62%;;;0;
NitroFPS;;708;212;43;12;;26.55;7.95;1,010;597;130;166,380;50,987;4,632;415,776;404;22;;9;4,632;0.2;9%;3.2;30%;26,160;;7;26,160;18;6,715;610;42%;18;20,619;1,638;50;32;26;04:00;10;238;92;1,638;0.33;1.14;11.81;4.87;01:45;15.15;981.01;22.38;37.87;15,592.02;315;6;22;31;49;102;16;6 hours;27;15;46:47;01:16:24;54%;6;0;12;
No I Dont Smoke;;2;;2;;;2.43;;2;;;2,040;733;18;4,413;;;;;18;0.04;2%;0.33;35%;80;;;80;2;2,085;80;;2;4,413;80;2;;;00:26;;18;10;80;;0.2;7.29;;00:32;;97.28;1.21;2.43;5,366.48;6;;;;;;;6 minutes;1;;00:26;;;;;1;
Noise Swaq;;6;;6;;;32.45;;3;2;2;640;123;6;696;;;;;6;0.04;4%;1.5;19%;280;;;280;3;495;230;;3;696;280;3;2;;00:03;2;6;5;280;;2.03;10.81;10.81;00:18;5.4;1,514.76;10.81;16.22;3,764.63;2;;;;1;1;;2 minutes;0;;00:03;;;;;0;
NomadHokie;;173;40;19;5;;15.26;3.52;246;127;29;66,440;14,763;904;103,916;128;6;;2;904;0.1;6%;1.9;22%;6,111;;6;6,111;11;5,230;275;45%;11;9,894;538;24;16;17;02:12;4;82;45;538;0.17;0.68;11.38;2.55;01:35;11.29;539.11;11.2;21.7;9,167.34;129;2;12;8;7;26;;2 hours;11;2;18:07;07:38;17%;4;1;8;
NoT x GER Beans;;2,131;697;66;22;;21.44;7.01;3,248;1,968;445;498,960;166,567;12,073;1,307,801;1,299;71;;;12,073;0.15;7%;3.2;33%;79,401;7;50;79,401;23;9,788;588;75%;23;33,016;2,360;82;45;41;03:40;11;327;87;2,360;;0.98;10.19;4.47;01:23;13.07;799.2;19.8;32.69;13,163.44;1,013;11;95;100;112;307;30;22 hours;99;46;02:17:55;03:53:10;46%;5;6;47;
o Kapow;;10,966;3,669;47;24;2;21.25;7.11;15,878;9,372;2,314;2,898,220;881,014;65,830;6,918,632;6,715;385;;28;65,830;0.15;7%;2.66;30%;405,312;9;173;405,312;29;11,904;700;73%;29;26,717;1,781;62;40;38;04:13;14;309;100;1,781;0.05;0.97;11.56;4.48;01:19;13.01;785.43;18.16;30.76;13,407.33;5,967;93;495;516;578;1,589;172;114 hours;516;255;11:24:42;17:03:55;49%;5;34;227;
ObeyedMonk1191;;172;49;22;7;;13.67;3.89;252;139;34;68,580;15,569;1,057;115,980;142;8;;;1,057;0.11;6%;1.73;22%;5,663;;9;5,663;20;5,787;339;33%;20;14,006;803;29;14;22;02:26;4;141;106;803;;0.59;11.52;2.7;01:13;11.28;450.14;11.04;20.03;9,219.44;145;;11;15;6;32;;2 hours;13;3;15:23;04:55;22%;3;1;9;
ObiwanKi11n00by;;5,403;1,798;50;18;2;21.31;7.09;8,545;5,218;1,310;1,407,300;412,796;31,726;3,260,880;3,414;211;;15;31,726;0.15;7%;3.77;29%;198,127;13;86;198,125;35;11,646;860;60%;35;28,552;1,823;76;47;40;03:33;16;294;103;1,823;0.05;0.95;8.92;5.16;01:06;13.46;781.57;20.58;33.7;12,863.54;2,262;25;216;223;347;786;93;57 hours;253;120;04:42:28;10:10:23;47%;6;13;121;
Official VT;;30;2;15;;;13.47;0.89;44;24;15;6,260;1,875;188;13,906;22;;;;188;0.14;10%;2.09;29%;1,090;;3;1,090;7;2,151;253;31%;7;6,497;522;19;10;9;00:48;6;86;27;522;;0.82;9.43;6.73;00:47;9.88;489.79;10.78;19.76;6,246.79;21;;2;1;3;6;;21 minutes;2;1;01:45;01:43;64%;;;1;
Ohdyn;;535;165;36;16;;21.67;6.68;816;430;109;155,100;33,689;3,008;248,492;248;24;;;3,008;0.18;8%;4.77;21%;20,130;;11;20,130;19;5,462;620;35%;19;15,078;1,390;47;30;24;02:09;10;217;83;1,390;;1.22;6.92;4.41;00:46;10.04;815.37;17.41;33.05;10,065.44;171;7;28;27;15;71;6;4 hours;25;22;19:20;49:23;90%;5;;2;
OKGo Joshie;;240;79;28;12;;18.52;6.09;394;203;35;81,940;22,028;1,783;178,965;128;12;;;1,783;0.18;8%;3.22;26%;8,643;;;8,643;16;4,751;369;42%;16;23,260;1,022;50;30;23;01:41;8;224;81;1,022;;0.89;9.41;2.7;00:51;9.87;667.12;15.66;30.41;13,813.22;122;;19;10;17;46;6;2 hours;13;6;11:09;17:27;46%;4;2;5;
OneBadBandito;;;;;;;2.11;;;;;360;59;6;341;;;;;6;0.05;10%;0.5;16%;20;;;20;;236;20;;1;341;20;;;;00:01;;6;5;20;;0.19;4.23;2.11;00:03;;41.58;2.11;2.11;721.4;2;;;;;;;1 minute;0;;00:01;;;;;0;
Ouijaveli;;2,140;662;44;19;3;21.5;6.65;3,350;1,794;251;745,280;197,917;13,924;1,510,987;1,371;77;;26;13,924;0.18;7%;3.88;26%;76,452;2;15;76,452;25;8,837;583;48%;25;28,114;1,720;68;47;32;03:58;12;272;81;1,720;0.26;0.99;8.66;2.52;01:20;13.77;768.36;18.03;33.66;15,185.9;862;16;77;107;204;388;56;21 hours;99;52;02:13:43;03:46:59;52%;5;6;41;
OUT M3 RK ED;;103;37;21;8;;21.51;7.73;149;70;22;38,020;10,944;744;81,004;84;3;;;744;0.17;6%;2.61;28%;3,977;;2;3,977;22;6,555;654;36%;22;15,782;810;35;13;25;01:41;8;92;63;810;;0.91;11.9;4.59;01:42;17.54;830.88;14.62;31.12;16,923.87;57;;6;5;6;16;2;1 hour;5;2;08:10;08:24;47%;4;0;2;
Overwatch DVa;;816;240;38;22;;23.78;6.99;1,029;608;153;193,080;58,259;4,141;451,744;427;27;;3;4,141;0.14;7%;2.3;30%;29,766;4;9;29,766;20;8,012;543;44%;20;26,527;1,414;60;38;25;02:34;9;274;72;1,414;0.08;1.04;13.02;4.45;01:24;12.44;867.58;17.72;29.99;13,166.75;447;8;27;40;33;99;9;7 hours;34;13;48:12;01:13:23;37%;4;0;21;
PandaCreol;;135;43;25;8;;21.68;6.9;204;130;33;37,320;11,325;721;80,536;90;5;;;721;0.13;6%;3.04;30%;5,278;;;5,278;15;3,501;458;40%;15;12,117;957;38;21;21;01:51;7;84;43;957;;1;10.76;5.3;01:04;14.45;847.9;20.88;32.76;12,936.97;67;3;5;8;9;22;3;1 hour;6;3;06:42;16:10;50%;4;0;3;
ParalyzingFrost;;72;18;18;9;;21.98;5.49;98;50;11;22,500;5,819;426;44,565;21;2;;;426;0.13;7%;2.45;25%;2,850;;;2,850;20;6,924;563;39%;20;9,592;589;23;12;6;00:45;3;95;84;589;;0.91;12.21;3.35;00:38;6.41;870.02;15.26;29.92;13,605.91;40;2;3;3;2;8;;52 minutes;3;1;02:04;05:09;38%;3;;2;
PeskyAnteater91;;32;15;22;11;;26.89;12.6;56;35;8;9,120;2,598;180;19,541;25;2;;;180;0.17;6%;8;28%;965;;;965;18;6,499;325;29%;18;13,042;640;41;26;18;01:24;6;113;67;640;;0.94;5.88;6.72;01:41;21.01;811.14;29.41;47.06;16,424.5;7;;1;1;2;4;;16 minutes;1;1;02:00;07:23;100%;3;
PETERtois01;;1,037;350;46;16;;17.12;5.77;1,643;875;235;441,040;94,475;6,441;670,431;778;28;;13;6,441;0.14;6%;2.46;21%;39,384;;;39,384;20;10,441;575;44%;20;18,826;1,750;56;32;39;03:09;12;223;111;1,750;0.21;0.87;11.01;3.88;01:19;12.84;650.29;14.44;27.12;11,069.8;667;13;56;66;58;180;22;12 hours;61;25;01:20:20;01:55:46;40%;4;2;33;
Pissmud;;7;;7;;;13.39;1.91;9;5;2;1,960;595;35;4,208;;;;;35;0.13;5%;4.5;30%;302;;;302;5;2,930;236;;5;4,208;302;9;5;;;2;35;23;302;;1.19;3.82;3.82;;;577.5;9.56;17.21;8,051.74;2;;1;;1;2;;4 minutes;1;1;;;100%;
Ponders;;1,420;492;32;12;;17.65;6.11;2,201;1,080;220;496,840;117,923;11,461;966,849;816;61;;6;11,461;0.17;9%;2.07;23%;51,153;;4;51,153;15;6,502;450;46%;15;25,467;1,383;46;27;22;02:10;7;227;69;1,383;0.07;0.76;13.21;2.73;01:06;10.14;635.92;13.42;27.36;12,019.61;1,063;16;80;67;57;204;7;18 hours;80;36;01:28:47;01:30:41;44%;5;1;44;
Pook;;236;64;31;10;;23.6;6.4;335;207;46;60,320;21,585;1,731;161,341;91;6;;;1,731;0.23;8%;3.1;35%;8,615;;;8,615;17;5,990;422;49%;17;16,741;1,064;49;25;9;00:43;8;246;118;1,064;0.1;1.18;10.8;4.6;00:40;9.1;861.67;20.7;33.5;16,137.81;108;2;9;7;15;31;6;2 hours;10;5;06:46;29:03;52%;5;0;5;
pooptasticpoop;;1,017;351;33;14;;21.54;7.43;1,514;873;146;306,420;90,079;7,362;714,650;573;44;;4;7,362;0.18;8%;2.93;29%;37,132;;;37,132;17;8,687;593;46%;17;17,629;1,253;51;30;25;02:22;6;219;77;1,253;0.08;0.93;10.91;3.09;01:00;12.13;786.65;18.49;32.07;15,140.2;515;4;40;49;57;146;12;11 hours;47;25;47:33;01:29:33;52%;5;1;21;
POuPOuNeISbAcK;;1,007;326;40;22;;21.87;7.08;1,495;764;151;323,940;81,619;5,379;627,828;627;38;;6;5,379;0.13;6%;3.1;25%;37,186;;10;37,186;20;6,943;679;37%;20;22,548;1,311;58;36;29;02:51;15;172;79;1,311;0.13;0.96;10.44;3.27;01:17;13.61;807.64;16.59;32.46;13,635.79;481;8;53;43;42;138;13;10 hours;46;20;59:10;01:32:24;42%;5;4;23;
PRAXIS UnLeashD;;838;268;38;12;2;21.36;6.83;1,121;623;159;236,300;63,856;4,728;495,655;504;21;;14;4,728;0.13;7%;2.17;27%;30,441;;6;30,441;21;6,394;825;43%;21;20,391;1,410;48;31;28;02:48;9;228;53;1,410;0.35;0.89;13.12;4.05;01:31;12.84;775.95;15.88;28.57;12,634.41;515;5;46;40;35;121;6;9 hours;39;17;59:42;01:00:05;43%;4;3;19;
Proxxy 4;;3,318;1,144;47;16;2;21.37;7.37;5,037;2,643;513;993,760;265,213;22,055;2,159,352;1,955;144;;47;22,055;0.17;8%;2.81;26%;122,402;2;21;122,402;23;8,231;633;55%;23;25,230;1,932;69;38;35;03:11;14;368;82;1,932;0.3;0.95;11.52;3.3;01:18;12.59;788.68;17.02;32.45;13,913.58;1,788;13;165;169;162;496;37;35 hours;155;73;03:22:54;05:21:07;46%;5;9;74;
Prunester;;827;300;38;14;;23.83;8.64;1,402;785;112;222,800;66,555;5,620;523,904;483;50;;;5,620;0.22;8%;5.11;29%;29,713;;6;29,713;25;8,265;553;43%;25;17,674;1,326;52;28;33;02:59;8;311;104;1,326;;1.19;7.89;3.22;01:08;13.92;856.45;22.62;40.41;15,101.13;274;3;30;31;57;118;24;6 hours;35;27;39:19;02:00:25;76%;5;1;8;
Psyhco;;212;67;29;10;;21.6;6.82;384;182;21;83,620;21,557;1,349;163,838;164;9;;;1,349;0.16;6%;4.57;25%;7,466;;3;7,466;26;6,858;448;51%;26;25,636;1,123;65;37;28;02:48;4;205;79;1,123;0.1;0.9;8.56;2.14;01:33;16.71;761.06;18.55;39.14;16,700.57;84;3;13;11;17;40;5;2 hours;10;6;15:16;27:22;56%;4;1;4;
qosh;;407;140;46;18;;33.48;11.51;629;396;72;97,120;28,972;3,013;233,998;244;12;;;3,013;0.25;10%;4.3;29%;14,869;;;14,869;17;6,062;557;33%;17;23,749;1,743;66;49;39;02:45;11;366;75;1,743;0.08;1.27;12.01;5.92;01:45;20.07;1,223.48;32.58;51.75;19,254.28;146;4;9;11;27;47;11;3 hours;12;8;21:25;01:05:52;67%;5;1;3;
Rahazlium;;38;8;12;4;;17.04;3.58;59;36;8;9,760;2,622;188;18,094;24;;;;188;0.16;7%;8.42;26%;1,552;;;1,552;11;4,743;431;29%;11;6,613;522;19;12;9;00:42;5;79;37;522;;1.37;3.14;3.58;00:43;10.76;696.57;16.15;26.47;8,118.49;7;;2;3;4;8;2;18 minutes;2;2;01:36;03:04;100%;3;
RamLMT;;855;230;32;11;;17.45;4.69;1,200;638;161;260,060;74,071;5,441;575,165;611;14;;;5,441;0.13;7%;1.61;28%;32,437;;26;32,437;20;5,049;537;56%;20;23,684;1,277;52;26;34;03:35;7;180;56;1,277;;0.8;15.12;3.28;01:39;12.47;662.09;13.02;24.49;11,740.24;741;9;59;52;28;139;2;11 hours;49;20;01:21:30;48:51;40%;5;1;28;
REC xD;;35;12;13;6;;11.23;3.85;78;34;5;19,160;4,861;341;37,058;29;;;;341;0.14;7%;2.16;25%;1,385;;4;1,385;15;7,821;250;33%;15;11,037;475;29;13;9;01:07;2;116;52;475;0.32;0.57;11.55;1.6;01:07;9.31;444.55;10.91;25.04;11,897.23;36;;4;3;2;8;;40 minutes;3;2;03:31;04:29;64%;3;0;1;
Red Faze;;233;73;32;11;;16.55;5.18;373;220;49;81,880;19,479;1,881;147,517;133;10;;;1,881;0.17;9%;2.8;23%;8,689;;2;8,689;12;4,373;350;43%;12;13,288;1,199;49;26;24;01:43;5;146;71;1,199;;0.79;9.45;3.48;00:56;9.45;617.41;15.63;26.5;10,481.53;133;2;16;12;10;39;2;3 hours;14;7;13:16;17:19;52%;4;0;6;
RedSlashMarley;;46;13;24;8;;18.84;5.32;71;45;8;10,520;3,324;253;22,324;34;;;;253;0.11;7%;2.21;31%;1,840;;2;1,840;7;2,101;180;50%;7;8,838;960;37;23;19;01:44;6;100;44;960;;0.87;13.11;3.27;01:28;13.92;753.82;18.43;29.08;9,145.78;32;;5;2;0;7;;35 minutes;2;1;03:35;03:40;40%;3;;1;
Reinforg;;;4;;4;;;41.99;7;5;;980;442;31;4,280;4;;;;31;0.28;7%;7;45%;;;;;7;3,461;;;7;4,280;;7;5;4;00:08;;31;23;;;;10.49;;01:26;41.99;;52.49;73.49;44,939.13;;;0;0;0;0;;1 minute;0;0;00:08;00:02;100%;
Reinhardt Soul;;18;8;7;4;;8.87;3.94;28;14;2;7,040;2,251;152;18,594;10;;;;152;0.12;6%;1.55;31%;650;;;650;5;2,967;232;41%;5;9,253;323;9;6;8;01:23;;52;36;323;;0.53;8.87;0.98;01:03;4.92;320.5;6.89;13.79;9,163.91;18;;3;1;1;5;;20 minutes;2;0;02:08;;1%;;0;2;
Repure;;913;372;49;19;2;22.34;9.1;1,472;831;165;263,920;80,467;6,690;664,895;509;52;;8;6,690;0.19;8%;3.21;30%;33,219;;3;33,219;28;8,562;516;67%;28;33,140;1,906;76;45;26;02:30;10;378;117;1,906;0.19;0.98;11.2;4.03;00:59;12.45;812.94;20.33;36.02;16,271.47;458;7;38;31;63;132;17;9 hours;41;23;40:43;01:45:23;56%;5;2;16;
rG WH1TE WINDU;;136;35;20;8;;13.43;3.45;243;131;21;65,580;16,964;1,489;121,756;135;5;;;1,489;0.17;8%;2.29;25%;4,639;;;4,639;18;5,546;330;42%;18;13,628;538;31;18;22;02:28;3;164;78;538;;0.55;10.47;2.07;01:40;13.33;458.39;12.94;24;12,030.17;106;;8;13;15;36;;2 hours;10;4;17:00;13:46;40%;4;0;6;
Rodney2210;;404;103;32;13;;25.43;6.48;552;311;83;97,940;25,322;2,190;203,386;266;9;;4;2,190;0.17;8%;2.9;25%;15,403;;2;15,403;15;4,027;568;31%;15;16,484;1,257;49;28;23;02:45;13;177;65;1,257;0.25;1.2;11.96;5.22;01:46;16.74;969.82;19.58;34.75;12,805.56;190;4;15;23;27;65;7;3 hours;16;7;28:13;42:05;46%;4;0;8;
Sakaine08;;34;9;13;3;;14.4;3.81;56;25;6;15,700;3,826;235;22,773;22;;;;235;0.11;6%;1.86;24%;1,242;;2;1,242;11;3,227;365;32%;11;6,246;506;20;8;13;02:30;2;69;30;506;;0.58;12.7;2.54;01:41;9.32;526.02;10.59;23.72;9,647.6;30;;2;1;1;4;;35 minutes;2;1;04:00;01:00;58%;3;0;1;
Scuffs;;1,069;395;38;17;;20.15;7.44;1,776;1,024;176;341,800;106,546;7,193;848,079;655;59;;6;7,193;0.17;6%;3.23;31%;38,253;;28;38,253;20;8,328;462;44%;20;23,542;1,210;48;29;22;02:03;6;213;73;1,210;0.11;0.92;10.35;3.31;01:04;12.35;721.35;19.31;33.49;15,992.63;549;16;35;39;92;166;29;11 hours;53;27;56:44;02:08:09;50%;6;0;26;
SeeMeNoMore00;;8;;8;;;19.26;;11;4;2;1,280;357;17;1,997;5;;;;17;0.06;4%;2.75;27%;254;;;254;7;1,302;191;;7;1,997;254;11;4;5;00:30;2;17;9;254;;0.91;9.63;4.81;01:13;12.04;610.99;9.63;26.48;4,810.04;4;;0;;1;2;;4 minutes;0;;00:30;;;;;0;
Semitaur;;38;17;18;8;;21.83;9.76;62;35;8;10,300;3,309;308;26,153;17;5;;;308;0.19;9%;3.26;32%;1,404;;;1,404;17;4,616;373;34%;17;8,993;662;24;20;9;00:30;6;139;56;662;;0.9;10.91;4.59;00:37;9.76;806.68;20.1;35.62;15,025.65;19;;3;3;1;8;;25 minutes;2;1;01:05;05:06;78%;4;;0;
ShadowBandane;;86;17;28;7;2;22.38;4.42;121;71;15;22,040;7,419;612;51,541;37;;;2;612;0.2;8%;2.68;33%;3,183;;;3,183;17;6,696;536;42%;17;16,888;1,019;46;30;18;01:04;6;193;79;1,019;0.52;1.06;11.71;3.9;00:56;9.63;828.5;18.48;31.49;13,416.64;45;;5;5;4;14;;49 minutes;4;2;03:37;08:47;64%;3;;1;
ShakaBrah92124;;11;5;11;5;;46.6;21.18;19;11;2;2,600;591;57;4,230;13;;;;57;0.23;9%;9.5;22%;451;;;451;9;2,086;251;;9;4,230;451;19;11;13;00:50;2;57;39;451;;1.82;8.47;8.47;03:32;55.07;1,910.72;46.6;80.49;17,921.89;2;;;0;1;1;;4 minutes;0;0;00:50;01:18;100%;3;
Shel633;;43;15;12;4;;20.92;7.29;61;25;2;12,500;3,915;193;28,237;38;;;;193;0.13;4%;2.44;31%;1,463;;;1,463;11;4,248;250;30%;11;9,220;425;17;9;11;00:54;;67;45;425;;1.01;12.16;0.97;01:50;18.48;711.97;12.16;29.67;13,738.49;25;2;1;3;2;6;;24 minutes;2;1;03:47;04:49;51%;3;;1;
Shes My Nerd;;128;46;28;13;;26.39;9.48;228;102;13;35,820;10,266;703;83,525;70;10;;;703;0.19;6%;6.7;28%;4,251;;;4,251;23;5,844;321;35%;23;20,789;949;60;30;28;00:57;5;187;57;949;0.2;1.2;7.01;2.68;00:38;14.43;876.64;21.03;47.02;17,226.34;34;;7;3;7;17;4;58 minutes;5;5;03:07;09:50;100%;5;
Shmedium Undies;;49;24;15;12;;12.35;6.04;100;51;;22,200;6,024;393;45,183;43;3;;;393;0.16;6%;3.84;27%;1,824;;;1,824;14;3,969;300;47%;14;13,144;615;33;18;18;01:50;;107;31;615;;0.75;6.55;0.25;00:56;10.83;459.82;12.85;25.2;11,389.47;26;2;2;3;2;7;;40 minutes;4;1;03:44;06:34;25%;5;;3;
Sinature;;3,368;1,261;45;19;;19.48;7.29;5,585;2,851;605;1,495,400;359,949;24,868;2,689,511;2,235;136;;15;24,868;0.17;6%;3.28;24%;124,982;3;40;124,982;23;14,457;676;39%;23;28,387;1,755;60;36;41;04:00;11;314;101;1,755;0.08;0.89;9.83;3.49;01:03;12.92;722.92;16.49;32.3;15,556.77;1,701;27;128;168;260;556;77;38 hours;173;97;03:02:47;05:19:06;56%;6;11;64;
SirJamesParker;;434;155;41;15;2;25.08;8.95;665;409;70;116,800;39,350;3,134;321,251;217;24;;6;3,134;0.21;7%;3.24;33%;16,125;;;16,125;24;10,831;547;48%;24;21,997;1,579;63;29;29;01:38;7;235;112;1,579;0.34;1.08;11.84;4.04;00:55;12.54;931.87;23.63;38.43;18,565.19;205;3;9;17;32;59;9;4 hours;17;11;15:59;56:29;63%;5;1;6;
Skittle Kitteh;;443;152;26;14;;22.43;7.69;643;378;75;122,840;41,708;2,726;329,466;238;17;;;2,726;0.15;6%;2.83;33%;16,315;5;11;16,315;15;6,919;557;48%;15;21,380;1,032;51;34;25;01:24;7;137;84;1,032;;0.94;11.49;3.79;01:12;12.05;826.15;19.14;32.55;16,682.87;227;4;18;16;15;49;4;4 hours;20;12;23:55;41:27;59%;4;1;7;
SlowWhelp151488;;228;71;34;9;2;21.02;6.54;350;220;46;66,600;19,940;1,831;160,251;128;11;;3;1,831;0.19;9%;2.69;29%;8,394;;;8,394;23;6,446;539;59%;23;15,353;1,220;45;28;17;01:36;8;281;88;1,220;0.27;0.91;11.98;4.24;01:11;11.8;774.06;20.28;32.27;14,777.76;130;;10;7;13;30;2;2 hours;11;5;13:00;27:28;45%;4;;6;
SnarkyShark747;;;;;;;4.77;;5;2;2;460;175;2;987;;;;;2;0.01;1%;5;38%;50;;;50;3;524;50;38%;3;987;50;5;2;;00:17;2;2;2;50;;0.38;4.77;9.55;01:21;4.77;238.98;9.55;23.89;4,715.33;;;0;;;0;;2 minutes;0;0;00:17;;100%;
SoLo Glitch;;59;4;31;2;;21.17;1.43;75;33;6;12,820;3,488;336;26,130;39;;;;336;0.17;9%;3.75;27%;2,330;;;2,330;15;2,895;507;47%;15;11,649;1,339;35;17;19;01:26;4;160;45;1,339;;1.22;7.17;2.15;01:06;13.99;836.34;11.84;26.92;9,379.37;20;;1;3;5;9;2;31 minutes;3;1;03:04;02:53;26%;;;2;
SPARTAN MAT 666;;35;;27;;;19.13;;46;30;5;5,480;1,557;83;10,461;19;;;;83;0.09;5%;4.59;28%;1,311;;;1,311;9;1,614;439;27%;9;7,977;1,035;38;24;17;00:54;4;59;18;1,035;;1.45;5.46;2.73;00:36;10.38;716.73;16.39;25.14;5,717.76;10;;2;3;4;9;2;15 minutes;2;1;01:06;03:19;54%;3;;1;
Spic3mast3r;;137;47;24;13;;17.21;5.9;223;113;36;39,080;9,611;866;77,949;76;4;;;866;0.17;9%;4.2;24%;5,097;;3;5,097;15;5,690;386;29%;15;13,778;834;40;25;17;01:47;8;146;68;834;;1.04;6.66;4.52;00:49;9.55;640.6;14.2;28.02;9,797.55;53;;10;9;2;21;;1 hour;8;5;06:30;11:55;56%;4;;3;
spirit murderer;;186;52;37;8;;18.78;5.25;277;154;24;56,580;17,189;1,200;125,849;133;4;;;1,200;0.16;6%;3.18;30%;6,756;;;6,756;21;5,952;492;42%;21;17,616;1,485;51;27;25;02:41;7;231;60;1,485;0.1;0.95;8.78;2.42;01:36;13.43;682.44;15.55;27.97;12,711.7;87;;8;5;20;33;3;1 hour;10;5;15:50;22:44;50%;4;;5;
SQ1B;;3,441;1,114;48;21;;19.99;6.47;5,294;3,085;751;1,035,840;278,252;19,919;2,149,668;2,460;143;;5;19,919;0.14;7%;2.83;26%;124,835;4;39;124,835;27;10,052;679;67%;27;34,988;1,792;58;39;33;03:39;18;305;120;1,792;0.02;0.91;10.84;4.36;01:26;14.29;725.4;17.92;30.76;12,491.57;1,867;30;184;181;203;568;51;37 hours;172;86;04:09:29;06:26:42;49%;6;10;77;
STICKYFING8RS;;5,359;1,671;51;17;;21.45;6.68;7,522;4,325;1,095;1,426,640;392,325;31,663;3,069,189;3,248;173;;13;31,663;0.15;8%;2.11;27%;203,277;4;54;203,277;23;6,292;542;56%;23;25,102;2,010;64;35;38;03:37;12;246;75;2,010;0.05;0.99;14.23;4.38;01:21;13;813.75;17.31;30.11;12,286.46;3,555;37;248;265;281;793;58;56 hours;250;111;05:40:11;07:55:35;44%;5;12;127;
SupaNoobGuy;;291;96;28;12;;24.37;8.04;441;267;57;77,880;26,080;1,802;201,787;186;9;;2;1,802;0.17;6%;2.82;33%;10,732;;;10,732;15;5,846;431;45%;15;17,602;1,020;37;27;28;02:12;8;181;63;1,020;0.16;1.04;13.06;4.77;01:20;15.58;899.01;22.36;36.94;16,904.31;156;;8;7;18;34;3;2 hours;12;4;15:56;27:31;33%;5;2;6;
SWIFT JUSTlCE;;279;71;33;9;;22.94;5.83;416;204;49;83,040;20,884;1,698;159,269;207;10;;;1,698;0.17;8%;3.64;25%;10,489;;3;10,489;23;7,091;469;33%;23;21,499;1,318;44;23;24;02:10;6;208;89;1,318;0.08;1.08;9.37;4.02;01:25;17.02;862.56;16.77;34.2;13,097.4;114;2;14;16;14;44;5;2 hours;12;8;17:23;18:35;69%;4;;4;
TECHNOLASERZ;;12,772;4,518;76;29;3;19.64;6.94;20,823;11,282;1,978;3,879,240;1,065,622;72,963;8,205,639;8,959;577;;68;72,963;0.14;6%;3.51;27%;461,338;5;190;461,338;28;10,431;890;50%;28;50,481;2,537;127;68;65;05:28;14;461;108;2,537;0.1;0.92;9.11;3.04;01:29;13.77;709.44;17.34;32.02;12,618.71;5,930;76;717;693;1,010;2,419;258;138 hours;650;379;16:12:04;23:22:50;58%;6;22;249;
Tensa;;742;274;40;17;2;25.1;9.26;1,046;591;94;208,300;68,714;4,457;557,433;396;35;;9;4,457;0.18;6%;2.84;32%;26,870;;;26,870;19;6,567;731;71%;19;20,962;1,593;45;29;18;02:16;9;216;87;1,593;0.3;1.08;12.44;3.17;01:23;13.39;908.98;19.99;35.38;18,857.16;368;;28;25;44;97;8;6 hours;30;15;40:57;01:16:26;51%;6;2;13;
Th3 B1ack On3;;10;7;10;7;;18.96;13.27;19;12;3;4,040;1,213;63;8,607;9;2;;;63;0.15;5%;3.16;30%;275;;;275;13;4,770;275;30%;13;8,607;275;19;12;9;00:43;3;63;35;275;;0.67;11.38;5.69;01:22;17.07;520.71;22.76;36.03;16,325.6;6;;1;1;1;2;;6 minutes;1;1;00:43;03:07;100%;3;
thats my sock;;1,046;393;27;15;;15.8;5.93;1,872;910;167;481,440;108,871;8,763;838,935;755;46;;6;8,763;0.16;8%;2.91;22%;37,097;;19;37,097;26;7,100;496;45%;26;27,531;999;49;29;23;02:44;8;220;128;999;0.09;0.69;9.69;2.52;01:07;11.4;560.49;13.74;28.28;12,675.21;642;8;69;60;65;194;11;14 hours;66;33;01:14:01;01:14:40;49%;6;4;29;
The Gooner 90;;42;14;16;5;;12.69;4.23;94;44;4;16,700;4,130;359;31,609;39;3;;;359;0.18;8%;5.87;24%;1,480;;;1,480;12;3,404;227;33%;12;10,217;614;35;13;14;01:00;2;104;55;614;;0.76;4.83;1.2;00:37;11.79;447.56;13.3;28.42;9,557.45;16;;1;3;5;9;;32 minutes;3;3;02:03;03:48;100%;4;
The Grim Grotto;;267;82;27;9;;13.28;4.07;489;245;46;109,600;33,210;1,739;231,756;245;8;;;1,739;0.12;5%;2.7;30%;9,804;;13;9,804;13;5,259;374;40%;13;24,102;938;46;29;28;03:05;6;158;62;938;0.04;0.72;9;2.28;01:25;12.18;487.66;12.18;24.32;11,527.98;181;4;21;26;18;65;4;3 hours;20;12;28:41;15:36;60%;3;1;7;
The Jeff Janis;;17;4;8;2;;9.48;2.23;24;9;6;4,160;1,131;127;9,781;7;;;;127;0.11;11%;1.33;27%;594;;;594;7;1,601;200;33%;7;3,442;277;11;3;3;00:38;2;62;29;277;;0.54;10.03;3.34;00:34;3.9;331.13;5.01;13.38;5,454.76;18;;1;2;1;4;;18 minutes;2;0;01:02;;22%;;0;1;
The Shad0w Wolf;;17;6;14;6;;9.32;3.29;41;14;3;7,540;1,725;145;13,351;12;2;;;145;0.11;8%;3.72;22%;380;;;380;10;2,833;164;25%;10;10,497;321;33;12;11;00:45;3;128;27;321;;0.31;6.03;1.64;00:28;6.58;208.42;7.67;22.48;7,323.04;11;;2;1;1;4;;20 minutes;2;2;00:52;00:07;100%;3;
TheDisciple2015;;83;20;20;6;;15.88;3.82;114;52;13;25,580;7,034;551;52,282;72;3;;;551;0.11;7%;1.4;27%;3,157;;;3,157;10;3,645;328;35%;10;13,868;734;30;14;22;03:27;6;163;39;734;;0.67;15.49;2.48;02:27;13.77;604.11;9.94;21.81;10,003.34;81;2;4;2;3;9;;1 hour;5;4;12:49;03:26;76%;3;;1;
tim42n;;4;;4;;;28.08;;5;3;;1,340;451;53;2,941;3;;;;53;0.31;11%;2.5;33%;200;;;200;3;1,689;100;33%;3;2,941;200;5;3;3;00:04;;53;31;200;;1.17;14.04;;00:32;21.06;1,404.18;21.06;35.1;20,645.16;2;;;;;;;2 minutes;0;0;00:04;;100%;
tmarcum;;4;;4;;;12.85;3.21;9;8;4;1,420;561;41;4,852;3;;;;41;0.14;7%;1.5;39%;200;;;200;3;2,232;100;;3;4,852;200;9;8;3;00:16;4;41;25;200;;0.69;19.28;12.85;00:54;9.64;642.98;25.71;28.93;15,597.55;6;;0;1;0;2;;4 minutes;0;;00:16;;;;;0;
Toxic Depth;;22;7;11;4;;21.16;6.73;27;19;6;5,900;2,139;138;15,504;13;;;;138;0.16;6%;2.45;36%;856;;;856;10;6,066;460;33%;10;9,233;510;14;9;8;00:57;4;68;40;510;;1.03;10.58;5.77;01:28;12.5;823.68;18.28;25.97;14,916.65;11;;0;0;2;3;;13 minutes;1;;01:31;03:30;;;;1;
Trash Like Me;;364;113;23;6;;16.87;5.23;566;292;85;164,740;35,573;2,545;242,942;236;10;;;2,545;0.13;7%;2.21;21%;13,937;;7;13,937;20;5,884;508;42%;20;12,407;1,025;38;20;19;02:10;9;153;87;1,025;;0.75;11.86;3.93;01:06;10.93;645.93;13.53;26.23;11,259.56;256;6;19;25;23;67;3;5 hours;22;7;24:04;20:26;31%;5;1;14;
Truck555;;2,330;712;56;25;2;20.85;6.37;3,375;1,832;426;693,280;178,264;14,937;1,403,925;1,541;75;;17;14,937;0.16;8%;2.47;25%;89,450;11;72;89,450;27;7,867;800;41%;27;33,825;2,115;78;37;48;04:39;9;448;107;2,115;0.15;1.01;12.21;3.81;01:27;13.79;800.7;16.39;30.21;12,567.06;1,365;12;99;119;107;325;26;24 hours;112;54;02:42:43;03:12:29;48%;6;7;52;
TzTM;;3,397;1,221;46;19;;18.99;6.82;5,163;2,866;594;966,280;267,005;20,380;2,126,843;2,302;112;;14;20,380;0.14;7%;2.54;27%;122,604;5;50;122,604;23;9,536;525;46%;23;31,019;1,797;68;41;31;03:52;10;289;84;1,797;0.07;0.85;11.35;3.32;01:35;12.87;685.59;16.02;28.87;11,893.18;2,031;33;166;157;138;461;31;39 hours;179;83;04:44:51;04:57:04;46%;5;7;90;
UncleFuncleJoey;;1,616;494;54;13;2;25.53;7.8;2,436;1,352;235;527,760;136,641;11,050;1,066,099;824;61;;11;11,050;0.19;8%;2.97;25%;60,925;;;60,925;23;7,501;614;44%;23;26,016;1,967;72;39;35;03:12;9;312;83;1,967;0.17;1.05;12.95;3.71;01:10;13.02;962.79;21.36;38.49;16,847.67;820;11;55;77;73;205;24;15 hours;63;33;01:14:49;02:43:52;52%;5;4;27;
Vault DwelIer;;11;2;11;2;;23.67;4.3;19;8;;2,780;662;99;5,533;2;;;;99;0.2;14%;3.8;23%;256;;;256;7;1,762;140;23%;7;5,533;256;19;8;2;00:32;;99;29;256;2.15;0.53;10.75;2.15;01:09;4.3;550.52;17.21;40.88;11,907.17;5;;;0;0;1;;7 minutes;0;0;00:32;;100%;;;0;
Verity;;35;8;13;3;;18.74;4.28;48;30;10;10,780;3,699;144;27,820;17;;;;144;0.11;3%;4.36;34%;1,471;;;1,471;12;4,368;475;28%;12;9,041;486;21;10;8;00:27;7;52;45;486;0.53;1.21;5.89;5.35;00:30;9.1;787.83;16.06;25.7;14,898.91;11;;2;1;3;6;2;20 minutes;2;1;00:56;04:05;39%;3;;1;
Veruc;;29;16;29;16;;29;16;37;27;11;4,760;1,704;205;18,758;15;2;;;205;0.21;12%;1.94;35%;1,056;;;1,056;7;2,914;175;35%;7;18,758;1,056;37;27;15;01:11;11;205;34;1,056;;1.09;19;11;01:11;15;1,056.22;27;37;18,758.29;19;;;;3;3;;16 minutes;1;;01:11;06:13;;3;;1;
Vexualy;;2,208;794;37;13;2;20.17;7.25;3,666;2,015;360;629,620;172,074;14,914;1,400,098;1,319;116;;13;14,914;0.17;8%;3.73;27%;82,580;;17;82,580;23;7,452;607;51%;23;19,459;1,401;51;28;27;01:46;7;241;85;1,401;0.11;0.94;8.97;3.29;00:55;12.05;754.69;18.41;33.5;12,795.52;982;10;84;120;133;337;38;24 hours;109;66;01:40:26;03:29:24;60%;5;4;39;
Visper;;1,113;293;60;16;;25.7;6.76;1,740;938;113;291,560;91,126;6,712;681,928;658;54;;4;6,712;0.18;7%;4.71;31%;39,925;;;39,925;22;7,533;569;41%;22;30,531;2,479;69;40;31;02:23;8;285;120;2,479;0.09;1.11;8.52;2.6;01:12;15.19;922.08;21.66;40.18;15,749.2;369;10;43;39;75;158;25;9 hours;43;37;52:02;01:51:11;85%;5;2;4;
vKure;;1,895;569;37;15;;23.21;6.97;2,843;1,725;331;433,580;136,100;10,343;1,122,401;1,041;76;;14;10,343;0.15;7%;2.98;31%;68,658;;15;68,658;18;6,758;561;55%;18;18,909;1,313;57;39;24;04:29;9;192;69;1,313;0.17;1;11.67;4.05;01:22;12.75;841.22;21.13;34.83;13,752.14;953;14;68;85;115;268;24;18 hours;82;47;01:51:53;03:37:46;57%;5;5;30;
VW GTI G0DSP33D;;31,396;11,090;56;20;;18.42;6.5;51,692;30,826;9,128;9,453,360;2,466,740;192,575;19,205,948;22,578;1,092;;;192,575;0.14;7%;2.7;26%;1,171,539;59;569;1,171,539;31;11,053;823;100%;31;37,589;2,334;78;47;57;05:06;19;381;107;2,334;;0.86;11.19;5.35;01:07;13.24;687.39;18.08;30.33;11,268.98;19,077;246;1,659;1,546;2,038;5,244;596;376 hours;1,704;842;31:58:08;56:15:00;49%;6;96;766;
Wavy as;;94;30;23;9;;17.75;5.66;156;95;28;29,440;9,210;701;72,715;46;3;;;701;0.14;7%;2;31%;3,672;;;3,672;11;5,651;392;42%;11;11,954;991;31;22;17;00:42;4;101;58;991;;0.74;14.73;5.28;00:46;8.68;693.56;17.94;29.46;13,735.01;78;;5;3;6;14;;1 hour;5;2;04:04;10:32;35%;4;1;3;
Weed iHunt;;291;90;35;10;;19.75;6.11;436;220;36;90,820;26,236;1,879;205,008;165;13;;2;1,879;0.15;7%;2.74;28%;10,035;;;10,035;15;5,926;327;44%;15;23,095;1,218;59;29;34;03:20;6;187;73;1,218;0.13;0.8;10.79;2.44;01:11;11.2;681.38;14.93;29.6;13,919.89;159;;14;17;13;45;3;3 hours;15;7;17:32;14:57;48%;5;0;7;
WELSHMANIA;;258;91;33;12;;21.54;7.59;367;231;66;65,320;19,000;1,999;168,862;153;9;;2;1,999;0.2;10%;2.43;29%;9,413;;5;9,413;22;11,618;430;38%;22;16,715;1,368;42;28;24;01:30;16;256;81;1,368;0.16;0.96;12.6;5.51;01:02;12.77;786.02;19.29;30.64;14,101.27;151;2;13;14;15;42;5;2 hours;12;5;12:32;30:44;42%;6;2;5;
Westside Ryderz;;169;57;32;11;;14.08;4.75;242;106;28;61,380;15,861;1,034;120,007;107;4;;3;1,034;0.11;6%;1.76;25%;6,045;;5;6,045;13;5,343;393;64%;13;17,086;1,009;53;17;26;02:17;5;163;48;1,009;0.25;0.64;11.41;2.33;01:17;8.91;503.84;8.83;20.16;10,002.1;137;;12;14;5;31;;2 hours;12;3;15:29;04:27;27%;3;1;8;
WHIT3 DYNAMIT3;;94;41;22;10;;17.93;7.82;163;107;31;22,500;7,131;467;60,194;66;4;;;467;0.15;6%;5.25;31%;3,309;;6;3,309;18;6,245;435;38%;18;18,366;785;38;25;17;00:52;8;96;57;785;0.19;1.12;5.91;5.91;00:43;12.59;631.26;20.41;31.09;11,482.97;31;;2;3;9;15;3;49 minutes;5;4;03:46;19:18;83%;3;;1;
Whos Riven;;9;3;7;2;;16.72;5.57;11;7;4;2,740;843;71;8,387;4;;;;71;0.14;8%;1.22;30%;318;;;318;5;1,995;150;;5;4,623;268;9;5;4;00:28;3;42;30;268;;0.64;16.72;7.43;00:52;7.43;590.83;13;20.44;15,584.63;9;;1;1;1;2;;8 minutes;1;0;00:28;00:13;72%;;;0;
Wookiee Steve;;59;24;28;8;;22.32;9.08;108;70;17;15,160;4,613;481;36,936;48;3;;;481;0.2;10%;3.48;30%;2,424;;4;2,424;11;3,700;331;37%;11;15,174;1,195;43;33;18;01:12;8;273;68;1,195;0.37;1.03;11.73;6.43;01:04;18.16;917.28;26.48;40.86;13,976.9;31;;2;2;6;10;;39 minutes;3;0;02:50;14:04;10%;3;0;2;
WSXRQ;;301;76;30;11;;16.81;4.24;484;208;38;127,660;27,052;2,339;201,508;229;9;;;2,339;0.16;8%;2.37;21%;10,306;;;10,306;17;5,807;400;33%;17;23,253;1,100;50;19;30;04:24;6;291;64;1,100;;0.7;11.39;2.12;01:29;12.79;575.64;11.61;27.03;11,255.18;204;;21;14;11;45;3;4 hours;18;8;26:44;23:17;47%;4;;9;
Wxnderful;;1,885;721;39;18;;24.74;9.46;2,936;1,643;262;586,300;174,076;13,144;1,386,424;983;89;;18;13,144;0.21;7%;3.84;29%;68,159;;7;68,159;23;11,077;906;50%;23;31,548;1,434;63;39;24;02:05;8;308;115;1,434;0.23;1.1;10.01;3.43;01:13;12.9;894.78;21.56;38.54;18,200.87;763;7;64;65;143;272;49;17 hours;76;55;01:33:24;03:59:34;71%;5;2;20;
x man legending;;269;76;41;10;;19.47;5.5;464;205;53;100,780;19,300;1,847;147,660;201;9;;;1,847;0.13;9%;2.72;19%;9,746;;2;9,746;19;3,614;603;26%;19;17,155;1,447;58;27;36;02:54;11;305;70;1,447;0.07;0.73;12.31;3.83;01:20;14.55;705.73;14.84;33.59;10,692.56;170;6;16;6;4;26;3;3 hours;14;10;18:31;09:48;70%;5;;4;
Xandoid;;49;5;40;2;;27.93;2.85;77;38;5;15,940;4,312;342;28,233;38;;;;342;0.19;7%;3.66;27%;1,541;;;1,541;17;3,318;380;30%;17;17,731;1,290;56;29;31;02:31;3;247;66;1,290;;0.87;11.97;2.85;01:50;21.66;878.87;21.66;43.9;16,097.51;21;;1;2;3;6;;29 minutes;2;0;03:14;03:44;5%;;0;2;
xEpk;;20;7;13;4;;20.54;7.19;36;21;8;5,140;1,904;111;13,896;7;;;;111;0.19;5%;36;37%;828;;;828;19;6,837;596;42%;19;6,837;596;19;11;4;00:03;5;78;78;596;;1.42;1.02;8.21;00:06;7.19;851.07;21.57;36.98;14,275.78;;;1;1;3;4;;9 minutes;1;1;00:06;03:43;100%;4;
xFERAL WOMBATx;;20;9;12;7;;16.5;7.42;38;24;5;4,880;1,641;102;12,932;16;;;;102;0.12;6%;4.22;33%;495;;;495;12;3,322;207;36%;12;8,226;287;26;19;12;00:36;3;45;31;287;;0.59;7.42;4.12;00:40;13.2;408.44;19.8;31.36;10,674.17;9;;1;1;2;4;;13 minutes;1;1;00:48;04:34;87%;3;;0;
xHAZ4RDZx;;193;82;34;18;;20.29;8.62;313;168;34;53,940;14,072;1,378;117,403;163;7;;;1,378;0.16;9%;2.38;26%;7,283;;3;7,283;15;5,516;400;58%;15;17,949;1,390;57;31;38;03:15;6;261;70;1,390;;0.88;13.77;3.57;01:42;17.13;765.74;17.66;32.9;12,343.93;131;3;8;12;13;33;3;2 hours;10;5;16:17;18:21;53%;4;;4;
xPMoney7;;1,410;385;26;10;2;19.65;5.36;2,050;1,302;404;359,480;103,168;9,593;796,246;810;25;;2;9,593;0.17;9%;2.81;28%;53,629;;22;53,629;20;6,955;620;63%;20;15,252;1,037;38;24;22;01:44;11;182;78;1,037;0.02;0.95;10.14;5.63;01:00;11.29;747.64;18.15;28.57;11,100.52;728;9;68;62;69;199;18;15 hours;72;35;01:12:17;02:08:54;48%;5;5;32;
XshindigX;;9;;9;;;15.24;1.69;15;5;;3,200;357;33;3,092;8;;;;33;0.08;9%;3.75;11%;325;;3;325;8;1,831;200;;8;2,416;325;13;5;6;00:23;;25;16;325;;0.84;6.77;1.69;00:51;13.55;550.17;8.47;25.41;5,238.37;4;;1;0;1;3;;6 minutes;1;0;00:30;;78%;;;0;
Xvanthious;;66;18;13;8;;12.35;3.36;122;60;30;34,280;6,609;555;43,379;52;;;;555;0.13;8%;2.14;19%;2,630;;8;2,630;11;3,112;277;26%;11;8,025;484;27;17;12;00:56;10;127;38;484;0.18;0.65;10.66;5.61;01:10;9.73;492.18;11.22;22.82;8,117.15;57;;7;7;3;17;;1 hour;5;2;06:17;02:06;36%;5;1;2;
xXDrosxo13Xx;;12;3;9;3;;14.44;3.61;22;8;;6,900;1,750;105;13,321;4;;;;105;0.13;6%;1.46;25%;495;;;495;8;4,719;100;23%;8;9,857;345;17;6;3;00:21;;47;31;345;;0.62;18.05;;00:40;4.81;596.04;9.62;26.48;16,033.51;15;;2;1;;3;;13 minutes;1;1;00:33;00:10;60%;;;0;
xXGaMeRgUyXx;;32;7;17;5;;18.81;4.11;44;30;13;5,820;1,577;123;10,503;22;;;;123;0.14;7%;6.28;27%;1,186;;;1,186;9;1,933;272;22%;9;5,627;621;24;15;12;00:41;10;62;31;621;;1.36;4.11;7.64;00:47;12.93;697.42;17.63;25.86;6,173.93;7;;1;2;5;8;2;14 minutes;2;2;01:20;02:07;94%;3;;0;
Yavilad;;8;;8;3;;90.69;34;;;;;;;3,700;;;;;19;;;;27%;298;;;298;;;;;;3,700;;;;;;;19;11;298;;;;;;;;;;41,942.46;2;;;;0;0;;1 minute;0;;;01:35;96%;;0;0;
yoyohurricanes;;249;71;32;8;;21.54;6.14;379;223;45;59,240;17,850;1,516;145,848;127;11;;2;1,516;0.16;8%;3.79;30%;8,195;;;8,195;13;4,617;433;43%;13;13,964;1,056;47;30;16;01:06;9;139;79;1,056;0.17;0.89;8.65;3.89;00:47;10.99;709.28;19.29;32.8;12,622.57;100;;10;10;13;33;3;2 hours;12;7;09:13;28:03;60%;4;0;4;
ySaiL;;18;7;8;6;;21.08;8.19;34;19;5;5,280;1,349;121;10,385;18;;;;121;0.22;8%;5.66;25%;676;;;676;9;4,196;194;31%;9;6,765;266;16;10;8;00:27;4;78;49;266;;1.25;7.02;5.85;01:07;21.08;791.85;22.25;39.82;12,163.72;6;;0;1;2;3;;8 minutes;1;1;00:57;05:19;100%;
zRiiCHiiEz;;34;9;14;5;;26.76;7.08;38;26;8;7,020;2,397;216;17,339;15;;;;216;0.17;9%;2.23;34%;1,181;;;1,181;10;3,494;411;37%;10;5,987;566;14;11;7;00:21;6;88;44;566;;0.95;13.38;6.29;00:52;11.8;929.73;20.47;29.91;13,651.09;17;;2;1;1;4;;20 minutes;1;;01:07;02:36;;3;1;1;
