Username;SR;Eliminations;Final Blows;Solo Kills;Shots Fired;Shots Hit;Critical Hits;Damage Done;Objective Kills;Multikills;Environmental Kills;Melee Final Blows;Eliminations per Life;Weapon Accuracy;Healing Done;Teleporter Pads Destroyed;Turrets Destroyed;Offensive Assists;Eliminations - Most in Life;Damage Done - Most in Life;Healing Done - Most in Life;Weapon Accuracy - Best in Game;Kill Streak - Best;Damage Done - Most in Game;Healing Done - Most in Game;Eliminations - Most in Game;Final Blows - Most in Game;Objective Kills - Most in Game;Objective Time - Most in Game;Solo Kills - Most in Game;Offensive Assists - Most in Game;Offensive Assists - Average;Deaths - Average;Solo Kills - Average;Objective Time - Average;Objective Kills - Average;Healing Done - Average;Final Blows - Average;Eliminations - Average;Damage Done - Average;Deaths;Environmental Deaths;Medals - Bronze;Medals - Silver;Medals - Gold;Medals;Cards;Time Played;Games Played;Games Won;Objective Time;Time Spent on Fire;Win Percentage;Enemies Hacked;Enemies EMP'd;Enemies Hacked - Most in Game;Enemies EMP'd - Most in Game | 27;Enemies EMP'd - Average;Enemies Hacked - Average;Multikill - Best;Games Tied;Games Lost;
A Camping Cat;0;69;39;17;8,832;3,948;271;34,422;25;;;2;1.38;44%;6,141;;;23;5;2,276;846;46%;5;6,583;1,111;14;6;6;01:01;4;6;6;12.61;4.28;00:51;6.3;1,548.82;9.83;17.4;8,681.84;50;;3;4;3;9;;47 minutes;4;1;03:25;03:05;29%;90;68;19;;17;23;;;3;
A Chill Lamp;4319;27;13;3;2,020;882;63;9,769;6;;;;3.85;43%;960;;;7;10;3,360;798;46%;10;4,288;798;12;5;6;00:23;;3;6;6.01;2.57;00:27;5.15;825.61;11.17;23.21;8,397.93;7;;2;1;;4;;11 minutes;1;1;00:31;00:40;100%;;;;;;;3;
AceSilver143;0;185;70;20;26,075;7,552;523;60,156;78;2;;2;2.1;28%;10,724;;;56;13;3,109;753;43%;13;13,851;1,791;50;15;25;01:51;3;16;6;8.64;1.96;00:48;7.66;1,053.51;6.87;18.17;5,909.88;88;;9;6;4;18;;2 hours;10;5;08:09;06:19;49%;;;;;;;4;;5;
AvaldezC;0;5;4;;439;155;19;1,411;;;;;;35%;621;;;;2;495;401;35%;2;1,411;621;5;4;;;;;2;9.85;1.97;;;1,224.51;7.88;9.85;2,780.61;5;;;1;;1;;4 minutes;1;;;;;6;3;6;;6;12;;;1;
cougargoalie;0;13;6;;1,902;689;19;7,553;2;;;;1.44;36%;1,342;;;8;8;3,073;549;31%;8;4,253;746;11;5;2;00:13;;6;6;6.61;0.73;00:16;1.47;986.25;4.41;9.55;5,552.4;9;;1;1;;2;;12 minutes;1;0;00:22;02:20;3%;;;;;;;;0;1;
DrivebySamura1;4035;150;75;15;16,677;6,117;475;57,783;57;2;;3;2.63;36%;5,674;;4;54;22;4,323;628;38%;22;17,085;2,134;46;27;19;01:13;6;18;8;8.63;2.27;00:47;8.63;859.37;11.35;22.71;8,751.06;57;;7;7;5;20;3;1 hour;7;3;05:13;11:32;45%;;;;;;;3;1;3;
Genju Main;3649;426;193;38;39,968;15,809;1,216;145,623;137;2;;3;3.55;39%;12,930;;10;140;16;3,705;880;46%;16;16,662;1,754;54;26;26;01:53;6;21;9;7.39;2.34;00:41;8.44;796.74;11.89;26.25;8,973.38;120;2;19;6;7;31;6;3 hours;16;6;11:16;20:00;36%;;;;;;;3;;10;
Hiperninja;0;54;23;7;3,544;1,242;66;10,606;19;;;;4.15;35%;1,304;;;15;9;1,305;327;56%;9;4,937;538;25;8;12;00:48;2;7;6;5.17;2.78;00:45;7.56;519.71;9.16;21.51;4,225.61;13;;3;3;2;9;;21 minutes;3;3;01:54;00:59;100%;24;15;10;;6;10;
I Only Torbjorn;3571;;;;;;;12,716;17;;;;;44%;1,080;;;9;;;;;;5,922;;;7;;01:00;2;5;10;4.4;4.4;02:20;18.71;1,188.93;15.41;42.92;13,997.59;4;;;;0;3;;12 minutes;;;02:07;01:56;100%;21;;11;;13;23;;;0;
iArctos;0;83;48;16;8,091;3,194;251;31,441;25;;;2;1.88;39%;2,548;;;31;7;2,053;409;44%;7;8,219;569;23;15;6;00:40;5;9;9;13.16;4.78;00:59;7.48;762.32;14.36;24.83;9,407.91;44;;4;3;2;9;;49 minutes;3;1;03:17;06:25;29%;;;;;;;;1;2;
Jew Veri;0;125;78;22;13,150;5,793;418;64,101;44;;;;3.37;44%;7,297;;;30;11;4,546;787;49%;11;14,353;1,886;24;14;15;00:38;5;9;5;6.16;3.66;00:33;7.32;1,215.24;12.98;20.81;10,675.04;37;;5;2;4;12;3;1 hour;6;2;03:20;04:39;36%;;;;;;;3;0;3;
KEIHEI;0;85;30;4;8,739;2,821;141;26,045;39;2;;;3.86;32%;4,294;;;17;15;3,786;905;42%;15;15,778;3,102;60;24;26;01:28;3;12;6;7.33;1.33;00:51;13;1,431.49;10;28.33;8,681.53;22;;2;3;1;6;;34 minutes;3;1;02:35;04:58;33%;;;;;;;3;;2;
KoolKiran;3992;1,935;861;177;227,293;86,798;5,872;787,328;705;16;;2;2.65;38%;60,464;;5;551;25;8,698;1,024;47%;25;19,778;3,009;47;27;24;02:57;10;18;8;10.21;2.48;01:01;9.88;847.64;12.07;27.12;11,037.49;729;17;71;68;57;196;48;15 hours;71;29;01:13:28;01:55:27;39%;;;;;;;3;4;39;
Little Bran;3874;52;22;5;7,055;2,499;217;24,537;24;;;;2;35%;2,243;;;15;9;3,794;528;36%;9;7,081;781;24;10;14;01:24;3;8;5;9.08;1.74;01:19;8.39;784.07;7.69;18.17;8,577.92;26;;5;1;4;10;2;33 minutes;3;1;03:48;;20%;58;43;20;;15;20;;;2;
lorcy m;3797;139;53;3;16,535;5,638;337;48,476;42;;;;2.67;34%;4,688;;2;29;14;3,278;540;39%;14;10,005;1,372;37;13;15;01:36;;8;5;8.5;0.49;00:58;6.86;766.47;8.66;22.72;7,925.28;52;;8;3;1;12;;1 hour;6;3;05:59;00:27;50%;106;48;24;;8;17;;;3;
LORDxSUWU;2812;98;44;14;9,686;3,383;204;35,443;34;;;9;1.96;34%;3,838;;;39;19;4,831;583;37%;19;11,720;1,329;36;18;14;01:19;8;15;10;12.3;3.44;00:53;8.36;944.15;10.82;24.11;8,719.95;50;;8;2;2;11;;53 minutes;4;2;03:35;03:54;44%;98;57;30;;14;24;;;2;
MattPisto;4130;165;95;29;13,868;5,659;513;54,344;46;;;7;4.34;40%;11,391;;2;38;13;5,041;1,303;48%;13;13,032;2,360;28;19;11;00:51;10;9;5;5.01;3.82;00:41;6.07;1,504.44;12.54;21.79;7,177.13;38;2;10;13;4;27;4;1 hour;8;8;05:16;06:47;100%;112;65;21;;9;15;
My BRs Dyslexic;2858;95;47;6;9,720;3,623;267;30,512;39;;;2;2.43;37%;2,192;;;19;10;3,022;346;35%;10;12,784;1,573;47;19;20;01:05;4;11;6;12.05;1.85;00:49;12.05;677.39;14.52;29.35;9,427.57;39;;3;4;1;8;;45 minutes;3;2;02:38;01:44;70%;72;44;33;;14;22;;;1;
o Kapow;3427;61;20;7;7,498;2,508;190;20,799;21;;;;1.32;33%;3,023;;;14;7;2,757;375;40%;7;5,037;1,213;14;6;4;01:12;3;7;3;10.5;1.59;00:48;4.79;690.59;4.56;13.93;4,750.89;46;;5;2;3;11;;43 minutes;4;3;03:33;01:03;68%;;;;;;;;0;1;
PRAXIS UnLeashD;0;1,314;569;144;152,462;64,895;4,070;595,782;514;12;;12;2.34;42%;116,978;;14;452;18;7,010;1,636;55%;18;16,497;4,964;41;20;19;02:59;7;18;8;9.65;2.48;01:04;8.86;2,017.67;9.81;22.66;10,276.23;560;5;65;47;24;135;31;13 hours;58;21;01:02:31;01:09:48;36%;;;;;;;3;2;34;
RamLMT;0;942;253;34;148,595;35,476;2,607;309,445;419;5;;;1.18;23%;46,707;;18;372;15;3,926;1,504;41%;15;10,909;4,160;32;12;16;02:49;3;16;5;11.46;0.48;01:04;6.02;671.27;3.63;13.53;4,447.35;798;7;49;29;17;95;3;14 hours;70;26;01:15:03;08:18;37%;;;;;;;3;5;39;
Repure;4210;563;258;68;59,292;25,548;2,015;251,056;180;6;;7;2.41;43%;36,881;;19;200;15;7,301;1,210;49%;15;18,003;3,760;48;16;28;01:45;7;18;8;9.3;2.71;00:41;7.18;1,472.87;10.3;22.48;10,026.18;233;;27;22;19;67;15;5 hours;25;12;17:09;52:50;45%;;;;;;;5;3;11;
spirit murderer;3348;49;17;;8,238;2,998;186;26,322;27;;;;2.88;36%;1,364;;;24;10;4,175;732;37%;10;18,418;1,364;33;9;21;03:06;;19;13;9.5;0.55;02:05;15.09;762.7;9.5;27.39;14,713.83;17;2;5;1;1;7;;28 minutes;2;;03:44;04:58;;81;46;54;;26;45;;;2;
thats my sock;3409;121;41;7;16,717;5,890;444;56,920;42;2;;;2.37;35%;9,048;;5;42;15;7,011;1,041;59%;15;8,912;2,167;19;10;6;00:50;;9;5;6.6;0.9;00:43;5.44;1,172.14;5.31;15.67;7,374.17;51;;6;8;3;16;;1 hour;8;2;05:33;05:39;19%;;;;;;;3;0;6;
TzTM;3974;35;20;2;4,410;1,932;128;16,012;22;;;;2.5;43%;1,364;;;11;10;3,690;687;43%;10;6,852;687;14;8;14;01:34;2;5;7;9.21;1.31;01:52;14.48;898.11;13.16;23.04;10,541.2;14;;1;2;1;5;;19 minutes;2;1;02:51;03:13;59%;;;;;;;;0;0;
vKure;4326;92;45;9;8,397;3,226;174;28,194;35;;;;2.42;38%;3,359;;;34;12;2,620;500;40%;12;11,654;886;41;19;17;02:11;3;18;8;9.18;2.17;01:07;8.45;811.83;10.87;22.23;6,814.15;38;2;5;4;4;13;2;46 minutes;4;2;04:38;07:16;57%;;;;;;;3;0;2;
Wxnderful;0;739;294;46;91,162;34,413;2,306;328,818;271;8;;13;3.11;37%;30,791;;16;296;18;6,260;1,209;46%;18;23,451;2,223;50;18;23;02:19;3;29;11;9.04;1.75;01:06;10.34;1,175.26;11.22;28.2;12,550.9;237;;26;40;14;80;11;5 hours;26;17;28:58;01:03:17;63%;;;;;;;4;2;8;
