Username;SR;Sentry Turret Kills;Sentry Turret Kills - Most in Game;Players Teleported;Players Teleported - Most in Game;Shields Provided;Shields Provided - Most in Game;Teleporter Uptime;Teleporter Uptime - Best in Game;Shields Provided - Average;Sentry Turret Kills - Average;Players Teleported - Average;Teleporter Uptime - Average;Eliminations;Final Blows;Solo Kills;Damage Done;Objective Kills;Multikills;Environmental Kills;Eliminations per Life;Healing Done;Teleporter Pad Destroyed;Turrets Destroyed;Eliminations - Most in Life;Damage Done - Most in Life;Healing Done - Most in Life;Kill Streak - Best;Damage Done - Most in Game;Eliminations - Most in Game;Final Blows - Most in Game;Objective Kills - Most in Game;Objective Time - Most in Game;Solo Kills - Most in Game;Deaths - Average;Solo Kills - Average;Objective Time - Average;Objective Kills - Average;Healing Done - Average;Final Blows - Average;Eliminations - Average;Damage Done - Average;Deaths;Environmental Deaths;Medals - Bronze;Medals - Silver;Medals - Gold;Medals;Cards;Time Played;Games Played;Games Won;Objective Time;Time Spent on Fire;Win Percentage;Multikill - Best;Games Tied;Games Lost;
A Camping Cat;0;34;7;59;8;49;8;1,051;1;10.31;7.15;12.41;0.39;74;25;3;30,243;13;;;2.31;;;;9;3,243;;9;3,891;13;7;4;00:12;;6.73;0.63;00:08;2.73;;5.26;15.57;6,366.08;32;;4;4;2;10;;44 minutes;5;3;00:39;01:02;73%;3;1;1;
A Chill Lamp;4319;;;;;6;6;24;0;21.9;3.65;;0.16;;;;454;;;;0.5;;;;;454;;1;454;;;;;;7.3;;;;;;3.65;1,658.08;2;;1;;;1;;2 minutes;0;0;;;100%;
A1 Shank Sauce;2843;34;11;59;14;66;17;711;0;20.06;10.33;17.93;0.31;47;12;2;18,955;23;;;2.47;;;;10;2,864;130;10;3,930;14;5;8;00:40;;5.77;0.6;00:20;6.99;;3.64;14.28;5,762.43;19;;2;3;1;6;;37 minutes;3;1;01:07;01:45;34%;;0;2;
Abdul Ahkbar;0;438;11;722;14;951;19;10,236;1;14.74;6.78;11.19;0.26;891;333;71;459,253;227;7;;2.62;2;1;6;15;5,432;76;15;6,772;26;10;14;01:28;3;5.25;1.1;00:11;3.51;0.03;5.16;13.81;7,119.44;339;7;50;49;27;126;2;10 hours;65;43;12:45;13:34;66%;4;2;19;
AceSilver143;0;347;12;313;12;373;16;7,679;1;11.14;10.37;9.35;0.38;528;160;42;146,908;289;4;;2.65;;;;15;3,464;78;15;3,775;16;8;12;00:45;3;5.94;1.25;00:30;8.63;;4.78;15.78;4,391.05;199;;30;18;27;74;3;5 hours;33;25;16:56;10:48;73%;3;2;7;
ADERALDO25;3694;23;11;12;6;23;10;271;1;11.28;11.28;5.88;0.3;29;5;2;4,549;12;;;7.25;;;;8;1,180;;8;1,877;14;2;8;00:12;;1.96;0.98;00:07;5.88;;2.45;14.22;2,231.05;4;;1;1;2;5;;14 minutes;2;2;00:15;00:04;100%;3;
Asco HD;2602;29;8;41;8;44;9;587;1;14.62;9.63;13.62;0.31;37;16;6;12,722;7;;;2.31;;;;9;1,938;;9;2,448;9;4;3;00:11;;5.31;1.99;00:09;2.32;;5.31;12.29;4,228.25;16;;2;2;2;6;;30 minutes;3;2;00:29;;56%;;;1;
Aspire Leo;3920;;;;;4;4;;;54.14;13.53;;;3;;;312;2;;;;;;;3;312;;3;312;3;;2;00:14;;;;03:20;27.07;;;40.6;4,222.66;;;0;0;0;0;;1 minute;0;;00:14;;;;;0;
Axemen;0;113;11;143;22;61;13;2,074;1;6.82;12.64;16;0.32;176;52;8;64,647;59;2;;2.12;;;;12;3,092;76;12;4,432;20;6;8;01:26;2;9.28;0.89;00:38;6.6;;5.81;19.69;7,235.37;83;;7;8;5;19;;1 hour;9;4;05:41;03:16;42%;4;1;4;
B0LTi;3505;;;9;5;9;6;150;0;7.55;0.83;7.55;0.28;6;5;;2,744;2;;;0.85;;;;3;919;;3;1,187;3;3;2;00:06;;5.87;0.83;00:07;1.67;;4.19;5.03;2,305.02;7;;0;2;;2;;8 minutes;1;1;00:08;;100%;
Beyond Volscian;3000;26;12;13;6;15;6;375;1;10.42;18.07;9.03;0.49;39;12;2;9,733;27;;;7.8;;;;11;3,675;;11;5,116;16;7;14;00:36;;3.47;1.39;00:51;18.77;;8.34;27.11;6,766.94;5;;1;2;2;4;2;12 minutes;1;1;01:14;01:50;100%;
bossy ross;0;;;;;5;5;;;16.42;;;;;;;;;;;;;;;;;;;;;;;00:03;;;;00:13;;;;;;;;1;0;0;1;;2 minutes;0;0;00:03;;100%;
C0RPORAL;2815;;;;;;;;;;9.87;;;3;2;;1,104;;;;1.5;;;;3;627;;3;1,104;3;2;;;;19.75;;;;;19.75;29.62;10,907.89;2;;0;;0;1;;1 minute;0;;;;;;;0;
C1ZR;4124;4;4;10;6;10;6;154;0;18.54;7.41;18.54;0.33;9;6;;1,602;4;;;1.12;;;;4;583;;4;934;5;3;3;00:35;;14.83;1.85;01:22;7.41;;11.12;16.68;2,970.15;8;3;1;1;0;2;;7 minutes;1;1;00:44;;100%;
Chazsy;3860;75;12;62;9;89;13;1,398;1;11.1;9.35;7.73;0.35;144;41;2;37,105;46;;;3.42;;;2;12;2,943;;12;5,045;30;12;14;01:08;2;5.24;0.24;00:28;5.74;;5.11;17.97;4,630.55;42;;8;4;4;16;2;1 hour;8;7;03:47;04:13;93%;3;;1;
Chopper Le Porc;0;59;13;97;12;126;17;1,511;1;18.9;8.85;14.55;0.3;117;55;16;36,701;41;;;1.74;;;;12;2,118;;12;5,320;20;9;11;01:00;3;10.05;2.4;00:36;6.15;;8.25;17.55;5,505.69;67;;10;4;3;16;;1 hour;7;4;04:03;00:30;54%;;;3;
Chris Zettek;4009;9;9;8;8;4;4;43;0;7.86;17.69;15.73;0.16;13;2;;3,200;3;;;2.6;;;;6;907;;6;3,200;13;2;3;00:01;;9.83;1.96;00:02;5.89;;3.93;25.56;6,291.38;5;;1;1;;2;;4 minutes;1;0;00:01;01:03;1%;;0;0;
CookiesMilkYum;4213;6;6;6;6;12;12;126;1;14.33;7.16;7.16;0.34;6;3;;997;5;;;;;;;6;881;;6;881;6;3;5;00:04;;;;00:05;5.97;;3.58;7.16;1,190.68;;;1;0;0;1;;6 minutes;1;1;00:04;;71%;3;;0;
Corey Burlinson;0;9;4;9;4;14;10;175;0;6.98;4.48;4.48;0.18;21;7;;7,739;3;;;1.61;;;;3;1,672;;3;2,561;7;5;2;00:02;;6.48;0.49;00:02;1.49;;3.49;10.47;3,858.84;13;;0;2;1;3;;15 minutes;2;1;00:04;;36%;;;1;
Cow Lupin;1446;3;3;9;9;5;5;136;0;9.7;5.82;17.46;0.31;7;3;2;2,253;;;;;;;;7;2,253;;7;2,253;7;3;;00:02;2;;3.88;00:04;;;5.82;13.58;4,372.51;;;1;;;1;;7 minutes;1;;00:02;;;;;1;
Cyr;2998;4;4;3;3;4;4;66;0;25.32;25.32;18.99;0.33;5;;;3,965;3;;;1.66;;;;3;2,755;;3;3,965;5;;3;00:10;;18.99;;01:06;18.99;;;31.66;25,111.11;3;;0;0;;0;;3 minutes;0;0;00:10;;100%;
Derogant;3725;7;7;6;5;10;5;232;1;10.66;7.46;6.4;0.46;12;2;;3,550;;;;1.71;;;;10;2,648;;10;2,648;10;;;00:06;;7.46;1.06;00:09;1.06;;2.13;12.8;3,787.66;7;;1;1;1;3;;8 minutes;1;1;00:08;;100%;
Dog Thanatos;0;47;14;46;9;36;8;442;0;10.86;14.18;13.88;0.23;72;25;4;20,755;16;2;;3.78;;;;11;2,512;;11;3,654;18;7;5;00:10;2;5.73;1.2;00:09;4.82;;7.54;21.72;6,262.89;19;;5;4;2;10;;31 minutes;3;2;00:30;02:26;63%;4;1;1;
DOMINICKYO;2337;71;21;38;6;57;12;761;0;13.92;17.34;9.28;0.25;84;16;4;14,652;38;;;1.82;;;;7;1,240;;7;2,601;23;4;12;00:25;2;11.23;0.97;00:34;9.28;;3.9;20.52;3,580.02;46;;2;4;3;9;;48 minutes;4;1;02:21;;28%;3;1;2;
Doub1eAgent0reo;4447;;;4;4;;;16;0;2.21;2.21;8.85;0.08;;;;4,175;;;;0.33;;;;;3,171;;1;3,171;;;;;;6.64;;;;;2.21;2.21;9,247.75;3;;0;;1;1;;3 minutes;0;0;;;3%;;;0;
DoubledLizard;2864;683;16;568;12;816;24;9,081;1;15.59;13.05;10.85;0.27;963;285;57;293,779;414;14;;2.42;;;;15;3,748;;15;5,728;19;9;9;00:44;3;7.58;1.08;00:26;7.91;;5.44;18.4;5,613.76;397;2;42;46;34;122;16;9 hours;52;29;22:54;34:24;55%;3;7;16;
DrivebySamura1;4035;69;12;76;10;59;9;1,248;1;8.95;10.47;11.53;0.36;113;40;13;47,494;21;2;;3.13;;;2;15;4,575;62;15;5,999;15;9;4;00:43;3;5.46;1.97;00:19;3.18;;6.07;17.14;7,207.76;36;;8;3;6;17;3;56 minutes;7;5;02:05;02:46;68%;3;0;2;
ElptEMT;;;;11;11;14;14;128;0;27.73;;21.79;0.36;2;;;2,223;;;;0.66;;;;2;1,378;;2;2,223;2;;;00:08;;5.94;;00:17;;;;3.96;4,403.03;3;;1;;1;2;;5 minutes;1;1;00:08;;100%;
Elsayer;0;9;5;15;12;13;11;178;1;13.09;9.06;15.1;0.37;13;4;;3,808;2;;;2.6;;;;3;2,011;;3;2,609;7;3;;00:04;;5.03;1;00:06;2.01;;4.02;13.09;3,835.38;5;;0;0;0;1;;7 minutes;1;1;00:06;;100%;
Everforeverr;0;8;3;11;6;5;5;103;0;7.87;12.6;17.33;0.25;8;;;2,217;2;;;1.6;;;;3;757;62;3;803;3;;2;00:03;;7.87;;00:08;3.15;;1.57;12.6;3,492.88;5;;1;1;0;2;;6 minutes;1;0;00:05;;23%;;;0;
FANCYHOODLUM;3577;305;18;346;14;416;19;6,590;1;15.26;11.19;12.69;0.38;499;161;36;164,869;129;4;;2.27;;;;19;3,595;;19;5,258;21;8;17;01:23;4;8.03;1.32;00:21;4.73;;5.9;18.3;6,049.39;219;2;21;23;13;57;7;4 hours;27;15;09:43;13:55;54%;3;2;11;
FBorrego;0;7;7;2;2;7;5;89;1;13.23;13.23;3.78;0.29;13;7;2;2,333;;2;;4.33;;;;10;1,629;;10;1,980;13;7;;00:02;2;5.67;3.78;00:04;1.89;;13.23;24.57;4,409.35;3;;1;0;1;2;;5 minutes;1;1;00:02;00:32;100%;3;
Ferni;4447;;;;;;;2;0;;;;0.01;;;;415;;;;;;;;;386;;;415;;;;00:02;;10.15;;00:07;;;;;1,405.19;3;;0;0;;0;;3 minutes;0;0;00:02;;2%;;;0;
fusion360elite;2922;;;3;3;9;9;10;0;35.35;;11.78;0.05;;;;1,388;;;;0.25;;;;;626;;1;1,388;;;;00:21;;15.71;;01:22;;;3.92;3.92;5,453.36;4;;1;0;;1;;2 minutes;0;;00:21;;;;;0;
Genju Main;3649;3;2;14;5;12;4;284;0;8.49;2.12;9.9;0.23;11;4;;3,879;2;;;0.68;;;;4;960;;4;1,446;5;2;2;00:05;;11.32;0.7;00:05;1.41;;2.83;7.78;2,744.33;16;3;2;0;0;2;;19 minutes;1;0;00:07;;10%;;0;1;
Hai Im Tracer;3021;;;;;4;4;;;16.06;;;;;;;27;;;;;;;;;27;;;27;;;;;;4.01;;;;;;;109.28;;;0;0;0;1;;2 minutes;0;0;;;100%;
HighPRO Zzz;3000;;;4;4;;;39;0;;4.49;17.97;0.22;2;;;778;;;;0.66;;;;2;526;;2;778;2;;;00:01;;13.47;;00:08;4.49;;4.49;8.98;3,496.07;3;;;0;0;1;;2 minutes;0;0;00:01;;100%;
Hiperninja;0;27;9;38;9;33;11;694;1;6.55;5.36;7.54;0.26;81;36;14;18,923;21;;;2.61;;;;8;2,469;;8;6,116;23;8;7;00:35;5;6.15;2.78;00:20;4.17;;7.14;16.08;3,757.63;31;2;3;1;1;5;;43 minutes;5;5;01:44;04:19;100%;
iArctos;0;18;8;9;5;2;;195;1;2.52;22.72;11.36;0.39;23;7;;4,284;5;;;7.66;;;;9;1,792;;9;1,792;9;3;3;00:11;;3.78;;00:27;6.31;;8.83;29.03;5,408.77;3;;0;1;1;2;;8 minutes;1;1;00:22;00:52;89%;3;0;0;
IGenjiMain;3646;;;;;;;2;0;;;;0;;;;;;;;;;;;;;;;;;;;00:00;;4.26;;00:00;;;;;;3;;;;0;0;;4 minutes;1;;00:00;;;;;1;
II Scar3CroW;0;99;15;75;6;170;18;1,328;1;23.54;13.71;10.38;0.32;127;34;14;30,149;46;;;2.82;;;;13;3,087;;13;4,177;18;5;8;00:32;2;6.23;1.93;00:20;6.37;;4.7;17.59;4,176.38;45;;6;6;7;19;2;1 hour;7;3;02:25;04:56;46%;3;;4;
II SirMaru II;2490;15;9;16;9;17;9;210;0;15.7;13.85;14.77;0.27;24;12;3;6,505;11;;;3;;;;8;1,272;;8;2,958;16;8;9;00:13;2;7.38;2.77;00:21;10.16;;11.08;22.16;6,008.28;8;;2;2;0;4;;12 minutes;1;;00:23;00:52;;;1;1;
II Table;3635;63;7;122;11;114;11;1,324;1;9.55;5.27;10.22;0.19;113;36;10;47,193;16;;;1.5;;;;7;2,275;;7;4,327;10;5;4;00:09;2;6.28;0.83;00:08;1.34;;3.01;9.46;3,953.89;75;9;10;3;4;17;3;1 hour;12;3;01:39;00:06;27%;;1;8;
Im Forgiving;4021;13;5;28;12;38;16;501;0;16.93;5.79;12.47;0.27;49;18;4;20,132;15;;;1.88;;;;7;3,513;;7;8,609;25;9;12;01:20;2;11.58;1.78;00:59;6.68;;8.02;21.83;8,971.29;26;;3;1;1;4;;30 minutes;2;1;02:13;04:10;50%;;;1;
Ind3mnity;0;523;23;687;25;424;25;9,993;1;9.6;11.84;15.55;0.36;824;302;94;257,821;268;7;;2.3;;;7;14;5,202;;14;9,161;31;14;15;00:54;5;8.1;2.12;00:26;6.06;;6.83;18.65;5,837.81;358;4;32;29;16;78;13;7 hours;44;28;19:24;30:44;64%;3;4;12;
iSttoooLen;3927;11;5;12;5;23;10;369;1;8.22;3.93;4.28;0.31;15;2;2;2,739;6;;;2.5;;;2;3;758;;3;1,352;7;2;4;01:03;2;2.14;0.71;00:43;2.14;;0.71;5.36;978.91;6;;2;1;;3;;19 minutes;3;3;02:02;;100%;
ItsCONRAD;3497;47;9;98;9;53;8;1,787;1;8.01;7.1;14.81;0.41;100;31;11;53,390;29;3;;3.12;;;;10;4,470;;10;4,560;11;5;4;00:17;2;4.83;1.66;00:15;4.38;;4.68;15.11;8,070.51;32;;8;3;3;14;;1 hour;7;4;01:45;02:13;55%;3;1;2;
iUnExpected;4083;;;2;2;6;3;4;0;9.78;1.63;3.26;0.01;2;;;3,832;;;;0.33;;;;;1,397;76;1;1,488;;;;00:03;;9.78;;00:05;;;;3.26;6,251.47;6;;0;1;0;1;;5 minutes;1;0;00:03;;12%;;;1;
iuya;3970;;;;;3;3;;;27.34;9.11;;;;;;202;;;;;;;;;106;;1;202;;;;00:01;;9.11;;00:15;;;;9.11;1,840.5;;;0;;0;0;;1 minute;0;0;00:01;;100%;
IX HALFBREED XI;3077;7;4;6;6;8;8;58;0;27.14;23.75;20.35;0.19;7;;;2,446;3;;;1.4;;;;3;994;;3;1,440;4;;2;00:13;;16.96;;00:44;10.17;;3.39;23.75;8,297.64;5;;1;0;;1;;4 minutes;0;0;00:13;;19%;;;0;
JDn808;2713;10;4;27;6;19;7;165;0;18.3;9.63;26;0.22;12;2;;4,505;2;;;1.5;;;;2;803;;2;1,303;4;;;00:01;;7.7;0.96;00:02;1.92;;1.92;11.55;4,339.79;8;;0;1;1;2;;12 minutes;1;0;00:02;;0%;;;1;
KageEinjeruE102;4072;24;8;70;20;78;27;719;1;21.05;6.47;18.89;0.27;58;21;6;28,222;17;;;1.48;;;;10;3,758;;10;5,970;17;8;11;01:06;3;10.52;1.61;00:44;4.58;;5.66;15.65;7,616.99;39;;5;4;3;11;;43 minutes;4;1;02:43;08:35;18%;;0;3;
KaIlkz;3399;316;17;265;11;245;10;4,466;1;11.86;15.29;12.82;0.33;461;165;22;121,564;171;;;2.58;;;;16;3,781;;16;4,597;20;9;10;00:33;2;8.61;1.06;00:23;8.27;;7.98;22.31;5,884.92;178;;20;17;20;57;7;3 hours;21;14;08:10;15:26;65%;;2;5;
KEIHEI;0;6;6;3;3;3;3;130;1;4.49;8.98;4.49;0.52;9;3;;2,269;4;;;;;;;9;2,269;;9;2,269;9;3;4;00:13;;;;00:20;5.99;;4.49;13.47;3,398.19;;;1;;1;1;;4 minutes;1;1;00:13;;100%;
killswell;3164;82;11;87;12;92;16;1,574;1;12.42;11.07;11.74;0.34;122;30;5;61,813;53;;;2.21;;;;8;4,902;;8;7,915;13;7;8;00:18;;7.42;0.67;00:15;7.15;;4.05;16.47;8,345.4;55;;5;9;7;21;2;1 hour;7;5;01:55;00:40;63%;;0;3;
KING IZ SIIC;3443;4;4;6;6;23;5;43;0;28.96;5.03;7.55;0.07;6;;;4,182;;;;0.42;;;;2;959;;2;1,193;5;;;00:05;;17.63;;00:08;1.25;;1.25;7.55;5,266.49;14;;1;1;1;2;;9 minutes;1;;00:07;;;;;1;
Kingg Tuttle;0;;;;;3;2;;;12.68;;;;;;;220;;;;;;;;;157;;;180;;;;00:04;;16.91;;00:20;;;;;928.99;4;;0;;;0;;2 minutes;0;;00:04;;;;;0;
KoolKiran;3992;72;12;97;17;168;16;1,799;1;14.73;6.31;8.5;0.26;186;95;29;55,284;55;;;3.04;;;;13;2,877;;13;6,700;30;13;12;01:37;5;5.34;2.54;00:27;4.82;;8.33;16.31;4,848.14;61;;11;5;4;20;;1 hour;11;9;05:13;09:01;82%;3;0;2;
LEGENDARYWARIOR;3418;67;6;165;11;22;5;2,160;1;2.38;7.24;17.85;0.3;122;37;9;56,970;22;;;1.37;2;;;8;2,235;78;8;2,899;12;4;4;00:12;2;9.62;0.97;00:11;2.38;0.24;4;13.2;6,164.04;89;3;4;9;6;19;;1 hour;9;4;01:43;00:39;45%;;2;3;
Leveyez;3556;4;4;2;2;6;6;198;1;11.04;7.36;3.68;0.61;6;2;;2,918;4;;;3;;;;6;2,207;;6;2,918;6;2;4;00:07;;3.68;;00:13;7.36;;3.68;11.04;5,372.62;2;;;1;;1;;5 minutes;1;1;00:07;;100%;
limited death;2964;21;8;34;8;36;13;538;1;12.69;7.4;11.98;0.33;39;9;3;13,114;23;;;1.85;;;;8;1,684;;8;3,404;10;4;7;00:35;2;7.4;1.05;00:41;8.1;;3.17;13.74;4,623.04;21;;3;4;2;8;;27 minutes;3;3;01:57;00:36;94%;;;0;
limmme;3370;;;4;4;;;41;0;3.86;3.86;15.44;0.45;2;;;1,493;2;;;2;;;;2;1,493;;2;1,493;2;;2;00:16;;3.86;;01:01;7.72;;3.86;7.72;5,763.96;;;1;;0;1;;1 minute;0;;00:16;;;;;0;
Little Bran;3874;;;;;3;3;;;36.57;;;;;;;358;;;;;;;;;358;;;358;;;;;;12.19;;;;;;;4,358.18;;;0;;;0;;1 minute;0;0;;;100%;
lorcy m;3797;9;5;9;6;6;5;169;0;3.94;5.91;5.91;0.34;17;10;4;4,012;;;;8.5;;;;9;2,163;;9;2,466;9;7;;;3;1.31;2.63;;;;6.57;11.17;2,638.52;2;;1;2;;3;;8 minutes;2;2;;00:06;100%;
LORDxSUWU;2812;47;16;57;13;60;14;911;1;15.94;12.48;15.14;0.3;85;35;10;22,240;41;4;;2.36;;;;11;2,533;;11;6,872;24;11;15;00:27;3;9.56;2.65;00:29;10.89;;9.29;22.58;5,908.93;36;;4;2;2;8;;49 minutes;4;1;01:50;03:28;28%;4;1;1;
Lycanz;4036;5;3;3;2;14;4;66;0;9.56;3.41;2.04;0.08;18;9;;8,852;6;;;2.57;;;;8;2,560;;8;2,560;10;4;5;00:54;;4.78;0.68;00:55;4.09;;6.14;12.29;6,046.65;7;;2;2;1;5;;13 minutes;1;0;01:21;00:41;11%;;;1;
MajorCris;3262;;;6;6;7;7;77;0;22.92;;19.65;0.26;8;3;;3,746;3;;;1.14;;;;3;1,823;;3;3,746;8;3;3;00:10;;22.92;;00:32;9.82;;9.82;26.2;12,271.11;7;;1;0;0;1;;4 minutes;0;0;00:10;01:00;96%;;;0;
Marderic;3308;22;12;17;7;25;13;211;0;11.88;10.46;8.08;0.19;28;7;;6,500;9;;;2.54;;;;15;1,864;;15;2,096;15;6;6;00:12;;5.23;0.47;00:10;4.28;;3.32;13.31;3,091.49;11;;1;0;3;4;;17 minutes;2;1;00:21;00:06;46%;;;1;
MattPisto;4130;72;12;51;8;61;10;1,073;1;7.69;9.08;6.43;0.28;119;45;12;31,559;39;;;4.1;;;;14;3,688;;14;3,741;15;5;10;00:39;3;3.66;1.51;00:18;4.92;;5.67;15.01;3,983.22;29;;8;8;5;22;3;1 hour;8;8;02:23;02:16;100%;3;
Maxxon Charge;3705;18;6;22;8;14;6;320;1;11.99;15.41;18.84;0.33;31;7;2;13,562;5;;;3.44;;;;10;4,774;;10;4,774;12;3;2;00:09;;7.7;1.71;00:31;4.28;;5.99;26.55;11,616.04;9;;1;1;1;3;;15 minutes;1;0;00:36;00:20;10%;;0;1;
me10005;3682;;;4;4;4;2;82;0;5.88;1.47;5.88;0.18;3;;;3,703;3;;;0.37;;;;3;1,625;;3;2,585;3;;3;00:16;;11.77;;00:26;4.41;;1.47;4.41;5,448.24;8;;0;0;;0;;7 minutes;1;;00:18;00:20;;;;1;
MercenaryXPO;0;23;13;13;5;30;11;363;0;15.32;11.75;6.64;0.27;41;15;2;8,621;20;;;1.86;;;;8;1,174;;8;3,584;23;7;11;01:40;;11.24;1.02;01:02;10.21;;7.66;20.95;4,405.19;22;;2;0;0;3;;22 minutes;2;2;02:03;00:00;95%;;;0;
Mercy MD;0;9;5;23;11;24;13;225;0;21.99;8.24;21.08;0.33;17;10;3;6,098;4;;;1.88;;;;5;1,482;;5;2,785;7;4;2;00:06;3;8.24;2.74;00:11;3.66;;9.16;15.58;5,589.64;9;;1;1;0;2;;11 minutes;1;0;00:12;02:17;28%;;;1;
Meuq;4537;11;6;4;2;15;7;155;0;12.67;9.29;3.38;0.23;13;3;;2,577;5;;;3.25;;;;5;1,006;;5;1,513;7;2;4;00:01;;3.38;;00:01;4.22;;2.53;10.98;2,177.65;4;;2;1;1;3;;10 minutes;1;1;00:01;;100%;
millar08;0;17;11;12;6;12;8;285;1;7.95;11.26;7.95;0.57;21;8;3;5,796;9;;;5.25;;;;7;2,965;;7;3,447;13;4;7;00:11;2;2.65;1.98;00:11;5.96;;5.3;13.92;3,842.41;4;;1;;4;5;;8 minutes;2;2;00:18;01:19;100%;
MisterToli X;0;70;12;161;26;147;27;2,047;1;18.34;8.73;20.09;0.31;165;62;17;60,102;57;;;1.71;;;;10;2,313;;10;8,252;26;15;10;00:30;4;11.98;2.12;00:24;7.11;;7.73;20.59;7,501.66;96;2;6;5;4;15;2;1 hour;8;4;03:13;06:49;55%;;0;3;
mnizzle4;2719;14;6;19;9;26;18;313;0;19.87;10.7;14.52;0.33;22;10;3;7,990;7;;;2.2;;;;3;1,504;;3;3,645;9;4;3;00:15;2;7.64;2.29;00:25;5.35;;7.64;16.82;6,108.77;10;;1;1;3;4;;15 minutes;1;0;00:33;;31%;;;1;
MoraCombo;0;213;16;201;12;173;12;3,902;1;11.38;14.02;13.23;0.42;357;119;28;141,925;65;3;;4.01;;;;19;7,569;;19;7,714;21;7;7;00:17;3;5.85;1.84;00:11;4.27;;7.83;23.49;9,342.03;89;4;18;17;13;47;8;2 hours;15;11;02:52;14:36;72%;3;1;3;
My BRs Dyslexic;2858;31;8;38;9;35;7;535;1;9.18;8.13;9.97;0.27;42;10;3;13,573;7;;;1.82;;;;7;2,607;;7;3,697;12;5;3;00:24;;6.03;0.78;00:15;1.83;;2.62;11.02;3,561.69;23;;1;3;2;6;;32 minutes;4;2;00:58;00:01;61%;;1;0;
Narfidy;2569;7;7;3;3;4;4;71;0;11.09;19.41;8.32;0.28;7;;;1,402;4;;;;;;;7;1,402;;7;1,402;7;;4;00:06;;;;00:16;11.09;;2.77;19.41;3,888.16;;;;0;1;1;;4 minutes;0;0;00:06;;100%;
Nasty0303;2662;1,009;24;1,093;18;824;20;16,276;1;11.64;14.26;15.45;0.35;1,405;421;109;390,474;645;13;;1.87;;;;17;3,697;121;17;6,786;29;10;20;01:11;5;10.61;1.54;00:40;9.11;;5.95;19.86;5,520.47;751;4;53;60;56;169;25;12 hours;71;41;47:17;48:14;58%;3;5;24;
Nietzsche Nick;3682;2;2;;;5;4;;;14;5.6;;;3;;;443;2;;;1.5;;;;3;443;;3;443;3;;2;00:15;;5.6;2.8;01:01;5.6;;2.8;8.4;1,240.55;2;;0;0;1;1;;2 minutes;0;0;00:21;;24%;;;0;
NitroFPS;0;11;8;19;14;22;16;290;0;11.96;5.98;10.33;0.24;43;21;5;14,446;18;;;2.52;;;;9;2,368;;9;5,465;25;10;12;00:41;3;9.24;2.72;00:47;9.79;;11.42;23.39;7,858.83;17;;1;3;1;5;;19 minutes;2;2;01:26;01:59;100%;3;
NomadHokie;2669;;;;;;;;;;3.11;;;;;;158;;;;0.33;;;;;128;;1;158;;;;00:00;;9.34;;00:01;;;;3.11;491.94;3;;0;0;0;0;;1 minute;0;0;00:00;;3%;;;0;
NoT x GER Beans;2916;65;13;95;12;82;10;1,552;1;10.25;8.12;11.88;0.32;126;43;15;32,857;43;;;2.03;;;;13;1,810;;13;3,326;23;11;9;00:24;2;7.75;1.87;00:19;5.37;;5.37;15.75;4,108.86;62;2;5;5;5;14;;1 hour;8;3;02:36;04:36;38%;3;1;4;
o Kapow;3427;62;8;62;8;46;6;1,073;1;8.21;11.07;11.07;0.26;97;33;7;32,618;26;;;1.94;;;;10;3,370;54;10;3,370;11;7;4;00:17;2;8.92;1.24;00:20;4.64;;5.89;17.32;5,824.48;50;;4;4;1;9;;1 hour;6;3;01:53;00:05;52%;;1;2;
ObiwanKi11n00by;3509;14;5;17;6;24;8;190;0;9.46;5.52;6.7;0.15;23;7;2;11,302;;;;1.64;;;;4;2,099;;4;3,294;8;2;;00:08;2;5.52;0.78;00:11;;;2.76;9.07;4,458.57;14;;2;2;1;4;;21 minutes;3;0;00:27;;10%;;0;2;
Ohdyn;0;48;11;31;9;31;8;1,050;1;8.02;12.42;8.02;0.5;83;24;4;22,267;28;;;7.54;;;;14;3,406;;14;5,067;22;6;8;00:16;2;2.84;1.03;00:17;7.24;;6.21;21.48;5,764.39;11;;4;2;1;6;;34 minutes;4;4;01:08;01:58;100%;4;
OneBadBandito;2762;14;10;4;3;15;8;192;1;24.83;23.17;6.62;0.39;19;7;3;3,531;9;;;4.75;;;;15;2,506;;15;2,592;15;6;8;00:04;3;6.62;4.96;00:10;14.9;;11.58;31.45;5,846.52;4;;0;1;1;2;;8 minutes;1;1;00:06;;100%;3;
OUT M3 RK ED;3749;4;;2;2;17;10;31;0;13.19;3.1;1.55;0.05;7;2;;4,822;3;;;;;;;2;1,475;;2;2,113;3;;2;00:09;;5.43;0.77;00:17;2.32;;1.55;5.43;3,741.81;7;;0;0;0;1;;10 minutes;1;;00:22;;;;;1;
Overwatch DVa;3093;9;9;11;11;19;19;160;0;51.05;24.18;29.56;0.31;13;5;;2,305;3;;;1.85;;;;5;477;;5;2,305;13;5;3;00:17;;18.81;;00:45;8.06;;13.43;34.93;6,193.81;7;;0;;;0;;8 minutes;0;;00:17;;;;;0;
ParalyzingFrost;3000;11;11;2;2;10;6;207;0;13.47;14.82;2.69;0.35;21;9;2;6,534;2;;;3;;;;7;1,854;;7;6,384;21;9;2;00:09;2;9.43;2.69;00:15;2.69;;12.12;28.29;8,803.16;7;;;1;0;1;;9 minutes;1;1;00:11;;76%;;;0;
PETERtois01;0;136;15;154;12;110;7;2,609;1;6.61;8.17;9.26;0.29;241;94;24;64,860;121;;;2.05;2;;;16;2,651;149;16;4,707;24;9;16;00:46;4;7.03;1.44;00:29;7.27;0.13;5.65;14.49;3,900.33;117;;16;15;11;42;2;2 hours;17;5;08:14;07:30;32%;;4;8;
phantom fluid;2280;23;11;12;6;16;8;221;0;8.94;12.86;6.71;0.34;26;7;;4,883;13;;;4.33;;;;5;1,438;;5;1,871;12;4;7;00:07;;3.35;0.55;00:07;7.27;;3.91;14.54;2,731.11;6;;2;1;0;4;2;10 minutes;2;1;00:13;;79%;;;0;
Ponders;3669;7;7;;;9;9;116;0;11.08;8.62;;0.29;7;;;1,764;6;;;2.33;;;;7;1,021;;7;1,053;7;;6;00:17;;3.69;;00:22;7.39;;1.23;8.62;2,172.47;3;;0;1;1;2;;6 minutes;1;1;00:17;;100%;
pooptasticpoop;0;5;5;;;4;4;36;0;20.09;25.12;;0.3;6;;;1,772;;;;6;;;;5;1,553;;5;1,772;6;;;;;5.02;;;;;;30.14;8,906.19;;;0;0;;0;;1 minute;0;0;;;96%;;;0;
PRAXIS UnLeashD;0;1,347;18;1,537;19;3,626;40;27,570;1;30.66;11.39;12.99;0.35;1,940;522;106;829,647;676;12;;2.58;;;4;17;5,334;75;17;7,910;26;8;15;00:44;3;6.34;0.89;00:15;5.71;;4.41;16.4;7,015.57;750;5;100;101;54;255;27;21 hours;118;71;30:50;23:02;59%;4;8;40;
Proxxy 4;3742;36;9;42;7;36;9;486;1;8.28;8.28;9.66;0.27;46;11;3;18,313;12;;;2.55;;;;8;2,163;;8;2,283;9;3;3;00:23;;4.14;0.69;00:14;2.76;;2.53;10.58;4,215.89;18;;3;3;3;10;;29 minutes;4;2;01:04;00:20;37%;;;3;
qosh;3204;3;3;8;6;11;8;153;1;12.66;3.45;9.2;0.38;10;3;;3,074;;;;3.33;;;;5;1,591;;5;1,591;10;3;;00:02;;3.45;1.15;00:03;;;3.45;11.51;3,538.32;3;;;1;0;1;;6 minutes;1;1;00:02;;100%;
RamLMT;0;2,318;19;2,380;20;2,981;29;39,954;1;17.58;13.67;14.04;0.35;3,055;757;148;987,386;1,275;21;;2.29;6;1;;19;4,699;156;19;5,742;24;9;15;01:07;4;7.86;0.87;00:35;7.52;0.03;4.46;18.02;5,826.11;1,333;8;140;169;103;413;44;31 hours;169;108;01:40:18;32:52;63%;4;19;42;
REC xD;3693;51;12;78;12;88;16;1,341;1;14.27;8.27;12.65;0.3;80;30;9;30,195;38;;;1.53;;;4;6;4,209;59;6;4,524;14;8;11;00:32;3;8.43;1.45;00:23;6.16;;4.86;12.97;4,897.74;52;;4;4;6;15;;1 hour;6;2;02:23;00:03;27%;3;1;4;
Red Faze;0;272;10;370;14;222;12;5,819;1;8.94;10.96;14.91;0.36;425;124;22;179,724;101;2;;2.72;;;;16;6,512;3;16;6,512;16;7;6;00:18;3;6.28;0.88;00:15;4.07;;4.99;17.12;7,243.67;156;2;17;17;9;43;5;4 hours;25;19;06:23;05:33;78%;3;0;5;
Repure;4210;4;4;6;6;8;8;91;0;34.56;17.28;25.92;0.46;5;2;;774;2;;;1.66;;;;3;512;;3;774;5;2;2;00:08;;12.96;4.32;00:37;8.64;;8.64;21.6;3,342.72;3;;0;;0;1;;3 minutes;0;0;00:08;;100%;
s2k l Barbie l;0;7;7;12;12;16;16;142;0;44.31;19.38;33.23;0.41;10;3;2;2,759;2;;;3.33;;;;10;2,465;;10;2,759;10;3;2;00:05;2;8.3;5.53;00:16;5.53;;8.3;27.69;7,641.89;3;;;1;0;1;;5 minutes;0;;00:05;00:20;;;;0;
Sakaine08;2843;1,056;19;925;12;814;16;15,186;1;10.16;13.18;11.55;0.3;1,394;442;102;327,115;652;10;;2.54;4;;;17;5,010;80;17;5,913;24;8;17;01:03;4;6.84;1.27;00:29;8.14;0.04;5.52;17.41;4,085.63;548;8;48;61;48;157;25;13 hours;80;47;39:02;41:28;58%;4;9;24;
Scuffs;4060;13;8;20;5;19;7;383;1;8.93;6.11;9.4;0.31;31;6;2;12,277;2;;;2.21;;;;9;2,396;;9;3,100;12;3;;00:12;2;6.58;0.94;00:12;0.94;;2.82;14.57;5,771.7;14;;3;2;1;6;;19 minutes;2;1;00:27;;63%;;;1;
Semitaur;3703;2;;;;8;4;103;1;10.34;2.58;1.29;0.23;3;;;3,302;;;;0.6;;;;;1,610;;1;1,610;;;;00:02;;6.46;1.29;00:05;;;1.29;3.87;4,268.5;5;;1;1;1;2;;7 minutes;1;0;00:04;;44%;;;0;
Sillik79;2293;;;5;5;6;6;75;0;29.42;;24.51;0.41;;;;1,221;;;;;;;;;593;;;1,221;;;;00:03;;9.8;;00:16;;;;;5,986.09;2;;0;0;;0;;3 minutes;0;;00:03;;;;;0;
Sinature;0;23;9;28;6;26;9;570;1;8.69;7.68;9.36;0.36;39;10;2;10,883;8;;;3.25;;;;10;1,992;;10;2,802;16;5;3;01:46;;4.01;0.66;00:45;2.67;;3.34;13.03;3,638.58;12;;2;2;2;5;;25 minutes;3;3;02:15;01:52;88%;;;0;
SirJamesParker;0;7;3;9;6;7;7;118;0;9.18;9.18;11.8;0.23;11;5;;5,471;2;;;1.37;;;;4;2,294;;4;2,414;4;2;;00:03;;10.49;1.31;00:07;2.62;;6.55;14.43;7,177.73;8;;1;0;1;2;;8 minutes;1;1;00:05;;75%;;;0;
Skittle Kitteh;0;689;17;779;12;602;15;11,596;1;11.27;12.9;14.58;0.35;1,111;428;108;419,433;282;16;;3.01;2;;;18;5,232;78;18;6,824;19;10;12;00:53;4;6.89;2.02;00:17;5.28;0.04;8.01;20.8;7,854.17;368;8;42;46;25;113;16;9 hours;53;37;15:54;42:31;69%;4;4;13;
SlowWhelp151488;3909;;;;;2;2;;;8.26;;;;;;;1,788;;;;0.5;;;;;1,421;;1;1,421;;;;00:11;;8.26;;00:47;;;4.13;4.13;7,390.24;2;;0;0;0;1;;2 minutes;0;0;00:11;;99%;;;0;
Snide Chick;2700;35;8;72;13;88;12;1,194;1;14.58;5.8;11.93;0.33;79;35;9;35,688;23;;;2.07;;;;12;2,870;;12;4,335;12;8;7;00:26;4;6.3;1.49;00:20;3.81;;5.8;13.09;5,916.65;38;;3;3;2;9;2;59 minutes;6;4;02:04;03:21;74%;;0;1;
SoLo Glitch;0;11;11;6;6;;;141;1;4.77;52.55;28.66;0.57;16;7;;2,543;2;;;8;;;;14;1,941;;14;2,543;16;7;2;00:06;;9.55;4.77;00:32;9.55;;33.44;76.44;12,150.77;2;;0;0;0;1;;4 minutes;0;;00:06;;;;;0;
SQ1B;0;225;14;272;12;238;14;4,262;1;11.29;10.68;12.91;0.29;371;124;28;106,196;139;;;2.19;;;;10;2,579;;10;4,194;18;8;13;01:10;3;8.02;1.32;00:27;6.59;;5.88;17.61;5,041.87;169;3;12;16;7;35;;3 hours;21;8;09:40;08:11;40%;3;2;11;
StarkBridge;2062;6;6;;;;;26;0;2.1;12.64;;0.11;7;;;2,077;4;;;7;;;;7;2,077;;7;2,077;7;;4;00:07;;2.1;2.1;00:16;8.43;;2.1;14.75;4,378.22;;;1;1;;2;;3 minutes;0;;00:07;;;;;0;
STICKYFING8RS;3045;11;5;12;6;8;3;120;0;7.29;10.03;10.94;0.18;17;6;;4,393;5;;;1.7;;;;3;943;;3;1,324;6;2;3;00:11;;9.11;0.91;00:19;4.55;;5.47;15.5;4,006.07;10;;1;1;1;3;;11 minutes;1;;00:21;;;;0;1;
SupaNoobGuy;4415;2;2;4;4;5;5;151;1;9.14;3.65;7.31;0.62;9;5;;4,862;;;;9;;;;5;4,076;;5;4,862;9;5;;00:02;;1.82;1.82;00:04;;;9.14;16.45;8,890.73;;;1;0;;1;;4 minutes;1;1;00:02;;100%;
TECHNOLASERZ;3650;5;3;12;6;9;5;105;0;18.1;10.05;24.14;0.23;11;3;;3,347;2;;;2.2;;;;5;1,324;;5;1,877;8;3;2;00:19;;10.05;;00:46;4.02;;6.03;22.12;6,733.04;5;;1;1;0;2;;7 minutes;0;0;00:23;;39%;;0;0;
Tensa;0;408;18;531;14;547;20;8,992;1;11.73;8.75;11.39;0.33;781;235;41;355,262;174;12;;3.17;6;;;22;5,882;196;22;9,923;25;10;9;00:54;3;5.27;0.87;00:12;3.73;0.12;5.04;16.75;7,623.55;246;5;26;52;27;105;11;7 hours;47;35;09:49;18:41;75%;4;2;10;
thats my sock;3409;120;15;131;14;128;15;1,952;1;13.91;13.04;14.23;0.32;160;42;14;55,945;56;;;3.47;;;;17;3,520;;17;4,041;17;4;7;00:17;2;4.99;1.52;00:18;6.08;;4.56;17.38;6,079.99;46;;11;5;7;24;;1 hour;9;4;02:50;01:06;43%;3;1;4;
the real p0tat0;2962;;;;;2;2;;;49.41;;;;;;;150;;;;;;;;;150;;;150;;;;;;24.7;;;;;;;3,706.27;;;0;0;;0;;41.88854800350964 seconds;0;;;;;;;0;
Trash Like Me;2373;15;15;12;10;20;16;246;0;25.33;19;15.2;0.37;21;9;6;4,799;10;;;2.62;;;;4;1,067;;4;3,842;18;9;9;00:26;6;10.13;7.6;00:33;12.66;;11.4;26.6;6,078.92;8;;1;1;0;2;;10 minutes;1;1;00:26;05:27;69%;;;0;
Truck555;3000;101;12;94;8;98;13;1,445;1;12.71;13.1;12.19;0.31;154;44;6;42,304;60;;;2.8;;;;13;4,494;;13;4,494;14;7;9;00:26;;7.13;0.77;00:26;7.78;;5.71;19.98;5,490.16;55;;5;6;6;17;2;1 hour;8;4;03:24;03:49;50%;;1;2;
TzTM;3974;2;;15;6;21;6;165;0;10.66;1.01;7.62;0.12;7;4;;4,897;3;;;0.43;;;;2;990;;2;1,517;4;2;2;00:27;;8.12;0.5;00:20;1.52;;2.03;3.55;2,487.99;16;;1;1;0;2;;21 minutes;2;0;00:40;;0%;;;2;
Vexualy;4027;9;9;7;7;7;7;89;0;17.93;23.05;17.93;0.28;10;;;2,298;;;;3.33;;;;10;2,068;;10;2,298;10;;;00:04;;7.68;;00:12;;;2.56;25.61;5,885.97;3;;1;1;;2;;5 minutes;0;;00:04;;;;;0;
vKure;4326;7;4;5;3;7;4;67;0;8.48;8.48;6.05;0.14;11;8;2;2,306;;;;2.2;;;;7;1,149;;7;1,149;7;5;;00:03;;6.05;2.42;00:06;;;9.69;13.33;2,794.32;5;;0;1;1;2;;7 minutes;1;0;00:05;;39%;;;1;
Westside Ryderz;3000;5;5;9;8;9;9;38;0;24.2;13.44;24.2;0.12;8;4;;3,011;;;;4;;;;7;1,736;;7;1,746;8;4;;00:02;;5.37;;00:08;;;10.75;21.51;8,098.41;2;;0;0;0;1;;4 minutes;0;0;00:03;;15%;;;0;
WSXRQ;3188;9;5;11;6;24;10;168;1;20.87;7.82;9.56;0.29;13;2;;2,013;3;;;13;2;;;7;1,137;134;7;1,137;7;;3;00:05;;0.86;;00:06;2.6;2;1.73;11.3;1,751.09;;;1;1;0;2;;9 minutes;1;1;00:07;00:04;90%;;;0;
Wxnderful;0;53;12;61;12;55;9;838;1;10.83;10.44;12.02;0.29;102;40;5;35,803;29;3;;3.4;;;;12;4,251;;12;5,874;20;9;10;00:31;;5.91;0.98;00:23;5.71;;7.88;20.1;7,055.68;30;4;6;4;6;15;2;47 minutes;5;4;02:00;04:06;88%;3;0;0;
xEpk;0;;;;;4;4;;;24.41;;;;;;;28;;;;;;;;;28;;;28;;;;;;6.1;;;;;;;172.84;;;;;0;0;;56.26892099902034 seconds;0;0;;;100%;
Xion;0;18;10;6;5;12;6;148;0;7.49;11.23;3.74;0.21;29;12;6;8,058;3;;;3.22;;;;11;4,105;;11;5,162;16;7;2;00:03;4;5.61;3.74;00:02;1.87;;7.49;18.1;5,031.64;9;;0;;1;1;;11 minutes;2;1;00:04;;37%;;;1;
xPMoney7;2746;;;;;6;4;;;118.43;;;;;;;282;;;;;;;;;177;;;177;;;;00:04;;39.47;;02:12;;;;;5,565.83;2;;0;;0;0;;1 minute;0;0;00:06;;100%;
Xvanthious;2465;8;8;6;6;10;9;141;0;13.38;10.7;8.03;0.36;13;2;;2,916;8;;;3.25;;;;6;716;;6;2,306;13;2;8;00:51;;5.35;1.33;01:18;10.7;;2.67;17.4;3,903.41;4;;1;1;1;2;;6 minutes;1;0;00:58;02:00;4%;;;1;
yoyohurricanes;4167;7;7;7;4;4;3;124;0;4.73;8.28;8.28;0.21;13;4;;3,750;6;;;2.16;;;2;6;745;;6;1,492;10;3;5;01:01;;7.09;;01:28;7.09;;4.73;15.38;4,437.12;6;2;1;1;0;2;;9 minutes;1;0;01:14;;46%;;;0;
ZanderzHD;0;10;4;4;4;14;5;206;1;9;6.42;2.57;0.29;18;4;2;2,543;3;;;3;;;;4;511;;4;998;7;2;2;00:10;;3.85;1.28;00:14;1.92;;2.57;11.57;1,635.04;6;;1;2;1;3;;11 minutes;2;2;00:22;;100%;
