Username;SR;Pulse Bomb Kills;Pulse Bomb Kills - Most in Game;Pulse Bombs Attached - Most in Game;Pulse Bombs Attached;Melee Final Blows - Most in Game;Pulse Bomb Kills - Average;Pulse Bombs Attached - Average;Eliminations;Final Blows;Solo Kills;Shots Fired;Shots Hit;Critical Hits;Damage Done;Objective Kills;Multikills;Environmental Kill;Melee Final Blows;Critical Hits;Critical Hits per Minute;Critical Hit Accuracy;Eliminations per Life;Weapon Accuracy;Healing Done;Teleporter Pads Destroyed;Turrets Destroyed;Self Healing;Eliminations - Most in Life;Damage Done - Most in Life;Healing Done - Most in Life;Weapon Accuracy - Best in Game;Kill Streak - Best;Damage Done - Most in Game;Eliminations - Most in Game;Final Blows - Most in Game;Objective Kills - Most in Game;Objective Time - Most in Game;Solo Kills - Most in Game;Critical Hits - Most in Game;Critical Hits - Most in Life;Self Healing - Most in Game;Melee Final Blows - Average;Self Healing - Average;Deaths - Average;Solo Kills - Average;Objective Time - Average;Objective Kills - Average;Healing Done - Average;Final Blows - Average;Eliminations - Average;Damage Done - Average;Deaths;Environmental Deaths;Medals - Bronze;Medals - Silver;Medals - Gold;Medals;Cards;Time Played;Games Played;Games Won;Objective Time;Time Spent on Fire;Win Percentage;Multikill - Best;Games Tied;Games Lost;
A Camping Cat;0;481;13;12;322;3;4.92;3.29;3,387;1,814;426;542,538;213,800;14,262;1,365,833;1,355;39;;69;14,262;0.17;6%;2.82;39%;;;20;125,170;27;7,492;;76%;27;26,005;79;38;29;02:33;11;298;89;1,741;0.7;1.5;12.27;4.36;01:25;13.87;;18.57;34.69;13,989.46;1,198;30;68;97;134;299;34;23 hours;98;46;02:19:43;03:24:24;47%;5;6;45;
A Chill Lamp;4319;234;11;10;183;3;5.97;4.67;1,410;788;214;219,538;81,596;4,649;545,444;505;15;;15;4,649;0.14;5%;2.91;37%;;;8;43,957;31;7,011;;48%;31;20,174;66;42;26;02:14;19;194;61;1,568;0.38;1.36;12.32;5.46;01:19;12.89;;20.11;35.99;13,922.41;483;7;28;36;61;125;15;8 hours;39;17;51:38;01:34:01;44%;4;1;21;
A1 Shank Sauce;2843;87;12;8;51;2;4.74;2.77;501;250;54;97,298;32,796;2,142;199,349;233;10;;11;2,142;0.15;6%;3.03;33%;;;8;16,330;14;6,447;;62%;14;21,007;46;23;23;02:28;6;223;93;1,413;0.59;1.14;8.99;2.94;01:00;12.7;;13.62;27.3;10,866.39;165;3;13;21;22;56;4;3 hours;18;7;18:30;16:36;38%;4;0;11;
Abdul Ahkbar;0;1,024;16;11;722;;5.29;3.73;6,348;3,129;732;1,091,214;400,641;23,845;2,576,680;2,366;61;;15;23,845;0.14;5%;2.76;36%;;9;51;168,679;22;9,297;;67%;22;32,917;82;43;39;03:41;11;336;103;1,647;0.07;1.05;11.87;3.78;01:23;12.24;;16.18;32.84;13,331.16;2,295;15;122;187;240;549;59;44 hours;193;95;04:29:15;04:44:52;48%;5;12;87;
Accel N6;;7;2;;4;;2.54;1.45;78;43;14;15,864;6,082;207;33,999;21;;;;207;0.09;3%;2.05;38%;;;;3,455;8;3,164;;44%;8;10,848;35;17;8;00:31;5;69;26;895;;1.66;13.79;5.08;01:00;7.62;;15.61;28.32;12,344.92;38;;2;4;3;8;;34 minutes;3;2;02:47;03:39;54%;3;;1;
AceSilver143;0;157;8;7;117;3;3.95;2.95;1,181;531;143;249,634;75,108;4,540;456,941;476;12;;14;4,540;0.13;6%;2.72;30%;;6;50;49,678;15;5,178;;72%;15;17,492;49;33;26;02:48;11;226;76;2,176;0.35;1.51;10.91;3.6;01:19;12;;13.39;29.78;11,523.11;433;2;41;28;27;97;11;9 hours;40;19;52:28;33:47;48%;4;0;20;
Aeon Bahamut X;3244;4;2;;;;3.93;0.98;35;18;5;5,386;1,739;84;11,065;15;;;;84;0.1;4%;3.18;32%;;;;855;8;2,478;;39%;8;6,185;23;9;10;01:09;2;36;23;363;;1.11;10.82;4.92;01:24;14.76;;17.72;34.45;10,893.43;11;;1;1;1;3;;12 minutes;1;;01:25;00:11;;;;1;
Alcy;3952;12;6;3;4;;6.64;2.21;84;34;8;11,654;5,051;323;28,417;32;;;;323;0.21;6%;5.6;43%;;;;1,273;16;7,041;;52%;16;8,121;27;12;9;00:43;3;107;72;425;0.55;0.84;8.3;4.43;01:06;17.72;;18.83;46.53;15,741.96;15;;0;2;2;4;2;25 minutes;2;2;01:59;02:46;96%;;0;0;
alphurr;0;12;5;2;6;;2.21;1.1;70;36;4;18,036;5,596;280;34,909;37;;;;280;0.07;5%;1.12;31%;;;;5,672;7;2,580;;38%;7;8,860;19;10;12;01:13;2;81;27;1,198;0.18;1.5;11.44;0.73;01:00;6.82;;6.64;12.91;6,443.13;62;2;4;4;1;9;;1 hour;5;2;05:26;00:20;45%;;;3;
AM Presque;;6;4;;4;2;1.43;0.95;78;33;7;18,394;5,276;306;27,837;36;;;2;306;0.1;5%;5.57;28%;;;4;2,355;17;5,268;;34%;17;8,990;21;12;17;00:56;3;125;46;523;0.47;0.78;3.35;1.67;00:29;8.63;;7.91;18.71;6,678.51;14;;3;3;4;9;3;49 minutes;4;2;02:01;00:04;56%;;0;1;
Amberdextric;2805;40;9;6;21;;4.15;2.18;297;168;38;46,862;18,482;1,341;107,995;133;3;;3;1,341;0.21;7%;3.15;39%;;;;7,471;32;6,226;;55%;32;17,086;53;31;31;02:39;9;226;106;1,718;0.31;1.19;9.77;3.95;01:27;13.82;;17.46;30.88;11,228.89;94;;4;10;22;35;8;1 hour;10;6;14:01;28:00;60%;4;1;3;
aR CoSMo;0;1,193;11;8;758;3;4.03;2.56;9,219;4,480;1,290;1,751,696;543,756;31,664;3,395,705;3,478;89;1;49;31,664;0.13;5%;2.85;31%;2;26;224;303,139;22;7,661;94;56%;22;23,035;63;31;33;04:54;14;215;107;1,966;0.16;1.27;10.93;4.36;01:16;11.75;0;15.14;31.16;11,480.77;3,234;49;245;303;278;826;87;66 hours;296;148;06:15:06;06:05:42;49%;5;11;137;
Asco HD;2602;47;6;4;27;2;3.64;2.09;284;159;73;38,008;15,357;764;88,293;107;5;;4;764;0.08;4%;5.46;40%;;;2;2,629;16;4,392;;75%;16;6,885;27;18;15;00:30;13;65;52;228;0.31;0.28;4.03;5.66;00:22;8.3;;12.33;22.03;6,849.13;52;;7;8;8;23;3;2 hours;13;5;04:53;07:03;35%;3;1;8;
Aspire Leo;3920;21;4;3;17;2;2.56;2.07;186;97;17;33,482;13,645;785;92,516;66;;;6;785;0.11;5%;1.87;40%;;;5;10,629;11;4,789;45;62%;11;12,128;25;15;13;02:11;3;102;40;1,351;0.73;1.61;12.1;2.07;01:24;8.07;;11.86;22.74;11,314.63;99;;8;13;4;25;;1 hour;8;2;11:32;10:51;24%;3;0;6;
AvaldezC;0;43;8;6;31;3;5.05;3.64;260;145;39;38,290;12,976;819;91,215;99;;;9;819;0.11;6%;2.09;33%;;;;8,336;13;2,999;;59%;13;16,070;50;25;21;01:33;6;117;36;1,017;1.05;1.21;14.57;4.58;01:10;11.63;;17.03;30.55;10,717.92;124;3;12;4;8;24;;1 hour;9;6;10:00;08:20;67%;3;0;3;
Axemen;0;226;15;6;168;;3.4;2.53;1,748;747;176;400,870;130,104;7,130;808,040;780;10;;7;7,130;0.13;5%;2.29;32%;;2;31;84,088;35;9,608;;60%;35;24,287;45;22;26;04:20;7;231;115;2,086;0.1;1.61;11.46;2.65;01:36;11.75;;11.25;26.34;12,178.74;761;14;61;61;76;197;19;14 hours;66;27;01:46:49;01:07:53;40%;4;2;38;
B0LTi;3505;6;5;3;5;;2.63;2.19;62;28;9;9,840;3,603;197;21,099;11;;;;197;0.18;5%;7.75;36%;;;;2,219;22;7,921;;41%;22;10,173;31;13;9;00:32;6;79;74;747;0.43;2.06;3.51;3.95;00:20;4.83;;12.29;27.23;9,268.22;8;;1;1;5;7;3;17 minutes;2;2;00:46;01:45;100%;
BallerGotSkillZ;3073;161;9;8;96;2;4.02;2.39;1,535;696;150;231,910;82,894;5,167;489,868;624;14;;9;5,167;0.16;6%;8.29;35%;;;6;38,572;43;13,038;;44%;43;25,344;70;34;32;02:42;11;247;169;2,060;0.22;1.21;4.62;3.74;01:18;15.58;;17.38;38.33;12,234.18;185;9;19;40;59;118;27;8 hours;40;21;52:11;01:01:25;51%;4;2;17;
Bandora22;0;199;11;7;125;3;5.67;3.56;1,164;624;204;194,572;67,542;4,161;453,230;435;5;;17;4,161;0.14;6%;2.62;34%;;;12;46,211;17;7,049;;48%;17;18,338;53;28;25;02:02;12;210;75;2,127;0.48;1.61;12.62;5.81;01:14;12.39;;17.78;33.17;12,915.87;443;6;20;33;43;96;11;7 hours;35;21;43:22;01:13:17;58%;3;3;11;
BatmanDobbins;4013;10;9;5;6;;4.11;2.47;72;36;10;11,242;4,438;239;29,137;31;;;;239;0.11;5%;1.6;39%;;;;1,916;7;1,772;;53%;7;19,612;46;25;20;01:48;8;133;25;1,450;;0.91;18.53;4.11;01:09;12.76;;14.82;29.65;11,999.45;45;;2;2;2;7;;34 minutes;2;0;02:48;01:06;1%;3;1;1;
BeeVA;2649;7;3;3;5;;2.96;2.11;63;30;10;11,930;4,589;300;27,675;23;;;;300;0.15;6%;2.42;38%;;;;2,723;9;2,796;;45%;9;8,237;23;13;7;00:41;4;114;36;652;0.42;1.42;11.01;4.23;01:10;9.74;;12.71;26.7;11,729.58;26;;2;4;3;9;;31 minutes;2;2;02:45;05:01;70%;3;0;0;
BET0 SLV;;2;;;;;1.66;;24;12;;3,234;975;73;6,357;2;;;;73;0.12;7%;4;30%;;;;172;8;1,435;;27%;8;4,684;21;11;2;00:09;;66;23;172;;0.29;5;0.83;00:13;1.66;;10.01;20.02;5,305.28;6;;1;2;;4;;9 minutes;1;1;00:16;00:16;100%;
bossy ross;0;;;;;;1.98;1.98;5;3;2;1,966;543;42;3,798;2;;;;42;0.1;7%;0.71;27%;;;;520;2;1,319;;;2;3,535;5;3;2;00:19;2;36;13;366;1.98;1.26;13.86;3.96;00:45;3.96;;5.94;9.9;7,524.44;7;;1;0;0;1;;6 minutes;1;;00:23;;;;;1;
Bounce Cityyyyy;3145;99;10;7;75;;5.74;4.35;684;412;138;101,424;39,681;2,385;258,500;289;4;;7;2,385;0.15;6%;2.66;39%;;;11;18,872;15;4,736;;66%;15;24,248;52;35;25;02:15;10;184;57;1,698;0.4;1.24;14.9;8;01:32;16.76;;23.89;39.67;14,994.83;257;;11;17;24;52;7;4 hours;17;8;26:29;52:32;43%;4;2;8;
C0RPORAL;2815;7;4;4;5;;4.55;3.25;56;32;12;11,304;3,816;216;28,335;23;;;;216;0.13;5%;2.54;33%;;;;1,201;9;3,584;;41%;9;20,213;43;23;18;01:29;10;115;46;784;;0.74;14.31;7.81;01:22;14.97;;20.82;36.45;18,443.33;22;;1;2;2;5;;26 minutes;2;;02:07;00:20;;;;2;
C1ZR;4124;400;13;7;268;2;6.19;4.14;2,551;1,414;362;399,868;156,579;9,967;1,008,284;895;47;;10;9,967;0.18;6%;3.41;39%;;2;18;71,772;21;7,144;;55%;21;21,467;57;32;27;02:23;12;362;72;2,068;0.15;1.34;11.56;5.6;01:08;13.85;;21.88;39.47;15,604.12;747;8;28;66;92;187;34;14 hours;65;40;01:13:50;02:49:01;61%;5;3;22;
Chazsy;3860;21;7;4;15;2;3.28;2.34;172;85;20;30,810;10,091;518;60,787;68;6;;3;518;0.1;5%;1.66;32%;;;4;5,579;10;2,615;;42%;10;9,341;41;21;19;01:15;6;88;20;824;0.46;1.14;16.12;3.13;00:54;10.64;;13.3;26.92;9,516.47;103;;6;7;5;18;;1 hour;6;3;05:45;05:07;52%;3;;3;
Chopper Le Porc;0;138;10;7;85;2;3.86;2.38;1,017;487;164;194,870;64,491;3,535;393,255;425;11;;17;3,535;0.12;5%;2.92;33%;;12;110;38,403;19;8,139;;63%;19;18,983;57;20;41;03:35;9;179;78;1,589;0.47;1.31;9.75;4.59;01:34;11.91;;13.65;28.5;11,022.72;348;10;32;38;41;111;13;8 hours;36;17;56:06;46:34;46%;4;;19;
Chris Zettek;4009;434;12;9;296;2;5.76;3.92;2,395;1,228;282;421,948;156,686;11,135;1,069,843;957;39;;13;11,135;0.18;7%;2.83;37%;;3;13;83,606;21;7,457;;67%;21;25,619;63;37;29;03:11;13;364;96;1,736;0.17;1.36;11.21;3.74;01:32;12.7;;16.29;31.78;14,200.44;845;10;44;72;121;238;28;16 hours;75;39;01:56:40;02:16:24;51%;4;4;32;
CHRISBREEZY0413;2912;155;9;6;113;2;4.31;3.14;961;445;102;187,652;61,882;3,190;404,591;445;11;;8;3,190;0.11;5%;1.99;32%;;;23;38,667;16;6,698;;51%;16;17,640;48;21;22;03:20;7;213;47;2,254;0.22;1.38;13.42;2.84;01:41;12.39;;12.39;26.76;11,268.64;482;16;34;47;35;115;6;7 hours;36;18;01:00:40;35:05;49%;4;0;18;
Chrome2YahDome;0;172;8;4;101;;3.3;1.94;1,435;682;181;317,796;89,560;7,635;543,867;657;8;;12;7,635;0.17;8%;2.2;28%;;3;27;52,448;17;4,979;;59%;17;17,571;48;25;27;02:30;8;238;75;1,630;0.23;1.23;12.53;3.47;01:28;12.62;;13.1;27.58;10,453.44;652;15;42;54;47;143;9;11 hours;52;23;01:16:52;49:40;44%;3;3;26;
CM9 PT;;146;13;9;91;;5.68;3.54;887;537;179;126,898;55,802;2,281;374,647;308;7;;;2,281;0.1;4%;3.2;43%;;;6;27,559;17;6,268;;51%;17;21,941;60;33;30;02:47;14;150;52;1,975;;1.31;10.79;6.97;01:09;12;;20.92;34.56;14,597.96;277;;19;24;42;84;13;5 hours;26;15;29:52;51:13;58%;4;2;9;
Coluge;4248;93;16;8;53;2;6.05;3.45;560;287;50;103,484;37,467;2,159;253,129;238;13;;9;2,159;0.16;5%;3.39;36%;;;5;18,418;17;7,655;;55%;17;27,280;62;45;29;02:38;6;257;75;1,613;0.58;1.37;10.74;3.25;01:41;15.49;;18.68;36.45;16,478.94;165;7;7;12;32;51;8;3 hours;15;8;25:52;33:03;49%;4;1;7;
Coluge is back;4281;111;11;7;81;2;4.87;3.55;872;437;80;145,184;56,766;3,553;364,962;297;13;;12;3,553;0.19;6%;3.85;39%;;;3;23,798;20;7,017;;55%;20;26,038;59;31;22;02:11;7;249;71;1,553;0.52;1.27;9.91;3.51;01:17;13.03;;19.17;38.26;16,016.68;226;3;7;24;40;70;12;5 hours;23;14;29:36;54:23;60%;4;0;9;
commander 8899;3234;36;8;4;22;;3.71;2.27;298;134;35;50,548;17,096;772;97,700;121;3;;3;772;0.1;4%;5.05;33%;;2;9;8,834;22;5,503;;40%;22;13,686;43;22;22;01:52;9;131;50;993;0.3;1.2;6.09;3.61;01:21;12.49;;13.84;30.78;10,092.47;59;;10;11;8;29;4;2 hours;10;5;13:05;09:03;55%;3;1;4;
Conduit;0;72;9;6;43;2;4.29;2.56;534;252;55;89,058;32,262;1,387;195,653;201;6;;6;1,387;0.1;4%;3.51;36%;;;5;18,701;19;4,765;;44%;19;20,504;53;25;22;01:46;5;118;33;1,450;0.35;1.48;9.07;3.28;00:58;11.99;;15.03;31.86;11,676.8;152;;17;17;11;46;3;3 hours;17;11;16:18;21:25;63%;4;1;5;
CookiesMilkYum;4213;255;12;7;162;3;6.12;3.89;1,744;986;226;210,046;87,984;7,155;599,710;644;22;;11;7,155;0.2;8%;4.76;41%;;;2;42,353;28;7,009;;53%;28;22,700;67;44;33;03:04;9;361;92;1,880;0.26;1.23;8.79;5.42;01:22;15.46;;23.68;41.88;14,404.48;366;7;27;34;75;135;23;9 hours;42;32;57:16;02:05:21;77%;4;1;8;
Corey Burlinson;0;1,657;16;9;1,094;2;5.82;3.84;11,158;6,345;1,849;1,528,820;595,698;42,940;4,050,044;3,640;107;;88;42,940;0.19;7%;3.54;38%;;4;101;317,831;25;8,931;;82%;25;31,239;74;51;33;03:02;15;325;170;2,303;0.3;1.44;11.06;6.5;01:10;12.8;;22.31;39.23;14,242.46;3,147;33;159;249;437;844;176;60 hours;284;205;05:31:53;12:49:13;72%;5;5;75;
Cow Lupin;1446;111;8;2;47;;1.06;0.45;1,868;828;294;293,744;97,843;5,903;432,998;580;11;;18;5,903;0.08;6%;41.51;33%;;;53;16,348;23;5,779;;91%;23;13,024;59;27;28;00:57;9;244;95;535;0.17;0.24;0.43;2.83;00:11;5.58;;7.97;17.99;4,172.35;45;;53;61;43;156;31;18 hours;104;36;19:20;07:19;34%;3;3;65;
DamianXCadena;2375;10;4;3;6;;3.9;2.34;61;29;9;14,144;4,244;113;23,717;25;;;2;113;0.05;2%;1.64;30%;;;5;2,546;8;2,798;;28%;8;5,322;14;7;7;01:12;4;31;12;645;0.78;1.23;14.45;3.51;01:32;9.76;;11.32;23.82;9,262.92;37;;3;1;2;6;;34 minutes;3;1;03:55;02:54;22%;;0;2;
DanGetzBucketz;3110;50;9;5;22;2;5.93;2.61;303;140;21;47,738;17,332;1,526;105,582;132;4;;3;1,526;0.2;8%;4.39;36%;;;;7,606;12;5,707;;53%;12;16,942;47;23;27;02:33;5;266;109;1,580;0.35;1.02;8.19;2.49;01:37;15.67;;16.62;35.97;12,535.89;69;;5;10;8;24;3;2 hours;8;6;13:42;09:36;65%;5;;3;
DankestFountain;2763;42;10;5;15;;4.65;1.66;222;119;28;31,526;10,312;400;72,638;92;;;2;400;0.06;3%;11.1;32%;;;2;4,391;21;6,987;;36%;21;19,484;51;33;38;01:54;8;78;37;677;0.22;0.72;2.21;3.1;00:33;10.19;;13.18;24.6;8,049.8;20;;5;5;11;21;4;1 hour;9;5;05:03;04:03;55%;3;;4;
DeftOrthruss;3000;2;2;2;2;;2.17;2.17;5;3;3;2,906;651;68;4,839;2;;;;68;0.13;10%;0.41;22%;;;;959;3;1,515;;43%;3;3,246;3;3;;00:23;3;55;22;524;;1.83;13.06;3.26;00:27;2.17;;3.26;5.44;5,269.86;12;;0;0;3;4;;8 minutes;1;0;00:25;;17%;;;1;
Derogant;3725;;;;;;1.03;;15;3;;3,792;1,226;62;6,774;3;;;;62;0.08;5%;1.25;32%;;;;854;4;2,147;;58%;4;2,345;6;2;;00:18;;28;21;361;;1.22;12.44;1.03;00:45;3.11;;3.11;15.56;7,027.29;12;;1;0;1;2;;11 minutes;1;1;00:44;;100%;
Dog Thanatos;0;11;5;3;6;2;3.3;1.8;94;42;4;17,356;6,315;406;39,389;55;;;3;406;0.15;6%;2.23;36%;;;;2,669;15;5,186;;53%;15;11,552;29;13;18;01:39;2;136;44;715;0.9;1.02;12.63;1.2;02:11;16.54;;12.63;28.28;11,851.28;42;;4;4;3;11;;43 minutes;3;0;07:16;05:16;0%;;;3;
Doub1eAgent0reo;4447;1,085;18;12;755;4;5.91;4.11;7,072;4,000;901;1,121,880;448,230;31,972;2,961,883;2,382;96;;131;31,972;0.22;7%;3.71;39%;;6;45;213,030;22;8,858;;62%;22;36,502;86;51;33;03:14;17;555;111;2,905;0.71;1.49;10.38;4.9;01:19;12.97;;21.79;38.52;16,136.29;1,906;20;80;128;387;594;126;39 hours;184;127;04:01:41;09:41:47;69%;5;8;49;
DrivebySamura1;4035;250;16;13;174;2;6.44;4.48;1,629;876;214;246,438;97,113;7,057;661,677;622;18;;28;7,057;0.2;7%;3.31;39%;;;6;45,981;23;6,241;;67%;23;21,633;59;36;26;02:09;8;302;79;1,684;0.72;1.34;12.68;5.51;01:33;16.03;;22.59;42;17,063.14;492;11;23;31;68;123;16;9 hours;39;23;01:00:36;01:54:24;59%;4;3;12;
Dukez;;5;5;3;3;;9.47;5.68;22;11;;4,342;1,456;51;10,437;12;;;;51;0.12;3%;3.66;33%;;;;656;7;4,342;;33%;7;10,437;22;11;12;00:48;;51;11;656;;1.56;11.36;;01:31;22.72;;20.83;41.67;19,768.29;6;;;1;1;2;;6 minutes;1;1;00:48;02:39;100%;
e UNAGI san;2123;10;3;3;8;;3.13;2.5;69;32;16;13,356;4,359;234;26,225;15;;;;234;0.1;5%;1.68;32%;;;;1,299;9;3,558;;39%;9;6,864;24;7;4;00:47;4;74;18;405;;0.6;12.83;5.01;00:32;4.69;;10.02;21.6;8,212.52;41;;1;3;2;6;;36 minutes;3;1;01:43;00:20;40%;3;;2;
Elsayer;0;47;9;6;27;;4.25;2.44;328;138;46;65,756;18,812;1,175;117,353;167;2;;2;1,175;0.12;6%;2.34;28%;;;6;13,539;14;4,044;;43%;14;20,994;47;19;21;03:32;9;181;57;2,389;0.18;1.46;12.68;4.16;01:56;15.12;;12.5;29.71;10,631.57;140;4;13;11;14;38;;2 hours;11;5;21:22;08:23;43%;3;0;6;
Emit Pain;4149;78;5;6;57;3;4.63;3.38;683;410;113;85,634;34,609;2,850;233,228;209;7;;11;2,850;0.21;8%;4.08;40%;;;15;17,203;22;5,945;;55%;22;17,076;53;32;21;01:32;11;228;68;1,392;0.65;1.32;9.91;6.7;00:54;12.4;;24.34;40.54;13,846.57;167;2;8;14;28;50;9;3 hours;17;12;15:25;01:01:14;68%;4;1;4;
Eternal Epoch;;;;;;;1.33;;3;2;;1,276;372;15;2,247;;;;;15;0.04;4%;0.6;29%;;;;368;2;1,108;;31%;2;2,035;2;2;;00:19;;13;10;300;;1.19;6.65;;00:34;1.33;;2.66;3.99;2,991.49;5;;0;1;0;2;;5 minutes;1;;00:25;;;;;1;
FANCYHOODLUM;3577;52;6;3;37;;2.77;1.97;392;168;34;97,276;29,358;1,733;176,340;194;5;;;1,733;0.11;5%;1.47;30%;;;2;15,735;11;3,834;;48%;11;9,904;30;13;18;02:46;4;112;48;993;0.05;1.06;14.2;1.81;01:39;10.35;;8.97;20.93;9,416.91;266;3;13;20;14;48;2;4 hours;19;6;30:58;08:36;29%;3;1;12;
Fat Hamm;;2;2;2;2;;2.82;2.82;19;6;3;4,104;1,169;51;7,714;5;;;;51;0.09;4%;2.11;28%;;;;1,068;14;4,045;;25%;14;6,017;17;6;4;00:33;3;34;19;837;;1.94;12.7;4.23;01:15;7.05;;8.46;26.81;10,886.72;9;;1;2;0;3;;9 minutes;1;;00:53;00:10;;;;1;
FBorrego;0;3;3;2;2;;5.11;3.4;16;9;3;3,488;1,139;97;6,433;8;;;;97;0.22;8%;4;32%;;;;641;6;1,989;;32%;6;6,433;16;9;8;00:32;3;97;46;641;;1.46;6.81;5.11;00:55;13.63;;15.34;27.27;10,966.45;4;;1;1;1;2;;7 minutes;1;;00:32;;;;;1;
Ferni;4447;1,409;17;11;962;4;6.07;4.14;9,050;4,423;816;1,606,192;548,888;31,422;3,523,466;3,218;137;1;174;31,422;0.17;5%;4.32;34%;;2;15;249,793;29;10,746;;60%;29;34,463;87;56;42;04:13;16;417;107;2,315;0.75;1.39;9.01;3.51;01:10;13.87;;19.06;39.01;15,190.96;2,092;16;96;191;446;733;153;49 hours;232;156;04:34:08;09:11:46;67%;6;8;68;
Fi2;;1,049;18;10;721;2;4.77;3.28;7,005;3,518;809;1,146,046;421,316;23,402;2,745,360;2,908;86;;31;23,402;0.13;5%;2.7;36%;;16;79;251,817;25;8,574;76;71%;25;26,153;73;34;40;03:44;16;220;86;3,032;0.14;1.43;11.79;3.68;01:33;13.22;;16;31.86;12,489.55;2,593;36;177;199;284;660;66;48 hours;220;107;05:44:06;06:04:46;48%;5;11;102;
fusion360elite;2922;29;6;4;17;;3.73;2.19;200;98;20;53,764;15,020;785;87,876;89;;;;785;0.12;5%;1.92;27%;;2;14;7,571;12;5,665;;36%;12;14,123;40;24;19;01:59;3;154;69;994;;1.16;13.4;2.57;01:32;11.46;;12.62;25.77;11,323.58;104;4;9;8;6;24;;1 hour;8;3;11:58;05:03;35%;5;1;4;
GandalfTheCyan;2544;2;2;;;;17.37;8.68;3;2;2;766;297;48;2,404;2;;;;48;0.35;16%;1.5;38%;;;;168;2;1,510;;;2;2,404;3;2;2;00:21;2;48;42;168;;1.24;17.37;17.37;03:08;17.37;;17.37;26.06;20,890.03;2;;0;0;;0;;2 minutes;0;0;00:21;;100%;;;0;
Genju Main;3649;43;13;4;27;2;5.44;3.42;293;138;38;46,792;15,808;1,030;103,791;94;3;;4;1,030;0.15;6%;3.7;33%;;;;8,751;26;6,730;;43%;26;12,236;41;19;13;00:45;5;117;67;923;0.5;1.34;10.01;4.81;01:05;11.91;;17.48;37.12;13,151.29;79;;9;5;12;25;2;1 hour;8;3;08:35;14:29;38%;5;1;4;
glich30;2623;9;6;4;5;2;6.18;3.43;53;29;8;6,970;2,993;104;19,116;21;;;4;104;0.09;3%;2.65;42%;;;;1,159;11;2,630;;44%;11;14,076;37;18;14;01:29;6;74;15;949;2.75;1.09;13.75;5.5;01:12;14.43;;19.93;36.43;13,143.06;20;;1;1;2;4;;17 minutes;1;1;01:45;05:40;93%;;;0;
godstomper231;3360;6;4;2;3;;4.52;2.26;29;18;4;8,082;2,536;115;16,209;16;;;2;115;0.1;4%;1.61;31%;;;;1,559;5;3,480;;36%;5;7,884;12;7;9;00:48;2;55;25;521;1.5;1.44;13.58;3.01;01:32;12.07;;13.58;21.89;12,237.36;18;;2;2;2;6;;18 minutes;1;1;02:02;00:41;38%;;;1;
gogospeedracr;;6;6;5;5;;4.94;4.12;37;16;5;6,228;2,191;191;13,931;18;;;;191;0.24;8%;12.33;35%;;;;1,239;20;6,724;;39%;20;10,877;33;14;16;01:02;5;156;88;632;;1.61;2.47;4.12;01:22;14.83;;13.18;30.5;11,483.82;3;;;1;4;5;;12 minutes;1;1;01:40;02:36;54%;;;1;
Golden Viper210;0;2;;;2;;3.92;3.92;18;9;3;2,926;980;57;6,027;14;;;;57;0.13;5%;2;33%;;;;565;6;1,533;;50%;6;1,533;6;3;6;00:25;2;14;14;210;;1.33;17.65;5.88;03:02;27.45;;17.65;35.3;11,821.54;9;;0;1;0;2;;7 minutes;1;0;01:33;00:54;20%;3;0;0;
Granty282;;13;6;9;11;;6.13;5.18;49;26;7;11,236;3,317;267;19,937;27;;;;267;0.16;8%;1.58;29%;;;;1,849;9;2,659;;32%;9;12,110;33;14;22;02:33;3;176;31;895;;1.14;14.61;3.3;01:29;12.73;;12.26;23.1;9,401.58;31;;3;4;2;9;;27 minutes;2;;03:08;02:55;;;0;2;
Hai Im Tracer;3021;39;5;5;28;;2.99;2.15;361;174;41;65,470;26,701;1,349;152,260;153;4;;4;1,349;0.13;5%;3.37;40%;;;10;9,285;17;4,754;;45%;17;16,919;46;25;25;02:47;8;164;66;932;0.3;0.95;8.22;3.15;02:07;11.75;;13.37;27.74;11,701.72;107;2;7;10;21;38;4;2 hours;13;7;27:36;28:34;51%;3;1;5;
Hi Jeremiah;;4;3;;2;;4.1;2.05;20;8;;3,552;1,144;63;8,192;18;;;;63;0.09;5%;2.22;32%;;;;622;6;2,864;;53%;6;5,418;15;6;15;01:17;;42;21;401;;0.93;9.23;;02:02;18.46;;8.2;20.51;8,403.6;9;;1;0;2;3;;11 minutes;1;0;01:59;;0%;;;1;
HighPRO Zzz;3000;5;4;2;3;;9.73;5.84;17;13;6;2,640;796;48;5,864;6;;;;48;0.12;6%;2.12;30%;;;;694;5;1,729;;;5;4,174;10;7;5;00:19;3;24;15;384;1.94;1.84;15.58;11.68;00:51;11.68;;25.32;33.11;11,421.83;8;;1;1;0;2;;6 minutes;1;0;00:26;02:59;41%;;;0;
Hiperninja;0;19;6;3;11;3;4.16;2.41;164;84;17;21,414;9,025;685;55,709;67;;;6;685;0.19;7%;3.34;42%;;;2;4,054;14;4,882;;47%;14;13,207;39;21;17;01:34;5;175;51;996;1.31;1.15;10.74;3.72;01:29;14.68;;18.41;35.95;12,213.71;49;;3;4;5;12;2;58 minutes;5;5;06:50;05:51;98%;;;0;
HulianBabulian;;123;12;11;89;4;5.37;3.89;855;484;164;129,692;47,952;4,386;335,904;259;3;;34;4,386;0.23;9%;3.07;36%;;;5;26,317;22;6,053;;44%;22;28,015;60;31;31;02:07;12;391;74;1,952;1.48;1.43;12.15;7.16;00:53;11.32;;21.15;37.37;14,684.5;278;;11;17;32;60;11;5 hours;23;15;20:31;51:24;65%;3;1;7;
I Horizontal I;1948;14;5;;3;2;2.69;0.57;132;74;32;19,470;7,287;308;43,089;49;;;4;308;0.08;4%;2.27;37%;;;;4,288;11;3,299;;43%;11;11,003;39;28;16;01:43;9;87;37;1,348;0.76;1.19;11.15;6.15;01:00;9.42;;14.22;25.37;8,284.18;58;3;6;4;5;15;2;59 minutes;5;3;05:12;04:58;54%;3;;2;
i like esportz;3190;4;3;;;;4.77;1.19;;;;5,518;;;9,200;;;;;58;;;;28%;;;;689;;;;;;5,085;;;;;;35;15;493;;1.21;7.16;2.38;02:15;19.09;;22.67;42.96;10,980.37;6;;;;2;3;;9 minutes;;;01:53;03:01;27%;;;1;
I Only Torbjorn;3571;27;12;8;20;2;6.29;4.66;221;121;35;26,354;10,576;560;67,482;53;2;;4;560;0.17;5%;8.84;40%;;;10;4,872;28;6,556;;41%;28;16,721;53;32;17;01:39;10;168;66;1,928;0.93;1.48;5.83;8.16;00:58;12.36;;28.22;51.54;15,739.28;25;;1;3;8;11;4;54 minutes;4;4;04:09;20:25;91%;3;;0;
iArctos;0;89;6;5;67;2;5.87;4.42;596;325;76;92,234;36,903;2,780;246,572;182;5;;10;2,780;0.21;7%;3.01;40%;;;9;19,695;18;5,695;;51%;18;19,407;49;26;14;01:27;8;284;66;1,305;0.66;1.52;13.07;5.01;01:14;12.01;;21.45;39.34;16,276.66;198;3;14;11;23;48;5;3 hours;15;9;18:51;47:05;59%;5;1;5;
II Scar3CroW;0;54;8;5;34;;2.76;1.74;390;174;41;71,258;24,797;1,343;155,863;198;2;;;1,343;0.09;5%;1.51;34%;;2;6;15,403;9;4,051;;60%;9;11,879;26;15;16;01:43;6;99;35;1,098;;1.04;13.21;2.09;01:33;10.14;;8.91;19.97;7,982.9;258;5;21;15;15;52;;4 hours;20;8;30:34;08:55;40%;3;1;10;
II SirMaru II;2490;87;9;7;62;;5.56;3.96;531;301;122;76,350;29,884;1,956;192,397;206;7;;6;1,956;0.16;6%;3.82;39%;;;3;14,053;18;5,805;;62%;18;22,564;71;40;34;01:43;17;256;78;1,718;0.38;1.21;8.89;7.8;01:15;13.18;;19.26;33.99;12,315.89;139;6;8;15;23;46;8;3 hours;16;8;19:46;44:20;50%;4;1;7;
II Table;3635;67;10;6;35;;4.48;2.34;459;207;32;92,242;29,733;2,004;191,230;193;10;;4;2,004;0.16;6%;2.31;32%;;;2;17,818;12;6,258;;64%;12;20,373;45;21;23;02:12;5;282;62;1,817;0.26;1.48;13.25;2.14;01:14;12.91;;13.85;30.72;12,800.27;198;4;19;12;13;43;2;3 hours;15;7;18:31;13:25;46%;4;0;8;
Im Forgiving;4021;197;11;5;141;;5.52;3.95;1,196;575;108;172,860;70,224;4,042;477,466;457;15;;2;4,042;0.13;5%;3.45;40%;;2;8;33,729;20;8,541;;49%;20;24,179;68;35;34;02:58;10;272;73;1,628;0.05;1.11;9.71;3.03;01:16;12.82;;16.13;33.56;13,401.43;346;2;29;32;47;107;8;8 hours;36;21;45:16;01:03:56;58%;4;3;11;
Im Voxie;3653;50;9;6;36;2;4.02;2.9;510;248;42;77,560;27,934;1,843;172,262;183;6;;5;1,843;0.17;6%;3.86;36%;;;4;15,103;25;5,704;;60%;25;25,479;80;36;36;01:36;8;347;72;2,131;0.4;1.43;10.63;3.38;00:58;14.74;;19.98;41.1;13,883.8;132;4;10;8;21;39;8;2 hours;12;7;12:10;21:50;55%;4;0;5;
iMrT8;;3;3;2;2;;4.66;3.1;15;12;7;2,470;706;93;4,703;6;;;;93;0.21;13%;1.87;28%;;;;524;5;1,430;;;5;4,703;15;12;6;00:55;7;93;30;524;1.55;1.18;12.42;10.87;01:25;9.32;;18.64;23.3;7,306.66;8;;;1;2;3;;7 minutes;1;;00:55;00:20;;3;;1;
Ind3mnity;0;11;3;4;14;;2.51;3.2;65;31;10;15,642;5,241;387;35,992;27;;;;387;0.12;7%;1.1;33%;;;6;4,724;5;2,705;;37%;5;7,002;11;5;7;00:53;3;82;39;788;;1.51;13.5;2.28;01:00;6.18;;7.09;14.88;8,241.07;59;;3;2;2;7;;52 minutes;4;1;04:24;00:15;28%;3;1;3;
Infamous Bounty;3724;56;11;7;47;3;4.47;3.75;377;189;43;71,186;25,981;1,706;177,908;107;3;;5;1,706;0.14;6%;2.17;36%;;;2;14,143;16;5,279;;71%;16;13,416;33;20;19;01:04;5;223;63;910;0.39;1.22;13.83;3.43;00:57;8.55;;15.11;30.15;14,231.48;173;3;11;12;6;29;;3 hours;13;4;11:53;08:52;34%;3;;8;
iSttoooLen;3927;549;12;8;362;6;3.96;2.61;4,265;2,379;779;556,238;225,133;13,466;1,473,901;1,485;38;1;120;13,466;0.13;5%;4.88;40%;;;33;126,959;28;10,571;;62%;28;27,099;68;43;29;03:24;21;233;82;2,023;0.86;1.3;6.31;5.63;01:05;10.73;;17.2;30.83;10,657.44;873;21;96;120;117;333;55;27 hours;138;111;02:30:32;04:51:01;80%;6;7;21;
Itothean511;3875;419;12;9;280;;5.41;3.62;3,036;1,646;433;491,638;197,171;13,400;1,209,285;1,246;26;;13;13,400;0.2;6%;3.98;40%;;2;8;110,768;23;8,695;;70%;23;26,907;66;38;36;04:48;13;363;117;3,175;0.16;1.66;9.84;5.6;01:43;16.11;;21.28;39.26;15,640.57;761;16;35;60;148;244;40;18 hours;77;48;02:12:58;03:18:33;62%;5;4;26;
ItsCONRAD;3497;627;19;8;430;;5.03;3.45;4,112;1,949;398;686,072;234,511;16,715;1,538,203;1,764;44;;19;16,715;0.16;7%;3.46;34%;;4;19;105,907;22;7,923;;68%;22;22,206;59;29;34;03:14;10;261;99;1,724;0.15;1.01;9.54;3.19;01:22;14.17;;15.65;33.03;12,357.31;1,188;27;89;122;122;334;34;28 hours;124;59;02:51:15;02:43:07;47%;5;4;61;
iUnExpected;4083;29;6;3;16;;3.2;1.76;241;119;41;42,436;13,599;1,021;86,203;76;4;;3;1,021;0.16;7%;2.53;32%;;;2;8,047;14;6,085;;45%;14;11,017;38;20;16;01:14;8;215;78;1,058;0.33;1.26;10.49;4.52;00:49;8.39;;13.14;26.62;9,523.67;95;3;6;6;13;25;5;1 hour;9;2;07:26;11:50;23%;4;;7;
iuya;3970;2;;;;;0.99;;56;24;2;8,706;3,058;158;17,901;35;;;;158;0.12;5%;2.66;35%;;;;2,251;18;4,673;;53%;18;7,259;25;12;15;01:16;;66;45;913;;1.8;10.47;0.99;02:10;17.45;;11.97;27.93;8,927.99;21;;1;1;3;5;;20 minutes;2;0;04:22;04:11;4%;;1;1;
IX HALFBREED XI;3077;;;;;;;;4;2;;1,796;645;24;3,603;3;;;;24;0.1;3%;;35%;;;;176;2;1,237;;34%;2;2,899;3;2;2;00:25;;16;8;157;3.4;0.74;13.6;;02:01;10.2;;6.8;13.6;12,254.33;4;;0;0;;1;;3 minutes;0;;00:35;;;;0;0;
J Smoooove;;362;11;6;248;;3.59;2.46;2,787;1,265;286;482,986;163,058;9,847;1,005,937;1,255;30;;5;9,847;0.13;6%;2.37;33%;;;48;84,778;18;5,512;;47%;18;20,016;61;34;28;03:20;11;265;63;1,640;0.04;1.14;11.63;2.83;01:34;12.45;;12.55;27.65;9,982.81;1,172;18;87;103;137;327;33;20 hours;101;54;02:38:33;01:37:28;53%;5;2;45;
Jay Carries;;3;3;2;2;;4.67;3.11;13;9;;4,900;1,921;107;11,733;2;;;;107;0.22;5%;2.16;39%;;;;420;7;4,126;;;7;11,733;13;9;2;00:16;;107;42;420;;0.87;9.34;1.55;00:25;3.11;;14.01;20.24;18,271.85;6;;;2;;2;;7 minutes;1;1;00:16;;100%;
JDaawg23;2339;3;2;2;4;;1.48;1.98;27;13;4;7,224;2,098;151;12,279;12;;;;151;0.14;7%;1.5;29%;;;;1,776;6;3,621;;28%;6;4,850;13;6;4;00:32;2;63;34;559;;1.67;8.93;1.98;00:29;5.95;;6.45;13.39;6,093.3;18;;3;1;1;5;;17 minutes;2;0;00:59;;7%;3;;2;
JDn808;2713;26;12;8;24;;3.07;2.84;289;159;43;42,202;15,071;837;95,588;126;2;;3;837;0.14;5%;4.89;35%;;;3;7,997;27;8,839;;45%;27;24,830;83;47;43;02:01;18;189;87;1,762;0.35;1.4;6.98;5.09;01:21;14.92;;18.83;34.23;11,321.82;59;3;6;5;13;25;6;1 hour;8;5;11:27;24:54;56%;3;;4;
Jew Veri;0;;;;;;;1.23;33;16;5;4,194;1,651;84;9,638;15;;;;84;0.11;5%;4.12;39%;;;;896;5;2,375;;58%;5;2,674;9;4;6;00:20;2;24;19;212;;1.25;9.85;6.16;01:14;18.48;;19.71;40.66;11,876.9;8;;1;0;1;2;;11 minutes;1;1;01:00;01:52;65%;3;;0;
JoboRulz;2608;;;;;;;2.59;7;4;;1,378;412;23;3,445;2;;;;23;0.08;5%;1.4;29%;;;;133;4;1,727;;;4;3,445;7;4;2;00:34;;23;13;133;;0.47;12.98;;01:30;5.19;;10.39;18.18;8,947.49;5;;1;;1;2;;4 minutes;0;;00:34;;;;;0;
Josh Balzack;3000;147;13;7;93;2;6.27;3.97;1,008;539;102;155,346;57,568;4,289;361,657;437;8;;3;4,289;0.2;7%;4.16;37%;;;20;26,638;26;8,900;;44%;26;34,267;73;41;50;05:25;10;441;106;1,957;0.12;1.27;10.33;4.35;02:04;18.65;;23.01;43.03;15,439.38;242;5;13;23;42;78;16;5 hours;23;12;48:29;01:21:21;52%;4;1;10;
Joshua x FX;;13;5;2;8;;2.42;1.49;88;43;10;17,578;6,634;511;34,462;45;;;;511;0.14;7%;1.39;37%;;;5;717;9;3,264;;70%;9;8,475;18;11;11;01:20;4;125;41;241;;0.21;11.75;1.86;01:20;8.39;;8.02;16.41;6,429.75;63;;2;4;2;8;;56 minutes;5;2;07:14;01:20;28%;;0;4;
KageEinjeruE102;4072;167;12;6;102;2;5.12;3.13;950;445;82;185,488;64,945;4,540;429,065;404;17;;12;4,540;0.17;6%;2.3;35%;;3;7;31,879;20;6,519;;82%;20;23,251;56;29;30;03:34;8;336;114;1,906;0.36;1.22;12.68;2.51;01:40;12.4;;13.66;29.17;13,177.15;413;3;12;38;56;106;8;7 hours;33;14;54:47;40:38;44%;5;1;17;
KaIlkz;3399;14;3;3;13;;2.49;2.31;99;49;21;24,104;7,859;408;50,503;29;;;2;408;0.1;5%;1.35;32%;;;7;5,668;13;3,674;;50%;13;7,948;19;9;8;00:59;3;64;22;687;0.35;1.5;13.02;3.74;00:57;5.17;;8.74;17.66;9,009.58;73;;4;5;3;11;;1 hour;6;2;05:21;03:57;43%;;0;3;
KEIHEI;0;3;2;;;;2.85;0.95;25;16;2;2,764;798;82;5,224;9;;;;82;0.19;10%;6.25;28%;;;;660;11;2,222;;27%;11;2,222;11;9;6;00:24;;33;29;290;;1.59;3.81;1.9;00:59;8.57;;15.25;23.83;4,980.27;4;;2;1;1;3;;6 minutes;1;1;01:02;00:17;100%;3;
Kimmy Gibbz69;4274;455;17;13;340;4;6.04;4.51;2,921;1,586;448;467,702;175,729;11,189;1,193,944;838;30;;76;11,189;0.17;6%;3.25;37%;;3;17;81,251;25;10,348;;100%;25;26,609;73;42;25;02:15;13;317;145;1,566;1;1.28;11.93;5.95;00:58;11.13;;21.07;38.81;15,863.58;898;5;49;66;103;218;30;17 hours;75;45;01:13:31;03:35:50;59%;4;1;30;
KING IZ SIIC;3443;984;13;7;603;3;4.49;2.75;7,105;3,494;829;1,234,454;447,654;26,800;2,771,880;2,749;60;;69;26,800;0.15;5%;3.11;36%;;;36;197,998;30;7,310;;53%;30;21,168;71;35;32;03:20;11;255;81;1,930;0.31;1.13;10.43;3.78;01:11;12.56;;15.97;32.47;12,669.58;2,282;37;169;226;241;637;67;48 hours;219;112;04:22:06;05:06:07;51%;5;10;96;
King TurkeyNeck;2796;20;6;3;10;;5.77;2.88;118;58;22;19,030;7,219;345;44,308;61;2;;;345;0.12;4%;3.02;37%;;;;3,650;14;5,120;;47%;14;9,211;36;17;21;01:13;9;110;46;781;;1.31;11.26;6.35;01:36;17.61;;16.75;34.08;12,798.07;39;2;1;2;9;12;2;46 minutes;3;1;05:35;09:12;15%;3;0;3;
Kingg Tuttle;0;59;10;6;41;2;4.95;3.44;347;165;23;76,376;25,483;1,411;154,666;166;3;;7;1,411;0.15;5%;2.31;33%;;;;15,189;13;4,590;;47%;13;19,979;50;24;32;03:45;7;201;68;2,077;0.58;1.63;12.58;1.93;02:07;13.92;;13.84;29.11;12,978.65;150;3;4;15;23;42;4;2 hours;12;5;25:13;11:21;46%;4;;6;
KJCagnoli;;96;17;12;62;2;6.13;3.96;620;364;125;80,926;28,783;1,425;191,982;249;5;;9;1,425;0.11;4%;6.2;35%;;;15;19,763;21;6,511;;42%;21;23,202;58;37;35;04:21;19;170;65;2,179;0.57;1.63;6.39;7.99;01:32;15.91;;23.26;39.63;12,272.87;100;;8;12;29;49;14;3 hours;16;11;24:12;52:16;73%;3;;4;
KoolKiran;;5;3;;3;;3.1;1.86;48;25;7;9,852;3,046;211;19,301;7;;;;211;0.13;6%;2.08;30%;;;;1,839;8;2,432;;35%;8;6,623;17;9;3;00:43;4;61;41;691;0.62;1.2;14.3;4.35;01:08;4.35;;15.54;29.84;12,002.9;23;;2;3;1;6;;25 minutes;2;0;01:49;00:25;26%;;;1;
LanceHasPants;0;5;3;2;3;;4.82;2.89;34;20;3;6,928;2,418;142;15,991;12;;;;142;0.14;5%;2.26;34%;;;;1,702;13;4,302;;45%;13;6,180;17;10;5;00:37;2;54;42;1,038;;1.7;14.47;2.89;01:11;11.57;;19.29;32.79;15,426.52;15;;1;1;0;2;;16 minutes;1;1;01:14;01:19;72%;;;0;
LEGENDARYWARIOR;3418;179;8;7;132;;3.29;2.43;1,364;745;231;243,836;89,612;4,602;568,975;508;8;;5;4,602;0.1;5%;2.01;36%;;5;13;57,505;15;6,385;;61%;15;19,141;48;27;23;02:16;10;191;53;1,881;0.09;1.28;12.48;4.25;01:01;9.35;;13.71;25.11;10,475.36;678;12;39;40;35;115;3;12 hours;54;21;56:07;40:24;39%;4;4;29;
Leveyez;3556;476;12;8;319;;4.6;3.08;3,260;1,481;323;654,086;229,520;15,760;1,388,039;1,496;37;;13;15,760;0.18;6%;2.54;35%;;;6;104,185;19;8,327;;66%;19;26,617;67;37;33;04:46;8;294;91;2,421;0.12;1.21;12.4;3.12;01:47;14.46;;14.31;31.51;13,418.43;1,283;9;80;115;134;329;36;23 hours;103;53;03:04:57;01:58:39;51%;5;3;48;
LIL AdamXD;;2;2;;;;10.22;5.11;6;4;3;740;343;16;2,113;3;;;;16;0.13;4%;3;46%;;;;321;2;1,358;;;2;2,113;6;4;3;00:13;3;16;9;321;;2.72;10.22;15.34;01:09;15.34;;20.45;30.68;10,807.09;2;;0;;0;1;;1 minute;0;;00:13;00:05;;;;0;
limmme;3370;74;6;6;68;2;3.12;2.87;571;270;70;115,142;34,954;1,723;225,495;187;2;;12;1,723;0.09;4%;1.98;30%;;;;24,318;12;4,000;;50%;12;10,023;36;24;11;01:12;7;97;43;1,232;0.5;1.32;12.16;2.95;01:03;7.9;;11.4;24.12;9,526.46;288;2;23;16;12;51;;5 hours;24;7;25:12;10:19;28%;4;1;16;
Little Bran;3874;5;4;6;7;;2.42;3.39;69;35;5;11,064;4,302;327;26,753;28;;;;327;0.21;7%;3.13;38%;;;;2,112;17;4,461;;36%;17;15,726;42;24;18;01:56;3;221;51;1,188;0.48;1.4;10.66;2.42;01:19;13.57;;16.97;33.46;12,973.96;22;;2;1;3;7;;24 minutes;2;1;02:43;04:47;59%;;0;1;
lorcy m;3797;4;3;3;4;;2.49;2.49;44;20;5;7,376;2,441;196;14,883;16;;;;196;0.17;8%;2.58;33%;;;;1,317;15;4,225;;34%;15;8,298;26;11;8;00:45;2;105;45;390;;1.18;10.61;3.12;01:14;9.99;;12.48;27.47;9,293.74;17;;1;3;0;4;;18 minutes;2;1;01:59;01:53;78%;;0;0;
LORDxSUWU;2812;32;5;3;24;2;3.55;2.66;213;119;35;37,182;12,175;594;81,992;85;3;;9;594;0.09;4%;2.91;32%;;2;4;7,744;15;4,527;;42%;15;11,237;30;15;14;01:50;4;83;41;1,013;1;1.21;8.11;3.89;01:22;9.44;;13.22;23.67;9,113.23;73;2;6;7;7;20;;1 hour;9;4;12:17;06:00;40%;4;1;4;
Lumanous;0;252;15;7;145;3;5.35;3.08;1,456;686;145;279,424;105,831;5,389;656,063;579;18;;6;5,389;0.14;5%;3.54;37%;;;8;57,338;22;8,081;;57%;22;28,294;58;27;27;02:46;7;242;76;2,205;0.12;1.53;8.73;3.08;01:32;12.3;;14.57;30.93;13,938.06;411;4;27;53;79;159;23;10 hours;47;23;01:12:46;01:05:01;48%;5;2;22;
Lycanz;4036;198;13;9;164;;4.39;3.64;1,409;752;186;204,110;84,352;4,728;559,577;527;15;;7;4,728;0.13;5%;2.62;41%;;;10;43,439;17;5,251;118;71%;17;20,594;57;31;22;02:18;9;226;52;1,722;0.15;1.28;11.89;4.12;01:25;11.69;;16.69;31.27;12,421.7;536;4;41;45;62;149;11;9 hours;45;23;01:04:29;01:28:45;52%;5;2;20;
MajorCris;3262;55;6;5;46;3;3.05;2.55;602;330;89;104,600;42,723;3,078;255,739;223;3;;17;3,078;0.21;7%;3.98;40%;;;11;17,487;29;8,737;;100%;29;18,607;44;30;17;01:29;11;250;141;1,353;0.94;1.23;8.39;4.94;01:04;12.4;;18.35;33.48;14,223.14;151;4;7;15;33;54;8;3 hours;18;8;19:16;51:27;46%;3;1;8;
Mano Brawl BR;4015;1,300;14;11;968;3;4.11;3.06;11,315;5,755;1,561;1,753,292;664,795;42,355;4,122,590;4,107;64;;203;42,355;0.18;6%;5.66;37%;;;60;309,126;34;11,113;;67%;34;31,621;91;48;48;04:08;14;361;149;2,849;0.64;1.33;6.32;4.94;01:11;13;;18.22;35.82;13,053.42;1,998;27;216;315;400;931;179;64 hours;316;240;06:15:31;12:55:55;75%;5;15;62;
Marderic;3308;26;9;4;23;2;2.73;2.42;260;121;24;46,916;15,304;1,109;92,348;110;3;;4;1,109;0.14;7%;2.4;32%;;;6;10,641;11;4,138;;60%;11;9,284;34;20;14;01:50;6;140;52;1,179;0.42;1.43;11.37;2.52;01:37;11.58;;12.74;27.38;9,726.91;108;2;12;11;7;30;;2 hours;9;5;15:29;05:44;52%;4;1;4;
MattPisto;4130;46;7;6;39;;3.85;3.27;351;167;40;55,290;18,411;1,414;117,412;99;4;;3;1,414;0.19;7%;4.22;33%;;;16;11,814;18;5,012;;81%;18;18,594;61;32;25;02:25;6;229;71;1,859;0.25;1.63;6.96;3.35;00:57;8.3;;14.01;29.45;9,851.46;83;2;6;11;19;37;7;2 hours;12;12;11:29;17:57;98%;3;0;0;
Maxxon Charge;3705;349;12;9;202;4;5.56;3.22;2,280;1,146;239;398,342;146,737;9,701;912,735;768;39;;32;9,701;0.19;6%;3.06;36%;;;;70,828;23;7,933;;52%;23;18,211;55;27;25;01:48;10;260;108;1,852;0.51;1.39;11.87;3.81;00:58;12.25;;18.28;36.38;14,564.17;744;8;34;64;73;171;22;14 hours;63;35;01:01:16;02:04:17;55%;4;4;24;
Mclovin0204;;3;3;5;5;;3;5;42;24;8;7,866;2,828;127;14,242;7;;;;127;0.12;4%;7;35%;;;;1,116;15;4,713;;35%;15;14,242;42;24;7;00:59;8;127;28;1,116;;1.12;6;8;00:59;7;;24;42;14,241.66;6;;;1;1;2;;16 minutes;1;;00:59;00:53;;;;1;
me10005;3682;129;12;7;96;2;4.99;3.71;827;466;133;127,840;50,680;3,836;336,782;315;5;;14;3,836;0.22;7%;3.9;39%;;;3;25,898;24;7,909;;51%;24;20,966;52;28;26;01:56;16;255;110;1,753;0.54;1.51;8.2;5.14;01:10;12.19;;18.03;32;13,035.4;212;;15;12;44;71;15;4 hours;26;17;30:29;01:04:19;64%;3;0;9;
Medvescek;3421;16;6;3;8;;8.4;4.2;76;43;12;14,848;6,279;321;39,865;36;;;;321;0.16;5%;2.37;42%;;;;2,433;9;3,692;;52%;9;12,340;24;15;14;00:56;6;94;29;673;;1.23;16.81;6.3;01:45;18.91;;22.58;39.92;20,941.75;32;;1;1;4;7;;32 minutes;2;1;03:20;03:39;41%;3;;1;
MercenaryXPO;0;692;11;9;527;4;5.78;4.4;4,744;2,774;843;641,346;272,357;18,591;1,808,926;1,630;59;;68;18,591;0.2;6%;4.19;42%;;6;50;146,814;32;9,073;;65%;32;23,398;64;46;30;02:47;19;296;114;1,941;0.56;1.64;9.46;7.04;01:07;13.62;;23.18;39.65;15,120.64;1,132;17;72;93;235;400;83;24 hours;120;89;02:14:47;07:47:58;74%;4;7;24;
Mercy MD;;9;9;5;6;;4.73;3.15;88;51;7;13,330;3,837;409;22,783;44;2;;;409;0.24;10%;5.17;28%;;;;2,645;18;3,360;;29%;18;17,007;64;38;34;03:34;6;304;73;1,729;0.52;1.6;8.94;3.68;02:23;23.14;;26.82;46.28;11,983.45;17;;1;2;3;6;2;27 minutes;2;2;04:32;09:46;87%;3;;0;
MisterToli X;0;259;13;11;217;4;4.64;3.89;1,899;1,042;315;293,088;119,942;6,979;771,533;766;14;1;50;6,979;0.15;5%;2.45;40%;;3;37;45,187;30;9,152;;63%;30;24,736;69;42;43;04:45;15;276;94;1,435;0.89;0.97;13.87;5.65;01:20;13.74;;18.69;34.07;13,843.99;773;12;42;48;69;159;18;12 hours;56;27;01:15:09;01:47:40;49%;4;3;25;
miya456;;;;;;;4;;9;2;;1,810;459;43;2,930;4;;;;43;0.19;9%;9;25%;;;;264;7;1,943;;31%;7;1,943;7;2;3;00:31;;22;22;213;;1.17;4;;02:10;16;;8;36;11,720.94;;;0;0;0;0;;3 minutes;0;0;00:32;;59%;;;0;
MoraCombo;0;221;12;6;158;3;5.16;3.69;1,714;893;217;261,202;94,863;7,207;647,111;631;22;;38;7,207;0.18;7%;3.46;36%;;;6;47,148;22;6,770;;60%;22;21,398;49;29;20;01:46;10;242;82;1,305;0.88;1.22;11.57;5.07;01:30;14.76;;20.88;40.09;15,136.9;495;14;36;50;58;144;16;10 hours;43;20;01:04:26;01:36:31;47%;4;3;19;
Mortem;2681;4;2;2;3;;4.64;3.48;18;12;5;3,506;1,709;82;8,715;;;;;82;0.12;4%;1.12;48%;;;;651;5;2,028;;60%;5;3,723;11;6;;00:34;3;48;33;286;;0.95;18.57;5.8;01:09;;;13.93;20.89;10,117.12;16;;0;1;1;3;;11 minutes;1;;01:00;;;;;1;
My BRs Dyslexic;2858;7;2;2;6;;3.94;3.37;43;22;9;9,286;2,785;145;17,490;16;;;;145;0.08;5%;1.48;29%;;;;2,262;9;1,985;;48%;9;5,250;18;10;5;00:45;5;40;18;577;;1.38;16.33;5.06;01:21;9.01;;12.39;24.22;9,852.73;29;;2;1;2;5;;27 minutes;2;0;02:25;01:28;0%;;;2;
Newt Lev;2659;6;2;;3;;2.69;1.34;54;29;13;9,632;3,254;254;20,726;20;;;;254;0.16;7%;2.57;33%;;;;1,612;17;4,831;;100%;17;6,286;22;12;8;01:34;4;85;78;753;;1.06;9.42;5.83;01:38;8.97;;13.01;24.23;9,300.39;21;;2;3;3;8;;25 minutes;2;1;03:38;07:59;24%;;0;2;
NGeminiN;0;729;12;9;465;4;5.65;3.6;4,531;2,087;431;828,840;320,575;27,064;2,059,759;2,003;60;;128;27,064;0.25;8%;2.77;38%;;5;54;159,863;24;9,388;;57%;24;29,098;65;37;41;04:20;11;491;138;2,486;0.99;1.51;12.66;3.34;01:47;15.54;;16.2;35.17;15,989.36;1,631;14;70;133;237;441;59;29 hours;129;71;03:50:32;04:30:05;55%;5;5;52;
Nietzsche Nick;3682;54;12;4;33;;4.87;2.97;356;210;88;53,652;21,089;1,007;137,818;80;5;;5;1,007;0.13;4%;3.86;39%;;;4;10,206;20;7,498;;66%;20;19,239;39;22;14;01:03;14;92;75;917;0.45;1.34;8.3;7.94;00:35;7.21;;18.95;32.12;12,436.63;92;2;7;10;19;36;6;2 hours;11;10;06:28;26:14;87%;5;0;1;
NitroFPS;0;46;8;5;42;;3.85;3.52;393;215;60;63,544;25,737;1,774;169,732;166;4;;6;1,774;0.17;6%;2.29;40%;;;5;16,862;16;6,578;;69%;16;15,907;47;24;26;01:55;6;150;51;1,412;0.5;1.66;14.33;5.03;01:53;13.92;;18.02;32.95;14,232.97;171;2;7;18;20;44;;2 hours;12;3;22:35;35:52;29%;4;0;8;
No I Dont Smoke;2975;13;7;3;9;2;4.64;3.21;101;56;13;15,464;5,836;449;36,969;40;;;2;449;0.18;7%;2.97;37%;;;5;4,137;25;7,029;;41%;25;11,448;32;19;15;01:49;5;119;67;1,086;0.71;1.69;12.14;4.64;01:45;14.29;;20;36.08;13,208.26;34;2;1;4;2;7;;40 minutes;3;1;04:55;07:18;27%;3;;2;
Noise Swaq;0;7;4;3;5;;3.93;2.81;76;43;12;11,628;3,982;316;25,455;27;;;;316;0.22;7%;5.06;34%;;;;2,002;17;6,866;;39%;17;15,608;43;28;15;01:25;9;209;83;874;0.56;1.42;8.43;6.74;01:19;15.17;;24.17;42.72;14,310.12;15;;1;1;2;4;;23 minutes;2;1;02:22;04:37;82%;3;;0;
NomadHokie;2669;7;4;;2;;5.95;1.7;16;11;5;4,208;760;38;4,720;8;2;;;38;0.04;5%;1.45;18%;;;2;309;3;1,019;;19%;3;2,252;8;5;4;00:21;3;19;14;143;;0.36;9.35;4.25;00:36;6.8;;9.35;13.6;4,014.24;11;;0;0;1;2;;14 minutes;1;0;00:42;00:44;11%;3;0;1;
NoT x GER Beans;2916;253;9;5;147;;4.22;2.45;1,807;992;323;264,646;103,025;5,968;661,423;650;16;1;9;5,968;0.12;5%;2.5;38%;;2;20;60,232;16;5,945;;72%;16;18,808;52;33;25;02:20;13;190;73;1,707;0.15;1.3;12.03;5.39;00:58;10.86;;16.58;30.2;11,055.75;720;12;49;46;62;158;18;12 hours;60;31;58:27;01:21:49;51%;4;2;27;
o Kapow;3427;489;10;5;362;;3.73;2.76;3,713;1,798;495;653,142;227,122;13,420;1,448,414;1,399;20;;15;13,420;0.13;5%;2.23;34%;;7;61;125,224;21;8,034;;81%;21;19,425;51;25;31;03:37;9;272;133;1,546;0.11;1.24;12.66;3.78;01:05;10.68;;13.73;28.36;11,063.06;1,658;41;112;113;97;323;15;28 hours;131;64;02:22:40;02:19:29;48%;5;7;60;
ObiwanKi11n00by;3509;281;12;9;216;;4.08;3.13;2,051;1,058;272;359,244;128,793;6,846;813,628;828;20;;5;6,846;0.12;5%;2.68;35%;;5;27;73,953;20;6,177;;87%;20;28,117;66;31;25;02:51;13;215;76;2,374;0.07;1.35;11.11;3.95;01:15;12.03;;15.37;29.8;11,822.81;765;10;58;72;68;198;16;15 hours;69;31;01:27:09;01:25:10;45%;4;2;35;
OfferedAptitude;;97;10;7;66;2;3.72;2.53;778;362;101;132,420;42,842;3,372;263,712;345;3;;9;3,372;0.18;7%;4.95;32%;;2;29;17,423;22;6,169;;38%;22;18,143;50;31;27;03:06;8;319;94;1,692;0.34;0.94;6.03;3.87;01:29;13.25;;13.9;29.88;10,130.62;157;;17;21;48;87;12;5 hours;26;14;38:58;40:43;55%;3;3;9;
Ohdyn;0;17;7;5;13;;3.51;2.68;204;87;15;27,262;8,334;791;53,930;83;;;3;791;0.22;9%;4.63;30%;;;2;4,488;14;3,931;;30%;14;10,137;38;19;18;01:26;6;130;88;815;0.62;1.29;9.1;3.1;01:26;17.17;;17.99;42.2;11,156.75;44;;4;6;2;12;;57 minutes;5;5;06:58;06:46;96%;3;;0;
Ouijaveli;0;7;7;6;6;3;5.99;5.13;45;30;8;8,096;2,747;252;18,647;17;;;3;252;0.2;9%;1.95;33%;;;;2,296;8;3,878;;33%;8;15,055;40;26;17;01:37;8;205;77;1,785;2.56;1.88;19.69;6.85;01:37;14.55;;25.69;38.54;15,970.59;23;2;0;;3;3;;20 minutes;1;1;01:53;00:43;75%;3;;0;
OUT M3 RK ED;3749;110;8;6;67;2;4.95;3.02;741;358;92;143,820;49,429;4,279;306,219;303;9;;7;4,279;0.23;8%;3.76;34%;;;9;21,065;22;7,135;;51%;22;23,417;53;29;28;01:52;9;412;100;1,316;0.31;1.18;8.88;4.14;01:28;13.66;;16.14;33.41;13,807.08;197;;14;22;39;75;6;4 hours;22;10;32:43;33:51;44%;3;2;10;
Overwatch DVa;3093;;;;2;;;1.92;12;2;;5,034;1,548;101;10,210;7;;;;101;0.11;6%;0.75;30%;;;;1,443;5;1,960;;36%;5;3,813;5;;5;00:53;;36;14;592;;1.61;15.43;0.96;01:48;6.75;;1.92;11.57;9,848.78;16;;1;1;1;3;;14 minutes;1;0;01:52;;13%;;;1;
Overwatch Newb;;16;16;9;9;4;16;9;100;61;26;13,498;5,207;246;32,281;54;;;4;246;0.16;4%;5.88;38%;;;;1,779;16;4,654;;38%;16;32,281;100;61;54;04:37;26;246;43;1,779;4;1.2;17;26;04:37;54;;61;100;32,281.12;17;;;1;3;4;;24 minutes;1;;04:37;13:40;;;;1;
para138;;10;8;5;6;;7.09;4.25;81;50;20;8,978;3,669;293;22,935;39;;;;293;0.2;7%;5.4;40%;;;;1,314;8;2,355;;43%;8;16,389;55;37;27;01:37;14;229;41;1,158;;0.91;10.63;14.18;01:35;27.65;;35.45;57.43;16,262.36;15;;1;1;3;5;;23 minutes;1;1;02:14;03:55;100%;
Per;;;;;;;3.65;3.65;4;4;4;1,614;722;42;3,915;;;;;42;0.17;5%;;44%;;;;317;4;3,229;;;4;3,915;4;4;;00:04;4;42;33;317;;1.32;14.61;14.61;00:17;;;14.61;14.61;14,303.73;4;;1;1;;1;;3 minutes;0;0;00:04;;100%;
PETERtois01;0;695;12;12;511;4;3.29;2.42;5,679;2,846;800;1,075,100;351,447;21,000;2,157,633;2,216;38;;57;21,000;0.14;5%;2.66;32%;;3;72;155,500;30;8,799;12;69%;30;31,871;77;42;33;04:07;18;263;96;2,195;0.26;1.1;10.07;3.78;01:10;10.49;;13.47;26.89;10,219.15;2,127;27;129;169;256;555;81;38 hours;211;99;04:06:24;05:56:02;46%;5;7;105;
Ponders;3669;17;6;2;5;;4.19;1.23;98;40;8;22,018;6,677;607;44,233;41;3;;;607;0.18;9%;1.6;30%;;;;3,462;16;4,884;;37%;16;12,242;32;16;22;01:47;3;183;52;754;;1.08;15.05;1.97;01:21;10.11;;9.86;24.17;10,913.44;61;;3;6;2;11;;53 minutes;4;2;05:30;05:10;48%;3;0;2;
Pook;3524;18;5;2;9;;3.9;1.95;174;92;23;31,126;12,128;691;74,978;66;4;;;691;0.16;5%;2.35;38%;;;2;5,966;23;6,631;;52%;23;10,575;31;13;12;01:09;5;90;54;917;0.21;1.4;16.03;4.98;01:32;14.3;;19.93;37.7;16,246.79;74;2;6;4;7;17;;1 hour;5;1;07:06;12:24;31%;4;;3;
pooptasticpoop;0;28;7;4;21;;5.31;3.98;169;71;16;34,262;11,924;1,002;75,881;69;;;2;1,002;0.22;8%;3.25;34%;;;;5,376;14;7,581;;53%;14;13,802;32;16;17;01:19;5;193;64;861;0.37;1.22;9.86;3.03;01:10;13.08;;13.46;32.05;14,392.32;52;;4;4;5;14;2;1 hour;5;3;06:10;06:05;52%;3;0;2;
POuPOuNeISbAcK;0;118;9;5;74;2;3.63;2.28;1,004;436;112;206,106;60,983;3,806;369,451;378;8;;12;3,806;0.15;6%;2.85;29%;;;14;41,328;19;5,775;;53%;19;17,842;46;23;19;02:07;8;270;61;2,325;0.36;1.64;10.85;3.45;01:16;11.65;;13.43;30.94;11,388.38;352;3;29;33;26;87;7;6 hours;32;16;41:14;27:07;49%;3;1;15;
PRAXIS UnLeashD;0;507;11;9;365;2;4.3;3.09;3,189;1,614;441;659,902;231,999;15,076;1,533,090;1,364;26;;15;15,076;0.15;6%;2.32;35%;;22;120;124,541;26;10,210;;95%;26;23,680;59;33;26;03:19;11;280;82;1,787;0.12;1.31;11.61;3.74;01:34;11.57;;13.69;27.05;13,007.91;1,369;12;90;102;180;373;38;26 hours;118;46;03:05:41;02:31:37;38%;4;9;63;
Proxxy 4;3742;211;7;5;124;2;4.06;2.38;1,543;689;139;297,540;93,506;6,191;607,715;606;24;;22;6,191;0.15;6%;2.74;31%;;;7;54,946;20;6,368;;100%;20;18,039;43;20;25;02:29;6;199;68;1,632;0.42;1.39;10.84;2.67;01:14;11.67;;13.27;29.73;11,711.67;563;4;47;47;35;129;7;10 hours;52;28;01:04:38;48:35;54%;6;2;22;
Prunester;3701;369;11;8;235;3;4.79;3.05;3,203;1,620;300;407,178;161,319;11,787;1,024,120;1,017;59;;9;11,787;0.22;7%;5.81;39%;;2;10;45,933;37;8,305;;58%;37;20,326;65;34;24;02:16;10;267;107;1,688;0.11;0.85;7.15;3.89;01:05;13.21;;21.04;41.61;13,305.41;551;11;56;69;116;241;50;14 hours;77;65;01:24:36;03:08:13;84%;5;1;10;
Psyhco;4161;6;3;3;5;;3.27;2.72;67;28;2;14,286;3,820;218;22,665;22;;;3;218;0.14;5%;5.15;26%;;;;2,389;11;3,846;;29%;11;10,403;30;13;11;00:47;;78;37;792;1.63;1.61;7.09;1.09;00:51;12;;15.27;36.56;12,368.25;13;;1;1;3;5;;24 minutes;2;1;01:34;00:17;56%;;;1;
qosh;3204;31;7;7;31;;4.71;4.71;229;147;42;35,898;15,427;936;106,107;68;;;;936;0.17;6%;4.4;42%;;;4;9,392;12;7,277;;51%;12;21,658;38;25;16;01:31;9;196;66;1,600;;1.77;7.9;6.38;01:11;10.34;;22.35;34.82;16,135.65;52;;6;6;10;22;4;1 hour;7;5;07:48;18:02;69%;;0;2;
Rahazlium;3379;;;;;;1.32;1.32;11;7;3;2,214;1,011;78;4,833;5;;;;78;0.28;7%;;45%;;;;631;4;1,829;;51%;4;2,307;4;3;3;00:20;;44;44;351;1.32;2.3;;3.96;00:50;6.6;;9.24;14.53;6,385.38;3;;0;1;2;3;;4 minutes;1;0;00:38;00:38;33%;;;1;
RamLMT;0;55;7;3;29;;4.35;2.29;303;139;20;58,624;19,174;1,062;121,585;164;;;;1,062;0.09;5%;1.35;32%;;;11;4,603;17;4,266;;40%;17;12,097;39;14;19;02:29;2;115;44;496;;0.42;17.64;1.58;01:57;12.97;;10.99;23.97;9,620.69;223;;14;11;11;36;;2 hours;13;5;24:48;08:35;38%;3;0;7;
REC xD;3693;175;18;6;87;4;7.8;3.87;923;493;126;157,586;66,125;5,126;420,754;365;10;;14;5,126;0.25;7%;3.49;41%;;;2;17,890;21;8,184;;67%;21;36,573;80;43;42;04:50;11;443;100;1,718;0.62;0.88;11.77;5.61;01:32;16.27;;21.98;41.15;18,760.96;264;3;14;15;43;73;13;5 hours;22;14;34:30;01:14:47;60%;5;3;6;
Red Faze;0;4;;;2;;1.39;0.69;45;15;2;10,032;2,863;186;16,668;24;;;;186;0.09;6%;1.87;28%;;;;2,187;6;2,775;;32%;6;3,464;8;4;5;01:11;2;33;26;589;;1.14;8.38;0.69;01:12;8.38;;5.24;15.72;5,825.48;24;;2;3;2;8;;31 minutes;3;1;03:26;00:13;25%;;0;2;
Reinforg;3957;86;11;8;66;3;5.73;4.4;630;320;67;116,618;42,832;3,780;267,878;231;8;;8;3,780;0.27;8%;4.96;36%;;;;18,729;19;6,289;;54%;19;33,201;68;32;31;03:04;9;439;106;2,031;0.53;1.35;8.47;4.47;01:19;15.41;;21.35;42.04;17,876.44;127;3;10;17;29;56;11;3 hours;15;8;19:56;33:16;52%;3;0;7;
Reinhardt Soul;3868;3;3;;;;9.21;3.07;13;5;2;1,962;642;11;3,644;7;;;;11;0.04;1%;4.33;32%;;;;512;7;1,902;;;7;3,644;13;5;7;00:55;2;11;7;512;;2.09;9.21;6.14;02:50;21.49;;15.35;39.92;11,192.99;3;;;1;;1;;4 minutes;0;;00:55;;;3;;0;
Repure;4210;1,150;15;10;813;6;5.47;3.87;7,451;4,042;1,043;1,177,518;425,204;38,891;2,884,253;2,672;82;;251;38,891;0.22;9%;3.14;36%;;;27;241,253;20;7,672;;68%;20;34,112;83;51;41;03:22;14;462;104;2,498;1.19;1.41;11.28;4.96;01:11;12.72;;19.25;35.49;13,739.41;2,370;45;117;170;323;611;97;47 hours;210;115;04:11:02;07:05:10;54%;5;8;87;
rG WH1TE WINDU;3353;86;7;5;68;;4.6;3.64;576;237;56;109,380;36,770;3,417;245,127;305;2;;5;3,417;0.21;9%;2.6;33%;;;14;20,786;21;4,929;;41%;21;12,678;41;16;30;02:37;5;232;97;1,048;0.26;1.29;11.83;2.99;02:13;16.33;;12.69;30.85;13,129.37;221;;19;21;22;62;6;4 hours;19;7;41:30;24:15;38%;3;1;11;
Rodney2210;3000;85;11;6;65;3;4.82;3.69;563;310;99;96,044;33,707;2,512;222,120;217;6;;9;2,512;0.17;7%;2.54;35%;;;6;24,011;17;4,996;;46%;17;17,334;50;31;27;02:57;9;189;52;2,190;0.51;1.65;12.55;5.62;01:33;12.32;;17.61;31.98;12,618.14;221;3;17;22;17;56;4;4 hours;18;7;27:17;32:43;38%;4;1;10;
Sakaine08;2843;183;9;6;127;;3.52;2.44;1,281;573;133;248,570;76,634;4,466;482,605;583;17;;17;4,466;0.1;5%;2.05;30%;;;25;60,393;23;7,312;;65%;23;20,505;48;35;25;02:13;17;313;114;2,349;0.32;1.47;12;2.55;01:18;11.21;;11.02;24.64;9,285.1;624;18;44;41;38;124;9;11 hours;52;21;01:08:17;43:00;39%;3;5;26;
Scuffs;4060;622;19;7;344;2;6.34;3.51;3,762;2,074;518;640,926;238,891;12,500;1,563,352;1,506;58;;23;12,500;0.15;5%;3.71;37%;;;17;96,977;30;14,061;;65%;30;32,220;63;36;41;03:19;14;216;94;1,875;0.23;1.19;10.33;5.28;01:17;15.37;;21.17;38.4;15,959.54;1,012;23;55;72;174;302;52;22 hours;98;54;02:05:44;04:36:51;55%;4;3;41;
Semitaur;3703;57;7;9;50;;3.79;3.32;417;225;50;68,736;28,834;2,005;178,663;151;5;;2;2,005;0.17;6%;2.74;41%;;;7;14,499;14;6,056;;61%;14;16,339;36;21;16;01:44;4;209;66;932;0.13;1.26;10.11;3.32;01:06;10.04;;14.96;27.73;11,884.53;152;2;15;14;10;39;;3 hours;15;5;16:45;12:50;30%;4;0;10;
ShadowBandane;2973;70;11;6;59;2;3.57;3.01;595;349;108;81,040;30,982;1,627;202,084;194;5;;5;1,627;0.13;5%;4.13;38%;;;14;9,960;22;8,048;;44%;22;19,776;59;37;30;02:51;17;220;81;1,020;0.25;0.82;7.35;5.51;00:55;9.9;;17.81;30.37;10,316.62;144;;15;9;33;57;10;3 hours;20;13;18:02;47:55;66%;4;1;6;
Shes My Nerd;3000;;;;;;3.48;3.48;5;3;;2,030;835;59;3,763;;;;;59;0.23;7%;1.66;41%;;;;318;5;2,991;;59%;5;2,991;5;3;;00:12;;53;53;181;;1.26;10.45;3.48;01:09;3.48;;10.45;17.42;13,116.77;3;;1;0;0;1;;4 minutes;0;0;00:20;;75%;;;0;
Shmedium Undies;3982;52;8;5;36;;5.72;3.96;312;166;37;53,114;20,866;1,342;129,469;143;4;;;1,342;0.19;6%;4.33;39%;;;;6,401;17;6,931;;51%;17;17,839;50;27;23;01:37;7;217;73;954;;0.93;7.92;4.07;01:13;15.74;;18.28;34.35;14,257.8;72;2;7;8;10;25;2;1 hour;9;5;11:06;21:48;59%;3;;4;
Sinature;0;452;11;8;253;;5.08;2.84;3,113;1,400;304;658,418;216,419;13,420;1,306,468;1,252;30;;7;13,420;0.18;6%;3.53;32%;;;37;110,950;33;9,539;;45%;33;24,650;78;35;34;02:34;11;272;142;2,452;0.07;1.5;9.9;3.41;01:13;14.08;;15.74;35;14,692.56;881;14;60;81;113;254;34;20 hours;89;45;01:49:37;01:57:04;50%;5;1;43;
SirJamesParker;0;2,734;18;11;1,688;7;6.46;3.98;16,454;8,891;2,215;2,587,536;1,072,124;81,670;7,094,707;5,732;227;;454;81,670;0.22;7%;3.59;41%;;16;103;527,758;31;10,126;;58%;31;40,376;83;44;42;03:34;19;472;143;2,721;1.07;1.47;10.81;5.23;01:14;13.54;;21;38.88;16,764.85;4,577;53;181;294;867;1,342;283;99 hours;423;269;08:48:34;18:24:55;63%;5;19;135;
Skittle Kitteh;0;37;5;3;20;2;4.07;2.2;225;130;33;39,432;15,250;916;99,861;89;3;;9;916;0.13;6%;2.2;38%;;;3;9,596;12;4,668;;67%;12;9,953;29;17;11;01:01;6;134;42;982;0.99;1.36;11.23;3.63;01:06;9.8;;14.32;24.79;11,003.1;102;;6;9;5;20;;1 hour;9;4;10:07;13:43;44%;3;0;5;
SlowWhelp151488;3909;67;11;7;35;5;5.64;2.95;491;281;69;78,086;30,940;2,157;209,542;177;5;;16;2,157;0.19;6%;3.4;39%;;;4;18,638;28;9,915;;63%;28;25,831;61;36;18;01:45;10;238;82;2,215;1.34;1.65;12.14;5.81;01:38;14.92;;23.69;41.4;17,668.46;144;;8;9;18;35;4;3 hours;12;5;19:33;36:21;38%;3;1;7;
slysamm;;10;7;8;10;2;4.51;4.51;115;61;15;20,734;6,858;523;36,124;52;;;2;523;0.22;7%;5;33%;;;;2,584;14;3,921;;34%;14;23,031;71;38;31;02:23;9;319;46;1,506;0.9;1.12;10.37;6.76;01:47;23.45;;27.51;51.88;16,296.9;23;;1;0;5;6;2;38 minutes;2;1;03:57;10:27;45%;;;1;
Snide Chick;;;;;;;6.35;6.35;;;;622;351;15;2,002;;;;;15;0.11;4%;0.33;56%;;;;254;;1,020;;59%;1;1,928;;;;00:00;;15;11;254;;1.95;19.05;6.35;00:03;;;6.35;6.35;12,717.84;3;;0;0;0;1;;2 minutes;0;;00:00;;;;;0;
SoLo Glitch;0;5;3;;;;7.43;1.48;31;12;7;4,826;1,470;135;10,299;13;;;;135;0.22;9%;4.42;30%;;;6;722;8;2,283;;32%;8;5,317;14;5;7;00:58;3;64;42;321;;1.19;10.41;10.41;02:12;19.33;;17.84;46.1;15,317.51;7;;1;0;0;1;;10 minutes;1;0;01:29;01:28;33%;;;0;
Spic3mast3r;2992;7;3;2;5;;1.71;1.22;83;43;18;13,898;4,147;248;24,708;29;;;;248;0.1;5%;2.51;29%;;;;3,204;13;2,973;;34%;13;7,062;29;14;10;00:42;9;63;31;931;;1.35;8.06;4.4;00:37;7.09;;10.51;20.29;6,042.02;33;;5;4;2;11;2;39 minutes;4;2;02:35;00:49;53%;3;;2;
spirit murderer;3348;2;2;;;;1.81;0.9;7;4;;3,478;1,443;31;8,258;4;;;;31;0.06;2%;;41%;;;;676;2;2,550;;;2;5,372;4;2;2;00:22;;13;9;318;;1.43;6.35;;00:31;3.63;;3.63;6.35;7,496.35;7;;2;2;1;5;;7 minutes;1;0;00:34;00:20;29%;;;1;
SQ1B;0;86;9;7;74;;3.29;2.83;802;369;82;155,436;51,443;2,615;303,161;359;6;;2;2,615;0.11;5%;2.85;33%;;;13;19,972;18;4,760;;48%;18;25,435;69;26;44;05:27;10;309;58;1,448;0.07;0.9;10.76;3.13;01:25;13.74;;14.12;30.71;11,608.68;281;8;28;28;23;78;5;6 hours;26;11;37:22;23:57;42%;4;1;14;
SupaNoobGuy;4415;450;17;9;323;2;5.51;3.95;3,435;2,095;602;500,474;211,662;13,279;1,363,581;1,195;27;;10;13,279;0.17;6%;3.21;42%;;3;21;100,436;21;7,957;35;59%;21;32,657;81;51;48;03:32;20;313;91;3,135;0.12;1.35;13.08;7.37;01:14;14.64;;25.68;42.1;16,716.26;1,067;26;41;59;150;251;47;20 hours;82;41;01:40:50;04:20:23;50%;5;2;38;
Tensa;0;17;6;6;15;;4;3.53;85;47;12;19,482;7,332;455;46,071;28;2;;;455;0.15;6%;1.6;37%;;;;3,509;10;3,084;;38%;10;10,164;16;9;9;00:51;3;117;38;849;;1.22;12.49;2.82;00:39;6.59;;11.07;20.03;10,857.58;53;2;4;3;5;12;;47 minutes;4;2;02:49;03:10;44%;3;;2;
thats my sock;3409;340;9;7;241;;4.2;2.98;2,401;1,125;249;485,148;156,945;13,864;1,011,874;1,036;22;1;11;13,864;0.2;8%;2.65;32%;;3;27;81,441;19;6,857;;69%;19;24,293;54;30;32;03:39;8;378;111;1,960;0.13;1.22;11.17;3.08;01:40;12.82;;13.92;29.72;12,525.96;903;15;65;81;88;234;17;18 hours;81;31;02:14:48;01:34:05;38%;3;4;46;
The Jeff Janis;3214;3;3;;;;4.03;1.34;32;19;10;4,970;1,610;140;11,156;8;;;;140;0.16;8%;2.66;32%;;;;660;12;2,252;;;12;11,156;32;19;8;00:49;10;140;27;660;;0.76;16.14;13.45;01:06;10.76;;25.55;43.04;15,006.35;12;;1;;;1;;14 minutes;1;1;00:49;01:59;100%;4;;0;
thirtythree au;;24;10;3;10;2;5.52;2.3;190;95;31;21,016;8,297;549;55,335;63;;;4;549;0.19;6%;14.61;39%;;;;2,923;20;6,980;;46%;20;20,783;51;23;27;02:04;7;170;87;746;0.92;1.03;2.99;7.13;00:57;14.5;;21.86;43.73;12,736.16;13;;1;6;10;17;4;47 minutes;4;4;04:09;14:04;99%;4;;0;
Trash Like Me;2373;122;11;7;72;2;4.85;2.86;753;353;98;165,806;48,641;1,986;282,326;357;8;;8;1,986;0.09;4%;2.24;29%;;;12;24,107;14;5,120;;44%;14;17,700;74;32;51;02:54;8;132;48;1,392;0.31;1.11;13.37;3.9;01:25;14.21;;14.05;29.98;11,241.83;336;11;26;28;21;75;5;5 hours;25;10;35:48;27:10;41%;3;0;14;
Trooper X46;;;;;;;;3.82;5;3;2;1,270;512;20;3,428;;;;;20;0.11;3%;1.66;40%;;;;320;4;2,205;;;4;3,428;5;3;;00:21;2;20;10;320;3.82;1.8;11.46;7.64;01:23;3.82;;11.46;19.11;13,104.57;3;;0;0;0;1;;2 minutes;0;;00:21;;;;;0;
Truck555;3000;69;8;5;44;;3.93;2.51;450;222;77;83,980;28,087;1,683;176,587;149;2;;5;1,683;0.12;5%;2.02;33%;;;6;16,775;16;5,232;;45%;16;13,290;41;27;17;01:52;14;136;69;922;0.28;1.27;12.67;4.39;00:57;8.5;;12.67;25.69;10,083.12;222;4;12;17;12;42;;3 hours;18;7;16:44;16:10;42%;3;0;10;
TzTM;3974;210;8;7;133;3;3.45;2.19;1,525;675;158;287,506;95,161;6,059;594,497;655;16;;13;6,059;0.13;6%;2.09;33%;;2;8;46,457;19;5,499;;60%;19;18,899;53;22;31;02:57;8;242;62;1,603;0.21;1;12;2.6;01:22;10.78;;11.11;25.11;9,791.13;729;13;47;48;48;143;7;12 hours;61;26;01:23:11;49:44;42%;4;0;35;
Vexualy;4027;852;15;8;528;;5.47;3.38;5,686;2,905;659;894,208;325,143;22,035;2,085,710;2,190;94;;10;22,035;0.17;6%;4.13;36%;;3;31;167,157;32;7,960;;73%;32;26,195;80;39;47;03:07;13;338;106;1,949;0.06;1.33;8.82;4.23;01:11;14.06;;18.65;36.5;13,390.76;1,375;19;93;135;217;445;65;34 hours;156;89;03:05:51;05:45:38;56%;5;5;62;
Visper;2998;50;8;4;31;;3.89;2.41;411;199;50;57,930;22,209;1,277;146,448;99;5;;2;1,277;0.16;5%;3.91;38%;;;;9,756;16;6,670;;52%;16;20,307;50;27;14;01:35;8;195;62;1,385;0.15;1.23;8.17;3.89;00:42;7.7;;15.49;32;11,403.63;105;3;8;15;12;35;5;2 hours;13;13;09:02;28:40;99%;4;0;0;
vKure;4326;1,669;16;11;1,203;3;5.81;4.18;11,025;6,155;1,293;1,509,642;572,076;34,029;4,054,037;4,176;151;;119;34,029;0.14;5%;3.52;37%;;11;94;306,216;28;8,153;;57%;28;28,377;83;46;39;04:04;14;260;88;2,214;0.41;1.31;10.9;4.5;01:43;14.54;;21.43;38.39;14,116.78;3,132;33;173;301;499;973;148;64 hours;287;178;08:14:41;14:43:36;61%;5;9;100;
VW GTI G0DSP33D;3574;;;;;;;1.01;8;4;;1,540;418;20;2,998;2;;;;20;0.04;4%;0.72;27%;;;;406;3;957;;26%;3;2,106;4;2;2;00:18;;20;7;370;;0.81;11.16;1.01;00:21;2.02;;4.05;8.11;3,042.55;11;;1;0;1;2;;8 minutes;1;;00:21;;;;;1;
Wavy as;3000;139;15;13;99;4;4.38;3.12;1,053;569;221;176,600;62,998;3,342;403,284;356;8;;35;3,342;0.12;5%;2.69;35%;;;26;33,561;16;5,214;;80%;16;24,804;61;40;27;01:48;17;229;62;2,082;1.1;1.29;12.34;6.97;00:57;11.23;;17.95;33.23;12,728.11;391;12;20;28;31;79;10;7 hours;32;14;30:23;40:16;44%;4;2;16;
Weed iHunt;0;129;22;7;66;;5.64;2.89;860;393;65;155,890;48,661;4,092;307,834;416;13;;4;4,092;0.2;8%;3.13;31%;;;;21,546;20;4,974;;70%;20;24,402;69;38;47;04:32;6;371;115;1,515;0.17;1.08;12;2.84;01:56;18.21;;17.21;37.66;13,481.88;274;2;16;27;38;81;9;5 hours;23;8;44:20;33:43;35%;4;2;13;
WELSHMANIA;4025;22;4;3;13;;3.87;2.28;212;101;39;35,552;13,246;1,089;81,694;85;3;;2;1,089;0.21;8%;2.52;37%;;;;9,038;23;5,169;;63%;23;9,508;26;19;12;01:14;8;121;63;1,161;0.35;1.74;14.78;6.86;01:39;14.96;;17.77;37.31;14,378.97;84;4;4;6;5;15;;1 hour;6;1;09:27;16:16;23%;3;1;4;
Westside Ryderz;3000;;;;;;0.67;;5;;;3,068;1,193;31;5,714;;;;;31;0.05;2%;0.83;38%;;;;655;3;2,793;;41%;3;5,658;4;;;00:43;;31;16;564;;1.07;4.04;0.67;00:32;0.67;;;3.36;3,850.55;6;;0;1;3;5;;10 minutes;1;0;00:48;;22%;;;1;
Whos Riven;3371;427;12;9;279;2;4.44;2.9;3,154;1,717;532;523,242;193,695;11,218;1,219,886;1,235;27;;16;11,218;0.15;5%;3.5;37%;;;24;78,514;25;8,259;;55%;25;23,484;105;48;45;03:55;15;250;110;1,594;0.16;1.1;9.34;5.53;01:17;12.84;;17.85;32.79;12,684.7;899;14;58;100;143;301;45;19 hours;96;58;02:03:34;04:15:18;60%;5;3;35;
Wookiee Steve;2615;107;10;6;67;2;4.29;2.68;967;504;145;130,154;42,902;2,651;252,600;410;10;;8;2,651;0.13;6%;10.07;32%;;;6;19,360;27;7,727;;49%;27;17,320;61;36;40;02:40;11;231;102;1,784;0.32;0.99;3.85;5.81;01:33;16.45;;20.22;38.81;10,138.53;96;2;18;20;44;82;21;5 hours;25;15;38:52;01:04:42;59%;3;;10;
WSXRQ;3188;3;2;;;;2.84;0.94;23;11;;4,174;1,174;66;7,749;9;;;;66;0.08;5%;2.87;28%;;;;543;7;1,649;;27%;7;5,873;16;8;7;00:33;;45;17;433;;0.71;7.57;;00:54;8.52;;10.42;21.78;7,340.04;8;;1;1;;2;;12 minutes;1;0;00:57;;22%;;;1;
Wxnderful;0;431;14;7;264;4;5.4;3.31;2,762;1,367;260;481,380;181,908;11,575;1,148,173;969;53;;72;11,575;0.19;6%;3.37;37%;;4;25;91,984;23;8,133;;57%;23;24,658;62;28;24;02:06;8;276;87;2,223;0.9;1.51;10.26;3.26;01:19;12.15;;17.14;34.65;14,404.5;818;9;58;71;138;267;34;16 hours;80;52;01:45:56;02:24:13;65%;4;3;24;
Xandoid;3131;15;6;3;6;;3.62;1.45;124;55;29;23,464;8,386;422;49,276;53;;;2;422;0.13;5%;3.54;35%;;;;2,974;15;4,206;;35%;15;19,665;67;27;30;01:50;12;148;51;1,002;0.48;0.95;8.46;7.01;01:13;12.82;;13.3;30;11,922.45;35;2;2;5;6;13;2;51 minutes;4;2;05:04;06:00;53%;3;0;2;
xEpk;0;35;11;9;20;3;4.76;2.72;262;166;48;32,538;12,135;836;78,291;104;3;;8;836;0.18;6%;7.7;37%;;;5;4,873;21;5,108;;43%;21;24,110;58;38;29;01:50;11;240;106;1,243;1.09;1.06;4.63;6.54;01:09;14.17;;22.62;35.7;10,668.63;34;;3;6;16;25;6;1 hour;7;5;08:29;18:26;72%;3;;2;
xHAZ4RDZx;3383;;;;;;1.26;;10;6;2;2,648;933;68;6,027;2;;;;68;0.13;7%;0.9;35%;;;;564;2;1,476;;47%;2;3,159;4;2;;00:16;;30;24;258;;1.12;13.92;2.53;00:42;2.53;;7.59;12.66;7,631.11;11;;1;1;0;1;;8 minutes;1;;00:33;;;;;1;
Xion;;4;2;;;;2.92;;18;11;6;3,766;1,321;68;7,629;2;;;;68;0.08;5%;;35%;;;7;666;6;1,817;;37%;6;5,044;11;7;;00:08;4;52;14;484;;0.8;13.15;4.38;00:09;1.46;;8.03;13.15;5,573.41;18;;1;1;2;4;;13 minutes;1;0;00:12;00:33;26%;;;1;
xPMoney7;2746;287;8;5;181;3;3.5;2.2;2,323;1,230;445;368,706;123,989;9,085;791,536;891;7;;11;9,085;0.14;7%;3.05;33%;;3;50;71,730;17;5,444;;56%;17;13,236;45;25;24;02:41;10;221;87;1,002;0.13;1.12;9.28;5.42;01:11;10.86;;15;28.33;9,655.22;761;32;74;65;68;207;21;17 hours;82;40;01:37:33;01:28:20;48%;3;3;39;
XxScourgexX1;;;;;;;10.15;;7;3;;506;123;18;1,239;4;;;;18;0.18;14%;;24%;;;;404;7;1,239;;24%;7;1,239;7;3;4;00:10;;18;18;404;;4.16;;;01:41;40.62;;30.46;71.08;12,583.59;;;0;;;0;;1 minute;0;0;00:10;;100%;
XxThaigaxX;;2;2;;;;2;1;15;7;2;4,334;1,228;74;6,674;10;;;;74;0.12;6%;1.5;28%;;;;532;6;1,722;;28%;6;6,674;15;7;10;01:48;2;74;19;532;;0.92;10;2;01:48;10;;7;15;6,674.3;10;;;1;3;4;;9 minutes;1;;01:48;;;;;1;
yoyohurricanes;4167;630;16;11;409;2;5.16;3.35;4,858;2,647;528;605,838;253,034;20,425;1,713,742;1,795;88;;31;20,425;0.2;8%;4.71;41%;;2;18;112,951;34;12,351;;67%;34;27,691;70;38;35;02:56;11;372;126;2,049;0.25;1.13;8.44;4.32;01:26;14.7;;21.68;39.8;14,041.77;1,031;15;63;109;194;366;69;27 hours;122;81;02:56:06;05:56:36;66%;5;1;40;
ySaiL;0;1,107;13;11;790;3;4.15;2.96;9,841;5,097;1,354;1,308,990;510,376;35,243;3,092,459;3,283;87;1;119;35,243;0.2;6%;5.6;38%;;3;69;195,891;29;10,934;;78%;29;26,937;66;39;42;03:45;16;371;164;1,851;0.44;1.13;6.58;5.07;01:02;12.31;;19.11;36.91;11,599.87;1,756;17;124;208;505;838;201;47 hours;267;233;04:38:44;12:49:13;87%;5;4;30;
Zigo;;192;10;6;112;2;3.89;2.27;1,678;754;229;278,562;103,404;6,924;591,783;674;11;;9;6,924;0.17;6%;6.68;37%;;;33;34,436;24;10,867;;52%;24;24,508;66;35;35;03:30;10;397;128;1,866;0.18;0.89;5.08;4.64;01:06;13.66;;15.28;34.02;11,998.14;251;6;45;46;60;150;25;10 hours;49;30;54:45;01:07:57;61%;5;3;16;
