Username;SR;Damage Blocked;Damage Blocked - Most in Game;Lifetime Graviton Surge Kills;Graviton Surge Kills - Most in Game;High Energy Kills - Most in Game;High Energy Kills;Lifetime Energy Accumulation;Energy Maximum;Projected Barriers Applied;Average Energy - Best in Game;Melee Final Blows - Most in Game;Projected Barriers Applied - Average;High Energy Kills - Average;Graviton Surge Kills - Average;Damage Blocked - Average;Lifetime Average Energy;Eliminations;Final Blows;Solo Kills;Shots Fired;Shots Hit;Damage Done;Objective Kills;Multikills;Environmental Kills;Melee Final Blows;Eliminations per Life;Weapon Accuracy;Healing Done;Teleporter Pads Destroyed;Turrets Destroyed;Eliminations - Most in Life;Damage Done - Most in Life;Healing Done - Most in Life;Weapon Accuracy - Best in Game;Kill Streak - Best;Damage Done - Most in Game;Healing Done - Most in Game;Eliminations - Most in Game;Final Blows - Most in Game;Objective Kills - Most in Game;Objective Time - Most in Game;Solo Kills - Most in Game;Melee Final Blows - Average;Deaths - Average;Solo Kills - Average;Objective Time - Average;Objective Kills - Average;Healing Done - Average;Final Blows - Average;Eliminations - Average;Damage Done - Average;Deaths;Environmental Deaths;Medals - Bronze;Medals - Silver;Medals - Gold;Medals;Cards;Time Played;Games Played;Games Won;Objective Time;Time Spent on Fire;Win Percentage;Multikill - Best;Projected Barriers Applied - Most in Game;Games Tied;Games Lost;
A Camping Cat;0;660,227;12,036;721;15;44;1,966;2,996,544;8,141,400;3,073;1;3;31.33;20.04;7.35;6,732;0.36;3,174;1,213;186;13,928;6,686;1,335,350;1,350;81;2;38;3.45;48%;;;7;24;10,179;;100%;24;26,850;;60;22;35;05:13;8;0.38;9.36;1.89;01:38;13.76;;12.36;32.36;13,616.69;918;27;81;114;110;304;39;22 hours;98;59;02:40:12;04:51:44;60%;5;50;5;34;
A Chill Lamp;4319;109,223;9,452;146;16;32;328;497,426;1,335,300;667;1;;36.48;17.94;7.98;5,974;0.37;521;185;15;2,569;1,328;208,180;158;17;;4;3.42;51%;;;2;21;8,652;;66%;21;14,930;;47;12;21;02:33;2;0.21;8.31;0.82;00:49;8.64;;10.11;28.49;11,387.33;152;6;17;20;15;53;6;3 hours;18;10;14:57;48:02;56%;5;50;1;7;
A1 Shank Sauce;2843;70,107;8,885;58;12;23;133;283,802;1,091,300;435;1;2;34.15;10.44;4.55;5,504;0.26;313;95;9;1,885;668;128,379;138;6;;6;2.28;35%;;;6;11;4,088;;64%;11;17,985;;46;14;27;01:59;2;0.47;10.75;0.7;01:15;10.83;;7.45;24.57;10,078.96;137;;15;10;5;29;;3 hours;13;3;16:07;07:01;25%;4;47;2;7;
Abdul Ahkbar;0;860,447;13,157;812;24;38;1,911;3,713,290;10,528,400;5,476;1;;42.41;14.8;6.28;6,664;0.35;3,204;1,006;78;28,093;12,751;1,476,712;1,382;81;4;2;2.51;45%;;2;30;16;9,916;;70%;16;21,518;;45;23;24;03:48;4;0.01;9.88;0.6;01:31;10.7;;7.79;24.81;11,437.4;1,276;16;125;124;101;350;58;29 hours;129;61;03:17:42;03:29:08;46%;6;68;7;62;
Abundant Elk;2924;29,838;6,669;27;7;16;59;110,216;379,900;165;1;;27.81;9.94;4.55;5,031;0.29;158;43;8;436;185;56,613;63;2;;2;4.15;42%;;;;17;4,011;;43%;17;12,575;;32;13;18;02:47;3;0.33;6.4;1.34;01:14;10.62;;7.24;26.63;9,544.94;38;;7;4;10;21;3;1 hour;6;4;07:22;05:46;75%;3;38;;1;
AceSilver143;0;5,169,988;13,012;4,052;22;48;10,673;22,713,736;66,973,500;32,339;1;2;36.99;12.2;4.63;5,914;0.33;19,273;6,672;909;81,117;37,981;8,331,988;10,662;395;3;88;2.44;46%;;24;552;27;12,348;47;100%;27;24,419;;63;33;47;07:04;7;0.1;9.01;1.03;01:45;12.19;;7.63;22.04;9,531.37;7,878;108;720;796;782;2,297;491;185 hours;874;438;25:38:06;20:01:13;50%;5;83;48;388;
ADERALDO25;3694;;;;;;;;500;;;;;;;;;;;;;;;;;;;;;;;;;;;;;;;;;;;;;;;;;;;;;;;0;0;0;0;;5.940872000530362 seconds;0;0;;;100%;
Aeon Bahamut X;3244;90,264;9,003;73;9;22;238;433,077;1,187,200;619;1;;35.92;13.81;4.23;5,239;0.36;415;186;22;723;398;147,702;199;3;;;3.34;55%;;;;20;5,969;;76%;20;12,995;;46;21;23;03:31;5;;7.19;1.27;01:23;11.55;;10.79;24.08;8,573.06;124;3;10;17;18;44;12;3 hours;17;8;23:54;47:48;46%;5;61;1;8;
AiNoPoltergeist;2508;2,753;2,753;5;5;4;4;11,859;50,000;9;0;;11.7;5.2;6.5;3,581;0.23;11;2;;124;53;6,155;5;;;;2.2;42%;;;;8;2,316;;;8;6,155;;11;2;5;00:16;;;6.5;1.3;00:21;6.5;;2.6;14.3;8,004.22;5;;1;2;;2;;8 minutes;1;;00:16;00:28;;;9;;1;
alphurr;0;46,206;9,143;26;5;23;70;185,269;670,600;296;0;;31.99;7.56;2.81;4,995;0.27;158;35;6;1,012;349;56,994;85;3;;2;1.83;34%;;;;10;3,509;;42%;10;10,245;;38;10;23;03:13;3;0.21;9.29;0.64;01:30;9.18;;3.78;17.08;6,161.2;86;4;3;8;4;16;4;1 hour;9;3;13:59;03:54;32%;3;54;;6;
AlwazeUlty;2676;32,287;4,096;14;5;7;33;122,941;627,800;185;0;;20.78;3.7;1.57;3,628;0.19;118;32;4;983;372;47,802;61;;;;1.34;37%;;;4;10;2,610;;67%;10;7,554;;19;7;12;01:21;2;;9.88;0.44;01:07;6.85;;3.59;13.25;5,371.27;88;3;7;3;1;11;;1 hour;9;2;10:00;01:20;17%;3;23;;7;
apeX Piffiiii;2921;12,819;4,102;4;2;10;26;63,374;137,800;56;1;;30.58;14.2;2.18;7,001;0.45;36;19;4;201;121;30,134;15;;;;2.25;60%;;;;10;6,784;;68%;10;10,949;;16;8;8;00:52;3;0.54;8.73;2.18;01:10;8.19;;10.37;19.66;16,457.93;16;;1;0;5;7;;22 minutes;2;1;02:08;06:14;41%;;21;;1;
aR CoSMo;0;2,668,669;11,905;2,224;18;40;5,697;11,575,519;33,698,200;17,097;1;2;39.66;13.21;5.15;6,191;0.34;10,706;3,636;472;71,088;30,609;4,741,785;5,061;233;6;35;2.77;43%;;;147;25;10,951;15;100%;25;23,269;;58;22;43;05:36;6;0.08;8.93;1.09;01:30;11.74;;8.43;24.83;11,000.56;3,853;64;453;430;378;1,261;214;93 hours;431;204;10:50:25;10:16:03;47%;6;82;27;200;
Asco HD;2602;10,842;3,304;14;5;3;4;34,908;289,600;106;0;;30.54;1.15;4.03;3,124;0.12;70;16;;645;280;30,185;32;;;;3.68;43%;;;4;9;3,225;;80%;9;6,585;;23;6;12;01:27;;0.28;5.47;0.28;01:08;9.22;;4.61;20.17;8,698.34;19;;1;1;1;4;;48 minutes;3;2;03:56;00:11;43%;3;31;0;2;
Aspire Leo;3920;68,755;8,188;40;6;34;130;275,326;914,800;387;1;2;32.45;10.9;3.35;5,765;0.3;254;83;10;1,453;715;122,391;128;3;;5;2.26;49%;;;;22;4,978;;70%;22;15,347;;39;19;25;03:18;2;0.41;9.39;0.83;01:51;10.73;;6.95;21.29;10,262.61;112;;13;12;9;34;3;2 hours;12;4;22:13;06:58;30%;3;44;1;8;
AvaldezC;0;1,303,927;13,523;1,198;20;49;3,379;5,927,976;15,417,900;6,050;1;4;31.53;17.61;6.24;6,797;0.38;5,533;2,188;317;21,676;10,207;2,276,103;2,193;134;7;143;3.35;47%;;;20;24;7,627;;80%;24;25,186;;58;31;36;04:04;10;0.74;8.6;1.65;01:23;11.43;;11.4;28.84;11,865.44;1,650;40;187;184;198;568;76;42 hours;192;110;04:26:58;07:24:29;57%;5;62;11;71;
AWALP5;2257;8,638;3,549;3;2;4;11;34,075;135,300;49;0;;30.71;6.89;1.88;5,414;0.25;38;10;;160;63;13,949;19;;;;1.8;39%;;;;9;2,195;;60%;9;4,881;;14;3;7;00:49;;;13.16;0.62;01:44;11.9;;6.26;23.81;8,743.35;21;2;0;3;1;4;;22 minutes;2;0;02:45;00:02;22%;;21;;1;
Axemen;0;796,985;10,347;862;16;32;1,720;3,463,089;12,038,100;4,690;1;2;30.88;11.32;5.67;5,248;0.28;3,841;1,240;123;25,507;11,849;1,631,140;1,856;104;5;43;2.88;46%;;2;29;20;9,528;;83%;20;25,364;;49;19;25;05:05;5;0.28;8.76;0.8;01:51;12.22;;8.16;25.29;10,741.22;1,331;38;147;157;137;441;44;33 hours;152;80;04:42:30;03:01:45;52%;6;60;4;68;
B0LTi;3505;6,277;4,167;9;7;9;13;26,241;106,700;46;0;;29.88;8.44;5.84;4,079;0.24;37;15;3;315;90;13,024;17;;;;3.36;28%;;;;12;3,371;;30%;12;7,629;;22;9;10;00:39;3;;7.14;1.94;00:42;11.04;;9.74;24.03;8,461.77;11;;1;1;1;3;;17 minutes;2;2;01:04;02:12;100%;;27;
B1ackOutMiLitia;2698;1,016;1,016;;;;;3,887;24,500;6;0;;8.3;1.38;;1,407;0.15;4;;;61;23;1,988;2;;;;2;37%;;;;3;1,206;;;3;1,988;;4;;2;00:18;;;2.76;1.38;00:25;2.76;;1.38;5.53;2,751.68;2;;1;;;1;;4 minutes;1;;00:18;;;;6;;1;
Baby DVs;3519;8,467;7,217;10;10;19;21;34,662;113,300;41;0;;25.88;13.25;6.31;5,346;0.3;32;12;;75;36;11,597;17;2;;;2.13;48%;;;;9;2,562;;49%;9;10,732;;29;12;16;01:27;;0.63;9.47;0.63;01:07;10.73;;7.57;20.2;7,321.66;15;3;1;3;2;5;;18 minutes;2;;01:46;03:03;;4;36;;2;
BallerGotSkillZ;3073;263,360;9,813;247;18;30;625;1,076,921;3,590,000;1,622;1;;37.55;14.46;5.71;6,097;0.29;1,390;551;96;3,721;1,960;478,880;605;26;;2;4.58;52%;;;8;25;5,978;;74%;25;20,420;;56;22;26;02:52;5;0.04;7.01;2.22;01:18;14;;12.75;32.18;11,086.72;303;6;43;36;46;125;20;9 hours;43;20;56:15;01:26:19;46%;4;61;4;19;
Bandora22;0;32,582;5,764;20;5;16;62;136,439;422,500;177;0;;41.03;14.37;4.63;7,553;0.32;119;41;3;656;250;48,968;56;3;;;1.98;38%;;;;9;3,290;;46%;9;9,153;;26;10;15;01:59;2;;13.9;0.69;01:32;12.98;;9.5;27.58;11,351.6;60;3;8;3;1;12;;1 hour;4;1;06:38;04:06;24%;3;34;1;3;
BasedGod Zarya;;947,480;16,423;1,151;23;54;3,185;4,574,068;9,949,900;5,285;1;2;41.66;25.1;9.07;7,469;0.45;4,389;1,754;221;26,437;11,939;1,964,360;1,835;142;3;19;4.46;45%;;;31;25;11,070;;69%;25;33,323;;73;34;46;04:48;7;0.14;7.74;1.74;01:32;14.46;;13.82;34.59;15,485.7;983;9;57;121;258;436;115;27 hours;127;84;03:15:30;09:33:18;66%;5;84;6;37;
BatmanDobbins;4013;8,206;3,166;2;;11;18;38,977;117,100;41;0;;20.23;8.88;0.98;4,050;0.33;34;10;;66;40;12,144;12;;;;2.83;60%;;;;12;2,185;;77%;12;5,627;;13;4;5;01:35;;;5.92;;01:25;5.92;;4.93;16.77;5,993.57;12;;1;4;;5;;19 minutes;2;1;02:54;00:20;30%;;18;;1;
BeeVA;2649;604;604;;;;;2,416;5,700;;0;;15.31;;;9,244;0.42;;;;4;2;974;;;;;;50%;;;;;974;;;;974;;;;;00:05;;;15.31;;01:18;;;;;14,919.37;;;0;0;;0;;57.73471397254616 seconds;0;0;00:05;;100%;
BET0 SLV;3000;473,286;10,301;399;9;43;1,465;2,312,532;6,882,000;2,630;1;2;24.57;13.68;3.72;4,422;0.33;2,719;931;106;17,221;6,123;881,117;1,171;34;3;18;5.84;35%;;;17;28;11,793;;64%;28;21,285;;74;24;41;04:11;5;0.16;4.34;0.99;01:15;10.94;;8.69;25.4;8,232.4;465;11;125;103;69;298;58;19 hours;107;87;02:14:13;02:40:29;81%;4;51;3;17;
Beyond Volscian;3000;22,457;6,590;33;9;33;107;110,476;266,200;99;1;;31.79;34.36;10.59;7,212;0.41;166;83;6;251;123;44,173;74;6;;;7.21;49%;;;;26;6,156;;65%;26;14,196;;60;26;31;02:52;2;;7.38;1.92;02:00;23.76;;26.65;53.31;14,186.24;23;;2;3;8;13;4;44 minutes;3;3;06:16;27:35;96%;4;32;;0;
BLAD3WIING13;3106;224,994;12,071;177;12;37;546;1,066,231;2,462,600;1,293;1;;38.86;16.41;5.32;6,763;0.43;805;312;66;4,083;1,839;394,670;343;19;3;4;2.63;45%;;3;36;25;9,704;;64%;25;23,760;;52;23;26;05:28;6;0.12;9.19;1.98;01:32;10.31;;9.37;24.19;11,863.28;306;12;24;38;32;94;27;6 hours;33;15;51:03;01:25:29;46%;5;80;1;17;
bossy ross;0;865,486;14,394;750;17;45;2,317;4,223,022;10,578,200;5,656;1;3;40.97;16.78;5.43;6,269;0.39;3,821;1,488;203;16,536;8,531;1,616,332;1,947;87;3;46;3.76;51%;;;32;23;10,832;;83%;23;27,126;;59;29;33;04:22;8;0.33;7.34;1.47;01:39;14.1;;10.77;27.67;11,708.22;1,014;19;116;130;213;459;103;29 hours;138;65;03:49:35;04:37:44;47%;5;78;6;67;
Bounce Cityyyyy;3145;7,746;2,924;;;3;6;29,942;110,900;37;1;;28.52;4.62;0.77;5,972;0.26;22;8;;34;15;9,465;5;;;;1.57;44%;;;;5;1,960;;;5;3,765;;12;4;4;00:37;;;10.79;0.77;00:48;3.85;;6.16;16.96;7,297.75;14;;1;1;2;4;;18 minutes;1;;01:02;;;;18;;1;
Breezy2369;3815;112,474;11,307;112;13;36;324;535,722;1,300,000;679;1;2;39.73;18.96;6.55;6,582;0.41;493;185;18;2,738;1,181;170,245;247;11;;8;4.6;43%;;;;20;6,365;;58%;20;15,892;;42;18;26;03:02;3;0.46;6.26;1.05;01:33;14.45;;10.82;28.85;9,963.39;107;9;21;18;10;50;14;3 hours;17;15;26:36;43:21;89%;5;78;1;1;
burn out 317;2534;;;;;;;;10,500;5;0;;;;;;0.31;;;;;;1,301;;;;;;31%;;;;;;;;;1,301;;;;;;;;14.74;;;;;;7.37;9,591.78;2;;;;0;0;;1 minute;0;;;;;;5;;0;
C0RPORAL;2815;3,815;2,061;3;3;4;4;19,429;57,900;25;1;;36.99;5.91;4.43;5,646;0.33;8;3;;84;26;7,207;6;;;;1.33;30%;;;;4;2,782;;;4;4,367;;8;3;6;01:01;;;8.87;1.47;01:35;8.87;;4.43;11.83;10,665.51;6;;1;1;0;3;;9 minutes;1;0;01:04;;26%;3;17;0;0;
C1ZR;4124;57,243;8,074;65;10;26;145;243,619;778,100;251;1;;26.7;15.42;6.91;6,090;0.31;281;103;15;1,097;472;118,755;113;9;;;2.81;43%;;;;15;4,597;;63%;15;18,528;;46;18;21;01:37;5;;10.63;1.59;01:11;12.02;;10.95;29.89;12,634.59;100;;8;9;15;31;4;2 hours;9;5;11:07;25:32;54%;4;35;;4;
CCT DARK;2700;2,563;2,563;;;5;5;10,810;50,400;18;0;;28.04;7.79;1.55;3,994;0.21;12;3;;105;26;3,617;8;;;;2.4;24%;;;;4;1,072;;;4;3,617;;12;3;8;00:42;;;7.79;1.55;01:06;12.46;;4.67;18.69;5,635.46;5;;;1;;1;;8 minutes;1;1;00:42;;100%;;18;
Cerubeus;0;63,084;7,788;51;9;25;152;297,839;832,400;378;1;2;32.52;13.07;4.38;5,428;0.35;267;83;11;1,752;754;115,928;121;7;;4;2.93;43%;;;8;12;4,836;;49%;12;15,520;;36;11;22;03:21;4;0.34;7.82;0.94;01:29;10.41;;7.14;22.97;9,974.38;91;3;14;13;13;41;4;2 hours;12;10;17:22;15:40;82%;4;44;1;1;
ChaosMage251;3000;5,849;2,495;4;3;15;17;26,167;74,900;33;1;;25.81;13.3;3.12;4,576;0.34;24;4;;60;22;7,551;13;;;;2.66;36%;;;;15;2,856;;;15;3,130;;15;3;10;00:40;;;7.04;;00:56;10.17;;3.12;18.77;5,907.54;9;;0;2;1;3;;12 minutes;1;1;01:11;01:53;58%;;12;;1;
Chazsy;3860;4,027,718;15,543;3,863;20;61;10,213;17,710,145;46,980,800;19,413;1;3;33.06;17.39;6.58;6,861;0.37;16,797;6,053;631;88,482;43,801;7,368,003;6,950;429;17;199;2.85;49%;;;123;28;10,447;;82%;28;38,214;;76;30;49;04:20;6;0.33;10.02;1.07;01:28;11.83;;10.31;28.61;12,551.22;5,886;101;610;621;531;1,761;268;130 hours;587;322;14:21:40;19:26:17;54%;6;69;32;233;
Chopper Le Porc;0;38,210;4,742;25;5;9;42;160,038;579,900;217;0;;33.09;6.4;3.81;5,828;0.27;84;20;;893;371;54,281;47;;;;1.07;41%;;2;9;8;3,491;;52%;8;8,703;;18;7;16;01:37;;0.15;11.89;;01:22;7.16;;3.05;12.81;8,279.47;78;;6;9;2;17;2;1 hour;7;5;09:02;03:12;71%;4;31;;2;
Chris Zettek;4009;119,611;9,114;122;12;34;316;573,251;1,339,500;675;1;;39.41;18.44;7.12;6,984;0.42;456;140;12;2,773;1,239;248,859;218;10;;;3.21;44%;;;4;19;10,840;;60%;19;21,692;;42;16;25;03:17;4;;8.29;0.7;01:53;12.72;;8.17;26.62;14,529.77;142;;15;21;22;58;10;3 hours;17;9;32:26;40:05;52%;4;45;;8;
CHRISBREEZY0413;2912;79,848;8,212;59;12;23;152;330,909;1,225,900;548;0;;37.95;10.52;4.08;5,530;0.26;288;90;7;1,351;579;123,930;132;5;;2;1.61;42%;;;6;12;4,070;;56%;12;11,573;;41;16;23;03:37;;0.13;12.32;0.48;01:37;9.14;;6.23;19.94;8,582.72;178;;12;14;12;38;2;3 hours;14;6;23:24;13:59;38%;5;56;2;7;
Chrome2YahDome;0;109,631;8,342;76;7;28;223;483,144;1,398,300;631;1;;35.08;12.4;4.22;6,096;0.34;355;135;17;1,774;815;177,132;171;9;;3;1.98;45%;;;12;15;7,600;;100%;15;14,703;;31;12;17;03:12;2;0.16;9.95;0.94;01:20;9.5;;7.5;19.73;9,849.55;179;;20;20;12;52;3;3 hours;18;7;24:00;18:45;41%;5;52;1;10;
Coluge;4248;39,052;11,177;41;11;45;143;198,669;397,800;219;1;2;44.6;29.12;8.35;7,955;0.49;188;73;2;836;360;86,292;83;2;;5;5.22;43%;;;;19;6,720;;62%;19;24,164;;53;20;20;01:58;;1.01;7.33;0.4;01:33;16.9;;14.86;38.29;17,577.42;36;;3;1;14;18;5;1 hour;5;3;07:40;27:02;66%;3;63;;2;
Coluge is back;4281;325,852;12,729;318;19;40;884;1,483,928;3,712,000;1,785;1;2;39.08;19.35;6.96;7,136;0.39;1,461;550;66;8,217;3,719;680,183;588;26;;21;3.97;45%;;;21;30;8,759;;63%;30;27,322;;57;27;28;03:33;6;0.45;8.05;1.44;01:14;12.87;;12.04;31.99;14,895.09;368;8;29;48;77;154;31;10 hours;46;23;56:38;01:57:33;50%;5;71;1;21;
commander 8899;3234;73,475;7,577;69;8;24;230;388,845;940,200;434;1;;35.47;18.79;5.63;6,005;0.41;377;144;21;1,060;512;156,431;161;7;;3;5.71;48%;;;;17;7,264;;66%;17;16,349;;41;21;18;02:01;3;0.24;5.39;1.71;01:33;13.15;;11.76;30.81;12,785.78;66;;9;19;13;41;8;2 hours;12;7;19:03;25:36;59%;3;41;0;5;
Conduit;0;8,110;3,780;5;4;7;10;29,893;126,700;29;0;;16.91;5.83;2.91;4,730;0.23;33;12;3;174;56;15,264;14;;;;1.73;32%;;;;9;4,328;;47%;9;9,449;;24;8;12;02:07;2;;11.08;1.74;01:51;8.16;;6.99;19.24;8,901.79;19;;2;2;1;5;;21 minutes;2;1;03:11;01:11;58%;;17;;1;
CookiesMilkYum;4213;669,365;11,274;656;14;36;2,027;3,194,710;8,261,300;3,584;1;3;34.68;19.61;6.34;6,478;0.38;3,165;1,212;137;17,634;8,724;1,196,527;1,627;83;4;43;4.04;49%;;;4;28;10,401;;75%;28;22,893;;58;24;39;05:26;6;0.41;7.57;1.32;01:55;15.74;;11.72;30.62;11,578.92;783;12;92;100;141;333;59;22 hours;103;68;03:19:24;04:53:08;65%;5;60;6;30;
Corey Burlinson;0;6,706;4,109;4;4;12;16;28,664;85,800;33;0;;28.22;13.68;3.42;5,735;0.33;25;8;;129;78;12,598;9;;;;1.78;60%;;;;7;3,410;;;7;8,901;;13;4;7;00:41;;;11.97;0.85;01:17;7.69;;6.84;21.37;10,773.56;14;;1;1;2;3;;14 minutes;1;0;01:30;00:38;17%;;18;;1;
Coscoro;2150;200;200;;;;;511;3,700;;0;;;;;4,629;0.13;;;;;;43;;;;;;100%;;;;;43;;;;43;;;;;;;;23.14;;;;;;;1,000.4;;;0;;0;0;;37.884786010719836 seconds;0;;;;;;;;0;
cougargoalie;0;107,531;12,571;76;9;33;235;456,371;1,396,100;661;1;;37.15;13.2;4.27;6,044;0.32;470;147;21;1,648;722;172,478;216;9;;6;3.76;43%;;;4;21;4,778;;75%;21;16,924;;45;14;29;03:05;3;0.33;7.02;1.18;01:35;12.14;;8.26;26.41;9,694.89;125;2;14;17;8;39;7;3 hours;18;10;28:23;19:31;57%;4;76;3;4;
Cow Lupin;1446;2,419;1,490;4;4;3;3;8,647;71,900;23;0;2;22.6;2.94;3.93;2,377;0.12;19;7;;165;76;6,718;5;;;2;4.75;46%;;;;12;1,898;;63%;12;3,777;;17;7;4;00:44;;1.96;3.93;;01:00;4.91;;6.87;18.67;6,601.99;4;;1;1;0;2;;12 minutes;1;;01:01;00:20;;3;17;;1;
Cygnus VI;1874;11,896;3,148;5;4;5;9;32,807;204,900;68;0;;19.8;2.62;1.45;3,465;0.16;33;6;2;195;84;18,301;18;;;;1.06;43%;;;5;7;3,787;;43%;7;7,138;;16;3;10;00:57;2;;9.02;0.58;00:45;5.24;;1.74;9.61;5,330.06;31;;2;2;2;6;;34 minutes;3;1;02:36;;15%;;20;1;2;
Cyr;2998;116,505;9,716;102;8;31;350;567,338;1,709,100;628;1;;25;13.93;4.06;4,639;0.33;687;255;24;2,534;1,270;250,814;327;11;;2;6.13;50%;;;;22;6,897;;72%;22;17,705;;50;22;28;04:25;3;0.07;4.45;0.95;01:23;13.01;;10.15;27.35;9,986.28;112;2;32;20;28;81;11;4 hours;25;22;35:06;44:33;86%;4;44;1;2;
Dadongado;2152;1,711;1,711;;;;;7,982;25,400;12;0;;20.21;1.68;;2,882;0.31;4;;;49;17;1,575;2;;;;;34%;;;;2;723;;;2;1,575;;4;;2;00:16;;;6.73;1.68;00:27;3.36;;1.68;6.73;2,652.53;4;;1;;;1;;4 minutes;1;;00:16;;;;12;;1;
DanGetzBucketz;3110;1,070,869;10,572;859;16;40;2,435;4,804,692;15,502,700;4,388;1;3;22.41;12.43;4.38;5,471;0.3;5,085;2,090;270;11,341;5,555;1,980,604;2,714;92;;35;3.28;48%;;;92;23;7,861;;100%;23;19,640;;59;28;41;04:43;7;0.17;7.9;1.37;01:47;13.86;;10.67;25.97;10,118.08;1,547;13;165;199;263;627;74;43 hours;196;83;05:50:53;06:09:16;42%;5;44;17;95;
DC Brau;;72,741;10,270;68;13;31;183;336,021;952,000;420;1;;38.18;16.63;6.18;6,613;0.35;325;126;17;676;346;138,609;193;4;;;3.21;51%;;;5;17;7,338;;84%;17;22,308;;44;16;37;04:55;4;;9.18;1.54;02:40;17.54;;11.45;29.54;12,600.82;101;2;10;14;14;38;10;2 hours;11;6;29:26;46:17;54%;5;64;;5;
DeftOrthruss;3000;4,207,143;14,771;3,627;20;49;10,920;19,611,883;51,880,600;25,427;1;2;39.51;16.97;5.63;6,538;0.37;17,851;6,274;677;47,235;22,527;7,603,113;8,873;419;5;44;3.13;47%;2;;158;24;9,648;78;100%;24;31,560;;65;30;38;05:40;7;0.06;8.84;1.05;01:43;13.78;0;9.75;27.74;11,815.59;5,691;122;561;680;735;1,976;436;143 hours;643;345;18:29:49;21:30:57;53%;6;77;24;275;
Derogant;3725;4,399;2,339;2;2;7;10;18,958;46,600;18;1;;32.42;18.01;3.6;7,923;0.4;17;5;;73;21;3,936;6;;;;2.83;28%;;;;5;1,067;;;5;2,217;;9;3;4;00:26;;;10.8;;01:02;10.8;;9;30.61;7,088.84;6;;0;;0;0;;7 minutes;1;1;00:34;;100%;;11;
DishonoredBeast;2611;25,653;7,604;19;5;23;64;121,093;364,700;142;0;;34.67;15.62;4.63;6,265;0.33;116;42;11;248;120;39,219;71;4;;;2.41;48%;;;;15;4,261;;100%;15;8,916;;34;17;19;01:48;6;0.24;11.72;2.68;01:45;17.33;;10.25;28.32;9,577.41;48;3;4;5;1;10;2;1 hour;4;2;07:10;08:06;47%;3;36;;2;
Dog Thanatos;0;467,560;10,545;442;16;42;1,122;2,080,958;5,595,100;2,577;1;;39.26;17.09;6.73;7,124;0.37;1,811;605;66;9,903;3,816;787,911;956;45;;8;2.73;38%;;2;30;18;6,506;;80%;18;19,156;;56;24;37;03:35;4;0.12;10.07;1;01:56;14.56;;9.21;27.59;12,005.23;661;11;65;72;87;224;26;15 hours;66;28;02:07:07;02:34:40;42%;5;71;3;35;
DogeGammit;3758;144,395;11,352;139;21;46;439;707,616;1,664,800;682;1;;34.81;22.4;7.09;7,371;0.42;618;226;23;1,672;832;255,113;265;23;;3;3.91;49%;;;13;19;8,096;;79%;19;23,468;;54;22;27;03:36;3;0.15;8.06;1.17;01:36;13.52;;11.53;31.54;13,022.94;158;4;13;25;25;63;10;4 hours;20;10;31:32;57:15;49%;6;60;1;9;
Dominator1992;2564;56,315;8,282;49;9;17;104;232,516;915,700;393;1;;41.64;11.02;5.19;5,968;0.25;274;70;8;683;245;83,848;165;5;;;2.44;35%;;;;17;3,394;;44%;17;13,188;;44;14;32;02:40;3;;11.86;0.84;01:59;17.48;;7.41;29.03;8,885.81;112;7;13;5;5;23;8;2 hours;9;4;18:49;08:08;46%;5;51;;5;
DOMINICKYO;2337;4,417;2,513;2;;;;14,491;107,000;38;0;;26.06;;1.37;3,029;0.13;9;3;;78;23;5,148;5;;;;0.5;29%;;;;3;1,040;;100%;3;2,972;;4;;4;01:51;;;12.34;;01:42;3.42;;2.05;6.17;3,530.8;18;;1;1;1;3;;17 minutes;1;1;02:29;;45%;;20;;1;
Doub1eAgent0reo;4447;194,540;11,211;220;17;54;708;945,585;2,173,000;1,137;1;;41.38;25.76;8;7,081;0.43;976;416;46;3,581;1,827;393,789;407;21;;2;4.6;51%;;;6;22;8,964;;77%;22;27,360;;68;33;30;02:27;7;0.07;7.71;1.67;01:17;14.81;;15.14;35.52;14,332.47;212;5;19;31;40;91;23;6 hours;27;17;35:31;01:37:29;63%;4;60;2;8;
DoubledLizard;2864;1,252,122;14,649;1,050;16;37;2,509;5,431,480;16,807,100;8,764;1;3;39.86;11.41;4.77;5,696;0.32;4,783;1,539;222;17,307;8,162;1,986,934;2,538;107;5;53;1.99;47%;;3;104;24;6,639;;100%;24;25,844;;56;20;44;06:25;6;0.24;10.89;1;01:51;11.54;;7;21.75;9,039.02;2,394;31;200;211;201;612;114;46 hours;220;102;06:50:03;06:10:17;46%;5;89;11;107;
Drakothius;3028;36,078;8,729;30;7;20;74;143,899;505,300;207;0;;25.94;9.27;3.75;4,521;0.28;162;72;9;834;366;64,725;74;2;;;2.79;43%;;;2;14;4,771;;63%;14;13,444;;40;22;22;02:44;2;;7.26;1.12;01:26;9.27;;9.02;20.3;8,111.11;58;;10;5;9;25;3;1 hour;8;4;11:28;11:40;47%;3;54;;4;
DrivebySamura1;4035;1,078,095;11,450;1,210;19;49;3,628;5,283,555;11,766,900;5,659;1;3;38.01;24.37;8.12;7,243;0.44;5,112;2,097;268;23,897;11,409;2,235,923;2,239;136;4;54;4.52;47%;;2;35;34;10,638;;100%;34;25,925;;63;28;35;03:19;10;0.36;7.58;1.8;01:33;15.04;;14.08;34.34;15,020.99;1,129;22;104;151;266;521;97;32 hours;149;101;03:52:33;09:05:42;67%;5;59;5;43;
DrShark628;3000;3,696;3,507;3;3;9;9;16,927;50,400;13;0;;21.75;15.06;5.02;6,185;0.33;12;4;3;43;30;6,347;6;;;;1.5;69%;;;;6;2,446;;90%;6;5,680;;11;4;5;00:30;3;;13.38;5.02;01:14;10.04;;6.69;20.08;10,621.69;8;;1;0;1;3;;8 minutes;1;0;00:44;00:42;65%;3;10;;0;
Dub6 Pingouino;3285;2,938;1,773;;;;;9,908;44,900;16;0;;20.09;1.25;1.25;3,689;0.22;8;5;;43;31;4,584;;;;;;72%;;;;4;861;;83%;4;2,608;;6;4;;00:19;;;10.04;;00:42;1.25;;6.27;10.04;5,755.84;8;;1;1;0;2;;7 minutes;1;;00:33;;;;10;;1;
EliteKnight1;2531;7,165;7,165;4;4;17;17;33,150;86,500;35;0;;35;17;4;7,165;0.38;31;22;8;79;36;10,054;13;;;;3.1;45%;;;3;7;2,390;;45%;7;10,054;;31;22;13;02:01;8;1;10;8;02:01;13;;22;31;10,053.79;10;;;4;;4;;14 minutes;1;;02:01;06:18;;3;35;;1;
Elsayer;0;21,115;3,273;9;6;10;28;93,668;308,300;116;1;;21.63;5.22;1.67;3,939;0.3;85;34;8;411;163;31,174;33;;;;2.65;39%;;;;13;3,441;;42%;13;7,631;;27;11;9;03:24;3;;5.96;1.49;01:46;6.15;;6.34;15.85;5,814.92;32;;3;6;8;17;2;51 minutes;5;2;09:30;03:08;36%;3;22;1;3;
Emit Pain;4149;2,064;1,555;;;3;5;6,032;25,300;7;0;;23.16;16.54;;6,830;0.23;8;;;34;11;3,098;;;;;1.6;32%;;;;4;1,475;;;4;2,320;;4;;;00:07;;;16.54;;00:23;;;3.3;26.47;10,253.65;5;;;0;0;1;;4 minutes;0;0;00:07;;32%;;5;;0;
escapeviapoetry;2935;130,628;10,681;126;12;31;341;612,732;1,692,100;777;1;;36.7;16.1;5.95;6,170;0.36;568;204;22;2,832;1,153;249,383;273;16;;;2.86;40%;;;;16;7,797;;58%;16;18,340;;46;22;26;02:38;4;;9.35;1.03;01:23;12.89;;9.63;26.82;11,779.62;198;3;22;19;24;65;12;4 hours;21;9;29:28;01:06:04;40%;5;66;2;11;
Everforeverr;0;43,252;10,972;37;8;23;82;207,731;609,400;330;1;;41.97;10.42;4.7;5,501;0.34;163;42;7;1,146;332;56,370;82;4;;;2.5;28%;;;;18;3,790;;38%;18;12,544;;38;11;25;03:13;3;;8.26;0.89;01:46;10.42;;5.34;20.73;7,169.45;65;;3;6;4;13;4;1 hour;8;2;13:55;04:52;26%;3;66;0;6;
FANCYHOODLUM;3577;80,699;4,277;38;4;10;120;330,985;1,155,500;475;1;;30.2;7.63;2.41;5,132;0.28;245;63;4;1,474;643;105,516;116;3;;;1.63;43%;;;;10;4,649;;100%;10;7,804;;17;6;7;02:20;;;9.53;0.25;01:35;7.37;;4;15.58;6,710.1;150;3;14;13;6;33;2;3 hours;16;6;25:00;06:21;38%;3;26;0;10;
Fat Hamm;2576;11,275;5,956;7;4;17;33;53,701;155,500;55;1;2;26.58;15.95;3.38;5,451;0.34;43;24;9;321;108;17,433;16;;;3;2.86;33%;;;2;16;4,271;;30%;16;8,546;;24;13;13;01:33;5;1.45;7.25;4.35;01:01;7.73;;11.6;20.78;8,427;15;;2;3;2;7;2;25 minutes;2;1;02:07;02:32;44%;3;31;0;1;
FBorrego;0;15,485;3,830;8;3;11;28;69,871;266,300;117;0;;24.77;5.92;1.69;3,279;0.26;102;30;3;704;274;27,777;47;;;;6.8;38%;;;3;16;3,314;;41%;16;6,937;;27;9;14;02:14;2;0.21;3.17;0.63;01:47;9.95;;6.35;21.59;5,881.31;15;2;4;3;2;10;4;44 minutes;5;4;08:27;02:33;91%;;30;;0;
Ferni;4447;2,533;2,533;2;2;3;3;11,846;26,100;9;0;;10.57;3.52;2.35;2,977;0.45;3;;;53;43;4,984;;;;;0.75;81%;;;;3;2,527;;;3;4,984;;3;;;;;;4.7;;;;;1.17;3.52;5,856.02;4;;0;2;;2;;4 minutes;1;;;;;;9;;1;
Fi2;3929;630,424;9,632;556;14;28;1,256;2,724,846;9,417,700;4,435;1;;37.26;10.55;4.67;5,297;0.28;2,820;950;131;10,132;3,962;1,008,457;1,471;51;;4;2.43;39%;;3;49;18;7,399;75;67%;18;23,878;;47;22;29;06:00;8;0.03;9.74;1.1;02:00;12.36;;7.98;23.69;8,473.51;1,160;43;70;117;107;295;67;26 hours;119;54;03:58:50;02:58:57;45%;5;80;8;57;
Fonzie Monster0;2047;2,144;2,144;7;7;2;2;7,390;52,200;17;0;;22.68;2.66;9.33;2,860;0.14;18;2;;106;31;5,241;;2;;;6;29%;;;;10;3,038;;;10;5,241;;18;2;;00:15;;1.33;4;1.33;00:21;1.33;;2.66;24.01;6,993.13;3;;;;;;;8 minutes;1;1;00:15;;100%;4;17;
fusion360elite;2922;62,624;7,375;66;14;16;138;290,453;840,700;334;1;;27.36;11.3;5.4;5,130;0.34;231;83;16;2,163;1,048;140,097;112;7;;;2.13;48%;;;15;17;9,687;;59%;17;17,528;;39;15;18;02:42;4;;8.84;1.31;01:32;9.17;;6.79;18.92;11,477.34;108;4;11;14;18;42;5;2 hours;12;6;18:50;28:27;52%;4;34;1;5;
Gbox36;2906;573,213;9,752;446;10;33;1,160;2,566,715;8,190,100;4,110;1;;37.57;10.6;4.07;5,240;0.31;2,218;792;123;12,468;5,495;919,291;1,089;45;;2;2.51;44%;;;52;20;5,948;;87%;20;18,003;;53;23;35;04:16;5;0.01;8.05;1.12;01:21;9.95;;7.24;20.27;8,403.87;881;17;101;102;68;271;83;22 hours;109;45;02:29:24;02:11:46;41%;5;80;;64;
Genju Main;3649;160,721;10,822;140;10;35;459;799,193;1,779,100;809;1;;39.69;22.52;6.87;7,887;0.44;653;274;39;5,034;2,318;303,256;270;14;;;3.93;46%;;;22;22;8,271;;60%;22;24,498;;47;20;29;02:37;4;;8.14;1.91;01:36;13.24;;13.44;32.04;14,881.3;166;7;14;22;34;70;12;4 hours;20;9;32:48;01:03:08;44%;4;48;0;11;
glich30;2623;17,117;8,462;21;16;23;42;65,332;221,300;82;0;;34.13;17.48;8.74;7,126;0.29;70;28;;38;17;30,668;41;2;;;2.05;44%;;;;10;2,998;;100%;10;15,255;;35;15;22;03:41;;;14.15;0.41;02:46;17.06;;11.65;29.14;12,767.16;34;4;2;5;1;8;;36 minutes;2;;06:40;14:33;;;49;;2;
godstomper231;3360;172,411;9,243;179;12;35;296;691,265;2,355,300;798;1;4;26.76;9.92;6;5,783;0.29;706;235;38;2,541;1,184;292,453;292;24;;27;2.07;46%;;;3;16;5,974;;100%;16;14,767;;41;17;27;03:48;4;0.9;11.4;1.27;01:25;9.79;;7.88;23.67;9,808.67;340;2;29;23;12;64;5;6 hours;30;12;42:35;42:51;40%;5;43;2;16;
gogospeedracr;0;3,195;3,195;4;4;19;19;20,079;42,700;21;0;;41.2;37.27;7.84;6,269;0.47;26;10;;42;17;6,369;16;;;;8.66;40%;;;;16;3,958;;;16;6,369;;26;10;16;01:27;;1.96;5.88;;02:52;31.39;;19.61;51.01;12,496.74;3;;;1;1;2;;7 minutes;1;1;01:27;02:27;100%;;21;
Hai Im Tracer;3021;19,844;5,512;13;5;7;30;86,826;290,000;110;0;;24.47;6.67;2.89;4,416;0.29;75;19;;935;290;30,927;43;;;;2.77;31%;;;2;8;3,988;;43%;8;7,441;;24;4;19;01:50;;0.22;6;;01:16;9.56;;4.22;16.68;6,881.72;27;;1;6;4;11;2;48 minutes;4;3;05:45;01:03;63%;;35;;2;
Hei Wong;3000;685,066;8,932;689;13;28;1,595;3,194,456;10,706,600;6,774;1;;40.53;9.54;4.12;4,100;0.29;3,737;909;42;44,235;12,825;1,295,095;1,812;86;;4;5.66;28%;;;28;19;10,273;;54%;19;19,568;;49;15;30;04:10;2;0.02;3.94;0.25;01:13;10.84;;5.43;22.36;7,749.96;660;9;159;121;91;370;152;29 hours;167;144;03:24:15;02:18:24;86%;6;80;2;20;
Hi Jeremiah;0;103,507;10,594;84;13;28;238;470,638;1,280,800;615;1;3;45.62;17.65;6.23;7,680;0.36;390;138;15;1,551;708;142,972;210;12;;5;2.51;45%;;;6;19;9,773;;61%;19;16,135;;49;20;25;03:42;3;0.37;11.5;1.11;02:12;15.58;;10.23;28.93;10,607.62;155;2;9;15;15;38;8;3 hours;13;5;29:40;30:43;37%;3;55;;8;
Hiperninja;0;479,295;9,861;455;16;32;1,500;2,211,225;7,053,600;2,671;1;2;25.14;14.12;4.28;4,513;0.31;2,957;1,205;171;4,848;1,877;921,603;1,345;53;;25;5.05;38%;;;18;29;5,872;;100%;29;20,154;;49;25;32;03:48;7;0.23;5.5;1.6;01:27;12.66;;11.34;27.84;8,677.04;585;24;105;107;96;308;54;19 hours;106;93;02:34:17;03:50:17;87%;5;59;1;11;
i like esportz;3190;1,465;1,465;;;;;5,670;9,900;5;1;;37.54;;;11,002;0.57;;;;18;14;1,656;;;;;;77%;;;;;1,151;;;;1,656;;;;;00:04;;;15.01;;00:30;;;;;12,438.53;2;;0;;0;0;;1 minute;0;;00:04;;;;5;;0;
i r a pancake;2682;2,578;934;3;2;;2;8,813;40,400;8;0;;11.55;2.88;4.33;3,723;0.21;9;7;;48;20;3,951;6;;;;1.8;41%;;;;4;1,261;;50%;4;1,495;;5;4;3;00:11;;;7.21;1.44;00:36;8.66;;10.1;12.99;5,704.4;5;;;0;2;2;;6 minutes;1;;00:25;;;;3;;1;
iArctos;0;1,024,980;13,297;1,075;19;54;3,373;4,618,984;10,661,000;5,214;1;2;37.89;24.51;7.81;7,450;0.43;4,719;1,905;207;22,320;10,294;2,003,059;1,912;121;6;40;3.88;46%;;;28;24;9,031;;78%;24;26,816;;58;27;30;03:38;8;0.29;8.83;1.5;01:36;13.89;;13.84;34.29;14,558.45;1,216;31;130;149;195;473;81;29 hours;138;90;03:42:21;07:50:20;65%;5;63;5;43;
IGenjiMain;3646;4,682;3,369;11;8;23;28;23,366;44,800;21;1;;42.47;56.63;22.24;9,469;0.52;33;14;;102;59;10,617;24;;;;11;57%;;;;18;3,823;;61%;18;7,516;;28;12;22;01:20;;;6.06;2.02;02:46;48.54;;28.31;66.74;21,474.09;3;;0;0;1;2;;7 minutes;0;0;01:22;04:46;100%;3;16;
II BigGash II;0;16,939;6,254;16;8;25;56;87,478;196,700;98;0;;33.65;19.23;5.49;5,818;0.44;72;22;4;152;56;25,755;35;2;;;3.13;36%;;;;15;3,249;;37%;15;9,137;;31;15;16;01:54;3;;7.89;1.37;01:45;12.02;;7.55;24.72;8,845.35;23;;3;4;4;11;2;32 minutes;3;3;05:07;07:23;88%;3;37;;0;
II Scar3CroW;0;1,546,514;9,481;1,340;16;37;3,633;7,242,854;21,083,200;8,849;1;2;31.64;12.99;4.79;5,530;0.34;6,476;2,272;312;27,786;11,016;2,578,221;3,426;132;6;48;2.7;39%;;4;150;26;8,089;;78%;26;16,950;;48;33;36;04:26;8;0.17;8.56;1.11;01:49;12.25;;8.12;23.15;9,218.94;2,395;36;315;269;200;784;83;58 hours;280;137;08:29:07;08:44:07;49%;5;56;16;126;
II SirMaru II;2490;68,463;7,624;54;11;21;133;302,609;952,500;334;1;;26.06;10.37;4.21;5,342;0.31;298;121;31;877;409;112,968;143;4;;;2.66;46%;;;2;12;5,027;;78%;12;16,946;;42;19;24;02:45;5;;8.73;2.41;01:12;11.15;;9.44;23.25;8,814.55;112;5;14;8;8;30;;2 hours;13;6;15:24;18:32;45%;4;37;1;6;
II Table;3635;583,277;10,985;626;22;44;1,517;2,806,101;7,188,700;2,636;1;2;29.41;16.93;6.98;6,510;0.39;2,621;812;93;14,614;7,925;1,239,779;1,153;76;3;20;3.57;54%;;;16;20;9,667;;100%;20;30,615;;60;23;32;04:40;8;0.22;8.18;1.03;01:26;12.86;;9.06;29.25;13,836.34;733;20;74;95;97;266;39;19 hours;90;52;02:09:05;03:11:11;58%;5;49;5;32;
Im Forgiving;4021;10,503;3,196;5;2;8;20;46,722;152,000;58;0;;31.96;11.02;2.75;5,788;0.3;39;12;;184;89;17,400;11;;;;3;48%;;;;8;3,185;;56%;8;4,651;;8;4;4;00:24;;;7.16;;00:37;6.06;;6.61;21.49;9,588.49;13;;2;2;1;5;;25 minutes;2;1;01:07;01:29;54%;;13;;1;
Im Voxie;3653;130,936;10,236;130;15;50;405;674,003;1,448,600;680;1;;41.53;24.74;7.94;7,998;0.46;551;204;21;3,777;1,777;257,662;276;21;;4;3.96;47%;;;7;17;7,432;;59%;17;22,325;;52;24;30;03:53;3;0.24;8.49;1.28;01:33;16.85;;12.46;33.65;15,739.73;139;2;17;11;26;54;8;4 hours;16;8;25:34;54:02;46%;5;63;2;7;
iMrT8;2158;2,788;2,788;;;3;3;10,744;53,200;12;0;;17.02;4.25;1.41;3,956;0.2;7;5;;28;18;3,725;3;;;;0.77;64%;;;;4;1,132;;100%;4;3,313;;7;5;3;00:30;;;12.77;1.41;00:43;4.25;;7.09;9.93;5,286.37;9;;1;;;1;;8 minutes;1;;00:30;;;;12;;1;
Ind3mnity;0;318,272;11,310;247;11;27;631;1,364,625;4,374,300;1,813;1;;31.66;11.02;4.31;5,560;0.31;1,228;406;70;3,598;1,588;443,507;639;18;;5;2.23;44%;;2;76;19;4,667;85;88%;19;15,632;;48;19;30;03:38;4;0.08;9.58;1.22;01:54;11.16;;7.09;21.45;7,747.16;549;10;58;41;14;113;15;12 hours;57;26;01:49:09;01:10:46;46%;5;56;3;28;
Infamous Bounty;3724;4,433,222;14,410;4,453;26;50;11,635;20,766,113;54,797,900;19,839;1;3;28.18;16.52;6.32;6,298;0.37;18,539;6,111;659;129,742;59,351;9,404,936;8,256;496;20;58;3.52;45%;;13;242;32;16,621;;76%;32;37,825;;59;30;36;04:43;6;0.08;7.47;0.93;01:22;11.72;;8.68;26.33;13,361.42;5,260;84;596;710;771;2,077;310;152 hours;704;366;16:09:52;21:23:57;51%;5;61;34;304;
iSttoooLen;3927;186,703;8,557;222;13;33;561;867,046;2,703,400;1,058;1;2;25.27;13.4;5.3;4,461;0.32;1,062;377;52;5,398;2,027;346,548;456;26;;13;6.06;37%;;;11;20;6,182;;66%;20;16,970;;54;19;26;05:16;4;0.31;4.18;1.24;01:16;10.89;;9;25.37;8,280;175;7;46;30;19;95;22;7 hours;42;40;53:38;01:24:12;94%;4;44;;2;
Itothean511;3875;31,551;9,394;17;5;30;81;152,432;377,200;204;1;;49.91;19.82;4.15;7,720;0.4;113;39;4;423;165;45,394;62;2;;;4.03;39%;;;;26;5,002;;100%;26;11,956;;37;15;19;01:42;2;;6.85;0.97;01:43;15.17;;9.54;27.65;11,107.54;28;;6;2;6;14;2;1 hour;4;1;07:03;10:13;34%;3;67;1;2;
ItsCONRAD;3497;1,399,442;12,451;1,557;20;45;4,072;6,813,436;17,279,900;7,830;1;2;35.37;18.39;7.03;6,323;0.39;6,514;2,198;253;33,875;14,928;2,670,475;3,069;163;3;42;3.95;44%;;;41;33;13,890;;100%;33;25,895;;60;23;33;05:11;6;0.18;7.44;1.14;01:37;13.86;;9.93;29.42;12,065.09;1,648;26;208;229;228;665;116;47 hours;221;124;05:59:31;09:20:19;56%;6;60;6;91;
iUnExpected;4083;318,492;10,967;286;18;52;791;1,478,040;3,652,400;1,589;1;2;35.27;17.56;6.34;7,071;0.4;1,200;382;36;6,199;2,528;539,640;543;27;;5;2.85;40%;;;18;23;8,762;;100%;23;24,051;;65;28;32;03:23;4;0.11;9.34;0.79;01:33;12.05;;8.48;26.64;11,980.95;421;10;44;44;57;145;22;10 hours;45;20;01:10:13;01:16:54;44%;4;56;3;22;
iuya;3970;1,207,765;12,666;1,332;21;48;4,042;5,823,527;13,923,200;7,216;1;2;36.12;20.23;6.66;6,046;0.41;6,279;2,242;210;32,480;15,982;2,311,395;2,669;189;14;33;5.59;49%;;;11;26;8,862;;100%;26;28,394;;73;28;39;04:15;5;0.16;5.62;1.05;01:21;13.36;;11.22;31.43;11,571.11;1,123;30;191;247;202;639;133;38 hours;200;155;04:29:43;08:46:04;77%;5;76;5;40;
IX HALFBREED XI;3077;235,551;11,986;202;13;39;643;1,076,711;2,914,700;1,362;1;;32.02;15.12;4.75;5,539;0.36;1,053;463;68;2,076;922;401,060;442;21;;;3.16;44%;;;19;40;10,821;;83%;40;25,066;;45;25;27;05:23;4;0.02;7.83;1.59;01:20;10.39;;10.88;24.76;9,430.96;333;8;33;37;35;105;19;8 hours;43;25;57:06;01:10:40;59%;5;68;2;16;
Jay Carries;0;1,719,143;18,770;2,116;23;54;6,232;8,475,761;18,337,400;9,501;1;2;40.13;26.32;8.93;7,262;0.46;8,386;3,516;438;46,703;22,045;3,765,221;3,382;245;7;27;4.7;47%;;2;37;30;11,650;;69%;30;52,303;;77;35;39;04:31;9;0.11;7.52;1.85;01:27;14.28;;14.85;35.42;15,904.38;1,782;19;117;218;472;807;210;50 hours;237;155;05:47:11;18:19:16;65%;6;93;11;71;
JDaawg23;2339;7,776;4,376;7;4;14;26;40,014;107,000;50;1;;32.99;17.15;4.61;5,132;0.37;33;7;;103;33;8,758;22;;;;4.12;32%;;;;15;3,346;;33%;15;5,694;;20;6;11;01:58;;;5.27;0.65;01:51;14.51;;4.61;21.77;5,779.65;8;;1;2;2;5;;17 minutes;2;2;02:48;02:55;100%;;32;
JDn808;2713;1,550,766;10,850;1,293;13;41;3,607;7,104,337;21,834,900;12,604;1;3;43.15;12.34;4.42;5,310;0.32;7,086;2,674;373;56,140;20,621;2,732,907;3,665;126;6;65;3.37;36%;6;5;196;26;9,850;190;78%;26;25,174;;55;29;35;04:08;5;0.22;7.17;1.27;01:21;12.54;0.01;9.15;24.26;9,357.11;2,097;47;275;295;242;811;198;60 hours;292;138;06:36:36;08:38:20;47%;5;80;13;141;
JEFFOKEKE360;2192;2,286;2,286;;;;;6,971;50,700;12;0;;19.57;1.63;;3,728;0.13;8;;;25;15;2,447;5;;;;;60%;;;;4;858;;;4;2,447;;8;;5;00:59;;;13.04;;01:36;8.15;;1.63;13.04;3,990.57;8;;;1;;1;;8 minutes;1;;00:59;;;;12;;1;
JerryAlphaCode;3591;442,037;11,045;385;15;47;1,134;2,138,737;4,992,400;2,494;1;3;37.22;16.92;5.74;6,598;0.42;1,691;618;81;9,703;4,507;729,016;793;46;2;15;3.66;46%;;;45;19;7,268;;69%;19;20,378;;55;20;31;02:44;5;0.22;6.88;1.2;01:22;11.83;;9.22;25.23;10,880.83;461;12;64;67;70;201;42;13 hours;67;39;01:32:06;01:48:51;57%;5;61;2;26;
Jew Veri;0;114,927;8,722;86;7;24;250;480,233;1,373,300;589;1;;27.46;11.65;4.01;5,359;0.34;459;187;37;1,668;865;191,034;156;7;;;3.45;51%;;;6;18;6,718;;76%;18;15,174;;38;15;18;01:25;5;0.04;6.2;1.72;00:45;7.27;;8.71;21.4;8,907.75;133;5;13;11;21;45;5;3 hours;21;7;16:17;18:29;31%;4;43;1;14;
JoboRulz;2608;22,094;7,128;21;7;28;68;103,429;307,800;125;0;;31.87;17.34;5.35;5,635;0.33;138;58;16;384;173;44,068;62;2;;2;4.92;45%;;;;13;4,308;;55%;13;13,559;;41;18;23;02:58;7;0.51;7.14;4.08;02:10;15.81;;14.79;35.19;11,238.41;28;;6;5;3;15;2;51 minutes;4;3;08:32;06:40;86%;3;43;;1;
JOSEPH C 7;2886;22,156;6,197;27;10;13;33;80,178;352,400;131;0;;28.71;7.23;5.91;4,857;0.22;99;30;6;432;192;45,712;66;2;;;1.86;44%;;;;12;3,372;;82%;12;11,808;;35;11;24;02:36;3;;11.61;1.31;01:41;14.46;;6.57;21.7;10,020.19;53;;1;7;5;13;;58 minutes;5;1;07:42;05:07;19%;4;39;;4;
Josh Balzack;3000;115,158;9,066;106;13;30;317;559,117;1,346,400;705;1;;39.52;17.77;5.94;6,455;0.41;478;190;21;401;215;171,557;238;13;;;3.1;53%;;;17;24;6,042;;100%;24;13,083;;36;19;22;02:32;3;;8.63;1.17;01:38;13.34;;10.65;26.79;9,616.94;154;;12;21;24;57;12;3 hours;18;11;29:10;01:06:00;59%;4;51;1;7;
KageEinjeruE102;4072;100,733;10,145;55;9;23;181;435,088;1,221,800;553;1;;37.52;12.28;3.73;6,836;0.35;315;82;8;1,443;613;146,273;182;6;;;1.96;42%;;;;16;4,099;;100%;16;20,973;;41;12;29;04:26;2;0.06;10.85;0.54;02:45;12.35;;5.56;21.37;9,926.65;160;2;12;12;17;41;4;3 hours;15;5;40:39;16:29;34%;3;46;;10;
KaIlkz;3399;30,670;6,914;17;5;17;72;132,046;433,800;153;1;;26.56;12.5;2.95;5,325;0.3;126;47;6;331;132;53,303;59;;;;1.96;39%;;;6;10;3,861;;56%;10;11,230;;30;14;11;01:28;2;;11.11;1.04;01:44;10.24;;8.16;21.87;9,254.67;64;;6;8;8;22;;1 hour;6;1;10:02;11:18;21%;3;31;0;4;
KEIHEI;0;9,213;6,119;5;4;26;34;49,451;103,700;41;1;;21.89;18.16;2.67;4,921;0.47;50;29;6;193;85;17,777;25;;;;7.14;44%;;;;24;9,034;;42%;24;12,324;;39;26;20;01:41;4;;3.73;3.2;01:29;13.35;;15.48;26.7;9,495.02;7;;1;4;1;5;;17 minutes;2;1;02:48;05:48;63%;;26;;1;
Kimmy Gibbz69;4274;1,310,475;12,308;1,344;18;54;4,053;6,383,868;14,891,100;6,119;1;4;32.52;21.54;7.14;6,966;0.42;6,045;2,410;347;24,109;12,232;2,663,719;2,170;129;4;109;4.05;50%;;;31;27;14,074;11;73%;27;25,773;;60;34;28;03:36;10;0.57;7.91;1.84;01:13;11.53;;12.81;32.13;14,160.06;1,489;28;154;235;214;604;117;41 hours;188;122;03:50:19;09:50:13;64%;5;57;10;56;
KING IZ SIIC;3443;3,050,499;12,507;2,479;18;44;7,965;14,584,059;34,213,300;17,110;1;3;39.16;18.23;5.67;6,982;0.42;12,193;4,514;536;50,772;24,701;5,397,138;5,482;256;8;42;3.47;48%;;;93;26;15,264;;87%;26;25,644;;66;26;44;04:25;8;0.09;8.03;1.22;01:28;12.54;;10.33;27.9;12,352.95;3,512;84;422;435;433;1,290;272;94 hours;437;207;10:43:42;17:10:36;47%;5;73;25;206;
King TurkeyNeck;2796;52,660;9,751;63;13;31;163;262,644;653,200;270;1;;34.72;20.96;8.1;6,772;0.4;254;116;25;1,260;519;118,274;131;4;;;3.68;41%;;;3;22;8,106;;55%;22;22,756;;42;21;25;03:04;5;0.12;8.87;3.21;01:28;16.84;;14.91;32.66;15,209.82;69;;3;9;17;29;6;1 hour;8;4;11:26;28:56;56%;4;51;;3;
Kingg Tuttle;0;46,620;9,611;38;11;23;98;213,322;484,000;273;1;;46.87;16.82;6.52;8,005;0.44;141;39;4;1,195;659;85,401;59;2;;;2.43;55%;;;;14;5,058;;61%;14;17,954;;35;11;10;02:47;;;9.95;0.68;02:10;10.13;;6.69;24.21;14,664.45;58;2;5;7;7;20;4;1 hour;6;3;12:42;08:29;48%;3;53;1;2;
KJCagnoli;2883;6,180;4,225;3;2;9;13;25,790;91,900;32;0;;21.99;8.93;2.06;4,247;0.28;30;15;2;75;19;8,530;13;;;;3.75;25%;;;;9;1,802;;22%;9;5,267;;22;12;10;00:45;2;;5.49;1.37;00:58;8.93;;10.3;20.61;5,862.76;8;;2;2;0;4;;15 minutes;1;1;01:24;00:20;100%;;23;
KoolKiran;3992;2,656;2,656;7;7;6;6;10,977;52,600;18;0;;36.28;12.09;14.11;5,354;0.2;22;5;;85;41;6,442;10;;;;4.4;48%;;;;6;1,986;;48%;6;6,442;;22;5;10;00:37;;;10.07;2.01;01:15;20.15;;10.07;44.34;12,987.22;5;;0;0;0;1;;8 minutes;0;0;00:37;00:47;100%;4;18;
Kush Inspires;2699;39,369;6,044;32;8;22;112;180,870;523,500;246;0;;32.73;14.9;4.25;5,239;0.34;168;88;22;230;127;53,996;88;;;;3.36;55%;;;2;16;4,022;;69%;16;8,395;;28;16;19;02:16;5;;6.65;2.92;01:47;11.71;;11.71;22.35;7,185.13;50;;7;10;8;25;5;1 hour;8;4;13:26;20:01;55%;3;35;;3;
Kypahh;3138;6,613;2,454;2;2;7;15;29,838;70,000;26;1;;24.9;14.36;1.91;6,333;0.42;17;6;2;122;70;12,332;4;;;;1.88;57%;;;;7;2,376;;;7;5,400;;9;4;3;00:29;;;8.61;1.91;00:52;3.83;;5.74;16.28;11,811.4;9;;1;1;1;3;;11 minutes;1;1;00:55;00:54;81%;;11;;0;
Lady Ankh;2805;9,423;8,975;7;7;24;26;39,114;87,300;44;0;;42.13;24.89;6.7;9,024;0.44;32;14;4;85;42;15,601;15;;;;2.9;49%;;;;12;6,169;;49%;12;15,299;;30;14;13;02:58;4;;10.53;3.83;02:57;14.36;;13.4;30.64;14,940.71;11;;3;0;1;4;;14 minutes;1;;03:04;07:00;;;42;;1;
LanceHasPants;0;227,097;10,728;159;13;35;562;1,080,985;2,479,400;1,110;1;;31.85;16.13;4.56;6,518;0.43;780;284;46;5,046;2,227;353,761;396;18;3;5;2.8;44%;;;9;23;7,407;;66%;23;24,694;;45;19;23;03:46;6;0.14;7.97;1.32;01:40;11.36;;8.15;22.38;10,153.63;278;14;29;40;28;97;14;6 hours;35;21;58:06;01:06:17;60%;4;46;;14;
LEGENDARYWARIOR;3418;31,717;4,835;35;9;17;59;128,683;467,500;195;1;;34.43;10.41;6.18;5,600;0.27;130;41;3;524;220;49,371;55;6;;;2.2;41%;;;;10;2,932;;63%;10;7,106;;21;10;15;01:41;;;10.41;0.52;01:04;9.71;;7.23;22.95;8,717.69;59;5;8;3;2;13;;1 hour;6;3;06:07;02:21;45%;4;33;;3;
Leveyez;3556;2,685,618;15,129;2,635;24;47;6,767;12,545,717;32,055,600;16,435;1;;40.42;16.64;6.48;6,606;0.39;10,966;3,748;412;57,915;29,712;5,074,200;6,006;301;9;13;2.83;51%;;;109;31;11,448;37;96%;31;27,903;;62;31;46;05:49;7;0.03;9.51;1.01;01:53;14.77;;9.21;26.97;12,480.74;3,870;44;334;406;558;1,297;289;88 hours;407;211;12:47:09;18:13:49;51%;5;87;15;180;
LIL AdamXD;2978;207,108;13,567;252;17;50;788;1,032,295;2,273,400;1,017;1;;31.41;24.34;7.78;6,398;0.45;1,115;519;101;3,142;1,848;459,491;434;20;;2;5.16;58%;;;18;22;9,002;;74%;22;36,263;;61;32;26;03:00;7;0.06;6.67;3.12;01:21;13.4;;16.03;34.44;14,194.43;216;13;18;39;54;110;27;6 hours;32;18;44:06;02:46:51;55%;4;59;2;12;
limmme;3370;781,647;10,460;774;18;39;1,678;3,436,832;10,628,000;4,921;1;;37.62;12.83;5.91;5,977;0.32;3,189;1,053;115;21,220;8,525;1,200,712;1,578;79;3;10;2.66;40%;;;43;22;8,358;;72%;22;16,986;;52;21;23;03:43;4;0.07;9.16;0.87;01:40;12.06;;8.05;24.38;9,180.85;1,198;20;133;128;86;347;55;29 hours;131;51;03:39:52;02:51:26;39%;6;65;7;72;
Little Bran;3874;510,751;13,376;550;18;37;1,388;2,299,306;6,809,900;2,172;1;3;25.23;16.12;6.39;5,935;0.33;2,467;921;93;9,456;4,085;1,013,521;1,155;63;2;33;3.53;43%;;2;16;30;9,214;;70%;30;21,839;;62;24;29;03:21;4;0.38;8.11;1.08;01:37;13.42;;10.7;28.66;11,776.73;698;21;90;92;83;264;29;18 hours;86;47;02:19:14;03:29:16;54%;5;50;5;35;
lorcy m;3797;157,858;10,137;152;12;31;357;667,929;2,143,000;1,002;1;;38;13.53;5.76;5,987;0.31;796;240;20;6,695;2,643;300,523;411;21;;;3.61;39%;;;2;24;7,135;;56%;24;15,022;;47;18;33;04:30;3;0.03;8.34;0.75;01:53;15.58;;9.1;30.18;11,397.13;220;5;32;25;25;82;14;5 hours;26;18;49:43;37:12;67%;4;61;2;6;
LORDxSUWU;2812;44,367;8,419;24;9;25;91;187,304;609,400;184;0;;26.13;12.92;3.4;6,301;0.3;167;68;17;395;184;70,392;81;2;;6;1.73;46%;;;3;13;3,025;;66%;13;12,512;;39;16;24;03:41;6;0.85;13.63;2.41;01:56;11.5;;9.65;23.71;9,996.6;96;;8;6;8;22;2;1 hour;7;1;13:41;07:49;17%;3;45;1;5;
Lumanous;0;154,752;12,285;122;13;29;352;731,263;1,718,200;790;1;;35.97;16.02;5.55;7,046;0.42;547;169;16;2,020;1,122;269,887;284;9;;;3;55%;;;13;20;7,869;;81%;20;19,082;;43;14;29;03:53;4;;8.28;0.72;02:04;12.93;;7.69;24.9;12,288.8;182;2;17;27;29;73;9;4 hours;22;10;45:37;36:58;43%;4;57;1;11;
Lycanz;4036;192,168;7,818;211;13;32;519;842,100;2,754,400;1,105;1;2;28.35;13.31;5.41;4,931;0.3;1,028;378;49;5,318;2,765;406,466;416;17;;10;3.5;51%;;;4;23;8,907;;84%;23;12,365;;51;17;22;03:38;3;0.25;7.51;1.25;01:38;10.67;;9.69;26.37;10,428.8;293;5;31;42;43;116;14;7 hours;39;26;01:03:51;01:24:44;65%;4;49;2;11;
MajorCris;3262;1,582;1,582;;;;;5,544;15,200;7;0;;59.86;8.55;;13,531;0.36;2;;;27;13;2,229;;;;;0.66;48%;;;;;1,390;;;1;2,229;;2;;;00:00;;;25.65;;00:04;8.55;;8.55;17.1;19,064.52;3;;;0;;0;;2 minutes;0;;00:00;;;;7;;0;
Mano Brawl BR;4015;13,625;2,511;9;2;18;48;64,573;208,600;70;1;;16.69;11.44;2.14;3,250;0.3;106;42;10;242;119;29,839;35;;;;5.57;49%;;;;22;4,380;;63%;22;5,066;;22;11;9;00:44;4;;4.53;2.38;00:47;8.34;;10.01;25.28;7,117.74;19;;4;5;2;11;2;34 minutes;4;4;03:19;10:27;100%;;12;
mar50th;3014;7,255;5,841;6;6;27;27;29,086;126,100;24;0;;13.34;15;3.33;4,033;0.23;38;16;;113;52;13,341;12;;;;2.53;46%;;;;12;3,962;;56%;12;12,069;;37;16;12;02:02;;0.55;8.33;0.55;01:09;6.67;;8.89;21.12;7,415.7;15;;0;1;2;3;;20 minutes;2;;02:04;02:01;;3;19;;2;
Marderic;3308;109,786;7,634;96;8;19;207;410,464;1,945,600;488;1;;20.4;8.65;4.01;4,590;0.21;543;161;25;986;432;195,166;291;6;;3;2.11;43%;;;4;14;4,494;;100%;14;11,369;;35;13;25;03:42;5;0.12;10.74;1.04;01:45;12.16;;6.73;22.7;8,159.29;257;5;18;22;19;60;2;5 hours;24;12;41:59;29:15;48%;3;33;;12;
MattPisto;4130;25,075;3,937;23;6;32;100;131,380;356,200;149;1;;20.86;14;3.22;3,511;0.36;179;71;6;463;215;39,969;40;2;;2;10.52;46%;;;4;23;5,287;;53%;23;6,457;;36;19;9;01:12;2;0.28;2.38;0.84;00:54;5.6;;9.94;25.06;5,596.89;17;;5;6;8;19;5;59 minutes;7;7;06:31;09:12;95%;3;25;0;0;
Maxxon Charge;3705;733,223;11,722;963;19;48;2,539;3,565,420;8,618,600;4,273;1;2;39.53;23.49;8.91;6,785;0.41;3,924;1,484;174;23,559;10,353;1,535,477;1,462;122;5;28;5.06;43%;;;10;25;11,405;;61%;25;29,347;;63;27;31;02:59;7;0.25;7.16;1.61;01:14;13.52;;13.73;36.31;14,208.35;774;24;84;123;122;329;73;23 hours;108;78;02:13:23;06:34:51;72%;5;59;3;27;
mcir3000;2958;4,204;4,204;9;9;11;11;20,711;50,000;19;0;;38.24;22.14;18.11;8,462;0.41;24;8;;65;23;9,917;16;;;;6;35%;;;;8;5,322;;;8;9,917;;24;8;16;01:34;;;8.05;2.01;03:09;32.2;;16.1;48.3;19,961.18;4;;;1;;1;;8 minutes;0;0;01:34;;100%;4;19;
me10005;3682;21,846;7,259;23;15;44;70;104,223;279,600;99;1;;31.01;21.92;7.2;6,843;0.37;106;50;5;282;145;36,278;41;4;;;3.11;51%;;;;17;5,128;;51%;17;11,869;;51;27;16;03:03;2;;10.65;1.56;02:05;12.84;;15.66;33.2;11,364.43;34;2;2;2;6;10;;46 minutes;3;2;06:40;10:30;63%;3;29;;1;
Meaty Bigfoot;0;5,226;5,226;4;4;19;19;25,878;54,200;16;0;;22.49;26.71;5.62;7,349;0.47;25;12;;54;15;9,270;14;;;;3.12;27%;;;;8;3,223;;;8;9,270;;25;12;14;01:27;;;11.24;1.4;02:03;19.68;;16.87;35.15;13,035.36;8;;;2;1;3;;9 minutes;1;;01:27;03:09;;;16;;1;
Medvescek;3421;24,403;7,656;7;3;21;56;108,468;337,700;121;1;;33.62;15.56;1.94;6,782;0.32;99;35;5;447;202;46,929;30;;;;2.53;45%;;;;8;3,478;;50%;8;13,870;;29;9;9;02:02;2;;10.83;1.38;01:30;8.33;;9.72;27.51;13,042.55;39;;4;1;3;8;2;56 minutes;4;2;05:25;01:36;64%;;35;1;1;
MercenaryXPO;0;223,013;10,537;283;16;40;675;961,722;2,919,100;1,212;1;;31.58;17.58;7.37;5,811;0.32;1,224;493;56;5,170;2,215;517,666;512;40;;7;3.49;42%;;;7;21;8,230;;64%;21;25,832;;52;26;36;02:38;6;0.18;9.12;1.45;01:25;13.34;;12.84;31.89;13,489.4;350;4;26;34;73;132;21;8 hours;38;26;54:44;01:50:51;67%;5;52;3;10;
Mercy MD;0;30,617;7,798;13;4;15;58;124,849;315,000;152;0;;36.99;14.11;3.16;7,451;0.39;100;33;;347;133;38,530;59;;;;2.85;38%;;;7;13;4,342;;58%;13;10,437;;24;8;18;03:27;;;8.51;0.24;01:59;14.35;;8.03;24.33;9,376.66;35;2;4;3;4;11;;52 minutes;4;1;08:09;02:28;15%;;38;0;3;
Meuq;4537;360,428;9,529;427;16;55;1,060;1,724,638;4,443,500;2,297;1;;40.67;18.77;7.56;6,383;0.38;1,779;667;78;8,513;3,774;726,566;706;53;;6;4.06;44%;;;4;27;9,786;;66%;27;20,987;;60;29;27;02:44;4;0.1;7.75;1.38;01:10;12.5;;11.81;31.5;12,866.15;438;6;54;68;58;180;29;12 hours;56;39;01:06:48;02:02:05;69%;5;66;3;14;
Mike11VR;2862;1,548;1,548;4;4;3;3;5,560;27,500;6;0;;22.46;11.23;14.97;5,796;0.2;16;6;;28;17;4,005;9;;;;4;60%;;;;8;1,702;;;8;4,005;;16;6;9;00:41;;;14.97;3.74;02:37;33.69;;22.46;59.89;14,993.68;4;;;0;1;1;;4 minutes;0;0;00:41;01:10;100%;;6;
minoee;2435;6,077;6,077;6;6;14;14;28,601;105,700;40;0;;40;14;6;6,077;0.27;29;5;3;188;88;10,984;20;;;;2.41;46%;;;;6;2,540;;46%;6;10,984;;29;5;20;01:52;3;;12;3;01:52;20;;5;29;10,984.23;12;;;2;;2;;17 minutes;1;1;01:52;01:15;100%;3;40;
Miss B pr3dator;2871;5,313;3,689;3;2;2;2;17,405;107,900;32;0;;23.72;1.48;2.22;3,939;0.16;25;7;;184;50;8,321;15;;;;1.78;27%;;;;10;1,429;;33%;10;5,634;;20;6;13;02:50;;;10.37;;02:24;11.12;;5.18;18.53;6,169.19;14;;1;1;1;4;;17 minutes;1;;03:14;;;;24;;1;
MisterToli X;0;254,295;11,234;232;18;41;592;1,048,875;3,175,200;1,398;1;;35.63;15.09;5.91;6,482;0.33;1,083;441;65;3,006;1,547;435,525;459;21;;5;2.31;51%;;;;21;7,635;;100%;21;23,813;;65;28;28;02:55;7;0.12;11.9;1.65;01:26;11.7;;11.24;27.6;11,102.1;467;12;38;46;34;118;9;8 hours;39;15;56:32;01:55:25;38%;5;61;2;23;
miya456;2442;8,108;3,350;8;6;4;8;34,467;113,100;35;0;;28.98;6.62;6.62;6,716;0.3;25;9;3;164;66;9,914;11;;;;1.47;40%;;;;5;1,158;;43%;5;4,353;;16;5;8;01:06;2;;14.08;2.48;01:32;9.11;;7.45;20.7;8,211.41;17;;0;2;;2;;18 minutes;1;1;01:52;00:28;42%;;16;;1;
MoraCombo;0;464,144;11,199;555;17;40;1,431;2,206,127;5,509,300;2,390;1;2;33.73;20.19;7.83;6,552;0.4;2,254;884;120;11,004;5,455;892,969;883;66;;14;3.96;49%;;;12;20;7,171;;71%;20;22,248;;63;30;37;03:49;5;0.19;8.01;1.69;01:17;12.46;;12.47;31.81;12,605.07;568;18;55;83;92;230;39;15 hours;71;38;01:31:00;03:08:53;53%;6;63;5;27;
Mortem;2681;12,588;8,803;9;6;28;34;53,382;137,900;50;0;;29.86;20.3;5.37;7,518;0.38;60;27;8;47;34;18,515;34;;;;2.72;72%;;;;15;2,985;;75%;15;15,291;;50;20;28;03:20;7;;13.13;4.77;03:00;20.3;;16.12;35.83;11,058.22;22;;1;3;3;7;;22 minutes;2;1;05:01;08:26;59%;3;32;;1;
MrNerdWalker;0;6,671;6,671;6;6;8;8;21,600;80,900;27;0;;27;8;6;6,671;0.26;33;10;2;45;21;11,674;15;;;;3.3;46%;;;;6;2,400;;46%;6;11,674;;33;10;15;01:46;2;;10;2;01:46;15;;10;33;11,673.77;10;;1;2;1;4;;13 minutes;1;;01:46;02:53;;;27;;1;
MVB Kealoha Koa;2365;42,945;5,827;38;6;18;100;183,412;611,300;239;1;2;28.51;11.93;4.53;5,124;0.3;208;76;11;1,125;493;72,225;101;7;;5;3.46;43%;;;4;12;4,345;;59%;12;9,373;;36;15;23;03:28;3;0.59;7.15;1.31;01:41;12.05;;9.06;24.81;8,618.1;60;;11;10;5;26;3;1 hour;8;3;14:13;13:58;37%;5;34;1;5;
My BRs Dyslexic;2858;394,717;11,621;308;12;34;723;1,620,994;5,639,400;2,338;1;;36.35;11.24;4.78;6,138;0.28;1,548;508;69;6,835;3,459;632,657;815;36;;9;2.26;50%;;;18;14;8,686;;85%;14;18,682;;68;24;39;04:21;4;0.13;10.63;1.07;02:00;12.67;;7.89;24.07;9,838.07;684;14;61;61;61;183;15;15 hours;64;28;02:08:44;01:10:02;43%;5;64;2;34;
NecroticGoddess;3000;2,710;2,207;3;3;7;7;9,494;56,800;26;0;;23.59;6.35;2.72;2,459;0.16;21;9;2;35;11;3,958;5;;;;10.5;31%;;;;8;1,486;;25%;8;3,583;;21;9;5;00:39;2;;1.81;1.81;00:35;4.53;;8.16;19.05;3,591.67;2;;;2;0;2;;9 minutes;1;1;00:39;01:22;90%;3;24;;0;
Newt Lev;2659;35,171;8,421;31;9;20;75;150,169;454,100;208;0;;38.92;14.03;5.8;6,582;0.33;151;67;18;702;263;60,596;64;5;;;2.51;37%;;;;15;4,183;28;47%;15;15,193;;35;18;20;02:06;5;;11.22;3.36;01:07;11.97;;12.53;28.25;11,340.52;60;2;4;6;4;14;2;1 hour;5;2;06:02;10:56;38%;4;47;1;2;
NGeminiN;0;126,512;10,191;119;15;52;373;627,676;1,331,300;741;1;;47.31;23.81;7.59;8,078;0.47;498;196;16;3,029;1,532;244,696;214;13;;7;3.5;50%;;;2;18;11,071;;65%;18;21,258;;62;31;23;02:33;4;0.44;9.06;1.02;01:44;13.66;;12.51;31.79;15,624.7;142;;11;18;22;51;10;3 hours;16;8;27:12;48:09;53%;5;58;1;7;
Nietzsche Nick;3682;1,761,479;15,972;1,907;24;68;6,715;8,867,146;19,203,400;10,224;1;3;37.6;24.69;7.01;6,479;0.46;9,455;4,440;751;24,612;11,965;3,481,875;3,691;178;6;79;6.25;48%;;;80;31;14,961;9;100%;31;34,649;;83;48;38;03:51;13;0.29;5.56;2.76;01:17;13.57;;16.33;34.77;12,807.14;1,512;46;193;283;462;938;244;53 hours;272;214;05:52:07;18:08:07;78%;5;80;11;47;
NitroFPS;0;245,986;13,193;235;14;48;775;1,136,129;2,556,300;1,306;1;;44.19;26.22;7.95;8,325;0.44;1,100;433;45;2,505;1,186;391,100;538;30;;;3.44;47%;;;4;22;7,687;;66%;22;25,691;;59;23;31;04:24;4;0.03;10.79;1.52;02:26;18.2;;14.65;37.22;13,235.92;319;3;27;26;59;112;15;7 hours;30;17;01:12:13;02:03:06;56%;4;69;1;12;
No I Dont Smoke;2975;977,474;14,632;882;18;56;2,725;4,446,629;11,450,800;4,985;1;4;34.93;19.09;6.18;6,851;0.38;4,673;2,065;415;15,633;7,293;1,768,230;2,026;96;3;50;4.36;46%;;;76;25;9,780;;82%;25;26,676;;70;39;38;03:58;10;0.35;7.5;2.9;01:24;14.19;;14.47;32.75;12,392.67;1,071;41;101;152;202;454;98;31 hours;143;72;03:20:02;07:22:27;50%;5;71;9;61;
NomadHokie;2669;1,009,493;11,615;629;17;32;1,847;4,525,970;13,455,800;6,219;1;2;36.87;10.95;3.72;5,986;0.33;3,334;1,023;120;7,365;3,093;1,278,113;1,873;47;;10;2.12;41%;;;47;17;5,449;;100%;17;16,565;;53;16;41;04:51;4;0.05;9.3;0.71;02:04;11.1;;6.06;19.76;7,578.71;1,569;32;139;131;116;387;50;37 hours;169;70;05:49:41;02:06:40;41%;6;72;5;94;
NormiePeasant;2625;8,420;3,294;12;5;9;22;35,452;116,800;48;0;;35.33;16.19;8.83;6,199;0.3;41;7;;364;130;11,746;23;2;;;4.09;35%;;;6;11;2,712;;38%;11;5,226;;12;2;8;02:21;;;7.36;;03:30;16.93;;5.15;30.18;8,647.85;10;;1;1;1;3;;19 minutes;1;1;04:45;02:27;58%;4;16;;1;
NoT x GER Beans;2916;913,025;11,401;968;13;39;2,298;4,166,350;12,898,900;5,621;1;;32.17;13.15;5.54;5,226;0.32;4,604;1,764;279;14,516;7,136;1,711,675;1,968;77;2;5;3.44;49%;;5;58;23;7,087;;81%;23;17,419;;62;30;30;04:04;8;0.02;7.65;1.59;01:20;11.26;;10.09;26.35;9,796.61;1,337;23;165;150;146;460;84;35 hours;175;100;03:55:36;06:28:22;56%;5;59;5;70;
nR Elusive;2938;14,542;7,724;15;8;20;32;66,896;172,500;71;1;;29.81;13.43;6.29;6,106;0.38;58;18;;204;99;23,521;31;2;;;3.62;48%;;;;14;3,939;;67%;14;11,576;;28;11;16;03:56;;0.41;6.71;0.41;03:15;13.01;;7.55;24.35;9,876.31;16;;2;3;2;7;;28 minutes;2;2;07:44;04:37;75%;3;36;;1;
o Kapow;3427;139,728;6,457;93;8;18;238;587,980;2,235,500;687;1;;23.69;8.2;3.2;4,819;0.26;546;208;33;2,060;967;216,761;229;5;3;;1.92;46%;;;7;18;4,622;;78%;18;9,143;;29;18;11;02:33;2;0.03;9.79;1.13;01:23;7.89;;7.17;18.83;7,475.54;284;5;32;21;15;68;7;6 hours;29;13;40:34;22:41;43%;3;34;2;14;
ObiwanKi11n00by;3509;454,018;8,211;508;17;26;796;1,789,318;8,093,000;2,404;1;2;24.04;7.96;5.08;4,542;0.22;2,551;818;90;13,086;5,795;1,024,982;1,081;46;5;4;3.46;44%;;;33;18;5,935;;75%;18;19,728;;54;20;32;03:45;6;0.04;7.36;0.9;01:17;10.81;;8.18;25.51;10,253.32;736;27;95;83;70;248;19;22 hours;100;40;02:09:45;01:36:03;40%;5;65;6;54;
OfferedAptitude;2711;5,394;3,948;3;3;8;8;21,464;59,700;28;0;;29.16;8.33;3.12;5,619;0.35;13;5;;168;71;7,766;5;;;;1.62;42%;;;;6;1,899;;72%;6;4,900;;13;5;5;00:27;;;8.33;1.04;00:45;5.2;;5.2;13.54;8,088.67;8;;2;1;0;3;;9 minutes;1;1;00:43;02:43;66%;;22;;0;
Ohdyn;0;181,973;9,519;223;15;32;504;818,675;2,694,300;1,191;1;3;31.36;13.27;5.87;4,793;0.3;1,104;301;39;6,158;2,270;318,736;540;38;3;6;5.52;36%;;;11;19;4,889;;51%;19;16,113;;56;17;35;03:00;3;0.15;5.26;1.02;01:14;14.22;;7.92;29.07;8,394.73;200;10;34;37;19;90;18;7 hours;38;36;47:21;20:30;95%;6;58;;2;
OKGo Joshie;0;37,336;8,897;28;6;31;96;171,164;481,400;214;1;;34.21;15.34;4.47;5,970;0.35;147;62;5;992;330;62,089;69;2;;;2.62;33%;;;;10;3,985;;50%;10;16,211;;33;16;17;02:41;2;0.15;8.95;0.79;01:22;11.03;;9.91;23.5;9,927.38;56;3;7;7;5;19;2;1 hour;6;2;08:36;05:12;31%;3;51;;4;
OneBadBandito;2762;33,126;6,052;46;15;23;108;165,044;486,300;186;0;;26.5;15.38;6.55;4,720;0.33;231;99;26;988;361;69,716;106;11;;;6.79;36%;;;;16;5,140;;70%;16;14,848;;55;22;29;02:23;7;;4.84;3.7;01:33;15.1;;14.1;32.91;9,932.8;34;;4;6;13;23;5;1 hour;7;6;10:56;16:14;79%;5;34;;1;
ORANGE FURY1222;2728;3,544;3,544;5;5;10;10;13,893;54,500;19;0;;34.27;18.04;9.02;6,394;0.25;26;11;;61;25;6,344;16;;;;6.5;40%;;;;9;1,572;;40%;9;6,344;;26;11;16;01:29;;;7.21;;02:41;28.86;;19.84;46.9;11,445.19;4;;1;1;1;3;;9 minutes;1;1;01:29;00:17;100%;;19;
Ouijaveli;0;78,215;9,698;63;12;40;192;368,535;768,600;411;1;;40.01;18.69;6.13;7,614;0.47;248;83;5;1,423;595;123,328;111;8;;2;2.91;41%;;;10;23;7,098;;61%;23;14,794;;41;12;17;01:40;2;0.19;8.27;0.48;01:00;10.8;;8.08;24.14;12,006.29;85;2;14;11;9;34;3;2 hours;10;5;10:23;20:00;44%;4;44;0;6;
OUT M3 RK ED;3749;299,168;11,737;330;18;46;862;1,432,541;3,449,300;1,793;1;2;44.46;21.37;8.18;7,419;0.41;1,313;427;32;8,751;4,147;603,858;703;34;3;11;3.87;47%;;;12;24;10,595;;72%;24;22,476;;59;21;35;03:48;4;0.27;8.4;0.79;02:01;17.43;;10.58;32.55;14,974.26;339;2;25;43;67;135;27;9 hours;40;17;01:21:23;01:55:18;41%;5;68;5;19;
Overwatch DVa;3093;14,467;6,031;2;;5;11;55,735;206,800;70;0;;31.25;4.91;0.89;6,460;0.26;33;2;;502;136;13,538;21;;;;0.86;27%;;;;5;1,690;;41%;5;6,155;;17;2;11;02:49;;;16.96;;02:20;9.37;;0.89;14.73;6,045.47;38;;1;1;1;3;;34 minutes;2;1;05:15;;38%;;36;;1;
Overwatch Newb;3009;;;;;;;;150,400;77;1;;;;;;0.42;;;;253;;32,169;44;4;;;;50%;;;;;;;;;17,060;;46;15;;01:57;;;5.39;;01:43;26.39;;14.39;49.19;19,298.08;9;;;;4;4;2;25 minutes;;;02:52;14:02;100%;;44;;0;
PandaCreol;3661;9,860;4,901;10;6;8;15;35,207;194,200;65;0;;22.58;5.21;3.47;3,426;0.18;69;27;3;178;93;25,089;37;2;;;3.63;52%;;;;15;4,080;;66%;15;14,748;;36;14;21;02:06;;;6.6;1.04;01:39;12.85;;9.38;23.97;8,716.87;19;;0;0;4;5;;32 minutes;3;1;04:46;02:19;37%;4;28;;2;
para138;3000;125,137;10,070;150;18;49;540;677,917;1,506,800;654;1;3;34.46;28.45;7.9;6,595;0.44;779;389;90;1,921;1,026;258,235;286;16;;4;7.56;53%;;;6;24;6,020;;64%;24;23,294;;55;30;28;02:17;11;0.21;5.42;4.74;01:19;15.07;;20.5;41.05;13,609.76;103;4;11;13;37;61;19;4 hours;19;16;25:02;01:42:26;85%;4;57;;3;
ParalyzingFrost;3000;1,083;1,083;;;;;3,468;13,700;5;0;;32.15;;;6,963;0.25;;;;20;9;1,053;;;;;0.5;45%;;;;;861;;;1;1,053;;;;;00:04;;6.43;12.86;;00:27;;;6.43;6.43;6,771.64;2;;0;0;;0;;2 minutes;0;;00:04;;;;5;;0;
Per;2989;15,981;5,035;10;6;13;38;69,149;278,900;89;0;;24.72;10.55;2.77;4,440;0.24;80;32;6;481;200;35,360;27;;;;2.22;41%;;;;14;4,252;;44%;14;12,499;;25;14;10;01:49;3;;10;1.66;01:14;7.5;;8.88;22.22;9,822.78;36;2;4;2;3;10;;46 minutes;4;1;04:28;05:15;37%;;30;;2;
PETERtois01;0;374,103;7,115;416;12;29;553;1,371,025;7,476,100;2,148;1;2;18.64;4.8;3.61;3,248;0.18;2,077;588;88;9,145;3,197;738,586;1,139;38;;17;2.1;34%;;;77;26;6,107;;100%;26;14,444;;48;22;26;03:29;6;0.14;8.56;0.76;01:27;9.88;;5.1;18.03;6,411.63;987;11;70;93;78;240;27;20 hours;115;45;02:48:33;01:39:47;39%;5;40;8;62;
Ponders;3669;473,853;12,086;369;13;30;984;2,136,968;6,175,700;2,935;1;;41.24;13.82;5.18;6,659;0.34;1,757;526;54;10,120;4,005;745,590;855;36;2;3;2.29;39%;;;2;24;8,199;;64%;24;18,634;;46;17;24;04:39;3;0.04;10.76;0.75;01:46;12.01;;7.39;24.69;10,477.61;766;19;73;67;44;184;29;17 hours;71;31;02:06:37;01:45:30;43%;5;69;1;39;
Pook;3524;220,877;12,572;226;16;46;712;1,037,005;2,481,100;1,191;1;;39.39;23.55;7.47;7,307;0.41;1,092;463;60;4,540;2,263;439,569;424;24;;3;4.35;49%;;;10;18;9,944;;69%;18;25,247;;78;31;30;03:38;6;0.09;8.3;1.98;01:21;14.02;;15.31;36.12;14,541.45;251;3;18;36;45;98;19;6 hours;30;19;41:07;01:31:33;63%;5;65;2;9;
pooptasticpoop;0;1,138,585;13,094;1,287;21;49;3,191;5,392,959;13,356,500;6,547;1;2;41.62;20.28;8.18;7,238;0.4;5,089;1,659;183;35,308;15,320;2,291,269;2,146;154;7;30;3.86;43%;;;27;28;9,395;;80%;28;26,531;;59;29;38;05:14;6;0.19;8.37;1.16;01:30;13.64;;10.54;32.35;14,566.57;1,318;29;132;189;185;506;92;37 hours;157;77;03:57:28;06:46:41;48%;6;80;7;73;
POuPOuNeISbAcK;0;419,594;12,790;383;19;43;1,043;1,980,839;4,620,000;2,137;1;2;35.71;17.43;6.4;7,013;0.42;1,588;464;43;6,034;2,796;646,395;660;49;;14;3.03;46%;;;16;21;8,049;;72%;21;23,390;;51;20;28;03:39;4;0.23;8.74;0.71;01:38;11.03;;7.75;26.54;10,803.31;523;9;63;50;57;170;31;12 hours;60;32;01:38:01;02:03:10;53%;5;61;7;21;
PRAXIS UnLeashD;0;227,018;8,719;205;11;25;418;920,265;3,174,200;1,402;1;;31.7;9.45;4.63;5,133;0.28;933;303;35;5,153;2,462;466,819;440;15;;5;2.15;47%;;;33;16;6,551;;100%;16;15,784;;39;17;22;02:36;3;0.11;9.79;0.79;01:27;9.94;;6.85;21.09;10,555.31;433;5;39;35;30;104;10;8 hours;44;13;01:04:30;42:15;28%;4;48;2;30;
Proxxy 4;3742;236,382;11,968;190;19;43;502;1,036,215;2,728,000;1,375;1;;41.24;15.05;5.69;7,090;0.37;773;229;29;5,557;2,364;383,197;358;25;;12;2.1;42%;2;;6;14;7,158;78;78%;14;23,513;;56;18;28;02:44;3;0.35;11.03;0.86;01:20;10.73;0.06;6.86;23.18;11,494.33;368;7;36;27;30;93;8;7 hours;33;15;44:48;55:20;46%;4;58;2;16;
Prunester;3701;836;836;;;;;2,978;21,200;5;0;;25.6;5.12;;4,284;0.14;4;;;55;20;2,052;3;;;;2;36%;;;;3;1,319;;;3;2,052;;4;;3;00:12;;;10.24;;01:04;15.36;;5.12;20.48;10,508.29;2;;;;1;1;;3 minutes;0;;00:12;;;;5;0;0;
Psyhco;4161;2,281,121;14,205;2,814;24;61;7,537;11,144,053;25,017,000;12,181;1;2;38.98;24.12;9;7,300;0.44;11,055;3,784;347;72,835;36,541;4,755,730;4,855;321;11;40;4.94;50%;;3;56;30;11,651;;75%;30;32,768;;77;32;45;05:58;6;0.12;7.15;1.11;01:33;15.53;;12.1;35.37;15,219.5;2,235;36;232;343;481;1,055;234;69 hours;312;205;08:06:08;21:25:35;65%;5;77;15;93;
qosh;3204;364,109;12,174;453;21;60;1,482;1,903,687;3,909,900;2,036;1;2;36.61;26.65;8.14;6,548;0.48;2,034;936;118;4,760;2,578;782,098;849;50;;8;6.64;54%;;2;13;30;11,996;;86%;30;27,890;;62;34;35;02:57;5;0.14;5.5;2.12;01:21;15.26;;16.83;36.57;14,064.48;306;6;38;49;105;192;42;10 hours;56;45;01:15:25;04:36:18;80%;5;60;1;10;
R Maist16;;225,828;13,182;206;15;53;692;1,119,873;2,590,800;1,304;1;2;37.51;19.9;5.92;6,497;0.43;1,008;432;88;5,367;2,606;431,731;505;20;;8;4.08;48%;;;27;24;7,094;;68%;24;30,360;;71;28;43;06:36;10;0.23;7.1;2.53;01:48;14.52;;12.42;29;12,421.56;247;;24;34;63;120;28;7 hours;35;21;01:02:51;01:50:21;61%;4;75;2;11;
RamLMT;0;104,648;6,250;95;9;20;171;426,874;1,637,100;666;1;;33.81;8.68;4.82;5,313;0.26;425;121;19;1,659;801;167,128;252;9;;;1.73;48%;;;20;13;4,283;;69%;13;8,935;;36;19;22;03:16;4;;12.43;0.96;02:25;12.79;;6.14;21.57;8,484.57;245;2;15;25;12;51;6;4 hours;20;7;47:37;25:06;38%;5;36;3;10;
RBFJ AlphaPrime;2239;7,338;4,406;;;5;9;30,268;104,900;34;0;;33.2;8.78;0.97;7,165;0.28;22;11;4;9;5;7,930;11;;;;1.69;55%;;;;6;2,509;;42%;6;4,924;;11;7;6;01:24;3;;12.69;3.9;02:41;10.74;;10.74;21.48;7,744.26;13;;1;;2;3;;17 minutes;1;;02:45;;;;21;;1;
REC xD;3693;22,943;8,289;12;6;13;34;104,453;271,100;144;0;;41.59;9.82;3.46;6,627;0.38;69;18;3;613;299;41,684;41;;;;2.46;48%;;;;8;4,042;;60%;8;17,597;;22;7;15;02:25;;;8.08;0.86;02:17;11.84;;5.19;19.92;12,039.52;28;;2;4;2;9;2;45 minutes;3;1;07:54;00:45;42%;;53;;2;
Red Faze;0;362,925;9,897;265;12;34;731;1,508,369;4,419,700;1,829;1;;32.08;12.82;4.64;6,366;0.34;1,332;397;38;6,671;2,822;555,553;642;29;;6;3.14;42%;;;3;24;9,369;76;65%;24;20,129;;48;18;24;04:03;3;0.1;7.43;0.66;01:31;11.26;;6.96;23.36;9,744.78;424;16;54;49;47;150;19;12 hours;57;28;01:27:24;44:21;48%;4;54;3;26;
RedSlashMarley;0;2,991;2,991;2;2;4;4;11,217;49,900;19;0;;19;4;2;2,991;0.22;21;11;;25;8;4,385;9;;;;7;32%;;;;10;1,853;;32%;10;4,385;;21;11;9;01:36;;;3;1;01:36;9;;11;21;4,384.57;3;;1;1;1;3;;8 minutes;1;1;01:36;00:30;100%;3;19;
Reinforg;3957;685,524;10,717;924;21;50;2,209;3,493,334;7,906,900;2,769;1;2;26.77;21.36;8.93;6,629;0.44;3,296;1,230;136;23,039;10,526;1,605,595;1,582;108;3;15;4.97;45%;;;21;24;11,957;;66%;24;28,236;;61;28;33;04:40;5;0.14;6.41;1.31;01:28;15.29;;11.89;31.87;15,526.04;663;13;69;94;206;369;68;21 hours;103;60;02:31:57;06:44:11;57%;5;50;6;37;
Repure;4210;398,512;10,438;461;18;38;999;1,776,867;4,871,200;2,279;1;3;38.97;17.08;7.88;6,815;0.36;1,759;657;76;7,755;3,715;783,073;832;51;;17;3.1;47%;;;13;19;10,867;;83%;19;27,151;;55;23;31;03:08;5;0.29;9.69;1.29;01:27;14.22;;11.23;30.08;13,391.12;567;12;55;56;66;177;31;13 hours;58;22;01:25:15;02:25:28;37%;5;64;6;30;
rG WH1TE WINDU;3353;1,950;1,586;;;;;5,470;38,100;12;0;;21.97;1.83;;3,571;0.14;5;;;51;18;2,527;3;;;;0.83;35%;;;;3;694;;62%;3;1,890;;4;;3;00:25;;;10.98;;01:08;5.49;;1.83;9.15;4,628.58;6;;1;1;1;2;;6 minutes;1;;00:37;;;;10;;1;
RIP Wolfy;0;13,320;9,560;11;10;39;46;63,870;138,500;55;1;;41.5;34.71;8.3;10,052;0.46;60;14;5;200;116;23,228;40;;;;3.52;57%;;;;20;4,423;;75%;20;16,333;;52;12;35;02:44;4;;12.82;3.77;02:57;30.18;;10.56;45.27;17,528.58;17;;1;1;3;4;;23 minutes;1;;03:55;08:11;;;43;;1;
Rodney2210;3000;22,419;3,756;19;4;11;34;92,951;386,200;127;0;2;21.83;5.84;3.26;3,855;0.24;109;41;6;491;174;45,626;50;;;5;2.59;35%;;;4;14;3,551;;39%;14;9,082;;23;8;12;02:05;2;0.85;7.22;1.03;01:17;8.59;;7.04;18.74;7,844.69;42;;3;5;7;16;2;1 hour;6;2;07:29;08:31;42%;4;25;1;2;
s2k l Barbie l;0;6,063;4,036;8;8;12;12;31,465;82,800;36;1;;36.9;12.3;8.2;6,215;0.38;25;13;2;178;90;14,994;16;;;;5;50%;;;;14;7,343;;50%;14;12,256;;24;13;15;01:57;2;;5.12;2.05;02:00;16.4;;13.32;25.62;15,369.94;5;;0;2;1;4;;13 minutes;1;0;01:57;04:43;15%;;27;;1;
Sakaine08;2843;25,173;4,545;15;5;8;31;97,320;469,500;162;0;;26.6;5.09;2.46;4,134;0.2;94;31;6;181;67;36,562;48;2;;;1.46;37%;;;6;9;3,432;;66%;9;8,134;;24;8;12;02:41;2;;10.51;0.98;01:38;7.88;;5.09;15.43;6,004.99;64;;4;2;4;9;;1 hour;6;4;09:58;00:30;61%;3;40;0;2;
Sakori;2782;35,085;9,491;35;11;31;121;166,461;341,800;168;1;;31.71;22.84;6.6;6,623;0.48;164;87;12;461;234;59,114;75;3;;2;5.29;50%;;;11;20;5,780;;64%;20;19,090;;46;26;18;02:20;4;0.37;5.85;2.26;01:46;14.15;;16.42;30.95;11,159.01;31;;5;3;12;20;5;56 minutes;5;4;09:23;18:26;81%;3;51;;1;
Scuffs;4060;748,179;15,256;759;20;56;2,393;3,705,228;7,927,000;4,426;1;2;42.45;22.95;7.28;7,177;0.46;3,207;1,332;185;16,694;8,197;1,429,998;1,241;92;2;23;4.27;49%;;2;36;24;11,891;;72%;24;25,494;;60;28;32;04:08;7;0.22;7.2;1.77;01:11;11.9;;12.77;30.76;13,717.39;751;22;75;120;133;328;69;22 hours;104;64;02:04:01;05:12:43;61%;5;94;5;35;
Semitaur;3703;2,785,195;16,149;2,788;22;50;8,490;12,986,162;31,711,800;14,146;1;2;34.89;20.94;6.87;6,870;0.4;12,499;4,839;569;47,092;23,341;5,503,041;5,544;333;3;89;3.92;49%;;;74;26;9,605;;100%;26;34,281;;69;29;39;05:30;7;0.21;7.85;1.4;01:27;13.67;;11.93;30.83;13,574.25;3,185;77;310;439;478;1,228;228;88 hours;405;241;09:51:24;19:46:19;59%;6;68;14;150;
Shade Prophet;;301,708;10,787;300;17;43;837;1,394,756;3,412,700;1,565;1;;33.29;17.8;6.38;6,419;0.4;1,241;459;46;4,536;2,049;508,322;614;36;2;5;3.14;45%;;;7;21;7,572;;65%;21;19,628;;52;19;33;04:25;5;0.1;8.38;0.97;01:54;13.06;;9.76;26.4;10,815.34;394;5;37;58;67;162;30;9 hours;47;30;01:29:18;02:12:37;63%;5;56;1;16;
ShadowBandane;2973;68,456;11,535;66;16;45;158;304,901;980,800;378;0;;37.15;15.53;6.48;6,729;0.31;322;121;18;1,085;568;143,064;153;7;;2;3.22;52%;;;10;16;5,542;;66%;16;23,576;;65;17;42;04:51;6;0.19;9.82;1.76;02:02;15.03;;11.89;31.65;14,062.27;100;6;9;9;9;27;6;2 hours;10;4;20:50;34:40;40%;3;55;2;4;
SharkBaitWuHaHa;3071;214,503;13,043;270;16;43;685;958,542;2,662,700;1,121;1;2;31.44;19.21;7.57;6,016;0.35;1,204;485;90;1,678;875;437,034;542;26;;4;5.23;52%;;;29;33;11,625;;69%;33;24,291;;59;26;37;02:57;8;0.11;6.45;2.52;01:39;15.2;;13.6;33.76;12,257.81;230;4;27;43;49;119;27;7 hours;36;23;59:00;02:04:27;64%;5;60;2;11;
Shel633;0;24,196;4,870;15;4;21;65;118,800;280,500;135;1;;22.72;10.94;2.52;4,074;0.42;102;50;6;603;216;27,808;50;;;3;4.08;35%;;;;17;3,929;;53%;17;6,296;;30;14;18;02:10;2;0.5;4.2;1.01;00:56;8.41;;8.41;17.17;4,681.61;25;;4;6;6;16;4;46 minutes;6;6;05:38;04:06;95%;;34;;0;
Shmedium Undies;3982;216,838;10,709;233;12;48;671;1,013,907;2,418,500;1,278;1;;40.14;21.07;7.31;6,811;0.41;974;362;36;3,705;1,703;455,310;421;28;;;3.95;45%;;;;24;10,002;;67%;24;22,205;;58;23;34;03:11;3;0.03;7.72;1.13;01:13;13.22;;11.37;30.59;14,301.73;246;4;22;28;57;107;23;6 hours;32;15;39:06;01:31:14;47%;5;58;;17;
Sinature;0;447,556;11,454;434;14;39;1,174;2,141,079;5,281,300;2,718;1;;42.29;18.27;6.75;6,965;0.4;1,911;625;91;9,424;4,949;774,724;902;42;4;;3.47;52%;;;11;22;9,892;;73%;22;23,923;;54;20;32;03:48;8;0.01;8.55;1.41;01:33;14.03;;9.72;29.74;12,056.88;550;10;51;79;59;189;39;14 hours;64;32;01:39:47;02:21:40;49%;5;76;6;27;
SirJamesParker;0;17,428;4,350;13;10;15;35;72,553;185,200;94;1;;35.32;13.15;4.88;6,549;0.39;51;22;;345;152;32,464;24;2;;;2.31;44%;;;;17;5,933;;62%;17;10,162;;23;8;10;01:00;;;8.26;0.37;01:12;9.01;;8.26;19.16;12,199.12;22;;1;2;6;9;;30 minutes;3;1;03:12;05:48;51%;5;25;;1;
Skittle Kitteh;0;141,117;8,867;156;18;29;321;667,564;1,740,800;873;1;3;41.84;15.38;7.47;6,764;0.38;563;185;17;3,672;1,492;259,368;234;21;;13;3.16;40%;;;2;19;6,758;;71%;19;16,695;;45;16;17;02:05;3;0.62;8.53;0.81;01:22;11.21;;8.86;26.98;12,432.49;178;6;16;20;14;50;9;4 hours;21;9;28:48;41:20;40%;4;58;2;10;
SlowWhelp151488;3909;481,239;13,138;472;19;46;1,366;2,204,070;5,705,800;2,832;1;2;38.83;18.73;6.47;6,599;0.38;2,204;882;107;8,899;3,459;899,878;923;45;;12;3.56;38%;;;6;20;9,022;;67%;20;26,241;;67;32;31;04:20;6;0.16;8.48;1.46;01:29;12.65;;12.09;30.22;12,340.16;619;22;62;75;102;239;39;15 hours;73;39;01:48:40;03:32:26;54%;5;77;3;31;
slysamm;2927;37,968;6,710;38;10;25;105;186,817;480,800;259;1;2;35.8;14.51;5.25;5,248;0.38;187;65;14;1,225;578;77,180;90;2;;4;4.56;47%;;;;17;6,155;;57%;17;14,531;;37;13;27;03:40;3;0.55;5.66;1.93;01:18;12.44;;8.98;25.84;10,668.69;41;;5;11;7;23;6;1 hour;7;3;09:27;17:32;43%;3;46;1;4;
SnarkyShark747;2399;1,921;1,921;;;2;2;6,650;38,100;13;0;;20.66;3.17;1.58;3,053;0.17;4;;;42;9;1,520;4;;;;0.66;21%;;;;4;824;;21%;4;1,520;;4;;4;00:28;;;9.53;;00:44;6.35;;1.58;6.35;2,416.3;6;;;1;;1;;6 minutes;1;;00:28;;;;13;;1;
SNC;2932;2,719;2,719;;;2;2;12,543;37,400;13;0;;37.87;5.82;2.91;7,923;0.33;13;2;;97;65;7,892;5;;;;4.33;67%;;;;8;4,015;;;8;7,892;;13;2;5;00:42;;;8.74;2.91;02:04;14.56;;5.82;37.87;22,993.1;3;;0;1;;1;;6 minutes;0;;00:42;00:19;;;13;0;0;
Spic3mast3r;2992;12,307;3,962;13;5;9;27;50,417;190,800;66;0;;20.14;8.24;3.96;3,757;0.26;75;22;3;347;146;24,243;27;2;;2;3.75;42%;;;5;14;2,559;;55%;14;6,857;;36;9;14;00:57;2;0.61;6.1;0.91;00:38;8.24;;6.71;22.89;7,400.18;20;;7;3;1;11;;31 minutes;3;2;02:06;02:46;72%;3;26;;1;
spirit murderer;3348;299,043;10,984;229;16;31;910;1,565,479;3,270,100;1,918;1;2;35.39;16.79;4.22;5,518;0.47;1,220;415;49;3,674;1,393;442,109;530;33;;10;5.72;37%;;;4;17;6,709;;62%;17;16,162;;39;16;24;03:18;4;0.18;3.93;0.9;01:11;9.77;;7.65;22.51;8,158.16;213;6;40;50;74;165;42;9 hours;54;43;01:04:50;01:29:19;79%;5;61;0;11;
SQ1B;0;615,525;9,113;531;14;32;1,311;2,596,882;9,408,000;2,926;1;;25.82;11.57;4.68;5,433;0.27;2,969;986;127;5,703;3,172;1,145,356;1,481;61;;4;2.55;55%;;;60;20;6,677;;100%;20;19,247;;53;17;32;03:23;5;0.03;10.27;1.12;01:44;13.07;;8.7;26.2;10,110.29;1,164;37;108;94;96;298;26;26 hours;113;49;03:17:07;02:40:04;43%;5;45;3;61;
STICKYFING8RS;3045;1,405,323;10,741;1,238;17;32;2,827;5,816,770;18,604,100;7,263;1;;30.41;11.84;5.18;5,886;0.31;5,532;1,869;268;18,880;9,157;2,386,804;2,289;123;2;14;2.08;48%;;;86;24;7,253;;100%;24;21,606;;55;18;29;04:31;7;0.05;11.1;1.12;01:26;9.58;;7.82;23.16;9,996.58;2,651;36;238;220;178;637;62;51 hours;239;110;05:45:51;04:25:11;45%;6;64;9;120;
SupaNoobGuy;4415;740,402;11,241;993;21;59;2,549;3,503,364;8,918,000;3,513;1;;32.66;23.7;9.23;6,885;0.39;4,013;1,732;249;16,950;8,324;1,730,375;1,487;114;3;9;4.12;49%;;;42;28;9,152;;80%;28;28,925;;85;43;44;02:59;8;0.08;9.05;2.31;01:07;13.82;;16.1;37.31;16,089.8;974;25;53;88;194;335;70;24 hours;108;63;02:00:40;08:04:32;58%;5;69;5;40;
SWIFT JUSTlCE;3055;1,413;1,413;2;2;;;6,582;28,900;5;0;;13.48;;5.39;3,812;0.22;3;;;33;20;3,525;;;;;0.6;60%;;;;2;1,524;;;2;3,321;;3;;;00:13;;;13.48;;00:57;;;;8.09;9,510.71;5;;1;1;0;2;;4 minutes;0;0;00:21;;9%;;5;;0;
Tensa;0;2,725,974;17,304;2,883;21;68;8,379;12,996,311;29,998,700;12,723;1;3;34.08;22.44;7.72;7,303;0.43;11,748;4,272;401;64,803;30,777;5,338,206;5,083;333;8;58;3.64;47%;;2;68;27;11,835;;93%;27;28,962;;73;34;35;04:34;6;0.15;8.63;1.07;01:36;13.61;;11.44;31.47;14,301.06;3,223;78;280;408;564;1,252;218;83 hours;373;202;09:58:28;19:57:27;54%;6;78;18;153;
Th3 B1ack On3;3000;16,628;8,256;7;4;28;37;81,179;168,700;67;1;;31;17.12;3.23;7,694;0.48;48;18;2;456;243;30,551;16;;;;2.4;53%;;;;11;4,983;;57%;11;16,130;;31;13;8;02:04;;0.46;9.25;0.92;01:48;7.4;;8.32;22.21;14,136.46;20;;4;1;1;7;2;28 minutes;2;1;03:55;00:40;46%;3;33;;1;
thats my sock;3409;1,143,071;10,630;1,140;15;34;2,697;5,239,793;15,412,000;5,602;1;3;29.74;14.32;6.05;6,070;0.33;4,966;1,448;149;34,872;16,077;2,318,000;2,287;117;6;32;3.35;46%;;4;39;27;14,534;;70%;27;24,076;;50;24;27;05:18;3;0.16;7.87;0.79;01:36;12.14;;7.68;26.37;12,309.54;1,482;38;198;207;173;578;54;42 hours;188;96;05:04:22;04:43:44;51%;5;52;10;82;
The Gooner 90;3747;18,449;7,663;19;7;19;49;85,067;240,700;122;0;;37.45;15.04;5.83;5,664;0.35;88;26;;366;163;29,060;30;5;;;4;44%;;;2;9;4,481;;61%;9;9,895;;29;8;12;01:19;;;6.75;;00:44;9.21;;7.98;27.01;8,921.47;22;;3;3;;5;3;40 minutes;3;3;02:24;03:10;100%;5;44;
The Jeff Janis;3214;9,612;3,485;8;5;11;18;41,244;137,200;52;0;;28.33;9.8;4.35;5,238;0.3;34;9;;110;61;12,342;17;;;;1.7;55%;;;;7;2,048;;61%;7;4,221;;14;4;8;01:06;;;10.89;;01:18;9.26;;4.9;18.52;6,725.22;20;2;0;2;1;3;;22 minutes;2;;02:24;01:00;;5;22;;2;
The Shad0w Wolf;0;1,957;1,957;;;;;7,666;36,700;13;0;;21.51;1.65;1.65;3,239;0.2;7;2;;140;48;2,676;5;;;;;34%;;;;7;2,676;;;7;2,676;;7;2;5;01:47;;;;;02:58;8.27;;3.31;11.58;4,429.87;;;1;;1;2;;6 minutes;1;1;01:47;;100%;;13;
TheLawCXVII;2761;6,615;6,029;4;4;10;10;27,378;108,500;32;0;;28.99;9.06;3.62;5,994;0.25;23;8;;34;15;10,633;14;2;;;1.64;44%;;;3;7;2,311;;45%;7;9,287;;23;8;14;01:13;;;12.68;0.9;01:07;12.68;;7.24;20.83;9,634.48;14;;1;0;;1;;18 minutes;1;0;01:14;00:52;9%;3;29;;1;
thirtythree au;3150;;;;;;;;200;;;;;;;;;;;;;;;;;;;;;;;;;;;;;;;;;;;;;;;;;;;;;;;0;;0;0;;1.4691510004922748 seconds;0;0;;;100%;
ThudTheStud;2583;3,408;3,408;2;2;14;14;18,940;37,000;21;1;;49.32;32.88;4.69;8,006;0.51;21;11;2;46;25;6,727;8;;;;21;54%;;;;16;4,409;;54%;16;6,727;;21;11;8;02:25;2;;2.34;4.69;05:40;18.79;;25.83;49.32;15,800.56;;;;2;;2;;6 minutes;0;0;02:25;03:16;100%;;21;;0;
Toxic Depth;2612;6,662;3,934;9;7;7;13;31,464;85,500;39;0;;39.56;13.18;9.12;6,758;0.36;39;22;7;117;64;16,298;21;;;;9.75;54%;;;;21;6,128;;58%;21;9,387;;21;11;11;02:22;4;;4.05;7.1;03:06;21.3;;22.31;39.56;16,532.42;4;;;1;2;3;2;14 minutes;1;0;03:04;06:25;44%;3;18;;1;
Trash Like Me;2373;855,544;12,911;732;18;41;2,114;4,119,759;10,561,800;5,951;1;3;43.36;15.4;5.33;6,234;0.39;3,415;1,295;200;23,910;8,358;1,394,040;1,750;53;5;35;3.08;34%;;3;105;25;9,521;22;75%;25;20,962;;60;23;37;05:02;6;0.25;8.06;1.45;01:36;12.75;;9.43;24.88;10,158.47;1,107;24;120;137;121;378;108;29 hours;137;64;03:41:17;05:59:50;46%;5;80;4;69;
Truck555;3000;466,083;11,282;333;18;43;1,116;2,126,956;5,787,200;2,799;1;;38.38;15.3;4.56;6,392;0.36;1,849;640;80;5,982;2,821;771,198;941;29;2;11;2.49;47%;;;35;29;8,343;;80%;29;23,179;;49;19;33;06:17;4;0.15;10.14;1.09;01:42;12.9;;8.77;25.35;10,576;740;20;58;77;72;208;41;16 hours;73;28;02:04:45;02:23:33;37%;4;69;4;42;
TzTM;3974;3,245,649;11,583;3,135;16;39;7,067;14,034,375;45,526,700;16,971;1;;30.08;12.52;5.55;5,754;0.3;13,272;4,054;387;57,813;27,498;5,363,186;7,212;307;8;15;2.45;47%;;;86;24;7,920;82;100%;24;22,584;;58;21;33;11:12;5;0.02;9.6;0.68;02:07;12.78;;7.18;23.53;9,508.64;5,417;118;433;435;518;1,385;163;126 hours;564;298;19:58:09;14:58:18;52%;5;61;27;239;
UncleFuncleJoey;4214;226,150;11,076;181;12;32;575;987,045;2,568,800;1,177;1;2;35.86;17.51;5.51;6,891;0.38;950;355;40;6,351;2,754;447,971;359;22;3;16;3.58;43%;;;;21;7,876;;59%;21;21,246;;52;20;24;01:52;4;0.48;8.07;1.21;01:09;10.93;;10.81;28.94;13,649.12;265;8;37;32;31;101;19;7 hours;33;19;38:10;01:10:09;58%;4;53;0;13;
Vault DwelIer;2895;1,675;1,675;;;2;2;7,193;18,100;8;0;;23.46;5.86;2.93;4,913;0.39;3;;;30;9;2,475;2;;;;;30%;;;;2;1,526;;30%;2;2,475;;3;;2;00:43;;;8.79;;02:08;5.86;;2.93;8.79;7,257.29;3;;1;;;1;;3 minutes;0;;00:43;;;;8;;0;
Verity;3388;939,400;14,172;940;21;61;2,911;4,393,887;9,854,700;5,334;1;3;42.42;23.15;7.47;7,471;0.44;4,197;1,854;286;26,256;11,624;1,924,528;1,755;105;7;49;4.99;44%;;3;79;26;17,161;;88%;26;30,649;;65;34;36;03:35;11;0.38;6.68;2.27;01:20;13.95;;14.74;33.37;15,305.69;840;30;79;118;231;429;113;27 hours;126;69;02:48:02;07:20:14;55%;5;71;8;49;
Veruc;3713;374,773;10,880;448;15;47;1,479;1,901,045;4,488,100;2,409;1;;35.05;21.52;6.51;5,454;0.42;2,213;982;145;6,425;3,221;775,411;1,020;60;;6;6.89;50%;;;;25;9,870;;76%;25;20,830;;60;26;45;04:02;9;0.08;4.67;2.11;01:27;14.84;;14.29;32.2;11,283.99;321;16;49;67;114;229;57;12 hours;69;62;01:40:38;04:10:46;90%;5;63;;6;
Vexualy;4027;946,129;10,747;1,058;20;50;2,653;4,329,048;11,832,200;4,758;1;;32.17;17.93;7.15;6,397;0.36;4,678;1,720;201;21,244;10,817;1,887,124;2,005;124;;6;4.09;50%;;;21;24;9,898;;90%;24;25,186;;59;29;32;03:32;5;0.04;7.72;1.35;01:32;13.55;;11.62;31.62;12,759.4;1,142;16;108;155;189;452;68;32 hours;148;89;03:48:08;06:12:42;59%;5;58;8;51;
vKure;4326;787,119;14,223;668;23;53;2,266;3,563,802;8,973,300;3,647;1;;34.68;21.54;6.35;7,485;0.39;3,370;1,396;171;11,920;5,153;1,225,182;1,409;92;2;14;3.24;43%;;2;24;26;7,473;;70%;26;23,902;;79;35;56;04:51;5;0.13;9.86;1.62;01:46;13.39;;13.27;32.04;11,651.21;1,037;33;102;95;134;331;53;24 hours;105;60;03:07:19;05:12:51;57%;6;68;4;41;
VW GTI G0DSP33D;3574;3,616;3,122;5;5;2;2;12,900;78,900;21;0;;21.36;2.03;5.08;3,679;0.16;14;4;3;10;;5,456;7;;;;1.55;;;;;6;1,708;;;6;5,003;;14;4;7;00:37;3;;9.15;3.05;00:38;7.12;;4.06;14.24;5,549.7;9;;1;1;0;2;;13 minutes;1;1;00:37;00:07;100%;;18;
Wavy as;3000;383,179;12,400;324;15;40;993;1,789,345;4,794,900;1,909;1;;29.79;15.49;5.05;5,981;0.37;1,553;538;65;9,839;4,507;742,983;628;30;;3;2.87;45%;;;9;26;10,248;;73%;26;24,864;;57;19;34;02:44;4;0.04;8.44;1.01;01:07;9.8;;8.39;24.23;11,596.69;541;11;48;65;73;186;27;13 hours;64;26;01:11:33;01:46:20;41%;5;54;4;33;
Weed iHunt;0;50,986;9,748;31;8;22;98;219,245;676,800;309;1;;40.01;12.68;4.01;6,602;0.32;206;66;7;1,442;653;88,890;85;4;;;2.86;45%;;;;10;3,741;;69%;10;16,140;;27;14;12;01:49;2;;9.32;0.9;01:09;11;;8.54;26.67;11,509.79;72;2;8;12;5;25;2;1 hour;8;2;09:00;07:35;26%;3;47;0;6;
WELSHMANIA;4025;2,169,480;15,229;2,476;24;52;6,925;10,506,753;23,582,900;12,173;1;2;40.39;22.97;8.21;7,199;0.44;9,938;3,759;475;41,247;21,421;4,464,436;4,135;318;4;69;4.15;51%;;2;37;28;12,141;;100%;28;35,502;;71;36;39;04:45;8;0.22;7.93;1.57;01:28;13.72;;12.47;32.97;14,814.65;2,392;55;234;357;421;1,011;233;65 hours;301;197;07:26:38;17:59:23;65%;5;83;15;89;
Westside Ryderz;3000;94,127;7,498;77;12;21;181;430,236;1,381,900;641;1;;38.7;10.92;4.64;5,684;0.31;376;77;8;3,082;1,364;153,128;199;7;;2;2.52;44%;;;2;15;5,218;;70%;15;10,811;;36;8;20;03:05;;0.12;8.99;0.48;02:07;12.01;;4.64;22.7;9,246.59;149;;15;10;7;33;3;3 hours;17;9;35:18;18:12;54%;4;50;1;7;
Whos Riven;3371;22,858;3,628;32;7;8;35;86,715;442,300;124;1;;23.22;6.55;5.99;4,280;0.19;117;39;7;454;199;47,419;39;4;;;1.85;43%;;;;11;3,229;;57%;11;7,420;;18;10;8;01:21;4;;11.79;1.31;00:57;7.3;;7.3;21.9;8,879.94;63;3;6;5;5;17;;1 hour;5;2;05:09;05:46;32%;3;19;1;3;
Wonderbread06;2708;46,432;6,621;31;7;18;94;210,506;627,300;293;0;;31.11;9.98;3.29;4,931;0.33;195;56;4;783;346;71,415;83;2;;;3.04;44%;;;;15;6,273;;54%;15;10,243;;39;15;20;02:26;;;6.79;0.42;01:09;8.81;;5.94;20.71;7,584.73;64;;9;14;4;27;7;1 hour;9;7;10:55;07:35;72%;5;45;1;2;
WSXRQ;3188;51,433;7,095;58;9;16;90;212,875;766,700;281;1;;27.08;8.67;5.59;4,957;0.27;231;64;2;1,784;787;89,550;96;6;;;2.96;44%;;;3;16;4,489;;72%;16;15,953;;35;8;25;02:01;;;7.51;0.19;01:24;9.25;;6.16;22.26;8,630.95;78;;9;8;7;24;;2 hours;10;6;14:35;06:46;56%;4;31;1;3;
Wxnderful;0;17,469;4,461;19;5;18;42;80,193;192,800;91;1;;33.87;15.63;7.07;6,504;0.41;76;26;4;310;139;36,399;38;3;;;3.8;44%;;;;15;4,829;;57%;15;7,484;;27;10;14;02:00;3;0.37;7.44;1.48;01:40;14.14;;9.67;28.29;13,551.28;20;;3;3;5;11;2;32 minutes;3;2;04:30;07:42;69%;4;24;;1;
xEpk;0;12,179;7,093;9;5;15;35;60,478;162,200;57;0;;27.8;17.07;4.39;5,941;0.37;86;37;5;238;144;25,847;39;;;;14.33;60%;;;;26;7,561;;58%;26;13,115;;47;18;22;02:04;2;0.48;2.92;2.43;02:41;19.02;;18.04;41.95;12,609.23;6;;0;1;6;7;2;27 minutes;2;1;05:32;04:14;72%;4;34;;1;
xHAZ4RDZx;3383;95,531;6,521;82;12;22;215;396,603;1,264,900;620;1;;40.75;14.13;5.39;6,280;0.31;405;133;14;1,698;848;155,524;245;7;;;2.31;49%;;;5;19;5,480;;62%;19;12,090;;41;16;33;02:50;2;0.06;11.5;0.92;02:14;16.1;;8.74;26.62;10,223.53;175;4;15;15;12;43;5;3 hours;15;6;34:12;44:30;39%;4;56;0;9;
xPMoney7;2746;162,231;7,923;91;8;32;369;711,355;2,230,800;1,051;1;;37.42;13.13;3.24;5,777;0.31;699;255;51;1,886;777;246,452;343;5;;2;2.59;41%;;;22;18;4,331;;100%;18;11,670;;44;16;19;02:21;5;0.07;9.57;1.81;01:27;12.21;;9.08;24.89;8,776.03;269;5;29;22;13;64;6;6 hours;28;9;40:51;54:27;33%;3;48;1;17;
Xvanthious;2465;16,555;5,959;11;6;15;28;59,623;280,300;91;0;;22.18;6.82;2.68;4,035;0.21;70;16;;631;210;24,885;45;2;;;1.62;33%;;;2;11;2,536;;36%;11;10,543;;40;10;30;03:12;;;10.48;0.24;01:34;10.96;;3.89;17.06;6,065.37;43;;1;4;3;8;;46 minutes;4;1;06:28;01:49;24%;3;41;;3;
xXDrosxo13Xx;3042;915,986;14,206;846;24;52;2,192;4,176,898;10,774,100;4,994;1;;36.52;16.03;6.18;6,700;0.38;3,602;1,193;136;15,694;7,547;1,583,394;1,727;95;2;14;2.92;48%;;;35;29;8,588;;100%;29;28,804;;79;21;55;06:02;5;0.1;9.01;0.99;01:37;12.63;;8.72;26.34;11,580.91;1,232;16;128;145;109;383;70;29 hours;137;61;03:42:21;04:36:33;44%;5;79;7;68;
XxScourgexX1;2567;2,691;1,783;2;;4;8;13,250;41,200;17;0;;28.97;13.63;3.4;4,587;0.32;15;8;2;7;4;5,285;6;;;;5;57%;;;;5;2,630;;;5;4,047;;8;4;5;00:06;2;;5.11;3.4;00:13;10.22;;13.63;25.56;9,007.81;3;;1;1;;2;;6 minutes;1;1;00:07;;100%;;12;
XxThaigaxX;2414;3,292;1,919;3;2;3;4;13,424;80,800;16;0;;13.86;3.46;2.59;2,853;0.16;25;6;;148;43;5,948;14;;;;4.16;29%;;;;6;1,991;;38%;6;3,822;;20;5;12;01:50;;;5.19;;01:59;12.13;;5.19;21.66;5,155.12;6;;1;2;1;4;;13 minutes;1;1;02:17;00:20;50%;;10;;1;
XxTORBJORNxX;1223;1,412;823;;;;;4,109;56,600;13;0;;13.19;1.01;;1,433;0.07;4;;;11;3;2,324;2;;;;0.4;27%;;;;3;444;;;3;1,182;;3;;2;00:15;;;10.14;;00:21;2.02;;1.01;4.05;2,358.37;10;;1;0;0;2;;9 minutes;1;;00:21;;;;7;;1;
yoyohurricanes;4167;83,917;7,023;99;12;30;242;385,862;1,210,200;356;1;;22.19;15.08;6.17;5,232;0.31;450;158;15;1,781;854;176,800;196;8;;;3.87;47%;;;;18;6,398;;80%;18;18,131;;44;18;20;03:25;3;0.06;7.23;0.93;01:24;12.22;;9.85;28.05;11,023.69;116;6;12;15;13;40;6;3 hours;16;8;22:37;28:08;49%;5;36;1;7;
ySaiL;0;53,071;7,813;67;9;23;141;229,939;878,900;300;0;;23.68;11.13;5.28;4,189;0.26;350;145;25;1,053;383;107,134;123;5;;;3.24;36%;;;4;19;5,356;;76%;19;9,788;;34;18;15;02:18;5;0.07;8.52;1.97;01:18;9.7;;11.44;27.62;8,456.76;108;;15;12;9;36;4;2 hours;13;8;16:37;35:53;65%;3;37;;4;
ZanderzHD;0;140,854;11,831;172;17;34;339;666,344;1,597,300;1,022;1;;48.13;15.96;8.1;6,635;0.41;557;139;6;2,417;1,013;221,036;334;27;;;4;41%;;;2;16;6,946;;55%;16;22,405;;47;13;40;03:32;;;6.54;0.28;01:57;15.73;;6.54;26.23;10,411.6;139;4;18;16;32;66;18;4 hours;21;17;41:29;41:14;80%;5;72;1;3;
zRiiCHiiEz;2365;9,236;5,449;8;6;9;12;27,549;131,300;31;0;;23.64;9.15;6.1;7,044;0.2;49;18;;52;29;15,443;21;;;;2.72;55%;;;;16;4,929;;63%;16;11,699;;37;12;14;02:27;;;13.72;0.76;02:42;16.01;;13.72;37.37;11,778.76;18;;1;2;1;3;;21 minutes;1;;03:32;06:38;;5;18;1;1;
